394.000	60.000	20.000	47.000
393.436	58.723	19.542	49.144
391.572	59.852	20.297	47.350
391.105	59.853	19.820	46.859
390.461	58.974	19.700	47.348
390.088	58.328	20.166	47.326
389.145	57.948	20.680	48.510
388.515	57.680	20.626	49.279
388.176	58.338	20.961	49.091
387.889	58.478	20.513	48.533
387.486	58.544	20.527	47.669
387.418	58.255	20.694	46.908
387.069	58.032	20.884	47.747
386.856	57.861	20.001	48.466
386.165	57.561	20.286	48.678
385.768	58.043	19.833	48.663
384.515	58.404	20.045	47.918
382.812	58.014	20.285	47.830
381.507	57.380	20.735	47.902
380.611	57.487	21.171	48.252
380.246	57.617	21.015	49.450
379.303	57.271	21.395	49.101
379.101	58.218	21.587	48.616
378.529	58.702	21.761	47.319
377.642	58.959	22.141	46.599
377.310	58.043	21.351	47.691
377.147	57.544	21.007	47.799
376.475	57.788	21.246	47.055
375.930	57.612	20.989	47.753
374.500	57.808	21.298	47.854
373.420	57.796	20.441	47.985
369.622	57.536	20.906	46.690
367.757	57.824	20.657	46.053
367.841	57.801	19.264	45.802
366.455	57.586	19.751	46.559
366.091	57.252	18.723	46.887
364.586	57.269	19.621	45.145
363.964	56.803	19.343	46.450
363.669	56.608	19.026	46.451
362.602	57.280	19.076	46.697
361.619	57.831	19.085	46.080
360.117	57.803	19.761	45.555
358.672	57.141	19.532	46.097
357.165	57.444	19.730	47.186
355.862	57.318	19.835	48.197
355.069	57.221	19.707	47.132
353.968	57.432	20.101	46.381
354.015	57.569	19.574	44.891
354.054	57.525	18.806	44.813
352.818	57.160	18.674	44.793
351.994	56.729	18.334	45.159
351.705	56.478	17.950	45.533
350.119	56.870	18.608	45.347
348.879	57.487	18.579	44.962
346.821	56.860	19.196	45.725
344.843	56.385	20.068	46.158
344.590	56.236	19.270	46.370
344.406	56.285	18.646	47.031
343.993	56.333	18.798	47.001
343.406	56.317	19.243	45.908
343.096	56.444	18.819	45.565
342.959	56.623	18.324	44.616
342.842	57.484	18.549	43.446
342.483	57.010	18.429	43.710
342.415	56.599	18.504	43.983
341.453	56.119	18.690	44.659
338.922	56.316	19.242	44.695
339.968	56.081	18.033	45.339
338.390	56.753	18.434	44.835
336.843	56.761	19.148	45.414
335.829	56.067	19.455	47.182
335.541	55.930	19.193	47.101
335.116	55.963	19.206	46.118
335.239	56.167	18.567	46.170
334.672	56.370	19.350	45.904
334.021	56.237	19.408	45.360
333.801	56.494	19.051	44.720
334.065	56.595	18.697	45.279
333.840	56.534	18.663	44.806
333.512	56.595	18.618	44.846
333.408	56.410	18.307	44.970
332.824	56.163	19.111	43.740
332.888	55.702	18.627	44.856
333.084	56.142	18.046	45.359
332.753	55.807	17.974	45.450
331.705	55.823	18.603	44.943
331.152	56.209	18.502	44.133
330.356	55.945	18.527	44.025
329.110	56.036	18.623	45.411
327.879	56.144	19.254	45.938
325.748	55.707	19.298	45.364
324.443	55.418	18.771	45.698
324.449	55.418	17.448	44.441
323.271	55.782	17.163	44.177
321.542	55.837	17.575	43.904
320.252	55.203	17.650	43.180
319.241	55.290	17.654	44.392
318.363	55.585	17.669	44.343
317.319	55.660	17.939	44.040
316.413	55.521	17.903	44.258
315.525	55.134	18.266	45.009
313.994	55.947	18.661	44.850
313.418	55.014	17.864	45.671
313.522	54.780	17.278	46.094
312.800	54.698	17.225	45.170
312.061	55.344	17.536	44.630
311.470	55.318	18.341	44.480
311.842	55.409	18.271	45.027
310.744	54.994	18.633	44.088
311.030	54.563	18.855	44.326
312.043	54.843	18.325	43.944
313.103	55.571	17.724	43.527
313.139	55.975	18.294	43.853
313.019	55.820	18.453	42.528
313.044	55.708	18.886	43.683
314.250	55.724	18.689	43.852
314.945	56.066	18.821	43.772
315.070	55.950	18.657	42.870
315.372	56.103	19.921	42.942
315.983	56.602	20.164	43.307
316.462	57.240	19.944	43.061
316.696	57.081	18.920	43.055
316.553	57.121	18.502	41.682
317.361	56.769	18.881	42.836
317.200	56.518	19.153	43.183
317.929	56.620	18.887	42.926
318.100	56.753	18.947	42.731
317.990	57.085	19.133	42.221
318.267	56.732	19.609	42.747
318.956	56.830	19.912	42.834
319.658	57.577	19.345	43.330
320.925	57.777	19.183	42.379
321.403	57.385	19.109	42.902
321.389	56.680	19.290	43.350
321.819	56.439	19.413	43.440
322.013	56.513	20.040	44.126
321.860	56.637	19.609	45.591
321.683	56.908	19.482	43.623
321.857	57.196	19.224	43.764
321.814	57.290	19.102	43.523
321.731	56.666	19.647	44.540
321.916	56.600	19.436	43.565
322.637	56.315	19.170	43.738
322.888	56.395	19.522	45.600
323.599	57.615	19.305	43.508
324.688	57.951	19.655	43.362
324.895	57.437	18.909	44.324
325.154	57.010	18.435	44.163
325.528	56.687	19.088	44.535
325.415	56.865	19.115	44.617
325.650	56.844	18.757	45.632
326.245	57.487	18.725	45.318
326.288	57.113	17.969	45.720
326.122	57.702	18.606	44.428
325.814	58.110	19.032	44.543
326.166	57.928	18.915	44.424
326.497	57.722	18.631	44.405
326.547	57.442	19.195	45.041
326.768	57.270	18.670	45.192
327.088	57.657	20.124	45.426
327.995	58.495	19.496	44.348
328.603	58.595	19.084	44.683
328.674	57.834	19.853	45.417
329.448	57.475	19.963	45.224
328.766	57.509	20.198	45.575
329.692	57.827	20.939	45.189
329.287	58.190	20.438	45.022
329.739	57.898	20.220	45.611
329.390	58.659	19.185	45.001
329.480	59.441	20.159	43.899
329.596	59.294	19.732	44.647
329.822	58.655	19.701	44.979
330.300	58.187	19.267	45.397
330.310	57.684	19.667	45.470
330.948	58.252	20.252	46.020
331.317	58.975	20.577	45.462
331.466	59.539	21.149	44.750
331.769	59.873	21.036	44.331
332.372	58.720	20.865	45.157
332.416	58.773	21.540	45.203
332.866	58.950	21.438	45.715
333.240	58.636	21.299	45.805
333.966	58.886	21.156	45.513
334.091	59.055	21.222	45.298
334.071	59.160	21.484	45.320
334.678	59.737	20.937	45.415
334.861	60.113	20.975	45.450
334.675	60.169	21.260	45.901
334.934	59.302	21.259	46.030
335.441	58.740	21.022	46.701
334.943	58.995	21.962	46.133
336.041	59.234	21.648	46.632
336.642	60.064	21.124	45.976
337.283	60.418	20.783	46.248
338.039	60.304	20.443	45.919
338.809	60.246	20.459	45.718
338.580	60.068	21.030	46.470
339.165	59.642	21.255	46.086
339.565	59.839	21.192	45.815
339.892	60.039	20.801	45.891
340.015	59.529	21.081	46.965
340.443	60.093	19.872	46.643
340.442	60.569	20.581	46.441
341.212	60.641	20.450	47.046
340.701	60.808	20.594	46.346
340.384	60.204	21.170	46.588
340.382	59.999	20.766	46.104
341.138	60.086	20.694	46.622
342.076	59.935	20.177	47.888
341.866	60.935	20.129	47.062
342.163	61.352	20.216	45.984
342.809	61.172	19.636	46.561
343.543	61.043	19.457	46.775
343.522	60.968	20.362	46.972
344.355	60.701	19.789	46.931
344.575	60.480	20.197	46.820
344.737	61.399	20.764	46.526
344.544	61.667	20.720	45.880
344.229	61.632	21.615	46.335
343.910	62.140	22.097	46.487
344.356	62.582	21.262	46.242
344.226	62.336	20.791	46.254
344.441	61.345	20.825	47.181
344.147	61.129	21.145	47.325
344.961	60.651	20.526	47.978
345.062	61.329	19.989	48.257
345.531	62.265	20.514	47.717
346.741	62.355	19.733	47.729
346.341	62.461	20.092	47.385
347.029	62.658	20.191	47.230
347.101	62.615	20.684	47.564
347.468	62.205	20.469	47.770
348.130	61.948	20.161	47.765
348.410	62.113	20.724	47.906
348.512	62.060	20.598	48.290
348.434	62.092	20.774	48.614
349.114	62.682	19.917	48.500
348.778	62.944	20.444	48.507
348.356	62.944	20.614	48.030
349.034	62.527	20.294	48.119
348.699	63.105	20.595	47.899
349.070	62.961	21.253	48.790
350.150	64.425	21.384	49.998
350.055	65.397	22.165	50.595
350.121	65.602	22.314	51.159
350.492	66.398	22.121	50.175
350.722	67.060	22.539	49.630
350.948	68.369	22.343	51.297
351.981	69.208	21.208	49.206
350.892	70.692	22.994	48.580
350.867	71.141	22.636	48.624
351.871	71.098	22.007	49.657
352.973	71.359	21.681	50.773
352.534	72.803	23.015	50.946
353.695	74.850	22.269	49.551
353.509	75.371	22.449	52.646
353.369	76.049	22.263	52.070
354.036	77.196	21.347	51.571
354.563	77.480	21.506	51.944
354.050	78.051	22.268	50.894
354.035	78.032	23.187	51.394
354.232	78.864	23.355	51.578
355.422	80.096	22.513	52.371
354.383	83.262	24.082	53.660
356.219	85.598	22.770	50.280
355.521	85.845	21.956	51.175
356.798	85.539	20.847	51.150
357.215	85.983	21.584	52.200
357.475	86.780	21.147	53.044
358.237	88.660	22.076	50.301
357.929	91.081	22.953	50.946
358.351	92.872	22.891	50.231
357.484	93.408	22.984	49.840
357.552	93.509	22.435	49.832
358.090	93.120	23.163	51.884
358.744	94.028	21.975	54.612
359.381	95.463	21.661	50.924
358.490	97.139	23.193	53.063
358.732	99.650	23.574	51.548
358.472	100.545	23.307	51.789
357.607	101.123	23.322	51.074
357.441	101.852	21.262	52.411
356.752	100.967	23.350	51.859
355.404	100.726	22.052	54.287
354.408	101.906	22.892	57.980
352.829	104.416	22.344	54.063
351.812	107.054	23.742	51.221
348.338	108.687	24.039	52.778
348.019	109.589	26.710	50.413
344.357	109.047	25.466	52.753
339.517	111.948	26.972	50.288
337.825	111.249	26.506	51.487
334.227	111.365	28.254	51.537
332.348	110.253	28.513	52.748
326.695	109.879	26.637	56.201
323.435	112.247	25.913	55.293
319.773	112.298	25.264	52.476
315.248	112.375	27.204	53.177
309.321	110.252	27.344	54.122
303.212	111.332	25.161	52.932
298.813	112.277	24.189	54.237
293.135	113.326	23.160	55.026
290.315	113.449	24.542	54.429
285.656	112.690	23.374	50.907
279.820	115.929	22.311	49.174
273.434	114.434	23.098	50.772
268.902	114.005	24.641	49.978
264.194	111.527	24.906	52.472
255.799	114.620	23.893	52.267
250.021	114.623	23.812	60.620
245.663	115.043	22.173	57.079
231.276	63.906	23.608	36.740
235.565	57.018	18.379	37.926
