468.000	182.000	28.000	60.000
467.273	182.069	29.148	61.042
467.043	182.838	29.045	61.020
467.091	182.655	28.908	61.774
466.632	183.013	29.699	62.598
466.663	183.382	29.528	62.209
466.470	184.159	29.364	62.484
465.779	183.923	30.112	63.337
465.578	184.855	29.869	62.983
465.522	184.821	29.933	63.197
465.288	185.453	29.569	62.942
464.723	185.563	30.009	63.132
464.686	185.843	29.527	63.500
464.452	186.602	30.007	62.559
464.086	187.204	30.386	62.814
464.104	187.304	30.308	62.945
464.031	187.665	29.778	62.848
463.466	188.077	29.458	62.677
463.139	188.680	29.534	62.872
462.562	189.168	29.559	63.560
462.104	189.992	29.610	63.085
461.392	189.538	29.654	64.575
460.903	190.203	29.578	63.892
461.048	190.545	28.699	63.557
460.663	190.974	28.656	63.784
460.117	190.930	28.950	63.357
460.123	191.510	28.507	62.428
459.903	191.578	28.272	62.579
459.582	191.599	28.087	62.558
459.091	192.408	27.683	60.699
458.410	192.666	27.892	59.552
458.195	192.841	27.477	57.911
457.722	193.284	27.539	56.821
457.285	193.824	27.631	56.688
456.497	194.151	27.793	55.812
457.141	194.355	27.252	56.698
455.929	195.165	28.229	56.595
455.802	195.407	28.114	56.911
454.340	195.581	29.095	57.763
454.191	195.485	28.780	59.557
453.257	196.194	30.002	60.395
452.802	196.387	29.671	61.702
451.998	196.613	29.884	63.917
450.992	197.304	30.402	64.735
450.838	197.527	29.911	66.447
450.358	198.014	30.533	66.633
450.201	198.655	30.008	66.815
449.616	199.189	29.803	66.330
448.536	198.834	30.380	67.073
447.985	199.087	31.001	67.383
447.647	200.371	30.605	66.542
446.462	201.236	31.066	66.017
446.477	201.636	30.376	66.222
445.724	202.523	30.995	65.938
444.913	202.155	30.753	66.758
444.292	202.813	30.838	66.193
443.527	203.031	31.383	66.703
443.284	203.295	30.847	66.930
442.786	202.551	31.261	68.096
442.466	203.732	31.211	67.151
441.455	203.605	31.400	67.807
441.729	204.233	30.608	67.933
440.148	204.207	31.804	68.549
439.808	204.411	31.735	68.594
439.344	204.876	31.604	68.993
439.113	204.702	31.446	69.081
438.807	205.714	31.056	68.801
438.725	206.174	30.905	68.891
437.455	205.667	31.899	69.754
436.546	206.378	32.183	69.551
436.843	206.827	31.037	70.069
435.803	207.173	31.705	70.211
435.839	207.663	31.026	70.365
434.946	208.866	31.652	69.583
434.920	209.025	31.409	70.001
434.144	210.069	31.212	69.931
433.369	211.162	31.041	69.577
432.369	211.812	31.366	69.442
430.481	213.220	32.976	68.940
430.444	212.972	32.322	69.311
429.222	213.820	33.303	69.466
428.663	214.628	32.725	69.879
428.701	214.781	32.896	70.203
427.743	214.629	32.342	71.126
427.661	214.688	32.080	71.315
426.880	216.601	33.178	69.960
426.574	216.346	32.774	71.050
425.616	217.253	32.653	70.816
425.339	218.227	31.490	71.098
424.081	219.113	32.682	70.034
423.347	218.312	32.504	71.312
423.323	218.236	32.025	71.437
422.130	219.109	33.262	71.316
421.113	219.127	34.186	72.553
420.031	218.574	34.922	73.290
419.377	219.817	34.582	73.107
418.880	219.987	34.736	73.762
417.627	220.596	35.324	74.158
417.254	221.140	35.671	73.782
416.295	223.017	35.564	72.610
415.369	224.447	35.660	71.963
415.089	225.266	34.943	72.108
413.634	227.204	35.896	70.263
412.909	227.039	35.506	71.158
411.931	226.893	35.896	72.239
410.763	226.593	36.809	73.283
409.500	226.248	36.179	74.727
408.462	227.168	35.272	74.593
407.570	227.915	35.985	73.526
406.454	227.435	35.446	75.042
405.004	226.813	35.518	77.145
403.440	228.450	35.632	76.462
403.056	229.657	34.184	76.116
401.801	230.758	35.126	75.136
400.143	229.817	35.460	77.007
398.530	230.861	36.514	76.513
396.800	232.443	36.503	76.325
396.081	230.954	35.529	78.635
394.868	232.559	35.193	78.260
393.134	234.706	36.194	76.086
391.456	234.913	36.163	77.251
389.113	234.603	36.649	78.080
387.779	237.136	38.816	76.513
386.503	238.134	37.786	76.911
384.584	239.685	38.022	76.018
383.007	239.385	38.026	76.896
382.530	239.180	37.166	77.761
381.044	238.508	37.009	79.559
379.936	238.603	37.098	80.006
378.640	241.030	37.743	78.371
377.528	241.270	38.221	79.072
376.206	241.537	38.066	80.013
375.008	243.137	38.919	78.489
373.783	241.253	38.367	81.071
371.980	242.333	39.153	80.916
371.468	243.992	38.575	79.380
370.131	244.277	38.064	80.648
368.615	245.741	38.119	79.594
366.216	246.457	38.321	80.849
364.061	248.686	40.236	79.434
362.445	251.038	40.660	78.831
361.189	251.548	39.386	79.417
359.954	253.618	38.912	77.565
357.881	253.869	38.050	79.444
355.794	256.030	38.743	77.998
353.984	256.363	37.517	79.551
351.807	255.738	37.820	82.306
349.471	255.135	37.692	84.560
347.351	256.459	37.865	84.034
345.135	256.575	38.588	85.154
342.183	258.774	39.297	84.024
339.880	261.385	39.955	82.976
337.202	262.714	40.233	83.969
335.056	262.961	40.586	85.515
333.552	262.790	40.859	85.482
331.758	262.857	42.180	87.284
330.972	264.259	41.996	86.011
329.141	263.584	42.191	87.972
328.389	264.137	41.930	87.715
326.427	265.246	41.453	87.388
325.041	265.574	41.528	87.391
323.414	265.154	41.286	88.544
321.964	265.965	41.265	89.027
320.276	266.478	43.203	89.490
318.756	265.967	43.262	91.402
317.406	266.747	42.792	91.443
315.188	267.439	42.615	92.008
313.160	268.501	43.583	91.689
310.953	268.159	43.426	93.335
308.099	269.634	45.252	92.794
305.882	271.294	46.301	91.608
305.305	271.894	45.772	93.099
303.476	273.663	46.441	91.346
302.123	274.711	46.112	91.349
301.154	277.189	46.504	89.699
299.804	278.660	46.692	88.671
299.707	280.008	45.262	87.697
297.498	279.928	44.718	88.859
296.388	281.576	43.604	88.087
295.309	282.459	43.053	87.281
294.661	283.158	42.566	87.066
293.468	283.764	42.439	86.021
291.909	284.036	41.931	86.867
289.661	285.094	43.189	86.891
287.480	284.929	43.622	88.500
285.233	285.134	44.479	89.983
282.721	286.774	44.378	90.533
280.039	288.551	44.536	89.942
285.166	289.233	49.632	87.851
335.736	293.115	49.254	89.200
377.304	290.213	50.072	91.911
379.378	292.087	51.064	92.577
376.094	290.732	47.151	95.457
373.812	292.510	48.431	95.489
371.822	292.004	47.585	96.992
367.796	291.779	47.604	97.024
365.823	295.810	48.406	95.164
361.478	295.053	49.621	96.117
360.113	296.956	50.231	96.587
356.208	295.901	50.423	97.723
354.471	298.549	51.016	97.092
351.331	298.776	51.499	97.208
349.517	298.480	51.959	99.878
345.787	299.321	53.601	99.508
341.596	301.088	54.467	100.329
340.096	300.827	54.002	101.196
335.955	301.574	55.655	101.506
335.175	301.233	53.612	103.147
332.205	304.690	54.334	100.729
330.583	303.989	53.274	102.983
327.929	304.632	53.291	103.193
325.668	304.578	53.869	104.657
322.250	307.640	54.427	102.339
321.745	307.698	52.380	104.123
317.597	307.951	53.359	104.357
313.725	309.305	55.070	105.310
310.715	308.161	55.908	107.545
307.178	311.226	57.923	106.751
303.680	311.354	57.586	107.279
300.516	312.413	57.858	108.644
297.406	313.734	58.731	107.924
293.805	315.186	59.655	108.119
292.035	316.506	58.326	107.284
288.221	319.659	60.012	106.403
285.723	321.023	57.283	106.946
283.485	323.004	57.142	105.317
281.177	323.889	56.883	105.517
278.331	324.985	57.166	105.308
276.086	326.223	56.161	105.870
273.419	327.764	56.435	105.112
270.485	328.361	56.111	106.367
267.598	329.787	56.773	105.521
264.619	329.971	56.309	106.991
262.812	330.923	54.479	106.692
260.303	332.466	54.775	105.579
258.145	332.341	52.336	107.042
255.434	333.071	53.550	107.392
251.645	332.193	53.699	108.026
246.188	290.544	55.612	112.820
240.969	261.153	55.602	109.222
236.275	246.638	57.375	111.148
232.731	248.730	59.580	111.378
227.892	249.724	59.037	109.088
225.300	253.655	59.484	109.285
219.842	252.392	61.419	113.241
216.488	252.800	62.335	114.706
210.517	253.728	64.653	115.027
207.028	254.798	64.616	115.459
203.389	253.621	65.463	119.154
198.847	255.889	66.111	119.183
196.472	256.390	65.268	119.778
192.125	258.500	66.329	120.579
187.257	261.244	67.015	119.911
184.043	261.728	67.259	120.420
178.933	260.956	68.136	123.805
177.283	262.275	66.434	122.695
174.046	263.826	65.974	123.815
171.188	264.481	65.115	123.927
166.186	266.108	66.613	124.656
163.789	267.590	66.347	124.462
158.787	268.893	66.228	126.666
153.858	269.526	67.307	126.471
151.951	272.966	68.444	123.691
150.317	273.838	63.204	124.799
146.831	276.734	62.037	122.460
141.235	278.305	61.576	122.297
137.319	281.943	61.708	121.006
131.424	283.146	63.375	123.331
124.674	284.904	67.714	122.632
117.923	282.904	69.189	128.518
111.552	287.306	71.642	125.754
105.263	287.970	73.134	129.903
102.170	294.099	74.237	125.547
96.092	295.020	75.473	128.080
89.323	297.740	76.540	127.603
86.052	299.229	76.374	128.274
81.720	297.345	76.206	131.125
78.006	300.848	75.422	130.220
72.969	301.955	75.038	132.298
67.302	304.228	76.836	131.879
61.893	306.283	77.384	132.370
57.715	307.735	77.898	133.044
