5.000	243.000	15.000	35.000
8.424	243.917	19.612	34.593
16.613	243.503	19.191	35.449
1.146	243.097	19.970	35.132
0.418	242.512	18.067	34.417
0.000	240.890	11.940	34.631
0.000	242.638	8.853	31.828
0.000	243.701	8.273	30.022
0.355	243.792	8.314	29.434
0.270	242.528	9.526	28.967
0.000	220.650	10.693	29.232
0.000	219.328	9.566	30.975
0.000	218.090	10.055	32.333
0.000	217.031	8.480	32.195
0.000	215.772	8.752	34.233
0.000	218.484	7.678	34.601
0.000	216.444	10.173	33.958
0.000	217.075	9.095	34.756
0.000	214.650	11.056	35.841
0.000	215.617	9.111	37.247
0.000	220.727	8.287	38.726
0.000	234.139	9.558	34.368
0.000	236.362	8.240	33.156
0.000	238.169	8.224	35.645
0.000	237.342	7.651	35.730
0.000	236.164	8.061	38.467
0.000	232.611	7.315	39.294
0.000	229.834	7.645	35.995
0.000	225.581	7.201	38.129
0.000	223.736	7.988	40.006
0.165	219.537	8.702	38.555
0.000	222.473	9.194	34.337
0.000	219.311	8.621	34.329
0.000	219.745	8.440	33.067
0.000	225.493	8.225	34.194
0.000	230.204	9.359	35.094
0.125	230.921	14.364	40.549
0.340	230.803	17.497	45.421
0.368	231.477	19.339	44.778
0.436	232.826	22.471	44.140
3.534	232.668	22.685	43.023
3.024	233.108	25.162	43.997
10.175	234.182	23.694	43.061
15.403	234.306	22.504	41.664
20.164	236.968	18.804	43.800
24.407	235.280	22.576	46.577
25.723	235.023	28.389	46.989
33.433	238.214	25.706	45.772
39.359	240.059	20.623	44.685
42.664	242.810	21.583	43.832
47.566	241.343	19.675	44.231
48.868	241.961	20.973	44.243
49.007	242.423	23.743	44.555
55.416	243.114	22.884	44.389
59.451	244.209	19.695	43.874
64.177	245.281	19.208	42.591
66.052	245.040	20.605	40.905
68.954	246.855	16.780	39.125
72.524	251.059	19.796	37.711
78.807	247.446	22.118	40.328
80.888	248.015	20.593	40.012
83.241	249.720	22.819	39.826
84.433	249.224	25.206	38.603
85.266	248.838	24.199	40.625
87.409	240.397	20.850	47.287
89.173	245.885	20.844	44.290
89.789	248.145	20.496	40.235
90.926	246.966	20.467	42.463
91.858	244.231	18.789	43.561
94.032	242.263	18.474	44.932
92.511	245.245	19.610	43.262
96.472	244.702	17.228	41.996
100.210	244.105	15.986	41.655
102.805	246.343	17.753	41.585
104.802	246.266	18.708	40.319
104.401	247.500	18.842	39.807
106.436	249.486	20.203	38.934
107.699	251.486	20.356	38.964
107.568	251.038	23.203	41.345
110.109	249.436	24.750	44.147
113.566	250.096	21.782	40.684
118.767	251.668	20.441	40.548
119.685	251.267	19.050	40.596
121.804	255.108	20.333	37.640
124.447	254.833	21.408	38.445
124.978	252.846	22.425	40.486
129.648	255.138	21.128	41.371
132.155	255.965	20.852	40.956
135.597	255.789	18.730	40.758
139.890	257.509	19.274	39.935
142.479	257.702	19.478	39.649
144.832	257.538	20.414	39.145
148.593	256.476	20.968	41.002
151.300	256.315	20.631	35.972
155.255	256.297	18.800	34.785
160.358	257.830	17.627	38.733
162.142	259.326	19.247	40.957
164.104	258.595	18.838	41.984
130.674	257.237	23.611	39.770
133.200	257.983	21.480	39.356
138.608	259.857	20.593	38.347
141.094	260.324	18.749	38.456
142.755	258.649	20.253	42.059
156.211	262.774	26.148	40.747
148.441	258.575	23.436	42.773
149.602	257.703	22.170	42.672
154.672	260.946	23.096	40.494
160.220	260.716	20.461	40.658
163.341	261.293	20.367	41.450
167.594	260.280	19.329	43.425
169.176	260.216	19.544	42.221
171.279	259.116	19.282	43.289
175.331	263.046	18.930	44.376
177.447	263.437	21.118	42.862
181.127	262.977	21.085	41.077
185.646	263.320	20.705	39.441
186.424	263.657	20.405	39.859
186.844	263.901	21.203	40.736
191.161	264.415	22.462	41.387
195.296	264.374	24.295	43.466
199.417	263.628	23.633	43.968
220.844	260.940	22.724	49.013
225.517	257.792	24.236	50.405
226.671	256.087	26.748	51.129
232.226	254.993	25.759	50.933
234.058	254.247	24.320	53.372
237.552	254.688	23.226	51.639
241.014	255.822	22.058	49.424
234.388	258.060	26.578	57.610
231.549	261.431	26.812	55.526
236.912	257.491	28.533	46.479
233.606	259.671	23.888	50.979
236.711	258.557	26.130	52.022
244.476	256.754	28.758	49.719
243.253	253.639	29.839	53.905
249.726	255.554	28.768	54.332
257.580	255.634	28.530	53.852
255.539	254.784	26.621	52.182
283.703	261.576	22.395	52.119
306.416	256.961	20.131	47.686
306.215	259.181	19.756	46.857
308.865	259.459	19.736	48.617
309.368	256.142	22.633	50.532
313.239	257.705	21.018	47.953
321.804	253.307	21.648	51.842
344.397	288.831	20.035	48.871
344.020	286.813	20.036	49.432
350.545	290.501	29.666	44.860
354.692	280.465	29.640	56.570
356.641	291.558	31.555	63.114
356.575	290.644	25.959	60.448
357.300	285.308	30.425	67.818
358.823	289.488	26.405	67.252
359.469	287.509	29.579	68.432
360.213	288.508	27.594	68.586
361.036	289.614	28.700	65.882
373.929	289.243	23.880	50.090
378.451	287.432	25.272	51.720
381.988	288.788	20.374	52.789
385.368	292.084	20.722	51.614
388.168	293.803	21.837	49.026
392.088	292.853	21.387	51.103
396.150	291.556	21.703	51.812
396.162	290.925	24.162	55.343
400.852	290.897	25.486	55.760
402.921	292.653	25.836	54.300
407.237	294.978	23.465	53.189
412.198	296.046	22.088	53.420
415.277	293.917	21.111	54.553
417.933	296.597	24.012	55.176
420.215	294.601	26.451	51.446
425.562	296.401	25.597	50.725
430.667	294.866	23.292	51.288
431.966	297.415	24.965	54.651
435.878	293.934	24.141	54.220
435.888	291.453	30.315	60.158
441.061	299.175	25.382	56.559
401.875	294.460	26.505	48.239
403.856	294.943	24.569	47.249
408.463	293.101	23.734	52.048
411.856	293.550	23.553	53.870
416.220	293.794	23.485	52.423
419.769	295.183	24.957	53.413
424.165	295.770	23.963	55.266
427.754	298.612	25.676	50.292
430.719	296.728	26.769	49.032
432.702	296.988	26.542	49.596
437.861	299.381	26.903	54.149
441.216	300.383	28.151	53.068
447.066	299.195	26.370	54.546
453.231	298.837	24.389	52.638
454.524	298.466	25.919	53.287
461.432	300.764	25.618	55.689
466.706	301.788	24.265	55.578
468.854	303.887	23.957	53.478
470.721	301.639	25.923	55.007
473.914	301.216	29.770	56.791
477.817	301.386	30.502	59.239
487.009	303.640	28.901	58.345
491.062	302.486	27.814	60.186
494.799	301.947	27.650	61.663
500.270	301.317	28.482	59.394
505.103	301.007	26.562	61.903
512.032	302.925	25.258	67.019
518.664	305.954	25.370	63.991
525.626	305.286	25.800	59.494
529.214	305.910	28.224	55.514
537.188	308.896	26.224	60.545
544.807	310.309	24.571	59.477
550.716	308.954	24.563	60.393
555.070	312.152	26.953	56.085
563.596	314.123	23.977	60.069
568.069	315.425	22.501	59.346
574.891	314.295	29.024	64.717
582.172	313.109	30.305	73.007
582.550	315.385	36.331	76.281
593.241	315.657	33.549	66.835
596.209	316.106	31.602	70.068
603.390	319.018	26.328	70.308
588.858	316.561	31.907	68.254
587.480	316.689	31.534	70.399
588.199	314.636	30.396	75.734
586.965	316.036	32.298	74.839
590.802	316.955	30.603	75.655
591.892	316.329	29.456	76.358
591.736	316.303	30.547	76.522
590.242	317.952	32.051	78.961
589.918	318.246	34.464	79.602
590.460	318.583	33.646	79.250
593.803	316.811	31.521	82.106
594.266	317.984	33.335	79.797
595.281	319.174	34.719	82.497
597.230	320.619	32.213	83.417
598.785	320.215	31.215	78.991
602.902	320.826	26.819	82.592
606.031	322.511	23.969	83.296
609.332	322.598	20.668	84.735
608.699	319.540	21.301	82.801
606.112	318.391	23.360	89.512
