199.000	114.000	27.000	73.000
195.274	117.948	33.067	63.595
195.410	117.791	32.936	59.011
195.967	117.058	32.798	59.639
196.984	118.309	32.911	57.965
197.629	116.534	31.693	61.710
198.587	116.876	31.668	65.578
197.981	116.587	31.673	66.635
198.491	117.283	31.725	69.900
198.612	117.740	32.150	71.799
199.310	117.190	31.890	73.779
199.926	117.448	33.113	73.213
200.485	116.430	34.990	77.551
200.764	115.845	36.975	77.714
204.520	115.099	35.475	77.177
203.364	111.026	36.618	82.283
206.966	110.226	33.078	84.151
208.173	110.217	31.524	83.638
210.820	110.047	29.855	83.729
211.573	109.570	29.492	84.598
211.107	109.634	31.079	86.056
212.453	109.560	30.602	85.529
213.060	109.547	30.205	86.170
213.937	109.444	29.850	85.695
213.925	110.076	29.896	83.964
213.577	109.648	31.298	85.510
214.799	109.589	30.018	85.117
215.063	109.874	29.749	83.940
215.260	109.924	30.396	83.818
215.408	110.183	30.836	83.867
216.841	110.181	29.674	83.354
217.527	110.063	29.441	83.246
218.164	109.084	29.923	83.950
218.796	108.750	29.601	84.754
219.828	109.269	30.785	85.652
220.714	109.215	30.358	83.870
220.617	109.469	30.977	84.491
220.999	109.086	31.468	84.353
222.510	109.394	32.157	83.875
222.942	109.883	32.037	84.259
224.555	109.391	32.575	83.657
226.401	108.566	32.254	84.840
228.300	108.842	31.492	83.484
229.869	113.937	32.959	79.178
232.090	115.524	29.382	76.247
234.185	117.370	32.060	73.225
235.116	119.562	31.957	69.534
236.186	120.401	31.358	69.140
237.505	120.695	31.211	68.253
238.598	121.119	30.558	68.080
239.931	119.887	29.612	71.696
240.435	121.378	30.225	71.461
241.900	121.021	29.104	72.368
241.564	120.548	30.402	72.186
241.673	118.145	30.102	74.100
243.079	111.456	30.399	80.078
242.651	111.575	31.631	79.455
245.879	111.333	29.129	79.737
248.749	109.970	32.258	83.480
248.107	112.511	34.693	82.013
248.648	112.095	35.670	82.517
251.188	113.003	34.847	81.752
254.505	111.924	33.501	82.913
255.732	111.810	32.492	81.799
256.444	110.692	32.461	83.090
257.374	111.899	32.596	81.956
261.888	111.186	30.908	80.013
264.128	111.086	29.758	81.151
266.111	112.612	29.555	78.813
267.800	116.554	31.897	74.856
268.727	111.715	29.717	78.059
269.863	113.353	31.565	76.444
269.705	111.274	29.559	78.370
271.745	107.496	29.958	77.877
272.614	109.795	29.552	78.364
273.735	109.978	29.275	74.057
274.660	110.982	29.188	71.903
274.421	112.483	30.235	73.337
275.434	117.416	30.504	70.839
276.112	115.776	29.039	69.250
277.095	117.793	28.939	64.094
276.771	117.211	29.011	64.726
277.388	116.505	29.016	65.705
277.715	119.217	29.192	64.101
276.433	118.520	31.768	66.066
277.647	116.560	31.259	63.750
278.976	118.413	28.859	63.958
279.606	118.450	29.308	64.444
280.233	118.742	29.850	66.437
279.628	120.815	29.516	66.059
280.162	116.083	30.028	67.704
280.002	118.404	29.857	65.336
279.432	119.107	30.980	65.816
280.461	118.298	30.019	65.854
281.508	119.167	29.382	66.645
282.045	121.131	31.054	63.058
281.885	119.424	29.733	64.779
283.017	122.337	27.601	63.895
284.333	113.661	27.338	67.524
282.762	107.528	28.001	73.420
283.115	109.491	29.389	73.647
281.233	109.320	31.147	73.186
281.924	107.707	31.197	72.874
283.909	108.621	30.757	72.088
282.347	109.824	32.194	72.301
284.456	109.885	31.582	71.624
283.242	109.168	33.298	73.526
283.251	109.532	34.531	73.104
285.275	109.901	32.175	70.991
288.436	109.703	30.848	71.683
287.390	110.502	31.085	71.029
288.953	108.846	30.130	72.038
286.174	110.044	32.321	70.273
288.766	108.865	31.265	70.904
288.059	109.876	31.229	69.783
287.215	108.732	31.874	71.232
288.366	110.113	30.639	70.720
287.915	109.078	31.165	71.271
287.497	110.395	30.643	70.640
287.319	110.330	31.109	72.300
286.970	108.898	31.069	72.649
286.141	108.917	31.479	73.274
285.404	110.082	31.669	71.626
284.942	109.652	33.159	72.754
284.088	109.974	31.770	73.959
283.920	109.729	32.231	73.003
283.348	109.817	32.810	74.043
283.516	109.788	32.828	73.630
284.209	108.642	32.288	75.115
283.528	108.970	32.019	74.950
284.803	108.917	32.066	72.657
283.770	110.147	33.586	72.036
285.009	109.972	32.166	73.537
284.938	109.364	33.267	73.592
284.748	109.507	32.996	74.287
286.801	110.132	31.980	72.631
286.240	109.387	33.263	73.296
287.289	108.720	33.013	74.867
288.222	109.565	33.319	71.906
290.222	108.820	31.576	69.760
293.800	109.588	28.087	68.028
294.375	108.200	28.835	69.523
295.045	108.026	28.390	70.032
295.651	108.480	28.167	69.293
297.413	108.175	26.581	70.267
297.491	107.637	26.413	70.698
298.107	107.953	26.923	70.795
298.343	109.531	26.942	69.197
299.465	109.290	27.745	68.959
302.989	110.032	27.577	68.575
302.627	110.553	27.204	69.494
303.900	108.487	27.853	70.451
304.586	109.721	28.310	69.658
305.279	111.338	27.860	68.231
306.303	109.116	27.834	70.159
306.462	111.481	28.106	68.023
307.609	109.588	27.380	70.559
307.776	109.274	27.469	70.499
309.027	111.132	29.070	68.342
310.290	110.895	29.846	69.357
310.178	111.565	30.470	68.444
311.394	110.033	29.907	69.089
312.627	110.745	29.096	67.996
313.531	109.662	28.213	68.610
314.660	109.454	29.073	67.574
314.893	109.041	28.216	68.591
315.013	108.919	28.122	69.196
315.161	108.652	28.152	69.500
315.633	107.568	27.341	70.871
316.242	107.077	26.233	68.619
316.144	108.965	25.954	66.005
316.105	109.475	26.776	66.786
316.382	107.888	27.401	68.118
316.248	111.840	28.203	65.716
317.264	109.640	27.271	68.020
317.229	113.040	28.425	65.515
317.687	115.535	28.902	63.372
318.266	115.360	28.191	62.353
320.404	118.361	29.562	60.514
320.197	117.486	28.652	62.835
321.032	117.824	29.592	63.379
321.864	115.994	28.672	64.932
323.112	115.203	28.696	63.879
325.516	107.227	29.142	71.296
324.830	103.473	28.057	73.873
328.790	106.099	26.607	72.749
328.210	105.732	26.348	71.007
327.366	106.707	27.301	69.196
329.318	106.254	25.988	70.887
328.571	107.570	27.539	71.352
329.960	107.791	26.538	71.466
330.304	107.536	25.896	70.951
329.861	108.383	27.631	69.129
330.673	108.478	27.459	69.222
331.825	109.826	27.780	69.663
332.168	108.600	28.705	71.517
332.588	109.317	29.076	70.681
334.019	109.064	28.825	69.566
337.062	109.371	25.936	69.494
334.157	108.403	29.514	70.420
338.644	108.557	26.743	68.806
338.140	108.860	28.478	69.622
338.504	108.303	29.061	71.252
338.896	108.227	29.155	72.354
339.748	108.525	28.766	72.088
340.734	109.099	28.846	69.866
342.174	109.056	28.209	69.060
342.849	108.223	29.401	70.251
344.905	109.777	29.175	69.086
346.181	107.611	28.925	70.002
348.061	108.698	27.877	69.175
349.003	108.925	27.887	70.773
350.174	109.081	27.037	70.210
352.049	108.808	28.645	70.430
353.360	108.936	29.612	68.875
354.068	109.744	29.002	68.500
356.548	108.417	34.109	70.279
359.019	106.421	31.401	72.258
359.963	106.373	30.307	70.189
360.453	105.970	30.098	67.955
363.569	101.180	29.481	75.326
359.137	103.049	34.463	73.784
363.212	121.572	35.977	74.907
350.665	121.889	48.875	67.539
359.882	120.492	39.800	68.561
364.542	120.057	32.738	67.789
368.656	118.649	29.091	64.330
368.902	114.509	29.198	66.448
368.371	119.589	29.788	60.237
369.870	116.174	27.459	65.376
371.068	116.300	27.373	64.396
370.159	112.592	28.114	67.612
373.863	108.031	28.188	71.604
373.681	107.934	31.309	72.024
375.702	108.041	32.124	76.274
379.381	109.799	29.701	72.497
382.094	108.687	27.672	75.139
383.174	110.395	27.789	77.180
384.877	108.892	28.813	79.466
386.904	109.248	26.198	78.809
387.188	109.557	28.113	80.674
390.374	108.928	27.618	82.374
390.976	109.344	27.971	81.449
391.773	108.988	28.099	80.466
392.586	108.476	27.369	81.513
393.823	107.684	26.660	83.914
395.194	108.123	26.019	84.931
395.165	107.971	26.913	83.252
395.950	107.730	26.514	86.299
395.848	108.569	27.848	81.275
397.105	107.960	26.979	87.028
397.168	108.264	27.390	82.276
398.128	107.988	27.179	89.780
397.441	107.229	28.721	91.632
398.341	107.942	29.615	89.799
398.289	107.700	31.282	93.277
398.628	108.264	32.334	89.495
398.927	108.001	32.450	91.085
399.460	108.229	32.107	83.957
400.696	107.303	29.689	78.896
400.275	108.211	28.224	82.674
400.776	107.436	31.360	82.678
401.091	106.895	30.229	88.106
401.247	107.237	30.362	86.513
402.271	106.182	30.742	84.427
401.644	107.391	31.568	88.593
