284.000	254.000	18.000	12.000
284.461	254.182	18.271	11.447
285.039	253.727	19.413	11.538
286.372	252.939	19.231	12.272
286.693	252.669	19.991	11.947
288.063	251.325	20.708	12.808
289.991	250.873	20.498	13.025
290.696	250.511	20.407	13.653
290.853	249.743	21.495	13.687
290.952	248.963	21.677	13.825
292.453	247.943	21.043	13.448
293.106	247.601	21.365	13.538
294.227	247.105	20.836	13.793
294.264	246.635	20.510	13.239
295.062	245.282	21.100	13.240
294.475	244.308	22.034	13.225
294.527	243.861	22.094	12.972
294.316	241.665	22.366	13.918
293.648	240.363	23.154	13.822
293.506	239.332	22.467	13.578
293.261	238.926	21.927	13.122
292.994	237.895	21.459	13.591
291.479	236.282	21.554	13.314
290.412	234.506	20.658	12.922
289.751	233.371	21.410	13.055
288.230	232.888	21.355	13.186
287.667	231.779	21.836	12.965
286.755	230.864	20.745	13.178
284.908	229.818	21.789	12.705
284.552	229.106	19.815	12.690
281.836	227.053	20.264	12.670
280.730	225.976	20.480	11.764
279.799	225.551	18.926	11.192
277.476	224.323	20.578	11.744
276.660	222.916	19.081	12.431
274.627	220.778	18.793	14.725
271.924	219.588	20.742	13.965
270.858	218.483	19.625	15.064
269.453	217.573	19.286	15.175
266.126	217.164	21.813	14.998
264.989	215.694	21.833	17.991
262.150	214.851	21.562	17.609
260.553	214.882	24.176	18.357
258.121	212.377	19.641	19.681
257.359	211.113	18.520	19.052
255.888	211.327	19.067	18.719
254.318	211.132	19.224	18.736
252.670	211.588	19.581	18.556
248.994	211.733	19.201	18.600
247.348	212.583	20.327	17.836
244.215	212.873	19.282	18.592
243.647	214.046	19.566	16.905
241.388	214.984	20.023	16.648
239.975	215.606	20.183	17.058
239.573	215.881	20.061	17.034
237.312	217.850	19.276	16.402
236.094	218.520	22.107	16.077
235.265	218.749	23.641	17.071
231.917	218.520	22.265	18.184
230.699	219.328	20.929	17.939
230.012	219.498	19.727	17.389
228.868	220.676	20.216	15.971
227.065	220.829	20.467	17.243
226.531	221.155	20.154	17.434
224.066	222.261	21.560	19.442
222.973	222.765	20.649	19.201
221.816	223.208	20.283	19.670
220.554	224.507	20.849	18.923
219.980	225.571	21.675	17.097
219.549	225.952	20.154	16.879
216.954	229.133	23.032	14.664
217.558	230.233	21.070	15.577
217.106	230.351	20.085	16.559
217.118	232.558	21.909	18.249
214.347	233.215	23.083	23.009
215.562	231.515	22.941	21.552
217.507	232.361	20.835	22.550
215.341	231.794	23.399	19.393
216.934	230.999	20.460	20.157
217.219	231.931	19.511	18.667
215.946	231.767	22.721	18.484
213.954	224.340	22.425	23.282
215.146	227.290	20.885	22.346
215.231	227.310	20.249	21.129
214.673	227.266	20.479	20.006
212.595	226.688	21.771	19.132
212.621	226.775	21.135	18.018
211.647	225.351	21.455	18.730
209.925	225.029	23.036	18.712
208.304	223.046	22.803	20.273
207.287	223.003	23.449	19.768
206.512	221.888	23.051	22.342
204.837	221.643	22.572	22.331
204.684	222.317	19.764	19.276
203.823	223.303	18.730	18.556
205.935	222.374	19.384	20.306
202.682	222.428	17.405	24.367
201.924	222.004	17.922	20.653
202.494	221.751	19.749	20.350
201.067	222.673	16.902	20.003
199.675	221.030	18.620	20.311
199.610	220.045	17.698	20.170
199.082	219.427	17.258	19.001
198.034	218.385	18.266	19.523
198.157	218.155	17.088	19.505
196.970	217.364	16.863	18.151
194.417	217.086	18.638	19.586
193.285	214.957	19.246	17.538
192.312	213.826	20.071	17.455
189.260	214.337	18.659	17.368
188.430	214.062	18.267	17.858
187.084	211.927	19.979	15.791
183.948	209.324	16.995	17.213
183.212	209.672	18.806	16.265
181.774	207.385	19.509	17.519
181.564	207.213	18.948	17.249
178.056	205.136	16.420	18.308
175.971	204.165	17.932	20.604
176.845	202.657	18.167	25.405
173.410	198.860	18.655	26.592
172.753	196.467	16.646	27.771
171.311	195.632	20.469	22.371
170.158	194.445	17.713	25.927
170.371	193.212	19.148	22.061
167.668	191.120	22.091	20.999
167.588	190.827	18.352	25.663
168.027	188.860	15.870	26.607
164.374	186.335	19.972	18.818
162.630	185.586	19.650	17.788
162.196	184.942	19.036	15.529
160.667	184.475	18.754	14.064
157.806	184.278	19.429	13.462
156.135	183.931	19.835	13.849
154.720	184.340	19.652	13.267
153.282	184.247	19.231	13.496
149.981	184.801	19.491	13.891
146.727	186.472	19.941	13.853
145.270	187.922	19.196	13.219
142.286	189.784	17.122	13.145
141.823	191.934	16.289	11.919
141.702	193.668	14.874	11.150
137.485	197.114	15.621	11.740
133.325	198.564	17.001	14.630
130.905	200.579	15.959	15.917
127.867	202.241	18.920	15.225
125.839	203.051	16.809	15.794
123.275	203.548	19.070	15.507
121.517	205.154	20.067	12.991
121.889	205.261	19.555	13.548
120.176	207.710	18.994	14.605
119.227	207.292	19.290	14.834
120.503	207.325	19.755	14.956
116.733	208.259	21.036	13.495
113.575	209.680	22.209	14.253
116.277	209.581	20.536	15.939
113.764	209.115	22.642	16.810
113.319	210.605	21.015	17.370
112.734	213.551	19.359	16.572
114.007	213.887	16.526	17.758
112.279	215.248	16.912	17.740
112.755	217.803	15.489	16.466
111.258	220.280	15.347	15.517
111.106	221.680	15.457	14.656
109.913	223.190	16.708	15.873
109.511	226.601	15.677	17.240
106.156	229.604	16.476	15.812
136.634	205.026	10.383	7.998
132.078	197.657	14.128	13.585
124.741	191.813	20.862	19.013
115.324	184.624	30.154	23.593
102.010	236.270	27.078	14.722
103.920	236.815	31.364	25.021
106.064	235.488	40.256	34.051
121.338	229.447	36.999	32.232
119.278	232.534	43.409	41.339
109.949	234.435	55.126	50.989
113.734	239.113	68.388	62.154
115.221	260.587	94.090	62.783
47.215	289.413	78.548	59.666
58.531	297.074	94.263	80.415
120.264	330.398	89.853	64.808
133.715	332.206	83.722	54.283
147.824	330.919	72.143	56.160
134.112	328.062	86.246	58.270
111.171	317.024	88.526	65.120
93.955	311.677	95.411	66.205
125.888	312.291	88.142	68.127
150.031	333.097	112.492	54.640
131.153	328.823	83.683	57.884
135.229	333.762	70.514	55.738
148.222	339.289	58.722	49.768
146.422	349.523	54.168	40.115
146.238	348.389	50.304	38.334
149.769	348.522	46.560	39.273
153.122	343.258	47.548	45.258
150.280	344.916	49.657	38.774
142.777	348.417	52.191	40.741
148.647	346.896	45.475	42.466
149.011	348.566	41.667	42.193
148.551	344.520	50.960	41.980
150.368	349.206	46.593	39.749
155.293	348.729	42.992	38.584
156.860	351.539	44.382	35.869
154.745	351.226	40.240	35.898
161.355	354.466	35.792	33.772
153.708	352.870	37.692	29.194
150.224	353.386	36.252	28.650
152.809	351.710	38.464	35.688
155.672	353.168	34.173	36.591
162.028	356.712	34.019	36.868
166.084	353.299	27.631	37.767
163.773	357.034	27.970	35.841
159.044	359.796	31.090	30.838
152.042	355.057	35.130	28.646
151.168	355.834	37.516	31.034
150.916	354.763	32.600	33.731
154.769	352.159	28.685	35.056
152.512	355.336	32.568	27.380
146.595	357.908	37.184	28.757
147.326	352.841	43.282	34.515
146.284	354.516	41.285	32.805
149.999	351.358	44.474	34.230
152.996	349.181	43.367	37.753
140.977	349.043	50.659	38.233
130.311	353.933	60.894	41.815
120.893	350.749	57.230	39.195
127.307	349.197	48.778	40.571
125.430	348.288	47.771	39.520
131.542	340.862	50.994	42.690
139.323	342.763	51.946	41.591
120.138	346.081	53.692	39.669
136.087	342.576	49.156	43.535
143.036	344.187	47.138	36.570
148.514	351.177	39.174	36.543
135.143	348.367	49.456	36.921
142.085	344.346	51.514	42.007
150.603	346.859	40.513	41.110
151.591	351.432	42.795	36.249
148.614	351.685	42.780	34.750
158.747	353.335	34.596	35.122
146.871	351.531	44.600	34.642
152.216	346.109	40.498	35.939
138.515	352.238	50.639	37.612
151.606	350.363	45.108	35.175
152.692	347.762	44.267	34.704
154.648	350.786	45.819	34.446
150.438	349.517	43.896	30.346
162.335	349.425	33.456	36.343
158.222	350.879	34.628	31.969
164.597	351.869	33.471	33.958
164.388	351.148	30.202	37.336
162.876	351.615	29.244	33.969
165.202	353.667	29.936	35.139
162.954	353.209	32.512	31.367
162.187	352.490	31.936	29.602
162.229	352.610	30.640	28.479
156.898	358.465	30.075	27.364
151.187	357.451	32.148	27.176
151.971	355.889	36.207	28.033
154.736	354.411	34.558	31.160
153.166	359.593	36.302	31.153
153.328	352.234	37.638	32.900
158.075	350.611	32.944	36.450
156.547	352.322	35.433	32.789
155.371	351.362	35.901	34.243
147.693	351.458	40.276	31.768
154.568	353.059	38.948	33.910
155.715	355.362	38.101	31.803
152.248	356.967	42.777	31.111
148.386	350.113	41.562	35.599
150.207	347.878	41.741	36.738
153.894	348.182	36.127	37.646
153.560	355.529	38.022	31.694
157.475	356.135	34.274	32.228
153.224	356.631	36.789	29.256
158.460	352.930	36.804	32.461
152.729	351.649	36.441	32.085
152.572	349.717	35.195	31.229
153.995	352.790	34.389	30.722
152.604	356.502	33.733	28.299
160.000	359.222	33.820	26.486
155.005	359.215	31.707	27.756
149.909	355.117	34.323	28.861
145.247	352.216	40.714	30.723
149.647	350.033	40.832	34.099
152.517	347.418	41.863	36.789
146.349	344.870	43.940	37.886
149.491	347.113	43.884	36.428
148.277	344.789	45.289	39.161
141.790	341.235	54.344	42.852
141.447	347.201	55.037	39.244
138.850	346.893	56.741	38.706
146.793	343.046	49.590	43.020
154.918	347.296	46.256	38.339
150.652	346.760	45.318	37.230
157.356	346.449	42.829	37.252
151.326	346.743	47.714	38.386
136.811	346.805	46.597	38.197
125.086	346.978	56.227	39.470
131.531	345.582	51.916	42.669
114.378	345.153	60.177	42.384
122.450	345.939	62.375	42.073
144.823	344.150	49.564	43.969
147.646	347.495	44.691	41.141
151.399	349.695	39.362	38.162
152.990	350.020	38.024	38.078
153.127	349.787	38.631	35.688
152.997	353.712	37.745	34.706
150.711	352.193	38.504	33.739
145.137	351.354	42.406	31.657
136.086	353.378	44.713	33.036
121.860	349.526	52.276	34.582
147.778	347.460	45.210	35.645
145.571	350.312	48.934	38.699
154.556	350.572	41.996	35.640
150.722	358.089	37.827	30.989
154.225	358.024	35.886	31.294
151.015	367.607	33.072	21.058
150.988	370.001	32.085	17.624
149.144	370.083	27.291	17.651
161.991	361.537	26.102	22.503
159.951	363.837	29.259	22.644
161.708	359.076	29.363	27.804
154.969	357.064	33.887	25.418
143.461	363.280	37.614	21.456
141.770	358.219	36.668	25.403
129.177	356.404	44.450	27.151
151.247	347.398	35.240	33.199
150.320	352.988	38.650	30.203
150.563	352.668	39.511	30.995
153.348	347.011	38.472	33.787
146.070	357.306	48.077	30.636
133.275	343.276	57.844	43.964
129.590	327.278	77.264	54.464
134.834	331.178	85.026	55.797
154.605	340.854	85.119	58.149
153.483	345.121	114.603	53.548
172.210	373.530	99.449	51.686
193.700	402.286	78.405	49.697
204.129	403.488	68.588	48.481
208.856	403.211	65.929	46.530
308.057	313.631	43.667	13.849
313.422	300.246	34.340	19.651
316.891	299.340	33.193	17.670
332.125	299.838	25.058	15.446
336.858	301.177	18.582	11.963
341.705	300.367	17.853	12.372
342.923	301.110	19.243	11.372
347.247	300.222	17.454	12.939
349.915	299.797	18.475	11.850
353.547	299.453	20.168	12.772
356.961	300.071	19.873	12.449
361.120	300.730	18.018	11.457
364.403	301.071	17.736	11.301
368.359	303.009	20.887	11.297
368.251	302.834	23.372	11.996
368.442	302.487	25.272	12.094
374.159	301.995	24.783	12.839
376.823	302.210	24.409	12.167
379.540	301.484	23.468	12.417
384.516	301.072	20.923	13.251
385.292	299.965	20.714	13.031
386.084	297.272	20.608	13.277
385.369	296.323	21.184	14.025
386.151	294.951	20.333	16.124
383.865	295.297	19.277	15.489
383.125	295.114	17.723	16.470
382.886	294.480	18.615	16.116
382.310	293.799	17.333	15.469
381.070	292.526	18.717	15.086
380.709	291.727	19.557	15.510
382.076	291.040	18.298	16.133
381.194	290.395	19.092	17.350
380.970	289.922	19.099	14.927
381.504	291.572	18.825	14.009
377.277	291.983	23.652	17.113
375.423	291.189	28.565	16.326
382.115	290.953	23.423	14.644
386.634	289.303	20.403	12.214
389.148	287.901	19.182	11.729
393.163	286.804	17.687	11.818
392.113	285.843	19.803	13.730
393.527	286.137	19.669	13.067
395.284	284.781	18.680	13.823
398.964	284.136	17.755	13.298
394.002	284.029	23.717	13.433
398.892	282.300	21.532	14.765
402.581	284.696	20.493	13.285
405.502	284.792	19.311	13.255
408.573	284.854	17.885	12.366
412.220	284.017	16.632	11.388
411.663	283.387	18.922	12.624
412.690	284.280	19.348	11.336
414.512	283.282	20.336	12.286
412.386	283.790	23.050	12.488
412.277	282.679	24.438	14.325
416.339	282.970	22.541	12.952
418.738	281.407	21.805	13.206
420.231	281.336	20.527	12.878
422.402	281.243	20.071	12.692
421.592	280.495	20.126	13.596
421.943	279.199	18.359	14.485
423.267	278.348	19.846	14.821
422.338	278.689	19.592	15.998
423.579	277.992	19.056	14.392
423.531	278.370	19.503	13.561
426.913	276.935	17.526	12.589
426.228	276.032	17.624	12.566
429.317	273.673	15.339	13.434
429.418	273.974	17.158	12.728
427.698	272.247	18.043	15.567
427.428	272.007	19.126	17.136
427.468	271.793	21.400	16.281
429.170	270.840	22.326	15.512
432.591	272.861	20.504	14.089
435.003	272.872	19.298	13.026
437.916	272.722	19.261	13.397
438.944	273.748	19.521	13.021
440.204	273.169	20.285	14.744
439.327	274.511	23.533	13.429
441.903	274.039	23.997	13.462
444.763	273.911	23.062	13.531
445.765	274.222	24.365	13.368
448.195	274.300	23.081	13.917
450.785	274.188	21.578	12.223
438.133	274.399	22.228	11.449
435.467	274.613	21.177	12.147
425.171	273.486	21.230	12.373
408.992	275.370	24.600	13.913
392.227	275.702	25.814	11.298
383.922	275.867	26.112	10.749
373.805	274.914	24.425	11.147
377.439	275.814	24.707	10.829
377.117	273.679	25.460	12.334
378.690	273.626	25.227	13.496
378.467	271.854	24.936	15.168
378.974	271.252	25.215	15.646
369.407	269.127	27.413	17.211
364.826	268.927	24.860	17.652
345.310	269.514	25.585	18.237
345.512	270.141	23.150	18.194
344.982	270.711	24.852	18.690
346.933	270.634	23.153	21.890
347.021	270.559	22.012	22.116
347.446	272.772	22.803	22.548
344.891	275.651	24.529	21.074
326.437	272.820	24.610	24.143
315.489	274.007	23.878	25.638
305.778	274.527	27.301	24.032
302.187	279.740	25.592	22.696
302.292	282.989	23.713	19.639
300.486	286.588	24.276	16.691
301.370	287.403	20.262	16.213
298.000	288.083	21.553	15.117
296.436	288.356	21.333	14.706
290.862	288.383	22.450	17.214
287.676	286.742	23.117	19.095
284.426	287.632	22.690	20.865
282.913	289.186	23.570	19.179
278.698	292.376	24.495	16.648
277.413	292.889	24.685	16.040
273.848	293.550	27.003	15.353
271.388	294.119	27.751	15.304
268.328	294.329	23.671	14.558
264.599	295.094	20.785	13.888
263.507	295.311	19.832	13.467
260.525	295.146	19.694	13.321
256.007	294.610	19.485	13.233
253.106	294.623	19.829	12.144
248.942	293.940	19.439	11.629
246.693	293.556	18.521	11.535
244.098	293.725	19.260	10.873
241.801	293.626	18.403	10.668
236.941	293.084	19.011	9.862
231.517	292.048	19.325	10.063
228.144	292.133	19.651	10.606
225.230	291.220	19.708	10.922
220.547	290.742	20.918	11.247
217.195	289.325	21.803	12.020
214.750	289.765	21.689	12.130
212.499	287.835	21.071	11.633
209.101	287.623	19.358	11.254
206.663	287.119	20.463	10.264
204.577	286.907	20.148	11.937
202.023	286.492	18.891	11.139
199.097	285.882	19.282	10.742
197.825	285.868	19.158	11.026
197.124	285.337	19.380	12.998
195.440	284.070	18.988	15.559
193.907	282.858	20.096	13.757
192.795	283.129	20.267	14.567
192.511	282.146	19.997	14.647
192.640	281.234	19.427	13.967
191.866	281.323	20.623	14.110
191.639	281.030	21.046	15.529
191.674	281.066	21.597	14.317
192.027	281.486	21.037	15.408
192.698	280.655	20.511	11.821
193.002	280.952	20.653	11.521
193.043	280.827	20.483	13.249
193.819	280.372	20.294	14.720
192.664	279.696	21.477	14.915
193.389	279.339	19.908	15.120
193.397	278.763	18.968	13.152
194.060	277.082	18.069	11.619
194.251	275.881	16.633	11.160
193.292	274.842	16.435	9.449
193.416	273.219	14.804	10.910
190.694	271.209	18.560	12.863
189.383	271.264	19.187	12.950
187.857	270.154	19.982	11.998
186.166	269.739	20.621	12.113
186.738	269.816	20.157	12.582
183.183	269.463	18.901	13.347
180.544	268.450	19.362	14.057
176.986	267.052	22.122	15.996
173.194	264.513	23.168	17.173
171.636	263.948	22.436	18.192
169.690	263.717	21.789	17.386
165.024	264.104	19.851	19.869
163.161	262.760	19.372	20.935
161.236	263.423	19.103	19.527
158.816	263.899	20.215	17.245
157.088	263.554	20.338	14.697
152.700	262.524	19.881	12.503
149.600	261.450	20.875	12.868
146.878	260.119	21.577	13.268
144.060	256.967	22.051	11.990
142.011	256.273	22.319	15.589
139.732	255.362	22.378	11.221
137.750	255.472	20.608	14.328
137.597	255.226	18.858	13.651
136.295	254.148	15.945	11.356
135.672	253.878	15.287	12.105
133.985	254.130	17.539	12.811
133.067	254.010	17.000	11.962
130.870	253.445	16.351	12.222
129.197	253.234	17.856	12.897
128.229	252.340	19.649	13.554
123.861	250.539	21.808	14.113
121.775	248.947	22.029	17.114
121.603	248.571	21.660	18.036
118.978	248.549	23.357	12.073
118.832	248.116	22.092	11.968
118.856	248.332	21.415	12.099
118.261	247.829	20.812	13.919
117.663	248.183	20.218	12.405
115.937	248.527	21.209	13.284
116.699	249.264	20.111	13.389
118.403	249.843	18.361	9.620
115.870	249.751	19.697	8.889
117.167	249.295	18.123	10.515
117.045	250.744	18.921	10.325
117.227	251.264	20.469	10.580
118.644	251.226	19.454	10.912
117.118	251.574	21.624	11.001
111.730	251.367	27.086	11.804
116.340	251.245	23.162	12.046
116.222	250.733	22.037	12.683
112.545	250.818	25.693	13.655
114.878	250.097	24.561	13.625
115.248	249.018	21.039	11.552
116.111	248.024	18.962	11.885
113.364	247.962	19.602	10.311
112.219	247.005	17.807	8.993
134.419	244.332	14.585	12.889
131.119	242.677	15.812	13.157
127.854	241.839	17.680	11.992
126.782	242.833	13.963	18.119
123.787	240.863	16.175	15.925
121.346	240.317	19.286	13.223
120.612	238.987	19.652	13.241
120.361	238.099	19.269	15.552
119.695	238.038	18.830	16.777
118.078	238.018	20.488	16.946
118.593	237.339	20.319	16.857
124.697	236.351	23.349	18.113
133.660	237.052	22.452	18.136
150.293	236.644	24.828	17.252
152.944	237.625	24.140	15.620
153.287	236.616	23.042	15.545
155.138	235.665	23.388	15.241
156.555	235.313	21.157	14.839
155.957	234.701	20.997	15.831
155.711	234.520	21.727	16.127
155.196	233.007	21.178	14.262
158.895	233.035	22.540	12.504
174.310	231.678	24.301	10.095
184.021	231.016	21.910	10.179
181.492	230.952	21.360	10.976
182.454	231.136	19.332	11.251
179.087	231.296	20.033	10.994
177.019	230.725	19.678	12.014
175.666	231.192	19.243	12.076
172.277	231.440	18.800	13.444
184.700	233.750	19.612	14.103
194.213	234.206	19.921	14.180
199.073	235.396	20.618	12.538
198.129	236.047	16.526	12.613
190.950	240.387	19.392	11.191
182.602	244.379	21.607	12.064
175.743	246.189	20.616	14.111
174.388	247.679	20.128	13.601
183.450	254.386	23.339	13.383
191.269	259.339	23.054	14.757
189.332	261.709	20.815	11.375
185.997	262.357	22.690	12.767
185.090	262.229	22.226	13.603
186.175	262.857	24.937	11.005
199.320	263.659	22.323	16.020
217.540	263.049	22.530	14.404
222.296	264.430	23.160	12.620
227.398	264.804	20.823	13.576
228.530	264.953	20.895	12.068
229.570	265.044	21.038	12.588
233.487	264.635	19.383	12.613
252.180	264.077	21.536	12.703
261.358	263.314	22.709	11.494
275.623	262.836	20.939	11.960
276.570	261.983	19.856	11.638
278.198	262.475	19.077	11.685
279.271	261.862	20.392	10.927
282.642	262.499	19.464	11.712
284.413	261.899	20.344	11.812
285.977	260.637	20.668	13.237
288.424	259.924	21.128	13.257
288.979	258.668	21.958	15.194
290.705	258.581	21.861	12.914
294.429	256.927	20.706	13.501
297.520	255.834	19.907	12.940
299.592	255.783	20.104	10.950
313.345	253.341	24.243	11.038
333.726	251.799	22.918	10.375
338.789	251.130	20.100	11.912
342.939	248.784	19.483	12.167
344.548	246.437	20.625	12.599
346.948	245.548	20.336	12.623
350.203	243.238	20.056	12.611
353.732	243.593	18.715	11.747
355.628	241.694	20.325	12.019
358.985	239.468	20.267	13.535
361.208	238.638	21.540	15.602
360.980	237.932	24.341	16.991
363.617	237.259	25.045	18.445
368.386	236.349	23.231	19.328
370.373	235.624	23.264	20.853
372.896	233.479	23.337	21.823
376.261	230.353	21.383	20.057
376.980	229.478	21.057	18.447
379.026	226.873	19.774	18.282
379.095	225.926	21.215	14.996
379.645	223.842	20.450	15.316
379.920	222.206	20.287	15.811
382.761	220.495	17.760	15.241
382.624	219.706	17.485	14.811
382.286	217.191	17.849	16.559
382.243	216.160	18.085	16.531
381.714	214.600	16.669	16.963
382.088	213.857	16.074	16.755
380.662	211.338	18.541	14.051
377.845	210.445	19.527	15.553
378.268	207.649	17.771	14.927
379.281	206.734	17.196	14.960
377.655	205.149	18.103	16.121
378.355	203.537	16.653	17.865
364.813	200.677	19.432	14.174
347.289	198.633	19.726	13.545
338.368	197.262	21.464	13.181
336.371	195.501	20.381	13.524
337.135	195.302	19.166	15.538
338.562	192.611	16.554	16.291
342.493	186.154	17.843	15.229
345.236	184.354	18.680	15.128
347.750	183.229	18.737	14.935
349.989	181.582	19.407	15.812
352.254	180.442	20.557	17.286
355.915	177.456	20.296	15.860
358.476	175.703	20.275	16.369
360.424	175.619	20.857	15.683
361.731	174.547	22.374	14.935
367.379	172.705	21.794	13.865
372.044	169.796	21.320	15.359
373.079	168.582	24.211	15.215
375.617	168.349	23.281	16.079
377.186	165.588	25.146	17.110
379.604	166.249	25.043	14.288
375.115	167.165	25.584	11.611
356.644	164.053	21.352	14.795
361.490	162.368	22.615	12.802
362.031	162.392	25.132	14.095
366.375	162.422	24.394	13.382
363.497	162.891	23.939	12.562
365.395	162.830	23.896	12.840
370.567	162.567	23.529	13.417
373.768	164.233	26.295	14.129
378.585	164.099	24.151	13.636
380.827	164.475	25.071	13.533
368.759	165.430	25.289	13.743
353.686	166.501	25.779	13.326
351.991	165.789	23.485	14.406
354.954	167.081	22.785	13.710
357.034	168.079	23.532	14.887
358.834	168.642	26.153	14.256
353.773	169.131	27.143	10.908
348.179	169.772	24.467	10.566
339.227	169.656	21.163	11.602
343.551	170.114	19.423	9.898
344.883	169.867	19.428	11.482
343.976	170.259	20.830	12.286
348.157	169.602	18.290	14.214
347.415	169.267	18.031	15.870
348.116	169.430	19.109	15.182
345.447	169.568	21.989	16.907
345.425	168.333	24.939	16.058
345.232	168.959	22.241	15.980
338.113	169.501	24.665	9.579
319.701	168.392	22.319	8.856
312.510	167.510	22.754	10.549
310.309	167.385	22.947	12.761
306.824	166.522	23.175	14.367
303.857	165.111	23.549	14.895
300.195	165.179	21.963	11.306
296.042	165.036	20.512	10.501
293.139	164.929	18.698	9.891
287.093	162.696	18.521	9.735
281.417	163.961	17.958	7.915
276.368	163.638	19.168	9.675
270.384	162.918	21.692	10.382
267.130	163.987	22.773	9.237
257.697	163.429	23.647	9.807
237.055	163.289	20.005	11.695
220.491	163.176	19.858	10.882
218.310	162.985	19.048	10.762
215.525	161.824	17.889	13.672
212.170	159.527	19.536	16.932
210.289	160.356	19.923	17.742
207.365	160.529	20.828	13.153
205.910	159.419	20.321	11.509
206.655	160.866	16.955	10.193
204.442	158.612	18.171	11.499
202.668	157.837	16.726	12.259
200.729	157.091	17.031	13.944
195.603	156.198	19.637	12.801
193.965	153.606	20.686	12.605
191.139	151.716	22.308	13.542
186.987	150.182	23.442	15.112
185.413	150.472	22.969	15.745
184.673	150.509	21.787	17.292
181.982	150.416	24.110	16.795
181.032	151.452	23.841	18.668
179.116	152.663	22.978	19.519
178.236	154.033	21.944	18.500
175.320	155.354	23.781	18.607
175.008	156.681	21.878	16.577
173.737	156.701	21.592	13.180
184.804	158.258	23.282	11.667
193.736	159.975	24.358	10.139
191.780	160.848	24.310	10.453
190.408	163.727	24.571	10.322
186.296	164.765	24.915	10.221
186.919	166.173	24.452	10.437
184.158	167.997	24.994	10.058
183.003	168.964	24.748	11.038
180.847	170.820	24.230	12.241
178.147	172.498	23.927	12.121
175.477	174.243	23.776	12.569
172.812	175.975	23.982	11.909
172.354	177.052	23.018	11.504
170.516	178.110	22.973	11.823
169.434	179.258	24.316	10.870
168.161	181.306	23.493	12.373
167.005	181.724	24.258	13.267
165.929	184.954	24.335	13.876
164.225	185.658	24.652	14.066
162.713	188.206	25.354	15.168
162.829	189.152	24.047	15.476
177.304	191.688	25.692	14.095
185.668	192.511	26.964	12.217
198.901	195.237	27.283	12.735
195.223	195.528	26.144	11.428
195.049	198.698	26.438	10.349
195.073	201.296	25.747	11.049
193.442	201.702	26.325	13.094
191.174	202.619	25.543	14.174
189.368	205.177	25.401	15.997
186.488	208.062	25.626	17.189
187.103	208.768	27.832	17.343
185.203	210.797	29.518	19.312
184.665	212.694	32.583	18.397
195.677	218.120	30.629	17.448
208.778	219.738	32.848	19.443
208.276	225.905	34.549	17.656
205.716	231.332	32.661	16.321
202.841	235.769	32.285	16.156
197.276	242.371	33.524	17.244
190.925	245.354	35.693	13.904
187.486	246.252	33.454	14.110
187.919	248.409	29.108	12.698
187.774	249.144	27.020	12.383
204.263	249.657	22.223	12.538
213.934	248.719	19.121	13.324
218.398	246.633	21.737	13.033
215.575	244.382	23.124	16.156
211.552	241.983	25.100	18.411
211.272	240.180	25.301	21.142
227.102	239.303	27.976	22.734
237.285	236.614	27.875	24.596
251.587	234.938	24.605	17.454
256.024	234.997	22.121	15.258
260.393	232.375	22.935	14.209
262.203	231.778	23.100	14.482
270.168	230.076	25.528	13.593
284.444	229.173	21.862	13.735
306.075	228.511	21.053	13.290
314.021	227.880	24.491	13.144
319.277	226.870	21.460	13.136
317.663	226.152	22.677	12.815
321.298	225.461	22.279	13.716
323.893	223.516	22.388	13.044
327.822	221.854	21.735	13.432
331.003	222.654	21.999	11.663
336.158	220.916	20.794	12.355
336.908	220.872	21.704	12.588
338.212	218.589	22.278	14.181
341.761	216.188	22.261	14.876
343.242	215.257	23.991	13.932
346.657	212.727	23.416	14.287
349.912	212.698	21.893	13.363
352.582	209.465	22.494	12.407
354.173	207.671	22.189	13.378
356.537	205.863	22.616	13.951
359.725	201.836	22.901	14.577
361.897	199.686	22.786	13.711
364.468	197.172	22.131	12.819
369.724	193.259	21.186	11.892
371.938	191.625	20.709	11.993
374.002	189.691	20.915	12.717
376.215	188.510	20.784	12.336
381.520	185.245	19.612	11.654
381.462	184.411	22.121	12.857
383.534	181.427	24.779	16.318
383.049	179.867	27.477	18.366
384.315	178.209	28.406	20.348
386.936	175.225	29.160	23.278
392.496	171.937	26.584	22.147
395.623	170.360	25.050	21.845
400.660	167.343	20.513	22.838
398.796	166.240	23.546	21.640
400.344	163.748	24.986	22.558
402.277	160.288	26.629	20.224
404.123	157.289	26.299	17.193
404.729	155.137	27.115	18.056
408.615	151.176	24.356	20.196
408.768	148.850	23.193	21.549
413.033	146.067	20.726	20.978
411.680	144.388	23.217	14.079
405.005	143.353	26.449	12.892
387.107	141.092	26.069	14.990
383.029	139.176	23.018	15.432
370.380	138.019	23.016	15.651
361.100	137.261	24.368	16.007
344.114	134.295	23.737	14.363
329.710	132.193	25.192	13.488
321.155	131.582	28.237	15.057
322.883	128.991	25.505	17.381
325.145	128.729	25.110	16.708
328.557	127.503	26.093	18.493
330.867	126.654	25.711	18.286
334.174	125.749	25.120	15.438
336.138	124.266	27.125	15.968
338.682	123.013	26.299	13.285
325.138	120.305	23.419	15.350
317.506	120.436	23.997	13.818
308.540	119.491	26.500	14.719
295.555	117.953	22.988	16.757
287.404	116.761	22.156	14.809
271.954	113.885	19.994	16.938
263.457	113.339	22.296	16.093
245.468	110.424	22.851	14.223
249.163	109.459	22.130	15.102
250.735	109.044	19.932	15.780
251.799	107.921	19.397	17.044
251.070	106.724	23.278	17.070
251.735	106.389	23.602	17.622
254.407	106.338	25.828	15.857
258.618	104.589	23.653	13.067
261.118	103.890	22.749	13.692
262.713	101.751	23.259	15.550
265.380	100.187	21.143	15.287
268.145	98.997	20.154	17.411
266.361	98.618	19.132	17.690
266.913	97.169	18.450	19.057
263.613	97.593	21.329	17.969
252.366	96.132	22.148	18.166
236.054	94.165	21.954	14.628
228.133	93.248	23.955	13.252
227.815	90.722	25.088	13.498
230.069	90.911	24.424	12.449
228.876	91.445	24.897	14.726
228.495	88.953	22.848	13.749
228.574	88.890	22.928	14.915
232.999	87.726	19.561	12.533
231.083	85.124	21.443	13.763
230.318	83.758	21.988	14.939
230.100	82.638	19.652	16.834
227.898	80.956	21.237	17.654
226.902	79.901	26.181	20.201
224.981	80.172	27.146	18.603
226.568	79.755	26.974	16.051
226.502	78.364	23.239	15.882
228.908	76.758	23.391	16.653
229.912	75.989	21.275	13.547
229.263	73.571	22.667	14.636
229.572	73.045	23.295	15.900
231.120	72.562	24.929	16.562
230.743	73.084	28.391	18.231
232.624	72.555	28.047	16.933
234.003	72.235	26.829	14.924
236.388	70.727	25.166	15.117
239.620	67.536	27.302	16.184
240.987	67.029	26.744	18.242
242.065	69.567	27.185	13.815
244.260	68.651	25.909	16.008
248.367	69.197	22.593	13.260
249.511	67.705	21.325	14.730
252.246	66.595	20.172	13.354
250.720	65.590	22.493	13.106
250.837	65.633	23.375	15.163
252.735	63.793	21.954	17.361
251.665	61.705	25.545	18.139
252.819	58.713	25.740	17.161
253.036	59.384	24.907	16.940
255.298	59.755	23.700	15.169
257.861	57.183	22.801	16.142
257.870	55.025	22.917	18.579
256.933	55.709	25.337	18.364
257.555	57.510	26.490	18.253
260.299	57.598	25.319	16.283
262.436	57.082	23.893	15.586
262.637	56.854	26.611	15.087
265.501	57.324	25.757	14.369
267.550	57.524	26.023	15.181
267.188	57.956	28.112	15.968
271.039	57.311	25.462	17.832
273.558	58.974	27.283	15.673
276.816	59.246	26.155	15.528
280.658	60.171	26.360	15.139
284.127	60.420	24.976	16.210
284.699	62.820	26.930	14.813
286.349	63.076	30.121	15.601
289.911	63.139	29.562	16.680
297.221	64.007	27.492	16.843
295.875	65.032	31.251	17.037
300.677	65.945	32.267	16.846
307.813	68.878	31.932	16.501
312.506	69.570	30.224	16.567
318.618	69.867	31.143	17.093
320.804	69.879	32.146	18.276
326.440	72.358	34.188	17.836
332.914	74.351	31.960	18.273
345.760	76.378	27.499	18.136
348.809	76.269	27.539	19.307
355.613	79.304	29.618	18.439
365.481	81.520	28.088	20.075
370.718	82.483	26.561	21.314
376.578	84.430	28.344	21.377
379.159	87.841	29.272	21.312
384.189	91.846	32.056	19.958
389.413	94.152	31.432	19.661
396.441	98.806	31.814	16.996
401.932	99.349	28.939	18.935
408.048	101.782	30.546	19.130
414.368	102.545	28.629	20.471
419.578	103.286	30.542	21.227
426.273	105.962	27.502	20.902
430.043	106.710	27.099	20.588
436.055	110.943	28.002	18.489
442.390	113.669	25.428	18.090
445.708	114.977	25.410	17.781
454.352	117.950	23.964	15.783
457.059	116.871	23.522	17.578
461.234	117.526	22.499	17.310
466.268	120.598	22.286	16.910
470.105	121.613	21.280	17.479
476.149	122.457	20.531	18.720
476.878	122.488	22.400	19.181
478.435	123.957	23.549	18.621
478.994	123.777	26.973	18.610
480.912	124.495	29.168	18.914
490.917	126.361	24.140	18.021
491.400	128.534	25.616	18.443
496.672	128.637	22.283	19.792
498.854	127.344	24.235	23.194
498.360	130.845	28.115	22.253
504.672	135.488	25.543	19.779
501.560	137.248	24.373	19.277
497.077	139.283	24.992	18.502
492.618	141.246	23.906	18.388
494.172	143.330	21.050	17.707
490.662	143.538	19.255	20.141
482.482	147.110	21.887	19.584
477.647	152.053	23.065	18.751
472.179	154.569	24.523	19.564
474.441	156.311	23.820	20.383
479.619	158.741	23.362	21.200
478.817	163.216	22.289	21.613
480.596	165.857	20.310	20.717
483.748	170.721	22.978	20.397
488.779	172.602	20.466	19.963
488.122	172.560	20.435	22.593
482.511	175.955	21.864	24.048
481.552	178.146	22.302	24.484
477.321	182.203	24.296	22.856
472.136	185.882	26.276	25.186
474.674	189.521	22.874	24.149
474.032	194.585	23.286	21.682
467.265	199.162	26.238	22.837
469.607	202.849	21.064	24.135
468.203	209.302	20.642	24.892
466.973	213.757	20.260	23.095
465.527	217.454	16.722	23.761
462.238	225.660	17.201	21.567
462.928	229.012	16.372	20.487
456.493	234.488	16.665	21.324
452.505	235.280	18.244	21.972
448.655	242.089	17.875	20.990
448.126	245.293	17.137	18.853
444.463	247.898	16.182	20.962
443.924	248.852	15.091	23.567
440.676	252.259	14.772	22.997
431.981	260.578	17.527	22.276
430.567	259.629	15.291	22.389
428.667	265.167	16.233	20.368
420.270	271.879	17.468	19.637
419.715	274.868	15.950	19.757
414.519	282.474	17.242	18.958
412.154	283.762	15.356	21.117
409.155	286.797	15.653	18.585
404.831	291.200	13.954	20.744
401.206	292.793	14.606	21.650
393.982	298.034	16.543	19.846
389.898	299.951	16.386	18.110
382.196	305.188	17.192	17.563
377.315	305.554	17.380	16.687
368.750	304.576	16.873	17.772
359.634	306.807	16.386	17.262
354.091	307.617	16.896	18.476
344.143	306.487	17.200	20.254
338.849	306.573	19.470	19.220
329.547	306.165	18.293	20.914
328.141	307.568	17.852	18.574
327.301	309.859	17.352	17.507
326.252	309.782	16.773	17.519
326.398	309.046	17.168	19.371
326.823	309.039	16.134	21.171
325.934	307.920	16.821	23.490
326.087	307.501	18.307	24.370
325.507	308.012	19.104	24.700
323.527	306.401	18.822	23.657
322.384	307.753	19.020	21.935
320.751	307.723	19.135	20.876
320.625	309.306	20.144	20.247
320.940	306.813	20.765	22.160
319.253	307.676	22.058	21.488
318.531	308.234	20.339	22.120
316.911	307.677	19.357	23.478
317.001	307.528	18.096	22.971
316.540	310.082	18.204	21.765
314.897	307.245	18.970	21.141
312.346	309.279	20.847	18.024
311.074	310.402	21.300	17.697
308.074	310.018	21.813	18.662
306.970	309.723	20.570	18.128
306.370	308.181	20.734	21.250
306.090	309.228	21.187	21.819
304.896	308.288	21.573	20.334
301.505	308.266	22.269	20.009
298.777	306.837	19.277	20.328
298.501	305.637	17.870	22.369
297.470	305.284	19.924	22.816
293.789	303.774	20.840	25.309
292.280	304.129	21.547	23.325
290.994	301.901	20.490	26.084
288.649	301.928	20.383	27.024
286.194	300.599	22.220	22.611
283.274	299.669	22.804	17.028
280.684	296.754	21.082	15.198
279.417	295.701	18.969	16.138
276.319	292.256	17.644	15.399
274.795	290.935	17.951	14.805
270.711	287.744	18.986	14.895
269.460	285.824	19.090	15.337
267.591	284.589	17.827	15.480
263.548	282.176	18.637	14.224
261.301	281.399	20.010	13.921
258.945	280.131	19.124	14.611
254.796	277.112	20.753	14.426
252.264	274.680	20.053	15.500
250.012	274.001	20.076	14.583
246.306	271.662	20.565	13.877
242.961	270.197	20.331	12.170
235.409	267.920	19.995	13.021
230.881	266.007	21.141	12.621
223.778	262.982	19.812	13.213
219.579	262.136	18.574	12.600
213.759	258.963	18.238	13.715
210.145	255.450	19.233	16.183
205.798	252.156	20.758	15.859
202.425	249.875	20.904	16.232
198.167	247.559	21.395	15.666
195.024	247.064	21.377	13.969
190.487	245.366	21.367	13.213
184.741	241.411	21.246	13.626
182.650	239.056	19.979	13.948
178.651	235.664	19.077	14.570
176.187	234.227	21.837	13.733
172.835	230.782	19.830	15.556
169.981	229.157	20.565	13.859
166.646	225.751	18.160	13.944
163.789	224.900	19.526	12.508
162.697	223.384	20.128	14.758
159.777	221.367	20.396	14.217
163.544	220.272	22.129	16.015
168.072	218.049	22.302	14.597
173.465	216.363	20.432	14.332
179.684	216.640	20.099	14.189
184.724	214.210	21.664	14.168
192.303	212.097	19.880	14.422
199.670	211.769	21.737	13.079
203.093	212.414	23.082	14.092
204.394	211.639	22.913	13.688
208.826	210.020	23.478	13.518
212.684	209.369	21.346	13.937
219.546	206.785	21.045	14.760
225.659	204.787	22.735	13.404
230.849	203.363	19.437	11.882
236.640	200.727	19.118	11.894
240.466	197.388	19.291	12.197
246.912	194.338	19.613	13.504
248.814	192.753	20.553	14.876
252.526	190.768	23.794	17.279
255.348	185.945	22.332	14.455
261.383	182.888	26.046	17.498
265.118	180.933	23.582	21.975
267.929	178.730	21.899	24.336
268.171	178.293	24.705	24.577
271.505	176.954	24.619	21.913
274.009	174.660	24.396	16.810
276.521	174.072	23.442	15.734
277.792	172.842	24.597	17.564
278.683	171.995	24.507	17.184
281.456	171.515	25.921	15.036
284.008	170.604	24.103	14.037
287.588	170.699	22.561	14.615
290.311	170.312	24.363	14.714
292.604	170.273	24.505	16.044
293.828	169.362	23.747	13.744
297.818	170.657	19.682	12.719
301.356	171.547	22.856	11.945
302.620	170.832	22.146	13.193
303.455	170.142	23.699	12.858
306.368	169.898	25.742	13.244
308.575	169.572	23.040	12.303
311.430	169.361	25.058	11.535
313.868	168.786	22.682	13.849
316.435	169.144	23.899	12.090
319.940	168.702	23.947	13.631
321.185	169.079	23.742	14.505
322.224	168.703	24.160	14.890
326.457	167.163	22.379	13.320
330.595	164.241	24.831	13.316
333.320	161.482	24.905	14.670
339.062	160.188	22.144	13.085
346.578	160.131	19.967	15.362
350.233	160.554	19.487	14.258
354.019	160.505	19.504	14.500
357.586	158.697	22.094	15.105
364.026	157.878	22.286	14.255
366.439	157.788	22.218	15.602
372.994	156.576	22.416	18.312
375.408	155.957	22.614	19.947
379.524	154.833	25.223	22.217
383.791	155.396	23.267	24.770
391.536	155.187	21.877	20.765
396.790	155.417	21.557	18.805
403.039	156.122	22.259	18.633
411.130	154.809	19.899	19.115
412.896	153.182	22.140	19.389
412.319	152.993	22.763	20.690
412.341	150.910	24.443	19.352
412.741	150.118	25.033	20.473
414.759	149.448	25.403	18.949
414.055	148.785	26.087	19.099
413.926	148.083	27.745	19.177
417.020	145.957	27.075	18.344
421.177	145.479	23.186	17.132
422.281	144.836	22.470	18.284
421.673	144.392	23.932	20.100
421.699	144.431	26.041	17.289
423.693	144.526	27.298	15.343
426.141	143.904	25.636	16.571
427.878	142.687	26.380	17.093
432.564	142.835	24.399	17.336
435.777	143.007	23.626	15.524
436.763	143.205	23.158	15.491
435.876	143.267	26.196	17.862
439.041	143.467	23.994	17.291
439.406	143.607	26.675	19.011
442.602	143.083	26.679	16.473
446.022	144.095	26.843	14.335
447.641	144.416	29.152	16.177
451.532	143.608	27.040	16.173
467.923	143.238	23.407	15.459
472.306	143.501	26.134	15.943
475.457	143.921	27.228	17.570
481.801	144.087	25.295	18.919
479.348	145.913	25.494	17.797
473.562	146.488	29.345	18.514
473.002	147.365	29.965	16.827
468.402	151.177	32.214	13.305
466.904	150.676	32.108	15.259
463.631	151.644	33.535	16.212
461.557	152.721	33.685	16.811
465.747	153.343	28.557	17.144
466.083	152.590	24.426	16.975
461.126	154.233	25.918	17.805
461.845	155.481	24.037	15.423
455.714	156.259	25.809	17.445
455.658	157.274	24.624	16.480
449.487	158.851	25.845	16.020
447.550	159.429	25.972	16.577
443.694	160.239	25.953	17.700
439.030	161.559	24.726	16.521
439.025	162.483	21.787	16.290
433.504	163.115	23.273	17.118
430.465	162.705	24.050	17.916
422.230	164.228	26.635	17.168
422.633	164.725	23.868	17.234
417.993	164.169	22.924	17.310
414.985	164.567	23.302	17.398
411.397	165.298	24.760	17.887
405.996	163.731	26.737	18.681
401.926	163.642	25.790	18.235
400.645	164.571	25.025	17.913
395.349	164.665	25.559	18.398
392.221	165.330	26.402	16.398
388.159	166.254	27.203	16.943
388.219	165.666	25.059	17.671
385.309	167.402	23.808	17.782
382.844	166.428	24.309	18.864
378.610	168.040	25.452	18.413
375.100	168.336	23.371	18.562
373.562	170.037	23.140	16.243
368.409	171.858	23.239	17.041
365.237	171.975	24.781	16.409
361.539	173.399	24.202	16.214
353.794	174.974	27.172	16.912
352.622	175.322	25.372	18.551
348.671	176.778	25.128	18.857
346.250	177.148	24.438	18.863
341.518	179.109	23.079	20.798
339.072	179.372	22.305	20.501
335.455	181.217	23.814	19.210
328.770	183.593	24.594	19.857
322.427	184.735	28.201	19.339
320.184	183.598	25.966	23.105
316.630	188.309	24.993	19.012
313.608	189.017	24.366	16.792
313.331	188.707	21.096	17.275
307.379	188.546	19.953	17.832
303.564	188.895	20.569	17.243
302.621	189.388	18.934	17.258
293.898	189.161	21.224	17.445
289.733	189.783	21.031	17.836
279.596	190.942	23.332	17.270
274.078	191.445	24.818	17.193
264.127	192.110	24.604	17.436
266.604	191.308	21.310	18.840
267.757	190.919	19.204	19.230
266.626	190.030	19.012	18.469
267.254	188.583	18.681	17.660
267.865	188.282	18.267	18.053
267.669	188.511	19.292	19.005
267.881	189.156	19.503	17.674
266.784	188.105	20.863	19.154
268.377	188.443	20.224	17.366
268.700	187.413	20.534	17.443
271.791	185.303	19.233	18.273
272.776	184.911	18.839	18.069
273.987	185.546	18.468	17.760
274.302	185.253	20.384	17.773
274.995	183.741	20.780	18.886
276.506	183.803	19.996	17.393
277.954	182.967	20.093	16.650
278.706	181.577	18.754	19.878
278.269	182.779	20.583	20.558
279.219	181.383	18.182	19.392
280.024	181.374	17.781	17.239
279.342	179.406	18.281	18.819
278.843	179.029	19.164	18.632
277.313	177.318	20.359	21.026
277.534	177.122	18.991	22.129
275.287	177.124	20.371	22.476
272.831	176.499	21.976	22.389
271.787	175.065	21.250	20.405
272.509	175.064	20.387	17.390
273.354	174.676	20.192	18.106
272.788	173.885	19.555	20.095
273.683	174.297	19.405	21.195
272.837	175.240	20.475	19.856
269.845	175.433	18.865	24.179
267.818	174.814	21.705	24.777
267.396	173.740	20.635	27.509
267.502	173.622	22.712	24.806
265.311	172.591	23.198	24.013
265.332	174.784	21.466	24.937
264.684	173.740	21.604	27.306
263.642	172.767	21.352	24.593
261.703	171.963	21.160	24.602
261.944	170.884	19.901	21.200
261.090	170.933	20.509	19.071
260.186	171.109	20.327	17.188
258.796	169.958	19.231	14.991
257.468	170.697	19.410	16.463
257.498	170.519	20.208	16.781
256.162	170.398	20.511	17.155
254.915	170.602	19.992	17.944
252.708	169.747	19.503	19.832
251.866	168.951	19.107	18.287
250.041	168.887	19.201	15.194
248.868	168.809	19.592	15.512
247.422	168.688	21.616	16.577
246.278	168.537	18.910	18.430
244.690	169.067	20.644	19.207
242.015	168.768	23.593	21.058
240.367	168.477	24.301	21.444
238.364	167.454	26.073	18.047
236.942	166.077	27.326	17.055
234.144	163.870	21.649	14.723
231.860	160.165	23.599	14.686
230.463	157.726	22.319	14.775
228.206	154.504	22.311	12.378
225.775	153.810	20.460	10.189
222.876	153.002	19.841	9.817
216.721	149.416	19.501	10.799
212.672	147.077	22.314	12.373
209.104	145.774	20.896	12.026
203.758	142.588	20.847	12.738
199.938	141.312	21.094	12.399
198.050	139.423	20.201	12.474
194.937	136.002	24.794	14.352
188.888	133.504	30.406	16.843
187.323	132.714	26.453	16.763
182.395	130.640	24.465	18.882
179.163	126.569	22.189	21.905
179.066	126.455	21.873	21.136
179.404	125.818	20.304	18.879
178.179	123.663	22.248	20.097
179.155	121.845	22.626	22.859
179.268	123.797	23.735	21.464
180.038	121.638	26.737	22.272
180.748	120.722	27.446	22.636
181.781	119.358	28.388	24.121
182.001	118.827	31.792	23.415
182.186	120.322	34.093	23.332
183.298	122.305	35.615	20.852
190.927	120.564	32.621	22.143
199.553	120.446	28.586	21.012
200.094	121.862	29.229	20.170
199.121	121.044	31.497	22.853
204.023	122.767	29.791	21.100
205.081	124.271	30.950	20.080
211.898	125.441	26.324	16.703
213.070	126.287	26.122	15.695
215.875	125.618	24.176	16.245
215.545	125.683	23.897	16.593
216.653	125.828	22.893	17.341
216.284	125.633	22.810	19.074
212.754	124.522	26.489	17.841
209.371	124.296	26.647	16.523
206.981	122.939	22.850	14.272
204.519	120.916	21.627	14.266
202.145	119.252	23.548	14.719
196.966	116.105	24.064	15.567
191.254	114.943	27.378	16.865
188.858	113.431	28.178	18.368
184.824	111.623	28.868	19.850
176.979	109.311	28.486	18.518
173.552	107.993	26.065	17.139
166.630	105.353	24.488	17.037
163.088	103.644	24.616	14.057
159.699	103.232	24.014	12.999
149.471	100.601	25.182	13.100
144.497	99.241	26.953	13.220
137.552	95.448	24.434	15.244
133.115	93.764	25.745	15.961
126.023	90.766	23.509	18.083
121.813	87.917	21.103	21.138
115.031	86.273	21.792	21.105
111.365	85.020	22.685	18.832
109.807	84.866	21.568	18.258
103.251	81.639	19.383	14.189
107.781	80.322	17.089	12.166
109.768	78.767	17.621	12.239
113.097	76.656	19.735	12.458
118.334	74.566	19.050	13.340
120.870	73.429	19.572	13.030
124.565	72.909	21.931	13.313
127.372	70.663	24.136	14.792
130.779	69.755	26.221	15.828
136.435	67.094	25.265	20.492
141.371	67.670	24.295	18.502
149.583	65.922	23.585	16.015
158.174	64.228	22.239	14.428
164.331	64.375	22.162	12.876
167.093	63.686	20.998	12.748
174.752	60.991	21.236	13.518
180.104	60.935	22.022	12.730
187.440	58.296	20.604	13.832
190.148	57.809	21.305	13.344
196.768	54.863	24.151	15.412
201.374	55.340	24.442	15.815
208.115	53.163	24.494	15.168
213.191	52.962	26.418	17.298
218.442	53.017	27.560	15.415
228.011	52.955	25.152	14.594
237.357	52.622	23.672	12.595
245.158	50.368	25.088	13.070
245.417	50.153	26.881	15.872
243.431	50.126	28.721	17.739
244.368	52.202	27.169	16.477
246.035	52.608	26.045	16.210
246.184	51.978	25.408	17.522
246.236	51.926	25.590	17.443
246.294	52.248	25.661	16.686
246.469	51.933	26.224	15.549
246.067	52.482	25.673	15.704
246.039	53.806	24.659	13.222
248.035	54.085	21.739	14.128
245.930	53.644	24.347	14.110
244.817	52.969	24.383	14.365
243.120	53.911	22.923	13.151
240.229	54.911	25.553	12.273
238.663	53.715	26.400	13.779
237.659	52.361	25.748	13.453
235.577	54.009	24.435	12.520
233.497	54.054	22.238	12.374
229.441	53.872	24.085	14.815
228.852	55.196	23.925	14.337
229.060	54.959	24.292	13.280
225.937	55.793	24.808	12.615
223.316	55.292	25.412	15.667
220.939	56.519	28.340	17.392
219.820	57.257	29.659	16.743
219.809	58.914	29.249	14.765
218.288	58.979	29.511	15.401
218.689	59.102	27.669	14.383
216.910	59.585	27.089	16.019
214.868	60.440	29.102	16.859
215.359	60.525	27.410	17.233
212.941	59.836	26.058	19.144
215.393	59.733	23.482	18.581
213.561	60.058	25.278	18.528
210.211	60.256	28.524	16.239
210.125	59.836	27.413	16.673
209.492	61.517	24.657	16.890
209.460	61.884	26.487	15.465
208.873	62.412	23.841	14.926
211.726	62.523	21.874	13.662
207.824	62.035	23.119	15.935
208.440	62.409	23.352	17.519
209.034	61.877	23.066	18.300
208.512	61.896	24.853	18.136
208.708	62.077	25.123	18.916
210.029	61.917	25.818	17.144
209.797	63.531	28.173	16.739
212.763	63.146	27.012	17.204
215.053	63.283	27.759	17.221
216.158	65.752	29.189	14.974
217.226	66.909	31.465	15.375
220.686	65.819	29.649	17.389
223.343	67.563	29.004	15.921
228.591	68.673	28.138	14.609
231.342	68.846	29.141	14.201
232.308	67.653	29.920	16.159
236.592	68.673	29.027	16.538
237.855	68.804	29.293	16.159
241.748	68.637	29.467	15.252
247.836	69.546	27.418	15.043
252.662	70.576	27.719	15.614
256.403	71.161	25.934	16.748
261.267	70.874	24.667	16.439
263.843	69.517	24.235	18.307
264.264	68.199	24.599	21.516
266.179	68.534	25.520	21.403
267.442	70.547	25.281	18.885
270.129	69.510	23.663	17.301
269.646	70.704	24.572	17.168
271.685	70.004	23.978	16.477
276.401	69.806	20.565	15.711
274.405	69.992	23.947	16.923
275.066	68.243	23.909	20.262
275.518	68.927	25.255	17.673
277.218	71.221	25.182	15.021
278.276	69.626	24.617	17.606
279.275	69.873	24.440	17.423
280.810	72.116	23.478	16.124
282.421	73.720	22.778	15.812
284.271	74.930	22.813	15.277
284.433	73.450	24.234	17.916
284.519	75.090	24.198	16.692
285.460	75.855	25.792	17.066
286.237	77.246	26.709	17.599
288.571	77.690	25.015	17.065
290.710	79.186	25.462	16.497
294.062	79.989	23.499	15.826
295.970	82.037	24.129	14.690
297.399	82.302	24.003	15.650
297.570	82.892	24.937	16.600
298.781	83.377	25.919	17.422
300.573	85.038	25.474	18.155
301.355	86.332	26.672	18.276
300.762	87.990	27.495	17.351
302.508	89.276	26.975	17.302
303.442	91.633	26.675	16.068
303.760	92.211	26.684	16.643
305.320	92.457	25.493	16.902
305.893	93.591	26.563	16.964
307.184	91.873	25.248	17.781
306.650	90.317	28.100	18.952
305.004	93.418	31.752	17.980
306.740	91.882	34.408	18.876
309.809	90.903	33.422	18.503
307.069	90.714	34.374	19.007
302.100	91.597	34.817	19.424
300.486	95.016	34.511	18.144
295.596	96.141	33.992	18.410
296.649	96.479	30.214	20.354
291.757	100.166	32.538	19.700
287.517	102.023	34.425	17.872
285.083	103.121	33.608	22.540
282.584	106.101	33.185	21.967
280.778	108.097	34.380	21.492
278.676	110.571	35.169	21.631
276.666	113.614	35.847	22.679
276.159	116.164	33.649	25.157
275.271	119.611	34.572	23.444
273.682	123.333	34.465	24.133
274.338	125.447	32.295	23.300
271.428	132.409	32.650	22.609
270.361	134.298	32.998	23.640
272.942	141.327	29.304	21.883
271.074	144.614	30.072	21.716
268.860	147.121	30.150	23.710
267.517	154.459	29.151	24.160
268.066	156.957	29.034	23.643
266.433	160.844	30.281	24.545
264.394	164.763	31.792	24.630
265.006	175.497	29.523	21.334
273.189	183.919	20.197	21.178
274.974	187.796	17.429	20.305
272.766	195.506	15.960	20.813
270.722	200.052	15.821	20.033
268.223	204.351	16.985	20.558
265.993	212.783	19.032	20.352
265.006	215.790	19.442	21.060
264.151	225.547	17.456	19.928
264.362	228.130	16.973	20.845
262.877	232.054	17.583	21.132
261.459	236.287	18.511	21.178
259.126	247.151	17.186	20.465
256.812	258.814	15.468	19.194
254.613	264.161	15.801	19.263
253.081	267.457	16.949	19.781
248.798	279.584	17.858	19.989
245.871	284.043	18.110	19.884
243.734	288.616	17.000	21.918
239.402	300.810	17.965	19.197
238.014	305.730	18.518	19.402
233.618	313.438	19.068	20.936
230.088	324.202	18.603	20.887
228.339	327.757	17.441	23.077
225.547	335.498	18.800	21.754
220.318	345.670	17.618	21.335
216.357	350.882	19.192	20.503
212.953	355.979	18.920	20.671
209.006	363.631	18.261	21.229
205.873	367.724	18.745	21.483
199.191	376.010	18.591	20.482
198.159	378.667	16.198	20.895
193.061	381.744	17.701	20.590
192.281	384.353	17.204	22.081
181.272	389.744	24.012	21.673
174.079	393.673	25.491	25.514
170.640	397.462	26.807	25.383
161.366	402.762	30.090	26.183
147.109	401.201	38.042	31.378
147.126	401.943	37.853	31.906
130.281	406.845	44.274	30.797
143.663	410.248	35.967	29.692
149.072	422.698	28.313	29.663
144.548	426.292	25.780	29.974
143.896	433.534	26.899	24.583
139.106	436.004	30.946	23.293
135.434	429.676	33.504	27.845
89.984	381.991	9.972	12.583
82.552	383.180	18.167	11.401
76.935	381.534	20.473	14.773
71.212	380.159	27.183	15.375
66.039	381.286	30.135	20.895
77.949	435.230	20.757	7.771
72.192	433.407	24.062	17.489
63.874	427.227	34.125	20.192
66.193	432.533	32.772	22.496
72.705	387.999	29.413	6.348
70.666	379.476	27.727	20.266
76.532	431.592	20.895	6.404
73.680	431.077	23.330	17.354
68.547	433.208	30.053	20.253
65.403	434.651	31.435	22.084
67.292	435.082	31.492	22.493
61.944	428.128	36.291	24.702
21.878	379.049	32.149	12.169
