677.000	138.000	18.000	40.000
674.497	139.693	21.470	38.500
674.316	139.168	21.321	38.564
673.576	139.942	21.589	37.628
672.450	139.541	22.303	37.447
672.488	139.459	21.654	38.764
672.672	139.819	21.670	38.330
671.995	138.982	21.852	39.508
672.048	138.807	22.050	39.813
671.508	138.526	22.615	39.555
671.192	138.015	22.704	40.348
670.773	137.971	22.897	40.553
671.861	137.799	22.787	38.714
670.810	138.344	23.573	38.096
672.241	138.919	22.538	37.099
670.134	138.789	24.601	38.943
671.314	138.074	23.053	38.287
670.703	138.101	22.900	37.826
671.815	137.733	22.294	36.172
671.984	137.542	22.417	36.538
671.596	137.982	23.359	35.664
670.490	138.907	25.384	35.126
671.036	138.688	22.845	37.036
630.609	95.921	25.469	36.574
671.656	139.237	21.594	35.207
634.282	143.627	23.513	41.977
646.782	142.616	23.179	40.400
649.643	144.462	22.823	38.778
648.232	146.041	23.051	37.362
629.042	143.645	22.886	39.165
626.702	146.350	21.702	38.255
644.163	146.740	25.063	36.999
646.498	148.281	21.917	36.317
645.912	148.813	20.970	35.943
644.909	148.996	20.746	36.333
644.082	149.338	21.160	35.547
642.960	150.534	21.159	35.044
642.010	151.172	21.290	35.756
642.362	151.265	21.126	35.404
640.975	150.648	21.819	36.276
640.196	150.496	21.571	35.555
640.534	151.594	20.199	34.987
638.128	151.335	21.511	35.901
595.973	146.987	22.080	45.593
625.130	156.977	22.376	33.130
564.825	147.946	32.297	50.455
592.573	151.078	31.672	36.211
549.517	149.431	31.802	43.324
549.915	147.651	25.142	44.043
552.573	147.979	26.057	42.012
552.113	147.419	25.855	42.620
533.961	149.953	23.380	45.187
550.216	151.707	20.374	40.994
569.287	137.133	25.456	34.888
512.092	146.379	32.246	51.706
524.242	152.888	23.440	47.438
523.866	153.226	23.658	41.893
521.716	152.327	23.498	43.320
522.058	154.609	23.315	41.457
520.913	153.103	22.184	44.440
521.398	154.898	21.039	41.424
520.724	156.265	20.875	40.262
520.279	156.191	20.341	40.273
519.121	157.201	20.666	39.473
518.519	156.342	20.966	38.415
516.752	156.835	21.123	37.215
516.119	156.729	19.405	38.089
514.497	156.259	20.985	39.055
513.144	154.277	20.339	41.900
511.073	154.575	21.264	41.200
506.272	153.687	25.470	42.521
506.412	157.292	22.130	41.011
492.418	154.146	22.519	42.743
508.572	156.085	21.552	41.804
502.607	154.379	25.163	42.765
497.919	152.133	27.986	47.729
489.379	154.090	23.729	47.707
446.915	160.661	20.981	44.518
503.345	157.970	21.918	45.350
502.095	159.073	22.590	44.229
496.567	157.720	25.551	44.587
487.550	155.297	20.936	44.896
485.418	155.215	28.578	44.491
495.015	154.322	25.460	44.266
485.857	154.115	21.520	44.571
486.978	155.565	27.570	48.451
494.168	156.879	24.873	49.218
484.714	155.276	22.125	48.190
475.732	158.097	25.274	45.966
494.642	158.130	24.845	44.651
493.424	159.324	24.427	45.125
497.603	158.011	19.700	45.197
495.721	162.407	23.088	40.853
495.703	161.389	21.625	41.335
495.614	162.047	20.625	42.450
495.377	162.929	20.404	41.974
494.041	163.095	20.727	41.227
493.287	162.417	19.910	40.606
492.144	162.605	20.109	37.809
492.197	162.789	19.159	39.121
486.448	156.012	24.571	55.063
421.217	273.186	41.586	69.895
424.766	273.941	40.097	72.284
425.408	277.741	37.527	75.187
426.692	278.538	47.469	121.789
423.534	278.948	36.170	86.056
436.354	279.983	51.244	116.738
425.501	286.924	47.290	108.469
293.941	415.800	56.825	81.516
430.406	281.438	37.356	79.892
432.457	282.080	34.810	78.041
432.866	285.014	37.926	81.347
434.789	285.299	36.650	78.532
435.947	284.260	35.753	78.666
435.446	284.017	38.995	81.040
436.216	284.268	37.772	83.300
438.491	285.322	35.721	84.752
437.592	286.740	37.805	85.608
439.476	289.133	36.855	87.738
440.945	289.620	36.456	75.571
441.125	290.476	34.267	81.716
441.264	290.391	35.881	83.244
441.134	291.692	35.998	84.046
440.353	290.223	37.657	86.627
442.211	292.890	37.588	84.705
444.097	295.260	36.361	83.582
444.513	294.497	34.994	88.532
444.076	295.679	36.727	90.402
444.569	297.327	36.789	89.518
443.801	298.997	37.582	91.761
442.229	298.134	38.234	87.122
442.251	300.927	38.513	85.754
442.278	301.006	39.140	83.637
442.700	299.465	38.895	92.271
442.622	302.292	37.681	94.045
441.952	303.968	38.530	93.518
440.187	304.695	41.819	93.483
433.338	306.042	48.742	99.053
435.736	305.675	44.690	93.103
437.066	306.177	42.693	92.899
432.670	306.854	45.576	91.021
433.024	307.082	46.107	95.318
431.998	308.879	45.627	95.600
433.726	309.599	43.712	87.220
430.856	311.368	46.108	97.847
427.562	313.029	49.353	99.470
430.014	314.365	44.663	99.275
423.717	314.583	49.382	96.615
426.830	313.985	47.145	99.650
423.576	314.820	48.919	97.758
427.163	317.477	45.043	101.486
425.376	318.603	45.740	99.092
422.874	318.750	48.909	98.123
422.795	319.555	48.720	102.619
423.075	320.619	46.957	87.816
420.008	321.196	49.397	101.852
421.364	321.237	47.829	91.009
421.273	323.167	49.218	89.704
422.227	325.648	49.662	102.445
423.896	326.430	48.453	93.479
424.617	325.845	48.859	95.287
425.402	328.201	49.217	98.886
426.494	330.153	48.245	105.371
426.238	330.434	48.227	105.449
427.110	330.460	49.500	104.586
430.857	329.421	47.856	101.272
432.960	331.730	48.297	105.878
433.764	332.621	49.400	108.373
434.619	333.406	50.672	108.119
436.069	333.959	50.143	106.470
436.943	334.852	51.843	109.040
439.066	338.036	50.908	112.811
439.403	338.237	53.303	111.627
442.433	338.034	52.574	112.982
444.683	339.357	53.191	112.017
449.624	340.549	51.228	115.641
449.879	342.833	52.881	117.193
450.862	342.811	53.709	116.138
454.903	343.693	52.752	117.354
454.130	345.713	55.057	119.477
455.374	346.941	55.830	119.928
456.296	347.265	56.883	118.385
459.793	346.638	54.926	114.694
464.314	349.139	53.020	110.983
467.399	349.901	53.925	118.003
470.128	351.198	53.374	118.623
472.434	352.412	54.449	117.535
470.990	353.243	57.411	119.870
471.802	353.150	57.204	123.372
473.667	356.733	56.216	116.178
473.415	358.048	57.725	116.573
475.835	358.855	56.417	111.903
477.053	360.462	56.224	117.135
478.814	358.811	55.913	123.078
479.746	362.400	56.357	120.480
481.355	362.183	55.929	119.515
477.867	362.337	60.334	128.191
478.385	366.697	60.424	127.898
478.705	365.791	61.720	123.279
480.107	367.409	61.022	131.416
483.006	368.864	58.589	126.779
484.635	370.979	60.836	130.620
486.465	372.973	61.446	131.701
490.599	373.608	59.813	130.076
491.269	372.417	62.586	124.616
491.018	374.888	64.858	133.660
493.328	377.362	63.391	133.693
495.129	377.784	63.616	129.158
496.049	379.914	65.084	130.751
502.410	382.194	60.480	128.514
516.848	379.920	60.504	127.550
509.102	393.930	64.211	126.096
533.247	387.600	63.999	131.224
577.139	387.060	67.141	127.990
585.765	388.326	64.691	132.833
587.667	389.538	66.040	129.691
592.012	391.010	63.486	125.169
596.256	389.855	62.105	131.148
599.492	391.662	62.642	131.572
602.993	395.127	60.976	127.744
605.240	397.805	60.830	122.695
603.761	399.481	67.293	126.666
605.992	402.271	68.466	119.434
607.833	404.565	68.062	116.816
612.362	404.690	66.967	115.673
617.017	403.173	64.894	121.148
622.523	406.552	65.292	115.676
625.204	408.270	65.863	116.206
628.692	410.719	63.760	112.319
629.596	410.181	65.572	112.904
629.316	411.912	64.560	109.069
629.994	411.645	62.763	110.850
629.341	411.533	60.996	112.562
630.598	411.703	60.076	112.522
631.372	412.732	60.066	112.373
632.758	413.660	60.866	111.602
632.625	413.903	63.539	110.854
634.391	412.549	64.587	112.050
636.667	411.771	64.394	113.027
639.189	414.504	64.996	110.005
645.762	413.268	61.149	112.263
649.863	413.958	62.535	111.091
654.681	416.661	60.127	107.599
657.914	418.929	59.120	106.747
661.109	419.266	56.338	105.285
663.631	419.966	57.602	105.135
667.285	422.864	56.480	101.826
672.918	421.293	58.883	102.593
680.846	421.286	55.011	101.308
691.832	424.928	49.214	99.134
696.697	425.459	50.065	98.531
698.479	427.475	53.149	96.786
697.992	431.105	61.387	94.397
694.536	430.407	65.136	91.832
692.060	429.714	68.654	94.194
693.799	431.236	71.038	93.735
698.712	434.051	67.465	90.851
701.365	435.494	65.366	89.943
704.851	435.889	61.747	90.466
703.739	437.650	64.126	86.962
702.777	441.112	64.612	85.622
704.664	445.645	62.507	80.435
705.594	445.597	62.406	80.260
707.064	446.839	60.690	80.034
711.081	449.914	55.650	76.918
712.815	452.226	54.767	75.293
715.313	452.156	52.192	76.027
712.664	454.227	54.968	73.781
707.110	458.350	59.911	69.283
705.617	461.202	60.712	67.754
709.275	464.057	57.477	62.453
711.070	464.441	56.571	62.504
713.347	464.561	53.655	64.406
717.743	467.730	49.560	60.814
560.645	421.241	58.808	109.153
721.287	474.145	46.183	53.848
721.474	475.771	46.370	52.048
580.171	425.518	52.861	104.387
583.964	426.546	52.030	102.662
727.208	484.456	40.734	44.663
733.864	486.751	33.729	40.685
739.531	487.761	28.006	38.647
744.924	490.719	22.754	35.352
747.925	452.547	18.286	57.827
768.000	487.005	0.000	45.670
603.891	438.653	57.603	88.980
606.472	439.408	55.231	86.701
607.541	440.365	63.050	87.875
612.444	442.448	56.354	87.788
615.538	443.833	56.710	84.459
618.693	446.713	56.896	81.614
620.112	446.987	58.280	81.883
623.760	448.120	58.545	80.961
628.881	451.363	57.158	78.409
633.415	454.080	57.256	75.592
637.073	455.757	57.463	74.040
639.287	456.672	57.470	72.779
642.393	459.323	55.961	71.718
646.233	462.825	54.754	66.871
649.623	463.621	53.448	65.323
653.268	463.371	52.117	64.615
656.421	464.283	50.844	63.361
661.545	466.738	48.779	62.289
666.592	470.088	50.203	59.952
670.713	471.872	50.281	57.607
673.838	471.838	50.681	58.228
677.314	473.613	52.588	54.609
681.895	477.821	50.336	50.808
684.584	479.857	49.640	48.346
687.336	480.446	47.688	47.820
691.745	481.036	46.209	47.347
695.353	483.304	46.187	44.318
702.710	488.007	45.554	41.573
705.875	489.531	43.091	37.465
709.752	489.877	45.141	38.045
713.494	490.909	44.048	36.094
718.353	495.031	41.650	33.260
724.794	498.671	36.492	29.013
729.349	499.636	33.925	28.399
732.325	500.814	33.758	25.755
735.525	504.790	31.300	22.655
742.063	509.839	25.498	17.703
749.947	511.005	17.856	16.198
753.075	511.937	14.908	14.000
750.719	497.921	17.281	30.963
756.061	513.936	11.850	12.464
738.915	489.331	27.621	34.816
741.126	481.972	24.003	39.389
734.370	459.315	28.734	54.579
725.386	459.493	35.313	54.754
767.023	458.895	0.977	38.621
739.440	450.183	25.960	67.671
681.145	358.425	75.191	145.350
658.990	273.818	62.179	170.379
295.346	201.214	89.850	212.596
283.516	202.291	67.821	160.830
288.482	229.192	118.112	196.863
294.439	192.907	71.618	131.711
298.724	250.273	52.414	105.412
298.124	254.705	39.747	93.223
296.465	261.955	41.233	78.992
283.118	208.547	30.054	70.894
325.064	236.376	54.706	138.664
281.832	255.964	107.436	161.144
300.517	293.727	188.025	223.045
231.146	262.059	296.210	294.303
329.015	267.716	147.208	193.252
335.358	243.708	108.958	175.142
234.681	265.493	36.374	92.807
298.344	257.718	41.604	94.946
229.832	261.759	40.490	95.345
304.772	260.909	48.342	111.809
281.141	197.604	50.913	91.118
220.288	273.951	47.001	90.389
300.216	218.210	31.847	63.674
280.582	261.274	54.533	143.986
282.298	256.911	44.977	95.533
223.833	278.546	38.090	88.562
264.896	218.605	27.183	71.928
265.301	218.384	29.550	71.202
262.453	218.778	29.991	69.977
261.763	219.159	31.044	70.873
290.850	218.674	29.887	62.538
296.548	222.393	29.126	56.385
298.152	220.466	25.301	51.850
289.922	216.535	34.404	77.130
257.416	223.896	31.734	70.062
255.930	224.505	30.215	67.936
257.248	222.837	31.503	70.107
257.304	222.972	31.237	69.823
257.054	223.721	29.621	71.055
291.608	283.867	49.196	114.215
292.953	285.755	48.439	104.899
298.099	286.574	47.960	101.059
302.898	289.117	45.142	101.498
309.678	288.083	45.244	102.632
319.015	286.591	49.998	107.613
160.840	410.993	127.924	116.149
313.169	292.764	47.753	104.193
328.632	289.534	48.643	97.627
255.975	424.766	113.988	109.735
309.361	277.403	71.148	117.045
333.122	444.086	146.059	96.899
393.553	453.114	127.409	77.113
443.644	460.460	121.866	68.028
502.197	470.171	88.978	59.824
560.405	480.530	75.521	46.551
618.899	493.053	57.173	36.982
566.158	416.975	36.363	14.131
666.919	481.726	35.421	44.075
625.333	426.199	68.937	83.236
647.319	456.160	59.431	82.010
659.773	457.008	45.595	74.031
485.916	228.076	14.827	49.139
435.393	207.072	35.929	65.557
430.410	204.267	40.355	71.687
427.214	205.678	40.725	70.063
423.383	204.619	34.642	70.266
420.984	207.233	34.269	69.348
422.153	204.294	37.565	73.183
418.985	208.319	37.199	70.059
427.462	208.266	29.440	68.589
503.351	209.810	30.307	66.629
327.386	309.150	65.741	137.389
329.002	309.435	58.131	98.773
329.146	306.523	51.165	103.304
326.947	302.828	50.293	104.438
331.115	302.479	79.034	147.160
342.546	223.968	105.899	174.964
332.246	259.336	119.531	227.305
335.772	301.609	65.128	178.965
323.287	312.632	66.260	103.617
335.003	319.349	70.130	150.869
333.101	325.481	60.432	120.817
343.890	333.048	51.505	115.494
329.208	306.284	69.325	153.575
346.291	338.101	54.186	122.842
337.174	322.714	77.593	143.894
341.659	292.542	82.708	185.450
336.221	273.859	119.482	212.467
328.163	243.259	191.716	200.717
324.011	234.427	151.224	266.225
269.967	246.576	283.993	278.161
195.256	182.213	334.521	393.787
318.116	239.397	164.400	222.101
311.817	273.399	189.867	302.601
146.290	226.311	363.761	349.689
193.308	105.586	366.222	413.047
245.822	24.118	422.488	502.550
252.216	196.883	227.193	300.044
129.750	184.293	376.447	355.115
190.915	358.574	225.683	173.632
300.566	161.580	219.236	248.941
233.034	378.735	63.668	143.186
312.755	363.246	103.078	165.883
358.205	357.706	97.994	151.109
346.647	372.087	85.775	154.295
357.606	383.902	59.806	133.797
422.248	236.105	39.036	75.546
503.015	221.079	30.829	76.575
432.180	237.545	34.679	83.793
436.702	237.453	41.330	86.756
377.335	232.404	75.077	130.044
314.957	252.456	16.756	81.770
438.556	220.214	45.568	67.547
359.394	254.933	36.162	81.157
379.832	256.080	38.802	87.450
406.185	255.280	37.442	86.992
434.078	252.904	54.985	99.719
