5.000	226.000	37.000	44.000
10.921	222.336	34.785	48.071
26.819	220.054	40.909	48.702
38.047	212.557	39.509	57.371
49.654	196.053	51.859	57.364
106.103	154.691	52.606	47.178
133.711	139.926	49.427	48.503
159.927	122.205	51.184	47.382
190.639	110.815	44.462	43.563
215.216	98.578	43.627	41.177
262.451	83.045	42.287	37.407
291.454	72.995	41.309	37.071
311.395	66.705	41.212	36.406
333.642	62.253	42.835	34.927
361.831	61.955	42.167	34.177
410.121	55.059	40.681	34.048
432.524	54.730	40.224	33.368
454.017	55.530	42.536	33.479
475.152	57.798	42.960	34.563
496.193	61.551	44.255	35.851
543.573	70.948	40.687	35.767
562.581	75.121	42.900	37.641
582.458	81.125	43.399	40.101
602.284	89.332	44.068	40.953
624.365	100.626	42.587	41.044
667.518	124.917	40.278	44.641
659.776	120.601	73.213	68.769
687.214	126.495	47.864	53.618
695.912	116.549	45.201	46.352
695.813	109.135	42.328	43.257
691.987	97.213	42.768	40.704
689.114	90.596	41.652	40.577
687.833	85.808	40.790	37.592
686.785	80.308	38.507	35.717
684.393	78.497	38.814	35.015
680.494	78.018	39.103	33.507
677.884	77.653	38.181	34.399
674.763	79.678	37.788	35.573
671.703	83.085	37.822	37.374
669.922	86.612	37.918	40.549
666.148	100.647	38.994	37.561
663.787	106.884	40.143	39.388
663.663	114.690	38.730	43.697
663.016	119.624	38.486	53.130
651.613	131.933	58.370	86.982
659.295	149.144	46.442	70.348
657.957	179.315	44.321	50.620
656.898	194.474	42.010	52.886
656.891	203.837	40.600	54.410
655.552	157.950	46.757	110.440
850.475	276.712	66.536	197.014
850.404	266.176	69.028	201.484
850.787	278.067	70.122	186.350
850.377	309.397	65.309	159.916
847.226	309.096	67.919	152.298
849.795	311.105	61.818	146.922
850.793	314.537	59.282	146.961
850.017	322.684	58.823	142.252
854.556	330.439	55.547	135.935
857.195	336.650	52.067	132.117
859.065	340.833	49.132	123.570
861.441	341.460	45.802	123.883
861.745	340.495	45.946	125.744
860.690	338.560	48.464	124.344
861.141	339.014	51.849	119.199
851.507	292.713	82.368	168.798
842.518	334.278	72.294	125.323
843.585	334.677	64.781	122.230
829.696	305.096	99.546	161.772
833.461	332.580	82.140	128.313
835.816	335.221	69.979	122.356
837.446	335.626	72.977	124.567
840.732	338.313	62.864	118.499
841.734	338.208	59.237	112.051
842.519	339.547	59.959	116.695
846.544	339.269	54.739	115.097
846.971	338.770	54.590	120.364
848.452	341.048	52.842	118.338
850.961	340.628	52.135	120.544
849.702	342.739	53.840	115.752
851.879	350.866	53.939	113.226
846.772	354.072	55.971	115.582
847.283	300.792	91.449	174.290
846.917	349.187	53.071	127.336
844.198	345.165	55.047	116.607
846.270	343.693	52.283	129.295
845.504	344.082	53.460	123.229
847.511	344.144	49.818	122.826
845.195	342.982	51.753	124.687
843.080	343.417	53.974	123.724
844.418	343.476	53.031	122.796
848.136	342.453	49.648	125.958
850.301	344.627	47.629	125.611
851.004	345.046	47.962	120.024
853.256	342.715	46.743	121.706
850.710	343.090	49.472	120.848
851.269	341.313	48.742	118.624
846.099	341.421	54.095	117.842
844.111	335.814	55.573	122.262
842.826	340.047	57.675	121.250
842.660	332.316	58.867	128.158
846.001	343.896	56.297	126.433
844.033	340.765	56.651	127.335
842.237	344.731	57.650	124.436
841.531	344.647	57.880	127.331
845.199	346.696	55.892	131.107
844.418	345.502	58.022	134.288
847.112	347.904	55.589	131.168
847.171	342.490	55.700	135.625
851.680	341.266	53.942	123.672
