63.000	237.000	74.000	116.000
77.271	236.553	64.760	117.056
83.797	235.999	63.503	117.599
92.980	237.003	60.847	114.534
102.574	236.583	57.703	114.423
111.926	233.538	58.037	115.841
115.709	226.622	63.312	116.232
120.392	220.880	65.394	119.956
126.961	219.613	64.743	120.003
135.207	218.988	60.693	119.972
140.284	219.104	59.757	118.392
146.160	217.955	57.880	116.497
148.747	217.545	58.426	116.022
152.005	216.676	59.043	117.259
154.804	216.408	60.634	116.672
158.360	216.879	60.927	115.202
162.641	216.293	60.877	110.855
166.468	213.409	60.902	112.173
172.041	212.635	61.549	113.626
179.184	213.419	60.687	112.960
186.964	212.814	55.814	112.369
194.412	212.094	54.412	109.783
199.738	212.018	52.004	109.494
205.535	212.837	49.007	107.896
210.031	214.068	47.213	105.867
214.179	215.600	47.336	104.853
217.526	215.153	48.853	105.661
223.876	213.230	48.103	105.625
225.009	209.743	53.065	107.827
226.984	208.647	55.800	109.201
230.654	209.839	56.828	106.687
235.259	210.533	56.590	107.718
239.552	208.932	56.276	107.935
241.115	205.784	58.641	109.969
243.716	206.545	58.471	108.514
244.824	206.115	59.724	109.571
245.903	203.282	60.184	108.423
247.421	200.854	60.398	108.530
251.198	200.699	57.866	108.458
255.628	200.143	53.246	108.860
254.604	198.908	54.907	109.539
255.843	197.971	55.377	108.394
257.005	195.758	54.656	107.811
258.197	196.094	54.292	107.319
257.541	197.288	55.321	105.793
254.005	197.340	58.143	104.302
253.672	194.306	57.490	105.087
254.923	192.542	56.028	106.131
255.795	193.963	55.968	103.367
255.963	194.392	56.603	103.878
254.202	192.580	59.027	104.436
257.090	190.104	56.242	102.143
258.317	190.047	54.805	103.794
259.310	190.947	53.234	102.973
259.802	190.995	52.007	101.799
259.589	190.759	50.283	101.482
255.866	187.988	53.639	101.742
256.895	189.138	53.204	99.291
258.209	189.399	52.133	99.393
260.446	189.366	50.922	99.930
261.107	187.571	49.520	98.866
258.762	184.975	51.897	101.127
256.881	186.025	53.735	98.774
256.848	186.333	52.306	98.083
254.015	187.144	53.980	98.195
253.828	184.274	52.260	96.884
253.298	182.669	51.407	98.629
251.232	181.400	53.483	98.669
250.200	182.727	55.324	96.708
248.881	182.295	57.606	97.277
249.236	181.334	56.316	94.967
249.420	179.151	56.636	95.509
248.748	177.826	57.366	97.106
245.686	177.231	57.911	96.479
245.412	177.424	56.510	97.820
244.774	176.989	57.189	94.202
241.785	176.350	59.290	94.948
241.239	176.436	58.281	95.278
244.739	177.216	53.532	94.613
243.858	175.628	54.933	93.988
246.151	174.298	52.965	92.504
244.161	173.609	54.102	92.691
244.659	174.231	53.454	91.380
243.628	175.069	53.871	91.969
243.641	193.741	52.153	92.912
246.260	236.321	49.276	95.240
249.553	240.688	51.662	91.090
251.566	240.864	50.829	89.634
251.261	240.940	51.341	88.698
251.793	239.166	52.414	88.082
253.153	238.556	50.824	88.697
252.986	239.944	50.139	87.037
253.873	238.803	49.737	87.279
253.202	236.686	50.492	86.433
253.322	235.343	51.570	86.801
253.162	234.784	50.957	87.557
255.133	235.466	50.071	86.585
256.560	235.311	50.576	86.238
258.560	233.159	50.034	86.543
258.715	231.670	50.896	86.982
258.077	231.709	49.916	86.232
256.655	232.030	49.990	86.337
256.475	231.250	51.314	85.323
256.233	229.159	52.812	85.667
256.387	228.633	50.818	85.800
257.094	229.434	50.935	84.622
259.452	229.801	48.443	84.116
262.247	227.135	48.028	83.927
261.623	226.442	47.220	84.104
261.565	226.479	47.147	83.804
261.832	226.219	46.725	83.866
260.976	225.503	46.126	84.121
260.537	224.197	47.140	83.141
261.801	222.787	45.071	84.100
261.155	221.544	44.516	85.580
261.887	222.426	43.722	84.688
264.868	223.466	39.938	82.916
263.143	221.584	42.943	82.313
263.571	220.454	42.142	83.605
263.498	221.488	41.275	82.628
261.376	221.741	42.751	82.093
261.206	221.294	41.076	81.049
260.060	220.047	40.439	80.352
257.709	218.448	41.978	81.846
255.245	218.829	43.023	80.321
253.904	219.197	43.026	80.276
252.244	219.326	44.032	79.975
250.621	215.917	44.337	80.646
248.786	214.664	45.492	82.001
246.973	215.173	46.266	80.457
245.061	215.242	45.850	81.229
243.348	214.404	45.734	80.852
242.201	213.684	45.062	80.241
244.047	212.480	42.171	80.897
243.706	214.360	42.880	79.315
242.877	214.774	44.196	79.551
244.225	214.628	44.334	78.082
245.392	214.540	45.209	77.284
245.285	214.213	46.110	77.664
247.680	213.673	44.163	77.912
250.971	214.593	41.317	76.317
249.347	214.070	42.155	75.520
251.285	212.195	41.237	74.800
254.801	211.054	38.989	76.026
258.622	211.049	36.395	77.072
259.627	211.890	36.247	75.301
259.916	211.420	36.564	73.208
261.900	209.782	36.226	73.869
262.884	208.913	35.797	75.681
262.287	209.704	36.837	74.761
262.411	210.191	36.935	74.489
263.304	208.760	36.627	74.403
260.758	208.090	38.666	71.503
262.032	207.234	38.867	72.757
261.967	208.339	40.765	71.085
262.482	207.530	37.341	71.556
266.052	205.231	35.201	74.488
268.857	203.876	34.266	73.681
269.362	204.014	34.209	74.477
266.704	203.595	37.322	74.475
265.610	202.485	37.656	72.935
263.944	201.298	40.588	73.576
264.370	200.815	40.959	74.132
267.261	201.050	38.545	74.502
268.621	202.624	38.814	72.761
269.470	201.887	37.874	72.532
272.195	200.605	36.514	71.562
276.185	200.075	32.793	72.962
276.700	201.155	32.364	73.155
275.655	201.813	35.102	70.008
276.724	200.619	34.199	68.496
275.320	198.719	36.296	71.385
276.052	199.218	35.670	69.926
278.203	199.258	33.454	71.404
279.001	200.349	33.839	69.292
281.547	198.242	32.412	69.424
283.210	196.898	32.120	70.101
284.601	197.757	31.700	70.107
285.449	199.247	31.094	67.783
285.654	198.627	31.012	67.127
287.073	197.002	30.519	66.343
287.037	195.738	30.917	68.617
287.818	196.589	30.199	67.304
289.060	197.132	30.200	66.719
291.727	196.274	29.185	66.812
292.868	193.830	29.347	66.934
293.821	193.274	29.716	68.249
293.132	194.235	30.767	67.791
292.627	193.130	32.167	68.110
292.538	191.659	32.958	66.403
293.350	189.811	31.478	69.483
294.502	190.812	32.276	68.136
294.997	190.968	34.451	67.218
295.878	190.237	34.982	67.469
297.260	189.159	34.411	67.321
298.418	188.851	34.011	68.179
298.743	189.775	33.831	67.382
298.907	189.565	34.438	65.549
299.098	188.575	34.296	65.828
299.873	187.645	34.380	65.517
299.121	187.337	36.147	66.619
300.040	187.541	36.838	65.940
301.956	187.652	36.524	65.085
303.986	186.154	34.957	65.981
305.220	185.486	33.927	65.850
302.632	185.847	37.308	66.202
301.969	187.102	37.966	63.372
303.473	186.703	37.164	64.416
302.643	186.092	37.878	63.689
304.222	184.706	37.110	64.792
306.285	184.272	36.088	64.741
306.088	184.325	36.141	64.828
306.563	184.681	36.644	64.961
306.805	183.339	37.544	64.412
307.679	182.453	37.924	65.003
308.209	181.837	37.405	64.365
307.905	182.609	37.615	64.823
307.724	182.311	37.545	64.496
309.823	181.363	36.026	63.624
312.309	180.957	34.430	63.457
313.397	181.748	33.627	62.420
312.935	182.049	35.164	63.129
313.173	181.083	35.966	63.096
311.998	180.508	37.130	62.366
313.881	179.618	36.110	63.200
313.194	180.029	36.386	62.314
313.094	179.859	36.458	63.077
312.467	178.754	35.607	62.656
314.281	177.386	34.018	63.356
313.185	178.278	35.997	62.008
314.318	178.473	35.712	62.265
313.126	178.769	37.810	61.440
314.230	176.799	36.812	61.499
315.455	176.024	36.827	61.951
313.727	176.365	38.802	61.031
315.461	176.579	36.950	62.497
315.733	176.694	37.766	61.658
316.477	175.574	36.863	60.696
317.792	174.078	36.554	62.504
317.739	173.354	36.188	62.725
317.297	173.901	37.483	62.645
317.510	174.401	37.749	62.372
318.141	173.757	37.540	61.288
318.243	172.748	37.866	61.807
317.719	173.413	38.604	60.590
317.677	174.045	38.172	60.713
318.191	173.857	37.070	60.380
318.633	173.110	37.280	59.841
318.850	172.881	37.237	59.987
320.189	173.677	36.198	58.616
321.444	173.982	35.141	59.232
321.975	173.282	35.703	59.261
321.225	172.287	35.417	60.105
321.314	172.501	36.510	58.818
322.544	173.543	35.251	56.927
322.910	173.728	35.284	57.460
323.353	172.561	33.962	57.992
323.230	171.802	34.567	58.736
323.766	171.272	35.151	58.525
324.388	172.012	34.554	57.657
324.745	172.226	34.290	57.498
327.067	171.702	33.248	57.302
328.059	169.486	31.286	59.445
329.123	170.060	30.070	59.187
328.443	170.959	29.561	58.568
327.216	170.254	30.340	58.633
323.928	168.954	33.415	59.963
323.705	168.569	33.350	59.933
321.856	169.149	35.004	59.711
324.489	169.239	32.868	58.401
288.744	170.862	37.478	58.147
255.890	169.344	37.633	59.710
238.290	168.373	35.799	57.917
239.973	168.444	35.769	57.362
239.936	169.230	37.244	56.791
240.239	169.045	35.883	55.940
240.481	167.961	34.971	55.822
241.465	167.548	33.546	57.155
242.021	168.449	34.389	56.057
242.617	167.837	34.231	56.556
243.843	167.100	34.161	57.136
243.865	166.461	35.747	56.439
243.645	166.316	37.049	56.748
242.750	166.661	37.346	57.847
242.793	166.842	36.830	55.895
243.721	165.525	35.009	56.365
243.010	166.228	35.491	54.830
243.558	166.243	35.117	55.319
244.195	165.139	34.790	55.457
244.479	165.709	35.208	54.844
244.414	165.820	34.901	54.398
245.399	164.995	36.025	55.309
244.219	164.808	36.896	55.150
242.644	165.117	35.983	54.894
241.927	165.154	34.871	54.692
241.480	164.462	35.467	54.349
240.139	163.553	36.689	55.031
238.773	163.505	35.535	55.285
237.071	164.605	35.903	53.829
236.535	163.629	36.895	54.788
235.635	162.802	36.584	55.323
237.225	161.323	33.786	56.875
233.584	161.821	35.079	56.119
231.260	162.670	35.451	55.574
231.867	162.915	33.420	55.325
229.959	160.541	33.142	56.929
227.432	161.415	33.757	55.724
225.651	161.631	34.078	54.916
225.120	161.309	33.124	55.333
223.932	160.227	32.693	55.295
221.542	160.355	33.426	55.421
220.490	161.582	33.382	53.744
217.848	161.609	34.194	53.783
216.192	161.523	34.078	53.890
213.560	160.909	34.008	53.861
213.143	160.903	31.109	54.014
211.394	161.474	31.592	53.535
209.440	161.768	30.802	53.244
206.381	160.985	32.594	52.326
204.981	159.369	32.280	53.158
203.018	158.650	32.518	54.264
200.527	159.973	33.588	54.095
198.659	159.695	32.440	53.641
196.275	158.574	31.148	52.864
195.607	158.486	30.290	52.552
193.733	158.586	30.418	52.266
193.060	159.105	29.968	52.069
191.704	159.362	30.261	51.116
191.483	157.972	29.608	52.075
189.903	156.753	31.004	52.064
188.514	157.116	31.683	52.193
187.466	157.861	31.384	51.678
186.887	158.306	31.451	51.177
185.048	157.876	31.635	51.270
184.320	156.744	32.502	51.735
187.099	156.131	28.300	53.279
186.533	157.521	28.658	50.680
185.133	157.471	28.820	51.287
184.415	157.546	28.950	51.363
181.737	156.419	30.921	51.186
179.736	155.399	32.107	51.850
178.043	155.512	32.838	51.463
176.468	156.315	32.723	51.304
178.408	155.864	29.288	52.675
177.746	155.970	29.278	51.232
175.189	154.991	29.881	51.710
174.690	154.524	29.006	51.319
175.823	155.067	26.712	51.157
176.699	156.099	25.578	50.519
176.623	155.085	25.443	49.881
174.911	153.859	27.290	50.847
174.195	153.001	27.636	50.694
172.754	153.910	27.314	50.746
171.915	154.017	25.629	50.497
171.563	153.516	24.281	50.591
170.715	153.745	24.054	49.652
170.194	154.377	23.408	48.372
169.157	154.138	23.236	48.682
168.067	154.077	22.756	49.637
166.829	153.055	22.947	50.930
165.134	153.990	24.279	49.487
163.417	154.512	25.251	49.406
162.283	155.728	24.811	47.374
160.898	156.803	23.827	46.084
159.228	155.495	23.049	46.329
157.743	154.796	23.140	47.346
156.512	155.186	22.681	46.573
154.332	154.600	23.296	47.216
152.498	155.939	23.848	45.551
150.784	154.036	23.642	45.236
148.114	155.616	25.002	42.863
147.247	155.557	24.265	43.143
145.927	154.281	23.833	42.964
144.289	155.566	23.499	44.825
141.200	155.167	24.830	43.217
141.152	157.098	25.363	41.961
140.429	157.925	25.366	42.176
138.618	155.872	25.472	44.389
139.106	157.502	25.234	42.425
134.575	155.546	26.444	42.290
127.095	152.204	27.136	44.433
129.088	155.075	27.024	43.509
