477.000	282.000	44.000	104.000
471.689	281.732	43.169	102.143
463.882	279.275	41.251	103.314
457.488	278.121	41.121	102.979
450.515	276.852	41.462	101.221
443.622	275.266	41.710	101.642
437.043	274.844	42.222	100.704
431.495	274.983	42.300	99.285
425.191	273.328	42.721	98.774
418.225	270.539	42.919	100.154
412.162	269.060	41.965	98.986
407.243	268.329	43.408	99.559
401.940	266.751	42.158	99.587
396.493	265.097	41.110	98.647
391.231	263.915	40.294	97.935
385.515	263.207	40.431	98.138
380.830	261.229	39.713	99.095
373.935	259.458	41.439	99.162
366.178	258.462	42.244	99.549
360.259	257.328	43.534	98.222
354.498	256.279	44.286	98.490
349.915	255.029	42.792	97.304
343.177	253.462	44.385	97.603
337.442	252.253	45.213	102.992
335.920	252.199	42.940	100.542
332.492	252.333	40.775	95.076
327.540	251.097	40.366	101.624
321.177	251.498	42.127	99.121
310.095	257.998	47.475	89.406
304.528	259.371	47.290	86.708
299.267	258.543	45.221	85.193
293.821	253.836	44.820	89.537
289.199	248.039	44.863	94.665
284.966	245.506	43.216	97.377
280.803	244.187	42.097	99.534
278.829	244.775	42.627	97.546
273.797	244.175	42.411	96.100
271.081	243.005	39.808	97.750
266.539	241.285	41.385	98.249
263.303	240.006	42.060	98.202
260.214	238.781	43.581	97.284
256.915	236.965	45.173	97.768
253.532	235.002	46.682	98.973
251.311	233.878	48.020	100.485
248.406	233.434	49.722	100.059
249.813	232.547	45.949	101.952
250.450	230.716	44.606	105.073
249.133	229.409	43.452	106.752
246.215	228.728	42.583	107.013
241.811	227.726	43.471	106.579
235.609	226.705	47.586	105.313
228.614	226.319	50.700	102.517
223.731	225.719	51.091	101.764
219.067	225.408	51.185	100.238
214.713	223.865	53.156	100.690
212.177	223.491	52.462	96.802
210.071	222.115	50.489	94.416
207.561	221.736	50.246	92.341
204.369	219.802	48.398	91.375
201.115	218.394	47.715	91.440
197.221	217.237	47.652	91.242
192.755	215.976	47.911	91.777
190.359	216.413	46.622	91.410
187.035	216.770	46.625	90.759
179.980	215.205	48.421	91.626
175.013	215.113	49.478	91.994
171.154	214.772	48.252	93.499
167.837	214.204	47.551	94.249
163.851	213.008	47.303	96.495
158.427	211.174	47.663	98.496
153.788	210.018	48.234	98.906
147.573	208.638	49.173	99.343
141.995	208.130	49.046	99.730
138.740	208.218	47.149	99.124
129.562	206.572	49.374	100.774
123.648	206.918	48.931	99.477
117.093	206.234	49.681	99.031
112.499	205.612	48.269	98.927
108.056	204.450	49.518	98.868
102.271	203.937	49.520	97.178
94.905	203.305	49.370	94.067
90.921	202.446	44.447	92.550
86.088	201.920	41.302	90.709
79.564	201.471	39.031	90.241
73.545	200.675	36.128	89.181
66.044	200.121	35.734	88.639
58.428	200.405	34.488	86.151
50.294	200.549	34.756	84.190
