295.000	14.000	50.000	32.000
260.329	10.830	45.876	39.495
233.863	22.818	37.118	41.834
223.036	37.403	36.171	48.791
227.388	46.211	39.251	42.656
236.929	47.627	35.055	38.738
255.713	35.619	46.172	48.404
294.358	17.476	44.129	47.966
333.055	12.098	48.131	37.620
356.284	15.483	55.604	29.989
391.532	17.197	53.057	34.651
417.185	26.237	52.575	37.163
436.615	31.437	44.493	40.722
447.917	33.448	40.194	38.297
454.297	31.372	47.166	41.952
460.333	28.645	50.239	39.402
461.597	25.947	54.600	40.034
454.396	24.464	60.707	36.365
451.424	24.167	55.354	34.908
431.819	28.151	53.653	33.087
416.005	35.855	47.598	33.764
397.373	54.205	41.402	44.138
391.910	64.037	41.916	52.895
410.981	64.603	62.443	95.591
394.533	79.838	45.328	55.055
402.863	62.792	43.792	58.245
322.058	131.233	28.604	53.782
450.888	40.340	47.687	53.095
475.307	43.426	60.503	49.329
493.700	46.269	59.443	43.551
523.374	58.316	55.044	40.462
549.696	64.487	49.187	46.939
560.737	68.806	50.683	44.111
562.258	63.607	51.584	51.838
554.436	54.613	51.625	47.399
538.616	49.214	52.586	42.962
511.924	47.815	60.856	40.050
484.791	51.582	65.922	40.883
455.419	58.109	56.687	45.310
420.033	75.126	57.995	43.282
409.282	92.267	54.067	43.069
389.654	109.044	45.048	51.019
386.311	111.927	44.699	44.854
385.730	112.330	47.085	46.046
386.487	104.538	51.147	45.385
426.213	83.438	45.657	42.234
346.403	152.342	41.115	48.183
494.046	67.980	57.648	54.089
540.214	72.699	60.830	44.208
575.013	86.193	52.776	51.738
579.616	96.584	51.226	50.306
577.053	101.502	53.365	53.271
576.170	101.016	53.653	52.510
573.610	90.140	54.138	53.153
569.285	87.425	55.052	50.419
564.386	88.843	61.961	48.684
561.918	93.881	63.311	57.158
563.166	109.850	61.022	51.024
569.963	110.323	54.955	58.995
630.448	148.382	0.552	66.247
578.430	146.662	43.019	48.368
561.475	140.325	52.708	55.894
557.559	134.533	52.252	67.684
560.026	146.604	48.893	67.988
610.110	192.482	20.890	75.508
554.296	198.879	48.192	57.938
553.042	227.421	58.735	62.118
544.571	244.625	68.061	65.727
394.301	254.505	154.448	105.280
515.367	284.893	115.633	114.079
309.500	23.607	270.947	158.659
248.191	7.474	361.097	173.073
278.545	6.932	323.066	156.891
276.081	0.000	331.307	150.013
288.577	1.995	314.176	132.317
291.569	1.498	310.384	129.210
284.803	2.083	317.238	130.386
281.532	2.515	322.414	132.161
295.388	2.884	303.649	129.444
299.271	0.000	291.659	137.944
295.013	0.264	296.036	137.045
286.361	0.971	296.650	140.555
292.823	1.638	303.556	143.597
287.373	0.803	309.428	146.403
283.105	0.099	313.972	146.148
287.264	1.936	312.236	149.334
282.981	0.000	313.404	153.940
287.178	1.324	315.169	154.429
281.424	0.844	319.623	155.479
286.856	3.800	315.417	140.184
289.678	0.000	305.108	134.834
301.976	0.000	296.554	125.508
314.304	0.000	289.107	117.916
339.145	0.000	259.478	110.252
353.879	0.000	247.131	94.189
359.587	0.000	245.849	76.698
388.138	0.257	219.454	65.311
453.244	0.000	143.447	0.000
445.932	0.000	129.562	0.000
631.000	87.363	0.000	123.575
536.133	48.724	94.867	115.882
549.892	61.573	72.475	79.408
560.296	45.219	60.241	71.115
560.013	31.335	61.422	72.036
557.612	31.315	64.081	75.273
555.063	35.868	65.473	69.886
563.503	36.969	60.536	76.406
564.585	38.762	60.461	79.997
562.721	36.176	61.663	86.297
560.615	45.254	61.653	85.516
556.910	59.517	64.855	78.812
553.455	69.424	62.941	71.509
553.894	73.538	61.718	67.626
552.857	73.006	57.685	69.660
553.959	73.272	58.265	75.507
554.644	81.675	57.712	71.728
557.386	88.762	57.090	72.700
561.239	100.010	57.682	71.073
565.919	110.560	57.128	75.923
568.066	110.144	58.010	73.085
572.201	108.616	56.887	71.884
571.855	106.938	56.621	70.638
573.169	109.389	54.998	72.333
569.777	111.626	58.972	74.004
532.626	106.777	96.350	130.798
540.756	90.591	77.947	100.228
546.448	93.153	71.965	90.003
544.608	90.484	77.644	92.162
535.984	84.848	73.953	85.985
544.083	81.811	75.355	90.365
538.667	92.476	80.346	87.051
528.999	96.991	89.564	85.353
532.119	104.873	90.239	84.069
547.976	103.899	79.843	91.684
557.628	102.114	68.002	102.102
556.224	115.110	65.461	97.773
555.196	123.510	63.986	91.474
551.335	124.362	67.323	95.245
544.214	134.805	69.365	87.338
529.401	147.763	63.002	81.304
522.030	164.458	59.540	70.655
504.459	170.744	60.056	74.474
488.301	168.889	63.209	84.964
468.125	178.538	63.799	85.957
450.470	191.873	69.669	84.250
433.724	201.346	72.012	82.706
430.653	208.132	70.281	83.100
429.836	216.292	70.273	80.555
428.295	227.189	72.871	77.131
429.233	235.124	72.672	76.364
426.173	242.905	73.177	76.321
424.962	245.774	74.012	75.772
423.884	249.113	75.545	73.539
421.653	253.516	77.200	72.396
416.255	257.244	79.043	73.915
403.790	263.166	78.743	71.836
387.801	266.056	79.008	71.381
358.307	270.467	80.876	66.695
338.083	270.973	81.843	63.778
321.285	269.963	80.347	63.955
310.565	270.194	74.785	63.228
302.013	270.384	68.731	62.156
286.852	273.150	69.587	60.731
272.331	270.458	64.112	64.797
257.838	266.253	64.376	65.041
248.927	263.400	65.553	64.431
249.109	259.836	69.645	67.123
256.862	259.372	68.083	66.758
265.496	267.680	74.080	60.293
269.161	271.111	72.956	58.181
262.665	273.956	75.536	54.534
255.376	272.818	76.092	55.554
235.933	268.174	72.644	60.815
211.329	264.478	65.269	63.223
195.196	263.726	63.093	64.686
182.300	265.112	67.088	61.993
177.528	265.542	62.326	60.663
171.741	264.374	64.675	61.658
168.149	252.800	67.012	65.383
158.169	256.561	71.460	55.350
150.207	247.313	67.922	64.515
152.834	250.197	75.603	58.977
167.197	250.864	70.611	56.113
174.139	254.237	71.549	55.422
180.240	257.348	69.984	53.898
178.147	251.863	72.356	59.536
183.516	248.613	66.662	59.812
185.968	247.185	73.289	57.134
200.338	241.470	76.951	62.665
216.113	243.875	80.986	60.267
236.845	240.653	74.264	61.631
241.590	237.450	76.892	62.304
242.610	235.911	78.890	60.313
244.270	234.523	77.953	59.383
251.773	236.766	73.813	55.307
254.914	237.965	76.146	57.655
263.257	240.290	71.152	60.413
267.839	242.689	68.575	59.785
270.817	241.036	70.299	61.055
270.640	240.578	74.702	64.784
277.785	237.834	72.342	64.570
282.778	232.770	70.370	64.121
283.954	228.403	70.100	63.576
286.088	224.111	72.960	62.668
295.069	224.392	75.315	60.632
303.611	224.344	76.674	60.944
314.175	225.589	78.481	62.125
321.904	225.332	73.668	61.989
326.250	222.353	72.574	63.847
334.237	222.819	71.141	62.049
337.985	221.779	72.016	62.253
332.828	218.166	75.720	64.813
326.005	216.547	78.036	63.638
327.985	214.054	74.439	67.119
326.660	213.264	74.980	66.526
323.368	211.141	76.055	63.703
317.947	209.427	79.557	63.221
312.833	203.863	70.942	65.334
300.583	200.283	72.663	65.011
288.656	197.283	75.800	66.009
283.738	195.536	73.318	62.981
280.421	193.698	68.623	61.623
277.760	192.976	70.276	61.971
275.810	195.835	70.333	63.081
269.104	201.234	69.250	61.373
258.650	208.271	68.937	64.454
250.503	216.318	68.713	64.158
243.218	226.517	73.397	66.647
235.864	233.616	70.920	67.875
229.808	240.208	69.672	64.849
223.311	239.180	65.798	63.882
213.799	238.269	69.505	63.460
206.707	237.265	70.919	63.927
201.588	237.142	69.558	61.721
194.994	233.347	69.398	64.696
189.146	231.034	67.096	61.736
185.093	228.943	62.680	60.717
182.274	231.742	62.703	57.351
175.828	232.751	63.679	59.608
160.936	234.862	63.457	58.605
141.315	230.199	63.040	58.376
126.780	224.240	63.821	60.928
103.798	219.650	63.875	59.100
82.506	213.052	65.159	62.140
65.686	202.320	65.514	70.325
59.925	190.464	64.342	74.315
60.055	181.519	65.040	75.410
65.437	176.630	65.398	71.629
71.952	167.051	71.900	66.820
90.672	159.769	77.513	63.915
112.822	155.024	75.461	71.350
133.749	150.244	67.023	71.235
155.890	145.901	71.774	71.585
169.018	144.403	71.226	69.939
185.636	140.557	61.997	70.610
192.107	132.199	64.335	74.640
202.129	129.147	67.874	72.528
223.765	124.517	65.689	66.010
248.324	121.629	56.546	65.917
262.210	132.063	51.338	71.503
263.514	148.338	56.549	70.811
261.624	162.430	59.402	69.978
260.431	172.600	59.923	73.919
257.018	180.092	61.929	72.920
254.463	188.665	61.410	69.638
248.429	195.510	64.299	65.089
243.091	201.329	65.358	62.520
257.433	205.426	56.360	63.542
259.720	203.621	58.124	68.177
265.856	207.122	58.270	65.054
272.286	205.012	61.032	67.737
278.574	204.819	64.235	66.360
285.771	203.613	64.944	66.197
290.258	202.326	65.634	61.085
295.829	201.320	66.015	59.521
300.549	201.642	64.948	59.165
305.982	199.734	64.124	61.004
308.410	198.082	64.787	61.704
285.529	104.439	66.976	53.226
288.556	102.808	66.345	54.726
305.800	198.775	65.436	65.007
307.449	197.301	61.343	65.491
307.462	196.349	63.141	67.808
307.082	198.602	65.789	64.537
305.980	199.717	65.599	63.971
306.838	201.793	66.286	63.343
307.519	201.976	66.472	63.195
308.519	202.107	68.545	63.612
309.873	202.932	68.514	61.260
311.040	202.490	65.657	61.785
311.504	203.019	66.406	60.420
310.626	202.281	67.143	59.459
311.282	203.282	66.739	60.041
311.521	204.123	66.757	58.509
307.241	205.011	69.029	58.554
305.710	205.832	67.436	59.438
304.135	205.528	67.171	60.550
302.782	204.431	65.307	61.472
303.601	205.614	63.053	61.117
304.179	205.762	63.108	59.899
304.520	206.924	63.964	58.233
304.559	205.475	64.165	60.101
303.907	205.425	63.874	61.058
305.362	205.584	63.185	59.695
303.746	205.698	64.318	58.919
304.309	206.701	64.608	59.158
305.019	206.016	63.836	59.645
305.097	205.921	63.155	59.896
303.600	205.636	65.158	58.981
304.977	205.739	64.175	59.082
303.430	206.038	65.533	58.617
304.124	205.582	64.337	59.895
303.907	206.571	64.587	58.748
303.754	204.908	64.766	59.946
304.054	204.710	64.102	60.189
304.054	205.831	63.938	59.989
304.140	205.394	64.446	59.730
303.688	205.800	63.613	59.285
305.409	206.162	63.541	60.237
303.021	205.443	64.090	59.727
304.426	205.893	63.392	59.861
304.894	205.921	63.396	58.634
303.823	205.877	64.061	58.847
304.105	205.698	62.906	59.972
303.768	204.883	63.307	60.236
303.645	205.015	64.338	60.238
303.581	205.243	63.472	59.656
305.170	205.481	62.068	59.257
303.456	205.468	64.056	59.258
304.643	205.077	62.497	60.497
304.105	205.449	62.939	60.063
304.230	204.883	62.332	60.041
303.258	204.633	64.303	58.915
304.602	204.881	63.124	58.818
305.893	204.005	62.963	58.889
306.148	204.093	63.421	58.593
305.516	202.244	65.967	60.907
307.104	200.695	65.242	61.630
307.346	198.668	66.069	62.155
306.452	197.247	66.501	61.960
304.356	196.480	69.825	60.130
306.807	197.159	68.074	57.729
305.766	196.193	69.088	57.464
310.640	196.780	65.866	56.900
313.764	196.600	63.758	56.177
315.071	194.781	63.593	57.796
314.413	194.652	64.035	56.580
314.046	194.316	65.527	55.381
313.295	194.998	64.269	55.085
313.322	194.408	64.383	55.646
313.486	195.058	63.649	55.888
309.791	194.821	66.540	56.140
313.070	195.078	63.817	55.448
310.756	195.205	65.240	54.409
312.372	195.436	64.249	54.632
310.166	195.083	65.801	55.188
312.847	196.220	62.589	53.330
312.214	195.715	65.129	54.469
312.465	196.592	64.034	53.228
315.220	197.394	62.038	52.885
316.101	195.873	61.091	54.154
317.139	198.435	60.457	52.383
318.103	197.225	60.852	53.344
319.509	197.447	60.755	53.808
320.135	199.741	61.452	55.059
320.040	202.292	60.055	53.863
322.696	202.894	58.212	57.231
322.824	205.225	59.139	59.013
322.787	209.083	58.095	60.321
319.704	215.516	57.658	63.260
316.214	223.492	57.276	62.906
316.496	228.440	55.583	63.782
317.180	231.782	54.970	66.239
322.385	237.520	56.156	63.977
330.358	243.554	57.140	64.488
339.782	245.661	52.362	66.553
346.977	251.774	49.200	63.658
350.309	251.542	51.260	66.556
351.163	255.897	49.605	67.043
351.454	259.663	50.866	69.987
353.091	259.300	50.565	68.181
356.485	259.686	52.724	66.122
362.018	259.398	52.597	67.418
371.974	261.866	51.524	66.824
384.966	264.012	51.665	64.130
392.710	262.885	51.618	64.393
396.749	266.945	53.337	62.072
407.942	269.361	54.015	61.832
422.683	233.257	54.316	50.896
440.102	283.230	50.583	61.648
371.312	212.225	77.571	57.431
274.720	292.559	57.363	72.347
384.556	252.562	159.934	124.410
478.995	278.061	92.955	94.452
414.264	246.868	130.201	194.572
308.599	36.720	297.207	288.751
5.869	126.207	616.846	354.793
0.000	0.000	631.000	481.000
27.961	0.000	591.747	242.990
188.171	0.000	430.565	221.773
0.000	129.204	629.334	351.796
0.000	0.000	631.000	414.105
8.676	0.000	608.211	224.143
0.000	0.000	631.000	322.066
169.589	0.000	442.044	240.064
21.136	0.000	609.864	258.051
0.000	0.000	631.000	434.080
136.211	0.000	491.105	239.486
13.144	0.000	617.856	298.928
0.000	0.000	631.000	424.069
31.089	0.000	592.924	261.132
0.000	0.000	631.000	419.549
29.936	0.000	601.064	293.670
0.000	0.000	631.000	442.308
0.000	0.000	631.000	457.309
0.000	0.000	631.000	464.269
0.000	0.000	631.000	462.302
0.000	0.000	631.000	464.269
11.582	5.020	616.568	302.492
0.000	1.106	631.000	469.740
0.000	6.419	631.000	462.109
0.000	8.511	631.000	457.538
0.000	10.370	628.627	453.392
2.850	7.175	621.134	455.354
8.185	11.518	614.010	446.363
9.672	14.903	600.010	434.173
6.590	9.133	581.622	399.929
6.787	4.318	569.820	383.199
11.754	9.247	558.265	337.928
8.253	0.000	611.651	448.371
3.383	7.730	514.437	433.384
9.456	15.304	484.482	293.917
21.043	18.923	449.876	266.457
101.644	24.419	401.178	257.320
1.650	5.241	617.323	294.996
0.000	0.000	631.000	461.403
0.711	1.104	585.912	423.075
2.650	0.000	560.469	265.089
0.000	12.671	533.950	273.570
0.000	12.196	505.134	293.442
108.891	0.000	446.769	175.437
