244.000	205.000	50.000	131.000
238.863	207.830	56.624	125.616
237.168	207.766	58.251	125.721
237.398	206.084	56.994	129.941
235.879	208.458	56.007	124.802
234.693	211.422	55.627	126.376
236.511	213.212	56.433	119.926
237.368	207.861	54.648	129.884
239.181	206.427	53.458	131.742
241.401	206.566	55.667	143.776
243.378	209.769	56.200	147.244
244.990	209.737	57.027	151.293
245.980	213.356	56.184	153.227
245.391	218.500	59.237	159.086
248.265	219.442	58.874	166.985
254.110	230.596	56.434	164.833
258.105	231.881	61.847	172.173
257.453	237.631	61.673	174.830
253.010	245.979	64.660	167.717
254.718	245.747	65.217	176.833
257.938	260.497	66.148	172.977
264.094	261.245	66.659	177.790
271.155	271.277	66.248	173.036
274.906	263.932	69.810	188.915
283.290	213.265	62.343	183.767
290.768	152.407	61.067	187.328
298.398	85.019	62.501	185.560
303.335	13.610	70.033	186.764
306.097	0.000	72.299	194.690
310.576	2.757	69.559	190.685
313.768	4.868	70.565	196.827
321.307	15.773	71.912	204.407
328.683	16.106	75.208	212.774
330.319	27.093	79.456	219.889
330.652	35.348	80.235	223.597
332.727	38.582	79.594	222.748
336.026	50.116	78.861	234.607
338.401	55.923	83.846	236.058
339.378	64.261	84.167	239.916
341.054	76.281	80.277	243.898
336.270	79.539	87.770	240.567
334.776	90.909	92.378	246.414
340.488	99.724	91.367	252.632
347.017	101.402	91.347	254.418
349.579	117.638	92.869	257.739
346.095	127.750	95.958	259.593
343.428	134.358	104.183	266.621
345.167	150.481	106.782	270.098
351.179	156.640	104.324	270.776
350.410	171.969	104.462	272.605
349.116	229.184	96.095	246.513
342.211	302.715	102.587	178.159
332.912	343.450	115.258	126.699
