873.000	200.000	83.000	132.000
864.836	201.919	86.848	129.904
856.042	203.197	88.403	129.793
847.520	203.465	87.659	129.082
838.693	203.762	87.959	128.842
830.628	204.457	87.882	130.361
821.753	205.605	88.443	131.240
812.538	206.639	88.880	131.745
801.235	207.045	89.454	131.354
790.933	207.714	89.657	130.000
781.572	207.946	88.953	131.888
769.270	207.245	90.203	133.665
756.676	205.158	90.459	134.345
742.925	202.613	89.339	134.317
733.036	199.497	90.328	135.652
722.896	197.957	92.949	135.509
713.719	197.210	94.202	135.989
704.796	195.714	96.028	138.675
696.177	194.287	95.206	140.202
687.947	194.405	94.655	139.665
681.515	192.331	94.582	141.308
673.742	191.986	98.109	140.663
668.203	191.442	97.750	142.403
662.800	191.692	95.246	144.792
658.384	191.437	95.666	147.173
652.592	194.325	97.106	145.213
646.948	194.223	98.667	147.234
638.831	194.879	102.802	147.284
631.518	192.140	104.447	150.432
626.422	191.616	104.329	152.261
617.822	192.948	108.803	151.268
614.802	191.803	104.489	153.801
610.466	192.702	104.114	152.682
606.505	189.528	103.216	157.027
600.616	188.636	104.340	157.295
598.513	187.732	103.404	160.098
598.369	186.406	102.763	162.386
595.287	188.475	105.461	161.798
592.735	191.276	104.511	162.739
586.242	192.988	107.723	162.909
580.515	192.827	108.898	163.380
575.785	191.377	109.752	163.936
573.200	191.314	109.777	166.079
569.969	189.144	111.231	168.842
566.023	190.403	117.811	168.526
562.575	194.558	123.692	168.615
559.294	195.649	128.198	169.934
552.661	196.986	135.612	170.253
547.383	195.963	129.651	171.862
543.809	195.443	125.199	175.710
540.934	197.436	124.478	175.185
539.144	198.232	122.024	178.627
538.011	198.740	121.408	180.698
535.887	198.804	127.688	184.350
546.639	207.366	131.940	183.830
554.714	213.715	132.414	187.348
553.234	215.385	140.485	186.220
557.820	214.243	140.203	188.144
555.223	215.511	142.178	189.947
553.797	218.513	139.078	198.058
554.207	221.201	135.692	201.751
557.042	223.774	135.415	204.053
561.102	223.993	134.974	204.911
568.804	220.294	137.699	204.710
571.002	215.308	144.018	205.145
570.958	210.461	142.667	201.885
566.046	204.292	145.020	208.876
560.026	199.522	145.922	217.694
552.280	197.516	146.162	224.073
541.184	198.793	145.447	227.118
529.373	201.977	147.502	223.081
518.465	196.090	153.160	226.451
511.526	189.999	155.584	223.931
503.578	184.242	157.645	220.893
490.689	182.297	160.529	218.425
481.437	182.706	163.894	219.442
475.700	182.991	166.779	221.036
470.452	181.733	169.883	225.226
464.760	179.837	176.665	229.483
471.659	191.326	178.712	230.418
478.627	199.363	178.134	236.715
471.505	201.743	184.231	233.503
463.888	201.272	186.797	234.206
460.510	201.884	187.893	236.216
463.994	200.220	194.689	241.748
477.463	199.624	191.580	242.422
478.019	193.558	192.028	246.104
475.374	188.123	195.198	250.947
467.616	190.247	197.675	253.606
456.005	190.894	206.449	254.515
459.904	189.480	213.770	256.209
465.248	191.169	216.715	260.555
464.477	191.546	227.246	265.222
471.292	191.485	225.753	269.305
470.998	193.480	229.705	272.203
470.048	195.325	229.370	271.589
465.836	194.847	231.102	272.543
460.964	194.483	235.932	271.522
460.637	192.787	237.748	272.769
458.889	192.604	237.061	270.770
455.816	194.238	240.458	274.356
451.837	198.638	247.361	277.605
448.955	196.887	251.025	275.068
443.851	189.950	257.022	277.382
443.408	182.953	260.757	282.801
447.083	179.886	262.707	283.589
450.201	176.970	268.536	282.376
455.997	174.738	267.217	285.641
455.145	173.009	272.351	289.263
459.151	167.030	272.468	296.764
454.158	163.882	276.414	297.894
452.969	161.497	276.068	297.637
446.386	163.860	284.511	294.991
441.884	165.614	288.607	291.587
435.794	164.056	292.934	291.954
423.423	166.138	302.746	285.316
412.485	166.052	309.916	287.388
410.957	172.059	307.661	284.337
410.974	175.367	306.481	285.715
408.071	173.079	310.164	287.273
401.607	170.940	314.195	291.191
393.930	170.071	313.916	293.447
383.917	173.013	315.328	292.526
372.753	175.578	318.503	293.273
361.431	183.161	321.471	288.323
355.559	181.474	323.787	291.181
354.368	185.663	322.465	287.685
355.942	189.016	326.672	288.213
359.098	191.543	325.589	289.198
370.457	199.044	321.264	290.127
380.351	204.226	326.472	292.096
373.151	209.974	330.134	285.020
371.689	211.401	330.811	287.296
369.917	212.508	330.946	286.799
355.225	208.445	333.751	293.471
354.040	213.280	330.244	293.696
355.983	216.782	321.921	291.972
352.571	222.269	317.376	290.207
345.264	233.031	316.691	283.734
339.869	245.251	315.352	280.134
337.310	249.647	309.742	277.157
328.490	250.253	313.698	275.960
319.871	256.194	311.349	269.385
313.838	261.490	304.099	265.523
309.720	264.134	301.692	262.866
306.752	266.337	300.561	260.114
303.300	264.566	300.569	257.448
303.180	262.185	289.620	256.875
309.764	247.651	282.862	258.151
311.587	248.810	285.807	253.703
309.080	252.043	286.204	253.444
317.588	252.287	280.831	252.891
330.518	253.525	274.115	252.717
334.784	253.532	268.568	252.615
330.777	252.276	269.483	252.079
326.854	252.274	269.663	253.340
326.956	255.639	268.331	250.996
335.886	257.544	264.285	249.811
349.604	258.510	264.144	246.715
360.548	260.427	257.135	244.668
365.829	258.689	250.850	243.361
370.544	255.891	246.582	239.846
377.779	252.396	243.566	234.272
387.068	249.793	239.637	231.482
395.559	247.476	236.303	227.620
403.582	249.784	236.331	230.812
411.195	252.898	234.626	230.536
415.640	255.090	232.295	223.800
422.006	254.819	228.148	223.997
426.083	257.113	225.598	223.507
427.024	257.850	224.341	222.085
419.206	257.679	227.825	216.453
419.237	256.941	224.496	211.448
418.365	256.345	220.928	209.677
418.692	255.337	213.808	206.937
417.633	256.322	208.207	205.527
411.119	256.738	211.097	203.206
405.634	256.324	209.954	202.352
396.699	256.459	208.743	201.613
393.978	258.045	204.555	198.264
386.224	259.358	200.344	194.697
387.024	260.340	199.258	196.459
385.125	261.382	196.090	192.780
369.995	262.315	195.466	189.416
358.085	262.353	193.067	187.164
351.072	262.558	193.345	185.545
347.751	264.656	188.025	183.538
350.536	266.145	186.790	181.192
352.427	269.743	185.502	174.891
345.351	273.162	187.144	169.984
342.520	272.366	181.886	170.215
338.502	272.998	180.884	169.683
336.618	273.710	177.880	166.979
331.712	275.785	176.987	162.505
325.023	275.111	176.949	162.441
326.386	272.445	173.649	164.967
325.349	273.267	180.923	168.215
324.581	275.787	175.626	165.668
316.725	277.442	174.519	164.835
309.680	277.615	172.006	166.284
298.771	279.505	171.415	163.746
286.540	281.020	172.751	160.972
275.668	283.107	171.024	157.370
266.615	286.297	166.230	152.189
262.349	291.191	163.193	147.494
257.269	290.880	163.038	147.333
252.969	290.617	161.864	146.223
250.860	291.654	157.312	145.687
255.726	290.495	153.121	148.149
254.703	289.086	153.731	148.706
254.665	288.662	150.988	149.481
256.565	289.355	147.442	147.504
261.196	285.519	142.487	156.726
250.760	293.077	144.299	153.601
238.877	297.292	146.438	153.156
218.977	304.012	144.938	157.343
204.953	305.469	141.280	159.204
186.224	303.485	137.708	161.433
182.175	303.284	136.813	160.324
184.102	304.572	134.060	160.535
182.669	306.684	136.419	159.734
204.712	309.959	131.244	160.401
207.700	297.370	130.174	161.578
214.979	304.978	131.463	159.423
236.092	319.491	128.862	159.737
259.373	331.986	128.586	159.335
281.410	331.529	123.001	153.448
308.725	330.147	118.754	151.616
320.330	328.089	117.394	153.713
341.644	326.440	115.960	149.877
365.702	326.593	115.466	148.209
368.518	318.735	117.380	150.361
372.704	315.529	117.828	151.335
390.334	312.636	117.554	152.423
390.265	319.725	124.571	148.323
388.607	317.925	124.080	150.588
385.048	320.306	126.404	146.674
384.940	323.868	120.002	145.084
383.915	327.167	119.011	140.816
380.861	325.861	115.632	138.963
375.193	325.293	113.448	137.720
375.823	320.374	115.541	138.099
375.601	313.176	112.052	141.072
376.426	315.257	112.070	138.341
376.657	314.295	110.909	138.877
374.654	316.584	109.623	135.259
373.113	314.356	109.200	136.714
369.554	313.077	112.544	136.993
367.136	314.493	111.370	134.986
363.763	318.013	108.215	129.943
361.198	318.424	106.425	127.961
356.909	321.913	107.274	127.797
351.970	322.642	99.570	128.651
336.027	325.380	100.720	121.502
322.051	327.180	97.608	121.152
316.201	328.090	101.177	121.594
311.773	332.270	102.998	119.910
309.285	333.575	99.496	119.966
303.496	335.879	102.094	119.736
294.717	338.891	100.232	118.846
290.593	340.462	97.432	120.966
283.521	342.873	96.418	118.177
278.707	344.524	98.153	118.971
274.355	342.065	93.069	115.473
268.292	344.456	96.555	112.321
263.666	346.538	99.585	111.734
