175.000	189.000	28.000	22.000
175.646	188.882	26.945	22.216
182.922	187.655	22.100	24.173
185.301	189.880	23.676	22.634
184.480	193.751	24.574	20.918
187.201	197.774	23.841	19.294
195.240	201.881	21.491	20.472
202.412	205.813	22.171	18.442
207.881	208.875	22.642	19.128
210.966	212.072	21.866	19.751
210.521	215.345	21.725	19.396
203.886	213.112	24.656	21.835
199.893	213.317	23.091	20.181
197.964	214.643	23.258	20.220
199.322	218.161	24.136	17.963
227.200	220.905	37.099	46.853
263.771	216.326	28.039	26.322
280.792	216.098	24.297	21.954
281.032	222.137	24.108	17.747
281.255	221.673	23.582	18.579
275.684	215.591	21.199	21.141
268.577	213.762	21.976	21.528
264.557	216.029	23.384	22.057
264.337	219.705	22.228	20.858
262.357	218.834	22.819	21.280
264.920	216.219	19.998	22.455
263.217	215.024	20.834	21.810
263.328	216.124	22.141	23.269
262.513	214.639	23.057	22.770
262.212	213.361	21.459	22.322
262.092	214.844	20.819	23.397
264.339	224.021	22.846	21.822
263.933	225.768	23.400	23.289
267.956	226.168	22.093	23.132
271.570	228.826	22.221	21.881
274.961	244.215	21.916	21.928
267.489	262.800	24.483	21.258
253.267	267.219	22.783	21.954
245.148	264.588	23.349	21.477
244.872	263.065	22.212	24.307
247.981	268.990	23.874	22.497
252.261	277.463	24.260	21.764
260.040	271.209	23.443	27.138
263.682	251.277	22.598	26.890
260.077	215.158	23.790	26.732
253.254	181.225	22.537	26.965
245.370	145.027	25.840	15.798
244.412	139.291	23.680	22.656
244.456	144.301	23.087	24.619
243.740	151.098	23.909	24.184
244.792	152.433	23.219	22.918
250.349	144.214	22.883	29.002
250.046	146.267	25.957	32.176
245.076	153.732	31.503	28.014
242.497	159.218	28.693	25.082
242.576	159.599	27.118	23.947
242.649	161.092	25.258	23.083
244.100	167.652	23.918	23.798
245.323	175.637	24.506	24.519
248.031	170.571	30.551	24.791
252.721	164.200	27.032	30.230
251.098	168.009	27.639	30.234
248.894	178.804	27.068	28.184
249.440	183.563	26.094	24.198
251.146	185.204	27.099	22.242
253.528	188.506	26.703	22.699
255.590	196.158	25.530	24.101
256.431	197.289	25.589	26.734
259.590	195.064	27.875	27.064
262.568	192.769	29.965	29.950
263.098	197.112	31.620	31.874
266.211	206.490	28.639	26.697
271.557	199.472	23.570	27.136
273.209	198.347	22.512	27.388
272.938	208.234	23.515	25.192
270.807	221.101	24.668	24.637
268.809	223.240	26.664	25.620
275.695	219.476	29.313	25.782
281.557	211.488	29.052	32.252
276.946	223.789	32.507	34.699
279.630	231.805	27.903	29.380
283.122	231.863	27.331	26.872
284.750	236.638	26.785	26.608
285.581	248.431	28.809	26.859
287.396	255.283	29.921	26.881
295.547	248.064	30.218	26.116
300.882	242.572	30.818	28.917
315.874	240.335	32.181	32.210
328.519	242.306	29.673	37.724
333.361	243.411	30.753	29.606
333.369	248.685	30.958	29.402
335.402	253.233	30.935	32.483
342.402	255.399	32.318	30.738
353.007	255.627	32.098	31.883
373.112	258.787	31.021	31.272
383.262	261.842	29.808	33.073
382.562	266.730	30.113	34.651
374.449	273.795	31.587	33.437
362.067	277.477	31.997	33.580
357.009	280.828	31.204	34.123
355.165	287.207	32.418	30.941
356.807	289.395	32.643	31.679
360.832	250.567	30.818	37.247
364.840	204.038	32.988	39.411
368.922	169.963	34.044	35.850
365.441	152.938	33.454	34.352
353.470	157.211	34.690	34.519
341.651	157.135	35.536	31.193
329.736	158.025	35.860	31.431
325.407	160.576	34.372	35.393
327.383	163.871	33.015	38.641
330.992	164.891	34.322	37.341
334.429	170.693	34.173	37.175
337.243	178.382	33.101	36.305
335.735	161.295	32.166	40.031
384.081	183.646	35.530	46.112
384.083	175.129	60.766	50.057
314.397	139.555	35.146	69.351
278.432	30.658	47.067	42.118
285.740	37.206	36.770	40.270
298.817	53.391	34.644	41.781
303.843	64.723	35.192	42.979
302.871	69.663	35.116	46.341
295.707	71.818	37.800	46.070
291.899	77.679	38.619	46.722
291.540	91.850	39.316	46.964
304.293	103.637	39.848	44.498
318.540	116.300	44.390	43.350
352.202	124.458	39.052	47.297
377.374	127.755	35.399	49.487
387.463	131.084	34.256	55.611
390.921	139.555	32.317	54.490
386.376	140.857	35.285	54.526
382.665	140.565	34.579	54.151
379.646	149.485	38.161	53.229
381.397	157.912	40.246	51.359
393.171	147.507	39.855	50.999
405.962	117.203	37.214	51.093
423.437	94.572	38.910	57.459
431.584	105.893	38.909	57.907
434.798	114.538	36.954	56.264
427.433	124.343	39.693	56.905
423.101	139.765	41.448	58.418
425.280	150.951	43.739	58.052
430.677	154.081	40.453	62.146
435.034	155.884	39.257	62.372
431.234	160.010	42.130	61.211
419.764	184.113	44.104	59.552
409.664	215.008	46.893	52.806
395.115	258.022	46.643	53.833
381.256	307.401	51.389	54.627
