425.000	62.000	116.000	77.000
426.041	59.472	112.712	80.735
424.501	58.411	112.402	81.235
423.467	56.749	111.635	81.886
422.961	55.670	111.176	82.870
420.987	54.040	112.867	84.148
421.118	53.625	112.210	84.379
421.147	53.301	111.842	85.452
421.029	53.295	112.168	87.429
421.020	53.745	112.134	88.820
420.685	55.143	112.522	91.094
421.191	56.582	112.623	91.725
421.158	58.044	113.922	91.927
421.813	58.759	114.104	92.495
422.144	59.188	115.688	93.845
423.178	60.989	115.783	93.628
424.292	61.591	115.990	93.789
425.746	62.286	116.263	93.521
426.836	62.179	115.887	94.463
428.022	62.628	115.662	94.264
428.942	63.084	116.466	93.808
429.449	63.180	117.276	94.022
429.655	63.377	117.869	93.956
429.959	63.318	118.447	94.266
430.438	63.050	119.511	94.373
431.046	62.380	119.776	94.605
432.475	62.085	118.000	94.358
433.017	61.702	116.401	93.659
434.600	59.587	115.209	94.385
434.609	57.133	115.589	94.548
435.486	55.738	114.387	93.621
434.432	50.608	114.597	93.350
433.602	48.793	113.144	91.845
431.430	47.415	113.157	91.934
429.538	47.607	115.217	92.250
426.682	52.975	117.239	95.986
425.029	57.441	118.193	98.060
424.635	61.644	116.479	98.488
424.015	63.857	116.670	98.403
424.540	66.856	116.775	96.671
424.437	67.912	117.811	95.822
425.559	68.683	116.004	95.241
425.639	68.947	116.367	95.053
426.407	69.100	114.987	94.236
427.349	69.593	115.613	93.212
429.014	68.770	115.709	92.334
430.310	67.341	115.770	92.805
431.419	66.628	116.012	92.718
432.246	66.316	116.417	93.394
432.662	65.914	116.991	94.173
432.993	66.095	116.425	94.211
432.116	66.576	117.568	94.066
430.001	68.603	119.249	90.812
428.933	68.529	118.562	91.638
428.584	68.641	118.620	92.257
427.942	68.253	119.141	92.548
427.193	68.008	119.408	92.239
426.360	67.850	119.127	91.849
424.872	67.592	119.026	92.018
423.705	67.541	118.596	91.668
421.991	67.384	118.829	92.783
420.716	67.496	118.770	92.721
420.603	67.140	117.727	93.076
420.360	66.782	116.708	93.175
419.639	66.728	117.090	93.438
419.116	66.067	117.568	93.572
418.711	65.283	117.375	94.050
418.125	64.721	116.479	94.138
417.466	64.419	117.139	93.950
416.890	63.595	116.791	94.540
415.418	62.907	118.039	95.214
414.267	61.956	117.261	95.408
412.074	60.701	118.127	95.970
409.540	59.359	116.489	96.811
407.834	59.018	113.935	96.487
404.624	58.568	115.994	96.330
400.780	57.947	115.387	96.049
396.263	57.190	116.725	96.863
392.455	57.096	119.400	96.038
387.569	56.536	119.341	95.834
384.455	56.568	117.609	95.387
380.000	55.904	117.129	93.139
377.516	55.685	119.214	91.402
375.392	55.319	118.424	91.850
372.738	54.518	117.613	92.534
370.874	54.293	117.768	92.229
366.953	53.587	118.173	92.417
365.646	52.925	117.554	92.119
364.579	52.197	115.289	94.363
362.879	51.354	117.900	94.168
361.371	50.688	117.042	94.604
358.592	49.823	117.685	94.464
356.364	49.617	118.807	94.670
354.727	49.004	118.665	95.269
354.042	49.210	117.737	95.064
352.908	48.743	118.617	95.429
352.699	48.071	118.818	95.782
352.947	48.279	118.850	95.514
353.702	48.487	118.861	95.366
354.942	48.694	118.505	95.158
355.339	48.537	119.400	94.497
356.163	48.898	118.276	94.195
356.845	49.097	118.202	93.830
357.749	48.480	117.355	93.749
357.418	48.678	117.116	93.740
357.632	48.526	117.369	93.358
358.180	49.073	116.237	92.822
358.728	49.424	114.872	93.063
359.118	49.961	115.137	92.000
359.677	50.061	115.083	91.550
360.031	50.340	114.463	91.330
360.080	50.074	114.214	91.071
359.966	50.106	114.327	91.024
359.512	50.057	114.782	90.846
359.796	50.124	114.189	90.683
359.734	49.908	114.205	90.769
359.548	49.858	114.728	91.045
358.998	49.781	114.681	91.422
358.529	49.336	115.172	91.750
358.003	49.300	115.568	91.442
357.478	49.435	116.916	91.709
357.153	49.812	116.740	91.280
356.910	50.011	117.848	90.570
356.978	49.961	116.837	90.789
356.723	50.340	117.393	90.231
356.608	50.291	117.669	90.854
356.212	50.126	116.887	92.420
355.917	50.590	116.759	93.567
354.511	50.920	116.264	94.426
352.527	51.591	116.231	97.768
348.537	53.700	121.115	101.537
344.230	59.448	126.204	112.966
344.498	65.040	126.718	114.000
352.502	75.192	119.667	109.568
356.583	78.794	109.867	109.507
440.879	84.735	145.270	126.184
333.683	112.085	109.294	105.774
325.396	126.021	110.527	97.720
471.115	126.551	113.544	109.888
480.798	136.984	104.135	108.160
483.419	148.325	93.871	103.831
289.106	135.938	132.678	116.234
491.074	171.553	113.387	96.510
283.344	156.390	122.172	96.955
283.668	157.262	127.970	96.811
283.957	159.220	119.668	95.912
497.391	179.120	62.435	99.690
285.974	161.176	116.811	95.321
287.462	160.579	113.647	95.389
503.422	181.350	133.440	104.847
505.108	183.266	136.234	106.974
282.955	163.935	117.560	95.198
278.033	165.282	121.399	96.602
275.816	168.280	120.270	95.963
270.516	171.525	121.538	96.085
267.844	175.357	121.386	95.437
261.142	181.067	120.212	94.875
257.706	182.100	118.163	93.467
255.258	185.174	111.264	92.053
253.568	186.737	107.020	92.827
250.694	189.100	104.922	94.255
246.235	189.894	107.691	95.809
242.800	192.523	107.617	96.523
240.158	193.223	108.627	97.142
238.369	194.064	110.288	96.975
238.667	195.996	108.539	97.396
239.574	196.871	110.914	98.343
242.600	197.203	112.174	99.761
244.910	196.490	115.455	102.042
249.674	195.884	115.928	103.177
260.898	194.858	113.032	102.469
284.490	191.527	96.889	100.638
300.620	186.633	84.782	102.700
313.016	179.904	75.588	102.058
323.578	163.750	63.793	113.180
328.982	160.741	59.618	107.826
331.755	150.703	57.533	112.117
333.774	155.183	53.975	107.082
334.366	152.906	50.331	102.603
333.130	143.536	48.872	107.583
326.071	140.721	54.694	105.385
319.417	144.094	59.490	96.957
314.627	150.359	59.309	101.537
309.423	164.923	64.375	97.833
306.466	173.327	60.843	99.099
301.286	184.170	56.119	97.584
286.800	195.921	66.957	92.872
296.859	205.249	54.020	95.346
299.817	221.443	53.031	80.903
296.516	217.377	53.975	83.702
285.921	208.275	65.647	89.237
285.984	215.778	57.233	90.194
286.927	219.984	53.218	82.402
282.280	219.487	55.269	82.911
279.576	214.353	61.985	88.957
273.520	217.789	69.145	85.818
264.958	215.580	79.585	86.617
257.201	216.084	89.066	87.047
252.145	216.239	94.805	84.928
248.728	215.305	97.836	85.918
241.447	211.004	104.224	90.433
232.631	207.156	111.263	93.457
227.232	203.118	115.573	97.368
222.967	200.194	118.634	97.989
221.073	199.002	120.887	96.781
220.400	197.408	122.318	94.545
220.078	193.954	124.509	86.359
222.119	191.904	123.807	83.968
225.954	185.851	118.132	84.994
232.981	178.721	109.744	91.040
240.174	172.835	99.216	92.281
243.466	171.028	95.624	92.634
243.708	173.560	97.579	89.206
239.713	178.899	109.971	79.899
236.825	182.736	118.378	70.432
239.240	186.842	116.497	68.802
244.074	180.040	108.265	92.920
251.925	177.663	96.522	101.255
261.407	178.039	78.250	105.309
263.665	182.106	73.321	105.174
264.154	185.350	65.738	102.941
265.408	189.098	56.653	106.192
267.098	193.352	55.109	102.626
267.330	198.443	53.104	99.241
267.801	204.091	51.171	93.776
266.798	199.004	55.634	99.879
263.562	197.022	59.655	103.110
261.431	199.033	65.223	102.084
258.468	202.310	70.126	98.008
256.751	204.062	72.177	96.973
254.634	204.586	77.103	96.159
251.598	204.570	81.111	96.830
249.916	203.760	85.122	97.984
248.665	202.284	87.564	99.027
248.698	201.032	88.111	99.762
248.922	200.172	88.077	99.834
250.818	198.829	85.499	100.177
253.395	197.269	81.279	100.958
254.395	196.674	79.963	99.567
253.977	195.393	82.649	98.680
250.391	192.922	91.894	98.753
246.916	190.982	103.811	97.253
242.230	189.649	115.047	93.293
240.100	190.557	121.686	87.658
241.520	191.842	121.477	81.255
247.191	189.084	116.187	78.060
256.781	179.838	101.874	87.488
261.584	174.403	97.364	91.947
261.024	176.576	99.863	84.469
256.720	184.163	110.674	64.149
253.669	188.981	116.760	51.019
254.992	183.303	107.161	63.784
274.486	174.790	75.486	84.559
284.714	183.294	60.981	90.846
281.807	187.739	56.755	80.482
286.154	195.804	43.641	89.877
284.361	195.504	41.541	94.644
282.446	216.571	42.894	85.386
278.927	213.199	39.529	88.577
271.999	208.179	51.583	87.986
258.347	210.923	79.389	87.788
246.418	212.258	100.776	85.815
246.511	213.671	104.400	86.892
247.554	214.702	105.026	85.997
251.558	213.797	98.405	87.516
253.529	213.242	92.399	87.770
254.281	214.986	85.585	84.743
246.517	215.143	78.039	82.449
241.203	213.455	79.820	81.844
233.837	211.731	88.400	81.983
209.423	204.400	121.433	88.967
202.192	196.350	132.083	99.133
207.895	186.884	130.801	111.223
232.609	184.724	103.448	110.912
244.072	186.146	87.858	109.465
278.793	186.127	67.265	104.807
290.790	177.737	71.204	108.048
294.851	192.718	102.655	92.282
308.551	175.198	93.588	107.567
320.549	169.789	81.112	98.243
329.505	186.158	72.618	86.534
328.770	181.407	103.341	70.191
445.611	191.126	148.457	90.836
308.211	164.707	134.568	80.768
309.690	158.810	143.478	94.367
308.058	155.515	113.488	92.737
305.896	152.029	105.971	92.223
299.122	158.335	103.842	87.074
292.412	164.260	106.564	78.429
283.266	174.604	115.170	61.299
276.959	181.342	121.192	49.431
279.659	179.340	119.742	50.880
283.616	174.755	114.920	54.526
283.401	170.137	115.569	63.105
287.284	164.739	113.769	68.014
292.623	155.638	111.367	80.386
296.853	152.809	101.501	88.089
306.615	155.295	90.411	90.831
311.427	157.029	86.395	87.544
314.000	160.732	84.344	89.486
313.268	158.449	88.829	93.937
313.376	157.009	90.467	100.928
315.536	157.701	88.410	99.920
314.106	160.025	89.191	100.550
310.586	164.721	91.497	98.619
306.134	164.313	93.611	100.432
300.868	164.262	96.480	105.368
293.647	165.459	101.945	103.304
288.941	164.008	104.994	105.430
284.589	164.311	110.073	104.645
456.155	191.648	151.178	124.552
280.262	165.139	117.797	100.371
280.267	164.787	119.009	98.113
283.834	170.596	110.737	88.857
286.921	164.852	104.850	94.965
286.516	164.352	105.513	95.579
287.796	163.405	108.215	96.713
289.867	165.395	116.055	94.873
288.194	165.907	117.128	95.489
287.999	164.506	117.856	98.352
288.174	165.583	118.014	97.288
287.970	164.883	118.004	98.170
287.616	165.133	118.453	97.970
287.536	165.342	118.180	97.385
288.144	165.986	116.320	96.758
289.251	165.256	115.361	96.716
290.090	164.849	116.155	96.268
293.095	162.718	113.351	96.203
446.562	185.754	158.793	112.147
298.303	165.306	110.667	90.095
299.740	163.381	112.684	94.192
302.642	163.847	113.074	93.941
303.804	162.792	113.720	95.243
314.392	156.275	161.243	107.511
306.267	162.841	114.030	94.787
307.492	163.260	115.148	93.332
307.883	161.493	116.958	96.306
309.395	161.946	118.174	94.706
312.005	161.501	117.925	95.451
312.689	162.985	116.795	94.929
313.867	162.872	115.937	94.460
315.640	159.950	117.908	96.475
414.742	179.614	156.250	83.377
411.819	177.584	155.270	83.894
322.622	158.429	126.811	93.154
320.757	161.710	141.262	89.511
401.117	173.563	165.728	85.210
394.425	174.842	163.221	82.041
362.338	172.952	181.359	84.776
365.569	167.510	187.447	87.499
352.621	165.837	199.223	91.353
354.642	163.909	185.124	93.061
365.151	166.610	170.182	86.385
375.747	167.292	157.379	88.767
376.793	163.765	153.747	91.173
383.230	168.101	153.417	85.044
394.429	169.725	141.553	79.019
394.555	163.343	137.806	89.628
382.978	161.020	144.895	87.621
368.798	154.318	156.055	88.279
382.435	152.554	144.092	85.486
378.501	151.431	148.736	83.288
381.836	150.921	149.856	85.272
399.363	150.591	133.229	81.074
389.306	149.805	140.130	79.670
384.689	149.347	143.701	75.035
384.143	147.842	144.563	81.798
362.392	146.452	167.736	79.815
368.994	149.810	162.412	74.161
367.775	145.789	161.563	76.953
361.553	145.478	168.005	77.153
359.923	142.796	168.566	79.182
358.336	143.141	170.953	80.454
354.777	143.061	170.481	81.354
359.413	142.255	172.405	83.451
358.479	143.487	165.845	81.758
362.735	141.820	169.161	83.831
363.080	143.125	154.676	85.700
377.371	142.272	155.380	83.861
386.519	142.473	142.568	79.994
395.113	142.545	145.640	79.857
385.969	141.473	149.735	86.125
379.151	136.529	169.254	86.211
371.199	137.424	173.399	81.455
372.706	136.288	175.692	81.278
369.570	134.795	169.708	82.529
376.687	135.172	168.434	81.812
372.937	136.768	166.007	84.700
375.583	134.515	171.681	87.511
372.585	133.515	170.563	88.301
378.663	134.073	162.466	86.233
371.806	136.391	166.939	83.297
371.987	138.693	163.582	79.198
372.067	140.322	167.915	77.932
374.870	139.132	161.433	77.160
372.863	139.232	165.354	75.543
375.257	139.119	159.366	75.863
380.774	141.115	157.913	74.761
377.603	141.196	154.590	76.485
381.323	143.279	160.294	74.657
380.360	141.980	150.347	77.912
380.605	144.886	160.575	75.040
382.961	140.848	146.201	78.827
380.514	142.997	159.276	78.299
386.884	142.065	156.256	76.085
386.077	143.419	152.704	73.976
385.021	143.041	143.714	74.747
382.840	145.685	135.867	75.026
387.265	145.388	120.858	73.411
385.523	153.393	118.469	68.210
388.078	160.204	107.343	62.409
381.350	155.421	108.705	66.419
387.918	158.837	136.659	61.722
387.078	156.690	145.705	64.587
387.767	153.553	139.985	68.837
388.003	147.445	152.258	78.243
390.086	146.770	155.714	79.881
390.758	146.590	152.028	76.126
387.947	151.536	149.595	73.405
390.222	153.474	150.226	66.038
385.852	154.644	150.282	71.068
386.807	153.978	152.041	67.366
384.443	153.268	146.743	66.622
386.871	147.103	151.107	83.863
390.035	144.147	143.777	91.631
387.573	145.496	149.752	91.054
381.289	146.346	157.696	90.579
376.411	149.307	169.518	88.677
371.439	151.263	155.940	90.726
365.722	153.257	164.403	94.259
358.176	152.495	158.280	94.790
357.672	153.597	171.878	96.675
359.472	152.781	170.773	94.962
353.345	153.862	182.958	96.608
356.517	156.151	180.429	93.629
351.906	156.593	179.575	93.609
356.563	157.917	173.454	90.463
348.552	156.269	160.960	89.844
361.356	161.415	139.077	83.257
368.951	158.616	130.983	75.541
357.234	159.837	139.701	75.543
366.583	159.827	125.377	75.392
228.019	36.964	109.263	82.686
358.944	55.699	174.325	138.433
469.661	164.673	109.385	75.055
466.232	162.925	109.235	75.943
349.027	140.245	201.887	177.402
374.058	142.515	197.704	106.659
433.769	154.713	143.604	86.092
357.429	161.503	124.686	84.552
367.639	157.829	117.550	88.174
366.928	159.340	111.030	87.391
364.542	158.971	113.540	93.684
357.239	154.145	118.365	91.588
360.198	148.551	112.351	100.491
337.943	151.114	169.680	143.884
376.898	151.237	98.105	122.991
384.094	146.058	78.140	116.506
368.689	160.717	103.948	103.624
468.228	183.539	126.800	90.181
468.499	185.416	132.307	90.332
471.363	184.583	134.628	90.212
479.939	185.235	129.879	89.726
488.398	188.439	125.386	86.983
486.732	190.046	127.252	88.052
495.425	187.785	124.069	91.609
496.681	193.379	125.627	89.718
497.836	192.742	120.796	95.383
523.774	196.847	102.223	100.255
521.653	184.993	98.021	117.542
523.875	186.949	92.635	128.577
551.814	193.586	92.084	106.160
545.272	200.229	117.345	92.221
541.834	203.347	119.559	84.620
543.693	198.530	114.651	90.250
530.746	196.546	123.208	94.102
561.121	196.964	92.447	96.687
563.805	195.824	88.618	97.978
557.170	204.946	100.222	90.611
551.728	205.293	107.900	91.866
543.229	205.480	114.410	95.978
532.341	205.590	122.825	100.745
522.175	209.314	126.672	98.001
504.859	210.433	130.533	99.856
479.426	211.983	128.524	99.112
481.014	204.537	122.660	99.929
355.292	163.881	146.283	93.684
368.197	156.837	150.979	95.713
389.546	151.275	150.732	92.345
406.849	146.457	134.589	102.922
415.301	145.902	132.953	105.723
388.453	151.980	155.615	106.132
396.579	144.225	144.732	108.556
394.013	172.459	136.664	90.002
388.706	180.700	143.826	92.724
390.906	185.656	152.103	90.928
430.517	187.134	123.323	92.774
391.902	150.736	140.328	97.444
443.053	182.489	115.939	104.104
452.784	194.893	116.837	107.958
347.873	124.443	116.979	103.526
512.919	196.866	79.626	119.203
511.277	105.304	97.430	197.885
546.164	179.170	94.131	120.258
547.353	196.585	101.861	97.298
551.772	197.509	102.678	94.475
552.262	197.385	103.671	93.800
552.440	196.070	101.694	94.550
563.839	188.172	80.034	104.164
562.370	187.153	79.880	106.355
556.394	189.326	71.749	104.108
534.690	185.637	106.525	97.880
520.556	188.734	121.617	89.758
514.234	191.467	121.754	89.426
509.649	190.705	118.773	90.699
504.523	193.892	119.306	87.967
503.074	191.451	117.290	87.564
495.634	198.305	121.779	75.157
494.574	189.615	117.154	78.978
501.337	180.338	98.068	100.176
505.199	181.188	75.182	103.707
515.523	186.452	65.577	108.800
507.652	176.226	65.485	100.564
505.645	178.598	78.618	102.885
508.181	180.458	80.583	109.316
514.969	192.600	76.913	109.465
513.857	194.049	79.800	117.497
521.786	195.339	75.646	120.924
533.038	206.908	63.669	114.327
537.138	215.681	50.589	108.092
539.548	219.948	54.522	104.020
539.647	224.221	49.635	101.718
522.053	229.994	53.560	86.150
518.025	233.479	54.901	84.427
516.041	234.649	58.628	83.374
515.669	232.748	66.201	83.066
515.636	229.820	73.942	87.108
519.646	223.422	76.694	92.604
536.999	217.458	79.541	92.907
560.109	209.859	72.477	95.251
572.005	216.711	78.607	85.555
582.900	208.166	83.448	92.490
590.007	205.634	94.525	92.907
614.935	199.483	83.598	95.866
617.898	199.217	89.300	93.663
616.712	192.555	94.549	100.780
614.702	189.291	100.545	105.950
602.797	184.661	111.687	113.181
575.842	180.545	128.058	119.595
559.878	183.662	135.821	114.796
543.086	184.305	136.671	109.862
526.431	183.731	136.020	101.844
507.938	186.035	142.498	89.531
494.949	180.357	135.305	81.687
483.100	172.834	135.804	84.230
481.756	163.242	120.841	91.111
486.794	161.244	102.711	90.522
492.738	165.418	86.544	89.301
503.339	157.615	74.252	100.582
497.055	160.045	76.712	102.150
493.948	162.994	87.774	104.882
490.914	154.466	96.431	118.196
496.038	156.577	93.238	126.232
515.959	164.553	77.819	128.298
531.732	182.121	62.763	115.562
514.789	188.935	77.793	111.358
529.235	194.891	64.722	107.237
549.976	200.002	50.734	105.356
561.875	209.938	60.520	91.866
563.683	207.109	70.413	94.245
564.079	206.786	79.231	97.535
565.522	205.461	84.758	97.016
566.685	202.900	89.604	98.928
567.187	202.833	100.106	100.888
566.886	202.872	107.126	100.974
564.591	204.693	118.137	100.833
562.123	205.247	126.003	102.071
562.237	207.664	129.092	104.437
565.444	208.782	128.061	109.221
572.487	210.273	119.355	111.247
582.705	214.570	103.998	110.430
588.529	219.724	80.950	106.335
599.572	225.335	63.482	105.166
596.502	222.711	53.218	112.455
588.205	215.409	64.986	120.120
575.749	210.395	83.063	126.363
559.035	206.462	106.396	126.084
543.836	196.391	128.836	130.587
531.450	193.881	149.396	126.456
531.380	188.285	152.332	128.323
530.569	189.199	156.035	124.937
534.509	190.596	153.487	122.178
555.848	178.486	128.937	134.601
576.777	180.126	106.863	131.771
604.730	181.471	70.267	128.231
624.796	198.701	71.735	115.896
630.764	189.789	88.695	121.765
632.305	186.425	116.749	124.472
636.103	188.133	140.555	121.433
647.357	195.319	151.778	114.450
660.412	196.041	144.462	115.125
681.981	201.052	124.779	111.292
699.605	206.353	106.487	106.921
717.477	207.275	84.593	108.599
730.780	221.391	59.602	103.312
730.003	230.683	54.278	100.208
719.051	238.064	63.048	101.493
703.354	234.772	79.011	116.739
684.820	236.304	100.573	122.514
666.340	242.538	120.438	126.381
654.344	245.650	134.249	129.717
639.114	247.863	151.644	132.345
628.089	249.117	164.019	131.358
619.496	248.756	168.834	135.149
615.587	248.166	157.517	139.746
614.372	248.867	138.342	138.703
614.044	244.453	111.535	142.556
601.612	245.945	107.435	130.110
585.576	247.938	111.216	122.065
567.908	253.353	116.045	93.739
554.427	254.318	113.681	78.554
547.931	241.315	116.891	68.578
549.255	232.447	126.222	66.959
533.378	230.271	148.355	66.680
538.863	226.365	150.046	66.853
544.969	228.150	145.636	69.612
531.094	233.053	157.615	72.818
530.378	230.689	158.335	85.704
530.210	231.095	163.255	97.916
538.222	233.951	157.181	98.442
531.512	230.939	164.489	105.300
525.088	229.309	167.333	104.069
519.761	230.123	170.602	90.842
522.304	230.810	164.460	82.228
523.376	229.029	149.710	78.480
518.490	228.173	148.024	73.449
514.619	225.775	149.099	74.923
513.290	224.674	148.575	72.710
515.496	224.144	143.173	75.190
512.634	221.792	141.000	81.562
510.572	222.673	146.456	85.476
509.864	221.914	146.567	85.620
509.562	223.183	146.766	81.792
502.450	218.119	152.967	85.522
504.304	212.517	147.543	88.457
503.367	210.672	148.364	87.769
508.379	212.363	143.820	83.963
512.506	211.764	140.421	84.456
515.939	209.782	133.206	86.900
532.118	202.372	109.746	104.289
532.635	201.891	107.887	113.724
535.925	202.263	103.376	123.988
537.305	206.577	105.899	114.416
534.561	211.277	116.079	110.507
529.179	216.947	130.684	93.763
523.571	220.765	145.118	82.371
368.723	209.930	123.643	99.537
526.642	235.597	143.223	49.993
524.857	235.827	143.484	49.482
515.786	242.801	146.071	46.240
509.248	246.234	147.401	47.046
500.746	247.245	144.923	62.275
496.441	243.579	138.597	76.929
489.590	246.142	127.865	89.949
484.012	247.044	107.923	109.464
483.963	250.754	106.808	107.559
479.273	251.870	99.304	109.465
475.156	252.827	98.951	111.392
472.045	249.348	101.420	115.379
467.135	247.457	107.905	116.733
463.189	248.002	116.581	117.059
458.441	247.338	121.979	120.061
451.044	249.832	131.412	113.950
444.572	252.103	137.797	108.136
435.694	255.512	139.314	97.096
430.069	255.090	135.713	95.046
429.896	253.737	124.959	91.410
427.607	249.193	117.923	91.987
426.230	245.945	112.241	90.446
426.597	241.474	106.461	90.412
427.379	238.392	105.936	86.891
427.974	236.247	105.621	84.464
431.291	233.482	104.182	84.952
438.705	231.757	101.595	85.416
446.210	234.077	99.818	80.589
444.278	236.216	107.937	78.367
445.781	237.266	107.546	75.223
443.296	238.631	117.767	73.772
441.687	238.869	125.027	73.727
305.292	232.174	127.827	86.011
292.158	226.317	147.415	92.810
292.893	204.297	179.219	120.018
313.054	211.207	140.897	114.446
422.829	246.605	139.819	70.541
429.378	252.979	128.162	64.868
428.652	252.031	123.444	64.592
402.664	234.695	151.232	80.803
355.141	212.100	186.581	97.787
360.718	214.113	174.090	97.082
366.176	213.999	162.896	90.410
365.572	216.513	156.361	83.256
373.369	216.743	144.302	80.818
368.274	219.303	150.311	76.179
368.424	220.074	156.745	76.530
367.297	219.278	158.517	84.564
369.082	220.347	160.295	81.754
372.106	218.807	155.615	83.875
369.295	218.321	160.120	86.194
375.680	218.775	152.227	84.784
370.405	217.587	155.184	77.695
371.129	216.548	158.271	79.732
377.707	216.357	149.767	80.400
375.046	217.571	151.854	80.446
375.242	218.040	152.110	77.900
383.175	218.465	147.572	74.275
382.451	221.301	142.452	74.912
381.003	221.785	143.588	71.681
386.059	223.200	133.524	75.095
388.069	224.841	130.806	74.730
388.142	233.757	125.370	72.903
365.091	234.370	143.537	78.646
364.039	234.446	146.271	89.689
355.899	234.060	147.542	100.507
349.983	236.642	153.212	105.158
342.089	242.960	159.390	110.193
345.159	248.201	158.949	108.158
342.132	250.983	164.189	107.026
340.660	252.271	162.589	106.753
337.159	254.471	165.491	105.492
329.587	254.877	166.399	105.347
330.125	258.100	172.207	105.319
321.663	258.800	178.453	104.920
312.580	259.029	196.678	100.891
305.372	261.118	187.856	94.215
305.671	263.066	207.263	78.772
295.888	259.495	220.952	76.649
330.398	257.483	190.388	76.709
370.985	257.431	153.328	70.179
317.463	256.923	210.828	80.619
306.300	258.751	209.984	71.796
315.961	258.161	201.684	67.409
320.546	254.698	196.949	68.713
320.131	252.113	193.084	70.288
321.565	252.105	200.867	73.651
321.120	250.295	193.797	69.538
307.459	252.119	208.850	72.120
310.647	251.528	210.966	77.146
307.750	250.801	209.345	75.913
306.517	250.946	211.269	76.505
314.528	248.766	206.944	74.375
315.825	245.806	205.876	78.169
323.614	246.979	191.773	75.119
317.300	247.527	195.272	73.916
313.016	246.773	198.087	76.094
316.098	246.886	194.540	76.658
316.674	246.192	187.782	81.587
313.952	246.112	195.498	83.359
311.192	246.827	194.073	89.620
308.040	247.915	198.083	93.403
302.899	246.639	185.035	112.978
294.837	248.340	189.345	118.075
289.746	249.349	192.031	118.523
282.389	253.354	190.882	121.017
266.589	258.826	195.086	120.103
256.347	261.155	195.144	119.784
230.814	262.079	198.731	121.798
219.548	266.512	199.253	124.080
209.669	267.869	196.715	123.625
209.375	268.243	182.389	122.516
219.700	272.172	148.491	118.197
253.274	271.565	77.155	116.716
268.353	278.803	57.875	110.534
268.817	290.871	66.539	93.992
253.361	248.194	106.444	133.127
233.546	234.552	181.146	138.645
227.645	254.824	193.201	121.111
228.584	256.290	189.398	120.747
251.725	268.216	184.209	103.688
275.512	266.873	153.744	104.582
298.859	265.477	128.751	103.840
311.670	248.586	108.476	114.153
330.582	244.561	93.254	112.439
348.513	246.260	74.064	110.735
339.213	231.575	78.690	104.821
353.591	229.433	68.916	112.013
359.001	228.319	68.745	114.705
357.822	225.636	73.173	116.569
363.833	223.077	78.004	109.600
361.673	221.541	85.246	105.087
357.613	216.584	97.499	106.165
360.766	212.048	99.055	101.932
349.518	207.490	112.686	104.976
347.661	204.887	113.831	103.963
343.885	205.700	118.588	101.830
342.782	205.749	121.518	97.865
339.660	200.811	124.889	100.530
341.216	200.998	123.386	99.802
339.179	200.744	124.791	100.385
339.192	201.640	124.941	100.531
338.805	202.693	126.221	98.978
337.925	203.036	127.187	101.055
341.755	201.574	123.125	102.147
338.043	202.070	125.368	101.223
346.678	197.936	117.032	105.408
345.802	200.647	118.683	101.306
350.325	195.595	124.963	106.763
348.768	192.249	130.888	107.531
347.170	194.209	139.386	103.150
347.424	189.306	144.106	106.676
346.281	191.564	150.725	101.449
347.631	194.306	159.339	98.776
348.617	194.562	164.938	98.697
345.999	194.930	165.751	99.255
346.697	194.896	171.329	99.267
344.088	196.645	175.564	96.957
340.434	198.282	175.641	96.237
346.491	199.009	176.339	96.980
340.752	198.697	178.957	100.908
341.691	198.415	182.257	99.931
337.510	199.912	184.988	98.364
344.270	197.080	177.222	102.612
348.668	194.687	176.862	102.867
354.043	191.696	165.395	108.146
361.603	185.887	149.541	113.365
365.274	183.132	139.565	115.361
367.444	178.592	132.640	120.491
368.819	175.483	127.851	122.481
370.967	172.694	121.992	129.217
373.134	169.665	117.659	133.860
369.073	171.203	119.689	134.681
364.069	178.084	135.661	136.918
345.061	186.866	154.899	133.083
344.906	197.446	177.213	127.047
368.066	218.614	162.073	120.313
419.826	234.057	127.234	118.357
428.478	245.170	141.221	115.398
441.336	251.193	135.368	114.996
452.390	263.149	136.742	110.881
459.118	268.828	138.539	107.430
466.565	271.630	136.209	104.424
478.478	272.109	130.589	102.286
481.680	272.966	130.951	100.929
483.168	274.700	130.193	100.075
484.045	275.249	128.590	100.523
483.561	276.290	127.743	100.042
485.300	273.745	118.615	104.080
486.690	272.913	114.545	105.250
486.560	271.901	108.291	104.909
485.055	267.767	106.217	106.284
481.486	263.491	106.112	106.586
469.199	258.475	121.720	102.144
463.892	255.517	131.701	98.400
462.552	251.212	135.504	95.997
462.576	248.384	138.204	93.617
463.041	245.200	137.962	89.917
462.924	242.114	140.498	88.257
460.786	237.429	143.562	88.216
464.245	234.718	141.275	91.130
466.548	231.186	137.343	94.519
467.788	229.401	133.060	95.211
486.172	222.080	106.988	100.787
502.626	222.889	83.802	101.247
517.086	237.289	68.721	92.680
530.618	229.318	54.431	96.631
534.993	233.318	53.929	102.963
523.289	246.438	81.277	98.863
513.386	250.055	101.175	95.511
507.246	252.610	115.007	93.262
503.859	256.092	126.767	81.267
502.106	262.587	133.709	69.670
505.362	265.658	142.747	52.781
512.926	266.272	140.908	52.610
515.134	258.953	137.253	62.243
523.545	253.085	124.648	77.282
529.970	251.635	116.460	84.817
534.169	254.579	114.904	88.115
439.668	331.063	146.295	95.683
467.800	334.677	140.407	89.458
514.741	327.559	137.992	94.873
535.385	323.007	136.103	91.642
560.754	317.468	128.328	90.645
585.480	311.730	119.357	92.123
597.801	306.415	119.318	90.374
613.430	298.757	118.084	90.572
622.717	295.538	113.799	92.891
626.610	293.515	110.854	93.989
626.576	293.850	110.560	93.200
619.305	293.896	116.387	94.627
596.731	299.343	123.244	96.509
577.312	304.840	130.344	95.593
553.613	309.241	137.469	97.307
528.155	319.130	139.479	96.562
499.189	326.076	142.131	96.997
462.722	331.440	139.132	97.403
432.770	334.314	145.310	96.188
417.701	325.100	135.633	107.301
372.304	327.757	149.845	100.489
338.090	313.333	137.467	109.317
308.553	306.415	139.410	107.041
473.361	263.131	140.500	112.460
486.563	256.989	128.155	108.902
278.095	280.446	103.688	96.726
274.846	278.712	99.721	86.475
276.475	280.205	113.764	81.718
279.910	275.629	112.498	81.356
287.556	275.471	107.621	83.123
296.767	275.663	93.350	89.376
488.806	211.448	151.911	176.902
468.661	204.488	126.875	170.538
461.652	225.239	109.144	154.875
467.474	258.287	87.415	130.340
466.653	280.540	81.127	108.641
449.750	278.601	74.991	110.906
428.011	272.003	89.302	118.233
327.595	49.902	189.534	208.135
417.883	283.848	79.492	112.387
416.134	281.989	78.472	115.783
423.703	283.845	70.809	113.954
391.372	276.325	94.655	114.532
365.411	265.398	92.476	125.130
322.310	128.776	161.702	180.041
363.786	254.052	99.564	103.766
397.550	62.392	147.483	152.579
364.326	262.165	97.345	103.187
394.975	68.458	148.458	163.795
334.454	90.634	164.769	178.619
390.932	119.819	104.412	34.985
375.265	252.918	103.067	171.317
396.349	283.110	116.675	115.220
390.271	283.249	109.921	108.526
401.084	100.484	133.128	185.308
333.739	0.000	206.993	307.122
309.363	66.509	283.616	435.330
11.375	7.194	644.875	440.760
322.326	30.035	220.668	405.836
278.421	33.456	312.870	542.544
338.981	128.345	178.974	296.663
366.906	277.755	133.090	128.771
372.246	299.211	121.624	104.796
370.963	297.265	121.149	105.522
402.027	294.385	110.941	104.640
393.543	130.071	130.133	40.055
391.345	287.039	134.089	109.690
361.116	282.132	164.875	114.312
387.394	273.148	159.978	117.211
354.446	275.398	163.420	122.221
366.407	272.876	172.858	118.242
388.824	270.044	158.901	112.664
369.857	266.907	129.461	138.104
383.974	273.832	107.313	135.077
390.109	291.453	85.764	120.905
396.842	279.151	87.947	130.421
407.463	261.062	97.146	122.338
411.641	275.895	82.671	142.980
415.698	292.431	69.077	133.839
402.515	266.691	96.064	85.508
385.012	268.992	105.434	82.415
370.616	260.745	114.867	91.547
349.151	259.807	128.987	80.647
430.492	316.110	108.114	87.721
431.588	315.507	115.882	87.075
433.660	314.759	119.587	87.012
314.914	256.656	148.008	90.359
444.888	306.056	121.813	89.209
455.832	306.079	119.251	89.843
459.541	302.282	114.947	93.950
464.572	300.614	115.864	94.227
467.467	299.962	118.250	89.981
470.197	300.671	127.903	81.116
472.678	301.157	132.554	79.104
472.722	301.891	141.980	76.282
476.218	297.013	141.805	82.954
478.972	289.520	134.431	93.617
496.665	281.819	109.036	108.062
513.171	277.587	84.009	111.825
517.220	282.745	72.177	103.313
514.615	286.667	65.071	99.577
519.064	292.212	62.438	90.851
512.198	291.749	71.038	85.520
505.667	292.260	78.775	84.219
497.854	290.526	86.806	85.872
492.295	289.231	94.168	84.907
487.954	286.538	97.666	85.869
483.047	282.864	100.232	87.906
477.761	281.107	103.850	88.351
479.708	280.533	101.203	87.549
370.657	248.659	126.600	95.962
480.527	274.913	94.665	87.559
488.344	270.595	85.541	85.942
463.240	266.931	113.466	85.288
413.359	244.782	137.639	96.327
416.956	249.244	152.485	98.350
417.678	249.439	150.774	92.713
420.628	250.020	148.570	89.113
424.281	250.191	143.765	88.869
425.891	249.574	141.963	89.855
424.532	250.067	140.495	87.082
421.113	250.619	136.575	86.679
424.115	251.150	146.028	86.101
419.670	247.273	137.259	89.885
420.442	250.539	148.581	87.421
419.870	245.778	131.803	91.333
419.026	249.421	150.799	88.752
418.853	247.010	145.645	90.452
416.992	246.447	142.089	90.876
414.246	247.481	149.599	91.020
414.151	246.639	146.679	91.911
412.291	246.878	149.416	94.124
408.661	247.062	152.111	95.453
403.832	246.619	156.010	96.603
401.763	246.659	158.580	97.289
399.811	246.857	161.386	97.488
398.829	247.548	162.652	98.150
391.948	245.725	167.776	100.211
395.467	247.246	163.927	99.220
391.617	244.182	168.656	100.497
393.721	245.360	164.477	101.864
391.695	244.885	167.077	101.070
390.409	242.080	167.192	103.307
389.189	238.628	167.195	106.439
390.046	238.924	166.396	104.957
386.824	237.112	166.612	105.156
385.038	235.851	166.142	103.346
380.249	235.036	167.274	102.571
379.180	233.763	166.620	101.129
378.784	232.223	164.924	102.834
379.187	230.710	163.229	101.959
380.568	229.943	161.047	100.415
381.824	227.597	157.404	101.430
381.131	226.051	157.899	99.939
382.144	225.713	157.149	99.695
384.488	226.217	153.740	98.445
385.469	226.889	152.154	98.233
385.866	228.850	152.105	95.653
385.988	232.878	153.625	91.400
385.669	233.810	154.664	86.699
388.792	236.902	154.178	80.257
390.588	237.976	152.317	77.646
390.784	240.192	151.142	74.589
393.209	241.207	145.399	73.779
394.286	243.150	141.647	73.104
392.934	242.928	139.855	75.908
389.927	242.754	138.380	79.986
388.080	240.642	137.827	86.801
382.976	243.439	134.610	86.637
380.784	245.145	131.321	87.927
378.328	247.963	132.534	86.437
377.999	249.201	133.508	86.746
377.924	249.522	133.309	87.241
376.669	249.030	137.334	88.186
378.015	250.442	140.158	87.773
378.309	249.005	142.893	88.757
382.799	249.417	141.407	87.837
384.724	250.177	140.463	89.443
378.977	254.227	149.822	87.665
379.032	252.664	153.656	90.754
379.708	250.559	154.945	95.125
375.174	251.719	162.243	95.083
374.497	252.462	165.694	96.686
367.107	254.131	184.809	99.651
352.749	256.013	204.071	103.294
359.379	253.272	206.012	106.599
358.628	252.188	212.671	110.640
381.316	250.931	195.446	104.842
447.954	245.930	134.140	92.154
471.430	242.742	110.222	93.889
356.625	267.909	120.850	87.433
483.579	237.324	98.927	98.392
353.808	274.042	125.124	78.038
353.855	270.099	131.502	85.450
367.187	269.022	118.468	88.013
350.599	269.427	135.541	91.634
350.602	270.015	136.354	96.039
480.129	252.091	109.110	75.370
479.585	254.129	112.656	74.998
479.737	253.755	110.144	76.767
478.351	252.982	111.631	78.720
486.404	251.652	103.364	82.987
491.709	250.187	97.500	84.554
499.179	245.887	88.412	89.359
505.699	245.281	80.696	90.475
511.022	242.930	75.326	94.441
513.475	240.412	73.605	95.242
518.346	239.903	68.815	95.728
522.156	240.245	65.498	93.092
523.932	240.075	64.535	92.422
526.202	239.656	62.288	91.608
530.658	237.056	56.329	93.501
533.093	236.203	54.535	93.056
535.469	241.081	50.198	91.198
542.725	238.364	43.516	94.323
545.168	239.967	39.976	88.963
547.610	246.355	41.319	84.351
558.569	238.479	35.716	89.709
568.497	238.682	50.049	91.318
564.906	239.531	68.919	89.845
563.216	238.174	86.663	90.750
560.559	238.914	101.547	89.321
561.022	239.516	111.713	83.853
563.913	245.359	113.531	66.528
567.047	250.452	114.881	56.901
566.159	252.920	117.276	48.627
567.783	254.453	115.942	45.448
569.288	253.421	115.204	46.429
570.236	254.238	113.906	47.420
569.405	254.303	113.803	51.083
565.713	254.985	116.583	58.350
562.861	253.288	116.793	66.390
561.355	252.031	114.614	75.061
570.472	250.866	94.336	89.041
574.928	252.010	73.128	91.615
581.010	252.227	59.772	97.357
583.001	255.827	53.420	94.763
583.609	266.875	60.544	85.867
585.419	265.737	60.411	88.838
590.100	265.361	56.559	90.297
594.198	264.701	59.243	89.245
591.981	268.222	69.495	88.926
582.979	270.621	88.124	87.630
577.248	272.307	108.919	87.543
576.313	275.275	114.735	85.302
579.511	276.181	116.379	83.002
581.605	278.029	119.038	80.713
587.532	277.314	120.842	78.672
594.532	269.652	124.062	84.600
597.910	261.881	126.367	91.779
601.605	253.625	123.703	99.916
608.833	246.260	116.299	107.163
614.895	244.842	103.957	105.306
614.669	247.156	85.008	96.687
601.012	258.251	103.570	83.091
587.787	259.839	119.600	88.021
578.933	257.088	130.632	94.533
576.830	253.442	132.935	100.309
577.884	252.312	134.176	99.801
585.050	250.394	128.378	99.795
590.633	248.960	123.971	94.621
596.087	248.065	116.042	88.724
609.660	245.252	102.524	81.361
626.053	237.891	97.080	87.576
623.091	236.626	108.693	96.390
616.320	234.098	118.335	103.481
609.771	233.207	127.113	106.669
606.292	234.493	130.268	106.958
591.302	252.532	129.670	87.912
584.480	260.085	123.391	80.870
578.906	261.779	111.853	82.979
564.925	261.233	107.801	83.539
550.809	264.244	112.617	79.468
518.615	259.555	109.911	78.456
501.743	248.352	100.550	87.484
401.318	197.969	195.604	143.869
361.992	252.859	153.023	117.559
385.399	250.548	138.773	121.793
392.867	247.226	154.639	120.332
392.623	244.310	145.825	130.533
401.159	242.790	136.856	131.493
398.547	243.980	130.040	128.020
391.507	238.340	101.026	115.356
401.469	245.306	91.893	136.975
374.012	269.531	87.131	123.600
368.555	265.035	82.833	125.964
372.503	191.205	104.597	195.439
374.475	215.734	109.426	159.384
375.241	208.687	99.515	124.637
383.042	214.182	97.221	117.821
567.516	58.787	79.592	49.359
389.550	208.032	94.186	96.592
396.049	205.211	92.788	96.686
408.500	204.674	79.671	106.033
410.786	209.437	79.078	99.143
420.384	208.742	74.919	106.064
434.688	208.135	65.060	111.473
442.291	210.277	63.703	110.828
469.957	219.364	56.694	109.056
480.423	233.397	56.841	101.286
485.498	236.090	65.360	101.760
491.264	242.489	80.811	101.742
497.072	258.624	92.691	92.137
509.754	264.661	113.290	90.688
517.306	263.642	125.560	93.458
526.766	262.766	129.011	98.479
537.403	260.133	133.305	101.402
546.936	255.815	134.989	106.437
559.034	252.589	137.325	106.565
566.446	251.550	136.455	104.955
577.130	249.938	128.183	103.214
590.548	247.708	112.756	100.576
599.754	248.203	102.673	92.185
600.735	247.667	95.760	86.541
604.790	240.240	95.147	92.701
602.461	249.455	95.665	81.956
589.167	250.879	102.199	85.791
574.161	252.152	114.322	86.974
550.262	253.634	128.311	97.599
541.985	252.590	127.921	100.672
531.763	254.319	128.353	101.277
519.942	253.343	128.492	104.141
509.136	253.592	127.644	107.108
491.014	255.174	129.422	106.225
480.431	254.565	130.233	107.408
469.287	253.549	132.337	108.134
457.642	253.574	134.275	107.062
452.872	249.692	134.191	109.348
445.520	248.493	137.568	109.691
439.414	246.506	138.107	109.204
437.004	245.479	136.012	107.641
433.454	244.957	136.449	107.533
429.807	245.214	136.664	106.747
426.745	244.915	135.182	104.629
423.884	244.921	132.043	100.278
422.784	244.549	127.399	99.356
421.754	244.742	124.410	97.761
420.103	244.694	121.790	96.408
417.994	243.919	121.201	96.538
414.865	244.181	120.073	94.938
410.183	243.461	121.178	94.918
399.406	242.651	130.023	94.945
390.439	239.971	137.491	97.804
385.522	237.336	140.418	101.277
380.859	236.817	143.617	103.017
376.672	236.874	146.150	105.833
373.450	238.037	149.189	105.529
371.715	237.273	148.857	107.695
369.488	237.263	148.964	108.069
365.545	237.039	149.933	110.398
365.767	235.613	147.087	110.824
364.170	235.377	145.124	108.807
360.291	233.377	147.088	107.895
358.816	229.800	146.974	110.369
359.278	228.296	145.130	107.408
360.341	227.175	143.273	104.490
362.172	226.010	141.859	101.728
364.501	225.786	139.560	99.597
364.434	225.167	139.157	99.650
365.771	225.026	138.692	99.079
366.655	225.236	138.513	99.097
367.117	224.982	139.722	98.810
366.876	226.842	141.943	95.428
367.544	229.612	142.600	92.193
371.022	230.895	139.304	89.142
374.761	233.608	134.163	87.101
372.865	235.119	136.904	82.675
377.400	235.816	132.664	79.747
365.014	235.970	145.751	75.193
362.472	233.798	150.181	71.037
360.816	230.740	153.982	72.434
341.754	230.126	174.552	67.948
356.131	229.192	161.495	67.337
352.847	229.086	167.053	61.780
334.122	231.735	185.022	53.028
336.409	233.884	179.770	47.970
343.724	233.107	174.182	45.206
333.876	229.834	180.716	44.773
326.484	230.870	168.763	45.447
333.998	228.695	164.687	42.792
359.945	153.234	130.475	113.012
345.520	225.876	163.331	48.353
335.715	219.855	149.599	43.777
344.439	226.158	149.364	42.095
345.066	226.595	154.506	36.391
343.620	229.206	159.620	37.288
349.123	230.010	162.466	38.291
356.731	231.786	150.989	39.335
359.632	234.476	153.193	37.321
377.189	233.832	137.138	40.090
373.684	234.123	144.758	41.533
355.512	232.329	159.667	44.421
371.364	234.494	145.424	43.855
351.216	237.196	167.925	41.475
369.193	241.346	144.972	42.072
361.576	244.959	157.063	40.763
380.416	245.674	142.630	43.842
344.898	246.724	177.317	47.673
334.210	245.536	181.657	58.065
389.267	246.335	125.159	74.045
290.302	242.465	141.431	78.283
412.683	252.605	108.572	87.009
415.551	257.825	106.526	85.429
423.056	257.726	102.698	88.099
429.173	265.008	105.486	81.846
441.103	268.929	103.386	78.981
439.121	268.441	113.245	81.841
441.638	265.062	119.817	91.418
445.412	267.713	120.340	91.747
453.312	266.383	125.213	96.115
459.263	264.111	121.367	100.541
466.759	263.235	115.872	101.383
474.086	259.113	112.018	104.632
481.812	256.231	105.503	105.748
492.448	250.538	93.678	110.047
500.254	248.147	84.563	110.461
506.614	244.618	76.677	112.454
509.841	242.735	72.888	111.439
511.544	242.182	67.982	110.504
512.173	243.788	59.600	105.273
512.539	240.531	56.113	108.895
514.293	237.356	53.488	108.110
513.309	241.933	51.142	107.814
514.694	237.836	48.178	111.805
515.791	226.946	54.478	121.265
511.453	241.287	49.502	115.022
512.651	238.136	52.232	112.043
511.964	239.742	54.040	110.771
513.110	237.198	42.636	108.172
513.328	228.444	47.789	102.767
511.272	227.604	53.067	101.364
505.299	227.092	61.509	102.237
501.025	226.553	69.397	102.236
497.535	224.338	75.833	102.427
488.971	223.686	92.027	100.993
484.181	223.650	102.939	98.941
481.772	227.922	108.740	95.348
478.063	230.400	115.620	95.190
476.597	231.866	118.813	96.870
475.272	236.892	119.408	99.642
473.286	240.096	122.895	98.495
472.585	239.752	122.544	100.030
472.229	242.598	122.050	99.771
471.198	246.228	122.688	97.376
470.758	249.445	123.216	98.993
469.605	252.827	124.314	98.610
467.286	253.714	126.031	100.586
467.290	258.128	125.995	97.470
465.904	259.437	127.292	99.146
466.163	258.884	126.797	103.916
465.374	261.414	128.666	102.024
464.613	262.645	131.267	104.078
464.362	263.948	132.944	103.119
463.918	265.611	134.563	102.475
465.824	266.076	132.238	106.313
302.881	268.584	125.711	99.389
465.198	270.313	137.311	103.894
466.785	269.469	134.579	104.963
466.615	270.146	133.766	105.356
470.561	273.994	127.777	100.605
473.711	274.161	125.318	100.495
475.016	273.357	124.256	100.289
312.186	272.646	106.470	109.078
482.819	271.511	114.434	98.074
481.961	265.979	108.987	107.120
516.947	269.723	71.339	101.156
514.498	269.134	80.931	95.505
497.473	270.955	106.756	95.273
487.967	267.934	120.713	101.635
484.313	267.183	120.322	105.369
485.678	265.349	106.185	110.448
488.570	262.354	93.267	112.852
486.365	261.951	90.174	110.177
479.501	264.924	90.599	105.765
466.044	261.246	99.566	98.538
456.804	265.918	108.096	84.198
452.288	268.433	110.986	70.985
444.067	265.859	123.978	66.588
440.720	270.544	115.690	60.217
429.880	271.951	120.515	54.948
418.635	271.491	129.585	52.710
416.510	274.536	128.108	52.863
409.780	272.929	133.724	57.604
402.422	271.884	138.479	66.039
400.497	268.990	141.927	78.992
402.706	268.387	138.658	82.826
403.678	269.112	140.272	84.538
403.840	267.360	141.513	87.376
261.900	281.187	118.003	87.469
416.143	269.494	139.108	88.544
419.513	270.878	134.177	88.005
423.690	270.084	132.575	89.494
426.390	270.337	130.538	89.247
429.219	269.672	128.025	86.482
277.819	282.709	96.875	86.108
430.433	272.169	127.214	73.810
427.486	271.842	130.562	73.655
427.409	270.868	129.070	74.675
426.722	270.761	130.159	74.959
426.132	270.059	130.390	75.753
426.321	268.906	128.704	74.257
427.882	270.953	125.745	72.445
429.730	271.311	124.064	72.837
429.286	271.790	126.272	73.217
428.810	271.280	126.103	74.286
427.166	269.449	122.705	76.486
426.555	272.176	123.728	75.863
426.045	273.465	125.426	74.361
422.646	271.481	126.782	76.619
422.443	272.138	127.925	76.203
420.069	274.008	130.248	76.128
418.050	271.442	129.585	80.693
418.508	272.626	128.313	79.551
418.768	273.727	128.648	78.467
418.506	273.636	130.080	78.960
417.193	273.651	129.467	79.437
416.660	273.651	130.499	79.884
416.095	273.052	130.471	80.923
416.365	273.226	130.447	80.642
417.510	273.771	129.489	79.556
417.898	274.370	129.572	77.679
417.066	274.211	131.695	77.470
417.749	274.407	128.686	77.949
418.207	274.710	128.328	77.676
419.802	273.190	125.994	79.531
418.798	273.817	129.640	75.788
416.898	271.744	132.676	76.580
416.233	271.760	132.894	75.691
418.377	271.658	130.373	75.429
418.990	271.944	130.115	74.205
418.048	271.974	131.696	74.929
416.618	271.804	133.155	76.487
414.961	271.621	134.349	75.080
416.419	272.000	132.837	74.375
415.596	272.588	133.960	75.061
417.972	271.309	129.383	76.406
417.666	271.457	129.435	76.469
416.532	271.480	129.630	76.935
417.206	272.775	128.612	75.452
417.436	272.695	127.820	76.456
417.304	272.810	126.984	76.935
417.874	272.941	127.273	77.091
416.706	272.691	129.078	76.805
417.021	272.216	128.425	77.671
417.775	273.955	126.293	76.123
419.192	274.558	126.692	75.529
419.537	274.070	127.002	76.330
419.968	274.143	128.331	76.121
419.375	274.911	130.473	75.539
419.666	274.918	130.480	75.759
420.333	275.048	128.402	75.719
421.521	274.854	127.467	76.095
422.356	273.933	128.111	77.062
422.386	273.102	128.304	77.954
421.986	273.743	130.004	77.049
421.289	273.633	129.678	76.810
421.853	274.473	129.026	75.068
422.480	273.984	127.776	76.337
422.128	274.287	128.676	75.987
422.916	274.608	128.072	76.260
422.123	275.212	126.854	75.516
295.493	270.669	112.626	95.805
306.470	267.496	115.469	97.247
429.010	277.036	119.361	76.545
400.917	274.995	144.755	79.121
380.241	243.276	148.097	112.636
391.867	235.161	154.195	119.830
405.332	227.910	141.121	127.700
414.152	220.390	134.968	135.066
416.883	211.337	138.914	143.660
415.478	206.656	150.088	147.430
412.052	207.314	158.014	147.389
411.316	208.760	161.639	146.960
411.290	211.402	164.590	144.704
412.692	223.926	156.119	132.349
411.163	239.136	146.566	117.949
409.732	228.625	150.351	129.852
410.644	232.481	147.678	126.749
410.186	224.679	153.528	134.979
410.116	199.775	176.473	158.681
413.098	189.188	181.557	168.984
412.112	197.839	176.148	157.780
409.576	205.438	174.108	149.705
410.358	218.021	165.311	137.885
402.146	231.308	157.107	125.214
382.550	260.073	174.006	95.677
359.931	270.579	190.505	85.679
392.960	272.745	160.994	83.739
412.635	273.855	139.425	82.137
419.291	275.721	136.628	79.882
420.916	275.477	131.917	78.772
421.080	276.641	133.027	76.832
420.417	274.966	133.840	78.769
421.111	275.261	133.845	78.435
420.993	275.396	133.860	78.252
422.711	275.494	130.505	78.878
420.737	275.528	132.452	78.775
421.350	275.461	131.433	78.412
420.778	274.721	129.455	79.190
420.373	274.656	130.222	79.055
420.185	274.068	129.003	79.651
420.377	275.450	129.561	78.484
419.212	276.070	130.203	78.224
416.352	275.255	131.661	80.634
417.369	273.927	130.752	83.428
416.260	275.157	131.469	82.924
416.863	275.710	130.331	82.898
417.644	275.683	129.441	83.380
417.907	275.174	129.116	84.394
420.490	275.731	126.687	83.962
423.869	276.669	123.498	83.358
428.428	279.586	118.663	80.105
430.201	280.363	115.620	80.106
428.781	277.284	117.064	83.285
433.584	277.658	117.684	82.868
383.247	230.990	138.379	109.271
409.399	279.788	139.853	83.086
401.872	263.342	144.597	99.806
400.219	230.397	143.677	132.402
397.412	223.040	146.794	138.322
397.431	223.346	137.796	135.141
393.309	227.082	149.981	130.943
383.306	232.271	159.086	125.222
353.235	241.114	192.170	116.445
369.061	268.800	178.834	91.024
416.315	280.415	131.550	78.001
422.226	278.788	126.103	78.661
424.617	278.207	123.387	78.633
426.911	277.748	121.867	78.260
427.490	278.114	123.101	77.534
426.972	278.542	125.232	76.951
427.814	278.015	124.578	77.581
427.876	277.992	124.622	77.287
429.277	278.491	122.424	76.922
428.953	278.726	122.237	76.229
429.658	278.358	121.003	76.546
430.250	278.378	120.603	76.617
429.395	278.635	121.887	76.265
429.320	278.185	120.505	77.197
428.861	278.175	121.380	77.513
425.092	278.547	126.133	78.001
422.996	278.338	125.641	79.270
423.178	277.259	125.955	81.654
424.426	277.907	125.682	80.970
432.152	280.934	117.616	78.066
445.865	276.588	102.811	82.976
424.707	279.404	126.024	78.902
407.480	244.522	145.626	113.869
404.072	231.999	143.633	125.084
408.759	229.263	134.990	126.815
409.796	223.517	132.291	132.520
405.155	223.543	137.057	128.882
400.009	223.700	147.611	130.040
392.705	222.329	151.144	130.792
397.447	230.665	151.234	122.572
424.484	273.370	127.044	81.399
426.019	276.892	125.301	77.794
428.267	276.728	123.550	78.257
429.382	277.634	123.895	77.356
428.934	278.323	124.434	76.721
429.108	276.767	123.079	77.910
429.928	276.587	121.412	77.589
430.413	275.631	120.446	77.714
430.887	274.253	120.370	78.603
430.251	275.165	119.499	76.179
429.590	272.596	117.415	77.998
427.956	271.332	116.637	77.528
423.225	269.918	120.229	77.615
421.623	268.632	121.816	79.346
418.717	267.100	124.086	80.097
416.440	264.361	125.890	81.554
415.945	262.452	123.670	80.960
414.635	260.834	122.184	79.705
415.745	259.998	118.607	78.901
413.798	259.637	120.781	77.174
412.153	257.886	123.453	75.721
407.670	257.252	128.162	78.163
410.852	254.492	125.693	78.528
409.135	254.954	128.649	78.159
410.340	253.319	128.652	77.952
411.724	251.917	126.605	76.164
378.444	285.551	130.463	95.786
410.658	248.512	128.260	77.081
415.857	245.343	123.940	74.876
414.497	241.978	124.486	75.718
413.474	238.817	124.882	78.661
408.885	232.573	125.173	82.202
409.655	230.442	124.825	83.302
408.381	226.620	122.415	84.310
406.565	224.469	121.790	86.468
402.000	218.919	125.648	90.435
398.027	210.550	127.672	97.459
393.368	205.562	130.627	102.186
392.316	203.837	130.831	103.442
391.749	203.359	131.063	105.204
392.693	205.101	130.807	103.505
396.066	212.421	128.429	99.647
398.971	221.308	126.057	94.007
402.999	230.595	123.740	87.906
410.674	235.611	118.116	88.080
414.682	245.660	114.147	84.554
420.808	258.783	109.464	81.244
427.582	269.175	102.938	77.738
431.049	276.959	101.097	77.745
429.548	282.169	104.300	80.491
426.656	285.846	108.641	83.598
418.508	290.007	117.868	88.981
410.817	289.376	127.693	93.346
405.300	288.598	134.380	98.214
392.328	288.088	149.996	102.299
388.328	290.390	151.521	103.341
380.106	292.084	164.162	103.387
376.079	289.909	169.739	106.168
373.286	288.761	174.914	107.989
373.942	288.169	174.272	108.965
372.434	290.015	175.069	107.534
369.738	290.172	174.840	105.437
366.082	287.211	178.755	106.856
365.640	285.625	172.221	108.953
368.180	287.017	167.344	105.698
368.660	286.075	162.955	103.792
364.738	286.780	143.137	88.844
366.057	287.259	117.661	81.126
365.410	287.784	114.342	78.888
364.557	287.448	113.992	80.205
363.707	287.037	113.751	81.717
363.250	287.225	115.123	81.895
363.896	287.517	117.844	81.966
366.297	286.577	119.788	83.300
465.475	297.664	107.607	95.314
362.441	288.785	112.072	81.451
500.529	296.354	86.140	92.330
360.967	284.571	219.961	97.804
484.305	284.283	114.362	104.561
358.671	288.997	113.981	85.359
356.683	289.306	112.960	86.858
356.541	289.961	115.140	87.722
475.219	280.199	124.122	102.149
472.776	275.406	123.945	103.817
463.034	271.377	129.429	105.260
454.482	270.881	132.990	101.516
436.026	262.529	140.603	104.325
428.158	263.749	136.666	101.974
422.581	258.504	136.210	98.244
419.600	260.479	129.941	91.559
341.438	287.035	129.809	100.847
402.201	257.551	134.662	83.249
400.522	255.696	125.603	87.632
393.057	256.163	129.632	89.297
397.488	250.007	126.111	95.164
396.166	258.218	123.729	85.304
391.305	259.557	124.157	84.813
390.029	260.372	122.401	84.670
388.377	260.522	125.921	83.965
386.239	259.726	128.072	85.048
385.196	260.589	131.296	83.064
385.069	259.202	131.859	81.966
389.013	259.710	127.756	79.054
387.663	260.469	128.772	77.085
296.416	303.986	130.798	91.500
389.605	260.362	128.208	76.430
388.464	259.647	129.891	76.255
387.873	260.395	130.437	74.964
388.236	260.116	129.883	76.898
388.550	259.754	128.801	74.077
388.176	260.241	128.475	74.067
385.673	261.042	129.719	74.082
383.435	260.028	130.994	75.148
384.156	261.765	130.983	73.366
381.081	259.249	134.200	75.590
382.303	260.574	133.248	74.056
383.663	261.676	131.422	72.347
382.251	260.503	132.401	74.096
384.556	261.175	129.682	73.685
382.205	259.650	132.324	75.839
384.025	261.672	130.975	72.878
381.974	260.287	132.371	75.340
384.552	261.412	130.607	74.539
384.627	263.275	131.564	73.768
383.285	263.433	133.630	73.925
384.555	262.447	132.440	76.141
386.551	261.867	131.333	78.428
388.291	262.885	129.869	77.902
385.339	263.460	130.853	77.233
381.696	264.983	132.254	74.921
381.444	264.458	131.708	78.095
384.058	265.184	133.610	80.418
384.799	264.806	129.044	82.017
375.510	266.859	139.866	80.369
304.150	266.143	194.949	94.037
315.693	260.413	174.534	100.594
339.032	243.860	164.981	100.796
353.202	231.615	153.313	114.661
363.628	220.232	147.180	125.859
361.023	209.854	142.939	135.930
358.453	205.387	142.780	139.119
352.061	201.233	141.236	145.074
349.025	202.116	148.780	144.454
342.966	204.067	135.533	132.074
334.266	213.891	146.519	120.242
319.525	219.565	168.000	115.368
366.233	259.990	161.324	82.568
362.006	254.471	154.829	88.685
382.016	258.883	136.997	84.152
388.072	264.272	132.870	77.537
384.074	263.553	135.741	78.182
389.929	264.070	129.491	76.198
386.730	264.783	132.389	74.984
386.672	264.403	133.417	75.323
386.599	263.319	133.842	76.539
388.139	263.251	131.112	76.196
385.164	261.718	132.966	77.413
386.629	262.162	130.373	76.284
383.969	262.106	131.588	75.754
387.019	263.926	128.600	72.901
380.863	263.250	133.219	73.926
385.019	261.469	133.264	76.619
386.884	261.223	130.962	77.278
371.479	255.738	140.543	83.191
352.229	254.844	156.265	84.538
369.491	245.571	151.960	94.818
358.318	244.166	168.377	96.284
351.025	237.910	172.760	100.972
341.795	235.418	181.019	101.629
374.708	250.245	149.577	87.972
373.022	253.767	159.109	85.387
282.087	239.998	113.009	88.793
268.911	241.409	120.862	79.248
393.035	257.788	130.878	76.479
395.411	259.084	110.966	75.494
396.834	259.211	126.785	75.391
395.627	257.391	128.861	76.778
396.080	256.013	129.809	78.262
398.582	255.928	127.575	77.484
397.990	256.510	126.225	76.877
396.254	255.551	127.606	77.676
395.232	254.834	127.088	77.206
398.209	255.608	126.258	75.980
394.941	253.704	123.801	76.877
396.021	255.603	126.860	74.667
393.276	254.578	127.559	75.277
393.362	257.035	126.385	73.806
392.693	255.308	125.545	76.033
390.806	256.335	126.665	75.063
392.087	256.828	125.371	74.795
390.474	255.959	126.819	75.981
394.718	256.386	123.358	75.654
384.319	255.154	130.944	77.063
345.297	256.397	167.512	136.366
356.137	275.263	133.955	120.387
367.666	259.204	147.913	124.425
382.496	260.236	133.575	115.457
393.163	259.034	129.995	120.805
390.685	255.853	138.548	121.487
390.198	254.429	144.109	123.192
393.401	251.483	143.824	127.603
395.392	253.011	143.427	125.057
398.343	257.980	137.222	118.049
391.217	256.757	133.464	124.376
394.171	259.359	126.360	119.454
374.340	259.823	144.832	130.822
372.470	257.839	146.016	132.258
272.016	267.302	275.032	229.952
155.157	139.343	442.300	427.817
116.570	1.642	470.187	521.672
0.000	0.000	846.014	514.723
12.038	0.000	892.007	558.782
201.744	20.503	325.718	468.029
18.836	14.714	621.535	489.890
68.493	20.521	877.532	555.479
58.036	25.856	901.964	550.144
53.985	22.563	906.015	553.437
52.963	25.091	907.037	550.909
48.840	21.574	911.160	554.426
44.131	22.759	915.869	553.241
56.716	0.000	615.744	535.739
327.432	0.000	223.897	0.000
383.373	257.232	133.745	78.226
382.766	258.968	135.304	77.297
382.549	259.727	134.517	75.625
382.155	259.908	134.697	75.357
383.691	259.356	133.456	74.957
386.069	259.228	130.743	74.335
385.381	259.939	130.860	73.328
387.310	260.106	130.679	72.431
388.397	260.249	128.800	72.744
387.043	260.180	131.440	73.895
385.561	259.707	132.236	77.499
388.803	260.607	127.950	76.441
384.874	258.938	131.564	79.225
385.395	259.452	131.200	79.573
386.461	261.012	129.199	78.710
385.482	262.552	128.407	77.690
386.338	264.279	126.444	76.489
387.140	264.750	125.128	76.686
386.892	264.622	124.833	77.076
386.021	264.053	125.836	77.125
386.950	263.373	125.398	77.947
387.763	263.881	125.666	77.175
388.011	262.905	125.138	77.984
387.313	262.105	126.571	78.640
387.213	263.857	127.233	76.721
385.588	261.909	128.468	78.742
384.895	260.994	129.977	78.919
383.397	260.919	129.856	77.538
383.806	261.272	130.190	76.734
383.663	261.249	129.811	76.748
379.509	260.546	127.082	78.694
375.252	260.754	129.578	75.840
367.213	262.013	136.686	74.530
356.080	261.970	155.419	76.860
360.423	261.399	150.455	89.381
340.439	268.433	153.338	121.528
342.665	260.221	163.545	130.405
347.499	264.481	158.688	127.524
345.352	264.121	161.046	123.031
345.474	260.766	158.727	127.656
330.313	257.554	159.417	133.293
300.967	239.051	232.584	193.048
322.622	239.445	186.900	159.254
314.666	285.625	141.949	112.759
368.662	255.533	145.736	79.378
310.754	304.084	127.880	100.729
377.328	258.120	134.605	75.918
374.218	259.125	136.347	75.140
305.823	295.257	143.912	103.201
343.644	253.946	161.413	96.089
322.650	275.250	169.352	124.852
326.611	265.703	176.885	133.061
332.292	264.653	169.747	130.878
337.096	263.564	162.275	127.521
344.082	260.831	162.621	126.414
354.247	266.663	151.445	116.743
360.872	262.583	146.519	110.236
365.353	262.093	143.833	84.692
372.716	257.561	138.707	97.603
369.997	267.185	124.361	115.931
376.502	254.141	137.861	91.254
379.012	254.448	133.418	77.624
380.841	254.172	131.318	78.127
371.623	253.183	131.977	76.561
374.030	259.808	119.773	110.682
383.874	252.040	127.837	79.502
379.044	253.154	125.591	77.225
383.597	252.919	132.680	78.442
349.199	311.185	109.921	97.123
378.730	252.040	119.529	79.244
383.014	254.442	134.120	73.025
382.531	254.081	127.974	75.508
385.599	251.934	131.609	77.316
385.883	252.848	132.219	76.609
387.635	252.760	130.773	76.373
386.490	253.646	131.415	75.908
386.646	254.358	132.349	75.743
387.973	254.768	131.620	75.228
389.330	254.106	131.696	75.709
388.783	253.557	131.964	76.485
386.770	253.044	131.563	76.498
386.779	253.509	128.216	76.279
386.392	253.522	130.823	76.488
383.724	253.491	128.777	76.283
385.425	252.582	132.959	76.871
387.942	253.844	133.600	76.221
390.811	253.000	131.105	78.352
390.824	252.516	129.692	78.440
389.373	252.334	131.006	78.380
389.227	251.922	131.714	78.550
389.123	250.685	132.477	79.736
390.236	251.171	131.704	79.344
388.482	250.547	132.862	79.656
389.537	251.081	131.490	79.533
388.035	250.684	132.247	79.567
386.993	250.997	132.411	79.136
387.107	251.087	132.018	78.902
385.344	251.003	132.689	79.058
386.039	250.544	131.365	79.978
385.750	249.951	133.196	81.016
383.486	250.345	132.750	78.363
384.035	249.906	130.131	77.904
384.548	250.943	130.230	76.423
311.153	316.734	139.685	94.890
315.028	311.295	136.492	97.588
329.240	293.635	143.589	108.999
351.945	247.904	160.084	145.426
346.605	257.195	161.245	138.587
348.291	252.794	165.546	142.275
347.995	268.948	158.447	125.718
378.383	247.810	131.190	132.772
385.375	245.605	130.848	86.616
382.177	248.375	129.443	73.730
385.874	248.999	126.794	74.134
386.376	248.114	130.749	76.015
385.898	249.204	130.883	75.823
384.557	249.169	130.894	75.827
384.034	249.169	132.238	76.620
382.801	249.439	132.296	77.084
381.478	251.492	134.056	77.753
377.203	253.642	132.690	80.305
375.790	261.703	135.145	73.608
378.125	257.760	132.230	78.278
375.838	257.273	134.101	79.802
378.298	258.025	136.298	77.599
378.323	259.444	131.064	76.273
378.939	259.926	131.496	74.890
379.276	260.107	131.962	74.708
378.786	259.674	132.515	75.961
378.370	259.308	132.381	76.650
378.147	259.628	131.357	75.778
376.665	260.401	131.197	74.867
374.668	260.654	129.497	72.101
375.681	259.886	128.574	71.788
375.075	261.290	129.259	70.529
376.141	260.040	132.043	71.326
375.026	259.074	133.280	72.674
380.013	258.588	128.375	74.817
378.237	259.198	128.091	73.750
381.712	261.044	127.806	71.945
383.343	261.366	126.209	72.659
379.493	262.048	131.704	72.348
383.364	261.060	129.128	73.627
381.784	261.156	130.656	73.046
382.389	261.661	130.046	73.238
380.435	261.480	130.388	74.510
382.304	260.929	129.514	75.838
383.129	261.758	127.296	75.203
382.496	261.721	128.836	76.287
382.647	260.919	128.937	77.874
384.713	260.493	127.750	78.061
382.310	260.324	123.158	78.111
383.361	263.390	126.184	73.731
384.867	262.431	126.135	74.549
387.683	263.068	123.162	73.958
387.748	262.146	124.741	75.087
388.951	262.772	123.343	74.118
388.629	263.695	124.152	73.087
382.816	263.062	124.733	73.473
384.849	261.167	120.769	76.366
382.259	261.764	123.070	76.327
385.703	262.836	125.187	74.054
377.905	262.800	131.533	83.245
332.898	268.089	148.658	136.129
331.420	267.860	163.171	140.574
339.027	261.684	161.197	148.851
347.530	262.474	162.101	142.618
351.353	260.012	162.741	143.873
352.415	260.972	159.801	141.047
355.651	263.540	153.904	134.999
357.342	259.594	151.660	134.848
368.196	260.489	141.981	126.537
365.776	256.174	144.500	126.944
369.869	252.708	139.243	128.378
370.852	254.736	138.470	125.140
373.121	253.184	136.456	124.038
374.745	254.545	134.399	123.049
373.994	251.575	135.458	125.093
373.411	253.096	136.189	125.599
374.042	254.818	135.265	121.407
371.481	252.057	137.261	126.265
371.183	254.820	137.194	121.841
370.404	254.878	136.758	123.570
369.924	253.389	138.139	125.792
368.067	254.807	140.046	120.620
368.365	254.266	138.606	118.791
370.816	254.681	136.377	120.707
366.168	254.570	143.554	117.574
367.520	253.885	139.735	118.824
368.649	254.962	140.773	117.271
369.695	256.675	137.387	115.127
373.182	254.212	133.403	115.465
374.376	255.695	135.457	112.229
373.475	255.101	133.017	109.957
374.117	255.248	133.103	109.700
373.151	255.014	133.537	109.438
373.948	252.690	138.467	108.120
369.820	253.170	143.095	104.570
368.589	251.881	145.926	101.879
368.801	251.141	148.346	100.740
370.721	250.350	148.910	100.022
369.787	245.204	154.076	102.970
370.921	246.853	158.437	100.338
368.093	245.929	163.769	99.963
368.787	246.747	164.598	98.845
363.180	244.308	168.369	100.037
361.619	243.753	175.835	100.213
365.720	247.107	174.511	95.443
371.208	246.907	170.346	93.298
374.350	247.149	171.160	90.601
398.993	249.029	147.458	88.742
377.785	247.460	169.365	87.448
392.590	252.799	151.798	83.054
369.644	245.343	173.367	90.987
374.085	249.691	168.917	88.894
379.741	251.903	162.292	86.637
383.579	251.968	160.031	86.434
387.066	253.156	156.851	84.715
378.780	250.245	162.586	87.341
403.907	256.928	137.958	80.149
385.334	251.417	157.658	84.740
366.349	250.112	170.520	85.375
366.258	247.556	174.074	86.300
362.164	244.406	178.482	88.630
356.423	244.513	179.946	87.920
359.396	244.348	178.087	88.711
364.541	245.018	173.797	89.169
361.789	244.587	173.536	89.914
364.695	244.521	173.427	91.438
353.235	239.330	178.727	96.056
370.831	240.553	167.133	95.436
349.400	236.796	185.611	99.081
348.550	240.212	178.170	96.364
347.359	235.932	182.358	101.288
346.027	236.631	190.797	101.971
347.903	233.164	189.110	106.228
348.781	234.637	190.846	105.228
349.478	234.988	189.736	105.443
360.498	242.877	180.647	98.884
335.770	229.322	182.838	110.888
408.511	263.541	137.908	79.541
427.349	273.212	112.917	71.853
429.458	276.707	111.072	67.802
425.481	276.919	113.275	68.283
424.711	278.230	112.583	67.821
423.830	279.085	114.627	68.216
418.243	279.368	116.451	69.155
419.838	280.105	113.181	68.874
418.102	280.179	113.737	71.156
416.727	279.762	114.695	70.477
416.163	279.949	114.856	69.921
414.379	280.839	115.555	69.777
413.865	260.648	116.400	69.818
415.050	264.292	114.551	75.795
411.779	280.066	119.071	69.134
412.569	279.004	116.254	68.116
404.203	278.168	122.296	69.654
398.154	273.855	127.795	74.559
349.995	225.959	139.354	104.167
346.084	223.199	132.279	98.893
344.179	221.720	134.295	103.744
338.762	221.081	140.156	107.429
335.167	221.259	142.159	113.400
331.471	220.635	145.441	113.762
330.419	220.686	142.016	110.367
330.615	228.583	164.401	110.046
324.035	220.535	151.103	111.139
346.748	239.008	145.727	109.716
324.239	222.220	150.133	116.185
327.679	220.394	138.762	95.451
328.091	218.708	143.477	89.081
330.147	220.960	143.496	87.689
332.627	220.311	142.136	87.713
335.725	219.721	140.476	96.434
339.532	219.803	137.105	90.081
339.630	220.157	139.677	102.330
343.489	220.015	135.495	104.851
343.583	222.977	136.828	116.683
345.790	222.786	136.284	127.629
346.157	221.970	137.420	109.554
352.760	225.592	130.205	129.565
349.743	222.043	137.148	123.413
351.064	219.731	137.976	118.666
354.426	219.895	135.526	124.277
355.864	218.568	136.147	122.140
354.410	218.635	138.308	121.696
356.419	219.746	137.226	117.204
358.327	218.662	137.023	117.719
359.648	217.025	137.134	118.475
360.179	216.971	136.477	118.829
360.538	216.968	134.315	97.232
362.354	219.009	132.939	109.319
364.623	218.593	130.340	97.564
363.623	220.204	133.414	100.504
365.834	219.944	132.591	103.732
366.319	221.231	135.459	110.931
365.343	221.937	141.975	109.947
365.194	224.641	143.167	108.776
367.630	224.601	146.579	107.615
368.700	225.863	148.799	110.260
367.081	226.125	153.113	109.863
370.547	228.382	151.596	104.715
371.241	228.953	155.613	102.994
373.303	228.910	157.335	104.526
375.052	230.932	152.223	102.311
381.686	230.412	148.966	101.352
377.131	234.559	150.371	95.567
380.662	234.730	147.721	93.144
378.930	236.345	149.334	93.727
378.162	237.093	151.203	94.891
378.397	237.667	150.540	92.744
375.910	236.812	151.817	94.517
380.099	236.932	146.868	94.767
379.733	237.835	146.996	95.036
376.976	237.584	148.893	95.895
377.422	237.126	149.029	95.503
377.352	237.656	148.471	96.179
375.998	239.821	150.441	95.259
375.542	239.845	152.471	95.565
374.903	239.534	152.232	95.975
379.503	239.263	149.188	94.073
379.368	239.967	147.468	93.428
375.259	237.989	149.376	93.972
374.737	237.342	150.941	94.828
375.623	236.088	150.852	95.650
375.963	235.437	150.005	97.487
373.996	234.168	149.486	99.136
370.181	240.638	150.262	89.658
373.133	244.539	142.050	82.375
374.575	245.917	146.282	80.347
372.983	247.518	143.233	80.998
372.964	248.243	143.226	81.930
369.057	251.607	145.605	81.364
370.009	256.040	144.828	77.733
368.543	257.863	144.717	75.065
371.413	259.098	139.855	74.673
371.457	261.601	138.353	72.834
375.280	264.406	134.403	71.494
384.174	264.379	121.846	74.449
383.265	264.452	121.248	75.148
375.742	262.977	128.671	78.043
382.661	263.115	123.112	78.436
380.328	265.016	125.337	77.798
378.742	266.343	128.861	75.930
373.035	263.138	136.218	79.987
371.781	261.448	140.062	83.445
364.906	260.844	148.603	86.165
358.242	262.686	166.782	87.549
356.071	265.306	175.584	86.696
352.298	267.491	182.857	85.523
345.499	269.880	191.936	86.582
338.406	270.699	204.398	86.861
334.303	273.029	211.448	84.541
334.085	273.703	212.283	85.733
334.330	275.820	217.957	89.190
331.337	273.792	222.834	90.483
345.358	272.226	214.793	93.007
