855.000	286.000	101.000	83.000
847.375	286.592	105.197	76.604
843.122	286.313	102.673	75.375
838.543	284.997	105.174	74.527
834.210	283.613	105.640	75.223
829.953	283.975	106.046	74.442
827.057	282.985	105.148	74.547
822.875	280.028	104.018	75.664
818.770	277.350	101.821	75.512
814.152	274.802	101.048	75.219
812.528	273.323	97.048	75.025
809.786	272.457	97.186	74.480
806.274	270.789	97.001	74.102
803.663	270.526	97.398	74.522
803.020	270.167	95.368	74.080
803.120	269.710	95.626	73.337
802.404	267.322	94.820	75.581
802.502	266.099	93.763	74.475
799.064	264.841	96.820	72.797
797.667	264.031	97.552	70.897
798.767	263.291	96.574	69.421
800.905	262.676	94.602	68.745
799.333	262.215	96.181	65.517
802.624	260.074	93.601	64.590
804.281	258.514	91.280	64.127
801.662	257.590	95.487	61.697
805.643	257.962	93.079	59.240
806.513	257.125	92.862	62.141
804.750	256.902	92.367	63.341
804.399	255.112	95.176	62.146
804.119	255.269	92.347	60.353
803.610	254.627	92.377	59.539
801.106	252.855	91.434	59.808
800.582	250.050	91.675	62.837
797.904	250.001	93.673	65.897
797.121	248.017	87.075	59.935
792.569	248.818	82.037	58.519
783.715	246.971	89.473	60.103
777.976	244.976	89.915	60.724
769.421	244.214	91.988	59.395
762.333	243.420	92.340	63.645
752.252	242.451	93.521	65.939
751.181	240.589	86.394	61.853
736.636	238.051	90.158	66.873
734.428	236.315	81.510	59.077
727.826	233.488	79.696	63.142
701.598	229.695	98.547	64.607
704.145	227.700	88.646	68.198
692.945	228.411	92.618	67.731
692.362	227.986	86.555	63.846
678.684	228.547	95.382	64.114
679.540	225.286	87.824	65.433
670.533	226.484	94.501	64.789
668.076	223.286	89.788	64.848
663.942	223.801	89.216	62.150
656.295	223.389	92.544	61.091
655.852	221.799	88.062	64.509
652.527	220.330	86.995	64.623
644.936	218.862	90.565	62.380
640.362	216.475	89.908	61.508
639.757	213.514	87.065	63.334
638.460	212.269	84.871	64.872
632.506	212.696	87.159	61.795
627.730	210.848	88.224	62.266
627.300	208.267	86.216	63.348
626.903	206.777	84.461	63.575
627.693	204.574	82.109	63.824
626.976	202.495	81.045	63.649
619.812	200.378	86.782	62.669
618.475	199.062	86.013	60.673
619.918	198.997	82.990	60.087
615.801	197.167	84.566	60.758
619.727	198.389	80.529	58.579
613.905	195.426	83.668	56.833
613.327	195.727	81.362	56.099
609.902	194.184	81.508	58.380
597.082	193.275	90.447	58.160
637.803	72.322	97.698	53.019
591.756	191.740	88.074	55.790
593.256	189.383	83.010	56.260
592.063	190.634	81.251	55.814
587.094	189.272	81.839	55.797
583.690	188.395	82.063	56.989
573.044	186.392	86.637	57.535
570.630	183.974	83.447	58.770
564.781	184.028	84.138	57.144
554.865	182.553	88.040	56.888
552.182	181.731	85.187	54.670
549.027	179.208	81.993	54.259
542.920	180.212	83.723	50.777
539.792	179.186	84.312	51.954
536.298	177.485	83.115	54.293
529.301	174.824	84.204	56.311
524.538	172.733	78.486	57.546
522.398	171.944	79.725	59.173
520.200	171.685	80.889	57.140
517.649	170.835	78.201	58.261
515.888	171.226	78.070	57.275
511.623	169.716	77.629	55.128
508.879	168.233	77.472	54.982
504.718	166.889	79.042	56.432
502.083	164.942	77.568	56.015
499.620	163.097	78.813	56.680
498.299	159.815	79.183	56.558
498.230	158.933	77.950	56.689
497.896	157.260	77.078	56.920
498.532	157.066	76.479	56.029
499.106	156.295	76.366	57.415
498.027	155.384	75.049	56.027
496.253	155.934	74.615	57.069
494.383	155.279	75.005	56.682
493.083	154.290	75.209	56.386
491.711	153.850	73.176	55.891
488.890	152.940	72.822	60.959
486.222	150.431	75.380	61.698
484.823	150.783	73.631	60.513
483.065	150.473	72.993	61.698
482.219	150.289	72.387	63.045
476.827	148.353	74.370	59.477
474.836	148.512	69.941	56.535
470.458	146.097	73.119	58.852
465.729	146.153	74.427	56.057
463.924	145.635	72.915	57.606
460.468	144.954	74.997	53.927
460.554	144.068	69.337	56.615
457.547	142.417	68.979	51.081
452.430	135.486	67.176	56.365
454.167	142.035	65.539	51.431
546.179	205.329	58.206	74.792
409.378	130.590	97.259	56.711
512.120	130.711	79.614	56.198
507.821	128.127	78.350	58.254
501.289	129.765	80.533	56.015
430.043	134.575	81.021	54.737
437.313	131.830	71.246	59.391
437.199	131.139	74.312	62.559
408.834	127.312	94.830	63.470
421.130	128.949	86.823	66.068
480.905	125.310	81.109	66.623
428.215	129.841	93.561	62.984
478.702	121.755	81.523	61.907
495.701	119.962	68.767	57.561
441.372	130.822	74.147	62.211
442.919	128.927	69.732	61.910
442.176	128.134	69.921	61.323
440.924	127.879	72.198	61.149
439.937	126.735	72.378	59.589
439.156	124.597	72.218	61.218
436.558	122.265	74.283	62.351
435.311	121.504	73.936	61.930
433.532	120.570	72.051	61.135
433.269	120.973	71.842	60.316
430.510	121.616	73.354	58.481
429.833	121.383	73.632	59.454
426.755	121.036	73.863	58.075
420.839	119.404	75.245	58.047
414.620	118.931	79.491	57.393
418.220	117.512	85.082	58.177
413.757	119.043	76.097	58.596
402.070	117.420	75.602	55.152
398.424	117.713	71.440	54.292
392.447	114.622	69.791	54.836
383.926	112.413	71.722	55.326
379.750	109.517	70.489	54.124
376.584	108.327	71.626	55.856
373.448	107.868	71.396	56.635
371.834	106.402	69.434	55.182
371.685	104.989	71.266	55.582
366.177	103.818	73.095	56.982
364.024	102.208	75.516	57.509
362.521	102.324	74.305	58.002
364.996	102.914	68.960	59.051
361.613	104.075	72.957	59.498
358.305	105.046	76.408	60.517
355.462	103.008	73.977	59.147
357.239	100.502	70.824	58.582
354.297	97.989	75.153	56.766
351.820	97.675	75.916	59.882
352.159	96.805	71.329	58.849
351.082	97.112	70.720	58.182
350.217	96.237	69.601	59.772
347.851	95.086	72.060	60.892
350.981	94.590	71.504	58.923
346.766	92.091	74.139	58.395
350.342	92.452	68.244	57.758
347.021	90.574	68.752	57.804
344.171	91.030	69.504	56.281
344.192	91.370	68.867	56.204
344.615	90.556	66.632	56.929
341.142	90.542	66.068	55.333
335.175	89.104	69.731	56.089
328.305	87.502	72.291	56.622
325.232	87.005	70.041	56.433
320.350	87.576	72.889	56.612
322.560	87.378	69.071	57.590
318.786	89.401	70.758	56.770
262.082	84.143	65.969	60.249
309.455	88.588	69.604	57.208
307.815	88.079	65.704	54.828
300.434	84.359	63.922	55.774
295.820	82.305	69.127	57.330
297.860	80.928	67.846	57.711
298.788	79.828	61.374	55.375
293.804	78.076	58.248	52.280
289.916	76.943	56.653	52.169
285.167	76.418	56.941	52.301
281.261	75.941	59.442	50.117
280.199	75.492	57.263	49.919
275.998	74.245	59.959	50.127
269.917	72.302	62.396	49.246
263.167	69.382	63.150	49.064
336.817	164.033	131.085	84.849
353.746	228.194	148.598	90.087
392.361	399.481	135.026	98.258
425.214	401.804	131.800	109.068
427.229	433.963	119.182	108.534
526.969	368.188	134.784	121.833
341.355	302.412	181.091	148.874
534.367	322.304	213.343	181.494
642.261	218.303	86.357	76.811
723.262	209.480	91.816	68.994
719.788	212.463	93.301	62.264
719.981	209.630	97.171	64.259
719.482	210.637	97.022	63.354
720.161	211.941	95.241	64.974
719.717	212.944	95.102	64.825
723.767	213.428	94.359	66.787
722.821	210.998	89.097	67.935
626.749	215.327	93.544	69.364
622.837	211.520	95.526	75.246
624.875	205.875	99.246	74.520
624.500	203.908	97.405	68.921
621.376	198.947	92.387	69.895
517.570	194.180	90.683	78.097
603.699	159.402	85.608	52.117
615.286	156.865	76.705	54.736
621.755	156.281	75.251	53.839
617.490	156.063	76.422	50.951
613.944	152.925	77.403	52.820
609.552	151.304	78.828	53.949
609.521	150.084	74.466	52.475
609.918	147.495	78.804	55.529
686.921	122.584	80.290	52.532
711.279	191.838	82.290	57.563
605.518	192.584	108.342	67.568
842.935	212.531	80.998	77.128
607.081	197.996	92.685	68.020
605.951	200.736	86.806	63.083
542.814	338.588	122.635	44.341
498.570	317.873	41.722	48.802
717.631	331.350	75.627	48.629
681.516	150.103	87.433	65.773
578.230	192.659	92.627	64.811
623.809	222.200	106.900	91.470
598.495	188.129	143.853	75.536
717.615	142.566	72.713	66.872
672.830	304.245	148.038	127.947
660.464	325.290	139.827	78.480
584.776	190.762	101.519	72.608
588.331	185.651	100.036	74.815
690.080	463.996	164.435	109.172
581.577	185.690	114.359	82.253
586.025	189.400	94.350	74.354
580.669	177.336	93.455	70.215
723.937	468.333	129.512	71.444
746.636	474.863	107.387	89.811
733.111	472.672	114.484	88.013
726.451	470.907	118.247	89.523
727.761	467.025	112.191	90.937
721.932	465.067	112.393	87.319
717.442	461.787	117.091	87.129
776.665	573.653	142.901	2.347
706.714	457.416	112.713	84.880
694.754	449.719	115.487	87.390
620.009	397.800	192.908	128.084
641.349	441.966	154.169	109.311
548.006	424.956	245.865	151.044
664.054	446.507	128.857	98.336
651.963	453.138	139.640	94.656
649.674	576.000	180.297	0.000
593.807	421.676	194.555	154.324
722.686	436.896	205.065	139.104
755.787	334.484	172.028	118.584
676.439	289.581	212.370	163.723
701.596	314.068	151.414	119.856
612.886	448.442	146.710	102.704
505.858	430.352	227.671	145.648
459.172	435.977	233.962	140.023
564.358	367.841	147.322	107.458
496.666	256.696	159.413	167.069
433.310	348.765	125.042	90.565
419.167	347.134	130.493	96.844
533.056	426.318	102.333	98.458
530.569	386.319	188.064	163.515
439.124	398.570	298.393	171.290
588.021	429.032	121.175	90.528
556.280	368.097	127.795	89.507
597.109	430.358	118.304	86.101
583.919	435.953	126.485	87.405
582.166	430.132	117.124	85.296
583.257	425.885	108.652	92.019
583.577	419.273	106.533	94.617
568.898	413.216	112.638	92.272
563.725	415.626	120.897	87.221
649.062	358.266	173.356	117.576
668.795	412.746	147.488	127.171
610.137	576.000	188.116	0.000
634.201	576.000	168.770	0.000
684.344	454.247	120.415	90.855
772.930	290.644	91.673	72.253
773.700	290.485	95.511	72.882
773.634	291.211	93.761	72.145
777.025	292.912	88.790	75.263
657.507	314.904	44.844	71.041
910.259	386.851	49.741	90.135
762.976	291.908	90.024	73.388
755.547	292.611	88.142	75.056
749.156	291.436	104.978	75.044
741.966	285.609	95.786	78.044
737.781	284.038	101.026	78.618
844.689	378.420	108.168	87.509
837.497	374.108	105.015	91.200
724.333	284.489	87.047	70.299
723.095	281.378	88.867	70.554
724.558	281.561	91.363	68.969
726.400	283.010	87.268	69.150
728.567	282.567	91.366	70.082
728.144	283.386	90.796	69.045
724.974	283.900	97.335	70.459
738.178	277.221	98.707	78.941
729.728	277.150	97.966	82.821
732.910	274.427	97.558	75.494
724.439	271.755	93.381	73.336
717.158	267.827	105.610	74.523
714.740	264.307	96.968	76.201
754.174	241.373	89.120	67.526
704.808	263.348	88.154	67.028
703.028	262.147	82.529	62.968
699.068	259.679	80.385	60.080
688.991	258.648	82.462	58.660
685.284	256.595	84.353	56.109
679.942	254.472	82.426	57.312
738.843	314.716	126.949	92.575
568.181	269.138	88.742	67.086
629.485	293.636	194.398	106.051
662.946	268.235	149.788	90.355
733.285	303.686	105.879	89.618
725.314	305.643	110.698	86.251
587.828	369.001	175.014	151.363
703.217	283.537	139.760	131.553
678.875	323.087	195.608	206.560
524.842	314.584	312.016	261.416
507.401	341.899	268.363	178.667
373.668	325.830	373.676	250.170
543.940	329.304	306.562	228.504
426.583	440.290	122.371	113.535
413.942	576.000	141.086	0.000
295.204	571.765	188.271	4.235
410.285	556.962	139.897	19.038
409.787	431.342	133.494	116.316
