679.000	214.000	91.000	74.000
675.972	214.337	88.299	75.718
672.721	214.638	88.729	76.241
670.143	215.528	88.259	76.507
667.015	216.783	87.882	75.864
663.534	217.987	89.603	76.173
659.743	219.114	90.469	75.920
657.419	220.918	89.809	76.557
655.626	223.230	87.714	75.298
651.901	223.424	89.834	75.122
651.179	220.934	88.244	77.136
640.946	219.854	93.293	76.398
637.911	214.580	88.334	78.475
633.231	208.632	90.085	79.631
628.266	204.236	89.761	76.449
623.714	197.809	88.710	75.106
620.162	190.182	86.251	75.223
615.948	183.637	84.141	72.113
611.620	178.123	83.249	72.339
609.436	174.925	81.880	70.209
606.626	176.475	82.586	68.032
604.851	177.589	84.376	67.036
604.839	178.936	84.495	67.713
604.976	181.950	85.745	67.658
606.865	186.174	86.144	68.151
610.015	191.046	86.714	68.834
613.965	195.996	90.871	70.118
619.468	203.868	95.073	70.043
626.313	205.676	92.539	71.362
643.442	206.619	83.787	73.632
645.424	207.249	92.875	74.524
654.187	206.355	94.136	76.818
664.205	206.064	93.737	74.662
672.308	202.924	87.115	75.060
674.453	202.220	92.891	74.041
679.255	198.487	90.513	75.639
683.137	195.901	88.048	75.325
685.198	193.300	85.608	74.171
687.716	192.651	83.021	74.095
688.194	192.515	81.882	73.492
688.170	194.670	81.073	70.442
688.235	194.755	80.790	69.885
687.095	195.503	81.709	71.191
685.302	197.403	83.075	71.876
682.803	198.238	81.534	72.261
679.350	201.479	83.583	71.932
674.781	203.840	86.194	71.778
670.175	206.718	84.159	71.400
656.899	212.262	88.096	69.869
644.836	220.508	77.208	66.612
632.181	223.357	81.610	65.497
610.396	226.200	83.957	64.537
602.592	227.685	76.827	66.093
570.849	231.022	85.379	63.176
542.914	228.867	91.636	64.579
528.417	227.456	88.397	63.375
518.831	222.642	81.764	68.844
514.190	218.630	74.434	74.299
466.362	203.731	96.064	71.521
469.960	197.328	89.361	70.797
475.810	195.245	88.018	73.407
480.785	189.772	86.524	78.064
485.008	188.263	85.760	77.283
488.004	188.829	86.984	75.322
489.356	186.794	85.960	79.509
490.804	185.248	86.869	79.288
493.447	185.535	86.467	78.072
494.492	183.755	87.693	82.090
494.575	183.891	88.054	82.694
494.845	183.736	87.324	84.047
495.536	183.447	85.922	82.421
492.821	184.981	87.841	83.531
491.937	185.710	86.695	79.683
489.850	185.779	85.031	80.999
484.922	190.234	83.435	73.183
478.239	194.544	82.695	62.795
526.505	211.128	81.417	64.539
539.366	213.300	73.461	62.648
548.601	218.921	74.721	57.096
561.204	220.074	74.672	56.741
572.645	219.810	73.496	58.042
578.166	220.911	78.071	58.250
584.249	220.143	79.701	60.877
590.293	220.799	82.227	61.311
597.710	221.571	79.654	61.169
604.183	223.326	78.023	60.005
608.665	224.092	75.891	60.727
613.906	224.695	70.890	60.616
615.492	224.619	69.052	60.153
616.182	223.704	68.824	60.155
615.495	222.833	69.970	59.424
616.187	221.380	69.388	58.719
616.360	219.459	69.610	57.774
617.175	215.307	69.972	57.244
616.830	213.080	71.999	55.931
620.938	209.365	70.070	55.709
623.234	204.917	68.313	54.367
625.601	200.904	68.211	53.429
626.524	197.284	70.614	50.875
627.411	194.441	71.150	51.645
629.067	193.454	69.637	52.232
631.369	194.220	68.636	51.321
633.571	195.017	68.502	52.083
637.158	196.791	68.696	55.051
639.473	200.443	71.163	56.412
643.234	204.808	74.473	55.533
647.271	207.866	78.446	58.686
651.312	211.890	77.446	59.033
655.684	218.893	81.298	61.498
660.740	220.662	82.889	62.100
673.059	219.343	74.115	64.635
674.352	220.470	75.314	63.534
674.765	221.001	79.147	62.758
675.399	221.006	77.215	60.767
674.797	221.054	76.163	60.001
673.340	221.207	74.325	59.749
669.559	221.098	74.636	60.231
664.671	222.382	74.663	59.560
661.496	221.420	70.755	61.547
659.143	220.899	69.090	62.294
651.339	222.417	73.781	61.157
651.023	221.928	71.786	62.160
648.480	221.929	73.947	62.498
649.118	220.727	72.940	63.495
649.705	219.492	74.142	62.931
653.492	216.884	70.941	65.276
654.679	212.971	70.984	68.333
655.721	210.251	70.832	68.903
656.400	206.155	71.497	68.505
656.431	202.820	73.148	68.933
657.834	199.135	71.317	70.798
659.099	199.464	70.723	66.845
657.998	200.423	70.873	64.315
657.452	200.647	71.620	64.435
656.296	202.169	72.353	65.123
655.822	204.827	71.333	64.791
652.914	206.744	72.918	65.875
649.165	209.620	74.324	64.458
648.527	212.357	72.097	66.277
645.696	214.194	72.819	65.186
644.231	216.250	73.431	64.219
644.107	217.925	72.445	63.302
643.751	219.364	72.917	62.444
643.090	219.247	74.127	62.908
643.146	220.176	75.288	62.278
643.959	219.540	75.216	63.156
644.175	220.378	75.227	61.568
645.116	218.964	75.349	63.015
646.730	217.667	82.047	64.561
649.448	216.058	82.785	65.311
649.712	216.136	85.048	65.554
652.679	215.339	83.961	66.805
655.049	214.613	81.530	67.447
657.081	214.779	80.224	68.103
656.885	215.176	79.542	68.136
656.309	216.290	79.436	67.466
654.936	217.546	79.290	66.217
651.702	217.963	81.012	67.685
647.770	220.120	83.185	67.802
644.571	222.425	83.700	67.036
637.905	225.621	77.942	64.303
630.697	227.044	79.666	64.185
623.491	228.624	78.808	64.775
615.136	230.224	73.730	63.765
605.703	232.119	76.699	61.208
594.990	231.791	79.655	61.110
587.123	231.227	78.748	59.478
580.464	229.748	76.437	58.649
574.393	228.147	74.183	57.439
571.165	227.650	71.778	56.352
568.371	226.705	70.989	56.679
566.407	226.868	70.569	55.579
566.222	227.745	68.859	53.410
565.352	228.525	70.395	52.730
565.400	228.078	70.565	53.570
565.068	227.728	71.219	53.497
565.280	227.923	70.769	53.109
564.818	228.468	71.452	52.844
565.063	228.189	71.207	53.266
565.630	228.929	70.419	52.641
566.308	229.280	70.356	52.529
567.035	229.446	69.948	52.535
567.162	229.852	70.177	51.783
567.701	229.983	69.521	52.013
567.575	230.328	69.410	51.718
567.814	230.704	68.799	51.454
567.624	231.014	69.030	51.521
567.048	230.165	69.669	52.612
566.401	230.392	69.762	52.204
566.115	230.258	69.779	52.394
566.367	230.225	69.638	52.428
566.632	229.886	69.590	52.852
566.357	230.085	69.677	52.548
567.382	229.680	69.029	53.001
567.652	229.852	69.331	52.687
568.076	229.954	68.818	52.528
567.541	229.832	68.889	52.384
567.581	229.358	69.471	52.490
567.769	230.080	69.453	51.516
567.985	229.901	69.094	51.879
568.121	229.868	68.725	51.798
568.134	229.947	68.660	51.411
567.931	229.654	68.084	51.628
567.167	229.421	68.662	51.833
566.829	229.047	69.670	51.955
567.818	228.832	68.997	52.129
568.087	228.868	68.389	52.456
567.541	229.441	69.444	51.730
567.746	230.030	69.006	51.072
568.538	230.304	67.841	51.146
569.151	230.513	67.358	51.115
569.162	230.213	66.935	51.470
568.936	229.879	66.970	51.693
568.251	230.013	67.983	50.925
569.084	227.022	70.637	52.658
570.152	227.545	69.225	52.667
570.110	228.295	68.830	53.105
570.178	228.951	68.856	52.507
570.324	228.290	68.755	52.530
569.849	227.554	68.719	53.311
569.352	227.367	70.464	52.552
569.692	226.990	70.051	52.073
569.872	226.685	70.361	52.775
569.844	226.527	71.368	52.829
571.372	227.419	69.801	53.326
571.382	228.078	69.235	52.788
571.649	229.015	68.328	52.355
571.964	229.474	68.101	52.011
572.699	229.354	67.366	52.237
572.512	229.588	67.501	51.919
572.941	229.471	66.615	52.101
573.184	229.066	66.002	52.562
572.857	229.345	66.965	52.325
571.642	228.791	68.867	52.055
570.278	227.519	70.469	53.517
570.449	226.457	70.105	53.992
569.972	226.590	70.307	54.249
569.618	226.385	69.103	53.983
569.623	227.872	68.948	54.904
568.228	228.898	69.830	54.804
567.909	230.028	69.391	54.257
568.466	229.712	69.173	55.108
568.839	229.924	69.010	55.240
568.544	229.960	69.562	55.323
567.880	229.917	69.817	55.499
567.719	230.129	69.717	55.497
567.877	230.056	69.404	56.152
567.909	229.911	68.304	57.120
567.935	230.559	69.368	57.072
568.117	230.109	68.669	58.061
568.444	230.541	68.937	57.319
568.291	230.537	68.496	57.823
568.306	230.261	68.165	57.956
567.962	230.230	68.373	57.690
567.859	229.888	68.295	57.703
567.658	230.153	68.709	56.697
567.358	228.998	68.434	57.807
567.483	229.319	68.728	56.659
567.333	228.899	68.897	56.427
567.145	228.248	69.222	56.570
566.189	227.821	70.315	56.248
566.756	228.620	69.405	55.812
565.319	227.584	69.212	54.926
566.076	227.843	70.577	54.547
564.348	228.199	72.523	52.746
564.686	227.547	71.924	53.139
565.453	227.269	70.944	53.445
565.377	227.086	70.714	53.427
565.259	226.590	69.607	53.432
565.065	226.634	69.288	52.861
564.542	226.516	69.279	52.772
575.234	227.868	68.406	50.814
574.472	227.597	69.130	52.646
574.852	228.433	68.916	52.905
573.907	227.775	69.526	54.039
573.374	229.236	70.403	52.671
573.872	228.943	70.198	52.553
571.938	227.897	70.443	54.434
572.046	228.697	69.872	53.930
571.566	228.521	70.676	54.436
572.432	228.409	71.903	54.828
572.848	227.688	71.791	55.781
573.491	228.012	70.965	55.434
572.207	228.829	72.163	53.932
571.924	227.361	72.627	54.158
572.487	227.874	69.739	54.173
571.502	227.888	70.907	53.948
573.296	228.086	68.657	52.938
574.388	227.377	68.167	53.302
575.251	227.186	67.935	53.345
575.343	227.255	68.315	53.276
575.382	227.324	68.235	53.092
575.248	227.117	68.938	53.043
575.076	226.513	69.192	53.601
575.477	226.468	68.981	53.589
575.776	226.683	68.993	53.316
575.906	226.571	69.128	53.406
575.844	226.797	69.208	53.271
575.803	226.455	69.844	53.761
576.086	226.527	70.061	53.832
575.426	226.746	71.687	53.976
575.030	227.739	71.829	54.496
574.922	228.180	70.275	53.783
578.506	228.367	66.950	54.532
579.777	228.158	65.252	55.287
580.969	228.795	63.526	54.852
581.091	228.986	63.568	54.959
580.898	228.986	63.507	54.959
580.672	228.261	63.649	55.995
580.188	228.205	64.803	56.124
579.723	227.727	65.057	56.643
579.581	227.861	65.226	56.234
578.824	227.351	65.676	56.780
578.685	226.719	65.645	56.524
575.171	226.449	69.138	56.149
575.248	227.199	71.326	54.211
574.888	227.043	73.058	54.269
573.542	227.506	73.133	53.940
573.054	225.557	72.907	56.572
574.249	225.638	71.317	55.753
573.989	225.382	71.357	55.854
573.707	225.351	71.883	55.778
573.638	225.464	72.495	55.488
573.497	225.313	72.623	55.608
572.996	225.519	73.025	54.695
572.924	225.194	72.949	54.981
572.599	225.215	73.571	54.917
573.036	225.877	72.627	54.863
571.620	225.685	74.608	53.210
574.301	227.144	70.173	51.563
569.798	226.152	72.866	52.949
572.146	226.652	71.053	53.508
573.151	226.429	68.872	53.658
572.644	225.991	68.971	54.113
573.443	226.205	66.736	54.614
573.790	226.036	65.363	55.406
572.794	226.241	65.813	55.093
572.592	226.066	65.757	55.523
572.789	226.833	64.561	55.079
571.843	226.643	65.168	55.686
569.849	226.327	67.412	56.446
569.678	226.687	67.257	56.445
569.212	226.641	67.584	56.765
569.008	226.715	67.561	56.809
568.633	226.564	68.026	56.997
568.615	226.750	68.873	56.816
569.163	226.984	68.342	56.588
568.924	226.899	68.841	56.667
569.299	227.020	68.240	56.461
569.248	226.771	68.551	56.514
569.432	226.545	68.573	56.392
569.615	226.595	68.700	56.333
569.615	226.414	68.596	55.913
569.468	225.990	68.354	55.995
569.060	225.550	69.184	55.987
569.017	225.559	69.576	55.708
569.239	225.084	69.507	55.649
569.004	224.984	69.846	55.536
569.286	225.020	69.529	55.351
569.515	224.881	69.265	55.505
569.234	224.810	69.649	55.546
569.379	225.374	69.748	55.222
569.548	225.349	69.733	55.307
569.024	224.990	70.603	55.696
568.742	225.051	71.131	55.716
569.325	225.479	70.440	55.319
569.031	226.351	70.319	53.345
567.936	225.852	71.848	53.593
567.946	224.173	71.566	55.552
567.895	225.202	72.398	54.514
567.423	225.568	71.379	54.212
567.189	224.875	72.528	54.329
566.562	224.725	72.495	54.300
565.628	224.266	73.174	53.114
567.365	224.276	69.364	51.879
570.190	224.737	66.026	52.128
564.950	222.193	70.288	54.049
565.931	221.242	69.265	54.765
563.241	222.468	70.309	52.439
563.555	221.078	69.856	52.558
562.802	220.646	70.139	52.809
561.417	219.434	70.334	54.426
562.064	218.524	69.673	53.054
561.783	216.900	70.509	52.679
562.017	216.058	70.082	51.875
562.240	214.364	69.622	51.802
562.035	213.123	69.828	51.134
562.593	212.814	69.935	50.835
563.616	212.571	69.049	50.099
564.986	212.621	66.527	51.177
565.686	212.780	66.308	51.525
566.492	211.999	65.415	53.577
567.198	212.709	64.828	53.635
567.653	211.320	64.224	55.221
567.731	210.850	64.641	55.533
568.744	209.543	62.893	56.029
568.279	208.843	63.403	55.820
568.204	206.289	63.555	57.946
568.528	204.062	64.219	59.142
568.937	203.386	64.314	58.777
570.230	202.698	63.659	58.353
572.296	200.753	61.717	59.104
572.404	200.254	61.914	58.667
573.905	199.723	59.937	57.078
574.833	200.234	59.858	56.150
576.040	201.315	58.797	55.721
576.381	202.165	58.112	56.740
575.148	206.103	58.052	55.399
573.185	209.673	59.873	59.835
571.080	213.455	62.793	61.435
569.216	218.928	63.698	61.427
566.046	224.170	64.582	62.549
562.280	229.734	63.637	62.058
555.165	237.331	63.794	62.690
545.917	242.613	66.943	58.924
537.374	246.149	69.363	56.383
536.698	249.032	62.467	53.127
524.174	248.471	68.323	53.582
508.285	247.547	71.965	50.625
504.955	246.309	66.465	48.971
503.264	245.439	62.887	45.494
501.500	244.105	60.634	45.922
501.813	242.584	58.349	47.087
498.622	241.835	60.716	48.416
500.203	241.003	60.634	50.494
503.369	241.618	61.497	50.896
504.514	241.047	63.604	52.386
505.340	240.572	65.978	54.794
506.377	240.503	67.944	56.439
507.118	241.225	65.344	56.485
507.891	240.764	63.937	56.909
507.128	241.411	64.847	55.965
504.575	240.878	64.333	55.498
498.030	240.292	66.583	53.118
494.644	238.969	67.700	51.950
491.718	235.679	66.625	52.225
489.469	232.513	66.352	53.198
488.146	231.614	67.584	50.892
488.041	229.785	67.565	50.817
489.445	229.842	66.978	50.423
490.708	229.808	66.645	50.599
492.354	230.190	66.913	50.778
494.608	230.229	66.898	51.149
495.985	229.786	67.595	52.199
498.247	229.649	66.997	53.206
499.529	228.765	67.430	54.667
500.823	228.095	68.445	55.713
504.220	226.801	66.465	57.428
508.032	226.233	64.041	58.543
513.685	225.135	59.663	62.696
516.749	223.647	55.427	64.850
516.895	224.810	53.135	63.554
516.618	224.130	50.653	63.420
510.998	223.515	55.835	61.092
506.739	222.532	60.052	54.443
503.225	220.373	63.800	53.516
501.081	216.356	66.080	54.384
502.009	213.710	65.328	54.987
504.379	211.007	64.183	56.764
509.531	201.440	60.263	62.128
515.143	198.199	54.077	70.069
526.790	196.994	43.681	74.659
430.570	210.850	71.941	60.700
435.381	215.077	75.175	59.893
454.389	220.507	68.260	57.725
463.640	223.807	68.751	54.165
477.259	225.249	63.593	54.272
492.305	226.814	57.845	53.698
498.617	230.606	51.469	51.267
509.493	232.092	50.065	51.532
509.788	230.318	52.949	53.269
507.158	229.052	55.310	53.274
499.954	228.641	61.267	52.591
491.769	226.679	64.917	52.898
483.554	221.226	65.834	55.068
474.141	216.650	66.157	56.348
465.508	208.885	67.297	56.758
459.798	203.153	67.964	59.173
456.568	196.214	63.331	60.046
453.043	187.734	67.051	61.268
451.571	179.303	69.629	63.034
452.681	177.459	70.949	58.925
457.601	177.335	69.758	53.423
464.465	177.164	69.553	47.845
474.729	176.233	71.821	44.012
483.443	174.141	74.365	42.732
500.023	174.223	73.353	40.426
515.070	173.645	72.712	40.175
532.677	174.414	76.163	39.930
557.423	174.236	76.274	41.999
574.897	173.843	75.134	45.574
593.653	175.963	75.861	45.036
610.227	177.028	76.471	45.331
623.525	178.589	77.863	47.148
643.094	181.022	69.188	47.281
657.706	180.238	61.451	49.382
664.331	184.268	60.340	45.605
670.632	189.379	60.341	43.861
673.618	190.566	60.805	45.370
672.838	195.983	62.557	45.447
672.479	197.114	63.749	49.870
668.051	198.817	64.814	51.300
661.668	199.480	66.443	53.104
656.098	201.290	65.111	52.597
647.045	202.503	66.892	52.644
637.293	203.962	69.363	51.412
625.907	200.788	72.492	53.861
618.686	198.539	70.694	52.465
606.732	190.171	72.802	56.672
598.265	190.365	72.308	53.075
588.306	188.098	73.075	50.758
578.663	187.122	72.867	46.235
573.827	184.765	68.244	44.434
567.311	185.485	67.561	41.672
554.481	184.728	70.575	42.860
546.323	185.621	69.578	43.162
540.059	187.801	67.032	43.640
534.278	189.674	65.706	46.364
530.703	193.115	62.938	47.506
530.623	200.050	64.326	50.672
534.278	205.831	64.554	51.679
540.945	211.730	63.607	51.705
552.785	215.909	59.507	54.402
562.076	219.345	60.756	53.460
589.744	226.563	62.278	50.781
600.601	227.200	72.193	89.986
599.730	239.050	77.806	78.907
601.281	187.695	76.054	68.161
588.320	191.816	78.727	65.065
569.032	196.440	73.422	67.473
566.673	200.291	67.772	68.056
568.547	203.992	58.591	64.174
572.860	205.475	51.744	62.811
580.386	207.688	44.775	59.320
589.522	209.512	38.139	57.209
595.253	211.606	33.393	55.538
598.646	213.925	30.963	53.652
599.440	216.854	30.912	53.276
594.235	217.173	36.429	49.283
589.019	212.467	38.661	54.840
580.549	207.273	42.200	61.395
570.961	206.827	46.577	62.467
559.575	206.782	51.355	63.472
543.163	205.674	61.032	66.288
528.711	203.421	67.829	65.797
519.738	199.996	70.733	66.661
515.720	192.259	70.607	70.622
513.726	187.932	76.277	69.679
517.061	182.192	82.719	68.586
522.093	175.507	91.561	67.533
553.488	170.930	89.471	63.006
576.202	163.629	75.617	64.994
613.640	151.768	68.976	65.929
648.699	107.944	73.356	76.308
682.838	115.321	72.553	62.798
584.059	77.836	70.571	60.402
745.610	137.535	76.472	72.596
785.258	146.550	68.874	63.064
814.294	151.281	66.510	58.728
832.776	152.283	69.890	63.169
839.180	152.149	79.385	65.939
838.812	153.923	83.422	63.310
833.191	158.750	86.973	59.349
815.759	160.192	91.798	60.305
794.361	164.005	87.595	55.997
769.924	166.041	72.880	55.545
730.013	164.623	68.180	51.657
703.255	164.654	72.052	52.535
668.780	155.425	68.375	53.473
635.265	147.649	60.312	86.880
596.932	120.963	61.434	86.602
497.487	144.291	86.774	53.572
434.094	113.542	158.097	83.816
588.905	248.079	62.287	76.371
442.402	129.532	96.747	69.590
595.834	237.696	51.010	79.361
368.679	152.497	85.708	59.416
343.449	156.017	88.937	59.301
334.686	159.300	84.174	57.219
314.344	159.660	78.605	58.392
310.513	160.643	74.937	58.673
297.199	163.423	76.115	58.812
287.573	164.805	78.686	60.769
283.891	165.949	84.216	61.651
285.578	165.963	91.779	64.498
292.016	166.239	99.717	66.131
307.326	166.450	94.693	66.693
330.432	165.677	91.043	68.893
346.808	162.427	93.253	69.465
382.693	160.195	88.210	70.416
412.988	156.511	89.436	71.609
444.844	152.994	81.204	75.661
481.555	146.547	73.158	67.898
521.037	152.504	76.952	77.873
569.658	109.803	81.226	83.941
592.827	108.692	81.853	80.939
615.891	124.029	93.820	88.038
656.564	144.884	80.287	85.786
680.099	147.358	69.606	83.104
716.201	162.647	72.311	84.676
730.231	171.336	80.963	81.850
737.166	178.658	89.212	80.015
760.673	182.234	76.994	78.785
765.331	190.921	83.416	71.748
768.233	195.975	84.152	66.475
763.512	200.083	88.473	61.765
759.589	204.931	86.529	57.925
756.226	208.375	82.196	55.039
752.263	210.023	78.474	53.510
745.166	209.991	74.790	53.219
740.105	209.806	76.352	54.046
737.055	210.321	75.774	55.066
734.903	210.607	79.059	57.016
737.861	212.403	81.163	58.286
742.358	213.095	83.136	60.140
756.920	215.362	82.048	61.313
769.637	215.756	83.785	61.974
791.099	213.218	84.300	63.066
816.000	206.382	86.890	67.789
843.537	191.906	94.215	69.331
862.402	175.629	88.646	76.965
879.535	158.766	79.741	75.468
892.400	138.213	67.153	77.546
902.764	124.704	55.723	77.280
910.856	111.521	47.698	71.087
915.217	96.835	43.522	67.962
917.072	91.249	42.380	63.197
915.490	86.102	43.278	67.106
914.226	86.666	45.114	65.059
911.073	94.255	47.829	61.661
906.860	92.568	51.454	64.079
900.090	100.717	57.681	63.955
889.643	112.960	68.247	72.892
874.333	123.877	80.643	79.488
856.228	141.937	94.651	74.785
837.666	164.249	92.273	80.766
815.630	186.596	93.224	75.594
798.381	201.314	93.011	73.705
774.250	219.243	80.429	67.130
764.304	223.059	77.852	65.342
749.182	227.703	73.701	63.890
741.484	226.000	66.551	65.044
735.664	222.540	62.188	64.091
732.877	217.924	59.249	63.297
730.568	210.584	57.016	64.972
727.665	206.640	54.485	60.531
728.075	202.122	52.144	61.758
728.729	202.179	51.329	60.779
729.260	201.547	51.214	62.660
728.789	200.965	53.336	67.846
727.327	206.648	58.330	70.239
725.897	213.684	64.641	67.658
722.551	219.970	70.927	68.564
720.233	228.518	75.062	66.160
717.540	235.400	76.171	63.322
718.497	240.377	73.763	63.006
717.204	242.688	73.862	61.401
716.009	241.928	67.805	61.648
715.600	239.908	65.217	61.731
717.187	237.163	61.728	62.507
717.624	233.825	60.320	59.214
718.215	232.476	61.097	58.853
720.202	230.691	61.893	60.052
725.225	229.942	60.022	61.534
730.894	230.126	58.085	62.984
738.867	230.594	57.044	65.956
740.614	230.914	61.655	66.750
744.066	233.387	63.709	66.250
746.936	233.644	67.354	67.996
748.513	236.937	68.819	65.055
748.915	238.935	69.025	62.694
748.468	239.715	69.350	61.041
746.261	238.749	69.645	60.835
740.817	237.978	72.143	59.085
737.205	236.228	71.914	58.943
731.297	232.899	72.467	58.487
728.842	230.135	71.254	59.447
724.279	227.355	73.296	59.555
721.596	224.905	76.596	59.659
720.736	222.715	79.218	58.456
720.371	221.435	81.695	58.985
721.417	221.126	82.888	59.506
723.093	220.900	82.995	60.267
725.085	221.053	83.397	61.272
726.254	221.446	83.379	62.097
726.484	222.539	83.749	61.981
726.606	222.933	83.512	62.932
726.265	223.087	83.985	63.987
725.520	223.746	83.727	64.247
724.310	224.379	83.719	63.885
722.829	225.390	83.891	63.013
721.935	226.092	82.229	62.197
720.663	226.111	81.592	62.635
719.144	226.076	81.900	62.577
718.033	225.160	81.915	63.222
716.992	224.377	81.481	63.291
715.040	223.781	82.694	63.162
714.306	223.052	82.556	63.236
713.636	222.330	82.226	63.273
712.121	221.732	83.158	63.305
710.532	221.434	84.242	63.011
709.726	220.954	84.075	63.468
708.955	220.989	84.824	63.675
709.171	220.947	84.407	63.169
708.081	220.255	85.268	64.287
707.629	219.767	85.544	64.697
708.244	219.529	85.942	64.955
707.523	219.152	86.227	65.261
707.479	219.062	86.140	65.248
707.547	219.129	85.778	65.246
707.293	219.170	85.917	65.133
707.122	219.253	85.857	64.732
706.808	218.770	86.400	65.433
706.479	218.874	86.429	65.504
706.349	219.164	86.318	64.717
706.250	219.005	86.308	65.051
705.523	219.253	86.744	65.300
706.314	218.874	85.978	65.361
706.208	219.253	85.088	65.229
705.746	219.278	85.877	64.994
706.555	219.580	85.531	64.335
706.704	219.710	85.338	64.202
706.305	219.661	86.559	64.502
706.250	218.670	86.483	65.104
706.791	218.146	88.165	65.588
706.777	217.457	88.349	66.421
706.881	216.717	89.138	67.162
707.826	216.280	88.274	67.631
708.163	216.238	87.875	67.248
708.326	216.018	87.364	67.115
708.228	215.934	87.765	66.875
708.314	215.923	87.205	66.024
707.429	215.926	88.222	65.773
707.394	216.358	88.375	64.947
707.808	216.011	88.640	65.157
710.252	214.683	85.582	66.913
710.808	216.964	85.676	63.986
711.178	217.636	83.926	62.972
708.981	215.630	86.426	65.338
707.402	216.697	87.681	64.144
708.708	217.258	86.261	64.052
709.147	217.871	83.295	63.970
709.785	218.336	84.439	63.467
710.369	217.597	83.410	64.172
709.458	217.763	85.122	64.491
709.514	216.670	87.193	66.003
710.194	216.279	86.229	66.206
709.878	215.904	86.489	66.431
709.457	214.930	86.368	67.140
708.603	215.237	87.870	65.715
707.659	215.086	88.745	65.819
705.613	213.580	93.387	67.081
711.505	213.336	84.584	67.368
708.662	215.218	86.767	65.304
704.227	211.310	90.917	69.279
704.314	208.983	91.366	71.506
704.150	208.979	91.368	71.270
704.971	208.781	90.158	71.952
704.627	208.470	90.550	72.538
704.697	208.944	91.158	73.158
704.684	209.494	91.444	72.963
704.457	209.415	92.670	73.511
704.173	209.978	93.456	73.401
704.349	211.654	92.045	71.351
706.922	212.431	87.782	69.559
707.603	215.110	86.869	66.361
709.080	215.660	85.511	66.077
707.489	214.127	86.901	68.195
706.021	214.103	91.143	67.777
706.546	213.054	91.217	68.303
706.189	212.373	92.663	68.305
706.168	211.187	92.481	69.530
709.753	208.595	87.397	71.712
708.679	212.945	87.712	65.942
707.301	211.338	88.754	66.699
707.026	208.674	92.236	67.971
707.365	207.898	91.875	67.144
706.884	207.039	93.006	67.309
706.362	206.337	93.064	67.395
706.047	206.506	92.599	67.568
705.040	206.511	92.768	67.735
704.132	206.421	92.798	68.214
703.115	207.029	92.546	67.576
701.948	207.363	91.951	67.702
701.717	207.545	91.645	67.614
701.201	207.851	89.596	67.924
701.116	208.158	88.239	69.110
700.337	208.655	88.905	69.322
700.058	209.625	88.107	68.532
698.892	209.895	88.359	68.835
698.818	211.189	88.144	67.674
699.200	211.837	86.905	67.382
698.649	211.647	85.114	66.908
698.567	211.396	84.487	66.689
698.421	211.589	82.949	66.728
697.656	212.380	80.852	65.758
697.391	213.205	80.067	65.514
697.421	213.975	79.680	64.197
697.311	214.208	79.523	64.101
696.733	214.481	80.215	63.954
696.148	214.804	80.838	64.372
696.096	214.802	80.926	64.830
695.169	214.940	81.368	64.776
694.657	215.157	81.042	64.418
693.769	215.864	80.333	63.895
693.655	215.667	78.254	64.088
693.369	215.296	75.171	63.732
693.201	216.135	73.946	62.302
693.485	216.183	73.704	61.434
694.276	215.963	73.007	61.199
695.155	215.082	73.263	62.070
696.061	215.366	75.571	61.936
698.448	215.316	74.871	62.615
700.257	214.888	75.100	64.043
702.552	215.095	74.265	64.920
705.511	215.915	73.540	64.517
709.459	215.718	71.692	63.326
712.398	214.703	70.134	61.883
714.656	213.807	69.164	60.726
716.014	211.325	68.832	59.634
717.207	207.093	67.838	60.617
717.815	205.838	66.551	59.044
722.397	200.115	61.148	60.221
722.919	196.189	59.033	58.904
719.319	191.704	59.541	57.008
708.572	184.180	65.844	59.824
699.119	176.189	69.212	60.601
686.768	163.904	68.581	59.814
688.726	144.215	63.860	60.093
685.307	130.725	62.917	74.677
686.196	106.360	67.437	81.202
650.594	101.365	68.022	62.855
642.479	94.812	67.306	59.542
545.886	204.122	82.570	71.139
547.749	76.896	80.351	61.004
623.310	70.988	69.015	65.029
553.092	177.420	106.535	107.942
549.099	202.105	73.354	74.896
549.517	205.348	70.929	67.540
550.219	205.532	69.190	66.143
550.242	205.734	68.753	64.838
550.353	205.048	68.351	65.322
549.803	204.985	68.909	64.442
550.089	203.071	68.067	65.929
550.042	203.468	68.787	65.117
550.879	201.293	68.179	67.144
551.562	200.427	66.883	67.118
552.328	201.665	67.409	65.111
553.367	201.765	67.968	64.733
554.676	202.229	68.244	64.235
557.172	204.081	71.522	62.282
561.400	203.706	70.732	64.014
564.184	203.554	72.026	64.236
567.144	203.234	71.164	64.795
569.242	204.050	72.803	63.548
572.373	203.386	71.144	64.369
578.680	202.109	72.944	65.955
581.601	200.682	69.895	67.566
585.221	201.527	69.607	66.343
589.193	203.833	70.308	61.785
593.546	205.153	72.223	59.543
596.821	197.888	69.037	62.706
599.045	193.569	68.235	64.630
601.620	194.271	66.458	62.276
604.162	193.612	62.814	63.073
605.038	193.025	62.492	62.973
605.721	195.600	61.928	61.448
605.037	194.645	62.296	64.739
602.717	196.080	64.423	63.808
601.883	195.939	65.998	62.770
600.727	195.864	64.950	63.344
599.766	196.232	62.893	62.471
599.374	197.756	62.775	60.825
598.546	199.667	64.019	60.101
598.440	199.915	64.479	61.906
598.827	201.583	65.733	63.938
599.538	201.535	65.466	64.754
602.605	201.225	59.709	68.398
606.136	202.241	53.768	72.402
608.123	204.306	52.020	72.207
607.277	208.896	53.918	69.555
604.108	212.478	60.304	66.436
602.515	211.380	62.799	64.457
601.547	217.390	62.924	62.298
600.103	214.915	68.691	64.859
600.341	216.936	68.447	64.128
599.174	217.636	69.354	63.219
600.989	218.226	70.942	63.394
600.670	218.928	72.515	62.038
586.326	201.240	94.916	82.677
601.890	220.163	71.417	58.737
603.291	221.274	70.954	57.243
603.899	221.673	70.426	56.210
603.821	222.052	70.621	55.469
604.174	221.697	69.898	55.372
604.098	221.523	69.856	55.595
602.799	221.718	71.016	56.035
602.263	220.956	71.642	57.263
602.363	220.632	71.387	58.342
601.844	222.095	71.332	57.074
600.127	218.742	67.358	59.215
600.753	220.412	70.004	62.110
600.060	215.143	67.916	66.241
601.367	217.181	63.541	63.449
600.784	216.891	64.357	63.046
600.634	217.022	66.586	62.791
600.374	216.063	69.510	63.170
600.918	216.545	70.868	62.388
601.551	217.227	68.768	62.247
602.381	217.425	70.365	62.779
600.917	216.686	72.057	63.206
601.301	216.848	69.380	62.814
602.280	217.516	71.764	61.938
605.990	216.749	66.516	62.683
608.238	217.472	63.633	60.818
610.413	216.883	59.877	63.797
614.323	215.249	54.847	65.682
615.027	217.000	53.636	67.708
616.197	217.890	52.796	65.697
615.494	218.037	56.309	65.421
614.185	217.160	61.384	66.422
612.287	219.427	63.248	64.534
612.314	218.377	63.255	64.807
612.319	218.544	62.940	64.753
737.698	227.801	77.163	70.566
613.733	217.938	59.561	64.043
618.061	215.372	54.259	64.301
618.334	215.873	54.259	63.632
617.853	216.548	56.005	61.850
616.281	215.757	57.898	61.788
615.916	216.934	59.266	62.101
614.940	218.591	62.911	62.128
614.724	219.373	64.061	61.861
614.893	219.397	62.968	62.211
614.554	219.097	63.446	62.553
614.851	220.228	62.977	61.380
614.560	219.754	63.793	61.823
614.513	220.721	63.154	60.857
614.310	218.450	64.308	62.673
613.740	220.216	64.303	61.014
613.488	217.821	65.234	62.924
613.186	218.102	66.270	62.832
613.323	218.445	65.534	62.400
612.936	218.620	66.057	62.774
613.085	217.986	65.927	63.362
597.413	211.059	98.741	73.668
612.410	219.006	68.636	62.473
611.908	217.663	67.101	63.437
