18.000	375.000	44.000	68.000
24.800	372.750	43.476	68.170
28.600	371.454	45.146	66.344
32.637	370.191	45.629	65.122
37.255	367.068	45.945	65.889
42.333	364.469	44.601	67.139
47.534	365.152	44.241	64.338
51.423	363.938	44.913	63.330
55.445	360.104	45.252	65.253
60.427	356.978	42.847	66.254
63.722	357.771	42.278	63.678
67.681	355.582	42.234	63.926
71.279	352.300	42.232	65.362
75.235	350.317	42.465	65.454
78.914	351.944	42.606	62.056
83.292	350.364	42.634	61.652
86.992	349.120	42.385	61.492
91.356	344.391	40.504	64.153
93.319	344.284	40.421	63.054
96.359	342.926	40.536	62.040
101.062	338.919	39.469	63.768
104.359	337.614	39.988	63.693
108.119	337.513	38.767	61.587
111.046	334.784	39.906	62.861
114.535	332.366	39.254	64.627
117.543	330.917	38.038	64.899
119.671	330.582	38.095	63.102
122.529	329.044	37.359	62.816
124.681	327.188	37.331	63.471
127.829	325.186	38.099	62.761
130.689	323.483	38.513	61.709
134.492	322.561	39.126	61.542
138.090	321.186	39.379	61.017
141.407	319.203	37.528	60.822
144.578	317.938	36.904	59.737
147.459	317.614	37.187	59.061
150.582	316.066	35.880	58.982
153.590	313.636	37.101	60.021
157.823	312.194	38.650	59.277
162.504	311.853	39.981	58.418
164.419	312.401	40.848	57.336
168.262	309.603	39.613	58.526
171.686	307.853	38.257	58.574
174.635	307.107	38.105	57.885
177.555	306.750	38.321	57.514
180.766	305.145	38.237	57.446
183.841	302.534	39.205	58.238
188.534	302.781	37.477	57.542
192.588	302.737	36.312	55.832
195.797	302.289	35.279	55.223
197.418	300.317	34.451	55.866
198.979	296.380	35.265	57.829
201.262	296.109	34.919	57.093
204.123	295.720	34.821	55.500
206.034	293.387	35.360	56.951
208.663	292.686	34.866	55.968
212.043	293.117	35.102	53.096
214.516	290.354	34.459	54.860
216.626	289.154	33.961	54.992
218.400	287.065	34.375	56.054
220.407	286.994	33.544	54.941
222.294	286.006	34.738	54.033
223.415	285.831	35.361	54.225
226.026	283.824	34.589	54.342
229.008	283.935	34.392	53.162
231.509	283.387	34.086	52.216
232.428	282.160	34.781	52.523
234.548	277.952	35.196	54.821
235.827	278.216	34.622	53.321
237.801	277.394	34.460	53.200
239.155	275.237	35.483	53.615
240.385	274.143	36.195	52.916
244.527	272.115	35.887	53.560
247.115	273.072	35.941	51.798
249.711	272.394	35.308	51.482
253.607	271.444	33.545	52.457
256.174	270.402	33.096	52.207
258.739	270.808	32.475	50.779
261.024	270.555	32.086	50.230
263.190	269.655	32.711	49.466
265.234	268.831	33.803	49.013
268.268	267.418	34.415	49.654
272.176	267.659	33.589	48.857
275.169	267.290	33.580	48.236
278.107	266.460	32.291	48.141
279.844	266.095	31.562	47.116
280.854	265.976	32.331	46.876
282.564	263.903	32.042	48.469
284.023	262.729	32.059	48.213
286.889	261.746	30.898	47.791
289.213	260.143	30.912	48.123
290.483	259.263	31.535	47.679
293.849	257.030	29.921	49.101
295.221	256.525	29.755	48.445
297.667	255.069	29.020	48.374
298.263	255.154	29.639	47.730
299.597	255.348	29.548	46.062
301.988	254.125	28.148	46.190
303.768	253.873	28.973	45.651
305.413	253.573	28.091	45.690
306.997	252.738	29.262	44.907
308.997	250.967	28.442	46.025
311.374	249.062	26.821	46.265
312.194	248.477	28.051	46.291
312.822	248.888	28.308	44.606
314.397	247.474	27.732	44.960
315.278	244.403	28.161	47.266
316.343	246.047	29.126	44.482
318.309	244.240	27.878	45.409
320.041	243.197	27.980	45.443
320.612	242.818	28.425	44.453
321.809	241.432	27.927	46.240
322.371	241.883	28.861	44.476
323.819	240.321	28.621	44.929
325.602	239.126	27.974	45.608
327.463	239.453	28.308	44.453
329.562	238.816	28.270	43.677
331.052	237.013	28.645	44.946
332.931	235.946	28.933	45.490
334.511	234.332	28.517	45.457
336.032	232.912	27.389	46.098
336.580	232.850	28.541	45.481
339.315	229.527	27.836	47.179
339.987	231.452	29.300	45.787
342.509	229.550	28.436	46.866
344.363	230.776	28.624	45.048
344.736	229.272	28.742	44.978
345.800	228.241	28.080	45.487
347.164	227.907	27.980	44.325
347.729	227.914	28.636	44.031
348.872	225.324	28.011	45.619
349.351	225.164	27.315	45.819
351.048	223.960	26.687	46.507
351.624	222.818	27.401	46.351
352.354	224.213	27.767	45.234
353.998	222.044	26.947	46.211
353.192	223.034	28.005	44.327
354.332	221.172	27.354	45.477
354.761	219.793	27.747	45.709
355.661	221.744	27.435	43.547
356.423	220.566	27.446	43.449
356.840	219.065	27.144	43.294
357.699	218.801	27.852	43.651
358.275	218.489	27.405	42.618
357.782	218.855	29.889	41.515
358.135	217.882	29.318	42.133
359.070	217.540	27.985	41.612
359.802	217.819	27.980	41.431
360.721	215.674	27.128	42.029
361.364	214.548	26.642	43.373
362.120	216.327	27.944	40.299
362.298	214.090	27.568	41.905
363.839	213.764	28.086	41.457
363.960	213.426	26.585	41.370
365.152	212.639	26.299	41.216
366.116	211.478	25.886	41.845
368.093	212.028	25.080	40.414
369.116	210.575	27.398	41.246
370.651	210.735	26.794	40.830
371.179	209.389	29.059	40.947
372.760	209.571	26.829	40.405
373.010	207.767	26.310	41.553
374.059	207.846	26.254	40.753
374.553	206.869	27.186	40.919
376.472	207.087	25.718	39.750
377.074	206.619	26.498	39.577
378.114	206.471	26.337	39.608
379.054	206.316	26.261	39.290
379.602	205.794	27.079	39.246
380.352	204.270	25.771	40.028
381.328	205.380	27.073	38.426
382.136	203.690	25.121	39.617
382.938	203.600	27.230	38.718
384.079	202.736	26.255	39.150
384.782	204.178	28.245	37.414
386.707	203.673	30.403	37.028
387.943	203.471	26.075	36.354
388.946	205.578	26.219	34.498
390.428	201.178	26.184	37.877
392.035	202.907	24.833	35.605
392.471	203.977	25.719	34.266
393.867	199.837	24.761	37.187
394.817	198.603	26.860	37.588
396.141	200.738	25.259	35.319
398.134	198.819	24.787	36.378
399.572	197.749	26.428	35.396
400.610	200.149	23.771	34.055
401.749	195.182	22.757	38.015
401.803	197.195	22.682	35.694
402.500	194.878	24.724	37.182
403.113	195.693	23.226	36.755
403.889	192.478	24.025	38.278
404.631	193.972	22.353	36.309
405.491	193.937	24.031	36.333
406.300	192.025	23.494	37.692
406.486	189.598	24.012	38.911
406.773	188.436	25.063	39.759
407.571	189.094	22.364	38.902
407.046	187.501	26.018	39.404
407.767	185.866	23.856	40.517
407.098	186.536	25.845	38.996
409.135	187.770	24.637	38.098
408.827	187.694	25.406	37.260
409.716	185.196	24.124	38.685
410.137	184.304	24.793	39.395
411.079	186.570	24.011	37.002
409.509	184.210	25.090	38.080
411.088	183.476	25.194	38.695
411.956	182.199	24.665	39.721
412.280	185.550	24.656	36.236
412.616	184.253	23.536	36.305
413.107	183.094	23.376	36.765
413.121	182.404	24.793	37.079
413.245	182.344	22.837	37.009
413.019	183.361	23.436	35.619
413.458	180.959	24.305	37.292
413.780	177.049	24.777	40.383
413.555	184.885	23.868	33.204
413.958	181.921	22.918	35.378
414.119	182.767	23.293	34.384
413.795	178.182	23.680	38.236
413.716	181.109	23.511	34.868
412.340	175.743	24.490	40.005
412.887	178.395	23.186	36.821
412.088	178.801	22.518	35.682
412.470	178.624	22.296	35.217
412.538	179.540	21.421	33.984
411.697	180.374	23.103	32.895
411.731	180.513	23.597	32.758
411.477	180.047	22.833	32.364
411.109	179.541	23.279	32.500
410.328	178.690	22.791	32.990
410.148	178.068	23.472	32.783
410.621	177.663	23.073	32.939
411.082	177.318	22.403	32.643
411.409	180.302	21.789	29.450
411.179	178.131	22.921	30.301
411.592	176.932	21.505	31.408
411.288	177.362	21.718	31.171
411.159	177.449	22.460	30.593
410.777	177.908	22.741	29.115
410.971	175.960	22.895	30.715
411.612	174.704	22.195	31.726
411.969	175.516	22.863	30.579
412.112	175.248	21.815	30.292
412.724	172.275	22.626	32.080
412.972	174.934	22.932	30.027
412.676	172.301	22.175	31.537
412.856	173.665	22.493	30.234
413.337	171.109	22.788	32.506
413.384	171.089	23.748	32.400
413.750	170.434	24.057	31.739
413.628	152.208	30.250	50.075
385.783	136.991	53.370	72.386
377.171	135.785	33.419	65.573
380.210	135.529	34.559	67.702
380.465	139.281	42.709	71.294
379.917	138.621	37.837	79.034
377.781	137.600	36.100	76.530
376.205	140.265	37.786	87.037
377.838	133.056	36.444	65.948
415.167	135.779	30.013	63.703
380.024	130.549	32.006	52.459
381.692	129.407	27.710	51.126
382.378	127.533	27.016	50.287
318.016	116.812	12.316	44.566
359.544	164.240	31.325	50.131
420.473	164.927	21.238	31.446
420.735	166.472	20.124	29.130
420.716	166.077	20.595	28.465
420.738	164.260	19.876	30.100
420.147	163.408	19.075	31.143
419.564	166.487	19.150	28.123
419.375	163.803	19.473	30.085
418.693	162.601	20.224	30.589
418.029	163.138	20.682	30.063
418.105	162.326	20.929	30.812
417.808	163.373	20.663	29.446
418.419	163.591	19.936	28.423
417.432	161.006	19.505	30.421
417.021	161.812	19.942	29.883
417.218	160.995	19.938	30.414
417.122	161.283	19.446	29.856
417.446	163.579	19.384	27.508
417.753	163.119	19.238	27.131
417.399	160.501	19.324	29.102
417.159	157.811	19.568	32.292
416.562	160.759	19.679	28.385
416.447	160.641	19.086	28.382
416.630	160.135	18.420	28.397
416.333	160.055	18.130	27.709
416.041	158.105	18.423	29.420
415.721	158.627	19.025	28.936
415.524	159.829	18.605	27.965
414.768	159.896	19.192	27.364
413.834	158.839	18.331	27.351
412.658	160.477	19.133	25.658
411.610	159.583	18.782	26.351
410.639	155.186	19.565	30.387
410.818	156.421	18.322	29.358
410.279	158.975	18.749	26.454
409.627	155.821	18.590	29.089
409.002	156.376	18.862	28.095
408.338	156.441	18.863	27.596
407.275	157.000	19.544	26.669
406.134	155.711	19.376	28.167
406.116	153.866	18.813	29.538
406.923	154.186	17.950	29.230
406.362	155.544	17.670	27.435
406.356	158.255	17.670	24.918
405.610	158.396	17.945	24.075
404.802	155.312	17.332	25.137
404.692	156.996	17.160	24.914
402.314	152.526	17.742	28.195
378.779	144.280	20.696	36.384
333.187	124.307	62.686	53.759
305.840	125.721	51.392	52.469
299.446	126.960	49.085	46.503
306.496	122.378	50.089	52.255
359.900	118.485	33.458	58.449
361.929	120.728	26.681	51.694
363.064	122.831	27.622	55.896
361.637	120.791	27.758	56.137
360.194	122.486	27.014	51.756
358.659	121.624	28.318	51.147
360.538	119.527	26.339	50.536
361.829	123.700	28.096	52.559
362.350	123.159	26.546	51.926
362.736	124.820	28.365	50.611
361.135	121.765	27.638	52.399
333.092	118.091	35.234	49.524
359.917	121.928	26.509	51.244
359.947	120.147	25.292	51.500
361.035	120.239	26.220	52.149
334.023	117.683	65.447	60.137
413.606	348.200	178.499	53.781
456.417	349.306	148.318	124.938
460.495	347.876	148.701	133.124
460.754	346.033	154.560	134.119
460.566	346.270	152.648	133.148
459.412	348.896	156.543	130.959
461.516	344.470	152.055	136.523
460.626	347.942	153.321	130.837
458.747	347.736	156.274	132.692
461.183	345.540	151.938	134.958
458.961	348.111	153.761	132.312
460.941	346.072	155.032	133.153
458.781	345.327	151.912	135.165
460.051	344.486	154.081	135.079
460.181	345.258	152.629	133.579
459.583	347.404	154.530	133.449
460.019	346.601	152.221	133.181
460.601	347.988	151.394	129.622
460.454	346.269	149.520	134.731
461.093	345.669	153.170	133.350
458.786	346.051	157.170	134.949
460.841	347.703	149.963	131.655
459.593	344.754	153.526	135.678
460.080	347.816	152.265	130.602
459.036	342.250	156.619	138.109
460.337	347.977	150.159	131.041
460.130	346.386	153.092	133.137
457.805	347.445	156.231	132.763
461.039	346.524	151.413	132.183
461.154	347.986	151.222	131.708
459.547	342.901	156.187	137.246
460.298	347.350	153.763	132.258
458.365	345.776	157.119	134.648
460.399	343.484	152.865	137.516
460.841	345.052	153.726	135.872
460.424	346.654	155.492	132.474
459.169	346.355	156.274	134.281
460.641	346.447	154.639	132.891
459.169	345.965	157.619	134.170
460.049	343.396	154.411	137.019
460.299	343.632	152.573	137.146
461.039	346.278	152.192	133.417
459.308	347.822	154.230	132.675
459.956	347.402	154.817	132.170
458.438	348.111	158.191	132.886
460.566	347.077	155.304	132.501
458.648	346.901	156.560	133.449
461.336	347.651	152.915	131.690
458.429	348.031	155.663	131.970
459.508	346.173	152.963	134.393
460.201	345.742	154.930	134.324
462.286	349.982	155.762	130.292
592.584	233.854	38.416	182.217
459.796	343.686	153.405	136.456
460.841	346.278	152.234	132.987
458.891	347.233	155.422	133.767
461.282	346.229	152.855	134.338
460.199	347.863	154.773	133.062
460.869	344.286	151.573	136.354
459.815	347.113	154.602	132.234
459.686	347.696	154.505	132.942
459.133	347.613	155.640	132.739
459.611	346.647	155.435	133.416
460.019	345.929	154.006	133.417
458.509	347.237	155.171	132.970
459.406	345.621	155.011	135.379
460.841	347.113	154.360	131.510
459.344	347.988	156.025	132.508
461.227	345.540	151.630	135.311
460.097	347.109	154.250	133.891
459.751	345.534	154.630	135.031
461.382	348.791	153.543	130.766
459.169	345.845	154.462	134.654
460.784	346.777	149.872	132.072
461.550	345.968	152.611	134.087
460.341	347.278	153.198	133.722
459.065	346.123	154.738	134.159
460.984	346.861	155.052	133.128
458.458	346.136	157.257	134.572
460.994	344.829	149.709	135.024
461.343	346.410	154.230	133.132
460.443	346.393	153.482	134.029
460.363	347.404	153.006	133.449
459.789	347.402	154.714	133.023
459.649	345.742	156.783	135.040
461.180	345.649	154.689	135.348
460.937	347.155	148.459	132.903
461.044	346.298	153.791	133.434
459.789	346.478	154.247	134.522
460.424	349.208	152.589	130.712
459.547	343.938	155.556	137.059
458.159	336.713	154.640	140.422
461.535	347.474	144.934	133.526
460.006	344.318	157.111	136.259
460.739	345.322	152.435	135.309
459.956	347.237	154.269	133.763
459.340	346.940	154.964	133.483
460.222	344.925	154.903	136.075
460.976	347.031	152.630	133.676
460.033	348.486	153.660	131.441
460.443	345.493	154.493	135.507
461.282	347.980	153.722	131.648
460.483	347.863	152.411	132.991
459.654	347.358	155.206	133.425
461.227	343.344	151.166	137.507
461.922	346.821	147.652	133.597
459.695	343.411	153.733	136.881
461.389	345.903	151.093	132.928
