230.000	32.000	45.000	31.000
224.534	31.748	46.729	32.070
222.922	31.136	46.494	31.567
219.771	31.627	46.526	31.983
215.951	32.339	47.758	31.976
213.308	32.889	46.751	32.451
209.505	33.520	48.287	32.486
205.596	34.202	48.901	32.848
200.185	35.480	49.874	33.140
196.726	35.847	50.143	34.094
191.052	37.403	51.702	33.820
187.906	37.638	50.898	34.606
182.123	39.309	53.211	34.545
178.368	40.080	52.854	34.810
173.804	40.944	53.597	35.225
171.220	41.912	54.172	35.370
165.658	42.584	53.955	35.619
161.786	43.331	54.712	36.328
157.708	44.317	55.365	36.094
154.336	45.193	55.015	36.484
149.415	46.624	56.445	36.209
145.001	46.959	56.894	37.257
140.394	48.514	57.746	37.382
137.162	49.293	57.073	37.318
133.412	50.479	57.161	37.734
128.322	51.355	58.382	38.254
125.245	52.145	57.912	38.576
120.513	53.512	59.018	38.664
116.043	54.931	59.476	39.022
112.601	56.085	59.109	39.151
108.087	57.633	59.721	38.810
104.384	58.989	60.454	39.059
99.227	60.396	61.815	38.950
96.616	61.091	61.061	40.088
91.420	62.060	63.969	40.371
86.286	63.692	63.324	41.007
82.871	65.314	63.100	41.549
79.520	65.655	63.408	42.620
73.951	67.022	64.913	42.862
71.092	68.525	64.043	43.321
67.811	69.436	64.310	44.121
63.628	71.344	65.563	44.165
58.630	72.999	66.388	44.776
55.707	75.706	65.655	43.917
53.320	76.783	64.736	44.961
48.521	77.708	66.071	46.325
45.735	78.558	66.342	47.584
43.082	80.822	66.866	46.737
39.742	81.182	67.580	47.991
35.575	82.867	68.661	48.507
33.481	84.523	68.360	48.798
31.581	85.494	68.783	49.497
31.077	86.656	67.620	50.397
31.215	87.290	66.358	51.341
30.240	88.321	65.516	52.302
28.760	90.977	64.988	52.298
28.488	91.670	64.006	53.387
28.358	93.415	62.704	54.249
27.554	94.754	62.478	54.756
26.507	96.005	63.573	54.937
25.677	96.981	63.400	55.950
23.486	98.393	64.817	56.117
22.788	99.820	64.227	56.757
22.116	101.560	63.613	57.744
21.857	102.919	63.520	58.222
22.150	103.861	63.351	58.784
21.166	104.673	63.078	60.513
20.342	105.820	63.963	61.168
20.820	106.905	62.711	62.144
20.032	108.336	65.016	62.651
19.453	110.392	64.992	62.479
16.903	111.942	67.809	62.467
15.551	113.829	69.401	62.296
18.156	115.290	66.716	62.999
18.562	115.727	67.142	64.408
18.593	117.876	66.383	65.053
17.435	119.035	67.883	65.429
16.707	120.500	70.012	66.300
17.694	121.581	70.587	66.527
16.879	123.087	72.273	66.884
16.147	124.222	72.800	68.073
16.168	125.342	73.826	68.748
17.676	126.313	73.246	70.233
15.828	127.892	75.813	70.355
14.034	128.951	78.084	72.022
14.660	130.319	77.904	72.660
13.970	132.098	79.948	72.731
16.347	133.469	78.325	73.742
17.482	134.689	78.278	74.579
19.096	135.996	77.734	75.107
21.204	137.643	76.453	74.982
21.646	139.344	76.274	74.451
21.281	141.556	78.655	75.194
22.089	142.454	77.959	76.700
21.581	144.793	79.763	76.948
19.651	147.056	83.115	76.662
17.054	148.910	87.026	77.663
17.385	150.384	87.569	79.117
15.539	153.289	91.053	78.659
12.721	155.821	95.083	78.607
9.957	156.510	99.013	81.271
10.244	157.576	99.528	85.042
9.202	157.509	102.878	88.640
9.787	159.528	104.502	89.581
10.520	161.085	104.083	91.485
12.374	164.581	101.120	89.519
13.887	166.286	102.100	89.375
15.005	168.246	104.132	89.721
15.770	170.400	106.580	89.619
17.152	173.274	106.308	90.293
17.263	174.881	106.276	91.693
18.341	176.629	109.648	92.879
18.894	178.183	111.673	94.606
18.781	180.496	113.981	95.384
19.935	182.628	116.288	96.539
21.466	184.880	117.480	98.293
24.726	187.432	117.935	98.988
25.896	190.622	121.090	98.903
28.676	192.724	122.583	101.736
30.814	195.519	125.363	102.536
34.248	197.823	126.519	104.424
34.388	199.982	130.772	105.344
37.478	202.216	133.328	107.699
40.839	205.387	139.434	109.984
46.648	210.845	142.132	111.553
51.355	215.104	147.625	112.810
58.160	220.017	149.665	115.447
64.629	224.545	153.259	118.314
68.172	228.725	160.032	121.302
72.020	232.005	168.728	124.425
78.813	237.613	169.606	125.699
84.633	241.487	175.100	129.651
92.047	245.966	177.492	132.362
96.709	249.927	180.567	133.332
105.646	254.557	184.481	136.414
112.241	259.347	189.784	137.077
118.554	268.154	198.142	138.856
128.449	272.672	200.827	142.679
138.144	276.418	204.998	148.059
146.061	279.477	210.882	153.879
159.475	284.102	221.844	160.911
168.810	290.300	230.890	164.076
182.434	298.653	237.648	166.335
193.161	306.934	247.607	165.060
204.111	313.270	256.026	166.904
217.328	319.229	261.569	161.771
230.624	326.071	274.585	154.929
237.374	330.805	283.485	148.898
256.686	341.328	293.920	139.672
271.938	349.465	304.519	130.928
