210.000	156.000	56.000	41.000
204.266	154.974	57.151	40.389
193.353	157.792	58.987	41.933
192.650	158.642	60.100	41.966
192.747	158.924	61.514	42.533
192.958	158.528	61.646	42.853
190.470	158.569	62.658	43.554
188.386	159.145	62.162	43.567
186.724	159.004	58.664	44.616
184.130	159.283	60.446	44.417
181.483	159.366	60.015	45.172
178.546	159.542	62.178	45.547
175.641	159.367	60.505	46.709
173.125	160.897	62.993	46.134
170.718	161.943	62.257	46.642
167.572	163.470	63.159	46.599
164.798	164.399	64.687	47.186
162.366	165.642	63.328	47.069
159.084	166.644	63.880	47.686
156.413	167.592	63.722	47.734
154.390	167.979	64.495	48.898
151.689	169.615	64.820	48.418
148.748	170.385	63.984	48.981
145.402	171.944	66.961	48.899
143.251	173.010	66.017	49.095
140.268	173.822	65.492	49.932
137.880	174.637	65.511	50.696
135.157	176.014	66.021	50.719
132.890	177.278	66.106	51.174
130.768	178.135	66.000	51.967
128.358	178.507	65.794	53.104
124.823	181.032	66.733	52.060
122.366	182.496	67.250	52.159
120.136	182.597	67.448	53.820
118.794	183.645	67.489	53.870
116.293	184.645	67.467	54.463
114.169	186.136	67.855	54.936
112.540	186.932	67.488	56.303
110.006	188.151	68.783	56.354
106.482	191.083	69.334	56.774
101.457	193.394	71.566	57.712
100.603	195.123	71.026	58.805
100.258	198.187	69.323	59.444
97.334	200.936	70.634	60.342
95.401	202.810	71.158	62.613
94.181	204.670	71.706	64.740
91.125	208.790	75.122	65.002
90.915	210.414	75.284	67.573
88.984	214.755	78.557	68.594
89.289	218.457	78.724	69.236
87.957	221.031	81.738	72.134
87.420	221.367	84.567	76.165
87.137	226.501	86.254	75.849
86.455	230.109	89.729	77.797
89.835	232.859	88.674	80.004
90.005	235.929	92.720	83.132
91.707	238.951	94.259	85.504
93.371	242.839	96.568	88.123
95.316	245.848	98.438	90.368
97.111	251.348	101.293	91.373
100.636	254.603	102.296	93.631
102.727	259.687	104.778	93.925
106.563	262.583	106.932	98.602
109.754	267.565	109.855	98.928
113.187	272.914	114.275	101.205
117.317	278.754	117.704	101.798
122.171	283.860	120.378	104.360
127.148	286.917	122.658	107.675
131.872	291.445	125.932	110.552
136.190	293.968	128.249	114.012
140.284	298.988	131.848	116.357
145.082	302.824	135.175	121.345
148.569	307.423	139.944	122.806
153.691	312.336	143.722	125.811
158.225	314.837	148.480	129.657
162.454	322.529	150.659	132.286
167.621	325.832	154.820	135.397
172.364	331.487	161.226	136.766
177.257	336.941	167.015	139.027
183.038	340.580	172.215	137.849
189.294	347.463	179.613	133.537
195.245	354.504	185.150	126.496
201.723	360.073	191.683	120.927
211.837	366.169	189.716	114.831
220.254	372.593	204.815	108.407
