920.000	398.000	40.000	68.000
921.129	397.586	38.000	69.305
920.292	396.835	36.641	69.829
919.787	396.821	34.508	69.609
916.762	396.200	33.673	69.648
913.554	395.081	35.002	70.617
910.302	394.312	36.848	70.016
907.373	393.534	37.542	70.536
902.847	394.162	40.012	68.881
899.300	395.235	41.338	67.015
894.955	396.599	43.738	66.409
893.966	397.362	43.700	66.000
892.368	396.945	43.726	67.153
891.242	396.372	42.982	68.035
890.181	394.397	38.151	69.608
889.541	392.868	35.391	69.575
888.125	390.676	33.166	71.085
885.804	390.390	32.670	70.714
883.487	390.841	32.183	69.959
880.757	392.317	32.835	68.519
872.463	394.096	38.054	69.713
867.433	396.220	41.507	67.815
863.216	395.344	44.601	68.151
860.693	393.944	46.710	69.380
859.384	392.103	46.960	70.313
857.433	391.596	47.125	69.208
856.755	391.470	46.954	69.354
855.707	392.303	46.011	69.803
855.085	393.492	44.063	69.427
853.719	394.876	42.419	68.764
851.999	394.306	38.351	69.910
849.780	393.200	35.990	70.852
847.161	392.398	35.788	71.792
844.099	393.463	36.649	70.247
840.794	393.633	38.164	70.533
832.185	395.405	43.984	69.125
828.037	395.867	46.416	68.089
826.573	395.817	47.211	69.020
824.787	395.824	48.142	69.225
823.281	395.479	48.342	69.162
821.379	395.141	46.055	68.761
821.071	395.147	42.813	68.918
819.708	395.182	41.096	68.565
819.261	395.427	37.254	68.636
817.467	395.354	35.257	69.579
813.349	395.938	34.901	69.997
810.786	396.197	34.799	70.248
806.754	397.129	37.128	69.731
801.453	398.130	40.255	68.510
796.268	398.340	44.025	68.064
790.279	398.747	48.734	67.605
789.027	398.709	49.701	68.341
788.148	398.958	49.166	68.075
786.742	398.727	49.136	68.693
785.952	398.006	47.454	69.128
784.581	397.317	43.335	68.711
783.793	397.058	40.145	68.619
783.348	397.115	36.025	68.337
782.380	395.810	32.619	68.549
779.972	395.953	31.743	68.374
774.984	396.081	34.313	68.760
770.895	395.586	37.032	69.864
765.513	396.915	41.147	68.360
761.158	398.348	44.852	67.044
759.431	399.159	46.980	65.639
760.140	399.045	47.696	68.724
760.650	399.846	47.231	68.810
760.477	399.421	47.565	70.168
760.509	399.706	46.681	70.005
759.411	399.727	44.741	69.209
758.563	395.716	37.849	69.487
757.057	394.410	35.719	69.604
754.364	392.870	34.092	70.342
751.505	392.441	33.854	70.665
748.282	392.765	35.256	71.067
740.782	393.854	40.276	72.863
735.744	396.282	43.597	70.636
731.064	398.244	47.944	69.603
729.560	399.326	48.526	69.248
727.661	400.143	49.426	68.851
724.635	400.175	51.153	70.534
723.954	399.206	49.737	71.681
722.469	399.100	48.418	72.065
722.084	399.325	45.498	72.284
721.075	399.151	42.205	71.909
719.847	399.830	34.434	71.674
716.941	400.068	33.083	70.991
713.652	398.967	33.671	72.115
710.658	397.790	34.422	72.971
707.157	397.388	36.363	72.931
697.775	398.178	43.762	71.607
694.342	399.142	47.376	71.091
691.300	400.059	49.515	71.199
690.080	399.366	49.620	73.042
688.140	399.290	50.388	74.259
687.374	400.385	46.913	74.137
686.906	400.729	43.744	73.985
686.643	401.001	40.161	73.638
685.507	401.606	35.879	72.873
683.988	401.567	33.605	73.202
678.894	401.955	33.960	73.496
675.575	403.232	34.405	72.541
671.240	403.166	36.322	72.523
665.013	402.972	40.760	72.521
659.567	402.576	45.945	71.974
654.081	399.528	50.653	73.168
652.966	397.445	50.728	73.989
652.147	396.607	50.308	74.358
651.290	396.315	49.271	74.840
650.213	396.900	47.572	74.242
647.755	396.434	43.987	75.447
647.107	396.159	40.335	75.848
645.722	395.658	37.470	76.466
643.806	393.899	34.820	77.993
640.420	393.278	35.984	78.948
635.333	394.239	37.879	76.895
630.991	395.518	40.062	74.839
625.757	397.318	43.819	72.105
621.928	397.696	47.431	70.979
619.355	397.773	48.634	71.520
613.688	398.167	52.420	71.837
612.433	398.037	52.113	74.526
610.803	399.582	52.456	75.163
611.358	399.845	48.395	75.855
610.591	402.306	45.457	74.169
608.858	404.802	38.839	72.255
606.954	406.322	37.109	72.299
604.029	407.196	36.444	71.938
601.088	406.291	37.105	73.610
598.174	407.463	37.308	71.497
589.075	406.180	43.282	70.255
584.714	405.830	46.787	69.101
581.103	403.627	49.368	70.988
579.258	402.838	50.181	71.734
578.359	402.335	50.732	72.494
575.465	402.370	49.108	73.777
575.112	402.239	46.600	74.563
573.920	404.335	44.726	73.384
573.961	405.460	39.939	72.456
573.134	406.783	36.083	71.799
569.489	407.700	31.173	69.943
566.563	408.196	32.205	69.544
564.114	408.365	32.377	69.090
559.277	409.169	35.793	68.211
553.299	408.816	40.581	68.014
544.230	408.235	48.994	68.541
542.490	407.417	49.571	70.199
540.706	407.738	50.393	70.811
539.998	408.259	50.466	70.269
538.430	408.592	49.467	70.142
536.660	408.482	45.585	69.670
536.391	408.444	41.056	68.694
534.432	407.783	39.042	69.560
531.972	406.737	35.965	71.130
529.299	406.031	34.168	73.157
525.206	407.675	34.188	74.941
522.515	408.770	34.129	74.258
518.508	410.203	37.001	73.938
512.652	410.720	42.112	71.172
507.266	411.618	45.496	69.527
504.594	412.028	43.627	69.629
501.296	412.906	44.252	67.654
500.419	412.486	45.464	68.613
499.314	411.981	47.017	68.786
498.341	410.559	45.208	70.901
496.557	410.247	42.413	70.421
495.643	409.641	38.479	71.343
494.210	408.898	35.341	71.921
491.144	409.199	34.003	71.539
488.536	409.754	33.312	71.139
482.114	410.896	36.783	72.259
478.454	411.607	39.228	72.365
473.257	411.871	43.053	71.529
468.758	412.214	47.380	71.462
466.901	411.972	48.587	71.046
462.708	411.516	50.476	69.682
461.715	410.389	50.283	70.919
461.316	408.906	48.120	72.415
460.385	408.837	45.464	72.129
459.181	409.528	42.618	70.213
457.360	410.072	36.065	69.895
454.870	409.832	33.857	70.510
451.232	410.016	34.344	70.614
448.796	410.488	34.774	70.348
444.539	411.340	37.579	70.665
439.806	411.632	41.052	71.069
430.771	412.992	49.060	68.872
429.556	412.325	49.652	69.405
428.066	411.846	50.130	69.344
426.421	411.130	50.614	69.750
425.295	410.951	50.344	70.069
422.941	410.774	47.585	71.095
422.307	410.503	44.221	71.623
421.166	410.384	40.607	72.456
420.075	411.216	36.872	72.281
417.626	410.866	35.510	73.094
412.562	410.824	35.890	73.111
409.830	412.333	36.747	71.639
406.268	411.692	38.724	72.393
401.737	411.379	42.035	72.043
396.909	411.701	47.173	70.300
390.789	411.185	51.136	71.177
388.751	410.678	52.630	71.451
387.960	409.971	51.060	73.035
387.067	409.900	49.926	73.657
385.774	410.333	48.448	73.474
384.938	411.030	41.922	73.491
383.941	412.713	39.303	73.403
381.271	413.956	38.829	73.650
377.879	414.244	39.596	74.024
374.243	414.157	41.723	74.749
367.343	413.636	44.033	75.041
362.478	414.041	45.773	73.407
357.981	413.844	47.717	72.516
355.118	413.396	49.563	72.246
353.152	413.136	50.238	72.284
350.259	414.162	50.272	71.200
348.734	413.467	49.758	72.452
347.828	413.382	47.835	72.878
346.195	413.556	46.901	72.804
345.208	413.191	44.349	73.714
342.180	412.542	37.061	73.159
338.639	412.233	36.745	73.318
335.979	412.147	36.068	73.110
333.170	413.111	37.034	71.774
330.355	413.607	38.213	72.087
320.994	414.918	46.056	70.948
317.714	415.042	49.099	70.911
315.358	413.868	50.454	72.091
313.721	412.989	51.074	72.472
313.236	412.688	49.618	71.890
310.269	412.220	48.060	71.737
309.871	411.473	44.605	72.196
308.939	411.007	41.286	71.562
307.916	410.170	37.591	72.254
305.718	410.080	34.547	72.521
300.427	409.881	33.583	72.385
297.137	409.874	35.388	72.854
293.968	409.930	37.187	73.347
289.743	411.290	40.349	72.358
285.794	411.380	43.261	72.168
279.544	412.410	48.132	70.539
278.345	411.923	49.494	70.993
275.998	412.926	50.674	70.657
274.906	412.398	49.196	71.874
274.288	412.398	46.854	72.563
273.405	412.612	40.368	71.651
271.463	412.210	38.761	72.885
269.210	411.145	35.281	73.799
265.651	411.205	34.480	73.092
262.762	409.970	34.861	74.167
257.665	409.714	36.903	73.035
254.183	410.148	39.457	72.806
248.678	410.923	44.611	71.281
245.603	410.662	46.572	71.351
243.397	410.740	47.794	71.079
240.141	411.130	50.507	71.182
238.698	411.690	49.559	70.986
237.634	411.980	47.537	71.183
236.496	412.404	45.301	70.424
235.559	412.961	42.196	70.399
234.089	412.406	33.767	71.431
230.860	412.478	32.870	71.928
226.356	411.723	34.861	72.885
223.336	412.202	36.560	72.607
220.289	412.878	38.310	71.438
213.170	413.383	44.018	69.819
209.322	413.565	46.705	69.328
207.766	414.013	47.681	68.669
206.384	414.755	48.166	68.462
204.614	415.156	49.082	68.374
202.592	415.841	46.447	68.186
201.234	415.330	44.512	69.463
