412.000	336.000	80.000	131.000
432.891	325.437	76.991	131.105
455.524	312.732	73.486	129.019
476.453	300.067	69.753	126.409
494.338	291.103	68.578	122.049
515.853	280.008	66.482	114.493
528.471	272.942	64.213	110.324
544.465	265.650	60.064	108.516
558.738	257.333	58.215	106.626
575.228	250.100	55.768	103.519
585.500	244.274	45.500	101.051
599.171	237.688	31.829	99.129
607.149	235.069	22.439	96.544
603.638	222.556	23.714	100.386
597.170	219.840	33.830	98.283
588.361	232.426	36.034	108.010
587.700	228.445	37.618	103.194
581.417	234.318	44.883	107.877
579.990	225.948	43.147	107.635
577.898	228.801	42.889	105.371
571.803	232.931	48.519	105.717
575.206	233.127	45.855	98.030
588.258	215.954	36.512	106.697
600.157	212.099	30.843	106.103
601.057	200.138	28.490	85.281
592.667	204.527	38.333	81.477
583.365	203.496	47.635	79.903
572.227	203.712	58.469	78.920
558.823	204.907	68.413	78.613
544.559	202.522	73.300	80.701
528.418	204.355	76.801	78.828
510.531	205.485	84.231	78.768
493.867	205.863	88.526	77.337
482.073	206.824	91.851	78.083
467.539	208.141	93.560	77.928
448.893	209.838	92.437	77.554
434.845	211.782	94.496	78.758
422.966	212.708	92.799	80.105
411.432	215.428	89.675	80.040
401.058	218.410	86.071	80.061
390.736	220.457	81.605	79.835
380.420	222.303	77.736	81.883
373.030	223.602	71.137	84.493
367.996	224.421	66.752	85.557
361.949	225.767	61.610	88.223
355.917	229.227	55.911	87.538
348.635	232.842	54.020	88.559
341.815	234.088	55.774	93.422
335.341	237.953	54.978	94.065
329.500	243.559	51.954	94.454
325.329	247.683	48.365	96.815
320.606	252.999	49.104	95.500
316.983	258.185	47.631	96.423
311.716	262.713	48.631	98.634
308.621	264.626	50.445	101.408
301.852	272.759	51.026	103.457
297.048	277.199	50.890	106.887
292.769	280.401	52.170	109.665
286.669	287.752	53.318	112.148
278.047	294.456	56.837	114.422
269.193	301.411	59.409	118.971
258.291	310.075	63.546	122.466
246.434	317.354	67.474	125.598
232.223	325.788	71.492	131.475
211.011	341.884	75.796	130.735
