420.000	20.000	18.000	45.000
421.659	19.973	18.040	47.367
423.164	20.228	17.736	49.031
424.391	20.399	17.290	49.862
426.274	20.994	16.860	51.325
427.719	21.581	17.340	52.841
429.371	21.691	17.635	52.531
430.740	22.624	17.848	52.388
431.760	22.454	17.583	52.717
432.468	22.336	18.203	52.853
434.026	22.703	17.864	54.515
434.867	23.199	18.494	54.564
435.409	24.557	19.665	53.729
434.492	25.244	20.624	54.882
433.716	29.831	20.961	52.258
433.678	69.877	19.509	56.731
434.770	121.608	19.248	51.265
432.452	139.798	19.835	51.800
431.083	139.829	20.679	55.669
431.302	140.749	19.380	55.357
430.846	140.756	19.272	57.083
430.116	141.821	20.314	57.832
428.887	142.290	20.250	57.533
427.605	143.354	20.869	57.803
426.802	144.868	20.811	58.493
424.754	145.061	21.550	59.752
422.867	147.031	21.910	59.840
422.051	147.413	21.331	60.598
419.528	148.393	23.096	61.367
417.851	149.735	23.436	61.146
416.370	150.776	22.716	61.173
414.102	152.027	23.023	61.164
411.785	153.040	22.792	61.701
409.949	153.959	22.403	62.818
409.223	154.770	22.661	62.921
407.978	155.629	22.935	62.834
407.894	157.017	21.206	62.622
406.423	157.723	21.714	62.721
405.125	159.384	22.248	60.197
405.099	160.974	21.955	60.199
404.639	162.089	22.950	60.753
403.169	162.953	24.617	60.750
403.479	164.548	24.325	61.499
404.219	165.038	24.933	62.804
405.296	166.624	25.475	63.808
408.059	168.446	24.922	63.293
408.518	169.002	25.393	63.769
410.696	170.184	25.215	67.511
413.840	170.640	25.037	68.665
416.201	171.281	25.006	69.600
419.446	173.364	25.950	71.767
421.707	174.102	26.694	73.294
425.167	176.136	27.424	73.221
428.922	177.517	27.401	71.874
431.417	178.161	27.410	72.635
432.650	179.227	28.042	73.858
434.967	181.875	28.975	73.843
436.817	183.532	28.494	76.102
437.632	184.360	29.843	76.241
437.974	186.171	30.776	77.587
438.198	187.425	30.685	78.528
437.262	188.314	30.451	80.128
435.828	190.371	30.487	80.739
434.865	190.784	30.132	82.718
433.285	192.681	29.711	83.315
430.697	195.171	30.379	83.633
427.611	196.456	30.946	83.810
425.182	197.778	31.533	84.448
421.440	200.464	33.006	84.345
419.055	201.310	31.961	85.943
416.574	204.453	31.328	85.516
414.573	205.465	30.802	88.236
410.546	206.723	32.839	89.078
408.998	209.024	32.552	90.115
407.017	210.431	32.821	90.862
404.262	212.285	34.034	91.606
401.276	215.659	34.496	91.610
398.179	215.811	33.899	94.040
393.488	219.490	35.256	95.039
387.160	220.126	36.976	96.300
384.361	220.633	36.869	98.743
381.920	224.554	37.239	97.184
377.433	226.603	35.968	97.435
371.422	230.685	37.263	96.555
364.704	232.781	37.344	98.615
358.078	234.520	36.390	100.154
351.513	237.528	35.602	101.529
343.479	239.147	37.428	103.721
334.071	243.272	40.658	103.207
328.159	246.555	39.942	105.300
320.290	249.411	40.567	105.159
312.210	251.897	40.875	106.214
306.436	255.139	40.965	106.098
298.098	258.638	41.342	106.903
289.653	261.106	40.173	110.099
279.664	263.955	42.849	112.415
271.086	266.147	43.363	113.781
264.723	270.474	42.610	115.188
256.900	272.683	43.760	117.658
247.928	276.017	44.912	117.828
237.443	280.766	46.519	117.109
223.959	284.801	50.036	120.474
211.144	287.665	51.952	123.639
198.139	292.841	54.046	124.613
191.068	295.207	52.672	126.132
179.225	298.717	53.132	129.324
167.507	305.996	56.368	126.722
155.511	308.307	55.107	131.262
143.631	311.627	53.574	134.279
131.779	319.359	53.400	132.963
118.835	322.893	54.286	136.874
104.230	327.821	56.802	140.198
