268.000	121.000	20.000	50.000
266.196	122.772	22.744	47.773
266.810	122.306	22.640	48.177
267.654	122.825	22.214	48.230
267.167	123.033	23.118	47.721
267.913	123.408	21.976	47.456
268.308	122.495	22.010	49.298
269.365	122.980	21.462	49.431
269.731	121.740	20.605	50.435
269.757	121.522	21.365	50.831
269.069	121.984	21.646	50.193
269.190	122.845	22.255	49.494
269.161	122.534	23.066	50.209
269.245	122.051	22.628	51.034
270.029	121.893	23.517	51.450
270.878	122.721	21.902	51.544
271.394	122.840	21.581	51.811
272.029	121.613	21.464	53.276
271.712	122.596	21.866	51.416
271.547	124.771	21.374	50.454
271.563	125.121	21.900	49.850
270.501	125.511	23.455	49.368
271.521	123.948	22.228	51.790
271.806	124.430	22.184	51.922
272.826	125.265	21.537	51.549
273.446	126.926	20.063	49.976
273.856	126.003	20.421	50.834
273.181	125.808	21.732	51.549
272.712	127.361	23.281	49.724
272.397	127.392	24.292	50.323
273.074	125.322	24.078	51.323
275.487	126.581	21.947	52.327
275.535	125.766	22.430	53.361
275.219	126.944	23.197	52.272
275.959	128.022	21.981	52.437
276.974	127.266	22.317	54.200
275.934	128.337	24.222	51.804
275.600	128.954	24.706	50.378
275.902	129.062	24.805	51.213
276.986	128.888	23.729	52.022
277.046	128.026	23.967	53.990
277.433	127.675	23.650	55.839
278.874	128.682	22.299	55.129
278.979	129.313	23.342	53.673
279.325	128.388	22.861	54.760
278.633	129.607	23.662	53.971
278.011	128.498	24.588	54.930
277.627	129.869	24.533	54.234
277.625	128.456	25.014	54.729
277.989	129.399	24.515	55.506
279.224	127.614	23.128	58.056
279.285	130.740	23.370	55.393
279.459	130.849	23.318	55.328
279.846	131.100	22.324	55.166
279.605	131.295	22.384	55.359
278.939	130.623	22.640	55.628
278.743	132.416	23.136	55.248
277.574	131.407	23.905	56.045
276.652	132.762	25.099	54.909
277.717	133.161	24.217	56.242
278.175	131.809	23.879	57.051
277.809	131.488	23.427	57.123
277.651	132.900	22.711	57.031
277.631	134.534	22.131	55.457
277.263	133.817	21.999	55.958
275.671	133.290	23.564	56.286
274.995	132.953	24.254	56.449
274.869	134.795	23.923	56.190
275.400	135.338	23.603	56.411
275.019	136.567	23.741	54.877
274.177	135.613	22.737	56.572
273.915	136.153	23.073	56.416
272.904	135.318	23.346	57.751
272.051	134.974	23.673	57.247
272.078	136.241	24.470	56.369
272.460	136.620	24.651	57.607
271.867	137.651	24.160	57.229
272.803	138.319	24.320	55.778
270.895	138.186	24.988	56.200
269.506	140.086	25.576	55.063
269.938	140.233	24.404	56.458
269.197	141.152	24.755	54.914
270.002	139.854	24.022	56.471
270.167	139.772	24.825	56.571
271.323	141.751	23.595	56.703
270.900	141.528	23.336	57.770
269.928	142.222	23.995	55.418
269.652	142.124	23.660	57.123
268.646	142.520	24.351	57.387
268.351	143.921	24.238	57.218
267.556	140.808	24.296	59.494
267.295	141.047	24.442	59.541
267.380	141.357	24.775	60.308
267.207	141.610	24.870	61.428
266.800	141.311	24.552	60.915
265.854	144.127	24.668	58.650
265.334	142.511	23.645	62.288
264.247	142.389	24.488	61.988
262.662	142.905	24.904	62.132
260.121	143.333	25.871	62.016
258.324	143.227	26.682	62.199
256.417	144.938	26.131	61.219
254.000	145.224	26.147	63.397
251.124	145.638	26.341	62.475
247.917	146.226	25.886	61.754
241.332	147.779	30.481	60.530
236.049	149.706	34.427	58.598
232.769	149.261	34.962	59.065
229.230	147.654	31.071	60.674
226.056	148.379	29.507	60.544
222.813	149.061	28.834	60.169
219.588	150.889	29.022	58.499
215.598	149.863	28.674	59.798
212.802	149.505	26.436	60.701
205.267	151.163	30.324	59.148
198.380	152.462	34.651	58.738
193.911	151.248	34.776	60.301
191.857	151.664	24.900	62.534
186.041	151.218	23.182	59.820
176.791	148.066	40.149	65.175
171.878	152.696	30.202	58.130
168.200	151.952	25.842	58.855
160.907	148.619	27.151	62.945
159.952	152.434	28.307	59.153
151.024	155.193	34.556	56.715
145.022	151.600	27.460	60.974
140.660	152.046	25.306	59.707
131.931	151.582	30.301	58.723
158.400	150.500	34.357	59.293
195.204	145.482	32.755	61.489
207.443	139.576	30.128	61.808
201.692	144.197	37.636	83.236
262.227	116.104	37.476	88.289
278.504	146.287	37.163	63.452
280.488	144.740	26.724	57.260
279.894	151.110	23.541	50.372
268.011	156.257	30.271	47.396
261.100	152.923	31.952	49.639
258.744	144.423	32.248	56.600
253.200	150.851	30.135	52.091
250.203	144.835	23.018	58.328
241.721	145.722	27.783	53.652
232.211	145.641	34.014	54.609
228.425	143.447	33.806	54.835
224.044	142.618	28.606	54.343
227.936	136.873	33.757	58.343
260.048	135.619	33.085	59.860
285.163	135.622	33.817	63.722
316.648	137.185	37.994	61.501
344.995	139.656	35.066	60.149
355.283	133.887	26.985	61.792
352.220	134.274	29.174	63.104
345.933	136.689	34.013	61.416
340.455	136.920	34.755	60.325
333.352	123.607	29.283	63.543
322.958	132.784	30.447	56.643
319.732	124.449	24.127	63.289
314.466	136.439	29.500	54.047
309.687	133.824	28.468	57.353
305.601	132.390	25.227	54.929
300.246	134.532	27.332	54.293
285.685	160.714	25.400	61.178
282.782	140.786	29.719	57.317
280.675	129.203	29.897	67.578
265.657	157.086	37.433	57.470
264.045	170.506	38.307	69.911
249.394	160.872	45.400	82.155
258.981	154.070	45.214	74.637
242.703	148.938	47.753	76.124
242.926	143.876	57.415	86.623
233.772	148.380	60.845	77.401
223.164	117.197	56.464	94.597
226.014	123.301	76.452	96.809
241.370	149.977	74.212	67.622
229.126	141.852	59.097	81.442
199.862	136.437	39.842	83.020
200.293	127.095	32.546	69.144
198.970	131.370	31.593	69.061
217.535	148.685	34.263	66.399
243.367	126.726	39.640	69.019
279.114	131.477	41.104	63.437
306.953	124.994	39.021	72.115
332.263	122.691	37.302	82.556
340.845	115.620	33.172	73.281
339.278	114.597	35.260	57.614
332.092	115.556	32.557	57.512
326.853	123.247	30.562	52.496
322.262	117.950	29.564	55.704
318.877	114.775	28.094	54.894
313.862	110.999	30.089	54.179
312.490	112.902	30.124	53.066
305.316	121.828	29.407	43.992
299.585	120.850	27.304	44.589
296.991	124.277	23.311	44.016
291.938	121.415	24.590	44.469
290.664	123.679	26.291	51.203
274.973	113.908	33.372	52.138
263.929	108.335	41.664	71.027
262.588	115.616	33.283	61.378
260.205	115.786	28.208	48.436
252.497	106.172	26.923	56.284
258.550	101.068	24.544	62.403
247.528	110.320	30.532	54.800
234.439	105.725	26.654	51.642
228.944	103.621	25.262	51.565
225.722	97.823	25.013	51.804
218.373	94.283	32.488	58.554
217.214	101.189	44.409	74.149
201.137	117.981	52.082	84.803
187.209	150.687	59.507	93.267
209.195	158.597	68.287	114.115
186.328	204.197	73.554	103.810
171.160	209.412	77.974	115.426
182.431	199.920	80.802	131.864
157.403	200.134	81.588	120.548
164.080	230.172	71.587	103.544
146.002	216.457	76.593	108.957
155.971	218.706	79.792	99.703
146.675	209.668	75.164	98.503
158.834	198.254	74.955	114.478
164.998	213.528	84.136	105.678
202.457	161.491	67.589	132.012
208.149	131.646	72.311	121.971
215.081	104.995	49.904	88.811
218.348	84.898	34.073	74.152
213.819	98.842	30.379	59.967
209.851	96.622	29.116	46.851
203.593	99.970	28.354	42.177
201.903	90.481	27.022	47.727
198.452	98.827	25.862	47.093
198.283	99.998	36.243	71.321
205.279	119.160	48.188	89.253
186.631	116.552	60.037	114.718
162.243	150.508	76.982	128.793
143.309	173.694	81.871	136.039
106.558	220.903	78.484	120.741
133.184	213.037	68.109	117.058
331.988	426.278	20.126	30.617
319.558	432.408	30.720	41.858
288.453	436.153	44.831	44.330
258.741	442.490	47.298	38.337
233.148	447.252	39.979	33.743
204.692	454.536	36.137	26.464
170.527	459.459	32.905	21.541
161.844	430.273	28.513	41.770
146.130	413.161	38.022	52.567
127.132	375.777	43.421	65.738
110.923	334.570	42.004	81.950
92.834	297.794	52.786	97.298
97.899	254.410	60.275	107.361
87.446	229.638	65.276	112.049
100.227	214.559	70.097	122.063
116.453	196.591	76.264	134.134
193.112	135.093	53.368	106.924
200.935	125.140	48.576	84.481
200.349	119.352	43.936	95.432
187.875	158.168	53.854	88.247
172.259	159.952	66.498	116.331
150.659	184.479	68.771	118.478
167.773	205.903	75.050	138.738
203.541	218.605	80.180	116.477
224.991	221.696	81.445	134.254
276.986	179.870	54.857	134.391
259.412	198.776	74.955	124.280
283.374	166.027	64.349	130.883
262.203	184.140	72.005	118.783
243.495	185.624	69.767	123.071
215.234	223.094	53.537	119.349
198.889	205.659	61.169	113.789
178.886	219.794	63.153	96.297
161.780	217.773	53.684	104.455
152.845	243.735	50.995	93.649
131.042	214.833	61.944	97.095
72.064	215.571	46.460	94.364
77.792	181.971	58.103	107.006
88.317	190.269	62.528	114.857
78.837	198.112	67.140	118.694
92.268	173.739	67.761	125.736
85.071	179.060	68.734	126.638
197.986	86.785	54.448	100.021
218.927	87.015	37.484	69.241
218.557	89.336	30.854	63.116
241.169	85.859	30.201	58.784
269.257	83.162	30.069	55.998
288.147	73.439	34.624	70.322
331.233	75.790	31.788	63.185
337.560	103.694	37.563	68.064
345.802	131.555	28.657	78.097
348.305	119.673	35.602	72.975
342.531	131.256	29.877	71.834
346.538	117.807	37.498	72.758
335.625	110.246	39.463	95.519
341.461	108.114	42.888	93.143
329.511	107.765	43.128	111.487
280.135	85.758	32.739	88.806
277.758	79.820	28.965	66.859
277.693	70.294	25.367	59.990
279.365	60.541	33.132	81.650
262.508	76.775	43.721	85.105
249.865	75.932	53.503	97.006
230.654	106.295	57.601	108.550
211.206	145.479	68.102	114.345
200.203	142.683	72.901	124.501
183.675	180.102	79.980	134.913
173.839	224.845	83.407	146.790
191.765	214.139	89.172	139.679
205.075	184.390	97.982	141.779
223.070	189.248	89.021	144.004
215.715	208.918	85.473	120.702
202.595	180.041	76.545	131.513
219.039	203.264	81.560	118.877
230.563	210.923	80.944	123.278
218.585	196.657	79.823	121.871
231.428	201.011	76.821	131.802
242.065	216.249	80.853	127.468
230.474	211.187	76.563	122.283
235.150	223.173	66.852	130.456
240.504	218.640	71.684	114.643
236.292	210.818	70.990	118.193
241.982	209.662	73.385	125.287
235.595	213.518	76.854	117.424
248.030	180.916	77.937	131.458
241.418	140.095	79.342	148.273
231.435	203.804	82.723	117.607
251.150	203.097	73.489	136.254
240.882	193.749	80.311	133.308
251.727	187.983	79.595	141.387
244.566	195.848	79.794	129.522
224.796	155.644	85.035	146.028
243.163	200.900	86.967	143.833
262.680	191.214	86.355	134.156
238.770	201.662	98.477	145.692
228.392	185.305	92.899	138.136
222.356	201.834	88.451	134.125
203.690	236.047	76.591	141.992
212.332	203.383	93.764	148.963
231.174	216.308	101.296	143.369
214.863	161.108	100.479	173.433
190.177	211.328	104.505	162.686
216.633	218.881	70.192	145.404
213.479	192.249	74.187	114.493
197.216	199.954	70.465	94.091
185.232	198.729	68.032	97.315
174.876	199.038	63.680	92.707
164.641	199.172	64.211	89.356
210.715	212.995	59.558	68.439
204.274	207.400	56.734	80.604
217.608	215.210	54.130	62.647
208.707	196.627	60.283	81.538
196.096	195.259	59.889	89.475
178.977	187.920	65.356	91.739
193.365	198.728	64.696	90.748
179.945	199.246	66.584	91.567
173.421	197.806	66.995	92.366
166.218	187.988	67.444	96.213
155.361	186.510	66.672	102.583
138.186	184.100	72.677	101.836
154.242	182.597	72.410	103.857
168.870	177.458	72.409	105.019
162.367	193.104	73.004	93.041
157.283	198.563	70.301	98.866
169.016	195.070	72.117	97.922
154.400	168.682	76.631	124.231
172.541	208.736	83.929	122.062
225.067	181.792	75.304	106.874
202.890	183.195	74.861	116.678
210.597	192.948	87.057	100.524
223.923	177.738	84.681	113.631
242.948	177.700	82.474	101.096
231.705	182.478	83.175	109.013
248.431	175.664	83.669	105.148
246.404	196.431	77.586	100.564
274.688	204.855	65.187	86.633
268.939	189.579	65.670	89.686
266.309	186.316	63.228	89.881
276.664	194.613	65.785	83.171
268.972	204.269	63.815	87.070
286.645	204.202	56.239	78.076
298.671	206.888	56.411	97.509
281.287	174.823	68.042	109.548
269.032	166.232	72.920	124.643
282.257	155.554	85.582	110.597
291.149	143.020	90.069	116.953
276.232	167.117	86.590	113.125
293.321	191.304	84.256	115.073
284.649	162.121	78.916	115.878
144.848	153.409	68.406	106.635
148.073	144.511	83.622	120.596
170.614	124.760	81.264	131.972
183.581	148.497	97.290	109.940
159.308	146.012	79.220	131.431
174.636	144.107	92.542	135.399
164.674	165.831	78.218	119.990
168.174	185.298	95.137	132.479
166.832	145.599	84.444	123.323
145.292	146.855	89.198	138.558
131.955	150.308	97.377	167.430
95.809	127.866	96.350	144.113
92.590	122.939	74.955	139.083
82.375	140.494	58.661	102.918
95.988	131.754	44.044	80.205
94.903	137.981	38.623	68.855
103.215	143.436	31.829	75.506
95.754	139.875	35.566	77.559
103.249	144.999	41.521	88.258
48.182	145.633	44.347	89.556
85.198	144.110	42.162	81.822
98.972	139.702	39.655	84.773
96.855	141.973	38.546	77.664
106.520	137.014	42.182	78.139
98.978	138.681	38.338	81.268
98.805	146.039	34.974	83.880
99.945	139.086	38.076	70.737
93.801	141.486	41.483	74.207
102.333	142.388	39.851	78.189
45.424	141.782	42.652	75.101
97.822	141.448	35.065	87.465
93.278	145.734	37.603	85.930
96.966	138.152	35.461	84.101
95.320	134.696	37.560	80.526
97.759	139.972	35.334	76.365
95.206	142.581	37.452	78.348
99.597	141.614	35.836	80.765
104.524	139.141	35.768	71.655
95.889	141.074	35.118	71.761
100.236	144.021	39.464	88.935
99.116	143.854	36.630	69.060
106.329	140.278	38.026	70.734
102.778	139.635	38.668	72.066
95.379	143.905	38.042	81.709
104.760	143.564	36.842	73.776
99.908	135.204	39.106	73.003
97.681	142.294	39.515	71.885
104.271	141.817	39.900	77.780
103.280	139.463	36.088	73.178
98.575	146.002	39.816	77.476
102.673	139.863	38.588	78.049
99.531	143.938	40.962	73.663
100.620	142.180	36.180	70.818
97.936	138.554	39.493	79.255
95.230	144.922	39.190	72.565
105.160	141.260	35.868	93.049
42.428	141.382	50.820	92.302
97.320	143.457	42.859	79.802
103.344	142.572	37.121	67.252
98.683	140.589	34.434	67.233
101.099	142.046	33.091	64.548
98.959	144.711	33.877	66.518
92.266	138.260	40.060	70.256
87.448	139.897	39.898	77.888
100.823	143.590	38.192	75.924
97.019	130.356	39.510	84.250
96.462	144.644	39.746	69.147
99.554	140.074	37.718	72.329
106.532	152.922	49.065	85.843
124.758	152.247	54.023	99.017
135.703	132.633	65.097	112.023
157.993	137.984	63.371	95.436
140.597	147.413	59.802	91.240
150.770	142.998	60.911	91.147
174.562	136.202	52.453	94.184
189.405	136.008	46.480	86.069
183.416	140.891	48.977	78.632
184.131	140.715	43.954	80.731
190.886	137.030	42.236	79.201
186.780	140.336	44.271	74.296
188.853	142.516	37.230	78.499
179.764	143.872	41.218	80.416
181.435	134.602	44.373	83.851
182.743	137.573	45.313	80.527
188.677	139.853	39.706	79.215
188.876	136.004	37.552	71.088
193.259	136.423	39.621	69.520
191.110	140.240	41.628	74.250
187.435	139.369	42.900	74.623
180.775	138.850	40.158	76.997
173.088	140.024	44.539	84.373
179.819	137.119	46.406	78.269
182.154	136.921	43.247	81.484
172.643	134.289	48.107	79.382
168.693	140.192	47.716	80.664
178.027	141.573	45.412	82.753
190.032	129.808	42.026	72.648
190.418	138.307	37.720	76.074
179.670	135.770	39.752	76.509
168.088	135.515	50.733	77.643
185.036	143.749	44.106	82.249
176.309	138.605	45.756	84.661
179.810	139.152	51.655	84.770
185.755	143.019	42.275	77.525
187.990	136.068	36.193	74.950
192.518	130.083	35.542	67.015
194.207	121.996	31.834	70.360
184.817	136.729	41.344	72.980
182.273	144.731	39.870	73.446
182.235	135.070	36.599	72.058
192.677	131.830	39.379	78.635
198.562	139.676	45.340	85.260
211.005	148.861	51.377	95.170
228.019	143.166	57.969	101.667
244.544	120.768	67.439	116.308
265.357	124.344	56.137	95.779
263.628	98.476	48.361	89.801
271.179	129.897	69.861	96.119
261.241	98.349	51.344	86.330
252.428	103.206	42.080	77.779
249.575	110.241	36.610	76.202
250.650	107.319	32.298	63.093
252.233	109.094	47.334	87.202
262.780	121.870	57.894	91.280
204.347	150.848	46.922	104.642
68.045	114.817	60.604	72.230
65.937	125.237	30.943	58.736
74.423	126.754	23.630	49.661
79.575	124.335	23.589	53.150
81.103	124.972	23.450	49.579
83.617	125.710	24.705	50.004
83.413	125.155	27.061	51.197
90.501	126.189	24.124	50.484
93.922	121.273	23.226	49.746
95.600	119.314	24.015	52.312
98.716	116.543	22.297	51.026
101.222	117.427	22.068	52.108
101.425	119.349	24.298	56.310
103.897	111.779	26.521	62.470
104.700	114.908	27.298	56.416
113.992	105.942	32.402	60.452
96.536	85.912	39.921	96.822
76.441	73.181	51.320	109.986
90.531	100.477	59.772	139.148
109.917	137.777	72.606	133.379
140.595	106.504	67.521	125.263
130.054	114.452	74.791	132.932
127.777	126.014	74.802	131.727
145.604	141.602	73.703	117.344
143.788	133.901	69.542	126.837
174.981	102.451	76.921	97.163
244.533	113.021	44.045	103.937
240.569	119.327	38.374	75.713
231.966	121.724	33.850	60.175
231.471	123.366	29.931	56.919
231.062	124.445	26.305	53.556
228.426	124.235	25.195	54.081
225.293	124.682	27.076	53.391
220.028	125.134	25.849	53.827
216.032	124.827	24.603	54.262
211.185	125.001	27.456	54.240
202.741	125.123	31.495	55.211
202.429	123.758	29.090	57.640
197.805	124.427	28.486	55.388
195.526	123.469	27.760	54.421
195.742	122.590	26.547	56.300
191.106	125.099	27.822	52.679
181.087	122.151	26.008	57.588
179.144	123.241	24.160	57.754
178.629	130.863	24.053	51.072
174.873	125.929	25.460	57.093
167.740	122.617	30.901	60.391
161.814	120.336	29.212	56.258
159.500	123.070	27.618	51.298
158.157	124.637	25.164	49.536
154.789	127.971	23.664	46.590
150.952	123.052	24.446	48.892
147.911	114.446	25.753	52.604
147.169	103.312	28.537	54.388
134.542	123.849	32.877	47.805
121.794	115.682	35.126	65.454
130.423	117.570	26.872	55.922
129.948	96.834	25.261	59.890
112.217	105.621	40.873	72.558
121.838	104.809	48.609	85.644
36.077	64.309	48.715	99.969
70.094	65.863	53.082	98.271
106.459	54.663	51.958	101.334
159.530	75.883	35.484	80.931
177.977	75.088	35.969	78.285
196.378	83.646	32.553	74.897
202.219	86.770	26.341	68.181
202.825	85.260	24.854	61.717
202.577	84.944	22.967	52.451
203.580	86.136	22.398	49.719
204.327	85.498	22.477	47.460
232.557	115.951	23.738	45.695
231.296	96.284	30.943	52.917
205.132	88.802	31.500	62.774
203.607	85.267	32.603	69.074
213.065	104.420	28.372	57.478
204.213	86.610	25.957	65.541
202.152	83.999	24.709	58.855
202.857	87.343	23.300	65.078
198.886	88.357	28.350	65.967
189.168	113.275	29.590	50.752
179.275	119.987	30.665	43.348
175.358	120.771	30.803	42.308
173.003	119.593	27.218	48.153
170.013	117.745	24.391	47.535
167.376	118.789	23.190	45.315
161.874	120.729	23.339	42.690
159.117	119.734	23.084	42.234
149.726	113.818	25.290	49.300
146.063	89.033	24.666	62.481
142.710	118.462	25.027	54.408
134.179	112.755	25.663	61.991
130.033	122.953	26.032	49.943
126.597	121.009	28.497	51.310
122.188	119.280	27.452	51.825
118.949	122.062	27.705	50.508
117.228	122.535	24.102	50.073
132.506	121.638	26.748	48.218
166.311	120.053	24.949	49.099
192.201	119.806	28.040	50.366
220.367	121.677	24.524	54.109
214.926	121.147	24.294	52.517
210.110	119.596	24.944	55.125
207.327	121.697	22.631	53.766
204.041	122.391	23.437	51.584
199.011	122.942	23.675	52.108
195.068	122.376	23.178	53.152
191.626	116.279	24.274	49.057
186.419	119.907	22.784	53.312
183.387	120.692	20.844	50.355
178.450	123.118	23.964	52.792
173.810	123.193	23.526	51.806
169.223	123.069	23.361	49.857
164.928	123.593	22.951	47.712
161.400	123.603	21.793	49.669
156.148	124.823	22.578	48.977
151.252	124.811	22.667	46.790
146.991	125.200	23.387	46.101
142.385	125.631	23.158	45.327
133.350	124.568	25.830	49.670
123.517	123.745	36.342	67.755
115.251	151.004	40.654	77.657
124.928	172.489	49.625	88.384
128.346	180.440	64.503	103.806
147.111	175.232	74.377	121.809
172.041	187.359	70.379	114.713
189.360	195.612	61.601	102.682
198.570	172.423	67.007	109.504
212.884	177.261	55.021	116.108
196.064	184.859	65.230	107.139
188.043	198.202	58.155	96.100
202.987	200.200	51.762	93.874
204.439	167.256	58.623	105.788
191.959	159.768	68.305	126.477
209.080	141.578	71.228	133.031
210.662	148.378	64.066	126.714
205.916	124.131	55.460	117.772
212.733	114.047	43.797	106.534
213.756	115.263	35.590	92.455
197.029	153.042	54.721	97.938
207.181	179.760	57.135	99.074
194.748	179.348	66.214	107.009
186.488	183.852	63.197	103.464
208.034	187.405	58.404	107.637
217.464	188.460	56.590	99.049
198.834	159.921	70.242	119.658
212.955	164.469	72.761	134.110
196.865	172.433	91.779	140.030
156.899	182.380	105.611	138.474
180.734	167.910	102.785	149.345
23.010	187.483	85.374	140.655
56.238	176.028	84.904	141.826
100.617	180.889	78.925	154.805
129.900	172.049	88.344	145.794
154.878	179.389	96.550	140.528
299.392	187.411	54.392	120.104
306.182	191.385	54.266	111.046
293.965	187.710	49.080	113.119
300.612	190.575	51.657	110.282
309.690	192.313	57.054	105.332
312.125	195.075	79.892	101.010
292.309	191.771	60.378	104.230
304.683	205.705	66.712	91.320
298.207	183.903	59.573	95.348
309.208	186.097	63.024	95.435
319.479	185.741	67.308	105.669
293.099	191.212	71.296	98.442
288.550	184.847	60.620	108.758
299.986	195.897	62.123	103.720
287.833	193.965	53.907	103.840
281.879	187.039	58.704	94.220
281.654	186.200	52.890	91.050
295.349	190.346	57.886	97.771
304.263	211.378	60.088	90.843
294.679	190.824	58.636	100.527
301.632	205.670	65.182	93.935
299.444	182.694	56.986	91.070
290.676	188.887	58.838	93.899
288.570	190.646	62.831	96.162
291.130	191.731	59.561	99.195
302.156	198.927	58.018	99.418
294.561	184.597	62.136	91.350
286.060	186.468	69.438	91.681
305.055	186.531	63.777	98.828
296.002	186.177	64.751	96.999
289.806	189.638	67.766	99.460
296.233	188.406	64.128	99.478
288.199	186.799	65.222	97.059
292.168	182.712	64.092	95.664
282.448	190.345	71.096	95.209
301.063	187.954	66.644	103.009
289.316	186.545	54.563	99.836
287.335	189.081	59.938	97.304
299.514	213.970	59.606	87.258
295.400	193.383	53.059	97.958
281.395	191.998	64.646	104.955
288.713	188.525	55.752	97.219
306.245	186.056	57.014	97.695
292.697	185.976	52.295	97.210
286.475	183.791	56.996	92.182
288.743	184.299	47.218	92.703
285.377	189.612	50.567	91.380
269.306	192.677	63.014	100.719
298.914	194.451	57.866	99.629
289.226	192.130	55.236	99.990
292.138	191.614	54.310	96.621
320.673	189.294	54.406	91.476
305.131	181.291	60.905	104.645
301.674	183.768	63.761	98.623
294.631	186.548	55.977	103.608
291.756	187.949	56.262	98.730
308.862	189.728	60.196	99.883
288.945	189.868	53.932	95.451
298.381	189.760	58.197	95.333
280.065	188.950	62.246	97.324
289.559	183.026	53.533	93.690
271.137	188.663	73.260	104.562
267.854	176.046	72.977	113.273
285.530	152.908	80.096	131.690
315.322	178.768	87.228	128.451
351.897	172.254	73.261	123.909
367.529	164.703	83.824	120.181
217.655	165.314	60.073	112.853
218.778	186.259	51.400	101.553
132.248	194.536	57.548	98.355
126.403	191.322	51.541	96.300
129.729	183.836	43.721	113.410
211.717	198.472	51.598	91.473
217.046	211.561	55.983	78.324
201.176	194.836	58.903	96.252
212.000	184.439	65.291	108.419
118.666	195.690	61.588	101.461
209.225	201.393	54.509	86.653
205.320	203.265	47.338	90.364
208.688	197.785	48.341	87.253
207.220	199.417	57.677	88.647
215.943	192.551	52.324	94.912
208.889	201.017	52.106	89.568
122.414	180.850	50.236	99.784
132.076	176.460	58.108	102.374
134.640	187.874	51.196	99.467
100.626	185.679	60.515	105.182
130.521	178.063	53.473	113.083
134.230	169.131	54.110	104.304
129.509	188.678	54.007	101.347
118.084	199.152	52.358	117.541
123.861	196.339	52.856	122.284
140.170	174.945	61.116	119.607
122.037	189.936	46.758	100.090
127.884	188.455	43.799	105.764
124.634	203.123	45.906	113.817
135.474	192.880	54.611	101.585
169.697	189.322	57.031	96.093
193.749	196.882	58.193	89.392
203.625	213.793	52.712	78.534
203.223	199.918	49.087	79.286
213.971	188.185	55.415	88.285
206.164	203.700	61.702	85.224
214.050	200.075	55.614	89.150
216.434	203.728	43.324	94.205
222.795	191.496	46.258	94.191
229.070	152.763	36.447	109.205
218.808	151.086	45.819	125.441
199.237	199.611	65.705	88.459
193.119	171.645	64.942	115.587
123.480	190.586	53.940	108.432
126.593	166.639	54.838	115.410
196.958	201.160	51.098	88.403
126.389	175.124	45.406	103.823
130.446	170.784	50.391	106.298
133.998	184.219	60.111	105.211
130.171	210.350	45.133	122.469
116.816	200.931	56.271	104.532
123.201	201.399	48.336	114.208
151.420	187.911	54.288	100.458
186.358	204.402	54.187	87.600
188.818	199.694	53.455	87.640
201.108	202.513	55.047	84.976
198.171	201.973	51.528	84.909
214.488	203.665	52.666	87.710
217.641	206.035	45.549	88.828
209.642	204.449	42.781	87.529
218.577	196.944	39.192	88.800
218.168	107.794	33.769	54.243
222.134	80.940	26.341	56.207
223.205	82.075	25.527	56.003
222.513	80.917	24.906	57.679
220.468	81.899	26.838	54.641
219.093	81.184	27.007	56.530
218.892	81.275	27.589	56.369
218.293	82.442	28.165	54.650
218.206	82.421	27.493	53.877
219.112	81.780	26.326	52.648
219.555	82.125	25.861	53.198
220.334	81.774	25.604	53.821
219.721	80.707	25.983	55.618
219.278	82.492	26.260	52.521
219.748	80.652	25.074	53.403
