297.000	238.000	37.000	109.000
294.915	237.415	36.256	111.092
292.818	236.268	38.149	108.986
290.773	235.454	39.360	106.981
288.716	234.667	40.634	107.802
288.492	235.009	41.647	104.385
289.945	233.834	40.917	105.811
292.306	232.835	39.052	107.897
271.732	233.093	38.542	104.170
224.520	234.477	39.998	101.935
187.985	235.691	38.898	101.304
150.522	232.773	39.380	102.330
142.645	231.671	39.755	105.228
138.678	232.002	42.493	103.677
138.236	230.113	43.793	103.371
138.645	229.746	42.991	104.499
141.158	226.955	38.796	102.777
141.502	226.274	35.380	104.654
139.407	226.693	35.761	104.752
137.296	227.078	36.046	103.285
134.605	226.014	36.279	103.481
129.858	225.304	39.265	104.660
126.378	225.042	40.333	102.960
123.643	224.942	39.902	101.161
122.140	224.631	38.949	103.253
122.587	222.864	37.684	104.072
122.914	221.911	36.536	103.028
122.652	221.378	35.291	101.753
119.518	221.562	35.517	102.606
114.885	222.236	36.440	101.119
111.935	221.026	36.685	101.072
106.759	220.505	37.802	99.827
101.416	220.028	39.210	100.873
98.957	220.131	39.629	99.061
98.131	219.664	38.989	98.935
98.336	218.715	37.065	100.063
98.445	217.597	35.943	98.985
96.981	216.998	32.916	99.362
93.571	217.293	33.337	100.273
90.164	217.810	33.733	98.955
88.139	216.022	33.421	99.930
80.922	215.613	36.184	99.577
74.780	215.454	39.010	101.381
70.575	216.311	41.013	97.270
70.456	215.446	38.063	97.547
71.054	213.657	34.196	98.053
69.609	212.988	31.021	100.041
65.584	213.137	31.672	100.612
57.717	213.954	37.156	98.399
54.309	213.446	38.873	98.243
47.807	212.567	35.021	98.411
56.287	212.027	36.726	100.138
83.641	211.911	38.828	100.444
125.871	210.837	37.571	98.974
146.982	208.180	34.872	104.309
188.165	207.889	37.754	98.917
211.791	209.855	44.213	98.443
235.051	213.839	46.784	90.640
232.061	210.632	38.706	95.428
230.541	212.500	32.906	88.970
232.720	214.085	29.533	87.957
228.928	211.033	30.986	89.211
220.799	208.358	36.827	92.657
216.455	210.487	36.913	90.675
213.820	206.852	33.325	94.526
205.149	204.113	33.989	95.577
210.667	210.895	34.644	89.977
210.820	211.359	35.525	90.440
203.010	208.954	34.724	88.651
189.478	207.914	35.416	90.923
219.758	207.680	33.571	96.617
216.279	203.543	35.950	94.788
216.141	201.880	38.870	95.007
216.909	204.378	38.363	98.004
215.021	203.328	35.764	99.800
220.470	210.226	31.730	99.646
220.206	202.706	37.783	98.330
218.632	202.506	38.832	97.334
220.449	208.640	34.396	94.381
215.971	199.611	35.604	99.177
254.537	211.736	37.055	97.348
255.228	199.744	57.064	93.693
262.215	197.692	60.120	101.520
273.347	203.945	65.197	103.382
291.967	187.833	62.000	98.462
310.873	183.286	60.441	110.504
327.248	180.236	62.882	108.296
355.900	186.543	53.994	114.322
465.955	197.533	41.282	111.660
464.631	195.417	42.637	109.988
463.767	201.353	37.222	104.780
469.603	202.143	40.961	100.892
466.505	206.597	38.265	95.066
469.788	206.205	32.592	95.685
471.222	203.504	34.454	98.134
469.907	203.231	39.869	93.813
468.704	203.646	33.262	93.879
470.774	204.422	33.260	91.973
472.120	207.510	34.391	91.720
468.736	199.509	36.007	103.263
466.013	200.460	40.479	103.782
465.173	198.023	39.873	101.076
469.986	202.921	31.770	95.858
472.245	204.906	33.561	89.857
469.700	202.109	31.674	94.266
466.471	202.732	35.178	96.538
465.850	202.809	36.665	102.222
465.506	200.316	39.821	99.823
470.349	206.551	34.765	91.821
469.432	206.297	33.853	92.509
458.940	195.209	43.685	89.907
468.699	202.239	34.885	100.615
466.327	203.114	38.634	96.919
472.657	205.618	31.239	93.383
472.062	204.016	32.842	93.470
464.845	203.980	42.102	92.891
