0.000	278.000	71.000	144.000
25.266	272.955	56.431	150.535
41.947	273.536	62.948	151.864
44.996	277.910	88.354	147.434
70.162	277.039	77.025	149.977
102.791	275.334	51.520	150.675
113.080	272.733	71.168	153.844
114.800	274.671	89.809	150.459
129.116	274.300	81.739	150.527
160.091	272.976	59.112	150.592
178.318	273.543	63.417	150.556
181.173	275.403	88.197	147.522
196.630	274.839	84.386	148.445
221.038	273.438	64.521	150.044
246.114	271.854	53.919	150.016
250.713	272.611	82.197	150.445
260.021	273.544	88.957	150.244
284.735	273.508	72.187	148.791
315.511	268.551	50.803	151.454
323.775	270.627	78.454	151.273
329.337	273.445	93.739	148.081
352.561	272.584	72.234	149.977
382.090	269.985	53.922	153.653
392.371	269.932	66.372	154.585
398.784	273.959	86.910	149.673
417.425	272.020	77.768	149.276
447.077	267.290	56.271	155.639
461.299	266.111	64.377	154.692
472.900	276.373	81.903	144.309
504.456	275.432	61.303	142.498
503.377	268.481	57.805	147.489
484.108	264.043	60.774	149.534
459.961	266.353	62.434	152.671
446.798	267.794	66.960	145.414
409.237	260.863	75.148	128.760
410.067	273.281	61.895	139.034
390.552	266.994	63.605	139.486
242.695	270.672	65.237	116.229
211.479	272.364	59.945	132.116
185.879	274.483	59.179	124.999
161.474	281.710	64.248	127.875
110.057	282.521	61.825	120.020
89.298	278.162	53.623	117.113
82.975	274.221	55.541	122.721
87.689	279.518	57.284	126.592
82.279	278.167	58.955	109.761
91.472	278.899	53.758	116.495
81.277	278.878	54.921	114.156
84.429	279.433	50.439	123.265
84.260	276.991	49.682	107.134
80.721	275.877	54.925	97.085
87.957	278.612	57.330	127.803
82.049	279.165	53.578	102.263
83.842	272.904	48.580	102.507
88.818	274.032	51.997	126.023
88.152	274.191	55.042	116.149
85.239	275.807	55.126	119.889
86.682	275.904	54.582	123.733
89.002	273.977	52.191	118.117
81.640	268.038	57.922	133.176
65.644	273.514	61.048	136.754
13.492	268.654	64.484	148.267
1.198	260.639	45.159	157.467
8.445	240.323	83.975	159.017
41.252	243.243	89.919	168.216
62.509	239.497	98.334	163.707
49.989	221.285	102.793	180.590
39.606	225.218	104.633	166.405
82.196	187.932	86.241	170.849
112.739	163.150	80.228	178.496
92.326	254.360	78.450	155.837
84.267	249.608	85.016	166.337
95.376	167.980	87.315	172.648
77.833	129.598	98.370	209.113
49.950	116.484	108.630	196.077
70.418	100.875	114.212	205.005
363.750	246.054	95.450	148.891
375.240	266.419	62.979	121.561
398.069	268.004	56.667	115.457
410.132	269.508	48.099	108.380
438.671	278.291	46.599	120.511
443.421	286.103	45.490	116.925
447.193	279.397	43.736	119.994
453.281	278.834	50.118	110.113
465.856	275.201	49.156	111.646
478.135	282.674	55.126	100.849
487.233	286.821	54.546	102.484
493.021	283.759	65.964	103.083
507.914	286.305	63.227	112.168
520.300	287.415	55.025	111.363
531.330	286.181	51.585	114.374
537.128	292.692	52.870	110.377
532.558	292.953	56.952	104.741
513.543	295.778	63.574	111.651
489.031	298.875	69.372	96.308
471.746	299.913	58.561	100.593
447.582	301.857	56.009	109.573
419.247	304.618	64.857	108.696
400.139	306.595	61.949	109.294
381.468	307.794	62.541	113.366
360.328	310.294	63.936	112.996
331.715	313.520	66.168	110.751
308.710	315.411	69.358	107.346
285.816	318.578	64.542	107.071
258.649	318.975	60.156	117.445
242.649	323.351	55.394	112.370
239.641	325.334	60.028	112.317
242.433	325.802	62.413	113.972
244.645	327.806	68.252	115.259
247.756	334.194	69.453	118.641
249.321	336.191	67.866	109.762
248.603	336.702	70.414	108.531
247.060	337.455	69.917	105.447
246.118	338.054	69.169	101.496
255.945	342.610	58.548	101.884
256.705	343.101	57.858	97.174
259.265	343.155	54.654	99.492
262.725	342.827	52.174	99.447
266.090	342.922	49.267	97.802
267.634	343.334	49.224	96.692
268.151	342.563	49.651	95.451
270.637	341.608	48.559	97.283
272.035	340.206	48.211	96.333
273.327	338.646	47.133	98.688
275.564	337.106	45.285	97.832
277.730	336.862	43.390	97.175
279.664	334.460	41.990	98.851
281.182	332.778	41.525	101.482
280.583	331.658	43.668	106.117
275.485	331.036	49.350	102.443
274.054	330.138	49.508	101.938
283.925	328.860	40.406	98.470
277.967	322.398	45.188	106.990
281.006	327.540	41.848	105.269
279.991	328.859	43.807	104.884
281.342	331.910	42.391	102.327
282.480	331.614	42.758	103.596
282.700	335.752	42.843	97.953
283.022	334.598	41.850	96.746
286.482	337.839	36.883	93.890
288.664	337.818	33.505	92.362
289.367	336.252	32.519	94.763
288.482	339.667	33.235	89.174
288.751	335.982	33.586	91.589
289.180	337.728	33.220	92.702
288.735	337.236	33.367	94.012
288.385	336.196	34.077	96.113
288.338	336.814	34.426	95.869
288.113	338.901	35.011	94.336
288.819	337.049	33.937	95.556
289.039	336.262	33.411	95.522
289.219	339.014	33.147	96.477
289.577	337.464	33.665	94.011
289.569	338.333	34.105	92.953
290.699	338.124	33.596	94.104
290.450	339.506	33.096	93.821
290.319	340.247	33.264	93.168
290.483	338.983	32.840	90.313
290.924	338.959	32.431	89.121
290.250	338.109	33.048	91.148
289.512	338.066	33.824	88.773
290.127	343.234	33.383	85.056
289.458	341.209	34.097	87.423
289.147	339.016	33.677	88.694
290.557	344.587	32.475	83.445
290.485	341.956	31.662	84.861
290.406	344.374	33.113	82.945
290.474	340.543	32.887	88.992
288.049	340.106	35.157	90.958
288.552	343.443	35.596	91.662
288.716	346.479	34.438	89.093
288.321	346.096	33.282	85.738
289.503	342.276	33.198	89.157
288.125	347.977	33.930	81.354
289.629	347.308	33.305	85.369
287.999	343.989	34.919	84.324
287.725	346.324	35.189	85.121
289.372	347.032	33.672	86.009
290.988	346.636	32.537	85.925
292.655	347.012	32.543	87.996
292.406	347.725	31.458	86.942
293.092	351.876	30.195	79.603
293.212	349.263	30.383	80.864
292.699	341.519	32.047	90.775
289.557	342.275	38.283	89.472
289.546	345.790	36.917	92.391
288.440	344.075	37.509	90.783
288.440	343.044	37.955	92.590
286.639	345.025	40.991	89.383
287.337	348.341	38.751	88.212
287.648	348.630	38.222	88.463
287.414	348.540	37.601	87.539
286.434	346.884	37.940	86.791
287.312	346.850	37.095	87.076
286.779	346.612	37.847	86.811
287.312	346.545	37.822	87.300
286.671	345.715	38.187	86.918
286.906	345.835	38.653	86.544
286.086	347.392	38.961	84.312
285.419	348.285	39.272	83.181
285.444	349.041	39.138	83.242
285.298	349.437	38.155	82.027
285.259	347.413	38.011	86.439
284.371	348.022	39.006	85.705
282.563	348.051	39.699	88.063
281.601	350.137	39.572	87.501
278.378	348.221	42.695	88.958
275.127	346.213	43.970	93.677
272.601	346.414	45.918	94.037
270.472	345.727	47.028	96.282
270.480	345.770	46.068	95.077
269.204	345.580	45.857	92.802
269.111	347.793	44.382	92.907
266.593	349.654	45.094	89.973
265.693	346.941	45.334	92.461
265.806	348.979	43.491	92.680
265.556	348.274	43.310	94.367
262.861	350.743	45.590	91.085
258.862	352.452	49.547	87.336
251.869	352.739	44.129	87.013
249.631	354.549	40.509	86.074
247.392	360.095	38.028	78.877
247.084	362.038	34.635	76.179
244.532	364.237	37.264	70.207
244.955	365.623	34.093	69.621
244.670	365.162	34.455	67.064
241.547	363.708	37.326	70.254
244.222	365.263	35.130	70.282
245.894	367.521	32.839	66.026
246.989	368.307	31.072	63.283
247.272	369.444	31.397	61.749
246.975	369.133	29.816	64.836
248.052	370.225	31.365	62.799
247.759	369.948	29.651	65.059
246.063	370.869	30.208	61.817
246.210	370.189	32.093	60.180
247.378	370.324	30.765	62.595
246.237	370.789	30.722	61.762
245.939	370.629	31.555	59.088
246.227	371.109	30.296	62.234
243.866	369.352	33.535	58.319
244.829	367.317	33.813	62.324
246.601	368.037	29.138	64.420
246.951	369.634	29.908	62.499
247.301	370.026	31.137	59.948
248.790	369.571	29.908	57.639
247.689	370.178	31.468	61.912
247.584	369.306	32.531	61.393
247.494	368.447	31.910	62.766
248.418	368.509	32.220	60.408
249.002	368.296	30.911	65.090
248.799	366.187	33.393	62.908
248.761	363.874	35.431	62.913
251.082	361.916	35.525	69.092
254.710	361.698	39.538	72.424
256.207	358.124	48.127	79.565
258.530	352.940	52.358	85.796
264.614	353.055	47.288	86.383
264.992	348.702	48.727	91.491
265.629	346.602	50.384	95.096
266.922	347.195	49.172	91.596
269.091	347.398	47.733	90.051
269.222	346.700	46.556	92.313
269.051	347.595	47.360	91.237
267.352	346.824	49.398	93.321
265.592	346.353	50.693	94.759
267.885	347.870	48.479	95.113
266.318	346.517	51.248	98.599
264.992	348.408	53.455	94.880
267.131	349.081	52.073	96.939
267.021	347.922	51.884	99.157
268.917	348.430	49.666	96.793
268.346	346.386	50.625	97.157
269.516	348.464	49.033	95.713
267.640	346.812	52.738	98.886
267.214	345.226	51.516	102.647
266.805	346.104	52.845	99.454
267.711	346.978	52.241	97.292
265.036	345.155	54.033	96.974
263.426	344.307	53.201	103.264
263.943	344.617	49.387	102.704
262.809	345.176	50.449	99.895
265.095	346.972	50.953	96.952
266.935	346.672	50.649	97.326
267.545	345.886	49.293	98.566
269.614	346.538	47.096	97.187
265.917	346.809	49.514	96.548
263.574	348.430	52.929	94.869
261.786	345.837	54.264	99.430
258.938	346.725	56.227	101.819
259.582	351.600	55.700	102.501
260.759	352.332	53.722	98.123
260.925	351.422	53.969	100.321
262.018	349.683	53.262	101.664
266.338	351.058	47.459	99.273
265.170	349.661	47.672	98.570
264.252	349.348	49.192	97.330
259.092	349.301	54.681	95.837
264.306	351.086	50.755	97.103
262.232	350.222	52.429	99.929
262.438	350.502	52.328	99.041
265.289	312.771	50.203	113.032
264.438	316.340	52.530	105.447
263.387	317.372	50.811	98.155
266.422	316.415	48.423	100.041
265.677	313.087	48.695	105.074
266.893	310.915	46.920	104.852
268.698	309.395	44.911	101.564
267.845	306.107	44.219	104.590
267.588	304.708	44.588	103.951
267.282	303.299	43.834	107.230
268.026	304.041	43.028	107.619
267.730	302.871	42.357	106.387
268.017	303.394	41.962	105.066
268.181	301.872	41.447	105.607
267.531	300.188	44.256	106.776
266.569	298.460	46.089	106.492
267.924	300.889	45.856	105.963
268.478	301.698	45.310	105.168
269.141	301.800	44.538	108.427
269.110	301.723	43.989	110.033
267.822	301.161	44.540	107.781
267.235	302.134	45.547	113.265
265.628	304.286	47.622	109.370
265.148	306.926	49.208	112.736
265.658	309.035	51.986	105.072
266.177	308.709	52.234	110.310
265.463	308.120	52.350	111.264
264.202	307.832	54.933	116.196
262.115	309.386	58.311	115.469
262.091	310.546	57.637	111.133
260.203	308.368	59.025	110.201
262.466	308.220	56.160	108.412
263.381	307.771	56.190	106.739
264.369	308.353	54.727	104.970
265.446	307.148	53.333	105.854
265.667	307.116	52.017	102.261
266.349	306.059	51.762	102.290
268.406	304.176	50.306	104.140
271.151	304.289	49.558	99.678
272.528	303.620	48.775	98.479
273.739	302.266	47.006	95.132
273.858	299.384	46.973	96.439
275.419	299.528	45.495	95.583
275.605	299.193	45.639	92.081
276.289	296.417	44.067	90.863
279.056	293.837	41.536	92.775
277.936	290.173	43.102	95.907
276.586	288.140	44.610	94.736
278.414	290.370	42.238	99.923
280.654	289.998	41.320	95.362
279.901	289.187	41.741	99.936
278.059	288.128	43.581	97.969
278.338	287.348	44.184	96.661
276.090	285.737	46.083	100.207
278.473	284.318	46.480	99.140
278.502	283.086	46.738	97.792
281.141	279.323	45.659	100.988
284.831	279.329	44.140	109.902
290.365	280.335	44.073	113.854
292.429	281.530	39.012	123.068
292.781	313.206	38.166	107.928
290.159	315.704	35.464	97.903
286.225	309.880	38.249	96.326
280.601	307.679	41.031	92.498
282.750	308.467	38.400	95.400
286.959	311.838	40.788	99.828
285.367	303.772	43.541	99.701
289.003	315.398	54.690	108.395
283.752	324.211	53.365	117.450
279.616	319.734	55.298	114.843
284.101	309.075	67.225	127.937
283.183	307.396	65.639	133.833
279.648	321.464	62.539	121.277
281.453	312.797	52.459	123.227
281.340	292.679	52.802	115.113
279.207	295.182	44.217	119.058
282.827	292.779	41.245	115.005
274.074	293.563	47.976	112.041
272.307	279.876	51.166	124.755
277.489	280.165	45.522	123.826
279.921	278.694	48.791	116.656
282.686	275.723	45.539	115.043
281.600	278.011	43.306	109.474
280.034	279.707	42.283	109.680
280.021	277.743	41.520	105.134
276.068	276.502	45.251	104.389
277.362	277.791	44.875	100.032
280.317	278.308	42.524	107.044
271.960	277.942	47.812	107.991
273.901	277.288	45.904	113.177
264.297	278.511	48.412	115.002
272.062	278.005	46.743	113.732
277.473	278.100	41.145	112.506
268.617	275.747	45.262	112.814
277.749	274.432	41.179	107.266
277.962	273.224	41.065	113.673
283.102	272.916	38.256	109.297
281.651	276.996	39.997	109.860
268.216	277.081	48.315	111.319
275.516	278.490	46.156	105.827
277.617	279.403	43.865	109.351
273.037	279.237	46.741	114.231
284.127	282.184	39.326	109.364
285.444	279.148	40.016	110.779
279.041	279.553	43.409	108.535
275.724	280.001	45.659	112.723
269.963	281.526	46.734	110.424
271.907	279.914	50.087	106.886
266.886	278.468	50.347	112.124
268.569	276.243	51.676	115.907
270.637	278.177	49.898	113.833
283.550	280.379	42.851	113.230
280.818	278.865	43.323	111.591
276.938	278.317	47.698	112.910
268.049	280.818	50.427	111.691
282.930	276.840	41.451	110.624
274.690	278.550	45.311	111.633
281.536	279.732	41.238	110.794
281.806	278.498	43.666	109.807
276.518	278.773	45.390	107.258
277.252	279.430	43.539	112.086
278.920	277.369	42.454	109.444
280.198	276.175	43.309	107.754
277.193	276.075	44.575	109.823
280.919	277.484	41.463	108.852
280.196	276.811	42.590	109.292
278.468	278.506	42.403	106.505
280.485	279.905	39.485	106.666
280.626	278.112	40.604	109.346
276.950	280.480	43.326	106.235
277.170	279.159	42.736	106.216
277.986	278.882	41.992	109.034
279.245	280.201	41.052	105.863
278.035	278.793	42.231	104.268
268.703	277.848	49.161	103.974
268.107	277.796	51.381	105.975
243.693	277.133	63.220	103.764
239.502	274.929	56.124	103.249
225.576	273.617	57.820	101.093
203.217	272.153	65.080	106.953
185.634	269.846	67.911	108.387
171.845	269.597	68.881	109.018
178.117	266.568	60.079	109.477
195.647	263.379	57.405	110.647
201.376	261.747	60.883	101.699
218.206	254.268	51.526	114.486
231.868	250.415	46.190	128.156
234.634	248.695	46.848	108.130
232.049	248.488	58.320	89.459
250.000	246.550	48.424	112.961
269.073	249.784	47.359	126.409
260.429	236.042	47.098	102.527
264.132	236.643	53.795	88.761
277.727	238.146	54.750	87.182
283.506	236.249	55.333	97.661
303.386	233.529	45.589	99.993
286.359	229.349	44.493	102.102
287.681	279.242	68.116	117.626
302.972	303.248	78.181	150.658
189.438	251.492	62.943	143.493
179.369	225.075	49.262	107.027
155.826	231.792	43.993	99.996
161.692	227.670	45.083	88.074
172.388	228.920	42.969	82.046
175.646	231.267	48.550	73.790
192.688	235.183	44.501	70.645
216.968	235.840	40.722	72.376
227.187	230.235	43.504	71.974
240.806	233.825	40.807	78.459
250.575	238.296	49.295	76.089
273.394	240.213	49.326	81.167
298.135	247.404	41.440	95.446
309.880	267.560	49.897	110.909
333.544	262.346	55.247	121.977
320.399	261.242	57.228	124.496
307.101	273.122	65.409	131.721
341.423	246.219	52.415	124.822
338.570	254.692	56.491	127.730
316.783	272.100	54.977	114.895
302.707	260.540	52.641	116.624
211.170	269.372	62.348	116.418
267.528	260.110	56.434	119.310
282.412	251.533	66.331	127.257
238.288	264.082	64.355	111.191
187.629	268.413	63.697	119.451
151.725	274.332	66.052	111.613
131.512	278.878	57.629	119.590
110.702	276.471	57.808	113.118
90.304	280.445	56.155	123.117
104.719	289.287	53.798	111.701
117.184	292.837	57.851	112.184
128.354	296.591	59.128	108.814
140.019	297.679	60.577	113.681
150.960	297.747	62.731	112.504
171.750	295.059	64.430	125.583
184.097	295.725	66.812	125.577
198.980	301.210	65.608	125.994
212.359	304.043	67.629	127.783
225.741	310.746	66.251	126.425
238.291	314.553	70.671	126.450
250.320	322.221	75.934	123.727
263.622	330.523	75.972	122.154
277.632	334.111	77.417	122.066
288.363	336.013	86.081	127.516
