144.000	53.000	24.000	45.000
145.014	53.772	25.053	44.657
146.363	54.131	24.981	44.942
147.252	54.384	25.291	45.137
149.471	55.838	24.967	44.937
150.666	56.669	25.235	44.126
151.246	58.423	26.107	43.199
153.858	60.078	26.399	42.715
155.669	60.954	26.036	42.860
158.194	61.285	25.024	42.554
159.343	61.641	24.961	42.551
160.534	61.595	25.088	43.526
162.895	62.294	24.886	43.216
164.113	62.591	24.939	43.805
165.648	63.140	24.500	43.380
167.841	64.788	25.104	42.521
170.722	66.674	24.755	41.573
173.905	68.753	24.423	40.037
175.040	69.706	24.466	40.104
176.450	69.329	24.403	40.211
178.751	69.267	24.371	41.058
179.309	69.771	25.615	39.594
181.403	70.110	25.146	40.959
183.906	71.211	24.671	40.219
184.377	71.493	25.836	40.938
186.099	72.166	25.035	40.524
189.597	73.166	24.641	39.825
190.066	74.070	25.805	39.099
193.409	75.503	25.703	38.849
194.778	75.863	26.587	39.596
197.925	74.539	26.514	41.852
199.359	74.468	26.485	41.672
202.468	74.761	24.428	42.422
205.982	74.250	26.403	42.144
206.215	77.574	27.360	39.057
209.563	78.060	26.421	39.266
213.786	79.914	27.447	41.271
219.387	77.564	25.478	44.275
223.237	77.431	24.737	43.958
225.020	79.068	26.560	42.846
226.923	79.372	24.947	42.961
227.997	80.538	24.890	43.169
233.847	81.548	24.220	40.953
234.345	80.516	25.047	41.826
237.382	81.895	25.539	41.750
241.237	82.464	24.140	41.443
244.539	82.771	24.478	42.495
246.970	82.250	23.261	43.200
248.001	82.310	23.048	43.080
250.141	82.060	23.449	42.610
251.024	81.660	24.260	43.596
251.260	82.026	25.465	43.198
254.754	82.266	26.147	43.021
256.274	82.814	26.345	43.381
259.557	82.202	25.823	42.523
261.086	81.997	26.705	42.900
263.016	81.466	26.854	42.698
266.347	81.404	26.200	43.933
267.696	81.729	26.771	42.801
268.280	81.821	27.009	42.425
271.850	81.876	27.570	42.016
273.801	81.807	26.345	41.912
276.147	82.631	26.496	42.153
278.304	83.350	25.841	41.412
