394.000	60.000	20.000	47.000
393.436	58.723	19.542	49.144
391.572	59.852	20.297	47.350
391.105	59.853	19.820	46.859
390.461	58.974	19.700	47.348
390.088	58.328	20.166	47.326
389.145	57.948	20.680	48.510
388.515	57.680	20.626	49.279
388.176	58.338	20.961	49.091
387.889	58.478	20.513	48.533
387.486	58.544	20.527	47.669
387.418	58.255	20.694	46.908
387.069	58.032	20.884	47.747
386.856	57.861	20.001	48.466
386.165	57.561	20.286	48.678
385.768	58.043	19.833	48.663
384.515	58.404	20.045	47.918
382.812	58.014	20.285	47.830
381.507	57.380	20.735	47.902
380.611	57.487	21.171	48.252
380.246	57.617	21.015	49.450
379.303	57.271	21.395	49.101
379.101	58.218	21.587	48.616
378.529	58.702	21.761	47.319
377.642	58.959	22.141	46.599
377.310	58.043	21.351	47.691
377.147	57.544	21.007	47.799
376.475	57.788	21.246	47.055
375.930	57.612	20.989	47.753
374.500	57.808	21.298	47.854
373.420	57.796	20.441	47.985
369.622	57.536	20.906	46.690
367.757	57.824	20.657	46.053
367.841	57.801	19.264	45.802
366.455	57.586	19.751	46.559
366.091	57.252	18.723	46.887
364.586	57.269	19.621	45.145
363.964	56.803	19.343	46.450
363.669	56.608	19.026	46.451
362.602	57.280	19.076	46.697
361.619	57.831	19.085	46.080
360.117	57.803	19.761	45.555
358.672	57.141	19.532	46.097
357.165	57.444	19.730	47.186
355.862	57.318	19.835	48.197
355.069	57.221	19.707	47.132
353.968	57.432	20.101	46.381
354.015	57.569	19.574	44.891
354.054	57.525	18.806	44.813
352.818	57.160	18.674	44.793
351.994	56.729	18.334	45.159
351.705	56.478	17.950	45.533
350.119	56.870	18.608	45.347
348.879	57.487	18.579	44.962
346.821	56.860	19.196	45.725
344.843	56.385	20.068	46.158
344.590	56.236	19.270	46.370
344.406	56.285	18.646	47.031
343.993	56.333	18.798	47.001
343.406	56.317	19.243	45.908
343.096	56.444	18.819	45.565
342.959	56.623	18.324	44.616
342.842	57.484	18.549	43.446
342.483	57.010	18.429	43.710
