725.000	243.000	45.000	44.000
724.869	244.341	48.662	39.994
725.887	244.351	48.897	39.644
726.386	243.904	49.322	39.783
726.843	244.056	48.523	39.783
727.469	244.875	48.519	38.711
727.419	244.112	49.017	40.806
707.254	240.524	52.825	44.735
716.701	240.225	56.547	42.013
727.052	237.289	59.796	41.248
732.064	212.562	70.976	63.918
758.734	213.660	78.740	65.166
724.619	183.473	103.691	76.764
702.561	199.160	128.199	96.731
644.161	219.569	131.080	89.891
658.950	216.378	101.292	85.472
659.273	231.407	112.529	78.698
675.368	218.726	108.662	80.454
436.713	258.843	73.696	55.355
189.096	257.669	97.263	53.290
233.102	238.966	75.121	62.484
250.739	240.589	59.964	61.783
245.447	248.850	61.007	54.485
244.680	244.613	62.113	56.751
253.786	244.908	60.773	59.120
251.524	243.185	61.752	62.903
250.211	241.386	62.668	63.133
237.094	240.122	67.712	64.654
246.880	237.156	61.828	65.103
256.506	244.302	64.152	59.669
101.062	215.624	71.637	73.215
94.403	213.131	77.877	75.868
93.005	215.855	77.231	76.949
97.671	228.554	71.703	70.269
97.464	209.957	73.760	78.318
92.649	213.462	74.896	71.617
91.774	217.377	71.425	72.618
95.647	218.432	72.946	72.506
95.191	215.138	72.998	77.778
94.222	217.219	75.707	76.471
96.206	219.726	75.589	76.727
94.218	215.175	76.452	82.031
89.460	216.460	79.335	80.122
87.735	206.907	80.360	82.111
85.064	215.678	75.627	74.879
85.530	215.099	74.567	74.789
85.526	215.857	75.875	73.456
86.878	214.316	75.027	73.155
86.099	214.213	75.508	73.574
87.976	213.505	74.159	73.850
86.938	212.958	74.474	72.143
90.028	212.330	71.795	75.463
86.893	214.137	71.826	73.537
91.217	217.039	67.031	75.512
95.008	213.612	68.277	75.279
87.870	213.692	71.270	75.361
89.253	217.949	71.170	74.773
98.592	213.513	67.070	79.031
97.265	215.608	72.103	74.366
95.259	214.759	76.665	76.213
92.806	214.681	80.090	77.207
96.147	218.118	79.122	75.048
94.415	216.880	80.835	74.525
94.267	217.904	78.558	75.859
99.775	216.046	76.354	78.836
101.471	215.702	79.541	77.886
97.249	216.153	81.452	77.599
103.371	211.924	79.899	81.448
97.050	205.337	79.794	81.717
92.876	210.809	77.122	73.992
94.494	214.160	65.857	70.205
88.059	214.743	73.498	75.110
100.632	212.361	76.133	75.445
98.474	214.070	67.873	69.057
96.402	212.984	70.593	65.008
98.056	207.633	73.843	64.276
87.803	196.466	79.109	75.114
92.018	213.252	82.369	69.673
93.809	210.419	68.383	66.939
103.636	211.929	70.109	71.680
98.962	213.613	71.310	62.115
94.679	212.394	70.514	65.861
103.707	208.888	67.277	70.251
95.729	211.761	68.402	72.808
95.864	214.345	74.186	65.581
98.267	213.513	70.449	65.847
96.557	213.198	70.097	64.853
98.730	210.592	67.412	64.375
108.865	213.038	63.234	63.581
103.851	215.396	66.709	68.503
97.013	216.832	68.738	64.353
106.762	219.662	62.462	63.145
96.901	214.651	67.737	63.838
96.610	213.916	68.305	62.887
95.199	211.982	69.397	67.139
107.753	215.021	63.453	66.655
96.434	213.501	68.799	66.523
109.988	215.518	61.430	65.094
105.664	215.397	66.650	65.585
95.617	214.945	70.170	69.622
107.320	218.660	65.897	60.803
103.351	213.908	65.895	63.698
97.933	212.643	67.830	63.533
108.262	214.687	63.027	66.076
104.214	212.984	69.279	67.568
96.345	211.406	71.397	67.827
104.503	211.511	66.820	65.927
94.229	210.833	71.188	67.004
108.581	210.396	66.713	66.423
97.291	210.887	72.454	66.433
101.621	210.267	67.030	66.512
91.441	210.028	74.499	66.234
94.113	207.770	75.270	64.424
90.322	204.927	75.097	67.949
86.089	210.668	77.522	63.813
101.150	210.420	72.661	64.167
105.752	212.469	75.000	69.644
94.460	216.566	74.726	68.002
139.810	266.613	74.939	47.743
140.841	265.877	72.226	51.046
144.513	269.445	69.395	48.276
151.870	266.115	62.807	45.361
149.123	270.716	66.192	41.610
148.808	266.318	67.280	46.481
143.513	263.909	72.790	48.704
142.073	265.138	72.507	49.507
141.959	267.388	69.704	47.845
139.719	265.397	72.909	48.329
132.630	261.703	77.308	53.709
113.948	225.276	79.360	70.578
99.680	215.398	79.560	69.883
96.101	210.993	81.177	73.203
100.238	214.020	86.457	74.081
100.700	215.912	84.823	73.955
105.240	215.904	78.708	74.670
101.855	216.339	81.039	70.464
137.495	268.629	73.474	61.639
142.446	263.789	74.329	52.051
143.600	266.230	66.238	61.726
196.949	253.946	43.444	50.707
193.867	255.605	56.731	47.566
197.789	256.726	44.070	45.046
198.944	256.443	51.952	43.679
196.030	255.544	55.742	47.430
193.128	254.026	58.652	48.848
197.405	255.303	48.059	45.157
196.175	255.604	49.477	43.689
198.482	255.514	52.290	43.121
194.928	255.207	53.774	46.463
193.478	255.832	50.076	43.897
198.193	256.103	48.092	43.101
195.601	254.106	51.471	44.575
193.379	253.911	58.518	47.154
197.448	254.422	47.972	45.618
200.592	254.867	50.351	44.068
201.512	253.074	54.494	47.115
207.413	252.437	59.913	52.326
292.493	234.271	45.124	65.122
285.746	234.143	44.712	63.562
280.874	232.629	49.720	64.266
270.811	236.676	55.114	61.583
274.808	236.308	51.834	60.785
260.646	234.359	59.772	62.184
264.090	241.961	60.434	63.469
250.343	236.971	62.209	61.816
246.020	234.556	59.975	62.551
242.021	241.117	68.680	56.869
242.026	236.180	64.284	60.368
244.374	233.951	58.213	60.226
243.093	233.628	62.631	61.803
241.276	233.186	55.938	62.628
232.277	236.103	59.026	58.981
229.114	237.781	65.928	63.341
232.584	237.627	66.264	61.890
220.018	236.732	69.896	62.166
210.716	236.014	57.617	63.593
214.977	243.221	57.201	59.266
218.119	239.064	48.490	59.297
208.018	240.285	48.686	59.926
208.136	240.846	49.058	57.567
206.801	239.216	44.789	56.847
205.573	238.051	43.407	59.097
203.643	237.067	45.705	57.327
200.980	237.062	45.072	59.491
195.646	235.921	47.558	58.274
191.657	238.089	48.586	61.492
189.686	239.649	46.808	58.780
180.820	238.129	52.710	59.067
152.752	213.701	62.051	69.786
137.432	197.223	86.750	85.640
135.771	184.147	97.284	88.239
144.332	187.068	83.381	98.292
145.385	188.510	86.943	89.401
149.947	184.481	94.182	84.925
157.743	184.731	88.108	96.211
163.268	185.021	85.597	95.450
161.630	188.975	86.072	99.116
158.458	188.005	93.663	94.001
163.893	181.383	91.976	99.849
166.136	184.512	88.894	96.448
176.899	184.466	89.471	97.162
186.189	195.211	90.868	89.518
204.284	216.918	97.618	79.091
205.155	219.480	81.669	71.050
233.853	231.514	69.872	69.087
245.255	234.955	62.519	62.078
247.750	227.215	50.164	62.909
258.516	234.464	50.153	62.611
221.617	244.336	68.457	56.607
246.015	234.335	61.709	62.778
227.352	236.893	70.557	60.547
225.579	238.374	72.609	56.105
227.264	244.096	70.097	52.380
222.856	235.946	73.776	58.974
224.807	234.272	73.237	52.176
226.736	239.983	72.018	50.934
244.004	235.998	65.898	57.686
251.156	242.128	64.399	56.256
257.919	236.266	73.308	58.187
309.840	248.167	57.230	48.490
312.756	249.365	52.585	44.958
309.591	250.895	55.110	41.493
317.636	249.663	48.078	42.599
308.916	246.746	56.279	44.620
290.048	240.898	70.322	47.862
295.174	229.630	74.783	56.543
303.593	225.847	73.572	63.397
313.959	227.888	72.292	62.029
193.166	255.653	46.938	52.308
180.401	257.894	55.479	55.220
193.657	256.347	47.336	51.943
196.739	253.679	45.621	49.017
193.840	256.123	47.970	49.426
195.730	255.068	45.194	48.345
193.991	255.731	47.495	48.147
198.471	254.665	40.683	46.598
197.161	256.158	45.471	46.522
196.968	254.195	40.494	46.087
196.591	254.483	42.852	46.813
195.986	255.363	46.183	48.813
195.554	254.666	42.934	50.365
196.668	253.750	42.205	46.736
197.741	256.092	43.538	45.504
196.617	255.778	43.956	43.518
196.958	256.013	44.354	44.787
195.824	255.565	47.971	45.238
195.047	255.397	50.677	48.012
194.773	256.164	50.786	46.286
193.506	256.693	51.813	47.532
190.983	256.700	53.543	48.620
200.903	256.266	59.895	48.191
