785.000	332.000	58.000	104.000
767.506	327.327	56.882	106.033
750.849	323.948	55.508	106.484
732.934	324.397	56.637	104.512
717.000	324.324	57.710	99.978
701.095	322.406	52.541	101.396
683.644	319.162	51.801	103.562
666.774	317.845	52.823	102.686
650.600	318.534	50.574	102.029
634.214	317.524	51.764	103.138
619.368	316.785	51.282	102.215
603.912	315.219	51.094	102.640
587.944	312.579	51.884	103.391
572.985	310.324	54.215	104.054
560.365	308.959	53.948	102.346
549.967	306.170	52.768	101.088
540.211	304.513	56.213	100.225
535.484	303.487	54.865	100.646
532.854	302.113	53.101	100.283
532.288	299.314	51.356	100.135
528.477	300.075	52.450	100.146
525.783	297.697	50.062	100.802
520.369	297.757	50.502	100.294
515.009	297.376	50.815	100.256
510.311	298.387	49.559	97.434
504.955	298.985	50.308	97.241
496.400	300.269	51.129	95.621
487.927	300.865	49.593	96.042
480.190	301.670	51.557	96.905
478.471	300.372	49.768	97.269
475.285	301.736	48.290	95.672
470.045	301.457	49.162	96.540
463.648	303.417	49.212	93.817
459.744	303.163	48.887	93.401
455.666	303.998	49.496	94.845
454.294	302.352	49.268	96.289
452.963	303.202	49.678	95.390
451.059	303.541	51.160	96.286
449.588	303.749	50.968	95.871
450.228	303.588	49.973	96.548
449.467	305.164	50.271	95.167
449.517	303.957	49.517	96.856
449.078	306.132	49.315	95.929
372.618	300.275	61.042	101.314
446.268	304.211	53.432	98.686
449.348	306.855	47.793	95.792
450.033	307.821	47.322	95.902
449.761	307.629	47.537	95.198
449.402	308.067	47.731	94.686
448.596	306.899	48.312	94.655
448.185	307.228	48.530	95.105
448.034	306.818	48.836	94.761
448.898	309.051	49.348	92.045
448.356	307.373	50.326	93.259
449.789	307.573	49.072	92.834
449.818	306.459	49.541	93.003
450.653	306.990	49.473	91.792
451.848	306.628	49.069	91.471
453.284	307.295	48.219	91.732
453.894	304.889	48.899	93.527
455.487	306.120	49.538	92.482
457.530	305.650	49.113	91.470
459.537	305.324	50.422	90.734
461.881	305.253	50.866	91.107
464.016	303.183	51.458	91.908
467.992	302.421	51.384	92.033
470.920	302.428	51.611	91.212
474.115	303.120	51.304	91.334
477.346	303.520	51.104	90.187
481.384	302.898	50.061	89.328
485.500	303.884	50.363	91.226
489.944	305.511	51.527	90.717
493.788	305.946	50.095	89.996
496.979	306.389	49.892	89.902
499.971	306.894	49.852	89.460
503.175	306.923	49.173	89.739
505.578	307.204	50.016	89.153
508.023	307.760	49.586	89.745
510.326	307.712	49.805	89.183
513.704	308.250	48.889	89.027
516.135	309.648	50.035	87.420
519.608	310.777	49.784	86.620
522.506	310.371	49.212	86.585
524.553	311.073	49.828	86.674
528.029	310.732	49.195	86.976
530.451	311.120	49.913	85.855
533.431	310.808	50.889	86.119
538.034	310.011	49.708	85.731
540.067	310.307	50.800	85.865
543.185	310.316	50.893	85.845
546.311	309.014	49.977	87.139
547.441	310.328	49.624	86.485
548.244	310.415	49.145	86.088
548.819	310.526	48.331	84.977
548.289	310.606	48.497	85.554
548.370	310.609	47.983	84.465
548.643	310.821	47.192	84.300
551.527	310.530	46.874	84.056
551.441	310.508	44.872	83.303
552.227	310.019	43.152	83.739
550.856	310.603	44.762	82.442
551.812	310.110	44.457	84.205
552.196	311.477	46.305	83.361
554.380	312.135	46.330	82.446
557.462	312.338	45.342	82.040
560.234	312.785	45.520	81.496
562.975	315.082	46.885	80.247
567.859	315.091	45.861	79.556
571.843	315.474	46.706	80.825
575.061	315.736	49.763	79.640
579.502	315.917	49.591	80.343
581.585	315.772	47.850	80.603
582.685	316.109	48.557	79.158
583.607	316.310	47.854	79.255
583.523	316.431	48.952	79.125
582.134	316.147	49.192	79.493
581.668	315.127	47.707	80.142
580.204	315.526	47.533	79.761
577.673	316.019	48.530	78.515
576.431	315.830	46.984	77.739
575.239	315.948	45.147	77.542
574.552	315.479	43.846	77.904
571.974	314.774	46.297	77.407
571.998	314.170	44.958	78.460
572.978	313.409	45.008	76.468
572.547	313.229	44.441	75.827
572.528	313.021	43.616	76.334
573.843	313.149	43.799	75.872
574.295	312.889	42.164	76.820
575.397	312.685	41.363	77.775
576.824	312.988	43.714	75.948
579.523	313.410	43.188	75.623
579.969	313.310	44.340	76.730
581.597	313.515	43.900	76.591
581.427	313.964	44.959	76.702
582.238	313.859	44.540	75.635
584.564	316.454	44.910	73.154
587.570	316.084	44.546	73.739
590.861	315.618	44.220	74.305
593.916	315.873	43.437	73.037
596.500	316.499	41.735	72.599
596.742	316.753	42.058	73.488
596.898	316.768	41.814	74.802
597.226	316.842	40.769	75.256
597.762	317.526	40.664	75.481
598.301	317.473	41.384	75.749
598.848	317.979	42.374	74.504
600.131	317.944	40.961	75.910
600.911	317.283	39.493	76.211
600.504	318.083	39.425	76.672
597.832	318.447	41.359	75.386
597.258	319.096	41.969	74.611
597.943	319.272	40.848	75.234
598.575	319.729	40.751	74.374
597.737	319.821	41.258	74.731
598.473	320.710	40.856	75.715
600.382	321.658	39.732	76.088
598.733	322.404	40.643	74.537
599.347	323.319	41.206	74.903
597.685	324.029	44.592	74.692
597.993	324.522	44.770	73.494
599.239	324.556	44.940	73.017
598.472	325.177	46.443	72.928
601.254	324.898	45.201	72.802
604.384	325.081	43.433	72.873
604.341	325.252	44.178	72.534
608.607	324.330	41.337	74.008
612.962	324.766	38.502	73.794
614.761	324.384	37.146	73.963
616.385	324.817	36.170	73.378
617.276	323.905	35.548	73.533
616.794	323.577	35.073	74.142
614.672	323.043	35.872	73.003
613.871	321.710	36.147	74.633
610.149	322.618	36.420	73.800
608.189	321.916	35.576	73.802
606.285	321.890	34.929	73.074
605.529	320.974	35.239	73.210
603.258	320.283	38.067	72.560
603.468	319.325	36.736	73.022
601.311	319.403	35.429	72.774
599.923	319.694	35.574	71.070
598.755	320.808	35.053	69.624
597.009	320.152	35.910	70.701
595.711	320.570	36.160	68.898
595.779	320.039	35.182	71.311
595.414	321.281	36.033	69.487
595.286	321.019	36.201	70.510
595.243	321.526	36.268	69.940
593.927	320.991	36.734	69.799
592.243	321.265	37.997	69.675
590.920	320.700	37.722	69.358
590.897	321.172	37.435	69.960
589.076	320.934	38.667	69.941
585.018	320.809	40.548	69.530
581.555	321.508	42.271	69.888
578.523	320.686	43.353	70.698
578.155	321.598	42.252	69.510
579.519	322.656	39.252	67.766
576.768	322.536	40.618	68.058
579.138	322.136	38.388	68.570
575.324	320.768	40.003	68.770
576.969	321.050	36.586	69.504
575.784	320.272	37.043	70.756
574.694	321.227	36.920	69.929
573.240	321.321	37.760	70.650
571.247	321.335	39.592	70.483
569.156	320.044	40.835	71.887
570.437	320.703	39.907	71.356
569.478	319.920	40.865	72.825
564.642	320.482	45.376	73.411
558.234	320.812	48.689	72.637
561.760	321.656	44.752	72.130
562.498	320.080	43.256	73.609
563.601	321.863	42.028	71.690
564.190	322.165	40.546	72.333
561.592	323.271	41.198	71.456
561.538	324.152	40.117	70.077
560.075	324.789	39.811	68.998
557.629	323.761	40.955	69.709
612.650	326.177	41.154	75.808
610.109	325.795	49.416	75.824
610.159	325.665	45.503	73.215
607.927	325.603	44.157	74.476
602.309	324.947	45.513	75.365
597.562	325.614	48.991	73.304
596.025	326.482	49.080	71.960
592.990	325.800	50.385	72.668
590.862	326.194	51.262	72.177
589.738	325.555	51.142	71.502
589.637	324.132	48.023	75.112
587.380	323.258	47.292	73.050
585.179	321.595	45.366	73.640
583.023	320.995	44.432	73.808
578.530	319.943	45.837	76.107
576.588	320.073	44.040	76.120
571.204	318.570	45.798	76.504
564.296	319.533	48.056	75.395
560.023	318.782	53.461	76.276
558.943	319.191	54.661	75.767
556.339	318.640	53.328	76.909
556.498	318.526	51.050	76.010
553.761	317.015	51.422	76.367
551.547	315.634	48.461	75.728
548.486	316.399	46.125	74.462
548.942	316.240	43.894	73.971
546.389	315.400	40.301	75.437
544.556	313.789	41.822	75.687
541.064	314.841	40.584	75.497
536.275	313.161	44.858	78.023
531.150	314.523	48.787	76.088
530.642	314.078	49.472	76.522
530.360	314.216	49.675	76.453
531.302	313.586	49.193	77.005
529.117	313.586	51.608	77.239
530.257	315.498	49.141	75.478
528.291	314.425	47.786	74.506
530.061	313.954	44.682	73.629
528.280	315.630	44.013	72.659
528.296	313.363	41.238	75.533
526.195	314.171	42.674	74.891
521.709	312.951	45.746	76.510
518.262	312.944	47.800	75.518
514.097	312.581	51.391	75.849
514.917	315.278	52.176	76.584
511.309	313.777	54.434	75.984
507.038	312.201	61.213	78.316
506.588	312.316	60.113	78.527
508.083	311.652	57.006	78.696
510.189	316.864	52.481	75.848
512.718	313.243	47.370	77.630
510.914	313.951	46.698	78.075
508.834	313.207	47.180	80.177
508.849	316.063	49.161	77.529
509.468	317.665	49.262	75.681
510.759	315.369	49.544	78.849
512.896	316.907	52.118	74.713
515.252	312.744	47.575	80.137
516.850	312.846	49.888	76.695
519.346	312.675	47.780	75.818
521.592	312.835	47.971	77.564
519.914	308.728	45.616	79.974
523.469	309.455	50.272	81.098
525.583	311.721	49.325	78.270
579.890	318.352	41.128	70.652
575.573	318.333	44.266	72.206
521.622	311.720	49.315	79.401
516.246	312.632	50.730	78.505
514.687	312.346	50.903	78.955
512.875	312.391	53.429	79.400
512.071	313.318	55.736	79.754
512.150	313.830	55.369	79.649
513.844	315.008	54.242	78.768
514.391	314.832	52.694	80.279
514.234	315.174	50.477	79.738
514.930	315.693	47.003	78.060
514.926	315.299	44.847	77.904
516.358	315.397	42.292	77.321
515.333	315.994	42.050	76.716
514.252	315.921	39.979	76.574
512.064	317.170	41.488	74.945
512.669	315.948	39.395	75.569
509.069	317.147	45.430	74.261
509.993	316.338	46.410	75.229
511.987	316.109	47.758	75.540
515.932	316.124	51.597	75.151
520.483	316.446	48.932	76.241
522.731	317.600	49.530	74.845
525.600	318.147	50.236	75.122
527.059	318.751	49.549	75.135
527.146	318.591	45.240	75.531
528.029	319.239	42.861	76.067
526.589	320.358	44.505	76.374
523.055	319.754	47.167	75.872
518.318	320.625	51.966	75.696
516.434	321.374	52.607	75.104
514.221	320.953	52.561	75.823
513.253	320.499	53.042	76.646
512.223	320.522	51.920	76.442
511.025	321.531	51.326	75.226
509.798	320.993	49.267	75.017
508.750	320.549	46.977	74.623
508.338	320.300	44.331	74.092
505.437	320.174	44.575	73.745
502.174	319.949	46.561	73.693
499.125	320.167	48.440	73.722
497.546	319.454	50.372	75.823
497.107	320.167	48.446	74.832
498.538	321.299	47.920	73.489
502.589	321.397	45.706	74.073
503.435	322.032	44.882	73.884
504.419	323.119	45.870	73.443
504.237	323.160	45.993	73.117
503.106	323.543	45.933	72.961
507.191	324.916	44.497	71.098
496.406	322.996	46.175	71.556
504.228	322.177	47.266	75.340
502.986	322.990	49.458	74.942
503.969	323.471	49.167	75.162
500.853	324.716	51.678	74.728
488.201	324.991	50.397	73.846
489.469	325.324	44.818	73.429
487.739	326.464	46.185	73.516
490.813	326.120	52.068	74.344
494.320	325.289	55.138	75.506
496.561	325.271	51.357	76.299
494.685	326.062	48.492	75.850
496.754	326.388	42.617	74.666
497.321	327.007	40.285	74.014
495.845	327.111	40.619	73.678
490.029	328.176	40.315	73.422
491.229	327.600	37.915	73.334
485.579	327.886	40.290	74.408
479.894	332.235	41.596	71.719
477.868	333.949	43.266	75.154
474.721	339.932	40.468	77.424
463.549	349.077	44.546	77.278
454.147	355.385	42.016	78.173
447.533	356.212	40.835	77.165
444.829	355.548	40.757	78.128
444.552	347.767	38.924	80.917
442.619	342.578	41.095	79.993
445.978	335.566	40.317	77.171
451.476	330.691	35.607	74.242
450.098	328.040	37.141	74.728
446.191	327.040	37.892	74.643
437.248	325.982	42.391	76.157
434.976	325.360	43.059	76.823
437.222	323.703	43.569	77.992
437.187	322.564	46.654	79.216
433.677	322.568	48.458	79.806
431.269	323.760	47.899	79.051
423.394	320.234	47.378	82.443
421.623	320.745	42.674	80.630
419.605	315.100	42.837	85.421
419.569	313.097	44.340	84.631
421.808	308.475	46.459	82.941
424.001	307.589	44.378	79.308
424.592	306.471	44.559	77.487
426.767	310.309	41.156	76.444
425.629	309.372	40.381	78.332
425.743	308.744	39.431	79.702
420.920	308.594	42.471	79.804
413.882	308.686	47.933	78.295
411.904	303.790	49.740	82.105
410.689	301.329	52.194	83.635
411.884	300.721	51.933	82.924
413.279	300.112	52.214	83.749
414.200	300.123	50.563	83.052
412.656	300.021	50.355	81.564
406.756	297.694	49.532	78.659
402.891	297.017	53.189	74.899
399.986	289.359	53.597	78.512
408.882	289.888	50.288	76.681
408.845	286.278	47.245	79.053
407.612	285.305	46.558	78.782
404.058	285.819	46.617	78.511
404.211	285.619	41.854	79.847
400.773	286.711	44.219	78.611
397.347	288.126	42.393	77.803
392.720	287.447	42.948	79.922
391.585	289.918	44.971	73.050
387.003	292.454	46.847	71.026
382.562	295.815	47.172	68.179
386.067	292.404	43.672	72.715
387.323	289.233	44.591	75.194
381.297	294.106	47.487	70.205
383.657	292.491	46.236	71.871
375.478	294.638	51.099	68.609
373.438	298.382	48.695	66.190
379.640	293.572	44.737	72.306
367.506	298.497	51.459	70.369
370.908	294.540	47.472	73.966
373.277	298.195	47.118	69.568
363.110	295.824	50.475	71.953
362.176	297.504	51.393	69.218
358.801	297.796	54.987	69.158
361.201	298.202	55.834	71.305
351.705	298.060	52.195	70.901
357.407	297.826	52.686	72.085
356.993	297.574	52.332	73.430
356.188	298.030	44.528	72.270
355.743	299.066	42.627	69.522
354.564	299.321	41.547	68.613
354.932	297.989	41.074	69.472
352.829	298.227	42.018	69.876
352.038	298.182	47.059	68.611
347.372	297.087	47.734	68.268
351.340	296.716	45.148	70.273
349.037	297.722	44.931	66.951
386.387	299.991	51.792	66.872
391.407	299.015	48.982	69.382
395.923	298.630	47.670	66.480
402.394	297.511	43.200	67.291
405.679	297.115	45.082	67.400
410.119	295.697	45.492	68.233
415.202	295.580	44.232	68.360
418.668	296.776	44.285	66.283
421.919	298.623	44.279	64.583
422.022	300.643	47.710	63.599
420.707	308.797	49.100	63.338
420.036	307.908	53.855	65.046
426.359	308.003	51.463	64.718
428.199	310.039	52.195	64.160
433.706	311.615	53.457	63.458
437.512	311.040	51.460	62.717
437.646	312.485	52.290	61.496
443.214	315.334	46.834	58.143
446.705	320.346	46.120	53.536
447.736	319.286	51.662	54.175
481.402	313.724	48.474	60.735
480.244	312.659	50.017	63.639
524.985	318.508	57.146	63.522
525.506	322.591	62.154	61.153
534.445	323.759	57.155	59.414
539.981	322.716	50.932	59.225
541.935	320.737	51.919	62.537
543.143	317.464	53.603	63.849
546.706	320.525	50.933	62.103
539.650	318.036	56.195	62.704
545.078	319.537	52.479	61.039
550.689	320.011	46.978	58.892
554.676	319.246	45.198	61.313
563.029	318.237	40.007	60.965
559.250	315.107	46.702	65.365
558.917	312.593	53.477	70.030
563.833	314.313	51.439	65.846
577.270	312.213	48.465	68.188
567.924	311.269	60.221	68.530
548.555	313.272	47.879	65.541
538.487	311.165	58.510	67.016
527.488	312.554	53.664	61.728
531.584	313.101	47.013	63.469
536.810	313.238	43.290	62.647
538.479	313.008	38.047	62.014
587.582	311.833	36.099	68.572
592.762	312.033	45.141	70.598
594.308	312.432	46.518	69.784
594.784	310.061	49.544	72.304
596.120	310.430	51.663	71.048
598.418	309.303	51.037	72.140
602.842	308.411	46.598	72.189
660.206	317.575	44.962	65.059
659.368	316.573	42.862	65.589
620.475	313.670	41.524	68.389
622.187	313.081	43.687	68.404
630.927	311.956	45.559	69.674
631.680	312.413	43.811	69.127
635.342	313.780	42.133	67.689
633.139	314.155	52.211	67.703
636.136	314.710	50.542	68.381
646.261	315.461	55.358	68.386
663.899	316.149	45.201	66.695
666.572	316.716	41.113	67.147
665.407	317.378	42.358	65.904
662.281	316.706	49.913	65.913
668.843	318.480	40.711	63.774
668.835	316.216	45.187	67.245
664.017	316.748	46.860	66.386
667.307	317.135	44.188	66.705
665.523	316.495	45.963	67.740
656.655	316.028	53.550	69.491
663.455	317.050	39.854	67.938
663.556	315.767	37.772	68.768
667.174	316.162	38.228	66.477
655.914	313.919	38.639	69.433
650.838	313.566	42.062	67.538
644.806	312.312	40.965	69.101
630.574	310.198	45.494	71.522
631.615	308.471	43.856	72.783
626.461	308.280	45.097	71.878
625.086	307.482	44.208	73.352
616.109	304.997	47.534	75.492
613.414	304.907	46.311	74.856
616.923	304.222	41.502	74.245
614.878	303.827	40.928	75.823
618.130	305.662	36.881	75.161
611.323	305.634	42.403	74.176
601.920	306.315	48.463	73.920
612.452	304.760	45.109	75.251
606.435	305.820	49.455	73.587
616.955	303.518	41.084	74.755
611.596	303.334	47.073	74.006
617.660	302.404	44.434	74.932
619.197	304.710	46.942	71.996
619.551	303.633	49.903	72.581
629.205	306.485	44.063	70.426
634.158	309.954	41.891	68.307
633.141	308.989	44.590	68.966
637.949	309.775	44.879	67.878
626.549	305.984	58.614	71.106
647.068	309.347	45.186	68.645
658.088	311.356	39.494	66.270
660.940	310.692	38.791	65.335
661.886	311.168	43.205	65.748
667.661	311.360	38.437	67.758
671.442	311.628	36.234	68.067
672.701	311.854	37.345	67.803
673.700	312.952	38.673	66.819
674.298	313.577	40.289	66.154
676.019	313.518	40.003	66.506
676.941	313.863	40.158	66.703
677.849	314.555	41.086	65.874
678.429	314.399	40.938	66.072
682.011	313.407	40.182	66.974
684.150	313.367	39.905	66.810
686.740	313.418	40.154	66.806
689.421	314.461	38.986	66.382
692.264	313.755	40.188	66.999
694.042	312.594	40.569	68.560
695.939	313.520	37.465	68.332
697.012	314.255	38.984	67.896
697.690	314.418	39.912	67.774
698.601	314.426	39.872	67.547
699.028	313.823	40.363	68.216
700.459	314.373	40.592	68.221
703.276	314.068	40.692	68.853
704.787	313.641	41.510	69.611
708.511	314.200	41.027	69.087
713.407	313.721	39.800	70.211
716.828	314.015	39.372	69.681
717.677	314.562	40.440	69.484
721.110	315.032	38.051	69.239
723.060	316.017	37.841	68.789
724.462	316.371	38.520	68.348
726.197	316.018	39.570	68.857
726.905	316.090	41.813	68.516
728.257	316.214	42.963	68.363
730.578	316.593	42.186	68.434
733.283	316.984	42.074	68.130
734.972	317.475	42.604	68.335
737.775	316.871	41.182	68.827
740.512	317.446	40.170	68.144
744.005	316.599	39.735	69.195
747.392	316.888	39.326	69.279
750.096	317.123	39.127	69.144
752.057	317.123	39.174	68.624
754.379	316.911	37.816	68.459
754.710	317.048	40.050	68.298
755.738	316.960	41.875	68.438
754.502	316.820	46.551	68.711
754.678	316.914	46.344	68.871
754.904	316.746	46.828	68.898
755.778	316.499	47.503	68.981
758.355	317.204	45.046	68.621
761.595	316.613	43.212	69.458
765.697	316.735	40.901	69.664
770.079	317.247	39.208	69.012
774.418	316.730	38.473	71.195
777.726	318.124	37.916	69.628
779.060	317.435	39.796	69.654
781.052	318.003	39.421	69.753
783.235	317.707	39.229	70.315
784.719	317.583	41.612	70.688
784.496	317.826	42.597	70.846
784.829	318.350	43.254	70.368
786.113	319.018	43.850	70.112
786.488	318.357	44.406	70.775
787.585	318.646	44.198	70.693
789.560	318.691	42.877	70.798
791.503	317.914	40.834	71.194
793.558	316.557	39.327	73.790
794.550	317.402	42.322	72.268
797.085	316.146	42.128	73.347
801.725	316.177	39.457	72.645
806.211	314.511	39.333	74.160
812.204	315.402	40.849	72.021
821.090	317.043	41.336	71.208
829.279	318.300	44.006	69.946
835.114	316.738	44.409	71.784
838.056	316.145	45.328	73.634
839.704	318.577	44.978	72.521
838.202	320.647	46.497	71.143
838.627	319.770	43.179	72.570
838.401	320.145	40.730	72.071
836.461	321.735	42.745	70.152
838.142	320.891	39.593	70.791
841.828	319.737	46.333	71.498
854.415	319.047	42.132	72.600
853.616	317.938	40.457	72.990
854.901	317.749	39.586	74.053
851.726	318.709	40.995	72.870
850.971	319.357	44.128	72.347
853.285	319.559	42.933	72.839
854.222	320.588	44.630	72.101
855.609	320.974	45.070	71.789
858.163	321.523	44.333	70.804
861.171	320.799	43.666	72.132
863.966	320.870	43.676	71.442
866.669	320.697	44.267	71.814
865.853	320.214	36.095	70.726
865.543	321.840	36.913	68.776
866.474	323.511	38.064	70.066
866.264	323.566	34.251	69.157
867.424	324.576	32.777	67.800
866.635	324.154	33.860	68.295
865.403	324.809	34.277	67.609
864.973	325.222	33.689	66.506
861.738	324.532	37.464	66.348
859.704	324.483	36.167	66.343
857.323	323.652	37.776	64.944
856.143	322.774	38.351	65.848
855.415	321.695	42.037	68.173
856.307	321.410	40.973	68.636
857.536	320.816	40.380	68.991
857.597	323.808	41.840	66.971
856.554	324.675	42.018	67.612
856.501	325.008	41.067	68.125
857.422	325.003	40.768	68.660
858.327	325.133	40.476	68.787
858.277	326.806	41.604	66.881
857.462	326.948	43.466	67.222
857.767	327.342	43.404	67.842
857.135	327.723	42.790	66.874
857.618	326.836	41.904	67.083
856.209	326.035	40.918	67.012
852.965	326.473	40.389	66.396
851.672	325.191	38.585	67.248
851.424	327.074	36.477	64.907
851.541	327.644	34.602	64.335
851.189	327.216	35.283	64.900
849.858	327.597	36.440	63.930
809.020	324.868	39.227	65.923
810.279	323.946	37.215	66.267
812.079	325.586	39.029	65.198
813.246	325.858	39.006	65.289
814.628	326.843	40.605	65.141
815.783	325.542	42.877	65.925
820.432	324.912	43.875	68.056
820.292	325.300	48.048	69.125
823.148	325.626	46.727	70.634
826.140	327.906	44.942	70.339
828.412	328.029	46.539	70.696
830.620	329.092	43.548	70.942
831.426	330.246	41.092	70.050
833.768	330.473	40.047	69.696
822.270	329.282	40.606	68.104
826.756	328.888	41.410	70.306
822.885	328.982	37.988	68.880
828.958	331.216	39.777	68.973
833.549	330.706	41.015	71.363
832.660	331.360	37.209	70.771
836.602	333.040	38.013	69.994
836.563	333.878	35.611	68.990
842.168	333.441	38.030	70.773
842.954	332.499	38.079	71.619
844.996	333.608	37.917	71.245
846.782	335.815	41.864	70.826
842.426	336.405	41.606	68.092
841.802	338.226	39.735	65.329
841.546	338.171	38.882	65.768
842.401	338.014	41.245	67.851
844.825	338.757	38.727	66.834
843.106	339.016	40.257	66.949
842.343	338.472	43.411	68.076
850.630	336.870	47.610	71.456
837.277	337.061	44.635	69.959
840.266	336.995	36.895	68.634
841.154	337.500	38.659	66.893
844.935	338.548	36.197	66.070
846.451	338.634	35.230	65.528
847.357	338.389	35.956	65.782
848.785	337.786	36.054	66.257
851.732	337.467	35.487	66.376
853.805	337.536	35.971	66.259
855.285	337.092	35.782	66.387
856.334	337.342	35.465	66.227
857.180	336.668	36.263	66.917
858.994	336.226	35.035	67.077
859.794	337.024	34.773	66.746
860.091	338.249	34.743	65.839
860.132	336.958	35.100	67.055
860.548	337.124	34.392	66.378
862.718	336.052	34.675	67.623
863.554	338.330	35.229	67.301
864.095	341.365	37.710	64.907
860.912	340.618	37.293	66.364
859.991	342.748	37.624	64.863
858.648	340.799	37.360	66.191
774.015	324.931	23.806	78.468
753.339	324.286	45.737	78.093
753.566	323.038	45.913	78.307
756.233	323.574	44.570	78.601
758.510	323.887	42.899	78.869
759.719	324.015	43.710	78.346
760.942	324.638	45.315	78.294
762.970	324.823	46.028	76.693
765.747	325.631	45.079	76.060
766.625	325.873	46.214	76.241
768.102	326.703	46.947	76.575
767.128	327.432	47.890	76.448
767.519	328.695	48.157	76.066
767.443	328.237	49.328	76.343
766.727	328.050	49.841	76.123
767.415	327.646	50.537	76.894
772.102	327.112	50.537	77.641
778.016	326.835	46.836	77.809
782.808	327.252	45.362	76.982
788.614	326.540	43.466	76.997
793.072	325.488	41.328	78.443
797.119	325.188	39.562	78.581
799.761	325.841	40.012	78.551
803.164	326.432	39.029	78.628
805.629	326.043	41.603	78.823
805.745	326.739	44.924	78.310
808.551	325.849	45.674	79.660
812.658	326.224	45.251	78.618
817.020	324.502	44.576	79.682
819.397	323.156	43.358	80.453
821.859	322.014	43.725	81.600
824.039	321.672	44.925	82.102
828.623	323.632	43.861	80.567
833.131	324.955	41.651	80.099
836.521	325.645	39.817	80.256
838.748	326.076	40.122	80.155
843.113	326.260	38.848	80.916
846.158	326.516	38.769	79.733
848.425	325.665	39.162	80.400
847.938	325.594	42.723	81.197
850.198	326.338	42.286	80.164
851.560	326.910	43.544	79.658
852.627	326.511	45.098	80.080
854.753	327.967	44.039	79.106
857.342	329.217	42.115	78.789
857.268	328.443	42.948	80.188
858.396	329.184	42.187	79.821
858.307	329.311	42.573	80.450
857.422	330.147	42.724	80.277
857.471	329.948	42.606	79.572
858.207	329.835	42.000	78.756
860.094	329.340	41.616	80.004
860.435	328.206	41.260	81.500
859.817	330.397	42.627	78.945
860.506	329.750	42.626	78.863
859.782	330.711	43.258	77.535
858.998	329.747	43.646	78.157
862.428	330.272	40.141	77.954
862.809	329.742	40.094	79.255
863.973	330.442	40.013	77.402
864.906	330.335	39.591	78.288
864.796	330.684	39.398	78.094
859.357	331.775	44.478	76.289
865.300	330.451	39.169	76.863
862.688	331.334	42.081	76.556
865.027	330.222	38.987	76.630
862.564	329.462	39.980	79.333
863.135	330.111	38.815	78.075
860.525	330.759	39.547	75.834
803.639	328.536	40.762	72.229
807.100	327.507	40.168	72.745
856.687	330.427	46.070	78.124
849.963	330.944	45.691	75.312
808.977	330.367	41.616	70.718
810.251	331.083	43.661	69.952
853.320	331.165	45.213	75.379
856.608	331.920	40.671	75.482
855.714	332.448	39.692	75.976
853.658	332.145	40.630	75.112
852.317	332.228	41.965	75.662
850.952	332.719	40.571	75.092
846.646	332.086	37.795	74.080
840.835	331.390	40.947	74.193
843.842	332.560	37.913	74.796
831.988	331.666	42.668	73.277
821.536	329.943	44.408	74.771
825.539	329.924	45.266	76.157
825.990	330.362	45.649	75.313
829.619	331.486	42.002	74.550
832.374	331.859	39.654	74.734
832.777	332.534	40.138	74.461
832.456	332.694	40.585	74.298
831.808	332.437	41.830	75.397
830.901	331.626	39.080	75.408
830.341	331.830	38.788	75.224
827.986	332.634	38.368	74.756
825.902	332.160	39.616	74.851
823.044	331.654	40.642	74.787
821.482	331.722	39.834	74.473
819.293	332.118	38.976	74.532
816.019	330.818	44.852	74.336
811.286	330.971	47.975	74.106
809.290	331.006	49.648	74.006
805.217	331.887	51.325	73.461
805.005	331.650	49.563	73.672
804.846	331.590	47.268	73.606
803.646	331.640	46.393	73.561
803.523	330.176	45.665	74.981
803.400	331.204	44.544	73.959
802.575	329.649	42.415	74.110
865.284	333.568	41.709	75.228
865.049	335.249	40.652	72.706
865.476	335.059	40.761	73.336
864.968	335.359	42.125	72.705
863.035	334.307	42.743	74.316
863.194	335.527	42.491	73.213
868.160	335.037	39.322	73.377
867.812	334.510	38.075	72.963
869.452	334.822	38.338	72.784
870.193	334.093	39.110	73.159
873.810	333.626	36.181	72.651
