250.000	140.000	25.000	57.000
251.642	140.091	25.269	57.496
252.868	140.379	25.529	58.393
253.355	141.253	26.149	57.323
254.699	141.488	26.353	57.778
256.003	142.073	26.195	58.491
261.891	146.554	26.528	60.115
261.568	146.998	26.918	61.609
262.140	147.789	26.623	61.457
263.044	149.154	26.342	61.351
263.351	150.192	26.524	61.489
263.138	151.253	27.009	62.469
263.158	151.933	27.249	63.167
263.254	152.549	27.343	62.858
262.838	153.577	27.943	63.117
262.965	154.345	27.867	63.475
262.830	155.303	27.922	63.547
262.435	156.100	28.283	64.371
262.329	157.060	28.510	64.351
262.350	157.735	28.510	64.836
262.348	158.259	28.086	65.902
262.213	158.697	28.181	67.318
262.155	159.839	28.262	68.235
262.119	161.722	27.977	67.591
261.656	162.705	27.575	67.582
261.202	163.750	28.007	67.788
260.421	165.767	28.290	68.591
259.299	167.063	28.674	68.690
258.244	168.497	29.007	68.967
257.493	170.280	28.606	68.065
257.146	172.870	30.092	68.239
255.121	173.477	32.388	70.219
253.242	174.398	33.307	72.168
251.886	176.393	33.454	72.953
251.003	177.785	33.885	72.883
249.884	179.581	34.865	73.346
249.716	181.182	33.834	73.294
249.238	182.954	34.212	74.726
249.020	184.226	33.426	74.134
248.754	186.936	34.916	74.004
248.733	188.858	34.705	73.678
248.531	190.036	35.286	73.579
248.596	191.078	35.181	72.728
249.581	192.228	34.117	73.059
249.335	193.592	34.908	72.996
248.863	194.212	35.207	73.073
250.202	195.710	35.118	76.408
250.304	196.754	35.164	75.558
250.938	197.122	35.209	77.700
251.092	197.724	35.668	80.069
251.461	198.884	36.322	81.334
251.793	199.999	36.234	82.301
252.145	201.485	36.043	83.662
251.840	202.283	36.988	83.835
252.400	203.739	37.518	85.214
253.017	205.478	37.066	85.741
253.335	206.131	36.667	86.327
253.998	207.961	37.209	86.857
254.415	209.113	37.480	87.585
254.744	210.221	37.870	87.739
255.230	211.313	38.251	88.123
255.946	212.356	38.500	88.809
256.804	214.100	39.460	88.787
258.262	215.123	39.295	90.058
258.728	216.922	38.798	89.178
260.022	217.535	39.612	90.282
260.993	218.635	39.455	90.528
262.550	219.388	40.061	92.136
264.242	221.006	39.979	92.897
264.949	222.217	40.588	91.575
267.357	222.639	40.254	93.746
268.862	224.682	41.507	93.841
270.390	225.666	40.820	93.651
272.383	227.191	41.429	94.478
273.526	228.255	41.920	94.894
275.780	229.800	42.351	95.689
276.739	230.152	42.933	96.814
278.324	231.313	43.989	98.047
280.225	232.622	44.591	99.009
281.901	234.126	44.923	100.176
283.653	236.149	44.417	100.289
284.600	238.055	44.450	101.269
285.542	239.653	45.318	102.324
285.877	240.504	45.993	103.627
285.772	242.379	45.564	104.088
286.310	245.096	43.435	105.144
285.999	247.919	43.616	106.041
284.943	249.832	44.091	107.318
282.959	251.865	44.709	108.930
281.822	253.714	45.602	109.052
279.363	255.593	46.747	109.291
276.030	258.804	47.907	111.237
274.006	261.343	48.489	113.123
273.220	262.564	48.493	114.383
272.372	263.766	48.559	114.966
