220.000	235.000	15.000	45.000
220.496	234.752	15.618	45.995
220.517	234.676	15.805	46.602
220.566	234.608	15.904	47.490
220.353	234.885	16.202	46.954
220.508	234.901	15.774	46.833
220.512	234.561	15.403	46.870
220.552	234.463	15.251	47.319
219.910	234.561	15.925	46.726
220.094	234.683	15.402	46.806
219.905	234.608	15.592	46.467
219.991	234.640	15.505	46.476
220.385	234.608	15.212	46.632
221.148	234.943	14.926	46.173
221.564	234.715	14.852	46.849
221.851	234.431	14.808	47.435
221.737	234.463	14.963	47.826
221.534	234.399	15.291	47.312
221.066	234.259	16.531	47.380
220.560	234.223	17.466	47.561
220.103	234.515	17.585	48.246
219.361	234.677	17.619	47.699
219.223	234.296	17.433	47.854
218.716	235.174	16.665	47.701
219.118	234.903	15.476	47.428
218.350	234.599	15.706	48.154
217.836	234.925	15.819	47.860
217.994	234.624	15.413	48.622
217.122	234.925	16.226	48.792
215.736	235.789	16.424	48.695
215.935	235.895	16.530	49.485
214.994	237.239	16.731	48.816
214.155	237.577	16.540	48.517
213.317	237.243	16.250	48.567
213.045	237.538	15.841	48.415
212.594	236.994	16.418	48.306
212.351	237.684	16.215	46.947
212.110	238.196	15.863	46.918
211.524	238.508	16.637	47.396
211.991	238.625	16.192	47.638
211.937	238.293	16.441	47.822
212.066	238.181	16.444	48.553
212.248	238.195	15.954	48.497
211.978	238.387	16.031	48.448
211.594	239.489	16.124	47.280
210.246	239.846	17.459	47.188
209.823	239.172	17.444	48.134
209.863	238.597	17.079	48.391
210.006	238.577	17.158	48.049
210.508	238.996	17.160	48.341
211.638	239.374	15.465	47.834
212.613	238.960	15.551	49.635
213.164	238.979	14.816	48.749
213.376	238.927	15.158	48.399
213.465	239.722	15.305	48.199
213.230	240.682	15.461	48.110
212.741	240.360	15.709	49.300
213.183	240.069	15.727	50.173
212.825	240.235	15.592	49.328
213.023	239.845	15.109	48.534
213.334	240.094	15.053	49.457
213.749	240.645	14.912	49.345
214.153	240.637	14.627	49.173
214.297	240.191	15.516	49.196
215.138	240.020	16.334	50.489
215.386	240.375	17.328	49.662
215.165	240.175	17.425	50.034
214.789	240.535	18.820	49.320
215.147	241.910	20.130	48.570
215.299	241.783	19.984	49.824
217.050	242.002	19.089	49.723
218.263	241.182	18.169	48.777
222.524	242.378	18.119	49.321
223.543	241.126	18.041	51.236
223.407	242.506	18.478	49.122
223.223	242.806	19.286	49.018
223.669	243.305	19.116	50.777
225.127	243.323	18.566	51.336
225.451	242.971	17.833	51.165
225.565	242.720	17.995	50.787
226.256	242.753	16.911	49.770
226.696	243.146	16.465	50.266
226.802	243.373	16.901	49.994
227.288	243.595	17.452	49.998
227.067	244.089	17.165	50.088
227.703	243.819	17.683	51.217
226.879	244.051	18.265	50.386
227.052	243.778	18.362	51.620
225.907	244.640	18.997	50.273
225.759	244.570	19.718	50.617
225.781	245.004	19.612	51.370
225.038	244.834	19.663	50.598
224.992	245.387	20.337	50.951
225.124	245.153	19.542	50.741
225.189	245.257	20.295	51.157
225.288	244.991	19.258	51.682
225.252	245.063	19.460	51.613
225.778	245.801	19.957	51.248
225.919	245.037	19.520	51.786
225.633	244.505	19.082	52.414
226.201	245.158	18.856	51.013
226.621	245.270	19.078	51.597
226.535	245.904	19.510	51.567
226.141	245.596	19.621	52.266
226.562	245.584	19.878	51.987
227.081	245.409	19.631	51.907
227.484	245.666	19.671	51.864
228.201	245.479	19.155	52.266
228.192	244.937	19.702	53.062
227.978	244.686	19.754	53.299
228.607	245.444	19.793	53.261
228.720	244.294	19.252	53.508
229.171	244.577	19.195	53.386
229.171	244.853	19.145	52.520
229.903	245.673	18.732	51.814
229.473	246.028	19.646	51.619
229.881	246.439	18.761	51.766
229.996	246.751	19.777	51.645
230.173	246.573	19.956	52.263
229.888	246.541	20.190	52.029
230.524	246.564	19.863	51.667
230.572	246.315	19.609	52.412
230.709	245.996	19.995	53.025
230.967	245.483	20.044	54.665
230.828	245.335	20.145	53.759
231.783	245.555	18.704	54.109
231.812	245.240	19.250	54.339
232.323	246.270	18.860	53.855
232.198	245.715	19.017	52.258
232.661	246.010	18.745	52.937
232.458	246.197	18.967	53.353
232.745	247.234	18.912	52.682
232.939	246.388	19.342	53.593
233.666	246.551	18.673	54.154
233.967	245.920	18.916	53.539
234.340	246.106	18.925	54.277
234.724	245.831	18.487	54.242
234.916	245.627	18.516	54.372
234.354	245.539	19.004	54.202
234.383	246.325	18.707	54.521
234.478	246.558	19.305	54.864
234.642	245.314	19.506	56.149
234.484	245.601	19.342	56.778
234.534	246.192	19.545	55.230
234.517	247.105	19.108	54.733
234.469	246.382	19.018	55.490
234.438	246.851	19.111	54.982
234.662	246.537	18.878	55.848
234.685	246.718	19.021	55.336
234.687	246.100	19.230	55.879
234.100	245.812	19.515	55.908
234.346	246.537	19.847	56.282
234.820	246.028	19.818	56.564
234.923	246.458	19.695	55.832
235.173	246.843	19.703	55.731
235.614	247.319	19.410	55.686
235.834	247.602	19.656	55.286
236.258	247.375	19.612	55.913
236.693	247.268	19.202	56.081
237.023	247.326	18.970	56.048
237.685	247.658	19.002	55.806
238.341	247.237	18.904	56.338
238.340	246.335	19.325	56.313
238.435	246.149	19.935	56.915
238.676	245.927	19.865	57.615
238.792	245.990	20.066	58.564
239.104	246.674	19.888	57.542
239.005	246.862	20.882	56.969
239.229	247.750	20.337	56.551
239.219	248.078	20.401	56.322
239.260	248.156	20.839	55.144
238.853	248.491	21.464	54.262
239.013	249.340	21.621	53.439
239.745	248.508	21.267	54.833
240.402	247.841	20.860	55.263
240.604	248.756	21.115	54.635
241.686	248.483	20.792	55.827
242.155	248.573	20.439	55.096
242.719	248.461	20.352	54.731
243.486	248.318	20.181	55.149
243.948	247.781	20.025	57.319
244.258	247.777	20.238	57.799
244.720	248.329	20.432	57.623
245.467	248.856	20.016	57.590
246.305	248.777	19.653	58.188
246.994	249.072	19.893	57.957
247.895	249.231	19.330	57.489
248.374	249.147	19.376	58.310
248.895	248.549	20.117	58.130
249.745	248.863	19.986	58.801
249.983	249.126	19.848	58.616
249.642	248.575	20.622	58.602
249.962	248.860	21.012	57.980
250.189	248.990	20.695	57.612
250.250	249.409	21.209	56.600
250.113	249.894	21.804	55.095
250.504	250.563	21.689	54.258
251.315	250.639	21.180	53.639
251.553	250.534	21.403	54.163
252.177	250.978	21.603	53.007
253.226	250.776	20.432	54.108
253.413	251.419	20.921	53.907
253.713	251.040	21.326	55.088
254.641	251.609	20.660	54.283
255.516	251.012	19.665	54.662
256.248	250.927	19.502	55.873
256.588	250.812	19.990	56.485
256.817	250.286	20.068	57.100
257.092	250.572	20.631	56.712
257.391	250.775	20.765	56.273
258.188	251.006	20.024	56.728
258.656	251.358	20.067	56.965
259.412	251.108	19.773	58.663
259.751	251.327	19.979	58.389
260.211	251.226	20.189	58.489
261.312	251.226	19.760	58.255
261.027	251.447	20.198	58.843
260.933	251.414	20.036	59.331
261.000	251.860	20.559	58.378
261.267	252.729	20.469	57.962
261.805	252.777	20.296	58.158
261.795	253.367	20.389	57.147
261.906	253.750	20.095	57.171
261.886	253.734	20.194	57.332
261.920	253.974	20.577	57.062
262.074	253.295	19.772	58.265
261.785	253.408	21.160	57.363
262.357	252.781	21.021	58.365
262.765	253.161	20.809	58.743
262.956	252.914	20.863	58.440
263.653	253.220	20.177	57.972
264.364	253.740	20.444	58.311
264.725	253.661	20.698	58.584
265.431	253.335	20.459	58.883
266.095	253.203	19.949	58.010
266.569	254.202	20.218	57.532
266.328	254.092	20.058	56.963
266.987	254.246	20.307	56.650
266.788	254.206	20.417	56.867
267.765	254.266	19.594	57.621
267.798	253.486	20.045	58.479
267.582	253.570	20.167	57.488
267.260	253.734	20.923	57.826
267.055	254.418	21.404	57.376
266.597	255.223	22.715	55.395
267.022	255.824	21.702	55.378
267.548	256.013	21.473	55.768
267.816	256.078	21.285	56.498
268.007	256.111	21.492	56.467
268.269	256.223	21.022	55.902
268.920	255.619	20.839	55.480
269.459	255.535	21.025	54.986
269.631	255.179	20.944	53.890
270.410	254.621	20.190	54.527
271.468	254.451	19.639	53.418
271.733	254.696	19.485	53.508
272.150	253.831	19.662	55.633
272.815	254.759	19.419	55.521
273.564	255.303	19.863	54.949
273.905	255.162	19.171	55.692
274.435	255.533	19.706	55.435
274.632	255.853	19.341	55.251
275.321	255.624	19.181	55.888
276.101	255.015	19.645	57.652
276.472	255.496	19.321	56.268
276.869	255.325	18.883	56.601
277.236	254.617	18.791	56.942
277.396	254.639	18.616	57.128
277.687	254.858	19.384	56.943
277.615	255.821	19.615	56.277
277.487	256.122	19.644	56.315
277.611	256.540	20.572	56.151
277.277	257.479	21.549	56.184
277.113	257.270	21.666	55.642
277.765	258.319	21.739	54.521
277.463	258.180	22.901	54.612
277.633	258.295	22.795	55.511
277.971	257.526	22.669	56.277
279.422	258.077	21.939	56.210
279.089	257.584	21.641	55.691
279.602	257.440	21.525	55.434
279.168	257.331	21.888	55.189
280.309	257.596	21.257	55.857
279.807	256.935	21.317	55.815
280.433	256.871	21.645	55.227
280.761	257.572	21.520	55.527
282.003	257.634	20.684	56.694
282.824	257.482	19.988	57.329
282.655	257.736	20.539	57.852
282.895	257.407	20.300	57.405
283.313	257.623	20.234	57.510
284.205	257.360	19.785	58.112
284.441	256.856	19.518	58.488
284.845	256.833	19.606	58.692
285.486	256.953	19.836	58.677
286.560	256.535	19.343	58.662
285.548	257.369	20.113	57.223
285.669	257.833	19.623	57.210
285.667	258.307	19.582	56.331
284.986	257.700	20.219	58.533
284.577	258.437	20.198	57.159
285.379	259.154	19.653	56.325
284.315	259.017	20.174	57.618
284.433	258.773	20.256	58.517
283.844	259.061	20.387	57.149
283.514	258.862	20.777	57.738
283.240	259.292	21.081	57.554
283.370	258.742	20.677	57.213
283.432	259.278	20.359	56.881
283.595	258.957	18.976	56.503
282.849	259.499	18.412	58.282
283.122	258.975	18.210	58.448
283.448	258.691	18.242	58.103
283.578	258.629	18.373	58.988
283.391	258.929	18.474	57.908
283.807	259.365	17.868	57.428
283.461	258.554	18.349	58.545
284.050	259.226	17.924	59.979
282.714	259.611	18.998	57.942
281.816	259.657	19.849	58.498
281.089	260.171	20.405	57.962
279.539	260.914	21.658	58.323
280.196	259.462	20.901	59.521
279.800	260.593	19.667	57.108
278.597	260.345	19.282	58.191
278.209	260.240	19.738	58.726
277.895	260.665	20.122	57.480
278.404	260.876	19.835	57.468
278.565	261.296	20.055	58.403
278.732	261.606	19.911	59.808
279.093	261.514	19.922	61.091
279.597	261.476	19.980	61.785
280.422	261.624	19.943	59.194
280.396	261.194	21.393	59.366
280.202	261.734	21.919	58.795
281.100	262.023	21.408	59.224
281.975	262.474	20.443	57.202
281.615	263.240	21.110	58.908
281.690	262.671	21.149	61.178
282.533	262.274	20.972	60.488
282.361	262.336	21.188	58.585
281.228	262.802	22.465	58.345
281.937	262.914	21.830	58.991
283.189	262.398	21.177	58.562
283.763	262.538	20.528	57.920
284.945	262.518	20.471	59.236
284.815	263.338	21.338	59.845
285.619	263.042	21.115	61.138
286.176	263.527	20.727	60.677
287.011	263.355	20.438	61.305
286.910	262.956	20.765	62.138
286.833	262.777	20.940	63.014
287.216	262.204	21.444	64.148
287.472	263.440	21.216	63.652
286.354	264.864	22.400	62.792
286.688	264.337	21.773	62.971
285.899	265.107	22.491	62.121
285.444	264.685	23.089	63.154
286.009	264.391	21.987	64.145
285.682	263.649	22.113	64.776
286.193	265.543	21.455	63.329
286.363	263.785	21.222	63.439
286.015	264.582	21.576	64.185
286.115	264.280	20.891	63.777
286.494	266.282	20.838	60.859
285.803	267.214	22.014	61.804
286.192	265.380	21.549	64.096
286.172	266.459	21.462	62.805
286.540	266.177	20.922	64.357
286.969	266.541	20.383	63.576
286.871	266.429	21.217	63.426
286.524	266.902	21.173	64.211
286.583	266.015	21.749	65.964
286.833	266.453	21.563	64.606
286.236	267.948	22.086	64.360
286.402	267.735	21.641	65.251
285.728	267.707	22.051	65.535
286.425	268.448	21.752	63.696
285.880	268.136	22.295	62.667
285.769	267.967	22.592	62.721
285.956	267.736	22.172	62.763
285.460	268.427	22.323	62.489
285.752	268.948	21.332	63.568
285.322	269.075	22.061	63.296
285.314	268.679	22.703	63.969
285.093	269.190	22.849	63.990
286.237	268.823	22.237	65.273
285.107	269.271	22.718	64.331
284.685	268.496	22.218	65.217
284.527	269.479	22.743	65.544
281.981	270.960	24.546	64.232
283.079	271.800	23.280	65.944
281.395	271.352	23.657	64.459
280.365	270.501	23.917	64.837
280.841	271.129	22.679	64.759
280.343	272.252	23.927	63.842
280.531	271.830	24.019	64.185
280.713	272.681	22.808	63.750
281.150	272.792	22.763	63.586
281.002	272.966	23.089	63.612
280.768	272.944	23.055	62.866
280.594	272.022	22.602	65.048
280.823	271.870	22.738	63.932
280.956	272.947	23.195	62.589
280.773	272.679	23.482	63.837
280.511	274.042	24.112	62.865
280.115	274.556	24.038	64.696
279.763	274.054	22.672	66.525
279.680	274.510	23.477	65.378
278.796	273.421	22.373	64.815
279.224	274.587	23.163	64.902
279.113	274.714	22.874	63.994
279.217	275.640	22.548	64.797
280.258	274.699	21.622	65.941
280.082	274.672	21.241	65.954
280.166	274.676	22.160	65.157
279.905	274.712	21.681	64.725
279.176	275.127	22.063	65.358
279.537	276.087	22.581	65.432
279.085	277.051	22.917	65.644
278.701	277.436	22.529	65.061
278.311	276.629	22.597	66.467
277.795	277.054	22.263	65.977
276.777	276.661	23.771	66.359
276.783	276.827	23.775	66.908
276.495	276.705	23.155	67.058
276.156	277.099	24.025	67.115
276.668	277.459	23.380	67.470
276.075	278.074	23.486	67.318
275.928	277.668	24.164	68.473
276.175	278.079	24.006	68.297
276.906	277.289	23.409	68.737
276.735	277.361	24.692	68.091
277.022	278.984	24.863	65.486
276.506	278.624	24.505	67.256
277.136	279.440	23.817	68.562
276.383	279.515	25.019	69.291
275.910	280.312	23.996	67.862
275.987	280.080	24.880	67.458
275.717	279.729	25.005	67.718
276.155	280.421	24.110	66.289
276.371	281.213	24.011	66.479
276.923	282.025	24.406	65.381
279.170	282.952	24.056	67.631
280.045	283.372	24.346	66.970
280.698	284.547	23.886	67.174
281.751	283.859	24.214	69.068
281.505	284.216	24.067	69.284
281.888	282.787	23.702	71.260
282.631	282.968	23.467	71.940
283.448	283.256	22.920	71.545
284.295	285.199	23.677	70.208
283.469	285.140	24.733	70.880
287.745	285.179	22.418	71.086
286.019	288.479	24.716	69.034
286.876	288.513	23.422	70.001
287.728	287.883	23.464	70.509
287.355	289.281	25.373	69.798
288.134	289.177	24.629	72.635
288.954	288.790	24.364	72.002
290.337	288.274	24.203	73.246
292.077	288.316	23.488	72.956
291.201	288.014	25.366	73.405
292.269	288.686	24.740	72.800
291.869	289.321	25.748	74.381
291.977	289.674	25.362	75.771
292.120	290.022	24.970	75.452
291.556	290.516	26.066	74.216
293.135	290.167	25.345	75.084
292.028	290.182	26.658	74.224
293.621	289.764	25.242	73.331
294.461	289.616	24.976	72.376
293.901	289.284	26.123	74.178
295.924	290.064	24.792	74.450
296.464	290.410	25.748	75.442
297.414	291.053	26.012	76.514
297.709	291.066	26.139	76.548
299.097	291.119	26.793	77.907
299.923	290.573	27.203	78.724
300.803	290.117	26.981	79.475
301.788	292.015	27.467	78.358
301.643	292.907	27.240	78.209
304.778	293.722	27.855	77.847
309.487	293.907	25.877	77.369
310.081	294.005	26.630	78.190
311.471	294.397	26.805	78.379
313.200	295.220	27.370	78.293
314.366	294.531	27.164	78.642
315.260	294.694	27.807	79.595
318.085	294.932	27.417	80.223
317.436	295.602	28.432	79.851
317.065	295.841	28.890	78.940
317.296	296.694	30.344	78.347
317.903	297.281	31.008	77.020
319.810	298.165	29.245	74.898
325.824	298.390	27.243	77.173
328.498	298.535	26.462	77.784
330.793	298.432	27.171	79.204
332.487	298.444	26.339	81.402
332.906	298.881	26.484	81.039
333.982	299.823	26.100	81.203
334.748	300.097	26.334	81.760
334.329	301.020	27.920	79.732
335.111	301.990	28.094	80.362
336.061	302.377	28.559	81.649
336.578	301.988	28.546	81.169
337.950	302.663	29.358	80.119
339.077	301.710	28.711	81.177
340.982	301.890	27.766	80.892
341.882	302.083	27.072	82.320
342.621	302.879	27.374	82.152
343.207	303.269	27.369	81.443
344.171	304.270	28.538	80.590
345.137	304.227	27.977	81.265
347.235	303.997	27.649	81.734
348.185	303.668	28.305	82.740
349.225	303.550	28.313	83.727
350.461	303.806	27.258	84.766
351.455	304.229	26.928	84.588
351.750	305.666	27.220	82.815
351.355	306.316	29.824	81.173
351.664	306.967	29.913	79.755
351.604	307.328	31.094	78.303
352.655	307.929	29.913	77.302
352.830	308.095	30.338	76.440
354.001	308.263	29.984	78.144
355.191	307.601	28.622	78.315
356.379	307.488	28.048	80.990
356.663	308.372	28.088	80.996
358.516	309.617	27.255	79.891
359.781	309.722	27.247	82.023
361.128	309.814	28.627	81.610
362.437	309.125	28.818	83.461
364.413	308.665	27.020	84.713
364.265	309.773	27.704	81.783
364.538	309.814	29.465	79.792
365.242	309.830	28.744	79.988
365.845	309.943	29.022	81.288
366.119	312.534	28.531	82.228
366.802	312.987	30.289	81.879
374.491	311.847	26.209	83.189
377.799	315.716	25.264	81.026
380.290	314.152	28.692	81.856
383.326	315.864	28.679	79.858
384.778	314.554	28.336	81.953
385.807	315.242	28.822	82.963
419.843	313.696	28.630	81.717
389.449	315.969	30.523	81.605
389.875	316.257	29.075	84.898
390.591	316.554	31.240	87.037
390.912	317.262	29.315	87.109
396.880	316.296	26.640	87.919
397.231	315.300	28.730	88.327
402.812	316.162	26.876	89.378
427.601	311.893	28.047	86.975
414.292	314.934	32.080	87.429
405.450	318.621	26.706	85.997
407.309	318.423	26.623	86.800
407.560	318.177	25.992	88.025
408.345	319.310	27.738	87.033
409.818	319.189	29.604	89.745
411.978	319.984	29.258	89.198
413.773	317.588	29.204	91.025
415.835	320.438	29.011	87.270
416.853	320.134	28.893	82.170
416.783	322.581	30.381	82.491
416.965	324.370	30.532	79.912
418.905	323.991	28.886	82.715
420.732	323.273	29.498	80.687
422.224	322.119	29.581	83.764
423.584	322.213	28.874	86.088
423.903	320.891	29.468	87.624
425.078	321.113	29.978	89.417
427.723	322.313	28.764	90.441
431.022	321.589	27.903	90.416
430.923	323.758	28.188	88.925
432.612	322.932	28.435	91.704
434.133	321.104	27.728	91.181
434.301	322.712	29.306	89.987
435.147	321.395	28.930	86.537
436.649	322.005	29.469	87.883
438.787	323.957	28.836	86.108
436.990	324.562	29.875	83.986
440.870	325.315	27.847	82.195
440.128	325.880	29.059	86.101
441.280	325.683	29.037	83.803
443.281	326.394	31.177	79.308
442.688	324.082	29.648	84.654
444.432	325.864	30.573	86.325
442.861	325.013	30.373	87.474
444.294	325.023	31.630	90.602
444.332	325.690	31.848	92.906
448.206	323.853	30.076	92.959
449.149	324.689	30.851	92.881
450.241	325.730	29.907	91.221
452.559	326.881	29.848	91.972
453.823	325.294	29.336	94.347
454.005	328.132	30.172	91.715
453.912	325.655	31.411	94.696
456.772	326.343	28.767	93.657
464.597	331.708	30.660	88.162
464.626	331.108	30.286	85.906
465.428	330.546	29.757	87.830
466.823	330.383	29.424	86.838
466.810	330.928	29.876	87.850
468.266	330.123	28.728	92.234
470.280	332.167	29.129	87.729
471.296	331.175	29.099	89.188
471.358	331.127	30.049	89.306
473.658	332.554	29.857	88.501
473.977	330.518	30.230	90.674
476.060	332.556	30.349	87.945
477.015	332.807	29.797	86.957
479.540	334.354	30.397	84.135
482.001	336.246	31.443	83.458
484.533	337.490	29.460	82.142
484.408	337.908	30.817	84.095
485.869	338.514	30.067	83.678
488.090	336.185	29.409	88.268
488.547	335.709	28.730	87.417
490.510	337.630	29.142	87.110
491.460	338.312	29.225	85.692
494.480	339.888	29.182	84.597
495.702	339.805	29.176	86.707
496.472	339.351	29.787	85.107
497.757	339.372	29.647	84.795
499.782	339.663	30.554	83.413
500.462	338.300	31.295	86.022
503.515	340.308	29.743	79.814
536.452	339.707	30.991	81.375
505.346	342.980	33.542	79.949
507.795	343.500	32.177	81.900
508.349	344.297	31.995	83.628
511.558	345.062	31.074	83.671
511.653	344.602	31.220	82.289
514.327	341.513	31.665	86.052
516.726	344.184	29.104	83.379
516.443	343.009	31.708	82.285
518.537	343.408	29.684	79.065
520.280	344.334	28.240	81.872
521.149	343.803	28.366	81.846
524.099	346.852	29.238	82.550
529.384	347.325	30.737	80.687
532.080	344.484	28.468	85.130
533.678	345.404	30.385	85.019
534.734	347.464	30.765	83.254
537.748	347.056	30.895	86.019
539.611	348.779	30.441	88.240
541.575	349.535	29.683	87.004
542.949	349.546	29.776	87.180
542.930	349.436	31.200	84.597
545.034	348.319	29.150	84.637
546.707	348.394	28.656	85.877
548.856	349.091	28.854	85.721
550.078	349.846	29.406	84.745
552.375	349.533	29.016	84.665
553.989	349.969	29.497	88.487
555.637	351.765	31.044	85.464
558.254	352.648	30.049	85.380
559.824	351.533	32.087	86.527
561.530	351.412	32.142	89.238
564.951	351.743	32.451	85.577
566.491	351.727	31.894	80.570
571.701	351.645	30.721	88.087
572.314	354.314	31.503	86.853
574.555	354.185	30.391	90.320
577.554	355.701	31.406	89.588
578.692	356.223	30.290	90.869
581.783	357.732	30.480	87.043
581.799	357.589	28.974	91.720
583.875	356.936	30.729	89.934
585.644	355.222	28.920	91.164
