471.000	264.000	65.000	186.000
469.626	261.839	65.586	187.352
467.549	257.855	66.507	190.075
465.294	257.292	65.468	184.511
465.170	254.130	63.395	184.582
462.532	253.793	63.778	183.316
460.781	254.604	64.773	181.847
460.807	254.233	64.830	182.299
459.779	253.487	64.696	182.882
459.082	252.286	65.976	184.018
460.001	250.813	65.538	184.058
458.952	248.572	66.110	185.002
457.145	247.122	66.246	179.504
457.504	245.619	65.011	176.797
458.158	245.019	63.185	175.362
457.065	243.604	62.301	175.642
455.303	241.840	63.086	178.114
454.280	241.778	64.635	178.617
453.613	240.493	64.886	179.599
451.596	239.867	63.967	179.527
450.442	237.933	63.388	178.665
448.102	236.095	64.820	176.916
445.635	233.799	67.114	174.373
443.429	234.227	68.622	171.854
442.614	232.715	66.653	172.222
441.594	233.103	67.231	171.261
441.172	233.336	65.579	171.650
440.665	233.012	67.498	171.722
442.592	232.634	65.566	171.807
442.646	229.551	63.890	172.017
442.039	226.295	63.096	170.993
442.879	224.548	61.586	169.855
443.164	223.917	59.411	167.619
442.415	222.520	58.496	167.365
440.940	221.897	59.115	166.986
440.138	221.267	59.459	168.200
438.185	221.788	58.762	167.319
436.095	220.409	57.047	167.298
433.498	218.872	57.737	166.199
432.090	216.529	57.621	166.334
429.483	213.893	58.456	165.599
428.187	213.480	58.178	163.927
426.148	214.821	58.717	161.842
425.708	212.924	58.496	164.463
424.570	213.911	57.672	163.273
423.507	213.432	56.632	163.735
421.450	212.116	56.864	163.160
418.090	209.075	58.284	164.104
415.907	209.350	59.216	158.047
415.007	208.648	58.819	157.266
412.418	207.383	59.697	157.789
409.117	206.081	61.454	158.460
404.655	205.741	63.706	158.288
403.264	203.772	61.626	159.607
401.907	201.819	59.846	159.545
399.678	200.070	59.566	157.807
396.679	197.694	56.243	156.086
394.146	196.549	58.190	156.974
393.619	196.601	60.682	156.452
392.446	195.980	62.228	157.033
391.386	195.691	62.983	156.802
390.746	194.661	62.867	158.066
390.246	193.313	62.400	158.161
389.227	191.433	58.516	156.172
389.536	191.360	54.632	153.757
387.604	188.807	52.886	153.766
386.466	188.176	52.102	153.617
381.492	188.071	54.692	152.087
378.452	187.968	55.824	151.863
375.802	188.377	57.191	152.047
373.888	188.204	57.310	151.438
371.959	185.892	56.857	151.986
369.537	184.417	56.867	151.025
366.690	183.185	55.711	148.932
364.098	182.229	54.179	150.458
362.447	181.713	53.795	150.501
360.435	181.868	55.689	150.548
359.149	181.490	56.184	150.604
357.205	182.095	57.536	148.877
356.265	181.255	57.127	149.475
354.191	180.112	57.776	149.292
352.491	178.798	56.780	147.699
351.270	176.872	54.529	146.076
350.275	176.938	53.068	145.585
348.601	175.142	50.761	146.527
345.708	174.870	51.421	146.047
343.136	175.073	51.051	145.755
340.558	174.506	50.152	145.855
337.972	173.731	48.911	145.520
336.573	172.890	48.576	145.369
333.694	171.208	49.103	145.537
330.863	171.356	50.223	144.846
328.777	168.872	47.576	144.027
325.496	169.411	48.340	138.841
322.997	168.595	48.236	136.692
319.850	167.722	49.134	138.747
317.426	167.899	50.268	138.883
316.116	167.282	50.997	139.696
313.965	166.224	50.137	139.615
313.279	165.407	50.472	139.022
311.982	164.519	48.738	137.238
312.183	163.531	47.663	137.797
308.836	162.415	49.233	139.029
307.731	161.780	50.895	140.339
305.438	161.476	50.481	139.695
301.483	161.350	51.436	141.598
300.058	161.369	51.269	140.722
296.609	160.023	51.511	142.087
294.658	160.255	53.101	142.470
291.741	161.465	55.255	141.522
288.228	160.284	59.191	138.793
285.532	157.560	55.977	140.796
280.075	157.860	54.948	140.256
279.544	158.218	50.413	140.812
275.507	157.460	51.657	142.003
274.284	156.714	49.678	141.401
271.458	157.957	50.578	140.316
265.569	158.113	55.597	139.720
261.138	159.500	57.625	138.511
254.752	158.731	61.990	137.883
250.469	155.467	63.026	143.595
247.804	153.307	56.507	151.629
242.109	154.815	56.373	149.183
238.394	153.729	57.167	146.725
232.989	154.511	57.837	147.106
231.754	152.550	58.294	149.820
224.695	154.674	55.287	148.212
223.699	155.268	55.449	146.297
222.171	153.326	55.973	147.849
215.267	152.590	49.973	148.772
213.301	150.245	50.569	153.118
212.620	162.582	51.298	140.319
207.777	165.781	55.884	133.216
203.474	172.888	59.840	125.965
198.376	174.756	62.100	124.184
184.059	172.136	61.977	121.678
179.082	169.943	55.730	124.914
169.894	160.607	62.126	133.751
167.970	165.369	64.462	130.058
166.669	151.152	62.889	144.601
163.541	148.924	63.844	145.015
155.068	157.851	51.191	140.923
146.190	159.059	49.609	131.991
143.624	157.877	52.544	132.972
127.791	151.367	66.390	134.010
137.092	160.107	58.854	129.213
126.246	162.877	64.210	130.908
128.632	152.225	60.900	144.214
123.677	152.118	64.509	143.306
116.746	152.047	56.798	133.408
111.671	148.701	49.770	138.267
148.417	145.929	54.828	136.688
167.155	148.785	57.413	135.663
207.381	146.065	55.879	135.327
246.625	148.755	58.418	129.583
267.920	146.540	61.965	131.572
307.926	145.820	60.282	131.820
333.002	145.631	55.600	134.070
336.126	145.266	49.681	133.853
335.271	141.953	50.126	141.237
330.826	144.537	50.368	137.126
325.794	143.217	49.469	131.877
318.303	143.916	48.143	135.311
309.795	144.556	50.502	134.322
304.919	142.845	49.178	133.701
301.354	144.951	53.047	131.261
294.179	142.389	52.732	131.998
290.626	143.569	49.661	130.910
287.879	142.307	47.965	134.419
284.992	142.311	48.101	128.836
281.181	141.162	51.709	125.576
278.615	141.352	47.979	126.254
274.339	142.039	47.577	128.101
284.642	145.028	49.996	118.486
312.983	144.768	51.107	114.446
346.196	142.628	50.003	116.492
387.040	138.969	53.518	120.558
424.735	134.299	56.004	123.558
470.083	138.041	56.931	120.066
507.983	136.500	58.456	118.801
517.506	135.676	50.010	124.761
512.643	133.645	51.839	125.688
510.045	131.903	46.549	128.379
506.271	132.677	44.739	123.612
500.949	133.871	42.616	125.140
495.172	138.927	43.768	120.602
492.864	137.800	45.527	118.864
487.004	138.913	46.631	119.506
484.794	135.844	49.813	122.507
479.000	134.811	44.369	127.931
476.686	134.501	48.466	125.461
473.096	134.423	49.010	136.278
468.582	137.376	48.344	129.170
462.748	139.253	50.007	130.730
458.231	140.257	47.872	125.463
452.627	137.414	47.033	123.304
448.113	135.277	45.628	126.167
444.433	127.036	47.366	135.175
440.721	127.971	46.387	130.331
434.036	127.146	45.279	135.238
427.414	125.526	47.516	144.592
425.401	128.927	47.801	134.980
419.041	132.821	44.655	136.669
410.919	134.466	45.984	135.539
405.737	123.334	44.907	139.225
398.864	120.238	45.357	143.437
395.056	124.929	46.829	133.567
391.683	124.037	44.809	141.396
387.176	126.883	43.692	134.412
384.912	130.336	43.698	127.004
380.065	114.161	41.674	134.200
374.269	112.623	42.460	138.606
367.879	125.775	41.571	132.158
350.293	122.144	48.540	126.879
332.706	113.133	49.320	135.018
323.489	119.565	46.357	124.012
318.590	115.994	44.107	136.172
313.121	117.915	49.318	133.482
307.960	114.261	47.431	134.760
303.503	115.090	49.336	147.206
302.720	117.932	49.931	143.784
323.806	128.878	57.161	120.092
363.011	125.048	54.094	131.378
401.396	126.308	55.862	138.783
426.031	121.520	53.553	141.055
442.527	117.899	53.440	162.248
437.285	113.303	54.893	163.079
435.125	111.234	51.315	167.050
430.135	110.270	51.851	167.617
418.159	113.260	57.058	148.296
408.885	114.479	60.884	145.593
407.253	111.672	55.212	142.834
405.436	111.482	52.200	141.162
400.019	115.047	51.747	137.418
397.461	115.198	48.512	137.243
393.563	116.017	49.855	135.420
386.747	114.626	50.902	138.283
384.269	113.600	52.796	138.255
379.728	113.788	52.606	138.365
376.114	114.404	50.101	138.123
369.432	111.272	52.789	140.838
366.374	111.211	52.811	142.728
360.964	109.541	49.487	144.917
352.080	112.855	52.875	139.720
341.359	111.843	58.353	140.289
341.165	112.986	54.185	146.754
332.503	114.986	54.796	146.799
328.843	113.028	54.600	135.201
328.189	110.373	51.787	140.247
325.559	111.351	50.981	137.036
320.278	111.061	48.553	141.456
316.251	114.072	50.068	139.041
312.280	112.586	46.727	133.540
306.839	113.882	53.027	125.282
298.391	111.446	55.557	125.489
285.388	108.966	60.548	133.077
277.045	113.523	57.713	133.831
276.705	112.580	57.688	132.824
272.829	109.786	47.991	140.381
266.323	108.813	49.414	137.936
260.866	111.373	48.270	134.595
254.329	112.725	48.232	138.243
248.746	112.703	48.841	136.572
244.305	111.431	53.791	129.655
239.319	109.449	52.694	132.935
233.047	108.237	54.079	139.585
225.291	110.496	54.000	136.739
218.834	112.091	48.447	134.476
213.389	111.061	51.717	129.456
207.377	109.373	59.235	127.734
202.311	102.860	66.386	129.821
196.479	106.133	53.724	132.465
190.296	105.435	53.355	136.177
195.059	100.552	52.568	126.283
177.019	112.939	53.180	121.781
174.492	103.606	51.331	135.549
170.672	107.399	48.330	133.251
164.780	109.863	48.577	132.605
160.383	108.939	48.392	132.501
153.976	109.524	48.883	130.854
148.384	110.476	48.324	129.516
135.501	109.915	57.209	128.137
