215.000	224.000	25.000	76.000
213.602	224.511	29.061	76.791
213.924	225.183	29.794	76.169
214.740	225.423	29.707	76.194
215.519	225.244	29.432	76.770
216.400	225.250	29.554	76.735
216.868	225.539	30.086	76.388
217.740	225.228	30.175	77.230
218.735	225.444	30.014	77.376
219.862	225.375	29.305	78.064
219.906	225.483	29.451	77.645
220.720	225.757	29.294	77.600
221.703	225.742	28.591	77.477
221.952	225.236	28.659	79.508
222.586	225.448	28.684	80.440
222.683	225.360	28.291	81.009
222.975	225.578	27.852	80.050
223.211	225.918	27.965	80.588
223.574	226.270	27.602	79.729
223.508	226.426	27.610	80.278
223.668	226.776	27.397	79.401
223.372	226.969	27.355	79.355
223.321	227.111	27.664	79.931
222.904	227.106	27.527	79.768
222.974	227.284	27.600	79.101
222.796	227.146	27.214	78.771
222.532	227.236	27.315	78.499
222.221	226.884	27.452	78.609
221.869	226.607	27.613	79.055
221.428	226.615	27.905	79.382
220.848	226.779	28.977	79.288
220.500	227.119	29.540	79.017
220.512	227.651	29.566	77.491
220.735	227.165	29.356	77.954
220.542	227.653	29.363	77.677
220.692	227.216	29.629	77.658
220.786	227.409	29.045	77.705
221.775	227.648	28.544	78.418
221.862	227.532	28.662	79.343
221.972	227.951	28.978	79.676
222.407	227.646	29.253	80.452
223.083	227.936	28.751	80.877
223.277	228.389	28.836	80.429
224.242	228.360	28.364	80.513
224.590	227.983	28.745	81.332
225.009	228.029	28.940	80.934
225.519	228.326	29.660	80.784
226.254	228.097	28.901	81.783
226.408	228.372	29.216	81.203
226.898	228.148	28.960	81.937
227.408	228.519	29.018	81.413
228.083	228.176	28.182	82.461
228.009	228.547	28.256	82.152
227.712	229.036	29.161	81.830
227.921	228.946	28.742	82.291
228.000	229.568	28.815	81.373
227.589	230.040	29.097	81.263
228.156	230.120	28.436	81.892
227.005	230.280	29.395	81.572
227.371	230.031	29.176	81.474
227.260	229.799	28.651	82.231
226.959	229.855	28.801	81.660
226.360	229.731	29.530	81.315
226.423	229.827	29.562	81.725
226.807	230.059	29.051	82.437
226.712	230.087	29.361	81.930
226.393	229.607	29.570	82.705
226.490	229.860	29.323	81.826
226.535	230.130	29.727	81.253
227.034	230.106	29.407	81.410
227.185	230.189	29.612	82.435
227.979	230.656	29.367	82.046
228.355	231.171	29.916	82.288
229.275	232.030	29.588	81.728
229.657	232.199	29.884	82.149
230.467	232.176	29.709	82.084
231.243	232.148	30.065	81.747
231.636	231.945	30.508	82.257
231.825	232.411	31.151	79.776
232.360	233.292	31.567	79.602
233.420	232.967	30.473	80.167
233.871	232.788	30.772	81.261
234.850	232.519	30.147	81.129
235.348	232.749	31.483	81.389
236.432	232.816	30.667	82.207
236.516	232.950	30.810	80.991
237.231	232.593	30.208	81.194
237.469	233.399	30.205	81.108
237.998	234.183	30.267	80.673
238.304	234.189	29.303	81.878
238.676	234.495	29.237	82.155
239.135	234.187	29.839	83.265
240.373	233.395	28.483	83.988
240.452	233.200	27.869	83.426
240.122	233.946	28.752	82.291
240.142	234.059	29.319	82.622
240.305	233.891	29.801	83.533
240.260	234.019	29.649	83.545
240.778	233.982	29.131	83.326
240.528	234.291	28.581	82.763
240.492	234.578	29.306	81.694
240.770	234.321	29.869	81.865
240.753	234.556	30.195	81.929
241.187	234.776	28.946	82.966
241.250	235.482	29.502	81.890
241.868	235.812	29.393	82.296
241.898	236.349	30.248	82.358
242.714	236.484	28.910	82.710
243.162	236.799	29.573	82.794
243.769	236.354	29.163	83.729
244.328	236.966	29.248	83.660
245.313	236.854	29.544	84.062
245.992	236.794	30.067	84.490
246.462	235.900	29.051	85.113
246.217	236.559	30.218	84.006
246.597	236.934	30.726	84.184
247.401	236.619	29.890	84.363
247.729	236.400	30.003	84.876
247.472	236.644	30.733	85.082
247.615	236.841	31.107	85.339
247.695	237.175	30.974	84.723
247.538	237.220	31.299	85.228
247.972	237.215	30.841	85.267
247.782	238.030	31.056	85.104
247.775	238.045	30.447	85.903
247.455	238.215	31.569	85.611
247.386	239.297	31.742	84.680
247.139	238.971	31.567	83.979
246.945	238.671	31.558	84.445
246.982	238.857	31.278	83.228
246.860	238.297	31.423	83.760
247.148	238.534	31.123	82.979
246.677	238.498	32.623	83.289
246.928	238.546	32.296	83.329
246.150	238.940	32.783	83.783
246.727	239.038	32.377	83.859
246.588	238.914	32.566	84.644
246.986	239.862	32.266	83.441
248.359	228.177	29.909	90.638
248.438	210.905	30.230	86.170
249.219	189.193	30.837	91.106
249.824	171.189	30.252	93.268
249.795	151.122	30.603	95.314
250.146	137.530	30.628	92.916
251.109	116.690	30.391	92.482
250.874	99.626	31.043	91.726
250.829	79.675	30.324	94.858
250.832	64.239	31.447	91.322
252.225	46.696	30.395	91.990
252.522	25.770	30.431	94.206
251.809	13.591	32.424	90.179
253.072	13.868	30.609	100.336
254.102	30.535	29.424	105.417
255.092	49.074	29.210	101.224
254.554	67.655	29.980	103.606
255.642	88.315	29.836	100.894
256.304	108.907	29.419	98.122
257.348	129.170	29.216	100.452
257.020	148.864	29.388	96.783
257.965	166.226	29.497	99.105
258.330	185.624	28.730	97.152
258.396	204.837	29.442	94.727
259.691	223.076	28.225	93.802
257.805	242.991	30.824	87.906
257.124	236.364	30.296	89.684
256.279	211.553	31.538	95.029
256.738	195.687	30.010	94.670
257.576	184.100	29.097	89.923
256.686	162.327	29.459	93.151
257.137	144.911	28.260	94.130
257.822	123.765	27.653	96.923
257.461	110.888	28.312	94.189
256.675	91.974	29.527	94.195
257.309	70.888	29.205	97.608
257.317	53.540	30.165	95.775
256.765	35.611	29.675	97.733
258.009	20.781	29.035	92.319
256.057	19.631	31.052	90.870
260.041	28.121	28.079	105.250
260.902	48.827	28.896	102.308
262.586	67.961	28.821	101.187
263.946	85.989	28.947	102.921
265.347	107.803	29.184	99.471
266.745	122.515	28.401	103.355
267.445	144.262	29.609	100.804
268.678	161.448	28.856	102.878
268.985	182.945	30.371	99.245
269.779	201.806	30.759	97.107
271.686	218.629	29.681	96.241
270.986	239.355	30.044	95.692
271.212	240.520	31.409	92.999
271.014	219.476	31.264	102.910
271.408	204.471	30.128	99.297
272.461	190.424	29.451	95.299
271.671	168.308	28.533	97.514
271.447	151.233	29.831	96.792
272.075	134.522	28.753	97.551
270.629	117.699	30.005	92.927
271.149	97.019	30.639	98.134
271.579	77.316	28.683	101.510
270.670	59.548	29.778	102.244
270.190	44.648	29.472	98.641
271.927	24.235	27.989	97.735
269.119	20.539	30.307	91.826
269.032	21.061	30.239	106.981
269.885	49.546	31.931	97.454
270.587	67.680	31.907	99.704
271.001	85.400	32.882	104.591
273.397	106.352	31.056	102.220
274.657	122.042	29.657	105.857
275.257	143.749	30.331	101.541
275.596	164.169	29.674	97.655
278.652	183.640	27.544	98.886
279.334	200.719	27.976	98.962
279.577	219.372	28.850	96.259
281.460	238.567	28.541	97.529
280.811	246.056	29.644	94.710
282.662	229.992	29.175	102.118
282.859	213.615	29.055	96.913
282.341	196.023	29.649	97.806
281.729	176.177	28.987	100.732
282.221	158.686	29.252	99.867
280.510	141.833	31.195	99.320
281.391	121.277	29.292	100.474
280.915	104.581	29.939	100.505
281.316	87.061	29.652	99.671
280.373	71.175	30.963	96.054
278.114	54.218	33.222	97.283
277.668	33.778	31.731	101.181
274.773	23.882	34.109	93.474
275.889	20.588	32.516	107.294
278.610	45.051	31.682	103.029
279.432	60.852	31.034	105.920
280.427	78.732	30.535	107.994
281.097	98.111	31.938	104.368
281.907	118.969	31.011	102.904
283.385	137.670	31.546	104.484
284.203	154.379	31.519	102.694
285.080	172.948	30.868	104.282
286.156	192.437	30.960	104.705
287.227	212.064	29.726	104.183
288.014	228.515	29.553	105.545
287.412	249.145	30.721	95.858
287.435	239.352	32.034	100.357
288.672	220.686	28.871	99.694
289.306	201.678	29.213	101.990
289.538	185.332	29.997	101.916
289.192	167.316	29.444	101.199
290.036	150.599	30.368	100.605
291.208	130.227	29.154	103.336
291.375	115.358	29.266	100.564
292.508	95.679	28.304	102.268
291.734	77.929	29.110	101.266
292.188	59.048	28.656	102.431
291.569	40.769	29.629	105.575
291.697	27.522	30.979	97.035
290.737	21.706	29.920	104.812
294.792	40.250	29.491	106.580
294.027	58.719	30.040	106.013
295.299	75.393	30.512	106.765
296.278	96.191	30.638	106.665
296.377	113.338	31.362	107.451
299.183	133.664	30.323	105.551
299.670	154.378	29.703	103.311
300.810	171.487	28.821	105.530
302.372	193.183	29.357	102.341
302.474	211.254	29.239	102.302
303.138	226.906	30.612	105.666
303.957	252.892	30.446	97.652
303.198	248.977	32.597	97.250
304.834	227.553	29.677	103.023
304.712	210.107	29.746	102.607
305.238	195.066	30.506	100.642
305.058	174.966	29.572	102.520
303.791	157.549	31.417	101.585
304.941	138.425	30.796	104.403
304.964	123.541	29.737	98.710
305.566	105.973	29.010	98.238
306.236	87.128	28.394	99.089
305.811	69.245	27.818	99.731
305.858	53.258	29.988	99.368
307.221	34.479	28.268	97.195
308.180	28.096	28.577	99.299
311.195	33.803	26.906	114.343
312.030	59.066	28.564	106.246
313.296	76.956	29.524	106.708
314.925	96.512	29.931	107.508
316.207	113.695	29.577	109.706
316.117	130.610	29.745	109.841
317.822	151.235	30.718	109.715
320.205	169.131	29.401	108.552
321.117	191.434	29.356	105.856
321.860	207.594	28.957	107.616
322.799	224.579	29.346	106.386
324.455	246.365	29.793	106.002
325.907	256.469	28.894	95.497
326.096	256.938	29.257	95.479
327.123	258.184	29.277	92.310
327.863	258.660	29.406	92.287
328.279	258.302	29.391	93.357
329.005	259.411	29.227	93.509
329.687	259.558	28.665	93.570
330.472	259.286	28.639	91.630
331.114	259.632	29.229	93.040
331.062	258.592	30.138	92.087
332.113	259.321	30.532	91.209
332.983	259.036	30.381	91.553
333.675	258.632	29.955	91.302
334.495	258.725	30.320	92.553
335.124	258.286	29.998	92.303
336.801	258.957	29.506	93.441
338.128	258.760	28.994	92.140
338.889	259.733	29.304	92.598
339.706	259.464	30.118	93.652
341.107	259.293	30.632	93.872
342.170	259.974	29.894	93.981
342.866	259.486	29.207	93.984
345.700	258.971	27.422	95.034
347.330	258.526	27.180	95.350
348.395	257.787	27.317	95.556
349.655	257.510	27.497	95.756
350.029	257.216	27.654	95.594
350.678	257.151	27.995	96.306
350.679	257.161	28.119	96.926
351.306	256.940	28.533	96.840
352.274	257.110	27.877	97.136
352.218	256.855	28.110	96.628
353.130	257.897	28.435	95.687
353.919	258.086	28.354	95.404
354.130	258.151	27.954	95.286
354.350	258.054	28.333	95.408
355.224	258.039	27.969	94.974
356.040	258.760	27.995	94.375
356.551	259.080	27.925	94.786
356.906	258.846	27.894	95.061
356.957	259.320	28.323	94.168
358.071	258.694	28.365	95.574
358.058	259.033	28.545	95.048
358.451	258.434	28.865	96.101
359.112	258.322	29.453	96.624
360.009	258.063	29.921	97.272
360.109	258.191	30.289	97.029
360.575	258.660	30.678	97.642
360.830	258.981	30.439	97.928
361.959	259.420	30.023	97.979
362.482	259.464	30.757	97.571
363.137	259.680	29.968	98.162
363.484	260.024	30.558	97.817
363.857	260.377	30.787	97.182
361.959	260.800	28.846	97.046
329.372	261.234	32.468	98.459
302.782	263.264	28.595	99.393
293.828	264.415	31.124	96.108
268.155	263.913	26.368	99.015
255.730	265.484	31.212	96.917
228.937	266.037	30.157	94.840
217.403	265.911	31.375	98.921
191.287	266.829	33.612	96.633
169.985	267.091	34.513	99.159
153.190	268.829	34.004	96.979
130.007	269.277	34.558	98.106
112.857	268.435	35.241	99.646
89.879	269.508	34.753	100.545
72.742	268.445	35.707	100.837
53.281	269.906	31.483	103.523
30.886	269.407	33.551	104.827
18.980	271.657	33.338	100.204
22.152	271.029	33.533	100.807
19.940	271.948	33.381	100.337
21.527	271.657	34.440	100.557
22.458	272.904	34.001	100.433
21.954	272.593	32.626	100.930
23.660	273.266	34.122	100.390
23.342	273.440	33.593	101.096
24.701	273.582	32.976	101.140
25.261	273.610	34.505	101.827
25.604	272.754	32.822	102.728
26.710	273.307	33.471	102.759
26.812	272.388	33.301	102.573
27.925	273.160	33.548	101.043
28.149	273.593	34.063	100.138
29.407	273.147	34.647	101.173
29.968	273.921	35.504	101.160
31.243	274.862	35.724	100.556
31.927	276.246	37.333	99.202
33.207	277.358	36.974	97.649
34.202	277.541	36.761	96.909
34.695	277.511	36.306	98.121
35.561	277.741	35.501	97.932
36.288	277.235	34.990	100.083
36.527	277.146	35.751	100.443
37.609	276.752	34.793	101.328
38.152	276.391	36.166	102.499
38.489	275.892	34.980	102.520
39.769	276.196	35.912	102.844
39.475	276.529	35.518	102.060
40.421	277.036	35.858	101.778
40.712	277.355	36.174	102.080
40.660	277.928	36.446	102.078
41.711	278.775	36.887	102.562
42.090	278.452	36.315	103.179
42.436	277.721	36.017	103.731
42.986	279.280	36.050	103.021
43.533	279.827	36.022	102.668
43.293	279.943	35.838	103.769
44.002	281.078	36.235	103.330
44.478	281.248	35.695	104.050
45.595	281.283	35.244	104.718
45.634	282.078	36.294	102.949
46.453	281.638	35.614	103.894
47.194	281.177	35.822	104.961
47.868	280.985	35.543	104.320
48.382	281.388	35.459	103.305
49.022	281.359	35.217	102.184
49.508	281.966	35.490	101.868
49.536	282.088	35.991	101.934
49.984	282.577	36.569	103.179
50.678	283.127	37.237	102.748
51.825	283.082	38.555	102.543
53.049	284.330	39.082	100.669
53.501	284.436	39.678	100.728
54.239	284.540	39.684	101.268
55.089	284.735	38.527	101.267
55.904	285.337	38.400	100.857
56.930	285.235	37.333	101.309
58.337	285.719	36.903	101.456
59.092	285.889	37.421	102.237
59.511	285.770	37.655	101.874
61.158	285.222	37.030	103.704
61.845	284.692	37.503	104.041
62.376	283.932	37.443	105.217
62.966	284.423	37.495	104.895
64.284	284.201	36.823	105.310
64.725	284.294	37.267	105.290
65.777	284.713	37.065	105.756
66.457	284.487	36.337	106.286
67.326	285.196	36.429	105.144
68.231	285.388	35.983	104.437
69.045	285.220	35.567	104.106
70.090	286.266	35.529	103.712
70.879	285.983	35.125	103.997
71.761	286.621	34.872	105.200
72.066	287.380	34.987	103.961
72.870	286.873	35.299	105.245
73.315	287.243	35.718	105.053
74.536	287.869	35.637	104.247
74.763	287.929	36.411	104.541
75.512	287.971	36.141	105.540
76.255	288.718	36.465	104.830
76.577	288.647	37.014	104.339
76.716	288.729	37.142	104.092
76.689	288.913	38.055	104.933
77.478	288.420	38.833	105.729
77.633	288.865	40.507	105.553
78.222	289.044	42.839	104.809
79.114	289.345	43.654	104.512
80.281	289.675	43.758	105.098
80.938	289.958	44.045	105.813
81.988	290.508	42.962	105.842
82.274	290.695	42.745	106.057
82.855	290.884	41.849	106.428
84.128	291.476	40.838	105.552
84.884	291.488	40.433	105.617
85.655	292.458	40.412	104.447
86.777	292.213	39.936	104.788
87.859	291.601	39.889	105.474
88.187	291.568	40.170	105.631
89.072	292.178	40.307	105.094
89.969	291.695	40.043	105.488
90.974	292.178	39.363	105.020
91.304	291.517	39.911	106.478
91.850	292.265	39.867	106.402
92.527	291.961	39.877	106.903
93.421	293.437	39.546	105.528
93.520	293.254	39.062	106.487
94.219	292.780	38.512	108.777
94.110	294.467	39.711	108.490
94.981	294.226	39.321	109.123
96.084	293.691	38.616	109.961
96.432	294.468	39.280	108.805
97.439	294.198	38.915	109.639
97.769	294.371	39.102	110.240
98.829	295.231	38.892	110.039
99.631	294.299	38.793	110.934
99.575	295.090	38.981	109.215
100.493	295.201	38.886	108.171
100.855	294.975	38.930	108.176
101.542	295.162	38.682	108.523
102.500	295.554	38.449	108.195
104.022	296.146	38.048	107.560
104.757	296.370	38.575	106.736
106.098	296.938	38.467	107.327
107.515	296.977	38.535	107.210
108.506	297.452	38.412	107.183
109.498	297.663	37.810	108.512
111.061	297.413	37.134	109.400
112.045	298.845	37.988	109.158
113.371	298.992	37.537	109.863
113.821	298.631	38.276	109.866
115.390	297.918	37.898	111.018
116.798	297.720	37.631	110.826
117.505	297.506	38.367	111.679
118.699	297.198	38.125	111.794
119.685	296.969	38.701	112.173
121.047	296.703	38.704	111.860
121.593	296.435	38.567	111.974
122.202	296.733	38.209	111.215
123.041	297.319	38.114	111.969
124.595	297.953	37.316	112.297
125.233	296.944	36.920	112.966
126.207	297.565	37.341	113.480
126.682	297.606	37.731	115.084
127.484	298.914	37.850	113.648
128.499	298.620	37.272	114.907
129.004	299.568	38.184	114.428
130.078	299.098	38.025	114.873
131.714	299.403	37.748	114.286
132.827	299.682	37.379	114.596
133.861	300.542	38.204	114.018
134.689	300.267	38.323	114.737
135.096	300.275	39.966	113.877
142.301	301.058	40.244	112.209
148.803	300.472	40.440	114.239
157.423	300.871	36.874	112.236
162.748	302.039	39.426	110.666
169.742	301.508	39.426	112.212
176.491	302.462	41.589	111.733
184.153	304.394	41.784	108.587
190.589	304.991	41.635	108.998
197.861	305.619	41.113	108.867
205.996	305.695	39.795	109.652
213.464	304.561	38.808	111.233
214.524	303.836	39.545	112.794
216.877	303.388	40.482	112.577
217.250	302.999	39.801	114.259
219.193	302.087	38.930	114.854
220.434	302.883	40.035	115.009
221.055	302.491	38.328	115.299
221.569	302.493	40.228	115.524
222.436	302.587	40.121	116.127
222.948	302.243	39.962	117.632
223.760	303.324	40.404	117.240
224.293	303.621	39.948	117.360
224.915	303.649	40.394	116.860
225.908	304.288	39.926	117.011
225.948	305.267	40.282	115.733
226.785	305.187	40.309	117.016
227.812	306.245	40.016	117.067
227.752	306.142	40.488	118.239
228.844	305.999	40.672	118.807
229.671	306.025	40.634	119.144
230.201	306.228	41.320	119.848
230.567	305.811	41.834	120.291
231.175	305.780	41.878	119.705
231.898	307.237	42.049	117.661
233.619	307.632	40.836	116.533
234.965	307.889	40.092	116.720
235.729	308.652	39.822	116.361
236.597	309.023	39.491	115.868
237.668	308.885	39.681	116.460
238.748	309.785	39.650	115.925
239.414	310.779	40.019	115.893
239.617	311.975	40.490	115.747
240.849	312.164	40.044	116.310
241.574	311.256	39.957	117.715
242.760	311.329	40.277	116.654
243.419	309.960	40.825	116.727
244.965	306.457	40.306	117.163
244.926	302.038	41.090	118.542
246.694	299.579	40.679	117.372
248.271	295.261	39.851	118.125
248.553	290.760	40.315	119.890
249.266	288.329	40.541	117.964
249.096	284.139	41.277	118.793
249.160	282.012	41.755	118.462
249.488	278.830	42.234	118.650
249.489	275.359	42.823	119.272
249.796	271.159	43.625	117.508
251.140	269.837	43.405	113.327
253.053	269.383	42.369	109.744
255.584	264.784	40.194	112.140
256.534	259.913	39.555	115.533
257.617	254.346	39.358	117.745
257.595	252.920	40.833	114.484
258.699	248.885	40.582	114.244
259.361	244.955	40.696	115.489
260.188	241.408	41.039	116.318
261.219	237.507	41.308	117.271
262.115	234.603	41.292	115.196
263.315	231.836	41.414	114.367
264.596	227.559	40.971	116.040
265.419	224.351	40.674	114.437
266.566	221.257	40.321	114.369
266.787	218.545	40.086	114.179
266.873	214.779	39.378	114.940
266.925	211.573	39.326	115.481
267.210	208.881	39.326	115.078
268.926	203.921	38.876	117.441
269.799	203.346	40.007	113.531
271.450	200.423	38.646	114.907
272.550	196.102	39.456	117.713
273.475	191.724	40.229	120.578
274.076	189.429	41.580	119.008
276.679	185.228	39.589	119.314
278.807	184.341	39.878	117.786
280.018	183.152	40.020	119.276
279.874	183.405	41.543	119.889
279.968	182.903	41.929	121.944
280.540	183.299	42.977	121.096
280.828	183.195	43.994	120.560
281.362	183.112	44.316	121.130
281.170	182.638	45.171	124.876
282.449	182.774	44.907	125.248
284.060	184.676	44.958	122.899
285.196	184.179	45.534	122.368
285.852	186.092	46.512	119.928
286.302	186.131	47.744	119.314
288.368	185.258	47.253	120.890
289.824	186.121	47.337	120.694
291.686	186.847	46.891	120.392
293.491	187.042	46.582	121.049
295.759	187.742	45.698	120.236
298.757	187.125	43.734	120.660
302.085	186.151	41.547	121.388
304.551	185.921	40.759	121.425
306.053	186.563	41.120	122.268
307.220	186.568	41.454	121.681
308.987	187.646	41.578	121.856
310.324	188.151	41.215	122.351
312.077	188.860	40.654	122.259
313.584	189.837	41.113	122.798
315.181	189.838	41.107	122.915
316.675	189.982	41.958	121.935
318.311	189.628	41.869	123.180
319.449	189.265	42.071	124.171
318.778	188.412	43.920	124.354
319.278	189.980	44.076	123.586
320.062	190.345	44.611	122.620
321.221	190.194	44.407	122.717
322.782	190.524	43.670	122.472
324.287	190.726	43.026	122.321
326.498	190.701	41.735	123.382
326.895	190.674	40.818	123.044
327.751	190.847	40.421	122.778
329.500	190.895	41.018	122.788
329.640	191.444	40.765	123.162
331.334	191.901	39.893	123.148
333.504	192.610	38.423	122.673
335.125	192.248	36.603	123.375
335.742	192.796	36.900	122.610
336.983	192.298	36.682	122.249
337.153	191.859	37.996	122.161
337.585	191.418	38.109	122.068
338.407	191.103	38.061	122.239
339.844	192.233	37.465	120.486
340.082	193.042	37.616	119.127
340.996	192.739	37.070	118.796
341.277	193.225	37.718	117.376
340.432	192.459	39.729	118.528
339.523	193.092	41.010	119.780
339.372	192.544	42.179	122.375
338.789	192.800	44.770	123.417
338.690	192.882	45.605	124.728
338.347	193.034	47.607	125.242
337.993	194.792	48.082	121.554
338.821	194.754	48.365	121.361
339.606	195.303	47.109	120.896
340.503	194.871	46.620	121.399
340.385	195.144	45.910	121.001
341.500	194.961	44.775	121.154
343.273	194.180	42.159	125.149
342.652	195.084	43.930	124.972
343.572	195.625	43.102	124.539
343.739	196.345	43.872	124.533
343.800	196.216	44.848	124.747
343.780	196.662	46.297	124.800
344.646	196.722	47.200	123.835
345.282	196.729	47.387	123.079
346.060	197.460	47.589	122.899
345.973	196.909	48.676	123.641
345.560	197.358	50.309	122.856
346.600	197.126	49.642	122.472
348.399	197.315	48.805	122.347
349.115	197.727	49.047	122.844
348.954	198.592	49.789	123.001
350.951	198.364	48.885	123.669
351.772	198.870	49.637	123.556
351.837	200.124	50.434	123.090
352.549	199.835	50.811	124.615
353.256	200.300	51.614	123.768
353.686	200.861	51.329	123.421
354.388	201.144	51.788	122.654
354.707	200.808	52.703	122.445
355.879	200.989	51.494	122.993
356.750	200.097	51.439	124.376
357.998	199.567	50.835	123.188
358.968	200.006	49.925	122.220
360.048	199.237	49.344	121.525
360.998	199.331	49.169	120.061
361.494	199.367	49.595	120.193
362.534	199.424	48.935	121.263
362.412	199.248	49.684	122.230
362.819	200.173	50.053	121.124
363.212	199.672	50.398	121.717
364.496	200.048	50.279	120.698
365.453	200.566	49.518	121.761
366.187	200.527	49.527	123.022
367.169	201.330	49.695	122.759
368.472	202.122	49.562	122.576
371.107	202.422	48.098	122.931
371.998	202.903	47.880	123.544
373.144	203.975	47.776	123.145
368.117	205.332	49.053	120.932
366.844	204.864	46.483	123.975
359.683	206.350	49.095	122.412
357.540	207.380	47.641	122.193
349.698	209.228	49.242	121.790
345.566	210.277	48.674	120.695
342.043	209.938	47.469	124.388
336.708	212.094	47.970	123.107
333.702	213.332	46.646	122.240
326.348	214.603	47.938	122.217
321.087	215.357	48.983	121.681
315.596	216.281	49.000	119.191
311.983	216.714	49.385	117.978
318.034	217.336	49.252	116.795
323.197	218.938	48.756	115.445
331.792	219.902	47.160	112.170
339.567	219.685	46.772	111.900
346.271	219.107	46.229	113.977
354.155	218.866	45.564	113.571
360.640	219.004	45.795	114.596
366.865	219.073	46.899	112.785
