295.000	93.000	16.000	30.000
295.587	92.257	16.214	32.634
296.005	92.790	16.624	33.482
296.165	93.771	17.505	33.000
296.662	93.610	18.427	34.133
297.582	93.004	18.277	35.475
298.527	92.289	18.219	37.065
297.828	91.811	19.534	39.033
299.579	91.407	18.479	39.224
296.934	91.739	21.013	43.694
298.402	91.949	20.838	36.191
300.370	91.317	19.038	36.773
299.930	91.542	19.508	37.479
300.609	91.671	19.024	37.922
301.078	91.689	18.779	37.388
299.947	92.171	19.835	33.522
300.980	92.372	18.836	32.899
301.394	92.942	18.480	32.663
301.630	93.144	18.165	32.859
300.979	93.090	18.199	32.336
301.939	93.206	17.904	32.002
301.468	93.098	18.427	32.619
301.483	93.136	18.125	32.530
301.529	93.326	18.026	33.236
301.713	93.258	17.724	32.923
301.786	93.077	17.441	33.067
302.284	92.982	17.266	33.476
302.461	93.123	16.908	32.883
302.787	93.681	16.708	32.901
303.437	93.765	16.752	32.312
304.729	92.990	16.336	33.202
305.287	93.366	17.140	33.860
305.360	93.462	17.439	33.860
306.057	94.505	18.321	32.474
306.880	95.039	18.716	33.355
308.183	95.540	18.658	37.181
309.791	96.341	18.859	34.533
311.307	97.423	19.531	32.004
313.850	97.920	19.187	34.739
316.327	98.216	18.948	32.795
318.651	97.884	18.415	34.099
319.688	97.748	19.081	34.093
321.576	98.058	19.370	36.216
323.801	98.695	19.562	34.139
326.360	99.002	19.181	34.880
328.556	100.463	20.299	33.311
330.361	100.704	20.177	30.954
334.256	100.703	20.337	33.087
336.736	100.939	19.099	31.284
338.289	100.484	18.051	32.120
340.093	101.010	17.714	32.236
342.050	101.441	17.671	33.378
343.793	101.462	16.832	33.029
345.282	102.382	16.536	35.128
348.046	102.860	16.718	35.954
349.840	104.283	17.328	35.953
352.176	104.534	17.511	37.821
352.900	104.966	18.697	43.240
354.107	104.378	18.597	43.857
354.731	104.348	18.339	43.101
355.591	104.086	19.063	41.858
355.685	105.156	19.050	41.629
356.110	105.649	20.089	42.392
356.098	105.096	20.103	42.017
355.911	106.523	20.964	41.710
356.087	106.235	20.918	43.859
356.715	106.294	20.069	43.408
357.107	105.394	20.937	44.620
357.421	106.047	21.028	43.715
358.172	106.953	21.102	43.109
358.673	106.375	21.266	42.637
358.816	106.208	22.371	41.529
358.504	106.160	21.879	43.586
358.455	106.442	22.533	42.788
359.331	106.003	22.375	43.800
359.001	106.001	22.846	43.194
358.802	106.149	23.089	42.255
357.957	106.470	24.309	44.453
360.194	105.937	23.891	43.104
359.227	105.787	25.529	45.310
358.403	105.717	29.323	48.476
357.995	105.380	29.427	49.545
357.854	104.851	30.238	51.184
357.910	105.164	29.219	49.927
359.087	105.048	29.711	48.923
359.087	105.857	29.169	46.818
358.194	105.650	30.340	48.296
357.468	105.860	31.303	49.058
357.135	105.109	31.712	49.450
356.918	104.930	30.506	49.738
356.821	104.928	29.764	48.771
356.422	104.017	30.149	49.664
356.119	102.680	27.852	51.381
355.276	102.173	26.106	49.957
354.660	101.856	25.383	50.905
352.024	101.534	25.841	51.679
350.281	101.451	25.516	49.274
349.151	100.683	25.558	50.737
346.617	100.739	27.480	49.096
344.267	100.580	28.369	46.815
341.992	100.079	28.728	48.256
339.554	100.361	29.921	45.491
337.939	100.374	29.464	44.640
336.508	100.662	26.734	46.339
332.901	100.846	27.607	46.334
331.445	100.241	25.606	45.339
329.262	100.162	24.696	47.592
328.174	99.876	23.119	47.694
324.810	98.945	23.961	49.188
321.415	98.518	23.437	49.435
316.407	100.176	23.890	48.274
313.107	100.109	23.535	47.590
309.375	99.331	23.912	44.283
306.030	98.689	24.554	44.941
303.886	98.339	24.982	45.734
302.663	97.825	23.581	47.350
300.529	99.230	23.307	45.930
294.762	100.542	24.564	43.925
291.951	100.445	24.152	42.114
289.592	100.438	24.025	41.854
285.297	100.481	25.022	41.554
281.370	99.339	24.731	39.518
280.787	100.058	24.514	40.733
278.249	100.312	23.664	41.147
274.473	99.914	24.487	40.806
272.086	99.981	22.420	39.644
267.420	99.308	23.637	38.601
266.231	98.542	22.981	38.171
261.529	98.521	24.755	35.904
259.078	98.418	25.038	35.330
256.971	98.873	24.372	34.627
254.171	97.513	24.043	35.641
251.068	97.970	22.344	36.148
247.491	97.164	22.477	37.105
244.873	91.689	21.962	39.510
242.321	95.582	21.902	40.046
238.975	93.464	20.699	38.752
237.610	92.362	19.457	37.783
234.874	92.615	21.504	37.749
234.488	90.732	20.291	39.446
232.190	90.456	21.081	38.899
232.104	90.919	21.692	38.747
233.312	90.763	20.464	43.295
232.123	91.433	21.581	43.851
229.971	90.470	22.954	44.163
228.661	90.500	23.436	44.033
224.397	90.991	24.553	41.709
226.442	90.629	22.751	42.697
224.408	91.794	24.177	40.812
225.165	91.272	21.781	41.889
224.689	91.471	23.260	41.926
222.752	92.658	24.101	39.552
223.742	92.481	22.992	40.495
218.402	92.856	27.726	38.758
219.755	92.475	25.033	39.630
220.586	92.498	23.458	39.615
216.571	92.891	25.821	40.026
216.851	93.006	24.767	39.268
215.612	92.468	24.083	39.126
216.969	92.481	22.577	39.747
217.659	92.959	21.934	39.844
215.702	93.744	22.515	39.314
214.486	94.218	23.168	38.556
213.673	93.940	22.931	38.808
212.734	92.609	21.830	39.136
211.689	92.062	22.354	38.672
212.081	92.125	21.466	38.707
212.201	91.184	21.650	40.200
211.340	91.749	24.364	38.728
213.564	91.381	20.342	38.388
214.504	91.986	19.421	39.612
212.262	91.870	23.334	39.633
212.139	91.571	23.652	40.165
213.570	92.186	21.741	38.356
213.079	92.476	22.300	39.003
211.198	92.150	24.375	39.907
213.256	92.423	20.661	38.354
214.277	93.126	19.834	37.129
214.678	93.012	18.685	36.845
212.896	92.075	22.608	38.948
211.275	92.509	23.333	39.134
212.986	93.551	19.996	37.380
213.591	93.962	18.960	36.791
212.608	93.073	19.925	38.014
212.542	94.243	20.567	35.020
212.941	93.125	19.435	38.225
213.127	93.710	21.683	37.615
211.996	93.630	23.830	36.652
211.850	92.819	23.836	38.044
211.436	94.474	20.734	36.490
211.619	94.727	20.896	34.981
211.105	91.543	21.676	38.573
210.022	94.577	21.620	37.901
210.363	94.039	20.540	38.529
208.400	95.572	22.421	37.248
207.196	94.669	23.162	37.108
207.200	94.740	23.420	37.730
204.908	93.767	25.564	38.562
203.487	94.055	24.967	37.409
202.260	93.471	24.668	36.222
202.483	93.173	23.256	36.732
201.672	91.259	22.578	37.459
201.036	91.719	23.558	37.719
201.013	92.297	23.962	37.588
201.034	91.763	21.884	38.034
200.129	91.978	22.419	36.456
200.002	92.333	23.124	36.573
199.111	91.499	22.632	37.828
200.128	93.673	27.085	38.745
198.062	91.757	24.198	41.267
196.883	91.470	25.409	42.512
194.732	91.488	22.376	38.287
193.314	90.421	21.463	38.885
191.700	89.172	21.813	37.955
190.072	88.881	21.069	37.774
189.102	89.134	21.149	36.964
187.984	89.286	23.090	35.851
184.977	88.629	25.340	37.069
181.009	88.502	26.550	36.983
182.304	87.074	22.855	38.161
178.048	87.378	25.407	38.830
178.766	86.601	21.725	41.375
176.725	86.429	22.515	42.296
175.454	86.324	23.080	41.694
172.103	86.013	27.870	42.899
167.977	86.048	29.046	42.937
195.905	97.391	25.255	35.974
192.420	95.922	29.808	35.700
192.771	94.427	30.440	36.351
161.445	85.578	28.509	38.250
165.810	85.211	22.862	38.603
165.837	84.210	22.678	36.585
163.361	84.475	21.707	38.041
161.213	83.781	21.707	36.984
158.779	83.412	20.529	35.958
156.616	82.964	19.710	37.118
153.764	83.659	20.146	37.331
152.435	82.983	22.148	37.138
151.248	83.572	29.510	37.540
149.122	83.264	29.871	38.449
148.618	83.905	30.517	38.420
127.054	74.579	21.581	44.331
123.076	74.589	21.406	43.704
122.254	74.958	20.602	42.433
120.498	74.190	19.659	41.185
115.694	73.395	20.969	40.912
114.508	73.568	20.663	40.621
111.866	72.467	20.150	42.070
107.956	72.874	22.835	41.867
105.664	72.769	22.136	42.856
103.702	71.617	22.201	41.085
100.417	71.801	23.617	41.904
111.691	76.177	27.216	38.557
111.507	76.368	27.387	38.023
90.516	73.161	30.458	39.745
95.955	73.830	32.620	40.637
101.811	74.020	25.182	39.683
100.977	75.824	24.805	36.952
98.292	76.163	26.935	36.983
97.700	74.142	29.809	37.387
95.432	73.647	29.647	38.386
94.581	73.891	31.635	38.750
92.549	72.066	27.175	38.791
90.702	71.173	27.189	38.338
88.485	70.917	28.081	38.227
84.154	70.724	28.934	38.048
81.180	71.923	30.900	38.025
80.706	69.189	30.932	38.958
78.695	70.240	29.242	38.091
50.160	66.343	23.532	41.390
48.482	64.786	24.199	41.614
71.767	68.091	30.265	38.201
70.099	67.990	29.877	39.078
68.121	68.326	31.118	39.368
66.071	68.359	31.758	37.886
64.945	69.038	32.147	38.600
64.392	67.420	29.495	39.454
58.786	65.488	28.263	40.239
54.591	65.490	28.497	38.882
50.466	65.489	32.306	38.300
45.969	64.711	26.296	39.004
43.277	66.108	25.836	38.371
38.568	64.475	29.164	36.622
36.781	63.597	26.163	38.186
34.739	64.439	25.313	37.431
29.958	63.277	27.959	36.650
29.191	62.517	25.659	35.985
24.735	62.857	24.967	34.639
24.256	61.383	21.444	33.802
22.601	61.936	21.532	32.207
20.043	60.289	22.635	33.218
19.125	59.888	22.135	34.276
16.698	58.974	24.095	34.717
13.045	57.513	26.876	35.071
10.411	58.072	27.520	35.584
7.156	59.447	30.809	33.015
4.684	60.084	28.366	33.885
2.738	56.428	30.305	38.000
1.029	58.395	31.528	38.491
0.628	59.029	30.782	39.256
0.002	58.374	26.915	41.793
0.206	56.065	25.778	43.222
0.268	54.291	25.449	39.877
37.730	52.870	23.377	30.083
25.866	31.878	39.427	38.776
37.335	21.489	30.196	49.538
43.257	26.408	44.281	53.847
31.835	47.612	49.845	66.320
42.909	54.625	53.232	81.521
48.438	57.832	58.864	105.063
56.730	43.670	59.938	110.428
66.766	30.786	58.564	99.605
79.078	23.822	52.473	85.288
69.465	34.752	52.971	102.758
61.305	34.945	48.577	95.140
68.297	40.995	58.419	105.660
52.963	46.799	61.300	106.408
39.860	50.583	62.083	115.385
46.383	63.688	60.543	132.040
54.702	43.786	66.821	117.371
70.879	22.383	61.212	105.046
82.168	23.433	52.482	99.036
69.141	43.098	54.109	96.508
56.868	50.836	55.976	112.357
64.118	48.280	58.495	117.650
50.419	57.991	56.351	112.088
61.738	52.657	61.026	116.240
48.084	54.772	59.174	118.206
60.459	45.232	61.142	119.642
