488.000	224.000	29.000	89.000
487.238	223.832	31.991	87.970
487.237	223.575	32.754	88.559
487.702	222.629	33.135	88.893
488.302	222.616	33.643	88.703
489.704	221.536	33.749	87.854
491.330	220.442	33.145	87.475
493.568	219.994	31.392	88.517
495.375	219.321	30.851	88.982
496.827	219.029	30.229	89.265
497.800	219.593	30.625	88.302
498.251	219.582	31.580	88.257
499.119	219.454	32.417	88.560
499.536	219.631	33.557	88.157
500.459	219.389	33.411	88.090
501.574	219.561	33.622	86.708
503.068	219.253	32.275	87.457
504.625	218.684	31.256	88.132
506.374	218.225	31.728	87.499
508.423	217.474	30.621	87.493
509.993	216.926	30.289	87.836
510.042	217.177	31.160	87.310
509.348	217.207	32.559	87.514
510.312	217.253	32.734	87.733
511.011	217.373	33.789	87.495
511.326	216.889	34.581	87.751
511.954	217.431	34.304	86.896
512.939	217.005	35.010	86.676
513.811	216.482	34.781	86.378
514.931	216.084	34.627	86.130
516.503	215.410	33.379	85.075
518.489	214.240	31.523	85.012
520.378	214.407	29.139	85.374
521.708	213.900	29.441	85.490
523.299	214.065	28.092	85.853
524.136	214.136	28.752	85.481
525.506	214.517	30.217	84.873
526.014	215.018	31.767	84.287
526.523	214.770	31.980	84.218
527.342	214.770	32.292	83.954
527.775	214.420	32.113	84.265
529.283	214.029	31.465	84.754
531.766	213.741	30.624	83.794
533.311	212.801	29.786	84.518
534.717	212.224	29.530	84.563
534.924	212.493	30.338	83.574
535.075	212.116	32.080	84.287
535.165	211.741	32.230	84.399
536.149	211.185	31.415	84.916
537.084	210.831	32.015	85.384
538.497	211.220	33.190	84.772
539.636	211.220	35.725	85.041
540.240	211.518	35.784	86.231
540.121	210.751	36.126	86.004
544.993	210.711	34.271	88.071
547.958	210.033	30.836	89.007
548.072	210.342	31.545	89.993
508.353	202.814	33.551	91.224
552.572	206.560	28.600	92.964
548.821	206.366	31.518	98.952
550.470	207.314	31.803	90.341
554.923	208.661	31.454	83.477
556.915	209.016	32.233	81.964
556.744	208.288	30.858	81.402
556.089	209.187	33.634	79.509
557.147	207.542	34.513	81.979
559.457	207.463	31.972	81.486
562.786	207.393	29.650	81.073
565.847	207.177	28.010	82.300
567.534	206.810	27.710	83.160
567.670	206.673	28.679	82.415
568.306	206.873	29.561	82.634
568.733	206.747	30.033	82.566
570.219	206.798	29.597	82.200
570.749	206.629	30.500	82.251
572.125	206.740	30.287	82.257
573.639	206.650	28.801	81.019
575.242	206.345	28.605	81.821
576.917	205.526	28.226	82.449
578.239	204.666	28.153	81.795
580.621	203.644	27.222	82.682
582.487	203.555	27.349	82.751
583.254	203.612	28.113	82.767
584.115	203.635	29.135	82.603
585.330	203.663	31.250	82.244
585.601	204.115	34.223	81.602
585.558	204.436	36.060	80.536
579.277	203.322	39.093	82.741
554.500	203.104	40.378	81.846
542.416	201.902	39.053	82.876
521.526	203.314	35.095	81.534
506.723	200.987	36.707	82.224
489.212	201.775	32.946	81.082
477.854	200.951	29.595	82.911
485.104	200.777	29.087	81.968
481.157	201.728	31.101	81.768
484.588	200.854	31.903	80.359
484.087	201.222	33.429	80.832
484.837	201.314	31.957	79.831
488.458	201.250	31.832	79.256
488.026	201.469	32.185	80.549
491.260	201.072	31.203	78.770
492.494	200.936	31.267	79.342
495.297	200.465	27.593	79.315
498.802	199.602	25.557	80.720
499.184	199.119	24.165	81.040
502.184	199.031	24.279	80.235
500.709	198.918	26.800	80.433
503.211	199.534	28.010	80.147
502.081	199.522	33.174	80.166
502.802	199.821	34.712	79.441
504.093	199.085	34.344	80.053
504.264	199.717	34.503	79.075
505.260	199.438	34.323	78.816
506.862	199.032	33.935	79.591
508.679	198.712	32.562	79.587
512.578	198.546	29.148	78.800
494.619	198.056	33.044	82.056
479.316	196.353	32.193	80.991
458.668	197.557	38.746	80.779
442.380	196.960	35.290	80.630
419.863	197.519	39.002	80.454
404.602	198.145	37.301	79.820
384.653	197.821	37.502	79.032
367.351	198.011	37.419	79.708
348.842	198.369	38.116	79.102
342.940	196.702	35.467	79.146
348.719	197.288	30.921	80.284
347.986	196.059	31.818	80.183
350.421	196.167	29.131	79.357
353.590	195.913	27.227	80.584
352.568	195.126	26.932	79.970
356.658	196.057	25.992	79.971
355.253	195.734	28.009	79.255
357.895	195.831	27.942	79.814
357.464	196.256	30.344	79.611
358.244	196.184	29.273	78.008
359.482	196.479	28.724	78.313
360.001	196.392	28.523	77.880
362.098	195.722	27.426	78.285
364.415	195.759	26.575	78.219
364.935	195.225	26.246	77.345
365.987	194.978	27.708	77.963
364.470	194.628	29.619	78.241
364.195	194.624	31.525	77.771
364.235	194.126	32.745	78.192
363.413	194.088	33.997	77.656
364.524	194.459	35.090	77.599
365.076	194.252	34.370	77.519
366.363	194.432	33.765	77.163
366.946	194.381	33.818	76.940
367.905	193.739	33.699	77.864
369.597	193.251	32.272	76.103
371.110	192.566	30.424	76.945
372.280	192.233	29.055	77.532
374.372	192.490	27.550	76.533
374.456	191.816	27.852	77.375
375.777	192.325	27.251	77.276
375.641	192.323	27.464	77.348
376.272	192.650	27.522	76.471
377.263	192.707	27.368	76.442
377.734	192.466	26.952	76.395
379.336	192.529	26.450	75.917
379.285	192.079	27.092	75.916
380.411	191.748	26.516	76.211
380.587	191.284	26.684	75.583
380.682	190.963	27.337	75.999
379.547	190.272	28.770	76.381
379.266	190.088	29.374	75.406
379.079	189.743	29.839	76.165
379.012	189.884	30.419	75.556
378.669	189.858	30.879	75.685
379.556	190.472	30.012	75.196
379.545	190.734	30.379	74.523
380.003	190.425	30.464	74.730
380.563	190.322	30.072	74.766
381.058	189.352	29.257	74.192
381.784	188.639	29.604	74.253
383.127	188.112	28.457	74.622
384.378	187.989	27.762	74.766
384.871	187.953	27.688	74.883
385.770	188.056	27.652	75.050
386.360	187.875	27.522	75.129
386.586	188.159	28.146	75.217
387.197	188.347	27.572	74.034
388.018	188.217	27.515	73.956
388.861	188.104	27.986	73.686
389.419	187.827	27.701	73.612
390.154	187.827	27.534	73.545
390.709	187.491	26.989	73.119
390.909	187.192	27.210	73.397
390.326	186.304	27.986	74.134
390.225	186.095	27.894	74.596
389.796	185.979	28.635	74.656
389.382	185.986	29.219	74.127
389.335	186.053	28.790	73.453
389.432	186.499	28.805	73.588
389.247	186.465	28.531	73.305
388.708	186.146	29.107	72.758
389.190	186.128	28.502	73.377
389.828	186.247	28.047	73.176
389.844	185.645	27.972	71.968
389.318	184.897	28.355	72.926
390.316	184.624	27.992	73.153
390.674	184.129	27.982	73.727
391.658	184.373	27.477	73.315
390.103	184.111	29.109	72.983
390.321	184.448	28.726	73.040
390.473	184.749	28.678	72.807
390.565	184.827	29.099	72.255
390.406	184.705	29.129	72.613
391.025	184.643	28.471	72.484
391.466	184.632	28.067	72.107
391.682	184.066	27.716	71.521
391.511	183.874	27.254	71.554
390.210	183.788	28.016	71.623
389.472	182.962	28.087	72.637
389.647	183.437	27.498	72.343
389.122	183.159	27.437	72.615
388.867	182.831	26.752	72.374
388.971	183.004	26.330	72.411
388.417	183.167	25.961	71.461
388.869	183.476	24.902	71.203
388.214	183.367	25.061	71.457
387.838	183.399	25.066	71.623
386.496	183.070	26.084	71.513
385.863	182.729	26.169	72.005
385.091	182.233	26.671	71.597
384.593	181.624	26.601	72.176
383.274	181.297	27.418	72.285
381.764	179.435	29.021	73.476
380.728	179.236	30.259	74.366
380.606	175.955	30.084	76.878
380.480	174.975	29.947	77.762
380.030	175.162	30.648	77.884
380.314	174.302	30.667	78.931
380.521	174.315	30.886	79.107
379.952	173.679	30.865	79.929
379.550	172.704	31.143	80.230
379.180	171.909	31.754	80.731
379.841	171.962	30.401	80.603
378.453	172.507	31.887	80.322
378.432	172.975	31.767	80.455
378.037	173.765	31.679	78.472
376.960	177.193	31.328	74.908
376.829	179.426	30.921	71.942
377.547	179.295	28.667	72.212
376.928	180.228	28.924	70.795
377.076	179.744	27.861	71.168
376.306	180.476	27.253	70.566
375.854	180.431	27.828	70.321
376.062	179.949	26.701	70.194
375.630	180.645	26.735	69.766
375.080	179.883	26.770	70.578
374.185	179.662	26.776	70.195
373.047	179.419	27.540	70.534
372.177	179.785	28.034	70.527
371.194	178.692	28.205	71.726
369.912	177.395	28.818	71.899
368.997	175.216	28.548	74.301
367.059	174.113	30.141	75.042
366.622	173.005	30.599	76.557
365.679	171.673	32.505	76.657
365.077	170.475	32.728	78.105
364.811	169.755	33.568	78.695
364.359	170.156	34.115	77.998
364.608	170.334	33.669	77.260
365.257	171.829	32.426	76.893
365.034	173.353	32.343	74.467
365.272	176.468	31.126	70.958
365.420	176.924	29.686	70.193
365.464	177.088	28.422	70.040
365.396	176.269	26.978	71.118
365.663	176.640	26.196	70.641
365.502	176.832	26.623	70.310
365.968	176.370	25.080	70.551
365.969	176.211	24.646	70.562
366.100	176.052	23.919	70.599
366.021	176.298	23.684	70.273
365.653	176.733	24.052	69.731
365.963	176.515	23.809	69.757
365.311	176.320	24.305	69.514
364.579	176.186	24.917	69.674
363.798	175.356	25.897	69.098
363.568	175.176	26.174	69.303
362.656	174.305	28.005	69.417
362.516	173.604	28.515	69.966
362.402	173.898	28.960	69.561
363.195	173.295	28.094	70.430
363.327	173.231	28.527	69.941
363.579	173.645	28.857	69.527
364.143	174.089	29.021	69.108
364.826	174.290	27.768	68.855
364.821	174.297	27.742	68.724
365.031	173.696	27.957	68.936
365.058	173.142	27.657	68.699
364.919	172.064	27.620	69.241
365.175	171.728	28.173	69.211
365.486	171.526	27.181	69.342
365.208	171.254	28.284	69.589
365.545	171.101	27.881	69.801
365.306	171.416	28.760	69.461
365.748	171.857	28.293	69.264
366.163	171.990	27.516	68.885
365.835	172.438	27.440	68.458
365.894	172.290	27.583	68.311
365.835	172.278	27.862	68.016
365.940	171.646	27.053	68.853
366.268	171.242	26.687	67.930
366.639	170.907	26.487	67.669
367.404	170.234	25.676	68.241
367.306	170.061	26.092	68.435
368.161	169.978	25.836	68.573
368.918	169.836	25.651	68.654
368.943	169.708	26.109	68.779
369.335	169.486	25.938	68.901
369.606	169.699	26.097	68.440
369.474	169.799	26.652	68.000
369.869	170.418	26.795	66.735
369.148	170.361	26.944	66.587
369.546	169.994	26.892	66.863
369.642	169.344	26.424	66.822
370.213	169.166	26.282	66.923
370.044	168.717	26.909	67.261
369.798	168.729	26.690	66.959
368.886	168.350	28.410	67.221
368.689	168.061	28.370	67.386
368.751	168.215	27.926	67.277
369.156	168.970	27.718	67.323
368.715	168.520	28.129	67.148
368.807	168.970	27.662	66.402
368.571	168.866	27.348	67.036
369.172	167.812	26.684	66.895
369.546	167.647	26.408	66.310
369.912	166.639	25.856	67.071
370.311	166.166	25.847	67.345
370.634	166.490	25.442	67.142
370.782	166.006	25.431	67.107
371.232	166.239	25.205	67.137
371.987	166.253	24.156	66.958
372.242	166.111	24.420	67.666
372.739	166.415	24.121	67.248
373.118	165.972	24.199	67.295
373.490	165.959	24.861	67.534
373.830	165.546	24.597	67.164
374.237	165.090	24.459	67.241
374.112	164.936	25.042	67.254
373.121	164.686	26.493	66.785
373.313	164.398	26.471	66.992
372.772	164.858	26.873	66.455
372.285	165.001	27.070	65.983
372.817	165.061	26.942	65.968
372.717	165.264	26.807	65.705
372.091	164.806	27.956	65.481
372.704	164.992	27.307	65.234
373.322	164.760	26.446	64.909
373.094	163.628	26.475	65.015
374.112	163.666	25.867	65.300
374.931	163.569	24.998	65.281
375.867	163.325	24.437	65.164
376.100	163.295	24.764	63.933
375.923	162.925	24.916	63.325
376.763	162.370	24.351	63.447
376.901	162.703	23.998	62.380
377.859	162.884	23.233	62.385
378.711	162.769	23.052	63.495
379.087	162.661	23.350	63.631
379.342	162.376	23.398	63.746
379.581	162.153	23.487	64.111
379.592	161.690	23.378	63.998
379.775	161.492	23.726	64.053
379.346	161.271	24.380	64.044
379.207	161.037	24.556	64.238
378.796	161.542	25.044	63.556
378.571	161.590	25.649	63.858
378.490	161.822	25.929	63.521
378.781	162.039	26.104	63.478
379.005	162.125	25.823	63.161
378.966	161.083	25.759	63.221
379.320	161.063	25.581	63.718
379.480	161.041	25.408	62.179
380.439	160.337	24.786	62.956
381.024	160.117	24.518	62.966
382.045	160.015	23.580	63.415
382.251	160.240	24.201	63.393
382.097	160.015	24.478	63.071
382.985	159.907	23.778	63.294
383.160	160.109	23.651	62.397
384.004	159.906	22.864	62.251
384.500	160.098	22.340	62.820
385.611	159.572	21.893	63.072
385.781	159.991	21.907	63.183
386.453	160.082	21.879	62.884
387.061	159.728	21.750	62.718
386.699	159.035	22.355	63.140
387.162	158.769	22.005	63.723
386.227	158.856	23.493	62.900
385.902	158.574	24.512	62.119
385.895	158.031	24.445	62.694
386.008	158.333	24.564	62.414
386.130	158.566	24.468	62.052
386.393	158.989	24.918	61.849
386.131	158.436	24.851	61.987
386.362	158.031	24.224	62.301
386.083	157.177	24.745	61.560
386.668	156.258	24.385	61.815
387.653	156.246	23.375	62.562
387.917	155.791	23.162	62.462
388.307	156.076	22.992	62.675
388.881	156.029	22.640	62.867
388.983	155.616	22.714	63.365
388.771	155.713	22.917	63.066
389.177	155.497	22.691	63.140
389.853	155.627	22.103	62.954
389.959	156.183	22.396	62.086
389.941	155.706	22.836	62.518
391.022	155.259	21.946	62.425
391.089	155.333	22.315	62.085
391.293	155.162	22.027	62.619
391.667	154.946	21.943	62.445
390.971	154.932	22.728	62.694
390.684	154.330	23.002	62.784
389.840	154.245	23.871	63.475
389.805	154.716	23.997	62.548
389.239	154.160	24.603	62.565
389.469	155.162	24.515	62.326
389.002	154.617	24.504	62.519
389.432	154.630	24.481	62.662
388.841	154.587	24.598	62.649
388.915	153.999	23.896	61.569
390.465	154.362	22.850	61.253
390.451	153.546	22.748	61.341
391.089	153.524	22.479	61.599
391.344	152.632	22.118	61.910
391.925	152.932	21.353	61.693
391.878	153.512	21.907	61.378
392.191	153.554	21.489	60.842
392.625	153.942	21.167	61.097
393.297	154.029	20.881	60.198
393.643	153.753	21.006	61.126
393.924	153.735	20.975	61.002
394.539	152.613	21.116	60.828
394.680	152.880	21.165	59.909
394.643	152.628	21.523	59.824
394.831	152.149	21.813	60.091
394.435	152.188	22.465	60.412
394.615	152.465	22.631	60.575
394.235	153.257	23.645	59.408
394.530	153.093	23.250	59.224
394.687	152.548	23.002	60.166
394.906	151.997	22.874	60.023
394.675	152.257	23.874	59.247
395.426	152.216	23.269	60.180
395.412	151.511	23.077	59.552
396.637	151.896	22.550	60.529
396.675	151.176	22.862	59.584
397.615	151.372	22.341	59.712
398.265	151.331	21.778	59.323
398.479	149.974	22.053	60.081
399.281	150.045	21.854	60.419
399.181	149.547	22.217	60.565
400.199	149.763	21.924	60.661
400.502	150.341	22.142	60.481
401.199	150.507	21.662	60.180
401.515	151.534	22.271	59.925
402.308	150.882	21.588	59.441
402.779	150.586	21.814	59.866
403.216	149.835	21.937	59.662
403.266	148.709	22.210	60.558
404.090	149.196	21.866	60.557
404.653	149.113	21.985	60.357
404.615	149.671	22.282	60.070
404.728	149.732	22.518	59.710
404.376	149.300	23.010	60.089
404.324	148.866	23.581	61.245
404.133	148.632	23.893	59.614
404.842	148.986	23.521	60.148
405.368	148.377	23.419	59.916
405.964	148.475	23.107	59.788
406.615	148.298	23.051	60.153
407.387	147.447	22.735	59.721
407.868	147.936	22.465	59.534
408.488	147.041	22.089	59.607
408.803	147.291	21.944	59.983
409.209	146.859	21.636	60.659
410.058	146.547	21.471	60.727
410.237	147.535	21.772	60.093
411.165	147.087	21.245	59.993
411.589	147.145	20.926	60.136
411.967	147.104	20.683	59.828
412.234	147.249	21.352	60.194
413.849	147.195	20.262	59.470
414.256	146.557	20.715	58.468
414.772	147.016	21.664	58.810
415.635	146.583	20.895	59.134
415.878	146.554	22.556	58.692
415.373	147.429	23.969	58.076
415.199	146.835	23.880	57.498
415.020	146.495	24.682	58.479
415.423	146.804	24.338	57.982
415.598	146.440	24.697	58.068
416.205	147.091	24.582	57.153
416.683	146.772	24.598	57.410
417.668	146.280	24.381	57.493
418.110	146.451	24.663	57.460
419.215	146.373	23.664	57.276
420.230	146.585	23.896	57.077
421.561	146.429	22.081	57.917
422.280	146.214	22.467	57.483
423.281	146.587	22.070	58.054
423.985	146.514	22.519	56.472
424.792	146.554	21.997	56.733
425.414	146.768	22.623	55.781
425.316	146.408	22.886	55.769
426.777	146.524	22.458	55.931
427.083	146.524	22.737	56.033
428.751	147.263	21.605	55.985
430.354	147.033	21.619	54.686
430.982	146.707	21.251	55.433
432.497	147.068	20.933	54.527
432.719	145.668	21.661	55.647
432.403	145.690	22.853	56.040
432.401	145.729	23.756	55.947
432.631	146.237	24.572	55.600
433.078	146.771	24.539	55.615
433.915	147.475	24.749	54.284
434.631	147.155	24.666	54.274
435.285	146.571	24.358	54.130
435.917	145.620	23.907	53.948
436.115	145.010	23.901	53.388
437.235	144.555	23.271	52.705
437.448	143.502	23.183	54.318
438.055	143.295	22.777	54.980
438.980	143.049	22.367	56.057
439.260	143.059	22.440	55.917
439.656	142.229	22.485	55.356
440.033	141.584	22.562	54.584
440.501	140.794	22.664	54.985
441.110	140.842	23.316	54.734
441.448	140.881	23.643	54.595
442.429	141.132	22.850	54.543
443.275	141.573	22.516	55.642
444.270	142.113	22.339	55.240
444.705	141.440	23.015	55.910
445.064	141.058	23.062	55.999
444.886	140.358	23.439	55.940
444.652	139.756	24.273	55.590
445.137	139.607	23.472	56.702
445.371	139.704	23.994	56.605
445.798	140.031	24.298	57.288
446.229	140.358	23.863	57.350
446.460	140.624	23.991	56.314
446.421	140.300	24.466	56.428
446.183	140.073	24.212	56.813
446.285	139.514	23.856	56.787
446.255	139.232	23.499	56.604
446.225	139.047	24.004	56.681
445.929	139.358	23.914	56.318
446.487	139.818	23.609	56.013
446.944	139.253	23.007	57.443
447.318	139.086	22.703	57.710
446.622	138.995	23.173	57.416
446.798	138.850	22.709	57.213
446.916	138.538	22.522	56.915
446.652	138.710	22.489	56.347
446.971	139.134	21.722	56.281
446.915	139.769	22.331	55.541
446.943	139.690	22.811	55.812
447.146	140.113	22.165	55.878
447.494	139.506	22.378	56.625
447.603	138.661	22.145	57.192
446.915	138.498	22.534	56.853
446.623	137.882	22.087	56.997
446.343	137.788	22.581	57.014
445.207	138.070	23.529	57.206
445.407	138.550	23.605	56.852
445.234	138.799	23.352	57.546
444.809	139.212	23.323	57.320
444.915	139.370	23.180	56.929
444.384	138.775	23.410	56.717
443.690	138.450	23.008	56.627
443.740	138.011	22.708	57.135
443.429	138.090	22.973	56.645
443.545	138.303	21.901	57.181
442.769	138.671	22.862	57.261
443.169	138.994	22.578	55.802
442.830	138.234	22.305	56.297
442.773	137.685	22.230	56.065
442.775	137.962	22.123	55.139
442.835	137.861	21.957	54.839
442.779	137.858	21.869	54.314
443.275	138.321	21.470	54.114
443.172	138.537	21.491	54.266
