377.000	78.000	71.000	48.000
383.813	75.928	66.821	52.816
384.731	75.255	66.695	53.146
386.751	75.148	66.483	53.057
390.176	75.361	66.316	53.237
390.947	75.606	67.125	52.739
394.867	74.718	66.207	53.852
395.447	74.898	66.720	52.686
398.632	75.091	66.232	52.287
409.147	73.603	64.504	53.971
414.126	72.982	63.939	54.359
415.708	72.862	63.600	54.658
418.425	73.264	62.800	53.557
420.452	72.529	61.351	54.274
421.463	72.636	61.713	54.026
425.248	72.054	59.860	54.816
426.343	71.906	59.959	54.424
428.393	72.497	59.851	53.482
430.519	72.111	59.881	53.694
432.290	72.476	58.712	53.348
434.634	73.282	58.282	52.476
437.074	72.404	57.965	53.031
439.622	70.891	57.268	54.466
442.358	70.900	55.760	54.194
445.443	72.036	55.707	52.675
447.992	71.987	54.280	52.765
450.336	71.408	53.345	53.203
452.216	71.825	52.609	52.717
454.729	70.012	50.483	54.719
457.810	70.259	49.172	53.848
458.628	70.188	49.426	53.707
461.162	70.002	48.164	53.705
462.430	70.008	47.268	53.428
464.857	70.239	46.412	53.023
466.813	70.352	46.710	52.809
468.882	70.460	46.471	52.675
470.371	69.837	44.748	53.239
472.060	69.971	45.149	52.570
474.217	69.721	44.473	52.892
474.532	69.171	44.391	53.233
476.214	69.161	44.289	52.582
477.865	69.577	43.472	52.300
478.808	69.372	43.653	52.138
480.277	69.228	43.735	52.308
481.332	69.336	43.274	52.148
482.594	69.118	42.484	52.639
484.158	68.650	42.641	51.769
485.193	68.709	42.383	52.007
486.369	68.507	41.780	51.891
488.047	68.709	41.379	52.111
488.624	68.750	41.439	51.583
489.733	68.565	41.439	51.744
490.430	68.248	41.076	51.475
492.311	68.134	40.415	51.922
493.348	68.308	40.649	52.033
494.787	68.274	39.706	51.500
495.638	67.746	40.098	52.030
496.009	67.529	39.613	52.016
497.429	67.564	39.784	51.955
497.902	67.494	39.388	52.025
499.132	67.600	39.329	51.995
499.804	67.282	39.132	52.442
500.409	67.032	39.048	51.976
500.927	66.996	38.865	51.880
502.112	67.102	38.576	51.698
503.110	66.890	38.357	51.656
504.774	66.918	37.719	51.418
505.654	66.821	37.670	51.507
506.970	66.434	37.175	51.416
507.613	66.220	37.307	51.488
509.434	66.429	36.691	51.128
510.296	66.579	36.725	51.065
511.302	66.371	36.800	50.702
512.019	65.950	36.475	50.902
512.918	65.878	36.573	50.577
513.700	65.843	36.544	50.514
514.304	65.668	36.576	50.762
516.064	65.545	36.222	50.875
516.363	65.545	36.363	50.528
517.687	65.326	36.421	50.647
518.052	65.530	36.679	50.518
518.103	65.360	37.803	50.440
518.935	65.211	38.295	50.954
519.324	65.235	38.610	50.515
520.773	64.994	37.783	50.433
521.176	64.969	37.428	50.277
522.492	64.717	37.279	49.793
523.935	64.766	36.945	50.034
524.857	64.766	36.555	50.183
525.046	64.490	37.224	49.934
526.508	63.808	36.526	49.893
527.749	63.868	36.273	49.677
528.588	63.816	36.077	49.769
529.636	63.648	35.674	49.912
530.522	63.542	35.669	49.673
530.723	63.361	35.957	49.595
532.381	63.224	35.015	49.642
532.369	62.940	36.145	49.637
533.832	63.224	35.807	49.496
534.849	63.224	36.053	49.134
535.298	63.068	36.127	49.081
536.367	62.633	35.830	49.540
537.009	62.155	36.004	49.443
538.388	62.358	35.828	49.072
539.339	61.940	35.512	49.541
540.382	62.035	35.584	49.260
541.046	61.768	35.523	49.333
542.460	62.397	35.106	48.488
543.347	61.861	34.974	49.166
543.322	61.991	35.164	48.894
544.583	61.957	34.408	49.047
545.142	61.545	34.650	49.288
546.019	61.924	35.079	48.274
547.313	61.996	33.513	47.984
548.053	62.536	33.971	47.360
549.107	62.631	33.876	46.709
549.971	62.948	33.930	46.427
550.380	62.979	34.052	46.649
551.331	63.134	34.500	45.899
551.874	62.885	34.588	45.967
552.453	62.538	36.369	46.045
554.173	62.116	36.793	45.841
554.736	61.442	37.658	46.720
556.041	60.645	36.505	47.194
556.812	60.857	36.756	47.861
557.894	60.042	35.660	47.934
558.210	60.061	35.746	48.250
558.798	59.924	34.968	48.746
559.175	59.866	33.299	48.949
559.118	59.796	33.111	49.227
560.016	59.248	31.942	51.590
560.918	59.793	31.747	52.100
561.927	59.685	30.901	54.653
562.535	59.650	31.294	55.776
562.422	60.014	32.907	55.079
562.733	59.374	33.139	55.541
564.174	59.876	32.338	55.000
564.175	58.880	33.803	54.418
565.257	58.383	33.503	53.957
565.357	58.059	34.418	50.691
567.390	58.083	33.294	48.911
566.125	57.877	34.874	47.783
564.673	57.765	36.649	47.653
563.729	57.472	37.805	47.855
564.511	57.431	37.507	47.621
566.249	57.155	36.385	47.617
568.532	57.485	34.835	47.184
571.356	57.644	32.240	46.702
572.730	57.390	31.478	47.061
573.645	56.853	31.170	47.124
574.267	57.325	31.651	46.887
574.880	56.984	31.600	47.105
575.645	57.315	31.568	46.239
575.927	56.879	31.803	46.743
576.253	56.992	32.284	46.074
577.004	57.024	32.484	46.201
578.233	56.677	31.901	46.277
578.086	56.607	32.660	46.559
578.507	56.638	32.946	46.066
579.447	56.315	32.690	46.014
579.759	55.961	33.016	46.558
580.379	55.740	32.869	46.255
581.089	56.179	32.441	46.045
581.423	56.117	32.262	46.221
582.718	55.772	31.436	46.227
583.294	55.784	31.384	45.505
584.242	55.651	31.141	45.345
584.548	55.877	30.866	45.158
585.120	55.637	31.138	44.767
585.529	55.131	31.023	45.320
586.499	55.144	30.778	44.838
587.119	55.116	30.494	45.292
587.797	55.131	30.353	45.146
588.380	55.471	30.212	44.633
589.008	54.918	30.209	44.938
589.059	54.359	30.619	45.078
590.161	54.685	29.803	45.051
589.943	54.293	30.495	45.274
590.707	54.563	30.047	44.823
591.160	54.370	30.296	44.915
591.798	54.301	30.068	44.938
592.179	54.058	30.346	45.006
592.976	54.332	30.225	44.864
593.898	54.089	29.852	44.845
594.173	54.119	29.949	43.955
595.678	53.054	29.284	45.126
595.959	53.773	29.567	44.469
595.782	53.944	30.060	44.236
596.238	54.364	30.140	43.921
596.240	54.037	30.296	43.815
597.325	53.655	29.474	43.896
597.947	53.860	29.439	43.841
598.202	53.683	29.929	43.933
599.620	53.113	29.056	44.310
599.975	52.663	28.870	44.214
600.542	52.948	28.904	43.604
600.733	52.641	28.833	43.903
601.184	52.712	28.578	44.053
602.045	52.717	27.885	43.473
602.443	52.630	27.216	43.136
603.962	52.621	25.647	43.116
603.323	52.896	26.590	42.646
604.424	52.698	25.504	42.998
604.411	53.081	25.305	42.287
604.625	52.941	25.375	41.915
605.213	52.800	24.787	42.042
605.819	52.731	24.181	41.553
606.946	51.824	23.054	42.647
606.365	51.633	23.622	42.797
607.018	51.443	22.872	43.312
607.271	51.853	22.729	41.986
607.780	50.308	22.087	43.093
607.612	50.431	22.133	44.269
607.973	49.626	21.816	44.910
608.481	50.250	21.504	44.041
609.207	50.982	20.793	43.181
609.684	48.623	20.316	45.427
609.695	48.940	20.143	44.555
610.540	49.415	19.388	44.356
610.898	48.897	18.933	44.946
610.824	49.148	19.165	44.474
611.669	47.314	18.321	46.324
611.968	47.945	17.937	44.996
612.405	48.497	17.595	44.340
612.450	48.477	17.550	44.634
