361.000	217.000	49.000	168.000
358.248	220.153	60.413	167.938
364.371	219.789	56.053	172.079
371.248	217.792	55.511	172.170
377.795	216.577	53.974	172.676
381.961	218.111	55.337	174.339
384.659	220.824	60.511	173.617
384.377	222.892	68.997	172.077
389.074	225.443	75.946	168.386
395.645	224.625	75.004	171.283
402.517	224.440	66.804	170.763
406.616	223.686	59.821	171.382
410.742	224.149	57.161	171.728
411.763	223.972	59.195	169.523
406.713	224.270	63.380	173.744
395.423	225.668	65.320	171.642
384.909	227.948	69.057	168.674
376.478	228.353	65.799	169.173
369.912	226.822	62.557	173.544
361.896	226.864	62.699	173.159
355.195	225.045	60.466	176.341
346.497	225.594	62.064	175.756
338.377	226.118	61.473	176.901
320.068	228.306	72.140	175.714
310.496	230.710	76.590	173.043
300.286	232.199	77.700	171.300
289.949	231.076	73.818	166.538
282.408	230.404	65.807	168.749
269.304	230.192	61.086	173.185
257.283	231.142	62.684	174.686
241.711	231.515	70.498	174.713
228.364	234.380	70.875	170.363
218.014	234.208	63.864	171.677
207.480	233.758	65.460	174.909
197.429	232.957	64.177	173.521
187.921	232.776	63.968	173.669
177.023	233.130	65.997	176.800
158.509	237.822	78.052	169.430
144.170	240.043	84.635	167.343
135.835	238.398	81.515	168.131
123.926	235.911	63.526	173.381
108.346	236.137	60.127	173.220
95.211	236.432	67.266	173.389
80.647	239.913	77.800	169.398
69.098	241.394	81.254	168.317
59.413	240.220	73.724	168.328
51.016	238.862	66.211	170.373
41.097	237.104	63.071	171.488
29.802	235.625	60.793	173.848
20.511	235.514	65.108	173.721
16.511	238.762	76.556	169.727
20.539	239.441	84.262	167.287
29.740	234.975	80.085	170.250
35.861	231.740	68.602	172.927
44.209	228.677	61.227	175.246
46.459	227.340	61.367	178.294
49.857	228.201	68.100	175.398
52.544	230.625	72.785	169.057
58.989	232.020	74.276	166.354
67.557	229.474	70.196	167.026
71.859	227.064	62.511	167.521
73.585	225.372	61.658	166.406
80.395	224.086	62.044	172.924
85.128	224.732	69.397	174.349
86.106	227.745	82.988	168.270
97.562	228.096	82.513	167.407
101.510	227.540	79.746	168.360
107.586	224.555	73.891	171.772
113.153	224.100	60.784	173.392
117.078	224.168	59.576	175.151
120.473	225.463	63.451	174.880
121.197	226.515	71.449	172.257
122.546	227.939	79.497	167.314
130.939	228.605	78.679	166.479
136.032	227.270	67.392	167.220
138.969	226.359	61.616	168.080
145.013	223.323	56.908	172.599
147.437	222.578	59.484	170.892
156.097	222.097	60.314	172.780
155.619	223.027	73.521	173.841
155.203	226.243	85.785	166.447
167.277	224.275	79.894	168.089
171.608	224.833	76.552	167.037
178.484	223.043	69.298	169.172
181.951	221.146	64.094	170.019
186.650	220.287	58.364	171.227
192.130	220.942	59.705	168.426
193.217	221.676	66.471	170.140
195.768	225.574	74.945	163.206
194.347	224.187	72.373	166.003
188.828	223.240	61.878	166.085
180.593	221.959	58.684	169.422
167.946	221.730	59.190	170.116
160.690	221.972	60.622	172.537
149.322	224.651	66.218	169.789
138.686	227.435	70.997	162.487
136.569	229.297	73.124	160.473
141.449	226.362	72.981	166.566
146.977	225.674	68.764	163.201
155.047	222.261	59.870	168.108
157.920	221.902	57.265	170.399
162.368	221.950	56.324	170.986
165.256	223.204	56.877	165.839
167.985	220.506	58.752	166.428
171.588	221.147	62.155	156.160
176.732	219.030	60.338	162.330
181.892	216.499	56.680	163.782
189.289	214.984	53.068	164.000
200.742	214.841	51.031	160.330
209.382	214.738	48.649	166.705
212.549	213.012	51.862	167.800
216.503	216.192	52.814	158.326
210.791	218.457	57.193	155.932
201.558	217.297	56.095	157.010
192.097	216.323	60.744	158.901
185.203	214.102	60.963	160.245
178.881	212.008	58.191	160.806
172.876	211.721	55.779	163.519
167.050	210.668	54.073	163.161
156.691	212.376	54.782	155.800
147.161	214.135	60.801	155.752
136.541	213.928	54.130	157.002
129.993	211.362	60.786	160.685
130.499	210.104	58.079	159.795
136.253	207.978	49.760	160.694
140.022	207.808	53.500	162.618
149.518	209.783	55.206	159.463
154.011	210.381	64.248	159.479
157.794	208.816	63.138	160.880
168.227	206.882	53.594	161.687
175.634	205.205	50.891	162.609
179.661	202.537	50.355	164.557
185.680	202.366	49.838	164.145
193.034	203.285	49.892	163.159
196.499	204.223	53.345	162.030
201.920	204.046	55.211	161.004
206.926	202.122	54.135	163.374
216.573	202.517	49.522	161.730
222.059	201.022	50.082	163.932
219.023	198.505	52.976	164.294
210.934	198.285	55.359	165.310
206.270	197.353	53.535	165.845
193.889	199.517	58.860	163.554
183.714	201.497	60.781	160.815
177.725	199.865	57.480	160.159
174.563	199.669	54.689	158.935
176.652	197.616	52.622	159.407
187.098	197.772	49.414	161.694
194.284	196.721	49.853	163.799
210.389	195.146	50.868	162.037
225.236	192.673	50.091	166.247
234.180	192.806	50.266	164.899
244.983	195.001	51.132	162.567
255.848	190.791	48.930	162.873
265.374	188.435	48.851	164.541
275.585	187.685	48.769	162.823
285.115	185.278	50.110	163.592
298.783	187.030	47.832	162.032
311.424	187.032	48.798	161.344
322.960	185.906	49.696	164.559
334.368	186.385	48.306	164.343
344.569	184.023	48.717	165.726
355.070	184.477	48.643	164.127
362.105	184.191	48.890	164.446
358.104	187.193	50.410	162.378
348.673	187.017	57.993	161.730
342.730	188.228	60.136	159.260
340.139	187.956	60.520	160.689
328.927	185.567	55.079	161.846
314.183	183.855	54.368	162.963
308.890	183.761	49.287	154.464
313.670	181.175	55.728	156.650
300.997	178.523	55.346	160.445
290.415	179.805	55.086	156.372
287.132	178.338	50.952	161.864
283.071	179.859	53.250	160.094
278.568	179.258	51.407	158.698
277.366	178.413	47.221	158.369
273.522	177.682	44.282	159.705
269.744	176.623	44.892	163.511
267.223	177.466	44.633	165.093
262.205	179.402	45.162	159.811
257.511	178.509	47.612	160.168
251.182	178.185	50.051	162.598
255.821	178.988	52.328	157.436
265.300	177.014	52.293	151.526
278.493	173.573	51.186	154.574
287.725	171.739	48.316	155.757
296.040	169.724	48.743	156.563
288.532	169.127	48.547	158.636
278.204	168.627	53.974	158.370
273.944	172.024	57.091	154.786
269.191	171.867	60.224	152.889
262.008	170.820	57.875	152.882
261.258	170.443	50.005	150.799
256.026	165.924	44.433	154.556
250.997	165.790	43.757	154.773
247.412	162.333	43.011	159.401
242.892	164.150	46.844	159.625
233.598	165.367	50.431	156.137
228.869	167.391	50.959	154.934
223.410	166.436	51.650	154.332
221.529	163.527	47.219	156.971
217.444	162.961	47.407	151.984
214.944	163.320	46.210	150.744
209.223	161.845	47.027	153.779
203.501	159.660	46.584	155.151
200.457	160.457	45.436	151.300
195.224	159.375	46.933	154.779
187.496	163.807	52.644	151.790
179.166	164.183	56.374	155.318
170.091	162.061	58.985	153.249
168.532	164.459	57.489	150.045
163.646	161.543	50.353	151.499
163.334	162.936	47.287	149.318
160.377	162.617	45.190	150.203
154.088	158.083	44.976	155.046
148.946	159.963	45.423	153.363
139.172	160.141	51.306	150.926
131.814	159.296	54.101	151.398
129.576	157.953	51.275	153.968
124.986	159.082	51.552	151.435
120.625	156.832	50.144	151.354
117.861	157.009	46.468	143.635
112.695	153.525	47.123	147.670
108.670	154.394	47.033	149.309
104.701	153.607	47.932	147.961
96.147	153.616	54.245	147.166
90.755	152.278	57.922	150.145
85.688	152.596	61.230	150.239
80.179	153.336	61.351	147.073
76.170	153.062	55.366	147.811
74.653	153.106	50.359	144.337
71.896	151.991	47.100	146.234
67.458	151.961	47.163	145.780
66.424	151.911	45.057	146.866
61.882	152.682	46.560	144.479
56.836	152.920	48.260	143.681
53.854	152.491	47.433	142.521
51.722	152.151	46.532	142.064
48.787	149.078	47.399	142.870
52.016	147.234	45.869	145.454
58.090	146.421	48.084	139.596
63.889	146.457	46.531	139.389
66.005	144.976	47.668	141.691
69.773	143.150	47.383	142.380
77.176	143.429	48.359	140.166
82.316	144.390	49.732	140.019
88.087	143.665	49.660	137.458
92.681	141.602	51.490	140.681
97.685	140.725	49.953	140.348
102.808	138.579	48.946	141.815
106.597	138.088	47.318	143.253
111.715	137.260	45.722	141.181
115.173	135.960	45.227	142.312
118.925	136.015	48.232	142.267
124.368	136.052	47.442	139.978
128.558	135.781	48.311	139.887
135.798	135.579	48.701	136.632
140.219	133.291	49.412	140.830
145.773	133.413	48.448	135.792
150.671	130.989	47.019	139.412
153.719	129.221	47.346	140.075
158.101	128.843	46.399	138.740
164.150	126.057	46.507	139.510
170.241	130.340	47.048	134.451
172.488	127.504	50.666	136.875
176.880	129.448	53.303	132.243
180.594	126.726	52.419	136.298
184.146	126.979	52.403	135.031
189.125	124.343	49.031	137.034
193.300	124.516	48.744	136.625
196.642	123.281	47.077	137.880
202.193	123.053	46.956	137.856
206.958	121.812	46.954	138.302
211.461	122.101	47.212	136.043
215.388	121.297	47.276	135.871
222.346	121.274	47.054	135.956
226.712	121.083	46.816	136.584
232.167	119.312	44.729	134.121
239.479	116.783	44.486	132.490
247.393	115.371	43.174	123.486
252.648	113.942	42.297	122.748
261.259	114.240	40.111	102.210
267.781	112.481	38.333	89.994
274.056	113.037	37.018	85.525
281.537	110.758	34.988	79.937
284.824	112.207	35.534	73.967
287.916	110.476	36.249	73.653
294.386	106.751	36.168	73.529
299.260	105.940	35.905	72.146
301.379	107.323	40.297	78.182
312.092	110.940	34.817	90.987
313.241	105.441	37.581	89.260
321.519	109.639	36.805	102.877
330.773	103.229	37.006	94.249
333.792	104.797	37.994	89.398
340.120	100.496	38.707	88.452
348.333	101.417	36.581	86.309
353.968	100.239	38.211	80.696
360.685	96.287	38.335	73.820
364.719	97.346	39.212	73.102
374.798	101.134	34.942	84.304
375.729	98.379	38.676	78.962
382.506	97.283	39.073	73.096
388.275	94.554	35.501	70.575
394.487	95.731	38.821	62.950
401.113	95.329	38.304	61.686
402.119	91.095	40.545	61.905
406.003	92.487	40.744	62.117
413.543	91.407	41.860	61.582
419.152	89.607	38.782	65.309
426.665	89.734	40.860	67.633
434.172	91.292	43.349	69.931
440.408	87.675	40.958	76.204
446.880	87.917	42.148	81.250
453.919	86.254	42.950	89.518
458.599	83.514	45.128	98.079
464.203	83.644	46.536	109.548
469.656	83.742	44.330	112.537
478.152	84.121	41.508	119.804
480.557	87.430	42.536	118.170
487.177	85.839	43.189	120.060
494.465	84.853	39.534	119.150
500.961	82.236	41.476	121.514
508.836	82.334	41.360	122.120
512.670	79.935	39.060	125.558
522.599	79.945	43.903	125.234
534.249	79.834	40.944	120.200
545.820	80.161	41.870	120.103
553.659	76.516	37.920	121.515
561.329	74.872	38.686	121.051
560.105	73.497	39.534	130.703
557.591	72.750	39.810	126.956
556.445	71.914	38.548	123.610
554.508	73.794	39.088	119.128
551.696	74.786	40.273	121.379
551.734	75.813	39.702	120.540
547.829	74.884	36.731	118.534
542.792	72.672	38.432	119.595
541.044	74.458	39.099	124.498
529.593	68.603	35.470	124.470
557.348	71.589	45.658	124.697
548.204	67.489	49.669	126.337
558.724	57.807	44.840	137.477
570.913	54.955	48.565	135.881
537.247	59.565	43.405	129.276
540.849	54.718	38.579	130.673
535.034	51.466	47.398	131.052
529.337	49.709	59.348	133.536
529.768	48.574	41.823	135.052
523.973	47.407	49.347	136.670
521.492	48.036	50.108	135.581
521.914	51.476	47.061	128.395
521.183	49.461	48.591	127.199
519.841	50.429	46.026	129.681
511.368	51.494	42.518	128.485
510.239	44.342	43.057	135.726
506.786	41.821	47.763	136.743
505.088	44.560	54.183	134.894
490.729	49.009	46.196	130.499
496.562	43.711	37.586	131.847
489.711	40.322	40.395	129.354
485.686	34.642	45.716	128.050
468.542	46.628	43.977	123.674
475.389	38.688	45.445	129.404
471.741	38.831	43.839	126.661
470.145	36.570	45.213	129.430
468.951	36.702	40.479	130.863
467.015	36.163	41.697	131.152
460.618	42.717	39.219	127.197
459.112	45.660	41.838	128.299
456.769	55.373	38.821	123.764
458.203	54.329	38.341	128.106
449.134	67.207	39.765	124.207
448.084	67.830	40.759	128.165
447.613	82.672	34.777	123.481
451.036	80.245	39.033	124.069
440.072	92.222	40.000	122.376
443.107	90.483	39.453	124.942
439.673	100.439	38.513	117.699
442.866	99.652	38.247	120.713
435.589	110.604	37.078	118.288
434.849	110.603	39.320	124.430
424.923	124.352	39.494	119.067
429.246	127.420	37.355	121.333
428.897	128.999	38.104	124.033
424.185	135.367	41.220	122.767
424.864	140.209	42.153	121.050
421.701	142.210	41.143	123.861
423.013	146.509	40.151	124.357
420.045	153.698	38.904	122.839
413.222	157.300	39.352	126.597
411.953	165.910	38.968	125.061
409.370	174.558	39.392	126.085
407.591	178.064	42.339	125.642
404.766	184.082	44.975	123.723
404.399	189.898	43.577	122.787
402.251	194.156	40.408	121.613
398.477	202.628	41.074	124.770
397.736	210.174	38.778	122.680
397.988	218.206	37.092	119.695
394.291	225.879	37.843	118.781
392.347	235.479	37.502	115.780
387.396	238.945	37.241	119.903
378.993	245.281	42.015	120.267
377.962	254.191	43.523	119.244
376.666	257.801	40.880	116.674
370.512	256.189	44.466	116.198
373.952	250.739	40.934	120.539
373.523	253.486	38.459	118.221
370.437	253.414	42.141	118.351
369.682	252.904	37.080	116.952
366.367	256.318	36.412	112.152
367.141	254.057	34.337	113.146
364.151	253.650	35.695	112.009
362.605	252.760	35.011	113.925
355.347	255.972	37.376	111.704
355.472	250.221	43.096	115.230
359.936	253.412	41.298	113.054
367.346	252.333	39.949	112.501
376.152	252.965	36.138	110.669
378.673	251.576	39.704	113.220
386.156	249.579	39.059	115.346
393.914	255.916	36.740	108.485
400.272	257.020	37.186	107.789
406.991	255.619	35.747	108.970
440.302	253.192	35.217	106.022
467.740	248.024	41.346	108.171
481.021	246.298	43.886	110.320
485.375	246.638	53.012	110.937
507.095	247.448	48.142	108.937
528.861	246.191	40.756	108.879
506.237	243.745	64.910	112.395
518.097	241.726	60.306	114.981
540.562	246.154	49.000	108.746
548.701	245.284	43.900	105.412
527.168	244.359	52.953	108.297
541.592	241.062	41.529	114.378
542.399	243.525	64.241	110.241
544.705	239.572	43.466	116.776
554.154	242.714	39.912	113.619
561.837	247.346	36.672	106.364
555.956	241.344	49.836	109.663
567.976	237.561	56.636	113.493
549.178	238.471	43.507	113.255
548.995	241.784	44.953	109.814
547.110	242.599	40.292	107.093
544.046	243.395	39.146	103.447
540.498	240.772	36.831	104.904
537.766	240.006	37.970	105.538
536.236	238.294	39.410	107.523
534.543	235.453	38.823	110.657
541.368	234.199	34.678	111.306
533.446	235.115	38.138	108.847
538.032	235.465	35.512	109.341
532.031	234.043	35.725	107.705
528.178	235.581	39.881	102.561
529.608	237.163	36.979	102.864
525.264	234.991	34.990	104.645
531.762	234.712	33.439	105.021
524.758	234.579	31.983	103.391
521.667	233.115	35.925	103.818
519.104	232.058	34.636	104.175
516.867	232.869	36.962	101.405
514.482	230.104	36.796	104.320
520.347	231.184	32.392	102.290
513.735	229.963	34.738	104.682
511.797	229.572	36.973	104.156
514.078	230.276	34.393	103.439
509.879	227.171	37.910	105.183
510.605	228.245	35.831	105.204
506.318	225.218	32.656	105.977
505.688	225.431	35.473	101.758
503.417	225.527	35.117	103.331
501.805	227.633	36.034	101.864
500.869	224.182	36.725	105.218
502.887	224.025	32.510	106.008
498.807	225.318	34.856	104.035
499.463	225.492	34.145	105.570
496.013	225.619	39.077	104.430
492.983	225.677	38.809	103.321
488.708	228.019	35.517	97.279
491.454	227.932	33.786	97.138
489.300	223.624	37.821	100.496
485.550	225.290	35.539	99.796
484.146	225.471	36.846	99.152
485.032	224.113	34.137	100.399
485.091	224.440	32.900	96.406
483.675	222.643	33.741	96.767
483.158	220.517	33.667	98.169
482.638	221.557	32.845	99.429
480.696	219.872	37.600	99.657
480.947	220.873	37.171	98.985
480.694	221.306	34.500	97.317
478.767	219.616	36.406	98.532
478.731	221.853	37.094	97.393
477.336	216.301	35.560	98.988
475.570	217.451	39.042	98.822
481.700	219.768	36.066	97.482
478.642	220.915	33.321	95.031
478.976	218.420	32.180	95.270
