412.000	336.000	80.000	131.000
432.891	325.437	76.991	131.105
455.524	312.732	73.486	129.019
476.453	300.067	69.753	126.409
494.338	291.103	68.578	122.049
515.853	280.008	66.482	114.493
528.471	272.942	64.213	110.324
544.465	265.650	60.064	108.516
558.738	257.333	58.215	106.626
575.228	250.100	55.768	103.519
585.500	244.274	45.500	101.051
599.171	237.688	31.829	99.129
583.377	234.357	47.623	95.348
599.584	220.843	29.915	106.139
588.916	228.666	33.380	98.227
591.066	229.636	33.633	100.114
590.837	226.834	35.098	103.069
591.665	247.538	39.335	119.283
580.336	232.603	41.533	99.613
579.154	231.805	39.478	99.245
580.495	263.116	45.582	124.135
585.581	231.262	42.134	113.469
588.459	221.851	38.255	107.503
602.167	220.279	28.833	105.913
601.766	203.202	28.365	81.389
593.150	204.999	37.850	80.530
583.667	203.948	47.333	79.109
572.382	203.419	58.128	79.225
557.718	205.134	70.226	77.785
544.488	202.693	73.436	80.792
528.204	204.630	77.205	78.528
510.053	206.080	83.977	79.200
493.525	206.496	88.690	77.350
481.690	207.462	91.313	77.655
467.694	208.390	93.032	77.967
448.951	209.556	92.403	77.957
435.075	211.821	94.066	78.774
423.395	212.722	92.512	80.297
411.753	215.318	89.276	80.173
401.265	218.161	86.054	80.259
390.585	220.237	81.690	79.896
380.257	222.303	78.249	82.060
373.387	223.398	71.053	84.230
368.270	224.179	66.111	85.997
362.002	225.863	61.389	87.870
356.123	228.808	56.205	88.015
348.729	232.903	54.247	88.346
342.064	234.321	55.512	93.143
335.643	238.249	55.799	93.626
329.782	242.941	51.892	95.041
325.302	247.455	48.664	96.914
320.822	252.934	49.355	95.427
317.265	258.072	47.598	96.496
312.008	262.629	48.740	98.603
308.792	264.670	50.349	101.326
301.974	272.801	50.853	103.456
297.048	277.199	50.890	106.887
292.769	280.401	52.170	109.665
286.669	287.752	53.318	112.148
278.047	294.456	56.837	114.422
269.193	301.411	59.409	118.971
258.291	310.075	63.546	122.466
246.434	317.354	67.474	125.598
232.223	325.788	71.492	131.475
211.011	341.884	75.796	130.735
