333.000	157.000	12.000	10.000
331.550	150.109	11.780	11.187
326.918	149.364	12.186	10.801
320.454	157.473	12.845	9.730
317.982	163.967	13.231	8.041
311.281	165.160	17.257	10.636
306.456	169.105	12.121	10.565
302.375	156.303	12.267	11.271
298.214	152.428	12.678	10.994
294.478	154.927	11.729	11.192
290.159	171.427	12.249	12.617
289.878	169.021	14.771	10.939
285.228	169.629	15.185	14.129
281.206	163.645	12.911	11.539
279.302	157.565	12.296	11.054
276.134	158.694	12.262	10.885
273.011	173.858	12.447	12.285
271.152	175.692	11.003	8.877
267.161	190.715	12.213	10.734
264.181	173.229	12.576	10.087
262.769	165.793	12.469	10.222
258.920	161.964	13.067	11.506
254.983	167.867	12.949	11.194
252.214	173.784	15.497	14.720
254.458	179.432	12.760	8.506
253.800	185.872	12.300	11.895
252.559	172.406	12.617	11.783
251.788	164.613	12.214	11.207
248.573	165.070	12.880	11.608
246.361	175.683	12.463	13.601
245.608	184.438	11.599	9.928
241.050	202.871	12.907	13.813
237.972	187.050	13.606	11.355
236.512	174.174	12.946	11.219
233.606	170.083	13.345	11.602
230.530	175.328	13.317	11.416
234.161	180.299	11.442	11.140
228.807	185.401	11.743	12.916
231.659	202.910	12.081	11.924
229.372	188.421	13.006	9.799
228.524	179.951	13.253	9.517
226.219	177.877	13.431	10.264
223.858	182.391	13.218	12.808
218.338	188.079	11.889	14.243
217.801	194.454	14.844	11.224
215.839	195.015	18.564	9.405
229.215	191.634	13.694	12.624
248.437	187.770	14.632	15.803
281.515	175.505	15.456	17.206
281.234	205.162	14.844	11.820
279.564	233.941	15.049	15.872
279.121	211.067	14.239	12.925
276.192	196.331	15.411	10.269
273.716	186.940	15.415	12.329
271.813	192.612	15.022	11.464
272.769	211.422	14.729	17.692
273.486	235.575	14.684	12.072
273.450	220.889	13.983	12.025
273.691	203.779	14.153	11.142
271.375	193.144	16.243	11.875
270.842	191.438	15.863	13.254
269.546	200.842	15.249	12.430
268.055	221.210	15.095	18.997
264.882	239.804	15.410	14.783
261.883	219.841	15.198	12.579
258.094	206.612	14.589	12.386
254.220	201.266	14.937	12.695
252.804	210.516	14.498	12.031
254.468	233.414	14.328	17.874
255.318	242.208	14.886	14.257
256.532	222.805	14.796	12.722
257.432	213.271	14.891	11.922
259.134	204.371	15.455	14.411
258.662	207.924	16.230	13.443
258.343	230.158	16.543	14.625
258.378	258.000	17.967	16.366
256.958	235.310	16.158	15.406
255.043	218.715	15.803	14.287
253.229	210.367	16.476	14.566
251.510	212.167	15.840	14.282
252.239	232.040	15.964	13.760
254.790	264.217	16.302	18.662
254.234	248.344	15.531	15.892
253.659	227.834	16.067	14.408
253.296	217.259	16.485	13.540
252.793	213.961	16.964	14.928
252.733	220.047	16.410	13.673
254.616	243.649	15.748	13.306
254.588	268.367	16.136	11.655
253.140	246.135	16.455	12.136
251.959	226.610	16.603	14.409
249.683	220.807	16.167	14.761
247.169	221.947	16.796	14.632
246.744	240.980	15.486	17.281
247.205	276.181	18.298	19.178
250.613	258.144	18.293	16.457
252.974	245.392	16.760	15.369
254.208	232.610	17.501	15.877
256.311	228.789	16.941	15.961
253.580	229.056	17.364	17.510
248.263	228.790	17.046	18.637
242.283	231.503	19.200	19.006
236.327	238.409	18.891	18.451
236.462	241.800	18.232	16.401
241.208	240.184	18.510	16.819
244.655	239.644	19.387	17.369
247.709	241.191	19.686	17.405
246.131	244.698	18.510	18.108
238.138	248.671	18.615	17.198
224.013	248.677	20.824	17.340
215.865	249.758	20.599	17.071
209.627	252.613	19.721	16.883
207.327	254.176	19.981	16.280
208.465	254.363	19.333	15.827
209.130	252.837	18.977	17.903
208.495	255.239	20.212	16.571
205.034	257.723	19.596	16.716
199.698	258.655	19.598	16.372
193.752	259.386	17.702	15.950
187.585	258.285	17.163	17.266
181.225	260.589	18.407	17.015
176.667	263.252	18.565	16.972
169.556	262.606	18.798	17.135
166.170	260.131	18.534	17.177
161.189	259.836	21.058	16.136
155.551	263.143	21.066	16.817
147.158	265.146	21.292	18.530
136.474	264.376	22.301	18.247
127.037	262.880	22.489	17.853
118.642	263.449	21.740	18.169
110.622	266.417	21.838	18.083
101.844	267.693	23.127	18.119
96.651	266.318	21.120	18.538
92.032	265.230	18.954	18.803
86.954	267.169	19.003	18.068
78.227	270.952	19.920	18.637
67.887	271.699	23.031	17.693
59.005	269.780	21.816	18.392
50.525	269.334	22.157	19.294
42.009	271.800	21.276	19.186
28.635	273.401	22.757	19.338
21.334	272.439	20.855	19.417
33.831	270.995	20.841	18.334
55.689	272.926	23.222	16.271
82.355	273.145	22.115	17.782
108.425	271.991	23.222	18.383
135.126	270.589	22.213	17.955
157.212	268.897	21.346	16.564
174.630	278.934	20.561	14.478
170.001	279.663	19.855	17.106
159.824	283.266	19.973	16.226
158.528	277.991	22.129	15.679
157.513	274.000	15.233	13.662
157.004	273.224	14.688	13.097
153.827	274.649	17.517	12.292
151.250	273.302	18.733	11.615
151.647	274.824	20.408	11.659
152.140	270.734	18.723	13.508
150.247	271.110	21.390	13.321
143.933	271.440	24.038	13.972
138.725	270.625	28.273	16.123
134.891	269.617	33.318	17.854
135.429	257.317	32.652	22.307
137.018	248.198	35.508	27.663
134.457	242.236	51.804	29.782
182.779	324.618	39.149	14.472
192.485	323.108	32.739	25.476
172.501	313.479	50.781	29.868
147.430	298.227	45.637	28.107
119.325	266.195	33.533	33.903
87.516	240.232	28.896	30.744
80.711	294.192	40.834	21.779
98.793	297.666	32.012	28.339
96.176	295.103	31.848	30.134
101.261	299.014	29.691	28.111
