295.000	14.000	50.000	32.000
260.329	10.830	45.876	39.495
234.204	23.628	37.332	41.278
223.317	37.528	35.283	49.089
227.170	46.655	38.958	41.987
236.910	47.845	34.926	38.752
255.886	34.520	46.237	49.193
292.637	16.668	44.782	45.794
332.054	12.782	48.851	36.064
355.991	15.566	55.542	30.289
391.224	17.411	53.591	34.632
417.091	26.141	52.553	37.286
436.615	31.437	44.493	40.722
447.917	33.448	40.194	38.297
454.297	31.372	47.166	41.952
460.333	28.645	50.239	39.402
461.597	25.947	54.600	40.034
454.396	24.464	60.707	36.365
451.424	24.167	55.354	34.908
431.819	28.151	53.653	33.087
416.005	35.855	47.598	33.764
394.157	43.177	42.605	44.842
393.265	66.158	36.827	50.311
394.630	72.595	41.305	51.535
397.022	79.605	42.089	53.310
404.389	63.641	40.269	52.815
429.963	58.040	45.841	49.038
452.323	41.968	47.344	51.526
474.927	49.193	58.319	58.630
493.396	47.064	60.133	41.561
518.749	63.040	59.116	51.530
548.600	65.512	52.952	46.902
560.108	68.691	51.557	43.392
562.651	63.211	51.068	52.635
553.893	53.793	53.762	49.053
537.916	49.149	52.780	43.065
511.707	47.888	61.215	39.879
484.791	51.582	65.922	40.883
455.419	58.109	56.687	45.310
423.805	66.464	74.287	46.025
414.667	93.713	57.410	55.644
385.838	109.172	51.057	54.392
385.099	111.237	46.157	47.591
386.593	112.337	45.818	46.967
388.162	103.061	50.992	46.799
415.836	88.238	51.928	52.602
310.766	55.396	78.300	59.715
283.223	22.762	74.855	73.196
251.932	37.395	72.508	78.553
247.924	60.069	75.779	75.667
247.050	63.257	82.557	83.956
230.769	72.631	93.157	90.777
207.024	95.283	124.820	97.884
195.591	155.919	131.697	94.224
188.642	207.135	133.848	72.959
216.614	198.637	110.176	79.766
207.502	199.515	121.043	77.141
206.915	208.356	117.895	69.391
212.498	210.716	110.295	66.157
211.331	209.437	109.380	62.505
213.426	214.994	102.355	59.318
213.906	212.939	105.229	60.850
212.339	212.010	99.213	63.663
214.464	214.789	99.919	57.596
209.021	209.471	93.963	61.104
212.363	212.223	94.441	56.716
218.979	218.135	86.993	57.718
210.128	211.106	93.138	60.869
220.501	208.191	92.428	63.468
208.339	199.379	101.146	63.354
220.822	193.023	105.262	94.678
205.165	173.373	125.461	89.584
225.886	169.453	95.747	76.966
231.111	168.561	113.033	95.254
222.373	174.092	137.918	109.894
141.372	165.278	106.229	106.232
143.605	141.567	157.848	103.453
200.133	119.594	142.293	100.808
198.029	143.395	150.914	90.997
207.501	137.671	144.711	94.326
180.410	138.739	140.756	83.348
173.597	143.065	152.862	83.530
197.673	137.703	147.687	99.554
191.430	125.294	160.058	107.588
199.373	135.050	151.073	109.015
194.380	107.812	157.801	144.435
198.760	116.571	169.792	132.161
205.271	113.781	171.307	120.176
192.286	116.349	172.079	149.857
184.880	70.676	177.921	188.573
380.304	122.953	128.782	202.094
379.983	10.213	198.029	118.996
423.675	3.621	172.680	116.162
454.342	10.020	131.898	96.075
477.994	2.436	124.015	91.258
472.411	0.000	99.928	77.862
478.941	0.000	77.412	66.533
477.473	9.332	71.027	47.652
485.168	24.843	67.499	51.504
481.491	50.089	82.829	71.040
556.503	84.827	62.321	77.400
559.933	67.513	61.158	60.997
562.634	45.526	54.629	64.450
560.966	32.721	58.087	66.668
558.269	30.842	59.896	68.041
560.012	36.917	57.274	60.051
567.111	40.090	55.781	67.032
566.144	53.760	56.827	80.181
565.472	40.519	57.468	77.302
565.109	52.509	54.764	72.985
560.086	63.482	56.717	68.646
557.976	72.041	53.652	67.296
555.032	73.102	55.753	66.016
553.531	73.200	53.413	68.663
554.316	75.954	52.681	65.393
555.427	82.989	56.345	68.300
556.534	89.917	57.881	71.468
562.332	100.549	55.618	70.163
559.018	110.490	59.677	87.834
568.173	111.517	56.688	72.979
572.932	109.306	56.076	68.997
573.862	107.743	54.749	69.551
573.265	109.650	54.261	70.518
570.338	110.495	56.572	69.887
565.709	105.685	60.599	74.856
560.837	94.864	60.103	82.097
552.110	94.282	62.970	80.310
539.700	97.432	68.411	79.121
546.374	85.228	64.875	85.890
540.597	91.832	68.874	83.203
523.768	103.486	83.443	81.782
511.036	103.640	96.067	78.563
505.381	106.669	94.907	78.209
548.830	108.951	73.962	84.668
556.995	108.251	65.152	95.956
557.027	118.192	58.268	94.645
556.385	125.153	60.117	86.490
551.378	130.730	62.335	87.462
544.077	141.845	64.119	80.024
531.390	154.422	59.351	73.954
522.225	168.030	57.043	65.449
505.980	175.052	58.370	68.921
488.400	173.423	62.063	80.254
468.304	179.896	62.898	83.903
452.786	194.285	63.456	80.972
436.254	205.289	67.609	77.505
432.337	209.679	67.265	80.436
430.397	216.831	68.468	80.301
428.311	227.668	72.232	76.273
429.378	236.152	71.999	74.986
426.384	243.162	72.994	74.379
425.353	246.007	73.375	74.643
423.987	249.569	75.323	73.232
421.319	253.210	76.985	72.744
416.136	257.506	79.088	73.578
403.386	263.196	79.215	71.419
387.801	266.056	79.008	71.381
358.307	270.467	80.876	66.695
338.083	270.973	81.843	63.778
321.285	269.963	80.347	63.955
310.565	270.194	74.785	63.228
302.013	270.384	68.731	62.156
286.852	273.150	69.587	60.731
272.331	270.458	64.112	64.797
257.838	266.253	64.376	65.041
248.927	263.400	65.553	64.431
249.109	259.836	69.645	67.123
256.862	259.372	68.083	66.758
265.496	267.680	74.080	60.293
269.161	271.111	72.956	58.181
262.665	273.956	75.536	54.534
255.376	272.818	76.092	55.554
235.933	268.174	72.644	60.815
211.329	264.478	65.269	63.223
195.196	263.726	63.093	64.686
182.300	265.112	67.088	61.993
177.528	265.542	62.326	60.663
171.741	264.374	64.675	61.658
168.149	252.800	67.012	65.383
158.169	256.561	71.460	55.350
150.207	247.313	67.922	64.515
152.834	250.197	75.603	58.977
167.197	250.864	70.611	56.113
174.139	254.237	71.549	55.422
180.240	257.348	69.984	53.898
178.147	251.863	72.356	59.536
183.516	248.613	66.662	59.812
185.968	247.185	73.289	57.134
200.338	241.470	76.951	62.665
216.113	243.875	80.986	60.267
236.845	240.653	74.264	61.631
241.590	237.450	76.892	62.304
242.610	235.911	78.890	60.313
244.270	234.523	77.953	59.383
251.773	236.766	73.813	55.307
254.914	237.965	76.146	57.655
263.257	240.290	71.152	60.413
267.839	242.689	68.575	59.785
270.817	241.036	70.299	61.055
270.640	240.578	74.702	64.784
277.785	237.834	72.342	64.570
282.778	232.770	70.370	64.121
283.954	228.403	70.100	63.576
286.088	224.111	72.960	62.668
295.069	224.392	75.315	60.632
303.611	224.344	76.674	60.944
314.175	225.589	78.481	62.125
321.904	225.332	73.668	61.989
326.250	222.353	72.574	63.847
334.237	222.819	71.141	62.049
337.985	221.779	72.016	62.253
332.828	218.166	75.720	64.813
326.005	216.547	78.036	63.638
327.985	214.054	74.439	67.119
326.660	213.264	74.980	66.526
323.368	211.141	76.055	63.703
317.947	209.427	79.557	63.221
312.833	203.863	70.942	65.334
300.583	200.283	72.663	65.011
288.656	197.283	75.800	66.009
283.738	195.536	73.318	62.981
280.421	193.698	68.623	61.623
277.760	192.976	70.276	61.971
275.810	195.835	70.333	63.081
269.104	201.234	69.250	61.373
258.650	208.271	68.937	64.454
250.503	216.318	68.713	64.158
243.218	226.517	73.397	66.647
235.864	233.616	70.920	67.875
229.808	240.208	69.672	64.849
223.311	239.180	65.798	63.882
213.799	238.269	69.505	63.460
206.707	237.265	70.919	63.927
201.588	237.142	69.558	61.721
194.994	233.347	69.398	64.696
189.146	231.034	67.096	61.736
185.093	228.943	62.680	60.717
182.274	231.742	62.703	57.351
175.828	232.751	63.679	59.608
160.936	234.862	63.457	58.605
141.315	230.199	63.040	58.376
126.780	224.240	63.821	60.928
103.798	219.650	63.875	59.100
82.506	213.052	65.159	62.140
65.686	202.320	65.514	70.325
59.925	190.464	64.342	74.315
60.055	181.519	65.040	75.410
65.437	176.630	65.398	71.629
71.952	167.051	71.900	66.820
90.672	159.769	77.513	63.915
111.795	154.459	76.135	65.503
133.963	149.456	66.056	72.279
155.604	145.923	71.941	71.556
169.018	144.403	71.226	69.939
185.636	140.557	61.997	70.610
192.107	132.199	64.335	74.640
202.129	129.147	67.874	72.528
223.765	124.517	65.689	66.010
248.324	121.629	56.546	65.917
262.812	125.476	51.468	73.247
264.466	148.727	54.612	71.933
261.702	162.726	58.730	69.372
260.346	173.537	59.534	73.078
257.232	179.969	61.405	72.823
254.359	189.010	61.027	69.343
250.934	195.830	61.942	63.972
246.789	201.382	61.836	61.665
259.832	207.026	52.159	59.495
262.581	204.426	52.941	68.023
266.159	207.157	57.248	64.848
272.674	205.013	60.386	67.435
278.846	204.634	64.061	66.219
285.771	203.613	64.944	66.197
290.258	202.326	65.634	61.085
295.829	201.320	66.015	59.521
300.549	201.642	64.948	59.165
305.982	199.734	64.124	61.004
304.451	200.023	69.058	57.228
307.057	198.732	65.419	63.107
311.340	200.602	64.034	59.026
306.590	198.827	63.502	65.333
307.443	197.468	61.596	65.253
307.517	196.484	62.953	67.502
307.375	198.487	65.634	64.815
305.980	199.717	65.599	63.971
306.838	201.793	66.286	63.343
307.519	201.976	66.472	63.195
308.519	202.107	68.545	63.612
309.873	202.932	68.514	61.260
311.040	202.490	65.657	61.785
311.504	203.019	66.406	60.420
310.626	202.281	67.143	59.459
311.282	203.282	66.739	60.041
311.521	204.123	66.757	58.509
307.241	205.011	69.029	58.554
305.710	205.832	67.436	59.438
304.135	205.528	67.171	60.550
302.782	204.431	65.307	61.472
303.601	205.614	63.053	61.117
304.179	205.762	63.108	59.899
304.520	206.924	63.964	58.233
304.559	205.475	64.165	60.101
303.907	205.425	63.874	61.058
305.362	205.584	63.185	59.695
303.746	205.698	64.318	58.919
304.309	206.701	64.608	59.158
305.019	206.016	63.836	59.645
305.097	205.921	63.155	59.896
303.600	205.636	65.158	58.981
304.977	205.739	64.175	59.082
303.430	206.038	65.533	58.617
304.124	205.582	64.337	59.895
303.907	206.571	64.587	58.748
303.754	204.908	64.766	59.946
304.054	204.710	64.102	60.189
304.054	205.831	63.938	59.989
304.140	205.394	64.446	59.730
303.688	205.800	63.613	59.285
305.409	206.162	63.541	60.237
303.021	205.443	64.090	59.727
304.426	205.893	63.392	59.861
304.894	205.921	63.396	58.634
303.823	205.877	64.061	58.847
304.105	205.698	62.906	59.972
303.768	204.883	63.307	60.236
303.645	205.015	64.338	60.238
303.581	205.243	63.472	59.656
305.170	205.481	62.068	59.257
303.456	205.468	64.056	59.258
304.643	205.077	62.497	60.497
304.105	205.449	62.939	60.063
304.230	204.883	62.332	60.041
303.258	204.633	64.303	58.915
304.602	204.881	63.124	58.818
305.893	204.005	62.963	58.889
306.148	204.093	63.421	58.593
305.516	202.244	65.967	60.907
307.104	200.695	65.242	61.630
307.346	198.668	66.069	62.155
306.452	197.247	66.501	61.960
304.356	196.480	69.825	60.130
306.807	197.159	68.074	57.729
305.766	196.193	69.088	57.464
310.640	196.780	65.866	56.900
313.764	196.600	63.758	56.177
315.071	194.781	63.593	57.796
314.413	194.652	64.035	56.580
314.046	194.316	65.527	55.381
313.295	194.998	64.269	55.085
313.322	194.408	64.383	55.646
313.486	195.058	63.649	55.888
309.791	194.821	66.540	56.140
313.070	195.078	63.817	55.448
310.756	195.205	65.240	54.409
312.372	195.436	64.249	54.632
310.166	195.083	65.801	55.188
312.847	196.220	62.589	53.330
312.214	195.715	65.129	54.469
312.465	196.592	64.034	53.228
315.220	197.394	62.038	52.885
316.101	195.873	61.091	54.154
317.139	198.435	60.457	52.383
318.103	197.225	60.852	53.344
319.509	197.447	60.755	53.808
320.135	199.741	61.452	55.059
320.040	202.292	60.055	53.863
322.696	202.894	58.212	57.231
322.824	205.225	59.139	59.013
322.787	209.083	58.095	60.321
319.704	215.516	57.658	63.260
316.214	223.492	57.276	62.906
316.496	228.440	55.583	63.782
317.180	231.782	54.970	66.239
322.385	237.520	56.156	63.977
330.358	243.554	57.140	64.488
339.782	245.661	52.362	66.553
346.977	251.774	49.200	63.658
350.309	251.542	51.260	66.556
351.163	255.897	49.605	67.043
351.454	259.663	50.866	69.987
353.091	259.300	50.565	68.181
356.485	259.686	52.724	66.122
362.018	259.398	52.597	67.418
371.974	261.866	51.524	66.824
384.966	264.012	51.665	64.130
392.710	262.885	51.618	64.393
396.749	266.945	53.337	62.072
407.942	269.361	54.015	61.832
423.473	282.131	57.952	58.985
441.027	280.245	49.433	64.604
441.718	264.372	61.144	66.896
461.660	289.483	68.706	80.486
472.930	287.411	67.883	77.344
492.522	295.433	69.895	69.168
498.672	293.739	74.898	75.330
505.268	305.956	74.019	68.246
514.280	301.177	78.327	70.598
543.436	293.821	59.603	82.773
543.101	285.452	62.348	87.816
533.345	281.768	58.230	86.923
521.088	289.466	55.273	81.584
516.166	299.329	51.749	70.842
513.933	297.198	52.825	70.877
514.184	301.140	48.632	73.771
507.363	304.880	54.695	68.476
493.682	309.943	47.705	67.824
489.028	312.770	49.912	70.040
480.759	311.937	49.039	71.429
474.848	307.298	49.934	72.913
462.989	307.700	56.784	74.544
452.313	313.426	59.833	68.887
449.811	310.430	51.271	70.720
425.900	304.205	64.733	69.971
432.989	291.839	61.174	67.298
377.370	291.588	78.290	65.900
374.072	277.463	86.034	82.345
367.781	285.413	87.665	76.372
377.751	286.666	69.872	63.642
389.042	286.201	60.284	68.469
393.903	288.726	55.115	75.012
389.023	282.508	61.288	68.673
355.524	289.092	80.574	73.471
344.432	284.279	87.493	81.452
353.013	287.048	83.827	83.251
347.510	286.115	87.940	77.614
325.771	301.569	91.728	67.050
362.719	292.273	69.415	68.648
364.529	293.078	73.362	66.507
365.688	294.640	66.465	68.250
354.211	298.485	69.902	70.807
347.656	298.024	72.877	72.156
335.215	300.950	71.510	65.845
302.573	307.959	80.142	66.122
285.337	310.551	71.467	67.963
274.321	313.303	58.751	71.109
266.282	312.351	64.230	69.683
264.914	303.081	75.606	71.817
268.646	297.128	93.423	74.986
278.939	289.313	70.611	78.216
287.366	296.840	55.183	66.545
287.217	303.013	59.466	59.210
