124.000	392.000	57.000	59.000
131.193	375.288	52.641	57.155
137.676	361.372	51.153	51.704
147.484	346.558	52.407	44.644
158.164	335.633	52.707	45.731
169.070	328.041	53.714	40.420
180.482	323.867	56.181	39.000
190.811	324.325	59.691	43.581
207.812	326.664	55.801	40.327
222.702	333.634	53.313	43.790
237.294	343.391	53.731	53.239
248.596	365.531	52.204	49.515
257.544	387.522	48.821	48.980
263.633	410.945	47.856	44.977
259.959	389.858	45.742	48.008
257.586	371.785	46.413	51.529
257.788	358.881	44.576	51.581
260.149	342.180	46.653	56.844
259.913	335.015	48.071	41.756
272.733	333.543	52.460	37.959
271.411	330.610	56.034	41.161
287.552	334.318	47.984	38.362
295.944	338.665	42.911	39.650
302.637	349.148	44.642	48.696
307.323	372.271	45.886	43.248
307.757	394.725	47.940	47.951
306.345	393.473	49.556	50.121
301.516	375.199	51.950	58.353
295.493	359.789	52.576	53.886
290.454	345.931	53.193	51.030
286.955	335.688	52.098	48.346
283.784	324.884	52.168	48.476
281.178	312.507	50.953	49.818
278.156	299.519	51.361	52.551
276.506	291.460	50.817	49.306
274.694	285.732	51.883	50.700
273.190	283.999	52.769	51.934
273.349	285.694	52.036	52.632
273.384	293.865	50.014	55.799
273.200	308.203	47.205	55.254
264.097	328.513	56.822	63.340
253.676	357.383	52.508	57.601
246.536	387.252	51.349	51.209
234.143	402.675	52.144	48.551
223.053	379.985	49.997	50.757
212.455	357.124	49.037	54.732
204.266	344.720	47.478	51.714
198.688	334.326	46.125	46.769
194.834	322.272	46.746	42.919
192.003	314.001	48.455	39.477
195.135	308.517	47.306	38.937
198.053	305.068	51.259	35.707
212.164	304.162	48.882	33.864
225.739	303.468	44.570	36.213
241.210	304.968	36.218	38.563
242.525	287.784	42.690	56.577
243.112	280.032	60.176	64.621
266.439	295.289	70.642	76.066
296.983	312.433	74.891	67.879
321.500	313.797	64.706	77.869
355.414	325.265	56.447	59.305
366.009	361.193	46.216	46.757
375.841	384.821	50.444	45.517
376.802	374.452	50.267	54.675
373.971	361.559	51.665	54.042
371.031	352.537	52.421	50.584
366.944	340.742	51.938	50.612
364.775	329.387	48.970	52.018
361.270	317.441	51.173	49.842
359.610	306.967	49.169	46.650
355.965	296.203	48.484	46.506
353.247	284.923	49.773	46.916
349.865	274.555	52.282	50.153
352.318	263.644	51.194	48.577
356.581	254.232	49.007	50.196
356.080	249.009	51.595	49.982
358.548	246.978	53.037	47.923
362.484	243.934	53.914	49.310
368.747	247.792	57.011	50.693
374.466	253.601	59.801	54.270
385.024	266.631	57.535	57.518
390.725	290.129	56.642	58.056
396.613	323.361	54.005	61.898
399.511	387.285	53.020	60.390
395.247	405.170	56.869	53.043
385.317	374.285	56.632	60.350
369.417	344.543	62.448	63.779
360.077	339.780	60.369	56.492
326.714	299.971	62.535	65.484
331.590	275.103	64.655	55.678
325.756	260.583	60.231	55.412
317.872	242.426	60.654	61.605
311.735	237.372	65.264	57.824
310.443	234.503	66.086	52.955
311.166	230.905	67.422	51.346
314.606	228.201	69.504	50.665
322.175	226.262	67.834	51.836
338.731	226.213	72.941	49.528
360.877	231.370	67.882	49.918
382.220	239.575	67.820	54.081
405.082	250.282	58.652	59.290
417.145	266.126	60.972	65.130
430.896	282.580	60.888	63.224
450.153	317.820	58.482	57.348
451.190	342.793	59.019	63.710
453.439	380.553	55.724	61.447
448.732	411.968	61.360	48.360
436.472	391.032	65.012	48.604
416.557	341.291	52.769	57.050
408.185	328.725	40.682	51.952
400.192	315.661	39.766	48.180
394.956	294.909	35.205	48.941
393.687	290.515	45.207	39.490
388.857	274.702	47.956	46.601
389.042	271.897	46.811	45.903
389.819	268.959	50.586	42.707
398.368	264.530	50.178	44.614
412.474	258.249	48.572	46.467
427.716	258.323	48.524	45.626
447.772	256.312	49.628	42.709
467.916	264.916	58.607	41.367
488.561	264.531	60.426	54.686
504.759	282.800	71.975	69.101
523.252	290.677	80.409	75.582
553.700	294.148	81.624	67.006
586.779	301.112	71.959	62.017
663.428	254.762	52.085	41.679
688.669	267.010	63.545	44.698
715.905	288.923	48.557	52.953
737.479	319.063	50.809	54.288
752.796	350.183	55.128	54.929
772.828	368.699	55.771	57.591
774.342	349.718	48.470	60.601
772.705	320.155	49.312	59.861
777.449	289.246	46.835	56.178
766.085	265.939	53.221	52.921
757.625	247.235	56.076	49.984
753.424	228.694	53.016	53.542
745.387	218.811	53.741	47.466
736.518	208.820	54.636	44.642
728.162	200.061	53.952	45.830
718.607	191.734	54.205	47.847
709.591	185.718	54.475	47.157
701.585	181.841	55.303	45.524
694.235	177.961	56.350	45.699
692.729	176.531	52.890	43.460
691.432	175.627	52.343	43.099
693.400	178.070	50.680	42.632
693.311	182.918	49.162	42.446
692.790	190.357	50.129	43.796
690.859	197.697	55.103	46.126
697.910	211.164	54.076	47.815
706.002	227.368	53.186	53.285
712.786	251.848	54.735	60.518
716.849	278.787	50.910	60.616
720.793	316.882	49.565	60.475
721.960	353.977	50.785	58.434
724.133	393.795	47.881	52.725
715.389	374.053	53.177	56.948
702.399	342.027	53.426	59.121
692.583	311.724	51.774	58.289
680.527	285.562	55.302	57.980
669.183	262.481	55.664	53.641
659.715	245.961	56.703	50.890
653.943	233.502	55.397	47.950
649.385	223.015	53.310	48.499
641.843	216.509	53.364	46.025
638.560	213.484	50.610	44.017
634.962	211.257	51.915	44.467
635.042	209.957	52.007	45.519
635.687	210.754	53.431	44.755
638.656	214.990	55.083	45.881
647.433	221.636	52.118	46.376
656.495	230.905	51.726	49.319
663.412	242.964	55.611	48.977
672.801	258.289	54.051	48.581
684.844	277.583	56.934	54.948
694.530	302.029	52.501	59.667
703.766	333.501	50.389	57.593
712.671	368.187	49.817	58.089
718.101	400.083	50.530	58.606
721.316	402.994	50.410	57.459
721.421	395.050	49.173	57.322
717.452	377.551	49.664	56.053
711.590	331.341	50.842	54.256
705.364	313.782	50.920	48.923
698.539	298.223	53.347	47.158
694.380	285.532	49.875	48.065
686.454	278.978	50.018	45.128
678.546	272.009	51.470	44.122
673.062	269.556	50.910	44.749
661.843	272.772	54.674	44.427
661.512	282.745	48.662	50.322
659.140	305.992	47.431	52.687
654.731	331.888	49.326	55.253
654.343	361.515	47.557	59.679
652.236	396.807	45.977	55.833
642.498	406.221	51.325	53.504
636.406	386.607	47.230	56.435
621.084	358.974	49.897	54.215
607.719	333.412	50.305	50.042
595.413	308.065	48.962	48.020
588.493	292.341	48.460	44.751
586.141	272.963	49.039	49.525
593.046	256.775	46.328	45.788
567.677	249.493	58.123	46.212
547.858	242.843	61.702	50.908
526.894	243.320	65.117	60.201
511.954	249.221	66.202	56.140
498.689	250.136	64.506	57.393
492.387	255.147	57.664	51.599
491.618	259.648	55.159	47.253
490.455	260.431	56.732	46.948
489.839	262.133	64.182	47.408
509.732	255.268	53.210	54.480
499.799	261.486	67.010	69.543
510.764	257.690	64.543	76.466
548.370	243.181	61.774	66.184
568.511	230.940	62.317	60.473
593.096	247.628	51.303	47.291
604.026	249.726	51.665	45.555
610.294	254.123	50.815	50.224
610.835	261.740	51.528	48.154
611.688	268.937	53.492	47.462
618.319	282.793	53.574	53.113
622.206	304.673	51.762	59.864
621.170	335.962	49.578	62.148
614.277	374.241	50.315	61.813
600.196	409.962	55.912	69.523
590.270	447.896	58.526	53.384
576.195	419.716	57.186	66.655
557.749	378.495	59.010	68.760
550.527	350.942	56.423	63.883
545.132	317.040	52.950	59.768
537.183	300.679	51.127	50.910
530.586	285.309	48.872	49.487
514.888	270.998	50.446	51.627
497.584	260.951	57.630	52.943
484.063	257.621	57.145	48.748
479.518	257.265	56.001	47.735
486.029	253.000	55.580	48.886
504.284	247.958	59.091	54.058
528.015	246.032	59.290	56.489
552.634	241.012	59.280	60.811
596.381	235.626	58.651	63.805
607.664	231.286	60.799	65.683
618.696	226.991	62.440	65.066
629.719	224.948	61.295	65.469
638.899	226.394	68.822	60.514
658.403	227.756	58.454	53.370
669.458	228.287	55.321	50.678
681.746	234.022	53.139	51.001
683.700	244.480	52.150	51.130
678.535	253.635	57.462	50.965
650.337	265.295	58.705	51.163
616.735	282.096	60.599	57.276
594.257	301.153	58.639	59.919
578.168	327.843	55.157	56.709
571.387	361.102	55.169	62.791
566.005	401.366	54.344	62.273
563.754	434.475	51.826	62.837
550.843	469.369	60.343	62.859
530.344	473.726	56.776	61.015
511.976	440.483	55.302	64.384
493.122	408.746	53.568	57.318
485.328	382.728	48.576	56.033
479.252	359.972	48.198	51.944
481.497	348.128	50.609	46.232
484.876	315.314	51.457	58.337
519.460	308.084	48.295	47.983
531.897	303.816	44.069	44.859
535.572	299.492	42.620	42.003
533.770	299.150	45.095	36.399
533.530	302.129	44.591	43.363
539.546	303.281	45.016	39.080
551.528	302.657	40.413	35.298
560.305	298.963	38.374	37.290
566.934	295.099	40.705	41.563
569.714	291.093	39.489	38.672
562.132	286.490	44.310	39.160
546.986	283.198	47.502	39.515
526.881	282.994	51.814	43.301
514.562	285.345	53.883	51.613
514.029	293.379	52.272	49.344
519.669	300.751	51.859	48.238
532.887	309.035	52.711	47.793
543.344	320.322	53.580	51.871
549.843	337.721	51.745	52.208
546.969	364.144	55.925	60.900
553.182	406.566	52.440	59.878
555.277	448.071	52.402	60.127
553.073	488.350	50.821	61.480
537.006	525.316	59.319	50.264
544.742	517.711	55.420	57.958
545.111	482.237	52.206	65.072
544.097	446.189	54.564	61.742
543.446	406.748	53.773	65.048
540.202	380.484	54.527	60.655
534.754	360.837	53.076	57.682
529.292	339.831	50.153	51.963
528.164	325.833	53.218	52.704
527.570	313.327	54.382	50.037
531.773	305.977	50.597	47.309
536.919	298.516	46.438	47.791
532.187	287.182	51.097	58.406
534.745	296.583	54.056	55.004
527.068	287.714	62.454	66.001
534.801	285.990	60.352	64.871
539.791	288.624	59.923	60.293
552.768	294.311	57.611	54.018
556.323	301.299	57.041	53.912
555.544	299.641	58.645	54.501
556.667	297.163	59.801	52.223
556.970	297.908	59.606	51.805
560.316	305.470	60.515	52.324
573.730	302.449	59.429	55.799
590.455	303.719	57.865	51.241
603.583	309.695	54.995	48.510
615.654	317.079	53.129	50.960
621.168	328.079	53.633	50.863
631.121	339.857	55.661	54.224
638.686	358.210	57.907	58.291
643.568	376.946	55.739	65.855
637.212	407.899	54.207	64.728
636.082	438.513	46.097	63.412
623.282	425.506	64.170	62.594
625.654	425.053	70.256	63.590
576.130	419.397	90.543	90.282
552.764	441.635	75.998	82.725
545.131	412.502	52.541	68.831
536.883	392.949	51.558	55.381
532.602	377.595	47.305	49.490
532.364	365.790	46.529	47.631
531.219	358.378	45.392	39.683
534.241	350.611	43.908	39.705
540.221	341.720	45.802	40.577
551.342	333.324	48.060	41.631
560.801	330.706	46.694	41.735
564.031	330.410	46.261	41.285
568.762	330.945	47.271	46.508
574.262	345.223	47.868	45.733
580.514	370.867	47.553	53.624
587.671	403.785	47.607	57.068
594.655	432.964	49.831	55.861
602.686	472.392	48.123	49.140
611.903	455.434	52.821	53.201
621.359	433.103	47.664	52.259
632.803	411.018	46.352	49.468
641.228	392.630	56.078	47.127
639.515	382.763	74.035	61.826
658.114	393.757	76.442	66.521
652.427	372.489	65.938	78.170
663.536	355.962	75.924	95.784
667.919	342.702	70.408	90.646
677.771	301.562	58.801	71.895
674.828	298.253	56.473	62.271
667.677	294.602	57.932	59.859
665.143	297.140	58.028	57.133
658.105	303.156	64.921	55.439
646.494	310.018	64.418	70.662
598.982	305.007	63.053	61.471
588.684	300.232	71.786	48.482
559.602	312.030	56.973	57.685
562.561	322.020	55.022	59.047
570.584	337.204	54.203	52.082
561.152	344.068	61.095	63.064
564.380	326.418	46.226	94.783
565.827	367.808	54.711	90.737
571.997	437.787	54.991	62.550
581.285	415.368	52.916	65.401
594.597	387.520	63.329	68.973
616.410	365.356	55.736	59.278
614.819	339.751	62.154	56.611
633.507	315.954	44.622	53.695
631.659	300.606	63.665	65.229
649.788	281.885	54.419	68.130
640.190	288.552	63.820	72.971
643.571	324.980	62.388	56.332
654.839	320.827	56.091	51.028
645.457	315.488	60.370	59.405
656.269	322.867	60.754	54.229
657.449	315.597	60.901	59.196
658.084	297.428	62.955	62.394
657.976	315.624	66.098	58.035
673.857	318.208	56.008	53.725
687.675	316.703	63.659	54.782
684.941	316.173	68.222	54.666
689.228	314.687	66.213	56.344
574.879	298.678	66.135	82.523
463.504	275.702	65.386	86.033
490.341	283.351	86.899	63.556
509.843	290.667	88.996	61.075
514.669	301.018	68.805	65.954
477.676	295.293	66.195	74.616
466.168	303.647	78.360	58.378
506.828	277.568	69.811	71.593
442.078	350.456	44.305	60.850
422.162	389.483	46.364	56.762
422.329	417.210	46.454	53.350
430.928	401.413	50.315	58.754
457.093	369.440	50.517	55.648
480.887	341.712	46.519	55.850
508.103	316.918	53.608	52.719
529.201	297.893	45.975	48.759
541.826	284.980	45.213	47.038
549.450	271.984	42.619	46.366
550.463	262.557	45.030	46.149
552.359	252.891	43.566	44.934
552.823	244.750	45.476	42.739
554.022	239.912	47.368	43.012
557.449	236.018	44.879	40.627
559.211	232.370	43.161	40.081
556.282	230.786	46.186	39.289
552.872	228.484	44.270	38.722
550.146	228.146	43.918	37.181
547.763	228.748	44.673	35.076
544.964	229.731	43.221	36.328
542.625	233.368	41.124	36.148
539.077	239.821	39.668	36.797
535.965	246.682	38.231	37.103
533.664	255.934	37.742	39.069
532.030	266.964	37.994	39.173
531.442	279.479	39.652	41.873
531.479	294.921	35.927	45.251
530.139	317.342	38.351	48.374
530.327	346.208	39.113	45.837
531.914	377.615	39.491	45.738
533.365	402.884	38.109	50.777
533.762	405.412	41.855	49.630
539.222	383.366	39.469	51.327
542.336	361.569	37.255	45.739
543.937	344.118	37.486	50.961
536.708	328.608	47.165	44.203
546.016	299.620	43.262	50.175
553.025	268.719	49.246	51.517
551.141	268.230	57.823	54.730
552.212	265.791	50.296	57.310
546.800	264.242	53.082	51.821
558.846	266.295	54.595	48.755
551.109	269.061	66.214	50.476
549.270	270.225	65.383	56.404
527.432	250.865	55.154	57.392
514.791	321.198	60.551	50.973
502.621	325.058	42.212	67.439
498.581	269.955	47.737	49.028
491.620	274.112	36.248	37.943
484.436	283.536	38.068	34.181
480.594	287.777	37.539	35.764
477.850	290.844	37.314	36.773
477.257	291.876	37.759	35.896
475.885	291.407	38.536	35.589
474.667	287.684	39.017	39.017
472.680	282.933	39.874	39.944
471.707	278.928	39.379	39.511
471.953	273.406	38.588	41.612
476.248	267.743	39.544	40.245
481.474	264.183	41.216	38.033
486.674	261.891	41.670	35.705
492.148	260.078	40.873	36.067
493.603	259.741	38.917	35.630
494.335	259.712	38.594	35.581
492.606	262.210	39.483	34.689
491.523	265.474	39.176	36.231
490.457	268.992	39.012	36.767
490.290	271.310	38.674	36.433
490.256	272.434	39.025	35.510
489.392	273.191	39.182	34.238
489.074	273.148	39.118	34.552
485.494	272.950	40.226	35.943
479.247	273.315	39.091	34.250
474.334	273.149	38.086	33.948
469.959	273.385	38.047	33.277
465.883	273.181	40.521	34.832
463.176	272.885	39.571	34.662
460.411	272.202	41.328	34.846
459.703	271.555	39.029	37.315
459.172	271.322	40.067	35.257
458.559	270.653	39.430	34.502
458.823	269.728	39.364	33.489
458.009	269.529	40.906	34.345
456.283	269.525	41.513	34.892
454.165	269.798	43.156	34.704
451.398	270.636	43.406	35.070
445.425	272.106	44.738	35.347
437.700	274.067	43.638	36.145
430.833	275.563	41.653	37.268
426.549	277.155	42.424	35.345
422.338	278.111	43.005	36.300
418.508	278.471	44.254	35.808
415.475	278.804	44.180	35.618
413.534	278.381	43.297	35.653
413.511	277.054	41.080	36.784
414.139	276.119	41.063	37.063
416.517	275.418	40.948	36.402
418.538	274.934	42.136	36.366
420.853	275.162	44.463	35.865
421.692	275.366	46.151	34.941
423.255	275.902	44.916	36.169
423.690	276.187	42.473	36.428
417.951	274.771	41.515	37.753
412.879	275.702	40.888	36.010
409.522	275.035	39.234	35.556
402.654	271.216	43.847	33.696
407.983	265.137	41.620	36.925
411.371	263.760	39.691	36.821
415.526	262.414	39.269	36.187
424.973	259.825	41.631	35.501
435.195	256.635	39.828	36.274
446.050	256.611	44.535	35.459
457.175	255.735	44.346	35.965
466.118	255.396	42.130	36.292
469.502	256.941	43.479	35.940
467.275	256.665	45.500	37.853
460.814	255.995	49.358	38.436
452.885	258.413	48.360	37.608
446.789	260.078	45.695	35.881
443.698	259.227	43.846	36.680
439.674	258.818	44.037	36.054
432.650	257.676	43.825	36.025
426.299	256.417	41.549	35.915
422.169	255.529	40.110	35.137
417.484	254.314	40.693	34.679
411.033	253.526	41.437	33.852
403.563	251.937	41.365	33.956
394.668	250.256	40.176	34.007
387.436	248.218	40.624	34.840
382.550	245.825	39.779	34.261
379.288	251.507	40.340	46.476
379.060	254.297	49.534	50.667
373.086	241.556	68.403	57.917
348.001	233.420	82.423	88.793
322.168	245.470	97.500	108.734
325.545	274.633	77.665	113.708
322.222	263.393	81.617	116.124
341.539	264.939	84.692	119.633
362.542	298.628	75.519	101.064
368.610	269.614	79.507	115.463
320.884	220.007	78.748	105.591
299.798	206.303	56.988	45.848
292.982	205.384	44.140	38.492
287.628	204.670	41.634	36.623
282.648	204.079	41.349	35.696
279.154	202.914	40.107	35.458
277.105	202.061	40.834	35.235
275.076	200.021	41.211	36.890
272.175	198.571	41.930	38.208
269.184	197.886	42.448	38.339
265.572	197.249	43.695	38.823
261.638	197.711	43.006	39.234
255.922	200.097	44.454	41.398
250.075	204.981	43.962	43.501
245.736	212.917	41.834	41.518
244.226	215.298	40.838	39.851
244.086	214.919	40.403	40.053
244.859	213.248	39.870	39.215
243.840	212.913	39.015	37.894
237.589	212.993	38.825	38.052
231.291	212.394	39.269	37.223
226.243	212.994	39.321	37.373
222.735	216.925	35.853	36.841
220.359	221.551	35.242	36.708
218.999	226.250	33.009	35.140
220.066	228.764	32.618	34.125
222.370	232.264	32.503	34.525
227.359	232.030	35.480	36.577
236.615	230.844	34.563	36.839
243.871	231.462	36.485	35.314
245.795	235.622	33.795	36.190
246.205	238.498	33.136	33.859
246.882	238.136	32.152	34.615
251.595	237.418	33.380	34.122
256.288	238.197	34.825	33.763
262.218	236.886	38.103	34.045
268.538	230.721	35.675	37.949
273.902	228.520	36.252	36.379
279.510	226.909	34.286	35.669
286.632	223.040	36.946	37.319
299.757	217.873	37.360	39.607
315.188	214.113	42.205	40.268
331.304	212.603	46.655	44.253
344.729	212.281	48.318	50.805
361.542	211.352	50.543	50.042
368.816	210.998	45.344	44.018
372.928	210.926	38.524	42.136
366.363	213.593	33.733	37.182
372.281	216.561	35.823	39.838
371.604	226.381	43.189	42.369
374.949	225.651	48.649	57.941
263.838	277.769	68.056	66.487
289.391	279.598	72.606	70.773
312.635	267.086	71.671	87.073
334.401	273.043	70.128	78.949
373.863	246.265	67.564	102.613
396.940	240.807	78.750	95.977
405.437	196.957	79.401	109.204
421.024	181.423	82.540	103.361
447.598	227.081	99.401	96.434
478.314	253.369	104.835	90.544
520.878	246.280	104.547	90.469
536.232	258.612	95.754	85.037
550.616	232.710	115.002	111.740
631.949	229.340	121.030	84.079
686.176	225.748	94.445	60.670
717.729	228.480	71.647	65.436
724.640	242.931	70.956	63.635
730.932	248.380	72.862	71.080
746.625	267.568	86.155	82.492
738.659	259.445	94.993	71.391
749.765	260.346	88.350	78.319
787.417	266.170	74.639	84.212
804.118	269.121	71.470	62.699
818.045	261.909	63.188	64.582
833.297	259.781	71.377	66.586
850.510	246.123	77.998	86.422
846.663	186.776	94.056	102.479
858.012	155.765	83.802	117.759
847.547	173.176	111.753	106.551
876.996	182.834	80.934	111.930
910.693	212.771	49.307	62.483
918.720	218.467	41.280	77.283
909.666	207.107	49.113	81.228
879.160	190.773	62.605	89.753
868.621	183.310	60.075	91.540
838.586	186.438	67.746	92.897
690.939	272.562	28.572	95.354
668.540	267.758	54.466	63.896
677.599	268.728	52.040	62.888
679.201	267.539	57.500	73.140
683.838	268.295	61.902	59.344
692.446	277.912	59.164	58.021
688.689	281.228	61.726	61.182
718.352	281.514	56.340	67.097
723.072	283.562	49.679	67.750
711.759	269.037	56.565	54.755
717.394	253.202	54.079	58.356
733.516	259.743	53.139	56.329
736.735	250.626	51.447	63.153
739.903	252.135	60.949	55.501
734.359	244.189	54.677	58.651
742.226	244.531	46.616	56.962
750.650	244.578	53.766	57.734
762.403	225.688	67.592	71.379
766.458	219.363	71.677	76.624
796.939	320.149	67.776	75.243
811.259	303.913	52.348	71.887
817.255	306.617	56.075	62.352
819.105	273.003	64.431	64.340
812.235	252.481	71.765	85.771
807.222	232.684	62.490	85.349
807.133	233.579	55.548	61.564
814.131	235.142	53.506	59.400
831.372	221.648	63.661	68.425
838.213	222.685	64.849	72.630
840.339	232.900	57.005	78.922
847.832	255.817	49.939	70.458
852.865	253.312	46.043	74.346
854.505	250.967	45.120	68.167
860.662	253.208	36.887	58.874
863.783	253.890	38.949	55.416
868.415	253.038	34.954	58.413
877.609	254.420	44.793	56.484
882.614	247.104	42.877	61.475
889.479	232.358	54.956	59.677
909.175	226.420	50.825	66.133
911.719	223.665	48.281	68.471
907.343	222.965	48.923	75.966
911.981	239.063	48.019	66.546
916.793	232.535	43.207	73.010
926.080	224.907	33.333	78.642
933.401	227.567	26.599	73.349
942.157	238.340	17.843	56.747
923.771	229.411	33.037	51.928
924.998	215.888	33.130	57.374
926.646	212.388	33.128	66.046
924.643	209.744	35.357	76.237
902.010	201.826	53.031	80.569
866.271	211.321	73.468	83.036
831.389	221.309	98.565	87.567
752.269	245.869	80.016	84.370
757.836	257.949	77.417	76.566
758.359	271.512	73.162	74.418
787.852	242.457	55.926	82.553
790.761	244.387	62.511	61.370
781.857	264.207	62.909	54.833
769.097	270.533	62.817	51.252
774.811	268.231	63.216	54.060
796.928	264.434	48.992	65.708
789.377	271.584	52.678	60.544
793.814	259.107	53.901	63.134
798.125	259.024	53.508	72.468
802.907	263.487	46.066	70.234
812.156	250.614	54.607	61.190
827.753	231.054	50.965	58.888
812.731	266.770	51.630	71.776
809.897	267.209	44.051	67.236
804.530	267.015	43.186	63.428
804.020	258.407	42.240	59.834
798.666	261.208	43.271	54.234
792.744	263.955	43.899	48.793
791.009	266.102	38.834	51.609
794.429	268.295	20.530	64.276
795.838	271.132	42.187	66.262
783.660	258.549	48.250	67.065
781.939	258.262	46.041	72.949
773.342	253.998	51.020	67.594
779.223	253.903	49.954	72.956
779.773	260.605	48.898	74.548
775.881	260.904	47.896	75.941
769.259	260.009	51.278	68.111
773.094	257.438	47.157	73.317
767.828	248.629	47.672	67.535
767.982	245.668	48.043	62.168
771.699	251.999	46.422	57.887
773.834	250.544	45.002	60.697
775.055	250.254	46.577	60.064
775.880	250.640	41.674	69.254
775.892	250.251	43.365	65.818
769.738	250.257	48.613	67.609
773.382	249.879	48.035	71.016
769.693	251.820	48.101	73.854
768.272	251.614	48.423	69.078
770.292	255.883	46.110	69.048
770.520	255.847	45.243	64.890
764.018	255.155	52.528	59.397
761.206	255.825	50.139	42.315
763.959	255.934	45.097	40.938
759.915	257.114	42.521	38.059
760.491	257.573	39.490	38.267
760.793	259.023	38.966	34.530
759.777	258.758	38.626	34.058
758.532	257.761	39.536	35.024
757.169	255.678	41.308	38.478
750.243	254.001	40.219	38.814
742.435	258.732	49.083	47.566
756.226	255.156	41.245	64.536
753.613	250.834	43.664	64.584
754.689	252.404	46.966	57.920
757.366	251.736	40.682	68.596
756.051	251.180	43.997	65.956
757.031	251.347	42.977	69.557
756.104	248.893	42.909	74.965
758.766	245.478	39.968	85.931
754.803	247.288	44.649	75.325
748.856	246.152	47.574	70.832
747.245	245.602	46.614	74.025
746.926	245.742	47.256	72.498
746.240	243.690	47.625	70.449
747.199	248.787	43.317	74.668
742.998	249.212	46.783	69.255
739.426	248.513	47.424	62.489
739.010	246.571	44.889	65.024
729.143	247.194	48.865	53.273
729.492	245.222	42.441	47.686
726.808	248.780	38.737	43.696
726.977	249.605	40.178	43.505
726.666	246.924	36.911	41.294
729.602	248.674	36.752	39.812
727.560	248.013	35.173	38.784
728.004	248.316	35.756	41.208
730.816	248.825	34.317	38.475
726.331	248.657	34.125	36.995
720.448	248.134	36.179	41.385
720.887	249.703	37.296	43.025
719.128	247.141	38.622	45.178
715.059	249.405	48.084	46.260
721.067	247.591	43.484	48.117
716.496	245.321	41.437	53.951
717.865	245.685	45.346	59.080
719.168	245.465	47.832	68.584
723.997	248.874	43.927	75.492
722.869	249.898	43.994	74.500
711.858	257.193	52.736	72.539
714.872	254.187	48.303	79.171
713.334	254.018	49.769	79.375
708.959	244.860	43.275	79.144
696.337	254.225	56.243	70.343
696.690	256.430	53.375	73.348
700.011	258.980	56.075	73.860
692.568	255.817	54.093	78.302
690.416	253.890	54.258	79.064
681.407	253.384	60.156	73.936
685.510	259.346	54.269	74.816
690.931	255.339	44.192	84.663
680.554	254.124	54.613	76.188
682.655	261.976	51.525	72.754
680.274	261.327	51.746	74.432
691.079	254.905	25.834	75.157
672.554	264.758	57.455	57.291
677.804	261.649	53.197	66.962
684.906	262.732	53.657	72.863
685.911	258.222	50.108	77.284
686.418	259.517	52.993	75.894
685.542	256.972	56.431	75.823
682.908	258.433	61.153	70.923
684.303	255.749	60.443	74.306
685.987	254.347	61.484	73.712
695.345	250.699	54.436	78.689
696.862	251.406	53.371	77.502
698.555	252.749	50.128	74.991
699.039	254.743	47.056	74.144
694.411	249.546	51.356	73.786
691.182	254.870	49.737	62.168
688.053	264.817	50.106	65.915
685.040	260.196	46.299	61.004
684.294	258.241	42.993	53.600
679.419	254.943	42.363	46.029
679.718	260.095	41.511	46.541
681.024	262.277	40.953	49.329
682.979	258.648	36.951	45.858
683.224	260.390	41.406	45.461
689.503	267.282	44.787	43.329
683.404	262.329	41.212	41.572
686.014	254.063	40.489	45.580
682.765	254.339	41.157	45.579
684.343	252.139	39.168	40.506
686.258	255.924	39.237	41.232
687.053	254.351	38.372	39.458
697.732	249.775	43.974	50.628
710.615	249.419	43.947	54.833
703.874	250.978	50.688	60.767
697.639	253.275	51.666	65.861
695.107	246.030	57.087	69.801
704.024	234.987	62.990	75.711
720.263	236.213	75.178	83.516
749.315	230.893	58.940	80.608
744.112	230.456	65.900	87.475
729.349	233.027	68.171	97.615
695.690	242.351	66.422	90.173
695.016	244.524	66.990	89.989
688.248	243.443	72.328	80.271
681.982	239.813	74.357	94.446
672.627	242.460	80.147	78.919
678.299	244.818	73.580	74.176
679.989	247.900	74.650	82.046
689.511	249.406	73.776	80.852
679.208	259.510	74.758	74.562
661.283	253.076	86.616	62.110
632.137	245.631	84.347	76.398
614.763	230.975	74.495	91.738
600.146	235.495	77.488	71.156
588.008	246.113	78.664	65.009
577.174	244.521	65.910	68.558
563.799	256.505	74.462	66.290
566.904	263.580	72.166	66.684
575.852	252.354	70.252	76.076
573.913	261.902	75.110	65.153
561.333	250.721	76.090	82.538
545.474	254.347	85.942	69.465
538.125	256.164	81.729	69.615
532.125	257.333	78.312	61.895
522.919	254.525	74.614	71.253
509.495	247.683	79.893	76.509
503.400	243.034	76.038	83.161
485.394	257.541	81.378	71.200
484.746	275.911	71.661	54.615
503.461	273.323	56.237	61.617
483.945	259.418	61.312	67.513
477.943	255.987	67.353	60.399
485.705	266.207	54.890	65.504
480.982	280.563	55.085	56.813
477.505	284.353	53.054	53.617
477.501	283.397	49.568	52.230
466.420	278.955	52.321	54.490
452.191	262.434	53.133	65.216
421.939	264.106	50.421	72.869
324.701	252.843	46.707	59.900
332.489	253.844	38.206	40.991
334.099	263.513	32.244	39.731
331.888	281.129	30.469	40.210
326.950	297.408	33.635	35.155
324.354	303.282	32.626	45.954
323.412	335.068	33.856	39.432
320.412	347.582	34.922	35.782
316.430	332.284	32.007	40.552
306.180	314.824	35.452	40.628
297.659	303.295	43.580	46.315
288.422	295.929	43.458	39.963
286.287	276.153	34.681	42.006
285.031	275.061	37.227	43.010
280.110	272.178	38.549	40.374
274.715	268.233	38.963	40.404
273.858	267.035	37.793	42.146
273.135	266.232	37.427	39.548
269.614	265.070	37.238	30.958
268.496	263.810	37.180	30.167
268.711	263.283	36.283	29.021
269.831	259.369	33.229	32.707
271.809	261.560	33.527	33.149
273.226	262.084	34.329	32.768
276.121	262.648	33.486	31.487
278.324	262.562	33.676	30.943
280.634	261.886	35.743	29.879
284.852	261.582	34.058	30.131
286.035	260.576	36.230	30.643
288.177	259.731	36.196	30.585
290.882	258.849	34.673	32.219
291.714	258.595	36.048	33.035
291.839	258.394	36.964	34.610
292.261	258.389	36.639	33.173
292.549	258.266	36.986	33.216
292.455	258.450	36.715	32.543
292.938	258.622	36.437	32.008
292.739	259.320	37.272	31.102
293.771	259.353	36.224	31.979
294.841	259.073	35.442	31.856
295.990	257.738	36.062	32.421
296.377	255.386	36.711	34.277
296.719	252.452	34.838	35.799
296.325	249.229	32.884	33.694
296.096	245.369	32.930	34.052
294.905	242.385	32.998	33.911
294.575	238.914	31.992	34.417
294.217	236.188	33.738	33.167
294.114	234.758	34.147	30.727
293.919	234.896	34.752	29.408
294.222	234.889	34.623	29.738
295.093	235.008	34.105	29.520
295.113	235.870	34.639	28.545
295.387	236.381	34.143	28.415
295.494	236.668	33.746	28.394
294.055	236.746	34.873	28.743
291.942	236.687	36.353	29.283
290.160	235.420	37.328	30.313
287.211	234.435	37.078	30.155
284.570	232.477	35.625	31.246
281.966	230.739	34.464	31.910
279.776	228.416	34.433	32.350
278.391	225.802	35.687	33.793
278.062	223.346	35.453	34.116
278.030	220.973	34.736	33.729
279.503	219.194	35.538	33.330
280.606	216.710	35.483	33.531
282.436	214.404	36.250	33.156
284.957	211.792	36.714	33.104
288.251	209.770	37.035	32.277
292.681	207.724	36.857	33.221
296.919	206.019	37.249	33.713
302.478	204.420	37.224	33.428
307.860	203.071	37.456	33.893
311.532	203.003	38.354	33.099
314.967	202.497	37.981	33.319
317.199	202.003	37.827	33.512
317.891	201.279	37.892	34.875
318.183	200.764	37.750	35.317
317.057	200.335	38.506	34.850
316.455	199.119	38.432	35.041
315.756	198.579	38.563	35.025
315.514	198.068	38.373	34.995
315.097	196.995	38.765	35.212
315.179	195.877	38.877	36.210
315.137	194.983	39.022	36.047
315.511	193.846	38.994	36.932
316.411	192.841	38.808	36.935
317.449	192.386	39.016	36.406
318.353	191.489	39.643	36.065
319.718	190.663	39.621	35.927
320.378	189.628	40.199	36.313
321.107	188.633	40.454	37.640
321.978	188.474	40.518	36.979
322.683	188.000	41.099	36.614
323.643	186.834	41.110	37.410
325.253	185.620	41.139	37.026
327.432	184.701	40.961	37.099
330.484	183.544	40.750	36.443
332.451	182.759	41.020	36.822
333.802	182.279	41.157	36.675
334.918	181.319	41.983	37.071
337.066	180.949	42.536	37.294
340.148	180.817	41.988	37.251
341.956	180.781	42.630	37.565
344.175	180.620	41.988	37.883
346.457	180.396	41.372	38.167
348.646	180.245	40.969	38.681
349.836	179.990	41.116	38.494
350.789	180.262	41.622	37.842
351.525	180.040	42.427	37.687
352.023	179.987	42.299	37.637
352.066	179.768	42.480	37.896
351.411	179.978	41.854	37.963
350.477	180.457	42.056	37.132
350.311	180.237	41.698	37.000
350.386	180.399	41.462	37.211
351.049	180.423	41.195	37.109
352.656	180.472	40.825	36.730
354.256	180.683	40.614	36.385
356.813	180.180	40.166	36.596
360.668	179.914	41.022	36.614
365.220	179.659	40.299	36.237
370.337	179.289	39.882	36.098
375.195	179.369	40.156	35.404
380.773	178.940	39.724	35.626
386.718	179.612	39.656	35.958
392.358	179.699	40.073	36.552
396.960	180.035	40.237	37.311
398.548	180.664	40.263	38.059
398.260	181.429	41.146	38.075
395.733	181.396	41.666	40.001
391.743	182.601	42.932	40.361
385.279	184.867	45.018	41.831
378.920	189.472	45.035	42.646
371.129	193.860	44.563	42.908
364.589	198.620	44.605	41.836
364.368	201.747	43.252	42.337
367.839	206.061	42.770	41.481
370.275	212.497	41.955	41.684
371.129	221.420	42.582	43.687
371.030	231.584	42.105	43.249
367.809	240.809	42.947	41.989
362.550	244.415	44.517	39.828
355.331	244.165	46.094	39.105
349.307	244.050	44.459	39.320
345.830	242.748	43.128	40.201
345.435	236.359	44.142	48.227
347.861	226.006	44.743	45.410
349.270	222.639	43.544	42.938
350.080	221.854	43.300	42.641
347.892	224.217	43.432	41.557
345.429	224.480	43.542	40.691
342.519	224.262	43.953	41.485
333.664	226.995	47.155	43.658
325.034	231.927	47.110	45.715
323.679	235.293	44.446	44.279
330.090	235.462	44.029	44.619
338.289	231.529	45.868	44.255
346.527	230.123	43.774	44.185
350.904	229.424	43.512	42.783
355.868	228.276	43.574	40.985
360.689	227.363	43.470	41.829
364.758	227.101	42.710	40.798
368.684	227.288	41.680	41.096
371.817	226.358	42.398	41.608
376.500	226.966	43.148	42.094
382.156	227.510	43.382	41.503
387.784	227.502	43.854	41.523
393.419	227.129	45.157	41.408
399.085	226.520	44.350	42.496
402.451	226.515	45.342	42.387
405.341	226.906	44.771	44.229
407.719	226.929	45.217	43.544
410.463	226.979	43.815	42.738
411.267	227.053	44.222	41.291
412.634	227.101	43.368	41.158
413.850	226.649	42.492	41.123
414.709	226.960	41.932	40.972
415.933	227.395	42.728	39.941
416.677	227.710	42.493	39.274
416.798	227.973	42.497	38.315
416.767	228.201	42.541	38.509
416.407	227.590	42.272	39.109
416.169	227.743	42.581	38.452
417.232	227.285	41.891	38.943
418.524	227.159	41.981	39.152
419.358	227.159	42.385	39.008
419.833	226.915	42.672	39.159
419.970	227.277	42.641	39.423
419.951	226.777	42.690	40.609
419.633	225.331	42.692	41.834
418.572	224.218	42.948	42.080
416.379	223.532	43.455	40.723
414.397	222.363	43.177	39.902
412.674	221.802	42.872	39.632
409.001	222.534	42.598	39.894
408.188	221.399	42.605	39.806
409.612	218.919	42.343	39.917
411.054	218.096	41.101	38.973
409.081	217.466	42.959	38.385
407.050	214.701	42.440	40.557
406.778	213.775	42.447	39.619
406.974	213.266	43.019	39.445
405.659	212.804	43.730	39.442
402.569	212.601	44.515	38.441
394.872	215.072	46.868	40.160
382.681	218.343	48.956	40.974
369.035	221.597	50.499	43.153
358.007	225.801	49.181	40.873
343.798	229.558	50.334	38.223
335.222	232.129	47.504	38.903
327.594	234.520	47.869	39.686
328.207	234.634	47.048	40.195
331.785	235.417	49.252	38.443
339.691	235.913	52.489	36.906
353.499	235.288	56.387	37.253
368.642	235.753	60.879	38.800
384.208	237.461	65.819	38.404
406.530	239.213	62.925	40.135
430.923	245.999	59.880	39.426
449.038	255.668	56.447	42.659
471.383	270.807	45.531	46.906
480.661	292.577	40.999	48.879
480.107	316.093	44.935	48.410
480.600	341.971	45.296	54.790
475.731	374.355	45.189	57.889
461.436	394.769	52.951	49.172
453.828	385.557	50.005	49.306
414.308	341.689	52.672	53.543
401.701	328.757	49.075	48.225
383.255	311.631	51.650	43.904
381.493	301.553	48.884	42.343
385.169	291.831	44.594	42.229
384.928	282.249	47.552	39.574
391.840	273.826	46.784	39.420
403.376	267.347	42.069	37.674
408.170	262.367	46.585	37.353
417.127	258.294	47.534	38.200
428.730	255.922	47.789	38.128
439.157	254.974	46.635	37.804
449.876	253.702	46.005	38.162
459.071	253.175	44.557	37.707
465.486	253.179	43.806	36.533
468.256	251.543	43.516	36.704
469.940	249.501	43.081	39.176
469.285	246.133	43.764	41.469
463.311	249.289	45.398	40.220
457.917	246.398	45.289	39.531
448.962	244.709	47.025	37.142
441.023	244.461	47.196	37.683
432.986	246.458	46.379	36.680
424.495	249.411	47.004	38.207
416.691	253.197	46.296	41.079
406.572	260.459	46.104	40.959
402.846	265.772	46.223	38.523
399.171	278.031	41.230	40.778
395.879	292.692	35.893	42.808
391.558	309.179	35.802	46.271
389.158	334.204	33.318	39.671
374.154	340.834	46.800	55.468
363.859	340.877	52.010	61.987
336.738	311.543	70.166	73.839
325.135	282.324	67.160	59.289
325.354	278.354	69.740	59.473
340.186	270.101	72.847	84.607
354.148	272.789	78.507	83.572
361.921	292.499	82.416	88.385
380.992	295.724	74.964	80.236
382.937	302.586	86.774	68.781
376.048	278.865	77.522	73.773
384.826	278.671	75.048	68.698
383.328	288.603	63.423	59.297
387.505	287.230	73.292	67.317
379.889	302.069	60.036	49.527
380.057	314.193	56.851	46.387
381.053	327.185	45.949	40.458
379.961	336.814	38.838	40.677
378.462	347.965	35.658	41.672
376.762	367.749	37.270	37.855
375.275	381.893	39.367	39.070
374.987	397.791	39.804	38.257
371.039	385.870	39.050	41.955
366.095	371.813	38.750	43.815
361.873	362.208	36.252	37.298
359.715	349.379	33.901	41.428
357.334	343.082	37.296	38.944
356.132	338.741	37.577	36.651
355.529	336.543	38.235	36.585
354.275	334.421	39.520	34.330
354.910	331.627	38.734	35.554
355.977	331.959	40.316	35.538
358.209	332.972	42.871	36.663
363.032	338.566	43.045	37.352
366.670	347.400	41.790	37.002
370.711	355.705	40.100	36.019
372.687	366.400	42.545	37.591
375.278	377.193	42.345	39.631
376.984	389.560	43.543	38.068
375.660	378.610	42.199	39.468
372.800	368.568	41.924	39.223
369.447	358.666	41.159	38.562
366.869	350.660	42.343	39.530
366.320	345.403	41.372	39.847
365.516	341.861	40.490	39.388
365.065	338.923	41.229	41.605
371.197	344.136	43.824	41.199
384.214	356.323	47.013	42.654
402.869	370.841	45.825	41.706
419.890	372.236	46.170	42.165
430.763	355.198	42.383	43.981
440.389	346.058	37.461	41.405
447.971	339.124	34.947	37.119
449.853	333.357	42.168	37.862
458.944	319.457	48.575	46.204
446.707	303.326	61.962	62.727
435.627	264.826	58.734	75.962
419.139	248.868	75.307	77.732
410.090	259.800	77.498	83.123
401.551	243.537	73.969	88.256
402.169	239.779	72.717	93.073
397.943	242.167	77.626	88.807
391.942	243.490	75.747	96.690
395.542	253.476	77.227	88.094
381.961	270.702	65.736	67.122
386.030	275.272	56.103	57.328
384.193	271.006	64.368	62.482
384.498	276.563	64.762	65.907
382.818	271.067	71.820	75.254
387.555	279.382	66.600	89.415
399.699	275.244	62.399	80.264
400.634	263.972	58.784	75.097
395.293	255.185	60.601	65.818
404.506	263.860	63.957	77.978
409.970	276.505	63.348	85.969
410.172	274.725	62.687	91.322
392.341	272.280	74.478	64.416
394.231	274.282	71.694	62.586
384.179	275.440	63.446	70.425
381.886	263.378	69.578	68.239
381.070	271.089	72.757	69.458
370.442	259.864	71.144	62.965
372.428	248.843	66.248	65.016
381.918	254.547	76.496	70.658
434.576	245.587	56.532	48.942
433.077	245.495	53.300	41.300
431.492	245.608	48.461	41.763
431.294	247.744	44.100	39.963
430.593	255.822	41.204	39.108
427.885	266.103	42.136	41.219
426.259	278.481	41.993	46.862
424.350	289.063	40.562	54.872
409.179	303.834	54.047	68.729
397.546	308.132	57.989	71.331
401.362	310.820	54.307	77.322
381.600	297.105	66.443	82.406
361.201	276.416	68.823	79.582
344.922	273.964	73.485	74.574
350.719	275.064	76.639	80.999
339.265	268.449	70.962	75.796
348.189	265.987	73.606	71.160
357.794	261.337	68.641	66.646
370.764	263.610	58.404	65.892
367.680	268.321	61.898	73.626
358.062	260.473	66.492	72.330
339.443	267.521	76.912	71.823
357.951	271.270	75.117	88.614
335.695	265.218	74.662	76.282
333.302	248.120	83.129	89.527
332.241	245.756	81.428	73.115
332.963	264.196	78.928	81.387
355.126	286.901	71.929	89.566
338.806	267.564	77.738	82.081
344.085	265.333	71.156	79.745
347.156	264.917	69.947	78.087
333.156	246.267	74.089	84.780
347.257	244.253	78.167	93.637
351.525	240.632	78.018	87.928
359.508	246.623	73.318	83.196
374.627	248.365	60.909	83.911
383.817	250.377	59.398	57.476
407.965	271.074	41.770	45.208
414.434	283.672	42.804	46.488
430.323	306.275	34.143	45.951
433.297	331.091	39.181	47.003
437.705	362.680	39.888	49.354
440.459	390.994	45.721	49.384
439.233	377.201	42.767	51.939
435.732	352.325	40.034	51.377
430.856	332.015	41.472	45.507
425.598	309.134	44.482	46.782
425.239	295.502	44.169	45.136
426.890	286.123	42.775	44.346
423.001	274.170	46.209	46.177
421.610	267.895	47.079	45.073
420.457	262.801	46.107	40.910
419.491	258.189	47.132	40.346
418.222	255.896	47.119	40.526
417.001	254.445	47.280	40.754
416.095	253.879	47.855	41.623
415.157	253.864	48.499	43.127
415.019	255.038	48.407	42.528
414.643	255.574	48.211	42.641
413.928	257.128	48.303	41.717
413.394	257.403	48.143	40.358
413.279	257.208	46.865	40.062
413.131	257.005	46.153	39.175
412.847	256.049	45.458	39.226
412.895	255.578	45.139	38.535
412.567	255.299	45.383	37.988
411.651	254.682	45.576	37.625
410.238	254.396	46.535	37.717
409.684	254.760	46.569	37.597
409.802	254.832	45.355	38.178
408.185	255.514	45.983	37.860
406.931	256.212	46.300	38.277
405.809	257.362	45.856	38.001
404.156	258.399	46.236	37.757
403.211	258.736	45.799	38.712
402.263	259.270	45.647	38.753
401.199	259.629	46.025	39.416
400.623	259.878	46.160	40.333
400.063	260.630	46.477	39.972
400.102	261.147	46.110	39.476
399.686	261.729	46.051	39.128
399.662	261.990	46.065	38.919
399.784	262.091	45.757	38.922
399.263	262.684	45.759	38.411
398.926	262.704	45.935	38.591
398.518	262.829	46.297	38.735
398.754	262.578	46.067	38.818
398.446	262.604	46.328	38.857
398.353	262.578	46.398	38.923
398.784	262.247	45.989	39.233
399.177	262.118	46.113	39.363
399.308	261.988	46.005	39.493
399.486	261.988	46.514	39.348
399.019	261.966	47.074	39.359
399.118	261.992	46.394	39.298
399.059	262.489	46.680	39.217
399.114	263.074	46.511	38.951
399.468	262.630	46.289	39.382
399.672	262.976	46.492	38.567
399.917	262.342	46.362	38.491
399.908	261.734	45.705	39.051
399.513	261.401	45.502	39.707
397.706	261.156	46.792	40.064
395.902	260.735	47.319	40.396
393.050	260.034	47.984	40.752
391.014	259.890	47.960	40.690
390.280	259.796	47.990	40.450
389.628	259.612	47.027	40.613
388.466	260.484	47.387	39.792
387.398	260.842	47.887	39.926
387.482	261.332	47.499	39.709
387.360	261.955	47.250	39.732
387.270	262.219	46.628	40.176
386.919	262.533	46.766	39.978
386.658	263.368	46.657	39.250
387.193	263.853	45.747	38.649
387.807	263.879	45.446	39.208
387.997	263.990	44.768	39.210
386.549	263.965	45.160	39.025
385.327	265.189	45.449	37.946
384.415	266.166	45.525	37.684
383.223	266.609	46.279	38.367
382.802	267.318	46.221	38.726
381.527	267.805	46.238	38.858
379.667	267.421	45.595	39.097
376.599	267.807	45.462	39.076
374.612	268.414	45.526	38.609
372.383	268.736	45.635	38.420
370.212	268.638	44.552	38.414
366.872	269.636	44.321	38.098
362.586	270.353	44.522	37.629
356.574	271.247	46.277	37.806
353.900	272.322	47.117	37.815
353.068	272.660	46.270	38.415
350.700	274.136	47.412	38.354
349.308	274.683	46.814	39.366
348.860	276.596	45.306	38.626
346.349	277.399	45.755	38.577
343.597	278.908	44.412	38.074
336.683	279.183	47.211	38.930
332.334	279.415	47.350	39.206
331.066	278.939	46.216	39.979
330.247	278.596	45.607	40.238
329.986	277.257	44.877	40.963
333.092	274.998	45.840	41.319
341.091	273.550	49.959	40.167
355.174	271.624	52.084	40.084
364.847	271.091	48.310	39.414
365.781	269.923	47.107	39.783
357.093	269.245	49.622	40.118
338.466	266.828	52.373	41.514
319.065	266.117	52.577	41.967
302.939	265.959	52.760	42.029
291.070	267.945	51.162	41.293
287.085	270.207	45.753	40.350
282.464	273.785	45.948	39.839
278.558	277.764	44.622	40.055
271.682	282.106	45.422	40.717
266.623	284.923	45.248	40.405
262.923	287.486	43.722	39.376
258.573	289.172	44.164	37.978
256.078	289.370	43.230	37.931
252.429	288.851	43.477	39.051
244.843	288.912	45.888	39.222
237.520	289.174	46.022	39.831
228.878	290.278	47.461	39.649
224.248	291.615	45.244	40.317
214.649	293.483	48.214	39.860
213.384	294.974	44.871	39.779
210.388	297.000	44.990	38.727
207.793	298.236	45.647	39.583
208.348	299.577	44.415	39.067
205.964	301.143	45.582	38.085
209.222	302.324	42.235	38.031
206.673	302.854	44.264	37.403
208.457	303.599	44.649	37.458
209.274	303.208	46.971	37.170
211.665	301.489	50.114	38.322
215.456	299.200	51.608	39.865
223.223	296.003	50.629	39.803
228.194	292.158	52.681	41.469
232.964	287.552	54.101	42.971
244.317	283.092	47.865	41.512
247.635	279.569	46.719	41.608
249.389	276.052	46.066	41.244
249.738	274.138	45.916	40.182
249.352	274.080	45.915	39.130
248.875	275.301	44.484	38.896
249.458	278.399	44.716	41.031
251.506	284.395	42.918	39.788
252.697	292.343	43.466	40.974
253.986	302.770	44.615	43.267
257.099	318.141	42.447	46.267
258.340	339.306	41.088	47.685
255.941	361.993	42.370	47.151
261.637	388.000	38.728	48.756
263.194	413.915	37.698	45.805
254.776	419.723	44.923	44.425
259.327	400.331	38.322	50.508
245.987	378.167	40.794	46.342
243.867	364.538	40.770	45.035
227.760	351.892	47.143	61.640
209.095	332.314	57.538	79.666
212.458	314.337	56.624	75.103
214.444	313.759	60.157	72.983
222.935	297.835	55.729	62.422
224.479	296.994	55.162	66.242
236.978	290.666	53.933	60.920
230.914	296.635	60.808	53.175
240.038	296.523	51.643	58.520
239.598	294.558	50.565	58.749
237.530	295.881	54.834	59.158
228.111	284.918	57.338	59.753
235.443	289.741	55.698	58.199
245.795	292.921	48.496	54.263
251.416	350.431	50.616	66.983
243.734	353.954	54.485	68.642
245.523	357.021	55.333	66.532
252.052	350.734	54.971	72.220
254.751	343.685	57.161	72.099
256.319	336.815	57.720	70.355
255.229	270.528	46.984	45.068
269.391	269.583	34.744	38.554
268.464	270.881	38.951	35.589
268.131	273.282	43.125	37.178
270.854	277.535	44.994	39.275
274.804	284.106	48.075	40.210
286.030	294.252	48.662	44.643
293.337	310.143	50.611	48.979
304.792	333.484	46.892	48.349
311.497	359.933	47.006	53.162
315.651	392.161	46.677	50.943
319.262	423.498	46.341	47.296
311.988	401.379	47.754	52.538
305.668	376.081	46.550	54.724
297.261	352.868	48.535	50.050
291.884	332.780	47.968	52.603
283.786	317.542	50.509	47.691
279.613	306.660	51.622	47.500
276.899	297.211	50.498	45.845
275.095	290.673	48.878	44.548
272.306	285.512	48.737	40.813
271.282	282.470	47.984	40.378
269.395	280.361	48.244	42.634
268.895	279.420	48.457	43.344
267.790	279.099	50.404	44.082
267.996	280.120	51.515	44.798
268.094	280.764	53.775	44.541
270.860	281.928	54.587	43.331
275.369	282.210	54.693	43.555
280.590	282.213	53.236	43.690
283.178	281.131	52.756	44.215
288.820	279.555	50.199	45.424
290.567	277.661	51.316	46.623
294.683	274.647	50.426	47.780
296.309	271.869	51.337	48.074
298.739	269.610	51.644	48.208
302.722	267.505	51.410	45.592
305.484	267.179	51.182	45.290
307.981	268.292	51.734	44.152
310.576	271.265	53.824	42.741
316.067	277.720	50.296	42.727
323.248	286.972	46.196	44.130
326.065	299.255	45.335	44.292
326.154	311.108	47.911	48.413
324.276	324.671	49.546	52.009
318.279	345.581	51.780	54.328
311.581	375.858	45.926	55.926
308.186	398.055	44.948	52.011
303.020	407.509	53.107	53.350
284.305	417.294	69.073	57.291
266.440	387.990	49.379	53.230
259.041	369.521	47.827	49.050
246.349	355.126	55.488	50.043
243.231	349.996	52.218	42.581
241.987	343.013	48.665	42.228
240.430	337.303	48.512	40.004
241.231	333.386	47.896	39.860
242.084	330.919	48.337	40.601
243.241	330.615	50.337	40.379
247.884	331.888	51.313	40.150
255.776	333.101	51.596	40.892
265.862	338.912	51.091	38.456
275.798	341.599	48.938	41.467
285.825	351.203	47.464	41.201
296.498	359.448	41.628	46.223
305.606	366.811	38.013	51.710
299.069	356.907	41.687	52.315
300.530	354.983	44.622	54.273
301.625	351.760	42.603	50.224
339.048	372.614	47.373	68.017
333.746	389.030	56.523	60.246
336.152	357.693	53.467	60.725
353.870	354.127	50.795	46.316
363.537	347.016	45.046	45.098
367.816	340.086	41.143	43.023
367.981	333.461	38.255	41.042
364.652	329.278	40.159	38.729
363.407	324.717	40.478	38.358
361.656	317.750	45.604	39.196
360.035	311.624	48.898	41.685
359.189	303.361	51.202	42.607
362.308	295.889	45.329	40.789
355.753	291.244	48.600	41.868
348.439	287.055	48.530	46.712
340.107	291.308	55.366	42.430
339.613	292.105	55.010	42.467
320.762	294.233	73.723	58.720
299.035	301.158	72.729	73.059
273.106	296.006	86.690	84.277
247.769	295.719	73.110	95.814
242.825	312.701	71.123	85.037
226.176	290.944	61.246	106.922
226.049	287.942	64.392	102.189
228.867	299.092	60.211	103.452
223.868	328.508	69.346	87.786
220.841	330.462	72.029	81.971
213.947	343.257	73.826	71.051
218.927	344.798	70.752	58.480
224.536	352.849	60.536	57.454
234.801	349.179	51.098	60.703
223.980	352.182	52.467	61.078
216.345	364.806	42.531	54.974
208.411	352.347	37.753	48.316
201.436	359.020	35.093	53.697
168.873	355.771	48.198	57.451
152.343	360.683	53.543	49.663
160.406	362.157	55.077	49.295
147.142	347.763	50.516	53.563
165.016	374.656	50.555	42.475
186.133	372.392	46.586	48.523
170.192	375.642	52.105	40.525
167.364	381.923	45.916	35.687
170.459	378.364	36.154	39.940
170.649	376.905	30.879	39.428
166.984	379.048	34.540	37.185
147.187	376.166	46.337	39.545
134.134	360.675	46.463	45.474
128.428	322.707	45.114	69.325
127.032	316.044	44.575	40.335
133.910	309.971	43.061	41.813
139.820	307.138	43.473	39.674
137.048	304.679	49.036	40.524
145.590	292.704	46.501	42.945
142.502	294.280	46.155	44.383
148.136	290.336	42.203	45.189
140.019	288.636	40.652	39.835
130.410	318.295	40.155	56.401
145.856	352.559	34.889	67.083
128.397	362.426	37.079	71.412
122.388	353.624	46.043	64.297
113.795	354.374	45.834	58.316
112.278	350.453	43.430	64.194
112.846	336.181	52.099	64.391
141.863	323.978	47.001	50.822
135.515	295.876	52.921	64.565
149.577	297.984	52.945	60.701
144.208	307.806	59.763	59.477
139.288	313.565	54.899	61.551
128.081	306.441	42.571	66.329
86.822	353.420	49.065	61.314
116.310	346.479	44.816	48.844
108.590	340.276	45.558	50.749
101.781	332.520	45.875	52.654
103.711	326.686	39.133	54.431
93.552	326.735	44.778	48.354
94.639	325.276	39.436	45.661
96.836	326.207	35.542	43.886
79.871	357.653	49.213	41.852
89.434	360.255	47.275	50.922
87.187	358.310	47.157	52.196
101.294	362.604	35.921	61.718
98.350	362.987	36.298	54.300
88.927	361.284	42.659	58.379
97.419	351.328	43.498	60.327
107.957	343.141	41.914	42.683
102.325	352.686	40.857	56.542
105.397	327.550	38.231	48.681
98.668	316.240	39.831	40.816
97.892	313.022	39.566	38.427
101.282	312.168	37.242	38.057
104.388	310.970	35.143	37.337
108.659	307.823	33.535	39.664
104.411	304.013	39.291	39.252
109.810	301.734	37.704	42.295
113.686	305.519	32.829	40.618
114.373	302.084	34.641	45.409
103.569	304.128	43.893	49.982
101.462	308.247	50.038	52.181
95.255	313.810	52.538	50.180
94.513	359.759	47.949	51.787
99.665	353.446	42.938	60.425
91.281	344.904	50.572	55.275
98.200	342.246	50.456	62.652
95.104	342.758	52.760	57.712
110.455	341.875	47.964	59.655
109.285	339.854	44.930	45.310
111.864	326.871	34.609	41.379
108.762	331.591	35.289	38.835
115.584	330.503	33.746	35.586
118.005	327.080	30.155	38.096
107.655	334.393	39.616	34.114
