variant,sequence,frame_zero_based,region,candidate,searched_region,extra_executed,pause,gt_known,same_state_c1_iou,selected_iou
full_coverage_complete,10runone,52,4,0,4,True,False,True,0.7574015059884383,0.9186438589944138
full_coverage_complete,10runone,53,0,0,4,True,False,True,0.6800424480422076,0.6800424480422076
full_coverage_complete,10runone,54,0,0,4,True,False,True,0.7282507486764765,0.7282507486764765
full_coverage_complete,10runone,55,0,0,2,True,False,True,0.7590682952156287,0.7590682952156287
full_coverage_complete,10runone,63,4,0,4,True,False,True,0.6379665093474792,0.0
full_coverage_complete,10runone,64,0,1,5,True,False,True,0.0,0.7298477087089141
full_coverage_complete,10runone,68,0,0,2,True,False,True,0.8545321453117608,0.8545321453117608
full_coverage_complete,10runone,69,0,0,2,True,False,True,0.9237650448754082,0.9237650448754082
full_coverage_complete,10runone,70,0,0,1,True,False,True,0.6431531791679955,0.6431531791679955
full_coverage_complete,10runone,72,0,0,4,True,False,True,0.7336065564090745,0.7336065564090745
full_coverage_complete,10runone,73,4,1,4,True,False,True,0.8682602433684681,0.0
full_coverage_complete,10runone,74,0,0,5,True,False,True,0.0,0.0
full_coverage_complete,10runone,75,0,0,5,True,False,True,0.0,0.0
full_coverage_complete,10runone,76,0,0,4,True,False,True,0.0,0.0
full_coverage_complete,10runone,77,0,2,4,True,False,True,0.0,0.8095355275591093
full_coverage_complete,11leftboy,59,4,0,4,True,False,True,0.9261423902476902,0.969322759904103
full_coverage_complete,11leftboy,60,4,0,4,True,False,True,0.9082002240846259,0.823720883311079
full_coverage_complete,11leftboy,61,4,0,4,True,False,True,0.8773384138840377,0.9071766786944246
full_coverage_complete,11leftboy,62,4,0,4,True,False,True,0.8189581570719111,0.7996544255476886
full_coverage_complete,11leftboy,63,4,0,4,True,False,True,0.7801222526341608,0.8484623187069821
full_coverage_complete,11leftboy,64,4,0,4,True,False,True,0.772969817034599,0.7146486204937127
full_coverage_complete,11leftboy,65,4,0,4,True,False,True,0.7413512448007474,0.7610248584869942
full_coverage_complete,11leftboy,66,4,0,4,True,False,True,0.8022422403650219,0.7602756650083572
full_coverage_complete,11leftboy,67,0,0,5,True,False,True,0.8025997891587232,0.8025997891587232
full_coverage_complete,11leftboy,68,5,0,5,True,False,True,0.8849263818546774,0.8028696020573082
full_coverage_complete,11leftboy,70,0,0,5,True,False,True,0.8558268488368305,0.8558268488368305
full_coverage_complete,11leftboy,71,0,0,5,True,False,True,0.90052388421224,0.90052388421224
full_coverage_complete,11leftboy,72,0,0,5,True,False,True,0.9194084483362209,0.9194084483362209
full_coverage_complete,11leftboy,129,0,0,2,True,False,True,0.0,0.0
full_coverage_complete,11leftboy,130,0,0,1,True,False,True,0.0,0.0
full_coverage_complete,11leftboy,131,1,0,1,True,False,True,0.0,0.0
full_coverage_complete,11leftboy,135,0,0,2,True,False,True,0.0,0.0
full_coverage_complete,11leftboy,136,0,0,4,True,False,True,0.0,0.0
full_coverage_complete,11leftboy,137,0,0,4,True,False,True,0.0,0.0
full_coverage_complete,11leftboy,138,0,0,4,True,False,True,0.0,0.0
full_coverage_complete,11leftboy,139,4,0,4,True,False,True,0.0,0.8695657801787491
full_coverage_complete,11leftboy,141,0,1,0,False,False,True,0.911090061849436,0.0
full_coverage_complete,11leftboy,142,0,0,1,True,False,True,0.0,0.0
full_coverage_complete,11leftboy,144,0,0,4,True,False,True,0.0,0.0
full_coverage_complete,11leftboy,145,0,0,5,True,False,True,0.0,0.0
full_coverage_complete,11leftboy,148,5,0,5,True,False,True,0.8989647083720985,0.9320387370010054
full_coverage_complete,11leftboy,151,2,0,2,True,False,True,0.9054258238157854,0.0
full_coverage_complete,11runtwo,38,0,0,4,True,False,True,0.7577403190335299,0.7577403190335299
full_coverage_complete,11runtwo,54,0,0,4,True,False,True,0.6222674320919458,0.6222674320919458
full_coverage_complete,11runtwo,55,0,0,4,True,False,True,0.6882195914632353,0.6882195914632353
full_coverage_complete,11runtwo,56,0,0,4,True,False,True,0.7378911392043835,0.7378911392043835
full_coverage_complete,11runtwo,58,0,0,1,True,False,True,0.8181362963405722,0.8181362963405722
full_coverage_complete,11runtwo,59,0,0,4,True,False,True,0.8641435194389586,0.8641435194389586
full_coverage_complete,11runtwo,61,0,0,4,True,False,True,0.6304287278759231,0.6304287278759231
full_coverage_complete,11runtwo,62,0,0,4,True,False,True,0.8787593321819018,0.8787593321819018
full_coverage_complete,11runtwo,63,0,0,4,True,False,True,0.8333330758279102,0.8333330758279102
full_coverage_complete,11runtwo,65,0,0,4,True,False,True,0.85026444680309,0.85026444680309
full_coverage_complete,11runtwo,69,0,0,4,True,False,True,0.6799027824581,0.6799027824581
full_coverage_complete,11runtwo,85,0,0,4,True,False,True,0.7141524300121475,0.7141524300121475
full_coverage_complete,11runtwo,107,0,0,4,True,False,True,0.7554538208710906,0.7554538208710906
full_coverage_complete,11runtwo,176,0,0,4,True,False,True,0.7188146004818019,0.7188146004818019
full_coverage_complete,11runtwo,235,0,0,4,True,False,True,0.5790147137217213,0.5790147137217213
full_coverage_complete,11runtwo,236,0,0,4,True,False,True,0.8177492136499672,0.8177492136499672
full_coverage_complete,11runtwo,241,0,0,2,True,False,True,0.766722078435123,0.766722078435123
full_coverage_complete,11runtwo,245,0,0,2,True,False,True,0.9262669483000386,0.9262669483000386
full_coverage_complete,11runtwo,247,0,0,2,True,False,True,0.8789297262960845,0.8789297262960845
full_coverage_complete,11runtwo,248,0,0,4,True,False,True,0.7955627423084177,0.7955627423084177
full_coverage_complete,11runtwo,249,0,0,4,True,False,True,0.717528473413532,0.717528473413532
full_coverage_complete,11runtwo,255,0,0,4,True,False,True,0.6547014046164236,0.6547014046164236
full_coverage_complete,11runtwo,256,0,0,4,True,False,True,0.7994917893351478,0.7994917893351478
full_coverage_complete,11runtwo,262,0,0,5,True,False,True,0.8032118824347111,0.8032118824347111
full_coverage_complete,11runtwo,263,0,0,4,True,False,True,0.8248252604623864,0.8248252604623864
full_coverage_complete,11runtwo,269,0,0,4,True,False,True,0.8472903561727398,0.8472903561727398
full_coverage_complete,11runtwo,270,0,0,4,True,False,True,0.8287609423125298,0.8287609423125298
full_coverage_complete,11runtwo,272,0,0,4,True,False,True,0.848395301853586,0.848395301853586
full_coverage_complete,11runtwo,273,0,0,4,True,False,True,0.7850908889305098,0.7850908889305098
full_coverage_complete,11runtwo,274,0,0,4,True,False,True,0.8513797092815171,0.8513797092815171
full_coverage_complete,11runtwo,275,0,0,4,True,False,True,0.8795785883555018,0.8795785883555018
full_coverage_complete,11runtwo,281,0,0,4,True,False,True,0.8674375382529409,0.8674375382529409
full_coverage_complete,11runtwo,284,0,0,4,True,False,True,0.7981243057398234,0.7981243057398234
full_coverage_complete,11runtwo,285,0,0,4,True,False,True,0.8081261788528638,0.8081261788528638
full_coverage_complete,11runtwo,287,0,0,4,True,False,True,0.7692163686740514,0.7692163686740514
full_coverage_complete,11runtwo,288,0,0,4,True,False,True,0.7616161858725468,0.7616161858725468
full_coverage_complete,11runtwo,291,5,0,5,True,False,True,0.7981286076278312,0.0
full_coverage_complete,11runtwo,292,5,1,5,True,False,True,0.0,0.0
full_coverage_complete,11runtwo,293,0,0,5,True,False,True,0.0,0.0
full_coverage_complete,11runtwo,294,4,1,4,True,False,True,0.0,0.0
full_coverage_complete,1blackteacher,362,0,0,1,True,False,True,0.8047079847681929,0.8047079847681929
full_coverage_complete,1blackteacher,364,0,0,5,True,False,True,0.8014465781384034,0.8014465781384034
full_coverage_complete,1stcol4thboy,7,0,0,4,True,False,True,0.4655414150627489,0.4655414150627489
full_coverage_complete,1stcol4thboy,8,0,0,2,True,False,True,0.4603570809013777,0.4603570809013777
full_coverage_complete,1stcol4thboy,9,0,0,2,True,False,True,0.418274925471313,0.418274925471313
full_coverage_complete,1stcol4thboy,10,0,0,2,True,False,True,0.40214958415447166,0.40214958415447166
full_coverage_complete,1stcol4thboy,11,0,0,2,True,False,True,0.2407485143727233,0.2407485143727233
full_coverage_complete,1stcol4thboy,12,0,0,4,True,False,True,0.2532643905629648,0.2532643905629648
full_coverage_complete,1stcol4thboy,13,0,0,4,True,False,True,0.22276203428467026,0.22276203428467026
full_coverage_complete,1stcol4thboy,14,0,0,2,True,False,True,0.534682161847729,0.534682161847729
full_coverage_complete,1stcol4thboy,20,0,0,2,True,False,True,0.24329477093345664,0.24329477093345664
full_coverage_complete,1stcol4thboy,28,0,0,2,True,False,True,0.05753931706052225,0.05753931706052225
full_coverage_complete,1stcol4thboy,29,0,0,2,True,False,True,0.0,0.0
full_coverage_complete,1stcol4thboy,30,0,0,2,True,False,True,0.0,0.0
full_coverage_complete,1stcol4thboy,31,0,0,2,True,False,True,0.0,0.0
full_coverage_complete,1stcol4thboy,32,0,0,2,True,False,True,0.0,0.0
full_coverage_complete,1stcol4thboy,33,0,0,2,True,False,True,0.0,0.0
full_coverage_complete,1stcol4thboy,34,0,0,4,True,False,True,0.0,0.0
full_coverage_complete,1stcol4thboy,35,5,0,5,True,False,True,0.0,0.7544776414180961
full_coverage_complete,1stcol4thboy,36,0,0,5,True,False,True,0.3974321280938952,0.3974321280938952
full_coverage_complete,1stcol4thboy,37,5,0,5,True,False,True,0.6436046939056023,0.6949569152502764
full_coverage_complete,1stcol4thboy,38,0,0,2,True,False,True,0.038111555673355335,0.038111555673355335
full_coverage_complete,1stcol4thboy,40,0,0,4,True,False,True,0.10532948669140074,0.10532948669140074
full_coverage_complete,1stcol4thboy,41,0,0,2,True,False,True,0.0,0.0
full_coverage_complete,1stcol4thboy,42,0,0,2,True,False,True,0.5856533240996038,0.5856533240996038
full_coverage_complete,1stcol4thboy,43,0,0,5,True,False,True,0.6261011700830899,0.6261011700830899
full_coverage_complete,1stcol4thboy,44,0,0,2,True,False,True,0.0,0.0
full_coverage_complete,1stcol4thboy,45,0,0,6,True,False,True,0.0,0.0
full_coverage_complete,1stcol4thboy,48,0,0,2,True,False,True,0.0,0.0
full_coverage_complete,1stcol4thboy,49,0,0,2,True,False,True,0.0,0.0
full_coverage_complete,1stcol4thboy,51,0,0,2,True,False,True,0.0,0.0
full_coverage_complete,1stcol4thboy,52,0,0,5,True,False,True,0.25732032146540923,0.25732032146540923
full_coverage_complete,1stcol4thboy,53,0,0,5,True,False,True,0.13995157332956742,0.13995157332956742
full_coverage_complete,1stcol4thboy,54,0,0,2,True,False,True,0.0,0.0
full_coverage_complete,1stcol4thboy,55,0,0,4,True,False,True,0.0,0.0
full_coverage_complete,1stcol4thboy,56,0,0,4,True,False,True,0.0,0.0
full_coverage_complete,1stcol4thboy,58,0,0,4,True,False,True,0.0,0.0
full_coverage_complete,1stcol4thboy,59,0,0,4,True,False,True,0.0,0.0
full_coverage_complete,1stcol4thboy,60,0,0,2,True,False,True,0.06666542584107002,0.06666542584107002
full_coverage_complete,1stcol4thboy,61,0,0,5,True,False,True,0.16077714907787072,0.16077714907787072
full_coverage_complete,1stcol4thboy,62,5,0,5,True,False,True,0.14987516892961336,0.42841372953126294
full_coverage_complete,1stcol4thboy,63,0,0,5,True,False,True,0.0,0.0
full_coverage_complete,1stcol4thboy,64,0,0,5,True,False,True,0.18406690934982037,0.18406690934982037
full_coverage_complete,1stcol4thboy,65,0,0,2,True,False,True,0.4765433813875737,0.4765433813875737
full_coverage_complete,1stcol4thboy,66,0,2,2,True,False,True,0.8367214023855691,0.0
full_coverage_complete,1stcol4thboy,67,0,0,1,True,False,True,0.0,0.0
full_coverage_complete,1stcol4thboy,68,0,0,2,True,False,True,0.0,0.0
full_coverage_complete,1stcol4thboy,69,0,0,5,True,False,True,0.0,0.0
full_coverage_complete,1stcol4thboy,70,0,0,4,True,False,True,0.0,0.0
full_coverage_complete,1stcol4thboy,71,0,0,4,True,False,True,0.0,0.0
full_coverage_complete,1stcol4thboy,72,0,0,2,True,False,True,0.0,0.0
full_coverage_complete,1stcol4thboy,73,0,0,2,True,False,True,0.0,0.0
full_coverage_complete,1stcol4thboy,74,0,0,2,True,False,True,0.0,0.0
full_coverage_complete,1stcol4thboy,75,0,0,2,True,False,True,0.0,0.0
full_coverage_complete,1stcol4thboy,76,0,0,2,True,False,True,0.0,0.0
full_coverage_complete,1stcol4thboy,77,0,0,2,True,False,True,0.0,0.0
full_coverage_complete,1stcol4thboy,78,0,0,4,True,False,True,0.0,0.0
full_coverage_complete,1stcol4thboy,79,0,0,2,True,False,True,0.0,0.0
full_coverage_complete,1stcol4thboy,80,0,0,4,True,False,True,0.0,0.0
full_coverage_complete,1stcol4thboy,81,0,0,4,True,False,True,0.0,0.0
full_coverage_complete,1stcol4thboy,82,0,0,4,True,False,True,0.0,0.0
full_coverage_complete,1stcol4thboy,83,0,0,2,True,False,True,0.0,0.0
full_coverage_complete,1stcol4thboy,84,0,0,4,True,False,True,0.0,0.0
full_coverage_complete,1stcol4thboy,85,0,0,4,True,False,True,0.0,0.0
full_coverage_complete,1stcol4thboy,87,0,0,4,True,False,True,0.0,0.0
full_coverage_complete,1stcol4thboy,88,0,0,4,True,False,True,0.0,0.0
full_coverage_complete,1stcol4thboy,90,0,0,4,True,False,True,0.0,0.0
full_coverage_complete,1stcol4thboy,91,0,0,4,True,False,True,0.0,0.0
full_coverage_complete,1stcol4thboy,93,0,0,2,True,False,True,0.0,0.0
full_coverage_complete,1stcol4thboy,94,0,0,4,True,False,True,0.0,0.0
full_coverage_complete,1stcol4thboy,95,0,0,4,True,False,True,0.0,0.0
full_coverage_complete,1stcol4thboy,96,0,0,4,True,False,True,0.0,0.0
full_coverage_complete,1stcol4thboy,97,0,0,4,True,False,True,0.0,0.0
full_coverage_complete,1stcol4thboy,98,0,0,2,True,False,True,0.0,0.0
full_coverage_complete,1stcol4thboy,100,0,0,2,True,False,True,0.0,0.0
full_coverage_complete,1stcol4thboy,101,0,0,2,True,False,True,0.0,0.0
full_coverage_complete,1stcol4thboy,102,0,0,2,True,False,True,0.0,0.0
full_coverage_complete,1stcol4thboy,103,0,0,2,True,False,True,0.0,0.0
full_coverage_complete,1stcol4thboy,104,0,0,5,True,False,True,0.0,0.0
full_coverage_complete,1stcol4thboy,105,0,0,4,True,False,True,0.0,0.0
full_coverage_complete,1stcol4thboy,106,0,0,4,True,False,True,0.0,0.0
full_coverage_complete,1stcol4thboy,107,0,0,2,True,False,True,0.0,0.0
full_coverage_complete,1stcol4thboy,108,0,0,4,True,False,True,0.0,0.0
full_coverage_complete,1stcol4thboy,109,0,0,4,True,False,True,0.0,0.0
full_coverage_complete,1stcol4thboy,110,0,0,2,True,False,True,0.0,0.0
full_coverage_complete,1stcol4thboy,111,0,0,4,True,False,True,0.0,0.0
full_coverage_complete,1stcol4thboy,112,0,0,2,True,False,True,0.017466765052962425,0.017466765052962425
full_coverage_complete,1stcol4thboy,113,0,0,4,True,False,True,0.09630257084956191,0.09630257084956191
full_coverage_complete,1stcol4thboy,114,0,0,4,True,False,True,0.0,0.0
full_coverage_complete,1stcol4thboy,115,0,0,4,True,False,True,0.0,0.0
full_coverage_complete,1stcol4thboy,116,0,0,2,True,False,True,0.0,0.0
full_coverage_complete,1stcol4thboy,117,0,0,2,True,False,True,0.0,0.0
full_coverage_complete,1stcol4thboy,118,0,0,2,True,False,True,0.0,0.0
full_coverage_complete,1stcol4thboy,119,0,0,4,True,False,True,0.0,0.0
full_coverage_complete,1stcol4thboy,120,0,0,5,True,False,True,0.23892820795315947,0.23892820795315947
full_coverage_complete,1stcol4thboy,121,5,0,5,True,False,True,0.08111626672325085,0.05729294645628562
full_coverage_complete,1stcol4thboy,122,0,0,2,True,False,True,0.035435944035827796,0.035435944035827796
full_coverage_complete,1stcol4thboy,124,0,0,4,True,False,True,0.0,0.0
full_coverage_complete,1stcol4thboy,125,0,0,2,True,False,True,0.0,0.0
full_coverage_complete,1stcol4thboy,128,0,0,2,True,False,True,0.0,0.0
full_coverage_complete,1stcol4thboy,129,0,0,2,True,False,True,0.0,0.0
full_coverage_complete,1stcol4thboy,130,0,0,2,True,False,True,0.0,0.0
full_coverage_complete,1stcol4thboy,131,0,0,2,True,False,True,0.0,0.0
full_coverage_complete,1stcol4thboy,132,5,0,5,True,False,True,0.0,0.0
full_coverage_complete,1stcol4thboy,133,0,0,2,True,False,True,0.09228394884850871,0.09228394884850871
full_coverage_complete,1stcol4thboy,134,0,0,5,True,False,True,0.0,0.0
full_coverage_complete,1stcol4thboy,136,0,0,2,True,False,True,0.0,0.0
full_coverage_complete,1stcol4thboy,139,0,0,2,True,False,True,0.0,0.0
full_coverage_complete,1stcol4thboy,141,0,0,2,True,False,True,0.0,0.0
full_coverage_complete,1stcol4thboy,143,0,0,4,True,False,True,0.0,0.0
full_coverage_complete,1stcol4thboy,144,0,0,2,True,False,True,0.0,0.0
full_coverage_complete,1stcol4thboy,145,0,0,2,True,False,True,0.0,0.0
full_coverage_complete,1stcol4thboy,146,0,0,4,True,False,True,0.0,0.0
full_coverage_complete,1stcol4thboy,147,0,0,2,True,False,True,0.0,0.0
full_coverage_complete,1stcol4thboy,148,0,0,6,True,False,True,0.0,0.0
full_coverage_complete,1stcol4thboy,149,0,0,4,True,False,True,0.0,0.0
full_coverage_complete,1stcol4thboy,150,0,0,4,True,False,True,0.0,0.0
full_coverage_complete,1stcol4thboy,151,0,0,4,True,False,True,0.0,0.0
full_coverage_complete,1stcol4thboy,152,0,0,2,True,False,True,0.0,0.0
full_coverage_complete,1stcol4thboy,153,0,0,2,True,False,True,0.0,0.0
full_coverage_complete,1stcol4thboy,154,0,0,2,True,False,True,0.0,0.0
full_coverage_complete,1stcol4thboy,155,0,0,2,True,False,True,0.0,0.0
full_coverage_complete,1stcol4thboy,156,0,0,5,True,False,True,0.0,0.0
full_coverage_complete,1stcol4thboy,157,0,0,2,True,False,True,0.0,0.0
full_coverage_complete,1stcol4thboy,158,0,0,2,True,False,True,0.0,0.0
full_coverage_complete,1stcol4thboy,159,0,0,2,True,False,True,0.0,0.0
full_coverage_complete,1stcol4thboy,160,0,0,4,True,False,True,0.0,0.0
full_coverage_complete,1stcol4thboy,161,0,0,4,True,False,True,0.0,0.0
full_coverage_complete,1stcol4thboy,162,0,0,4,True,False,True,0.0,0.0
full_coverage_complete,1stcol4thboy,164,0,0,2,True,False,True,0.0,0.0
full_coverage_complete,1stcol4thboy,166,0,0,2,True,False,True,0.0,0.0
full_coverage_complete,1stcol4thboy,168,0,0,2,True,False,True,0.0,0.0
full_coverage_complete,1stcol4thboy,169,0,0,2,True,False,True,0.0,0.0
full_coverage_complete,1stcol4thboy,170,0,0,5,True,False,True,0.0,0.0
full_coverage_complete,1stcol4thboy,171,0,0,2,True,False,True,0.0,0.0
full_coverage_complete,1stcol4thboy,172,0,0,2,True,False,True,0.02252467646564512,0.02252467646564512
full_coverage_complete,1stcol4thboy,173,0,0,5,True,False,True,0.0,0.0
full_coverage_complete,1stcol4thboy,174,0,0,4,True,False,True,0.0,0.0
full_coverage_complete,1stcol4thboy,175,0,0,4,True,False,True,0.0,0.0
full_coverage_complete,1stcol4thboy,176,0,0,4,True,False,True,0.0,0.0
full_coverage_complete,1stcol4thboy,177,6,0,6,True,False,True,0.0,0.0
full_coverage_complete,1stcol4thboy,179,0,0,2,True,False,True,0.0,0.0
full_coverage_complete,1stcol4thboy,180,0,0,6,True,False,True,0.0,0.0
full_coverage_complete,1stcol4thboy,181,0,0,5,True,False,True,0.0,0.0
full_coverage_complete,1stcol4thboy,182,5,0,5,True,False,True,0.0,0.0
full_coverage_complete,1stcol4thboy,183,0,0,5,True,False,True,0.0,0.0
full_coverage_complete,1stcol4thboy,184,0,0,2,True,False,True,0.0,0.0
full_coverage_complete,1stcol4thboy,185,0,0,5,True,False,True,0.0,0.0
full_coverage_complete,1stcol4thboy,186,0,0,5,True,False,True,0.0,0.0
full_coverage_complete,1stcol4thboy,187,0,0,4,True,False,True,0.0,0.0
full_coverage_complete,1stcol4thboy,188,0,0,4,True,False,True,0.010892963923353635,0.010892963923353635
full_coverage_complete,1stcol4thboy,189,0,0,5,True,False,True,0.12900634811936365,0.12900634811936365
full_coverage_complete,1stcol4thboy,190,0,3,5,True,False,True,0.0,0.0
full_coverage_complete,1stcol4thboy,191,0,0,5,True,False,True,0.0,0.0
full_coverage_complete,1stcol4thboy,192,5,0,5,True,False,True,0.0,0.0
full_coverage_complete,1stcol4thboy,193,0,0,5,True,False,True,0.0,0.0
full_coverage_complete,1stcol4thboy,194,0,0,2,True,False,True,0.0,0.0
full_coverage_complete,1stcol4thboy,195,4,0,4,True,False,True,0.0,0.0
full_coverage_complete,1stcol4thboy,196,0,0,5,True,False,True,0.0,0.0
full_coverage_complete,1stcol4thboy,197,0,0,5,True,False,True,0.0,0.0
full_coverage_complete,1stcol4thboy,198,0,0,2,True,False,True,0.0,0.0
full_coverage_complete,1stcol4thboy,199,0,0,2,True,False,True,0.0,0.0
full_coverage_complete,1stcol4thboy,200,0,0,4,True,False,True,0.0,0.0
full_coverage_complete,1stcol4thboy,201,0,0,4,True,False,True,0.0,0.0
full_coverage_complete,1stcol4thboy,202,0,0,5,True,False,True,0.0,0.0
full_coverage_complete,1stcol4thboy,203,0,0,5,True,False,True,0.0,0.0
full_coverage_complete,1stcol4thboy,204,0,2,2,True,False,True,0.0,0.0
full_coverage_complete,1stcol4thboy,205,0,0,5,True,False,True,0.0,0.0
full_coverage_complete,1stcol4thboy,206,0,0,5,True,False,True,0.0,0.0
full_coverage_complete,1stcol4thboy,207,0,0,5,True,False,True,0.0,0.0
full_coverage_complete,1stcol4thboy,208,0,0,4,True,False,True,0.0,0.0
full_coverage_complete,1stcol4thboy,210,0,0,4,True,False,True,0.0,0.0
full_coverage_complete,1stcol4thboy,211,0,0,4,True,False,True,0.0,0.0
full_coverage_complete,1stcol4thboy,212,0,0,4,True,False,True,0.0,0.0
full_coverage_complete,1stcol4thboy,213,0,0,4,True,False,True,0.0,0.0
full_coverage_complete,1stcol4thboy,214,4,0,4,True,False,True,0.0,0.0
full_coverage_complete,1stcol4thboy,215,0,0,5,True,False,True,0.0,0.0
full_coverage_complete,1stcol4thboy,216,0,0,4,True,False,True,0.0,0.0
full_coverage_complete,1stcol4thboy,217,0,0,5,True,False,True,0.0,0.0
full_coverage_complete,1stcol4thboy,218,0,0,2,True,False,True,0.0,0.0
full_coverage_complete,1stcol4thboy,219,0,0,5,True,False,True,0.0,0.0
full_coverage_complete,1stcol4thboy,220,0,0,4,True,False,True,0.0,0.0
full_coverage_complete,1stcol4thboy,221,0,0,4,True,False,True,0.0,0.0
full_coverage_complete,1stcol4thboy,222,0,0,4,True,False,True,0.0,0.0
full_coverage_complete,1stcol4thboy,223,0,0,4,True,False,True,0.0,0.0
full_coverage_complete,1stcol4thboy,224,4,0,4,True,False,True,0.0,0.0
full_coverage_complete,1stcol4thboy,225,0,0,5,True,False,True,0.0,0.0
full_coverage_complete,1stcol4thboy,226,0,0,5,True,False,True,0.0,0.0
full_coverage_complete,1stcol4thboy,227,0,0,4,True,False,True,0.0,0.0
full_coverage_complete,1stcol4thboy,228,0,0,4,True,False,True,0.0,0.0
full_coverage_complete,1stcol4thboy,229,0,0,4,True,False,True,0.0,0.0
full_coverage_complete,1stcol4thboy,230,0,0,5,True,False,True,0.0,0.0
full_coverage_complete,1stcol4thboy,231,0,0,2,True,False,True,0.0,0.0
full_coverage_complete,1stcol4thboy,232,0,0,5,True,False,True,0.0,0.0
full_coverage_complete,1stcol4thboy,233,0,0,2,True,False,True,0.0,0.0
full_coverage_complete,1stcol4thboy,234,0,0,4,True,False,True,0.0,0.0
full_coverage_complete,1stcol4thboy,235,0,0,2,True,False,True,0.0,0.0
full_coverage_complete,1stcol4thboy,236,0,0,5,True,False,True,0.0,0.0
full_coverage_complete,1stcol4thboy,237,0,0,4,True,False,True,0.0,0.0
full_coverage_complete,1stcol4thboy,238,5,0,5,True,False,True,0.0,0.0
full_coverage_complete,1stcol4thboy,239,5,4,5,True,False,True,0.0,0.0
full_coverage_complete,1stcol4thboy,240,0,0,5,True,False,True,0.0,0.0
full_coverage_complete,1stcol4thboy,241,0,0,4,True,False,True,0.0,0.0
full_coverage_complete,1stcol4thboy,242,0,0,1,True,False,True,0.0,0.0
full_coverage_complete,1stcol4thboy,243,0,0,4,True,False,True,0.0,0.0
full_coverage_complete,1stcol4thboy,244,0,0,4,True,False,True,0.0,0.0
full_coverage_complete,1stcol4thboy,245,0,0,4,True,False,True,0.0,0.0
full_coverage_complete,1stcol4thboy,246,0,0,4,True,False,True,0.0,0.0
full_coverage_complete,1stcol4thboy,247,0,0,4,True,False,True,0.0,0.0
full_coverage_complete,1stcol4thboy,248,4,0,4,True,False,True,0.0,0.0
full_coverage_complete,1stcol4thboy,249,5,0,5,True,False,True,0.0,0.0
full_coverage_complete,1stcol4thboy,250,0,0,5,True,False,True,0.0,0.0
full_coverage_complete,1stcol4thboy,251,0,0,4,True,False,True,0.0,0.0
full_coverage_complete,1stcol4thboy,252,4,0,4,True,False,True,0.0,0.0
full_coverage_complete,1stcol4thboy,253,0,0,5,True,False,True,0.0,0.0
full_coverage_complete,1stcol4thboy,254,5,0,5,True,False,True,0.0,0.0
full_coverage_complete,1stcol4thboy,255,5,0,5,True,False,True,0.0,0.0
full_coverage_complete,1stcol4thboy,256,0,0,5,True,False,True,0.0,0.0
full_coverage_complete,1stcol4thboy,257,0,0,5,True,False,True,0.0,0.0
full_coverage_complete,1stcol4thboy,258,0,0,5,True,False,True,0.0,0.0
full_coverage_complete,1stcol4thboy,259,0,2,2,True,False,True,0.0,0.0
full_coverage_complete,1stcol4thboy,260,0,0,1,True,False,True,0.0,0.0
full_coverage_complete,1stcol4thboy,261,0,0,4,True,False,True,0.0,0.0
full_coverage_complete,1stcol4thboy,262,0,0,6,True,False,True,0.0,0.0
full_coverage_complete,1stcol4thboy,263,0,0,4,True,False,True,0.0,0.0
full_coverage_complete,1stcol4thboy,264,0,0,4,True,False,True,0.0,0.0
full_coverage_complete,1stcol4thboy,265,0,0,4,True,False,True,0.0,0.0
full_coverage_complete,1stcol4thboy,266,0,0,4,True,False,True,0.0,0.0
full_coverage_complete,1stcol4thboy,267,0,3,4,True,False,True,0.0,0.0
full_coverage_complete,1stcol4thboy,268,0,0,5,True,False,True,0.0,0.0
full_coverage_complete,1stcol4thboy,269,0,0,5,True,False,True,0.0,0.0
full_coverage_complete,1stcol4thboy,270,5,0,5,True,False,True,0.0,0.0
full_coverage_complete,1stcol4thboy,271,0,0,5,True,False,True,0.0,0.0
full_coverage_complete,1stcol4thboy,272,0,0,5,True,False,True,0.0,0.0
full_coverage_complete,1stcol4thboy,273,0,0,5,True,False,True,0.0,0.0
full_coverage_complete,1stcol4thboy,274,0,0,5,True,False,True,0.0,0.0
full_coverage_complete,1stcol4thboy,275,0,1,4,True,False,True,0.0,0.0
full_coverage_complete,1stcol4thboy,276,0,0,4,True,False,True,0.0,0.0
full_coverage_complete,1stcol4thboy,277,0,0,5,True,False,True,0.0,0.0
full_coverage_complete,1stcol4thboy,278,0,0,5,True,False,True,0.0,0.0
full_coverage_complete,1stcol4thboy,279,0,0,4,True,False,True,0.0,0.0
full_coverage_complete,1stcol4thboy,280,2,2,2,True,False,True,0.0,0.0
full_coverage_complete,1stcol4thboy,281,0,0,1,True,False,True,0.0,0.0
full_coverage_complete,1stcol4thboy,282,0,0,4,True,False,True,0.0,0.0
full_coverage_complete,1stcol4thboy,283,0,0,4,True,False,True,0.0,0.0
full_coverage_complete,1stcol4thboy,284,0,0,5,True,False,True,0.0,0.0
full_coverage_complete,1stcol4thboy,285,0,0,4,True,False,True,0.0,0.0
full_coverage_complete,1stcol4thboy,286,0,0,2,True,False,True,0.0,0.0
full_coverage_complete,1stcol4thboy,287,0,0,4,True,False,True,0.0,0.0
full_coverage_complete,1stcol4thboy,288,0,0,4,True,False,True,0.0,0.0
full_coverage_complete,1stcol4thboy,289,0,0,1,True,False,True,0.0,0.0
full_coverage_complete,1stcol4thboy,290,4,0,4,True,False,True,0.0,0.0
full_coverage_complete,1stcol4thboy,291,0,0,5,True,False,True,0.0,0.0
full_coverage_complete,1stcol4thboy,292,0,0,5,True,False,True,0.0,0.0
full_coverage_complete,1stcol4thboy,293,0,0,5,True,False,True,0.0,0.0
full_coverage_complete,1stcol4thboy,294,0,0,5,True,False,True,0.0,0.0
full_coverage_complete,1stcol4thboy,295,5,0,5,True,False,True,0.0,0.0
full_coverage_complete,1stcol4thboy,296,0,0,4,True,False,True,0.0,0.0
full_coverage_complete,1stcol4thboy,297,0,0,4,True,False,True,0.0,0.0
full_coverage_complete,1stcol4thboy,298,0,0,4,True,False,True,0.0,0.0
full_coverage_complete,1stcol4thboy,299,0,0,4,True,False,True,0.0,0.0
full_coverage_complete,1stcol4thboy,300,4,0,4,True,False,True,0.0,0.0
full_coverage_complete,1stcol4thboy,301,0,0,5,True,False,True,0.0,0.0
full_coverage_complete,1stcol4thboy,302,0,0,5,True,False,True,0.0,0.0
full_coverage_complete,1stcol4thboy,303,0,0,5,True,False,True,0.0,0.0
full_coverage_complete,1stcol4thboy,304,5,0,5,True,False,True,0.0,0.0
full_coverage_complete,1stcol4thboy,305,0,0,5,True,False,True,0.0,0.0
full_coverage_complete,1stcol4thboy,306,0,0,5,True,False,True,0.0,0.0
full_coverage_complete,1stcol4thboy,307,5,4,5,True,False,True,0.0,0.0
full_coverage_complete,1stcol4thboy,308,0,0,6,True,False,True,0.0,0.0
full_coverage_complete,1stcol4thboy,309,0,0,2,True,False,True,0.0,0.0
full_coverage_complete,1stcol4thboy,310,0,0,2,True,False,True,0.0,0.0
full_coverage_complete,1stcol4thboy,311,0,0,4,True,False,True,0.0,0.0
full_coverage_complete,1stcol4thboy,312,0,0,5,True,False,True,0.0,0.0
full_coverage_complete,1stcol4thboy,313,0,0,2,True,False,True,0.0,0.0
full_coverage_complete,1stcol4thboy,314,5,0,5,True,False,True,0.0,0.0
full_coverage_complete,1stcol4thboy,315,0,0,5,True,False,True,0.0,0.0
full_coverage_complete,1stcol4thboy,316,0,0,4,True,False,True,0.0,0.0
full_coverage_complete,1stcol4thboy,317,0,0,5,True,False,True,0.0,0.0
full_coverage_complete,1stcol4thboy,318,0,0,5,True,False,True,0.0,0.0
full_coverage_complete,1stcol4thboy,319,2,4,2,True,False,True,0.0,0.0
full_coverage_complete,1stcol4thboy,320,4,3,4,True,False,True,0.0,0.0
full_coverage_complete,1stcol4thboy,321,0,0,4,True,False,True,0.0,0.0
full_coverage_complete,1stcol4thboy,322,0,0,4,True,False,True,0.0,0.0
full_coverage_complete,1stcol4thboy,323,0,0,4,True,False,True,0.0,0.0
full_coverage_complete,1stcol4thboy,324,0,0,4,True,False,True,0.0,0.0
full_coverage_complete,1stcol4thboy,325,0,0,4,True,False,True,0.0,0.0
full_coverage_complete,1stcol4thboy,326,0,0,4,True,False,True,0.0,0.0
full_coverage_complete,1stcol4thboy,327,0,0,4,True,False,True,0.0,0.0
full_coverage_complete,1stcol4thboy,328,0,0,4,True,False,True,0.0,0.0
full_coverage_complete,1stcol4thboy,329,0,0,4,True,False,True,0.0,0.0
full_coverage_complete,1stcol4thboy,331,0,0,4,True,False,True,0.0,0.0
full_coverage_complete,1stcol4thboy,332,0,0,4,True,False,True,0.0,0.0
full_coverage_complete,1stcol4thboy,333,0,0,4,True,False,True,0.0,0.0
full_coverage_complete,1stcol4thboy,334,0,0,4,True,False,True,0.0,0.0
full_coverage_complete,1stcol4thboy,335,0,0,4,True,False,True,0.0,0.0
full_coverage_complete,1stcol4thboy,336,0,0,4,True,False,True,0.0,0.0
full_coverage_complete,1stcol4thboy,337,0,0,4,True,False,True,0.0,0.0
full_coverage_complete,1stcol4thboy,338,0,0,4,True,False,True,0.0,0.0
full_coverage_complete,1stcol4thboy,339,0,0,4,True,False,True,0.0,0.0
full_coverage_complete,1stcol4thboy,340,0,0,4,True,False,True,0.0,0.0
full_coverage_complete,1stcol4thboy,341,0,0,4,True,False,True,0.0,0.0
full_coverage_complete,1stcol4thboy,342,0,0,4,True,False,True,0.0,0.0
full_coverage_complete,1stcol4thboy,343,0,0,4,True,False,True,0.0,0.0
full_coverage_complete,1stcol4thboy,344,0,0,4,True,False,True,0.0,0.0
full_coverage_complete,1stcol4thboy,345,0,0,4,True,False,True,0.0,0.0
full_coverage_complete,1stcol4thboy,346,0,0,4,True,False,True,0.0,0.0
full_coverage_complete,1stcol4thboy,347,0,0,4,True,False,True,0.0,0.0
full_coverage_complete,1stcol4thboy,348,0,0,5,True,False,True,0.0,0.0
full_coverage_complete,1stcol4thboy,349,0,0,4,True,False,True,0.0,0.0
full_coverage_complete,1stcol4thboy,350,0,0,2,True,False,True,0.0,0.0
full_coverage_complete,1stcol4thboy,351,0,0,2,True,False,True,0.0,0.0
full_coverage_complete,1stcol4thboy,352,0,0,4,True,False,True,0.0,0.0
full_coverage_complete,1stcol4thboy,353,0,0,4,True,False,True,0.0,0.0
full_coverage_complete,1stcol4thboy,354,0,0,4,True,False,True,0.0,0.0
full_coverage_complete,1stcol4thboy,355,0,0,4,True,False,True,0.0,0.0
full_coverage_complete,1stcol4thboy,356,0,0,4,True,False,True,0.0,0.0
full_coverage_complete,1stcol4thboy,357,0,0,5,True,False,True,0.0,0.0
full_coverage_complete,1stcol4thboy,358,0,0,5,True,False,True,0.0,0.0
full_coverage_complete,1stcol4thboy,359,0,0,4,True,False,True,0.0,0.0
full_coverage_complete,1stcol4thboy,360,0,0,4,True,False,True,0.0,0.0
full_coverage_complete,1stcol4thboy,361,0,0,5,True,False,True,0.0,0.0
full_coverage_complete,1stcol4thboy,362,0,0,5,True,False,True,0.0,0.0
full_coverage_complete,1stcol4thboy,363,0,0,5,True,False,True,0.0,0.0
full_coverage_complete,1stcol4thboy,364,0,0,5,True,False,True,0.0,0.0
full_coverage_complete,1stcol4thboy,365,0,0,4,True,False,True,0.0,0.0
full_coverage_complete,1stcol4thboy,366,0,0,5,True,False,True,0.0,0.0
full_coverage_complete,1stcol4thboy,367,0,0,4,True,False,True,0.0,0.0
full_coverage_complete,1stcol4thboy,368,5,0,5,True,False,True,0.0,0.0
full_coverage_complete,1stcol4thboy,369,0,0,5,True,False,True,0.0,0.0
full_coverage_complete,1stcol4thboy,370,4,1,4,True,False,True,0.0,0.0
full_coverage_complete,1stcol4thboy,371,5,2,5,True,False,True,0.0,0.0
full_coverage_complete,1stcol4thboy,372,0,0,5,True,False,True,0.0,0.0
full_coverage_complete,1stcol4thboy,373,0,0,5,True,False,True,0.0,0.0
full_coverage_complete,1stcol4thboy,374,0,0,5,True,False,True,0.0,0.0
full_coverage_complete,1stcol4thboy,375,0,0,5,True,False,True,0.0,0.0
full_coverage_complete,1stcol4thboy,376,0,0,5,True,False,True,0.0,0.0
full_coverage_complete,1stcol4thboy,377,0,0,5,True,False,True,0.0,0.0
full_coverage_complete,1stcol4thboy,378,0,0,4,True,False,True,0.0,0.0
full_coverage_complete,1stcol4thboy,379,0,0,4,True,False,True,0.0,0.0
full_coverage_complete,1stcol4thboy,380,0,0,4,True,False,True,0.0,0.0
full_coverage_complete,1stcol4thboy,381,0,0,2,True,False,True,0.0,0.0
full_coverage_complete,1stcol4thboy,382,0,0,5,True,False,True,0.0,0.0
full_coverage_complete,1stcol4thboy,383,0,0,5,True,False,True,0.0,0.0
full_coverage_complete,1stcol4thboy,384,0,0,4,True,False,True,0.0,0.0
full_coverage_complete,1stcol4thboy,385,0,0,4,True,False,True,0.0,0.0
full_coverage_complete,1stcol4thboy,386,0,0,4,True,False,True,0.0,0.0
full_coverage_complete,1stcol4thboy,387,0,0,4,True,False,True,0.0,0.0
full_coverage_complete,1stcol4thboy,388,0,0,4,True,False,True,0.0,0.0
full_coverage_complete,1stcol4thboy,389,0,0,4,True,False,True,0.0,0.0
full_coverage_complete,1stcol4thboy,390,0,0,2,True,False,True,0.0,0.0
full_coverage_complete,1stcol4thboy,391,0,0,4,True,False,True,0.0,0.0
full_coverage_complete,1stcol4thboy,392,0,0,2,True,False,True,0.0,0.0
full_coverage_complete,1stcol4thboy,393,0,0,2,True,False,True,0.0,0.0
full_coverage_complete,1stcol4thboy,394,0,0,2,True,False,True,0.0,0.0
full_coverage_complete,1stcol4thboy,395,0,0,5,True,False,True,0.0,0.0
full_coverage_complete,1stcol4thboy,396,0,0,5,True,False,True,0.0,0.0
full_coverage_complete,1stcol4thboy,397,0,0,5,True,False,True,0.0,0.0
full_coverage_complete,1stcol4thboy,398,0,1,5,True,False,True,0.0,0.0
full_coverage_complete,1stcol4thboy,399,0,0,4,True,False,True,0.0,0.0
full_coverage_complete,1stcol4thboy,400,0,0,5,True,False,True,0.0,0.0
full_coverage_complete,1stcol4thboy,401,0,0,5,True,False,True,0.0,0.0
full_coverage_complete,1stcol4thboy,402,0,0,5,True,False,True,0.0,0.0
full_coverage_complete,1stcol4thboy,403,0,0,4,True,False,True,0.0,0.0
full_coverage_complete,1stcol4thboy,404,0,0,4,True,False,True,0.0,0.0
full_coverage_complete,1stcol4thboy,406,0,0,5,True,False,True,0.0,0.0
full_coverage_complete,1stcol4thboy,408,0,0,5,True,False,True,0.0,0.0
full_coverage_complete,1stcol4thboy,409,0,0,5,True,False,True,0.0,0.0
full_coverage_complete,1stcol4thboy,410,0,0,5,True,False,True,0.0,0.0
full_coverage_complete,1stcol4thboy,411,0,0,2,True,False,True,0.0,0.0
full_coverage_complete,1stcol4thboy,412,0,0,2,True,False,True,0.0,0.0
full_coverage_complete,1stcol4thboy,413,0,0,5,True,False,True,0.0,0.0
full_coverage_complete,1stcol4thboy,414,0,0,5,True,False,True,0.0,0.0
full_coverage_complete,1stcol4thboy,415,0,0,2,True,False,True,0.0,0.0
full_coverage_complete,1stcol4thboy,416,0,0,5,True,False,True,0.0,0.0
full_coverage_complete,1stcol4thboy,417,0,0,5,True,False,True,0.0,0.0
full_coverage_complete,1stcol4thboy,418,0,0,4,True,False,True,0.0,0.0
full_coverage_complete,1stcol4thboy,419,0,0,4,True,False,True,0.0,0.0
full_coverage_complete,1stcol4thboy,420,0,0,4,True,False,True,0.0,0.0
full_coverage_complete,1stcol4thboy,421,0,0,4,True,False,True,0.0,0.0
full_coverage_complete,1stcol4thboy,422,0,0,4,True,False,True,0.0,0.0
full_coverage_complete,1stcol4thboy,423,0,0,4,True,False,True,0.0,0.0
full_coverage_complete,1stcol4thboy,424,0,0,4,True,False,True,0.0,0.0
full_coverage_complete,1stcol4thboy,425,0,0,4,True,False,True,0.0,0.0
full_coverage_complete,1stcol4thboy,426,5,0,5,True,False,True,0.0,0.0
full_coverage_complete,1stcol4thboy,427,0,0,4,True,False,True,0.0,0.0
full_coverage_complete,1stcol4thboy,428,0,0,4,True,False,True,0.0,0.0
full_coverage_complete,1stcol4thboy,429,0,0,4,True,False,True,0.0,0.0
full_coverage_complete,1stcol4thboy,430,2,1,2,True,False,True,0.0,0.0
full_coverage_complete,1stcol4thboy,431,0,0,4,True,False,True,0.0,0.0
full_coverage_complete,1stcol4thboy,432,0,0,5,True,False,True,0.0,0.0
full_coverage_complete,1stcol4thboy,433,0,0,4,True,False,True,0.0,0.0
full_coverage_complete,1stcol4thboy,434,0,0,5,True,False,True,0.0,0.0
full_coverage_complete,1stcol4thboy,435,0,0,5,True,False,True,0.0,0.0
full_coverage_complete,1stcol4thboy,436,5,0,5,True,False,True,0.0,0.0
full_coverage_complete,1stcol4thboy,437,0,0,4,True,False,True,0.0,0.0
full_coverage_complete,1stcol4thboy,438,0,0,4,True,False,True,0.0,0.0
full_coverage_complete,1stcol4thboy,439,0,0,2,True,False,True,0.0,0.0
full_coverage_complete,1stcol4thboy,440,0,0,5,True,False,True,0.0,0.0
full_coverage_complete,1stcol4thboy,441,0,0,2,True,False,True,0.0,0.0
full_coverage_complete,1stcol4thboy,442,0,0,4,True,False,True,0.0,0.0
full_coverage_complete,1stcol4thboy,443,0,0,5,True,False,True,0.0,0.0
full_coverage_complete,1stcol4thboy,444,0,0,5,True,False,True,0.0,0.0
full_coverage_complete,1stcol4thboy,445,0,0,5,True,False,True,0.0,0.0
full_coverage_complete,1stcol4thboy,446,0,0,5,True,False,True,0.0,0.0
full_coverage_complete,1stcol4thboy,447,0,0,4,True,False,True,0.0,0.0
full_coverage_complete,1stcol4thboy,448,0,0,5,True,False,True,0.0,0.0
full_coverage_complete,1stcol4thboy,449,0,0,5,True,False,True,0.0,0.0
full_coverage_complete,1stcol4thboy,450,0,0,5,True,False,True,0.0,0.0
full_coverage_complete,1stcol4thboy,451,0,0,4,True,False,True,0.0,0.0
full_coverage_complete,1stcol4thboy,453,0,0,2,True,False,True,0.0,0.0
full_coverage_complete,1stcol4thboy,454,0,0,6,True,False,True,0.0,0.0
full_coverage_complete,1stcol4thboy,455,0,0,5,True,False,True,0.0,0.0
full_coverage_complete,1stcol4thboy,456,0,0,2,True,False,True,0.0,0.0
full_coverage_complete,1stcol4thboy,457,0,0,5,True,False,True,0.0,0.0
full_coverage_complete,1stcol4thboy,458,0,0,5,True,False,True,0.0,0.0
full_coverage_complete,1stcol4thboy,459,0,0,5,True,False,True,0.0,0.0
full_coverage_complete,1stcol4thboy,460,0,0,4,True,False,True,0.0,0.0
full_coverage_complete,1stcol4thboy,461,0,0,2,True,False,True,0.0,0.0
full_coverage_complete,1stcol4thboy,462,0,0,2,True,False,True,0.0,0.0
full_coverage_complete,1stcol4thboy,463,0,0,4,True,False,True,0.0,0.0
full_coverage_complete,1stcol4thboy,464,0,0,5,True,False,True,0.0,0.0
full_coverage_complete,1stcol4thboy,465,5,0,5,True,False,True,0.0,0.0
full_coverage_complete,1stcol4thboy,466,0,2,4,True,False,True,0.0,0.0
full_coverage_complete,1stcol4thboy,467,0,0,4,True,False,True,0.0,0.0
full_coverage_complete,1stcol4thboy,468,0,0,5,True,False,True,0.0,0.0
full_coverage_complete,1stcol4thboy,469,0,0,5,True,False,True,0.0,0.0
full_coverage_complete,1stcol4thboy,470,0,0,5,True,False,True,0.0,0.0
full_coverage_complete,1stcol4thboy,471,0,0,2,True,False,True,0.0,0.0
full_coverage_complete,1stcol4thboy,472,0,0,2,True,False,True,0.0,0.0
full_coverage_complete,1stcol4thboy,473,0,0,4,True,False,True,0.0,0.0
full_coverage_complete,1stcol4thboy,474,0,0,2,True,False,True,0.0,0.0
full_coverage_complete,1stcol4thboy,475,0,0,4,True,False,True,0.0,0.0
full_coverage_complete,1stcol4thboy,476,0,0,4,True,False,True,0.0,0.0
full_coverage_complete,1stcol4thboy,477,0,0,5,True,False,True,0.0,0.0
full_coverage_complete,1stcol4thboy,478,0,0,2,True,False,True,0.0,0.0
full_coverage_complete,1stcol4thboy,479,0,0,4,True,False,True,0.0,0.0
full_coverage_complete,1stcol4thboy,480,0,0,4,True,False,True,0.0,0.0
full_coverage_complete,1stcol4thboy,481,0,0,4,True,False,True,0.0,0.0
full_coverage_complete,1stcol4thboy,482,0,1,4,True,False,True,0.0,0.0
full_coverage_complete,1stcol4thboy,483,0,0,4,True,False,True,0.0,0.0
full_coverage_complete,1stcol4thboy,484,0,0,2,True,False,True,0.0,0.0
full_coverage_complete,1stcol4thboy,485,0,0,4,True,False,True,0.0,0.0
full_coverage_complete,1stcol4thboy,486,0,0,4,True,False,True,0.0,0.0
full_coverage_complete,1stcol4thboy,487,0,0,4,True,False,True,0.0,0.0
full_coverage_complete,1stcol4thboy,488,0,0,4,True,False,True,0.0,0.0
full_coverage_complete,1stcol4thboy,489,0,0,5,True,False,True,0.0,0.0
full_coverage_complete,1stcol4thboy,490,0,0,5,True,False,True,0.0,0.0
full_coverage_complete,1stcol4thboy,491,0,0,2,True,False,True,0.0,0.0
full_coverage_complete,1stcol4thboy,492,0,0,2,True,False,True,0.0,0.0
full_coverage_complete,1stcol4thboy,493,0,0,5,True,False,True,0.0,0.0
full_coverage_complete,1stcol4thboy,494,0,0,5,True,False,True,0.0,0.0
full_coverage_complete,1stcol4thboy,495,0,0,4,True,False,True,0.0,0.0
full_coverage_complete,1stcol4thboy,496,0,0,4,True,False,True,0.0,0.0
full_coverage_complete,1stcol4thboy,497,0,0,5,True,False,True,0.0,0.0
full_coverage_complete,1stcol4thboy,498,0,0,5,True,False,True,0.0,0.0
full_coverage_complete,1stcol4thboy,499,0,0,5,True,False,True,0.0,0.0
full_coverage_complete,1stcol4thboy,500,0,0,4,True,False,True,0.0,0.0
full_coverage_complete,1stcol4thboy,501,0,0,5,True,False,True,0.0,0.0
full_coverage_complete,1stcol4thboy,502,0,0,5,True,False,True,0.0,0.0
full_coverage_complete,1stcol4thboy,503,4,0,4,True,False,True,0.0,0.0
full_coverage_complete,1stcol4thboy,504,0,0,5,True,False,True,0.0,0.0
full_coverage_complete,1stcol4thboy,505,0,0,5,True,False,True,0.0,0.0
full_coverage_complete,1stcol4thboy,506,4,0,4,True,False,True,0.0,0.0
full_coverage_complete,1stcol4thboy,507,0,0,5,True,False,True,0.0,0.0
full_coverage_complete,1stcol4thboy,508,0,0,4,True,False,True,0.0,0.0
full_coverage_complete,1stcol4thboy,509,0,0,4,True,False,True,0.0,0.0
full_coverage_complete,1stcol4thboy,510,0,0,4,True,False,True,0.0,0.0
full_coverage_complete,1stcol4thboy,511,4,0,4,True,False,True,0.0,0.0
full_coverage_complete,1stcol4thboy,512,4,1,4,True,False,True,0.0,0.0
full_coverage_complete,1stcol4thboy,513,0,0,4,True,False,True,0.0,0.0
full_coverage_complete,1stcol4thboy,514,0,0,5,True,False,True,0.0,0.0
full_coverage_complete,1stcol4thboy,515,0,0,2,True,False,True,0.0,0.0
full_coverage_complete,1stcol4thboy,516,5,0,5,True,False,True,0.0,0.0
full_coverage_complete,1stcol4thboy,517,0,0,5,True,False,True,0.0,0.0
full_coverage_complete,1stcol4thboy,518,0,1,2,True,False,True,0.0,0.0
full_coverage_complete,1stcol4thboy,519,0,0,4,True,False,True,0.0,0.0
full_coverage_complete,1stcol4thboy,520,0,0,4,True,False,True,0.0,0.0
full_coverage_complete,1stcol4thboy,521,0,0,4,True,False,True,0.0,0.0
full_coverage_complete,1stcol4thboy,522,0,0,4,True,False,True,0.0,0.0
full_coverage_complete,1stcol4thboy,523,0,0,4,True,False,True,0.0,0.0
full_coverage_complete,1stcol4thboy,524,0,0,4,True,False,True,0.0,0.0
full_coverage_complete,1stcol4thboy,525,0,0,5,True,False,True,0.0,0.0
full_coverage_complete,1stcol4thboy,526,0,0,4,True,False,True,0.0,0.0
full_coverage_complete,1stcol4thboy,527,0,0,5,True,False,True,0.0,0.0
full_coverage_complete,1stcol4thboy,528,4,1,4,True,False,True,0.0,0.0
full_coverage_complete,1stcol4thboy,529,0,0,5,True,False,True,0.0,0.0
full_coverage_complete,1stcol4thboy,530,5,0,5,True,False,True,0.0,0.0
full_coverage_complete,1stcol4thboy,531,4,0,4,True,False,True,0.0,0.0
full_coverage_complete,1stcol4thboy,532,5,0,5,True,False,True,0.0,0.0
full_coverage_complete,1stcol4thboy,533,0,0,5,True,False,True,0.0,0.0
full_coverage_complete,1stcol4thboy,534,0,0,5,True,False,True,0.0,0.0
full_coverage_complete,1stcol4thboy,535,0,0,2,True,False,True,0.0,0.0
full_coverage_complete,1stcol4thboy,536,5,0,5,True,False,True,0.0,0.0
full_coverage_complete,1stcol4thboy,537,0,0,2,True,False,True,0.0,0.0
full_coverage_complete,1stcol4thboy,538,1,2,1,True,False,True,0.0,0.0
full_coverage_complete,1stcol4thboy,539,0,0,4,True,False,True,0.0,0.0
full_coverage_complete,1stcol4thboy,540,4,0,4,True,False,True,0.0,0.0
full_coverage_complete,1stcol4thboy,541,0,0,5,True,False,True,0.0,0.0
full_coverage_complete,1stcol4thboy,542,0,0,2,True,False,True,0.0,0.0
full_coverage_complete,1stcol4thboy,543,0,0,2,True,False,True,0.0,0.0
full_coverage_complete,1stcol4thboy,544,0,0,2,True,False,True,0.0,0.0
full_coverage_complete,1stcol4thboy,545,0,0,2,True,False,True,0.0,0.0
full_coverage_complete,1stcol4thboy,546,0,1,1,True,False,True,0.0,0.0
full_coverage_complete,1stcol4thboy,547,0,0,2,True,False,True,0.0,0.0
full_coverage_complete,1stcol4thboy,548,0,0,5,True,False,True,0.0,0.0
full_coverage_complete,1stcol4thboy,549,0,0,5,True,False,True,0.0,0.0
full_coverage_complete,1stcol4thboy,550,5,0,5,True,False,True,0.0,0.0
full_coverage_complete,1stcol4thboy,552,0,0,5,True,False,True,0.0,0.0
full_coverage_complete,1stcol4thboy,553,0,0,2,True,False,True,0.0,0.0
full_coverage_complete,1stcol4thboy,555,0,0,5,True,False,True,0.0,0.0
full_coverage_complete,1stcol4thboy,556,0,0,4,True,False,True,0.0,0.0
full_coverage_complete,1stcol4thboy,557,0,0,2,True,False,True,0.0,0.0
full_coverage_complete,1stcol4thboy,558,0,0,4,True,False,True,0.0,0.0
full_coverage_complete,1stcol4thboy,559,0,0,2,True,False,True,0.0,0.0
full_coverage_complete,1stcol4thboy,560,0,0,5,True,False,True,0.0,0.0
full_coverage_complete,1stcol4thboy,561,0,0,2,True,False,True,0.0,0.0
full_coverage_complete,1stcol4thboy,562,0,0,5,True,False,True,0.0,0.0
full_coverage_complete,1stcol4thboy,563,0,0,5,True,False,True,0.0,0.0
full_coverage_complete,1stcol4thboy,564,0,0,5,True,False,True,0.0,0.0
full_coverage_complete,1stcol4thboy,565,0,0,5,True,False,True,0.0,0.0
full_coverage_complete,1stcol4thboy,567,0,0,5,True,False,True,0.0,0.0
full_coverage_complete,1stcol4thboy,568,0,0,5,True,False,True,0.0,0.0
full_coverage_complete,1stcol4thboy,569,0,0,5,True,False,True,0.0,0.0
full_coverage_complete,1stcol4thboy,570,0,0,5,True,False,True,0.0,0.0
full_coverage_complete,1stcol4thboy,574,0,0,5,True,False,True,0.0,0.0
full_coverage_complete,1stcol4thboy,575,0,0,2,True,False,True,0.0,0.0
full_coverage_complete,1stcol4thboy,576,5,0,5,True,False,True,0.0,0.0
full_coverage_complete,1stcol4thboy,577,0,0,5,True,False,True,0.0,0.0
full_coverage_complete,1stcol4thboy,578,0,0,5,True,False,True,0.0,0.0
full_coverage_complete,1stcol4thboy,579,0,0,5,True,False,True,0.0,0.0
full_coverage_complete,1stcol4thboy,580,0,0,5,True,False,True,0.0,0.0
full_coverage_complete,1stcol4thboy,581,0,0,5,True,False,True,0.0,0.0
full_coverage_complete,1stcol4thboy,582,0,0,4,True,False,True,0.0,0.0
full_coverage_complete,1stcol4thboy,583,0,0,4,True,False,True,0.0,0.0
full_coverage_complete,1stcol4thboy,584,0,0,5,True,False,True,0.0,0.0
full_coverage_complete,1stcol4thboy,585,0,0,5,True,False,True,0.0,0.0
full_coverage_complete,1stcol4thboy,586,0,0,5,True,False,True,0.0,0.0
full_coverage_complete,1stcol4thboy,587,0,0,4,True,False,True,0.0,0.0
full_coverage_complete,1stcol4thboy,588,0,0,4,True,False,True,0.0,0.0
full_coverage_complete,1stcol4thboy,589,0,0,2,True,False,True,0.0,0.0
full_coverage_complete,1stcol4thboy,590,0,0,2,True,False,True,0.0,0.0
full_coverage_complete,1stcol4thboy,591,0,0,4,True,False,True,0.0,0.0
full_coverage_complete,1stcol4thboy,592,0,0,5,True,False,True,0.0,0.0
full_coverage_complete,1stcol4thboy,593,0,0,5,True,False,True,0.0,0.0
full_coverage_complete,1stcol4thboy,594,0,0,5,True,False,True,0.0,0.0
full_coverage_complete,1stcol4thboy,595,0,0,4,True,False,True,0.0,0.0
full_coverage_complete,1stcol4thboy,596,0,0,5,True,False,True,0.0,0.0
full_coverage_complete,1stcol4thboy,597,0,0,2,True,False,True,0.0,0.0
full_coverage_complete,1stcol4thboy,598,5,0,5,True,False,True,0.0,0.0
full_coverage_complete,1stcol4thboy,599,0,0,1,True,False,True,0.0,0.0
full_coverage_complete,1stcol4thboy,601,0,0,5,True,False,True,0.0,0.0
full_coverage_complete,1stcol4thboy,602,0,0,5,True,False,True,0.0,0.0
full_coverage_complete,1stcol4thboy,603,0,0,4,True,False,True,0.0,0.0
full_coverage_complete,1stcol4thboy,604,0,0,4,True,False,True,0.0,0.0
full_coverage_complete,1stcol4thboy,605,0,0,4,True,False,True,0.0,0.0
full_coverage_complete,1stcol4thboy,606,0,0,4,True,False,True,0.0,0.0
full_coverage_complete,1stcol4thboy,607,0,0,4,True,False,True,0.0,0.0
full_coverage_complete,1stcol4thboy,608,0,0,4,True,False,True,0.0,0.0
full_coverage_complete,1stcol4thboy,609,0,0,4,True,False,True,0.0,0.0
full_coverage_complete,1stcol4thboy,610,0,0,4,True,False,True,0.0,0.0
full_coverage_complete,1stcol4thboy,611,0,0,4,True,False,True,0.0,0.0
full_coverage_complete,1stcol4thboy,612,0,0,4,True,False,True,0.0,0.0
full_coverage_complete,1stcol4thboy,613,0,0,5,True,False,True,0.0,0.0
full_coverage_complete,1stcol4thboy,614,0,0,4,True,False,True,0.0,0.0
full_coverage_complete,1stcol4thboy,615,0,0,2,True,False,True,0.0,0.0
full_coverage_complete,1stcol4thboy,616,4,0,4,True,False,True,0.0,0.0
full_coverage_complete,1stcol4thboy,617,0,0,5,True,False,True,0.0,0.0
full_coverage_complete,1stcol4thboy,618,0,0,4,True,False,True,0.0,0.0
full_coverage_complete,1stcol4thboy,619,0,0,4,True,False,True,0.0,0.0
full_coverage_complete,1stcol4thboy,620,4,1,4,True,False,True,0.0,0.0
full_coverage_complete,1stcol4thboy,621,5,0,5,True,False,True,0.0,0.0
full_coverage_complete,1stcol4thboy,622,0,0,4,True,False,True,0.0,0.0
full_coverage_complete,1stcol4thboy,623,0,0,4,True,False,True,0.0,0.0
full_coverage_complete,1stcol4thboy,624,0,0,4,True,False,True,0.0,0.0
full_coverage_complete,1stcol4thboy,625,0,0,4,True,False,True,0.0,0.0
full_coverage_complete,1stcol4thboy,626,0,0,4,True,False,True,0.0,0.0
full_coverage_complete,1stcol4thboy,627,0,0,4,True,False,True,0.0,0.0
full_coverage_complete,1stcol4thboy,628,0,0,4,True,False,True,0.0,0.0
full_coverage_complete,1stcol4thboy,629,0,0,6,True,False,True,0.0,0.0
full_coverage_complete,1stcol4thboy,630,4,0,4,True,False,True,0.0,0.0
full_coverage_complete,1stcol4thboy,631,0,0,5,True,False,True,0.0,0.0
full_coverage_complete,1stcol4thboy,632,0,0,4,True,False,True,0.0,0.0
full_coverage_complete,1stcol4thboy,633,0,0,4,True,False,True,0.0,0.0
full_coverage_complete,1stcol4thboy,634,0,0,4,True,False,True,0.0,0.0
full_coverage_complete,1stcol4thboy,635,0,0,4,True,False,True,0.0,0.0
full_coverage_complete,1stcol4thboy,636,0,0,4,True,False,True,0.0,0.0
full_coverage_complete,1stcol4thboy,637,0,0,4,True,False,True,0.0,0.0
full_coverage_complete,1stcol4thboy,638,0,0,4,True,False,True,0.0,0.0
full_coverage_complete,1stcol4thboy,639,0,0,4,True,False,True,0.0,0.0
full_coverage_complete,1stcol4thboy,640,0,0,4,True,False,True,0.0,0.0
full_coverage_complete,1stcol4thboy,641,0,0,4,True,False,True,0.0,0.0
full_coverage_complete,1stcol4thboy,642,0,0,4,True,False,True,0.0,0.0
full_coverage_complete,1stcol4thboy,643,0,0,4,True,False,True,0.0,0.0
full_coverage_complete,1stcol4thboy,644,0,0,4,True,False,True,0.0,0.0
full_coverage_complete,1stcol4thboy,645,4,0,4,True,False,True,0.0,0.0
full_coverage_complete,1stcol4thboy,646,5,0,5,True,False,True,0.0,0.0
full_coverage_complete,1stcol4thboy,647,5,0,5,True,False,True,0.0,0.0
full_coverage_complete,1stcol4thboy,648,0,0,4,True,False,True,0.0,0.0
full_coverage_complete,1stcol4thboy,649,0,0,4,True,False,True,0.0,0.0
full_coverage_complete,1stcol4thboy,650,0,0,5,True,False,True,0.0,0.0
full_coverage_complete,1stcol4thboy,651,0,0,5,True,False,True,0.0,0.0
full_coverage_complete,1stcol4thboy,652,0,0,4,True,False,True,0.0,0.0
full_coverage_complete,1stcol4thboy,653,0,0,4,True,False,True,0.0,0.0
full_coverage_complete,1stcol4thboy,654,0,0,4,True,False,True,0.0,0.0
full_coverage_complete,1stcol4thboy,655,0,1,4,True,False,True,0.0,0.0
full_coverage_complete,1stcol4thboy,656,0,0,4,True,False,True,0.0,0.0
full_coverage_complete,1stcol4thboy,657,0,0,5,True,False,True,0.0,0.0
full_coverage_complete,1stcol4thboy,658,0,0,4,True,False,True,0.0,0.0
full_coverage_complete,1stcol4thboy,659,0,0,5,True,False,True,0.0,0.0
full_coverage_complete,1stcol4thboy,660,4,0,4,True,False,True,0.0,0.0
full_coverage_complete,1stcol4thboy,661,5,1,5,True,False,True,0.0,0.0
full_coverage_complete,1stcol4thboy,662,0,0,5,True,False,True,0.0,0.0
full_coverage_complete,1stcol4thboy,663,0,0,5,True,False,True,0.0,0.0
full_coverage_complete,1stcol4thboy,664,0,0,5,True,False,True,0.0,0.0
full_coverage_complete,1stcol4thboy,665,5,4,5,True,False,True,0.0,0.0
full_coverage_complete,1stcol4thboy,666,0,0,4,True,False,True,0.0,0.0
full_coverage_complete,1stcol4thboy,667,4,0,4,True,False,True,0.0,0.0
full_coverage_complete,1stcol4thboy,668,0,0,5,True,False,True,0.0,0.0
full_coverage_complete,1stcol4thboy,669,0,0,4,True,False,True,0.0,0.0
full_coverage_complete,1stcol4thboy,670,0,0,2,True,False,True,0.0,0.0
full_coverage_complete,1stcol4thboy,671,0,0,4,True,False,True,0.0,0.0
full_coverage_complete,1stcol4thboy,672,0,0,5,True,False,True,0.0,0.0
full_coverage_complete,1stcol4thboy,673,0,0,4,True,False,True,0.0,0.0
full_coverage_complete,1stcol4thboy,674,0,0,5,True,False,True,0.0,0.0
full_coverage_complete,1stcol4thboy,675,0,0,5,True,False,True,0.0,0.0
full_coverage_complete,1stcol4thboy,676,5,0,5,True,False,True,0.0,0.0
full_coverage_complete,1stcol4thboy,677,0,0,2,True,False,True,0.0,0.0
full_coverage_complete,1stcol4thboy,678,0,0,4,True,False,True,0.0,0.0
full_coverage_complete,1stcol4thboy,679,0,0,4,True,False,True,0.0,0.0
full_coverage_complete,1stcol4thboy,680,4,0,4,True,False,True,0.0,0.0
full_coverage_complete,1stcol4thboy,681,5,0,5,True,False,True,0.0,0.0
full_coverage_complete,1stcol4thboy,682,0,0,5,True,False,True,0.0,0.0
full_coverage_complete,1stcol4thboy,683,0,0,4,True,False,True,0.0,0.0
full_coverage_complete,1stcol4thboy,684,0,0,1,True,False,True,0.0,0.0
full_coverage_complete,1stcol4thboy,685,0,0,4,True,False,True,0.0,0.0
full_coverage_complete,1stcol4thboy,686,0,0,4,True,False,True,0.0,0.0
full_coverage_complete,1stcol4thboy,687,0,0,2,True,False,True,0.0,0.0
full_coverage_complete,1stcol4thboy,688,0,0,4,True,False,True,0.0,0.0
full_coverage_complete,1stcol4thboy,689,0,0,4,True,False,True,0.0,0.0
full_coverage_complete,1stcol4thboy,690,0,0,4,True,False,True,0.0,0.0
full_coverage_complete,1stcol4thboy,691,0,0,4,True,False,True,0.0,0.0
full_coverage_complete,1stcol4thboy,692,0,0,4,True,False,True,0.0,0.0
full_coverage_complete,1stcol4thboy,693,0,0,2,True,False,True,0.0,0.0
full_coverage_complete,1stcol4thboy,694,0,0,4,True,False,True,0.0,0.0
full_coverage_complete,1stcol4thboy,695,0,0,4,True,False,True,0.0,0.0
full_coverage_complete,1stcol4thboy,696,0,0,2,True,False,True,0.0,0.0
full_coverage_complete,1stcol4thboy,697,4,1,4,True,False,True,0.0,0.0
full_coverage_complete,1stcol4thboy,698,0,0,4,True,False,True,0.0,0.0
full_coverage_complete,1stcol4thboy,699,4,0,4,True,False,True,0.0,0.0
full_coverage_complete,1stcol4thboy,700,0,0,5,True,False,True,0.0,0.0
full_coverage_complete,1stcol4thboy,701,0,0,4,True,False,True,0.0,0.0
full_coverage_complete,1stcol4thboy,702,4,0,4,True,False,True,0.0,0.0
full_coverage_complete,1stcol4thboy,703,5,1,5,True,False,True,0.0,0.0
full_coverage_complete,1stcol4thboy,704,0,0,4,True,False,True,0.0,0.0
full_coverage_complete,1stcol4thboy,705,0,0,4,True,False,True,0.0,0.0
full_coverage_complete,1stcol4thboy,706,0,0,2,True,False,True,0.0,0.0
full_coverage_complete,1stcol4thboy,709,0,0,4,True,False,True,0.0,0.0
full_coverage_complete,1stcol4thboy,710,0,0,4,True,False,True,0.0,0.0
full_coverage_complete,1stcol4thboy,711,0,0,4,True,False,True,0.0,0.0
full_coverage_complete,1stcol4thboy,712,4,1,4,True,False,True,0.0,0.0
full_coverage_complete,1stcol4thboy,713,0,0,4,True,False,True,0.0,0.0
full_coverage_complete,1stcol4thboy,714,4,3,4,True,False,True,0.0,0.0
full_coverage_complete,1stcol4thboy,715,0,0,5,True,False,True,0.0,0.0
full_coverage_complete,1stcol4thboy,716,0,0,5,True,False,True,0.0,0.0
full_coverage_complete,1stcol4thboy,717,0,0,5,True,False,True,0.0,0.0
full_coverage_complete,1stcol4thboy,718,0,0,4,True,False,True,0.0,0.0
full_coverage_complete,1stcol4thboy,719,0,0,4,True,False,True,0.0,0.0
full_coverage_complete,1stcol4thboy,720,5,4,5,True,False,True,0.0,0.0
full_coverage_complete,1stcol4thboy,721,0,0,4,True,False,True,0.0,0.0
full_coverage_complete,1stcol4thboy,722,0,0,5,True,False,True,0.0,0.0
full_coverage_complete,1stcol4thboy,723,0,0,4,True,False,True,0.0,0.0
full_coverage_complete,1stcol4thboy,724,0,0,4,True,False,True,0.0,0.0
full_coverage_complete,1stcol4thboy,725,0,0,4,True,False,True,0.0,0.0
full_coverage_complete,1stcol4thboy,726,0,1,4,True,False,True,0.0,0.0
full_coverage_complete,1stcol4thboy,727,0,0,4,True,False,True,0.0,0.0
full_coverage_complete,1stcol4thboy,728,0,0,4,True,False,True,0.0,0.0
full_coverage_complete,1stcol4thboy,729,0,0,4,True,False,True,0.0,0.0
full_coverage_complete,1stcol4thboy,730,0,0,4,True,False,True,0.0,0.0
full_coverage_complete,1stcol4thboy,731,0,0,4,True,False,True,0.0,0.0
full_coverage_complete,1stcol4thboy,733,0,0,4,True,False,True,0.0,0.0
full_coverage_complete,1stcol4thboy,734,0,0,4,True,False,True,0.0,0.0
full_coverage_complete,1stcol4thboy,735,0,0,4,True,False,True,0.0,0.0
full_coverage_complete,1stcol4thboy,736,0,0,4,True,False,True,0.0,0.0
full_coverage_complete,1stcol4thboy,737,0,1,4,True,False,True,0.0,0.0
full_coverage_complete,1stcol4thboy,738,0,1,4,True,False,True,0.0,0.0
full_coverage_complete,1stcol4thboy,739,0,0,4,True,False,True,0.0,0.0
full_coverage_complete,1stcol4thboy,740,0,0,4,True,False,True,0.0,0.0
full_coverage_complete,1stcol4thboy,741,0,0,4,True,False,True,0.0,0.0
full_coverage_complete,1stcol4thboy,742,0,0,5,True,False,True,0.0,0.0
full_coverage_complete,1stcol4thboy,743,0,0,5,True,False,True,0.0,0.0
full_coverage_complete,1stcol4thboy,744,0,0,4,True,False,True,0.0,0.0
full_coverage_complete,1stcol4thboy,745,0,0,4,True,False,True,0.0,0.0
full_coverage_complete,1stcol4thboy,746,0,0,4,True,False,True,0.0,0.0
full_coverage_complete,1stcol4thboy,747,0,0,5,True,False,True,0.0,0.0
full_coverage_complete,1stcol4thboy,748,0,0,4,True,False,True,0.0,0.0
full_coverage_complete,1stcol4thboy,749,0,0,4,True,False,True,0.0,0.0
full_coverage_complete,1stcol4thboy,750,0,0,5,True,False,True,0.0,0.0
full_coverage_complete,1stcol4thboy,751,0,0,5,True,False,True,0.0,0.0
full_coverage_complete,1stcol4thboy,752,0,0,4,True,False,True,0.0,0.0
full_coverage_complete,1stcol4thboy,753,0,0,4,True,False,True,0.0,0.0
full_coverage_complete,1stcol4thboy,754,0,0,4,True,False,True,0.0,0.0
full_coverage_complete,1stcol4thboy,755,0,0,4,True,False,True,0.0,0.0
full_coverage_complete,1stcol4thboy,756,0,0,4,True,False,True,0.0,0.0
full_coverage_complete,1stcol4thboy,757,0,0,4,True,False,True,0.0,0.0
full_coverage_complete,1stcol4thboy,758,0,0,4,True,False,True,0.0,0.0
full_coverage_complete,1stcol4thboy,759,0,0,5,True,False,True,0.0,0.0
full_coverage_complete,1stcol4thboy,760,0,0,4,True,False,True,0.0,0.0
full_coverage_complete,1stcol4thboy,762,0,0,5,True,False,True,0.0,0.0
full_coverage_complete,1stcol4thboy,763,0,0,4,True,False,True,0.0,0.0
full_coverage_complete,1stcol4thboy,764,0,0,4,True,False,True,0.0,0.0
full_coverage_complete,1stcol4thboy,765,0,0,4,True,False,True,0.0,0.0
full_coverage_complete,1stcol4thboy,766,0,0,4,True,False,True,0.0,0.0
full_coverage_complete,1stcol4thboy,767,0,0,4,True,False,True,0.0,0.0
full_coverage_complete,1stcol4thboy,768,0,0,5,True,False,True,0.0,0.0
full_coverage_complete,1stcol4thboy,769,0,0,4,True,False,True,0.0,0.0
full_coverage_complete,1stcol4thboy,770,0,0,5,True,False,True,0.0,0.0
full_coverage_complete,1stcol4thboy,771,0,0,4,True,False,True,0.0,0.0
full_coverage_complete,1stcol4thboy,772,0,0,4,True,False,True,0.0,0.0
full_coverage_complete,1stcol4thboy,773,0,0,4,True,False,True,0.0,0.0
full_coverage_complete,1stcol4thboy,774,0,1,4,True,False,True,0.0,0.0
full_coverage_complete,1stcol4thboy,775,0,0,5,True,False,True,0.0,0.0
full_coverage_complete,1stcol4thboy,776,0,0,4,True,False,True,0.0,0.0
full_coverage_complete,1stcol4thboy,777,4,0,4,True,False,True,0.0,0.0
full_coverage_complete,1stcol4thboy,778,0,0,5,True,False,True,0.0,0.0
full_coverage_complete,1stcol4thboy,779,5,0,5,True,False,True,0.0,0.0
full_coverage_complete,1stcol4thboy,780,0,0,4,True,False,True,0.0,0.0
full_coverage_complete,1stcol4thboy,781,0,0,4,True,False,True,0.0,0.0
full_coverage_complete,1stcol4thboy,782,0,0,4,True,False,True,0.0,0.0
full_coverage_complete,1stcol4thboy,783,0,0,4,True,False,True,0.0,0.0
full_coverage_complete,1stcol4thboy,784,0,0,2,True,False,True,0.0,0.0
full_coverage_complete,1stcol4thboy,785,0,0,2,True,False,True,0.0,0.0
full_coverage_complete,1stcol4thboy,786,0,2,4,True,False,True,0.0,0.0
full_coverage_complete,1stcol4thboy,787,0,0,1,True,False,True,0.0,0.0
full_coverage_complete,1stcol4thboy,788,0,0,4,True,False,True,0.0,0.0
full_coverage_complete,1stcol4thboy,789,0,0,4,True,False,True,0.0,0.0
full_coverage_complete,1stcol4thboy,790,0,0,4,True,False,True,0.0,0.0
full_coverage_complete,1stcol4thboy,791,0,0,4,True,False,True,0.0,0.0
full_coverage_complete,1stcol4thboy,792,0,0,4,True,False,True,0.0,0.0
full_coverage_complete,1stcol4thboy,793,0,0,4,True,False,True,0.0,0.0
full_coverage_complete,1stcol4thboy,794,0,0,4,True,False,True,0.0,0.0
full_coverage_complete,1stcol4thboy,795,0,0,4,True,False,True,0.0,0.0
full_coverage_complete,1stcol4thboy,796,0,0,4,True,False,True,0.0,0.0
full_coverage_complete,1stcol4thboy,797,0,0,4,True,False,True,0.0,0.0
full_coverage_complete,1stcol4thboy,798,0,0,4,True,False,True,0.0,0.0
full_coverage_complete,1stcol4thboy,799,0,0,4,True,False,True,0.0,0.0
full_coverage_complete,1stcol4thboy,800,0,0,4,True,False,True,0.0,0.0
full_coverage_complete,1stcol4thboy,801,0,0,4,True,False,True,0.0,0.0
full_coverage_complete,1stcol4thboy,802,0,0,5,True,False,True,0.0,0.0
full_coverage_complete,1stcol4thboy,803,0,0,5,True,False,True,0.0,0.0
full_coverage_complete,1stcol4thboy,804,0,0,4,True,False,True,0.0,0.0
full_coverage_complete,1stcol4thboy,805,0,0,5,True,False,True,0.0,0.0
full_coverage_complete,1stcol4thboy,806,0,0,4,True,False,True,0.0,0.0
full_coverage_complete,1stcol4thboy,807,0,0,4,True,False,True,0.0,0.0
full_coverage_complete,1stcol4thboy,808,0,0,4,True,False,True,0.0,0.0
full_coverage_complete,1stcol4thboy,809,0,0,4,True,False,True,0.0,0.0
full_coverage_complete,1stcol4thboy,810,0,0,4,True,False,True,0.0,0.0
full_coverage_complete,1stcol4thboy,811,0,0,4,True,False,True,0.0,0.0
full_coverage_complete,1stcol4thboy,812,0,0,4,True,False,True,0.0,0.0
full_coverage_complete,1stcol4thboy,813,0,0,4,True,False,True,0.0,0.0
full_coverage_complete,1stcol4thboy,814,0,0,4,True,False,True,0.0,0.0
full_coverage_complete,1stcol4thboy,815,0,0,4,True,False,True,0.0,0.0
full_coverage_complete,1stcol4thboy,816,0,0,4,True,False,True,0.0,0.0
full_coverage_complete,1stcol4thboy,817,0,0,4,True,False,True,0.0,0.0
full_coverage_complete,1stcol4thboy,818,0,0,4,True,False,True,0.0,0.0
full_coverage_complete,1stcol4thboy,819,0,0,4,True,False,True,0.0,0.0
full_coverage_complete,1stcol4thboy,820,0,0,4,True,False,True,0.0,0.0
full_coverage_complete,1stcol4thboy,821,0,0,4,True,False,True,0.0,0.0
full_coverage_complete,1stcol4thboy,822,0,0,4,True,False,True,0.0,0.0
full_coverage_complete,1stcol4thboy,823,0,0,4,True,False,True,0.0,0.0
full_coverage_complete,1stcol4thboy,824,0,0,4,True,False,True,0.0,0.0
full_coverage_complete,1stcol4thboy,825,0,0,4,True,False,True,0.0,0.0
full_coverage_complete,1stcol4thboy,826,0,0,4,True,False,True,0.0,0.0
full_coverage_complete,1stcol4thboy,827,0,0,4,True,False,True,0.0,0.0
full_coverage_complete,1stcol4thboy,828,0,0,4,True,False,True,0.0,0.0
full_coverage_complete,1stcol4thboy,829,0,0,4,True,False,True,0.0,0.0
full_coverage_complete,1stcol4thboy,830,4,2,4,True,False,True,0.0,0.0
full_coverage_complete,1stcol4thboy,831,0,0,4,True,False,True,0.0,0.0
full_coverage_complete,1stcol4thboy,832,0,0,4,True,False,True,0.0,0.0
full_coverage_complete,1stcol4thboy,833,0,0,4,True,False,True,0.0,0.0
full_coverage_complete,1stcol4thboy,834,0,0,4,True,False,True,0.0,0.0
full_coverage_complete,1stcol4thboy,835,0,0,4,True,False,True,0.0,0.0
full_coverage_complete,1stcol4thboy,836,0,0,4,True,False,True,0.0,0.0
full_coverage_complete,1stcol4thboy,837,0,0,4,True,False,True,0.0,0.0
full_coverage_complete,1stcol4thboy,838,0,0,4,True,False,True,0.0,0.0
full_coverage_complete,1stcol4thboy,839,0,0,4,True,False,True,0.0,0.0
full_coverage_complete,1stcol4thboy,840,0,0,4,True,False,True,0.0,0.0
full_coverage_complete,1stcol4thboy,841,0,0,4,True,False,True,0.0,0.0
full_coverage_complete,1stcol4thboy,842,0,0,5,True,False,True,0.0,0.0
full_coverage_complete,1stcol4thboy,843,0,0,4,True,False,True,0.0,0.0
full_coverage_complete,1stcol4thboy,844,0,0,5,True,False,True,0.0,0.0
full_coverage_complete,1stcol4thboy,845,0,0,5,True,False,True,0.0,0.0
full_coverage_complete,1stcol4thboy,846,0,0,4,True,False,True,0.0,0.0
full_coverage_complete,1stcol4thboy,847,0,0,4,True,False,True,0.0,0.0
full_coverage_complete,1stcol4thboy,848,0,0,4,True,False,True,0.0,0.0
full_coverage_complete,1stcol4thboy,849,0,0,4,True,False,True,0.0,0.0
full_coverage_complete,1stcol4thboy,850,0,0,2,True,False,True,0.0,0.0
full_coverage_complete,1stcol4thboy,851,0,0,4,True,False,True,0.0,0.0
full_coverage_complete,1stcol4thboy,852,0,0,4,True,False,True,0.0,0.0
full_coverage_complete,1stcol4thboy,853,0,0,4,True,False,True,0.0,0.0
full_coverage_complete,1stcol4thboy,854,0,0,4,True,False,True,0.0,0.0
full_coverage_complete,1stcol4thboy,855,0,0,2,True,False,True,0.0,0.0
full_coverage_complete,1stcol4thboy,856,0,0,2,True,False,True,0.0,0.0
full_coverage_complete,1stcol4thboy,857,0,0,2,True,False,True,0.0,0.0
full_coverage_complete,1stcol4thboy,858,4,0,4,True,False,True,0.0,0.0
full_coverage_complete,1stcol4thboy,859,5,0,5,True,False,True,0.0,0.0
full_coverage_complete,1stcol4thboy,860,5,1,5,True,False,True,0.0,0.0
full_coverage_complete,1stcol4thboy,861,0,0,4,True,False,True,0.0,0.0
full_coverage_complete,1stcol4thboy,862,0,0,4,True,False,True,0.0,0.0
full_coverage_complete,1stcol4thboy,863,0,0,4,True,False,True,0.0,0.0
full_coverage_complete,1stcol4thboy,864,0,0,4,True,False,True,0.0,0.0
full_coverage_complete,1stcol4thboy,865,0,0,5,True,False,True,0.0,0.0
full_coverage_complete,1stcol4thboy,866,4,0,4,True,False,True,0.0,0.0
full_coverage_complete,1stcol4thboy,867,0,0,5,True,False,True,0.0,0.0
full_coverage_complete,1stcol4thboy,868,0,1,5,True,False,True,0.0,0.0
full_coverage_complete,1stcol4thboy,869,0,0,1,True,False,True,0.0,0.0
full_coverage_complete,1stcol4thboy,870,0,0,4,True,False,True,0.0,0.0
full_coverage_complete,1stcol4thboy,871,0,0,4,True,False,True,0.0,0.0
full_coverage_complete,1stcol4thboy,872,0,0,4,True,False,True,0.0,0.0
full_coverage_complete,1stcol4thboy,873,0,0,4,True,False,True,0.0,0.0
full_coverage_complete,1stcol4thboy,874,0,0,4,True,False,True,0.0,0.0
full_coverage_complete,1stcol4thboy,875,0,0,4,True,False,True,0.0,0.0
full_coverage_complete,1stcol4thboy,876,0,0,4,True,False,True,0.0,0.0
full_coverage_complete,1stcol4thboy,877,0,0,4,True,False,True,0.0,0.0
full_coverage_complete,1stcol4thboy,878,0,0,4,True,False,True,0.0,0.0
full_coverage_complete,1stcol4thboy,879,0,0,4,True,False,True,0.0,0.0
full_coverage_complete,1stcol4thboy,880,4,2,4,True,False,True,0.0,0.0
full_coverage_complete,1stcol4thboy,881,4,1,4,True,False,True,0.0,0.0
full_coverage_complete,1stcol4thboy,882,0,0,4,True,False,True,0.0,0.0
full_coverage_complete,1stcol4thboy,883,5,3,5,True,False,True,0.0,0.0
full_coverage_complete,1stcol4thboy,884,5,0,5,True,False,True,0.0,0.0
full_coverage_complete,1stcol4thboy,885,0,0,5,True,False,True,0.0,0.0
full_coverage_complete,1stcol4thboy,886,0,0,2,True,False,True,0.0,0.0
full_coverage_complete,1stcol4thboy,887,0,0,2,True,False,True,0.0,0.0
full_coverage_complete,1stcol4thboy,888,0,0,2,True,False,True,0.0,0.0
full_coverage_complete,1stcol4thboy,889,0,0,2,True,False,True,0.0,0.0
full_coverage_complete,1stcol4thboy,890,0,0,2,True,False,True,0.0,0.0
full_coverage_complete,1stcol4thboy,891,0,0,5,True,False,True,0.0,0.0
full_coverage_complete,1stcol4thboy,892,0,0,2,True,False,True,0.0,0.0
full_coverage_complete,1stcol4thboy,893,0,0,2,True,False,True,0.0,0.0
full_coverage_complete,1stcol4thboy,894,0,0,2,True,False,True,0.0,0.0
full_coverage_complete,1stcol4thboy,895,0,0,4,True,False,True,0.0,0.0
full_coverage_complete,1stcol4thboy,896,0,0,4,True,False,True,0.0,0.0
full_coverage_complete,1stcol4thboy,897,0,0,4,True,False,True,0.0,0.0
full_coverage_complete,1stcol4thboy,898,0,0,2,True,False,True,0.0,0.0
full_coverage_complete,1stcol4thboy,899,0,0,2,True,False,True,0.0,0.0
full_coverage_complete,1stcol4thboy,900,0,0,2,True,False,True,0.0,0.0
full_coverage_complete,1stcol4thboy,901,0,0,2,True,False,True,0.0,0.0
full_coverage_complete,1stcol4thboy,902,0,0,2,True,False,True,0.0,0.0
full_coverage_complete,1stcol4thboy,903,0,0,2,True,False,True,0.0,0.0
full_coverage_complete,1stcol4thboy,904,0,0,2,True,False,True,0.0,0.0
full_coverage_complete,1stcol4thboy,905,0,0,4,True,False,True,0.0,0.0
full_coverage_complete,1stcol4thboy,906,0,0,2,True,False,True,0.0,0.0
full_coverage_complete,1stcol4thboy,907,0,0,4,True,False,True,0.0,0.0
full_coverage_complete,1stcol4thboy,908,0,0,4,True,False,True,0.0,0.0
full_coverage_complete,1stcol4thboy,909,0,0,4,True,False,True,0.0,0.0
full_coverage_complete,1stcol4thboy,910,0,0,2,True,False,True,0.0,0.0
full_coverage_complete,1stcol4thboy,911,0,0,2,True,False,True,0.0,0.0
full_coverage_complete,1stcol4thboy,912,0,0,2,True,False,True,0.0,0.0
full_coverage_complete,1stcol4thboy,913,0,0,4,True,False,True,0.0,0.0
full_coverage_complete,1stcol4thboy,914,0,0,2,True,False,True,0.0,0.0
full_coverage_complete,1stcol4thboy,915,4,4,4,True,False,True,0.0,0.0
full_coverage_complete,1stcol4thboy,916,0,0,2,True,False,True,0.0,0.0
full_coverage_complete,1stcol4thboy,917,0,1,2,True,False,True,0.0,0.0
full_coverage_complete,1stcol4thboy,918,0,0,4,True,False,True,0.0,0.0
full_coverage_complete,1stcol4thboy,919,0,0,4,True,False,True,0.0,0.0
full_coverage_complete,1stcol4thboy,920,4,0,4,True,False,True,0.0,0.0
full_coverage_complete,1stcol4thboy,921,0,0,5,True,False,True,0.0,0.0
full_coverage_complete,1stcol4thboy,922,0,0,2,True,False,True,0.0,0.0
full_coverage_complete,1stcol4thboy,923,0,0,2,True,False,True,0.0,0.0
full_coverage_complete,1stcol4thboy,924,0,0,2,True,False,True,0.0,0.0
full_coverage_complete,1stcol4thboy,925,0,0,2,True,False,True,0.0,0.0
full_coverage_complete,1stcol4thboy,926,0,0,2,True,False,True,0.0,0.0
full_coverage_complete,1stcol4thboy,927,0,1,4,True,False,True,0.0,0.0
full_coverage_complete,1stcol4thboy,928,0,0,1,True,False,True,0.0,0.0
full_coverage_complete,1stcol4thboy,929,0,0,4,True,False,True,0.0,0.0
full_coverage_complete,1stcol4thboy,930,0,0,4,True,False,True,0.0,0.0
full_coverage_complete,1stcol4thboy,931,4,0,4,True,False,True,0.0,0.0
full_coverage_complete,1stcol4thboy,932,0,0,5,True,False,True,0.0,0.0
full_coverage_complete,1stcol4thboy,933,0,0,2,True,False,True,0.0,0.0
full_coverage_complete,1stcol4thboy,934,0,0,2,True,False,True,0.0,0.0
full_coverage_complete,1stcol4thboy,935,0,0,2,True,False,True,0.0,0.0
full_coverage_complete,1stcol4thboy,936,0,0,2,True,False,True,0.0,0.0
full_coverage_complete,1stcol4thboy,937,0,2,4,True,False,True,0.0,0.0
full_coverage_complete,1stcol4thboy,938,0,0,1,True,False,True,0.0,0.0
full_coverage_complete,1stcol4thboy,939,0,0,4,True,False,True,0.0,0.0
full_coverage_complete,1stcol4thboy,940,4,2,4,True,False,True,0.0,0.0
full_coverage_complete,1stcol4thboy,941,5,0,5,True,False,True,0.0,0.0
full_coverage_complete,1stcol4thboy,942,5,0,5,True,False,True,0.0,0.0
full_coverage_complete,1stcol4thboy,943,0,0,2,True,False,True,0.0,0.0
full_coverage_complete,1stcol4thboy,944,0,0,5,True,False,True,0.0,0.0
full_coverage_complete,1stcol4thboy,945,0,0,5,True,False,True,0.0,0.0
full_coverage_complete,1stcol4thboy,946,0,0,4,True,False,True,0.0,0.0
full_coverage_complete,1stcol4thboy,947,0,0,4,True,False,True,0.0,0.0
full_coverage_complete,1stcol4thboy,948,0,0,2,True,False,True,0.0,0.0
full_coverage_complete,1stcol4thboy,949,0,0,2,True,False,True,0.0,0.0
full_coverage_complete,1stcol4thboy,950,0,0,2,True,False,True,0.0,0.0
full_coverage_complete,1stcol4thboy,951,0,0,2,True,False,True,0.0,0.0
full_coverage_complete,1stcol4thboy,952,0,0,2,True,False,True,0.0,0.0
full_coverage_complete,1stcol4thboy,953,0,1,2,True,False,True,0.0,0.0
full_coverage_complete,1stcol4thboy,954,0,0,1,True,False,True,0.0,0.0
full_coverage_complete,1stcol4thboy,955,0,0,4,True,False,True,0.0,0.0
full_coverage_complete,1stcol4thboy,956,0,0,4,True,False,True,0.0,0.0
full_coverage_complete,1stcol4thboy,957,0,0,4,True,False,True,0.0,0.0
full_coverage_complete,1stcol4thboy,958,4,0,4,True,False,True,0.0,0.0
full_coverage_complete,1stcol4thboy,959,0,0,5,True,False,True,0.0,0.0
full_coverage_complete,1stcol4thboy,960,0,0,5,True,False,True,0.0,0.0
full_coverage_complete,1stcol4thboy,961,0,0,5,True,False,True,0.0,0.0
full_coverage_complete,1stcol4thboy,962,0,0,5,True,False,True,0.0,0.0
full_coverage_complete,1stcol4thboy,963,0,0,2,True,False,True,0.0,0.0
full_coverage_complete,1stcol4thboy,964,0,0,2,True,False,True,0.0,0.0
full_coverage_complete,1stcol4thboy,965,0,0,4,True,False,True,0.0,0.0
full_coverage_complete,1stcol4thboy,966,0,0,2,True,False,True,0.0,0.0
full_coverage_complete,1stcol4thboy,967,0,0,4,True,False,True,0.0,0.0
full_coverage_complete,1stcol4thboy,968,0,0,4,True,False,True,0.0,0.0
full_coverage_complete,1stcol4thboy,969,0,0,2,True,False,True,0.0,0.0
full_coverage_complete,1stcol4thboy,970,0,0,4,True,False,True,0.0,0.0
full_coverage_complete,1stcol4thboy,971,0,0,4,True,False,True,0.0,0.0
full_coverage_complete,1stcol4thboy,972,0,0,2,True,False,True,0.0,0.0
full_coverage_complete,1stcol4thboy,973,0,0,4,True,False,True,0.0,0.0
full_coverage_complete,1stcol4thboy,974,0,0,4,True,False,True,0.0,0.0
full_coverage_complete,1stcol4thboy,975,0,0,4,True,False,True,0.0,0.0
full_coverage_complete,1stcol4thboy,976,0,0,4,True,False,True,0.0,0.0
full_coverage_complete,1stcol4thboy,977,0,0,4,True,False,True,0.0,0.0
full_coverage_complete,1stcol4thboy,978,0,0,4,True,False,True,0.0,0.0
full_coverage_complete,1stcol4thboy,979,0,0,4,True,False,True,0.0,0.0
full_coverage_complete,1stcol4thboy,980,0,0,4,True,False,True,0.0,0.0
full_coverage_complete,1stcol4thboy,981,0,0,4,True,False,True,0.0,0.0
full_coverage_complete,1stcol4thboy,982,0,0,4,True,False,True,0.0,0.0
full_coverage_complete,1stcol4thboy,983,0,0,4,True,False,True,0.0,0.0
full_coverage_complete,1stcol4thboy,984,0,0,2,True,False,True,0.0,0.0
full_coverage_complete,1stcol4thboy,985,0,0,4,True,False,True,0.0,0.0
full_coverage_complete,1stcol4thboy,986,0,0,2,True,False,True,0.0,0.0
full_coverage_complete,1stcol4thboy,987,0,0,4,True,False,True,0.0,0.0
full_coverage_complete,1stcol4thboy,988,0,0,2,True,False,True,0.0,0.0
full_coverage_complete,1stcol4thboy,989,0,0,4,True,False,True,0.0,0.0
full_coverage_complete,1stcol4thboy,990,4,1,4,True,False,True,0.0,0.0
full_coverage_complete,1stcol4thboy,991,0,0,4,True,False,True,0.0,0.0
full_coverage_complete,1stcol4thboy,992,0,0,4,True,False,True,0.0,0.0
full_coverage_complete,1stcol4thboy,993,0,0,2,True,False,True,0.0,0.0
full_coverage_complete,1stcol4thboy,994,0,0,4,True,False,True,0.0,0.0
full_coverage_complete,1stcol4thboy,995,0,0,4,True,False,True,0.0,0.0
full_coverage_complete,1stcol4thboy,996,0,0,4,True,False,True,0.0,0.0
full_coverage_complete,1stcol4thboy,997,0,0,4,True,False,True,0.0,0.0
full_coverage_complete,1stcol4thboy,998,0,0,4,True,False,True,0.0,0.0
full_coverage_complete,1stcol4thboy,999,0,0,2,True,False,True,0.0,0.0
full_coverage_complete,1stcol4thboy,1000,0,0,2,True,False,True,0.0,0.0
full_coverage_complete,1stcol4thboy,1001,0,0,4,True,False,True,0.0,0.0
full_coverage_complete,1stcol4thboy,1002,0,0,1,True,False,True,0.0,0.0
full_coverage_complete,1stcol4thboy,1003,0,0,2,True,False,True,0.0,0.0
full_coverage_complete,1stcol4thboy,1004,0,0,4,True,False,True,0.0,0.0
full_coverage_complete,1stcol4thboy,1005,0,0,2,True,False,True,0.0,0.0
full_coverage_complete,1stcol4thboy,1006,0,0,4,True,False,True,0.0,0.0
full_coverage_complete,1stcol4thboy,1007,0,0,1,True,False,True,0.0,0.0
full_coverage_complete,1stcol4thboy,1008,0,0,2,True,False,True,0.0,0.0
full_coverage_complete,1stcol4thboy,1009,0,0,5,True,False,True,0.0,0.0
full_coverage_complete,1stcol4thboy,1010,0,0,2,True,False,True,0.0,0.0
full_coverage_complete,1stcol4thboy,1011,0,0,5,True,False,True,0.0,0.0
full_coverage_complete,1stcol4thboy,1012,0,0,2,True,False,True,0.0,0.0
full_coverage_complete,1stcol4thboy,1013,0,0,2,True,False,True,0.0,0.0
full_coverage_complete,1stcol4thboy,1014,0,0,4,True,False,True,0.0,0.0
full_coverage_complete,1stcol4thboy,1015,0,0,2,True,False,True,0.0,0.0
full_coverage_complete,1stcol4thboy,1016,0,0,4,True,False,True,0.0,0.0
full_coverage_complete,1stcol4thboy,1017,0,0,2,True,False,True,0.0,0.0
full_coverage_complete,1stcol4thboy,1018,0,0,4,True,False,True,0.0,0.0
full_coverage_complete,1stcol4thboy,1019,0,0,4,True,False,True,0.0,0.0
full_coverage_complete,1stcol4thboy,1020,0,0,2,True,False,True,0.0,0.0
full_coverage_complete,1stcol4thboy,1021,0,0,4,True,False,True,0.0,0.0
full_coverage_complete,1stcol4thboy,1022,0,0,1,True,False,True,0.0,0.0
full_coverage_complete,1stcol4thboy,1023,0,0,2,True,False,True,0.0,0.0
full_coverage_complete,1stcol4thboy,1024,0,0,2,True,False,True,0.0,0.0
full_coverage_complete,1stcol4thboy,1025,0,0,4,True,False,True,0.0,0.0
full_coverage_complete,1stcol4thboy,1026,0,0,4,True,False,True,0.0,0.0
full_coverage_complete,1stcol4thboy,1027,0,0,4,True,False,True,0.0,0.0
full_coverage_complete,1stcol4thboy,1028,0,0,4,True,False,True,0.0,0.0
full_coverage_complete,1stcol4thboy,1029,0,0,4,True,False,True,0.0,0.0
full_coverage_complete,1stcol4thboy,1030,0,0,4,True,False,True,0.0,0.0
full_coverage_complete,1stcol4thboy,1031,0,0,4,True,False,True,0.0,0.0
full_coverage_complete,1stcol4thboy,1032,0,0,4,True,False,True,0.0,0.0
full_coverage_complete,1stcol4thboy,1033,0,0,2,True,False,True,0.0,0.0
full_coverage_complete,1stcol4thboy,1034,0,0,4,True,False,True,0.0,0.0
full_coverage_complete,1stcol4thboy,1035,0,0,1,True,False,True,0.0,0.0
full_coverage_complete,1stcol4thboy,1036,0,0,2,True,False,True,0.0,0.0
full_coverage_complete,1stcol4thboy,1037,0,0,2,True,False,True,0.0,0.0
full_coverage_complete,1stcol4thboy,1038,0,0,4,True,False,True,0.0,0.0
full_coverage_complete,1stcol4thboy,1039,0,0,4,True,False,True,0.0,0.0
full_coverage_complete,1stcol4thboy,1040,0,0,4,True,False,True,0.0,0.0
full_coverage_complete,1stcol4thboy,1041,0,0,1,True,False,True,0.0,0.0
full_coverage_complete,1stcol4thboy,1042,0,0,2,True,False,True,0.0,0.0
full_coverage_complete,1stcol4thboy,1043,0,0,2,True,False,True,0.0,0.0
full_coverage_complete,1stcol4thboy,1044,0,0,4,True,False,True,0.0,0.0
full_coverage_complete,1stcol4thboy,1045,0,0,4,True,False,True,0.0,0.0
full_coverage_complete,1stcol4thboy,1046,0,0,4,True,False,True,0.0,0.0
full_coverage_complete,1stcol4thboy,1047,0,0,2,True,False,True,0.0,0.0
full_coverage_complete,1stcol4thboy,1048,0,0,4,True,False,True,0.0,0.0
full_coverage_complete,1stcol4thboy,1049,0,0,4,True,False,True,0.0,0.0
full_coverage_complete,1stcol4thboy,1050,0,0,4,True,False,True,0.0,0.0
full_coverage_complete,1stcol4thboy,1051,0,0,4,True,False,True,0.0,0.0
full_coverage_complete,1stcol4thboy,1052,0,0,2,True,False,True,0.0,0.0
full_coverage_complete,1stcol4thboy,1053,0,0,2,True,False,True,0.0,0.0
full_coverage_complete,1stcol4thboy,1054,0,0,1,True,False,True,0.0,0.0
full_coverage_complete,1stcol4thboy,1055,0,0,4,True,False,True,0.0,0.0
full_coverage_complete,1stcol4thboy,1056,0,0,4,True,False,True,0.0,0.0
full_coverage_complete,1stcol4thboy,1057,0,0,2,True,False,True,0.0,0.0
full_coverage_complete,1stcol4thboy,1058,0,0,2,True,False,True,0.0,0.0
full_coverage_complete,1stcol4thboy,1059,0,0,4,True,False,True,0.0,0.0
full_coverage_complete,1stcol4thboy,1060,0,0,4,True,False,True,0.0,0.0
full_coverage_complete,1stcol4thboy,1061,0,0,4,True,False,True,0.0,0.0
full_coverage_complete,1stcol4thboy,1062,0,0,4,True,False,True,0.0,0.0
full_coverage_complete,1stcol4thboy,1063,0,0,2,True,False,True,0.0,0.0
full_coverage_complete,1stcol4thboy,1064,0,0,4,True,False,True,0.0,0.8166469190894597
full_coverage_complete,1stcol4thboy,1065,0,0,4,True,False,True,0.5530140219705608,0.5530140219705608
full_coverage_complete,1stcol4thboy,1066,0,0,4,True,False,True,0.21300491339034502,0.21300491339034502
full_coverage_complete,1stcol4thboy,1067,0,0,4,True,False,True,0.06770370254183128,0.06770370254183128
full_coverage_complete,1stcol4thboy,1068,0,0,4,True,False,True,0.07692842957806767,0.07692842957806767
full_coverage_complete,1stcol4thboy,1069,0,0,4,True,False,True,0.11744047195759764,0.11744047195759764
full_coverage_complete,1stcol4thboy,1070,0,0,4,True,False,True,0.11966696967123967,0.11966696967123967
full_coverage_complete,1stcol4thboy,1071,0,0,4,True,False,True,0.048082991844095875,0.048082991844095875
full_coverage_complete,1stcol4thboy,1072,0,0,4,True,False,True,0.07442984725039573,0.07442984725039573
full_coverage_complete,1stcol4thboy,1073,0,0,4,True,False,True,0.07091919271371866,0.07091919271371866
full_coverage_complete,1stcol4thboy,1074,0,0,2,True,False,True,0.08885932073038773,0.08885932073038773
full_coverage_complete,1stcol4thboy,1075,0,0,2,True,False,True,0.0,0.0
full_coverage_complete,1stcol4thboy,1076,0,0,4,True,False,True,0.0,0.0
full_coverage_complete,1stcol4thboy,1077,0,0,4,True,False,True,0.04031764160022825,0.04031764160022825
full_coverage_complete,1stcol4thboy,1078,0,0,5,True,False,True,0.0,0.0
full_coverage_complete,1stcol4thboy,1079,0,0,4,True,False,True,0.31327765673571795,0.31327765673571795
full_coverage_complete,1stcol4thboy,1080,0,0,5,True,False,True,0.5664191014397648,0.5664191014397648
full_coverage_complete,1stcol4thboy,1081,0,0,5,True,False,True,0.943174385016776,0.943174385016776
full_coverage_complete,1stcol4thboy,1082,0,0,5,True,False,True,0.819527738623693,0.819527738623693
full_coverage_complete,1stcol4thboy,1083,0,0,2,True,False,True,0.19823744083985698,0.19823744083985698
full_coverage_complete,1stcol4thboy,1084,0,0,6,True,False,True,0.6510313820412666,0.6510313820412666
full_coverage_complete,1stcol4thboy,1085,0,0,2,True,False,True,0.8799039645875857,0.8799039645875857
full_coverage_complete,1stcol4thboy,1086,0,0,2,True,False,True,0.13304926177017762,0.13304926177017762
full_coverage_complete,1stcol4thboy,1087,0,0,4,True,False,True,0.25748296154516376,0.25748296154516376
full_coverage_complete,1stcol4thboy,1088,0,0,5,True,False,True,0.5992684530345238,0.5992684530345238
full_coverage_complete,1stcol4thboy,1089,0,0,2,True,False,True,0.8681356863506156,0.8681356863506156
full_coverage_complete,1stcol4thboy,1090,0,0,2,True,False,True,0.6340439630592527,0.6340439630592527
full_coverage_complete,1stcol4thboy,1091,0,0,4,True,False,True,0.2686670023341549,0.2686670023341549
full_coverage_complete,1stcol4thboy,1092,0,0,4,True,False,True,0.218422017320101,0.218422017320101
full_coverage_complete,1stcol4thboy,1093,0,0,2,True,False,True,0.2169327429574528,0.2169327429574528
full_coverage_complete,1stcol4thboy,1094,0,0,4,True,False,True,0.25323460606813425,0.25323460606813425
full_coverage_complete,1stcol4thboy,1095,0,0,4,True,False,True,0.1596239197075631,0.1596239197075631
full_coverage_complete,1stcol4thboy,1096,0,0,4,True,False,True,0.15168965922551364,0.15168965922551364
full_coverage_complete,1stcol4thboy,1097,0,0,2,True,False,True,0.11975314068546841,0.11975314068546841
full_coverage_complete,1stcol4thboy,1098,0,0,2,True,False,True,0.15008518158397532,0.15008518158397532
full_coverage_complete,1stcol4thboy,1099,0,0,2,True,False,True,0.10967261819135957,0.10967261819135957
full_coverage_complete,1stcol4thboy,1100,0,0,2,True,False,True,0.1640771182295825,0.1640771182295825
full_coverage_complete,1stcol4thboy,1101,0,0,2,True,False,True,0.20898972629496104,0.20898972629496104
full_coverage_complete,1stcol4thboy,1102,0,0,2,True,False,True,0.28165047256094733,0.28165047256094733
full_coverage_complete,1stcol4thboy,1103,0,0,2,True,False,True,0.20400949552538342,0.20400949552538342
full_coverage_complete,1stcol4thboy,1104,0,0,5,True,False,True,0.23215139325659184,0.23215139325659184
full_coverage_complete,1stcol4thboy,1105,0,0,5,True,False,True,0.42413178643565974,0.42413178643565974
full_coverage_complete,1stcol4thboy,1106,0,0,5,True,False,True,0.5377584842214875,0.5377584842214875
full_coverage_complete,1stcol4thboy,1107,0,0,2,True,False,True,0.40663742496111416,0.40663742496111416
full_coverage_complete,1stcol4thboy,1108,0,0,2,True,False,True,0.23783120050562723,0.23783120050562723
full_coverage_complete,1stcol4thboy,1109,0,0,2,True,False,True,0.06489589969081702,0.06489589969081702
full_coverage_complete,1stcol4thboy,1110,0,0,4,True,False,True,0.25486123182993675,0.25486123182993675
full_coverage_complete,1stcol4thboy,1111,5,0,5,True,False,True,0.12049533804570725,0.015873303895286163
full_coverage_complete,1stcol4thboy,1112,0,0,2,True,False,True,0.13675246352494913,0.13675246352494913
full_coverage_complete,1stcol4thboy,1113,0,0,2,True,False,True,0.2981496640184637,0.2981496640184637
full_coverage_complete,1stcol4thboy,1114,0,0,5,True,False,True,0.2961870484840201,0.2961870484840201
full_coverage_complete,1stcol4thboy,1115,0,0,2,True,False,True,0.17826541879344449,0.17826541879344449
full_coverage_complete,1stcol4thboy,1116,0,0,2,True,False,True,0.2529110788100962,0.2529110788100962
full_coverage_complete,1stcol4thboy,1117,0,0,2,True,False,True,0.22116020315393894,0.22116020315393894
full_coverage_complete,1stcol4thboy,1118,0,0,2,True,False,True,0.12478343795395826,0.12478343795395826
full_coverage_complete,1stcol4thboy,1119,0,0,2,True,False,True,0.10952253061620379,0.10952253061620379
full_coverage_complete,1stcol4thboy,1120,0,0,2,True,False,True,0.05732367266317465,0.05732367266317465
full_coverage_complete,1stcol4thboy,1121,0,0,2,True,False,True,0.0,0.0
full_coverage_complete,1stcol4thboy,1122,0,0,2,True,False,True,0.09342920637632662,0.09342920637632662
full_coverage_complete,1stcol4thboy,1123,0,0,2,True,False,True,0.0,0.0
full_coverage_complete,1stcol4thboy,1124,0,0,2,True,False,True,0.13706225247052511,0.13706225247052511
full_coverage_complete,1stcol4thboy,1125,0,0,2,True,False,True,0.24865819772697403,0.24865819772697403
full_coverage_complete,1stcol4thboy,1126,0,0,2,True,False,True,0.20729611111931776,0.20729611111931776
full_coverage_complete,1stcol4thboy,1127,0,0,2,True,False,True,0.22820221600463633,0.22820221600463633
full_coverage_complete,1stcol4thboy,1128,0,0,4,True,False,True,0.0,0.0
full_coverage_complete,1stcol4thboy,1129,0,0,4,True,False,True,0.0,0.0
full_coverage_complete,1stcol4thboy,1130,0,0,2,True,False,True,0.0,0.0
full_coverage_complete,1stcol4thboy,1131,0,0,5,True,False,True,0.0,0.0
full_coverage_complete,1stcol4thboy,1132,0,0,2,True,False,True,0.0,0.0
full_coverage_complete,1stcol4thboy,1133,0,0,2,True,False,True,0.0,0.0
full_coverage_complete,1stcol4thboy,1134,0,0,2,True,False,True,0.0,0.0
full_coverage_complete,1stcol4thboy,1135,0,0,2,True,False,True,0.0,0.0
full_coverage_complete,1stcol4thboy,1136,0,0,5,True,False,True,0.0,0.0
full_coverage_complete,1stcol4thboy,1137,0,0,5,True,False,True,0.0,0.0
full_coverage_complete,1stcol4thboy,1138,0,0,2,True,False,True,0.0,0.0
full_coverage_complete,1stcol4thboy,1139,0,0,5,True,False,True,0.0,0.0
full_coverage_complete,1stcol4thboy,1140,0,0,2,True,False,True,0.043262819025795506,0.043262819025795506
full_coverage_complete,1stcol4thboy,1141,0,1,5,True,False,True,0.24548823063924777,0.0
full_coverage_complete,1stcol4thboy,1142,0,0,6,True,False,True,0.0,0.0
full_coverage_complete,1stcol4thboy,1143,0,0,2,True,False,True,0.0,0.0
full_coverage_complete,1stcol4thboy,1144,0,0,2,True,False,True,0.0,0.0
full_coverage_complete,1stcol4thboy,1145,0,0,2,True,False,True,0.0,0.0
full_coverage_complete,1stcol4thboy,1146,0,0,2,True,False,True,0.0,0.0
full_coverage_complete,1stcol4thboy,1147,0,0,2,True,False,True,0.0,0.0
full_coverage_complete,1stcol4thboy,1148,0,0,4,True,False,True,0.12399834316366708,0.12399834316366708
full_coverage_complete,1stcol4thboy,1149,0,0,2,True,False,True,0.2068594559948243,0.2068594559948243
full_coverage_complete,1stcol4thboy,1150,0,0,2,True,False,True,0.2623663588092136,0.2623663588092136
full_coverage_complete,1stcol4thboy,1151,0,0,2,True,False,True,0.24964617753826304,0.24964617753826304
full_coverage_complete,1stcol4thboy,1152,0,0,4,True,False,True,0.3231999315542379,0.3231999315542379
full_coverage_complete,1stcol4thboy,1153,0,0,4,True,False,True,0.0815014568797536,0.0815014568797536
full_coverage_complete,1stcol4thboy,1154,0,1,4,True,False,True,0.21605314839931952,0.0
full_coverage_complete,1stcol4thboy,1155,0,0,1,True,False,True,0.0,0.0
full_coverage_complete,1stcol4thboy,1156,0,1,4,True,False,True,0.0,0.0
full_coverage_complete,1stcol4thboy,1157,0,0,4,True,False,True,0.0,0.0
full_coverage_complete,1stcol4thboy,1158,0,0,4,True,False,True,0.0,0.0
full_coverage_complete,1stcol4thboy,1159,0,0,4,True,False,True,0.0,0.0
full_coverage_complete,1stcol4thboy,1160,0,0,4,True,False,True,0.0,0.0
full_coverage_complete,1stcol4thboy,1161,0,0,4,True,False,True,0.0,0.0
full_coverage_complete,1stcol4thboy,1162,0,0,5,True,False,True,0.0,0.0
full_coverage_complete,1stcol4thboy,1163,0,0,5,True,False,True,0.0,0.0
full_coverage_complete,1stcol4thboy,1164,0,0,2,True,False,True,0.0,0.0
full_coverage_complete,1stcol4thboy,1165,0,0,2,True,False,True,0.0,0.0
full_coverage_complete,1stcol4thboy,1166,0,0,2,True,False,True,0.0,0.0
full_coverage_complete,1stcol4thboy,1167,0,0,2,True,False,True,0.0,0.0
full_coverage_complete,1stcol4thboy,1168,0,0,2,True,False,True,0.0,0.0
full_coverage_complete,1stcol4thboy,1169,0,0,2,True,False,True,0.0,0.0
full_coverage_complete,1stcol4thboy,1170,0,0,2,True,False,True,0.0,0.0
full_coverage_complete,1stcol4thboy,1171,0,0,2,True,False,True,0.0,0.0
full_coverage_complete,1stcol4thboy,1172,0,0,4,True,False,True,0.0,0.0
full_coverage_complete,1stcol4thboy,1173,0,0,4,True,False,True,0.0,0.0
full_coverage_complete,1stcol4thboy,1174,0,0,5,True,False,True,0.0,0.0
full_coverage_complete,1stcol4thboy,1175,0,0,5,True,False,True,0.0,0.0
full_coverage_complete,1stcol4thboy,1176,5,0,5,True,False,True,0.0,0.0
full_coverage_complete,1stcol4thboy,1177,0,0,4,True,False,True,0.0,0.0
full_coverage_complete,1stcol4thboy,1178,0,0,4,True,False,True,0.0,0.0
full_coverage_complete,1stcol4thboy,1179,0,0,2,True,False,True,0.0,0.0
full_coverage_complete,1stcol4thboy,1180,0,0,4,True,False,True,0.0,0.0
full_coverage_complete,1stcol4thboy,1181,0,0,2,True,False,True,0.0,0.0
full_coverage_complete,1stcol4thboy,1182,0,0,4,True,False,True,0.0,0.0
full_coverage_complete,1stcol4thboy,1183,0,0,2,True,False,True,0.0,0.0
full_coverage_complete,1stcol4thboy,1184,0,0,4,True,False,True,0.0,0.0
full_coverage_complete,1stcol4thboy,1185,0,0,4,True,False,True,0.0,0.0
full_coverage_complete,1stcol4thboy,1186,0,0,2,True,False,True,0.0,0.0
full_coverage_complete,1stcol4thboy,1187,0,0,4,True,False,True,0.0,0.0
full_coverage_complete,1stcol4thboy,1188,0,0,4,True,False,True,0.0,0.0
full_coverage_complete,1stcol4thboy,1189,0,0,5,True,False,True,0.0,0.0
full_coverage_complete,1stcol4thboy,1190,0,0,4,True,False,True,0.0,0.0
full_coverage_complete,1stcol4thboy,1191,0,0,4,True,False,True,0.0,0.0
full_coverage_complete,1stcol4thboy,1192,0,0,4,True,False,True,0.0,0.0
full_coverage_complete,1stcol4thboy,1193,0,0,4,True,False,True,0.0,0.0
full_coverage_complete,1stcol4thboy,1194,0,0,2,True,False,True,0.0,0.0
full_coverage_complete,1stcol4thboy,1195,0,0,4,True,False,True,0.0,0.0
full_coverage_complete,1stcol4thboy,1196,0,0,2,True,False,True,0.0,0.0
full_coverage_complete,1stcol4thboy,1197,0,0,4,True,False,True,0.0,0.0
full_coverage_complete,1stcol4thboy,1198,0,0,2,True,False,True,0.0,0.0
full_coverage_complete,1stcol4thboy,1199,0,0,1,True,False,True,0.0,0.0
full_coverage_complete,1stcol4thboy,1200,0,0,4,True,False,True,0.0,0.0
full_coverage_complete,1stcol4thboy,1201,0,0,2,True,False,True,0.0,0.0
full_coverage_complete,1stcol4thboy,1202,0,0,2,True,False,True,0.0,0.0
full_coverage_complete,1stcol4thboy,1203,0,0,4,True,False,True,0.0,0.0
full_coverage_complete,1stcol4thboy,1204,0,0,4,True,False,True,0.0,0.0
full_coverage_complete,1stcol4thboy,1205,0,0,5,True,False,True,0.0,0.0
full_coverage_complete,1stcol4thboy,1206,0,0,4,True,False,True,0.0,0.0
full_coverage_complete,1stcol4thboy,1207,0,0,4,True,False,True,0.0,0.0
full_coverage_complete,1stcol4thboy,1208,0,0,2,True,False,True,0.0,0.0
full_coverage_complete,1stcol4thboy,1209,0,0,1,True,False,True,0.0,0.0
full_coverage_complete,1stcol4thboy,1210,0,0,2,True,False,True,0.0,0.0
full_coverage_complete,1stcol4thboy,1211,0,0,1,True,False,True,0.0,0.0
full_coverage_complete,1stcol4thboy,1212,0,0,4,True,False,True,0.0,0.0
full_coverage_complete,1stcol4thboy,1213,0,0,4,True,False,True,0.0,0.0
full_coverage_complete,1stcol4thboy,1214,0,0,4,True,False,True,0.0,0.0
full_coverage_complete,1stcol4thboy,1215,0,0,4,True,False,True,0.0,0.0
full_coverage_complete,1stcol4thboy,1216,0,0,4,True,False,True,0.0,0.0
full_coverage_complete,1stcol4thboy,1217,0,0,2,True,False,True,0.0,0.0
full_coverage_complete,1stcol4thboy,1218,0,0,4,True,False,True,0.0,0.0
full_coverage_complete,1stcol4thboy,1219,0,0,2,True,False,True,0.0,0.0
full_coverage_complete,1stcol4thboy,1220,0,0,2,True,False,True,0.0,0.0
full_coverage_complete,1stcol4thboy,1221,0,0,2,True,False,True,0.0,0.0
full_coverage_complete,1stcol4thboy,1222,0,0,2,True,False,True,0.0,0.0
full_coverage_complete,1stcol4thboy,1223,0,0,4,True,False,True,0.0,0.0
full_coverage_complete,1stcol4thboy,1224,0,0,2,True,False,True,0.0,0.0
full_coverage_complete,1stcol4thboy,1225,0,0,2,True,False,True,0.0,0.0
full_coverage_complete,1stcol4thboy,1226,0,0,2,True,False,True,0.0,0.0
full_coverage_complete,1stcol4thboy,1227,0,0,2,True,False,True,0.0,0.0
full_coverage_complete,1stcol4thboy,1228,0,0,2,True,False,True,0.0,0.0
full_coverage_complete,1stcol4thboy,1229,0,0,4,True,False,True,0.0,0.0
full_coverage_complete,1stcol4thboy,1230,0,0,5,True,False,True,0.0,0.0
full_coverage_complete,1stcol4thboy,1231,0,0,4,True,False,True,0.0,0.0
full_coverage_complete,1stcol4thboy,1232,0,0,2,True,False,True,0.0,0.0
full_coverage_complete,1stcol4thboy,1233,0,0,2,True,False,True,0.0,0.0
full_coverage_complete,1stcol4thboy,1234,0,0,2,True,False,True,0.0,0.0
full_coverage_complete,1stcol4thboy,1235,0,0,4,True,False,True,0.0,0.0
full_coverage_complete,1stcol4thboy,1236,0,0,4,True,False,True,0.0,0.0
full_coverage_complete,1stcol4thboy,1237,0,0,4,True,False,True,0.0,0.0
full_coverage_complete,1stcol4thboy,1238,0,0,4,True,False,True,0.0,0.0
full_coverage_complete,1stcol4thboy,1239,0,0,4,True,False,True,0.0,0.0
full_coverage_complete,1stcol4thboy,1240,0,0,5,True,False,True,0.0,0.0
full_coverage_complete,1stcol4thboy,1241,0,0,2,True,False,True,0.0,0.0
full_coverage_complete,1stcol4thboy,1242,0,0,2,True,False,True,0.0,0.0
full_coverage_complete,1stcol4thboy,1243,0,0,5,True,False,True,0.0,0.0
full_coverage_complete,1stcol4thboy,1244,0,0,5,True,False,True,0.0,0.0
full_coverage_complete,1stcol4thboy,1245,0,0,5,True,False,True,0.0,0.0
full_coverage_complete,1stcol4thboy,1246,0,0,4,True,False,True,0.0,0.0
full_coverage_complete,1stcol4thboy,1247,0,0,5,True,False,True,0.0,0.0
full_coverage_complete,1stcol4thboy,1248,0,0,4,True,False,True,0.0,0.0
full_coverage_complete,1stcol4thboy,1249,0,0,2,True,False,True,0.0,0.0
full_coverage_complete,1stcol4thboy,1250,0,0,5,True,False,True,0.0,0.0
full_coverage_complete,1stcol4thboy,1251,0,0,4,True,False,True,0.0,0.0
full_coverage_complete,1stcol4thboy,1252,0,0,4,True,False,True,0.0,0.0
full_coverage_complete,1stcol4thboy,1253,0,0,4,True,False,True,0.0,0.0
full_coverage_complete,1stcol4thboy,1254,0,0,4,True,False,True,0.0,0.0
full_coverage_complete,1stcol4thboy,1255,0,0,4,True,False,True,0.0,0.0
full_coverage_complete,1stcol4thboy,1256,0,0,4,True,False,True,0.0,0.0
full_coverage_complete,1stcol4thboy,1257,0,0,4,True,False,True,0.0,0.0
full_coverage_complete,1stcol4thboy,1258,0,0,4,True,False,True,0.0,0.0
full_coverage_complete,1stcol4thboy,1259,0,0,4,True,False,True,0.0,0.0
full_coverage_complete,1stcol4thboy,1260,0,0,2,True,False,True,0.0,0.0
full_coverage_complete,1stcol4thboy,1261,0,0,2,True,False,True,0.0,0.0
full_coverage_complete,1stcol4thboy,1262,0,0,2,True,False,True,0.0,0.0
full_coverage_complete,1stcol4thboy,1263,0,0,2,True,False,True,0.0,0.0
full_coverage_complete,1stcol4thboy,1264,0,0,2,True,False,True,0.0,0.0
full_coverage_complete,1stcol4thboy,1265,0,0,2,True,False,True,0.0,0.0
full_coverage_complete,1stcol4thboy,1266,0,0,2,True,False,True,0.0,0.0
full_coverage_complete,1stcol4thboy,1267,0,0,2,True,False,True,0.0,0.0
full_coverage_complete,1stcol4thboy,1268,0,0,5,True,False,True,0.0,0.0
full_coverage_complete,1stcol4thboy,1269,0,0,4,True,False,True,0.0,0.0
full_coverage_complete,1stcol4thboy,1270,0,0,5,True,False,True,0.0,0.0
full_coverage_complete,1stcol4thboy,1271,0,0,4,True,False,True,0.0,0.0
full_coverage_complete,1stcol4thboy,1272,0,0,5,True,False,True,0.0,0.0
full_coverage_complete,1stcol4thboy,1273,0,0,2,True,False,True,0.0,0.0
full_coverage_complete,1stcol4thboy,1274,0,0,2,True,False,True,0.0,0.0
full_coverage_complete,1stcol4thboy,1275,0,0,2,True,False,True,0.0,0.0
full_coverage_complete,1stcol4thboy,1276,0,0,5,True,False,True,0.0,0.0
full_coverage_complete,1stcol4thboy,1277,0,0,2,True,False,True,0.0,0.0
full_coverage_complete,1stcol4thboy,1278,0,0,2,True,False,True,0.0,0.0
full_coverage_complete,1stcol4thboy,1279,0,0,2,True,False,True,0.0,0.0
full_coverage_complete,1stcol4thboy,1280,0,0,2,True,False,True,0.0,0.0
full_coverage_complete,1stcol4thboy,1281,0,0,2,True,False,True,0.0,0.0
full_coverage_complete,1stcol4thboy,1282,0,0,5,True,False,True,0.0,0.0
full_coverage_complete,1stcol4thboy,1283,0,0,5,True,False,True,0.0,0.0
full_coverage_complete,1stcol4thboy,1284,0,0,4,True,False,True,0.0,0.0
full_coverage_complete,1stcol4thboy,1285,0,0,2,True,False,True,0.0,0.0
full_coverage_complete,1stcol4thboy,1286,0,0,4,True,False,True,0.0,0.0
full_coverage_complete,1stcol4thboy,1287,0,0,2,True,False,True,0.0,0.0
full_coverage_complete,1stcol4thboy,1288,0,0,5,True,False,True,0.0,0.0
full_coverage_complete,1stcol4thboy,1289,0,0,4,True,False,True,0.0,0.0
full_coverage_complete,1stcol4thboy,1290,0,0,2,True,False,True,0.0,0.0
full_coverage_complete,1stcol4thboy,1291,0,0,2,True,False,True,0.0,0.0
full_coverage_complete,1stcol4thboy,1292,0,0,2,True,False,True,0.0,0.0
full_coverage_complete,1stcol4thboy,1293,0,0,4,True,False,True,0.0,0.0
full_coverage_complete,1stcol4thboy,1294,0,0,4,True,False,True,0.0,0.0
full_coverage_complete,1stcol4thboy,1295,0,0,4,True,False,True,0.0,0.0
full_coverage_complete,1stcol4thboy,1296,0,0,2,True,False,True,0.0,0.0
full_coverage_complete,1stcol4thboy,1297,0,0,2,True,False,True,0.0,0.0
full_coverage_complete,1stcol4thboy,1298,0,0,2,True,False,True,0.0,0.0
full_coverage_complete,1stcol4thboy,1299,0,0,2,True,False,True,0.0,0.0
full_coverage_complete,1stcol4thboy,1300,0,0,2,True,False,True,0.0,0.0
full_coverage_complete,1stcol4thboy,1301,0,0,5,True,False,True,0.0,0.0
full_coverage_complete,1stcol4thboy,1302,0,0,4,True,False,True,0.0,0.0
full_coverage_complete,1stcol4thboy,1303,0,0,4,True,False,True,0.0,0.0
full_coverage_complete,1stcol4thboy,1304,0,0,4,True,False,True,0.0,0.0
full_coverage_complete,1stcol4thboy,1305,0,0,4,True,False,True,0.0,0.0
full_coverage_complete,1stcol4thboy,1306,4,3,4,True,False,True,0.0,0.6904587255592478
full_coverage_complete,1stcol4thboy,1307,0,0,5,True,False,True,0.6983970016083163,0.6983970016083163
full_coverage_complete,1stcol4thboy,1308,0,0,5,True,False,True,0.7247195290281226,0.7247195290281226
full_coverage_complete,1stcol4thboy,1309,0,0,5,True,False,True,0.6455176556242234,0.6455176556242234
full_coverage_complete,1stcol4thboy,1310,0,0,2,True,False,True,0.2518106881393735,0.2518106881393735
full_coverage_complete,1stcol4thboy,1311,0,0,4,True,False,True,0.11914011212157721,0.11914011212157721
full_coverage_complete,1stcol4thboy,1312,0,2,4,True,False,True,0.3956767831436937,0.0
full_coverage_complete,1stcol4thboy,1313,0,0,4,True,False,True,0.0,0.0
full_coverage_complete,1stcol4thboy,1314,0,0,2,True,False,True,0.0,0.0
full_coverage_complete,1stcol4thboy,1315,0,0,4,True,False,True,0.0,0.0
full_coverage_complete,1stcol4thboy,1316,0,0,4,True,False,True,0.0,0.0
full_coverage_complete,1stcol4thboy,1317,0,0,2,True,False,True,0.0,0.0
full_coverage_complete,1stcol4thboy,1318,0,0,2,True,False,True,0.0,0.0
full_coverage_complete,1stcol4thboy,1319,0,0,4,True,False,True,0.0,0.0
full_coverage_complete,1stcol4thboy,1320,0,0,2,True,False,True,0.0,0.0
full_coverage_complete,1stcol4thboy,1321,0,0,5,True,False,True,0.0,0.0
full_coverage_complete,1stcol4thboy,1322,0,0,2,True,False,True,0.0,0.0
full_coverage_complete,1stcol4thboy,1323,0,0,2,True,False,True,0.0,0.0
full_coverage_complete,1stcol4thboy,1324,0,0,2,True,False,True,0.0,0.0
full_coverage_complete,1stcol4thboy,1325,0,0,2,True,False,True,0.0,0.0
full_coverage_complete,1stcol4thboy,1326,0,0,2,True,False,True,0.0,0.0
full_coverage_complete,1stcol4thboy,1327,0,0,2,True,False,True,0.0,0.0
full_coverage_complete,1stcol4thboy,1328,0,0,2,True,False,True,0.0,0.0
full_coverage_complete,1stcol4thboy,1329,0,0,2,True,False,True,0.0,0.0
full_coverage_complete,1stcol4thboy,1330,0,0,2,True,False,True,0.0,0.0
full_coverage_complete,1stcol4thboy,1331,0,0,2,True,False,True,0.0,0.0
full_coverage_complete,1stcol4thboy,1332,0,0,5,True,False,True,0.0,0.0
full_coverage_complete,1stcol4thboy,1333,0,0,2,True,False,True,0.0,0.0
full_coverage_complete,1stcol4thboy,1334,0,0,2,True,False,True,0.0,0.0
full_coverage_complete,1stcol4thboy,1335,0,0,2,True,False,True,0.0,0.0
full_coverage_complete,1stcol4thboy,1336,0,0,2,True,False,True,0.0,0.0
full_coverage_complete,1stcol4thboy,1337,0,0,2,True,False,True,0.0,0.0
full_coverage_complete,1stcol4thboy,1338,0,0,5,True,False,True,0.0,0.0
full_coverage_complete,1stcol4thboy,1339,0,0,2,True,False,True,0.0,0.0
full_coverage_complete,1stcol4thboy,1340,0,0,2,True,False,True,0.0,0.0
full_coverage_complete,1stcol4thboy,1341,0,0,5,True,False,True,0.0,0.0
full_coverage_complete,1stcol4thboy,1342,0,0,2,True,False,True,0.0,0.0
full_coverage_complete,1stcol4thboy,1343,0,0,6,True,False,True,0.0,0.0
full_coverage_complete,1stcol4thboy,1344,0,0,5,True,False,True,0.0,0.0
full_coverage_complete,1stcol4thboy,1345,0,0,2,True,False,True,0.0,0.0
full_coverage_complete,1stcol4thboy,1346,0,0,2,True,False,True,0.0,0.0
full_coverage_complete,1stcol4thboy,1347,0,0,6,True,False,True,0.0,0.0
full_coverage_complete,1stcol4thboy,1348,0,0,2,True,False,True,0.0,0.0
full_coverage_complete,1stcol4thboy,1349,5,0,5,True,False,True,0.0,0.0
full_coverage_complete,1stcol4thboy,1350,0,0,4,True,False,True,0.0,0.0
full_coverage_complete,1stcol4thboy,1351,0,0,2,True,False,True,0.0,0.0
full_coverage_complete,1stcol4thboy,1352,5,0,5,True,False,True,0.0,0.0
full_coverage_complete,1stcol4thboy,1353,0,0,1,True,False,True,0.0,0.0
full_coverage_complete,1stcol4thboy,1354,0,0,2,True,False,True,0.0,0.0
full_coverage_complete,1stcol4thboy,1355,0,0,4,True,False,True,0.0,0.0
full_coverage_complete,1stcol4thboy,1356,0,0,2,True,False,True,0.0,0.0
full_coverage_complete,1stcol4thboy,1357,0,0,2,True,False,True,0.0,0.0
full_coverage_complete,1stcol4thboy,1358,0,0,4,True,False,True,0.0,0.0
full_coverage_complete,1stcol4thboy,1359,0,0,5,True,False,True,0.0,0.0
full_coverage_complete,1stcol4thboy,1360,0,0,2,True,False,True,0.0,0.0
full_coverage_complete,1stcol4thboy,1361,0,0,2,True,False,True,0.0,0.0
full_coverage_complete,1stcol4thboy,1362,0,0,2,True,False,True,0.0,0.0
full_coverage_complete,1stcol4thboy,1363,0,0,4,True,False,True,0.0,0.0
full_coverage_complete,1stcol4thboy,1364,0,0,2,True,False,True,0.0,0.0
full_coverage_complete,1stcol4thboy,1365,0,0,4,True,False,True,0.0,0.0
full_coverage_complete,1stcol4thboy,1366,0,0,5,True,False,True,0.0,0.0
full_coverage_complete,1stcol4thboy,1367,0,0,4,True,False,True,0.0,0.0
full_coverage_complete,1stcol4thboy,1368,0,0,1,True,False,True,0.0,0.0
full_coverage_complete,1stcol4thboy,1369,0,0,2,True,False,True,0.0,0.0
full_coverage_complete,1stcol4thboy,1370,0,0,2,True,False,True,0.0,0.0
full_coverage_complete,1stcol4thboy,1371,0,0,4,True,False,True,0.0,0.0
full_coverage_complete,1stcol4thboy,1372,0,0,4,True,False,True,0.0,0.0
full_coverage_complete,1stcol4thboy,1373,0,0,5,True,False,True,0.0,0.0
full_coverage_complete,1stcol4thboy,1374,5,0,5,True,False,True,0.0,0.0
full_coverage_complete,1stcol4thboy,1375,0,0,5,True,False,True,0.0,0.0
full_coverage_complete,1stcol4thboy,1376,0,0,2,True,False,True,0.0,0.0
full_coverage_complete,1stcol4thboy,1377,0,0,2,True,False,True,0.0,0.0
full_coverage_complete,1stcol4thboy,1378,0,0,2,True,False,True,0.0,0.0
full_coverage_complete,1stcol4thboy,1379,0,0,2,True,False,True,0.0,0.0
full_coverage_complete,1stcol4thboy,1380,0,0,2,True,False,True,0.0,0.0
full_coverage_complete,1stcol4thboy,1381,0,0,2,True,False,True,0.0,0.0
full_coverage_complete,1stcol4thboy,1382,0,0,2,True,False,True,0.0,0.0
full_coverage_complete,1stcol4thboy,1383,0,0,4,True,False,True,0.0,0.0
full_coverage_complete,1stcol4thboy,1384,0,0,2,True,False,True,0.0,0.0
full_coverage_complete,1stcol4thboy,1385,0,0,5,True,False,True,0.0,0.0
full_coverage_complete,1stcol4thboy,1386,0,0,2,True,False,True,0.0,0.0
full_coverage_complete,1stcol4thboy,1387,0,0,2,True,False,True,0.0,0.0
full_coverage_complete,1stcol4thboy,1388,0,0,4,True,False,True,0.0,0.0
full_coverage_complete,1stcol4thboy,1389,0,0,4,True,False,True,0.0,0.0
full_coverage_complete,1stcol4thboy,1390,0,1,4,True,False,True,0.0,0.0
full_coverage_complete,1stcol4thboy,1391,0,0,4,True,False,True,0.0,0.0
full_coverage_complete,1stcol4thboy,1392,0,0,4,True,False,True,0.0,0.0
full_coverage_complete,1stcol4thboy,1393,0,0,2,True,False,True,0.0,0.0
full_coverage_complete,1stcol4thboy,1394,0,0,5,True,False,True,0.0,0.0
full_coverage_complete,1stcol4thboy,1395,0,0,4,True,False,True,0.0,0.0
full_coverage_complete,1stcol4thboy,1396,0,0,5,True,False,True,0.0,0.0
full_coverage_complete,1stcol4thboy,1397,0,0,4,True,False,True,0.0,0.0
full_coverage_complete,1stcol4thboy,1398,0,0,2,True,False,True,0.0,0.0
full_coverage_complete,1stcol4thboy,1399,0,0,2,True,False,True,0.0,0.0
full_coverage_complete,1stcol4thboy,1400,0,0,2,True,False,True,0.0,0.0
full_coverage_complete,1stcol4thboy,1401,0,0,2,True,False,True,0.0,0.0
full_coverage_complete,1stcol4thboy,1402,0,0,2,True,False,True,0.0,0.0
full_coverage_complete,1stcol4thboy,1403,0,0,5,True,False,True,0.0,0.0
full_coverage_complete,1stcol4thboy,1404,0,0,4,True,False,True,0.0,0.0
full_coverage_complete,1stcol4thboy,1405,0,0,2,True,False,True,0.0,0.0
full_coverage_complete,1stcol4thboy,1406,0,0,4,True,False,True,0.0,0.0
full_coverage_complete,1stcol4thboy,1407,0,0,4,True,False,True,0.0,0.0
full_coverage_complete,1stcol4thboy,1408,0,0,5,True,False,True,0.0,0.0
full_coverage_complete,1stcol4thboy,1409,5,0,5,True,False,True,0.0,0.0
full_coverage_complete,1stcol4thboy,1410,0,0,4,True,False,True,0.0,0.0
full_coverage_complete,1stcol4thboy,1411,0,0,4,True,False,True,0.0,0.0
full_coverage_complete,1stcol4thboy,1412,0,0,4,True,False,True,0.0,0.0
full_coverage_complete,1stcol4thboy,1413,0,0,5,True,False,True,0.0,0.0
full_coverage_complete,1stcol4thboy,1414,0,0,2,True,False,True,0.0,0.0
full_coverage_complete,1stcol4thboy,1415,0,0,2,True,False,True,0.0,0.0
full_coverage_complete,1stcol4thboy,1416,0,0,4,True,False,True,0.0,0.0
full_coverage_complete,1stcol4thboy,1417,0,0,2,True,False,True,0.0,0.0
full_coverage_complete,1stcol4thboy,1418,0,0,4,True,False,True,0.0,0.0
full_coverage_complete,1stcol4thboy,1419,0,0,5,True,False,True,0.0,0.0
full_coverage_complete,1stcol4thboy,1420,0,0,4,True,False,True,0.0,0.0
full_coverage_complete,1stcol4thboy,1421,0,1,2,True,False,True,0.0,0.0
full_coverage_complete,1stcol4thboy,1422,0,0,4,True,False,True,0.0,0.0
full_coverage_complete,1stcol4thboy,1423,0,1,2,True,False,True,0.0,0.0
full_coverage_complete,1stcol4thboy,1424,0,0,5,True,False,True,0.0,0.0
full_coverage_complete,1stcol4thboy,1425,0,0,5,True,False,True,0.0,0.0
full_coverage_complete,1stcol4thboy,1426,0,0,4,True,False,True,0.0,0.0
full_coverage_complete,1stcol4thboy,1427,0,0,5,True,False,True,0.0,0.0
full_coverage_complete,1stcol4thboy,1428,0,0,4,True,False,True,0.0,0.0
full_coverage_complete,1stcol4thboy,1429,0,0,4,True,False,True,0.0,0.0
full_coverage_complete,1stcol4thboy,1430,0,0,4,True,False,True,0.0,0.0
full_coverage_complete,1stcol4thboy,1431,0,0,4,True,False,True,0.0,0.0
full_coverage_complete,1stcol4thboy,1432,0,0,4,True,False,True,0.0,0.0
full_coverage_complete,1stcol4thboy,1433,0,0,4,True,False,True,0.0,0.0
full_coverage_complete,1stcol4thboy,1434,0,0,4,True,False,True,0.0,0.0
full_coverage_complete,1stcol4thboy,1435,0,0,4,True,False,True,0.0,0.0
full_coverage_complete,1stcol4thboy,1436,0,0,4,True,False,True,0.0,0.0
full_coverage_complete,1stcol4thboy,1437,0,0,4,True,False,True,0.0,0.0
full_coverage_complete,1stcol4thboy,1438,0,0,4,True,False,True,0.0,0.0
full_coverage_complete,1stcol4thboy,1439,0,0,4,True,False,True,0.0,0.0
full_coverage_complete,1stcol4thboy,1440,0,0,4,True,False,True,0.0,0.0
full_coverage_complete,1stcol4thboy,1441,0,0,4,True,False,True,0.0,0.0
full_coverage_complete,1stcol4thboy,1442,0,0,4,True,False,True,0.0,0.0
full_coverage_complete,1stcol4thboy,1443,0,0,4,True,False,True,0.0,0.0
full_coverage_complete,1stcol4thboy,1444,0,3,4,True,False,True,0.0,0.0
full_coverage_complete,1stcol4thboy,1445,0,0,1,True,False,True,0.0,0.0
full_coverage_complete,1stcol4thboy,1446,0,0,2,True,False,True,0.0,0.0
full_coverage_complete,1stcol4thboy,1447,0,0,4,True,False,True,0.0,0.0
full_coverage_complete,1stcol4thboy,1448,0,0,4,True,False,True,0.0,0.0
full_coverage_complete,1stcol4thboy,1449,0,0,4,True,False,True,0.0,0.0
full_coverage_complete,1stcol4thboy,1450,0,1,2,True,False,True,0.0,0.0
full_coverage_complete,1stcol4thboy,1451,0,0,5,True,False,True,0.0,0.0
full_coverage_complete,1stcol4thboy,1452,0,0,5,True,False,True,0.0,0.0
full_coverage_complete,1stcol4thboy,1453,0,0,5,True,False,True,0.0,0.0
full_coverage_complete,1stcol4thboy,1454,0,0,5,True,False,True,0.0,0.0
full_coverage_complete,1stcol4thboy,1455,0,0,2,True,False,True,0.0,0.0
full_coverage_complete,1stcol4thboy,1456,0,1,2,True,False,True,0.0,0.0
full_coverage_complete,1stcol4thboy,1457,0,0,1,True,False,True,0.0,0.0
full_coverage_complete,1stcol4thboy,1458,0,0,2,True,False,True,0.0,0.0
full_coverage_complete,1stcol4thboy,1459,0,0,4,True,False,True,0.0,0.0
full_coverage_complete,1stcol4thboy,1460,0,0,4,True,False,True,0.0,0.0
full_coverage_complete,1stcol4thboy,1461,0,0,2,True,False,True,0.0,0.0
full_coverage_complete,1stcol4thboy,1462,0,0,4,True,False,True,0.0,0.0
full_coverage_complete,1stcol4thboy,1463,0,0,4,True,False,True,0.0,0.0
full_coverage_complete,1stcol4thboy,1464,0,0,2,True,False,True,0.0,0.0
full_coverage_complete,1stcol4thboy,1465,0,0,2,True,False,True,0.0,0.0
full_coverage_complete,1stcol4thboy,1466,0,0,4,True,False,True,0.0,0.0
full_coverage_complete,1stcol4thboy,1467,0,0,2,True,False,True,0.0,0.0
full_coverage_complete,1stcol4thboy,1468,0,0,2,True,False,True,0.0,0.0
full_coverage_complete,1stcol4thboy,1469,0,0,2,True,False,True,0.0,0.0
full_coverage_complete,1stcol4thboy,1470,0,0,4,True,False,True,0.0,0.0
full_coverage_complete,1stcol4thboy,1471,0,0,2,True,False,True,0.0,0.0
full_coverage_complete,1stcol4thboy,1472,0,1,2,True,False,True,0.0,0.0
full_coverage_complete,1stcol4thboy,1473,0,0,5,True,False,True,0.0,0.0
full_coverage_complete,1stcol4thboy,1474,0,0,4,True,False,True,0.0,0.0
full_coverage_complete,1stcol4thboy,1475,0,1,2,True,False,True,0.0,0.0
full_coverage_complete,1stcol4thboy,1476,0,0,4,True,False,True,0.0,0.0
full_coverage_complete,1stcol4thboy,1477,0,0,4,True,False,True,0.0,0.0
full_coverage_complete,1stcol4thboy,1478,0,0,4,True,False,True,0.0,0.0
full_coverage_complete,1stcol4thboy,1479,0,0,4,True,False,True,0.0,0.0
full_coverage_complete,1stcol4thboy,1480,0,0,4,True,False,True,0.0,0.0
full_coverage_complete,1stcol4thboy,1481,0,0,2,True,False,True,0.0,0.0
full_coverage_complete,1stcol4thboy,1482,0,0,2,True,False,True,0.0,0.0
full_coverage_complete,1stcol4thboy,1483,0,0,2,True,False,True,0.0,0.0
full_coverage_complete,1stcol4thboy,1484,0,0,2,True,False,True,0.0,0.0
full_coverage_complete,1stcol4thboy,1485,0,0,2,True,False,True,0.0,0.0
full_coverage_complete,1stcol4thboy,1486,0,0,2,True,False,True,0.0,0.0
full_coverage_complete,1stcol4thboy,1487,0,0,2,True,False,True,0.0,0.0
full_coverage_complete,1stcol4thboy,1488,0,0,4,True,False,True,0.0,0.0
full_coverage_complete,1stcol4thboy,1489,0,0,4,True,False,True,0.0,0.0
full_coverage_complete,1stcol4thboy,1490,0,0,2,True,False,True,0.0,0.0
full_coverage_complete,1stcol4thboy,1491,0,0,4,True,False,True,0.0,0.0
full_coverage_complete,1stcol4thboy,1492,0,0,2,True,False,True,0.0,0.0
full_coverage_complete,1stcol4thboy,1493,0,0,4,True,False,True,0.0,0.0
full_coverage_complete,1stcol4thboy,1494,0,0,2,True,False,True,0.0,0.0
full_coverage_complete,1stcol4thboy,1495,0,0,2,True,False,True,0.0,0.0
full_coverage_complete,1stcol4thboy,1496,0,0,2,True,False,True,0.0,0.0
full_coverage_complete,1stcol4thboy,1497,0,0,4,True,False,True,0.0,0.0
full_coverage_complete,1stcol4thboy,1498,0,0,2,True,False,True,0.0,0.0
full_coverage_complete,1stcol4thboy,1499,0,0,2,True,False,True,0.0,0.0
full_coverage_complete,1stcol4thboy,1500,0,0,2,True,False,True,0.0,0.0
full_coverage_complete,1stcol4thboy,1501,0,0,4,True,False,True,0.0,0.0
full_coverage_complete,1stcol4thboy,1502,0,0,4,True,False,True,0.0,0.0
full_coverage_complete,1stcol4thboy,1503,0,0,2,True,False,True,0.0,0.0
full_coverage_complete,1stcol4thboy,1504,0,0,4,True,False,True,0.0,0.0
full_coverage_complete,1stcol4thboy,1505,0,0,4,True,False,True,0.0,0.0
full_coverage_complete,1stcol4thboy,1506,0,0,2,True,False,True,0.0,0.0
full_coverage_complete,1stcol4thboy,1507,0,0,2,True,False,True,0.0,0.0
full_coverage_complete,1stcol4thboy,1508,4,2,4,True,False,True,0.0,0.0
full_coverage_complete,1stcol4thboy,1509,0,0,4,True,False,True,0.0,0.0
full_coverage_complete,1stcol4thboy,1510,0,0,2,True,False,True,0.0,0.0
full_coverage_complete,1stcol4thboy,1511,0,0,4,True,False,True,0.0,0.0
full_coverage_complete,1stcol4thboy,1512,0,0,2,True,False,True,0.0,0.0
full_coverage_complete,1stcol4thboy,1513,0,0,4,True,False,True,0.0,0.0
full_coverage_complete,1stcol4thboy,1514,0,0,4,True,False,True,0.0,0.0
full_coverage_complete,1stcol4thboy,1515,0,0,5,True,False,True,0.0,0.0
full_coverage_complete,1stcol4thboy,1516,0,0,2,True,False,True,0.0,0.0
full_coverage_complete,1stcol4thboy,1517,0,0,4,True,False,True,0.0,0.0
full_coverage_complete,1stcol4thboy,1518,4,0,4,True,False,True,0.0,0.0
full_coverage_complete,1stcol4thboy,1519,0,0,5,True,False,True,0.0,0.0
full_coverage_complete,1stcol4thboy,1520,0,0,4,True,False,True,0.0,0.0
full_coverage_complete,1stcol4thboy,1521,0,0,4,True,False,True,0.0,0.0
full_coverage_complete,1stcol4thboy,1522,0,0,4,True,False,True,0.0,0.0
full_coverage_complete,1stcol4thboy,1523,0,0,4,True,False,True,0.0,0.0
full_coverage_complete,1stcol4thboy,1524,0,0,4,True,False,True,0.0,0.0
full_coverage_complete,1stcol4thboy,1525,0,0,4,True,False,True,0.0,0.0
full_coverage_complete,1stcol4thboy,1526,0,0,4,True,False,True,0.0,0.0
full_coverage_complete,1stcol4thboy,1527,0,0,4,True,False,True,0.0,0.0
full_coverage_complete,1stcol4thboy,1528,0,0,4,True,False,True,0.0,0.0
full_coverage_complete,1stcol4thboy,1529,0,0,4,True,False,True,0.0,0.0
full_coverage_complete,1stcol4thboy,1530,0,0,4,True,False,True,0.0,0.0
full_coverage_complete,1stcol4thboy,1531,0,0,4,True,False,True,0.0,0.0
full_coverage_complete,1stcol4thboy,1532,0,0,4,True,False,True,0.0,0.0
full_coverage_complete,1stcol4thboy,1533,0,0,4,True,False,True,0.0,0.0
full_coverage_complete,1stcol4thboy,1534,0,1,4,True,False,True,0.0,0.0
full_coverage_complete,1stcol4thboy,1535,0,0,4,True,False,True,0.0,0.0
full_coverage_complete,1stcol4thboy,1536,0,0,4,True,False,True,0.0,0.0
full_coverage_complete,1stcol4thboy,1537,0,0,4,True,False,True,0.0,0.0
full_coverage_complete,1stcol4thboy,1538,0,0,4,True,False,True,0.0,0.0
full_coverage_complete,1stcol4thboy,1539,0,0,4,True,False,True,0.0,0.0
full_coverage_complete,1stcol4thboy,1540,0,0,4,True,False,True,0.0,0.0
full_coverage_complete,1stcol4thboy,1541,0,0,4,True,False,True,0.0,0.0
full_coverage_complete,1stcol4thboy,1542,0,0,4,True,False,True,0.0,0.0
full_coverage_complete,1stcol4thboy,1543,0,0,2,True,False,True,0.0,0.0
full_coverage_complete,1stcol4thboy,1544,0,0,2,True,False,True,0.0,0.0
full_coverage_complete,1stcol4thboy,1545,0,0,2,True,False,True,0.0,0.0
full_coverage_complete,1stcol4thboy,1546,0,0,4,True,False,True,0.0,0.0
full_coverage_complete,1stcol4thboy,1547,0,0,2,True,False,True,0.0,0.0
full_coverage_complete,1stcol4thboy,1548,0,0,2,True,False,True,0.0,0.0
full_coverage_complete,1stcol4thboy,1549,0,0,2,True,False,True,0.0,0.0
full_coverage_complete,1stcol4thboy,1550,0,0,2,True,False,True,0.0,0.0
full_coverage_complete,1stcol4thboy,1551,0,0,4,True,False,True,0.0,0.0
full_coverage_complete,1stcol4thboy,1552,0,0,2,True,False,True,0.0,0.0
full_coverage_complete,1stcol4thboy,1553,0,0,4,True,False,True,0.0,0.0
full_coverage_complete,1stcol4thboy,1554,0,0,4,True,False,True,0.0,0.0
full_coverage_complete,1stcol4thboy,1555,0,0,2,True,False,True,0.0,0.0
full_coverage_complete,1stcol4thboy,1556,0,0,4,True,False,True,0.0,0.0
full_coverage_complete,1stcol4thboy,1557,0,0,4,True,False,True,0.0,0.0
full_coverage_complete,1stcol4thboy,1558,0,0,2,True,False,True,0.0,0.0
full_coverage_complete,1stcol4thboy,1559,0,0,2,True,False,True,0.0,0.0
full_coverage_complete,1stcol4thboy,1560,0,0,2,True,False,True,0.0,0.0
full_coverage_complete,1stcol4thboy,1561,0,0,2,True,False,True,0.0,0.0
full_coverage_complete,1stcol4thboy,1562,0,0,4,True,False,True,0.0,0.0
full_coverage_complete,1stcol4thboy,1563,0,0,2,True,False,True,0.0,0.0
full_coverage_complete,1stcol4thboy,1564,0,0,2,True,False,True,0.0,0.0
full_coverage_complete,1stcol4thboy,1565,0,0,4,True,False,True,0.0,0.0
full_coverage_complete,1stcol4thboy,1566,0,0,2,True,False,True,0.0,0.0
full_coverage_complete,1stcol4thboy,1567,0,0,2,True,False,True,0.0,0.0
full_coverage_complete,1stcol4thboy,1568,0,0,2,True,False,True,0.0,0.0
full_coverage_complete,1stcol4thboy,1569,0,0,4,True,False,True,0.0,0.0
full_coverage_complete,1stcol4thboy,1570,0,0,2,True,False,True,0.0,0.0
full_coverage_complete,1stcol4thboy,1571,0,0,2,True,False,True,0.0,0.0
full_coverage_complete,1stcol4thboy,1573,0,0,2,True,False,True,0.0,0.0
full_coverage_complete,1stcol4thboy,1574,0,0,2,True,False,True,0.0,0.0
full_coverage_complete,1stcol4thboy,1575,0,0,2,True,False,True,0.0,0.0
full_coverage_complete,1stcol4thboy,1576,0,0,2,True,False,True,0.0,0.0
full_coverage_complete,1stcol4thboy,1577,0,0,2,True,False,True,0.0,0.0
full_coverage_complete,1stcol4thboy,1578,0,0,2,True,False,True,0.0,0.0
full_coverage_complete,1stcol4thboy,1579,0,0,2,True,False,True,0.0,0.0
full_coverage_complete,1stcol4thboy,1580,0,0,2,True,False,True,0.0,0.0
full_coverage_complete,1stcol4thboy,1581,0,0,2,True,False,True,0.0,0.0
full_coverage_complete,1stcol4thboy,1582,0,0,2,True,False,True,0.0,0.0
full_coverage_complete,1stcol4thboy,1583,0,1,4,True,False,True,0.0,0.0
full_coverage_complete,1stcol4thboy,1584,0,0,4,True,False,True,0.0,0.0
full_coverage_complete,1stcol4thboy,1585,0,0,4,True,False,True,0.0,0.0
full_coverage_complete,1stcol4thboy,1586,0,0,4,True,False,True,0.0,0.0
full_coverage_complete,1stcol4thboy,1587,0,0,2,True,False,True,0.0,0.0
full_coverage_complete,1stcol4thboy,1588,0,0,4,True,False,True,0.0,0.0
full_coverage_complete,1stcol4thboy,1589,0,0,2,True,False,True,0.0,0.0
full_coverage_complete,1stcol4thboy,1590,0,0,2,True,False,True,0.0,0.0
full_coverage_complete,1stcol4thboy,1591,0,0,2,True,False,True,0.0,0.0
full_coverage_complete,1stcol4thboy,1592,0,0,2,True,False,True,0.0,0.0
full_coverage_complete,1stcol4thboy,1593,0,0,4,True,False,True,0.0,0.0
full_coverage_complete,1stcol4thboy,1594,0,0,2,True,False,True,0.0,0.0
full_coverage_complete,1stcol4thboy,1595,0,0,4,True,False,True,0.0,0.0
full_coverage_complete,1stcol4thboy,1596,0,0,4,True,False,True,0.0,0.0
full_coverage_complete,1stcol4thboy,1597,0,0,4,True,False,True,0.0,0.0
full_coverage_complete,1stcol4thboy,1598,0,0,4,True,False,True,0.0,0.0
full_coverage_complete,1stcol4thboy,1599,0,0,2,True,False,True,0.0,0.0
full_coverage_complete,1stcol4thboy,1600,0,0,4,True,False,True,0.0,0.0
full_coverage_complete,1stcol4thboy,1601,0,0,4,True,False,True,0.0,0.0
full_coverage_complete,1stcol4thboy,1602,0,0,4,True,False,True,0.0,0.0
full_coverage_complete,1stcol4thboy,1603,0,0,4,True,False,True,0.0,0.0
full_coverage_complete,1stcol4thboy,1604,0,0,2,True,False,True,0.0,0.0
full_coverage_complete,1stcol4thboy,1605,0,0,2,True,False,True,0.0,0.0
full_coverage_complete,1stcol4thboy,1606,0,0,2,True,False,True,0.0,0.0
full_coverage_complete,1stcol4thboy,1607,0,0,2,True,False,True,0.0,0.0
full_coverage_complete,1stcol4thboy,1608,4,0,4,True,False,True,0.0,0.0
full_coverage_complete,1stcol4thboy,1609,0,0,5,True,False,True,0.0,0.0
full_coverage_complete,1stcol4thboy,1610,0,0,5,True,False,True,0.0,0.0
full_coverage_complete,1stcol4thboy,1611,0,0,4,True,False,True,0.0,0.0
full_coverage_complete,1stcol4thboy,1612,0,0,4,True,False,True,0.0,0.0
full_coverage_complete,1stcol4thboy,1613,0,0,4,True,False,True,0.0,0.0
full_coverage_complete,1stcol4thboy,1614,0,0,4,True,False,True,0.0,0.0
full_coverage_complete,1stcol4thboy,1615,0,0,1,True,False,True,0.0,0.0
full_coverage_complete,1stcol4thboy,1616,0,0,4,True,False,True,0.0,0.0
full_coverage_complete,1stcol4thboy,1617,0,0,4,True,False,True,0.0,0.0
full_coverage_complete,1stcol4thboy,1618,0,0,4,True,False,True,0.0,0.0
full_coverage_complete,1stcol4thboy,1619,0,1,2,True,False,True,0.0,0.0
full_coverage_complete,1stcol4thboy,1620,0,0,2,True,False,True,0.0,0.0
full_coverage_complete,1stcol4thboy,1621,0,0,4,True,False,True,0.0,0.0
full_coverage_complete,1stcol4thboy,1622,0,0,4,True,False,True,0.0,0.0
full_coverage_complete,1stcol4thboy,1623,0,0,4,True,False,True,0.0,0.0
full_coverage_complete,1stcol4thboy,1624,0,0,4,True,False,True,0.0,0.0
full_coverage_complete,1stcol4thboy,1625,0,0,4,True,False,True,0.0,0.0
full_coverage_complete,1stcol4thboy,1626,0,0,4,True,False,True,0.0,0.0
full_coverage_complete,1stcol4thboy,1627,0,0,2,True,False,True,0.0,0.0
full_coverage_complete,1stcol4thboy,1628,0,0,2,True,False,True,0.0,0.0
full_coverage_complete,1stcol4thboy,1629,0,0,4,True,False,True,0.0,0.0
full_coverage_complete,1stcol4thboy,1630,0,0,2,True,False,True,0.0,0.0
full_coverage_complete,1stcol4thboy,1631,0,0,2,True,False,True,0.0,0.0
full_coverage_complete,1stcol4thboy,1632,0,0,2,True,False,True,0.0,0.0
full_coverage_complete,1stcol4thboy,1633,0,0,2,True,False,True,0.0,0.0
full_coverage_complete,1stcol4thboy,1634,0,0,4,True,False,True,0.0,0.0
full_coverage_complete,1stcol4thboy,1635,0,0,4,True,False,True,0.0,0.0
full_coverage_complete,1stcol4thboy,1636,0,0,4,True,False,True,0.0,0.0
full_coverage_complete,1stcol4thboy,1637,0,0,4,True,False,True,0.0,0.0
full_coverage_complete,1stcol4thboy,1638,0,0,2,True,False,True,0.0,0.0
full_coverage_complete,1stcol4thboy,1639,0,0,4,True,False,True,0.0,0.0
full_coverage_complete,1stcol4thboy,1640,0,0,2,True,False,True,0.0,0.0
full_coverage_complete,1stcol4thboy,1641,0,0,4,True,False,True,0.0,0.0
full_coverage_complete,1stcol4thboy,1642,0,0,4,True,False,True,0.0,0.0
full_coverage_complete,1stcol4thboy,1643,0,0,5,True,False,True,0.0,0.0
full_coverage_complete,1stcol4thboy,1644,0,0,4,True,False,True,0.0,0.0
full_coverage_complete,1stcol4thboy,1645,0,0,4,True,False,True,0.0,0.0
full_coverage_complete,1stcol4thboy,1646,0,0,4,True,False,True,0.0,0.0
full_coverage_complete,1stcol4thboy,1647,0,0,4,True,False,True,0.0,0.0
full_coverage_complete,1stcol4thboy,1648,0,0,4,True,False,True,0.0,0.0
full_coverage_complete,1stcol4thboy,1649,0,0,4,True,False,True,0.0,0.0
full_coverage_complete,1stcol4thboy,1650,0,0,4,True,False,True,0.0,0.0
full_coverage_complete,1stcol4thboy,1651,0,0,2,True,False,True,0.0,0.0
full_coverage_complete,1stcol4thboy,1652,0,0,5,True,False,True,0.0,0.0
full_coverage_complete,1stcol4thboy,1653,0,0,4,True,False,True,0.0,0.0
full_coverage_complete,1stcol4thboy,1654,0,0,4,True,False,True,0.0,0.0
full_coverage_complete,1stcol4thboy,1655,0,0,4,True,False,True,0.0,0.0
full_coverage_complete,1stcol4thboy,1656,0,0,2,True,False,True,0.0,0.0
full_coverage_complete,1stcol4thboy,1657,0,0,4,True,False,True,0.0,0.0
full_coverage_complete,1stcol4thboy,1658,0,0,4,True,False,True,0.0,0.0
full_coverage_complete,1stcol4thboy,1659,0,0,2,True,False,True,0.0,0.0
full_coverage_complete,1stcol4thboy,1660,0,0,4,True,False,True,0.0,0.0
full_coverage_complete,1stcol4thboy,1661,0,0,4,True,False,True,0.0,0.0
full_coverage_complete,1stcol4thboy,1662,0,0,4,True,False,True,0.0,0.0
full_coverage_complete,1stcol4thboy,1663,0,0,4,True,False,True,0.0,0.0
full_coverage_complete,1stcol4thboy,1664,0,0,4,True,False,True,0.0,0.0
full_coverage_complete,1stcol4thboy,1665,0,0,2,True,False,True,0.0,0.0
full_coverage_complete,1stcol4thboy,1666,0,0,4,True,False,True,0.0,0.0
full_coverage_complete,1stcol4thboy,1667,0,0,4,True,False,True,0.0,0.0
full_coverage_complete,1stcol4thboy,1668,0,0,2,True,False,True,0.0,0.0
full_coverage_complete,1stcol4thboy,1669,0,0,4,True,False,True,0.0,0.0
full_coverage_complete,1stcol4thboy,1670,0,0,2,True,False,True,0.0,0.0
full_coverage_complete,1stcol4thboy,1671,0,0,4,True,False,True,0.0,0.0
full_coverage_complete,1stcol4thboy,1672,0,0,4,True,False,True,0.0,0.0
full_coverage_complete,1stcol4thboy,1673,0,0,4,True,False,True,0.0,0.0
full_coverage_complete,1stcol4thboy,1674,0,0,4,True,False,True,0.0,0.0
full_coverage_complete,1stcol4thboy,1675,0,0,2,True,False,True,0.0,0.0
full_coverage_complete,1stcol4thboy,1676,0,0,4,True,False,True,0.0,0.0
full_coverage_complete,1stcol4thboy,1677,0,0,4,True,False,True,0.0,0.0
full_coverage_complete,1stcol4thboy,1678,0,0,2,True,False,True,0.0,0.0
full_coverage_complete,1stcol4thboy,1679,0,0,4,True,False,True,0.0,0.0
full_coverage_complete,1stcol4thboy,1680,0,0,4,True,False,True,0.0,0.0
full_coverage_complete,1stcol4thboy,1681,0,0,4,True,False,True,0.0,0.0
full_coverage_complete,1stcol4thboy,1682,0,0,4,True,False,True,0.0,0.0
full_coverage_complete,1stcol4thboy,1683,0,0,5,True,False,True,0.0,0.0
full_coverage_complete,1stcol4thboy,1684,0,0,2,True,False,True,0.0,0.0
full_coverage_complete,1stcol4thboy,1685,0,0,2,True,False,True,0.0,0.0
full_coverage_complete,1stcol4thboy,1686,0,0,2,True,False,True,0.0,0.0
full_coverage_complete,1stcol4thboy,1687,0,0,4,True,False,True,0.0,0.0
full_coverage_complete,1stcol4thboy,1688,0,0,4,True,False,True,0.0,0.0
full_coverage_complete,1stcol4thboy,1689,0,0,4,True,False,True,0.0,0.0
full_coverage_complete,1stcol4thboy,1690,0,0,4,True,False,True,0.0,0.0
full_coverage_complete,1stcol4thboy,1691,0,0,4,True,False,True,0.0,0.0
full_coverage_complete,1stcol4thboy,1692,0,0,4,True,False,True,0.0,0.0
full_coverage_complete,1stcol4thboy,1693,0,0,2,True,False,True,0.0,0.0
full_coverage_complete,1stcol4thboy,1694,0,0,4,True,False,True,0.0,0.0
full_coverage_complete,1stcol4thboy,1695,0,0,2,True,False,True,0.0,0.0
full_coverage_complete,1stcol4thboy,1696,0,0,2,True,False,True,0.0,0.0
full_coverage_complete,1stcol4thboy,1697,0,0,4,True,False,True,0.0,0.0
full_coverage_complete,1stcol4thboy,1698,0,0,4,True,False,True,0.0,0.0
full_coverage_complete,1stcol4thboy,1699,0,0,4,True,False,True,0.0,0.0
full_coverage_complete,1stcol4thboy,1700,0,0,4,True,False,True,0.0,0.0
full_coverage_complete,1stcol4thboy,1701,0,0,4,True,False,True,0.0,0.0
full_coverage_complete,1stcol4thboy,1702,0,0,4,True,False,True,0.0,0.0
full_coverage_complete,1stcol4thboy,1703,0,0,4,True,False,True,0.0,0.0
full_coverage_complete,1stcol4thboy,1704,0,0,2,True,False,True,0.0,0.0
full_coverage_complete,1stcol4thboy,1705,0,0,2,True,False,True,0.0,0.0
full_coverage_complete,1stcol4thboy,1706,0,0,4,True,False,True,0.0,0.0
full_coverage_complete,1stcol4thboy,1707,0,0,4,True,False,True,0.0,0.0
full_coverage_complete,1stcol4thboy,1708,0,0,4,True,False,True,0.0,0.0
full_coverage_complete,1stcol4thboy,1709,0,0,4,True,False,True,0.0,0.0
full_coverage_complete,1stcol4thboy,1710,0,0,2,True,False,True,0.0,0.0
full_coverage_complete,1stcol4thboy,1711,0,0,4,True,False,True,0.0,0.0
full_coverage_complete,1stcol4thboy,1712,0,0,2,True,False,True,0.0,0.0
full_coverage_complete,1stcol4thboy,1713,0,0,4,True,False,True,0.0,0.0
full_coverage_complete,1stcol4thboy,1714,0,0,2,True,False,True,0.0,0.0
full_coverage_complete,1stcol4thboy,1715,0,0,4,True,False,True,0.0,0.0
full_coverage_complete,1stcol4thboy,1716,0,0,2,True,False,True,0.0,0.0
full_coverage_complete,1stcol4thboy,1717,0,0,4,True,False,True,0.0,0.0
full_coverage_complete,1stcol4thboy,1718,0,0,2,True,False,True,0.0,0.0
full_coverage_complete,1stcol4thboy,1719,0,0,2,True,False,True,0.0,0.0
full_coverage_complete,1stcol4thboy,1720,0,0,2,True,False,True,0.0,0.0
full_coverage_complete,1stcol4thboy,1721,0,0,4,True,False,True,0.0,0.0
full_coverage_complete,1stcol4thboy,1722,0,0,4,True,False,True,0.0,0.0
full_coverage_complete,1stcol4thboy,1723,0,0,4,True,False,True,0.0,0.0
full_coverage_complete,1stcol4thboy,1724,0,0,4,True,False,True,0.0,0.0
full_coverage_complete,1stcol4thboy,1725,0,0,2,True,False,True,0.0,0.0
full_coverage_complete,1stcol4thboy,1726,0,0,4,True,False,True,0.0,0.0
full_coverage_complete,1stcol4thboy,1727,0,0,4,True,False,True,0.0,0.0
full_coverage_complete,1stcol4thboy,1728,0,0,4,True,False,True,0.0,0.0
full_coverage_complete,1stcol4thboy,1729,0,0,4,True,False,True,0.0,0.0
full_coverage_complete,1stcol4thboy,1730,0,0,4,True,False,True,0.0,0.0
full_coverage_complete,1stcol4thboy,1731,0,0,4,True,False,True,0.0,0.0
full_coverage_complete,1stcol4thboy,1732,0,0,4,True,False,True,0.0,0.0
full_coverage_complete,1stcol4thboy,1733,0,0,4,True,False,True,0.0,0.0
full_coverage_complete,1stcol4thboy,1734,0,0,4,True,False,True,0.0,0.0
full_coverage_complete,1stcol4thboy,1735,0,0,4,True,False,True,0.0,0.0
full_coverage_complete,1stcol4thboy,1736,0,0,2,True,False,True,0.0,0.0
full_coverage_complete,1stcol4thboy,1737,0,0,4,True,False,True,0.0,0.0
full_coverage_complete,1stcol4thboy,1738,0,0,4,True,False,True,0.0,0.0
full_coverage_complete,1stcol4thboy,1739,0,0,4,True,False,True,0.0,0.0
full_coverage_complete,1stcol4thboy,1740,0,0,4,True,False,True,0.0,0.0
full_coverage_complete,1stcol4thboy,1741,0,0,4,True,False,True,0.0,0.0
full_coverage_complete,1stcol4thboy,1742,0,0,4,True,False,True,0.0,0.0
full_coverage_complete,1stcol4thboy,1743,0,0,2,True,False,True,0.0,0.0
full_coverage_complete,1stcol4thboy,1744,0,0,2,True,False,True,0.0,0.0
full_coverage_complete,1stcol4thboy,1745,0,0,2,True,False,True,0.0,0.0
full_coverage_complete,1stcol4thboy,1746,0,0,2,True,False,True,0.0,0.0
full_coverage_complete,1stcol4thboy,1747,0,0,2,True,False,True,0.0,0.0
full_coverage_complete,1stcol4thboy,1748,0,0,4,True,False,True,0.0,0.0
full_coverage_complete,1stcol4thboy,1749,0,0,4,True,False,True,0.0,0.0
full_coverage_complete,1stcol4thboy,1750,0,0,2,True,False,True,0.0,0.0
full_coverage_complete,1stcol4thboy,1751,0,0,4,True,False,True,0.0,0.0
full_coverage_complete,1stcol4thboy,1752,0,0,2,True,False,True,0.0,0.0
full_coverage_complete,1stcol4thboy,1753,0,0,4,True,False,True,0.0,0.0
full_coverage_complete,1stcol4thboy,1754,0,0,4,True,False,True,0.0,0.0
full_coverage_complete,1stcol4thboy,1755,0,0,4,True,False,True,0.0,0.0
full_coverage_complete,1stcol4thboy,1756,0,0,4,True,False,True,0.0,0.0
full_coverage_complete,1stcol4thboy,1757,0,0,4,True,False,True,0.0,0.0
full_coverage_complete,1stcol4thboy,1758,0,0,4,True,False,True,0.0,0.0
full_coverage_complete,1stcol4thboy,1759,0,0,4,True,False,True,0.0,0.0
full_coverage_complete,1stcol4thboy,1760,0,0,5,True,False,True,0.0,0.0
full_coverage_complete,1stcol4thboy,1761,0,0,4,True,False,True,0.0,0.0
full_coverage_complete,1stcol4thboy,1762,0,0,4,True,False,True,0.0,0.0
full_coverage_complete,1stcol4thboy,1763,0,0,2,True,False,True,0.0,0.0
full_coverage_complete,1stcol4thboy,1764,0,0,5,True,False,True,0.0,0.0
full_coverage_complete,1stcol4thboy,1765,0,0,2,True,False,True,0.0,0.0
full_coverage_complete,1stcol4thboy,1766,0,0,2,True,False,True,0.0,0.0
full_coverage_complete,1stcol4thboy,1767,0,0,2,True,False,True,0.0,0.0
full_coverage_complete,1stcol4thboy,1768,0,0,2,True,False,True,0.0,0.0
full_coverage_complete,1stcol4thboy,1769,0,0,4,True,False,True,0.0,0.0
full_coverage_complete,1stcol4thboy,1770,4,0,4,True,False,True,0.0,0.0
full_coverage_complete,1stcol4thboy,1771,0,0,5,True,False,True,0.0,0.0
full_coverage_complete,1stcol4thboy,1772,0,0,4,True,False,True,0.0,0.0
full_coverage_complete,1stcol4thboy,1773,0,0,2,True,False,True,0.0,0.0
full_coverage_complete,1stcol4thboy,1774,0,0,4,True,False,True,0.0,0.0
full_coverage_complete,1stcol4thboy,1775,0,0,2,True,False,True,0.0,0.0
full_coverage_complete,1stcol4thboy,1776,0,0,4,True,False,True,0.0,0.0
full_coverage_complete,1stcol4thboy,1777,0,0,4,True,False,True,0.0,0.0
full_coverage_complete,1stcol4thboy,1778,0,0,4,True,False,True,0.0,0.0
full_coverage_complete,1stcol4thboy,1779,0,0,4,True,False,True,0.0,0.0
full_coverage_complete,1stcol4thboy,1780,0,0,5,True,False,True,0.0,0.0
full_coverage_complete,1stcol4thboy,1781,0,0,4,True,False,True,0.0,0.0
full_coverage_complete,1stcol4thboy,1782,0,0,4,True,False,True,0.0,0.0
full_coverage_complete,1stcol4thboy,1783,0,0,4,True,False,True,0.0,0.0
full_coverage_complete,1stcol4thboy,1784,0,0,4,True,False,True,0.0,0.0
full_coverage_complete,1stcol4thboy,1785,0,0,2,True,False,True,0.0,0.0
full_coverage_complete,1stcol4thboy,1786,0,0,4,True,False,True,0.0,0.0
full_coverage_complete,1stcol4thboy,1787,0,0,2,True,False,True,0.0,0.0
full_coverage_complete,1stcol4thboy,1788,0,0,4,True,False,True,0.0,0.0
full_coverage_complete,1stcol4thboy,1789,0,0,2,True,False,True,0.0,0.0
full_coverage_complete,1stcol4thboy,1790,0,0,4,True,False,True,0.0,0.0
full_coverage_complete,1stcol4thboy,1791,0,0,4,True,False,True,0.0,0.0
full_coverage_complete,1stcol4thboy,1792,0,0,4,True,False,True,0.0,0.0
full_coverage_complete,1stcol4thboy,1793,0,0,4,True,False,True,0.0,0.0
full_coverage_complete,1stcol4thboy,1794,0,0,2,True,False,True,0.0,0.0
full_coverage_complete,1stcol4thboy,1795,0,0,2,True,False,True,0.0,0.0
full_coverage_complete,1stcol4thboy,1796,0,0,4,True,False,True,0.0,0.0
full_coverage_complete,1stcol4thboy,1797,0,0,2,True,False,True,0.0,0.0
full_coverage_complete,1stcol4thboy,1798,0,0,4,True,False,True,0.0,0.0
full_coverage_complete,1stcol4thboy,1799,0,0,2,True,False,True,0.0,0.0
full_coverage_complete,1stcol4thboy,1800,0,0,2,True,False,True,0.0,0.0
full_coverage_complete,1stcol4thboy,1801,0,0,2,True,False,True,0.0,0.0
full_coverage_complete,1stcol4thboy,1802,0,0,5,True,False,True,0.0,0.0
full_coverage_complete,1stcol4thboy,1803,0,0,4,True,False,True,0.0,0.0
full_coverage_complete,1stcol4thboy,1804,0,0,4,True,False,True,0.0,0.0
full_coverage_complete,1stcol4thboy,1805,0,0,5,True,False,True,0.0,0.0
full_coverage_complete,1stcol4thboy,1806,0,0,4,True,False,True,0.0,0.0
full_coverage_complete,1stcol4thboy,1807,0,0,2,True,False,True,0.0,0.0
full_coverage_complete,1stcol4thboy,1808,0,0,2,True,False,True,0.0,0.0
full_coverage_complete,1stcol4thboy,1809,0,0,2,True,False,True,0.0,0.0
full_coverage_complete,1stcol4thboy,1810,0,0,5,True,False,True,0.0,0.0
full_coverage_complete,1stcol4thboy,1811,0,0,5,True,False,True,0.0,0.0
full_coverage_complete,1stcol4thboy,1812,0,0,4,True,False,True,0.0,0.0
full_coverage_complete,1stcol4thboy,1813,0,0,4,True,False,True,0.0,0.0
full_coverage_complete,1stcol4thboy,1814,0,0,5,True,False,True,0.0,0.0
full_coverage_complete,1stcol4thboy,1815,0,0,4,True,False,True,0.0,0.0
full_coverage_complete,1stcol4thboy,1816,0,0,4,True,False,True,0.0,0.0
full_coverage_complete,1stcol4thboy,1817,0,0,2,True,False,True,0.0,0.0
full_coverage_complete,1stcol4thboy,1818,0,0,5,True,False,True,0.0,0.0
full_coverage_complete,1stcol4thboy,1819,0,0,2,True,False,True,0.0,0.0
full_coverage_complete,1stcol4thboy,1820,0,1,5,True,False,True,0.0,0.0
full_coverage_complete,1stcol4thboy,1821,0,0,6,True,False,True,0.0,0.0
full_coverage_complete,1stcol4thboy,1822,0,0,2,True,False,True,0.0,0.0
full_coverage_complete,1stcol4thboy,1823,0,0,2,True,False,True,0.0,0.0
full_coverage_complete,1stcol4thboy,1824,4,0,4,True,False,True,0.0,0.0
full_coverage_complete,1stcol4thboy,1825,0,0,5,True,False,True,0.0,0.0
full_coverage_complete,1stcol4thboy,1826,0,0,5,True,False,True,0.0,0.0
full_coverage_complete,1stcol4thboy,1827,0,0,5,True,False,True,0.0,0.0
full_coverage_complete,1stcol4thboy,1828,0,0,5,True,False,True,0.0,0.0
full_coverage_complete,1stcol4thboy,1829,0,0,5,True,False,True,0.0,0.0
full_coverage_complete,1stcol4thboy,1830,0,0,2,True,False,True,0.0,0.0
full_coverage_complete,1stcol4thboy,1831,0,0,5,True,False,True,0.0,0.0
full_coverage_complete,1stcol4thboy,1832,0,0,2,True,False,True,0.0,0.0
full_coverage_complete,1stcol4thboy,1833,0,0,2,True,False,True,0.0,0.0
full_coverage_complete,1stcol4thboy,1834,0,0,2,True,False,True,0.0,0.0
full_coverage_complete,1stcol4thboy,1835,0,0,2,True,False,True,0.0,0.0
full_coverage_complete,1stcol4thboy,1836,0,0,2,True,False,True,0.0,0.0
full_coverage_complete,1stcol4thboy,1837,0,0,2,True,False,True,0.0,0.0
full_coverage_complete,1stcol4thboy,1838,0,0,4,True,False,True,0.0,0.0
full_coverage_complete,1stcol4thboy,1839,0,0,5,True,False,True,0.0,0.0
full_coverage_complete,1stcol4thboy,1840,0,0,5,True,False,True,0.0,0.0
full_coverage_complete,1stcol4thboy,1841,0,0,6,True,False,True,0.0,0.0
full_coverage_complete,1stcol4thboy,1842,0,0,5,True,False,True,0.06263414218890417,0.06263414218890417
full_coverage_complete,1stcol4thboy,1843,0,0,5,True,False,True,0.12976907979904603,0.12976907979904603
full_coverage_complete,1stcol4thboy,1844,0,0,2,True,False,True,0.09381590700744002,0.09381590700744002
full_coverage_complete,1stcol4thboy,1845,0,0,4,True,False,True,0.1407239202734111,0.1407239202734111
full_coverage_complete,1stcol4thboy,1846,0,0,2,True,False,True,0.07159863141521502,0.07159863141521502
full_coverage_complete,1stcol4thboy,1847,0,0,2,True,False,True,0.11788990870054333,0.11788990870054333
full_coverage_complete,1stcol4thboy,1848,0,0,4,True,False,True,0.13126934007474553,0.13126934007474553
full_coverage_complete,1stcol4thboy,1849,0,0,4,True,False,True,0.11583018643186593,0.11583018643186593
full_coverage_complete,1stcol4thboy,1850,0,0,2,True,False,True,0.10991048336178673,0.10991048336178673
full_coverage_complete,1stcol4thboy,1851,0,0,2,True,False,True,0.16453739209080379,0.16453739209080379
full_coverage_complete,1stcol4thboy,1852,0,0,4,True,False,True,0.07740609444503276,0.07740609444503276
full_coverage_complete,1stcol4thboy,1853,0,0,2,True,False,True,0.09235056505104863,0.09235056505104863
full_coverage_complete,1stcol4thboy,1854,0,0,4,True,False,True,0.11080169217377935,0.11080169217377935
full_coverage_complete,1stcol4thboy,1855,0,0,4,True,False,True,0.25009161159948023,0.25009161159948023
full_coverage_complete,1stcol4thboy,1856,0,0,4,True,False,True,0.2402601658457283,0.2402601658457283
full_coverage_complete,1stcol4thboy,1857,0,0,2,True,False,True,0.3072002293548244,0.3072002293548244
full_coverage_complete,1stcol4thboy,1858,0,0,5,True,False,True,0.20901972836911722,0.20901972836911722
full_coverage_complete,1stcol4thboy,1859,0,0,2,True,False,True,0.6075569604561933,0.6075569604561933
full_coverage_complete,1stcol4thboy,1860,0,0,4,True,False,True,0.6524233749404503,0.6524233749404503
full_coverage_complete,1stcol4thboy,1861,0,0,4,True,False,True,0.5768513273047413,0.5768513273047413
full_coverage_complete,1stcol4thboy,1862,0,0,2,True,False,True,0.8649470664944157,0.8649470664944157
full_coverage_complete,1stcol4thboy,1863,0,0,4,True,False,True,0.7630702267802109,0.7630702267802109
full_coverage_complete,1stcol4thboy,1864,0,0,4,True,False,True,0.7121736724487459,0.7121736724487459
full_coverage_complete,1stcol4thboy,1865,0,0,4,True,False,True,0.6679669454875635,0.6679669454875635
full_coverage_complete,1stcol4thboy,1866,0,0,4,True,False,True,0.5832583716985337,0.5832583716985337
full_coverage_complete,1stcol4thboy,1867,0,0,2,True,False,True,0.583329456194182,0.583329456194182
full_coverage_complete,1stcol4thboy,1868,0,0,4,True,False,True,0.7156293378811444,0.7156293378811444
full_coverage_complete,1stcol4thboy,1869,0,0,4,True,False,True,0.7835543677749558,0.7835543677749558
full_coverage_complete,1stcol4thboy,1870,0,0,4,True,False,True,0.7220640220369731,0.7220640220369731
full_coverage_complete,1stcol4thboy,1871,0,0,2,True,False,True,0.0,0.0
full_coverage_complete,1stcol4thboy,1872,0,0,5,True,False,True,0.0,0.0
full_coverage_complete,1stcol4thboy,1873,0,0,4,True,False,True,0.0,0.0
full_coverage_complete,1stcol4thboy,1874,0,0,2,True,False,True,0.0,0.0
full_coverage_complete,1stcol4thboy,1875,0,0,5,True,False,True,0.052015863870177315,0.052015863870177315
full_coverage_complete,1stcol4thboy,1876,0,0,2,True,False,True,0.0,0.0
full_coverage_complete,1stcol4thboy,1877,0,0,4,True,False,True,0.0,0.0
full_coverage_complete,1stcol4thboy,1878,0,0,4,True,False,True,0.0,0.0
full_coverage_complete,1stcol4thboy,1879,0,0,2,True,False,True,0.6537422492137062,0.6537422492137062
full_coverage_complete,1stcol4thboy,1880,0,0,4,True,False,True,0.8344380022942598,0.8344380022942598
full_coverage_complete,1stcol4thboy,1881,0,0,4,True,False,True,0.774060566114775,0.774060566114775
full_coverage_complete,1stcol4thboy,1882,0,0,2,True,False,True,0.0,0.0
full_coverage_complete,1stcol4thboy,1883,0,0,5,True,False,True,0.0,0.0
full_coverage_complete,1stcol4thboy,1884,0,0,2,True,False,True,0.3633429966325507,0.3633429966325507
full_coverage_complete,1stcol4thboy,1885,0,0,1,True,False,True,0.35286754047906366,0.35286754047906366
full_coverage_complete,1stcol4thboy,1886,0,0,2,True,False,True,0.7144603347798018,0.7144603347798018
full_coverage_complete,1stcol4thboy,1887,0,0,1,True,False,True,0.5348732876610311,0.5348732876610311
full_coverage_complete,1stcol4thboy,1888,0,0,2,True,False,True,0.23957949506878762,0.23957949506878762
full_coverage_complete,1stcol4thboy,1889,0,0,2,True,False,True,0.4593735319078724,0.4593735319078724
full_coverage_complete,1stcol4thboy,1890,0,0,4,True,False,True,0.7047726183399383,0.7047726183399383
full_coverage_complete,1stcol4thboy,1891,0,0,2,True,False,True,0.0,0.0
full_coverage_complete,1stcol4thboy,1892,0,0,5,True,False,True,0.0,0.0
full_coverage_complete,1stcol4thboy,1893,0,0,5,True,False,True,0.0,0.0
full_coverage_complete,1stcol4thboy,1894,0,0,2,True,False,True,0.0,0.0
full_coverage_complete,1stcol4thboy,1895,0,0,5,True,False,True,0.0,0.0
full_coverage_complete,1stcol4thboy,1896,5,0,5,True,False,True,0.0,0.0
full_coverage_complete,1stcol4thboy,1897,0,0,2,True,False,True,0.0,0.0
full_coverage_complete,1stcol4thboy,1898,0,0,4,True,False,True,0.0,0.0
full_coverage_complete,1stcol4thboy,1899,0,0,2,True,False,True,0.0,0.0
full_coverage_complete,1stcol4thboy,1900,0,0,2,True,False,True,0.0,0.0
full_coverage_complete,1stcol4thboy,1901,0,0,2,True,False,True,0.0,0.0
full_coverage_complete,1stcol4thboy,1902,0,0,4,True,False,True,0.0,0.0
full_coverage_complete,1stcol4thboy,1903,0,0,4,True,False,True,0.0,0.0
full_coverage_complete,1stcol4thboy,1904,0,0,5,True,False,True,0.0,0.0
full_coverage_complete,1stcol4thboy,1905,0,0,4,True,False,True,0.0,0.0
full_coverage_complete,1stcol4thboy,1906,0,0,2,True,False,True,0.01944984358043502,0.01944984358043502
full_coverage_complete,1stcol4thboy,1907,0,0,2,True,False,True,0.0,0.0
full_coverage_complete,1stcol4thboy,1908,0,0,4,True,False,True,0.13071229078425453,0.13071229078425453
full_coverage_complete,1stcol4thboy,1909,0,0,4,True,False,True,0.12626982274701876,0.12626982274701876
full_coverage_complete,1stcol4thboy,1910,0,0,2,True,False,True,0.01761442844639433,0.01761442844639433
full_coverage_complete,1stcol4thboy,1911,0,0,4,True,False,True,0.21017992342141642,0.21017992342141642
full_coverage_complete,1stcol4thboy,1912,0,0,2,True,False,True,0.0,0.0
full_coverage_complete,1stcol4thboy,1913,0,0,2,True,False,True,0.0,0.0
full_coverage_complete,1stcol4thboy,1914,0,0,2,True,False,True,0.34562583481799836,0.34562583481799836
full_coverage_complete,1stcol4thboy,1915,0,0,4,True,False,True,0.27344877779615745,0.27344877779615745
full_coverage_complete,1stcol4thboy,1916,0,0,4,True,False,True,0.30764306319867857,0.30764306319867857
full_coverage_complete,1stcol4thboy,1917,0,0,4,True,False,True,0.3118696180438469,0.3118696180438469
full_coverage_complete,1stcol4thboy,1918,0,0,2,True,False,True,0.5164343110312483,0.5164343110312483
full_coverage_complete,1stcol4thboy,1919,0,0,4,True,False,True,0.02973653394457242,0.02973653394457242
full_coverage_complete,1stcol4thboy,1920,0,0,5,True,False,True,0.0,0.0
full_coverage_complete,1stcol4thboy,1921,0,0,5,True,False,True,0.0,0.0
full_coverage_complete,1stcol4thboy,1922,0,0,5,True,False,True,0.0,0.0
full_coverage_complete,1stcol4thboy,1923,0,0,5,True,False,True,0.0,0.0
full_coverage_complete,1stcol4thboy,1924,0,0,5,True,False,True,0.0,0.0
full_coverage_complete,1stcol4thboy,1925,0,1,4,True,False,True,0.0,0.0
full_coverage_complete,1stcol4thboy,1926,0,0,5,True,False,True,0.0,0.0
full_coverage_complete,1stcol4thboy,1927,0,0,4,True,False,True,0.0,0.0
full_coverage_complete,1stcol4thboy,1928,0,0,4,True,False,True,0.0,0.0
full_coverage_complete,1stcol4thboy,1929,0,0,2,True,False,True,0.0,0.0
full_coverage_complete,1stcol4thboy,1930,0,0,4,True,False,True,0.0,0.0
full_coverage_complete,1stcol4thboy,1931,0,0,4,True,False,True,0.0,0.0
full_coverage_complete,1stcol4thboy,1932,0,0,2,True,False,True,0.16788117104925165,0.16788117104925165
full_coverage_complete,1stcol4thboy,1933,0,0,4,True,False,True,0.19744548266845147,0.19744548266845147
full_coverage_complete,1stcol4thboy,1934,0,0,4,True,False,True,0.04218837854715027,0.04218837854715027
full_coverage_complete,1stcol4thboy,1935,0,0,4,True,False,True,0.12595217768829106,0.12595217768829106
full_coverage_complete,1stcol4thboy,1936,0,0,4,True,False,True,0.0,0.0
full_coverage_complete,1stcol4thboy,1937,0,0,2,True,False,True,0.11905630903543929,0.11905630903543929
full_coverage_complete,1stcol4thboy,1938,0,0,4,True,False,True,0.2620323555099506,0.2620323555099506
full_coverage_complete,1stcol4thboy,1939,0,0,4,True,False,True,0.11471491299736708,0.11471491299736708
full_coverage_complete,1stcol4thboy,1940,0,0,5,True,False,True,0.2960221913864443,0.2960221913864443
full_coverage_complete,1stcol4thboy,1941,0,0,5,True,False,True,0.35160789413287447,0.35160789413287447
full_coverage_complete,1stcol4thboy,1942,0,1,4,True,False,True,0.5186793271422803,0.3177432487813081
full_coverage_complete,1stcol4thboy,1943,0,0,2,True,False,True,0.5114107368585821,0.5114107368585821
full_coverage_complete,1stcol4thboy,1944,0,0,4,True,False,True,0.3162447570088553,0.3162447570088553
full_coverage_complete,1stcol4thboy,1945,0,0,5,True,False,True,0.057504177831848476,0.057504177831848476
full_coverage_complete,1stcol4thboy,1946,0,0,5,True,False,True,0.0,0.0
full_coverage_complete,1stcol4thboy,1947,0,0,5,True,False,True,0.0,0.0
full_coverage_complete,1stcol4thboy,1948,4,1,4,True,False,True,0.08741412563535743,0.0
full_coverage_complete,1stcol4thboy,1949,0,1,5,True,False,True,0.0,0.1751933277905244
full_coverage_complete,1stcol4thboy,1950,0,0,1,True,False,True,0.07204161696164425,0.07204161696164425
full_coverage_complete,1stcol4thboy,1951,0,0,5,True,False,True,0.1395115538823588,0.1395115538823588
full_coverage_complete,1stcol4thboy,1952,0,0,2,True,False,True,0.1581824782628058,0.1581824782628058
full_coverage_complete,1stcol4thboy,1953,0,0,4,True,False,True,0.10629899901590927,0.10629899901590927
full_coverage_complete,1stcol4thboy,1954,0,0,2,True,False,True,0.0,0.0
full_coverage_complete,1stcol4thboy,1955,0,0,5,True,False,True,0.0,0.0
full_coverage_complete,1stcol4thboy,1956,0,0,2,True,False,True,0.0,0.0
full_coverage_complete,1stcol4thboy,1957,0,0,2,True,False,True,0.0,0.0
full_coverage_complete,1stcol4thboy,1958,0,0,2,True,False,True,0.0,0.0
full_coverage_complete,1stcol4thboy,1959,0,0,2,True,False,True,0.0,0.0
full_coverage_complete,1stcol4thboy,1960,0,0,2,True,False,True,0.0,0.0
full_coverage_complete,1stcol4thboy,1961,0,0,2,True,False,True,0.0,0.0
full_coverage_complete,1stcol4thboy,1962,0,0,4,True,False,True,0.0,0.0
full_coverage_complete,1stcol4thboy,1963,0,0,5,True,False,True,0.0,0.0
full_coverage_complete,1stcol4thboy,1964,0,0,4,True,False,True,0.0,0.0
full_coverage_complete,1stcol4thboy,1965,0,0,1,True,False,True,0.0,0.0
full_coverage_complete,1stcol4thboy,1966,0,0,1,True,False,True,0.0,0.0
full_coverage_complete,1stcol4thboy,1967,0,0,1,True,False,True,0.0,0.0
full_coverage_complete,1stcol4thboy,1968,0,0,1,True,False,True,0.0,0.0
full_coverage_complete,1stcol4thboy,1969,0,0,1,True,False,True,0.0,0.0
full_coverage_complete,1stcol4thboy,1970,1,4,1,True,False,True,0.0,0.0
full_coverage_complete,1stcol4thboy,1971,0,0,4,True,False,True,0.0,0.0
full_coverage_complete,1stcol4thboy,1972,0,0,4,True,False,True,0.0,0.0
full_coverage_complete,1stcol4thboy,1973,0,0,4,True,False,True,0.0,0.0
full_coverage_complete,1stcol4thboy,1974,0,0,2,True,False,True,0.0,0.0
full_coverage_complete,1stcol4thboy,1975,0,0,4,True,False,True,0.0,0.0
full_coverage_complete,1stcol4thboy,1976,0,0,5,True,False,True,0.0,0.0
full_coverage_complete,1stcol4thboy,1977,0,0,5,True,False,True,0.0,0.0
full_coverage_complete,1stcol4thboy,1978,0,0,2,True,False,True,0.0,0.0
full_coverage_complete,1stcol4thboy,1979,0,0,5,True,False,True,0.0,0.0
full_coverage_complete,1stcol4thboy,1980,0,0,2,True,False,True,0.0,0.0
full_coverage_complete,1stcol4thboy,1981,0,0,2,True,False,True,0.0,0.0
full_coverage_complete,1stcol4thboy,1982,0,0,2,True,False,True,0.0,0.0
full_coverage_complete,1stcol4thboy,1983,0,0,4,True,False,True,0.0,0.0
full_coverage_complete,1stcol4thboy,1984,0,0,2,True,False,True,0.0,0.0
full_coverage_complete,1stcol4thboy,1985,0,0,4,True,False,True,0.0,0.0
full_coverage_complete,1stcol4thboy,1986,5,0,5,True,False,True,0.0,0.0
full_coverage_complete,1stcol4thboy,1987,0,0,4,True,False,True,0.0,0.0
full_coverage_complete,1stcol4thboy,1988,0,0,2,True,False,True,0.0,0.0
full_coverage_complete,1stcol4thboy,1989,0,0,2,True,False,True,0.0,0.0
full_coverage_complete,1stcol4thboy,1990,0,0,2,True,False,True,0.0,0.0
full_coverage_complete,1stcol4thboy,1993,0,0,2,True,False,True,0.0,0.0
full_coverage_complete,1stcol4thboy,1994,0,0,4,True,False,True,0.0,0.0
full_coverage_complete,1stcol4thboy,1995,0,0,4,True,False,True,0.0,0.0
full_coverage_complete,1stcol4thboy,1996,0,0,4,True,False,True,0.0,0.0
full_coverage_complete,1stcol4thboy,1997,0,0,2,True,False,True,0.0,0.0
full_coverage_complete,1stcol4thboy,1998,0,0,4,True,False,True,0.0,0.0
full_coverage_complete,1stcol4thboy,1999,0,0,4,True,False,True,0.0,0.0
full_coverage_complete,1stcol4thboy,2000,0,0,2,True,False,True,0.0,0.0
full_coverage_complete,1stcol4thboy,2001,0,0,4,True,False,True,0.0,0.0
full_coverage_complete,1stcol4thboy,2002,0,0,4,True,False,True,0.0,0.0
full_coverage_complete,1stcol4thboy,2003,0,0,5,True,False,True,0.0,0.0
full_coverage_complete,1stcol4thboy,2004,0,0,2,True,False,True,0.0,0.0
full_coverage_complete,1stcol4thboy,2005,0,0,5,True,False,True,0.0,0.0
full_coverage_complete,1stcol4thboy,2006,4,1,4,True,False,True,0.0,0.0
full_coverage_complete,1stcol4thboy,2007,0,0,4,True,False,True,0.0,0.0
full_coverage_complete,1stcol4thboy,2008,5,0,5,True,False,True,0.0,0.0
full_coverage_complete,1stcol4thboy,2009,0,1,4,True,False,True,0.0,0.5450272542544967
full_coverage_complete,1stcol4thboy,2010,0,0,4,True,False,True,0.5224642373317894,0.5224642373317894
full_coverage_complete,1stcol4thboy,2011,0,0,4,True,False,True,0.5167541453815155,0.5167541453815155
full_coverage_complete,1stcol4thboy,2012,4,1,4,True,False,True,0.5168759071698469,0.0
full_coverage_complete,1stcol4thboy,2013,5,0,5,True,False,True,0.0,0.0
full_coverage_complete,1stcol4thboy,2014,0,0,2,True,False,True,0.0,0.0
full_coverage_complete,1stcol4thboy,2015,0,0,2,True,False,True,0.0,0.0
full_coverage_complete,1stcol4thboy,2016,0,0,5,True,False,True,0.0,0.0
full_coverage_complete,1stcol4thboy,2017,0,0,5,True,False,True,0.0,0.0
full_coverage_complete,1stcol4thboy,2018,0,0,2,True,False,True,0.0,0.0
full_coverage_complete,1stcol4thboy,2019,0,2,2,True,False,True,0.0,0.4263178731070057
full_coverage_complete,1stcol4thboy,2020,1,1,1,True,False,True,0.5453981641879182,0.49178308374375473
full_coverage_complete,1stcol4thboy,2021,0,0,4,True,False,True,0.38364617943999363,0.38364617943999363
full_coverage_complete,1stcol4thboy,2022,0,0,4,True,False,True,0.0,0.0
full_coverage_complete,1stcol4thboy,2023,0,0,2,True,False,True,0.0,0.0
full_coverage_complete,1stcol4thboy,2024,0,0,4,True,False,True,0.0,0.0
full_coverage_complete,1stcol4thboy,2025,0,0,4,True,False,True,0.0,0.0
full_coverage_complete,1stcol4thboy,2026,0,0,4,True,False,True,0.4671352620683299,0.4671352620683299
full_coverage_complete,1stcol4thboy,2027,0,0,4,True,False,True,0.42168724005407093,0.42168724005407093
full_coverage_complete,1stcol4thboy,2028,0,0,4,True,False,True,0.3558922140058966,0.3558922140058966
full_coverage_complete,1stcol4thboy,2029,0,0,4,True,False,True,0.34256183790169537,0.34256183790169537
full_coverage_complete,1stcol4thboy,2030,0,0,4,True,False,True,0.24809205188427783,0.24809205188427783
full_coverage_complete,1stcol4thboy,2031,0,0,2,True,False,True,0.3156021725806666,0.3156021725806666
full_coverage_complete,1stcol4thboy,2032,0,0,2,True,False,True,0.33853068837544203,0.33853068837544203
full_coverage_complete,1stcol4thboy,2033,0,0,5,True,False,True,0.3940762052013655,0.3940762052013655
full_coverage_complete,1stcol4thboy,2034,0,0,5,True,False,True,0.4509094888256026,0.4509094888256026
full_coverage_complete,1stcol4thboy,2035,0,0,2,True,False,True,0.4775268227453644,0.4775268227453644
full_coverage_complete,1stcol4thboy,2036,0,0,4,True,False,True,0.40850491992152993,0.40850491992152993
full_coverage_complete,1stcol4thboy,2037,4,0,4,True,False,True,0.5308573735411566,0.0
full_coverage_complete,1stcol4thboy,2039,0,0,5,True,False,True,0.0,0.0
full_coverage_complete,1stcol4thboy,2040,0,0,2,True,False,True,0.0,0.0
full_coverage_complete,1stcol4thboy,2041,0,0,4,True,False,True,0.0,0.0
full_coverage_complete,1stcol4thboy,2042,0,0,5,True,False,True,0.0,0.0
full_coverage_complete,1stcol4thboy,2043,0,0,2,True,False,True,0.0,0.0
full_coverage_complete,1stcol4thboy,2044,0,0,2,True,False,True,0.0,0.0
full_coverage_complete,1stcol4thboy,2045,0,0,2,True,False,True,0.0,0.0
full_coverage_complete,1stcol4thboy,2046,0,0,2,True,False,True,0.0,0.0
full_coverage_complete,1stcol4thboy,2047,0,0,5,True,False,True,0.0,0.0
full_coverage_complete,1stcol4thboy,2048,4,0,4,True,False,True,0.0,0.0
full_coverage_complete,1stcol4thboy,2049,0,0,5,True,False,True,0.0,0.0
full_coverage_complete,1stcol4thboy,2050,0,0,5,True,False,True,0.0,0.0
full_coverage_complete,1stcol4thboy,2051,0,0,5,True,False,True,0.0,0.0
full_coverage_complete,1stcol4thboy,2052,0,0,5,True,False,True,0.0,0.0
full_coverage_complete,1stcol4thboy,2053,5,3,5,True,False,True,0.0,0.0
full_coverage_complete,1stcol4thboy,2054,0,0,1,True,False,True,0.0,0.0
full_coverage_complete,1stcol4thboy,2055,0,0,4,True,False,True,0.0,0.0
full_coverage_complete,1stcol4thboy,2056,0,0,4,True,False,True,0.0,0.0
full_coverage_complete,1stcol4thboy,2057,0,0,4,True,False,True,0.0,0.0
full_coverage_complete,1stcol4thboy,2058,0,0,4,True,False,True,0.0,0.0
full_coverage_complete,1stcol4thboy,2059,0,0,5,True,False,True,0.0,0.0
full_coverage_complete,1stcol4thboy,2060,0,0,4,True,False,True,0.0,0.0
full_coverage_complete,1stcol4thboy,2061,0,0,1,True,False,True,0.0,0.0
full_coverage_complete,1stcol4thboy,2062,0,0,2,True,False,True,0.0,0.0
full_coverage_complete,1stcol4thboy,2063,0,0,5,True,False,True,0.0,0.0
full_coverage_complete,1stcol4thboy,2064,0,0,2,True,False,True,0.0,0.0
full_coverage_complete,1stcol4thboy,2065,4,1,4,True,False,True,0.0,0.0
full_coverage_complete,1stcol4thboy,2066,0,0,2,True,False,True,0.0,0.0
full_coverage_complete,1stcol4thboy,2067,0,0,1,True,False,True,0.0,0.0
full_coverage_complete,1stcol4thboy,2068,0,0,2,True,False,True,0.0,0.0
full_coverage_complete,1stcol4thboy,2069,0,0,4,True,False,True,0.0,0.0
full_coverage_complete,1stcol4thboy,2070,0,0,4,True,False,True,0.0,0.0
full_coverage_complete,1stcol4thboy,2071,0,0,5,True,False,True,0.0,0.0
full_coverage_complete,1stcol4thboy,2072,0,0,2,True,False,True,0.0,0.0
full_coverage_complete,1stcol4thboy,2073,0,0,5,True,False,True,0.0,0.0
full_coverage_complete,1stcol4thboy,2074,0,0,2,True,False,True,0.0,0.0
full_coverage_complete,1stcol4thboy,2075,0,0,2,True,False,True,0.0,0.0
full_coverage_complete,1stcol4thboy,2076,4,0,4,True,False,True,0.0,0.0
full_coverage_complete,1stcol4thboy,2077,0,0,5,True,False,True,0.0,0.0
full_coverage_complete,1stcol4thboy,2078,0,0,2,True,False,True,0.0,0.0
full_coverage_complete,1stcol4thboy,2079,0,0,2,True,False,True,0.0,0.0
full_coverage_complete,1stcol4thboy,2080,0,0,2,True,False,True,0.0,0.0
full_coverage_complete,1stcol4thboy,2081,0,0,5,True,False,True,0.0,0.0
full_coverage_complete,1stcol4thboy,2082,0,0,2,True,False,True,0.0,0.0
full_coverage_complete,1stcol4thboy,2083,0,0,4,True,False,True,0.0,0.0
full_coverage_complete,1stcol4thboy,2084,0,0,1,True,False,True,0.0,0.0
full_coverage_complete,1stcol4thboy,2085,0,0,1,True,False,True,0.0,0.0
full_coverage_complete,1stcol4thboy,2086,0,1,1,True,False,True,0.0,0.0
full_coverage_complete,1stcol4thboy,2087,0,0,1,True,False,True,0.0,0.0
full_coverage_complete,1stcol4thboy,2090,0,0,6,True,False,True,0.0,0.0
full_coverage_complete,1stcol4thboy,2091,0,0,4,True,False,True,0.0,0.0
full_coverage_complete,1stcol4thboy,2092,0,1,4,True,False,True,0.0,0.0
full_coverage_complete,1stcol4thboy,2093,0,0,2,True,False,True,0.0,0.0
full_coverage_complete,1stcol4thboy,2094,0,0,4,True,False,True,0.0,0.0
full_coverage_complete,1stcol4thboy,2095,4,0,4,True,False,True,0.0,0.0
full_coverage_complete,1stcol4thboy,2096,5,0,5,True,False,True,0.0,0.0
full_coverage_complete,1stcol4thboy,2097,0,0,4,True,False,True,0.0,0.0
full_coverage_complete,1stcol4thboy,2098,0,0,2,True,False,True,0.0,0.0
full_coverage_complete,1stcol4thboy,2099,0,0,5,True,False,True,0.0,0.0
full_coverage_complete,1stcol4thboy,2100,0,0,5,True,False,True,0.0,0.0
full_coverage_complete,1stcol4thboy,2101,0,0,2,True,False,True,0.0,0.0
full_coverage_complete,1stcol4thboy,2102,0,0,2,True,False,True,0.0,0.0
full_coverage_complete,1stcol4thboy,2103,0,0,4,True,False,True,0.0,0.0
full_coverage_complete,1stcol4thboy,2104,0,0,4,True,False,True,0.0,0.0
full_coverage_complete,1stcol4thboy,2105,0,0,4,True,False,True,0.0,0.0
full_coverage_complete,1stcol4thboy,2106,0,0,4,True,False,True,0.0,0.0
full_coverage_complete,1stcol4thboy,2107,0,0,2,True,False,True,0.0,0.0
full_coverage_complete,1stcol4thboy,2108,0,0,2,True,False,True,0.0,0.0
full_coverage_complete,1stcol4thboy,2109,0,0,5,True,False,True,0.0,0.0
full_coverage_complete,1stcol4thboy,2110,0,0,4,True,False,True,0.0,0.0
full_coverage_complete,1stcol4thboy,2111,0,0,2,True,False,True,0.0,0.0
full_coverage_complete,1stcol4thboy,2112,4,2,4,True,False,True,0.0,0.0
full_coverage_complete,1stcol4thboy,2113,0,0,5,True,False,True,0.0,0.0
full_coverage_complete,1stcol4thboy,2114,0,0,4,True,False,True,0.0,0.0
full_coverage_complete,1stcol4thboy,2115,0,0,4,True,False,True,0.0,0.0
full_coverage_complete,1stcol4thboy,2116,0,0,4,True,False,True,0.0,0.0
full_coverage_complete,1stcol4thboy,2117,0,0,5,True,False,True,0.0,0.0
full_coverage_complete,1stcol4thboy,2118,0,0,5,True,False,True,0.0,0.0
full_coverage_complete,1stcol4thboy,2119,0,0,5,True,False,True,0.0,0.0
full_coverage_complete,1stcol4thboy,2120,0,0,2,True,False,True,0.0,0.0
full_coverage_complete,1stcol4thboy,2121,0,0,4,True,False,True,0.0,0.0
full_coverage_complete,1stcol4thboy,2122,0,0,4,True,False,True,0.0,0.0
full_coverage_complete,1stcol4thboy,2123,0,0,5,True,False,True,0.0,0.0
full_coverage_complete,1stcol4thboy,2124,0,0,4,True,False,True,0.0,0.0
full_coverage_complete,1stcol4thboy,2125,2,0,2,True,False,True,0.0,0.36526678533391144
full_coverage_complete,1stcol4thboy,2126,0,0,6,True,False,True,0.12114880842240937,0.12114880842240937
full_coverage_complete,1stcol4thboy,2127,0,0,2,True,False,True,0.17652114097946414,0.17652114097946414
full_coverage_complete,1stcol4thboy,2128,0,0,4,True,False,True,0.1462726343480316,0.1462726343480316
full_coverage_complete,1stcol4thboy,2129,0,0,4,True,False,True,0.1306977251172586,0.1306977251172586
full_coverage_complete,1stcol4thboy,2130,0,0,4,True,False,True,0.0,0.0
full_coverage_complete,1stcol4thboy,2131,0,0,5,True,False,True,0.0,0.0
full_coverage_complete,1stcol4thboy,2132,0,0,4,True,False,True,0.0,0.0
full_coverage_complete,1stcol4thboy,2133,0,0,5,True,False,True,0.0,0.0
full_coverage_complete,1stcol4thboy,2134,0,0,5,True,False,True,0.0,0.0
full_coverage_complete,1stcol4thboy,2135,5,0,5,True,False,True,0.0,0.0
full_coverage_complete,1stcol4thboy,2136,0,0,4,True,False,True,0.0,0.0
full_coverage_complete,1stcol4thboy,2137,0,0,4,True,False,True,0.0,0.0
full_coverage_complete,1stcol4thboy,2138,4,0,4,True,False,True,0.0,0.0
full_coverage_complete,1stcol4thboy,2139,0,0,5,True,False,True,0.0,0.0
full_coverage_complete,1stcol4thboy,2140,0,0,4,True,False,True,0.0,0.0
full_coverage_complete,1stcol4thboy,2141,0,0,2,True,False,True,0.0,0.0
full_coverage_complete,1stcol4thboy,2142,0,1,2,True,False,True,0.0,0.0
full_coverage_complete,1stcol4thboy,2143,0,0,2,True,False,True,0.0,0.0
full_coverage_complete,1stcol4thboy,2144,0,0,4,True,False,True,0.0,0.0
full_coverage_complete,1stcol4thboy,2145,0,0,2,True,False,True,0.0,0.0
full_coverage_complete,1stcol4thboy,2146,0,0,4,True,False,True,0.0,0.0
full_coverage_complete,1stcol4thboy,2147,0,0,4,True,False,True,0.0,0.0
full_coverage_complete,1stcol4thboy,2148,0,0,4,True,False,True,0.0,0.0
full_coverage_complete,1stcol4thboy,2149,0,0,2,True,False,True,0.0,0.0
full_coverage_complete,1stcol4thboy,2150,0,0,2,True,False,True,0.0,0.0
full_coverage_complete,1stcol4thboy,2151,0,0,2,True,False,True,0.0,0.0
full_coverage_complete,1stcol4thboy,2152,0,0,4,True,False,True,0.0,0.0
full_coverage_complete,1stcol4thboy,2153,0,0,5,True,False,True,0.0,0.0
full_coverage_complete,1stcol4thboy,2154,0,0,4,True,False,True,0.0,0.0
full_coverage_complete,1stcol4thboy,2155,0,0,2,True,False,True,0.0,0.0
full_coverage_complete,1stcol4thboy,2156,0,0,2,True,False,True,0.0,0.0
full_coverage_complete,1stcol4thboy,2157,0,0,5,True,False,True,0.0,0.0
full_coverage_complete,1stcol4thboy,2158,5,0,5,True,False,True,0.0,0.0
full_coverage_complete,1stcol4thboy,2159,5,0,5,True,False,True,0.0,0.0
full_coverage_complete,1stcol4thboy,2160,0,0,2,True,False,True,0.0,0.0
full_coverage_complete,1stcol4thboy,2161,0,0,5,True,False,True,0.0,0.0
full_coverage_complete,1stcol4thboy,2162,0,0,2,True,False,True,0.0,0.0
full_coverage_complete,1stcol4thboy,2163,0,0,5,True,False,True,0.0,0.0
full_coverage_complete,1stcol4thboy,2164,5,0,5,True,False,True,0.0,0.0
full_coverage_complete,1stcol4thboy,2165,0,0,5,True,False,True,0.0,0.0
full_coverage_complete,1stcol4thboy,2166,0,0,5,True,False,True,0.0,0.0
full_coverage_complete,1stcol4thboy,2167,0,0,1,True,False,True,0.0,0.0
full_coverage_complete,1stcol4thboy,2168,0,0,5,True,False,True,0.0,0.0
full_coverage_complete,1stcol4thboy,2169,0,0,2,True,False,True,0.0,0.0
full_coverage_complete,1stcol4thboy,2170,0,0,5,True,False,True,0.0,0.0
full_coverage_complete,1stcol4thboy,2171,0,0,5,True,False,True,0.0,0.0
full_coverage_complete,1stcol4thboy,2172,0,0,5,True,False,True,0.0,0.0
full_coverage_complete,1stcol4thboy,2173,0,0,5,True,False,True,0.0,0.0
full_coverage_complete,1stcol4thboy,2174,0,0,5,True,False,True,0.0,0.0
full_coverage_complete,1stcol4thboy,2175,0,0,2,True,False,True,0.0,0.0
full_coverage_complete,1stcol4thboy,2176,0,1,4,True,False,True,0.0,0.0
full_coverage_complete,1stcol4thboy,2177,5,0,5,True,False,True,0.0,0.0
full_coverage_complete,1stcol4thboy,2180,0,0,5,True,False,True,0.0,0.0
full_coverage_complete,1stcol4thboy,2181,0,0,4,True,False,True,0.0,0.0
full_coverage_complete,1stcol4thboy,2182,0,0,5,True,False,True,0.0,0.0
full_coverage_complete,1stcol4thboy,2183,0,0,5,True,False,True,0.0,0.0
full_coverage_complete,1stcol4thboy,2184,0,0,5,True,False,True,0.0,0.0
full_coverage_complete,1stcol4thboy,2185,5,0,5,True,False,True,0.0,0.0
full_coverage_complete,1stcol4thboy,2186,0,1,4,True,False,True,0.0,0.0
full_coverage_complete,1stcol4thboy,2187,0,0,5,True,False,True,0.0,0.0
full_coverage_complete,1stcol4thboy,2188,0,0,5,True,False,True,0.0,0.0
full_coverage_complete,1stcol4thboy,2189,0,0,2,True,False,True,0.0,0.0
full_coverage_complete,1stcol4thboy,2190,0,0,4,True,False,True,0.0,0.0
full_coverage_complete,1stcol4thboy,2191,4,1,4,True,False,True,0.0,0.0
full_coverage_complete,1stcol4thboy,2192,5,0,5,True,False,True,0.0,0.0
full_coverage_complete,1stcol4thboy,2193,5,0,5,True,False,True,0.0,0.0
full_coverage_complete,1stcol4thboy,2194,0,1,4,True,False,True,0.0,0.0
full_coverage_complete,1stcol4thboy,2195,0,0,4,True,False,True,0.0,0.0
full_coverage_complete,1stcol4thboy,2196,0,0,2,True,False,True,0.0,0.0
full_coverage_complete,1stcol4thboy,2197,0,0,5,True,False,True,0.0,0.0
full_coverage_complete,1stcol4thboy,2198,0,0,4,True,False,True,0.0,0.0
full_coverage_complete,1stcol4thboy,2199,0,0,2,True,False,True,0.0,0.0
full_coverage_complete,1stcol4thboy,2200,0,0,5,True,False,True,0.0,0.0
full_coverage_complete,1stcol4thboy,2201,0,0,5,True,False,True,0.0,0.0
full_coverage_complete,1stcol4thboy,2202,0,0,5,True,False,True,0.0,0.0
full_coverage_complete,1stcol4thboy,2203,0,0,5,True,False,True,0.0,0.0
full_coverage_complete,1stcol4thboy,2204,5,0,5,True,False,True,0.0,0.0
full_coverage_complete,1stcol4thboy,2205,0,1,4,True,False,True,0.0,0.0
full_coverage_complete,1stcol4thboy,2206,0,1,4,True,False,True,0.0,0.0
full_coverage_complete,1stcol4thboy,2207,0,0,4,True,False,True,0.0,0.0
full_coverage_complete,1stcol4thboy,2208,0,0,4,True,False,True,0.0,0.0
full_coverage_complete,1stcol4thboy,2209,0,0,4,True,False,True,0.0,0.0
full_coverage_complete,1stcol4thboy,2210,4,0,4,True,False,True,0.0,0.0
full_coverage_complete,1stcol4thboy,2211,0,0,5,True,False,True,0.0,0.0
full_coverage_complete,1stcol4thboy,2212,0,0,4,True,False,True,0.0,0.0
full_coverage_complete,1stcol4thboy,2213,0,0,4,True,False,True,0.0,0.0
full_coverage_complete,1stcol4thboy,2214,0,0,2,True,False,True,0.0,0.0
full_coverage_complete,1stcol4thboy,2215,0,0,4,True,False,True,0.0,0.0
full_coverage_complete,1stcol4thboy,2216,0,0,4,True,False,True,0.0,0.0
full_coverage_complete,1stcol4thboy,2217,0,0,4,True,False,True,0.0,0.0
full_coverage_complete,1stcol4thboy,2218,0,0,4,True,False,True,0.0,0.0
full_coverage_complete,1stcol4thboy,2219,0,0,5,True,False,True,0.0,0.0
full_coverage_complete,1stcol4thboy,2220,0,0,4,True,False,True,0.0,0.0
full_coverage_complete,1stcol4thboy,2221,0,0,5,True,False,True,0.0,0.0
full_coverage_complete,1stcol4thboy,2222,0,0,2,True,False,True,0.0,0.0
full_coverage_complete,1stcol4thboy,2223,0,0,4,True,False,True,0.0,0.0
full_coverage_complete,1stcol4thboy,2224,0,0,5,True,False,True,0.0,0.0
full_coverage_complete,1stcol4thboy,2225,0,0,5,True,False,True,0.0,0.0
full_coverage_complete,1stcol4thboy,2226,5,0,5,True,False,True,0.0,0.0
full_coverage_complete,1stcol4thboy,2227,0,0,4,True,False,True,0.0,0.0
full_coverage_complete,1stcol4thboy,2228,0,0,2,True,False,True,0.0,0.0
full_coverage_complete,1stcol4thboy,2229,0,0,2,True,False,True,0.0,0.0
full_coverage_complete,1stcol4thboy,2230,0,0,2,True,False,True,0.0,0.0
full_coverage_complete,1stcol4thboy,2231,0,0,5,True,False,True,0.0,0.0
full_coverage_complete,1stcol4thboy,2232,0,0,4,True,False,True,0.0,0.0
full_coverage_complete,1stcol4thboy,2233,0,0,4,True,False,True,0.0,0.0
full_coverage_complete,1stcol4thboy,2234,0,0,4,True,False,True,0.0,0.0
full_coverage_complete,1stcol4thboy,2235,0,0,2,True,False,True,0.0,0.0
full_coverage_complete,1stcol4thboy,2236,0,0,2,True,False,True,0.0,0.0
full_coverage_complete,1stcol4thboy,2237,0,0,4,True,False,True,0.0,0.0
full_coverage_complete,1stcol4thboy,2238,0,0,4,True,False,True,0.0,0.0
full_coverage_complete,1stcol4thboy,2239,0,0,2,True,False,True,0.0,0.0
full_coverage_complete,1stcol4thboy,2240,0,0,5,True,False,True,0.0,0.0
full_coverage_complete,1stcol4thboy,2241,0,0,5,True,False,True,0.0,0.0
full_coverage_complete,1stcol4thboy,2242,4,2,4,True,False,True,0.0,0.0
full_coverage_complete,1stcol4thboy,2243,0,0,5,True,False,True,0.0,0.0
full_coverage_complete,1stcol4thboy,2244,0,0,5,True,False,True,0.0,0.0
full_coverage_complete,1stcol4thboy,2245,0,0,4,True,False,True,0.0,0.0
full_coverage_complete,1stcol4thboy,2246,0,0,2,True,False,True,0.0,0.0
full_coverage_complete,1stcol4thboy,2247,0,0,4,True,False,True,0.0,0.0
full_coverage_complete,1stcol4thboy,2248,0,0,2,True,False,True,0.0,0.0
full_coverage_complete,1stcol4thboy,2249,0,0,4,True,False,True,0.0,0.0
full_coverage_complete,1stcol4thboy,2250,0,0,5,True,False,True,0.0,0.0
full_coverage_complete,1stcol4thboy,2251,0,0,4,True,False,True,0.0,0.0
full_coverage_complete,1stcol4thboy,2252,5,2,5,True,False,True,0.0,0.0
full_coverage_complete,1stcol4thboy,2253,0,0,4,True,False,True,0.0,0.0
full_coverage_complete,1stcol4thboy,2254,0,0,2,True,False,True,0.0,0.0
full_coverage_complete,1stcol4thboy,2255,0,0,2,True,False,True,0.0,0.0
full_coverage_complete,1stcol4thboy,2256,0,0,2,True,False,True,0.0,0.0
full_coverage_complete,1stcol4thboy,2257,0,0,4,True,False,True,0.0,0.0
full_coverage_complete,1stcol4thboy,2258,0,0,4,True,False,True,0.0,0.0
full_coverage_complete,1stcol4thboy,2259,0,0,4,True,False,True,0.0,0.0
full_coverage_complete,1stcol4thboy,2260,0,0,4,True,False,True,0.0,0.0
full_coverage_complete,1stcol4thboy,2261,0,0,5,True,False,True,0.0,0.0
full_coverage_complete,1stcol4thboy,2262,0,0,4,True,False,True,0.0,0.0
full_coverage_complete,1stcol4thboy,2263,4,0,4,True,False,True,0.0,0.0
full_coverage_complete,1stcol4thboy,2264,0,0,5,True,False,True,0.0,0.0
full_coverage_complete,1stcol4thboy,2265,0,0,5,True,False,True,0.0,0.0
full_coverage_complete,1stcol4thboy,2266,0,0,5,True,False,True,0.0,0.0
full_coverage_complete,1stcol4thboy,2267,0,0,4,True,False,True,0.0,0.0
full_coverage_complete,1stcol4thboy,2268,0,0,5,True,False,True,0.0,0.0
full_coverage_complete,1stcol4thboy,2269,0,0,5,True,False,True,0.0,0.0
full_coverage_complete,1stcol4thboy,2270,0,0,5,True,False,True,0.0,0.0
full_coverage_complete,1stcol4thboy,2271,4,2,4,True,False,True,0.0,0.0
full_coverage_complete,1stcol4thboy,2272,0,0,5,True,False,True,0.0,0.0
full_coverage_complete,1stcol4thboy,2273,0,0,4,True,False,True,0.0,0.0
full_coverage_complete,1stcol4thboy,2274,0,0,4,True,False,True,0.0,0.0
full_coverage_complete,1stcol4thboy,2275,0,0,6,True,False,True,0.0,0.0
full_coverage_complete,1stcol4thboy,2276,0,0,5,True,False,True,0.0,0.0
full_coverage_complete,1stcol4thboy,2277,0,0,2,True,False,True,0.0,0.0
full_coverage_complete,1stcol4thboy,2278,0,0,5,True,False,True,0.0,0.0
full_coverage_complete,1stcol4thboy,2279,0,0,5,True,False,True,0.0,0.0
full_coverage_complete,1stcol4thboy,2280,5,0,5,True,False,True,0.0,0.0
full_coverage_complete,1stcol4thboy,2281,0,0,2,True,False,True,0.0,0.0
full_coverage_complete,1stcol4thboy,2282,0,0,4,True,False,True,0.0,0.0
full_coverage_complete,1stcol4thboy,2283,0,0,6,True,False,True,0.0,0.0
full_coverage_complete,1stcol4thboy,2284,0,0,2,True,False,True,0.0,0.0
full_coverage_complete,1stcol4thboy,2285,0,0,5,True,False,True,0.0,0.0
full_coverage_complete,1stcol4thboy,2286,0,0,5,True,False,True,0.0,0.0
full_coverage_complete,1stcol4thboy,2287,0,0,4,True,False,True,0.0,0.0
full_coverage_complete,1stcol4thboy,2288,5,0,5,True,False,True,0.0,0.0
full_coverage_complete,1stcol4thboy,2289,0,0,4,True,False,True,0.0,0.0
full_coverage_complete,1stcol4thboy,2290,0,0,5,True,False,True,0.0,0.0
full_coverage_complete,1stcol4thboy,2291,0,0,5,True,False,True,0.0,0.0
full_coverage_complete,1stcol4thboy,2292,0,0,5,True,False,True,0.0,0.0
full_coverage_complete,1stcol4thboy,2293,0,0,4,True,False,True,0.0,0.0
full_coverage_complete,1stcol4thboy,2294,0,0,5,True,False,True,0.0,0.0
full_coverage_complete,1stcol4thboy,2295,4,4,4,True,False,True,0.0,0.0
full_coverage_complete,1stcol4thboy,2296,0,0,4,True,False,True,0.0,0.0
full_coverage_complete,1stcol4thboy,2297,0,0,5,True,False,True,0.0,0.0
full_coverage_complete,1stcol4thboy,2298,0,0,4,True,False,True,0.0,0.0
full_coverage_complete,1stcol4thboy,2299,0,0,5,True,False,True,0.0,0.0
full_coverage_complete,1stcol4thboy,2300,0,0,4,True,False,True,0.0,0.0
full_coverage_complete,1stcol4thboy,2301,5,0,5,True,False,True,0.0,0.0
full_coverage_complete,1stcol4thboy,2302,0,0,4,True,False,True,0.0,0.0
full_coverage_complete,1stcol4thboy,2303,0,0,4,True,False,True,0.0,0.0
full_coverage_complete,1stcol4thboy,2304,0,0,4,True,False,True,0.0,0.0
full_coverage_complete,1stcol4thboy,2305,0,0,4,True,False,True,0.0,0.0
full_coverage_complete,1stcol4thboy,2306,0,0,4,True,False,True,0.0,0.0
full_coverage_complete,1stcol4thboy,2307,0,0,4,True,False,True,0.0,0.0
full_coverage_complete,1stcol4thboy,2308,0,0,4,True,False,True,0.0,0.0
full_coverage_complete,1stcol4thboy,2309,0,0,5,True,False,True,0.0,0.0
full_coverage_complete,1stcol4thboy,2310,0,0,4,True,False,True,0.0,0.0
full_coverage_complete,1stcol4thboy,2311,0,0,5,True,False,True,0.0,0.0
full_coverage_complete,1stcol4thboy,2312,0,0,2,True,False,True,0.0,0.0
full_coverage_complete,1stcol4thboy,2313,0,0,2,True,False,True,0.0,0.0
full_coverage_complete,1stcol4thboy,2314,0,0,2,True,False,True,0.0,0.0
full_coverage_complete,1stcol4thboy,2315,0,0,4,True,False,True,0.0,0.0
full_coverage_complete,1stcol4thboy,2316,5,0,5,True,False,True,0.0,0.0
full_coverage_complete,1stcol4thboy,2317,0,0,4,True,False,True,0.0,0.0
full_coverage_complete,1stcol4thboy,2318,0,0,5,True,False,True,0.0,0.0
full_coverage_complete,1stcol4thboy,2319,0,0,5,True,False,True,0.0,0.0
full_coverage_complete,1stcol4thboy,2320,0,0,5,True,False,True,0.0,0.0
full_coverage_complete,1stcol4thboy,2321,0,0,4,True,False,True,0.0,0.0
full_coverage_complete,1stcol4thboy,2322,0,0,2,True,False,True,0.0,0.0
full_coverage_complete,1stcol4thboy,2323,0,0,5,True,False,True,0.0,0.0
full_coverage_complete,1stcol4thboy,2324,0,0,4,True,False,True,0.0,0.0
full_coverage_complete,1stcol4thboy,2325,0,0,5,True,False,True,0.0,0.0
full_coverage_complete,1stcol4thboy,2326,0,0,5,True,False,True,0.0,0.0
full_coverage_complete,1stcol4thboy,2327,0,0,4,True,False,True,0.0,0.0
full_coverage_complete,1stcol4thboy,2328,0,2,4,True,False,True,0.0,0.0
full_coverage_complete,1stcol4thboy,2329,0,0,4,True,False,True,0.0,0.0
full_coverage_complete,1stcol4thboy,2330,5,0,5,True,False,True,0.0,0.0
full_coverage_complete,1stcol4thboy,2331,0,0,4,True,False,True,0.0,0.0
full_coverage_complete,1stcol4thboy,2332,0,0,5,True,False,True,0.0,0.0
full_coverage_complete,1stcol4thboy,2333,0,0,5,True,False,True,0.0,0.0
full_coverage_complete,1stcol4thboy,2334,0,0,5,True,False,True,0.0,0.0
full_coverage_complete,1stcol4thboy,2335,0,0,5,True,False,True,0.0,0.0
full_coverage_complete,1stcol4thboy,2336,0,0,2,True,False,True,0.0,0.0
full_coverage_complete,1stcol4thboy,2337,0,0,5,True,False,True,0.0,0.0
full_coverage_complete,1stcol4thboy,2338,0,0,5,True,False,True,0.0,0.0
full_coverage_complete,1stcol4thboy,2340,0,0,5,True,False,True,0.0,0.0
full_coverage_complete,1stcol4thboy,2341,0,0,5,True,False,True,0.0,0.0
full_coverage_complete,1stcol4thboy,2342,0,2,4,True,False,True,0.0,0.0
full_coverage_complete,1stcol4thboy,2343,0,0,1,True,False,True,0.0,0.0
full_coverage_complete,1stcol4thboy,2344,0,0,2,True,False,True,0.0,0.0
full_coverage_complete,1stcol4thboy,2345,0,0,4,True,False,True,0.0,0.0
full_coverage_complete,1stcol4thboy,2346,0,0,2,True,False,True,0.0,0.0
full_coverage_complete,1stcol4thboy,2347,0,0,2,True,False,True,0.0,0.0
full_coverage_complete,1stcol4thboy,2348,0,0,2,True,False,True,0.0,0.0
full_coverage_complete,1stcol4thboy,2349,0,0,4,True,False,True,0.0,0.0
full_coverage_complete,1stcol4thboy,2350,0,0,2,True,False,True,0.0,0.0
full_coverage_complete,1stcol4thboy,2351,0,0,2,True,False,True,0.0,0.0
full_coverage_complete,1stcol4thboy,2352,0,0,2,True,False,True,0.0,0.0
full_coverage_complete,1stcol4thboy,2353,0,0,4,True,False,True,0.0,0.0
full_coverage_complete,1stcol4thboy,2354,0,0,4,True,False,True,0.0,0.0
full_coverage_complete,1stcol4thboy,2355,0,0,5,True,False,True,0.0,0.0
full_coverage_complete,1stcol4thboy,2356,5,0,5,True,False,True,0.0,0.0
full_coverage_complete,1stcol4thboy,2357,0,0,5,True,False,True,0.0,0.0
full_coverage_complete,1stcol4thboy,2358,0,0,2,True,False,True,0.0,0.0
full_coverage_complete,1stcol4thboy,2359,0,0,5,True,False,True,0.0,0.0
full_coverage_complete,1stcol4thboy,2360,0,0,2,True,False,True,0.0,0.0
full_coverage_complete,1stcol4thboy,2361,0,0,2,True,False,True,0.0,0.0
full_coverage_complete,1stcol4thboy,2362,0,0,2,True,False,True,0.0,0.0
full_coverage_complete,1stcol4thboy,2363,0,0,2,True,False,True,0.0,0.0
full_coverage_complete,1stcol4thboy,2364,0,0,2,True,False,True,0.0,0.0
full_coverage_complete,1stcol4thboy,2365,0,0,2,True,False,True,0.0,0.0
full_coverage_complete,1stcol4thboy,2366,0,0,4,True,False,True,0.0,0.0
full_coverage_complete,1stcol4thboy,2367,0,0,2,True,False,True,0.0,0.0
full_coverage_complete,1stcol4thboy,2368,0,0,2,True,False,True,0.0,0.0
full_coverage_complete,1stcol4thboy,2369,0,0,5,True,False,True,0.0,0.0
full_coverage_complete,1stcol4thboy,2370,0,0,5,True,False,True,0.0,0.0
full_coverage_complete,1stcol4thboy,2371,0,0,4,True,False,True,0.0,0.0
full_coverage_complete,1stcol4thboy,2372,0,0,5,True,False,True,0.0,0.0
full_coverage_complete,1stcol4thboy,2373,0,0,4,True,False,True,0.0,0.0
full_coverage_complete,1stcol4thboy,2374,0,0,2,True,False,True,0.0,0.0
full_coverage_complete,1stcol4thboy,2375,0,0,2,True,False,True,0.0,0.0
full_coverage_complete,1stcol4thboy,2376,0,0,4,True,False,True,0.0,0.0
full_coverage_complete,1stcol4thboy,2377,0,0,4,True,False,True,0.0,0.0
full_coverage_complete,1stcol4thboy,2378,0,0,4,True,False,True,0.0,0.0
full_coverage_complete,1stcol4thboy,2379,0,0,4,True,False,True,0.0,0.0
full_coverage_complete,1stcol4thboy,2380,0,0,4,True,False,True,0.0,0.0
full_coverage_complete,1stcol4thboy,2381,0,0,4,True,False,True,0.0,0.0
full_coverage_complete,1stcol4thboy,2382,0,0,2,True,False,True,0.0,0.0
full_coverage_complete,1stcol4thboy,2383,0,0,2,True,False,True,0.0,0.0
full_coverage_complete,1stcol4thboy,2384,0,0,4,True,False,True,0.0,0.0
full_coverage_complete,1stcol4thboy,2385,0,0,4,True,False,True,0.0,0.0
full_coverage_complete,1stcol4thboy,2386,0,0,2,True,False,True,0.0,0.0
full_coverage_complete,1stcol4thboy,2387,0,0,4,True,False,True,0.0,0.0
full_coverage_complete,1stcol4thboy,2388,0,0,2,True,False,True,0.0,0.0
full_coverage_complete,1stcol4thboy,2389,0,0,4,True,False,True,0.0,0.0
full_coverage_complete,1stcol4thboy,2390,0,0,5,True,False,True,0.0,0.0
full_coverage_complete,1stcol4thboy,2391,0,0,5,True,False,True,0.0,0.0
full_coverage_complete,1stcol4thboy,2392,5,0,5,True,False,True,0.0,0.0
full_coverage_complete,1stcol4thboy,2393,0,0,5,True,False,True,0.0,0.0
full_coverage_complete,1stcol4thboy,2394,0,0,2,True,False,True,0.0,0.0
full_coverage_complete,1stcol4thboy,2395,0,0,2,True,False,True,0.0,0.0
full_coverage_complete,1stcol4thboy,2396,0,0,2,True,False,True,0.0,0.0
full_coverage_complete,1stcol4thboy,2397,0,0,2,True,False,True,0.0,0.0
full_coverage_complete,1stcol4thboy,2398,0,0,2,True,False,True,0.0,0.0
full_coverage_complete,1stcol4thboy,2399,0,0,4,True,False,True,0.0,0.0
full_coverage_complete,1stcol4thboy,2400,0,0,2,True,False,True,0.0,0.0
full_coverage_complete,1stcol4thboy,2401,0,0,2,True,False,True,0.0,0.0
full_coverage_complete,1stcol4thboy,2402,0,0,4,True,False,True,0.0,0.0
full_coverage_complete,1stcol4thboy,2403,0,0,2,True,False,True,0.0,0.0
full_coverage_complete,1stcol4thboy,2404,0,0,4,True,False,True,0.0,0.0
full_coverage_complete,1stcol4thboy,2405,0,0,2,True,False,True,0.0,0.0
full_coverage_complete,1stcol4thboy,2406,0,0,4,True,False,True,0.0,0.0
full_coverage_complete,1stcol4thboy,2407,0,0,2,True,False,True,0.0,0.0
full_coverage_complete,1stcol4thboy,2408,0,0,2,True,False,True,0.0,0.0
full_coverage_complete,1stcol4thboy,2409,0,0,1,True,False,True,0.0,0.0
full_coverage_complete,1stcol4thboy,2410,0,0,2,True,False,True,0.0,0.0
full_coverage_complete,1stcol4thboy,2411,0,0,1,True,False,True,0.0,0.0
full_coverage_complete,1stcol4thboy,2412,4,0,4,True,False,True,0.0,0.0
full_coverage_complete,1stcol4thboy,2413,4,0,4,True,False,True,0.0,0.0
full_coverage_complete,1stcol4thboy,2414,0,0,5,True,False,True,0.0,0.0
full_coverage_complete,1stcol4thboy,2415,0,0,5,True,False,True,0.0,0.0
full_coverage_complete,1stcol4thboy,2416,0,0,2,True,False,True,0.0,0.0
full_coverage_complete,1stcol4thboy,2417,0,0,5,True,False,True,0.0,0.0
full_coverage_complete,1stcol4thboy,2418,5,0,5,True,False,True,0.0,0.0
full_coverage_complete,1stcol4thboy,2419,0,0,5,True,False,True,0.0,0.0
full_coverage_complete,1stcol4thboy,2420,0,1,5,True,False,True,0.0,0.0
full_coverage_complete,1stcol4thboy,2421,0,0,4,True,False,True,0.0,0.0
full_coverage_complete,1stcol4thboy,2422,4,2,4,True,False,True,0.0,0.0
full_coverage_complete,1stcol4thboy,2423,5,3,5,True,False,True,0.0,0.0
full_coverage_complete,1stcol4thboy,2424,0,0,2,True,False,True,0.0,0.0
full_coverage_complete,1stcol4thboy,2425,0,0,2,True,False,True,0.0,0.0
full_coverage_complete,1stcol4thboy,2426,0,0,4,True,False,True,0.0,0.0
full_coverage_complete,1stcol4thboy,2427,0,0,2,True,False,True,0.0,0.0
full_coverage_complete,1stcol4thboy,2428,0,0,2,True,False,True,0.0,0.0
full_coverage_complete,1stcol4thboy,2429,0,0,2,True,False,True,0.0,0.0
full_coverage_complete,1stcol4thboy,2430,0,0,4,True,False,True,0.0,0.0
full_coverage_complete,1stcol4thboy,2431,4,2,4,True,False,True,0.0,0.0
full_coverage_complete,1stcol4thboy,2432,0,0,2,True,False,True,0.0,0.0
full_coverage_complete,1stcol4thboy,2433,0,1,2,True,False,True,0.0,0.0
full_coverage_complete,1stcol4thboy,2434,6,1,6,True,False,True,0.0,0.0
full_coverage_complete,1stcol4thboy,2435,0,0,4,True,False,True,0.0,0.0
full_coverage_complete,1stcol4thboy,2436,0,0,4,True,False,True,0.0,0.0
full_coverage_complete,1stcol4thboy,2437,0,0,4,True,False,True,0.0,0.0
full_coverage_complete,1stcol4thboy,2438,0,0,4,True,False,True,0.0,0.0
full_coverage_complete,1stcol4thboy,2439,0,0,4,True,False,True,0.0,0.0
full_coverage_complete,1stcol4thboy,2440,0,0,4,True,False,True,0.0953195870000706,0.0953195870000706
full_coverage_complete,1stcol4thboy,2441,0,0,4,True,False,True,0.2075246956962635,0.2075246956962635
full_coverage_complete,1stcol4thboy,2442,0,0,4,True,False,True,0.0,0.0
full_coverage_complete,1stcol4thboy,2443,0,0,4,True,False,True,0.0,0.0
full_coverage_complete,1stcol4thboy,2444,0,0,5,True,False,True,0.0,0.0
full_coverage_complete,1stcol4thboy,2445,0,0,5,True,False,True,0.0,0.0
full_coverage_complete,1stcol4thboy,2446,0,0,4,True,False,True,0.0,0.0
full_coverage_complete,1stcol4thboy,2447,0,0,4,True,False,True,0.0,0.0
full_coverage_complete,1stcol4thboy,2448,0,1,4,True,False,True,0.0,0.3454576402592344
full_coverage_complete,1stcol4thboy,2449,0,0,6,True,False,True,0.5209088404122787,0.5209088404122787
full_coverage_complete,1stcol4thboy,2451,0,0,5,True,False,True,0.24245954818540905,0.24245954818540905
full_coverage_complete,1stcol4thboy,2452,0,0,5,True,False,True,0.49031922191149996,0.49031922191149996
full_coverage_complete,1stcol4thboy,2453,0,0,0,False,False,True,0.5077610040568546,0.028288823169258338
full_coverage_complete,1stcol4thboy,2454,0,0,6,True,False,True,0.0,0.0
full_coverage_complete,1stcol4thboy,2455,0,0,4,True,False,True,0.0,0.0
full_coverage_complete,1stcol4thboy,2456,0,0,4,True,False,True,0.0,0.0
full_coverage_complete,1stcol4thboy,2457,0,0,4,True,False,True,0.0,0.0
full_coverage_complete,1stcol4thboy,2458,0,0,5,True,False,True,0.0,0.0
full_coverage_complete,1stcol4thboy,2459,0,0,5,True,False,True,0.0,0.0
full_coverage_complete,1stcol4thboy,2460,0,0,5,True,False,True,0.0,0.0
full_coverage_complete,1stcol4thboy,2461,0,0,5,True,False,True,0.0,0.0
full_coverage_complete,1stcol4thboy,2462,0,0,5,True,False,True,0.0,0.0
full_coverage_complete,1stcol4thboy,2463,0,0,4,True,False,True,0.0,0.0
full_coverage_complete,1stcol4thboy,2464,4,0,4,True,False,True,0.0,0.4713295288531968
full_coverage_complete,1stcol4thboy,2465,0,0,5,True,False,True,0.49816772443811763,0.49816772443811763
full_coverage_complete,1stcol4thboy,2466,0,0,5,True,False,True,0.5597088148060398,0.5597088148060398
full_coverage_complete,1stcol4thboy,2467,0,0,5,True,False,True,0.6565389110926528,0.6565389110926528
full_coverage_complete,1stcol4thboy,2468,0,0,5,True,False,True,0.5405879884175615,0.5405879884175615
full_coverage_complete,1stcol4thboy,2469,0,0,5,True,False,True,0.5555685134379431,0.5555685134379431
full_coverage_complete,1stcol4thboy,2470,0,0,4,True,False,True,0.24903080676123332,0.24903080676123332
full_coverage_complete,1stcol4thboy,2471,0,0,4,True,False,True,0.5008882413827097,0.5008882413827097
full_coverage_complete,1stcol4thboy,2472,0,0,4,True,False,True,0.589338750944945,0.589338750944945
full_coverage_complete,1stcol4thboy,2473,0,0,2,True,False,True,0.5345106047388445,0.5345106047388445
full_coverage_complete,1stcol4thboy,2474,0,0,4,True,False,True,0.5608830147617745,0.5608830147617745
full_coverage_complete,1stcol4thboy,2475,0,0,5,True,False,True,0.5352031101586854,0.5352031101586854
full_coverage_complete,1stcol4thboy,2476,0,0,5,True,False,True,0.47056222980908863,0.47056222980908863
full_coverage_complete,1stcol4thboy,2477,0,0,4,True,False,True,0.4656796079542872,0.4656796079542872
full_coverage_complete,1stcol4thboy,2478,0,0,5,True,False,True,0.5277412972534467,0.5277412972534467
full_coverage_complete,1stcol4thboy,2479,5,0,5,True,False,True,0.5232477579580447,0.4745032081231631
full_coverage_complete,1stcol4thboy,2480,0,0,4,True,False,True,0.5639565569082742,0.5639565569082742
full_coverage_complete,1stcol4thboy,2481,0,0,5,True,False,True,0.49981590850153756,0.49981590850153756
full_coverage_complete,1stcol4thboy,2482,0,0,4,True,False,True,0.4780209916144785,0.4780209916144785
full_coverage_complete,1stcol4thboy,2483,0,0,5,True,False,True,0.5117880601080732,0.5117880601080732
full_coverage_complete,1stcol4thboy,2484,0,0,4,True,False,True,0.4697901245966595,0.4697901245966595
full_coverage_complete,1stcol4thboy,2485,0,0,4,True,False,True,0.0597505521238876,0.0597505521238876
full_coverage_complete,1stcol4thboy,2486,0,0,5,True,False,True,0.0,0.0
full_coverage_complete,1stcol4thboy,2487,0,0,5,True,False,True,0.0,0.0
full_coverage_complete,1stcol4thboy,2488,0,0,5,True,False,True,0.0,0.0
full_coverage_complete,1stcol4thboy,2489,0,0,5,True,False,True,0.0,0.0
full_coverage_complete,1stcol4thboy,2490,0,0,4,True,False,True,0.0,0.0
full_coverage_complete,1stcol4thboy,2491,0,0,4,True,False,True,0.0,0.0
full_coverage_complete,1stcol4thboy,2492,0,0,5,True,False,True,0.0,0.0
full_coverage_complete,1stcol4thboy,2493,0,0,4,True,False,True,0.19066228257231796,0.19066228257231796
full_coverage_complete,1stcol4thboy,2494,4,0,4,True,False,True,0.25510736886963475,0.0
full_coverage_complete,1stcol4thboy,2495,0,0,5,True,False,True,0.0,0.0
full_coverage_complete,1stcol4thboy,2496,0,0,5,True,False,True,0.0,0.0
full_coverage_complete,1stcol4thboy,2497,0,0,4,True,False,True,0.0,0.0
full_coverage_complete,1stcol4thboy,2498,0,0,4,True,False,True,0.0,0.0
full_coverage_complete,1stcol4thboy,2499,0,0,5,True,False,True,0.0,0.0
full_coverage_complete,1stcol4thboy,2500,0,0,4,True,False,True,0.0,0.0
full_coverage_complete,1stcol4thboy,2501,0,0,4,True,False,True,0.0,0.0
full_coverage_complete,1stcol4thboy,2502,0,0,4,True,False,True,0.0,0.0
full_coverage_complete,1stcol4thboy,2503,0,0,4,True,False,True,0.0,0.0
full_coverage_complete,1stcol4thboy,2504,0,0,4,True,False,True,0.0,0.0
full_coverage_complete,1stcol4thboy,2505,0,0,4,True,False,True,0.03846906042031767,0.03846906042031767
full_coverage_complete,1stcol4thboy,2506,0,0,4,True,False,True,0.42862642321310745,0.42862642321310745
full_coverage_complete,1stcol4thboy,2507,0,0,4,True,False,True,0.2914794965328352,0.2914794965328352
full_coverage_complete,1stcol4thboy,2508,0,0,4,True,False,True,0.09268901253329984,0.09268901253329984
full_coverage_complete,1stcol4thboy,2509,0,0,4,True,False,True,0.0,0.0
full_coverage_complete,1stcol4thboy,2510,0,0,4,True,False,True,0.08917449009115623,0.08917449009115623
full_coverage_complete,1stcol4thboy,2511,0,0,4,True,False,True,0.0,0.0
full_coverage_complete,1stcol4thboy,2512,0,0,4,True,False,True,0.0,0.0
full_coverage_complete,1stcol4thboy,2513,0,0,4,True,False,True,0.0,0.0
full_coverage_complete,1stcol4thboy,2514,0,0,4,True,False,True,0.0,0.0
full_coverage_complete,1stcol4thboy,2515,0,0,2,True,False,True,0.07972798569994625,0.07972798569994625
full_coverage_complete,1stcol4thboy,2516,0,0,4,True,False,True,0.04937138686646224,0.04937138686646224
full_coverage_complete,1stcol4thboy,2517,0,0,5,True,False,True,0.6955151497376856,0.6955151497376856
full_coverage_complete,1stcol4thboy,2518,0,0,5,True,False,True,0.6554240042301053,0.6554240042301053
full_coverage_complete,1stcol4thboy,2519,5,0,5,True,False,True,0.5714183492087284,0.0
full_coverage_complete,1stcol4thboy,2520,0,0,5,True,False,True,0.0,0.0
full_coverage_complete,1stcol4thboy,2521,0,0,5,True,False,True,0.0,0.0
full_coverage_complete,1stcol4thboy,2522,0,0,5,True,False,True,0.5278209848963124,0.5278209848963124
full_coverage_complete,1stcol4thboy,2523,0,0,4,True,False,True,0.548548969130325,0.548548969130325
full_coverage_complete,1stcol4thboy,2524,4,0,4,True,False,True,0.3810106426959723,0.0
full_coverage_complete,1stcol4thboy,2525,5,2,5,True,False,True,0.0,0.0
full_coverage_complete,1stcol4thboy,2526,0,0,4,True,False,True,0.0,0.0
full_coverage_complete,1stcol4thboy,2527,0,0,4,True,False,True,0.0,0.0
full_coverage_complete,1stcol4thboy,2528,0,0,4,True,False,True,0.0,0.0
full_coverage_complete,1stcol4thboy,2529,0,0,4,True,False,True,0.0,0.0
full_coverage_complete,1stcol4thboy,2530,0,0,4,True,False,True,0.0,0.0
full_coverage_complete,1stcol4thboy,2531,0,0,4,True,False,True,0.0,0.0
full_coverage_complete,1stcol4thboy,2532,0,0,4,True,False,True,0.07243960149496668,0.07243960149496668
full_coverage_complete,1stcol4thboy,2533,0,0,4,True,False,True,0.5132859130237811,0.5132859130237811
full_coverage_complete,1stcol4thboy,2534,0,0,4,True,False,True,0.6074830155881573,0.6074830155881573
full_coverage_complete,1stcol4thboy,2535,0,0,4,True,False,True,0.5902115032057491,0.5902115032057491
full_coverage_complete,1stcol4thboy,2536,0,0,4,True,False,True,0.5804388253265238,0.5804388253265238
full_coverage_complete,1stcol4thboy,2537,0,0,4,True,False,True,0.5623795502880814,0.5623795502880814
full_coverage_complete,1stcol4thboy,2538,0,0,4,True,False,True,0.6063747001813845,0.6063747001813845
full_coverage_complete,1stcol4thboy,2539,0,0,4,True,False,True,0.34346560811415777,0.34346560811415777
full_coverage_complete,1stcol4thboy,2540,0,0,4,True,False,True,0.13546085729193777,0.13546085729193777
full_coverage_complete,1stcol4thboy,2541,0,0,5,True,False,True,0.0,0.0
full_coverage_complete,1stcol4thboy,2542,0,0,4,True,False,True,0.0840118139465152,0.0840118139465152
full_coverage_complete,1stcol4thboy,2543,0,0,4,True,False,True,0.09925333930706727,0.09925333930706727
full_coverage_complete,1stcol4thboy,2544,0,0,4,True,False,True,0.058137761857230005,0.058137761857230005
full_coverage_complete,1stcol4thboy,2545,0,0,4,True,False,True,0.1125391111530238,0.1125391111530238
full_coverage_complete,1stcol4thboy,2546,0,0,4,True,False,True,0.24654227032977505,0.24654227032977505
full_coverage_complete,1stcol4thboy,2547,0,0,4,True,False,True,0.0,0.0
full_coverage_complete,1stcol4thboy,2548,0,0,5,True,False,True,0.0,0.0
full_coverage_complete,1stcol4thboy,2549,0,0,5,True,False,True,0.026251350403444736,0.026251350403444736
full_coverage_complete,1stcol4thboy,2550,0,0,4,True,False,True,0.05771011074633307,0.05771011074633307
full_coverage_complete,1stcol4thboy,2551,4,0,4,True,False,True,0.0,0.0
full_coverage_complete,1stcol4thboy,2552,5,0,5,True,False,True,0.0,0.0
full_coverage_complete,1stcol4thboy,2553,0,0,5,True,False,True,0.0,0.0
full_coverage_complete,1stcol4thboy,2554,0,0,4,True,False,True,0.0,0.0
full_coverage_complete,1stcol4thboy,2555,0,0,2,True,False,True,0.0,0.0
full_coverage_complete,1stcol4thboy,2556,0,0,4,True,False,True,0.0,0.0
full_coverage_complete,1stcol4thboy,2557,0,0,4,True,False,True,0.0,0.0
full_coverage_complete,1stcol4thboy,2558,0,0,4,True,False,True,0.0,0.0
full_coverage_complete,1stcol4thboy,2559,0,0,4,True,False,True,0.0,0.0
full_coverage_complete,1stcol4thboy,2560,0,1,4,True,False,True,0.0,0.5803177896645013
full_coverage_complete,1stcol4thboy,2561,4,2,4,True,False,True,0.5919556097761608,0.21029757416901984
full_coverage_complete,1stcol4thboy,2562,0,2,5,True,False,True,0.2511220764865138,0.0
full_coverage_complete,1stcol4thboy,2563,0,1,4,True,False,True,0.0,0.0
full_coverage_complete,1stcol4thboy,2564,0,0,4,True,False,True,0.0,0.0
full_coverage_complete,1stcol4thboy,2565,0,0,4,True,False,True,0.0,0.0
full_coverage_complete,1stcol4thboy,2566,0,0,4,True,False,True,0.0,0.0
full_coverage_complete,1stcol4thboy,2567,0,0,4,True,False,True,0.0,0.0
full_coverage_complete,1stcol4thboy,2568,0,0,5,True,False,True,0.0,0.0
full_coverage_complete,1stcol4thboy,2569,0,0,2,True,False,True,0.0,0.0
full_coverage_complete,1stcol4thboy,2570,0,0,2,True,False,True,0.0,0.0
full_coverage_complete,1stcol4thboy,2571,0,0,4,True,False,True,0.0,0.0
full_coverage_complete,1stcol4thboy,2572,0,0,2,True,False,True,0.0,0.0
full_coverage_complete,1stcol4thboy,2573,0,0,4,True,False,True,0.0,0.0
full_coverage_complete,1stcol4thboy,2574,0,0,4,True,False,True,0.0,0.0
full_coverage_complete,1stcol4thboy,2575,0,0,4,True,False,True,0.0,0.0
full_coverage_complete,1stcol4thboy,2576,0,0,4,True,False,True,0.0,0.0
full_coverage_complete,1stcol4thboy,2577,0,0,4,True,False,True,0.0,0.0
full_coverage_complete,1stcol4thboy,2578,0,0,4,True,False,True,0.0,0.0
full_coverage_complete,1stcol4thboy,2579,0,0,4,True,False,True,0.0,0.0
full_coverage_complete,1stcol4thboy,2580,0,0,4,True,False,True,0.0,0.0
full_coverage_complete,1stcol4thboy,2581,0,0,4,True,False,True,0.0,0.0
full_coverage_complete,1stcol4thboy,2582,0,0,4,True,False,True,0.0,0.0
full_coverage_complete,1stcol4thboy,2583,0,0,4,True,False,True,0.0,0.0
full_coverage_complete,1stcol4thboy,2584,0,0,4,True,False,True,0.0,0.0
full_coverage_complete,1stcol4thboy,2585,0,0,4,True,False,True,0.0,0.0
full_coverage_complete,1stcol4thboy,2586,0,0,4,True,False,True,0.0,0.0
full_coverage_complete,1stcol4thboy,2587,0,0,4,True,False,True,0.0,0.0
full_coverage_complete,1stcol4thboy,2588,0,0,4,True,False,True,0.0,0.0
full_coverage_complete,1stcol4thboy,2589,0,0,4,True,False,True,0.0,0.0
full_coverage_complete,1stcol4thboy,2590,0,0,4,True,False,True,0.0,0.0
full_coverage_complete,1stcol4thboy,2591,0,1,4,True,False,True,0.0,0.0
full_coverage_complete,1stcol4thboy,2592,0,0,4,True,False,True,0.0,0.0
full_coverage_complete,1stcol4thboy,2593,0,0,4,True,False,True,0.0,0.0
full_coverage_complete,1stcol4thboy,2594,0,0,4,True,False,True,0.0,0.0
full_coverage_complete,1stcol4thboy,2595,0,0,4,True,False,True,0.0,0.0
full_coverage_complete,1stcol4thboy,2596,0,0,4,True,False,True,0.0,0.0
full_coverage_complete,1stcol4thboy,2597,0,0,4,True,False,True,0.0,0.0
full_coverage_complete,1stcol4thboy,2598,0,0,4,True,False,True,0.0,0.0
full_coverage_complete,1stcol4thboy,2599,0,0,4,True,False,True,0.0,0.0
full_coverage_complete,1stcol4thboy,2600,0,0,4,True,False,True,0.0,0.0
full_coverage_complete,1stcol4thboy,2601,0,0,4,True,False,True,0.0,0.0
full_coverage_complete,1stcol4thboy,2602,0,0,4,True,False,True,0.0,0.0
full_coverage_complete,1stcol4thboy,2603,0,0,4,True,False,True,0.0,0.0
full_coverage_complete,1stcol4thboy,2604,0,0,4,True,False,True,0.0,0.0
full_coverage_complete,1stcol4thboy,2605,0,0,4,True,False,True,0.0,0.0
full_coverage_complete,1stcol4thboy,2606,0,0,4,True,False,True,0.0,0.0
full_coverage_complete,1stcol4thboy,2607,0,0,4,True,False,True,0.0,0.0
full_coverage_complete,1stcol4thboy,2608,0,2,4,True,False,True,0.0,0.0
full_coverage_complete,1stcol4thboy,2609,0,0,1,True,False,True,0.0,0.0
full_coverage_complete,1stcol4thboy,2610,0,0,4,True,False,True,0.0,0.0
full_coverage_complete,1stcol4thboy,2611,0,0,4,True,False,True,0.0,0.0
full_coverage_complete,1stcol4thboy,2612,4,0,4,True,False,True,0.0,0.0
full_coverage_complete,1stcol4thboy,2613,0,0,5,True,False,True,0.0,0.0
full_coverage_complete,1stcol4thboy,2614,0,0,5,True,False,True,0.0,0.0
full_coverage_complete,1stcol4thboy,2615,0,0,4,True,False,True,0.0,0.0
full_coverage_complete,1stcol4thboy,2616,0,0,5,True,False,True,0.0,0.0
full_coverage_complete,1stcol4thboy,2617,0,0,4,True,False,True,0.0,0.0
full_coverage_complete,1stcol4thboy,2618,0,0,5,True,False,True,0.0,0.0
full_coverage_complete,1stcol4thboy,2619,0,0,4,True,False,True,0.0,0.0
full_coverage_complete,1stcol4thboy,2620,0,0,4,True,False,True,0.0,0.0
full_coverage_complete,1stcol4thboy,2621,0,0,4,True,False,True,0.0,0.0
full_coverage_complete,1stcol4thboy,2622,0,0,4,True,False,True,0.0,0.0
full_coverage_complete,1stcol4thboy,2623,0,0,4,True,False,True,0.0,0.0
full_coverage_complete,1stcol4thboy,2624,0,0,4,True,False,True,0.07940971871862797,0.07940971871862797
full_coverage_complete,1stcol4thboy,2625,4,0,4,True,False,True,0.15416249093825846,0.06208099409873114
full_coverage_complete,1stcol4thboy,2626,0,0,5,True,False,True,0.059432684175061826,0.059432684175061826
full_coverage_complete,1stcol4thboy,2627,0,0,4,True,False,True,0.0460863515704108,0.0460863515704108
full_coverage_complete,1stcol4thboy,2628,0,0,4,True,False,True,0.0,0.0
full_coverage_complete,1stcol4thboy,2629,4,0,4,True,False,True,0.0,0.0
full_coverage_complete,1stcol4thboy,2630,0,0,5,True,False,True,0.0,0.0
full_coverage_complete,1stcol4thboy,2631,0,0,5,True,False,True,0.0,0.0
full_coverage_complete,1stcol4thboy,2632,0,1,5,True,False,True,0.0,0.0
full_coverage_complete,1stcol4thboy,2633,0,0,5,True,False,True,0.0,0.0
full_coverage_complete,1stcol4thboy,2634,0,0,4,True,False,True,0.0,0.0
full_coverage_complete,1stcol4thboy,2635,0,0,4,True,False,True,0.0,0.0
full_coverage_complete,1stcol4thboy,2636,0,0,5,True,False,True,0.0,0.0
full_coverage_complete,1stcol4thboy,2637,0,0,4,True,False,True,0.0,0.0
full_coverage_complete,1stcol4thboy,2638,0,0,4,True,False,True,0.0,0.0
full_coverage_complete,1stcol4thboy,2639,0,0,4,True,False,True,0.0,0.0
full_coverage_complete,1stcol4thboy,2640,0,0,4,True,False,True,0.0,0.0
full_coverage_complete,1stcol4thboy,2641,0,0,4,True,False,True,0.0,0.0
full_coverage_complete,1stcol4thboy,2642,0,0,4,True,False,True,0.0,0.0
full_coverage_complete,1stcol4thboy,2643,0,0,4,True,False,True,0.0,0.0
full_coverage_complete,1stcol4thboy,2644,0,0,4,True,False,True,0.0,0.0
full_coverage_complete,1stcol4thboy,2645,0,0,4,True,False,True,0.0,0.0
full_coverage_complete,1stcol4thboy,2646,0,0,4,True,False,True,0.0,0.0
full_coverage_complete,1stcol4thboy,2647,0,0,4,True,False,True,0.0,0.0
full_coverage_complete,1stcol4thboy,2648,0,0,4,True,False,True,0.0,0.0
full_coverage_complete,1stcol4thboy,2649,0,0,5,True,False,True,0.0,0.0
full_coverage_complete,1stcol4thboy,2650,0,0,4,True,False,True,0.0,0.0
full_coverage_complete,1stcol4thboy,2651,0,0,4,True,False,True,0.0,0.0
full_coverage_complete,1stcol4thboy,2652,0,0,4,True,False,True,0.0,0.0
full_coverage_complete,1stcol4thboy,2653,0,0,4,True,False,True,0.0,0.0
full_coverage_complete,1stcol4thboy,2654,0,0,4,True,False,True,0.0,0.0
full_coverage_complete,1stcol4thboy,2655,0,0,5,True,False,True,0.0,0.0
full_coverage_complete,1stcol4thboy,2656,0,0,4,True,False,True,0.0,0.0
full_coverage_complete,1stcol4thboy,2657,0,0,4,True,False,True,0.0,0.0
full_coverage_complete,1stcol4thboy,2658,0,0,4,True,False,True,0.0,0.0
full_coverage_complete,1stcol4thboy,2659,0,0,5,True,False,True,0.0,0.0
full_coverage_complete,1stcol4thboy,2660,0,0,5,True,False,True,0.0,0.0
full_coverage_complete,1stcol4thboy,2661,0,0,4,True,False,True,0.0,0.0
full_coverage_complete,1stcol4thboy,2662,0,0,4,True,False,True,0.0,0.0
full_coverage_complete,1stcol4thboy,2663,0,0,4,True,False,True,0.0,0.0
full_coverage_complete,1stcol4thboy,2664,0,0,4,True,False,True,0.0,0.0
full_coverage_complete,1stcol4thboy,2665,0,0,4,True,False,True,0.0,0.0
full_coverage_complete,1stcol4thboy,2666,0,0,4,True,False,True,0.0,0.0
full_coverage_complete,1stcol4thboy,2667,0,0,5,True,False,True,0.0,0.0
full_coverage_complete,1stcol4thboy,2668,0,0,4,True,False,True,0.0,0.0
full_coverage_complete,1stcol4thboy,2669,0,0,4,True,False,True,0.0,0.0
full_coverage_complete,1stcol4thboy,2670,0,0,5,True,False,True,0.0,0.0
full_coverage_complete,1stcol4thboy,2671,0,0,5,True,False,True,0.0,0.0
full_coverage_complete,1stcol4thboy,2672,0,0,4,True,False,True,0.0,0.0
full_coverage_complete,1stcol4thboy,2673,0,0,4,True,False,True,0.0,0.0
full_coverage_complete,1stcol4thboy,2674,0,0,2,True,False,True,0.0,0.0
full_coverage_complete,1stcol4thboy,2675,0,0,4,True,False,True,0.0,0.0
full_coverage_complete,1stcol4thboy,2676,0,0,4,True,False,True,0.0,0.0
full_coverage_complete,1stcol4thboy,2677,0,0,4,True,False,True,0.0,0.0
full_coverage_complete,1stcol4thboy,2678,0,0,4,True,False,True,0.0,0.0
full_coverage_complete,1stcol4thboy,2679,0,0,4,True,False,True,0.0,0.0
full_coverage_complete,1stcol4thboy,2680,0,1,4,True,False,True,0.0,0.0
full_coverage_complete,1stcol4thboy,2681,0,0,5,True,False,True,0.0,0.0
full_coverage_complete,1stcol4thboy,2682,0,0,4,True,False,True,0.0,0.0
full_coverage_complete,1stcol4thboy,2683,0,0,4,True,False,True,0.0,0.0
full_coverage_complete,1stcol4thboy,2684,0,0,4,True,False,True,0.0,0.0
full_coverage_complete,1stcol4thboy,2685,0,0,4,True,False,True,0.0,0.0
full_coverage_complete,1stcol4thboy,2686,0,0,5,True,False,True,0.0,0.0
full_coverage_complete,1stcol4thboy,2687,0,0,4,True,False,True,0.0,0.0
full_coverage_complete,1stcol4thboy,2688,0,0,4,True,False,True,0.0,0.0
full_coverage_complete,1stcol4thboy,2689,0,0,4,True,False,True,0.0,0.0
full_coverage_complete,1stcol4thboy,2690,0,0,4,True,False,True,0.0,0.0
full_coverage_complete,1stcol4thboy,2691,4,0,4,True,False,True,0.0,0.0
full_coverage_complete,1stcol4thboy,2692,0,0,5,True,False,True,0.0,0.0
full_coverage_complete,1stcol4thboy,2693,5,0,5,True,False,True,0.0,0.0
full_coverage_complete,1stcol4thboy,2694,0,0,5,True,False,True,0.0,0.0
full_coverage_complete,1stcol4thboy,2695,0,0,5,True,False,True,0.0,0.0
full_coverage_complete,1stcol4thboy,2696,0,0,5,True,False,True,0.0,0.0
full_coverage_complete,1stcol4thboy,2697,0,0,5,True,False,True,0.0,0.0
full_coverage_complete,1stcol4thboy,2698,0,0,5,True,False,True,0.0,0.0
full_coverage_complete,1stcol4thboy,2699,0,0,2,True,False,True,0.0,0.0
full_coverage_complete,1stcol4thboy,2700,5,0,5,True,False,True,0.0,0.0
full_coverage_complete,1stcol4thboy,2701,0,0,2,True,False,True,0.0,0.0
full_coverage_complete,1stcol4thboy,2702,0,0,2,True,False,True,0.0,0.0
full_coverage_complete,1stcol4thboy,2703,0,0,2,True,False,True,0.0,0.0
full_coverage_complete,1stcol4thboy,2704,0,0,2,True,False,True,0.0,0.0
full_coverage_complete,1stcol4thboy,2705,0,0,4,True,False,True,0.0,0.0
full_coverage_complete,1stcol4thboy,2706,0,0,5,True,False,True,0.0,0.0
full_coverage_complete,1stcol4thboy,2707,0,0,5,True,False,True,0.0,0.0
full_coverage_complete,1stcol4thboy,2708,0,0,2,True,False,True,0.0,0.0
full_coverage_complete,1stcol4thboy,2709,0,0,4,True,False,True,0.0,0.0
full_coverage_complete,1stcol4thboy,2710,0,0,4,True,False,True,0.0,0.0
full_coverage_complete,1stcol4thboy,2711,0,0,5,True,False,True,0.0,0.0
full_coverage_complete,1stcol4thboy,2712,0,0,5,True,False,True,0.0,0.0
full_coverage_complete,1stcol4thboy,2714,0,0,2,True,False,True,0.0,0.0
full_coverage_complete,1stcol4thboy,2715,0,0,4,True,False,True,0.0,0.0
full_coverage_complete,1stcol4thboy,2716,4,2,4,True,False,True,0.0,0.0
full_coverage_complete,1stcol4thboy,2717,0,0,5,True,False,True,0.0,0.0
full_coverage_complete,1stcol4thboy,2718,0,0,4,True,False,True,0.0,0.0
full_coverage_complete,1stcol4thboy,2719,0,0,6,True,False,True,0.0,0.0
full_coverage_complete,1stcol4thboy,2720,0,0,4,True,False,True,0.0,0.0
full_coverage_complete,1stcol4thboy,2721,0,0,4,True,False,True,0.0,0.0
full_coverage_complete,1stcol4thboy,2722,0,0,5,True,False,True,0.0,0.0
full_coverage_complete,1stcol4thboy,2723,0,0,5,True,False,True,0.0,0.0
full_coverage_complete,1stcol4thboy,2724,0,0,4,True,False,True,0.0,0.0
full_coverage_complete,1stcol4thboy,2725,0,0,4,True,False,True,0.0,0.0
full_coverage_complete,1stcol4thboy,2726,0,0,4,True,False,True,0.0,0.0
full_coverage_complete,1stcol4thboy,2727,0,0,5,True,False,True,0.0,0.0
full_coverage_complete,1stcol4thboy,2728,0,0,5,True,False,True,0.0,0.0
full_coverage_complete,1stcol4thboy,2729,0,0,2,True,False,True,0.0,0.0
full_coverage_complete,1stcol4thboy,2730,0,0,1,True,False,True,0.0,0.0
full_coverage_complete,1stcol4thboy,2731,0,0,4,True,False,True,0.0,0.0
full_coverage_complete,1stcol4thboy,2732,0,0,2,True,False,True,0.0,0.0
full_coverage_complete,1stcol4thboy,2733,0,0,4,True,False,True,0.0,0.0
full_coverage_complete,1stcol4thboy,2734,0,0,4,True,False,True,0.0,0.0
full_coverage_complete,1stcol4thboy,2735,0,0,2,True,False,True,0.0,0.0
full_coverage_complete,1stcol4thboy,2736,0,0,4,True,False,True,0.0,0.0
full_coverage_complete,1stcol4thboy,2737,0,0,4,True,False,True,0.0,0.0
full_coverage_complete,1stcol4thboy,2738,0,0,4,True,False,True,0.0,0.0
full_coverage_complete,1stcol4thboy,2739,4,0,4,True,False,True,0.0,0.0
full_coverage_complete,1stcol4thboy,2740,5,0,5,True,False,True,0.0,0.0
full_coverage_complete,1stcol4thboy,2741,0,0,2,True,False,True,0.0,0.0
full_coverage_complete,1stcol4thboy,2742,0,0,4,True,False,True,0.0,0.0
full_coverage_complete,1stcol4thboy,2743,0,0,4,True,False,True,0.0,0.0
full_coverage_complete,1stcol4thboy,2744,0,0,4,True,False,True,0.0,0.0
full_coverage_complete,1stcol4thboy,2745,0,0,4,True,False,True,0.0,0.0
full_coverage_complete,1stcol4thboy,2746,0,0,5,True,False,True,0.0,0.0
full_coverage_complete,1stcol4thboy,2747,0,0,5,True,False,True,0.0,0.0
full_coverage_complete,1stcol4thboy,2748,0,0,2,True,False,True,0.0,0.0
full_coverage_complete,1stcol4thboy,2749,0,0,4,True,False,True,0.0,0.0
full_coverage_complete,1stcol4thboy,2750,0,0,4,True,False,True,0.0,0.0
full_coverage_complete,1stcol4thboy,2751,0,0,5,True,False,True,0.0,0.0
full_coverage_complete,1stcol4thboy,2752,0,0,2,True,False,True,0.0,0.0
full_coverage_complete,1stcol4thboy,2753,0,0,2,True,False,True,0.0,0.0
full_coverage_complete,1stcol4thboy,2754,0,0,2,True,False,True,0.0,0.0
full_coverage_complete,1stcol4thboy,2755,0,0,4,True,False,True,0.0,0.0
full_coverage_complete,1stcol4thboy,2756,0,0,4,True,False,True,0.0,0.0
full_coverage_complete,1stcol4thboy,2757,0,0,4,True,False,True,0.0,0.0
full_coverage_complete,1stcol4thboy,2758,0,0,4,True,False,True,0.0,0.0
full_coverage_complete,1stcol4thboy,2759,0,1,4,True,False,True,0.0,0.0
full_coverage_complete,1stcol4thboy,2760,0,0,1,True,False,True,0.0,0.0
full_coverage_complete,1stcol4thboy,2761,0,0,4,True,False,True,0.0,0.0
full_coverage_complete,1stcol4thboy,2762,4,0,4,True,False,True,0.0,0.0
full_coverage_complete,1stcol4thboy,2763,0,0,5,True,False,True,0.0,0.0
full_coverage_complete,1stcol4thboy,2764,0,0,2,True,False,True,0.0,0.0
full_coverage_complete,1stcol4thboy,2765,0,0,4,True,False,True,0.0,0.0
full_coverage_complete,1stcol4thboy,2766,0,0,2,True,False,True,0.0,0.0
full_coverage_complete,1stcol4thboy,2767,0,0,4,True,False,True,0.0,0.0
full_coverage_complete,1stcol4thboy,2768,0,0,4,True,False,True,0.0,0.0
full_coverage_complete,1stcol4thboy,2769,0,0,4,True,False,True,0.0,0.0
full_coverage_complete,1stcol4thboy,2770,0,0,2,True,False,True,0.0,0.0
full_coverage_complete,1stcol4thboy,2771,0,0,4,True,False,True,0.0,0.0
full_coverage_complete,1stcol4thboy,2772,0,0,5,True,False,True,0.0,0.0
full_coverage_complete,1stcol4thboy,2773,0,0,5,True,False,True,0.0,0.0
full_coverage_complete,1stcol4thboy,2774,0,0,4,True,False,True,0.0,0.0
full_coverage_complete,1stcol4thboy,2775,0,0,2,True,False,True,0.0,0.0
full_coverage_complete,1stcol4thboy,2776,0,0,5,True,False,True,0.0,0.0
full_coverage_complete,1stcol4thboy,2778,0,0,2,True,False,True,0.0,0.0
full_coverage_complete,1stcol4thboy,2779,0,0,2,True,False,True,0.0,0.0
full_coverage_complete,1stcol4thboy,2780,0,2,4,True,False,True,0.0,0.0
full_coverage_complete,1stcol4thboy,2781,0,0,6,True,False,True,0.0,0.0
full_coverage_complete,1stcol4thboy,2782,0,0,2,True,False,True,0.0,0.0
full_coverage_complete,1stcol4thboy,2783,0,0,2,True,False,True,0.0,0.0
full_coverage_complete,1stcol4thboy,2784,0,0,5,True,False,True,0.0,0.0
full_coverage_complete,1stcol4thboy,2785,0,0,4,True,False,True,0.0,0.0
full_coverage_complete,1stcol4thboy,2786,0,0,2,True,False,True,0.0,0.0
full_coverage_complete,1stcol4thboy,2787,0,0,2,True,False,True,0.0,0.0
full_coverage_complete,1stcol4thboy,2788,0,0,4,True,False,True,0.0,0.0
full_coverage_complete,1stcol4thboy,2789,0,0,2,True,False,True,0.0,0.0
full_coverage_complete,1stcol4thboy,2790,0,0,2,True,False,True,0.0,0.0
full_coverage_complete,1stcol4thboy,2791,0,0,2,True,False,True,0.0,0.0
full_coverage_complete,1stcol4thboy,2792,0,0,4,True,False,True,0.0,0.0
full_coverage_complete,1stcol4thboy,2793,0,0,4,True,False,True,0.0,0.0
full_coverage_complete,1stcol4thboy,2794,0,0,2,True,False,True,0.0,0.0
full_coverage_complete,1stcol4thboy,2795,0,0,2,True,False,True,0.0,0.0
full_coverage_complete,1stcol4thboy,2796,0,0,2,True,False,True,0.0,0.0
full_coverage_complete,1stcol4thboy,2797,0,0,2,True,False,True,0.0,0.0
full_coverage_complete,1stcol4thboy,2798,0,0,1,True,False,True,0.0,0.0
full_coverage_complete,1stcol4thboy,2799,5,0,5,True,False,True,0.0,0.0
full_coverage_complete,1stcol4thboy,2800,4,1,4,True,False,True,0.0,0.0
full_coverage_complete,1stcol4thboy,2801,0,0,4,True,False,True,0.0,0.0
full_coverage_complete,1stcol4thboy,2802,0,0,4,True,False,True,0.0,0.0
full_coverage_complete,1stcol4thboy,2803,0,0,5,True,False,True,0.0,0.0
full_coverage_complete,1stcol4thboy,2804,0,0,2,True,False,True,0.0,0.0
full_coverage_complete,1stcol4thboy,2805,0,0,2,True,False,True,0.0,0.0
full_coverage_complete,1stcol4thboy,2806,0,0,4,True,False,True,0.0,0.0
full_coverage_complete,1stcol4thboy,2807,0,0,4,True,False,True,0.0,0.0
full_coverage_complete,1stcol4thboy,2808,0,0,5,True,False,True,0.0,0.0
full_coverage_complete,1stcol4thboy,2809,0,0,4,True,False,True,0.0,0.0
full_coverage_complete,1stcol4thboy,2810,0,0,4,True,False,True,0.0,0.0
full_coverage_complete,1stcol4thboy,2811,0,0,4,True,False,True,0.0,0.0
full_coverage_complete,1stcol4thboy,2812,0,0,2,True,False,True,0.0,0.0
full_coverage_complete,1stcol4thboy,2813,0,0,4,True,False,True,0.0,0.0
full_coverage_complete,1stcol4thboy,2814,0,0,4,True,False,True,0.0,0.0
full_coverage_complete,1stcol4thboy,2815,0,0,2,True,False,True,0.0,0.0
full_coverage_complete,1stcol4thboy,2816,0,0,4,True,False,True,0.0,0.0
full_coverage_complete,1stcol4thboy,2817,0,0,4,True,False,True,0.0,0.0
full_coverage_complete,1stcol4thboy,2818,0,0,5,True,False,True,0.0,0.0
full_coverage_complete,1stcol4thboy,2819,0,0,4,True,False,True,0.0,0.0
full_coverage_complete,1stcol4thboy,2820,0,1,2,True,False,True,0.0,0.0
full_coverage_complete,1stcol4thboy,2821,0,0,4,True,False,True,0.0,0.0
full_coverage_complete,1stcol4thboy,2822,0,0,4,True,False,True,0.0,0.0
full_coverage_complete,1stcol4thboy,2823,0,0,2,True,False,True,0.0,0.0
full_coverage_complete,1stcol4thboy,2824,4,0,4,True,False,True,0.0,0.0
full_coverage_complete,1stcol4thboy,2825,0,0,5,True,False,True,0.0,0.0
full_coverage_complete,1stcol4thboy,2826,0,0,4,True,False,True,0.0,0.0
full_coverage_complete,1stcol4thboy,2827,0,0,5,True,False,True,0.0,0.0
full_coverage_complete,1stcol4thboy,2828,0,0,2,True,False,True,0.0,0.0
full_coverage_complete,1stcol4thboy,2829,0,0,2,True,False,True,0.0,0.0
full_coverage_complete,1stcol4thboy,2830,0,0,2,True,False,True,0.0,0.0
full_coverage_complete,1stcol4thboy,2831,0,0,2,True,False,True,0.0,0.0
full_coverage_complete,1stcol4thboy,2833,0,0,2,True,False,True,0.0,0.0
full_coverage_complete,1stcol4thboy,2834,0,0,2,True,False,True,0.0,0.0
full_coverage_complete,1stcol4thboy,2835,0,0,2,True,False,True,0.0,0.0
full_coverage_complete,1stcol4thboy,2836,0,0,2,True,False,True,0.0,0.0
full_coverage_complete,1stcol4thboy,2837,0,0,2,True,False,True,0.0,0.0
full_coverage_complete,1stcol4thboy,2838,0,0,4,True,False,True,0.0,0.0
full_coverage_complete,1stcol4thboy,2839,0,0,5,True,False,True,0.0,0.0
full_coverage_complete,1stcol4thboy,2840,4,2,4,True,False,True,0.0,0.0
full_coverage_complete,1stcol4thboy,2841,0,0,5,True,False,True,0.0,0.0
full_coverage_complete,1stcol4thboy,2842,0,0,5,True,False,True,0.0,0.0
full_coverage_complete,1stcol4thboy,2843,0,0,5,True,False,True,0.0,0.0
full_coverage_complete,1stcol4thboy,2844,5,2,5,True,False,True,0.0,0.0
full_coverage_complete,1stcol4thboy,2845,0,0,1,True,False,True,0.0,0.0
full_coverage_complete,1stcol4thboy,2846,0,0,4,True,False,True,0.0,0.0
full_coverage_complete,1stcol4thboy,2847,0,0,2,True,False,True,0.0,0.0
full_coverage_complete,1stcol4thboy,2848,0,0,4,True,False,True,0.0,0.0
full_coverage_complete,1stcol4thboy,2849,0,0,4,True,False,True,0.0,0.0
full_coverage_complete,1stcol4thboy,2850,0,0,4,True,False,True,0.0,0.0
full_coverage_complete,1stcol4thboy,2851,0,0,4,True,False,True,0.0,0.0
full_coverage_complete,1stcol4thboy,2852,0,0,4,True,False,True,0.0,0.0
full_coverage_complete,1stcol4thboy,2853,0,0,4,True,False,True,0.0,0.0
full_coverage_complete,1stcol4thboy,2854,0,0,2,True,False,True,0.0,0.0
full_coverage_complete,1stcol4thboy,2855,0,0,2,True,False,True,0.0,0.0
full_coverage_complete,1stcol4thboy,2856,0,0,4,True,False,True,0.0,0.0
full_coverage_complete,1stcol4thboy,2857,0,0,2,True,False,True,0.0,0.0
full_coverage_complete,1stcol4thboy,2858,0,0,5,True,False,True,0.0,0.0
full_coverage_complete,1stcol4thboy,2859,0,0,4,True,False,True,0.0,0.0
full_coverage_complete,1stcol4thboy,2860,0,0,5,True,False,True,0.0,0.0
full_coverage_complete,1stcol4thboy,2861,0,0,5,True,False,True,0.0,0.0
full_coverage_complete,1stcol4thboy,2862,0,0,5,True,False,True,0.0,0.0
full_coverage_complete,1stcol4thboy,2863,4,2,4,True,False,True,0.0,0.0
full_coverage_complete,1stcol4thboy,2864,0,0,5,True,False,True,0.0,0.0
full_coverage_complete,1stcol4thboy,2865,0,0,4,True,False,True,0.0,0.0
full_coverage_complete,1stcol4thboy,2866,0,0,5,True,False,True,0.0,0.0
full_coverage_complete,1stcol4thboy,2867,0,0,5,True,False,True,0.0,0.0
full_coverage_complete,1stcol4thboy,2868,0,0,4,True,False,True,0.0,0.0
full_coverage_complete,1stcol4thboy,2869,0,0,2,True,False,True,0.0,0.0
full_coverage_complete,1stcol4thboy,2870,0,0,4,True,False,True,0.0,0.0
full_coverage_complete,1stcol4thboy,2871,0,0,4,True,False,True,0.0,0.0
full_coverage_complete,1stcol4thboy,2872,0,0,4,True,False,True,0.0,0.0
full_coverage_complete,1stcol4thboy,2873,0,0,5,True,False,True,0.0,0.0
full_coverage_complete,1stcol4thboy,2874,0,0,5,True,False,True,0.0,0.0
full_coverage_complete,1stcol4thboy,2875,0,0,2,True,False,True,0.0,0.0
full_coverage_complete,1stcol4thboy,2876,0,0,4,True,False,True,0.0,0.0
full_coverage_complete,1stcol4thboy,2877,0,0,4,True,False,True,0.0,0.0
full_coverage_complete,1stcol4thboy,2878,0,0,4,True,False,True,0.0,0.0
full_coverage_complete,1stcol4thboy,2879,0,0,4,True,False,True,0.0,0.0
full_coverage_complete,1stcol4thboy,2880,0,0,4,True,False,True,0.0,0.0
full_coverage_complete,1stcol4thboy,2881,0,0,4,True,False,True,0.0,0.0
full_coverage_complete,1stcol4thboy,2882,0,0,4,True,False,True,0.0,0.0
full_coverage_complete,1stcol4thboy,2883,0,0,2,True,False,True,0.0,0.0
full_coverage_complete,1stcol4thboy,2884,0,0,5,True,False,True,0.0,0.0
full_coverage_complete,1stcol4thboy,2885,0,0,4,True,False,True,0.0,0.0
full_coverage_complete,1stcol4thboy,2886,0,0,4,True,False,True,0.0,0.0
full_coverage_complete,1stcol4thboy,2887,0,0,4,True,False,True,0.0,0.0
full_coverage_complete,1stcol4thboy,2888,0,0,4,True,False,True,0.0,0.0
full_coverage_complete,1stcol4thboy,2889,0,0,4,True,False,True,0.0,0.0
full_coverage_complete,1stcol4thboy,2890,0,0,4,True,False,True,0.0,0.0
full_coverage_complete,1stcol4thboy,2891,0,0,4,True,False,True,0.0,0.0
full_coverage_complete,1stcol4thboy,2892,0,0,4,True,False,True,0.0,0.0
full_coverage_complete,1stcol4thboy,2893,0,0,4,True,False,True,0.0,0.0
full_coverage_complete,1stcol4thboy,2894,0,0,4,True,False,True,0.0,0.0
full_coverage_complete,1stcol4thboy,2895,0,0,5,True,False,True,0.0,0.0
full_coverage_complete,1stcol4thboy,2896,0,0,5,True,False,True,0.0,0.0
full_coverage_complete,1stcol4thboy,2897,0,0,2,True,False,True,0.0,0.0
full_coverage_complete,1stcol4thboy,2898,0,0,4,True,False,True,0.0,0.0
full_coverage_complete,1stcol4thboy,2899,0,0,4,True,False,True,0.0,0.0
full_coverage_complete,1stcol4thboy,2900,0,0,5,True,False,True,0.0,0.0
full_coverage_complete,1stcol4thboy,2901,0,0,4,True,False,True,0.0,0.0
full_coverage_complete,1stcol4thboy,2902,0,0,2,True,False,True,0.0,0.0
full_coverage_complete,1stcol4thboy,2903,0,0,4,True,False,True,0.0,0.0
full_coverage_complete,1stcol4thboy,2904,0,0,4,True,False,True,0.0,0.0
full_coverage_complete,1stcol4thboy,2905,0,0,5,True,False,True,0.0,0.0
full_coverage_complete,1stcol4thboy,2906,0,0,4,True,False,True,0.0,0.0
full_coverage_complete,1stcol4thboy,2907,0,0,4,True,False,True,0.0,0.0
full_coverage_complete,1stcol4thboy,2908,0,0,4,True,False,True,0.0,0.0
full_coverage_complete,1stcol4thboy,2909,4,0,4,True,False,True,0.0,0.0
full_coverage_complete,1stcol4thboy,2910,0,0,5,True,False,True,0.0,0.0
full_coverage_complete,1stcol4thboy,2911,0,0,5,True,False,True,0.0,0.0
full_coverage_complete,1stcol4thboy,2912,0,1,2,True,False,True,0.0,0.0
full_coverage_complete,1stcol4thboy,2913,0,0,5,True,False,True,0.0,0.0
full_coverage_complete,1stcol4thboy,2914,0,0,2,True,False,True,0.0,0.0
full_coverage_complete,1stcol4thboy,2915,0,0,2,True,False,True,0.0,0.0
full_coverage_complete,1stcol4thboy,2916,0,0,5,True,False,True,0.0,0.0
full_coverage_complete,1stcol4thboy,2917,4,0,4,True,False,True,0.0,0.0
full_coverage_complete,1stcol4thboy,2918,0,0,5,True,False,True,0.0,0.0
full_coverage_complete,1stcol4thboy,2919,4,0,4,True,False,True,0.0,0.0
full_coverage_complete,1stcol4thboy,2920,0,0,5,True,False,True,0.0,0.0
full_coverage_complete,1stcol4thboy,2921,0,0,2,True,False,True,0.0,0.0
full_coverage_complete,1stcol4thboy,2922,0,0,4,True,False,True,0.0,0.0
full_coverage_complete,1stcol4thboy,2923,0,1,4,True,False,True,0.0,0.0
full_coverage_complete,1stcol4thboy,2924,0,0,4,True,False,True,0.0,0.0
full_coverage_complete,1stcol4thboy,2925,0,0,4,True,False,True,0.0,0.0
full_coverage_complete,1stcol4thboy,2926,0,0,4,True,False,True,0.0,0.0
full_coverage_complete,1stcol4thboy,2927,0,0,4,True,False,True,0.0,0.0
full_coverage_complete,1stcol4thboy,2928,0,0,4,True,False,True,0.0,0.0
full_coverage_complete,1stcol4thboy,2929,0,0,5,True,False,True,0.0,0.0
full_coverage_complete,1stcol4thboy,2930,0,0,2,True,False,True,0.0,0.0
full_coverage_complete,1stcol4thboy,2931,0,0,4,True,False,True,0.0,0.0
full_coverage_complete,1stcol4thboy,2932,0,0,4,True,False,True,0.0,0.0
full_coverage_complete,1stcol4thboy,2933,0,0,4,True,False,True,0.0,0.0
full_coverage_complete,1stcol4thboy,2934,5,3,5,True,False,True,0.0,0.0
full_coverage_complete,1stcol4thboy,2935,0,0,4,True,False,True,0.0,0.0
full_coverage_complete,1stcol4thboy,2936,0,1,5,True,False,True,0.0,0.0
full_coverage_complete,1stcol4thboy,2937,6,3,6,True,False,True,0.0,0.0
full_coverage_complete,1stcol4thboy,2938,0,0,6,True,False,True,0.0,0.0
full_coverage_complete,1stcol4thboy,2939,0,0,4,True,False,True,0.0,0.0
full_coverage_complete,1stcol4thboy,2940,0,0,4,True,False,True,0.0,0.0
full_coverage_complete,1stcol4thboy,2941,0,0,4,True,False,True,0.0,0.0
full_coverage_complete,1stcol4thboy,2942,0,0,4,True,False,True,0.0,0.0
full_coverage_complete,1stcol4thboy,2943,0,0,2,True,False,True,0.10436374196326999,0.10436374196326999
full_coverage_complete,1stcol4thboy,2945,0,0,4,True,False,True,0.08078314280026619,0.08078314280026619
full_coverage_complete,1stcol4thboy,2946,0,0,4,True,False,True,0.09962666092716922,0.09962666092716922
full_coverage_complete,1stcol4thboy,2947,0,0,2,True,False,True,0.0,0.0
full_coverage_complete,1stcol4thboy,2948,0,0,4,True,False,True,0.0,0.0
full_coverage_complete,1stcol4thboy,2949,0,0,2,True,False,True,0.0,0.0
full_coverage_complete,1stcol4thboy,2950,0,0,2,True,False,True,0.0,0.0
full_coverage_complete,1stcol4thboy,2951,0,0,4,True,False,True,0.0,0.0
full_coverage_complete,1stcol4thboy,2952,0,0,2,True,False,True,0.0,0.0
full_coverage_complete,1stcol4thboy,2953,0,0,4,True,False,True,0.0,0.0
full_coverage_complete,1stcol4thboy,2954,0,0,4,True,False,True,0.0,0.0
full_coverage_complete,1stcol4thboy,2955,0,0,4,True,False,True,0.0,0.0
full_coverage_complete,1stcol4thboy,2956,0,0,4,True,False,True,0.0,0.0
full_coverage_complete,1stcol4thboy,2957,0,0,2,True,False,True,0.0,0.0
full_coverage_complete,1stcol4thboy,2958,0,0,6,True,False,True,0.0,0.0
full_coverage_complete,1stcol4thboy,2959,0,0,2,True,False,True,0.0,0.0
full_coverage_complete,1stcol4thboy,2960,0,0,2,True,False,True,0.0,0.0
full_coverage_complete,1stcol4thboy,2961,0,0,2,True,False,True,0.0,0.0
full_coverage_complete,1stcol4thboy,2962,0,0,2,True,False,True,0.0,0.0
full_coverage_complete,1stcol4thboy,2963,0,0,1,True,False,True,0.0,0.0
full_coverage_complete,1stcol4thboy,2964,0,0,2,True,False,True,0.0,0.0
full_coverage_complete,1stcol4thboy,2965,0,0,4,True,False,True,0.0,0.0
full_coverage_complete,1stcol4thboy,2966,0,0,2,True,False,True,0.0,0.0
full_coverage_complete,1stcol4thboy,2967,0,0,2,True,False,True,0.0,0.0
full_coverage_complete,1stcol4thboy,2968,0,0,1,True,False,True,0.0,0.0
full_coverage_complete,1stcol4thboy,2969,0,0,4,True,False,True,0.0,0.0
full_coverage_complete,1stcol4thboy,2970,0,0,2,True,False,True,0.0,0.0
full_coverage_complete,1stcol4thboy,2971,0,0,2,True,False,True,0.0,0.0
full_coverage_complete,1stcol4thboy,2972,0,0,2,True,False,True,0.0,0.0
full_coverage_complete,1stcol4thboy,2973,0,0,2,True,False,True,0.0,0.0
full_coverage_complete,1stcol4thboy,2974,0,0,2,True,False,True,0.0,0.0
full_coverage_complete,1stcol4thboy,2975,0,0,5,True,False,True,0.0,0.0
full_coverage_complete,1stcol4thboy,2976,5,2,5,True,False,True,0.0,0.0
full_coverage_complete,1stcol4thboy,2977,0,0,2,True,False,True,0.0,0.0
full_coverage_complete,1stcol4thboy,2978,4,1,4,True,False,True,0.0,0.0
full_coverage_complete,1stcol4thboy,2979,0,0,5,True,False,True,0.0,0.0
full_coverage_complete,1stcol4thboy,2980,0,0,5,True,False,True,0.0,0.0
full_coverage_complete,1stcol4thboy,2981,0,0,5,True,False,True,0.0,0.0
full_coverage_complete,1stcol4thboy,2982,0,0,1,True,False,True,0.0,0.0
full_coverage_complete,1stcol4thboy,2983,0,0,2,True,False,True,0.0,0.0
full_coverage_complete,1stcol4thboy,2984,0,0,2,True,False,True,0.0,0.0
full_coverage_complete,1stcol4thboy,2985,0,0,2,True,False,True,0.0,0.0
full_coverage_complete,1stcol4thboy,2986,0,0,5,True,False,True,0.0,0.0
full_coverage_complete,1stcol4thboy,2987,0,0,2,True,False,True,0.0,0.0
full_coverage_complete,1stcol4thboy,2988,0,0,4,True,False,True,0.0,0.0
full_coverage_complete,1stcol4thboy,2989,0,0,2,True,False,True,0.0,0.0
full_coverage_complete,1stcol4thboy,2990,0,0,2,True,False,True,0.0,0.0
full_coverage_complete,1stcol4thboy,2992,0,0,2,True,False,True,0.0,0.0
full_coverage_complete,1stcol4thboy,2994,0,0,2,True,False,True,0.0,0.0
full_coverage_complete,1stcol4thboy,2995,0,0,2,True,False,True,0.0,0.0
full_coverage_complete,1stcol4thboy,2996,0,0,2,True,False,True,0.0,0.0
full_coverage_complete,1stcol4thboy,2997,0,0,2,True,False,True,0.0,0.0
full_coverage_complete,1stcol4thboy,2998,5,0,5,True,False,True,0.0,0.0
full_coverage_complete,1stcol4thboy,2999,0,0,2,True,False,True,0.0,0.0
full_coverage_complete,1stcol4thboy,3000,0,0,2,True,False,True,0.0,0.0
full_coverage_complete,1stcol4thboy,3001,0,0,2,True,False,True,0.0,0.0
full_coverage_complete,1stcol4thboy,3002,0,0,2,True,False,True,0.0,0.0
full_coverage_complete,1stcol4thboy,3003,0,0,2,True,False,True,0.0,0.0
full_coverage_complete,1stcol4thboy,3004,0,0,2,True,False,True,0.0,0.0
full_coverage_complete,1stcol4thboy,3005,0,0,2,True,False,True,0.0,0.0
full_coverage_complete,1stcol4thboy,3006,0,0,2,True,False,True,0.0,0.0
full_coverage_complete,1stcol4thboy,3007,0,0,2,True,False,True,0.0,0.0
full_coverage_complete,1stcol4thboy,3009,0,0,6,True,False,True,0.0,0.0
full_coverage_complete,1stcol4thboy,3010,0,0,2,True,False,True,0.0,0.0
full_coverage_complete,1stcol4thboy,3011,0,0,2,True,False,True,0.0,0.0
full_coverage_complete,1stcol4thboy,3012,0,0,2,True,False,True,0.0,0.0
full_coverage_complete,1stcol4thboy,3013,0,0,2,True,False,True,0.0,0.0
full_coverage_complete,1stcol4thboy,3014,0,0,5,True,False,True,0.0,0.0
full_coverage_complete,1stcol4thboy,3015,0,0,2,True,False,True,0.0,0.0
full_coverage_complete,1stcol4thboy,3018,0,0,2,True,False,True,0.0,0.0
full_coverage_complete,1stcol4thboy,3019,0,0,5,True,False,True,0.0,0.0
full_coverage_complete,1stcol4thboy,3020,0,0,2,True,False,True,0.0,0.0
full_coverage_complete,1stcol4thboy,3021,0,0,6,True,False,True,0.0,0.0
full_coverage_complete,1stcol4thboy,3025,0,0,2,True,False,True,0.0,0.0
full_coverage_complete,1stcol4thboy,3026,0,0,2,True,False,True,0.0,0.0
full_coverage_complete,1stcol4thboy,3029,0,0,4,True,False,True,0.0,0.0
full_coverage_complete,1stcol4thboy,3032,0,0,2,True,False,True,0.0,0.0
full_coverage_complete,1stcol4thboy,3033,0,0,2,True,False,True,0.0,0.0
full_coverage_complete,1stcol4thboy,3034,0,0,2,True,False,True,0.0,0.0
full_coverage_complete,1stcol4thboy,3035,0,0,1,True,False,True,0.0,0.0
full_coverage_complete,1stcol4thboy,3036,0,0,2,True,False,True,0.0,0.0
full_coverage_complete,1stcol4thboy,3038,0,0,2,True,False,True,0.0,0.0
full_coverage_complete,1stcol4thboy,3039,0,0,2,True,False,True,0.0,0.0
full_coverage_complete,1stcol4thboy,3041,0,0,2,True,False,True,0.0,0.0
full_coverage_complete,1stcol4thboy,3042,0,0,2,True,False,True,0.0,0.0
full_coverage_complete,1stcol4thboy,3043,0,0,2,True,False,True,0.0,0.0
full_coverage_complete,1stcol4thboy,3044,0,0,2,True,False,True,0.0,0.0
full_coverage_complete,1stcol4thboy,3045,0,0,2,True,False,True,0.0,0.0
full_coverage_complete,1stcol4thboy,3046,0,0,2,True,False,True,0.0,0.0
full_coverage_complete,1stcol4thboy,3047,0,0,2,True,False,True,0.0,0.0
full_coverage_complete,1stcol4thboy,3048,0,0,2,True,False,True,0.0,0.0
full_coverage_complete,1stcol4thboy,3050,0,0,2,True,False,True,0.0,0.0
full_coverage_complete,1stcol4thboy,3051,0,0,2,True,False,True,0.0,0.0
full_coverage_complete,1stcol4thboy,3052,0,0,2,True,False,True,0.0,0.0
full_coverage_complete,1stcol4thboy,3053,0,0,2,True,False,True,0.0,0.0
full_coverage_complete,1stcol4thboy,3054,0,0,2,True,False,True,0.0,0.0
full_coverage_complete,1stcol4thboy,3055,0,0,5,True,False,True,0.0,0.0
full_coverage_complete,1stcol4thboy,3056,0,0,2,True,False,True,0.0,0.0
full_coverage_complete,1stcol4thboy,3057,0,0,2,True,False,True,0.0,0.0
full_coverage_complete,1stcol4thboy,3061,0,0,2,True,False,True,0.0,0.0
full_coverage_complete,1stcol4thboy,3064,0,0,2,True,False,True,0.0,0.0
full_coverage_complete,1stcol4thboy,3065,0,0,2,True,False,True,0.0,0.0
full_coverage_complete,1stcol4thboy,3067,0,0,2,True,False,True,0.0,0.0
full_coverage_complete,1stcol4thboy,3068,0,0,2,True,False,True,0.0,0.0
full_coverage_complete,1stcol4thboy,3069,0,0,2,True,False,True,0.0,0.0
full_coverage_complete,1stcol4thboy,3070,0,0,2,True,False,True,0.0,0.0
full_coverage_complete,1stcol4thboy,3071,0,0,2,True,False,True,0.0,0.0
full_coverage_complete,1stcol4thboy,3072,0,0,1,True,False,True,0.0,0.0
full_coverage_complete,1stcol4thboy,3073,0,0,2,True,False,True,0.0,0.0
full_coverage_complete,1stcol4thboy,3074,0,0,2,True,False,True,0.0,0.0
full_coverage_complete,1stcol4thboy,3075,0,0,2,True,False,True,0.0,0.0
full_coverage_complete,1stcol4thboy,3076,0,0,1,True,False,True,0.0,0.0
full_coverage_complete,1stcol4thboy,3077,5,0,5,True,False,True,0.0,0.0
full_coverage_complete,1stcol4thboy,3078,0,0,5,True,False,True,0.0,0.0
full_coverage_complete,1stcol4thboy,3079,0,0,4,True,False,True,0.0,0.0
full_coverage_complete,1stcol4thboy,3081,0,0,2,True,False,True,0.0,0.0
full_coverage_complete,1stcol4thboy,3083,0,0,2,True,False,True,0.0,0.0
full_coverage_complete,1stcol4thboy,3085,0,0,6,True,False,True,0.0,0.0
full_coverage_complete,1stcol4thboy,3086,0,0,2,True,False,True,0.0,0.0
full_coverage_complete,1stcol4thboy,3087,0,0,2,True,False,True,0.0,0.0
full_coverage_complete,1stcol4thboy,3088,0,0,2,True,False,True,0.0,0.0
full_coverage_complete,1stcol4thboy,3089,0,0,2,True,False,True,0.0,0.0
full_coverage_complete,1stcol4thboy,3090,0,0,2,True,False,True,0.0,0.0
full_coverage_complete,1stcol4thboy,3091,0,0,2,True,False,True,0.0,0.0
full_coverage_complete,1stcol4thboy,3092,0,0,2,True,False,True,0.0,0.0
full_coverage_complete,1stcol4thboy,3093,0,0,2,True,False,True,0.0,0.0
full_coverage_complete,1stcol4thboy,3094,0,0,1,True,False,True,0.0,0.0
full_coverage_complete,1stcol4thboy,3095,0,0,5,True,False,True,0.0,0.0
full_coverage_complete,1stcol4thboy,3097,0,0,5,True,False,True,0.0,0.0
full_coverage_complete,1stcol4thboy,3098,0,0,4,True,False,True,0.0,0.0
full_coverage_complete,1stcol4thboy,3099,0,0,2,True,False,True,0.0,0.0
full_coverage_complete,1stcol4thboy,3100,0,0,2,True,False,True,0.0,0.0
full_coverage_complete,1stcol4thboy,3101,0,0,2,True,False,True,0.0,0.0
full_coverage_complete,1stcol4thboy,3102,5,1,5,True,False,True,0.0,0.3153456783070031
full_coverage_complete,1stcol4thboy,3103,0,0,5,True,False,True,0.3387618878294303,0.3387618878294303
full_coverage_complete,1stcol4thboy,3104,0,0,5,True,False,True,0.509920574885012,0.509920574885012
full_coverage_complete,1stcol4thboy,3105,0,0,2,True,False,True,0.2841323742326883,0.2841323742326883
full_coverage_complete,1stcol4thboy,3106,0,0,2,True,False,True,0.0,0.0
full_coverage_complete,1stcol4thboy,3107,0,0,4,True,False,True,0.0,0.0
full_coverage_complete,1stcol4thboy,3108,0,0,4,True,False,True,0.0,0.0
full_coverage_complete,1stcol4thboy,3109,0,0,2,True,False,True,0.0,0.0
full_coverage_complete,1stcol4thboy,3110,0,0,4,True,False,True,0.0,0.0
full_coverage_complete,1stcol4thboy,3111,0,0,2,True,False,True,0.0,0.0
full_coverage_complete,1stcol4thboy,3113,0,0,2,True,False,True,0.0,0.0
full_coverage_complete,1stcol4thboy,3114,0,0,1,True,False,True,0.0,0.0
full_coverage_complete,1stcol4thboy,3115,0,0,2,True,False,True,0.0,0.0
full_coverage_complete,1stcol4thboy,3116,0,0,2,True,False,True,0.0,0.0
full_coverage_complete,1stcol4thboy,3117,0,0,2,True,False,True,0.0,0.0
full_coverage_complete,1stcol4thboy,3118,0,0,2,True,False,True,0.0,0.0
full_coverage_complete,1stcol4thboy,3119,0,0,2,True,False,True,0.0,0.0
full_coverage_complete,1stcol4thboy,3120,0,0,2,True,False,True,0.0,0.0
full_coverage_complete,1stcol4thboy,3121,0,0,2,True,False,True,0.0,0.0
full_coverage_complete,1stcol4thboy,3122,0,0,2,True,False,True,0.0,0.0
full_coverage_complete,1stcol4thboy,3123,0,0,2,True,False,True,0.0,0.0
full_coverage_complete,1stcol4thboy,3124,0,0,2,True,False,True,0.0,0.0
full_coverage_complete,1stcol4thboy,3125,0,0,2,True,False,True,0.0,0.0
full_coverage_complete,1stcol4thboy,3126,0,0,5,True,False,True,0.0,0.0
full_coverage_complete,1stcol4thboy,3127,0,0,1,True,False,True,0.0,0.0
full_coverage_complete,1stcol4thboy,3128,0,0,2,True,False,True,0.0,0.0
full_coverage_complete,1stcol4thboy,3129,0,0,2,True,False,True,0.0,0.0
full_coverage_complete,1stcol4thboy,3131,0,0,4,True,False,True,0.0,0.0
full_coverage_complete,1stcol4thboy,3132,0,0,2,True,False,True,0.0,0.0
full_coverage_complete,1stcol4thboy,3133,0,0,4,True,False,True,0.0,0.0
full_coverage_complete,1stcol4thboy,3134,0,0,5,True,False,True,0.0,0.0
full_coverage_complete,1stcol4thboy,3135,0,0,4,True,False,True,0.0,0.0
full_coverage_complete,1stcol4thboy,3136,0,0,4,True,False,True,0.0,0.0
full_coverage_complete,1stcol4thboy,3137,0,0,2,True,False,True,0.0,0.0
full_coverage_complete,1stcol4thboy,3138,0,0,2,True,False,True,0.0,0.0
full_coverage_complete,1stcol4thboy,3139,0,0,4,True,False,True,0.0,0.0
full_coverage_complete,1stcol4thboy,3140,0,0,2,True,False,True,0.0,0.0
full_coverage_complete,1stcol4thboy,3141,0,0,2,True,False,True,0.0,0.0
full_coverage_complete,1stcol4thboy,3142,0,0,2,True,False,True,0.0,0.0
full_coverage_complete,1stcol4thboy,3143,0,0,2,True,False,True,0.0,0.0
full_coverage_complete,1stcol4thboy,3144,0,0,2,True,False,True,0.0,0.0
full_coverage_complete,1stcol4thboy,3145,0,0,2,True,False,True,0.0,0.0
full_coverage_complete,1stcol4thboy,3146,0,0,4,True,False,True,0.0,0.0
full_coverage_complete,1stcol4thboy,3147,0,0,2,True,False,True,0.0,0.0
full_coverage_complete,1stcol4thboy,3148,0,0,2,True,False,True,0.0,0.0
full_coverage_complete,1stcol4thboy,3149,0,0,4,True,False,True,0.0,0.0
full_coverage_complete,1stcol4thboy,3150,0,0,4,True,False,True,0.0,0.0
full_coverage_complete,1stcol4thboy,3151,0,0,2,True,False,True,0.0,0.0
full_coverage_complete,1stcol4thboy,3152,0,0,4,True,False,True,0.0,0.0
full_coverage_complete,1stcol4thboy,3153,0,0,2,True,False,True,0.0,0.0
full_coverage_complete,1stcol4thboy,3154,0,0,2,True,False,True,0.0,0.0
full_coverage_complete,1stcol4thboy,3155,0,0,2,True,False,True,0.0,0.0
full_coverage_complete,1stcol4thboy,3156,4,0,4,True,False,True,0.0,0.6197282791426334
full_coverage_complete,1stcol4thboy,3157,0,0,5,True,False,True,0.7701697671641043,0.7701697671641043
full_coverage_complete,1stcol4thboy,3158,0,0,5,True,False,True,0.7002892099976562,0.7002892099976562
full_coverage_complete,1stcol4thboy,3159,0,0,2,True,False,True,0.4370655776188885,0.4370655776188885
full_coverage_complete,1stcol4thboy,3160,0,0,4,True,False,True,0.0,0.0
full_coverage_complete,1stcol4thboy,3161,0,0,1,True,False,True,0.0,0.0
full_coverage_complete,1stcol4thboy,3162,0,0,4,True,False,True,0.0,0.0
full_coverage_complete,1stcol4thboy,3163,0,0,4,True,False,True,0.0,0.0
full_coverage_complete,1stcol4thboy,3164,0,0,4,True,False,True,0.0,0.0
full_coverage_complete,1stcol4thboy,3165,0,0,4,True,False,True,0.0,0.0
full_coverage_complete,1stcol4thboy,3166,0,0,4,True,False,True,0.0,0.0
full_coverage_complete,1stcol4thboy,3168,0,0,2,True,False,True,0.0,0.0
full_coverage_complete,1stcol4thboy,3169,0,0,4,True,False,True,0.0,0.0
full_coverage_complete,1stcol4thboy,3170,0,0,4,True,False,True,0.0,0.0
full_coverage_complete,1stcol4thboy,3171,0,0,4,True,False,True,0.0,0.0
full_coverage_complete,1stcol4thboy,3172,0,0,2,True,False,True,0.0,0.0
full_coverage_complete,1stcol4thboy,3175,0,0,2,True,False,True,0.0,0.0
full_coverage_complete,1stcol4thboy,3176,0,0,2,True,False,True,0.0,0.0
full_coverage_complete,1stcol4thboy,3177,0,0,4,True,False,True,0.023933212921423377,0.023933212921423377
full_coverage_complete,1stcol4thboy,3178,0,0,5,True,False,True,0.16352586662362134,0.16352586662362134
full_coverage_complete,1stcol4thboy,3179,0,0,5,True,False,True,0.22112847405945196,0.22112847405945196
full_coverage_complete,1stcol4thboy,3180,0,0,2,True,False,True,0.1625824658859415,0.1625824658859415
full_coverage_complete,1stcol4thboy,3181,0,0,4,True,False,True,0.0,0.0
full_coverage_complete,1stcol4thboy,3182,0,0,1,True,False,True,0.0,0.0
full_coverage_complete,1stcol4thboy,3183,0,0,4,True,False,True,0.0,0.0
full_coverage_complete,1stcol4thboy,3184,0,0,6,True,False,True,0.0,0.0
full_coverage_complete,1stcol4thboy,3185,0,0,6,True,False,True,0.0,0.0
full_coverage_complete,1stcol4thboy,3186,0,0,6,True,False,True,0.0,0.0
full_coverage_complete,1stcol4thboy,3187,0,0,5,True,False,True,0.0,0.0
full_coverage_complete,1stcol4thboy,3188,0,0,4,True,False,True,0.0,0.0
full_coverage_complete,1stcol4thboy,3189,0,0,4,True,False,True,0.0,0.0
full_coverage_complete,1stcol4thboy,3190,0,0,4,True,False,True,0.0,0.0
full_coverage_complete,1stcol4thboy,3191,0,0,4,True,False,True,0.0,0.0
full_coverage_complete,1stcol4thboy,3192,0,0,4,True,False,True,0.0,0.0
full_coverage_complete,1stcol4thboy,3193,0,0,4,True,False,True,0.0,0.0
full_coverage_complete,1stcol4thboy,3194,0,0,4,True,False,True,0.0,0.0
full_coverage_complete,1stcol4thboy,3195,0,1,4,True,False,True,0.0,0.0
full_coverage_complete,1stcol4thboy,3196,0,0,5,True,False,True,0.0,0.0
full_coverage_complete,1stcol4thboy,3197,0,0,2,True,False,True,0.0,0.0
full_coverage_complete,1stcol4thboy,3199,0,0,2,True,False,True,0.0,0.0
full_coverage_complete,1stcol4thboy,3200,0,0,2,True,False,True,0.0,0.0
full_coverage_complete,1stcol4thboy,3201,0,0,2,True,False,True,0.0,0.0
full_coverage_complete,1stcol4thboy,3202,0,0,2,True,False,True,0.0,0.0
full_coverage_complete,1stcol4thboy,3203,0,0,1,True,False,True,0.0,0.0
full_coverage_complete,1stcol4thboy,3204,0,0,2,True,False,True,0.0,0.0
full_coverage_complete,1stcol4thboy,3205,0,0,2,True,False,True,0.0,0.0
full_coverage_complete,1stcol4thboy,3206,0,0,6,True,False,True,0.0,0.0
full_coverage_complete,1stcol4thboy,3207,0,0,4,True,False,True,0.0,0.0
full_coverage_complete,1stcol4thboy,3208,0,0,6,True,False,True,0.0,0.0
full_coverage_complete,1stcol4thboy,3209,0,0,1,True,False,True,0.0,0.0
full_coverage_complete,1stcol4thboy,3210,0,0,2,True,False,True,0.0,0.0
full_coverage_complete,1stcol4thboy,3211,0,0,5,True,False,True,0.0,0.0
full_coverage_complete,1stcol4thboy,3212,0,0,5,True,False,True,0.0,0.0
full_coverage_complete,1stcol4thboy,3213,0,0,2,True,False,True,0.0,0.0
full_coverage_complete,1stcol4thboy,3214,0,0,4,True,False,True,0.0,0.0
full_coverage_complete,1stcol4thboy,3215,0,0,4,True,False,True,0.0,0.0
full_coverage_complete,1stcol4thboy,3216,0,0,2,True,False,True,0.0,0.0
full_coverage_complete,1stcol4thboy,3217,0,0,2,True,False,True,0.0,0.0
full_coverage_complete,1stcol4thboy,3218,0,0,2,True,False,True,0.0,0.0
full_coverage_complete,1stcol4thboy,3219,0,0,2,True,False,True,0.0,0.0
full_coverage_complete,1stcol4thboy,3220,0,0,2,True,False,True,0.0,0.0
full_coverage_complete,1stcol4thboy,3221,0,0,1,True,False,True,0.0,0.0
full_coverage_complete,1stcol4thboy,3222,0,0,4,True,False,True,0.0,0.0
full_coverage_complete,1stcol4thboy,3223,0,0,4,True,False,True,0.0,0.0
full_coverage_complete,1stcol4thboy,3224,0,0,2,True,False,True,0.0,0.0
full_coverage_complete,1stcol4thboy,3225,0,0,2,True,False,True,0.0,0.0
full_coverage_complete,1stcol4thboy,3226,0,0,5,True,False,True,0.0,0.0
full_coverage_complete,1stcol4thboy,3227,0,0,2,True,False,True,0.0,0.0
full_coverage_complete,1stcol4thboy,3228,0,0,4,True,False,True,0.0,0.0
full_coverage_complete,1stcol4thboy,3229,0,0,4,True,False,True,0.0,0.0
full_coverage_complete,1stcol4thboy,3230,0,0,5,True,False,True,0.0,0.0
full_coverage_complete,1stcol4thboy,3231,0,0,4,True,False,True,0.0,0.0
full_coverage_complete,1stcol4thboy,3232,0,0,5,True,False,True,0.0,0.0
full_coverage_complete,1stcol4thboy,3233,0,0,2,True,False,True,0.0,0.0
full_coverage_complete,1stcol4thboy,3235,0,0,1,True,False,True,0.0,0.0
full_coverage_complete,1stcol4thboy,3236,0,0,2,True,False,True,0.0,0.0
full_coverage_complete,1stcol4thboy,3237,0,0,5,True,False,True,0.0,0.0
full_coverage_complete,1stcol4thboy,3238,0,0,4,True,False,True,0.0,0.0
full_coverage_complete,1stcol4thboy,3239,4,0,4,True,False,True,0.0,0.47121864183595047
full_coverage_complete,1stcol4thboy,3240,0,0,5,True,False,True,0.2463209223395492,0.2463209223395492
full_coverage_complete,1stcol4thboy,3241,0,0,4,True,False,True,0.32262318225292563,0.32262318225292563
full_coverage_complete,1stcol4thboy,3242,0,0,2,True,False,True,0.4036654102562133,0.4036654102562133
full_coverage_complete,1stcol4thboy,3243,0,0,5,True,False,True,0.3400734357731961,0.3400734357731961
full_coverage_complete,1stcol4thboy,3244,0,0,4,True,False,True,0.3730154687744047,0.3730154687744047
full_coverage_complete,1stcol4thboy,3245,0,0,4,True,False,True,0.3989663216408324,0.3989663216408324
full_coverage_complete,1stcol4thboy,3246,0,0,4,True,False,True,0.40028430474628035,0.40028430474628035
full_coverage_complete,1stcol4thboy,3247,0,0,2,True,False,True,0.3909638456146135,0.3909638456146135
full_coverage_complete,1stcol4thboy,3248,0,0,4,True,False,True,0.41183727339958387,0.41183727339958387
full_coverage_complete,1stcol4thboy,3249,0,0,4,True,False,True,0.4483347378916341,0.4483347378916341
full_coverage_complete,1stcol4thboy,3250,0,0,4,True,False,True,0.5322218483221911,0.5322218483221911
full_coverage_complete,1stcol4thboy,3252,0,0,1,True,False,True,0.0,0.0
full_coverage_complete,1stcol4thboy,3253,0,0,4,True,False,True,0.0,0.0
full_coverage_complete,1stcol4thboy,3254,0,0,4,True,False,True,0.0,0.0
full_coverage_complete,1stcol4thboy,3255,0,0,2,True,False,True,0.0,0.0
full_coverage_complete,1stcol4thboy,3256,5,0,5,True,False,True,0.0,0.0
full_coverage_complete,1stcol4thboy,3257,0,0,4,True,False,True,0.0,0.0
full_coverage_complete,1stcol4thboy,3258,0,0,4,True,False,True,0.0,0.0
full_coverage_complete,1stcol4thboy,3260,0,0,1,True,False,True,0.0,0.0
full_coverage_complete,1stcol4thboy,3261,0,0,4,True,False,True,0.0,0.0
full_coverage_complete,1stcol4thboy,3263,0,0,1,True,False,True,0.0,0.0
full_coverage_complete,1stcol4thboy,3264,0,0,2,True,False,True,0.0,0.0
full_coverage_complete,1stcol4thboy,3265,0,0,2,True,False,True,0.0,0.0
full_coverage_complete,1stcol4thboy,3266,0,0,4,True,False,True,0.0,0.0
full_coverage_complete,1stcol4thboy,3267,0,0,4,True,False,True,0.0,0.0
full_coverage_complete,1stcol4thboy,3268,0,0,4,True,False,True,0.0,0.0
full_coverage_complete,1stcol4thboy,3269,0,0,4,True,False,True,0.0,0.0
full_coverage_complete,1stcol4thboy,3270,0,0,2,True,False,True,0.0,0.0
full_coverage_complete,1stcol4thboy,3271,0,0,2,True,False,True,0.0,0.0
full_coverage_complete,1stcol4thboy,3272,4,0,4,True,False,True,0.0,0.5169255341869523
full_coverage_complete,1stcol4thboy,3273,0,0,5,True,False,True,0.4488740959970062,0.4488740959970062
full_coverage_complete,1stcol4thboy,3274,0,0,4,True,False,True,0.4215485175314965,0.4215485175314965
full_coverage_complete,1stcol4thboy,3275,0,0,4,True,False,True,0.36898912284806956,0.36898912284806956
full_coverage_complete,1stcol4thboy,3276,0,0,4,True,False,True,0.3622122043756196,0.3622122043756196
full_coverage_complete,1stcol4thboy,3277,0,1,4,True,False,True,0.13894592418174317,0.0
full_coverage_complete,1stcol4thboy,3278,0,0,1,True,False,True,0.0,0.0
full_coverage_complete,1stcol4thboy,3279,0,0,2,True,False,True,0.0,0.0
full_coverage_complete,1stcol4thboy,3280,0,0,4,True,False,True,0.0,0.0
full_coverage_complete,1stcol4thboy,3281,0,0,4,True,False,True,0.0,0.0
full_coverage_complete,1stcol4thboy,3282,0,0,2,True,False,True,0.0,0.0
full_coverage_complete,1stcol4thboy,3283,0,0,4,True,False,True,0.0,0.0
full_coverage_complete,1stcol4thboy,3284,0,0,4,True,False,True,0.0,0.0
full_coverage_complete,1stcol4thboy,3285,0,0,1,True,False,True,0.0,0.0
full_coverage_complete,1stcol4thboy,3286,0,0,4,True,False,True,0.0,0.0
full_coverage_complete,1stcol4thboy,3287,0,0,4,True,False,True,0.0,0.0
full_coverage_complete,1stcol4thboy,3288,0,0,4,True,False,True,0.0,0.0
full_coverage_complete,1stcol4thboy,3289,0,0,1,True,False,True,0.0,0.0
full_coverage_complete,1stcol4thboy,3290,0,0,5,True,False,True,0.0,0.0
full_coverage_complete,1stcol4thboy,3291,0,0,4,True,False,True,0.0,0.0
full_coverage_complete,1stcol4thboy,3292,0,0,1,True,False,True,0.0,0.0
full_coverage_complete,1stcol4thboy,3293,0,0,4,True,False,True,0.0,0.0
full_coverage_complete,1stcol4thboy,3294,0,0,5,True,False,True,0.0,0.0
full_coverage_complete,1stcol4thboy,3295,0,0,4,True,False,True,0.0,0.0
full_coverage_complete,1stcol4thboy,3296,4,0,4,True,False,True,0.0,0.537133884009055
full_coverage_complete,1stcol4thboy,3297,0,0,5,True,False,True,0.630195105801228,0.630195105801228
full_coverage_complete,1stcol4thboy,3298,0,0,2,True,False,True,0.68199968785807,0.68199968785807
full_coverage_complete,1stcol4thboy,3299,0,0,5,True,False,True,0.6849434648181656,0.6849434648181656
full_coverage_complete,1stcol4thboy,3300,0,1,4,True,False,True,0.48045365270045465,0.0
full_coverage_complete,1stcol4thboy,3301,0,0,4,True,False,True,0.0,0.0
full_coverage_complete,1stcol4thboy,3302,0,0,4,True,False,True,0.0,0.0
full_coverage_complete,1stcol4thboy,3303,0,0,4,True,False,True,0.0,0.0
full_coverage_complete,1stcol4thboy,3304,0,0,4,True,False,True,0.0,0.0
full_coverage_complete,1stcol4thboy,3305,0,0,4,True,False,True,0.0,0.0
full_coverage_complete,1stcol4thboy,3306,0,0,1,True,False,True,0.0,0.0
full_coverage_complete,1stcol4thboy,3307,0,0,4,True,False,True,0.0,0.0
full_coverage_complete,1stcol4thboy,3308,0,0,4,True,False,True,0.0,0.0
full_coverage_complete,1stcol4thboy,3309,0,0,4,True,False,True,0.0,0.0
full_coverage_complete,1stcol4thboy,3310,0,0,4,True,False,True,0.0,0.0
full_coverage_complete,1stcol4thboy,3311,5,0,5,True,False,True,0.0,0.0
full_coverage_complete,1stcol4thboy,3312,5,0,5,True,False,True,0.0,0.0
full_coverage_complete,1stcol4thboy,3313,0,0,5,True,False,True,0.0,0.0
full_coverage_complete,1stcol4thboy,3314,0,0,5,True,False,True,0.0,0.0
full_coverage_complete,1stcol4thboy,3315,0,0,5,True,False,True,0.0,0.0
full_coverage_complete,1stcol4thboy,3316,0,0,5,True,False,True,0.0,0.0
full_coverage_complete,1stcol4thboy,3317,0,0,5,True,False,True,0.0,0.0
full_coverage_complete,1stcol4thboy,3318,0,0,4,True,False,True,0.0,0.0
full_coverage_complete,1stcol4thboy,3319,0,0,4,True,False,True,0.0,0.0
full_coverage_complete,1stcol4thboy,3320,0,0,2,True,False,True,0.0,0.0
full_coverage_complete,1stcol4thboy,3321,0,0,5,True,False,True,0.0,0.0
full_coverage_complete,1stcol4thboy,3322,5,0,5,True,False,True,0.0,0.0
full_coverage_complete,1stcol4thboy,3323,0,0,4,True,False,True,0.0,0.0
full_coverage_complete,1stcol4thboy,3324,0,0,4,True,False,True,0.0,0.0
full_coverage_complete,1stcol4thboy,3325,0,0,2,True,False,True,0.0,0.0
full_coverage_complete,1stcol4thboy,3327,5,0,5,True,False,True,0.0,0.0
full_coverage_complete,1stcol4thboy,3328,0,0,2,True,False,True,0.0,0.0
full_coverage_complete,1stcol4thboy,3329,0,0,4,True,False,True,0.0,0.0
full_coverage_complete,1stcol4thboy,3330,0,0,4,True,False,True,0.0,0.0
full_coverage_complete,1stcol4thboy,3331,0,0,2,True,False,True,0.0,0.0
full_coverage_complete,1stcol4thboy,3332,0,0,2,True,False,True,0.0,0.0
full_coverage_complete,1stcol4thboy,3333,0,0,2,True,False,True,0.0,0.0
full_coverage_complete,1stcol4thboy,3334,0,0,4,True,False,True,0.0,0.0
full_coverage_complete,1stcol4thboy,3336,0,0,1,True,False,True,0.0,0.0
full_coverage_complete,1stcol4thboy,3337,0,0,5,True,False,True,0.0,0.0
full_coverage_complete,1stcol4thboy,3338,0,0,4,True,False,True,0.0,0.0
full_coverage_complete,1stcol4thboy,3339,0,0,4,True,False,True,0.0,0.0
full_coverage_complete,1stcol4thboy,3340,0,0,4,True,False,True,0.0,0.0
full_coverage_complete,1stcol4thboy,3341,0,0,4,True,False,True,0.0,0.0
full_coverage_complete,1stcol4thboy,3342,0,0,5,True,False,True,0.0,0.0
full_coverage_complete,1stcol4thboy,3343,0,0,5,True,False,True,0.0,0.0
full_coverage_complete,1stcol4thboy,3344,0,0,4,True,False,True,0.0,0.0
full_coverage_complete,1stcol4thboy,3345,0,0,2,True,False,True,0.0,0.0
full_coverage_complete,1stcol4thboy,3346,0,0,4,True,False,True,0.0,0.0
full_coverage_complete,1stcol4thboy,3347,0,0,2,True,False,True,0.0,0.0
full_coverage_complete,1stcol4thboy,3348,0,0,2,True,False,True,0.0,0.0
full_coverage_complete,1stcol4thboy,3349,0,0,2,True,False,True,0.0,0.0
full_coverage_complete,1stcol4thboy,3350,0,0,2,True,False,True,0.0,0.0
full_coverage_complete,1stcol4thboy,3351,0,0,2,True,False,True,0.0,0.0
full_coverage_complete,1stcol4thboy,3352,0,0,5,True,False,True,0.0,0.0
full_coverage_complete,1stcol4thboy,3353,0,0,2,True,False,True,0.0,0.0
full_coverage_complete,1stcol4thboy,3354,0,0,2,True,False,True,0.0,0.0
full_coverage_complete,1stcol4thboy,3355,0,0,2,True,False,True,0.0,0.0
full_coverage_complete,1stcol4thboy,3356,0,0,2,True,False,True,0.0,0.0
full_coverage_complete,1stcol4thboy,3357,0,0,2,True,False,True,0.0,0.0
full_coverage_complete,1stcol4thboy,3358,0,0,2,True,False,True,0.0,0.0
full_coverage_complete,1stcol4thboy,3359,0,0,5,True,False,True,0.0,0.0
full_coverage_complete,1stcol4thboy,3360,0,0,4,True,False,True,0.0,0.0
full_coverage_complete,1stcol4thboy,3361,0,0,2,True,False,True,0.0,0.0
full_coverage_complete,1stcol4thboy,3362,0,0,2,True,False,True,0.0,0.0
full_coverage_complete,1stcol4thboy,3363,0,0,6,True,False,True,0.0,0.0
full_coverage_complete,1stcol4thboy,3364,0,0,5,True,False,True,0.07688450399984342,0.07688450399984342
full_coverage_complete,1stcol4thboy,3365,0,0,5,True,False,True,0.11538770070579876,0.11538770070579876
full_coverage_complete,1stcol4thboy,3366,0,0,4,True,False,True,0.08132605613703811,0.08132605613703811
full_coverage_complete,1stcol4thboy,3367,0,0,4,True,False,True,0.0,0.0
full_coverage_complete,1stcol4thboy,3368,0,0,4,True,False,True,0.026394079286918344,0.026394079286918344
full_coverage_complete,1stcol4thboy,3369,0,0,4,True,False,True,0.0,0.0
full_coverage_complete,1stcol4thboy,3370,0,0,2,True,False,True,0.0,0.0
full_coverage_complete,1stcol4thboy,3371,0,0,2,True,False,True,0.0,0.0
full_coverage_complete,1stcol4thboy,3372,0,0,4,True,False,True,0.0,0.0
full_coverage_complete,1stcol4thboy,3373,0,0,4,True,False,True,0.0,0.0
full_coverage_complete,1stcol4thboy,3374,0,0,2,True,False,True,0.0,0.0
full_coverage_complete,1stcol4thboy,3375,0,0,2,True,False,True,0.0,0.0
full_coverage_complete,1stcol4thboy,3376,0,0,4,True,False,True,0.0,0.0
full_coverage_complete,1strowleftboyturning,30,0,0,2,True,False,True,0.6731578056863835,0.6731578056863835
full_coverage_complete,1strowleftboyturning,32,0,0,4,True,False,True,0.8808547487496845,0.8808547487496845
full_coverage_complete,1strowleftboyturning,91,0,0,2,True,False,True,0.0,0.0
full_coverage_complete,1strowleftboyturning,92,0,0,2,True,False,True,0.0,0.0
full_coverage_complete,1strowleftboyturning,112,0,0,2,True,False,True,0.0,0.0
full_coverage_complete,1strowleftboyturning,113,0,0,2,True,False,True,0.0,0.0
full_coverage_complete,1strowleftboyturning,119,0,0,4,True,False,True,0.0,0.0
full_coverage_complete,1strowleftboyturning,123,0,0,2,True,False,True,0.0,0.0
full_coverage_complete,1strowleftboyturning,124,0,0,2,True,False,True,0.0,0.0
full_coverage_complete,1strowleftboyturning,125,1,0,1,True,False,True,0.0,0.0
full_coverage_complete,1strowleftboyturning,126,0,0,1,True,False,True,0.0,0.0
full_coverage_complete,1strowleftboyturning,129,0,0,1,True,False,True,0.0,0.0
full_coverage_complete,1strowleftboyturning,141,0,0,1,True,False,True,0.0,0.0
full_coverage_complete,1strowleftboyturning,142,0,0,1,True,False,True,0.0,0.0
full_coverage_complete,1strowleftboyturning,143,0,0,1,True,False,True,0.0,0.0
full_coverage_complete,1strowleftboyturning,145,0,0,2,True,False,True,0.0,0.0
full_coverage_complete,1strowleftboyturning,146,0,0,4,True,False,True,0.0,0.0
full_coverage_complete,1strowleftboyturning,151,0,0,2,True,False,True,0.0,0.0
full_coverage_complete,1strowleftboyturning,152,0,0,2,True,False,True,0.0,0.0
full_coverage_complete,1strowleftboyturning,153,0,0,4,True,False,True,0.0,0.0
full_coverage_complete,1strowleftboyturning,154,0,0,2,True,False,True,0.0,0.0
full_coverage_complete,1strowleftboyturning,155,0,0,2,True,False,True,0.0,0.0
full_coverage_complete,1strowleftboyturning,156,0,0,2,True,False,True,0.0,0.0
full_coverage_complete,1strowleftboyturning,157,0,0,2,True,False,True,0.0,0.0
full_coverage_complete,1strowleftboyturning,158,0,0,4,True,False,True,0.0,0.0
full_coverage_complete,1strowleftboyturning,159,0,0,2,True,False,True,0.0,0.0
full_coverage_complete,1strowleftboyturning,160,0,0,2,True,False,True,0.0,0.0
full_coverage_complete,1strowleftboyturning,163,0,0,2,True,False,True,0.0,0.0
full_coverage_complete,1strowleftboyturning,173,0,0,4,True,False,True,0.0,0.0
full_coverage_complete,1strowleftboyturning,175,0,0,4,True,False,True,0.0,0.0
full_coverage_complete,1strowleftboyturning,176,0,0,4,True,False,True,0.0,0.0
full_coverage_complete,1strowleftboyturning,177,0,0,4,True,False,True,0.0,0.0
full_coverage_complete,1strowleftboyturning,178,0,0,4,True,False,True,0.0,0.0
full_coverage_complete,1strowleftboyturning,181,0,0,4,True,False,True,0.0,0.0
full_coverage_complete,1strowleftboyturning,183,0,0,4,True,False,True,0.0,0.0
full_coverage_complete,1strowleftboyturning,184,0,0,2,True,False,True,0.0,0.0
full_coverage_complete,1strowleftboyturning,185,0,0,4,True,False,True,0.0,0.0
full_coverage_complete,1strowleftboyturning,186,0,0,5,True,False,True,0.0,0.0
full_coverage_complete,1strowleftboyturning,187,0,0,2,True,False,True,0.0,0.0
full_coverage_complete,1strowleftboyturning,188,0,0,4,True,False,True,0.0,0.0
full_coverage_complete,1strowleftboyturning,189,0,0,5,True,False,True,0.0,0.0
full_coverage_complete,1strowleftboyturning,190,0,0,4,True,False,True,0.0,0.0
full_coverage_complete,1strowleftboyturning,191,0,0,2,True,False,True,0.0,0.0
full_coverage_complete,1strowleftboyturning,192,0,0,5,True,False,True,0.0,0.0
full_coverage_complete,1strowleftboyturning,193,0,0,4,True,False,True,0.0,0.0
full_coverage_complete,1strowleftboyturning,194,0,0,4,True,False,True,0.0,0.0
full_coverage_complete,1strowleftboyturning,195,0,0,4,True,False,True,0.0,0.0
full_coverage_complete,1strowleftboyturning,196,0,0,4,True,False,True,0.0,0.0
full_coverage_complete,1strowleftboyturning,197,0,0,4,True,False,True,0.0,0.0
full_coverage_complete,1strowleftboyturning,199,0,0,4,True,False,True,0.0,0.0
full_coverage_complete,1strowleftboyturning,200,0,0,4,True,False,True,0.0,0.0
full_coverage_complete,1strowleftboyturning,201,0,0,4,True,False,True,0.0,0.0
full_coverage_complete,1strowleftboyturning,202,0,0,5,True,False,True,0.0,0.0
full_coverage_complete,1strowleftboyturning,203,0,0,4,True,False,True,0.0,0.0
full_coverage_complete,1strowleftboyturning,204,0,0,4,True,False,True,0.0,0.0
full_coverage_complete,1strowleftboyturning,205,4,1,4,True,False,True,0.0,0.0
full_coverage_complete,1strowleftboyturning,206,0,0,5,True,False,True,0.0,0.0
full_coverage_complete,1strowleftboyturning,207,0,0,4,True,False,True,0.0,0.0
full_coverage_complete,1strowleftboyturning,208,0,0,4,True,False,True,0.0,0.0
full_coverage_complete,1strowleftboyturning,209,0,0,4,True,False,True,0.0,0.0
full_coverage_complete,1strowleftboyturning,210,0,0,4,True,False,True,0.0,0.0
full_coverage_complete,1strowleftboyturning,211,0,0,4,True,False,True,0.0,0.0
full_coverage_complete,1strowleftboyturning,212,0,0,4,True,False,True,0.0,0.0
full_coverage_complete,1strowleftboyturning,213,0,0,4,True,False,True,0.0,0.0
full_coverage_complete,1strowleftboyturning,214,0,0,4,True,False,True,0.0,0.0
full_coverage_complete,1strowleftboyturning,215,0,0,4,True,False,True,0.0,0.0
full_coverage_complete,1strowleftboyturning,216,0,0,4,True,False,True,0.0,0.0
full_coverage_complete,1strowleftboyturning,217,0,0,4,True,False,True,0.0,0.0
full_coverage_complete,1strowleftboyturning,218,4,0,4,True,False,True,0.0,0.0
full_coverage_complete,1strowleftboyturning,219,0,0,4,True,False,True,0.0,0.0
full_coverage_complete,1strowleftboyturning,220,0,0,4,True,False,True,0.0,0.0
full_coverage_complete,1strowleftboyturning,221,0,0,4,True,False,True,0.0,0.0
full_coverage_complete,1strowleftboyturning,222,4,0,4,True,False,True,0.0,0.0
full_coverage_complete,1strowleftboyturning,223,5,0,5,True,False,True,0.0,0.0
full_coverage_complete,1strowleftboyturning,224,0,0,4,True,False,True,0.0,0.0
full_coverage_complete,1strowleftboyturning,225,0,0,4,True,False,True,0.0,0.0
full_coverage_complete,1strowleftboyturning,226,0,0,4,True,False,True,0.0,0.0
full_coverage_complete,1strowleftboyturning,229,0,0,4,True,False,True,0.0,0.0
full_coverage_complete,1strowleftboyturning,230,0,0,4,True,False,True,0.0,0.0
full_coverage_complete,1strowleftboyturning,231,0,0,4,True,False,True,0.0,0.0
full_coverage_complete,1strowleftboyturning,232,0,0,4,True,False,True,0.0,0.0
full_coverage_complete,1strowleftboyturning,233,0,0,4,True,False,True,0.0,0.0
full_coverage_complete,1strowleftboyturning,234,0,0,4,True,False,True,0.0,0.0
full_coverage_complete,1strowleftboyturning,236,0,0,4,True,False,True,0.0,0.0
full_coverage_complete,1strowleftboyturning,237,0,0,4,True,False,True,0.0,0.0
full_coverage_complete,1strowleftboyturning,239,0,0,4,True,False,True,0.0,0.0
full_coverage_complete,1strowleftboyturning,241,0,0,4,True,False,True,0.0,0.0
full_coverage_complete,1strowleftboyturning,242,0,0,4,True,False,True,0.0,0.0
full_coverage_complete,1strowleftboyturning,243,0,0,4,True,False,True,0.0,0.0
full_coverage_complete,1strowleftboyturning,245,0,1,4,True,False,True,0.0,0.0
full_coverage_complete,1strowleftboyturning,246,0,1,5,True,False,True,0.0,0.0
full_coverage_complete,1strowleftboyturning,247,0,0,5,True,False,True,0.0,0.0
full_coverage_complete,1strowleftboyturning,248,0,0,5,True,False,True,0.0,0.0
full_coverage_complete,1strowleftboyturning,249,0,0,5,True,False,True,0.0,0.0
full_coverage_complete,1strowleftboyturning,250,0,0,5,True,False,True,0.0,0.0
full_coverage_complete,1strowleftboyturning,251,0,0,2,True,False,True,0.0,0.0
full_coverage_complete,1strowleftboyturning,252,0,0,4,True,False,True,0.0,0.0
full_coverage_complete,1strowleftboyturning,253,0,0,5,True,False,True,0.0,0.0
full_coverage_complete,1strowleftboyturning,254,0,0,4,True,False,True,0.0,0.0
full_coverage_complete,1strowleftboyturning,255,0,0,5,True,False,True,0.0,0.0
full_coverage_complete,1strowleftboyturning,256,0,1,4,True,False,True,0.0,0.0
full_coverage_complete,1strowleftboyturning,257,5,2,5,True,False,True,0.0,0.0
full_coverage_complete,1strowleftboyturning,258,0,0,2,True,False,True,0.0,0.0
full_coverage_complete,1strowleftboyturning,259,0,0,5,True,False,True,0.0,0.0
full_coverage_complete,1strowleftboyturning,260,0,0,5,True,False,True,0.0,0.0
full_coverage_complete,1strowleftboyturning,261,0,0,5,True,False,True,0.0,0.0
full_coverage_complete,1strowleftboyturning,262,0,0,4,True,False,True,0.0,0.0
full_coverage_complete,1strowleftboyturning,263,0,0,4,True,False,True,0.0,0.0
full_coverage_complete,1strowleftboyturning,264,0,1,4,True,False,True,0.0,0.0
full_coverage_complete,1strowleftboyturning,265,0,0,5,True,False,True,0.0,0.0
full_coverage_complete,1strowleftboyturning,266,0,0,4,True,False,True,0.0,0.0
full_coverage_complete,1strowleftboyturning,267,0,0,5,True,False,True,0.0,0.0
full_coverage_complete,1strowleftboyturning,268,0,0,4,True,False,True,0.0,0.0
full_coverage_complete,1strowleftboyturning,269,0,0,4,True,False,True,0.0,0.0
full_coverage_complete,1strowleftboyturning,270,0,0,4,True,False,True,0.0,0.0
full_coverage_complete,1strowleftboyturning,271,0,0,5,True,False,True,0.0,0.0
full_coverage_complete,1strowleftboyturning,272,0,0,4,True,False,True,0.0,0.0
full_coverage_complete,1strowleftboyturning,273,4,2,4,True,False,True,0.0,0.0
full_coverage_complete,1strowleftboyturning,274,0,0,4,True,False,True,0.0,0.0
full_coverage_complete,1strowleftboyturning,275,0,0,4,True,False,True,0.0,0.0
full_coverage_complete,1strowleftboyturning,276,0,0,4,True,False,True,0.0,0.0
full_coverage_complete,1strowleftboyturning,277,0,0,5,True,False,True,0.0,0.0
full_coverage_complete,1strowleftboyturning,278,0,0,5,True,False,True,0.0,0.0
full_coverage_complete,1strowleftboyturning,279,5,0,5,True,False,True,0.0,0.0
full_coverage_complete,1strowleftboyturning,280,0,0,4,True,False,True,0.0,0.0
full_coverage_complete,1strowleftboyturning,281,0,0,4,True,False,True,0.0,0.0
full_coverage_complete,1strowleftboyturning,282,0,0,4,True,False,True,0.0,0.0
full_coverage_complete,1strowleftboyturning,283,0,0,4,True,False,True,0.0,0.0
full_coverage_complete,1strowleftboyturning,284,0,0,4,True,False,True,0.0,0.0
full_coverage_complete,1strowleftboyturning,285,0,0,1,True,False,True,0.0,0.0
full_coverage_complete,1strowleftboyturning,286,0,0,5,True,False,True,0.0,0.0
full_coverage_complete,1strowleftboyturning,287,0,0,4,True,False,True,0.0,0.0
full_coverage_complete,1strowleftboyturning,288,0,0,4,True,False,True,0.0,0.0
full_coverage_complete,1strowleftboyturning,289,0,2,4,True,False,True,0.0,0.0
full_coverage_complete,1strowleftboyturning,290,0,0,4,True,False,True,0.0,0.0
full_coverage_complete,1strowleftboyturning,291,0,0,4,True,False,True,0.0,0.0
full_coverage_complete,1strowleftboyturning,292,0,0,4,True,False,True,0.0,0.0
full_coverage_complete,1strowleftboyturning,293,0,0,4,True,False,True,0.0,0.0
full_coverage_complete,1strowleftboyturning,294,0,0,4,True,False,True,0.0,0.0
full_coverage_complete,1strowleftboyturning,295,0,0,4,True,False,True,0.0,0.0
full_coverage_complete,1strowleftboyturning,296,0,0,4,True,False,True,0.0,0.0
full_coverage_complete,1strowleftboyturning,297,0,0,4,True,False,True,0.0,0.0
full_coverage_complete,1strowleftboyturning,298,0,1,4,True,False,True,0.0,0.0
full_coverage_complete,1strowleftboyturning,299,0,0,4,True,False,True,0.0,0.0
full_coverage_complete,1strowleftboyturning,300,0,0,4,True,False,True,0.0,0.0
full_coverage_complete,1strowleftboyturning,301,0,0,4,True,False,True,0.0,0.0
full_coverage_complete,1strowleftboyturning,302,0,0,4,True,False,True,0.0,0.0
full_coverage_complete,1strowleftboyturning,303,0,0,4,True,False,True,0.0,0.0
full_coverage_complete,1strowleftboyturning,304,0,0,4,True,False,True,0.0,0.0
full_coverage_complete,1strowleftboyturning,305,0,0,4,True,False,True,0.0,0.0
full_coverage_complete,1strowleftboyturning,306,0,0,4,True,False,True,0.0,0.0
full_coverage_complete,1strowleftboyturning,307,0,0,4,True,False,True,0.0,0.0
full_coverage_complete,1strowleftboyturning,308,0,0,4,True,False,True,0.0,0.0
full_coverage_complete,1strowleftboyturning,309,0,0,4,True,False,True,0.0,0.0
full_coverage_complete,1strowleftboyturning,310,0,0,4,True,False,True,0.0,0.0
full_coverage_complete,1strowleftboyturning,311,0,0,4,True,False,True,0.0,0.0
full_coverage_complete,1strowleftboyturning,312,0,0,4,True,False,True,0.0,0.0
full_coverage_complete,1strowleftboyturning,313,4,0,4,True,False,True,0.0,0.0
full_coverage_complete,1strowleftboyturning,314,0,0,5,True,False,True,0.0,0.0
full_coverage_complete,1strowleftboyturning,315,5,1,5,True,False,True,0.0,0.0
full_coverage_complete,1strowleftboyturning,316,0,0,4,True,False,True,0.0,0.0
full_coverage_complete,1strowleftboyturning,317,0,0,4,True,False,True,0.0,0.0
full_coverage_complete,1strowleftboyturning,318,0,0,4,True,False,True,0.0,0.0
full_coverage_complete,1strowleftboyturning,319,0,0,4,True,False,True,0.0,0.0
full_coverage_complete,1strowleftboyturning,320,0,0,4,True,False,True,0.0,0.0
full_coverage_complete,1strowleftboyturning,321,0,0,4,True,False,True,0.0,0.0
full_coverage_complete,1strowleftboyturning,322,0,0,4,True,False,True,0.0,0.0
full_coverage_complete,1strowleftboyturning,323,0,0,4,True,False,True,0.0,0.0
full_coverage_complete,1strowleftboyturning,324,0,0,4,True,False,True,0.0,0.0
full_coverage_complete,1strowleftboyturning,325,0,0,4,True,False,True,0.0,0.0
full_coverage_complete,1strowleftboyturning,326,0,0,4,True,False,True,0.0,0.0
full_coverage_complete,1strowleftboyturning,327,0,0,4,True,False,True,0.0,0.0
full_coverage_complete,1strowleftboyturning,328,0,0,4,True,False,True,0.0,0.0
full_coverage_complete,1strowleftboyturning,329,0,0,4,True,False,True,0.0,0.0
full_coverage_complete,1strowleftboyturning,330,0,0,4,True,False,True,0.0,0.0
full_coverage_complete,1strowleftboyturning,331,0,0,4,True,False,True,0.0,0.0
full_coverage_complete,1strowleftboyturning,332,0,0,4,True,False,True,0.0,0.0
full_coverage_complete,1strowleftboyturning,333,0,0,4,True,False,True,0.0,0.0
full_coverage_complete,1strowleftboyturning,334,0,0,5,True,False,True,0.0,0.0
full_coverage_complete,1strowleftboyturning,335,0,0,4,True,False,True,0.0,0.0
full_coverage_complete,1strowleftboyturning,336,0,0,4,True,False,True,0.0,0.0
full_coverage_complete,1strowleftboyturning,337,0,0,4,True,False,True,0.0,0.0
full_coverage_complete,1strowleftboyturning,338,0,0,5,True,False,True,0.0,0.0
full_coverage_complete,1strowleftboyturning,339,0,0,5,True,False,True,0.0,0.0
full_coverage_complete,1strowleftboyturning,340,5,0,5,True,False,True,0.0,0.0
full_coverage_complete,1strowleftboyturning,341,5,0,5,True,False,True,0.0,0.0
full_coverage_complete,1strowleftboyturning,342,0,0,5,True,False,True,0.0,0.0
full_coverage_complete,1strowleftboyturning,343,0,0,4,True,False,True,0.0,0.0
full_coverage_complete,1strowleftboyturning,344,0,1,4,True,False,True,0.0,0.0
full_coverage_complete,1strowleftboyturning,345,0,0,1,True,False,True,0.0,0.0
full_coverage_complete,1strowleftboyturning,346,0,0,4,True,False,True,0.0,0.0
full_coverage_complete,1strowleftboyturning,347,0,0,4,True,False,True,0.0,0.0
full_coverage_complete,1strowleftboyturning,348,0,0,2,True,False,True,0.0,0.0
full_coverage_complete,1strowleftboyturning,349,0,0,4,True,False,True,0.0,0.0
full_coverage_complete,1strowleftboyturning,350,0,0,4,True,False,True,0.0,0.0
full_coverage_complete,1strowleftboyturning,351,0,0,4,True,False,True,0.0,0.0
full_coverage_complete,1strowleftboyturning,352,4,1,4,True,False,True,0.0,0.0
full_coverage_complete,1strowleftboyturning,353,0,0,5,True,False,True,0.0,0.0
full_coverage_complete,1strowleftboyturning,354,0,0,4,True,False,True,0.0,0.0
full_coverage_complete,1strowleftboyturning,355,0,0,4,True,False,True,0.0,0.0
full_coverage_complete,1strowleftboyturning,356,0,0,4,True,False,True,0.0,0.0
full_coverage_complete,1strowleftboyturning,357,0,1,4,True,False,True,0.0,0.0
full_coverage_complete,1strowleftboyturning,358,4,0,4,True,False,True,0.0,0.0
full_coverage_complete,1strowleftboyturning,359,0,0,5,True,False,True,0.0,0.0
full_coverage_complete,1strowleftboyturning,360,0,0,2,True,False,True,0.0,0.0
full_coverage_complete,1strowleftboyturning,361,0,0,4,True,False,True,0.0,0.0
full_coverage_complete,1strowleftboyturning,362,0,0,5,True,False,True,0.0,0.0
full_coverage_complete,1strowleftboyturning,363,0,0,4,True,False,True,0.0,0.0
full_coverage_complete,1strowleftboyturning,364,0,0,4,True,False,True,0.0,0.0
full_coverage_complete,1strowleftboyturning,365,0,0,4,True,False,True,0.0,0.0
full_coverage_complete,1strowleftboyturning,366,0,0,4,True,False,True,0.0,0.0
full_coverage_complete,1strowleftboyturning,367,0,0,4,True,False,True,0.0,0.0
full_coverage_complete,1strowleftboyturning,368,0,0,4,True,False,True,0.0,0.0
full_coverage_complete,1strowleftboyturning,369,0,0,4,True,False,True,0.0,0.0
full_coverage_complete,1strowleftboyturning,370,0,0,4,True,False,True,0.0,0.0
full_coverage_complete,1strowleftboyturning,371,0,0,4,True,False,True,0.0,0.0
full_coverage_complete,1strowleftboyturning,372,0,0,4,True,False,True,0.0,0.0
full_coverage_complete,1strowleftboyturning,373,0,0,4,True,False,True,0.0,0.0
full_coverage_complete,1strowleftboyturning,374,0,0,4,True,False,True,0.0,0.0
full_coverage_complete,1strowleftboyturning,375,0,1,4,True,False,True,0.0,0.0
full_coverage_complete,1strowleftboyturning,376,0,0,4,True,False,True,0.0,0.0
full_coverage_complete,1strowleftboyturning,377,0,0,4,True,False,True,0.0,0.0
full_coverage_complete,1strowleftboyturning,378,0,0,4,True,False,True,0.0,0.0
full_coverage_complete,1strowleftboyturning,379,0,0,4,True,False,True,0.0,0.0
full_coverage_complete,1strowleftboyturning,380,0,0,4,True,False,True,0.0,0.0
full_coverage_complete,1strowleftboyturning,381,0,0,4,True,False,True,0.0,0.0
full_coverage_complete,1strowleftboyturning,382,0,0,4,True,False,True,0.0,0.0
full_coverage_complete,1strowleftboyturning,383,0,0,4,True,False,True,0.0,0.0
full_coverage_complete,1strowleftboyturning,384,0,0,4,True,False,True,0.0,0.0
full_coverage_complete,1strowleftboyturning,385,0,0,4,True,False,True,0.0,0.0
full_coverage_complete,1strowleftboyturning,386,0,0,4,True,False,True,0.0,0.0
full_coverage_complete,1strowleftboyturning,387,0,0,4,True,False,True,0.0,0.0
full_coverage_complete,1strowleftboyturning,388,0,0,4,True,False,True,0.0,0.0
full_coverage_complete,1strowleftboyturning,389,0,0,4,True,False,True,0.0,0.0
full_coverage_complete,1strowleftboyturning,390,0,0,4,True,False,True,0.0,0.0
full_coverage_complete,1strowleftboyturning,391,0,0,4,True,False,True,0.0,0.0
full_coverage_complete,1strowleftboyturning,392,0,0,4,True,False,True,0.0,0.0
full_coverage_complete,1strowleftboyturning,393,0,0,4,True,False,True,0.0,0.0
full_coverage_complete,1strowleftboyturning,394,0,0,4,True,False,True,0.0,0.0
full_coverage_complete,1strowleftboyturning,395,0,1,4,True,False,True,0.0,0.0
full_coverage_complete,1strowleftboyturning,396,0,0,4,True,False,True,0.0,0.0
full_coverage_complete,1strowleftboyturning,397,0,0,4,True,False,True,0.0,0.0
full_coverage_complete,1strowleftboyturning,398,0,0,4,True,False,True,0.0,0.0
full_coverage_complete,1strowleftboyturning,399,0,0,5,True,False,True,0.0,0.0
full_coverage_complete,1strowleftboyturning,400,0,0,4,True,False,True,0.0,0.0
full_coverage_complete,1strowleftboyturning,401,0,0,4,True,False,True,0.0,0.0
full_coverage_complete,1strowleftboyturning,402,5,1,5,True,False,True,0.0,0.0
full_coverage_complete,1strowleftboyturning,403,0,0,4,True,False,True,0.0,0.0
full_coverage_complete,1strowleftboyturning,404,0,0,4,True,False,True,0.0,0.0
full_coverage_complete,1strowleftboyturning,405,0,0,4,True,False,True,0.0,0.0
full_coverage_complete,1strowleftboyturning,406,0,0,5,True,False,True,0.0,0.0
full_coverage_complete,1strowleftboyturning,407,0,0,4,True,False,True,0.0,0.0
full_coverage_complete,1strowleftboyturning,408,0,0,4,True,False,True,0.0,0.0
full_coverage_complete,1strowleftboyturning,409,0,0,4,True,False,True,0.0,0.0
full_coverage_complete,1strowleftboyturning,410,0,0,4,True,False,True,0.0,0.0
full_coverage_complete,1strowleftboyturning,411,0,0,4,True,False,True,0.0,0.0
full_coverage_complete,1strowleftboyturning,412,0,0,4,True,False,True,0.0,0.0
full_coverage_complete,1strowleftboyturning,413,0,1,4,True,False,True,0.0,0.0
full_coverage_complete,1strowleftboyturning,414,0,0,4,True,False,True,0.0,0.0
full_coverage_complete,1strowleftboyturning,415,0,0,2,True,False,True,0.0,0.0
full_coverage_complete,1strowleftboyturning,416,0,0,4,True,False,True,0.0,0.0
full_coverage_complete,1strowleftboyturning,417,0,0,4,True,False,True,0.0,0.0
full_coverage_complete,1strowleftboyturning,418,0,0,4,True,False,True,0.0,0.0
full_coverage_complete,1strowleftboyturning,419,0,0,5,True,False,True,0.0,0.0
full_coverage_complete,1strowleftboyturning,420,0,0,5,True,False,True,0.0,0.0
full_coverage_complete,1strowleftboyturning,421,0,1,4,True,False,True,0.0,0.0
full_coverage_complete,1strowleftboyturning,422,0,0,6,True,False,True,0.0,0.0
full_coverage_complete,1strowleftboyturning,424,0,0,4,True,False,True,0.0,0.0
full_coverage_complete,1strowleftboyturning,425,0,0,4,True,False,True,0.0,0.0
full_coverage_complete,1strowleftboyturning,426,0,0,4,True,False,True,0.0,0.0
full_coverage_complete,1strowleftboyturning,427,0,0,4,True,False,True,0.0,0.0
full_coverage_complete,1strowleftboyturning,428,0,0,4,True,False,True,0.0,0.0
full_coverage_complete,1strowleftboyturning,429,0,0,4,True,False,True,0.0,0.0
full_coverage_complete,1strowleftboyturning,431,0,0,2,True,False,True,0.0,0.0
full_coverage_complete,1strowleftboyturning,432,0,0,4,True,False,True,0.0,0.0
full_coverage_complete,1strowleftboyturning,468,0,0,2,True,False,True,0.0,0.0
full_coverage_complete,1strowleftboyturning,610,0,0,2,True,False,True,0.0,0.0
full_coverage_complete,1strowleftboyturning,617,0,0,2,True,False,True,0.0,0.0
full_coverage_complete,1strowleftboyturning,619,0,0,2,True,False,True,0.0,0.0
full_coverage_complete,1strowleftboyturning,620,0,0,2,True,False,True,0.0,0.0
full_coverage_complete,1strowleftboyturning,622,0,0,2,True,False,True,0.0,0.0
full_coverage_complete,1strowleftboyturning,625,0,0,2,True,False,True,0.0,0.0
full_coverage_complete,1strowleftboyturning,626,0,0,2,True,False,True,0.0,0.0
full_coverage_complete,1strowleftboyturning,627,0,0,2,True,False,True,0.0,0.0
full_coverage_complete,1strowleftboyturning,628,0,0,2,True,False,True,0.0,0.0
full_coverage_complete,1strowleftboyturning,629,0,0,5,True,False,True,0.0,0.0
full_coverage_complete,1strowleftboyturning,632,0,0,2,True,False,True,0.0,0.0
full_coverage_complete,1strowleftboyturning,633,0,0,2,True,False,True,0.0,0.0
full_coverage_complete,1strowleftboyturning,634,0,0,2,True,False,True,0.0,0.0
full_coverage_complete,1strowleftboyturning,635,0,0,2,True,False,True,0.0,0.0
full_coverage_complete,1strowleftboyturning,636,0,0,2,True,False,True,0.0,0.0
full_coverage_complete,1strowleftboyturning,637,0,0,2,True,False,True,0.0,0.0
full_coverage_complete,1strowleftboyturning,638,0,0,2,True,False,True,0.0,0.0
full_coverage_complete,1strowleftboyturning,639,0,0,4,True,False,True,0.0,0.0
full_coverage_complete,1strowleftboyturning,640,0,0,2,True,False,True,0.0,0.0
full_coverage_complete,1strowleftboyturning,641,0,0,2,True,False,True,0.0,0.0
full_coverage_complete,1strowleftboyturning,642,0,0,2,True,False,True,0.0,0.0
full_coverage_complete,1strowleftboyturning,643,0,0,2,True,False,True,0.0,0.0
full_coverage_complete,1strowleftboyturning,644,0,0,2,True,False,True,0.0,0.0
full_coverage_complete,1strowleftboyturning,645,0,0,4,True,False,True,0.0,0.0
full_coverage_complete,1strowleftboyturning,646,0,0,4,True,False,True,0.0,0.0
full_coverage_complete,1strowleftboyturning,647,0,0,2,True,False,True,0.0,0.0
full_coverage_complete,1strowleftboyturning,648,0,0,2,True,False,True,0.0,0.0
full_coverage_complete,1strowleftboyturning,649,0,0,2,True,False,True,0.0,0.0
full_coverage_complete,1strowleftboyturning,650,0,0,2,True,False,True,0.0,0.0
full_coverage_complete,1strowleftboyturning,652,0,0,2,True,False,True,0.0,0.0
full_coverage_complete,1strowleftboyturning,653,0,0,4,True,False,True,0.0,0.0
full_coverage_complete,1strowleftboyturning,655,0,0,5,True,False,True,0.0,0.0
full_coverage_complete,1strowleftboyturning,656,0,0,5,True,False,True,0.0,0.0
full_coverage_complete,1strowleftboyturning,657,0,0,2,True,False,True,0.0,0.0
full_coverage_complete,1strowleftboyturning,658,0,0,4,True,False,True,0.0,0.0
full_coverage_complete,1strowleftboyturning,659,0,0,4,True,False,True,0.0,0.0
full_coverage_complete,1strowleftboyturning,660,0,0,2,True,False,True,0.0,0.0
full_coverage_complete,1strowleftboyturning,661,0,0,2,True,False,True,0.0,0.0
full_coverage_complete,1strowleftboyturning,662,0,0,2,True,False,True,0.0,0.0
full_coverage_complete,1strowleftboyturning,663,0,0,2,True,False,True,0.0,0.0
full_coverage_complete,1strowleftboyturning,664,0,0,2,True,False,True,0.0,0.0
full_coverage_complete,1strowleftboyturning,665,0,0,2,True,False,True,0.0,0.0
full_coverage_complete,1strowleftboyturning,666,0,0,4,True,False,True,0.0,0.0
full_coverage_complete,1strowleftboyturning,667,0,0,4,True,False,True,0.0,0.0
full_coverage_complete,1strowleftboyturning,668,0,0,4,True,False,True,0.0,0.0
full_coverage_complete,1strowleftboyturning,669,0,0,4,True,False,True,0.0,0.0
full_coverage_complete,1strowleftboyturning,670,0,0,4,True,False,True,0.0,0.0
full_coverage_complete,1strowleftboyturning,671,0,0,4,True,False,True,0.0,0.0
full_coverage_complete,1strowleftboyturning,672,0,1,4,True,False,True,0.0,0.0
full_coverage_complete,1strowleftboyturning,673,0,0,5,True,False,True,0.0,0.0
full_coverage_complete,1strowleftboyturning,674,0,0,4,True,False,True,0.0,0.0
full_coverage_complete,1strowleftboyturning,675,5,1,5,True,False,True,0.0,0.0
full_coverage_complete,1strowleftboyturning,676,0,0,5,True,False,True,0.0,0.0
full_coverage_complete,1strowleftboyturning,677,0,0,5,True,False,True,0.0,0.0
full_coverage_complete,1strowleftboyturning,678,0,0,5,True,False,True,0.0,0.0
full_coverage_complete,1strowleftboyturning,679,0,1,4,True,False,True,0.0,0.0
full_coverage_complete,1strowleftboyturning,680,0,0,5,True,False,True,0.0,0.0
full_coverage_complete,1strowleftboyturning,681,0,0,5,True,False,True,0.0,0.0
full_coverage_complete,1strowleftboyturning,682,0,0,5,True,False,True,0.0,0.0
full_coverage_complete,1strowleftboyturning,683,0,0,4,True,False,True,0.0,0.0
full_coverage_complete,1strowleftboyturning,684,0,0,4,True,False,True,0.0,0.0
full_coverage_complete,1strowleftboyturning,685,0,1,4,True,False,True,0.0,0.0
full_coverage_complete,1strowleftboyturning,686,0,0,5,True,False,True,0.0,0.0
full_coverage_complete,1strowleftboyturning,687,0,0,4,True,False,True,0.0,0.0
full_coverage_complete,1strowleftboyturning,688,0,0,4,True,False,True,0.0,0.0
full_coverage_complete,1strowleftboyturning,689,0,0,4,True,False,True,0.0,0.0
full_coverage_complete,1strowleftboyturning,690,0,0,5,True,False,True,0.0,0.0
full_coverage_complete,1strowleftboyturning,691,0,0,4,True,False,True,0.0,0.0
full_coverage_complete,1strowleftboyturning,692,0,0,4,True,False,True,0.0,0.0
full_coverage_complete,1strowleftboyturning,693,5,0,5,True,False,True,0.0,0.0
full_coverage_complete,1strowleftboyturning,694,0,0,4,True,False,True,0.0,0.0
full_coverage_complete,1strowleftboyturning,695,0,0,4,True,False,True,0.0,0.0
full_coverage_complete,1strowleftboyturning,696,0,0,4,True,False,True,0.0,0.0
full_coverage_complete,1strowleftboyturning,697,0,0,4,True,False,True,0.0,0.0
full_coverage_complete,1strowleftboyturning,698,0,0,5,True,False,True,0.0,0.0
full_coverage_complete,1strowleftboyturning,699,0,0,4,True,False,True,0.0,0.0
full_coverage_complete,1strowleftboyturning,700,0,0,5,True,False,True,0.0,0.0
full_coverage_complete,1strowleftboyturning,701,0,0,4,True,False,True,0.0,0.0
full_coverage_complete,1strowleftboyturning,702,4,0,4,True,False,True,0.0,0.0
full_coverage_complete,1strowleftboyturning,703,0,0,5,True,False,True,0.0,0.0
full_coverage_complete,1strowleftboyturning,704,0,1,4,True,False,True,0.0,0.0
full_coverage_complete,1strowleftboyturning,705,0,0,5,True,False,True,0.0,0.0
full_coverage_complete,1strowleftboyturning,706,0,0,4,True,False,True,0.0,0.0
full_coverage_complete,1strowleftboyturning,707,0,0,4,True,False,True,0.0,0.0
full_coverage_complete,1strowleftboyturning,708,0,0,4,True,False,True,0.0,0.0
full_coverage_complete,1strowleftboyturning,709,0,0,4,True,False,True,0.0,0.0
full_coverage_complete,1strowleftboyturning,710,0,0,4,True,False,True,0.0,0.0
full_coverage_complete,1strowleftboyturning,711,0,0,4,True,False,True,0.0,0.0
full_coverage_complete,1strowleftboyturning,712,5,0,5,True,False,True,0.0,0.0
full_coverage_complete,1strowleftboyturning,713,0,0,4,True,False,True,0.0,0.0
full_coverage_complete,1strowleftboyturning,714,0,0,4,True,False,True,0.0,0.0
full_coverage_complete,1strowleftboyturning,715,4,2,4,True,False,True,0.0,0.0
full_coverage_complete,1strowleftboyturning,716,5,4,5,True,False,True,0.0,0.2507704859986378
full_coverage_complete,1strowleftboyturning,717,0,0,5,True,False,True,0.39739876824452497,0.39739876824452497
full_coverage_complete,1strowleftboyturning,718,0,0,5,True,False,True,0.417641846353014,0.417641846353014
full_coverage_complete,1strowleftboyturning,719,0,0,5,True,False,True,0.5632251611172818,0.5632251611172818
full_coverage_complete,1strowleftboyturning,720,0,0,5,True,False,True,0.5368799623783113,0.5368799623783113
full_coverage_complete,1strowleftboyturning,721,0,0,5,True,False,True,0.4830753164411753,0.4830753164411753
full_coverage_complete,1strowleftboyturning,722,0,0,5,True,False,True,0.5357585910741848,0.5357585910741848
full_coverage_complete,1strowleftboyturning,723,0,0,2,True,False,True,0.5874760893361685,0.5874760893361685
full_coverage_complete,1strowleftboyturning,724,0,0,6,True,False,True,0.634260454142604,0.634260454142604
full_coverage_complete,1strowleftboyturning,725,0,0,4,True,False,True,0.6570626685451827,0.6570626685451827
full_coverage_complete,1strowleftboyturning,726,0,0,2,True,False,True,0.6111576007903227,0.6111576007903227
full_coverage_complete,1strowleftboyturning,727,0,0,4,True,False,True,0.56579294001528,0.56579294001528
full_coverage_complete,1strowleftboyturning,728,0,1,2,True,False,True,0.5714809797467637,0.0
full_coverage_complete,1strowleftboyturning,729,0,0,4,True,False,True,0.0,0.0
full_coverage_complete,1strowleftboyturning,730,4,0,4,True,False,True,0.0,0.5871637067233421
full_coverage_complete,1strowleftboyturning,731,0,0,5,True,False,True,0.625083837793698,0.625083837793698
full_coverage_complete,1strowrightdrillmaster,408,0,0,4,True,False,True,0.6160634402533047,0.6160634402533047
full_coverage_complete,1strowrightdrillmaster,409,0,0,2,True,False,True,0.6439366539062394,0.6439366539062394
full_coverage_complete,1strowrightdrillmaster,410,0,0,5,True,False,True,0.5734045565205762,0.5734045565205762
full_coverage_complete,1strowrightdrillmaster,411,0,0,2,True,False,True,0.5726202350466894,0.5726202350466894
full_coverage_complete,1strowrightdrillmaster,412,0,0,4,True,False,True,0.5705760969377043,0.5705760969377043
full_coverage_complete,1strowrightdrillmaster,413,0,0,4,True,False,True,0.5298770796416307,0.5298770796416307
full_coverage_complete,1strowrightdrillmaster,414,0,0,5,True,False,True,0.45888107573943954,0.45888107573943954
full_coverage_complete,1strowrightdrillmaster,415,0,0,2,True,False,True,0.47860346192508546,0.47860346192508546
full_coverage_complete,1strowrightdrillmaster,416,0,0,5,True,False,True,0.4848301334753646,0.4848301334753646
full_coverage_complete,1strowrightdrillmaster,417,0,0,5,True,False,True,0.4551936559680188,0.4551936559680188
full_coverage_complete,1strowrightdrillmaster,418,0,0,2,True,False,True,0.43704522296888043,0.43704522296888043
full_coverage_complete,1strowrightdrillmaster,419,0,0,2,True,False,True,0.4583350016510042,0.4583350016510042
full_coverage_complete,1strowrightdrillmaster,420,0,0,4,True,False,True,0.52784955000731,0.52784955000731
full_coverage_complete,1strowrightdrillmaster,422,0,0,2,True,False,True,0.783184321755976,0.783184321755976
full_coverage_complete,1strowrightdrillmaster,423,0,0,2,True,False,True,0.802190017757298,0.802190017757298
full_coverage_complete,1strowrightdrillmaster,424,0,0,2,True,False,True,0.7724236753209628,0.7724236753209628
full_coverage_complete,1strowrightdrillmaster,425,0,0,2,True,False,True,0.8393031452808745,0.8393031452808745
full_coverage_complete,1strowrightdrillmaster,426,0,0,4,True,False,True,0.8605155122900772,0.8605155122900772
full_coverage_complete,1strowrightdrillmaster,503,0,0,2,True,False,True,0.7178044359394706,0.7178044359394706
full_coverage_complete,1strowrightdrillmaster,504,0,0,2,True,False,True,0.6315465689903896,0.6315465689903896
full_coverage_complete,1strowrightdrillmaster,522,0,0,2,True,False,True,0.7376821859722497,0.7376821859722497
full_coverage_complete,1strowrightdrillmaster,523,0,0,2,True,False,True,0.7165536174652161,0.7165536174652161
full_coverage_complete,1strowrightdrillmaster,609,0,0,4,True,False,True,0.6691152922907094,0.6691152922907094
full_coverage_complete,1strowrightdrillmaster,611,0,0,2,True,False,True,0.7842201613603299,0.7842201613603299
full_coverage_complete,1strowrightdrillmaster,732,0,0,4,True,False,True,0.5856629408797084,0.5856629408797084
full_coverage_complete,1strowrightdrillmaster,733,0,0,2,True,False,True,0.5103620256278404,0.5103620256278404
full_coverage_complete,1strowrightdrillmaster,734,0,0,2,True,False,True,0.49838960849986863,0.49838960849986863
full_coverage_complete,1strowrightdrillmaster,735,0,0,2,True,False,True,0.5019856307816826,0.5019856307816826
full_coverage_complete,1strowrightdrillmaster,736,0,0,2,True,False,True,0.47986298604744343,0.47986298604744343
full_coverage_complete,1strowrightdrillmaster,737,0,0,2,True,False,True,0.48250462710640085,0.48250462710640085
full_coverage_complete,1strowrightdrillmaster,738,0,0,4,True,False,True,0.47043000756488945,0.47043000756488945
full_coverage_complete,1strowrightdrillmaster,740,0,0,2,True,False,True,0.5400800040712456,0.5400800040712456
full_coverage_complete,1strowrightdrillmaster,741,0,0,4,True,False,True,0.563138198345745,0.563138198345745
full_coverage_complete,1strowrightdrillmaster,742,0,0,2,True,False,True,0.5527800655842825,0.5527800655842825
full_coverage_complete,1strowrightdrillmaster,743,0,0,4,True,False,True,0.569550512674424,0.569550512674424
full_coverage_complete,1strowrightdrillmaster,744,0,0,4,True,False,True,0.610923235735839,0.610923235735839
full_coverage_complete,1strowrightdrillmaster,745,0,0,2,True,False,True,0.5852336272707995,0.5852336272707995
full_coverage_complete,1strowrightdrillmaster,746,0,0,4,True,False,True,0.6357069964897064,0.6357069964897064
full_coverage_complete,1strowrightdrillmaster,819,0,0,2,True,False,True,0.8280044142388463,0.8280044142388463
full_coverage_complete,1strowrightdrillmaster,820,0,0,2,True,False,True,0.8115355813124622,0.8115355813124622
full_coverage_complete,1strowrightdrillmaster,843,0,0,4,True,False,True,0.6052354623382059,0.6052354623382059
full_coverage_complete,1strowrightdrillmaster,858,0,0,2,True,False,True,0.7228503062464707,0.7228503062464707
full_coverage_complete,1strowrightdrillmaster,859,0,0,2,True,False,True,0.6593382868711437,0.6593382868711437
full_coverage_complete,1strowrightdrillmaster,860,0,0,2,True,False,True,0.5864680281708489,0.5864680281708489
full_coverage_complete,1strowrightdrillmaster,862,2,1,2,True,False,True,0.5925399968026334,0.48365211739552244
full_coverage_complete,1strowrightdrillmaster,873,0,0,2,True,False,True,0.5479266142638919,0.5479266142638919
full_coverage_complete,1strowrightdrillmaster,962,0,0,2,True,False,True,0.5617052787758461,0.5617052787758461
full_coverage_complete,1strowrightdrillmaster,963,0,0,2,True,False,True,0.5996374890172128,0.5996374890172128
full_coverage_complete,1strowrightdrillmaster,972,0,0,2,True,False,True,0.6539637889111662,0.6539637889111662
full_coverage_complete,1strowrightdrillmaster,976,0,0,2,True,False,True,0.614253857400071,0.614253857400071
full_coverage_complete,1strowrightdrillmaster,1005,0,0,2,True,False,True,0.4912614974891234,0.4912614974891234
full_coverage_complete,1strowrightdrillmaster,1007,0,0,2,True,False,True,0.561888335031511,0.561888335031511
full_coverage_complete,1strowrightdrillmaster,1214,0,0,2,True,False,True,0.5062046489480633,0.5062046489480633
full_coverage_complete,1strowrightdrillmaster,1217,0,0,2,True,False,True,0.5285494794750408,0.5285494794750408
full_coverage_complete,1strowrightdrillmaster,2417,0,0,4,True,False,True,0.5693005859219232,0.5693005859219232
full_coverage_complete,1strowrightdrillmaster,2418,0,0,4,True,False,True,0.4203722355112915,0.4203722355112915
full_coverage_complete,1strowrightdrillmaster,2419,0,0,4,True,False,True,0.30197386893590017,0.30197386893590017
full_coverage_complete,1strowrightdrillmaster,2420,0,0,4,True,False,True,0.2886837778689616,0.2886837778689616
full_coverage_complete,1strowrightdrillmaster,2421,0,0,4,True,False,True,0.24768722599998746,0.24768722599998746
full_coverage_complete,1strowrightdrillmaster,2422,0,0,4,True,False,True,0.1474333138104524,0.1474333138104524
full_coverage_complete,1strowrightdrillmaster,2443,0,0,4,True,False,True,0.47226542361720125,0.47226542361720125
full_coverage_complete,1strowrightdrillmaster,2448,0,0,4,True,False,True,0.5834742962252153,0.5834742962252153
full_coverage_complete,1strowrightdrillmaster,2449,0,0,4,True,False,True,0.5690182041839488,0.5690182041839488
full_coverage_complete,1strowrightdrillmaster,2455,0,0,4,True,False,True,0.7620256164031821,0.7620256164031821
full_coverage_complete,1strowrightdrillmaster,2456,0,0,4,True,False,True,0.8382938453815899,0.8382938453815899
full_coverage_complete,1strowrightdrillmaster,2458,0,0,4,True,False,True,0.750837715098327,0.750837715098327
full_coverage_complete,1strowrightdrillmaster,2516,0,0,1,True,False,True,0.7383263039859027,0.7383263039859027
full_coverage_complete,1strowrightdrillmaster,2517,0,0,1,True,False,True,0.7859239021178499,0.7859239021178499
full_coverage_complete,1strowrightdrillmaster,2518,0,0,2,True,False,True,0.7324372093062796,0.7324372093062796
full_coverage_complete,1strowrightdrillmaster,2519,0,0,1,True,False,True,0.7406419319692424,0.7406419319692424
full_coverage_complete,1strowrightdrillmaster,2555,0,0,2,True,False,True,0.6569608956870188,0.6569608956870188
full_coverage_complete,1strowrightdrillmaster,2556,0,1,2,True,False,True,0.6706761567555641,0.0
full_coverage_complete,1strowrightdrillmaster,2557,0,0,1,True,False,True,0.0,0.6096261102319055
full_coverage_complete,1strowrightdrillmaster,2564,0,1,2,True,False,True,0.6497506956044344,0.0
full_coverage_complete,1strowrightdrillmaster,2565,0,0,1,True,False,True,0.0,0.0
full_coverage_complete,1strowrightdrillmaster,2566,0,0,1,True,False,True,0.0,0.0
full_coverage_complete,1strowrightdrillmaster,2569,0,0,2,True,False,True,0.0,0.0
full_coverage_complete,1strowrightdrillmaster,2570,0,0,2,True,False,True,0.0,0.0
full_coverage_complete,1strowrightdrillmaster,2571,0,0,2,True,False,True,0.0,0.0
full_coverage_complete,1strowrightdrillmaster,2572,0,0,2,True,False,True,0.0,0.0
full_coverage_complete,1strowrightdrillmaster,2573,0,2,2,True,False,True,0.0,0.0
full_coverage_complete,1strowrightdrillmaster,2574,0,0,0,False,False,True,0.0,0.0
full_coverage_complete,1strowrightdrillmaster,2575,2,1,2,True,False,True,0.0,0.5318810851474219
full_coverage_complete,1strowrightdrillmaster,2581,0,0,1,True,False,True,0.6835804258349177,0.6835804258349177
full_coverage_complete,1strowrightdrillmaster,2923,0,0,2,True,False,True,0.7760418765500577,0.7760418765500577
full_coverage_complete,1strowrightdrillmaster,2926,0,0,2,True,False,True,0.6650111334614672,0.6650111334614672
full_coverage_complete,1strowrightdrillmaster,2927,0,0,2,True,False,True,0.6734153795022786,0.6734153795022786
full_coverage_complete,1strowrightdrillmaster,2928,0,0,2,True,False,True,0.678282717018468,0.678282717018468
full_coverage_complete,1strowrightdrillmaster,2929,0,0,2,True,False,True,0.692499008443514,0.692499008443514
full_coverage_complete,1strowrightdrillmaster,2930,0,0,4,True,False,True,0.6132969831294339,0.6132969831294339
full_coverage_complete,1strowrightdrillmaster,2931,0,0,2,True,False,True,0.625153444234578,0.625153444234578
full_coverage_complete,1strowrightdrillmaster,2932,0,0,2,True,False,True,0.6040744710297503,0.6040744710297503
full_coverage_complete,1strowrightdrillmaster,2935,0,0,4,True,False,True,0.617356050177299,0.617356050177299
full_coverage_complete,1strowrightdrillmaster,2937,0,0,4,True,False,True,0.5924961005333742,0.5924961005333742
full_coverage_complete,1strowrightdrillmaster,2945,0,0,4,True,False,True,0.5424527939467553,0.5424527939467553
full_coverage_complete,1strowrightdrillmaster,2966,0,0,2,True,False,True,0.6030213072631198,0.6030213072631198
full_coverage_complete,1strowrightdrillmaster,2975,0,0,4,True,False,True,0.4326253978801223,0.4326253978801223
full_coverage_complete,1strowrightdrillmaster,2978,0,0,2,True,False,True,0.5485081247964693,0.5485081247964693
full_coverage_complete,1strowrightdrillmaster,2979,0,0,1,True,False,True,0.5790458395680573,0.5790458395680573
full_coverage_complete,1strowrightdrillmaster,2982,0,0,2,True,False,True,0.5467686372141589,0.5467686372141589
full_coverage_complete,1strowrightdrillmaster,2984,0,0,1,True,False,True,0.5677617831251984,0.5677617831251984
full_coverage_complete,1strowrightdrillmaster,2985,0,0,4,True,False,True,0.5818562981875365,0.5818562981875365
full_coverage_complete,1strowrightdrillmaster,2986,0,0,2,True,False,True,0.571101732684058,0.571101732684058
full_coverage_complete,1strowrightdrillmaster,2987,0,0,2,True,False,True,0.489587051949026,0.489587051949026
full_coverage_complete,1strowrightdrillmaster,2988,0,0,2,True,False,True,0.4994469558324234,0.4994469558324234
full_coverage_complete,1strowrightdrillmaster,2989,0,0,1,True,False,True,0.48394042771285745,0.48394042771285745
full_coverage_complete,1strowrightdrillmaster,2990,0,0,4,True,False,True,0.5057466954203981,0.5057466954203981
full_coverage_complete,1strowrightdrillmaster,2991,0,0,1,True,False,True,0.44683493624358633,0.44683493624358633
full_coverage_complete,1strowrightdrillmaster,3034,0,0,2,True,False,True,0.46392427845686673,0.46392427845686673
full_coverage_complete,1strowrightdrillmaster,3035,0,0,2,True,False,True,0.4875780974255983,0.4875780974255983
full_coverage_complete,1strowrightdrillmaster,3037,0,0,1,True,False,True,0.4593767074690907,0.4593767074690907
full_coverage_complete,1strowrightdrillmaster,3038,0,0,2,True,False,True,0.4854420749278022,0.4854420749278022
full_coverage_complete,1strowrightdrillmaster,3039,0,0,1,True,False,True,0.5303720406391894,0.5303720406391894
full_coverage_complete,1strowrightdrillmaster,3040,0,0,2,True,False,True,0.49575910257063455,0.49575910257063455
full_coverage_complete,1strowrightdrillmaster,3041,0,0,2,True,False,True,0.5736003919414456,0.5736003919414456
full_coverage_complete,1strowrightdrillmaster,3047,0,0,2,True,False,True,0.6220447960399716,0.6220447960399716
full_coverage_complete,1strowrightdrillmaster,3053,0,0,2,True,False,True,0.6037841722234482,0.6037841722234482
full_coverage_complete,1strowrightdrillmaster,3060,0,0,2,True,False,True,0.48649298827439785,0.48649298827439785
full_coverage_complete,1strowrightdrillmaster,3061,0,0,2,True,False,True,0.5854196453364465,0.5854196453364465
full_coverage_complete,1strowrightdrillmaster,3062,0,0,2,True,False,True,0.4915127979276913,0.4915127979276913
full_coverage_complete,1strowrightdrillmaster,3063,0,0,2,True,False,True,0.5436875689863323,0.5436875689863323
full_coverage_complete,1strowrightdrillmaster,3064,0,0,2,True,False,True,0.48551145839900384,0.48551145839900384
full_coverage_complete,1strowrightdrillmaster,3067,0,0,2,True,False,True,0.5359535013842858,0.5359535013842858
full_coverage_complete,1strowrightdrillmaster,3068,0,0,2,True,False,True,0.6104207004421847,0.6104207004421847
full_coverage_complete,1strowrightdrillmaster,3069,0,0,2,True,False,True,0.6322711159996397,0.6322711159996397
full_coverage_complete,1strowrightdrillmaster,3086,0,0,2,True,False,True,0.4878025868392533,0.4878025868392533
full_coverage_complete,1strowrightdrillmaster,3087,0,0,4,True,False,True,0.4497806654009422,0.4497806654009422
full_coverage_complete,1strowrightdrillmaster,3088,0,0,2,True,False,True,0.4641024980558661,0.4641024980558661
full_coverage_complete,1strowrightdrillmaster,3091,0,0,2,True,False,True,0.47837522362409823,0.47837522362409823
full_coverage_complete,1strowrightdrillmaster,3093,0,0,4,True,False,True,0.5097984029430479,0.5097984029430479
full_coverage_complete,1strowrightdrillmaster,3094,0,0,2,True,False,True,0.45505043820910845,0.45505043820910845
full_coverage_complete,1strowrightdrillmaster,3095,0,0,4,True,False,True,0.43832041125235616,0.43832041125235616
full_coverage_complete,1strowrightdrillmaster,3096,0,0,1,True,False,True,0.45985153076135626,0.45985153076135626
full_coverage_complete,1strowrightdrillmaster,3097,0,0,1,True,False,True,0.48299023278159575,0.48299023278159575
full_coverage_complete,1strowrightdrillmaster,3098,0,0,4,True,False,True,0.4993755951795508,0.4993755951795508
full_coverage_complete,1strowrightdrillmaster,3099,0,0,2,True,False,True,0.5062394117130632,0.5062394117130632
full_coverage_complete,1strowrightdrillmaster,3130,0,0,4,True,False,True,0.37007577182689205,0.37007577182689205
full_coverage_complete,1strowrightdrillmaster,3135,4,0,4,True,False,True,0.5970480926789228,0.6410788255219521
full_coverage_complete,1strowrightdrillmaster,3137,4,0,4,True,False,True,0.6730915527618461,0.6907935540747705
full_coverage_complete,1strowrightdrillmaster,3138,0,0,2,True,False,True,0.7155262515027985,0.7155262515027985
full_coverage_complete,1strowrightdrillmaster,3139,4,0,4,True,False,True,0.5839419946539645,0.6083026512960356
full_coverage_complete,1strowrightdrillmaster,3140,0,0,4,True,False,True,0.6923725624893349,0.6923725624893349
full_coverage_complete,1strowrightdrillmaster,3141,4,0,4,True,False,True,0.6565230123872292,0.6294300585587244
full_coverage_complete,1strowrightdrillmaster,3142,0,0,2,True,False,True,0.6948420372897403,0.6948420372897403
full_coverage_complete,1strowrightdrillmaster,3154,0,0,1,True,False,True,0.5595109348521365,0.5595109348521365
full_coverage_complete,1strowrightdrillmaster,3155,0,0,2,True,False,True,0.49725888371951865,0.49725888371951865
full_coverage_complete,1strowrightdrillmaster,3156,0,0,1,True,False,True,0.5461865914942345,0.5461865914942345
full_coverage_complete,1strowrightdrillmaster,3157,0,0,2,True,False,True,0.5821507686816784,0.5821507686816784
full_coverage_complete,1strowrightdrillmaster,3158,0,0,1,True,False,True,0.5912322911225412,0.5912322911225412
full_coverage_complete,1strowrightdrillmaster,3159,0,0,1,True,False,True,0.5234321743240363,0.5234321743240363
full_coverage_complete,1strowrightdrillmaster,3160,0,0,1,True,False,True,0.48911449516802386,0.48911449516802386
full_coverage_complete,1strowrightdrillmaster,3161,0,0,2,True,False,True,0.4516545652267114,0.4516545652267114
full_coverage_complete,1strowrightdrillmaster,3162,0,0,1,True,False,True,0.39732658985741154,0.39732658985741154
full_coverage_complete,1strowrightdrillmaster,3163,0,0,2,True,False,True,0.4818828165028714,0.4818828165028714
full_coverage_complete,1strowrightdrillmaster,3164,0,0,2,True,False,True,0.47422066121041895,0.47422066121041895
full_coverage_complete,1strowrightdrillmaster,3165,0,0,2,True,False,True,0.4848523083608194,0.4848523083608194
full_coverage_complete,1strowrightdrillmaster,3166,0,0,2,True,False,True,0.46666160408985075,0.46666160408985075
full_coverage_complete,1strowrightdrillmaster,3167,0,0,2,True,False,True,0.44572319930239046,0.44572319930239046
full_coverage_complete,1strowrightdrillmaster,3168,0,0,1,True,False,True,0.4981082200361308,0.4981082200361308
full_coverage_complete,1strowrightdrillmaster,3169,0,0,1,True,False,True,0.40755431579773876,0.40755431579773876
full_coverage_complete,1strowrightdrillmaster,3170,2,1,2,True,False,True,0.49660360361665273,0.0
full_coverage_complete,1strowrightdrillmaster,3171,0,0,1,True,False,True,0.0,0.0
full_coverage_complete,1strowrightdrillmaster,3172,0,0,2,True,False,True,0.0,0.0
full_coverage_complete,1strowrightdrillmaster,3173,0,0,4,True,False,True,0.0,0.0
full_coverage_complete,1strowrightdrillmaster,3175,0,0,2,True,False,True,0.0,0.0
full_coverage_complete,1strowrightdrillmaster,3176,5,0,5,True,False,True,0.0,0.0
full_coverage_complete,1strowrightdrillmaster,3206,4,0,4,True,False,True,0.0,0.2899870395257694
full_coverage_complete,1strowrightdrillmaster,3207,0,0,5,True,False,True,0.2299060239117412,0.2299060239117412
full_coverage_complete,1strowrightdrillmaster,3210,0,0,2,True,False,True,0.1792965221398721,0.1792965221398721
full_coverage_complete,1strowrightdrillmaster,3211,0,0,2,True,False,True,0.19598072988481496,0.19598072988481496
full_coverage_complete,1strowrightdrillmaster,3212,0,0,2,True,False,True,0.19090629746068713,0.19090629746068713
full_coverage_complete,1strowrightdrillmaster,3213,0,0,2,True,False,True,0.20019037644676685,0.20019037644676685
full_coverage_complete,1strowrightdrillmaster,3214,0,0,1,True,False,True,0.17908341467883188,0.17908341467883188
full_coverage_complete,1strowrightdrillmaster,3215,0,0,2,True,False,True,0.14372804859331892,0.14372804859331892
full_coverage_complete,1strowrightdrillmaster,3216,0,0,2,True,False,True,0.12645478988037093,0.12645478988037093
full_coverage_complete,1strowrightdrillmaster,3236,0,0,2,True,False,True,0.0,0.0
full_coverage_complete,1strowrightdrillmaster,3255,0,0,2,True,False,True,0.0,0.0
full_coverage_complete,1strowrightdrillmaster,3256,0,0,2,True,False,True,0.0,0.0
full_coverage_complete,1strowrightdrillmaster,3257,0,0,2,True,False,True,0.0,0.0
full_coverage_complete,1strowrightdrillmaster,3258,0,0,2,True,False,True,0.0,0.0
full_coverage_complete,1strowrightdrillmaster,3259,0,0,4,True,False,True,0.0,0.0
full_coverage_complete,1strowrightdrillmaster,3260,0,0,2,True,False,True,0.0,0.0
full_coverage_complete,1strowrightdrillmaster,3261,0,0,2,True,False,True,0.0,0.0
full_coverage_complete,1strowrightdrillmaster,3262,0,0,2,True,False,True,0.0,0.0
full_coverage_complete,1strowrightdrillmaster,3267,0,0,2,True,False,True,0.0,0.0
full_coverage_complete,1strowrightdrillmaster,3268,0,0,2,True,False,True,0.010542024613109137,0.010542024613109137
full_coverage_complete,1strowrightdrillmaster,3269,0,0,2,True,False,True,0.0,0.0
full_coverage_complete,1strowrightdrillmaster,3271,0,0,2,True,False,True,0.021154155285573,0.021154155285573
full_coverage_complete,1strowrightdrillmaster,3272,0,0,2,True,False,True,0.009143038693923059,0.009143038693923059
full_coverage_complete,1strowrightdrillmaster,3273,0,0,2,True,False,True,0.01027088297101697,0.01027088297101697
full_coverage_complete,1strowrightdrillmaster,3274,0,0,2,True,False,True,0.028689040632208965,0.028689040632208965
full_coverage_complete,1strowrightdrillmaster,3280,0,0,4,True,False,True,0.010188875527130567,0.010188875527130567
full_coverage_complete,1strowrightdrillmaster,3281,0,0,4,True,False,True,0.008769815092547487,0.008769815092547487
full_coverage_complete,1strowrightdrillmaster,3283,0,0,2,True,False,True,0.0,0.0
full_coverage_complete,1strowrightdrillmaster,3312,0,0,2,True,False,True,0.04985486199810765,0.04985486199810765
full_coverage_complete,1strowrightdrillmaster,3314,0,0,2,True,False,True,0.06357905494780866,0.06357905494780866
full_coverage_complete,1strowrightdrillmaster,3315,0,0,1,True,False,True,0.061474892260937476,0.061474892260937476
full_coverage_complete,1strowrightdrillmaster,3316,0,0,2,True,False,True,0.09147187158979214,0.09147187158979214
full_coverage_complete,1strowrightdrillmaster,3348,0,0,2,True,False,True,0.1948990397659349,0.1948990397659349
full_coverage_complete,1strowrightdrillmaster,3349,0,0,2,True,False,True,0.22364972707960845,0.22364972707960845
full_coverage_complete,1strowrightdrillmaster,3351,0,0,2,True,False,True,0.23868957412790723,0.23868957412790723
full_coverage_complete,1strowrightdrillmaster,3353,0,0,2,True,False,True,0.194081363435968,0.194081363435968
full_coverage_complete,1strowrightdrillmaster,3424,0,0,2,True,False,True,0.48813222253008043,0.48813222253008043
full_coverage_complete,1strowrightdrillmaster,3510,0,0,2,True,False,True,0.7827326673388375,0.7827326673388375
full_coverage_complete,1strowrightdrillmaster,3512,0,0,2,True,False,True,0.6268573977692667,0.6268573977692667
full_coverage_complete,1strowrightdrillmaster,3513,4,0,4,True,False,True,0.6196026809024932,0.63541426498827
full_coverage_complete,1strowrightdrillmaster,3514,0,0,2,True,False,True,0.5635429491150765,0.5635429491150765
full_coverage_complete,1strowrightdrillmaster,3515,0,0,2,True,False,True,0.5591395894581372,0.5591395894581372
full_coverage_complete,1strowrightdrillmaster,3516,4,0,4,True,False,True,0.5434396412927031,0.5835893927351272
full_coverage_complete,1strowrightdrillmaster,3517,4,0,4,True,False,True,0.4977866412976871,0.47293939787881045
full_coverage_complete,1strowrightdrillmaster,3518,0,0,2,True,False,True,0.4807803151772349,0.4807803151772349
full_coverage_complete,1strowrightdrillmaster,3519,4,0,4,True,False,True,0.47181668349898254,0.5055403519203054
full_coverage_complete,1strowrightdrillmaster,3520,4,0,4,True,False,True,0.4496294453667842,0.5231189115085843
full_coverage_complete,1strowrightdrillmaster,3521,0,0,2,True,False,True,0.43604158097015977,0.43604158097015977
full_coverage_complete,1strowrightdrillmaster,3528,0,0,2,True,False,True,0.5563923562478355,0.5563923562478355
full_coverage_complete,1strowrightdrillmaster,3530,4,0,4,True,False,True,0.5378214928175827,0.5252041688897128
full_coverage_complete,1strowrightdrillmaster,3535,4,0,4,True,False,True,0.6048082906066817,0.5898834173728422
full_coverage_complete,1strowrightdrillmaster,3536,0,0,4,True,False,True,0.5975165546800093,0.5975165546800093
full_coverage_complete,1strowrightdrillmaster,3538,0,0,2,True,False,True,0.6119403553810585,0.6119403553810585
full_coverage_complete,1strowrightdrillmaster,3548,0,0,2,True,False,True,0.5988909810129623,0.5988909810129623
full_coverage_complete,1strowrightdrillmaster,3549,0,0,2,True,False,True,0.6062151916525587,0.6062151916525587
full_coverage_complete,1strowrightdrillmaster,3550,0,0,2,True,False,True,0.5940237788544578,0.5940237788544578
full_coverage_complete,1strowrightdrillmaster,3553,0,0,2,True,False,True,0.6081746429260182,0.6081746429260182
full_coverage_complete,1strowrightdrillmaster,3554,0,0,2,True,False,True,0.6293814858346743,0.6293814858346743
full_coverage_complete,1strowrightdrillmaster,3557,0,0,2,True,False,True,0.6337660124108808,0.6337660124108808
full_coverage_complete,1strowrightdrillmaster,3564,0,0,2,True,False,True,0.6369770891363179,0.6369770891363179
full_coverage_complete,1strowrightdrillmaster,3566,0,0,2,True,False,True,0.663171115274097,0.663171115274097
full_coverage_complete,1strowrightdrillmaster,3581,0,0,2,True,False,True,0.6561097524394295,0.6561097524394295
full_coverage_complete,1strowrightdrillmaster,3583,0,0,2,True,False,True,0.6596022297268448,0.6596022297268448
full_coverage_complete,1strowrightdrillmaster,3584,0,0,2,True,False,True,0.6610396822574078,0.6610396822574078
full_coverage_complete,1strowrightdrillmaster,3585,0,0,2,True,False,True,0.6596785943280788,0.6596785943280788
full_coverage_complete,1strowrightdrillmaster,3586,0,0,2,True,False,True,0.6493191618090657,0.6493191618090657
full_coverage_complete,1strowrightdrillmaster,3588,0,0,2,True,False,True,0.7006180407889915,0.7006180407889915
full_coverage_complete,1strowrightdrillmaster,3590,0,0,2,True,False,True,0.6634205719817421,0.6634205719817421
full_coverage_complete,1strowrightdrillmaster,3591,0,0,2,True,False,True,0.6933899197848108,0.6933899197848108
full_coverage_complete,1strowrightdrillmaster,3593,0,0,2,True,False,True,0.6835805466701154,0.6835805466701154
full_coverage_complete,1strowrightdrillmaster,3622,0,0,2,True,False,True,0.6086555937165273,0.6086555937165273
full_coverage_complete,1strowrightdrillmaster,3624,0,0,2,True,False,True,0.6172039521930307,0.6172039521930307
full_coverage_complete,1strowrightdrillmaster,3627,0,0,2,True,False,True,0.6134639059644034,0.6134639059644034
full_coverage_complete,1strowrightdrillmaster,3706,0,0,2,True,False,True,0.6145506340190425,0.6145506340190425
full_coverage_complete,1strowrightdrillmaster,3745,0,0,4,True,False,True,0.5475309528494657,0.5475309528494657
full_coverage_complete,1strowrightdrillmaster,3746,0,0,1,True,False,True,0.49908234510276145,0.49908234510276145
full_coverage_complete,1strowrightdrillmaster,3766,0,0,1,True,False,True,0.0,0.0
full_coverage_complete,1strowrightdrillmaster,3767,0,0,2,True,False,True,0.0,0.0
full_coverage_complete,1strowrightdrillmaster,3768,0,0,4,True,False,True,0.008413690205153293,0.008413690205153293
full_coverage_complete,1strowrightdrillmaster,3773,0,0,1,True,False,True,0.06290108519786744,0.06290108519786744
full_coverage_complete,1strowrightdrillmaster,3774,0,0,1,True,False,True,0.007467551560527331,0.007467551560527331
full_coverage_complete,1strowrightdrillmaster,3775,1,2,1,True,False,True,0.009495846908927992,0.0
full_coverage_complete,1strowrightdrillmaster,3776,0,0,1,True,False,True,0.0,0.005783759513261806
full_coverage_complete,1strowrightdrillmaster,3777,5,0,5,True,False,True,0.0,0.0
full_coverage_complete,1strowrightdrillmaster,3778,0,0,2,True,False,True,0.0,0.0
full_coverage_complete,1strowrightdrillmaster,3779,0,0,2,True,False,True,0.0,0.0
full_coverage_complete,1strowrightdrillmaster,3782,0,0,2,True,False,True,0.0,0.0
full_coverage_complete,1strowrightdrillmaster,3783,1,1,1,True,False,True,0.0,0.0
full_coverage_complete,1strowrightdrillmaster,3784,0,0,1,True,False,True,0.0,0.0
full_coverage_complete,1strowrightdrillmaster,3785,1,1,1,True,False,True,0.0,0.0
full_coverage_complete,1strowrightdrillmaster,3786,5,0,5,True,False,True,0.0,0.0
full_coverage_complete,1strowrightdrillmaster,3787,0,0,2,True,False,True,0.0,0.0
full_coverage_complete,1strowrightdrillmaster,3789,0,0,2,True,False,True,0.0,0.0
full_coverage_complete,1strowrightdrillmaster,3790,0,0,2,True,False,True,0.042101237189146996,0.042101237189146996
full_coverage_complete,1strowrightdrillmaster,3791,0,0,4,True,False,True,0.0,0.0
full_coverage_complete,1strowrightdrillmaster,3792,0,0,1,True,False,True,0.0,0.0
full_coverage_complete,1strowrightdrillmaster,3798,0,0,1,True,False,True,0.0,0.03830643290785889
full_coverage_complete,1strowrightdrillmaster,3800,0,0,4,True,False,True,0.03971648773383988,0.03971648773383988
full_coverage_complete,1strowrightdrillmaster,3801,0,0,2,True,False,True,0.11794957401849357,0.0
full_coverage_complete,1strowrightdrillmaster,3802,0,0,1,True,False,True,0.0,0.0
full_coverage_complete,1strowrightdrillmaster,3803,0,0,2,True,False,True,0.0,0.13895043705719026
full_coverage_complete,1strowrightdrillmaster,3804,0,0,5,True,False,True,0.18333263755350332,0.18333263755350332
full_coverage_complete,1strowrightdrillmaster,3806,0,0,4,True,False,True,0.19088250815605212,0.19088250815605212
full_coverage_complete,1strowrightdrillmaster,3807,0,0,4,True,False,True,0.15843255305973306,0.15843255305973306
full_coverage_complete,1strowrightdrillmaster,3809,0,0,1,True,False,True,0.0,0.0
full_coverage_complete,1strowrightdrillmaster,3813,0,0,1,True,False,True,0.0,0.0
full_coverage_complete,1strowrightdrillmaster,3815,0,0,4,True,False,True,0.0,0.0
full_coverage_complete,1strowrightgirl3540,69,0,0,2,True,False,True,0.0,0.0
full_coverage_complete,1strowrightgirl3540,70,0,0,5,True,False,True,0.5604625257094469,0.5604625257094469
full_coverage_complete,1strowrightgirl3540,135,0,0,2,True,False,True,0.8762151774254396,0.8762151774254396
full_coverage_complete,1strowrightgirl3540,136,0,0,2,True,False,True,0.845479159819141,0.845479159819141
full_coverage_complete,1strowrightgirl3540,137,0,0,2,True,False,True,0.9461452671903176,0.9461452671903176
full_coverage_complete,1strowrightgirl3540,138,0,0,2,True,False,True,0.8071524380098997,0.8071524380098997
full_coverage_complete,1strowrightgirl3540,139,0,0,2,True,False,True,0.8024843305121048,0.8024843305121048
full_coverage_complete,1strowrightgirl3540,141,0,0,2,True,False,True,0.7060414941250137,0.7060414941250137
full_coverage_complete,1strowrightgirl3540,142,0,0,2,True,False,True,0.8664042742423997,0.8664042742423997
full_coverage_complete,1strowrightgirl3540,147,0,0,4,True,False,True,0.9273710376089392,0.9273710376089392
full_coverage_complete,1strowrightgirl3540,148,0,0,4,True,False,True,0.8193327276925896,0.8193327276925896
full_coverage_complete,1strowrightgirl3540,150,0,0,1,True,False,True,0.6118155866076317,0.6118155866076317
full_coverage_complete,1strowrightgirl3540,169,0,0,2,True,False,True,0.8288095087704256,0.8288095087704256
full_coverage_complete,1strowrightgirl3540,170,0,0,2,True,False,True,0.7915981063921772,0.7915981063921772
full_coverage_complete,1strowrightgirl3540,241,0,0,2,True,False,True,0.36186848063644567,0.36186848063644567
full_coverage_complete,1strowrightgirl3540,242,0,0,4,True,False,True,0.0,0.0
full_coverage_complete,1strowrightgirl3540,252,0,0,2,True,False,True,0.0,0.0
full_coverage_complete,1strowrightgirl3540,255,0,0,2,True,False,True,0.0,0.0
full_coverage_complete,1strowrightgirl3540,256,0,0,2,True,False,True,0.0,0.0
full_coverage_complete,1strowrightgirl3540,261,0,0,2,True,False,True,0.6814898722652282,0.6814898722652282
full_coverage_complete,1strowrightgirl3540,262,0,0,2,True,False,True,0.5031621728458426,0.5031621728458426
full_coverage_complete,1strowrightgirl3540,263,4,0,4,True,False,True,0.5672242086333845,0.0
full_coverage_complete,1strowrightgirl3540,264,0,0,5,True,False,True,0.0,0.0
full_coverage_complete,1strowrightgirl3540,265,0,0,2,True,False,True,0.0,0.0
full_coverage_complete,1strowrightgirl3540,266,0,0,2,True,False,True,0.0,0.0
full_coverage_complete,1strowrightgirl3540,267,4,0,4,True,False,True,0.0,0.0
full_coverage_complete,1strowrightgirl3540,268,0,0,5,True,False,True,0.0,0.0
full_coverage_complete,1strowrightgirl3540,269,4,0,4,True,False,True,0.0,0.0
full_coverage_complete,1strowrightgirl3540,270,0,0,2,True,False,True,0.0,0.0
full_coverage_complete,1strowrightgirl3540,279,0,0,2,True,False,True,0.8035106381065246,0.8035106381065246
full_coverage_complete,1strowrightgirl3540,280,0,0,4,True,False,True,0.6634186574058473,0.6634186574058473
full_coverage_complete,1strowrightgirl3540,281,0,0,4,True,False,True,0.5593760255507385,0.5593760255507385
full_coverage_complete,1strowrightgirl3540,282,0,0,2,True,False,True,0.6784960854656223,0.6784960854656223
full_coverage_complete,1strowrightgirl3540,283,0,0,2,True,False,True,0.7920804264754134,0.7920804264754134
full_coverage_complete,1strowrightgirl3540,284,0,0,2,True,False,True,0.8473736271145187,0.8473736271145187
full_coverage_complete,1strowrightgirl3540,285,0,0,2,True,False,True,0.8546040227822587,0.8546040227822587
full_coverage_complete,1strowrightgirl3540,306,0,0,5,True,False,True,0.6290027089060739,0.6290027089060739
full_coverage_complete,1strowrightgirl3540,331,0,0,2,True,False,True,0.7212276420520829,0.7212276420520829
full_coverage_complete,1strowrightgirl3540,332,0,0,2,True,False,True,0.7383020190666482,0.7383020190666482
full_coverage_complete,1strowrightgirl3540,333,4,0,4,True,False,True,0.7315168075455947,0.08351822154143747
full_coverage_complete,1strowrightgirl3540,335,0,0,4,True,False,True,0.6863781385475319,0.6863781385475319
full_coverage_complete,1strowrightgirl3540,337,0,0,2,True,False,True,0.6908869265898732,0.6908869265898732
full_coverage_complete,1strowrightgirl3540,338,5,0,5,True,False,True,0.007057838426195564,0.6191241403150682
full_coverage_complete,1strowrightgirl3540,339,0,0,2,True,False,True,0.5283389951944764,0.0
full_coverage_complete,1strowrightgirl3540,340,0,0,0,False,False,True,0.0,0.7050313540916887
full_coverage_complete,1strowrightgirl3540,349,0,0,2,True,False,True,0.8320215225429625,0.8320215225429625
full_coverage_complete,1strowrightgirl3540,365,0,0,2,True,False,True,0.6210960460996969,0.6210960460996969
full_coverage_complete,1strowrightgirl3540,383,0,0,2,True,False,True,0.824419416861211,0.824419416861211
full_coverage_complete,1strowrightgirl3540,384,0,0,2,True,False,True,0.7998863389531492,0.7998863389531492
full_coverage_complete,1strowrightgirl3540,389,0,0,4,True,False,True,0.6529404136920245,0.6529404136920245
full_coverage_complete,1strowrightgirl3540,414,0,0,2,True,False,True,0.7067696708439696,0.0
full_coverage_complete,1strowrightgirl3540,415,6,0,6,True,False,True,0.0,0.0
full_coverage_complete,1strowrightgirl3540,443,0,0,5,True,False,True,0.6616817058202458,0.6616817058202458
full_coverage_complete,1strowrightgirl3540,444,0,0,5,True,False,True,0.5329316438967661,0.5329316438967661
full_coverage_complete,1strowrightgirl3540,445,0,0,2,True,False,True,0.6494352916814433,0.6494352916814433
full_coverage_complete,1strowrightgirl3540,447,0,0,2,True,False,True,0.8793212912535113,0.8793212912535113
full_coverage_complete,1strowrightgirl3540,457,0,0,5,True,False,True,0.5964730908031245,0.5964730908031245
full_coverage_complete,1strowrightgirl3540,462,0,0,2,True,False,True,0.813077403035512,0.813077403035512
full_coverage_complete,1strowrightgirl3540,463,0,1,2,True,False,True,0.8323949066239944,0.0
full_coverage_complete,1strowrightgirl3540,464,0,0,6,True,False,True,0.0,0.8428544924137833
full_coverage_complete,1strowrightgirl3540,467,0,0,2,True,False,True,0.8142338737191329,0.8142338737191329
full_coverage_complete,1strowrightgirl3540,468,0,0,2,True,False,True,0.624712228931313,0.624712228931313
full_coverage_complete,1strowrightgirl3540,469,0,0,2,True,False,True,0.6471861126025162,0.6471861126025162
full_coverage_complete,1strowrightgirl3540,470,0,0,2,True,False,True,0.46786604657599057,0.46786604657599057
full_coverage_complete,1strowrightgirl3540,471,0,0,2,True,False,True,0.5872426241672564,0.5872426241672564
full_coverage_complete,1strowrightgirl3540,474,0,0,2,True,False,True,0.5745045270376754,0.5745045270376754
full_coverage_complete,1strowrightgirl3540,482,0,0,1,True,False,True,0.6468864480892191,0.6468864480892191
full_coverage_complete,1strowrightgirl3540,483,0,0,2,True,False,True,0.7631938694196636,0.7631938694196636
full_coverage_complete,1strowrightgirl3540,485,0,0,2,True,False,True,0.6115897919938256,0.6115897919938256
full_coverage_complete,1strowrightgirl3540,486,0,0,2,True,False,True,0.5338703009485055,0.5338703009485055
full_coverage_complete,1strowrightgirl3540,488,0,0,2,True,False,True,0.5026018845021379,0.5026018845021379
full_coverage_complete,1strowrightgirl3540,489,0,0,2,True,False,True,0.551007667411396,0.551007667411396
full_coverage_complete,1strowrightgirl3540,490,0,0,2,True,False,True,0.5306609565881858,0.5306609565881858
full_coverage_complete,1strowrightgirl3540,492,0,0,2,True,False,True,0.8690588379826968,0.8690588379826968
full_coverage_complete,1strowrightgirl3540,493,0,0,6,True,False,True,0.26560262463803225,0.26560262463803225
full_coverage_complete,1strowrightgirl3540,494,0,0,5,True,False,True,0.10093954054330576,0.10093954054330576
full_coverage_complete,1strowrightgirl3540,495,0,0,2,True,False,True,0.6785070802857179,0.6785070802857179
full_coverage_complete,1strowrightgirl3540,496,0,0,6,True,False,True,0.7795875373509381,0.7795875373509381
full_coverage_complete,1strowrightgirl3540,499,0,0,2,True,False,True,0.7552023180970758,0.7552023180970758
full_coverage_complete,1strowrightgirl3540,500,0,0,2,True,False,True,0.8356620457396103,0.8356620457396103
full_coverage_complete,1strowrightgirl3540,501,0,0,2,True,False,True,0.8630420518798472,0.8630420518798472
full_coverage_complete,1strowrightgirl3540,504,0,0,2,True,False,True,0.8799911914756401,0.8799911914756401
full_coverage_complete,1strowrightgirl3540,506,0,0,2,True,False,True,0.41725638820896593,0.41725638820896593
full_coverage_complete,1strowrightgirl3540,507,0,0,5,True,False,True,0.8174351191346813,0.8174351191346813
full_coverage_complete,1strowrightgirl3540,508,0,0,6,True,False,True,0.7481745529004066,0.7481745529004066
full_coverage_complete,1strowrightgirl3540,509,0,0,5,True,False,True,0.7232230318874078,0.7232230318874078
full_coverage_complete,1strowrightgirl3540,510,0,0,2,True,False,True,0.7798188857022393,0.7798188857022393
full_coverage_complete,1strowrightgirl3540,511,0,0,6,True,False,True,0.6651597753673244,0.6651597753673244
full_coverage_complete,1strowrightgirl3540,512,0,0,5,True,False,True,0.6521175714511382,0.6521175714511382
full_coverage_complete,1strowrightgirl3540,513,0,0,2,True,False,True,0.5536625728749438,0.5536625728749438
full_coverage_complete,1strowrightgirl3540,514,0,0,2,True,False,True,0.5402489302082528,0.5402489302082528
full_coverage_complete,1strowrightgirl3540,516,0,0,2,True,False,True,0.7194319078808183,0.7194319078808183
full_coverage_complete,1strowrightgirl3540,517,0,0,2,True,False,True,0.761820778881886,0.761820778881886
full_coverage_complete,1strowrightgirl3540,518,0,0,2,True,False,True,0.6490054276539876,0.6490054276539876
full_coverage_complete,1strowrightgirl3540,519,0,0,2,True,False,True,0.6929061813913785,0.6929061813913785
full_coverage_complete,1strowrightgirl3540,520,0,0,2,True,False,True,0.8715590221320468,0.8715590221320468
full_coverage_complete,1strowrightgirl3540,521,0,0,2,True,False,True,0.7957438953646447,0.7957438953646447
full_coverage_complete,1strowrightgirl3540,523,0,0,2,True,False,True,0.8875398451315293,0.8875398451315293
full_coverage_complete,1strowrightgirl3540,524,0,0,2,True,False,True,0.5948559681347831,0.5948559681347831
full_coverage_complete,1strowrightgirl3540,525,0,0,5,True,False,True,0.6663174556667573,0.6663174556667573
full_coverage_complete,1strowrightgirl3540,527,0,0,2,True,False,True,0.7166244029732045,0.7166244029732045
full_coverage_complete,1strowrightgirl3540,528,0,0,2,True,False,True,0.7564547652771239,0.7564547652771239
full_coverage_complete,1strowrightgirl3540,529,0,0,5,True,False,True,0.8653751021553451,0.8653751021553451
full_coverage_complete,1strowrightgirl3540,531,0,0,2,True,False,True,0.5382396884020778,0.5382396884020778
full_coverage_complete,1strowrightgirl3540,532,0,0,2,True,False,True,0.5616037686466234,0.5616037686466234
full_coverage_complete,1strowrightgirl3540,533,0,0,2,True,False,True,0.47498340683915474,0.47498340683915474
full_coverage_complete,1strowrightgirl3540,534,0,1,6,True,False,True,0.5499889424866968,0.0
full_coverage_complete,1strowrightgirl3540,535,6,0,6,True,False,True,0.0,0.0
full_coverage_complete,1strowrightgirl3540,536,0,0,1,True,False,True,0.0,0.0
full_coverage_complete,1strowrightgirl3540,537,0,0,4,True,False,True,0.0,0.0
full_coverage_complete,1strowrightgirl3540,538,0,0,4,True,False,True,0.0,0.0
full_coverage_complete,1strowrightgirl3540,540,0,0,4,True,False,True,0.0,0.0
full_coverage_complete,1strowrightgirl3540,541,0,0,2,True,False,True,0.0,0.0
full_coverage_complete,1strowrightgirl3540,542,0,0,4,True,False,True,0.0,0.0
full_coverage_complete,1strowrightgirl3540,543,0,0,2,True,False,True,0.0,0.0
full_coverage_complete,1strowrightgirl3540,544,4,0,4,True,False,True,0.0,0.0
full_coverage_complete,1strowrightgirl3540,545,5,0,5,True,False,True,0.0,0.7550627356272959
full_coverage_complete,1strowrightgirl3540,548,0,0,5,True,False,True,0.6320789031440669,0.6320789031440669
full_coverage_complete,1strowrightgirl3540,549,0,0,5,True,False,True,0.5824719799131376,0.5824719799131376
full_coverage_complete,1strowrightgirl3540,550,0,0,5,True,False,True,0.605034937515186,0.605034937515186
full_coverage_complete,1strowrightgirl3540,551,5,0,5,True,False,True,0.6748837472513982,0.6515968524329384
full_coverage_complete,1strowrightgirl3540,552,5,0,5,True,False,True,0.6779045980078104,0.6765881099150379
full_coverage_complete,1strowrightgirl3540,553,0,0,2,True,False,True,0.7659865848037799,0.7659865848037799
full_coverage_complete,1strowrightgirl3540,557,0,0,2,True,False,True,0.8126237336806401,0.8126237336806401
full_coverage_complete,1strowrightgirl3540,558,0,0,2,True,False,True,0.8202780318666493,0.8202780318666493
full_coverage_complete,1strowrightgirl3540,559,0,0,2,True,False,True,0.5831707305899567,0.5831707305899567
full_coverage_complete,1strowrightgirl3540,560,0,0,2,True,False,True,0.3625033321681032,0.3625033321681032
full_coverage_complete,1strowrightgirl3540,562,0,0,1,True,False,True,0.328380046400392,0.328380046400392
full_coverage_complete,1strowrightgirl3540,563,0,0,5,True,False,True,0.34929458161729016,0.34929458161729016
full_coverage_complete,1strowrightgirl3540,564,0,0,2,True,False,True,0.42164767489479654,0.42164767489479654
full_coverage_complete,1strowrightgirl3540,565,0,0,5,True,False,True,0.4711429198982656,0.4711429198982656
full_coverage_complete,1strowrightgirl3540,566,0,0,5,True,False,True,0.5128161365167738,0.5128161365167738
full_coverage_complete,1strowrightgirl3540,567,0,0,2,True,False,True,0.5286415683743385,0.5286415683743385
full_coverage_complete,1strowrightgirl3540,568,0,0,2,True,False,True,0.5231815353400926,0.5231815353400926
full_coverage_complete,1strowrightgirl3540,569,0,0,2,True,False,True,0.5752622141765316,0.5752622141765316
full_coverage_complete,1strowrightgirl3540,570,0,0,2,True,False,True,0.6801821228746826,0.6801821228746826
full_coverage_complete,1strowrightgirl3540,571,0,0,2,True,False,True,0.8305680715625714,0.8305680715625714
full_coverage_complete,1strowrightgirl3540,572,0,0,2,True,False,True,0.7470449547932573,0.7470449547932573
full_coverage_complete,1strowrightgirl3540,574,0,0,2,True,False,True,0.6134285950911658,0.6134285950911658
full_coverage_complete,1strowrightgirl3540,576,0,0,2,True,False,True,0.6117000844914401,0.6117000844914401
full_coverage_complete,1strowrightgirl3540,577,0,0,2,True,False,True,0.5405028722702676,0.5405028722702676
full_coverage_complete,1strowrightgirl3540,578,0,0,2,True,False,True,0.6291225682372457,0.6291225682372457
full_coverage_complete,1strowrightgirl3540,579,0,0,2,True,False,True,0.5647985745892813,0.0
full_coverage_complete,1strowrightgirl3540,580,0,0,1,True,False,True,0.0,0.0
full_coverage_complete,1strowrightgirl3540,582,0,0,2,True,False,True,0.0,0.0
full_coverage_complete,1strowrightgirl3540,583,0,0,2,True,False,True,0.0,0.0
full_coverage_complete,1strowrightgirl3540,584,0,0,2,True,False,True,0.0,0.0
full_coverage_complete,1strowrightgirl3540,585,0,0,2,True,False,True,0.0,0.0
full_coverage_complete,1strowrightgirl3540,586,0,0,2,True,False,True,0.0,0.0
full_coverage_complete,1strowrightgirl3540,587,0,0,2,True,False,True,0.0,0.0
full_coverage_complete,1strowrightgirl3540,588,0,0,2,True,False,True,0.0,0.0
full_coverage_complete,1strowrightgirl3540,590,0,0,2,True,False,True,0.0,0.0
full_coverage_complete,1strowrightgirl3540,594,0,0,4,True,False,True,0.0,0.0
full_coverage_complete,1strowrightgirl3540,595,0,0,2,True,False,True,0.0,0.0
full_coverage_complete,1strowrightgirl3540,596,0,0,4,True,False,True,0.0,0.0
full_coverage_complete,1strowrightgirl3540,597,0,0,4,True,False,True,0.0,0.0
full_coverage_complete,1strowrightgirl3540,599,0,0,2,True,False,True,0.0,0.0
full_coverage_complete,1strowrightgirl3540,600,0,0,1,True,False,True,0.0,0.0
full_coverage_complete,1strowrightgirl3540,601,0,0,2,True,False,True,0.0,0.0
full_coverage_complete,1strowrightgirl3540,602,0,0,2,True,False,True,0.0,0.0
full_coverage_complete,1strowrightgirl3540,603,0,0,2,True,False,True,0.0,0.0
full_coverage_complete,1strowrightgirl3540,604,5,0,5,True,False,True,0.0,0.0
full_coverage_complete,1strowrightgirl3540,605,0,0,2,True,False,True,0.0,0.0
full_coverage_complete,1strowrightgirl3540,607,1,0,1,True,False,True,0.0,0.0
full_coverage_complete,1strowrightgirl3540,608,0,0,2,True,False,True,0.0,0.0
full_coverage_complete,1strowrightgirl3540,609,1,0,1,True,False,True,0.0,0.0
full_coverage_complete,1strowrightgirl3540,610,0,0,4,True,False,True,0.0,0.0
full_coverage_complete,1strowrightgirl3540,611,0,0,2,True,False,True,0.0,0.0
full_coverage_complete,1strowrightgirl3540,612,0,0,2,True,False,True,0.0,0.0
full_coverage_complete,1strowrightgirl3540,613,0,0,4,True,False,True,0.0,0.0
full_coverage_complete,1strowrightgirl3540,614,0,0,4,True,False,True,0.0,0.0
full_coverage_complete,1strowrightgirl3540,615,0,0,4,True,False,True,0.0,0.0
full_coverage_complete,1strowrightgirl3540,616,0,0,4,True,False,True,0.0,0.0
full_coverage_complete,1strowrightgirl3540,617,0,0,4,True,False,True,0.0,0.0
full_coverage_complete,1strowrightgirl3540,618,0,0,4,True,False,True,0.0,0.0
full_coverage_complete,1strowrightgirl3540,621,0,0,2,True,False,True,0.0,0.0
full_coverage_complete,1strowrightgirl3540,622,0,0,2,True,False,True,0.0,0.0
full_coverage_complete,1strowrightgirl3540,623,0,0,4,True,False,True,0.0,0.0
full_coverage_complete,1strowrightgirl3540,624,0,0,4,True,False,True,0.0,0.0
full_coverage_complete,1strowrightgirl3540,625,0,2,4,True,False,True,0.0,0.0
full_coverage_complete,1strowrightgirl3540,628,1,0,1,True,False,True,0.0,0.0
full_coverage_complete,1strowrightgirl3540,630,0,0,2,True,False,True,0.0,0.6459878403451279
full_coverage_complete,1strowrightgirl3540,631,0,0,5,True,False,True,0.6825861832197969,0.6825861832197969
full_coverage_complete,1strowrightgirl3540,632,0,0,4,True,False,True,0.7331656046682671,0.7331656046682671
full_coverage_complete,1strowrightgirl3540,635,0,0,2,True,False,True,0.8212825090835489,0.8212825090835489
full_coverage_complete,1strowrightgirl3540,639,0,0,2,True,False,True,0.8377260580154297,0.8377260580154297
full_coverage_complete,1strowrightgirl3540,641,0,0,2,True,False,True,0.7095066203928326,0.7095066203928326
full_coverage_complete,1strowrightgirl3540,643,0,0,4,True,False,True,0.5860866077567695,0.5860866077567695
full_coverage_complete,1strowrightgirl3540,644,0,0,4,True,False,True,0.5253843050782484,0.5253843050782484
full_coverage_complete,1strowrightgirl3540,645,0,0,2,True,False,True,0.5208340111453197,0.5208340111453197
full_coverage_complete,1strowrightgirl3540,646,0,0,5,True,False,True,0.5410431431553722,0.5410431431553722
full_coverage_complete,1strowrightgirl3540,647,0,0,4,True,False,True,0.5771333660517801,0.5771333660517801
full_coverage_complete,1strowrightgirl3540,648,0,0,4,True,False,True,0.5990865588715771,0.5990865588715771
full_coverage_complete,1strowrightgirl3540,649,0,0,2,True,False,True,0.7660973206161442,0.7660973206161442
full_coverage_complete,1strowrightgirl3540,650,0,0,2,True,False,True,0.6976579779236095,0.6976579779236095
full_coverage_complete,1strowrightgirl3540,651,0,0,2,True,False,True,0.7304195509948365,0.7304195509948365
full_coverage_complete,1strowrightgirl3540,652,0,0,2,True,False,True,0.7970994263830217,0.7970994263830217
full_coverage_complete,1strowrightgirl3540,653,0,0,2,True,False,True,0.8921872909452339,0.8921872909452339
full_coverage_complete,1strowrightgirl3540,654,0,0,2,True,False,True,0.8995674038557999,0.8995674038557999
full_coverage_complete,1strowrightgirl3540,662,0,0,4,True,False,True,0.859474055755876,0.859474055755876
full_coverage_complete,1strowrightgirl3540,664,0,0,2,True,False,True,0.8830347533162154,0.8830347533162154
full_coverage_complete,1strowrightgirl3540,665,0,0,4,True,False,True,0.8907797884534705,0.8907797884534705
full_coverage_complete,1strowrightgirl3540,666,0,0,4,True,False,True,0.9193804505090589,0.9193804505090589
full_coverage_complete,1strowrightgirl3540,667,0,0,2,True,False,True,0.8826767800828137,0.8826767800828137
full_coverage_complete,1strowrightgirl3540,668,0,0,4,True,False,True,0.8306424504228757,0.8306424504228757
full_coverage_complete,1strowrightgirl3540,669,0,0,4,True,False,True,0.6872243612493881,0.6872243612493881
full_coverage_complete,1strowrightgirl3540,671,0,0,4,True,False,True,0.6119954628691651,0.6119954628691651
full_coverage_complete,1strowrightgirl3540,672,0,0,4,True,False,True,0.6150711023683767,0.6150711023683767
full_coverage_complete,1strowrightgirl3540,673,0,0,4,True,False,True,0.6444042125350549,0.6444042125350549
full_coverage_complete,1strowrightgirl3540,674,0,0,2,True,False,True,0.6925739215660087,0.6925739215660087
full_coverage_complete,1strowrightgirl3540,675,0,0,4,True,False,True,0.8136931594808028,0.8136931594808028
full_coverage_complete,1strowrightgirl3540,676,0,0,4,True,False,True,0.798727960255935,0.798727960255935
full_coverage_complete,1strowrightgirl3540,677,0,0,4,True,False,True,0.7841299576181858,0.7841299576181858
full_coverage_complete,1strowrightgirl3540,678,0,0,2,True,False,True,0.8288667018848027,0.8288667018848027
full_coverage_complete,1strowrightgirl3540,679,0,0,4,True,False,True,0.8740541860825665,0.8740541860825665
full_coverage_complete,1strowrightgirl3540,680,0,0,4,True,False,True,0.9105185932956067,0.9105185932956067
full_coverage_complete,1strowrightgirl3540,681,0,0,4,True,False,True,0.8378884394379688,0.8378884394379688
full_coverage_complete,1strowrightgirl3540,682,0,0,4,True,False,True,0.8098531784803458,0.8098531784803458
full_coverage_complete,1strowrightgirl3540,693,4,0,4,True,False,True,0.905907963610397,0.8739104948892921
full_coverage_complete,1strowrightgirl3540,694,0,0,4,True,False,True,0.8840076759017624,0.8840076759017624
full_coverage_complete,1strowrightgirl3540,695,0,0,2,True,False,True,0.8257220690089377,0.8257220690089377
full_coverage_complete,1strowrightgirl3540,696,0,0,2,True,False,True,0.8134227614371267,0.8134227614371267
full_coverage_complete,1strowrightgirl3540,697,0,0,5,True,False,True,0.6355065752702126,0.6355065752702126
full_coverage_complete,1strowrightgirl3540,698,0,0,4,True,False,True,0.611627371853397,0.611627371853397
full_coverage_complete,1strowrightgirl3540,699,0,0,4,True,False,True,0.659724323156633,0.659724323156633
full_coverage_complete,1strowrightgirl3540,700,0,0,2,True,False,True,0.6225013510249879,0.6225013510249879
full_coverage_complete,1strowrightgirl3540,701,0,0,4,True,False,True,0.6215182068663897,0.6215182068663897
full_coverage_complete,1strowrightgirl3540,702,0,0,2,True,False,True,0.750135875976147,0.750135875976147
full_coverage_complete,1strowrightgirl3540,704,0,0,4,True,False,True,0.8002553407395323,0.8002553407395323
full_coverage_complete,1strowrightgirl3540,705,0,0,4,True,False,True,0.7963201562900338,0.7963201562900338
full_coverage_complete,1strowrightgirl3540,706,0,0,4,True,False,True,0.8138896725665042,0.8138896725665042
full_coverage_complete,1strowrightgirl3540,716,0,0,4,True,False,True,0.8437905666171354,0.8437905666171354
full_coverage_complete,1strowrightgirl3540,720,0,0,4,True,False,True,0.8290731573636094,0.8290731573636094
full_coverage_complete,1strowrightgirl3540,723,0,0,2,True,False,True,0.8365272529740009,0.8365272529740009
full_coverage_complete,1strowrightgirl3540,724,0,0,5,True,False,True,0.8088594276088737,0.8088594276088737
full_coverage_complete,1strowrightgirl3540,725,0,0,4,True,False,True,0.5777446114957171,0.5777446114957171
full_coverage_complete,1strowrightgirl3540,726,0,0,4,True,False,True,0.654908113200878,0.654908113200878
full_coverage_complete,1strowrightgirl3540,727,0,0,4,True,False,True,0.5825609006862313,0.5825609006862313
full_coverage_complete,1strowrightgirl3540,728,0,0,4,True,False,True,0.6615313216809827,0.6615313216809827
full_coverage_complete,1strowrightgirl3540,730,0,0,4,True,False,True,0.9673703478658563,0.9673703478658563
full_coverage_complete,1strowrightgirl3540,733,0,0,2,True,False,True,0.3326751400230563,0.3326751400230563
full_coverage_complete,1strowrightgirl3540,735,0,0,4,True,False,True,0.6874010451668806,0.6874010451668806
full_coverage_complete,1strowrightgirl3540,736,0,1,4,True,False,True,0.6885511715071969,0.0
full_coverage_complete,1strowrightgirl3540,737,0,0,1,True,False,True,0.0,0.0
full_coverage_complete,1strowrightgirl3540,738,0,1,6,True,False,True,0.0,0.0
full_coverage_complete,1strowrightgirl3540,739,0,0,6,True,False,True,0.0,0.0
full_coverage_complete,1strowrightgirl3540,740,0,1,1,True,False,True,0.0,0.0
full_coverage_complete,1strowrightgirl3540,741,0,0,6,True,False,True,0.0,0.0
full_coverage_complete,1strowrightgirl3540,742,0,0,4,True,False,True,0.0,0.0
full_coverage_complete,1strowrightgirl3540,744,0,0,1,True,False,True,0.0,0.0
full_coverage_complete,1strowrightgirl3540,746,0,0,1,True,False,True,0.0,0.0
full_coverage_complete,1strowrightgirl3540,748,0,0,1,True,False,True,0.0,0.0
full_coverage_complete,1strowrightgirl3540,749,0,0,4,True,False,True,0.0,0.0
full_coverage_complete,1strowrightgirl3540,750,0,0,4,True,False,True,0.0,0.0
full_coverage_complete,1strowrightgirl3540,751,0,0,1,True,False,True,0.0,0.0
full_coverage_complete,1strowrightgirl3540,752,0,0,4,True,False,True,0.0,0.0
full_coverage_complete,1strowrightgirl3540,755,0,0,4,True,False,True,0.0,0.0
full_coverage_complete,1strowrightgirl3540,756,0,0,1,True,False,True,0.0,0.0
full_coverage_complete,1strowrightgirl3540,758,0,0,2,True,False,True,0.0,0.0
full_coverage_complete,1strowrightgirl3540,759,0,0,2,True,False,True,0.0,0.0
full_coverage_complete,1strowrightgirl3540,763,0,0,4,True,False,True,0.0,0.0
full_coverage_complete,1strowrightgirl3540,764,0,0,4,True,False,True,0.0,0.0
full_coverage_complete,1strowrightgirl3540,765,0,0,2,True,False,True,0.0,0.0
full_coverage_complete,1strowrightgirl3540,766,0,0,4,True,False,True,0.0,0.0
full_coverage_complete,1strowrightgirl3540,767,0,0,4,True,False,True,0.0,0.0
full_coverage_complete,1strowrightgirl3540,768,0,0,4,True,False,True,0.0,0.0
full_coverage_complete,1strowrightgirl3540,769,0,0,4,True,False,True,0.0,0.0
full_coverage_complete,1strowrightgirl3540,770,0,0,4,True,False,True,0.0,0.0
full_coverage_complete,1strowrightgirl3540,772,0,0,4,True,False,True,0.0,0.0
full_coverage_complete,1strowrightgirl3540,773,0,0,4,True,False,True,0.0,0.0
full_coverage_complete,1strowrightgirl3540,775,0,0,4,True,False,True,0.0,0.0
full_coverage_complete,1strowrightgirl3540,776,0,0,4,True,False,True,0.0,0.0
full_coverage_complete,1strowrightgirl3540,777,0,0,4,True,False,True,0.0,0.0
full_coverage_complete,1strowrightgirl3540,778,0,0,4,True,False,True,0.0,0.0
full_coverage_complete,1strowrightgirl3540,780,0,0,2,True,False,True,0.0,0.0
full_coverage_complete,1strowrightgirl3540,781,0,0,5,True,False,True,0.0,0.0
full_coverage_complete,1strowrightgirl3540,782,0,0,4,True,False,True,0.0,0.0
full_coverage_complete,1strowrightgirl3540,783,0,0,4,True,False,True,0.0,0.0
full_coverage_complete,1strowrightgirl3540,784,0,0,4,True,False,True,0.0,0.0
full_coverage_complete,1strowrightgirl3540,785,0,0,4,True,False,True,0.0,0.0
full_coverage_complete,1strowrightgirl3540,786,0,0,4,True,False,True,0.0,0.0
full_coverage_complete,1strowrightgirl3540,787,0,0,2,True,False,True,0.0,0.0
full_coverage_complete,1strowrightgirl3540,788,0,0,5,True,False,True,0.0,0.0
full_coverage_complete,1strowrightgirl3540,789,0,0,4,True,False,True,0.0,0.0
full_coverage_complete,1strowrightgirl3540,790,4,0,4,True,False,True,0.0,0.0
full_coverage_complete,1strowrightgirl3540,791,0,0,5,True,False,True,0.0,0.0
full_coverage_complete,1strowrightgirl3540,792,0,0,2,True,False,True,0.7414851740834558,0.7414851740834558
full_coverage_complete,1strowrightgirl3540,795,0,0,4,True,False,True,0.8761410021173766,0.8761410021173766
full_coverage_complete,1strowrightgirl3540,796,0,0,2,True,False,True,0.8409361614648965,0.8409361614648965
full_coverage_complete,1strowrightgirl3540,801,0,0,4,True,False,True,0.9203253689834591,0.9203253689834591
full_coverage_complete,1strowrightgirl3540,802,0,0,4,True,False,True,0.8185082794974039,0.8185082794974039
full_coverage_complete,1strowrightgirl3540,803,0,0,4,True,False,True,0.8663054925148569,0.8663054925148569
full_coverage_complete,1strowrightgirl3540,804,0,0,4,True,False,True,0.8458352903102575,0.8458352903102575
full_coverage_complete,1strowrightgirl3540,806,0,0,4,True,False,True,0.6296057487752019,0.6296057487752019
full_coverage_complete,1strowrightgirl3540,807,0,0,4,True,False,True,0.6723837271404887,0.6723837271404887
full_coverage_complete,1strowrightgirl3540,808,0,0,2,True,False,True,0.6849097628954721,0.6849097628954721
full_coverage_complete,1strowrightgirl3540,809,0,0,5,True,False,True,0.7835202308729197,0.7835202308729197
full_coverage_complete,1strowrightgirl3540,810,0,0,2,True,False,True,0.7629797178574886,0.7629797178574886
full_coverage_complete,1strowrightgirl3540,811,0,0,4,True,False,True,0.8464179010150729,0.8464179010150729
full_coverage_complete,1strowrightgirl3540,812,0,0,4,True,False,True,0.7198381913423826,0.7198381913423826
full_coverage_complete,1strowrightgirl3540,814,0,0,4,True,False,True,0.8010217833920813,0.8010217833920813
full_coverage_complete,1strowrightgirl3540,815,0,1,2,True,False,True,0.8567550735636548,0.0
full_coverage_complete,1strowrightgirl3540,818,0,0,4,True,False,True,0.0,0.0
full_coverage_complete,1strowrightgirl3540,819,4,0,4,True,False,True,0.0,0.0
full_coverage_complete,1strowrightgirl3540,821,0,0,5,True,False,True,0.8975226252602768,0.8975226252602768
full_coverage_complete,1strowrightgirl3540,822,0,0,2,True,False,True,0.8965236631851251,0.8965236631851251
full_coverage_complete,1strowrightgirl3540,828,0,0,1,True,False,True,0.9349218867818055,0.9349218867818055
full_coverage_complete,1strowrightgirl3540,829,0,0,4,True,False,True,0.9375280795398316,0.9375280795398316
full_coverage_complete,1strowrightgirl3540,830,0,0,4,True,False,True,0.9735685555272099,0.9735685555272099
full_coverage_complete,1strowrightgirl3540,831,0,1,2,True,False,True,0.8934882732095439,0.0
full_coverage_complete,1strowrightgirl3540,832,0,0,1,True,False,True,0.0,0.0
full_coverage_complete,1strowrightgirl3540,833,0,0,4,True,False,True,0.7874595694264299,0.7874595694264299
full_coverage_complete,1strowrightgirl3540,836,0,1,2,True,False,True,0.8166598265833964,0.0
full_coverage_complete,1strowrightgirl3540,837,0,0,4,True,False,True,0.0,0.0
full_coverage_complete,1strowrightgirl3540,838,0,0,4,True,False,True,0.0,0.0
full_coverage_complete,1strowrightgirl3540,839,0,0,4,True,False,True,0.0,0.0
full_coverage_complete,1strowrightgirl3540,840,0,0,2,True,False,True,0.0,0.0
full_coverage_complete,1strowrightgirl3540,841,0,0,2,True,False,True,0.0,0.0
full_coverage_complete,1strowrightgirl3540,842,0,0,4,True,False,True,0.0,0.0
full_coverage_complete,1strowrightgirl3540,843,0,0,2,True,False,True,0.0,0.0
full_coverage_complete,1strowrightgirl3540,844,0,0,5,True,False,True,0.780530125466677,0.780530125466677
full_coverage_complete,1strowrightgirl3540,845,0,0,5,True,False,True,0.694587675290892,0.694587675290892
full_coverage_complete,1strowrightgirl3540,846,0,0,2,True,False,True,0.8917790399158144,0.8917790399158144
full_coverage_complete,1strowrightgirl3540,857,0,0,2,True,False,True,0.9428067117621006,0.9428067117621006
full_coverage_complete,1strowrightgirl3540,858,0,0,2,True,False,True,0.8805312474568324,0.8805312474568324
full_coverage_complete,1strowrightgirl3540,859,0,0,2,True,False,True,0.911764017614346,0.911764017614346
full_coverage_complete,1strowrightgirl3540,861,0,0,2,True,False,True,0.9097776167667636,0.9097776167667636
full_coverage_complete,1strowrightgirl3540,862,0,0,2,True,False,True,0.8738075151241155,0.8738075151241155
full_coverage_complete,1strowrightgirl3540,866,0,0,2,True,False,True,0.8938676320991045,0.8938676320991045
full_coverage_complete,1strowrightgirl3540,867,0,0,2,True,False,True,0.8129027303629502,0.8129027303629502
full_coverage_complete,1strowrightgirl3540,868,0,0,5,True,False,True,0.8902985961525894,0.8902985961525894
full_coverage_complete,1strowrightgirl3540,869,0,0,4,True,False,True,0.8654815707212796,0.0
full_coverage_complete,1strowrightgirl3540,871,0,0,4,True,False,True,0.8549205625470202,0.8549205625470202
full_coverage_complete,1strowrightgirl3540,872,0,0,5,True,False,True,0.804836469948797,0.804836469948797
full_coverage_complete,1strowrightgirl3540,876,0,0,2,True,False,True,0.8432173412394336,0.8432173412394336
full_coverage_complete,1strowrightgirl3540,877,1,0,1,True,False,True,0.8404250415625532,0.0
full_coverage_complete,1strowrightgirl3540,878,0,0,1,True,False,True,0.7700195000012212,0.7700195000012212
full_coverage_complete,1strowrightgirl3540,879,0,0,5,True,False,True,0.8341691505662507,0.8341691505662507
full_coverage_complete,1strowrightgirl3540,880,0,1,0,False,False,True,0.809951132166456,0.0
full_coverage_complete,1strowrightgirl3540,881,0,0,4,True,False,True,0.7962517358388324,0.7962517358388324
full_coverage_complete,1strowrightgirl3540,882,0,0,5,True,False,True,0.805202004270739,0.805202004270739
full_coverage_complete,1strowrightgirl3540,883,0,0,2,True,False,True,0.7592849986602949,0.7592849986602949
full_coverage_complete,1strowrightgirl3540,885,0,0,4,True,False,True,0.7509227514572104,0.7509227514572104
full_coverage_complete,1strowrightgirl3540,887,0,0,2,True,False,True,0.8721863500546373,0.8721863500546373
full_coverage_complete,1strowrightgirl3540,888,0,0,1,True,False,True,0.940236541976025,0.0
full_coverage_complete,1strowrightgirl3540,894,0,0,2,True,False,True,0.0,0.0
full_coverage_complete,1strowrightgirl3540,898,0,0,1,True,False,True,0.7660491446246611,0.7660491446246611
full_coverage_complete,1strowrightgirl3540,901,0,0,5,True,False,True,0.7574205460575956,0.7574205460575956
full_coverage_complete,1strowrightgirl3540,903,0,0,2,True,False,True,0.7534472621346556,0.7534472621346556
full_coverage_complete,1strowrightgirl3540,904,0,0,2,True,False,True,0.0,0.0
full_coverage_complete,1strowrightgirl3540,906,0,0,5,True,False,True,0.8203791540545098,0.8203791540545098
full_coverage_complete,1strowrightgirl3540,914,0,0,4,True,False,True,0.9237751817886836,0.9237751817886836
full_coverage_complete,1strowrightgirl3540,915,0,0,1,True,False,True,0.929877167584712,0.929877167584712
full_coverage_complete,1strowrightgirl3540,923,0,0,2,True,False,True,0.8436612413403419,0.8436612413403419
full_coverage_complete,1strowrightgirl3540,924,0,0,4,True,False,True,0.9053252921812428,0.9053252921812428
full_coverage_complete,1strowrightgirl3540,931,0,0,1,True,False,True,0.8145406153794013,0.8145406153794013
full_coverage_complete,1strowrightgirl3540,932,0,0,1,True,False,True,0.8827930147217288,0.8827930147217288
full_coverage_complete,1strowrightgirl3540,933,0,0,2,True,False,True,0.8746951281247765,0.8746951281247765
full_coverage_complete,1strowrightgirl3540,936,0,0,2,True,False,True,0.8596410688129744,0.8596410688129744
full_coverage_complete,1strowrightgirl3540,937,0,0,4,True,False,True,0.8198377000071487,0.8198377000071487
full_coverage_complete,1strowrightgirl3540,938,0,0,2,True,False,True,0.832203209959537,0.832203209959537
full_coverage_complete,1strowrightgirl3540,939,0,0,2,True,False,True,0.8167053868751504,0.8167053868751504
full_coverage_complete,1strowrightgirl3540,943,0,0,2,True,False,True,0.8147329158252365,0.8147329158252365
full_coverage_complete,1strowrightgirl3540,944,0,0,4,True,False,True,0.673408307101082,0.673408307101082
full_coverage_complete,1strowrightgirl3540,947,0,0,4,True,False,True,0.5931604012625709,0.5931604012625709
full_coverage_complete,1strowrightgirl3540,948,0,0,4,True,False,True,0.5339664734066276,0.5339664734066276
full_coverage_complete,1strowrightgirl3540,949,0,0,2,True,False,True,0.6658324542490232,0.6658324542490232
full_coverage_complete,1strowrightgirl3540,951,0,0,1,True,False,True,0.05084467200735812,0.05084467200735812
full_coverage_complete,1strowrightgirl3540,952,0,0,4,True,False,True,0.05084579280248202,0.05084579280248202
full_coverage_complete,1strowrightgirl3540,953,0,0,4,True,False,True,0.003171604144470615,0.003171604144470615
full_coverage_complete,1strowrightgirl3540,954,0,0,2,True,False,True,0.04695366499852183,0.04695366499852183
full_coverage_complete,1strowrightgirl3540,955,0,0,2,True,False,True,0.0,0.0
full_coverage_complete,1strowrightgirl3540,956,0,0,4,True,False,True,0.009327999210535653,0.009327999210535653
full_coverage_complete,1strowrightgirl3540,957,0,0,4,True,False,True,0.0,0.0
full_coverage_complete,1strowrightgirl3540,958,0,0,4,True,False,True,0.0,0.0
full_coverage_complete,1strowrightgirl3540,959,0,0,4,True,False,True,0.0,0.0
full_coverage_complete,1strowrightgirl3540,960,0,0,4,True,False,True,0.0,0.0
full_coverage_complete,1strowrightgirl3540,961,0,0,4,True,False,True,0.05600414171882796,0.05600414171882796
full_coverage_complete,1strowrightgirl3540,962,0,0,2,True,False,True,0.8638241296906153,0.8638241296906153
full_coverage_complete,1strowrightgirl3540,963,0,0,5,True,False,True,0.8620979803696627,0.8620979803696627
full_coverage_complete,1strowrightgirl3540,965,0,0,2,True,False,True,0.9391726614432676,0.9391726614432676
full_coverage_complete,1strowrightgirl3540,966,0,0,2,True,False,True,0.8551014811313228,0.8551014811313228
full_coverage_complete,1strowrightgirl3540,972,0,0,2,True,False,True,0.8823402788987365,0.8823402788987365
full_coverage_complete,1strowrightgirl3540,973,0,0,2,True,False,True,0.8522922169466973,0.8522922169466973
full_coverage_complete,1strowrightgirl3540,974,0,0,2,True,False,True,0.8874875795838981,0.8874875795838981
full_coverage_complete,1strowrightgirl3540,976,0,0,2,True,False,True,0.7780258677998972,0.7780258677998972
full_coverage_complete,1strowrightgirl3540,977,0,0,2,True,False,True,0.9056236953604356,0.9056236953604356
full_coverage_complete,1strowrightgirl3540,978,0,0,2,True,False,True,0.8982426787813662,0.8982426787813662
full_coverage_complete,1strowrightgirl3540,979,0,1,4,True,False,True,0.8080193914297779,0.0
full_coverage_complete,1strowrightgirl3540,980,0,0,4,True,False,True,0.00040837518664948015,0.00040837518664948015
full_coverage_complete,1strowrightgirl3540,981,0,0,4,True,False,True,0.07190380535053775,0.07190380535053775
full_coverage_complete,1strowrightgirl3540,982,0,1,1,True,False,True,0.22991987614864953,0.0
full_coverage_complete,1strowrightgirl3540,983,1,1,1,True,False,True,0.0,0.0
full_coverage_complete,1strowrightgirl3540,984,0,1,4,True,False,True,0.0,0.0
full_coverage_complete,1strowrightgirl3540,985,0,0,4,True,False,True,0.0,0.0
full_coverage_complete,1strowrightgirl3540,986,0,0,4,True,False,True,0.0,0.0
full_coverage_complete,1strowrightgirl3540,987,0,0,4,True,False,True,0.0,0.0
full_coverage_complete,1strowrightgirl3540,988,0,0,4,True,False,True,0.0,0.0
full_coverage_complete,1strowrightgirl3540,989,0,0,4,True,False,True,0.0,0.0
full_coverage_complete,1strowrightgirl3540,990,0,0,4,True,False,True,0.0,0.0
full_coverage_complete,1strowrightgirl3540,991,0,0,2,True,False,True,0.0,0.0
full_coverage_complete,1strowrightgirl3540,992,0,0,4,True,False,True,0.0,0.0
full_coverage_complete,1strowrightgirl3540,993,0,0,5,True,False,True,0.0,0.0
full_coverage_complete,1strowrightgirl3540,994,0,0,5,True,False,True,0.0,0.0
full_coverage_complete,1strowrightgirl3540,995,0,0,4,True,False,True,0.0,0.0
full_coverage_complete,1strowrightgirl3540,996,0,0,5,True,False,True,0.0,0.0
full_coverage_complete,1strowrightgirl3540,997,0,0,2,True,False,True,0.0,0.0
full_coverage_complete,1strowrightgirl3540,998,0,0,2,True,False,True,0.0,0.0
full_coverage_complete,1strowrightgirl3540,999,0,0,4,True,False,True,0.0,0.0
full_coverage_complete,1strowrightgirl3540,1000,0,0,4,True,False,True,0.0,0.0
full_coverage_complete,1strowrightgirl3540,1001,0,0,4,True,False,True,0.0,0.0
full_coverage_complete,1strowrightgirl3540,1002,0,0,4,True,False,True,0.0,0.0
full_coverage_complete,1strowrightgirl3540,1003,0,0,4,True,False,True,0.0,0.0
full_coverage_complete,1strowrightgirl3540,1004,0,0,4,True,False,True,0.0,0.0
full_coverage_complete,1strowrightgirl3540,1005,0,0,4,True,False,True,0.0,0.0
full_coverage_complete,1strowrightgirl3540,1006,0,0,2,True,False,True,0.0,0.0
full_coverage_complete,1strowrightgirl3540,1007,0,0,4,True,False,True,0.0,0.0
full_coverage_complete,1strowrightgirl3540,1008,0,0,4,True,False,True,0.0,0.0
full_coverage_complete,1strowrightgirl3540,1009,0,0,2,True,False,True,0.0,0.0
full_coverage_complete,1strowrightgirl3540,1010,0,0,4,True,False,True,0.0,0.0
full_coverage_complete,1strowrightgirl3540,1011,0,0,5,True,False,True,0.0,0.0
full_coverage_complete,1strowrightgirl3540,1012,0,0,4,True,False,True,0.0,0.0
full_coverage_complete,1strowrightgirl3540,1013,0,0,4,True,False,True,0.0,0.0
full_coverage_complete,1strowrightgirl3540,1014,5,0,5,True,False,True,0.0,0.0
full_coverage_complete,1strowrightgirl3540,1015,0,0,4,True,False,True,0.0,0.0
full_coverage_complete,1strowrightgirl3540,1016,0,0,5,True,False,True,0.0,0.0
full_coverage_complete,1strowrightgirl3540,1017,0,0,2,True,False,True,0.0,0.0
full_coverage_complete,1strowrightgirl3540,1018,0,1,5,True,False,True,0.0,0.0
full_coverage_complete,1strowrightgirl3540,1019,1,0,1,True,False,True,0.0,0.0
full_coverage_complete,1strowrightgirl3540,1020,0,0,4,True,False,True,0.0,0.0
full_coverage_complete,1strowrightgirl3540,1021,0,0,2,True,False,True,0.0,0.0
full_coverage_complete,1strowrightgirl3540,1022,0,0,4,True,False,True,0.0,0.0
full_coverage_complete,1strowrightgirl3540,1024,0,0,4,True,False,True,0.0,0.0
full_coverage_complete,1strowrightgirl3540,1025,0,0,5,True,False,True,0.0,0.0
full_coverage_complete,1strowrightgirl3540,1026,0,0,4,True,False,True,0.0,0.0
full_coverage_complete,1strowrightgirl3540,1027,0,0,4,True,False,True,0.0,0.0
full_coverage_complete,1strowrightgirl3540,1028,0,0,4,True,False,True,0.0,0.0
full_coverage_complete,1strowrightgirl3540,1029,0,0,4,True,False,True,0.0,0.0
full_coverage_complete,1strowrightgirl3540,1030,0,0,5,True,False,True,0.0,0.0
full_coverage_complete,1strowrightgirl3540,1031,0,0,5,True,False,True,0.0,0.0
full_coverage_complete,1strowrightgirl3540,1032,0,0,5,True,False,True,0.0,0.0
full_coverage_complete,1strowrightgirl3540,1033,0,0,2,True,False,True,0.0,0.0
full_coverage_complete,1strowrightgirl3540,1034,0,0,5,True,False,True,0.0,0.0
full_coverage_complete,1strowrightgirl3540,1035,4,0,4,True,False,True,0.0,0.0
full_coverage_complete,1strowrightgirl3540,1036,0,0,2,True,False,True,0.0,0.0
full_coverage_complete,1strowrightgirl3540,1039,0,0,2,True,False,True,0.0,0.0
full_coverage_complete,1strowrightgirl3540,1040,0,0,4,True,False,True,0.0,0.0
full_coverage_complete,1strowrightgirl3540,1041,0,0,2,True,False,True,0.0,0.0
full_coverage_complete,1strowrightgirl3540,1042,0,0,2,True,False,True,0.0,0.0
full_coverage_complete,1strowrightgirl3540,1043,0,0,4,True,False,True,0.0,0.0
full_coverage_complete,1strowrightgirl3540,1044,0,0,4,True,False,True,0.0,0.0
full_coverage_complete,1strowrightgirl3540,1045,4,0,4,True,False,True,0.0,0.0
full_coverage_complete,1strowrightgirl3540,1046,0,0,5,True,False,True,0.0,0.0
full_coverage_complete,1strowrightgirl3540,1047,0,0,4,True,False,True,0.0,0.0
full_coverage_complete,1strowrightgirl3540,1048,0,0,2,True,False,True,0.0,0.0
full_coverage_complete,1strowrightgirl3540,1049,0,0,1,True,False,True,0.0,0.0
full_coverage_complete,1strowrightgirl3540,1050,0,0,2,True,False,True,0.0,0.0
full_coverage_complete,1strowrightgirl3540,1051,0,0,5,True,False,True,0.0,0.0
full_coverage_complete,1strowrightgirl3540,1052,5,0,5,True,False,True,0.0,0.0
full_coverage_complete,1strowrightgirl3540,1053,0,0,4,True,False,True,0.0,0.0
full_coverage_complete,1strowrightgirl3540,1054,0,0,4,True,False,True,0.0,0.0
full_coverage_complete,1strowrightgirl3540,1055,0,0,4,True,False,True,0.0,0.0
full_coverage_complete,1strowrightgirl3540,1056,0,0,4,True,False,True,0.0,0.0
full_coverage_complete,1strowrightgirl3540,1057,0,0,4,True,False,True,0.0,0.0
full_coverage_complete,1strowrightgirl3540,1058,0,0,4,True,False,True,0.0,0.0
full_coverage_complete,1strowrightgirl3540,1059,0,0,2,True,False,True,0.0,0.0
full_coverage_complete,1strowrightgirl3540,1060,0,0,2,True,False,True,0.0,0.0
full_coverage_complete,1strowrightgirl3540,1061,0,0,2,True,False,True,0.0,0.0
full_coverage_complete,1strowrightgirl3540,1062,0,0,5,True,False,True,0.0,0.0
full_coverage_complete,1strowrightgirl3540,1063,0,0,4,True,False,True,0.0,0.0
full_coverage_complete,1strowrightgirl3540,1065,0,0,1,True,False,True,0.0,0.0
full_coverage_complete,1strowrightgirl3540,1066,0,0,1,True,False,True,0.0,0.0
full_coverage_complete,1strowrightgirl3540,1068,0,0,4,True,False,True,0.0,0.0
full_coverage_complete,1strowrightgirl3540,1069,0,0,4,True,False,True,0.0,0.0
full_coverage_complete,1strowrightgirl3540,1070,0,0,4,True,False,True,0.0,0.0
full_coverage_complete,1strowrightgirl3540,1071,0,0,5,True,False,True,0.0,0.0
full_coverage_complete,1strowrightgirl3540,1072,0,0,4,True,False,True,0.0,0.0
full_coverage_complete,1strowrightgirl3540,1073,0,0,5,True,False,True,0.0,0.0
full_coverage_complete,1strowrightgirl3540,1074,0,0,4,True,False,True,0.0,0.0
full_coverage_complete,1strowrightgirl3540,1075,4,2,4,True,False,True,0.0,0.0
full_coverage_complete,1strowrightgirl3540,1076,0,0,5,True,False,True,0.0,0.0
full_coverage_complete,1strowrightgirl3540,1077,1,0,1,True,False,True,0.0,0.0
full_coverage_complete,1strowrightgirl3540,1078,0,0,2,True,False,True,0.0,0.0
full_coverage_complete,1strowrightgirl3540,1079,0,0,4,True,False,True,0.0,0.0
full_coverage_complete,1strowrightgirl3540,1080,0,0,4,True,False,True,0.0,0.0
full_coverage_complete,1strowrightgirl3540,1081,0,0,4,True,False,True,0.0,0.0
full_coverage_complete,1strowrightgirl3540,1082,0,0,4,True,False,True,0.0,0.0
full_coverage_complete,1strowrightgirl3540,1083,0,0,4,True,False,True,0.0,0.0
full_coverage_complete,1strowrightgirl3540,1084,0,0,4,True,False,True,0.0,0.0
full_coverage_complete,1strowrightgirl3540,1086,1,0,1,True,False,True,0.0,0.0
full_coverage_complete,1strowrightgirl3540,1087,0,0,5,True,False,True,0.0,0.0
full_coverage_complete,1strowrightgirl3540,1088,0,0,4,True,False,True,0.0,0.0
full_coverage_complete,1strowrightgirl3540,1090,0,0,2,True,False,True,0.0,0.0
full_coverage_complete,1strowrightgirl3540,1091,0,0,2,True,False,True,0.0,0.0
full_coverage_complete,1strowrightgirl3540,1092,0,0,2,True,False,True,0.0,0.0
full_coverage_complete,1strowrightgirl3540,1093,0,0,2,True,False,True,0.0,0.0
full_coverage_complete,1strowrightgirl3540,1094,0,0,2,True,False,True,0.0,0.0
full_coverage_complete,1strowrightgirl3540,1096,0,0,1,True,False,True,0.0,0.0
full_coverage_complete,1strowrightgirl3540,1097,0,0,4,True,False,True,0.0,0.0
full_coverage_complete,1strowrightgirl3540,1098,0,0,4,True,False,True,0.0,0.0
full_coverage_complete,1strowrightgirl3540,1102,0,0,4,True,False,True,0.0,0.0
full_coverage_complete,1strowrightgirl3540,1103,0,0,4,True,False,True,0.0,0.0
full_coverage_complete,1strowrightgirl3540,1104,0,0,4,True,False,True,0.0,0.0
full_coverage_complete,1strowrightgirl3540,1105,0,0,1,True,False,True,0.0,0.0
full_coverage_complete,1strowrightgirl3540,1106,4,0,4,True,False,True,0.0,0.0
full_coverage_complete,1strowrightgirl3540,1107,0,0,5,True,False,True,0.0,0.0
full_coverage_complete,1strowrightgirl3540,1108,0,0,5,True,False,True,0.0,0.0
full_coverage_complete,1strowrightgirl3540,1109,0,0,5,True,False,True,0.0,0.0
full_coverage_complete,1strowrightgirl3540,1110,0,0,5,True,False,True,0.0,0.0
full_coverage_complete,1strowrightgirl3540,1111,0,0,4,True,False,True,0.0,0.0
full_coverage_complete,1strowrightgirl3540,1112,0,0,5,True,False,True,0.0,0.0
full_coverage_complete,1strowrightgirl3540,1113,0,0,5,True,False,True,0.0,0.0
full_coverage_complete,1strowrightgirl3540,1114,0,0,5,True,False,True,0.0,0.0
full_coverage_complete,1strowrightgirl3540,1115,0,0,5,True,False,True,0.0,0.0
full_coverage_complete,1strowrightgirl3540,1116,0,0,2,True,False,True,0.0,0.0
full_coverage_complete,1strowrightgirl3540,1117,0,0,2,True,False,True,0.0,0.0
full_coverage_complete,1strowrightgirl3540,1118,0,0,2,True,False,True,0.0,0.0
full_coverage_complete,1strowrightgirl3540,1119,0,0,4,True,False,True,0.0,0.0
full_coverage_complete,1strowrightgirl3540,1120,0,0,1,True,False,True,0.0,0.0
full_coverage_complete,1strowrightgirl3540,1121,0,0,6,True,False,True,0.0,0.0
full_coverage_complete,1strowrightgirl3540,1122,4,0,4,True,False,True,0.0,0.0
full_coverage_complete,1strowrightgirl3540,1123,0,0,5,True,False,True,0.0,0.0
full_coverage_complete,1strowrightgirl3540,1124,0,0,5,True,False,True,0.0,0.0
full_coverage_complete,1strowrightgirl3540,1125,0,0,2,True,False,True,0.0,0.0
full_coverage_complete,1strowrightgirl3540,1126,0,0,2,True,False,True,0.0,0.0
full_coverage_complete,1strowrightgirl3540,1127,0,0,2,True,False,True,0.0,0.0
full_coverage_complete,1strowrightgirl3540,1128,0,0,4,True,False,True,0.0,0.0
full_coverage_complete,1strowrightgirl3540,1129,0,0,4,True,False,True,0.0,0.0
full_coverage_complete,1strowrightgirl3540,1130,0,0,2,True,False,True,0.0,0.0
full_coverage_complete,1strowrightgirl3540,1132,0,0,4,True,False,True,0.0,0.0
full_coverage_complete,1strowrightgirl3540,1133,0,0,2,True,False,True,0.0,0.0
full_coverage_complete,1strowrightgirl3540,1134,0,0,2,True,False,True,0.0,0.0
full_coverage_complete,1strowrightgirl3540,1135,0,0,4,True,False,True,0.0,0.0
full_coverage_complete,1strowrightgirl3540,1136,0,0,4,True,False,True,0.0,0.0
full_coverage_complete,1strowrightgirl3540,1137,0,0,2,True,False,True,0.0,0.0
full_coverage_complete,1strowrightgirl3540,1138,0,0,1,True,False,True,0.0,0.0
full_coverage_complete,1strowrightgirl3540,1139,0,0,5,True,False,True,0.0,0.0
full_coverage_complete,1strowrightgirl3540,1140,0,0,5,True,False,True,0.0,0.0
full_coverage_complete,1strowrightgirl3540,1141,0,0,2,True,False,True,0.0,0.0
full_coverage_complete,1strowrightgirl3540,1142,0,0,2,True,False,True,0.0,0.0
full_coverage_complete,1strowrightgirl3540,1143,0,0,2,True,False,True,0.0,0.0
full_coverage_complete,1strowrightgirl3540,1144,0,0,5,True,False,True,0.0,0.0
full_coverage_complete,1strowrightgirl3540,1145,0,0,5,True,False,True,0.0,0.0
full_coverage_complete,1strowrightgirl3540,1146,0,0,1,True,False,True,0.0,0.0
full_coverage_complete,1strowrightgirl3540,1147,0,0,2,True,False,True,0.0,0.0
full_coverage_complete,1strowrightgirl3540,1148,0,0,4,True,False,True,0.0,0.0
full_coverage_complete,1strowrightgirl3540,1149,0,0,4,True,False,True,0.0,0.0
full_coverage_complete,1strowrightgirl3540,1150,0,0,2,True,False,True,0.0,0.0
full_coverage_complete,1strowrightgirl3540,1151,0,0,4,True,False,True,0.0,0.0
full_coverage_complete,1strowrightgirl3540,1157,0,0,2,True,False,True,0.0,0.0
full_coverage_complete,1strowrightgirl3540,1158,0,0,2,True,False,True,0.0,0.0
full_coverage_complete,1strowrightgirl3540,1159,0,0,2,True,False,True,0.0,0.0
full_coverage_complete,1strowrightgirl3540,1160,0,0,2,True,False,True,0.0,0.0
full_coverage_complete,1strowrightgirl3540,1161,0,0,5,True,False,True,0.0,0.0
full_coverage_complete,1strowrightgirl3540,1162,0,0,5,True,False,True,0.0,0.0
full_coverage_complete,1strowrightgirl3540,1163,0,0,1,True,False,True,0.0,0.0
full_coverage_complete,1strowrightgirl3540,1164,0,0,5,True,False,True,0.0,0.0
full_coverage_complete,1strowrightgirl3540,1165,0,0,1,True,False,True,0.0,0.0
full_coverage_complete,1strowrightgirl3540,1166,0,0,2,True,False,True,0.0,0.0
full_coverage_complete,1strowrightgirl3540,1167,0,0,5,True,False,True,0.0,0.0
full_coverage_complete,1strowrightgirl3540,1168,0,0,1,True,False,True,0.0,0.0
full_coverage_complete,1strowrightgirl3540,1169,0,0,2,True,False,True,0.0,0.0
full_coverage_complete,1strowrightgirl3540,1170,0,0,4,True,False,True,0.0,0.0
full_coverage_complete,1strowrightgirl3540,1171,0,0,5,True,False,True,0.0,0.0
full_coverage_complete,1strowrightgirl3540,1172,0,0,5,True,False,True,0.0,0.0
full_coverage_complete,1strowrightgirl3540,1173,0,0,5,True,False,True,0.0,0.0
full_coverage_complete,1strowrightgirl3540,1174,5,0,5,True,False,True,0.0,0.0
full_coverage_complete,1strowrightgirl3540,1175,1,0,1,True,False,True,0.0,0.0
full_coverage_complete,1strowrightgirl3540,1176,0,0,4,True,False,True,0.0,0.0
full_coverage_complete,1strowrightgirl3540,1177,0,0,4,True,False,True,0.0,0.0
full_coverage_complete,1strowrightgirl3540,1178,0,0,4,True,False,True,0.0,0.0
full_coverage_complete,1strowrightgirl3540,1181,0,0,2,True,False,True,0.0,0.0
full_coverage_complete,1strowrightgirl3540,1182,0,0,4,True,False,True,0.0,0.0
full_coverage_complete,1strowrightgirl3540,1183,0,0,5,True,False,True,0.0,0.0
full_coverage_complete,1strowrightgirl3540,1184,0,0,4,True,False,True,0.0,0.0
full_coverage_complete,1strowrightgirl3540,1185,0,0,4,True,False,True,0.0,0.0
full_coverage_complete,1strowrightgirl3540,1186,0,0,4,True,False,True,0.0,0.0
full_coverage_complete,1strowrightgirl3540,1187,0,0,4,True,False,True,0.0,0.0
full_coverage_complete,1strowrightgirl3540,1188,0,1,4,True,False,True,0.0,0.0
full_coverage_complete,1strowrightgirl3540,1189,0,0,5,True,False,True,0.0,0.0
full_coverage_complete,1strowrightgirl3540,1190,0,0,5,True,False,True,0.0,0.0
full_coverage_complete,1strowrightgirl3540,1191,0,0,4,True,False,True,0.0,0.0
full_coverage_complete,1strowrightgirl3540,1192,0,0,5,True,False,True,0.0,0.0
full_coverage_complete,1strowrightgirl3540,1193,0,0,4,True,False,True,0.0,0.0
full_coverage_complete,1strowrightgirl3540,1194,0,1,5,True,False,True,0.0,0.0
full_coverage_complete,1strowrightgirl3540,1195,1,0,1,True,False,True,0.0,0.0
full_coverage_complete,1strowrightgirl3540,1196,0,0,2,True,False,True,0.0,0.0
full_coverage_complete,1strowrightgirl3540,1197,5,0,5,True,False,True,0.0,0.0
full_coverage_complete,1strowrightgirl3540,1199,0,0,2,True,False,True,0.0,0.0
full_coverage_complete,1strowrightgirl3540,1200,5,0,5,True,False,True,0.0,0.0
full_coverage_complete,1strowrightgirl3540,1201,0,0,2,True,False,True,0.0,0.0
full_coverage_complete,1strowrightgirl3540,1202,0,0,4,True,False,True,0.0,0.0
full_coverage_complete,1strowrightgirl3540,1203,0,0,4,True,False,True,0.0,0.0
full_coverage_complete,1strowrightgirl3540,1205,0,0,4,True,False,True,0.0,0.0
full_coverage_complete,1strowrightgirl3540,1207,0,0,2,True,False,True,0.0,0.0
full_coverage_complete,1strowrightgirl3540,1209,0,0,2,True,False,True,0.0,0.0
full_coverage_complete,1strowrightgirl3540,1210,0,0,2,True,False,True,0.0,0.0
full_coverage_complete,1strowrightgirl3540,1215,0,0,4,True,False,True,0.0,0.0
full_coverage_complete,1strowrightgirl3540,1217,0,0,4,True,False,True,0.0,0.0
full_coverage_complete,1strowrightgirl3540,1218,0,0,4,True,False,True,0.0,0.0
full_coverage_complete,1strowrightgirl3540,1219,0,0,4,True,False,True,0.0,0.0
full_coverage_complete,1strowrightgirl3540,1220,0,0,4,True,False,True,0.0,0.0
full_coverage_complete,1strowrightgirl3540,1221,0,0,4,True,False,True,0.0,0.0
full_coverage_complete,1strowrightgirl3540,1222,0,0,4,True,False,True,0.0,0.0
full_coverage_complete,1strowrightgirl3540,1223,0,0,4,True,False,True,0.0,0.0
full_coverage_complete,1strowrightgirl3540,1224,0,0,4,True,False,True,0.0,0.0
full_coverage_complete,1strowrightgirl3540,1225,0,0,4,True,False,True,0.0,0.0
full_coverage_complete,1strowrightgirl3540,1226,0,0,2,True,False,True,0.0,0.0
full_coverage_complete,1strowrightgirl3540,1227,0,0,4,True,False,True,0.0,0.0
full_coverage_complete,1strowrightgirl3540,1228,5,0,5,True,False,True,0.0,0.0
full_coverage_complete,1strowrightgirl3540,1229,0,0,4,True,False,True,0.0,0.0
full_coverage_complete,1strowrightgirl3540,1230,0,0,4,True,False,True,0.0,0.0
full_coverage_complete,1strowrightgirl3540,1231,0,0,2,True,False,True,0.0,0.0
full_coverage_complete,1strowrightgirl3540,1232,0,0,4,True,False,True,0.0,0.0
full_coverage_complete,1strowrightgirl3540,1233,0,0,2,True,False,True,0.0,0.0
full_coverage_complete,1strowrightgirl3540,1234,0,0,2,True,False,True,0.0,0.0
full_coverage_complete,1strowrightgirl3540,1235,5,0,5,True,False,True,0.0,0.0
full_coverage_complete,1strowrightgirl3540,1236,5,0,5,True,False,True,0.0,0.0
full_coverage_complete,1strowrightgirl3540,1237,0,0,4,True,False,True,0.0,0.0
full_coverage_complete,1strowrightgirl3540,1238,0,0,2,True,False,True,0.0,0.0
full_coverage_complete,1strowrightgirl3540,1239,0,1,4,True,False,True,0.0,0.0
full_coverage_complete,1strowrightgirl3540,1240,0,0,5,True,False,True,0.0,0.0
full_coverage_complete,1strowrightgirl3540,1241,0,0,5,True,False,True,0.0,0.0
full_coverage_complete,1strowrightgirl3540,1242,0,0,5,True,False,True,0.0,0.0
full_coverage_complete,1strowrightgirl3540,1243,0,0,5,True,False,True,0.0,0.0
full_coverage_complete,1strowrightgirl3540,1244,0,0,4,True,False,True,0.050536426328517174,0.050536426328517174
full_coverage_complete,1strowrightgirl3540,1245,0,0,5,True,False,True,0.10692543686502085,0.10692543686502085
full_coverage_complete,1strowrightgirl3540,1246,0,0,4,True,False,True,0.13133420276652596,0.13133420276652596
full_coverage_complete,1strowrightgirl3540,1247,0,0,4,True,False,True,0.19615169293337295,0.19615169293337295
full_coverage_complete,1strowrightgirl3540,1248,0,0,5,True,False,True,0.009769291694968854,0.009769291694968854
full_coverage_complete,1strowrightgirl3540,1249,0,0,1,True,False,True,0.0,0.0
full_coverage_complete,1strowrightgirl3540,1250,0,0,4,True,False,True,0.0,0.0
full_coverage_complete,1strowrightgirl3540,1251,0,0,4,True,False,True,0.0,0.0
full_coverage_complete,1strowrightgirl3540,1252,0,0,5,True,False,True,0.11351364414343869,0.11351364414343869
full_coverage_complete,1strowrightgirl3540,1253,0,0,5,True,False,True,0.17578932856567467,0.17578932856567467
full_coverage_complete,1strowrightgirl3540,1254,0,0,5,True,False,True,0.2874479354797743,0.2874479354797743
full_coverage_complete,1strowrightgirl3540,1255,5,0,5,True,False,True,0.2884600618322734,0.2554080647846199
full_coverage_complete,1strowrightgirl3540,1256,0,0,1,True,False,True,0.28414272417182257,0.28414272417182257
full_coverage_complete,1strowrightgirl3540,1257,0,0,1,True,False,True,0.36779843451385474,0.36779843451385474
full_coverage_complete,1strowrightgirl3540,1258,0,0,1,True,False,True,0.3378122399804333,0.3378122399804333
full_coverage_complete,1strowrightgirl3540,1259,0,0,4,True,False,True,0.3385978048859193,0.3385978048859193
full_coverage_complete,1strowrightgirl3540,1260,0,0,4,True,False,True,0.43166469447600425,0.43166469447600425
full_coverage_complete,1strowrightgirl3540,1261,0,0,5,True,False,True,0.4715593693498451,0.4715593693498451
full_coverage_complete,1strowrightgirl3540,1262,0,0,1,True,False,True,0.5349404595790583,0.5349404595790583
full_coverage_complete,1strowrightgirl3540,1263,0,0,1,True,False,True,0.542730523623405,0.542730523623405
full_coverage_complete,1strowrightgirl3540,1264,0,0,1,True,False,True,0.4983752270296784,0.4983752270296784
full_coverage_complete,1strowrightgirl3540,1265,0,0,1,True,False,True,0.5529779596719618,0.5529779596719618
full_coverage_complete,1strowrightgirl3540,1266,0,0,1,True,False,True,0.5048648980597242,0.5048648980597242
full_coverage_complete,1strowrightgirl3540,1267,0,0,1,True,False,True,0.5352905447003786,0.5352905447003786
full_coverage_complete,1strowrightgirl3540,1268,0,0,1,True,False,True,0.5267415116556727,0.5267415116556727
full_coverage_complete,1strowrightgirl3540,1269,0,0,5,True,False,True,0.36740791000857925,0.36740791000857925
full_coverage_complete,1strowrightgirl3540,1270,0,0,4,True,False,True,0.42305356722986787,0.42305356722986787
full_coverage_complete,1strowrightgirl3540,1271,0,0,4,True,False,True,0.48888837740220825,0.48888837740220825
full_coverage_complete,1strowrightgirl3540,1272,0,0,5,True,False,True,0.34734522486643493,0.34734522486643493
full_coverage_complete,1strowrightgirl3540,1273,0,0,4,True,False,True,0.431637036801795,0.431637036801795
full_coverage_complete,1strowrightgirl3540,1274,0,0,1,True,False,True,0.24564979288515412,0.24564979288515412
full_coverage_complete,1strowrightgirl3540,1275,0,0,1,True,False,True,0.3495042364772102,0.3495042364772102
full_coverage_complete,1strowrightgirl3540,1276,0,0,4,True,False,True,0.3530718332311281,0.3530718332311281
full_coverage_complete,1strowrightgirl3540,1277,0,0,5,True,False,True,0.32792299136657216,0.32792299136657216
full_coverage_complete,1strowrightgirl3540,1278,0,0,4,True,False,True,0.28434953213638825,0.28434953213638825
full_coverage_complete,1strowrightgirl3540,1279,0,0,5,True,False,True,0.26282531626146277,0.26282531626146277
full_coverage_complete,1strowrightgirl3540,1280,0,0,2,True,False,True,0.19468839931347498,0.19468839931347498
full_coverage_complete,1strowrightgirl3540,1281,0,0,1,True,False,True,0.0338880227076103,0.0338880227076103
full_coverage_complete,1strowrightgirl3540,1282,0,0,4,True,False,True,0.15273916507275911,0.15273916507275911
full_coverage_complete,1strowrightgirl3540,1283,0,0,1,True,False,True,0.11811870427336471,0.11811870427336471
full_coverage_complete,1strowrightgirl3540,1284,0,0,5,True,False,True,0.17261517820998615,0.17261517820998615
full_coverage_complete,1strowrightgirl3540,1285,0,0,1,True,False,True,0.3884940440085926,0.3884940440085926
full_coverage_complete,1strowrightgirl3540,1286,0,0,1,True,False,True,0.560911488611359,0.560911488611359
full_coverage_complete,1strowrightgirl3540,1287,0,0,4,True,False,True,0.46768189109251407,0.46768189109251407
full_coverage_complete,1strowrightgirl3540,1288,0,1,1,True,False,True,0.16270781582602475,0.16270781582602475
full_coverage_complete,1strowrightgirl3540,1289,0,0,1,True,False,True,0.21931887963798863,0.21931887963798863
full_coverage_complete,1strowrightgirl3540,1290,0,0,4,True,False,True,0.31621456434509715,0.31621456434509715
full_coverage_complete,1strowrightgirl3540,1291,0,0,2,True,False,True,0.21431565429680074,0.21431565429680074
full_coverage_complete,1strowrightgirl3540,1292,0,0,4,True,False,True,0.19733739460356856,0.19733739460356856
full_coverage_complete,1strowrightgirl3540,1294,0,0,1,True,False,True,0.540808816343962,0.540808816343962
full_coverage_complete,1strowrightgirl3540,1295,0,0,1,True,False,True,0.538643935000188,0.538643935000188
full_coverage_complete,1strowrightgirl3540,1296,0,0,2,True,False,True,0.5428288190195769,0.5428288190195769
full_coverage_complete,1strowrightgirl3540,1297,0,0,2,True,False,True,0.3726377551793668,0.3726377551793668
full_coverage_complete,1strowrightgirl3540,1298,0,0,1,True,False,True,0.5719866505897976,0.5719866505897976
full_coverage_complete,1strowrightgirl3540,1299,0,0,2,True,False,True,0.1952680545018939,0.1952680545018939
full_coverage_complete,1strowrightgirl3540,1300,0,0,1,True,False,True,0.03643728944744164,0.03643728944744164
full_coverage_complete,1strowrightgirl3540,1301,0,0,1,True,False,True,0.050946596593366034,0.050946596593366034
full_coverage_complete,1strowrightgirl3540,1302,0,0,1,True,False,True,0.18261915908242238,0.18261915908242238
full_coverage_complete,1strowrightgirl3540,1303,0,0,2,True,False,True,0.1261340731660275,0.1261340731660275
full_coverage_complete,1strowrightgirl3540,1304,0,0,2,True,False,True,0.11006307029962861,0.11006307029962861
full_coverage_complete,1strowrightgirl3540,1306,0,0,1,True,False,True,0.2025995493480094,0.2025995493480094
full_coverage_complete,1strowrightgirl3540,1307,0,0,2,True,False,True,0.14920439192625876,0.14920439192625876
full_coverage_complete,1strowrightgirl3540,1308,0,0,4,True,False,True,0.18785154163605453,0.18785154163605453
full_coverage_complete,1strowrightgirl3540,1309,1,1,1,True,False,True,0.20561250472701453,0.0
full_coverage_complete,1strowrightgirl3540,1310,0,0,1,True,False,True,0.0,0.0
full_coverage_complete,1strowrightgirl3540,1311,0,0,2,True,False,True,0.0,0.0
full_coverage_complete,1strowrightgirl3540,1313,0,0,2,True,False,True,0.0,0.0
full_coverage_complete,1strowrightgirl3540,1314,0,0,6,True,False,True,0.0,0.0
full_coverage_complete,1strowrightgirl3540,1315,0,0,4,True,False,True,0.0,0.0
full_coverage_complete,1strowrightgirl3540,1316,0,0,4,True,False,True,0.0,0.0
full_coverage_complete,1strowrightgirl3540,1317,0,0,4,True,False,True,0.0,0.0
full_coverage_complete,1strowrightgirl3540,1318,0,0,1,True,False,True,0.0,0.0
full_coverage_complete,1strowrightgirl3540,1319,0,0,4,True,False,True,0.0,0.0
full_coverage_complete,1strowrightgirl3540,1320,0,0,2,True,False,True,0.0,0.0
full_coverage_complete,1strowrightgirl3540,1321,0,0,1,True,False,True,0.0,0.0
full_coverage_complete,1strowrightgirl3540,1322,0,0,2,True,False,True,0.0,0.0
full_coverage_complete,1strowrightgirl3540,1323,0,0,4,True,False,True,0.0,0.0
full_coverage_complete,1strowrightgirl3540,1324,5,0,5,True,False,True,0.0,0.0
full_coverage_complete,1strowrightgirl3540,1325,0,0,4,True,False,True,0.0,0.0
full_coverage_complete,1strowrightgirl3540,1326,0,0,4,True,False,True,0.0,0.0
full_coverage_complete,1strowrightgirl3540,1327,0,0,4,True,False,True,0.0,0.0
full_coverage_complete,1strowrightgirl3540,1328,0,0,4,True,False,True,0.0,0.0
full_coverage_complete,1strowrightgirl3540,1329,0,0,4,True,False,True,0.0,0.0
full_coverage_complete,1strowrightgirl3540,1330,0,0,4,True,False,True,0.0,0.0
full_coverage_complete,1strowrightgirl3540,1331,0,0,4,True,False,True,0.0,0.0
full_coverage_complete,1strowrightgirl3540,1332,0,0,4,True,False,True,0.0,0.0
full_coverage_complete,1strowrightgirl3540,1333,0,0,4,True,False,True,0.0,0.0
full_coverage_complete,1strowrightgirl3540,1334,0,0,4,True,False,True,0.0,0.0
full_coverage_complete,1strowrightgirl3540,1335,0,0,4,True,False,True,0.0,0.0
full_coverage_complete,1strowrightgirl3540,1336,0,0,4,True,False,True,0.0,0.0
full_coverage_complete,1strowrightgirl3540,1337,0,0,1,True,False,True,0.0,0.0
full_coverage_complete,1strowrightgirl3540,1339,0,0,4,True,False,True,0.0,0.0
full_coverage_complete,1strowrightgirl3540,1340,0,0,4,True,False,True,0.0,0.0
full_coverage_complete,1strowrightgirl3540,1341,0,0,2,True,False,True,0.0,0.0
full_coverage_complete,1strowrightgirl3540,1342,0,0,2,True,False,True,0.0,0.0
full_coverage_complete,1strowrightgirl3540,1343,0,0,2,True,False,True,0.0,0.0
full_coverage_complete,1strowrightgirl3540,1344,0,0,4,True,False,True,0.0,0.0
full_coverage_complete,1strowrightgirl3540,1345,0,0,2,True,False,True,0.0,0.0
full_coverage_complete,1strowrightgirl3540,1346,0,0,4,True,False,True,0.0,0.0
full_coverage_complete,1strowrightgirl3540,1347,0,0,2,True,False,True,0.0,0.0
full_coverage_complete,1strowrightgirl3540,1348,0,0,2,True,False,True,0.0,0.0
full_coverage_complete,1strowrightgirl3540,1350,0,0,2,True,False,True,0.0,0.0
full_coverage_complete,1strowrightgirl3540,1352,0,0,2,True,False,True,0.0,0.0
full_coverage_complete,1strowrightgirl3540,1353,0,0,5,True,False,True,0.0,0.0
full_coverage_complete,1strowrightgirl3540,1354,0,0,4,True,False,True,0.0,0.0
full_coverage_complete,1strowrightgirl3540,1355,0,0,2,True,False,True,0.0,0.0
full_coverage_complete,1strowrightgirl3540,1356,0,0,2,True,False,True,0.0,0.0
full_coverage_complete,1strowrightgirl3540,1357,0,0,4,True,False,True,0.0,0.0
full_coverage_complete,1strowrightgirl3540,1360,0,0,4,True,False,True,0.0,0.0
full_coverage_complete,1strowrightgirl3540,1362,0,0,4,True,False,True,0.0,0.0
full_coverage_complete,1strowrightgirl3540,1363,0,0,5,True,False,True,0.0,0.0
full_coverage_complete,1strowrightgirl3540,1364,0,0,2,True,False,True,0.0,0.0
full_coverage_complete,1strowrightgirl3540,1365,0,0,2,True,False,True,0.0,0.0
full_coverage_complete,1strowrightgirl3540,1366,0,0,4,True,False,True,0.0,0.0
full_coverage_complete,1strowrightgirl3540,1371,0,0,4,True,False,True,0.0,0.0
full_coverage_complete,1strowrightgirl3540,1372,0,0,2,True,False,True,0.0,0.0
full_coverage_complete,1strowrightgirl3540,1373,0,0,4,True,False,True,0.0,0.0
full_coverage_complete,1strowrightgirl3540,1379,0,0,4,True,False,True,0.0,0.0
full_coverage_complete,1strowrightgirl3540,1380,0,0,4,True,False,True,0.0,0.0
full_coverage_complete,1strowrightgirl3540,1381,0,0,4,True,False,True,0.0,0.0
full_coverage_complete,1strowrightgirl3540,1382,0,0,2,True,False,True,0.0,0.0
full_coverage_complete,1strowrightgirl3540,1383,0,0,5,True,False,True,0.0,0.0
full_coverage_complete,1strowrightgirl3540,1384,0,0,5,True,False,True,0.0,0.0
full_coverage_complete,1strowrightgirl3540,1385,0,0,5,True,False,True,0.0,0.0
full_coverage_complete,1strowrightgirl3540,1386,0,0,5,True,False,True,0.0,0.0
full_coverage_complete,1strowrightgirl3540,1387,0,0,5,True,False,True,0.0,0.0
full_coverage_complete,1strowrightgirl3540,1388,0,0,5,True,False,True,0.0,0.0
full_coverage_complete,1strowrightgirl3540,1390,0,0,1,True,False,True,0.0,0.0
full_coverage_complete,1strowrightgirl3540,1391,0,0,4,True,False,True,0.0,0.0
full_coverage_complete,1strowrightgirl3540,1392,0,0,2,True,False,True,0.0,0.0
full_coverage_complete,1strowrightgirl3540,1393,0,0,1,True,False,True,0.0,0.0
full_coverage_complete,1strowrightgirl3540,1394,0,0,2,True,False,True,0.0,0.0
full_coverage_complete,1strowrightgirl3540,1396,0,0,2,True,False,True,0.0,0.0
full_coverage_complete,1strowrightgirl3540,1397,4,0,4,True,False,True,0.0,0.0
full_coverage_complete,1strowrightgirl3540,1398,0,0,4,True,False,True,0.0,0.0
full_coverage_complete,1strowrightgirl3540,1399,0,0,2,True,False,True,0.0,0.0
full_coverage_complete,1strowrightgirl3540,1400,0,0,1,True,False,True,0.0,0.0
full_coverage_complete,1strowrightgirl3540,1401,0,0,4,True,False,True,0.0,0.0
full_coverage_complete,1strowrightgirl3540,1402,0,0,4,True,False,True,0.0,0.0
full_coverage_complete,1strowrightgirl3540,1403,0,0,2,True,False,True,0.0,0.0
full_coverage_complete,1strowrightgirl3540,1404,0,0,4,True,False,True,0.0,0.0
full_coverage_complete,1strowrightgirl3540,1405,0,0,4,True,False,True,0.0,0.0
full_coverage_complete,1strowrightgirl3540,1406,0,0,4,True,False,True,0.0,0.0
full_coverage_complete,1strowrightgirl3540,1407,0,0,1,True,False,True,0.0,0.0
full_coverage_complete,1strowrightgirl3540,1408,0,0,2,True,False,True,0.0,0.0
full_coverage_complete,1strowrightgirl3540,1409,0,0,2,True,False,True,0.0,0.0
full_coverage_complete,1strowrightgirl3540,1410,0,0,5,True,False,True,0.0,0.0
full_coverage_complete,1strowrightgirl3540,1411,0,0,2,True,False,True,0.050575938609341974,0.050575938609341974
full_coverage_complete,1strowrightgirl3540,1413,0,0,2,True,False,True,0.0,0.0
full_coverage_complete,1strowrightgirl3540,1414,0,0,2,True,False,True,0.10315736931344928,0.10315736931344928
full_coverage_complete,1strowrightgirl3540,1415,0,0,2,True,False,True,0.21163990774275143,0.21163990774275143
full_coverage_complete,1strowrightgirl3540,1416,1,1,1,True,False,True,0.03287923326013371,0.0
full_coverage_complete,1strowrightgirl3540,1417,6,0,6,True,False,True,0.0,0.0
full_coverage_complete,1strowrightgirl3540,1419,4,0,4,True,False,True,0.0,0.0
full_coverage_complete,1strowrightgirl3540,1420,5,1,5,True,False,True,0.0,0.0
full_coverage_complete,1strowrightgirl3540,1421,0,0,4,True,False,True,0.0,0.0
full_coverage_complete,1strowrightgirl3540,1422,0,0,2,True,False,True,0.0,0.0
full_coverage_complete,1strowrightgirl3540,1423,0,0,5,True,False,True,0.0,0.0
full_coverage_complete,1strowrightgirl3540,1424,0,0,4,True,False,True,0.04458657500997195,0.04458657500997195
full_coverage_complete,1strowrightgirl3540,1425,0,0,2,True,False,True,0.18641833287284118,0.18641833287284118
full_coverage_complete,1strowrightgirl3540,1426,0,0,2,True,False,True,0.3148617145053915,0.3148617145053915
full_coverage_complete,1strowrightgirl3540,1427,0,0,1,True,False,True,0.37117236339681764,0.37117236339681764
full_coverage_complete,1strowrightgirl3540,1428,0,0,1,True,False,True,0.24502877822180644,0.24502877822180644
full_coverage_complete,1strowrightgirl3540,1429,0,0,1,True,False,True,0.17238263888918953,0.17238263888918953
full_coverage_complete,1strowrightgirl3540,1430,0,0,1,True,False,True,0.2846345689492728,0.2846345689492728
full_coverage_complete,1strowrightgirl3540,1431,0,0,2,True,False,True,0.26174084848324375,0.26174084848324375
full_coverage_complete,1strowrightgirl3540,1432,0,0,1,True,False,True,0.2862841061712686,0.2862841061712686
full_coverage_complete,1strowrightgirl3540,1433,0,0,2,True,False,True,0.2823203050689854,0.2823203050689854
full_coverage_complete,1strowrightgirl3540,1434,0,0,1,True,False,True,0.297854256863961,0.297854256863961
full_coverage_complete,1strowrightgirl3540,1435,0,0,1,True,False,True,0.23096910163882847,0.23096910163882847
full_coverage_complete,1strowrightgirl3540,1436,0,0,2,True,False,True,0.06412678786008597,0.06412678786008597
full_coverage_complete,1strowrightgirl3540,1437,0,0,2,True,False,True,0.1507867019629009,0.1507867019629009
full_coverage_complete,1strowrightgirl3540,1438,0,0,2,True,False,True,0.061665560699022307,0.061665560699022307
full_coverage_complete,1strowrightgirl3540,1439,0,0,4,True,False,True,0.14851591919260929,0.14851591919260929
full_coverage_complete,1strowrightgirl3540,1440,0,0,2,True,False,True,0.23943415933521445,0.23943415933521445
full_coverage_complete,1strowrightgirl3540,1441,0,0,2,True,False,True,0.29297969853026457,0.29297969853026457
full_coverage_complete,1strowrightgirl3540,1442,0,0,2,True,False,True,0.3219723079465464,0.3219723079465464
full_coverage_complete,1strowrightgirl3540,1443,0,0,2,True,False,True,0.3664035867458729,0.3664035867458729
full_coverage_complete,1strowrightgirl3540,1444,0,0,2,True,False,True,0.46072951294205183,0.46072951294205183
full_coverage_complete,1strowrightgirl3540,1445,0,0,2,True,False,True,0.4516398690627854,0.4516398690627854
full_coverage_complete,1strowrightgirl3540,1446,0,0,2,True,False,True,0.5492976173987727,0.5492976173987727
full_coverage_complete,1strowrightgirl3540,1447,0,0,2,True,False,True,0.2504439822658524,0.2504439822658524
full_coverage_complete,1strowrightgirl3540,1448,0,0,2,True,False,True,0.08206763029166449,0.08206763029166449
full_coverage_complete,1strowrightgirl3540,1449,0,0,2,True,False,True,0.0,0.0
full_coverage_complete,1strowrightgirl3540,1450,0,0,2,True,False,True,0.13344673522552278,0.13344673522552278
full_coverage_complete,1strowrightgirl3540,1451,0,0,1,True,False,True,0.09468760616266145,0.09468760616266145
full_coverage_complete,1strowrightgirl3540,1452,0,0,1,True,False,True,0.0,0.0
full_coverage_complete,1strowrightgirl3540,1453,0,0,1,True,False,True,0.0994493433580444,0.0994493433580444
full_coverage_complete,1strowrightgirl3540,1454,0,0,2,True,False,True,0.0,0.0
full_coverage_complete,1strowrightgirl3540,1455,0,0,4,True,False,True,0.01513641050048352,0.01513641050048352
full_coverage_complete,1strowrightgirl3540,1456,0,0,1,True,False,True,0.0,0.0
full_coverage_complete,1strowrightgirl3540,1457,0,0,1,True,False,True,0.0,0.0
full_coverage_complete,1strowrightgirl3540,1458,0,0,1,True,False,True,0.0,0.0
full_coverage_complete,1strowrightgirl3540,1459,0,0,4,True,False,True,0.0,0.0
full_coverage_complete,1strowrightgirl3540,1460,0,0,2,True,False,True,0.0,0.0
full_coverage_complete,1strowrightgirl3540,1461,0,0,2,True,False,True,0.0,0.0
full_coverage_complete,1strowrightgirl3540,1462,0,0,4,True,False,True,0.0,0.0
full_coverage_complete,1strowrightgirl3540,1463,0,0,4,True,False,True,0.0,0.0
full_coverage_complete,1strowrightgirl3540,1464,0,0,4,True,False,True,0.0,0.0
full_coverage_complete,1strowrightgirl3540,1465,0,0,2,True,False,True,0.0,0.0
full_coverage_complete,1strowrightgirl3540,1466,0,2,4,True,False,True,0.0,0.0
full_coverage_complete,1strowrightgirl3540,1467,0,0,1,True,False,True,0.0,0.0
full_coverage_complete,1strowrightgirl3540,1470,0,0,2,True,False,True,0.0,0.0
full_coverage_complete,1strowrightgirl3540,1479,0,0,2,True,False,True,0.0,0.0
full_coverage_complete,1strowrightgirl3540,1480,0,0,4,True,False,True,0.0,0.0
full_coverage_complete,1strowrightgirl3540,1481,0,0,2,True,False,True,0.0,0.0
full_coverage_complete,1strowrightgirl3540,1482,0,0,2,True,False,True,0.0,0.0
full_coverage_complete,1strowrightgirl3540,1483,0,0,4,True,False,True,0.0,0.0
full_coverage_complete,1strowrightgirl3540,1484,0,0,4,True,False,True,0.0,0.0
full_coverage_complete,1strowrightgirl3540,1485,0,0,2,True,False,True,0.0,0.0
full_coverage_complete,1strowrightgirl3540,1486,0,0,4,True,False,True,0.0,0.0
full_coverage_complete,1strowrightgirl3540,1487,0,0,4,True,False,True,0.0,0.0
full_coverage_complete,1strowrightgirl3540,1490,0,0,2,True,False,True,0.0,0.0
full_coverage_complete,1strowrightgirl3540,1491,0,0,4,True,False,True,0.0,0.0
full_coverage_complete,1strowrightgirl3540,1492,0,0,4,True,False,True,0.0,0.0
full_coverage_complete,1strowrightgirl3540,1493,0,0,2,True,False,True,0.0,0.0
full_coverage_complete,1strowrightgirl3540,1494,0,0,4,True,False,True,0.0,0.0
full_coverage_complete,1strowrightgirl3540,1495,0,0,4,True,False,True,0.0,0.0
full_coverage_complete,1strowrightgirl3540,1496,0,0,4,True,False,True,0.0,0.0
full_coverage_complete,1strowrightgirl3540,1498,0,0,4,True,False,True,0.0,0.0
full_coverage_complete,1strowrightgirl3540,1499,0,0,4,True,False,True,0.0,0.0
full_coverage_complete,1strowrightgirl3540,1500,0,0,2,True,False,True,0.0,0.0
full_coverage_complete,1strowrightgirl3540,1501,0,0,4,True,False,True,0.0,0.0
full_coverage_complete,1strowrightgirl3540,1503,4,0,4,True,False,True,0.0,0.0
full_coverage_complete,1strowrightgirl3540,1504,5,0,5,True,False,True,0.0,0.0
full_coverage_complete,1strowrightgirl3540,1505,0,0,4,True,False,True,0.0,0.0
full_coverage_complete,1strowrightgirl3540,1506,0,0,4,True,False,True,0.0,0.0
full_coverage_complete,1strowrightgirl3540,1507,0,0,4,True,False,True,0.0,0.0
full_coverage_complete,1strowrightgirl3540,1508,0,0,4,True,False,True,0.0,0.0
full_coverage_complete,1strowrightgirl3540,1509,0,0,4,True,False,True,0.0,0.0
full_coverage_complete,1strowrightgirl3540,1510,0,0,4,True,False,True,0.0,0.0
full_coverage_complete,1strowrightgirl3540,1511,0,0,2,True,False,True,0.0,0.0
full_coverage_complete,1strowrightgirl3540,1512,0,0,4,True,False,True,0.0,0.0
full_coverage_complete,1strowrightgirl3540,1513,0,0,4,True,False,True,0.0,0.0
full_coverage_complete,1strowrightgirl3540,1514,0,0,5,True,False,True,0.0,0.0
full_coverage_complete,1strowrightgirl3540,1515,0,0,5,True,False,True,0.0,0.0
full_coverage_complete,1strowrightgirl3540,1516,0,0,2,True,False,True,0.0,0.0
full_coverage_complete,1strowrightgirl3540,1517,0,0,2,True,False,True,0.0,0.0
full_coverage_complete,1strowrightgirl3540,1518,0,0,2,True,False,True,0.0,0.0
full_coverage_complete,1strowrightgirl3540,1519,0,0,4,True,False,True,0.0,0.0
full_coverage_complete,1strowrightgirl3540,1520,0,0,4,True,False,True,0.0,0.0
full_coverage_complete,1strowrightgirl3540,1521,0,0,4,True,False,True,0.0,0.0
full_coverage_complete,1strowrightgirl3540,1522,0,0,4,True,False,True,0.0,0.0
full_coverage_complete,1strowrightgirl3540,1523,0,0,4,True,False,True,0.0,0.0
full_coverage_complete,1strowrightgirl3540,1524,0,0,4,True,False,True,0.0,0.0
full_coverage_complete,1strowrightgirl3540,1525,0,0,2,True,False,True,0.0,0.0
full_coverage_complete,1strowrightgirl3540,1526,0,0,4,True,False,True,0.0,0.0
full_coverage_complete,1strowrightgirl3540,1527,0,0,4,True,False,True,0.0,0.0
full_coverage_complete,1strowrightgirl3540,1528,0,0,4,True,False,True,0.0,0.0
full_coverage_complete,1strowrightgirl3540,1529,0,0,4,True,False,True,0.0,0.0
full_coverage_complete,1strowrightgirl3540,1530,0,0,2,True,False,True,0.0,0.0
full_coverage_complete,1strowrightgirl3540,1531,0,0,4,True,False,True,0.0,0.0
full_coverage_complete,1strowrightgirl3540,1532,0,0,4,True,False,True,0.0,0.0
full_coverage_complete,1strowrightgirl3540,1533,0,0,4,True,False,True,0.0,0.0
full_coverage_complete,1strowrightgirl3540,1534,0,0,4,True,False,True,0.0,0.0
full_coverage_complete,1strowrightgirl3540,1535,0,0,4,True,False,True,0.0,0.0
full_coverage_complete,1strowrightgirl3540,1536,0,0,1,True,False,True,0.0,0.0
full_coverage_complete,1strowrightgirl3540,1537,0,0,2,True,False,True,0.0,0.0
full_coverage_complete,1strowrightgirl3540,1538,0,0,4,True,False,True,0.0,0.0
full_coverage_complete,1strowrightgirl3540,1539,0,0,2,True,False,True,0.0,0.0
full_coverage_complete,1strowrightgirl3540,1540,0,0,2,True,False,True,0.0,0.0
full_coverage_complete,1strowrightgirl3540,1541,0,0,2,True,False,True,0.0,0.0
full_coverage_complete,1strowrightgirl3540,1542,0,0,4,True,False,True,0.0,0.0
full_coverage_complete,1strowrightgirl3540,1543,0,0,1,True,False,True,0.0,0.0
full_coverage_complete,1strowrightgirl3540,1544,0,0,4,True,False,True,0.0,0.0
full_coverage_complete,1strowrightgirl3540,1545,0,0,2,True,False,True,0.0,0.0
full_coverage_complete,1strowrightgirl3540,1546,0,0,5,True,False,True,0.0,0.0
full_coverage_complete,1strowrightgirl3540,1547,0,0,2,True,False,True,0.0,0.0
full_coverage_complete,1strowrightgirl3540,1548,0,0,2,True,False,True,0.0,0.0
full_coverage_complete,1strowrightgirl3540,1549,0,0,2,True,False,True,0.0,0.0
full_coverage_complete,1strowrightgirl3540,1550,0,0,1,True,False,True,0.0,0.0
full_coverage_complete,1strowrightgirl3540,1551,0,0,2,True,False,True,0.0,0.0
full_coverage_complete,1strowrightgirl3540,1552,0,0,2,True,False,True,0.0,0.0
full_coverage_complete,1strowrightgirl3540,1553,0,0,2,True,False,True,0.0,0.0
full_coverage_complete,1strowrightgirl3540,1554,0,0,2,True,False,True,0.0,0.0
full_coverage_complete,1strowrightgirl3540,1555,0,0,2,True,False,True,0.0,0.0
full_coverage_complete,1strowrightgirl3540,1556,0,0,2,True,False,True,0.0,0.0
full_coverage_complete,1strowrightgirl3540,1557,0,0,1,True,False,True,0.0,0.0
full_coverage_complete,1strowrightgirl3540,1558,0,0,1,True,False,True,0.0,0.0
full_coverage_complete,1strowrightgirl3540,1559,0,0,2,True,False,True,0.0,0.0
full_coverage_complete,1strowrightgirl3540,1560,0,0,2,True,False,True,0.0,0.0
full_coverage_complete,1strowrightgirl3540,1561,0,0,2,True,False,True,0.0,0.0
full_coverage_complete,1strowrightgirl3540,1562,0,0,2,True,False,True,0.0,0.0
full_coverage_complete,1strowrightgirl3540,1563,0,0,2,True,False,True,0.0,0.0
full_coverage_complete,1strowrightgirl3540,1564,0,0,2,True,False,True,0.0,0.0
full_coverage_complete,1strowrightgirl3540,1565,0,0,2,True,False,True,0.0,0.0
full_coverage_complete,1strowrightgirl3540,1567,0,0,2,True,False,True,0.0,0.0
full_coverage_complete,1strowrightgirl3540,1568,0,0,2,True,False,True,0.0,0.0
full_coverage_complete,1strowrightgirl3540,1569,0,0,1,True,False,True,0.0,0.0
full_coverage_complete,1strowrightgirl3540,1570,0,0,2,True,False,True,0.0,0.0
full_coverage_complete,1strowrightgirl3540,1571,0,0,2,True,False,True,0.0,0.0
full_coverage_complete,1strowrightgirl3540,1572,0,0,5,True,False,True,0.0,0.0
full_coverage_complete,1strowrightgirl3540,1573,0,0,2,True,False,True,0.0,0.0
full_coverage_complete,1strowrightgirl3540,1574,0,0,2,True,False,True,0.0,0.0
full_coverage_complete,1strowrightgirl3540,1575,0,0,2,True,False,True,0.0,0.0
full_coverage_complete,1strowrightgirl3540,1576,0,0,5,True,False,True,0.0,0.0
full_coverage_complete,1strowrightgirl3540,1577,0,0,2,True,False,True,0.0,0.0
full_coverage_complete,1strowrightgirl3540,1578,0,0,4,True,False,True,0.0,0.0
full_coverage_complete,1strowrightgirl3540,1579,0,0,2,True,False,True,0.0,0.0
full_coverage_complete,1strowrightgirl3540,1580,0,0,4,True,False,True,0.0,0.0
full_coverage_complete,1strowrightgirl3540,1581,0,0,4,True,False,True,0.0,0.0
full_coverage_complete,1strowrightgirl3540,1582,0,0,2,True,False,True,0.0,0.0
full_coverage_complete,1strowrightgirl3540,1583,0,0,4,True,False,True,0.0,0.0
full_coverage_complete,1strowrightgirl3540,1584,0,0,2,True,False,True,0.0,0.0
full_coverage_complete,1strowrightgirl3540,1585,0,0,2,True,False,True,0.0,0.0
full_coverage_complete,1strowrightgirl3540,1586,0,0,4,True,False,True,0.0,0.0
full_coverage_complete,1strowrightgirl3540,1587,0,0,4,True,False,True,0.0,0.0
full_coverage_complete,1strowrightgirl3540,1588,0,0,2,True,False,True,0.0,0.0
full_coverage_complete,1strowrightgirl3540,1589,4,2,4,True,False,True,0.0,0.0
full_coverage_complete,1strowrightgirl3540,1590,0,0,5,True,False,True,0.0,0.0
full_coverage_complete,1strowrightgirl3540,1591,0,0,1,True,False,True,0.0,0.0
full_coverage_complete,1strowrightgirl3540,1592,0,0,2,True,False,True,0.0,0.0
full_coverage_complete,1strowrightgirl3540,1593,0,0,4,True,False,True,0.0,0.0
full_coverage_complete,1strowrightgirl3540,1594,0,0,4,True,False,True,0.0,0.0
full_coverage_complete,1strowrightgirl3540,1595,0,0,2,True,False,True,0.0,0.0
full_coverage_complete,1strowrightgirl3540,1596,0,0,4,True,False,True,0.0,0.0
full_coverage_complete,1strowrightgirl3540,1597,0,0,2,True,False,True,0.0,0.0
full_coverage_complete,1strowrightgirl3540,1598,0,0,4,True,False,True,0.0,0.0
full_coverage_complete,1strowrightgirl3540,1599,0,1,2,True,False,True,0.0,0.0
full_coverage_complete,1strowrightgirl3540,1600,0,0,2,True,False,True,0.0,0.0
full_coverage_complete,1strowrightgirl3540,1601,0,0,4,True,False,True,0.0,0.0
full_coverage_complete,1strowrightgirl3540,1602,0,0,2,True,False,True,0.0,0.0
full_coverage_complete,1strowrightgirl3540,1603,0,0,4,True,False,True,0.0,0.0
full_coverage_complete,1strowrightgirl3540,1604,0,0,2,True,False,True,0.0,0.0
full_coverage_complete,1strowrightgirl3540,1605,0,0,2,True,False,True,0.0,0.0
full_coverage_complete,1strowrightgirl3540,1606,0,0,2,True,False,True,0.0,0.0
full_coverage_complete,1strowrightgirl3540,1607,0,0,4,True,False,True,0.0,0.0
full_coverage_complete,1strowrightgirl3540,1608,0,0,4,True,False,True,0.0,0.0
full_coverage_complete,1strowrightgirl3540,1609,0,0,2,True,False,True,0.0,0.0
full_coverage_complete,1strowrightgirl3540,1610,0,0,4,True,False,True,0.0,0.0
full_coverage_complete,1strowrightgirl3540,1611,0,1,4,True,False,True,0.0,0.0
full_coverage_complete,1strowrightgirl3540,1612,0,0,1,True,False,True,0.0,0.0
full_coverage_complete,1strowrightgirl3540,1613,0,0,4,True,False,True,0.0,0.0
full_coverage_complete,1strowrightgirl3540,1614,0,0,4,True,False,True,0.0,0.0
full_coverage_complete,1strowrightgirl3540,1615,4,0,4,True,False,True,0.0,0.0
full_coverage_complete,1strowrightgirl3540,1616,0,0,4,True,False,True,0.0,0.0
full_coverage_complete,1strowrightgirl3540,1617,0,1,2,True,False,True,0.0,0.0
full_coverage_complete,1strowrightgirl3540,1618,0,0,4,True,False,True,0.0,0.0
full_coverage_complete,1strowrightgirl3540,1625,0,0,2,True,False,True,0.0,0.0
full_coverage_complete,1strowrightgirl3540,1627,0,0,2,True,False,True,0.0,0.0
full_coverage_complete,1strowrightgirl3540,1628,0,0,4,True,False,True,0.0,0.0
full_coverage_complete,1strowrightgirl3540,1629,0,0,2,True,False,True,0.0,0.0
full_coverage_complete,1strowrightgirl3540,1630,0,0,4,True,False,True,0.0,0.0
full_coverage_complete,1strowrightgirl3540,1631,0,0,2,True,False,True,0.0,0.0
full_coverage_complete,1strowrightgirl3540,1633,0,0,4,True,False,True,0.0,0.0
full_coverage_complete,1strowrightgirl3540,1635,0,0,4,True,False,True,0.0,0.0
full_coverage_complete,1strowrightgirl3540,1636,0,0,4,True,False,True,0.0,0.0
full_coverage_complete,1strowrightgirl3540,1638,0,0,4,True,False,True,0.0,0.0
full_coverage_complete,1strowrightgirl3540,1639,0,0,2,True,False,True,0.0,0.0
full_coverage_complete,1strowrightgirl3540,1640,0,0,4,True,False,True,0.0,0.0
full_coverage_complete,1strowrightgirl3540,1641,0,0,4,True,False,True,0.0,0.0
full_coverage_complete,1strowrightgirl3540,1642,0,0,4,True,False,True,0.0,0.0
full_coverage_complete,1strowrightgirl3540,1643,0,0,4,True,False,True,0.0,0.0
full_coverage_complete,1strowrightgirl3540,1644,0,0,4,True,False,True,0.0,0.0
full_coverage_complete,1strowrightgirl3540,1645,0,0,4,True,False,True,0.0,0.0
full_coverage_complete,1strowrightgirl3540,1649,0,0,4,True,False,True,0.0,0.0
full_coverage_complete,1strowrightgirl3540,1650,0,0,4,True,False,True,0.0,0.0
full_coverage_complete,1strowrightgirl3540,1651,0,0,4,True,False,True,0.0,0.0
full_coverage_complete,1strowrightgirl3540,1652,0,0,4,True,False,True,0.0,0.0
full_coverage_complete,1strowrightgirl3540,1653,0,0,4,True,False,True,0.0,0.0
full_coverage_complete,1strowrightgirl3540,1654,0,0,4,True,False,True,0.0,0.0
full_coverage_complete,1strowrightgirl3540,1655,0,0,4,True,False,True,0.0,0.0
full_coverage_complete,1strowrightgirl3540,1657,0,0,4,True,False,True,0.0,0.0
full_coverage_complete,1strowrightgirl3540,1658,0,0,2,True,False,True,0.0,0.0
full_coverage_complete,1strowrightgirl3540,1662,0,0,4,True,False,True,0.0,0.0
full_coverage_complete,1strowrightgirl3540,1663,0,0,4,True,False,True,0.0,0.0
full_coverage_complete,1strowrightgirl3540,1664,0,0,4,True,False,True,0.0,0.0
full_coverage_complete,1strowrightgirl3540,1665,0,0,4,True,False,True,0.0,0.0
full_coverage_complete,1strowrightgirl3540,1666,0,0,4,True,False,True,0.0,0.0
full_coverage_complete,1strowrightgirl3540,1667,0,0,4,True,False,True,0.0,0.0
full_coverage_complete,1strowrightgirl3540,1668,4,0,4,True,False,True,0.0,0.0
full_coverage_complete,1strowrightgirl3540,1669,0,0,4,True,False,True,0.0,0.0
full_coverage_complete,1strowrightgirl3540,1675,0,0,4,True,False,True,0.0,0.0
full_coverage_complete,1strowrightgirl3540,1676,0,0,4,True,False,True,0.0,0.0
full_coverage_complete,1strowrightgirl3540,1677,0,0,4,True,False,True,0.0,0.0
full_coverage_complete,1strowrightgirl3540,1678,0,0,2,True,False,True,0.0,0.0
full_coverage_complete,1strowrightgirl3540,1679,0,0,2,True,False,True,0.0,0.0
full_coverage_complete,1strowrightgirl3540,1684,0,0,4,True,False,True,0.0,0.0
full_coverage_complete,1strowrightgirl3540,1686,0,0,4,True,False,True,0.0,0.0
full_coverage_complete,1strowrightgirl3540,1688,0,0,4,True,False,True,0.0,0.0
full_coverage_complete,1strowrightgirl3540,1689,0,0,4,True,False,True,0.0,0.0
full_coverage_complete,1strowrightgirl3540,1690,0,0,4,True,False,True,0.0,0.0
full_coverage_complete,1strowrightgirl3540,1691,0,0,4,True,False,True,0.0,0.0
full_coverage_complete,1strowrightgirl3540,1692,0,0,4,True,False,True,0.0,0.0
full_coverage_complete,1strowrightgirl3540,1694,0,0,4,True,False,True,0.0,0.0
full_coverage_complete,1strowrightgirl3540,1695,0,0,5,True,False,True,0.0,0.0
full_coverage_complete,1strowrightgirl3540,1696,0,0,2,True,False,True,0.0,0.0
full_coverage_complete,1strowrightgirl3540,1697,0,0,4,True,False,True,0.0,0.0
full_coverage_complete,1strowrightgirl3540,1701,0,0,4,True,False,True,0.0,0.0
full_coverage_complete,1strowrightgirl3540,1702,0,0,4,True,False,True,0.0,0.0
full_coverage_complete,1strowrightgirl3540,1703,0,0,4,True,False,True,0.0,0.0
full_coverage_complete,1strowrightgirl3540,1705,0,0,4,True,False,True,0.0,0.0
full_coverage_complete,1strowrightgirl3540,1706,0,0,4,True,False,True,0.0,0.0
full_coverage_complete,1strowrightgirl3540,1707,0,0,2,True,False,True,0.0,0.0
full_coverage_complete,1strowrightgirl3540,1708,0,0,2,True,False,True,0.0,0.0
full_coverage_complete,1strowrightgirl3540,1709,0,0,2,True,False,True,0.0,0.0
full_coverage_complete,1strowrightgirl3540,1710,0,0,2,True,False,True,0.0,0.0
full_coverage_complete,1strowrightgirl3540,1711,0,0,4,True,False,True,0.0,0.0
full_coverage_complete,1strowrightgirl3540,1712,0,0,2,True,False,True,0.0,0.0
full_coverage_complete,1strowrightgirl3540,1713,0,0,4,True,False,True,0.0,0.0
full_coverage_complete,1strowrightgirl3540,1714,0,0,2,True,False,True,0.0,0.0
full_coverage_complete,1strowrightgirl3540,1716,0,0,2,True,False,True,0.0,0.0
full_coverage_complete,1strowrightgirl3540,1717,0,0,2,True,False,True,0.0,0.0
full_coverage_complete,1strowrightgirl3540,1719,0,0,4,True,False,True,0.0,0.0
full_coverage_complete,1strowrightgirl3540,1720,0,0,2,True,False,True,0.0,0.0
full_coverage_complete,1strowrightgirl3540,1722,0,0,2,True,False,True,0.0,0.0
full_coverage_complete,1strowrightgirl3540,1723,0,0,4,True,False,True,0.0,0.0
full_coverage_complete,1strowrightgirl3540,1726,0,0,4,True,False,True,0.0,0.0
full_coverage_complete,1strowrightgirl3540,1728,0,0,4,True,False,True,0.0,0.0
full_coverage_complete,1strowrightgirl3540,1730,0,0,4,True,False,True,0.0,0.0
full_coverage_complete,1strowrightgirl3540,1732,0,0,4,True,False,True,0.0,0.0
full_coverage_complete,1strowrightgirl3540,1733,0,0,4,True,False,True,0.0,0.0
full_coverage_complete,1strowrightgirl3540,1734,0,0,4,True,False,True,0.0,0.0
full_coverage_complete,1strowrightgirl3540,1735,0,0,4,True,False,True,0.0,0.0
full_coverage_complete,1strowrightgirl3540,1736,4,1,4,True,False,True,0.0,0.0
full_coverage_complete,1strowrightgirl3540,1737,0,0,5,True,False,True,0.0,0.0
full_coverage_complete,1strowrightgirl3540,1738,0,0,5,True,False,True,0.0,0.0
full_coverage_complete,1strowrightgirl3540,1739,0,0,5,True,False,True,0.0,0.0
full_coverage_complete,1strowrightgirl3540,1740,0,0,4,True,False,True,0.0,0.0
full_coverage_complete,1strowrightgirl3540,1741,0,0,5,True,False,True,0.0,0.0
full_coverage_complete,1strowrightgirl3540,1742,0,0,2,True,False,True,0.0,0.0
full_coverage_complete,1strowrightgirl3540,1743,0,0,2,True,False,True,0.0,0.0
full_coverage_complete,1strowrightgirl3540,1744,1,0,1,True,False,True,0.0,0.0
full_coverage_complete,1strowrightgirl3540,1745,0,0,1,True,False,True,0.0,0.0
full_coverage_complete,1strowrightgirl3540,1746,0,0,2,True,False,True,0.0,0.0
full_coverage_complete,1strowrightgirl3540,1747,4,0,4,True,False,True,0.0,0.1207158497211149
full_coverage_complete,1strowrightgirl3540,1748,0,0,5,True,False,True,0.04874826333403846,0.04874826333403846
full_coverage_complete,1strowrightgirl3540,1749,0,0,2,True,False,True,0.12826163517479386,0.12826163517479386
full_coverage_complete,1strowrightgirl3540,1750,0,0,2,True,False,True,0.05189514168619149,0.05189514168619149
full_coverage_complete,1strowrightgirl3540,1751,0,1,4,True,False,True,0.0,0.0
full_coverage_complete,1strowrightgirl3540,1752,0,0,4,True,False,True,0.0,0.0
full_coverage_complete,1strowrightgirl3540,1753,0,0,4,True,False,True,0.0,0.0
full_coverage_complete,1strowrightgirl3540,1754,0,0,4,True,False,True,0.0,0.0
full_coverage_complete,1strowrightgirl3540,1755,4,0,4,True,False,True,0.0,0.4520185516081196
full_coverage_complete,1strowrightgirl3540,1756,0,0,5,True,False,True,0.3033340570426528,0.3033340570426528
full_coverage_complete,1strowrightgirl3540,1757,0,0,2,True,False,True,0.5837193638690191,0.5837193638690191
full_coverage_complete,1strowrightgirl3540,1758,0,0,2,True,False,True,0.6416277586403122,0.6416277586403122
full_coverage_complete,1strowrightgirl3540,1759,0,0,1,True,False,True,0.3828456291976431,0.3828456291976431
full_coverage_complete,1strowrightgirl3540,1760,0,0,4,True,False,True,0.45534607709446157,0.45534607709446157
full_coverage_complete,1strowrightgirl3540,1761,0,0,1,True,False,True,0.6012760796610428,0.6012760796610428
full_coverage_complete,1strowrightgirl3540,1762,0,0,1,True,False,True,0.6657286266461129,0.6657286266461129
full_coverage_complete,1strowrightgirl3540,1763,0,0,1,True,False,True,0.6303371928895997,0.6303371928895997
full_coverage_complete,1strowrightgirl3540,1764,0,0,4,True,False,True,0.4312117037687527,0.4312117037687527
full_coverage_complete,1strowrightgirl3540,1765,0,0,4,True,False,True,0.5857894107807822,0.5857894107807822
full_coverage_complete,1strowrightgirl3540,1766,0,0,2,True,False,True,0.5191357543831724,0.5191357543831724
full_coverage_complete,1strowrightgirl3540,1767,0,0,4,True,False,True,0.28319017874201907,0.28319017874201907
full_coverage_complete,1strowrightgirl3540,1768,0,0,4,True,False,True,0.566249583027333,0.566249583027333
full_coverage_complete,1strowrightgirl3540,1769,0,0,2,True,False,True,0.6492811846929095,0.6492811846929095
full_coverage_complete,1strowrightgirl3540,1770,0,0,4,True,False,True,0.514402760790335,0.514402760790335
full_coverage_complete,1strowrightgirl3540,1771,0,0,1,True,False,True,0.6355639737185866,0.6355639737185866
full_coverage_complete,1strowrightgirl3540,1772,0,0,1,True,False,True,0.6431368722984588,0.6431368722984588
full_coverage_complete,1strowrightgirl3540,1773,0,0,1,True,False,True,0.5899568844309555,0.5899568844309555
full_coverage_complete,1strowrightgirl3540,1774,0,0,4,True,False,True,0.6367879598934318,0.6367879598934318
full_coverage_complete,1strowrightgirl3540,1775,0,0,5,True,False,True,0.5691190847498497,0.5691190847498497
full_coverage_complete,1strowrightgirl3540,1776,0,1,2,True,False,True,0.6441093087639532,0.0
full_coverage_complete,1strowrightgirl3540,1777,1,3,1,True,False,True,0.0,0.0
full_coverage_complete,1strowrightgirl3540,1778,0,0,1,True,False,True,0.0,0.0
full_coverage_complete,1strowrightgirl3540,1779,0,0,4,True,False,True,0.0,0.0
full_coverage_complete,1strowrightgirl3540,1780,0,0,4,True,False,True,0.0,0.0
full_coverage_complete,1strowrightgirl3540,1781,0,0,4,True,False,True,0.0,0.0
full_coverage_complete,1strowrightgirl3540,1785,0,0,2,True,False,True,0.0,0.0
full_coverage_complete,1strowrightgirl3540,1786,0,0,4,True,False,True,0.0,0.0
full_coverage_complete,1strowrightgirl3540,1787,0,1,2,True,False,True,0.0,0.0
full_coverage_complete,1strowrightgirl3540,1788,0,0,5,True,False,True,0.0,0.0
full_coverage_complete,1strowrightgirl3540,1789,0,0,2,True,False,True,0.0,0.0
full_coverage_complete,1strowrightgirl3540,1790,0,0,4,True,False,True,0.0,0.0
full_coverage_complete,1strowrightgirl3540,1791,0,0,4,True,False,True,0.0,0.0
full_coverage_complete,1strowrightgirl3540,1792,0,0,2,True,False,True,0.0,0.0
full_coverage_complete,1strowrightgirl3540,1793,0,0,4,True,False,True,0.0,0.0
full_coverage_complete,1strowrightgirl3540,1794,0,0,4,True,False,True,0.0,0.0
full_coverage_complete,1strowrightgirl3540,1795,0,0,2,True,False,True,0.0,0.0
full_coverage_complete,1strowrightgirl3540,1796,0,0,2,True,False,True,0.0,0.0
full_coverage_complete,1strowrightgirl3540,1797,0,0,2,True,False,True,0.0,0.0
full_coverage_complete,1strowrightgirl3540,1798,0,0,1,True,False,True,0.0,0.0
full_coverage_complete,1strowrightgirl3540,1799,0,0,2,True,False,True,0.0,0.0
full_coverage_complete,1strowrightgirl3540,1800,0,0,2,True,False,True,0.0,0.0
full_coverage_complete,1strowrightgirl3540,1801,0,0,2,True,False,True,0.0,0.0
full_coverage_complete,1strowrightgirl3540,1802,0,0,2,True,False,True,0.0,0.0
full_coverage_complete,1strowrightgirl3540,1803,0,0,2,True,False,True,0.0,0.0
full_coverage_complete,1strowrightgirl3540,1804,0,0,2,True,False,True,0.0,0.0
full_coverage_complete,1strowrightgirl3540,1805,0,0,2,True,False,True,0.0,0.0
full_coverage_complete,1strowrightgirl3540,1806,0,0,2,True,False,True,0.0,0.0
full_coverage_complete,1strowrightgirl3540,1813,0,0,4,True,False,True,0.0,0.0
full_coverage_complete,1strowrightgirl3540,1814,0,1,2,True,False,True,0.0,0.0
full_coverage_complete,1strowrightgirl3540,1816,0,0,2,True,False,True,0.0,0.0
full_coverage_complete,1strowrightgirl3540,1817,0,0,2,True,False,True,0.0,0.0
full_coverage_complete,1strowrightgirl3540,1818,0,0,2,True,False,True,0.0,0.0
full_coverage_complete,1strowrightgirl3540,1819,0,0,5,True,False,True,0.0,0.0
full_coverage_complete,1strowrightgirl3540,1820,0,0,5,True,False,True,0.0,0.0
full_coverage_complete,1strowrightgirl3540,1821,0,0,5,True,False,True,0.0,0.0
full_coverage_complete,1strowrightgirl3540,1822,0,0,2,True,False,True,0.0,0.0
full_coverage_complete,1strowrightgirl3540,1823,0,0,2,True,False,True,0.0,0.0
full_coverage_complete,1strowrightgirl3540,1824,0,0,4,True,False,True,0.0,0.0
full_coverage_complete,1strowrightgirl3540,1825,0,0,1,True,False,True,0.0,0.0
full_coverage_complete,1strowrightgirl3540,1826,0,0,4,True,False,True,0.0,0.0
full_coverage_complete,1strowrightgirl3540,1827,0,0,4,True,False,True,0.0,0.0
full_coverage_complete,1strowrightgirl3540,1828,0,0,4,True,False,True,0.0,0.0
full_coverage_complete,1strowrightgirl3540,1829,0,0,5,True,False,True,0.0,0.0
full_coverage_complete,1strowrightgirl3540,1830,0,0,2,True,False,True,0.0,0.0
full_coverage_complete,1strowrightgirl3540,1831,0,0,2,True,False,True,0.0,0.0
full_coverage_complete,1strowrightgirl3540,1832,0,0,2,True,False,True,0.0,0.0
full_coverage_complete,1strowrightgirl3540,1833,0,0,2,True,False,True,0.0,0.0
full_coverage_complete,1strowrightgirl3540,1834,0,0,2,True,False,True,0.0,0.0
full_coverage_complete,1strowrightgirl3540,1835,0,0,2,True,False,True,0.0,0.0
full_coverage_complete,1strowrightgirl3540,1836,0,0,5,True,False,True,0.0,0.0
full_coverage_complete,1strowrightgirl3540,1837,0,0,2,True,False,True,0.0,0.0
full_coverage_complete,1strowrightgirl3540,1838,0,0,1,True,False,True,0.0,0.0
full_coverage_complete,1strowrightgirl3540,1839,0,0,4,True,False,True,0.0,0.0
full_coverage_complete,1strowrightgirl3540,1840,0,0,4,True,False,True,0.0,0.0
full_coverage_complete,1strowrightgirl3540,1841,0,0,4,True,False,True,0.0,0.0
full_coverage_complete,1strowrightgirl3540,1842,0,0,2,True,False,True,0.0,0.0
full_coverage_complete,1strowrightgirl3540,1843,0,0,4,True,False,True,0.0,0.0
full_coverage_complete,1strowrightgirl3540,1844,0,0,4,True,False,True,0.0,0.0
full_coverage_complete,1strowrightgirl3540,1845,0,0,2,True,False,True,0.0,0.0
full_coverage_complete,1strowrightgirl3540,1846,0,0,2,True,False,True,0.0,0.0
full_coverage_complete,1strowrightgirl3540,1847,0,0,4,True,False,True,0.0,0.0
full_coverage_complete,1strowrightgirl3540,1849,0,0,4,True,False,True,0.0,0.0
full_coverage_complete,1strowrightgirl3540,1852,0,0,2,True,False,True,0.0,0.0
full_coverage_complete,1strowrightgirl3540,1853,0,0,2,True,False,True,0.0,0.0
full_coverage_complete,1strowrightgirl3540,1854,0,0,2,True,False,True,0.0,0.0
full_coverage_complete,1strowrightgirl3540,1855,0,0,4,True,False,True,0.0,0.0
full_coverage_complete,1strowrightgirl3540,1856,0,0,5,True,False,True,0.0,0.0
full_coverage_complete,1strowrightgirl3540,1857,0,0,2,True,False,True,0.0,0.0
full_coverage_complete,1strowrightgirl3540,1858,0,0,2,True,False,True,0.0,0.0
full_coverage_complete,1strowrightgirl3540,1859,0,0,4,True,False,True,0.0,0.0
full_coverage_complete,1strowrightgirl3540,1860,0,0,4,True,False,True,0.0,0.0
full_coverage_complete,1strowrightgirl3540,1861,0,0,2,True,False,True,0.0,0.0
full_coverage_complete,1strowrightgirl3540,1862,0,0,2,True,False,True,0.0,0.0
full_coverage_complete,1strowrightgirl3540,1863,0,0,4,True,False,True,0.0,0.0
full_coverage_complete,1strowrightgirl3540,1864,0,0,4,True,False,True,0.0,0.0
full_coverage_complete,1strowrightgirl3540,1866,0,0,4,True,False,True,0.0,0.0
full_coverage_complete,1strowrightgirl3540,1867,0,0,4,True,False,True,0.0,0.0
full_coverage_complete,1strowrightgirl3540,1868,0,0,4,True,False,True,0.0,0.0
full_coverage_complete,1strowrightgirl3540,1869,0,0,4,True,False,True,0.0,0.0
full_coverage_complete,1strowrightgirl3540,1870,0,0,4,True,False,True,0.0,0.0
full_coverage_complete,1strowrightgirl3540,1871,0,0,4,True,False,True,0.0,0.0
full_coverage_complete,1strowrightgirl3540,1872,0,0,2,True,False,True,0.0,0.0
full_coverage_complete,1strowrightgirl3540,1873,0,0,4,True,False,True,0.0,0.0
full_coverage_complete,1strowrightgirl3540,1874,0,0,4,True,False,True,0.0,0.0
full_coverage_complete,1strowrightgirl3540,1876,0,0,2,True,False,True,0.0,0.0
full_coverage_complete,1strowrightgirl3540,1877,0,0,2,True,False,True,0.0,0.0
full_coverage_complete,1strowrightgirl3540,1879,0,0,2,True,False,True,0.0,0.0
full_coverage_complete,1strowrightgirl3540,1880,0,0,4,True,False,True,0.0,0.0
full_coverage_complete,1strowrightgirl3540,1881,0,0,5,True,False,True,0.0,0.0
full_coverage_complete,1strowrightgirl3540,1882,0,1,5,True,False,True,0.0,0.0
full_coverage_complete,1strowrightgirl3540,1883,0,0,5,True,False,True,0.0,0.0
full_coverage_complete,1strowrightgirl3540,1884,0,0,2,True,False,True,0.0,0.0
full_coverage_complete,1strowrightgirl3540,1885,0,0,5,True,False,True,0.0,0.0
full_coverage_complete,1strowrightgirl3540,1886,0,0,5,True,False,True,0.0,0.0
full_coverage_complete,1strowrightgirl3540,1887,0,0,2,True,False,True,0.0,0.0
full_coverage_complete,1strowrightgirl3540,1888,0,0,4,True,False,True,0.0,0.0
full_coverage_complete,1strowrightgirl3540,1889,0,0,2,True,False,True,0.0,0.0
full_coverage_complete,1strowrightgirl3540,1890,0,0,4,True,False,True,0.0,0.0
full_coverage_complete,1strowrightgirl3540,1891,0,0,4,True,False,True,0.0,0.0
full_coverage_complete,1strowrightgirl3540,1892,0,0,4,True,False,True,0.0,0.0
full_coverage_complete,1strowrightgirl3540,1893,0,0,4,True,False,True,0.0,0.0
full_coverage_complete,1strowrightgirl3540,1894,0,1,5,True,False,True,0.0,0.0
full_coverage_complete,1strowrightgirl3540,1895,0,0,4,True,False,True,0.0,0.0
full_coverage_complete,1strowrightgirl3540,1897,0,0,2,True,False,True,0.0,0.0
full_coverage_complete,1strowrightgirl3540,1898,0,1,2,True,False,True,0.0,0.0
full_coverage_complete,1strowrightgirl3540,1900,0,0,4,True,False,True,0.0,0.0
full_coverage_complete,1strowrightgirl3540,1901,0,1,5,True,False,True,0.0,0.0
full_coverage_complete,1strowrightgirl3540,1902,0,0,4,True,False,True,0.0,0.0
full_coverage_complete,1strowrightgirl3540,1903,0,0,2,True,False,True,0.0,0.0
full_coverage_complete,1strowrightgirl3540,1904,0,0,4,True,False,True,0.0,0.0
full_coverage_complete,1strowrightgirl3540,1905,0,0,4,True,False,True,0.0,0.0
full_coverage_complete,1strowrightgirl3540,1907,0,0,4,True,False,True,0.0,0.0
full_coverage_complete,1strowrightgirl3540,1908,0,0,2,True,False,True,0.0,0.0
full_coverage_complete,1strowrightgirl3540,1909,0,0,4,True,False,True,0.0,0.0
full_coverage_complete,1strowrightgirl3540,1911,0,0,2,True,False,True,0.0,0.0
full_coverage_complete,1strowrightgirl3540,1912,0,0,4,True,False,True,0.0,0.0
full_coverage_complete,1strowrightgirl3540,1913,0,0,4,True,False,True,0.0,0.0
full_coverage_complete,1strowrightgirl3540,1914,0,0,2,True,False,True,0.0,0.0
full_coverage_complete,1strowrightgirl3540,1915,0,0,2,True,False,True,0.0,0.0
full_coverage_complete,1strowrightgirl3540,1916,0,0,2,True,False,True,0.0,0.0
full_coverage_complete,1strowrightgirl3540,1917,0,0,2,True,False,True,0.0,0.0
full_coverage_complete,1strowrightgirl3540,1919,0,0,5,True,False,True,0.0,0.0
full_coverage_complete,1strowrightgirl3540,1920,0,0,2,True,False,True,0.0,0.0
full_coverage_complete,1strowrightgirl3540,1921,0,0,5,True,False,True,0.0,0.0
full_coverage_complete,1strowrightgirl3540,1922,0,0,5,True,False,True,0.0,0.0
full_coverage_complete,1strowrightgirl3540,1923,0,0,2,True,False,True,0.0,0.0
full_coverage_complete,1strowrightgirl3540,1924,0,0,2,True,False,True,0.0,0.0
full_coverage_complete,1strowrightgirl3540,1925,0,0,2,True,False,True,0.0,0.0
full_coverage_complete,1strowrightgirl3540,1926,0,0,5,True,False,True,0.0,0.0
full_coverage_complete,1strowrightgirl3540,1927,0,0,2,True,False,True,0.0,0.0
full_coverage_complete,1strowrightgirl3540,1928,0,0,4,True,False,True,0.0,0.0
full_coverage_complete,1strowrightgirl3540,1929,0,0,4,True,False,True,0.0,0.0
full_coverage_complete,1strowrightgirl3540,1930,0,0,4,True,False,True,0.0,0.0
full_coverage_complete,1strowrightgirl3540,1931,0,0,4,True,False,True,0.0,0.0
full_coverage_complete,1strowrightgirl3540,1932,0,0,5,True,False,True,0.0,0.0
full_coverage_complete,1strowrightgirl3540,1933,0,0,2,True,False,True,0.0,0.0
full_coverage_complete,1strowrightgirl3540,1934,0,0,2,True,False,True,0.0,0.0
full_coverage_complete,1strowrightgirl3540,1935,0,0,4,True,False,True,0.0,0.0
full_coverage_complete,1strowrightgirl3540,1937,0,0,2,True,False,True,0.0,0.0
full_coverage_complete,1strowrightgirl3540,1938,0,0,2,True,False,True,0.0,0.0
full_coverage_complete,1strowrightgirl3540,1939,0,0,2,True,False,True,0.0,0.0
full_coverage_complete,1strowrightgirl3540,1940,0,0,5,True,False,True,0.0,0.0
full_coverage_complete,1strowrightgirl3540,1941,0,1,2,True,False,True,0.0,0.0
full_coverage_complete,1strowrightgirl3540,1942,0,0,1,True,False,True,0.0,0.0
full_coverage_complete,1strowrightgirl3540,1943,0,0,4,True,False,True,0.0,0.0
full_coverage_complete,1strowrightgirl3540,1944,0,0,2,True,False,True,0.0,0.0
full_coverage_complete,1strowrightgirl3540,1946,0,0,2,True,False,True,0.0,0.0
full_coverage_complete,1strowrightgirl3540,1947,0,0,2,True,False,True,0.0,0.0
full_coverage_complete,1strowrightgirl3540,1948,0,0,2,True,False,True,0.0,0.0
full_coverage_complete,1strowrightgirl3540,1951,0,0,4,True,False,True,0.0,0.0
full_coverage_complete,1strowrightgirl3540,1954,0,0,4,True,False,True,0.0,0.0
full_coverage_complete,1strowrightgirl3540,1955,0,0,2,True,False,True,0.0,0.0
full_coverage_complete,1strowrightgirl3540,1956,0,0,4,True,False,True,0.0,0.0
full_coverage_complete,1strowrightgirl3540,1957,0,0,2,True,False,True,0.0,0.0
full_coverage_complete,1strowrightgirl3540,1959,5,0,5,True,False,True,0.0,0.0
full_coverage_complete,1strowrightgirl3540,1960,0,0,5,True,False,True,0.0,0.0
full_coverage_complete,1strowrightgirl3540,1961,0,0,5,True,False,True,0.0,0.0
full_coverage_complete,1strowrightgirl3540,1962,0,0,4,True,False,True,0.0,0.0
full_coverage_complete,1strowrightgirl3540,1963,0,1,4,True,False,True,0.0,0.0
full_coverage_complete,1strowrightgirl3540,1964,0,0,2,True,False,True,0.0,0.0
full_coverage_complete,1strowrightgirl3540,1965,0,0,5,True,False,True,0.0,0.0
full_coverage_complete,1strowrightgirl3540,1966,0,0,2,True,False,True,0.0,0.0
full_coverage_complete,1strowrightgirl3540,1967,0,0,4,True,False,True,0.0,0.0
full_coverage_complete,1strowrightgirl3540,1968,0,1,4,True,False,True,0.0,0.0
full_coverage_complete,1strowrightgirl3540,1969,0,0,4,True,False,True,0.0,0.0
full_coverage_complete,1strowrightgirl3540,1970,0,0,4,True,False,True,0.0,0.0
full_coverage_complete,1strowrightgirl3540,1971,0,0,4,True,False,True,0.0,0.0
full_coverage_complete,1strowrightgirl3540,1972,0,0,4,True,False,True,0.0,0.0
full_coverage_complete,1strowrightgirl3540,1973,0,0,4,True,False,True,0.0,0.0
full_coverage_complete,1strowrightgirl3540,1974,0,0,4,True,False,True,0.0,0.0
full_coverage_complete,1strowrightgirl3540,1975,0,0,2,True,False,True,0.0,0.0
full_coverage_complete,1strowrightgirl3540,1976,0,0,5,True,False,True,0.0,0.0
full_coverage_complete,1strowrightgirl3540,1977,0,0,4,True,False,True,0.0,0.0
full_coverage_complete,1strowrightgirl3540,1978,0,0,4,True,False,True,0.0,0.0
full_coverage_complete,1strowrightgirl3540,1979,0,0,4,True,False,True,0.0,0.0
full_coverage_complete,1strowrightgirl3540,1980,0,1,4,True,False,True,0.0,0.0
full_coverage_complete,1strowrightgirl3540,1981,0,0,4,True,False,True,0.0,0.0
full_coverage_complete,1strowrightgirl3540,1982,0,0,2,True,False,True,0.0,0.0
full_coverage_complete,1strowrightgirl3540,1983,0,0,4,True,False,True,0.0,0.0
full_coverage_complete,1strowrightgirl3540,1984,0,0,4,True,False,True,0.0,0.0
full_coverage_complete,1strowrightgirl3540,1985,0,0,2,True,False,True,0.0,0.0
full_coverage_complete,1strowrightgirl3540,1986,0,0,4,True,False,True,0.0,0.0
full_coverage_complete,1strowrightgirl3540,1987,0,0,4,True,False,True,0.0,0.0
full_coverage_complete,1strowrightgirl3540,1988,0,0,2,True,False,True,0.0,0.0
full_coverage_complete,1strowrightgirl3540,1989,0,0,2,True,False,True,0.0,0.0
full_coverage_complete,1strowrightgirl3540,1990,0,0,4,True,False,True,0.0,0.0
full_coverage_complete,1strowrightgirl3540,1991,0,0,2,True,False,True,0.0,0.0
full_coverage_complete,1strowrightgirl3540,1993,0,0,4,True,False,True,0.0,0.0
full_coverage_complete,1strowrightgirl3540,1994,0,0,2,True,False,True,0.0,0.0
full_coverage_complete,1strowrightgirl3540,1995,0,1,4,True,False,True,0.0,0.0
full_coverage_complete,1strowrightgirl3540,1996,0,0,4,True,False,True,0.0,0.0
full_coverage_complete,1strowrightgirl3540,1997,0,0,4,True,False,True,0.0,0.0
full_coverage_complete,1strowrightgirl3540,1998,0,0,2,True,False,True,0.0,0.0
full_coverage_complete,1strowrightgirl3540,1999,0,0,2,True,False,True,0.0,0.0
full_coverage_complete,1strowrightgirl3540,2000,0,0,2,True,False,True,0.0,0.0
full_coverage_complete,1strowrightgirl3540,2001,0,0,2,True,False,True,0.0,0.0
full_coverage_complete,1strowrightgirl3540,2002,0,0,2,True,False,True,0.0,0.0
full_coverage_complete,1strowrightgirl3540,2003,0,0,4,True,False,True,0.0,0.0
full_coverage_complete,1strowrightgirl3540,2004,0,0,4,True,False,True,0.0,0.0
full_coverage_complete,1strowrightgirl3540,2005,0,0,4,True,False,True,0.0,0.0
full_coverage_complete,1strowrightgirl3540,2006,0,0,2,True,False,True,0.0,0.0
full_coverage_complete,1strowrightgirl3540,2007,0,0,4,True,False,True,0.0,0.0
full_coverage_complete,1strowrightgirl3540,2008,0,0,4,True,False,True,0.0,0.0
full_coverage_complete,1strowrightgirl3540,2009,0,0,4,True,False,True,0.0,0.0
full_coverage_complete,1strowrightgirl3540,2010,0,0,4,True,False,True,0.0,0.0
full_coverage_complete,1strowrightgirl3540,2011,0,0,4,True,False,True,0.0,0.0
full_coverage_complete,1strowrightgirl3540,2012,5,0,5,True,False,True,0.0,0.0
full_coverage_complete,1strowrightgirl3540,2013,0,0,4,True,False,True,0.0,0.0
full_coverage_complete,1strowrightgirl3540,2014,0,0,4,True,False,True,0.0,0.0
full_coverage_complete,1strowrightgirl3540,2015,0,0,4,True,False,True,0.0,0.0
full_coverage_complete,1strowrightgirl3540,2016,0,0,2,True,False,True,0.0,0.0
full_coverage_complete,1strowrightgirl3540,2017,0,0,4,True,False,True,0.0,0.0
full_coverage_complete,1strowrightgirl3540,2018,0,0,4,True,False,True,0.0,0.0
full_coverage_complete,1strowrightgirl3540,2019,0,0,2,True,False,True,0.0,0.0
full_coverage_complete,1strowrightgirl3540,2020,0,1,2,True,False,True,0.0,0.0
full_coverage_complete,1strowrightgirl3540,2021,0,0,5,True,False,True,0.0,0.0
full_coverage_complete,1strowrightgirl3540,2022,0,0,4,True,False,True,0.0,0.0
full_coverage_complete,1strowrightgirl3540,2023,0,0,4,True,False,True,0.050320186248845,0.050320186248845
full_coverage_complete,1strowrightgirl3540,2027,0,0,5,True,False,True,0.0,0.0
full_coverage_complete,1strowrightgirl3540,2028,0,0,2,True,False,True,0.0,0.0
full_coverage_complete,1strowrightgirl3540,2029,0,0,2,True,False,True,0.9251955970411905,0.9251955970411905
full_coverage_complete,1strowrightgirl3540,2030,0,0,5,True,False,True,0.9183989387093294,0.9183989387093294
full_coverage_complete,1strowrightgirl3540,2032,0,0,2,True,False,True,0.838999664607077,0.838999664607077
full_coverage_complete,1strowrightgirl3540,2038,0,1,2,True,False,True,0.7563395367955772,0.2135886088245305
full_coverage_complete,1strowrightgirl3540,2039,0,0,1,True,False,True,0.035820703529710896,0.035820703529710896
full_coverage_complete,1strowrightgirl3540,2040,0,0,1,True,False,True,0.019104125307378525,0.019104125307378525
full_coverage_complete,1strowrightgirl3540,2041,0,0,2,True,False,True,0.8474933247193017,0.8474933247193017
full_coverage_complete,1strowrightgirl3540,2044,0,0,2,True,False,True,0.9473138323434199,0.9473138323434199
full_coverage_complete,1strowrightgirl3540,2047,0,2,2,True,False,True,0.7733398196742317,0.0
full_coverage_complete,1strowrightgirl3540,2048,0,0,1,True,False,True,0.016725172632659584,0.016725172632659584
full_coverage_complete,1strowrightgirl3540,2050,0,1,1,True,False,True,0.02392968688669155,0.02392968688669155
full_coverage_complete,1strowrightgirl3540,2051,0,0,2,True,False,True,0.9311089775282052,0.9311089775282052
full_coverage_complete,1strowrightgirl3540,2052,0,0,5,True,False,True,0.9078257302037968,0.9078257302037968
full_coverage_complete,1strowrightgirl3540,2056,0,0,2,True,False,True,0.9358474750238845,0.9358474750238845
full_coverage_complete,1strowrightgirl3540,2063,0,0,2,True,False,True,0.8305553209859964,0.8305553209859964
full_coverage_complete,1strowrightgirl3540,2064,0,0,2,True,False,True,0.7611671631851359,0.7611671631851359
full_coverage_complete,1strowrightgirl3540,2067,0,0,1,True,False,True,0.9135933225776115,0.9135933225776115
full_coverage_complete,1strowrightgirl3540,2070,0,1,0,False,False,True,0.9399881305719898,0.0
full_coverage_complete,1strowrightgirl3540,2071,0,0,1,True,False,True,0.0,0.0
full_coverage_complete,1strowrightgirl3540,2072,0,0,2,True,False,True,0.0,0.0
full_coverage_complete,1strowrightgirl3540,2073,0,0,2,True,False,True,0.0,0.0
full_coverage_complete,1strowrightgirl3540,2074,0,0,2,True,False,True,0.048016160689903706,0.048016160689903706
full_coverage_complete,1strowrightgirl3540,2075,0,0,1,True,False,True,0.06651269411229434,0.06651269411229434
full_coverage_complete,1strowrightgirl3540,2077,0,0,4,True,False,True,0.0922318368407213,0.0922318368407213
full_coverage_complete,1strowrightgirl3540,2078,0,0,2,True,False,True,0.06861370610411018,0.06861370610411018
full_coverage_complete,1strowrightgirl3540,2079,0,0,2,True,False,True,0.0,0.0
full_coverage_complete,1strowrightgirl3540,2080,0,0,2,True,False,True,0.010348344740338272,0.010348344740338272
full_coverage_complete,1strowrightgirl3540,2081,0,1,1,True,False,True,0.0,0.0
full_coverage_complete,1strowrightgirl3540,2082,0,0,4,True,False,True,0.0,0.0
full_coverage_complete,1strowrightgirl3540,2083,0,0,2,True,False,True,0.0,0.0
full_coverage_complete,1strowrightgirl3540,2084,0,0,2,True,False,True,0.0,0.0
full_coverage_complete,1strowrightgirl3540,2085,0,0,2,True,False,True,0.0,0.0
full_coverage_complete,1strowrightgirl3540,2086,0,0,2,True,False,True,0.0,0.0
full_coverage_complete,1strowrightgirl3540,2087,0,0,2,True,False,True,0.0,0.8468253866592838
full_coverage_complete,1strowrightgirl3540,2088,5,0,5,True,False,True,0.837676765563351,0.8331768003532181
full_coverage_complete,1strowrightgirl3540,2089,0,0,2,True,False,True,0.8293956447727981,0.8293956447727981
full_coverage_complete,1strowrightgirl3540,2090,0,1,2,True,False,True,0.886401868587812,0.0
full_coverage_complete,1strowrightgirl3540,2091,0,0,1,True,False,True,0.0,0.0
full_coverage_complete,1strowrightgirl3540,2092,0,0,2,True,False,True,0.0,0.8085062456099573
full_coverage_complete,1strowrightgirl3540,2093,0,0,5,True,False,True,0.7970733000421272,0.7970733000421272
full_coverage_complete,1strowrightgirl3540,2096,0,0,2,True,False,True,0.8345211640842091,0.8345211640842091
full_coverage_complete,1strowrightgirl3540,2097,0,0,2,True,False,True,0.8986159605387065,0.8986159605387065
full_coverage_complete,1strowrightgirl3540,2098,0,0,2,True,False,True,0.9384816083475955,0.9384816083475955
full_coverage_complete,1strowrightgirl3540,2099,0,0,2,True,False,True,0.0,0.0
full_coverage_complete,1strowrightgirl3540,2100,0,0,4,True,False,True,0.006164521095027963,0.006164521095027963
full_coverage_complete,1strowrightgirl3540,2101,0,0,4,True,False,True,0.04270605154425076,0.04270605154425076
full_coverage_complete,1strowrightgirl3540,2102,0,0,4,True,False,True,0.07392775373102281,0.07392775373102281
full_coverage_complete,1strowrightgirl3540,2103,0,1,4,True,False,True,0.0,0.0
full_coverage_complete,1strowrightgirl3540,2104,0,0,4,True,False,True,0.0,0.0
full_coverage_complete,1strowrightgirl3540,2105,0,0,4,True,False,True,0.0,0.0
full_coverage_complete,1strowrightgirl3540,2106,0,0,4,True,False,True,0.0,0.0
full_coverage_complete,1strowrightgirl3540,2107,0,0,2,True,False,True,0.0,0.0
full_coverage_complete,1strowrightgirl3540,2108,0,0,4,True,False,True,0.0,0.0
full_coverage_complete,1strowrightgirl3540,2109,0,0,4,True,False,True,0.0,0.0
full_coverage_complete,1strowrightgirl3540,2110,0,0,4,True,False,True,0.0,0.0
full_coverage_complete,1strowrightgirl3540,2111,0,0,2,True,False,True,0.0,0.0
full_coverage_complete,1strowrightgirl3540,2112,0,0,1,True,False,True,0.0,0.7109628887776294
full_coverage_complete,1strowrightgirl3540,2115,0,0,5,True,False,True,0.8601644123524418,0.8601644123524418
full_coverage_complete,1strowrightgirl3540,2116,0,0,2,True,False,True,0.8778932217716883,0.8778932217716883
full_coverage_complete,1strowrightgirl3540,2117,0,0,2,True,False,True,0.8192672600225408,0.8192672600225408
full_coverage_complete,1strowrightgirl3540,2118,0,1,2,True,False,True,0.945473928882449,0.0
full_coverage_complete,1strowrightgirl3540,2123,0,0,1,True,False,True,0.0,0.0
full_coverage_complete,1strowrightgirl3540,2124,0,0,4,True,False,True,0.8305893551669947,0.8305893551669947
full_coverage_complete,1strowrightgirl3540,2125,0,0,5,True,False,True,0.8569697209116528,0.8569697209116528
full_coverage_complete,1strowrightgirl3540,2126,0,0,2,True,False,True,0.76226480993217,0.76226480993217
full_coverage_complete,1strowrightgirl3540,2127,2,1,2,True,False,True,0.6806595256591421,0.0
full_coverage_complete,1strowrightgirl3540,2128,0,0,4,True,False,True,0.0751150463509497,0.0751150463509497
full_coverage_complete,1strowrightgirl3540,2131,0,0,2,True,False,True,0.02403368961407516,0.02403368961407516
full_coverage_complete,1strowrightgirl3540,2132,0,0,2,True,False,True,0.024469656512593668,0.024469656512593668
full_coverage_complete,1strowrightgirl3540,2133,0,0,2,True,False,True,0.0265840928887106,0.0265840928887106
full_coverage_complete,1strowrightgirl3540,2134,0,0,2,True,False,True,0.9009763187710784,0.9009763187710784
full_coverage_complete,1strowrightgirl3540,2135,0,0,5,True,False,True,0.8798173273418984,0.8798173273418984
full_coverage_complete,1strowrightgirl3540,2136,0,0,2,True,False,True,0.8536953913585592,0.8536953913585592
full_coverage_complete,1strowrightgirl3540,2138,0,0,2,True,False,True,0.790559843344271,0.790559843344271
full_coverage_complete,1strowrightgirl3540,2139,0,0,2,True,False,True,0.8139428987567621,0.8139428987567621
full_coverage_complete,1strowrightgirl3540,2140,0,0,2,True,False,True,0.7540852977038527,0.7540852977038527
full_coverage_complete,1strowrightgirl3540,2141,0,0,2,True,False,True,0.6470035655502864,0.6470035655502864
full_coverage_complete,1strowrightgirl3540,2142,0,0,2,True,False,True,0.7121579691338931,0.7121579691338931
full_coverage_complete,1strowrightgirl3540,2149,0,0,5,True,False,True,0.7810577457444154,0.7810577457444154
full_coverage_complete,1strowrightgirl3540,2150,0,0,5,True,False,True,0.8538409591561175,0.8538409591561175
full_coverage_complete,1strowrightgirl3540,2151,0,1,4,True,False,True,0.6469512482389149,0.0
full_coverage_complete,1strowrightgirl3540,2152,0,0,1,True,False,True,0.0,0.0
full_coverage_complete,1strowrightgirl3540,2153,0,0,2,True,False,True,0.0,0.0
full_coverage_complete,1strowrightgirl3540,2154,0,0,2,True,False,True,0.0016054805534251656,0.0016054805534251656
full_coverage_complete,1strowrightgirl3540,2155,0,0,2,True,False,True,0.04253903078066774,0.04253903078066774
full_coverage_complete,1strowrightgirl3540,2156,0,0,2,True,False,True,0.024508608618031395,0.024508608618031395
full_coverage_complete,1strowrightgirl3540,2157,0,0,2,True,False,True,0.04027951498016717,0.04027951498016717
full_coverage_complete,1strowrightgirl3540,2158,0,0,5,True,False,True,0.8566650757024824,0.8566650757024824
full_coverage_complete,1strowrightgirl3540,2161,0,0,5,True,False,True,0.8156700042278968,0.8156700042278968
full_coverage_complete,1strowrightgirl3540,2163,0,0,5,True,False,True,0.8090845502584433,0.8090845502584433
full_coverage_complete,1strowrightgirl3540,2165,0,0,2,True,False,True,0.8380219753758303,0.8380219753758303
full_coverage_complete,1strowrightgirl3540,2168,0,0,2,True,False,True,0.7489795124446705,0.7489795124446705
full_coverage_complete,1strowrightgirl3540,2169,0,0,5,True,False,True,0.7544071840290888,0.7544071840290888
full_coverage_complete,1strowrightgirl3540,2170,0,0,4,True,False,True,0.6460910299893532,0.6460910299893532
full_coverage_complete,1strowrightgirl3540,2175,0,0,2,True,False,True,0.8551185109310856,0.8551185109310856
full_coverage_complete,1strowrightgirl3540,2177,0,0,2,True,False,True,0.8253860799544706,0.8253860799544706
full_coverage_complete,1strowrightgirl3540,2178,0,1,2,True,False,True,0.8719422267652125,0.0
full_coverage_complete,1strowrightgirl3540,2179,0,0,4,True,False,True,0.0,0.0
full_coverage_complete,1strowrightgirl3540,2180,0,0,2,True,False,True,0.0,0.0
full_coverage_complete,1strowrightgirl3540,2181,0,0,4,True,False,True,0.0,0.0
full_coverage_complete,1strowrightgirl3540,2182,0,0,4,True,False,True,0.0,0.0
full_coverage_complete,1strowrightgirl3540,2183,0,0,4,True,False,True,0.0,0.0
full_coverage_complete,1strowrightgirl3540,2184,0,0,5,True,False,True,0.001545844014107043,0.001545844014107043
full_coverage_complete,1strowrightgirl3540,2185,0,0,5,True,False,True,0.0,0.7206604805695376
full_coverage_complete,1strowrightgirl3540,2186,0,0,5,True,False,True,0.7768852839462344,0.7768852839462344
full_coverage_complete,1strowrightgirl3540,2187,0,0,2,True,False,True,0.8583373372228847,0.8583373372228847
full_coverage_complete,1strowrightgirl3540,2188,0,0,5,True,False,True,0.8636785360691273,0.8636785360691273
full_coverage_complete,1strowrightgirl3540,2189,0,0,5,True,False,True,0.9518094482390134,0.9518094482390134
full_coverage_complete,1strowrightgirl3540,2190,0,0,2,True,False,True,0.916947328390363,0.916947328390363
full_coverage_complete,1strowrightgirl3540,2191,0,0,2,True,False,True,0.7938060123027145,0.7938060123027145
full_coverage_complete,1strowrightgirl3540,2192,0,0,2,True,False,True,0.9520841832036773,0.9520841832036773
full_coverage_complete,1strowrightgirl3540,2194,0,0,2,True,False,True,0.6810421792707652,0.6810421792707652
full_coverage_complete,1strowrightgirl3540,2195,0,0,2,True,False,True,0.7157463625601763,0.7157463625601763
full_coverage_complete,1strowrightgirl3540,2196,0,0,4,True,False,True,0.7852398805344708,0.7852398805344708
full_coverage_complete,1strowrightgirl3540,2197,0,0,4,True,False,True,0.6785114488501507,0.6785114488501507
full_coverage_complete,1strowrightgirl3540,2198,0,0,4,True,False,True,0.7456736082947043,0.7456736082947043
full_coverage_complete,1strowrightgirl3540,2201,0,0,2,True,False,True,0.8660921649465652,0.8660921649465652
full_coverage_complete,1strowrightgirl3540,2202,0,0,1,True,False,True,0.8562546299071222,0.8562546299071222
full_coverage_complete,1strowrightgirl3540,2203,0,0,2,True,False,True,0.8741174006459248,0.8741174006459248
full_coverage_complete,1strowrightgirl3540,2204,0,1,2,True,False,True,0.8060321041152275,0.0
full_coverage_complete,1strowrightgirl3540,2205,0,0,4,True,False,True,0.0,0.0
full_coverage_complete,1strowrightgirl3540,2208,0,0,4,True,False,True,0.0,0.0
full_coverage_complete,1strowrightgirl3540,2210,0,0,2,True,False,True,0.0,0.0
full_coverage_complete,1strowrightgirl3540,2211,0,1,0,False,False,True,0.0,0.0
full_coverage_complete,1strowrightgirl3540,2212,0,0,5,True,False,True,0.0,0.0
full_coverage_complete,1strowrightgirl3540,2213,0,0,2,True,False,True,0.0,0.8679944309271891
full_coverage_complete,1strowrightgirl3540,2214,0,0,5,True,False,True,0.8943933110278358,0.8943933110278358
full_coverage_complete,1strowrightgirl3540,2220,0,0,2,True,False,True,0.635399688147463,0.635399688147463
full_coverage_complete,1strowrightgirl3540,2221,0,0,2,True,False,True,0.6550826637739278,0.6550826637739278
full_coverage_complete,1strowrightgirl3540,2222,0,0,2,True,False,True,0.7963938232055587,0.7963938232055587
full_coverage_complete,1strowrightgirl3540,2224,0,0,2,True,False,True,0.8413280710077758,0.8413280710077758
full_coverage_complete,1strowrightgirl3540,2225,0,0,2,True,False,True,0.8285304945497937,0.8285304945497937
full_coverage_complete,1strowrightgirl3540,2226,0,0,2,True,False,True,0.8494768568729473,0.8494768568729473
full_coverage_complete,1strowrightgirl3540,2228,0,0,2,True,False,True,0.9138656384570552,0.9138656384570552
full_coverage_complete,1strowrightgirl3540,2230,0,0,2,True,False,True,0.8792677072428227,0.8792677072428227
full_coverage_complete,1strowrightgirl3540,2231,0,1,1,True,False,True,0.8847754067326685,0.0
full_coverage_complete,1strowrightgirl3540,2233,0,0,4,True,False,True,0.0,0.0
full_coverage_complete,1strowrightgirl3540,2234,0,0,4,True,False,True,0.0,0.0
full_coverage_complete,1strowrightgirl3540,2235,0,0,4,True,False,True,0.0,0.0
full_coverage_complete,1strowrightgirl3540,2236,0,0,2,True,False,True,0.0,0.0
full_coverage_complete,1strowrightgirl3540,2237,0,0,4,True,False,True,0.0,0.0
full_coverage_complete,1strowrightgirl3540,2238,0,0,5,True,False,True,0.0,0.0
full_coverage_complete,1strowrightgirl3540,2239,0,0,4,True,False,True,0.0,0.0
full_coverage_complete,1strowrightgirl3540,2240,0,0,2,True,False,True,0.0,0.0
full_coverage_complete,1strowrightgirl3540,2241,0,0,2,True,False,True,0.0,0.0
full_coverage_complete,1strowrightgirl3540,2242,0,1,2,True,False,True,0.0,0.0
full_coverage_complete,1strowrightgirl3540,2243,0,0,4,True,False,True,0.0,0.0
full_coverage_complete,1strowrightgirl3540,2244,4,0,4,True,False,True,0.0,0.7757706749191674
full_coverage_complete,1strowrightgirl3540,2245,0,0,5,True,False,True,0.8949729957325562,0.8949729957325562
full_coverage_complete,1strowrightgirl3540,2246,0,0,2,True,False,True,0.7836490936616474,0.7836490936616474
full_coverage_complete,1strowrightgirl3540,2247,0,0,2,True,False,True,0.6749598844816594,0.6749598844816594
full_coverage_complete,1strowrightgirl3540,2248,0,0,2,True,False,True,0.6443457071590744,0.6443457071590744
full_coverage_complete,1strowrightgirl3540,2249,0,0,2,True,False,True,0.590128295101573,0.590128295101573
full_coverage_complete,1strowrightgirl3540,2250,0,0,2,True,False,True,0.7058267656965485,0.7058267656965485
full_coverage_complete,1strowrightgirl3540,2251,0,0,2,True,False,True,0.8425122997698649,0.8425122997698649
full_coverage_complete,1strowrightgirl3540,2252,0,1,2,True,False,True,0.8440624919231055,0.0
full_coverage_complete,1strowrightgirl3540,2254,0,0,6,True,False,True,0.8015689979629372,0.8015689979629372
full_coverage_complete,1strowrightgirl3540,2255,0,0,2,True,False,True,0.8974665829666485,0.8974665829666485
full_coverage_complete,1strowrightgirl3540,2256,0,1,2,True,False,True,0.7447993666722988,0.0
full_coverage_complete,1strowrightgirl3540,2257,0,0,4,True,False,True,0.0,0.0
full_coverage_complete,1strowrightgirl3540,2258,0,0,4,True,False,True,0.0,0.0
full_coverage_complete,1strowrightgirl3540,2259,0,0,4,True,False,True,0.0,0.0
full_coverage_complete,1strowrightgirl3540,2260,0,0,4,True,False,True,0.0,0.0
full_coverage_complete,1strowrightgirl3540,2261,0,0,2,True,False,True,0.0,0.0
full_coverage_complete,1strowrightgirl3540,2262,0,0,4,True,False,True,0.0,0.0
full_coverage_complete,1strowrightgirl3540,2263,0,0,4,True,False,True,0.0,0.0
full_coverage_complete,1strowrightgirl3540,2264,0,0,4,True,False,True,0.0,0.0
full_coverage_complete,1strowrightgirl3540,2265,0,0,2,True,False,True,0.0,0.0
full_coverage_complete,1strowrightgirl3540,2266,0,0,4,True,False,True,0.0,0.0
full_coverage_complete,1strowrightgirl3540,2267,0,0,4,True,False,True,0.0,0.0
full_coverage_complete,1strowrightgirl3540,2268,0,1,2,True,False,True,0.0,0.8084544342400634
full_coverage_complete,1strowrightgirl3540,2270,0,0,2,True,False,True,0.8528547843301708,0.8528547843301708
full_coverage_complete,1strowrightgirl3540,2271,0,0,2,True,False,True,0.9098249978320949,0.9098249978320949
full_coverage_complete,1strowrightgirl3540,2272,0,0,2,True,False,True,0.8477943375978286,0.8477943375978286
full_coverage_complete,1strowrightgirl3540,2273,0,0,2,True,False,True,0.7232490668344509,0.7232490668344509
full_coverage_complete,1strowrightgirl3540,2274,0,0,2,True,False,True,0.5710075467293833,0.5710075467293833
full_coverage_complete,1strowrightgirl3540,2275,0,0,5,True,False,True,0.6665890925431508,0.6665890925431508
full_coverage_complete,1strowrightgirl3540,2276,0,0,2,True,False,True,0.7222035125085696,0.7222035125085696
full_coverage_complete,1strowrightgirl3540,2277,0,0,2,True,False,True,0.6801579162717689,0.6801579162717689
full_coverage_complete,1strowrightgirl3540,2278,0,0,2,True,False,True,0.6958939955937525,0.6958939955937525
full_coverage_complete,1strowrightgirl3540,2279,0,0,2,True,False,True,0.7288598368215264,0.7288598368215264
full_coverage_complete,1strowrightgirl3540,2282,0,0,2,True,False,True,0.7812780611423067,0.7812780611423067
full_coverage_complete,1strowrightgirl3540,2283,0,0,4,True,False,True,0.8167768944521792,0.8167768944521792
full_coverage_complete,1strowrightgirl3540,2284,0,0,4,True,False,True,0.7982553472990904,0.7982553472990904
full_coverage_complete,1strowrightgirl3540,2285,0,0,2,True,False,True,0.7814885901438408,0.7814885901438408
full_coverage_complete,1strowrightgirl3540,2286,0,0,2,True,False,True,0.8426244821113957,0.8426244821113957
full_coverage_complete,1strowrightgirl3540,2287,0,0,2,True,False,True,0.7644800198552482,0.7644800198552482
full_coverage_complete,1strowrightgirl3540,2288,0,0,2,True,False,True,0.7145578838340699,0.7145578838340699
full_coverage_complete,1strowrightgirl3540,2289,0,0,2,True,False,True,0.8125361162562581,0.8125361162562581
full_coverage_complete,1strowrightgirl3540,2290,0,0,2,True,False,True,0.7454423787020324,0.7454423787020324
full_coverage_complete,1strowrightgirl3540,2291,0,0,2,True,False,True,0.8279919242382473,0.8279919242382473
full_coverage_complete,1strowrightgirl3540,2293,0,0,2,True,False,True,0.8043149826500102,0.8043149826500102
full_coverage_complete,1strowrightgirl3540,2294,0,0,2,True,False,True,0.8644589896626684,0.8644589896626684
full_coverage_complete,1strowrightgirl3540,2295,0,0,2,True,False,True,0.8305636030396032,0.8305636030396032
full_coverage_complete,1strowrightgirl3540,2296,0,0,2,True,False,True,0.7759011283622324,0.7759011283622324
full_coverage_complete,1strowrightgirl3540,2297,0,0,2,True,False,True,0.7474518128864555,0.7474518128864555
full_coverage_complete,1strowrightgirl3540,2298,0,0,2,True,False,True,0.7041266712444548,0.7041266712444548
full_coverage_complete,1strowrightgirl3540,2299,0,0,2,True,False,True,0.7450022505725381,0.7450022505725381
full_coverage_complete,1strowrightgirl3540,2300,0,1,2,True,False,True,0.6868354094083892,0.0
full_coverage_complete,1strowrightgirl3540,2302,0,0,2,True,False,True,0.0,0.0
full_coverage_complete,1strowrightgirl3540,2303,0,0,2,True,False,True,0.0,0.0
full_coverage_complete,1strowrightgirl3540,2304,0,0,2,True,False,True,0.0,0.0
full_coverage_complete,1strowrightgirl3540,2305,0,0,2,True,False,True,0.0,0.0
full_coverage_complete,1strowrightgirl3540,2309,0,0,2,True,False,True,0.0,0.0
full_coverage_complete,1strowrightgirl3540,2310,0,1,2,True,False,True,0.0,0.0
full_coverage_complete,1strowrightgirl3540,2311,1,0,1,True,False,True,0.0,0.0
full_coverage_complete,1strowrightgirl3540,2312,0,0,2,True,False,True,0.0,0.0
full_coverage_complete,1strowrightgirl3540,2313,0,1,2,True,False,True,0.0,0.0
full_coverage_complete,1strowrightgirl3540,2314,0,0,5,True,False,True,0.0,0.0
full_coverage_complete,1strowrightgirl3540,2315,0,0,2,True,False,True,0.0,0.0
full_coverage_complete,1strowrightgirl3540,2316,0,0,2,True,False,True,0.0,0.0
full_coverage_complete,1strowrightgirl3540,2317,0,0,2,True,False,True,0.0,0.0
full_coverage_complete,1strowrightgirl3540,2318,0,0,2,True,False,True,0.0,0.0
full_coverage_complete,1strowrightgirl3540,2319,0,0,2,True,False,True,0.0,0.0
full_coverage_complete,1strowrightgirl3540,2320,0,0,2,True,False,True,0.0,0.0
full_coverage_complete,1strowrightgirl3540,2324,0,1,2,True,False,True,0.0,0.796381788743103
full_coverage_complete,1strowrightgirl3540,2326,0,0,2,True,False,True,0.8306724408374792,0.8306724408374792
full_coverage_complete,1strowrightgirl3540,2328,0,0,2,True,False,True,0.7630468210605409,0.7630468210605409
full_coverage_complete,1strowrightgirl3540,2329,0,0,2,True,False,True,0.7350399427813634,0.0
full_coverage_complete,1strowrightgirl3540,2330,0,0,1,True,False,True,0.0,0.0
full_coverage_complete,1strowrightgirl3540,2335,0,0,2,True,False,True,0.0,0.0
full_coverage_complete,1strowrightgirl3540,2336,0,0,2,True,False,True,0.0,0.0
full_coverage_complete,1strowrightgirl3540,2337,0,0,2,True,False,True,0.0,0.8256853998370399
full_coverage_complete,1strowrightgirl3540,2339,0,0,2,True,False,True,0.8634390223379357,0.8634390223379357
full_coverage_complete,1strowrightgirl3540,2343,0,0,2,True,False,True,0.6944937286127921,0.6944937286127921
full_coverage_complete,1strowrightgirl3540,2351,0,0,2,True,False,True,0.8807152920857432,0.8807152920857432
full_coverage_complete,1strowrightgirl3540,2352,0,0,2,True,False,True,0.8315876017424593,0.8315876017424593
full_coverage_complete,1strowrightgirl3540,2353,0,0,2,True,False,True,0.7480626172704131,0.7480626172704131
full_coverage_complete,1strowrightgirl3540,2354,0,0,2,True,False,True,0.7167255920383454,0.7167255920383454
full_coverage_complete,1strowrightgirl3540,2355,0,0,2,True,False,True,0.749462832951028,0.749462832951028
full_coverage_complete,1strowrightgirl3540,2356,0,0,2,True,False,True,0.6825269979670465,0.6825269979670465
full_coverage_complete,1strowrightgirl3540,2357,0,0,2,True,False,True,0.6677952802532314,0.6677952802532314
full_coverage_complete,1strowrightgirl3540,2358,0,0,2,True,False,True,0.7467073813527789,0.7467073813527789
full_coverage_complete,1strowrightgirl3540,2359,0,0,2,True,False,True,0.7430965455737334,0.7430965455737334
full_coverage_complete,1strowrightgirl3540,2360,0,0,1,True,False,True,0.7329999017049288,0.7329999017049288
full_coverage_complete,1strowrightgirl3540,2361,0,0,2,True,False,True,0.8019087382682406,0.8019087382682406
full_coverage_complete,1strowrightgirl3540,2362,0,0,2,True,False,True,0.7969099410289561,0.7969099410289561
full_coverage_complete,1strowrightgirl3540,2363,0,0,2,True,False,True,0.8999037443909087,0.8999037443909087
full_coverage_complete,1strowrightgirl3540,2364,0,0,2,True,False,True,0.8657480583679538,0.8657480583679538
full_coverage_complete,1strowrightgirl3540,2365,0,0,2,True,False,True,0.8148545907180867,0.8148545907180867
full_coverage_complete,1strowrightgirl3540,2368,0,0,2,True,False,True,0.44088373010997417,0.44088373010997417
full_coverage_complete,1strowrightgirl3540,2372,0,0,2,True,False,True,0.6357642888146514,0.6357642888146514
full_coverage_complete,1strowrightgirl3540,2373,0,0,2,True,False,True,0.7171446078148197,0.7171446078148197
full_coverage_complete,1strowrightgirl3540,2374,0,0,2,True,False,True,0.7370969504726858,0.7370969504726858
full_coverage_complete,1strowrightgirl3540,2375,0,0,2,True,False,True,0.8299625915147608,0.8299625915147608
full_coverage_complete,1strowrightgirl3540,2376,0,0,2,True,False,True,0.8990929549267516,0.8990929549267516
full_coverage_complete,1strowrightgirl3540,2377,0,0,2,True,False,True,0.910901867800261,0.910901867800261
full_coverage_complete,1strowrightgirl3540,2378,0,0,2,True,False,True,0.7850269840247582,0.7850269840247582
full_coverage_complete,1strowrightgirl3540,2380,0,0,4,True,False,True,0.0,0.0
full_coverage_complete,1strowrightgirl3540,2381,0,0,4,True,False,True,0.0,0.0
full_coverage_complete,1strowrightgirl3540,2382,0,0,4,True,False,True,0.0,0.0
full_coverage_complete,1strowrightgirl3540,2384,0,0,2,True,False,True,0.0,0.0
full_coverage_complete,1strowrightgirl3540,2385,0,0,2,True,False,True,0.0,0.0
full_coverage_complete,1strowrightgirl3540,2386,0,0,2,True,False,True,0.0,0.0
full_coverage_complete,1strowrightgirl3540,2387,0,0,2,True,False,True,0.0,0.0
full_coverage_complete,1strowrightgirl3540,2388,0,1,4,True,False,True,0.0,0.0
full_coverage_complete,1strowrightgirl3540,2389,0,0,4,True,False,True,0.0,0.0
full_coverage_complete,1strowrightgirl3540,2390,0,0,4,True,False,True,0.0,0.0
full_coverage_complete,1strowrightgirl3540,2391,0,0,4,True,False,True,0.0,0.0
full_coverage_complete,1strowrightgirl3540,2392,0,0,2,True,False,True,0.0,0.0
full_coverage_complete,1strowrightgirl3540,2394,0,0,2,True,False,True,0.0,0.0
full_coverage_complete,1strowrightgirl3540,2395,0,0,2,True,False,True,0.0,0.0
full_coverage_complete,1strowrightgirl3540,2396,0,0,2,True,False,True,0.0,0.0
full_coverage_complete,1strowrightgirl3540,2397,0,0,2,True,False,True,0.0,0.0
full_coverage_complete,1strowrightgirl3540,2398,0,0,2,True,False,True,0.0,0.0
full_coverage_complete,1strowrightgirl3540,2399,0,0,2,True,False,True,0.0,0.0
full_coverage_complete,1strowrightgirl3540,2400,0,0,4,True,False,True,0.0,0.0
full_coverage_complete,1strowrightgirl3540,2401,0,0,2,True,False,True,0.0,0.0
full_coverage_complete,1strowrightgirl3540,2402,0,0,2,True,False,True,0.0,0.0
full_coverage_complete,1strowrightgirl3540,2403,0,0,5,True,False,True,0.0,0.0
full_coverage_complete,1strowrightgirl3540,2404,0,1,2,True,False,True,0.0,0.0
full_coverage_complete,1strowrightgirl3540,2410,0,0,2,True,False,True,0.0,0.0
full_coverage_complete,1strowrightgirl3540,2411,0,0,2,True,False,True,0.0,0.0
full_coverage_complete,1strowrightgirl3540,2412,5,1,5,True,False,True,0.0,0.0
full_coverage_complete,1strowrightgirl3540,2413,0,0,5,True,False,True,0.0,0.8942204542202496
full_coverage_complete,1strowrightgirl3540,2416,0,0,2,True,False,True,0.8305882362344135,0.8305882362344135
full_coverage_complete,1strowrightgirl3540,2417,0,0,2,True,False,True,0.6600739620582737,0.6600739620582737
full_coverage_complete,1strowrightgirl3540,2418,0,1,2,True,False,True,0.720598880722507,0.0
full_coverage_complete,1strowrightgirl3540,2419,0,0,1,True,False,True,0.0,0.0
full_coverage_complete,1strowrightgirl3540,2420,0,0,4,True,False,True,0.0,0.0
full_coverage_complete,1strowrightgirl3540,2421,0,0,4,True,False,True,0.0,0.0
full_coverage_complete,1strowrightgirl3540,2422,0,0,2,True,False,True,0.0,0.0
full_coverage_complete,1strowrightgirl3540,2424,0,0,2,True,False,True,0.0,0.0
full_coverage_complete,1strowrightgirl3540,2425,0,0,2,True,False,True,0.0,0.0
full_coverage_complete,1strowrightgirl3540,2426,2,1,2,True,False,True,0.0,0.0
full_coverage_complete,1strowrightgirl3540,2427,0,0,1,True,False,True,0.0,0.0
full_coverage_complete,1strowrightgirl3540,2429,0,0,4,True,False,True,0.0,0.0
full_coverage_complete,1strowrightgirl3540,2436,5,0,5,True,False,True,0.0,0.0
full_coverage_complete,1strowrightgirl3540,2437,0,0,2,True,False,True,0.0,0.0
full_coverage_complete,1strowrightgirl3540,2438,0,1,2,True,False,True,0.0,0.0
full_coverage_complete,1strowrightgirl3540,2439,0,1,5,True,False,True,0.0,0.0
full_coverage_complete,1strowrightgirl3540,2440,5,0,5,True,False,True,0.0,0.7483269405593262
full_coverage_complete,1strowrightgirl3540,2441,5,0,5,True,False,True,0.8362010131866019,0.8348723548029843
full_coverage_complete,1strowrightgirl3540,2442,0,0,5,True,False,True,0.6566068162852327,0.6566068162852327
full_coverage_complete,1strowrightgirl3540,2443,0,1,5,True,False,True,0.7455636133367629,0.0
full_coverage_complete,1strowrightgirl3540,2444,0,0,1,True,False,True,0.0,0.0
full_coverage_complete,1strowrightgirl3540,2445,0,0,2,True,False,True,0.0,0.0
full_coverage_complete,1strowrightgirl3540,2447,0,0,2,True,False,True,0.0,0.0
full_coverage_complete,1strowrightgirl3540,2448,0,0,2,True,False,True,0.0,0.0
full_coverage_complete,1strowrightgirl3540,2449,0,0,2,True,False,True,0.0,0.0
full_coverage_complete,1strowrightgirl3540,2459,0,0,2,True,False,True,0.0,0.0
full_coverage_complete,1strowrightgirl3540,2460,0,0,4,True,False,True,0.0,0.0
full_coverage_complete,1strowrightgirl3540,2462,0,1,2,True,False,True,0.0,0.6923477074594365
full_coverage_complete,1strowrightgirl3540,2467,0,0,2,True,False,True,0.7839520942761514,0.7839520942761514
full_coverage_complete,1strowrightgirl3540,2468,0,0,2,True,False,True,0.7615336806245683,0.0
full_coverage_complete,1strowrightgirl3540,2472,4,0,4,True,False,True,0.0,0.02220529298113447
full_coverage_complete,1strowrightgirl3540,2473,0,0,5,True,False,True,0.5322639193769746,0.5322639193769746
full_coverage_complete,1strowrightgirl3540,2474,0,0,2,True,False,True,0.4521674932975686,0.4521674932975686
full_coverage_complete,1strowrightgirl3540,2477,0,0,2,True,False,True,0.6220785192020475,0.6220785192020475
full_coverage_complete,1strowrightgirl3540,2478,0,0,2,True,False,True,0.6384776752939753,0.6384776752939753
full_coverage_complete,1strowrightgirl3540,2479,0,0,2,True,False,True,0.6147385051024906,0.6147385051024906
full_coverage_complete,1strowrightgirl3540,2480,0,0,6,True,False,True,0.7367760452017706,0.0
full_coverage_complete,1strowrightgirl3540,2481,0,0,6,True,False,True,0.0,0.0
full_coverage_complete,1strowrightgirl3540,2482,0,0,2,True,False,True,0.0,0.625926324741014
full_coverage_complete,1strowrightgirl3540,2483,0,0,5,True,False,True,0.7443565322720399,0.7443565322720399
full_coverage_complete,1strowrightgirl3540,2484,0,2,2,True,False,True,0.7990152036749428,0.0
full_coverage_complete,1strowrightgirl3540,2486,0,1,2,True,False,True,0.0,0.7959158740313591
full_coverage_complete,1strowrightgirl3540,2494,0,0,4,True,False,True,0.8235534934954134,0.8235534934954134
full_coverage_complete,1strowrightgirl3540,2495,0,0,2,True,False,True,0.8200208809690225,0.8200208809690225
full_coverage_complete,1strowrightgirl3540,2496,0,0,4,True,False,True,0.7360781583798894,0.7360781583798894
full_coverage_complete,1strowrightgirl3540,2497,0,0,4,True,False,True,0.7689658431524826,0.7689658431524826
full_coverage_complete,1strowrightgirl3540,2498,4,3,4,True,False,True,0.7933518203264894,0.0
full_coverage_complete,1strowrightgirl3540,2499,0,0,5,True,False,True,0.0,0.0
full_coverage_complete,1strowrightgirl3540,2500,0,0,2,True,False,True,0.0,0.0
full_coverage_complete,1strowrightgirl3540,2501,0,0,5,True,False,True,0.0,0.0
full_coverage_complete,1strowrightgirl3540,2502,0,0,2,True,False,True,0.14026350808381988,0.14026350808381988
full_coverage_complete,1strowrightgirl3540,2503,0,0,2,True,False,True,0.5445032646852163,0.5445032646852163
full_coverage_complete,1strowrightgirl3540,2504,0,0,2,True,False,True,0.7682774664213697,0.7682774664213697
full_coverage_complete,1strowrightgirl3540,2505,0,0,4,True,False,True,0.7629487584730421,0.7629487584730421
full_coverage_complete,1strowrightgirl3540,2506,0,0,2,True,False,True,0.7894708772223261,0.7894708772223261
full_coverage_complete,1strowrightgirl3540,2507,0,0,2,True,False,True,0.8396798835244865,0.8396798835244865
full_coverage_complete,1strowrightgirl3540,2508,0,0,2,True,False,True,0.730158353902644,0.730158353902644
full_coverage_complete,1strowrightgirl3540,2509,0,0,2,True,False,True,0.7046873240956695,0.7046873240956695
full_coverage_complete,1strowrightgirl3540,2510,0,0,2,True,False,True,0.7951052767398977,0.7951052767398977
full_coverage_complete,1strowrightgirl3540,2511,0,0,2,True,False,True,0.742148999943651,0.742148999943651
full_coverage_complete,1strowrightgirl3540,2512,0,0,2,True,False,True,0.7853575369389466,0.7853575369389466
full_coverage_complete,1strowrightgirl3540,2513,0,0,2,True,False,True,0.8296504982559999,0.8296504982559999
full_coverage_complete,1strowrightgirl3540,2517,0,0,2,True,False,True,0.7263703400544199,0.7263703400544199
full_coverage_complete,1strowrightgirl3540,2518,0,0,2,True,False,True,0.7745622190658186,0.7745622190658186
full_coverage_complete,1strowrightgirl3540,2521,0,0,2,True,False,True,0.7362332584115234,0.7362332584115234
full_coverage_complete,1strowrightgirl3540,2523,0,0,2,True,False,True,0.0,0.0
full_coverage_complete,1strowrightgirl3540,2526,0,0,2,True,False,True,0.0,0.0
full_coverage_complete,1strowrightgirl3540,2527,0,0,4,True,False,True,0.0,0.0
full_coverage_complete,1strowrightgirl3540,2528,0,0,4,True,False,True,0.0,0.0
full_coverage_complete,1strowrightgirl3540,2529,0,0,4,True,False,True,0.0,0.0
full_coverage_complete,1strowrightgirl3540,2530,0,1,4,True,False,True,0.0,0.4806609707183026
full_coverage_complete,1strowrightgirl3540,2531,0,0,5,True,False,True,0.4246969462735968,0.4246969462735968
full_coverage_complete,1strowrightgirl3540,2532,0,0,5,True,False,True,0.41172797259346977,0.0
full_coverage_complete,1strowrightgirl3540,2533,0,0,4,True,False,True,0.0,0.0
full_coverage_complete,1strowrightgirl3540,2534,4,1,4,True,False,True,0.0,0.5239539317604978
full_coverage_complete,1strowrightgirl3540,2535,0,0,5,True,False,True,0.8814984080201692,0.8814984080201692
full_coverage_complete,1strowrightgirl3540,2536,0,0,4,True,False,True,0.7444184663694938,0.7444184663694938
full_coverage_complete,1strowrightgirl3540,2537,0,0,2,True,False,True,0.7953643070111,0.7953643070111
full_coverage_complete,1strowrightgirl3540,2549,0,0,2,True,False,True,0.7211896093004115,0.0
full_coverage_complete,1strowrightgirl3540,2550,0,0,5,True,False,True,0.5091713502090218,0.5091713502090218
full_coverage_complete,1strowrightgirl3540,2551,0,0,1,True,False,True,0.6355548800443028,0.6355548800443028
full_coverage_complete,1strowrightgirl3540,2552,0,0,2,True,False,True,0.24114339564354237,0.24114339564354237
full_coverage_complete,1strowrightgirl3540,2553,0,0,5,True,False,True,0.11905565215503831,0.11905565215503831
full_coverage_complete,1strowrightgirl3540,2554,0,0,2,True,False,True,0.10991343577729903,0.10991343577729903
full_coverage_complete,1strowrightgirl3540,2555,0,0,2,True,False,True,0.13377195457532937,0.13377195457532937
full_coverage_complete,1strowrightgirl3540,2556,0,0,5,True,False,True,0.33852903097616904,0.33852903097616904
full_coverage_complete,1strowrightgirl3540,2557,0,0,5,True,False,True,0.46674974616546316,0.46674974616546316
full_coverage_complete,1strowrightgirl3540,2558,0,0,2,True,False,True,0.14826298727160742,0.14826298727160742
full_coverage_complete,1strowrightgirl3540,2559,0,0,5,True,False,True,0.5562479033863817,0.5562479033863817
full_coverage_complete,1strowrightgirl3540,2560,0,0,6,True,False,True,0.6395497000605433,0.6395497000605433
full_coverage_complete,1strowrightgirl3540,2561,5,0,5,True,False,True,0.7167601005419523,0.6936147463048536
full_coverage_complete,1strowrightgirl3540,2562,0,0,5,True,False,True,0.6560479100277289,0.6560479100277289
full_coverage_complete,1strowrightgirl3540,2563,0,0,2,True,False,True,0.7446739698257966,0.7446739698257966
full_coverage_complete,1strowrightgirl3540,2576,5,0,5,True,False,True,0.43854974869253266,0.7029412001697424
full_coverage_complete,1strowrightgirl3540,2577,0,0,2,True,False,True,0.6243122425366467,0.0
full_coverage_complete,1strowrightgirl3540,2578,0,0,1,True,False,True,0.0,0.0
full_coverage_complete,1strowrightgirl3540,2579,0,0,4,True,False,True,0.0,0.0
full_coverage_complete,1strowrightgirl3540,2580,0,0,4,True,False,True,0.0,0.0
full_coverage_complete,1strowrightgirl3540,2581,0,0,2,True,False,True,0.0,0.0
full_coverage_complete,1strowrightgirl3540,2583,0,0,4,True,False,True,0.0,0.0
full_coverage_complete,1strowrightgirl3540,2584,0,0,4,True,False,True,0.0,0.0
full_coverage_complete,1strowrightgirl3540,2585,0,0,4,True,False,True,0.0,0.0
full_coverage_complete,1strowrightgirl3540,2586,0,0,2,True,False,True,0.0,0.0
full_coverage_complete,1strowrightgirl3540,2590,0,0,4,True,False,True,0.0,0.0
full_coverage_complete,1strowrightgirl3540,2592,4,0,4,True,False,True,0.0,0.8583440762013881
full_coverage_complete,1strowrightgirl3540,2599,0,0,2,True,False,True,0.7042108011210522,0.7042108011210522
full_coverage_complete,1strowrightgirl3540,2603,0,0,4,True,False,True,0.07789193575198276,0.07789193575198276
full_coverage_complete,1strowrightgirl3540,2604,0,0,5,True,False,True,0.01449831285715428,0.01449831285715428
full_coverage_complete,1strowrightgirl3540,2605,0,0,2,True,False,True,0.0,0.0
full_coverage_complete,1strowrightgirl3540,2606,0,0,2,True,False,True,0.7736340604980233,0.7736340604980233
full_coverage_complete,1strowrightgirl3540,2607,0,0,4,True,False,True,0.7323283956571474,0.7323283956571474
full_coverage_complete,1strowrightgirl3540,2608,0,0,2,True,False,True,0.6091258856337903,0.6091258856337903
full_coverage_complete,1strowrightgirl3540,2609,4,1,4,True,False,True,0.5878229667137425,0.5958890499454179
full_coverage_complete,1strowrightgirl3540,2610,0,0,4,True,False,True,0.641296487430794,0.641296487430794
full_coverage_complete,1strowrightgirl3540,2611,0,0,4,True,False,True,0.6689144033727678,0.6689144033727678
full_coverage_complete,1strowrightgirl3540,2612,0,0,4,True,False,True,0.27246018226873636,0.27246018226873636
full_coverage_complete,1strowrightgirl3540,2613,0,0,5,True,False,True,0.0,0.0
full_coverage_complete,1strowrightgirl3540,2614,0,0,5,True,False,True,0.0,0.0
full_coverage_complete,1strowrightgirl3540,2615,0,0,2,True,False,True,0.0,0.0
full_coverage_complete,1strowrightgirl3540,2616,0,0,2,True,False,True,0.0,0.0
full_coverage_complete,1strowrightgirl3540,2618,0,0,2,True,False,True,0.7841505317739583,0.7841505317739583
full_coverage_complete,1strowrightgirl3540,2619,0,0,2,True,False,True,0.8701850878505994,0.0
full_coverage_complete,1strowrightgirl3540,2621,0,0,2,True,False,True,0.0,0.0
full_coverage_complete,1strowrightgirl3540,2627,0,0,2,True,False,True,0.8010128623246547,0.8010128623246547
full_coverage_complete,1strowrightgirl3540,2630,0,0,1,True,False,True,0.0,0.0
full_coverage_complete,1strowrightgirl3540,2631,0,0,4,True,False,True,0.0,0.0
full_coverage_complete,1strowrightgirl3540,2632,0,0,4,True,False,True,0.0,0.0
full_coverage_complete,1strowrightgirl3540,2633,0,0,4,True,False,True,0.0,0.0
full_coverage_complete,1strowrightgirl3540,2634,0,0,2,True,False,True,0.0,0.0
full_coverage_complete,1strowrightgirl3540,2635,0,0,2,True,False,True,0.0,0.0
full_coverage_complete,1strowrightgirl3540,2637,0,0,4,True,False,True,0.0,0.0
full_coverage_complete,1strowrightgirl3540,2638,0,0,1,True,False,True,0.0,0.0
full_coverage_complete,1strowrightgirl3540,2639,0,0,2,True,False,True,0.0,0.0
full_coverage_complete,1strowrightgirl3540,2640,0,1,2,True,False,True,0.0,0.6903679389283119
full_coverage_complete,1strowrightgirl3540,2641,0,0,5,True,False,True,0.5829177247485346,0.5829177247485346
full_coverage_complete,1strowrightgirl3540,2642,0,0,2,True,False,True,0.7825493315693601,0.7825493315693601
full_coverage_complete,1strowrightgirl3540,2643,0,0,2,True,False,True,0.7915189479836128,0.7915189479836128
full_coverage_complete,1strowrightgirl3540,2645,0,0,4,True,False,True,0.0,0.0
full_coverage_complete,1strowrightgirl3540,2656,0,0,4,True,False,True,0.8780776597528167,0.8780776597528167
full_coverage_complete,1strowrightgirl3540,2657,0,0,2,True,False,True,0.8543061828435992,0.8543061828435992
full_coverage_complete,1strowrightgirl3540,2658,0,0,4,True,False,True,0.6568201333330431,0.6568201333330431
full_coverage_complete,1strowrightgirl3540,2660,0,0,4,True,False,True,0.0,0.0
full_coverage_complete,1strowrightgirl3540,2661,0,0,4,True,False,True,0.40246645330643255,0.40246645330643255
full_coverage_complete,1strowrightgirl3540,2662,0,0,5,True,False,True,0.4721846997706284,0.4721846997706284
full_coverage_complete,1strowrightgirl3540,2663,0,0,4,True,False,True,0.7843929352842604,0.7843929352842604
full_coverage_complete,1strowrightgirl3540,2664,0,0,2,True,False,True,0.7815917301514208,0.7815917301514208
full_coverage_complete,1strowrightgirl3540,2665,0,0,2,True,False,True,0.8242121693590968,0.8242121693590968
full_coverage_complete,1strowrightgirl3540,2666,0,0,4,True,False,True,0.8184128242658472,0.8184128242658472
full_coverage_complete,1strowrightgirl3540,2667,0,0,2,True,False,True,0.0,0.0
full_coverage_complete,1strowrightgirl3540,2668,0,0,1,True,False,True,0.0,0.0
full_coverage_complete,1strowrightgirl3540,2669,0,0,4,True,False,True,0.0,0.0
full_coverage_complete,1strowrightgirl3540,2670,0,0,4,True,False,True,0.0,0.0
full_coverage_complete,1strowrightgirl3540,2671,0,0,6,True,False,True,0.7537176918258477,0.7537176918258477
full_coverage_complete,1strowrightgirl3540,2672,0,0,5,True,False,True,0.5853535896155903,0.5853535896155903
full_coverage_complete,1strowrightgirl3540,2673,0,0,2,True,False,True,0.3942219882300727,0.3942219882300727
full_coverage_complete,1strowrightgirl3540,2674,0,0,5,True,False,True,0.3811087739352795,0.3811087739352795
full_coverage_complete,1strowrightgirl3540,2675,0,0,5,True,False,True,0.4042702883410859,0.04547279922487329
full_coverage_complete,1strowrightgirl3540,2676,0,0,4,True,False,True,0.0,0.0
full_coverage_complete,1strowrightgirl3540,2677,0,0,4,True,False,True,0.0,0.0
full_coverage_complete,1strowrightgirl3540,2678,4,0,4,True,False,True,0.0,0.0
full_coverage_complete,1strowrightgirl3540,2679,0,0,2,True,False,True,0.0,0.0
full_coverage_complete,1strowrightgirl3540,2680,0,1,4,True,False,True,0.0,0.0
full_coverage_complete,1strowrightgirl3540,2688,0,0,4,True,False,True,0.0,0.0
full_coverage_complete,1strowrightgirl3540,2689,0,0,4,True,False,True,0.0,0.0
full_coverage_complete,1strowrightgirl3540,2690,0,0,4,True,False,True,0.0,0.0
full_coverage_complete,1strowrightgirl3540,2691,4,0,4,True,False,True,0.0,0.0
full_coverage_complete,1strowrightgirl3540,2692,0,0,5,True,False,True,0.0,0.0
full_coverage_complete,1strowrightgirl3540,2693,0,0,2,True,False,True,0.0,0.0
full_coverage_complete,1strowrightgirl3540,2694,0,0,2,True,False,True,0.0,0.0
full_coverage_complete,1strowrightgirl3540,2695,0,0,2,True,False,True,0.0,0.0
full_coverage_complete,1strowrightgirl3540,2697,0,0,4,True,False,True,0.0,0.0
full_coverage_complete,1strowrightgirl3540,2699,0,0,4,True,False,True,0.0,0.0
full_coverage_complete,1strowrightgirl3540,2700,0,0,4,True,False,True,0.0,0.0
full_coverage_complete,1strowrightgirl3540,2702,0,0,4,True,False,True,0.0,0.0
full_coverage_complete,1strowrightgirl3540,2703,0,0,2,True,False,True,0.0,0.0
full_coverage_complete,1strowrightgirl3540,2704,0,0,4,True,False,True,0.0,0.0
full_coverage_complete,1strowrightgirl3540,2707,0,0,4,True,False,True,0.0,0.0
full_coverage_complete,1strowrightgirl3540,2708,0,0,4,True,False,True,0.0,0.0
full_coverage_complete,1strowrightgirl3540,2709,0,0,2,True,False,True,0.0,0.0
full_coverage_complete,1strowrightgirl3540,2710,0,2,2,True,False,True,0.0,0.0
full_coverage_complete,1strowrightgirl3540,2711,0,0,1,True,False,True,0.0,0.0
full_coverage_complete,1strowrightgirl3540,2712,0,0,2,True,False,True,0.0,0.0
full_coverage_complete,1strowrightgirl3540,2713,0,0,4,True,False,True,0.0,0.0
full_coverage_complete,1strowrightgirl3540,2716,0,1,2,True,False,True,0.0,0.0
full_coverage_complete,1strowrightgirl3540,2717,5,0,5,True,False,True,0.0,0.0
full_coverage_complete,1strowrightgirl3540,2718,0,0,5,True,False,True,0.0,0.0
full_coverage_complete,1strowrightgirl3540,2719,0,0,5,True,False,True,0.0,0.0
full_coverage_complete,1strowrightgirl3540,2720,0,0,2,True,False,True,0.0,0.5884479082837514
full_coverage_complete,1strowrightgirl3540,2723,0,0,2,True,False,True,0.7767776216720031,0.7767776216720031
full_coverage_complete,1strowrightgirl3540,2724,0,0,4,True,False,True,0.9059505630063152,0.0
full_coverage_complete,1strowrightgirl3540,2726,0,0,5,True,False,True,0.9095164127582189,0.9095164127582189
full_coverage_complete,1strowrightgirl3540,2728,0,0,2,True,False,True,0.8605997159030561,0.8605997159030561
full_coverage_complete,1strowrightgirl3540,2731,0,0,2,True,False,True,0.8745488461558593,0.8745488461558593
full_coverage_complete,1strowrightgirl3540,2732,0,0,4,True,False,True,0.9201168401772588,0.9201168401772588
full_coverage_complete,1strowrightgirl3540,2733,0,1,4,True,False,True,0.9102061929329922,0.0
full_coverage_complete,1strowrightgirl3540,2735,0,0,2,True,False,True,0.713551562960654,0.713551562960654
full_coverage_complete,1strowrightgirl3540,2736,0,0,4,True,False,True,0.6841366627097873,0.6841366627097873
full_coverage_complete,1strowrightgirl3540,2737,0,0,4,True,False,True,0.0,0.0
full_coverage_complete,1strowrightgirl3540,2738,4,0,4,True,False,True,0.0,0.0
full_coverage_complete,1strowrightgirl3540,2740,0,0,2,True,False,True,0.0,0.0
full_coverage_complete,1strowrightgirl3540,2741,0,0,2,True,False,True,0.0,0.0
full_coverage_complete,1strowrightgirl3540,2742,0,0,2,True,False,True,0.7872865924009943,0.7872865924009943
full_coverage_complete,1strowrightgirl3540,2743,0,0,5,True,False,True,0.7858956101685429,0.7858956101685429
full_coverage_complete,1strowrightgirl3540,2744,0,0,2,True,False,True,0.6519704452863995,0.6519704452863995
full_coverage_complete,1strowrightgirl3540,2745,0,0,4,True,False,True,0.8260424725001169,0.8260424725001169
full_coverage_complete,1strowrightgirl3540,2746,0,0,4,True,False,True,0.8406423566751247,0.8406423566751247
full_coverage_complete,1strowrightgirl3540,2747,0,0,4,True,False,True,0.7945775461385789,0.7945775461385789
full_coverage_complete,1strowrightgirl3540,2748,0,1,4,True,False,True,0.7180993947042598,0.0
full_coverage_complete,1strowrightgirl3540,2749,0,0,6,True,False,True,0.8183502622692527,0.8183502622692527
full_coverage_complete,1strowrightgirl3540,2750,0,0,5,True,False,True,0.0,0.0
full_coverage_complete,1strowrightgirl3540,2754,0,0,4,True,False,True,0.20997672175538307,0.20997672175538307
full_coverage_complete,1strowrightgirl3540,2755,0,0,2,True,False,True,0.29774435905895097,0.29774435905895097
full_coverage_complete,1strowrightgirl3540,2759,0,0,2,True,False,True,0.8303025463453769,0.8303025463453769
full_coverage_complete,1strowrightgirl3540,2760,0,0,4,True,False,True,0.8156758651690315,0.8156758651690315
full_coverage_complete,1strowrightgirl3540,2761,0,0,2,True,False,True,0.005167600728042902,0.005167600728042902
full_coverage_complete,1strowrightgirl3540,2762,0,0,6,True,False,True,0.7635353877410075,0.7635353877410075
full_coverage_complete,1strowrightgirl3540,2763,0,0,5,True,False,True,0.0,0.0
full_coverage_complete,1strowrightgirl3540,2764,1,0,1,True,False,True,0.0,0.7389608343477037
full_coverage_complete,1strowrightgirl3540,2765,0,0,5,True,False,True,0.0055603377152997355,0.0055603377152997355
full_coverage_complete,1strowrightgirl3540,2767,0,0,4,True,False,True,0.0,0.0
full_coverage_complete,1strowrightgirl3540,2768,0,0,4,True,False,True,0.7513997332957584,0.7513997332957584
full_coverage_complete,1strowrightgirl3540,2769,0,0,4,True,False,True,0.8134316252099785,0.8134316252099785
full_coverage_complete,1strowrightgirl3540,2770,0,0,4,True,False,True,0.7809445106985464,0.7809445106985464
full_coverage_complete,1strowrightgirl3540,2771,0,0,4,True,False,True,0.7937753809470982,0.7937753809470982
full_coverage_complete,1strowrightgirl3540,2772,0,0,2,True,False,True,0.7575583833091131,0.7575583833091131
full_coverage_complete,1strowrightgirl3540,2773,4,0,4,True,False,True,0.7520328123227219,0.0
full_coverage_complete,1strowrightgirl3540,2774,0,0,5,True,False,True,0.0,0.0
full_coverage_complete,1strowrightgirl3540,2775,0,0,2,True,False,True,0.0,0.0
full_coverage_complete,1strowrightgirl3540,2776,0,0,2,True,False,True,0.0,0.0
full_coverage_complete,1strowrightgirl3540,2777,0,0,2,True,False,True,0.0,0.0
full_coverage_complete,1strowrightgirl3540,2778,0,0,2,True,False,True,0.0,0.0
full_coverage_complete,1strowrightgirl3540,2779,0,0,2,True,False,True,0.0,0.0
full_coverage_complete,1strowrightgirl3540,2780,0,0,2,True,False,True,0.0,0.0
full_coverage_complete,1strowrightgirl3540,2781,0,0,2,True,False,True,0.7085803498377666,0.7085803498377666
full_coverage_complete,1strowrightgirl3540,2786,0,0,2,True,False,True,0.0,0.0
full_coverage_complete,1strowrightgirl3540,2787,0,0,4,True,False,True,0.0,0.0
full_coverage_complete,1strowrightgirl3540,2788,0,0,2,True,False,True,0.791274936954549,0.791274936954549
full_coverage_complete,1strowrightgirl3540,2793,0,0,5,True,False,True,0.0,0.0
full_coverage_complete,1strowrightgirl3540,2794,0,0,1,True,False,True,0.0,0.0
full_coverage_complete,1strowrightgirl3540,2796,0,0,5,True,False,True,0.777667888548,0.777667888548
full_coverage_complete,1strowrightgirl3540,2797,0,0,5,True,False,True,0.8249973190421789,0.8249973190421789
full_coverage_complete,1strowrightgirl3540,2798,0,0,2,True,False,True,0.8235288439880609,0.8235288439880609
full_coverage_complete,1strowrightgirl3540,2799,0,0,4,True,False,True,0.7829487868636421,0.7829487868636421
full_coverage_complete,1strowrightgirl3540,2800,0,0,4,True,False,True,0.7163615872589423,0.7163615872589423
full_coverage_complete,1strowrightgirl3540,2801,0,0,2,True,False,True,0.0,0.0
full_coverage_complete,1strowrightgirl3540,2803,0,0,2,True,False,True,0.7216555420341527,0.7216555420341527
full_coverage_complete,1strowrightgirl3540,2804,0,0,2,True,False,True,0.0,0.0
full_coverage_complete,1strowrightgirl3540,2817,0,0,4,True,False,True,0.5237508808722756,0.5237508808722756
full_coverage_complete,1strowrightgirl3540,2818,0,0,4,True,False,True,0.6042727296900795,0.6042727296900795
full_coverage_complete,1strowrightgirl3540,2819,0,0,2,True,False,True,0.644113842301353,0.644113842301353
full_coverage_complete,1strowrightgirl3540,2820,0,0,2,True,False,True,0.7259842066066813,0.7259842066066813
full_coverage_complete,1strowrightgirl3540,2822,0,0,2,True,False,True,0.8007735195455647,0.8007735195455647
full_coverage_complete,1strowrightgirl3540,2823,0,0,2,True,False,True,0.7626991940242517,0.7626991940242517
full_coverage_complete,1strowrightgirl3540,2824,0,0,2,True,False,True,0.5368287481152548,0.5368287481152548
full_coverage_complete,1strowrightgirl3540,2825,0,0,2,True,False,True,0.6092092230372125,0.6092092230372125
full_coverage_complete,1strowrightgirl3540,2826,0,0,2,True,False,True,0.753512478381249,0.753512478381249
full_coverage_complete,1strowrightgirl3540,2827,0,0,2,True,False,True,0.7797733374176842,0.7797733374176842
full_coverage_complete,1strowrightgirl3540,2829,0,0,2,True,False,True,0.8405814308190039,0.8405814308190039
full_coverage_complete,1strowrightgirl3540,2830,0,0,2,True,False,True,0.8105759591718407,0.8105759591718407
full_coverage_complete,1strowrightgirl3540,2847,2,0,2,True,False,True,0.7778168396313514,0.2903356675916908
full_coverage_complete,1strowrightgirl3540,2850,0,0,4,True,False,True,0.18388925287347163,0.18388925287347163
full_coverage_complete,1strowrightgirl3540,2851,0,0,4,True,False,True,0.4725016205379925,0.4725016205379925
full_coverage_complete,1strowrightgirl3540,2852,0,0,5,True,False,True,0.5773457907373215,0.5773457907373215
full_coverage_complete,1strowrightgirl3540,2853,0,0,5,True,False,True,0.7347462817386581,0.7347462817386581
full_coverage_complete,1strowrightgirl3540,2854,0,0,5,True,False,True,0.6560182100837404,0.6560182100837404
full_coverage_complete,1strowrightgirl3540,2855,0,0,2,True,False,True,0.760291468296754,0.760291468296754
full_coverage_complete,1strowrightgirl3540,2856,0,0,4,True,False,True,0.4816271181530714,0.4816271181530714
full_coverage_complete,1strowrightgirl3540,2857,0,0,4,True,False,True,0.05290374490918021,0.05290374490918021
full_coverage_complete,1strowrightgirl3540,2859,0,0,4,True,False,True,0.0,0.0
full_coverage_complete,1strowrightgirl3540,2860,0,0,4,True,False,True,0.03754212935260944,0.03754212935260944
full_coverage_complete,1strowrightgirl3540,2866,0,0,2,True,False,True,0.7430283941119602,0.7430283941119602
full_coverage_complete,1strowrightgirl3540,2867,0,0,2,True,False,True,0.7282526011641499,0.7282526011641499
full_coverage_complete,1strowrightgirl3540,2868,0,0,2,True,False,True,0.6836617018381789,0.6836617018381789
full_coverage_complete,1strowrightgirl3540,2869,0,0,2,True,False,True,0.6855023135994212,0.6855023135994212
full_coverage_complete,1strowrightgirl3540,2880,0,0,2,True,False,True,0.8825306666906262,0.8825306666906262
full_coverage_complete,1strowrightgirl3540,2882,0,0,2,True,False,True,0.8003100845890974,0.8003100845890974
full_coverage_complete,1strowrightgirl3540,2883,0,0,2,True,False,True,0.7484634057644047,0.7484634057644047
full_coverage_complete,1strowrightgirl3540,2884,0,0,4,True,False,True,0.7747579088462903,0.7747579088462903
full_coverage_complete,1strowrightgirl3540,2889,0,0,2,True,False,True,0.7218061584375113,0.7218061584375113
full_coverage_complete,1strowrightgirl3540,2892,0,0,4,True,False,True,0.7327867866154694,0.7327867866154694
full_coverage_complete,1strowrightgirl3540,2893,0,0,5,True,False,True,0.6022683460197865,0.6022683460197865
full_coverage_complete,1strowrightgirl3540,2894,0,0,2,True,False,True,0.6741586696264488,0.6741586696264488
full_coverage_complete,1strowrightgirl3540,2895,0,0,2,True,False,True,0.6805941345238987,0.6805941345238987
full_coverage_complete,1strowrightgirl3540,2898,0,0,2,True,False,True,0.7003552581300608,0.7003552581300608
full_coverage_complete,1strowrightgirl3540,2899,0,0,4,True,False,True,0.0386927109222559,0.0386927109222559
full_coverage_complete,1strowrightgirl3540,2900,0,0,4,True,False,True,0.582606721382493,0.582606721382493
full_coverage_complete,1strowrightgirl3540,2903,5,0,5,True,False,True,0.8604219498198157,0.9383907334546285
full_coverage_complete,1strowrightgirl3540,2904,0,0,2,True,False,True,0.8724485563015126,0.8724485563015126
full_coverage_complete,1strowrightgirl3540,2906,0,0,4,True,False,True,0.8593415184165223,0.8593415184165223
full_coverage_complete,1strowrightgirl3540,2907,0,0,4,True,False,True,0.7997122028480977,0.7997122028480977
full_coverage_complete,1strowrightgirl3540,2908,0,0,4,True,False,True,0.5755529988187653,0.5755529988187653
full_coverage_complete,1strowrightgirl3540,2909,0,0,4,True,False,True,0.07430039087811215,0.07430039087811215
full_coverage_complete,1strowrightgirl3540,2910,0,0,4,True,False,True,0.005725565758811803,0.005725565758811803
full_coverage_complete,1strowrightgirl3540,2911,0,0,4,True,False,True,0.0,0.0
full_coverage_complete,1strowrightgirl3540,2912,0,0,4,True,False,True,0.2548050596754391,0.2548050596754391
full_coverage_complete,1strowrightgirl3540,2913,5,0,5,True,False,True,0.7619483304112709,0.736761798009737
full_coverage_complete,1strowrightgirl3540,2914,0,0,2,True,False,True,0.7930699257524141,0.7930699257524141
full_coverage_complete,1strowrightgirl3540,2916,0,0,4,True,False,True,0.7157352000714357,0.7157352000714357
full_coverage_complete,1strowrightgirl3540,2917,4,1,4,True,False,True,0.7488306263455151,0.7390568834900954
full_coverage_complete,1strowrightgirl3540,2918,0,0,2,True,False,True,0.8176649047323643,0.8176649047323643
full_coverage_complete,1strowrightgirl3540,2919,0,1,2,True,False,True,0.7618230291865119,0.0
full_coverage_complete,1strowrightgirl3540,2920,0,0,1,True,False,True,0.0,0.0
full_coverage_complete,1strowrightgirl3540,2921,0,1,2,True,False,True,0.0,0.5695289521395005
full_coverage_complete,1strowrightgirl3540,2922,0,0,5,True,False,True,0.7468132160617444,0.7468132160617444
full_coverage_complete,1strowrightgirl3540,2923,0,0,2,True,False,True,0.7706417948841463,0.0
full_coverage_complete,1strowrightgirl3540,2924,0,0,1,True,False,True,0.0,0.0
full_coverage_complete,1strowrightgirl3540,2925,0,0,4,True,False,True,0.0,0.0
full_coverage_complete,1strowrightgirl3540,2926,0,0,4,True,False,True,0.0,0.0
full_coverage_complete,1strowrightgirl3540,2927,0,0,2,True,False,True,0.0,0.0
full_coverage_complete,1strowrightgirl3540,2928,4,0,4,True,False,True,0.0,0.0
full_coverage_complete,1strowrightgirl3540,2929,0,0,4,True,False,True,0.0,0.0
full_coverage_complete,1strowrightgirl3540,2930,0,0,4,True,False,True,0.0,0.0
full_coverage_complete,1strowrightgirl3540,2931,0,0,4,True,False,True,0.0,0.0
full_coverage_complete,1strowrightgirl3540,2932,0,0,2,True,False,True,0.0,0.0
full_coverage_complete,1strowrightgirl3540,2933,0,0,4,True,False,True,0.0,0.0
full_coverage_complete,1strowrightgirl3540,2934,0,0,2,True,False,True,0.0,0.0
full_coverage_complete,1strowrightgirl3540,2935,0,2,4,True,False,True,0.0,0.6016771667145735
full_coverage_complete,1strowrightgirl3540,2936,0,0,5,True,False,True,0.31177372787246815,0.31177372787246815
full_coverage_complete,1strowrightgirl3540,2937,0,0,4,True,False,True,0.09611186727458072,0.09611186727458072
full_coverage_complete,1strowrightgirl3540,2938,0,0,4,True,False,True,0.09109905999720962,0.09109905999720962
full_coverage_complete,1strowrightgirl3540,2939,0,0,4,True,False,True,0.49541665635382925,0.49541665635382925
full_coverage_complete,1strowrightgirl3540,2940,0,0,5,True,False,True,0.640051479030285,0.640051479030285
full_coverage_complete,1strowrightgirl3540,2941,0,0,5,True,False,True,0.6444518357722994,0.6444518357722994
full_coverage_complete,1strowrightgirl3540,2942,0,0,4,True,False,True,0.6041291137189154,0.6041291137189154
full_coverage_complete,1strowrightgirl3540,2943,4,0,4,True,False,True,0.673827376514971,0.728413119219942
full_coverage_complete,1strowrightgirl3540,2946,0,0,2,True,False,True,0.023393929929539144,0.023393929929539144
full_coverage_complete,1strowrightgirl3540,2947,0,0,5,True,False,True,0.04369736098343349,0.04369736098343349
full_coverage_complete,1strowrightgirl3540,2949,0,0,4,True,False,True,0.0,0.0
full_coverage_complete,1strowrightgirl3540,2950,0,0,4,True,False,True,0.7222954845256477,0.7222954845256477
full_coverage_complete,1strowrightgirl3540,2951,0,0,4,True,False,True,0.049544076726838554,0.049544076726838554
full_coverage_complete,1strowrightgirl3540,2952,0,0,4,True,False,True,0.05020784732738173,0.05020784732738173
full_coverage_complete,1strowrightgirl3540,2953,0,0,4,True,False,True,0.2897642103689192,0.2897642103689192
full_coverage_complete,1strowrightgirl3540,2954,5,0,5,True,False,True,0.7779516119471039,0.46070695769369163
full_coverage_complete,1strowrightgirl3540,2955,0,0,4,True,False,True,0.33441093619634793,0.33441093619634793
full_coverage_complete,1strowrightgirl3540,2956,0,0,5,True,False,True,0.8424429529841944,0.8424429529841944
full_coverage_complete,1strowrightgirl3540,2957,0,0,4,True,False,True,0.23962217978836753,0.23962217978836753
full_coverage_complete,1strowrightgirl3540,2958,0,0,4,True,False,True,0.878356649514363,0.878356649514363
full_coverage_complete,1strowrightgirl3540,2959,0,0,5,True,False,True,0.64314106023992,0.64314106023992
full_coverage_complete,1strowrightgirl3540,2960,0,0,4,True,False,True,0.6738464178160696,0.6738464178160696
full_coverage_complete,1strowrightgirl3540,2961,0,0,4,True,False,True,0.6575810051727177,0.6575810051727177
full_coverage_complete,1strowrightgirl3540,2963,0,0,4,True,False,True,0.7633606212455484,0.7633606212455484
full_coverage_complete,1strowrightgirl3540,2964,0,0,4,True,False,True,0.07776981554336793,0.07776981554336793
full_coverage_complete,1strowrightgirl3540,2965,0,0,4,True,False,True,0.059179359444214354,0.059179359444214354
full_coverage_complete,1strowrightgirl3540,2966,0,0,4,True,False,True,0.416913225949874,0.416913225949874
full_coverage_complete,1strowrightgirl3540,2967,0,0,4,True,False,True,0.6992778733811117,0.6992778733811117
full_coverage_complete,1strowrightgirl3540,2971,0,0,4,True,False,True,0.1764877307665193,0.1764877307665193
full_coverage_complete,1strowrightgirl3540,2972,0,1,4,True,False,True,0.2252243870850433,0.0
full_coverage_complete,1strowrightgirl3540,2973,0,0,4,True,False,True,0.0,0.0
full_coverage_complete,1strowrightgirl3540,2974,0,0,4,True,False,True,0.0,0.0
full_coverage_complete,1strowrightgirl3540,2975,0,0,4,True,False,True,0.0,0.0
full_coverage_complete,1strowrightgirl3540,2976,0,0,2,True,False,True,0.0,0.0
full_coverage_complete,1strowrightgirl3540,2977,1,0,1,True,False,True,0.20474533882618107,0.6142745052929558
full_coverage_complete,1strowrightgirl3540,2978,0,0,5,True,False,True,0.8001579032953707,0.8001579032953707
full_coverage_complete,1strowrightgirl3540,2979,0,0,5,True,False,True,0.43666814791911135,0.43666814791911135
full_coverage_complete,1strowrightgirl3540,2980,0,0,4,True,False,True,0.3625744440224378,0.3625744440224378
full_coverage_complete,1strowrightgirl3540,2981,0,1,4,True,False,True,0.7087302613548787,0.7087302613548787
full_coverage_complete,1strowrightgirl3540,2982,5,1,5,True,False,True,0.6103237325126584,0.0
full_coverage_complete,1strowrightgirl3540,2983,0,0,4,True,False,True,0.0,0.0
full_coverage_complete,1strowrightgirl3540,2984,0,0,4,True,False,True,0.0,0.0
full_coverage_complete,1strowrightgirl3540,2985,0,0,4,True,False,True,0.0,0.0
full_coverage_complete,1strowrightgirl3540,2986,0,0,4,True,False,True,0.0,0.0
full_coverage_complete,1strowrightgirl3540,2987,0,2,4,True,False,True,0.0,0.5960440014030456
full_coverage_complete,1strowrightgirl3540,2988,0,0,5,True,False,True,0.542164883358748,0.542164883358748
full_coverage_complete,1strowrightgirl3540,2989,0,0,4,True,False,True,0.2721510604781817,0.2721510604781817
full_coverage_complete,1strowrightgirl3540,2990,0,0,4,True,False,True,0.21752297803526685,0.21752297803526685
full_coverage_complete,1strowrightgirl3540,2991,0,0,4,True,False,True,0.0,0.0
full_coverage_complete,1strowrightgirl3540,2992,0,0,4,True,False,True,0.16676308144570567,0.16676308144570567
full_coverage_complete,1strowrightgirl3540,2993,0,0,2,True,False,True,0.6532343151360585,0.6532343151360585
full_coverage_complete,1strowrightgirl3540,2994,0,0,5,True,False,True,0.6856676494094097,0.6856676494094097
full_coverage_complete,1strowrightgirl3540,2995,0,0,4,True,False,True,0.7924000913998722,0.7924000913998722
full_coverage_complete,1strowrightgirl3540,2996,4,0,4,True,False,True,0.7686698637506912,0.0
full_coverage_complete,1strowrightgirl3540,2997,0,0,5,True,False,True,0.0,0.0
full_coverage_complete,1strowrightgirl3540,2998,0,0,5,True,False,True,0.0,0.0
full_coverage_complete,1strowrightgirl3540,2999,0,0,2,True,False,True,0.0,0.0
full_coverage_complete,1strowrightgirl3540,3001,0,0,2,True,False,True,0.0,0.0
full_coverage_complete,1strowrightgirl3540,3002,0,0,2,True,False,True,0.0,0.0
full_coverage_complete,1strowrightgirl3540,3003,0,0,2,True,False,True,0.0,0.0
full_coverage_complete,1strowrightgirl3540,3005,0,0,2,True,False,True,0.0,0.0
full_coverage_complete,1strowrightgirl3540,3006,0,0,4,True,False,True,0.0,0.0
full_coverage_complete,1strowrightgirl3540,3007,0,0,4,True,False,True,0.0,0.0
full_coverage_complete,1strowrightgirl3540,3008,0,0,4,True,False,True,0.0,0.0
full_coverage_complete,1strowrightgirl3540,3009,0,0,2,True,False,True,0.0,0.0
full_coverage_complete,1strowrightgirl3540,3010,0,0,5,True,False,True,0.0,0.0
full_coverage_complete,1strowrightgirl3540,3011,5,0,5,True,False,True,0.0,0.0
full_coverage_complete,1strowrightgirl3540,3012,4,3,4,True,False,True,0.0,0.0
full_coverage_complete,1strowrightgirl3540,3013,0,0,5,True,False,True,0.0,0.0
full_coverage_complete,1strowrightgirl3540,3014,0,0,5,True,False,True,0.0,0.0
full_coverage_complete,1strowrightgirl3540,3015,0,0,5,True,False,True,0.0,0.0
full_coverage_complete,1strowrightgirl3540,3016,0,0,2,True,False,True,0.0,0.0
full_coverage_complete,1strowrightgirl3540,3018,0,0,4,True,False,True,0.0,0.0
full_coverage_complete,1strowrightgirl3540,3019,5,0,5,True,False,True,0.0,0.0
full_coverage_complete,1strowrightgirl3540,3020,0,0,4,True,False,True,0.0,0.0
full_coverage_complete,1strowrightgirl3540,3021,0,1,4,True,False,True,0.0,0.0
full_coverage_complete,1strowrightgirl3540,3023,0,0,2,True,False,True,0.0,0.0
full_coverage_complete,1strowrightgirl3540,3024,0,0,4,True,False,True,0.0,0.0
full_coverage_complete,1strowrightgirl3540,3025,0,0,4,True,False,True,0.0,0.0
full_coverage_complete,1strowrightgirl3540,3026,0,0,2,True,False,True,0.0,0.0
full_coverage_complete,1strowrightgirl3540,3027,0,0,2,True,False,True,0.0,0.0
full_coverage_complete,1strowrightgirl3540,3028,0,0,4,True,False,True,0.0,0.0
full_coverage_complete,1strowrightgirl3540,3029,0,0,2,True,False,True,0.0,0.0
full_coverage_complete,1strowrightgirl3540,3030,0,0,2,True,False,True,0.0,0.0
full_coverage_complete,1strowrightgirl3540,3032,0,0,4,True,False,True,0.0,0.0
full_coverage_complete,1strowrightgirl3540,3033,0,0,2,True,False,True,0.0,0.0
full_coverage_complete,1strowrightgirl3540,3034,0,0,4,True,False,True,0.0,0.0
full_coverage_complete,1strowrightgirl3540,3035,0,0,2,True,False,True,0.0,0.0
full_coverage_complete,1strowrightgirl3540,3036,0,0,2,True,False,True,0.0,0.0
full_coverage_complete,1strowrightgirl3540,3037,0,0,2,True,False,True,0.0,0.0
full_coverage_complete,1strowrightgirl3540,3038,0,0,2,True,False,True,0.0,0.0
full_coverage_complete,1strowrightgirl3540,3039,0,0,5,True,False,True,0.0,0.0
full_coverage_complete,1strowrightgirl3540,3040,0,0,5,True,False,True,0.0,0.0
full_coverage_complete,1strowrightgirl3540,3041,0,0,4,True,False,True,0.0,0.0
full_coverage_complete,1strowrightgirl3540,3042,0,0,4,True,False,True,0.0,0.0
full_coverage_complete,1strowrightgirl3540,3043,0,0,4,True,False,True,0.0,0.0
full_coverage_complete,1strowrightgirl3540,3044,0,0,5,True,False,True,0.0,0.0
full_coverage_complete,1strowrightgirl3540,3045,0,0,4,True,False,True,0.0,0.0
full_coverage_complete,1strowrightgirl3540,3046,0,0,4,True,False,True,0.0,0.0
full_coverage_complete,1strowrightgirl3540,3047,0,0,4,True,False,True,0.0,0.0
full_coverage_complete,1strowrightgirl3540,3048,5,2,5,True,False,True,0.0,0.0
full_coverage_complete,1strowrightgirl3540,3049,6,0,6,True,False,True,0.0,0.0
full_coverage_complete,1strowrightgirl3540,3050,0,0,1,True,False,True,0.0,0.0
full_coverage_complete,1strowrightgirl3540,3051,4,0,4,True,False,True,0.0,0.0
full_coverage_complete,1strowrightgirl3540,3052,5,1,5,True,False,True,0.0,0.0
full_coverage_complete,1strowrightgirl3540,3053,0,1,2,True,False,True,0.0,0.0
full_coverage_complete,1strowrightgirl3540,3054,4,0,4,True,False,True,0.0,0.0
full_coverage_complete,1strowrightgirl3540,3055,0,0,2,True,False,True,0.0,0.0
full_coverage_complete,1strowrightgirl3540,3056,0,1,4,True,False,True,0.0,0.0
full_coverage_complete,1strowrightgirl3540,3057,0,0,4,True,False,True,0.0,0.0
full_coverage_complete,1strowrightgirl3540,3058,0,0,4,True,False,True,0.0,0.0
full_coverage_complete,1strowrightgirl3540,3059,0,0,4,True,False,True,0.0,0.0
full_coverage_complete,1strowrightgirl3540,3060,0,0,4,True,False,True,0.0,0.0
full_coverage_complete,1strowrightgirl3540,3061,5,0,5,True,False,True,0.0,0.0
full_coverage_complete,1strowrightgirl3540,3062,0,0,5,True,False,True,0.0,0.0
full_coverage_complete,1strowrightgirl3540,3063,0,0,4,True,False,True,0.0,0.0
full_coverage_complete,1strowrightgirl3540,3064,0,0,5,True,False,True,0.0,0.0
full_coverage_complete,1strowrightgirl3540,3065,0,0,4,True,False,True,0.0,0.0
full_coverage_complete,1strowrightgirl3540,3066,0,0,4,True,False,True,0.0,0.0
full_coverage_complete,1strowrightgirl3540,3067,0,0,4,True,False,True,0.0,0.0
full_coverage_complete,1strowrightgirl3540,3068,0,0,4,True,False,True,0.0,0.0
full_coverage_complete,1strowrightgirl3540,3069,0,0,4,True,False,True,0.0,0.0
full_coverage_complete,1strowrightgirl3540,3070,0,0,2,True,False,True,0.09915165315858027,0.09915165315858027
full_coverage_complete,1strowrightgirl3540,3071,0,0,4,True,False,True,0.41572896153958083,0.41572896153958083
full_coverage_complete,1strowrightgirl3540,3072,0,0,4,True,False,True,0.6930966418826342,0.6930966418826342
full_coverage_complete,1strowrightgirl3540,3078,0,0,4,True,False,True,0.13235361835257534,0.13235361835257534
full_coverage_complete,1strowrightgirl3540,3079,0,0,4,True,False,True,0.7806668046979608,0.7806668046979608
full_coverage_complete,1strowrightgirl3540,3080,0,0,5,True,False,True,0.7808415737826169,0.7808415737826169
full_coverage_complete,1strowrightgirl3540,3081,4,0,4,True,False,True,0.819445532083146,0.0
full_coverage_complete,1strowrightgirl3540,3082,0,0,5,True,False,True,0.0,0.0
full_coverage_complete,1strowrightgirl3540,3083,0,0,5,True,False,True,0.0,0.0
full_coverage_complete,1strowrightgirl3540,3084,0,0,4,True,False,True,0.0,0.0
full_coverage_complete,1strowrightgirl3540,3085,0,0,2,True,False,True,0.0,0.0
full_coverage_complete,1strowrightgirl3540,3086,0,0,2,True,False,True,0.0,0.0
full_coverage_complete,1strowrightgirl3540,3087,0,0,4,True,False,True,0.0,0.0
full_coverage_complete,1strowrightgirl3540,3088,0,0,5,True,False,True,0.0,0.0
full_coverage_complete,1strowrightgirl3540,3089,0,0,4,True,False,True,0.0,0.0
full_coverage_complete,1strowrightgirl3540,3090,0,0,5,True,False,True,0.0,0.0
full_coverage_complete,1strowrightgirl3540,3091,0,0,4,True,False,True,0.0,0.0
full_coverage_complete,1strowrightgirl3540,3092,0,0,2,True,False,True,0.0,0.0
full_coverage_complete,1strowrightgirl3540,3093,4,0,4,True,False,True,0.0,0.0
full_coverage_complete,1strowrightgirl3540,3094,0,0,5,True,False,True,0.0,0.0
full_coverage_complete,1strowrightgirl3540,3095,0,0,5,True,False,True,0.0,0.0
full_coverage_complete,1strowrightgirl3540,3097,0,0,5,True,False,True,0.0,0.0
full_coverage_complete,1strowrightgirl3540,3098,0,0,2,True,False,True,0.0,0.0
full_coverage_complete,1strowrightgirl3540,3099,0,1,4,True,False,True,0.0,0.0
full_coverage_complete,1strowrightgirl3540,3102,0,0,2,True,False,True,0.0,0.0
full_coverage_complete,1strowrightgirl3540,3103,0,0,4,True,False,True,0.0,0.0
full_coverage_complete,1strowrightgirl3540,3105,0,0,4,True,False,True,0.0,0.0
full_coverage_complete,1strowrightgirl3540,3106,0,0,4,True,False,True,0.0,0.0
full_coverage_complete,1strowrightgirl3540,3107,0,0,5,True,False,True,0.0,0.0
full_coverage_complete,1strowrightgirl3540,3108,0,0,2,True,False,True,0.0,0.0
full_coverage_complete,1strowrightgirl3540,3109,0,0,4,True,False,True,0.0,0.0
full_coverage_complete,1strowrightgirl3540,3110,0,0,4,True,False,True,0.0,0.0
full_coverage_complete,1strowrightgirl3540,3111,0,0,2,True,False,True,0.0,0.0
full_coverage_complete,1strowrightgirl3540,3112,0,0,2,True,False,True,0.0,0.0
full_coverage_complete,1strowrightgirl3540,3114,0,0,2,True,False,True,0.0,0.0
full_coverage_complete,1strowrightgirl3540,3115,0,0,5,True,False,True,0.0,0.0
full_coverage_complete,1strowrightgirl3540,3116,0,0,5,True,False,True,0.0,0.0
full_coverage_complete,1strowrightgirl3540,3117,0,0,5,True,False,True,0.0,0.0
full_coverage_complete,1strowrightgirl3540,3119,0,0,4,True,False,True,0.0,0.0
full_coverage_complete,1strowrightgirl3540,3120,0,0,4,True,False,True,0.0,0.0
full_coverage_complete,1strowrightgirl3540,3122,0,0,4,True,False,True,0.0,0.0
full_coverage_complete,1strowrightgirl3540,3123,0,0,4,True,False,True,0.0,0.0
full_coverage_complete,1strowrightgirl3540,3124,0,0,4,True,False,True,0.0,0.0
full_coverage_complete,1strowrightgirl3540,3125,0,0,4,True,False,True,0.0,0.0
full_coverage_complete,1strowrightgirl3540,3126,0,0,4,True,False,True,0.0,0.0
full_coverage_complete,1strowrightgirl3540,3127,0,0,5,True,False,True,0.0,0.0
full_coverage_complete,1strowrightgirl3540,3128,0,0,4,True,False,True,0.0,0.0
full_coverage_complete,1strowrightgirl3540,3129,0,0,4,True,False,True,0.0,0.0
full_coverage_complete,1strowrightgirl3540,3130,0,0,4,True,False,True,0.0,0.0
full_coverage_complete,1strowrightgirl3540,3132,0,0,4,True,False,True,0.0,0.0
full_coverage_complete,1strowrightgirl3540,3133,0,0,2,True,False,True,0.0,0.0
full_coverage_complete,1strowrightgirl3540,3134,0,0,4,True,False,True,0.0,0.0
full_coverage_complete,1strowrightgirl3540,3135,0,0,2,True,False,True,0.0,0.0
full_coverage_complete,1strowrightgirl3540,3136,0,0,5,True,False,True,0.0,0.0
full_coverage_complete,1strowrightgirl3540,3137,0,0,2,True,False,True,0.0,0.0
full_coverage_complete,1strowrightgirl3540,3140,0,0,4,True,False,True,0.0,0.0
full_coverage_complete,1strowrightgirl3540,3141,0,0,2,True,False,True,0.0,0.0
full_coverage_complete,1strowrightgirl3540,3142,0,0,2,True,False,True,0.0,0.0
full_coverage_complete,1strowrightgirl3540,3143,0,0,4,True,False,True,0.0,0.0
full_coverage_complete,1strowrightgirl3540,3144,0,0,2,True,False,True,0.0,0.0
full_coverage_complete,1strowrightgirl3540,3145,0,0,5,True,False,True,0.0,0.0
full_coverage_complete,1strowrightgirl3540,3146,0,0,2,True,False,True,0.0,0.0
full_coverage_complete,1strowrightgirl3540,3149,0,0,4,True,False,True,0.0,0.0
full_coverage_complete,1strowrightgirl3540,3150,0,0,2,True,False,True,0.0,0.0
full_coverage_complete,1strowrightgirl3540,3151,0,0,4,True,False,True,0.0,0.0
full_coverage_complete,1strowrightgirl3540,3152,0,0,4,True,False,True,0.0,0.0
full_coverage_complete,1strowrightgirl3540,3153,0,0,4,True,False,True,0.0,0.0
full_coverage_complete,1strowrightgirl3540,3154,0,0,5,True,False,True,0.0,0.0
full_coverage_complete,1strowrightgirl3540,3155,0,0,4,True,False,True,0.0,0.0
full_coverage_complete,1strowrightgirl3540,3156,0,0,2,True,False,True,0.0,0.0
full_coverage_complete,1strowrightgirl3540,3157,0,0,4,True,False,True,0.0,0.0
full_coverage_complete,1strowrightgirl3540,3158,0,0,4,True,False,True,0.0,0.0
full_coverage_complete,1strowrightgirl3540,3159,0,1,4,True,False,True,0.0,0.0
full_coverage_complete,1strowrightgirl3540,3160,0,0,6,True,False,True,0.0,0.0
full_coverage_complete,1strowrightgirl3540,3161,0,0,4,True,False,True,0.0,0.0
full_coverage_complete,1strowrightgirl3540,3163,0,0,4,True,False,True,0.0,0.0
full_coverage_complete,1strowrightgirl3540,3164,4,0,4,True,False,True,0.0,0.0
full_coverage_complete,1strowrightgirl3540,3166,4,0,4,True,False,True,0.0,0.0
full_coverage_complete,1strowrightgirl3540,3167,0,0,5,True,False,True,0.0,0.0
full_coverage_complete,1strowrightgirl3540,3171,0,0,4,True,False,True,0.0,0.0
full_coverage_complete,1strowrightgirl3540,3174,0,0,4,True,False,True,0.0,0.0
full_coverage_complete,1strowrightgirl3540,3176,0,0,2,True,False,True,0.0,0.0
full_coverage_complete,1strowrightgirl3540,3177,0,0,4,True,False,True,0.0,0.0
full_coverage_complete,1strowrightgirl3540,3180,0,0,4,True,False,True,0.0,0.0
full_coverage_complete,1strowrightgirl3540,3187,0,0,4,True,False,True,0.0,0.0
full_coverage_complete,1strowrightgirl3540,3188,0,0,4,True,False,True,0.0,0.0
full_coverage_complete,1strowrightgirl3540,3189,0,0,4,True,False,True,0.0,0.0
full_coverage_complete,1strowrightgirl3540,3190,0,0,4,True,False,True,0.0,0.0
full_coverage_complete,1strowrightgirl3540,3197,0,0,2,True,False,True,0.0,0.0
full_coverage_complete,1strowrightgirl3540,3199,0,0,4,True,False,True,0.0,0.0
full_coverage_complete,1strowrightgirl3540,3201,0,0,4,True,False,True,0.0,0.0
full_coverage_complete,1strowrightgirl3540,3202,0,0,2,True,False,True,0.0,0.0
full_coverage_complete,1strowrightgirl3540,3203,0,0,5,True,False,True,0.0,0.0
full_coverage_complete,1strowrightgirl3540,3204,0,0,4,True,False,True,0.0,0.0
full_coverage_complete,1strowrightgirl3540,3206,0,0,4,True,False,True,0.0,0.0
full_coverage_complete,1strowrightgirl3540,3207,0,0,2,True,False,True,0.0,0.0
full_coverage_complete,1strowrightgirl3540,3208,0,0,4,True,False,True,0.0,0.0
full_coverage_complete,1strowrightgirl3540,3209,0,1,4,True,False,True,0.0,0.0
full_coverage_complete,1strowrightgirl3540,3210,0,0,4,True,False,True,0.0,0.0
full_coverage_complete,1strowrightgirl3540,3211,0,0,4,True,False,True,0.0,0.0
full_coverage_complete,1strowrightgirl3540,3212,0,0,5,True,False,True,0.0,0.0
full_coverage_complete,1strowrightgirl3540,3213,5,0,5,True,False,True,0.0,0.0
full_coverage_complete,1strowrightgirl3540,3214,0,0,4,True,False,True,0.0,0.0
full_coverage_complete,1strowrightgirl3540,3215,0,0,5,True,False,True,0.0,0.0
full_coverage_complete,1strowrightgirl3540,3216,0,0,4,True,False,True,0.0,0.0
full_coverage_complete,1strowrightgirl3540,3217,0,0,5,True,False,True,0.0,0.0
full_coverage_complete,1strowrightgirl3540,3218,0,0,4,True,False,True,0.0,0.0
full_coverage_complete,1strowrightgirl3540,3219,0,0,4,True,False,True,0.0,0.0
full_coverage_complete,1strowrightgirl3540,3220,5,0,5,True,False,True,0.0,0.0
full_coverage_complete,1strowrightgirl3540,3221,0,0,4,True,False,True,0.0,0.0
full_coverage_complete,1strowrightgirl3540,3222,0,0,5,True,False,True,0.0,0.0
full_coverage_complete,1strowrightgirl3540,3223,0,0,5,True,False,True,0.0,0.0
full_coverage_complete,1strowrightgirl3540,3224,4,0,4,True,False,True,0.0,0.0
full_coverage_complete,1strowrightgirl3540,3225,0,0,5,True,False,True,0.0,0.0
full_coverage_complete,1strowrightgirl3540,3226,0,0,4,True,False,True,0.0,0.0
full_coverage_complete,1strowrightgirl3540,3227,0,0,4,True,False,True,0.0,0.0
full_coverage_complete,1strowrightgirl3540,3228,0,0,5,True,False,True,0.0,0.0
full_coverage_complete,1strowrightgirl3540,3229,0,0,5,True,False,True,0.0,0.0
full_coverage_complete,1strowrightgirl3540,3230,0,0,2,True,False,True,0.0,0.0
full_coverage_complete,1strowrightgirl3540,3231,0,0,4,True,False,True,0.0,0.0
full_coverage_complete,1strowrightgirl3540,3232,0,0,4,True,False,True,0.0,0.0
full_coverage_complete,1strowrightgirl3540,3233,0,0,4,True,False,True,0.0,0.0
full_coverage_complete,1strowrightgirl3540,3234,0,0,4,True,False,True,0.0,0.0
full_coverage_complete,1strowrightgirl3540,3235,0,0,4,True,False,True,0.0,0.0
full_coverage_complete,1strowrightgirl3540,3236,0,0,4,True,False,True,0.0,0.0
full_coverage_complete,1strowrightgirl3540,3237,0,0,4,True,False,True,0.0,0.0
full_coverage_complete,1strowrightgirl3540,3238,0,0,4,True,False,True,0.0,0.0
full_coverage_complete,1strowrightgirl3540,3239,0,0,5,True,False,True,0.0,0.0
full_coverage_complete,1strowrightgirl3540,3240,0,0,4,True,False,True,0.0,0.0
full_coverage_complete,1strowrightgirl3540,3241,0,1,4,True,False,True,0.0,0.0
full_coverage_complete,1strowrightgirl3540,3242,0,0,4,True,False,True,0.0,0.0
full_coverage_complete,1strowrightgirl3540,3243,0,0,4,True,False,True,0.0,0.0
full_coverage_complete,1strowrightgirl3540,3244,0,0,4,True,False,True,0.0,0.0
full_coverage_complete,1strowrightgirl3540,3245,0,0,5,True,False,True,0.0,0.0
full_coverage_complete,1strowrightgirl3540,3246,0,0,5,True,False,True,0.0,0.0
full_coverage_complete,1strowrightgirl3540,3247,0,0,4,True,False,True,0.0,0.0
full_coverage_complete,1strowrightgirl3540,3248,0,0,4,True,False,True,0.0,0.0
full_coverage_complete,1strowrightgirl3540,3249,0,0,4,True,False,True,0.0,0.0
full_coverage_complete,1strowrightgirl3540,3250,0,0,4,True,False,True,0.0,0.0
full_coverage_complete,1strowrightgirl3540,3251,0,0,2,True,False,True,0.0,0.0
full_coverage_complete,1strowrightgirl3540,3252,0,0,2,True,False,True,0.0,0.0
full_coverage_complete,1strowrightgirl3540,3253,0,0,4,True,False,True,0.0,0.0
full_coverage_complete,1strowrightgirl3540,3254,0,0,4,True,False,True,0.0,0.0
full_coverage_complete,1strowrightgirl3540,3255,0,0,4,True,False,True,0.0,0.0
full_coverage_complete,1strowrightgirl3540,3256,0,0,4,True,False,True,0.0,0.0
full_coverage_complete,1strowrightgirl3540,3257,0,0,2,True,False,True,0.0,0.0
full_coverage_complete,1strowrightgirl3540,3258,0,0,4,True,False,True,0.0,0.0
full_coverage_complete,1strowrightgirl3540,3259,0,0,5,True,False,True,0.0,0.0
full_coverage_complete,1strowrightgirl3540,3260,0,0,2,True,False,True,0.0,0.0
full_coverage_complete,1strowrightgirl3540,3261,0,0,4,True,False,True,0.0,0.0
full_coverage_complete,1strowrightgirl3540,3262,0,0,4,True,False,True,0.0,0.0
full_coverage_complete,1strowrightgirl3540,3263,0,0,2,True,False,True,0.0,0.0
full_coverage_complete,1strowrightgirl3540,3264,0,0,4,True,False,True,0.0,0.0
full_coverage_complete,1strowrightgirl3540,3265,0,0,4,True,False,True,0.0,0.0
full_coverage_complete,1strowrightgirl3540,3266,0,0,4,True,False,True,0.0,0.0
full_coverage_complete,1strowrightgirl3540,3267,0,0,5,True,False,True,0.0,0.0
full_coverage_complete,1strowrightgirl3540,3268,0,0,4,True,False,True,0.0,0.0
full_coverage_complete,1strowrightgirl3540,3269,0,0,4,True,False,True,0.0,0.0
full_coverage_complete,1strowrightgirl3540,3270,0,1,4,True,False,True,0.0,0.0
full_coverage_complete,1strowrightgirl3540,3271,0,0,1,True,False,True,0.0,0.0
full_coverage_complete,1strowrightgirl3540,3272,0,0,4,True,False,True,0.0,0.0
full_coverage_complete,1strowrightgirl3540,3273,0,0,4,True,False,True,0.0,0.0
full_coverage_complete,1strowrightgirl3540,3274,0,0,4,True,False,True,0.0,0.0
full_coverage_complete,1strowrightgirl3540,3275,4,0,4,True,False,True,0.0,0.0
full_coverage_complete,1strowrightgirl3540,3276,0,0,5,True,False,True,0.0,0.0
full_coverage_complete,1strowrightgirl3540,3278,0,0,4,True,False,True,0.0,0.0
full_coverage_complete,1strowrightgirl3540,3279,0,0,2,True,False,True,0.0,0.0
full_coverage_complete,1strowrightgirl3540,3280,0,0,4,True,False,True,0.0,0.0
full_coverage_complete,1strowrightgirl3540,3281,0,0,4,True,False,True,0.0,0.0
full_coverage_complete,1strowrightgirl3540,3282,0,0,2,True,False,True,0.0,0.0
full_coverage_complete,1strowrightgirl3540,3283,0,0,2,True,False,True,0.0,0.0
full_coverage_complete,1strowrightgirl3540,3284,0,0,4,True,False,True,0.0,0.0
full_coverage_complete,1strowrightgirl3540,3285,0,0,4,True,False,True,0.0,0.0
full_coverage_complete,1strowrightgirl3540,3286,0,0,4,True,False,True,0.0,0.0
full_coverage_complete,1strowrightgirl3540,3289,0,0,4,True,False,True,0.0,0.0
full_coverage_complete,1strowrightgirl3540,3290,0,0,4,True,False,True,0.0,0.0
full_coverage_complete,1strowrightgirl3540,3291,0,0,4,True,False,True,0.0,0.0
full_coverage_complete,1strowrightgirl3540,3292,0,0,4,True,False,True,0.0,0.0
full_coverage_complete,1strowrightgirl3540,3293,0,0,4,True,False,True,0.0,0.0
full_coverage_complete,1strowrightgirl3540,3294,0,0,4,True,False,True,0.0,0.0
full_coverage_complete,1strowrightgirl3540,3295,0,0,4,True,False,True,0.0,0.0
full_coverage_complete,1strowrightgirl3540,3296,0,0,4,True,False,True,0.0,0.0
full_coverage_complete,1strowrightgirl3540,3297,0,0,4,True,False,True,0.0,0.0
full_coverage_complete,1strowrightgirl3540,3298,0,0,4,True,False,True,0.0,0.0
full_coverage_complete,1strowrightgirl3540,3301,0,0,4,True,False,True,0.0,0.0
full_coverage_complete,1strowrightgirl3540,3302,0,0,4,True,False,True,0.0,0.0
full_coverage_complete,1strowrightgirl3540,3303,0,0,4,True,False,True,0.0,0.0
full_coverage_complete,1strowrightgirl3540,3304,0,0,4,True,False,True,0.0,0.0
full_coverage_complete,1strowrightgirl3540,3305,0,0,4,True,False,True,0.0,0.0
full_coverage_complete,1strowrightgirl3540,3306,0,0,4,True,False,True,0.0,0.0
full_coverage_complete,1strowrightgirl3540,3307,0,0,4,True,False,True,0.0,0.0
full_coverage_complete,1strowrightgirl3540,3308,0,0,4,True,False,True,0.0,0.0
full_coverage_complete,1strowrightgirl3540,3309,0,0,4,True,False,True,0.0,0.0
full_coverage_complete,1strowrightgirl3540,3310,0,0,4,True,False,True,0.0,0.0
full_coverage_complete,1strowrightgirl3540,3311,0,0,5,True,False,True,0.0,0.0
full_coverage_complete,1strowrightgirl3540,3312,0,0,5,True,False,True,0.0,0.0
full_coverage_complete,1strowrightgirl3540,3313,0,0,4,True,False,True,0.0,0.0
full_coverage_complete,1strowrightgirl3540,3314,0,0,1,True,False,True,0.0,0.0
full_coverage_complete,1strowrightgirl3540,3315,0,0,4,True,False,True,0.0,0.0
full_coverage_complete,1strowrightgirl3540,3316,0,1,4,True,False,True,0.0,0.0
full_coverage_complete,1strowrightgirl3540,3317,0,0,1,True,False,True,0.0,0.0
full_coverage_complete,1strowrightgirl3540,3318,0,0,4,True,False,True,0.0,0.0
full_coverage_complete,1strowrightgirl3540,3319,0,0,2,True,False,True,0.0,0.0
full_coverage_complete,1strowrightgirl3540,3320,0,0,2,True,False,True,0.0,0.0
full_coverage_complete,1strowrightgirl3540,3321,0,0,2,True,False,True,0.0,0.0
full_coverage_complete,1strowrightgirl3540,3322,5,0,5,True,False,True,0.0,0.0
full_coverage_complete,1strowrightgirl3540,3323,0,0,4,True,False,True,0.0,0.0
full_coverage_complete,1strowrightgirl3540,3324,0,0,4,True,False,True,0.0,0.0
full_coverage_complete,1strowrightgirl3540,3325,0,0,4,True,False,True,0.0,0.0
full_coverage_complete,1strowrightgirl3540,3326,0,0,4,True,False,True,0.0,0.0
full_coverage_complete,1strowrightgirl3540,3327,0,0,4,True,False,True,0.0,0.0
full_coverage_complete,1strowrightgirl3540,3328,0,0,4,True,False,True,0.0,0.0
full_coverage_complete,1strowrightgirl3540,3329,0,0,5,True,False,True,0.0,0.0
full_coverage_complete,1strowrightgirl3540,3330,0,0,4,True,False,True,0.0,0.0
full_coverage_complete,1strowrightgirl3540,3331,4,0,4,True,False,True,0.0,0.0
full_coverage_complete,1strowrightgirl3540,3332,0,0,5,True,False,True,0.0,0.0
full_coverage_complete,1strowrightgirl3540,3333,0,0,5,True,False,True,0.0,0.0
full_coverage_complete,1strowrightgirl3540,3334,0,0,5,True,False,True,0.0,0.0
full_coverage_complete,1strowrightgirl3540,3335,0,0,5,True,False,True,0.0,0.0
full_coverage_complete,1strowrightgirl3540,3336,0,0,4,True,False,True,0.0,0.0
full_coverage_complete,1strowrightgirl3540,3337,0,0,1,True,False,True,0.0,0.0
full_coverage_complete,1strowrightgirl3540,3341,0,0,4,True,False,True,0.0,0.0
full_coverage_complete,1strowrightgirl3540,3342,0,0,4,True,False,True,0.0,0.0
full_coverage_complete,1strowrightgirl3540,3343,0,0,1,True,False,True,0.0,0.0
full_coverage_complete,1strowrightgirl3540,3344,0,0,4,True,False,True,0.0,0.0
full_coverage_complete,1strowrightgirl3540,3345,0,0,4,True,False,True,0.0,0.0
full_coverage_complete,1strowrightgirl3540,3346,0,0,4,True,False,True,0.0,0.0
full_coverage_complete,1strowrightgirl3540,3347,0,0,4,True,False,True,0.0,0.0
full_coverage_complete,1strowrightgirl3540,3348,0,0,4,True,False,True,0.0,0.0
full_coverage_complete,1strowrightgirl3540,3349,0,0,4,True,False,True,0.0,0.0
full_coverage_complete,1strowrightgirl3540,3350,0,0,4,True,False,True,0.0,0.0
full_coverage_complete,1strowrightgirl3540,3351,4,2,4,True,False,True,0.0,0.0
full_coverage_complete,1strowrightgirl3540,3352,0,0,4,True,False,True,0.0,0.0
full_coverage_complete,1strowrightgirl3540,3353,0,0,4,True,False,True,0.0,0.0
full_coverage_complete,1strowrightgirl3540,3354,0,0,4,True,False,True,0.0,0.0
full_coverage_complete,1strowrightgirl3540,3355,4,0,4,True,False,True,0.0,0.0
full_coverage_complete,1strowrightgirl3540,3356,0,0,5,True,False,True,0.0,0.0
full_coverage_complete,1strowrightgirl3540,3357,0,0,1,True,False,True,0.0,0.0
full_coverage_complete,1strowrightgirl3540,3358,0,0,4,True,False,True,0.0,0.0
full_coverage_complete,1strowrightgirl3540,3359,0,0,2,True,False,True,0.0,0.0
full_coverage_complete,1strowrightgirl3540,3360,0,0,1,True,False,True,0.0,0.0
full_coverage_complete,1strowrightgirl3540,3361,0,0,4,True,False,True,0.0,0.0
full_coverage_complete,1strowrightgirl3540,3362,0,0,2,True,False,True,0.0,0.0
full_coverage_complete,1strowrightgirl3540,3363,0,0,2,True,False,True,0.0,0.0
full_coverage_complete,1strowrightgirl3540,3364,0,0,2,True,False,True,0.0,0.0
full_coverage_complete,1strowrightgirl3540,3365,0,0,1,True,False,True,0.0,0.0
full_coverage_complete,1strowrightgirl3540,3366,0,0,1,True,False,True,0.0,0.0
full_coverage_complete,1strowrightgirl3540,3367,0,0,4,True,False,True,0.0,0.0
full_coverage_complete,1strowrightgirl3540,3368,0,0,4,True,False,True,0.0,0.0
full_coverage_complete,1strowrightgirl3540,3369,0,0,4,True,False,True,0.0,0.0
full_coverage_complete,1strowrightgirl3540,3370,0,0,4,True,False,True,0.0,0.0
full_coverage_complete,1strowrightgirl3540,3371,0,0,4,True,False,True,0.0,0.0
full_coverage_complete,1strowrightgirl3540,3372,0,0,4,True,False,True,0.0,0.0
full_coverage_complete,1strowrightgirl3540,3373,0,0,4,True,False,True,0.0,0.0
full_coverage_complete,1strowrightgirl3540,3374,0,0,4,True,False,True,0.0,0.0
full_coverage_complete,1strowrightgirl3540,3375,0,0,4,True,False,True,0.0,0.0
full_coverage_complete,1strowrightgirl3540,3376,0,0,5,True,False,True,0.0,0.0
full_coverage_complete,1strowrightgirl3540,3377,0,0,1,True,False,True,0.0,0.0
full_coverage_complete,1strowrightgirl3540,3378,0,0,4,True,False,True,0.0,0.0
full_coverage_complete,1strowrightgirl3540,3379,0,0,4,True,False,True,0.0,0.0
full_coverage_complete,1strowrightgirl3540,3380,0,0,4,True,False,True,0.0,0.0
full_coverage_complete,1strowrightgirl3540,3381,0,0,4,True,False,True,0.0,0.0
full_coverage_complete,1strowrightgirl3540,3382,0,0,4,True,False,True,0.0,0.0
full_coverage_complete,1strowrightgirl3540,3383,0,0,4,True,False,True,0.0,0.0
full_coverage_complete,1strowrightgirl3540,3384,0,0,5,True,False,True,0.0,0.0
full_coverage_complete,1strowrightgirl3540,3385,0,0,4,True,False,True,0.0,0.0
full_coverage_complete,1strowrightgirl3540,3386,0,0,4,True,False,True,0.0,0.0
full_coverage_complete,1strowrightgirl3540,3387,0,0,1,True,False,True,0.0,0.0
full_coverage_complete,1strowrightgirl3540,3388,0,0,4,True,False,True,0.0,0.0
full_coverage_complete,1strowrightgirl3540,3389,0,0,4,True,False,True,0.0,0.0
full_coverage_complete,1strowrightgirl3540,3390,0,0,2,True,False,True,0.0,0.0
full_coverage_complete,1strowrightgirl3540,3391,0,0,4,True,False,True,0.0,0.0
full_coverage_complete,1strowrightgirl3540,3392,0,0,2,True,False,True,0.0,0.0
full_coverage_complete,1strowrightgirl3540,3393,0,0,2,True,False,True,0.0,0.0
full_coverage_complete,1strowrightgirl3540,3395,0,0,1,True,False,True,0.0,0.0
full_coverage_complete,1strowrightgirl3540,3397,0,0,4,True,False,True,0.0,0.0
full_coverage_complete,1strowrightgirl3540,3398,0,0,4,True,False,True,0.0,0.0
full_coverage_complete,1strowrightgirl3540,3399,0,0,4,True,False,True,0.0,0.0
full_coverage_complete,1strowrightgirl3540,3400,0,0,4,True,False,True,0.0,0.0
full_coverage_complete,1strowrightgirl3540,3401,0,0,4,True,False,True,0.0,0.0
full_coverage_complete,1strowrightgirl3540,3402,0,0,4,True,False,True,0.0,0.0
full_coverage_complete,1strowrightgirl3540,3403,0,0,4,True,False,True,0.0,0.0
full_coverage_complete,1strowrightgirl3540,3404,0,0,4,True,False,True,0.0,0.0
full_coverage_complete,1strowrightgirl3540,3405,0,0,2,True,False,True,0.0,0.0
full_coverage_complete,1strowrightgirl3540,3406,0,0,2,True,False,True,0.0,0.0
full_coverage_complete,1strowrightgirl3540,3407,0,0,4,True,False,True,0.0,0.0
full_coverage_complete,1strowrightgirl3540,3408,0,0,1,True,False,True,0.0,0.0
full_coverage_complete,1strowrightgirl3540,3409,0,0,2,True,False,True,0.0,0.0
full_coverage_complete,1strowrightgirl3540,3410,0,0,1,True,False,True,0.0,0.0
full_coverage_complete,1strowrightgirl3540,3411,0,0,4,True,False,True,0.0,0.0
full_coverage_complete,1strowrightgirl3540,3412,0,0,4,True,False,True,0.0,0.0
full_coverage_complete,1strowrightgirl3540,3413,0,0,4,True,False,True,0.0,0.0
full_coverage_complete,1strowrightgirl3540,3414,0,0,4,True,False,True,0.0,0.0
full_coverage_complete,1strowrightgirl3540,3415,0,0,2,True,False,True,0.0,0.0
full_coverage_complete,1strowrightgirl3540,3416,0,0,2,True,False,True,0.0,0.0
full_coverage_complete,1strowrightgirl3540,3417,0,0,4,True,False,True,0.0,0.0
full_coverage_complete,1strowrightgirl3540,3418,0,0,2,True,False,True,0.0,0.0
full_coverage_complete,1strowrightgirl3540,3419,0,0,2,True,False,True,0.0,0.0
full_coverage_complete,1strowrightgirl3540,3420,0,0,2,True,False,True,0.0,0.0
full_coverage_complete,1strowrightgirl3540,3421,0,0,2,True,False,True,0.0,0.0
full_coverage_complete,1strowrightgirl3540,3422,0,0,2,True,False,True,0.0,0.0
full_coverage_complete,1strowrightgirl3540,3423,0,0,4,True,False,True,0.0,0.0
full_coverage_complete,1strowrightgirl3540,3424,0,0,4,True,False,True,0.0,0.0
full_coverage_complete,1strowrightgirl3540,3425,0,1,2,True,False,True,0.0,0.0
full_coverage_complete,1strowrightgirl3540,3426,0,0,1,True,False,True,0.0,0.0
full_coverage_complete,1strowrightgirl3540,3427,0,0,2,True,False,True,0.0,0.0
full_coverage_complete,1strowrightgirl3540,3428,0,0,4,True,False,True,0.0,0.0
full_coverage_complete,1strowrightgirl3540,3429,0,0,4,True,False,True,0.0,0.0
full_coverage_complete,1strowrightgirl3540,3430,0,0,4,True,False,True,0.0,0.0
full_coverage_complete,1strowrightgirl3540,3431,0,0,4,True,False,True,0.0,0.0
full_coverage_complete,1strowrightgirl3540,3432,0,0,4,True,False,True,0.0,0.0
full_coverage_complete,1strowrightgirl3540,3433,0,0,4,True,False,True,0.0,0.0
full_coverage_complete,1strowrightgirl3540,3434,0,0,4,True,False,True,0.0,0.0
full_coverage_complete,1strowrightgirl3540,3435,0,0,4,True,False,True,0.0,0.0
full_coverage_complete,1strowrightgirl3540,3436,0,0,4,True,False,True,0.0,0.0
full_coverage_complete,1strowrightgirl3540,3437,0,0,4,True,False,True,0.0,0.0
full_coverage_complete,1strowrightgirl3540,3438,0,0,4,True,False,True,0.0,0.0
full_coverage_complete,1strowrightgirl3540,3439,0,0,5,True,False,True,0.0,0.0
full_coverage_complete,1strowrightgirl3540,3440,0,0,5,True,False,True,0.0,0.0
full_coverage_complete,1strowrightgirl3540,3441,0,0,4,True,False,True,0.0,0.0
full_coverage_complete,1strowrightgirl3540,3442,0,0,4,True,False,True,0.0,0.0
full_coverage_complete,1strowrightgirl3540,3443,0,0,4,True,False,True,0.0,0.0
full_coverage_complete,1strowrightgirl3540,3444,0,0,2,True,False,True,0.0,0.0
full_coverage_complete,1strowrightgirl3540,3445,0,0,5,True,False,True,0.0,0.0
full_coverage_complete,1strowrightgirl3540,3446,0,0,1,True,False,True,0.0,0.0
full_coverage_complete,1strowrightgirl3540,3447,0,0,4,True,False,True,0.0,0.0
full_coverage_complete,1strowrightgirl3540,3449,0,0,4,True,False,True,0.0,0.0
full_coverage_complete,1strowrightgirl3540,3450,0,0,4,True,False,True,0.0,0.0
full_coverage_complete,1strowrightgirl3540,3451,0,0,4,True,False,True,0.0,0.0
full_coverage_complete,1strowrightgirl3540,3452,0,0,4,True,False,True,0.0,0.0
full_coverage_complete,1strowrightgirl3540,3453,0,0,4,True,False,True,0.0,0.0
full_coverage_complete,1strowrightgirl3540,3454,0,0,4,True,False,True,0.0,0.0
full_coverage_complete,1strowrightgirl3540,3455,0,0,4,True,False,True,0.0,0.0
full_coverage_complete,1strowrightgirl3540,3456,0,0,4,True,False,True,0.0,0.0
full_coverage_complete,1strowrightgirl3540,3457,0,1,4,True,False,True,0.0,0.0
full_coverage_complete,1strowrightgirl3540,3458,4,0,4,True,False,True,0.0,0.0
full_coverage_complete,1strowrightgirl3540,3459,0,0,4,True,False,True,0.0,0.0
full_coverage_complete,1strowrightgirl3540,3460,0,0,4,True,False,True,0.0,0.0
full_coverage_complete,1strowrightgirl3540,3461,0,0,4,True,False,True,0.0,0.0
full_coverage_complete,1strowrightgirl3540,3462,0,0,4,True,False,True,0.0,0.0
full_coverage_complete,1strowrightgirl3540,3463,0,0,4,True,False,True,0.0,0.0
full_coverage_complete,1strowrightgirl3540,3464,0,0,4,True,False,True,0.0,0.0
full_coverage_complete,1strowrightgirl3540,3465,5,0,5,True,False,True,0.0,0.0
full_coverage_complete,1strowrightgirl3540,3466,0,0,4,True,False,True,0.0,0.0
full_coverage_complete,1strowrightgirl3540,3467,0,0,5,True,False,True,0.0,0.0
full_coverage_complete,1strowrightgirl3540,3468,0,0,5,True,False,True,0.0,0.0
full_coverage_complete,1strowrightgirl3540,3469,0,0,4,True,False,True,0.0,0.0
full_coverage_complete,1strowrightgirl3540,3470,0,0,4,True,False,True,0.0,0.0
full_coverage_complete,1strowrightgirl3540,3471,0,0,2,True,False,True,0.0,0.0
full_coverage_complete,1strowrightgirl3540,3472,0,0,4,True,False,True,0.0,0.0
full_coverage_complete,1strowrightgirl3540,3474,0,0,2,True,False,True,0.0,0.0
full_coverage_complete,1strowrightgirl3540,3476,0,0,4,True,False,True,0.0,0.0
full_coverage_complete,1strowrightgirl3540,3477,0,0,4,True,False,True,0.0,0.0
full_coverage_complete,1strowrightgirl3540,3478,0,0,4,True,False,True,0.0,0.0
full_coverage_complete,1strowrightgirl3540,3479,0,0,4,True,False,True,0.0,0.0
full_coverage_complete,1strowrightgirl3540,3480,0,0,4,True,False,True,0.0,0.0
full_coverage_complete,1strowrightgirl3540,3481,0,0,5,True,False,True,0.0,0.0
full_coverage_complete,1strowrightgirl3540,3482,0,0,4,True,False,True,0.0,0.0
full_coverage_complete,1strowrightgirl3540,3483,0,0,5,True,False,True,0.0,0.0
full_coverage_complete,1strowrightgirl3540,3484,0,0,5,True,False,True,0.0,0.0
full_coverage_complete,1strowrightgirl3540,3485,0,0,4,True,False,True,0.0,0.0
full_coverage_complete,1strowrightgirl3540,3486,0,0,4,True,False,True,0.0,0.0
full_coverage_complete,1strowrightgirl3540,3487,0,0,2,True,False,True,0.0,0.0
full_coverage_complete,1strowrightgirl3540,3488,0,0,4,True,False,True,0.0,0.0
full_coverage_complete,1strowrightgirl3540,3489,0,0,4,True,False,True,0.0,0.0
full_coverage_complete,1strowrightgirl3540,3490,0,0,4,True,False,True,0.0,0.0
full_coverage_complete,1strowrightgirl3540,3491,0,0,4,True,False,True,0.0,0.0
full_coverage_complete,1strowrightgirl3540,3492,0,0,4,True,False,True,0.0,0.0
full_coverage_complete,1strowrightgirl3540,3493,0,0,5,True,False,True,0.0,0.0
full_coverage_complete,1strowrightgirl3540,3494,0,0,4,True,False,True,0.0,0.0
full_coverage_complete,1strowrightgirl3540,3495,0,0,4,True,False,True,0.0,0.0
full_coverage_complete,1strowrightgirl3540,3496,0,0,4,True,False,True,0.0,0.0
full_coverage_complete,1strowrightgirl3540,3497,0,0,4,True,False,True,0.0,0.0
full_coverage_complete,1strowrightgirl3540,3498,0,0,4,True,False,True,0.0,0.0
full_coverage_complete,1strowrightgirl3540,3499,0,0,4,True,False,True,0.0,0.0
full_coverage_complete,1strowrightgirl3540,3500,0,0,2,True,False,True,0.0,0.0
full_coverage_complete,1strowrightgirl3540,3501,0,0,4,True,False,True,0.0,0.0
full_coverage_complete,1strowrightgirl3540,3502,0,0,4,True,False,True,0.0,0.0
full_coverage_complete,1strowrightgirl3540,3503,0,0,4,True,False,True,0.0,0.0
full_coverage_complete,1strowrightgirl3540,3504,0,0,4,True,False,True,0.0,0.0
full_coverage_complete,1strowrightgirl3540,3505,0,0,4,True,False,True,0.0,0.0
full_coverage_complete,1strowrightgirl3540,3506,0,0,4,True,False,True,0.0,0.0
full_coverage_complete,1strowrightgirl3540,3507,0,0,4,True,False,True,0.0,0.0
full_coverage_complete,1strowrightgirl3540,3508,0,0,4,True,False,True,0.0,0.0
full_coverage_complete,1strowrightgirl3540,3509,0,0,4,True,False,True,0.0,0.0
full_coverage_complete,1strowrightgirl3540,3510,0,0,5,True,False,True,0.0,0.0
full_coverage_complete,1strowrightgirl3540,3511,0,0,1,True,False,True,0.0,0.0
full_coverage_complete,1strowrightgirl3540,3512,0,0,4,True,False,True,0.0,0.0
full_coverage_complete,1strowrightgirl3540,3513,0,0,4,True,False,True,0.0,0.0
full_coverage_complete,1strowrightgirl3540,3514,4,1,4,True,False,True,0.0,0.0
full_coverage_complete,1strowrightgirl3540,3515,0,0,4,True,False,True,0.0,0.0
full_coverage_complete,1strowrightgirl3540,3516,0,0,4,True,False,True,0.0,0.0
full_coverage_complete,1strowrightgirl3540,3517,0,0,1,True,False,True,0.0,0.0
full_coverage_complete,1strowrightgirl3540,3518,0,0,4,True,False,True,0.0,0.0
full_coverage_complete,1strowrightgirl3540,3519,0,0,4,True,False,True,0.0,0.0
full_coverage_complete,1strowrightgirl3540,3520,0,0,5,True,False,True,0.0,0.0
full_coverage_complete,1strowrightgirl3540,3521,0,0,4,True,False,True,0.0,0.0
full_coverage_complete,1strowrightgirl3540,3522,0,0,5,True,False,True,0.0,0.0
full_coverage_complete,1strowrightgirl3540,3523,0,0,4,True,False,True,0.0,0.0
full_coverage_complete,1strowrightgirl3540,3524,0,0,4,True,False,True,0.0,0.0
full_coverage_complete,1strowrightgirl3540,3525,0,0,4,True,False,True,0.0,0.0
full_coverage_complete,1strowrightgirl3540,3526,0,0,4,True,False,True,0.0,0.0
full_coverage_complete,1strowrightgirl3540,3528,0,0,4,True,False,True,0.0,0.0
full_coverage_complete,1strowrightgirl3540,3529,0,0,4,True,False,True,0.0,0.0
full_coverage_complete,1strowrightgirl3540,3530,0,0,4,True,False,True,0.0,0.0
full_coverage_complete,1strowrightgirl3540,3531,0,0,4,True,False,True,0.0,0.0
full_coverage_complete,1strowrightgirl3540,3532,0,0,4,True,False,True,0.0,0.0
full_coverage_complete,1strowrightgirl3540,3533,0,0,4,True,False,True,0.0,0.0
full_coverage_complete,1strowrightgirl3540,3534,0,0,4,True,False,True,0.0,0.0
full_coverage_complete,1strowrightgirl3540,3535,0,0,4,True,False,True,0.0,0.0
full_coverage_complete,1strowrightgirl3540,3536,0,0,4,True,False,True,0.0,0.0
full_coverage_complete,1strowrightgirl3540,3537,0,0,4,True,False,True,0.0,0.0
full_coverage_complete,1strowrightgirl3540,3538,0,0,4,True,False,True,0.0,0.0
full_coverage_complete,1strowrightgirl3540,3539,0,0,4,True,False,True,0.0,0.0
full_coverage_complete,2girlup,13,0,0,1,True,False,True,0.551203293972938,0.551203293972938
full_coverage_complete,2girlup,14,0,0,5,True,False,True,0.5738709556982678,0.5738709556982678
full_coverage_complete,2girlup,17,0,0,2,True,False,True,0.5704643230250279,0.5704643230250279
full_coverage_complete,2girlup,18,0,0,1,True,False,True,0.6966791301211339,0.6966791301211339
full_coverage_complete,2girlup,19,0,0,1,True,False,True,0.5348499814433846,0.5348499814433846
full_coverage_complete,2girlup,20,0,1,2,True,False,True,0.6684001961646762,0.0
full_coverage_complete,2girlup,24,0,0,1,True,False,True,0.0,0.0
full_coverage_complete,2girlup,25,0,0,6,True,False,True,0.0,0.0
full_coverage_complete,2girlup,29,0,0,2,True,False,True,0.0,0.0
full_coverage_complete,2girlup,42,0,0,2,True,False,True,0.0,0.0
full_coverage_complete,2girlup,47,0,1,0,False,False,True,0.0,0.0
full_coverage_complete,2girlup,52,0,0,1,True,False,True,0.0,0.0
full_coverage_complete,2girlup,56,0,0,6,True,False,True,0.0,0.0
full_coverage_complete,2girlup,57,0,0,5,True,False,True,0.0,0.0
full_coverage_complete,2girlup,58,0,0,6,True,False,True,0.0,0.0
full_coverage_complete,2girlup,59,0,1,0,False,False,True,0.0,0.0
full_coverage_complete,2girlup,60,0,0,5,True,False,True,0.0,0.0
full_coverage_complete,2girlup,61,0,0,5,True,False,True,0.0,0.0
full_coverage_complete,2girlup,62,0,0,5,True,False,True,0.0,0.0
full_coverage_complete,2girlup,63,1,1,1,True,False,True,0.0,0.0
full_coverage_complete,2girlup,74,0,1,5,True,False,True,0.0,0.0
full_coverage_complete,2girlup,75,0,0,1,True,False,True,0.0,0.0
full_coverage_complete,2girlup,76,0,1,0,False,False,True,0.0,0.0
full_coverage_complete,2girlup,77,0,0,5,True,False,True,0.0,0.0
full_coverage_complete,2girlup,78,5,0,5,True,False,True,0.0,0.0
full_coverage_complete,2girlup,79,0,0,1,True,False,True,0.0,0.0
full_coverage_complete,2girlup,80,0,0,1,True,False,True,0.0,0.0
full_coverage_complete,2girlup,81,0,0,5,True,False,True,0.0,0.0
full_coverage_complete,2girlup,82,0,0,1,True,False,True,0.0,0.0
full_coverage_complete,2girlup,83,0,0,5,True,False,True,0.0,0.0
full_coverage_complete,2girlup,85,0,0,1,True,False,True,0.0,0.0
full_coverage_complete,2girlup,86,0,0,5,True,False,True,0.0,0.0
full_coverage_complete,2girlup,89,0,0,1,True,False,True,0.0,0.0
full_coverage_complete,2girlup,90,0,0,5,True,False,True,0.0,0.0
full_coverage_complete,2girlup,94,5,0,5,True,False,True,0.0,0.0
full_coverage_complete,2girlup,95,0,0,1,True,False,True,0.0,0.0
full_coverage_complete,2girlup,98,0,0,1,True,False,True,0.0,0.0
full_coverage_complete,2girlup,99,0,0,1,True,False,True,0.0,0.0
full_coverage_complete,2girlup,100,0,0,1,True,False,True,0.0,0.0
full_coverage_complete,2girlup,101,0,0,5,True,False,True,0.0,0.0
full_coverage_complete,2girlup,102,1,3,1,True,False,True,0.0,0.0
full_coverage_complete,2girlup,103,0,0,1,True,False,True,0.0,0.0
full_coverage_complete,2girlup,104,0,0,5,True,False,True,0.0,0.0
full_coverage_complete,2girlup,105,0,0,5,True,False,True,0.0,0.0
full_coverage_complete,2girlup,106,5,2,5,True,False,True,0.0,0.0
full_coverage_complete,2girlup,107,0,0,1,True,False,True,0.0,0.0
full_coverage_complete,2girlup,108,6,0,6,True,False,True,0.0,0.0
full_coverage_complete,2girlup,109,0,0,1,True,False,True,0.0,0.0
full_coverage_complete,2girlup,110,0,0,4,True,False,True,0.0,0.0
full_coverage_complete,2girlup,111,0,0,4,True,False,True,0.0,0.0
full_coverage_complete,2girlup,112,0,0,5,True,False,True,0.0,0.0
full_coverage_complete,2girlup,113,5,0,5,True,False,True,0.0,0.0
full_coverage_complete,2girlup,119,0,0,5,True,False,True,0.0,0.0
full_coverage_complete,2girlup,122,5,0,5,True,False,True,0.0,0.0
full_coverage_complete,2girlup,124,0,0,5,True,False,True,0.0,0.0
full_coverage_complete,2girlup,126,0,0,4,True,False,True,0.0,0.0
full_coverage_complete,2girlup,128,0,0,5,True,False,True,0.0,0.0
full_coverage_complete,2girlup,131,0,0,5,True,False,True,0.0,0.0
full_coverage_complete,2girlup,132,0,0,5,True,False,True,0.0,0.0
full_coverage_complete,2girlup,139,0,0,5,True,False,True,0.0,0.0
full_coverage_complete,2girlup,144,0,0,1,True,False,True,0.0,0.0
full_coverage_complete,2girlup,148,0,0,1,True,False,True,0.0,0.0
full_coverage_complete,2girlup,150,0,0,5,True,False,True,0.0,0.0
full_coverage_complete,2girlup,153,0,0,0,False,False,True,0.0,0.0
full_coverage_complete,2girlup,154,0,0,4,True,False,True,0.0,0.0
full_coverage_complete,2girlup,156,1,2,1,True,False,True,0.0,0.0
full_coverage_complete,2girlup,157,0,0,1,True,False,True,0.0,0.0
full_coverage_complete,2girlup,158,1,0,1,True,False,True,0.0,0.0
full_coverage_complete,2girlup,160,6,2,6,True,False,True,0.0,0.0
full_coverage_complete,2girlup,161,6,0,6,True,False,True,0.0,0.0
full_coverage_complete,2girlup,162,0,2,6,True,False,True,0.0,0.0
full_coverage_complete,2girlup,163,0,0,5,True,False,True,0.0,0.0
full_coverage_complete,2girlup,164,0,0,5,True,False,True,0.0,0.0
full_coverage_complete,2girlup,165,0,0,5,True,False,True,0.0,0.0
full_coverage_complete,2girlup,166,0,0,5,True,False,True,0.0,0.0
full_coverage_complete,2girlup,167,5,1,5,True,False,True,0.0,0.0
full_coverage_complete,2girlup,168,0,0,5,True,False,True,0.0,0.0
full_coverage_complete,2girlup,169,0,0,5,True,False,True,0.0,0.0
full_coverage_complete,2girlup,170,5,0,5,True,False,True,0.0,0.0
full_coverage_complete,2girlup,171,0,0,5,True,False,True,0.0,0.0
full_coverage_complete,2girlup,172,0,0,5,True,False,True,0.0,0.0
full_coverage_complete,2girlup,173,0,0,5,True,False,True,0.0,0.0
full_coverage_complete,2girlup,174,0,0,5,True,False,True,0.0,0.0
full_coverage_complete,2girlup,175,0,0,5,True,False,True,0.0,0.0
full_coverage_complete,2girlup,176,0,0,5,True,False,True,0.0,0.0
full_coverage_complete,2girlup,177,0,0,4,True,False,True,0.0,0.0
full_coverage_complete,2girlup,178,0,0,4,True,False,True,0.0,0.0
full_coverage_complete,2girlup,179,0,0,5,True,False,True,0.0,0.0
full_coverage_complete,2girlup,180,0,0,5,True,False,True,0.0,0.0
full_coverage_complete,2girlup,181,0,0,5,True,False,True,0.0,0.0
full_coverage_complete,2girlup,182,5,4,5,True,False,True,0.0,0.0
full_coverage_complete,2girlup,183,0,0,5,True,False,True,0.0,0.0
full_coverage_complete,2girlup,184,0,0,5,True,False,True,0.0,0.0
full_coverage_complete,2girlup,185,0,1,5,True,False,True,0.0,0.0
full_coverage_complete,2girlup,186,0,0,5,True,False,True,0.0,0.0
full_coverage_complete,2girlup,187,0,0,5,True,False,True,0.0,0.0
full_coverage_complete,2girlup,188,0,0,5,True,False,True,0.0,0.0
full_coverage_complete,2girlup,189,0,0,5,True,False,True,0.0,0.0
full_coverage_complete,2girlup,190,0,1,5,True,False,True,0.0,0.0
full_coverage_complete,2girlup,191,5,0,5,True,False,True,0.0,0.0
full_coverage_complete,2girlup,212,0,0,1,True,False,True,0.0,0.0
full_coverage_complete,2girlup,213,0,0,5,True,False,True,0.0,0.0
full_coverage_complete,2girlup,219,0,0,5,True,False,True,0.0,0.0
full_coverage_complete,2girlup,221,0,0,5,True,False,True,0.0,0.0
full_coverage_complete,2girlup,229,0,0,5,True,False,True,0.0,0.0
full_coverage_complete,2girlup,231,0,0,5,True,False,True,0.0,0.0
full_coverage_complete,3pinkleft,106,0,0,2,True,False,True,0.7934450431578572,0.7934450431578572
full_coverage_complete,3pinkleft,107,0,0,1,True,False,True,0.8485823667771143,0.8485823667771143
full_coverage_complete,3pinkleft,108,0,0,4,True,False,True,0.6318354924988353,0.6318354924988353
full_coverage_complete,3pinkleft,109,0,0,1,True,False,True,0.7821390082763502,0.7821390082763502
full_coverage_complete,3pinkleft,110,0,0,4,True,False,True,0.774534665518272,0.774534665518272
full_coverage_complete,3pinkleft,111,0,0,1,True,False,True,0.7809679004253783,0.7809679004253783
full_coverage_complete,3pinkleft,114,0,0,2,True,False,True,0.8477880353453868,0.8477880353453868
full_coverage_complete,3pinkleft,115,0,0,2,True,False,True,0.8171170627317578,0.8171170627317578
full_coverage_complete,3pinkleft,116,0,0,1,True,False,True,0.77185307741611,0.77185307741611
full_coverage_complete,3pinkleft,117,0,0,4,True,False,True,0.7588035612183269,0.7588035612183269
full_coverage_complete,3pinkleft,118,0,0,4,True,False,True,0.7429649066609525,0.7429649066609525
full_coverage_complete,3pinkleft,119,0,0,2,True,False,True,0.7674748254208852,0.7674748254208852
full_coverage_complete,3pinkleft,123,0,0,1,True,False,True,0.807194400397384,0.807194400397384
full_coverage_complete,3pinkleft,124,0,0,1,True,False,True,0.8112867645545245,0.8112867645545245
full_coverage_complete,3pinkleft,125,0,0,4,True,False,True,0.8042924315815669,0.8042924315815669
full_coverage_complete,3pinkleft,126,0,0,1,True,False,True,0.7524925075031235,0.7524925075031235
full_coverage_complete,3pinkleft,127,0,0,1,True,False,True,0.7449719421513361,0.7449719421513361
full_coverage_complete,3pinkleft,128,0,0,2,True,False,True,0.6846007831672651,0.6846007831672651
full_coverage_complete,3pinkleft,129,0,0,1,True,False,True,0.6492698868651496,0.6492698868651496
full_coverage_complete,3pinkleft,130,0,0,2,True,False,True,0.7017393627729587,0.7017393627729587
full_coverage_complete,3pinkleft,131,0,0,2,True,False,True,0.8511929724517916,0.8511929724517916
full_coverage_complete,3pinkleft,132,0,0,2,True,False,True,0.7340139490617503,0.7340139490617503
full_coverage_complete,3pinkleft,133,0,0,2,True,False,True,0.7683521181078333,0.7683521181078333
full_coverage_complete,3pinkleft,136,0,0,2,True,False,True,0.7420401623179058,0.7420401623179058
full_coverage_complete,3pinkleft,137,0,0,2,True,False,True,0.6474384024603004,0.6474384024603004
full_coverage_complete,3pinkleft,139,0,0,4,True,False,True,0.7174968438276844,0.7174968438276844
full_coverage_complete,3pinkleft,140,0,0,2,True,False,True,0.7973469984740794,0.7973469984740794
full_coverage_complete,3pinkleft,141,0,0,1,True,False,True,0.7632987082942211,0.7632987082942211
full_coverage_complete,3pinkleft,142,0,0,4,True,False,True,0.846287626468692,0.846287626468692
full_coverage_complete,3pinkleft,143,0,0,2,True,False,True,0.7737051157191933,0.7737051157191933
full_coverage_complete,3pinkleft,224,0,0,2,True,False,True,0.27341313821007196,0.27341313821007196
full_coverage_complete,3pinkleft,225,0,0,4,True,False,True,0.29463858170379187,0.29463858170379187
full_coverage_complete,3pinkleft,226,0,0,4,True,False,True,0.25402933470427,0.25402933470427
full_coverage_complete,3pinkleft,227,0,0,4,True,False,True,0.17126988242496952,0.17126988242496952
full_coverage_complete,3pinkleft,228,0,0,4,True,False,False,,
full_coverage_complete,3pinkleft,229,0,0,4,True,False,False,,
full_coverage_complete,3pinkleft,230,0,0,4,True,False,False,,
full_coverage_complete,3pinkleft,231,0,0,4,True,False,False,,
full_coverage_complete,3pinkleft,232,0,0,4,True,False,False,,
full_coverage_complete,3pinkleft,233,0,0,4,True,False,False,,
full_coverage_complete,3rdfatboy,54,0,0,2,True,False,True,0.6313548778328008,0.6313548778328008
full_coverage_complete,3rdfatboy,72,0,0,5,True,False,True,0.8300257718755609,0.8300257718755609
full_coverage_complete,3rdfatboy,73,0,0,5,True,False,True,0.20242850498043205,0.20242850498043205
full_coverage_complete,3rdfatboy,74,0,0,6,True,False,True,0.8570073358712352,0.8570073358712352
full_coverage_complete,3rdfatboy,75,5,0,5,True,False,True,0.0,0.7374846019383381
full_coverage_complete,3rdfatboy,82,0,0,2,True,False,True,0.6373325961619172,0.6373325961619172
full_coverage_complete,3rdfatboy,83,0,0,5,True,False,True,0.8135621950630045,0.8135621950630045
full_coverage_complete,3rdfatboy,84,5,4,5,True,False,True,0.3991796973321447,0.7131966143568128
full_coverage_complete,3rdfatboy,85,0,0,5,True,False,True,0.11297987723967412,0.11297987723967412
full_coverage_complete,3rdfatboy,86,2,0,2,True,False,True,0.06684314155525008,0.8427371978035488
full_coverage_complete,3rdfatboy,90,0,0,5,True,False,True,0.8786400011160267,0.0
full_coverage_complete,3rdfatboy,91,0,0,4,True,False,True,0.0,0.0
full_coverage_complete,3rdfatboy,92,0,0,5,True,False,True,0.0,0.0
full_coverage_complete,3rdfatboy,94,0,1,2,True,False,True,0.0,0.903568967086423
full_coverage_complete,3rdfatboy,99,0,0,5,True,False,True,0.942769447100586,0.942769447100586
full_coverage_complete,3rdfatboy,102,0,0,5,True,False,True,0.923421072662203,0.923421072662203
full_coverage_complete,3rdfatboy,128,0,0,5,True,False,True,0.9125710024139014,0.9125710024139014
full_coverage_complete,3rdfatboy,132,0,0,4,True,False,True,0.8281075745354134,0.8281075745354134
full_coverage_complete,3rdfatboy,137,5,0,5,True,False,True,0.884701383391293,0.8932068993301101
full_coverage_complete,3rdfatboy,321,0,0,4,True,False,True,0.6321135457407903,0.6321135457407903
full_coverage_complete,3rdfatboy,322,0,0,1,True,False,True,0.8194280757204768,0.8194280757204768
full_coverage_complete,3rdfatboy,325,0,0,1,True,False,True,0.6594093272325238,0.6594093272325238
full_coverage_complete,3rdfatboy,326,0,1,1,True,False,True,0.6820667495483046,0.0
full_coverage_complete,3rdfatboy,327,0,0,5,True,False,True,0.34759480445756546,0.34759480445756546
full_coverage_complete,3rdfatboy,328,0,0,6,True,False,True,0.6270291054649841,0.6270291054649841
full_coverage_complete,3rdgrouplastboy,61,0,0,2,True,False,True,0.06315387633782217,0.06315387633782217
full_coverage_complete,3rdgrouplastboy,92,0,0,2,True,False,True,0.11852669971908752,0.11852669971908752
full_coverage_complete,3rdgrouplastboy,215,0,0,2,True,False,True,0.8169710451813681,0.8169710451813681
full_coverage_complete,3rdgrouplastboy,216,0,0,2,True,False,True,0.8340097565995058,0.8340097565995058
full_coverage_complete,3rdgrouplastboy,217,0,0,1,True,False,True,0.7970028350160233,0.7970028350160233
full_coverage_complete,3rdgrouplastboy,357,0,0,4,True,False,True,0.6077043913318658,0.6077043913318658
full_coverage_complete,3rdgrouplastboy,358,4,0,4,True,False,True,0.0,0.0
full_coverage_complete,3rdgrouplastboy,361,0,0,6,True,False,True,0.0,0.6480764236834168
full_coverage_complete,3rdgrouplastboy,495,0,0,2,True,False,True,0.5627599244523962,0.5627599244523962
full_coverage_complete,3rdgrouplastboy,499,0,0,5,True,False,True,0.5847728739937669,0.5847728739937669
full_coverage_complete,3rdgrouplastboy,500,0,0,5,True,False,True,0.5050524172801684,0.5050524172801684
full_coverage_complete,3rdgrouplastboy,501,0,0,5,True,False,True,0.5416980048327944,0.5416980048327944
full_coverage_complete,3rdgrouplastboy,503,0,0,5,True,False,True,0.2903539281483817,0.2903539281483817
full_coverage_complete,3rdgrouplastboy,507,5,0,5,True,False,True,0.331396426352146,0.2952578959426221
full_coverage_complete,3rdgrouplastboy,508,0,0,4,True,False,True,0.20762946959867512,0.20762946959867512
full_coverage_complete,3rdgrouplastboy,509,0,0,4,True,False,True,0.4939972072704151,0.4939972072704151
full_coverage_complete,3rdgrouplastboy,510,0,0,4,True,False,True,0.5616956391572341,0.5616956391572341
full_coverage_complete,3rdgrouplastboy,513,0,0,1,True,False,True,0.47963740348517314,0.47963740348517314
full_coverage_complete,3rdgrouplastboy,560,0,0,2,True,False,True,0.6117966473854449,0.6117966473854449
full_coverage_complete,3rdgrouplastboy,562,0,0,2,True,False,True,0.6436177240882186,0.6436177240882186
full_coverage_complete,3rdgrouplastboy,564,0,0,1,True,False,True,0.5433132016830402,0.5433132016830402
full_coverage_complete,3rdgrouplastboy,565,0,0,1,True,False,True,0.6319281108022936,0.6319281108022936
full_coverage_complete,3rdgrouplastboy,566,0,0,1,True,False,True,0.6045238224956272,0.6045238224956272
full_coverage_complete,3rdgrouplastboy,567,0,0,1,True,False,True,0.42376553405262385,0.42376553405262385
full_coverage_complete,3rdgrouplastboy,574,0,0,1,True,False,True,0.5170906544403756,0.5170906544403756
full_coverage_complete,3rdgrouplastboy,575,0,0,1,True,False,True,0.3239295384029467,0.3239295384029467
full_coverage_complete,3rdgrouplastboy,577,0,0,1,True,False,True,0.5090371513418562,0.5090371513418562
full_coverage_complete,3rdgrouplastboy,578,0,0,2,True,False,True,0.11332519735333137,0.11332519735333137
full_coverage_complete,3rdgrouplastboy,588,0,0,2,True,False,True,0.5830668918662268,0.5830668918662268
full_coverage_complete,3rdgrouplastboy,589,0,0,1,True,False,True,0.4608188192929323,0.4608188192929323
full_coverage_complete,3rdgrouplastboy,593,0,1,2,True,False,True,0.5896799883196,0.0
full_coverage_complete,3rdgrouplastboy,594,5,3,5,True,False,True,0.0,0.0
full_coverage_complete,3rdgrouplastboy,596,0,1,0,False,False,True,0.0,0.7061578466122025
full_coverage_complete,3rdgrouplastboy,597,0,0,1,True,False,True,0.6018353054849563,0.6018353054849563
full_coverage_complete,3rdgrouplastboy,599,0,1,0,False,False,True,0.5834828969804997,0.0
full_coverage_complete,3rdgrouplastboy,600,0,0,5,True,False,True,0.0,0.0
full_coverage_complete,3rdgrouplastboy,601,0,0,2,True,False,True,0.0,0.0
full_coverage_complete,3rdgrouplastboy,602,2,0,2,True,False,True,0.0,0.41588632030666756
full_coverage_complete,3rdgrouplastboy,603,0,0,1,True,False,True,0.5904174841720743,0.5904174841720743
full_coverage_complete,3rdgrouplastboy,604,0,1,6,True,False,True,0.6252385662632906,0.0
full_coverage_complete,3rdgrouplastboy,605,5,1,5,True,False,True,0.0,0.0
full_coverage_complete,3rdgrouplastboy,606,4,1,4,True,False,True,0.0,0.0
full_coverage_complete,3rdgrouplastboy,607,4,0,4,True,False,True,0.0,0.0
full_coverage_complete,3rdgrouplastboy,608,4,0,4,True,False,True,0.0,0.0
full_coverage_complete,3rdgrouplastboy,611,4,0,4,True,False,True,0.0,0.0
full_coverage_complete,3rdgrouplastboy,613,4,0,4,True,False,True,0.0,0.0
full_coverage_complete,3rdgrouplastboy,616,0,0,2,True,False,True,0.0,0.0
full_coverage_complete,3rdgrouplastboy,618,0,0,2,True,False,True,0.0,0.0
full_coverage_complete,3rdgrouplastboy,619,0,0,2,True,False,True,0.0,0.0
full_coverage_complete,3rdgrouplastboy,620,0,0,1,True,False,True,0.0,0.0
full_coverage_complete,3rdgrouplastboy,622,0,1,0,False,False,True,0.0,0.46135298327213253
full_coverage_complete,3rdgrouplastboy,625,0,0,5,True,False,True,0.0,0.0
full_coverage_complete,3rdgrouplastboy,626,0,0,5,True,False,True,0.0,0.0
full_coverage_complete,3rdgrouplastboy,627,0,0,1,True,False,True,0.0,0.0
full_coverage_complete,3rdgrouplastboy,630,0,1,1,True,False,True,0.0,0.0
full_coverage_complete,3rdgrouplastboy,631,0,0,4,True,False,True,0.0,0.0
full_coverage_complete,3rdgrouplastboy,632,5,0,5,True,False,True,0.0,0.0
full_coverage_complete,3rdgrouplastboy,633,5,0,5,True,False,True,0.0,0.0
full_coverage_complete,3rdgrouplastboy,634,0,0,1,True,False,True,0.0,0.0
full_coverage_complete,3rdgrouplastboy,635,0,0,1,True,False,True,0.0,0.0
full_coverage_complete,3rdgrouplastboy,636,0,0,1,True,False,True,0.0,0.0
full_coverage_complete,3rdgrouplastboy,640,0,0,4,True,False,True,0.0,0.0
full_coverage_complete,3rdgrouplastboy,642,0,1,1,True,False,True,0.0,0.0
full_coverage_complete,3rdgrouplastboy,643,0,1,4,True,False,True,0.0,0.0
full_coverage_complete,3rdgrouplastboy,645,0,0,4,True,False,True,0.0,0.0
full_coverage_complete,3rdgrouplastboy,646,0,0,2,True,False,True,0.0,0.0
full_coverage_complete,3rdgrouplastboy,647,0,0,2,True,False,True,0.0,0.0
full_coverage_complete,3rdgrouplastboy,648,0,0,1,True,False,True,0.0,0.0
full_coverage_complete,3rdgrouplastboy,649,0,0,1,True,False,True,0.0,0.0
full_coverage_complete,3rdgrouplastboy,650,0,1,2,True,False,True,0.0,0.0
full_coverage_complete,3rdgrouplastboy,651,0,0,6,True,False,True,0.0,0.0
full_coverage_complete,3rdgrouplastboy,654,4,2,4,True,False,True,0.0,0.0
full_coverage_complete,3rdgrouplastboy,656,0,0,2,True,False,True,0.0,0.0
full_coverage_complete,3rdgrouplastboy,658,0,1,0,False,False,True,0.0,0.0
full_coverage_complete,3rdgrouplastboy,669,0,0,2,True,False,True,0.0,0.0
full_coverage_complete,3rdgrouplastboy,671,0,1,2,True,False,True,0.0,0.0
full_coverage_complete,3rdgrouplastboy,678,0,1,0,False,False,True,0.0,0.0
full_coverage_complete,3rdgrouplastboy,683,0,0,2,True,False,True,0.0,0.0
full_coverage_complete,3rdgrouplastboy,685,0,0,2,True,False,True,0.0,0.0
full_coverage_complete,3rdgrouplastboy,686,0,0,2,True,False,True,0.0,0.0
full_coverage_complete,3rdgrouplastboy,687,0,0,1,True,False,True,0.0,0.0
full_coverage_complete,3rdgrouplastboy,688,0,0,1,True,False,True,0.0,0.0
full_coverage_complete,3rdgrouplastboy,689,0,1,0,False,False,True,0.0,0.7121185966083414
full_coverage_complete,3rdgrouplastboy,692,0,0,2,True,False,True,0.4644321449612189,0.4644321449612189
full_coverage_complete,3rdgrouplastboy,693,0,0,1,True,False,True,0.4814610042119955,0.4814610042119955
full_coverage_complete,3rdgrouplastboy,694,0,0,1,True,False,True,0.24562466727128554,0.0
full_coverage_complete,3rdgrouplastboy,699,0,1,0,False,False,True,0.0,0.8018670005862052
full_coverage_complete,3rdgrouplastboy,700,6,0,6,True,False,True,0.6458542648888087,0.7116819424345909
full_coverage_complete,3rdgrouplastboy,701,0,0,2,True,False,True,0.690321425294479,0.0
full_coverage_complete,3rdgrouplastboy,706,4,0,4,True,False,True,0.0,0.0
full_coverage_complete,3rdgrouplastboy,710,0,0,5,True,False,True,0.0,0.0
full_coverage_complete,3rdgrouplastboy,720,0,1,0,False,False,True,0.0,0.6318736368169807
full_coverage_complete,3rdgrouplastboy,723,0,0,2,True,False,True,0.6497897204793128,0.6497897204793128
full_coverage_complete,3rdgrouplastboy,724,0,0,1,True,False,True,0.49361032780089176,0.49361032780089176
full_coverage_complete,3rdgrouplastboy,726,0,0,1,True,False,True,0.48642627763883883,0.48642627763883883
full_coverage_complete,3rdgrouplastboy,736,0,0,1,True,False,True,0.7376445959662294,0.7376445959662294
full_coverage_complete,3rdgrouplastboy,737,0,0,1,True,False,True,0.3777922275267996,0.3777922275267996
full_coverage_complete,3rdgrouplastboy,766,0,0,2,True,False,True,0.4873776616971393,0.4873776616971393
full_coverage_complete,3rdgrouplastboy,767,0,0,2,True,False,True,0.5880762130895352,0.5880762130895352
full_coverage_complete,3rdgrouplastboy,768,0,0,2,True,False,True,0.5806149872205648,0.5806149872205648
full_coverage_complete,3rdgrouplastboy,770,0,0,2,True,False,True,0.3726195616791865,0.3726195616791865
full_coverage_complete,3rdgrouplastboy,772,0,0,5,True,False,True,0.13009529761652808,0.13009529761652808
full_coverage_complete,3rdgrouplastboy,773,0,0,5,True,False,True,0.19220569270484367,0.19220569270484367
full_coverage_complete,3rdgrouplastboy,774,5,3,5,True,False,True,0.5543971433771743,0.0
full_coverage_complete,3rdgrouplastboy,775,5,0,5,True,False,True,0.4465494905047917,0.0
full_coverage_complete,3rdgrouplastboy,776,0,0,5,True,False,True,0.0033424521492003817,0.0033424521492003817
full_coverage_complete,3rdgrouplastboy,777,0,0,5,True,False,True,0.0,0.0
full_coverage_complete,3rdgrouplastboy,778,0,0,5,True,False,True,0.0,0.0
full_coverage_complete,3rdgrouplastboy,779,0,0,5,True,False,True,0.0,0.0
full_coverage_complete,3rdgrouplastboy,780,0,0,5,True,False,True,0.0,0.0
full_coverage_complete,3rdgrouplastboy,781,0,0,4,True,False,True,0.0,0.0
full_coverage_complete,3rdgrouplastboy,782,0,0,5,True,False,True,0.0,0.0
full_coverage_complete,3rdgrouplastboy,783,0,0,4,True,False,True,0.0,0.0
full_coverage_complete,3rdgrouplastboy,784,0,0,4,True,False,True,0.0,0.0
full_coverage_complete,3rdgrouplastboy,785,0,0,4,True,False,True,0.0,0.0
full_coverage_complete,3rdgrouplastboy,786,0,0,4,True,False,True,0.03420639600434772,0.03420639600434772
full_coverage_complete,3rdgrouplastboy,788,0,0,4,True,False,True,0.06324723650573902,0.06324723650573902
full_coverage_complete,3rdgrouplastboy,790,0,0,4,True,False,True,0.0013768271482014374,0.0013768271482014374
full_coverage_complete,3rdgrouplastboy,791,0,0,4,True,False,True,0.012139842630742291,0.012139842630742291
full_coverage_complete,3rdgrouplastboy,792,0,0,5,True,False,True,0.049426106519975255,0.049426106519975255
full_coverage_complete,3rdgrouplastboy,794,0,0,4,True,False,True,0.0,0.0
full_coverage_complete,3rdgrouplastboy,795,0,0,4,True,False,True,0.0,0.0
full_coverage_complete,3rdgrouplastboy,796,0,0,5,True,False,True,0.0,0.0
full_coverage_complete,3rdgrouplastboy,797,0,0,5,True,False,True,0.0,0.0
full_coverage_complete,3rdgrouplastboy,798,0,0,4,True,False,True,0.0,0.0
full_coverage_complete,3rdgrouplastboy,799,0,0,1,True,False,True,0.0,0.0
full_coverage_complete,3rdgrouplastboy,800,0,0,4,True,False,True,0.0,0.0
full_coverage_complete,3rdgrouplastboy,801,0,0,4,True,False,True,0.028618154663904296,0.028618154663904296
full_coverage_complete,3rdgrouplastboy,802,0,0,4,True,False,True,0.12479265700498822,0.12479265700498822
full_coverage_complete,3rdgrouplastboy,803,0,0,1,True,False,True,0.2622286891119582,0.2622286891119582
full_coverage_complete,3rdgrouplastboy,804,0,0,4,True,False,True,0.2999546308372287,0.2999546308372287
full_coverage_complete,3rdgrouplastboy,805,0,0,4,True,False,True,0.29821011669301034,0.29821011669301034
full_coverage_complete,3rdgrouplastboy,806,0,0,4,True,False,True,0.3125359708803017,0.3125359708803017
full_coverage_complete,3rdgrouplastboy,807,0,0,1,True,False,True,0.1075471649160499,0.1075471649160499
full_coverage_complete,3rdgrouplastboy,808,0,0,4,True,False,True,0.14721117285528104,0.14721117285528104
full_coverage_complete,3rdgrouplastboy,809,0,0,4,True,False,True,0.06898975552936852,0.06898975552936852
full_coverage_complete,3rdgrouplastboy,810,0,0,4,True,False,True,0.05464019305609388,0.05464019305609388
full_coverage_complete,3rdgrouplastboy,811,0,0,4,True,False,True,0.11220487808847868,0.11220487808847868
full_coverage_complete,3rdgrouplastboy,812,0,0,5,True,False,True,0.08837808765707679,0.08837808765707679
full_coverage_complete,3rdgrouplastboy,813,5,1,5,True,False,True,0.11338598617850273,0.08699905647235488
full_coverage_complete,3rdgrouplastboy,814,0,0,5,True,False,True,0.10948334537004761,0.10948334537004761
full_coverage_complete,3rdgrouplastboy,815,0,0,5,True,False,True,0.060679619271500305,0.060679619271500305
full_coverage_complete,3rdgrouplastboy,816,4,4,4,True,False,True,0.0,0.0
full_coverage_complete,3rdgrouplastboy,817,0,0,5,True,False,True,0.0,0.0
full_coverage_complete,3rdgrouplastboy,818,0,0,4,True,False,True,0.0,0.0
full_coverage_complete,3rdgrouplastboy,820,0,0,4,True,False,True,0.0,0.0
full_coverage_complete,3rdgrouplastboy,821,0,0,4,True,False,True,0.0,0.0
full_coverage_complete,3rdgrouplastboy,822,0,0,4,True,False,True,0.0,0.0
full_coverage_complete,3rdgrouplastboy,823,0,0,4,True,False,True,0.00016441173032948956,0.00016441173032948956
full_coverage_complete,3rdgrouplastboy,831,0,0,2,True,False,True,0.06946442360078134,0.06946442360078134
full_coverage_complete,3thmoto,67,0,0,1,True,False,True,0.6774729284545098,0.6774729284545098
full_coverage_complete,3thmoto,68,0,0,5,True,False,True,0.6753934236011011,0.6753934236011011
full_coverage_complete,3thmoto,69,0,0,5,True,False,True,0.45129362599780387,0.45129362599780387
full_coverage_complete,3thmoto,70,0,0,1,True,False,True,0.804643256482559,0.804643256482559
full_coverage_complete,3thmoto,71,0,0,1,True,False,True,0.560706676931051,0.560706676931051
full_coverage_complete,3thmoto,72,0,0,1,True,False,True,0.6183009070232588,0.6183009070232588
full_coverage_complete,3thmoto,73,0,0,5,True,False,True,0.5042305742048643,0.5042305742048643
full_coverage_complete,3thmoto,74,0,0,5,True,False,True,0.4417470549934247,0.4417470549934247
full_coverage_complete,3thmoto,75,0,0,5,True,False,True,0.4387074492665157,0.4387074492665157
full_coverage_complete,3thmoto,76,0,0,5,True,False,True,0.4065377279804213,0.4065377279804213
full_coverage_complete,4thboywithwhite,24,5,2,5,True,False,True,0.7864686604834753,0.0
full_coverage_complete,4thboywithwhite,26,0,0,2,True,False,True,0.0,0.0
full_coverage_complete,4thboywithwhite,27,0,0,2,True,False,True,0.0,0.0
full_coverage_complete,4thboywithwhite,41,0,0,2,True,False,True,0.7762287507461323,0.7762287507461323
full_coverage_complete,4thboywithwhite,42,0,0,0,False,False,True,0.7756518669846655,0.0
full_coverage_complete,4thboywithwhite,44,0,0,2,True,False,True,0.0,0.0
full_coverage_complete,4thboywithwhite,47,0,0,1,True,False,True,0.0,0.0
full_coverage_complete,4thboywithwhite,48,0,0,2,True,False,True,0.0,0.0
full_coverage_complete,4thboywithwhite,49,0,0,1,True,False,True,0.0,0.0
full_coverage_complete,4thboywithwhite,57,0,0,4,True,False,True,0.0,0.0
full_coverage_complete,4thboywithwhite,58,0,1,4,True,False,True,0.0,0.7269050433966319
full_coverage_complete,4thboywithwhite,59,0,0,1,True,False,True,0.7419111317479368,0.7419111317479368
full_coverage_complete,4thboywithwhite,60,0,0,4,True,False,True,0.7473986245983357,0.7473986245983357
full_coverage_complete,4thboywithwhite,61,1,1,1,True,False,True,0.7248173068635515,0.0
full_coverage_complete,4thboywithwhite,62,5,0,5,True,False,True,0.0,0.0
full_coverage_complete,4thboywithwhite,64,0,0,5,True,False,True,0.0,0.0
full_coverage_complete,4thboywithwhite,65,0,0,5,True,False,True,0.0,0.0
full_coverage_complete,4thboywithwhite,80,0,0,1,True,False,True,0.0,0.0
full_coverage_complete,4thboywithwhite,81,0,0,1,True,False,True,0.0,0.0
full_coverage_complete,4thboywithwhite,82,4,0,4,True,False,True,0.0,0.0
full_coverage_complete,4thboywithwhite,85,0,0,1,True,False,True,0.0,0.0
full_coverage_complete,4thboywithwhite,89,0,0,2,True,False,True,0.0,0.0
full_coverage_complete,4thboywithwhite,91,0,0,1,True,False,True,0.0,0.0
full_coverage_complete,4thboywithwhite,92,0,0,2,True,False,True,0.0,0.0
full_coverage_complete,4thboywithwhite,93,0,0,2,True,False,True,0.0,0.0
full_coverage_complete,4thboywithwhite,94,0,0,2,True,False,True,0.0,0.0
full_coverage_complete,4thboywithwhite,95,0,0,2,True,False,True,0.0,0.0
full_coverage_complete,4thboywithwhite,97,0,0,2,True,False,True,0.0,0.0
full_coverage_complete,4thboywithwhite,98,1,0,1,True,False,True,0.0,0.0
full_coverage_complete,4thboywithwhite,99,0,0,2,True,False,True,0.0,0.0
full_coverage_complete,4thboywithwhite,101,0,0,1,True,False,True,0.0,0.0
full_coverage_complete,4thboywithwhite,103,0,0,5,True,False,True,0.0,0.0
full_coverage_complete,4thboywithwhite,107,5,1,5,True,False,True,0.0,0.0
full_coverage_complete,4thboywithwhite,123,1,0,1,True,False,True,0.0,0.0
full_coverage_complete,4thboywithwhite,126,0,0,0,False,False,True,0.0,0.0
full_coverage_complete,4thboywithwhite,128,0,0,1,True,False,True,0.0,0.0
full_coverage_complete,4thboywithwhite,129,4,0,4,True,False,True,0.0,0.0
full_coverage_complete,4thboywithwhite,133,0,0,2,True,False,True,0.0,0.0
full_coverage_complete,4thboywithwhite,134,0,0,2,True,False,True,0.0,0.0
full_coverage_complete,4thboywithwhite,136,0,0,2,True,False,True,0.0,0.0
full_coverage_complete,4thboywithwhite,137,0,0,1,True,False,True,0.0,0.0
full_coverage_complete,4thboywithwhite,141,0,0,2,True,False,True,0.0,0.0
full_coverage_complete,4thboywithwhite,142,0,0,1,True,False,True,0.0,0.0
full_coverage_complete,4thboywithwhite,143,0,0,4,True,False,True,0.0,0.0
full_coverage_complete,4thboywithwhite,144,0,0,4,True,False,True,0.0,0.0
full_coverage_complete,4thboywithwhite,145,0,0,1,True,False,True,0.0,0.0
full_coverage_complete,4thboywithwhite,147,0,0,4,True,False,True,0.0,0.0
full_coverage_complete,4thboywithwhite,148,0,0,5,True,False,True,0.0,0.0
full_coverage_complete,4thboywithwhite,149,0,0,2,True,False,True,0.0,0.0
full_coverage_complete,4thboywithwhite,150,0,0,5,True,False,True,0.0,0.0
full_coverage_complete,4thboywithwhite,151,0,0,1,True,False,True,0.0,0.0
full_coverage_complete,4thboywithwhite,152,5,0,5,True,False,True,0.0,0.0
full_coverage_complete,4thboywithwhite,153,0,0,1,True,False,True,0.0,0.0
full_coverage_complete,4thboywithwhite,154,0,0,4,True,False,True,0.0,0.0
full_coverage_complete,4thboywithwhite,155,0,0,4,True,False,True,0.0,0.0
full_coverage_complete,4thboywithwhite,156,0,0,5,True,False,True,0.0,0.0
full_coverage_complete,4thboywithwhite,157,0,0,4,True,False,True,0.0,0.0
full_coverage_complete,4thboywithwhite,158,0,0,4,True,False,True,0.0,0.0
full_coverage_complete,4thboywithwhite,159,0,0,4,True,False,True,0.0,0.0
full_coverage_complete,4thboywithwhite,160,0,0,6,True,False,True,0.0,0.0
full_coverage_complete,4thboywithwhite,162,0,0,5,True,False,True,0.0,0.0
full_coverage_complete,4thboywithwhite,163,0,0,5,True,False,True,0.0,0.0
full_coverage_complete,4thboywithwhite,164,0,1,5,True,False,True,0.0,0.0
full_coverage_complete,4thboywithwhite,165,0,0,5,True,False,True,0.0,0.0
full_coverage_complete,4thboywithwhite,166,5,0,5,True,False,True,0.0,0.0
full_coverage_complete,4thboywithwhite,167,0,0,5,True,False,True,0.0,0.0
full_coverage_complete,4thboywithwhite,168,0,0,4,True,False,True,0.0,0.0
full_coverage_complete,4thboywithwhite,169,0,0,4,True,False,True,0.0,0.0
full_coverage_complete,4thboywithwhite,170,0,0,4,True,False,True,0.0,0.0
full_coverage_complete,4thboywithwhite,171,0,0,5,True,False,True,0.0,0.0
full_coverage_complete,4thboywithwhite,172,0,0,4,True,False,True,0.0,0.0
full_coverage_complete,4thboywithwhite,173,0,0,4,True,False,True,0.0,0.0
full_coverage_complete,4thboywithwhite,174,0,1,4,True,False,True,0.0,0.0
full_coverage_complete,4thboywithwhite,175,0,0,6,True,False,True,0.0,0.0
full_coverage_complete,4thboywithwhite,177,0,0,4,True,False,True,0.0,0.0
full_coverage_complete,4thboywithwhite,178,0,0,5,True,False,True,0.0,0.0
full_coverage_complete,4thboywithwhite,179,5,0,5,True,False,True,0.0,0.0
full_coverage_complete,4thboywithwhite,180,0,0,5,True,False,True,0.0,0.0
full_coverage_complete,4thboywithwhite,181,5,0,5,True,False,True,0.0,0.0
full_coverage_complete,4thboywithwhite,183,0,0,5,True,False,True,0.0,0.0
full_coverage_complete,4thboywithwhite,184,4,0,4,True,False,True,0.0,0.0
full_coverage_complete,4thboywithwhite,185,0,1,5,True,False,True,0.0,0.0
full_coverage_complete,4thboywithwhite,186,0,0,4,True,False,True,0.0,0.0
full_coverage_complete,4thboywithwhite,187,0,0,5,True,False,True,0.0,0.0
full_coverage_complete,4thboywithwhite,188,5,0,5,True,False,True,0.0,0.0
full_coverage_complete,4thboywithwhite,189,0,0,5,True,False,True,0.0,0.0
full_coverage_complete,4thboywithwhite,190,0,0,5,True,False,True,0.0,0.0
full_coverage_complete,4thboywithwhite,191,0,0,5,True,False,True,0.0,0.0
full_coverage_complete,4thboywithwhite,192,0,0,4,True,False,True,0.0,0.0
full_coverage_complete,4thboywithwhite,193,0,0,5,True,False,True,0.0,0.0
full_coverage_complete,4thboywithwhite,194,0,0,5,True,False,True,0.0,0.0
full_coverage_complete,4thboywithwhite,195,0,0,5,True,False,True,0.0,0.0
full_coverage_complete,4thboywithwhite,196,5,0,5,True,False,True,0.0,0.0
full_coverage_complete,4thboywithwhite,197,0,0,4,True,False,True,0.0,0.0
full_coverage_complete,4thboywithwhite,198,0,0,5,True,False,True,0.0,0.0
full_coverage_complete,4thboywithwhite,199,0,0,5,True,False,True,0.0,0.0
full_coverage_complete,4thboywithwhite,200,0,0,5,True,False,True,0.0,0.0
full_coverage_complete,4thboywithwhite,204,0,0,2,True,False,True,0.0,0.0
full_coverage_complete,4thboywithwhite,208,0,0,5,True,False,True,0.0,0.0
full_coverage_complete,4thboywithwhite,209,0,0,5,True,False,True,0.0,0.0
full_coverage_complete,4thboywithwhite,211,0,0,5,True,False,True,0.0,0.0
full_coverage_complete,4thboywithwhite,212,0,0,2,True,False,True,0.0,0.0
full_coverage_complete,4thboywithwhite,213,0,0,2,True,False,True,0.0,0.0
full_coverage_complete,4thboywithwhite,215,0,0,5,True,False,True,0.0,0.0
full_coverage_complete,4thboywithwhite,216,5,0,5,True,False,True,0.0,0.0
full_coverage_complete,4thboywithwhite,225,0,0,4,True,False,True,0.0,0.0
full_coverage_complete,4thboywithwhite,226,0,2,4,True,False,True,0.0,0.0
full_coverage_complete,4thboywithwhite,229,0,0,4,True,False,True,0.0,0.0
full_coverage_complete,4thboywithwhite,231,0,0,4,True,False,True,0.0,0.0
full_coverage_complete,4thboywithwhite,232,0,2,4,True,False,True,0.0,0.0
full_coverage_complete,4thboywithwhite,233,1,0,1,True,False,True,0.0,0.8987219120156185
full_coverage_complete,4thboywithwhite,277,0,0,2,True,False,True,0.7929278875643787,0.7929278875643787
full_coverage_complete,4thboywithwhite,288,0,0,4,True,False,True,0.7142305471490978,0.7142305471490978
full_coverage_complete,4thboywithwhite,290,0,0,4,True,False,True,0.3308971549176646,0.3308971549176646
full_coverage_complete,4thboywithwhite,291,0,0,5,True,False,True,0.3785424232585621,0.3785424232585621
full_coverage_complete,4thboywithwhite,292,0,0,5,True,False,True,0.3333764186072312,0.3333764186072312
full_coverage_complete,4thboywithwhite,294,0,0,4,True,False,True,0.5415261660202296,0.5415261660202296
full_coverage_complete,4thboywithwhite,295,0,0,5,True,False,True,0.8396254917110498,0.8396254917110498
full_coverage_complete,4thboywithwhite,296,6,0,6,True,False,True,0.8399695920538389,0.1397840032446224
full_coverage_complete,4thboywithwhite,297,0,0,4,True,False,True,0.22820026791737769,0.22820026791737769
full_coverage_complete,4thboywithwhite,298,0,0,5,True,False,True,0.7711152534983317,0.7711152534983317
full_coverage_complete,4thboywithwhite,299,0,0,5,True,False,True,0.8746222210239444,0.8746222210239444
full_coverage_complete,4thboywithwhite,303,0,0,5,True,False,True,0.8543701182054453,0.8543701182054453
full_coverage_complete,4thboywithwhite,304,0,0,4,True,False,True,0.8457889118772934,0.8457889118772934
full_coverage_complete,4thboywithwhite,306,0,0,5,True,False,True,0.3771680055846287,0.3771680055846287
full_coverage_complete,4thboywithwhite,307,0,0,5,True,False,True,0.2824694240801171,0.2824694240801171
full_coverage_complete,4thboywithwhite,308,0,0,5,True,False,True,0.4916862298788207,0.4916862298788207
full_coverage_complete,4thboywithwhite,309,0,0,4,True,False,True,0.5199361863683482,0.5199361863683482
full_coverage_complete,4thboywithwhite,310,0,0,5,True,False,True,0.6759924444094318,0.6759924444094318
full_coverage_complete,4thboywithwhite,311,0,0,6,True,False,True,0.7247799899797763,0.7247799899797763
full_coverage_complete,4thboywithwhite,312,0,0,5,True,False,True,0.6684723886875249,0.6684723886875249
full_coverage_complete,4thboywithwhite,313,0,0,5,True,False,True,0.6426066363991834,0.6426066363991834
full_coverage_complete,4thboywithwhite,314,0,0,5,True,False,True,0.6467117012898271,0.6467117012898271
full_coverage_complete,7rightorangegirl,173,0,0,2,True,False,True,0.6393171634898035,0.6393171634898035
full_coverage_complete,7rightorangegirl,198,4,0,4,True,False,True,0.0,0.0
full_coverage_complete,7rightorangegirl,199,4,0,4,True,False,True,0.0,0.0
full_coverage_complete,7rightorangegirl,200,4,0,4,True,False,True,0.7459698851017195,0.0
full_coverage_complete,7rightorangegirl,201,4,0,4,True,False,True,0.6396522470498989,0.0
full_coverage_complete,7rightorangegirl,202,4,0,4,True,False,True,0.6295926003951877,0.0
full_coverage_complete,7rightorangegirl,203,4,0,4,True,False,True,0.5543453011791826,0.0
full_coverage_complete,7rightorangegirl,204,4,0,4,True,False,True,0.5347230021004213,0.0
full_coverage_complete,7rightorangegirl,205,4,0,4,True,False,True,0.4485000529528862,0.0
full_coverage_complete,7rightorangegirl,206,4,0,4,True,False,True,0.4592866254115024,0.0
full_coverage_complete,7rightorangegirl,207,4,0,4,True,False,True,0.3724898928233992,0.0
full_coverage_complete,7rightorangegirl,208,4,0,4,True,False,True,0.4459648261117803,0.0
full_coverage_complete,7rightorangegirl,209,0,0,5,True,False,True,0.4911597217457542,0.4911597217457542
full_coverage_complete,7rightorangegirl,210,0,0,5,True,False,True,0.5015127122031494,0.5015127122031494
full_coverage_complete,7rightorangegirl,211,0,0,5,True,False,True,0.5833193652044446,0.5833193652044446
full_coverage_complete,7rightorangegirl,212,0,0,5,True,False,True,0.6802962362615443,0.6802962362615443
full_coverage_complete,7rightorangegirl,213,0,0,4,True,False,True,0.5521743849522283,0.5521743849522283
full_coverage_complete,7rightorangegirl,214,0,0,4,True,False,True,0.5376904027525085,0.5376904027525085
full_coverage_complete,7rightorangegirl,215,0,0,4,True,False,True,0.5565163499967877,0.5565163499967877
full_coverage_complete,7rightorangegirl,216,0,0,4,True,False,True,0.5184700309436108,0.5184700309436108
full_coverage_complete,7rightorangegirl,217,0,0,4,True,False,True,0.47567364086848274,0.47567364086848274
full_coverage_complete,7rightorangegirl,218,0,0,4,True,False,True,0.5339332906238325,0.5339332906238325
full_coverage_complete,7rightorangegirl,219,0,0,4,True,False,True,0.7464457565949295,0.7464457565949295
full_coverage_complete,7rightorangegirl,220,0,0,4,True,False,True,0.7602420400701889,0.7602420400701889
full_coverage_complete,7rightorangegirl,221,0,0,4,True,False,True,0.8496436708804419,0.8496436708804419
full_coverage_complete,7rightorangegirl,222,0,0,5,True,False,True,0.950762089293638,0.950762089293638
full_coverage_complete,7rightorangegirl,223,0,0,4,True,False,True,0.5401436647910612,0.5401436647910612
full_coverage_complete,7rightorangegirl,224,0,0,4,True,False,True,0.08706455473303815,0.08706455473303815
full_coverage_complete,7rightorangegirl,225,0,0,4,True,False,True,0.0,0.0
full_coverage_complete,7rightorangegirl,226,0,0,4,True,False,True,0.0,0.0
full_coverage_complete,7rightorangegirl,227,0,0,4,True,False,True,0.0,0.0
full_coverage_complete,7rightorangegirl,228,0,0,4,True,False,True,0.0,0.0
full_coverage_complete,7rightorangegirl,229,0,0,4,True,False,True,0.0,0.0
full_coverage_complete,7rightorangegirl,230,0,0,5,True,False,True,0.0,0.0
full_coverage_complete,7rightorangegirl,231,0,1,4,True,False,True,0.0,0.0
full_coverage_complete,7rightorangegirl,232,0,1,5,True,False,True,0.0,0.0
full_coverage_complete,7rightorangegirl,233,0,1,1,True,False,True,0.0,0.7045834011426071
full_coverage_complete,7rightorangegirl,234,0,0,5,True,False,True,0.8144892278529884,0.8144892278529884
full_coverage_complete,7rightorangegirl,235,0,0,5,True,False,True,0.7053488087966421,0.7053488087966421
full_coverage_complete,7rightorangegirl,236,0,0,4,True,False,True,0.8290008469493622,0.8290008469493622
full_coverage_complete,7rightorangegirl,237,0,0,5,True,False,True,0.5294154742695765,0.5294154742695765
full_coverage_complete,7rightorangegirl,238,0,3,4,True,False,True,0.6250022421852616,0.0
full_coverage_complete,7rightorangegirl,239,4,0,4,True,False,True,0.0,0.0
full_coverage_complete,7rightorangegirl,240,4,0,4,True,False,True,0.0,0.0
full_coverage_complete,7rightorangegirl,241,0,0,4,True,False,True,0.0,0.0
full_coverage_complete,7rightorangegirl,242,4,0,4,True,False,True,0.0,0.0
full_coverage_complete,7rightorangegirl,243,0,0,4,True,False,True,0.0,0.0
full_coverage_complete,7rightorangegirl,244,4,0,4,True,False,True,0.0,0.0
full_coverage_complete,7rightorangegirl,246,4,0,4,True,False,True,0.0,0.0
full_coverage_complete,7rightorangegirl,247,0,0,4,True,False,True,0.0,0.0
full_coverage_complete,7rightorangegirl,248,4,1,4,True,False,True,0.0,0.0
full_coverage_complete,7rightorangegirl,249,0,0,4,True,False,True,0.0,0.0
full_coverage_complete,7rightorangegirl,250,0,0,4,True,False,True,0.0,0.0
full_coverage_complete,7rightorangegirl,251,0,0,4,True,False,True,0.0,0.0
full_coverage_complete,7rightorangegirl,252,0,0,4,True,False,True,0.0,0.0
full_coverage_complete,7rightorangegirl,253,4,0,4,True,False,True,0.0,0.0
full_coverage_complete,7rightorangegirl,254,4,0,4,True,False,True,0.0,0.0
full_coverage_complete,7rightorangegirl,255,4,0,4,True,False,True,0.0,0.0
full_coverage_complete,7rightorangegirl,256,4,1,4,True,False,True,0.0,0.0
full_coverage_complete,7rightorangegirl,257,0,0,4,True,False,True,0.0,0.0
full_coverage_complete,7rightorangegirl,258,0,0,4,True,False,True,0.0,0.0
full_coverage_complete,7rightorangegirl,259,4,0,4,True,False,True,0.0,0.0
full_coverage_complete,7rightorangegirl,260,4,0,4,True,False,True,0.0,0.0
full_coverage_complete,7rightorangegirl,261,4,0,4,True,False,True,0.0,0.0
full_coverage_complete,7rightorangegirl,262,4,0,4,True,False,True,0.0,0.0
full_coverage_complete,7rightorangegirl,263,0,0,4,True,False,True,0.0,0.0
full_coverage_complete,7rightorangegirl,264,4,0,4,True,False,True,0.0,0.0
full_coverage_complete,7rightorangegirl,265,4,0,4,True,False,True,0.0,0.0
full_coverage_complete,7rightorangegirl,266,0,0,5,True,False,True,0.0,0.0
full_coverage_complete,7rightorangegirl,268,0,0,4,True,False,True,0.0,0.0
full_coverage_complete,7rightorangegirl,269,4,0,4,True,False,True,0.0,0.0
full_coverage_complete,7rightorangegirl,270,0,0,2,True,False,True,0.0,0.0
full_coverage_complete,7rightorangegirl,271,0,0,4,True,False,True,0.0,0.0
full_coverage_complete,7rightorangegirl,272,4,0,4,True,False,True,0.0,0.0
full_coverage_complete,7rightorangegirl,273,4,0,4,True,False,True,0.0,0.0
full_coverage_complete,7rightorangegirl,274,0,0,4,True,False,True,0.0,0.0
full_coverage_complete,7rightorangegirl,275,0,0,4,True,False,True,0.0,0.0
full_coverage_complete,7rightorangegirl,276,4,0,4,True,False,True,0.0,0.0
full_coverage_complete,7rightorangegirl,277,0,0,4,True,False,True,0.0,0.0
full_coverage_complete,7rightorangegirl,278,0,0,4,True,False,True,0.0,0.0
full_coverage_complete,7rightorangegirl,279,0,0,4,True,False,True,0.0,0.0
full_coverage_complete,7rightorangegirl,280,4,0,4,True,False,True,0.0,0.0
full_coverage_complete,7rightorangegirl,281,0,0,4,True,False,True,0.0,0.0
full_coverage_complete,7rightorangegirl,282,5,3,5,True,False,True,0.0,0.0
full_coverage_complete,7rightorangegirl,283,0,0,4,True,False,True,0.0,0.0
full_coverage_complete,7rightorangegirl,284,4,3,4,True,False,True,0.0,0.0
full_coverage_complete,7rightorangegirl,285,4,0,4,True,False,True,0.0,0.0
full_coverage_complete,7rightorangegirl,286,5,1,5,True,False,True,0.0,0.0
full_coverage_complete,7rightorangegirl,287,0,0,4,True,False,True,0.0,0.0
full_coverage_complete,7rightorangegirl,288,0,0,4,True,False,True,0.0,0.0
full_coverage_complete,7rightorangegirl,289,4,0,4,True,False,True,0.0,0.0
full_coverage_complete,7rightorangegirl,290,0,0,4,True,False,True,0.0,0.0
full_coverage_complete,7rightorangegirl,291,4,0,4,True,False,True,0.0,0.0
full_coverage_complete,7rightorangegirl,292,4,0,4,True,False,True,0.0,0.0
full_coverage_complete,7rightorangegirl,293,0,0,4,True,False,True,0.0,0.0
full_coverage_complete,7rightorangegirl,294,0,0,4,True,False,True,0.0,0.0
full_coverage_complete,7rightorangegirl,295,4,0,4,True,False,True,0.0,0.0
full_coverage_complete,7rightorangegirl,296,4,0,4,True,False,True,0.0,0.0
full_coverage_complete,7rightorangegirl,297,4,0,4,True,False,True,0.0,0.0
full_coverage_complete,7rightorangegirl,298,0,0,4,True,False,True,0.0,0.0
full_coverage_complete,7rightorangegirl,299,0,0,4,True,False,True,0.0,0.0
full_coverage_complete,7rightorangegirl,300,4,0,4,True,False,True,0.0,0.0
full_coverage_complete,7rightorangegirl,301,0,0,4,True,False,True,0.0,0.0
full_coverage_complete,7rightorangegirl,302,4,0,4,True,False,True,0.0,0.0
full_coverage_complete,7rightorangegirl,303,4,0,4,True,False,True,0.0,0.0
full_coverage_complete,7rightorangegirl,304,0,0,4,True,False,True,0.0,0.0
full_coverage_complete,7rightorangegirl,305,0,0,4,True,False,True,0.0,0.0
full_coverage_complete,7rightorangegirl,306,4,0,4,True,False,True,0.0,0.0
full_coverage_complete,7rightorangegirl,307,4,0,4,True,False,True,0.0,0.0
full_coverage_complete,7rightorangegirl,308,4,0,4,True,False,True,0.0,0.0
full_coverage_complete,7rightorangegirl,309,4,0,4,True,False,True,0.0,0.0
full_coverage_complete,7rightorangegirl,310,4,1,4,True,False,True,0.0,0.0
full_coverage_complete,7rightorangegirl,311,4,0,4,True,False,True,0.0,0.0
full_coverage_complete,7rightorangegirl,312,4,0,4,True,False,True,0.0,0.0
full_coverage_complete,7rightorangegirl,313,0,0,4,True,False,True,0.0,0.0
full_coverage_complete,7rightorangegirl,314,4,0,4,True,False,True,0.0,0.0
full_coverage_complete,7rightorangegirl,315,4,0,4,True,False,True,0.0,0.0
full_coverage_complete,7rightorangegirl,316,4,0,4,True,False,True,0.0,0.0
full_coverage_complete,7rightorangegirl,317,0,0,4,True,False,True,0.0,0.0
full_coverage_complete,7rightorangegirl,318,0,0,4,True,False,True,0.0,0.0
full_coverage_complete,7rightorangegirl,319,4,1,4,True,False,True,0.0,0.0
full_coverage_complete,7rightorangegirl,320,4,0,4,True,False,True,0.0,0.0
full_coverage_complete,7rightorangegirl,321,0,0,4,True,False,True,0.0,0.0
full_coverage_complete,7rightorangegirl,322,0,0,4,True,False,True,0.0,0.0
full_coverage_complete,7rightorangegirl,323,5,0,5,True,False,True,0.0,0.0
full_coverage_complete,7rightorangegirl,324,4,0,4,True,False,True,0.0,0.0
full_coverage_complete,7rightorangegirl,325,4,0,4,True,False,True,0.0,0.0
full_coverage_complete,7rightorangegirl,326,0,0,4,True,False,True,0.0,0.0
full_coverage_complete,7rightorangegirl,327,0,0,4,True,False,True,0.0,0.0
full_coverage_complete,7rightorangegirl,328,0,0,4,True,False,True,0.0,0.0
full_coverage_complete,7rightorangegirl,329,0,1,4,True,False,True,0.0,0.0
full_coverage_complete,7rightorangegirl,330,0,0,4,True,False,True,0.0,0.0
full_coverage_complete,7rightorangegirl,331,0,0,4,True,False,True,0.0,0.0
full_coverage_complete,7rightorangegirl,332,0,0,4,True,False,True,0.0,0.0
full_coverage_complete,7rightorangegirl,333,0,0,4,True,False,True,0.0,0.0
full_coverage_complete,7rightorangegirl,334,0,0,5,True,False,True,0.0,0.0
full_coverage_complete,7rightorangegirl,335,0,0,4,True,False,True,0.0,0.0
full_coverage_complete,7rightorangegirl,336,0,0,4,True,False,True,0.0,0.0
full_coverage_complete,7rightorangegirl,337,0,0,4,True,False,True,0.0,0.0
full_coverage_complete,7rightorangegirl,338,0,0,4,True,False,True,0.0,0.0
full_coverage_complete,7rightorangegirl,339,0,0,4,True,False,True,0.0,0.0
full_coverage_complete,7rightorangegirl,340,0,0,4,True,False,True,0.0,0.0
full_coverage_complete,7rightorangegirl,341,0,0,4,True,False,True,0.0,0.0
full_coverage_complete,7rightorangegirl,342,0,0,4,True,False,True,0.0,0.0
full_coverage_complete,7rightorangegirl,343,0,0,4,True,False,True,0.0,0.0
full_coverage_complete,7rightorangegirl,344,0,0,4,True,False,True,0.0,0.0
full_coverage_complete,7rightorangegirl,345,0,0,4,True,False,True,0.0,0.0
full_coverage_complete,7rightorangegirl,348,0,0,4,True,False,True,0.0,0.0
full_coverage_complete,7rightorangegirl,350,0,0,4,True,False,True,0.0,0.0
full_coverage_complete,7rightorangegirl,351,0,0,4,True,False,True,0.0,0.0
full_coverage_complete,7rightorangegirl,352,0,0,1,True,False,True,0.0,0.0
full_coverage_complete,7rightorangegirl,354,0,0,4,True,False,True,0.0,0.0
full_coverage_complete,7rightorangegirl,355,0,0,4,True,False,True,0.0,0.0
full_coverage_complete,7rightorangegirl,356,0,0,4,True,False,True,0.0,0.0
full_coverage_complete,7rightorangegirl,357,0,0,2,True,False,True,0.0,0.0
full_coverage_complete,7rightorangegirl,358,0,0,4,True,False,True,0.0,0.0
full_coverage_complete,7rightorangegirl,360,0,0,4,True,False,True,0.0,0.0
full_coverage_complete,7rightorangegirl,361,0,0,4,True,False,True,0.0,0.0
full_coverage_complete,7rightorangegirl,362,0,0,4,True,False,True,0.0,0.0
full_coverage_complete,7rightorangegirl,364,0,0,4,True,False,True,0.0,0.0
full_coverage_complete,7rightorangegirl,365,0,0,4,True,False,True,0.0,0.0
full_coverage_complete,7rightorangegirl,366,4,0,4,True,False,True,0.0,0.0
full_coverage_complete,7rightorangegirl,367,0,0,4,True,False,True,0.0,0.0
full_coverage_complete,7rightorangegirl,369,0,0,4,True,False,True,0.0,0.0
full_coverage_complete,7rightorangegirl,370,0,0,4,True,False,True,0.0,0.0
full_coverage_complete,7rightorangegirl,371,0,0,4,True,False,True,0.0,0.0
full_coverage_complete,7rightorangegirl,372,0,0,4,True,False,True,0.0,0.0
full_coverage_complete,7rightorangegirl,373,0,0,4,True,False,True,0.0,0.0
full_coverage_complete,7rightorangegirl,374,0,0,4,True,False,True,0.0,0.0
full_coverage_complete,7rightorangegirl,375,0,0,4,True,False,True,0.0,0.0
full_coverage_complete,7rightorangegirl,376,4,0,4,True,False,True,0.0,0.0
full_coverage_complete,7rightorangegirl,377,0,0,4,True,False,True,0.0,0.0
full_coverage_complete,7rightorangegirl,378,0,1,5,True,False,True,0.0,0.0
full_coverage_complete,7rightorangegirl,379,0,0,4,True,False,True,0.0,0.0
full_coverage_complete,7rightorangegirl,380,0,0,4,True,False,True,0.0,0.0
full_coverage_complete,7rightorangegirl,381,0,0,4,True,False,True,0.0,0.0
full_coverage_complete,7rightorangegirl,382,0,0,4,True,False,True,0.0,0.0
full_coverage_complete,7rightorangegirl,383,0,1,4,True,False,True,0.0,0.0
full_coverage_complete,7rightorangegirl,384,0,0,4,True,False,True,0.0,0.0
full_coverage_complete,7rightorangegirl,385,0,0,4,True,False,True,0.0,0.0
full_coverage_complete,7rightorangegirl,386,0,0,4,True,False,True,0.0,0.0
full_coverage_complete,7rightorangegirl,387,0,0,4,True,False,True,0.0,0.0
full_coverage_complete,7rightorangegirl,388,0,1,4,True,False,True,0.0,0.0
full_coverage_complete,7rightorangegirl,389,0,0,4,True,False,True,0.0,0.0
full_coverage_complete,7rightorangegirl,390,0,0,4,True,False,True,0.0,0.0
full_coverage_complete,7rightorangegirl,391,0,0,4,True,False,True,0.0,0.0
full_coverage_complete,7rightorangegirl,392,0,1,4,True,False,True,0.0,0.0
full_coverage_complete,7rightorangegirl,393,5,1,5,True,False,True,0.0,0.14511743162928975
full_coverage_complete,7rightorangegirl,394,0,0,5,True,False,True,0.19302818016522474,0.19302818016522474
full_coverage_complete,7rightorangegirl,395,5,0,5,True,False,True,0.24739193790910344,0.26684494106239187
full_coverage_complete,7rightorangegirl,397,1,0,1,True,False,True,0.4212195079295961,0.38412039723656993
full_coverage_complete,7rightorangegirl,398,0,0,4,True,False,True,0.548717461102745,0.548717461102745
full_coverage_complete,7rightorangegirl,399,0,0,4,True,False,True,0.6144122600754082,0.6144122600754082
full_coverage_complete,7rightorangegirl,400,4,0,4,True,False,True,0.4682960873892482,0.43711960742744776
full_coverage_complete,7rightorangegirl,402,4,1,4,True,False,True,0.47766031629681793,0.28975324628535754
full_coverage_complete,7rightorangegirl,403,4,1,4,True,False,True,0.5187162320814357,0.4213664629741864
full_coverage_complete,7rightorangegirl,404,4,0,4,True,False,True,0.3001979619171263,0.4191455901859484
full_coverage_complete,7rightorangegirl,405,4,0,4,True,False,True,0.27320293587624167,0.3272669863788202
full_coverage_complete,7rightorangegirl,407,4,1,4,True,False,True,0.39517438135615035,0.48472470914411303
full_coverage_complete,7rightorangegirl,408,0,0,4,True,False,True,0.34176771897866715,0.34176771897866715
full_coverage_complete,7rightorangegirl,409,0,1,4,True,False,True,0.33349357829036874,0.0
full_coverage_complete,7rightorangegirl,410,0,0,1,True,False,True,0.0,0.0
full_coverage_complete,7rightorangegirl,411,0,1,4,True,False,True,0.0,0.31959084671709653
full_coverage_complete,7rightorangegirl,412,0,0,5,True,False,True,0.4297250847896634,0.4297250847896634
full_coverage_complete,7rightorangegirl,413,4,0,4,True,False,True,0.4403919147497074,0.35873032577122543
full_coverage_complete,7rightorangegirl,414,4,0,4,True,False,True,0.27753972079551337,0.3200959569294308
full_coverage_complete,7rightorangegirl,415,0,0,4,True,False,True,0.26023215376740527,0.26023215376740527
full_coverage_complete,7rightorangegirl,416,4,2,4,True,False,True,0.3035937666590427,0.3257951594780819
full_coverage_complete,7rightorangegirl,417,4,1,4,True,False,True,0.2730185244172706,0.20797829757807285
full_coverage_complete,7rightorangegirl,418,4,0,4,True,False,True,0.479673950221575,0.19316238134041036
full_coverage_complete,7rightorangegirl,419,4,0,4,True,False,True,0.3202026534994601,0.1837035430944203
full_coverage_complete,7rightorangegirl,420,4,0,4,True,False,True,0.28173366527177235,0.1255427064496292
full_coverage_complete,7rightorangegirl,421,0,1,4,True,False,True,0.13114121823916444,0.0
full_coverage_complete,7rightorangegirl,422,0,0,1,True,False,True,0.0,0.0
full_coverage_complete,7rightorangegirl,423,4,0,4,True,False,True,0.0,0.12841977358540257
full_coverage_complete,7rightorangegirl,424,5,0,5,True,False,True,0.251340946885523,0.0882187118557058
full_coverage_complete,7rightorangegirl,425,4,0,4,True,False,True,0.0949875277255684,0.06108674103476246
full_coverage_complete,7rightorangegirl,426,5,2,5,True,False,True,0.19176840868423156,0.002778339667615089
full_coverage_complete,7rightorangegirl,427,4,0,4,True,False,True,0.22897088551366418,0.11331433664679763
full_coverage_complete,7rightorangegirl,428,5,0,5,True,False,True,0.08995257674713174,0.02298327773476436
full_coverage_complete,7rightorangegirl,429,0,0,4,True,False,True,0.0,0.0
full_coverage_complete,7rightorangegirl,432,0,0,5,True,False,True,0.0,0.0
full_coverage_complete,7rightorangegirl,442,4,1,4,True,False,True,0.0,0.0
full_coverage_complete,7rightorangegirl,446,0,0,4,True,False,True,0.0,0.0
full_coverage_complete,7rightorangegirl,447,0,0,4,True,False,True,0.0,0.0
full_coverage_complete,7rightorangegirl,449,0,1,4,True,False,True,0.0,0.0
full_coverage_complete,7rightorangegirl,451,0,0,4,True,False,True,0.0,0.0
full_coverage_complete,7rightorangegirl,452,0,0,4,True,False,True,0.0,0.0
full_coverage_complete,7rightorangegirl,453,0,0,4,True,False,True,0.0,0.0
full_coverage_complete,7rightorangegirl,454,0,0,4,True,False,True,0.0,0.0
full_coverage_complete,7rightorangegirl,456,0,0,5,True,False,True,0.0,0.0
full_coverage_complete,AQgirlwalkinrain,212,0,0,4,True,False,True,0.2828636345673492,0.2828636345673492
full_coverage_complete,AQgirlwalkinrain,214,0,0,5,True,False,True,0.18773222020965807,0.18773222020965807
full_coverage_complete,AQgirlwalkinrain,215,5,2,5,True,False,True,0.2842986399510272,0.0
full_coverage_complete,AQgirlwalkinrain,216,0,1,6,True,False,True,0.0,0.014364071183136762
full_coverage_complete,AQgirlwalkinrain,219,0,0,4,True,False,True,0.27398208122565987,0.27398208122565987
full_coverage_complete,AQgirlwalkinrain,220,0,0,5,True,False,True,0.2306228908928958,0.2306228908928958
full_coverage_complete,AQgirlwalkinrain,221,0,0,1,True,False,True,0.19137898233295988,0.19137898233295988
full_coverage_complete,AQgirlwalkinrain,223,0,0,5,True,False,True,0.2318914896834496,0.2318914896834496
full_coverage_complete,AQgirlwalkinrain,224,0,0,4,True,False,True,0.2769463071683133,0.2769463071683133
full_coverage_complete,AQgirlwalkinrain,225,0,1,5,True,False,True,0.3024754507791529,0.0
full_coverage_complete,AQgirlwalkinrain,226,0,1,5,True,False,True,0.0,0.18033969423856397
full_coverage_complete,AQgirlwalkinrain,227,0,0,1,True,False,True,0.2811060947876442,0.2811060947876442
full_coverage_complete,AQgirlwalkinrain,228,0,0,4,True,False,True,0.2539485944385492,0.2539485944385492
full_coverage_complete,AQgirlwalkinrain,229,0,0,4,True,False,True,0.25603481558620944,0.25603481558620944
full_coverage_complete,AQgirlwalkinrain,230,0,0,4,True,False,True,0.11338082326372927,0.11338082326372927
full_coverage_complete,AQgirlwalkinrain,231,0,0,4,True,False,True,0.2951325540112525,0.2951325540112525
full_coverage_complete,AQgirlwalkinrain,232,0,0,4,True,False,True,0.34970876454099625,0.34970876454099625
full_coverage_complete,AQgirlwalkinrain,233,0,0,5,True,False,True,0.3360262800311211,0.3360262800311211
full_coverage_complete,AQgirlwalkinrain,234,0,0,4,True,False,True,0.21411817634186378,0.21411817634186378
full_coverage_complete,AQgirlwalkinrain,235,0,0,5,True,False,True,0.047803516439028165,0.047803516439028165
full_coverage_complete,AQgirlwalkinrain,237,0,0,5,True,False,True,0.01966195493370917,0.01966195493370917
full_coverage_complete,AQgirlwalkinrain,238,0,0,5,True,False,True,0.009609433153030603,0.009609433153030603
full_coverage_complete,AQgirlwalkinrain,239,0,0,4,True,False,True,0.03162481340751655,0.03162481340751655
full_coverage_complete,AQgirlwalkinrain,240,0,0,1,True,False,True,0.0,0.0
full_coverage_complete,AQgirlwalkinrain,243,0,0,4,True,False,True,0.0,0.0
full_coverage_complete,AQgirlwalkinrain,244,0,0,1,True,False,True,0.0,0.0
full_coverage_complete,AQgirlwalkinrain,245,0,0,5,True,False,True,0.0,0.0
full_coverage_complete,AQgirlwalkinrain,247,0,0,1,True,False,True,0.0,0.0
full_coverage_complete,AQgirlwalkinrain,248,0,0,5,True,False,True,0.0,0.0
full_coverage_complete,AQgirlwalkinrain,250,0,0,5,True,False,True,0.0,0.0
full_coverage_complete,AQgirlwalkinrain,251,0,0,5,True,False,True,0.0,0.0
full_coverage_complete,AQgirlwalkinrain,252,0,0,4,True,False,True,0.0,0.0
full_coverage_complete,AQgirlwalkinrain,253,0,0,4,True,False,True,0.0,0.0
full_coverage_complete,AQgirlwalkinrain,254,0,0,1,True,False,True,0.0,0.0
full_coverage_complete,AQgirlwalkinrain,255,0,0,4,True,False,True,0.0,0.0
full_coverage_complete,AQgirlwalkinrain,256,0,0,4,True,False,True,0.0,0.0
full_coverage_complete,AQgirlwalkinrain,257,0,0,5,True,False,True,0.0,0.0
full_coverage_complete,AQgirlwalkinrain,258,0,0,4,True,False,True,0.0,0.0
full_coverage_complete,AQgirlwalkinrain,259,0,0,5,True,False,True,0.0,0.0
full_coverage_complete,AQgirlwalkinrain,260,0,0,4,True,False,True,0.0,0.0
full_coverage_complete,AQgirlwalkinrain,263,0,0,5,True,False,True,0.0,0.0
full_coverage_complete,AQgirlwalkinrain,266,0,0,4,True,False,True,0.0,0.0
full_coverage_complete,AQgirlwalkinrain,267,0,0,4,True,False,True,0.0,0.0
full_coverage_complete,AQgirlwalkinrain,268,0,0,4,True,False,True,0.0,0.0
full_coverage_complete,AQgirlwalkinrain,270,0,0,5,True,False,True,0.0,0.0
full_coverage_complete,AQgirlwalkinrain,271,0,0,4,True,False,True,0.0,0.0
full_coverage_complete,AQgirlwalkinrain,273,0,0,4,True,False,True,0.0,0.0
full_coverage_complete,AQgirlwalkinrain,274,0,0,4,True,False,True,0.0,0.0
full_coverage_complete,AQgirlwalkinrain,276,0,0,4,True,False,True,0.0,0.0
full_coverage_complete,AQgirlwalkinrain,277,0,0,4,True,False,True,0.0,0.0
full_coverage_complete,AQgirlwalkinrain,278,0,0,5,True,False,True,0.0,0.0
full_coverage_complete,AQgirlwalkinrain,279,0,0,5,True,False,True,0.0,0.0
full_coverage_complete,AQgirlwalkinrain,280,0,0,1,True,False,True,0.0,0.0
full_coverage_complete,AQgirlwalkinrain,281,0,0,4,True,False,True,0.0,0.0
full_coverage_complete,AQgirlwalkinrain,282,0,0,1,True,False,True,0.0,0.0
full_coverage_complete,AQgirlwalkinrain,283,0,0,4,True,False,True,0.0,0.0
full_coverage_complete,AQgirlwalkinrain,284,0,0,5,True,False,True,0.0,0.0
full_coverage_complete,AQgirlwalkinrain,285,0,0,5,True,False,True,0.0,0.0
full_coverage_complete,AQgirlwalkinrain,286,0,0,4,True,False,True,0.0,0.0
full_coverage_complete,AQgirlwalkinrain,287,0,0,4,True,False,True,0.0,0.0
full_coverage_complete,AQgirlwalkinrain,288,0,1,5,True,False,True,0.0,0.0
full_coverage_complete,AQgirlwalkinrain,289,0,0,5,True,False,True,0.0,0.0
full_coverage_complete,AQgirlwalkinrain,290,5,2,5,True,False,True,0.0,0.0
full_coverage_complete,AQgirlwalkinrain,291,0,0,1,True,False,True,0.0,0.0
full_coverage_complete,AQgirlwalkinrain,292,0,0,4,True,False,True,0.0,0.0
full_coverage_complete,AQgirlwalkinrain,293,0,1,1,True,False,True,0.0,0.0
full_coverage_complete,AQgirlwalkinrain,294,0,0,5,True,False,True,0.0,0.0
full_coverage_complete,AQgirlwalkinrain,295,5,1,5,True,False,True,0.0,0.0
full_coverage_complete,AQgirlwalkinrain,296,0,0,1,True,False,True,0.0,0.0
full_coverage_complete,AQgirlwalkinrain,297,0,0,5,True,False,True,0.0,0.0
full_coverage_complete,AQgirlwalkinrain,298,0,0,5,True,False,True,0.0,0.0
full_coverage_complete,AQgirlwalkinrain,300,0,0,5,True,False,True,0.0,0.0
full_coverage_complete,AQgirlwalkinrain,301,0,0,5,True,False,True,0.0,0.0
full_coverage_complete,AQgirlwalkinrain,302,0,0,5,True,False,True,0.0,0.0
full_coverage_complete,AQgirlwalkinrain,303,0,0,5,True,False,True,0.0,0.0
full_coverage_complete,AQgirlwalkinrain,304,0,2,5,True,False,True,0.0,0.0
full_coverage_complete,AQgirlwalkinrain,305,1,0,1,True,False,True,0.0,0.0
full_coverage_complete,AQgirlwalkinrain,306,0,0,5,True,False,True,0.0,0.0
full_coverage_complete,AQgirlwalkinrain,307,0,0,4,True,False,True,0.0,0.0
full_coverage_complete,AQgirlwalkinrain,308,0,0,5,True,False,True,0.0,0.0
full_coverage_complete,AQgirlwalkinrain,309,0,0,5,True,False,True,0.0,0.0
full_coverage_complete,AQgirlwalkinrain,310,5,0,5,True,False,True,0.0,0.0
full_coverage_complete,AQgirlwalkinrain,311,0,0,5,True,False,True,0.0,0.0
full_coverage_complete,AQgirlwalkinrain,312,5,2,5,True,False,True,0.0,0.0
full_coverage_complete,AQgirlwalkinrain,313,0,0,4,True,False,True,0.0,0.0
full_coverage_complete,AQgirlwalkinrain,314,0,0,4,True,False,True,0.0,0.0
full_coverage_complete,AQgirlwalkinrain,315,0,0,1,True,False,True,0.0,0.0
full_coverage_complete,AQgirlwalkinrain,316,0,0,1,True,False,True,0.0,0.0
full_coverage_complete,AQgirlwalkinrain,317,0,0,5,True,False,True,0.0,0.0
full_coverage_complete,AQgirlwalkinrain,318,1,4,1,True,False,True,0.0,0.0
full_coverage_complete,AQgirlwalkinrain,319,5,0,5,True,False,True,0.0,0.0
full_coverage_complete,AQgirlwalkinrain,320,0,0,5,True,False,True,0.0,0.0
full_coverage_complete,AQgirlwalkinrain,321,0,0,1,True,False,True,0.0,0.0
full_coverage_complete,AQgirlwalkinrain,322,0,0,1,True,False,True,0.0,0.0
full_coverage_complete,AQgirlwalkinrain,323,0,0,1,True,False,True,0.0,0.0
full_coverage_complete,AQgirlwalkinrain,324,0,0,1,True,False,True,0.0,0.0
full_coverage_complete,AQgirlwalkinrain,325,1,0,1,True,False,True,0.0,0.0
full_coverage_complete,AQgirlwalkinrain,326,0,0,5,True,False,True,0.0,0.0
full_coverage_complete,AQgirlwalkinrain,327,0,0,1,True,False,True,0.0,0.0
full_coverage_complete,AQgirlwalkinrain,328,0,0,5,True,False,True,0.0,0.0
full_coverage_complete,AQgirlwalkinrain,329,4,4,4,True,False,True,0.0,0.0
full_coverage_complete,AQgirlwalkinrain,330,5,3,5,True,False,True,0.0,0.0
full_coverage_complete,AQgirlwalkinrain,331,5,1,5,True,False,True,0.0,0.0
full_coverage_complete,AQgirlwalkinrain,332,0,0,4,True,False,True,0.0,0.0
full_coverage_complete,AQgirlwalkinrain,333,0,0,5,True,False,True,0.0,0.0
full_coverage_complete,AQgirlwalkinrain,334,0,0,1,True,False,True,0.0,0.0
full_coverage_complete,AQgirlwalkinrain,335,0,0,1,True,False,True,0.0,0.0
full_coverage_complete,AQgirlwalkinrain,336,5,0,5,True,False,True,0.0,0.0
full_coverage_complete,AQgirlwalkinrain,337,0,0,1,True,False,True,0.0,0.0
full_coverage_complete,AQgirlwalkinrain,338,4,0,4,True,False,True,0.0,0.0
full_coverage_complete,AQgirlwalkinrain,339,5,0,5,True,False,True,0.0,0.0
full_coverage_complete,AQgirlwalkinrain,340,0,0,5,True,False,True,0.0,0.0
full_coverage_complete,AQgirlwalkinrain,341,5,1,5,True,False,True,0.0,0.0
full_coverage_complete,AQgirlwalkinrain,342,4,0,4,True,False,True,0.0,0.0
full_coverage_complete,AQgirlwalkinrain,343,0,0,5,True,False,True,0.0,0.0
full_coverage_complete,AQgirlwalkinrain,344,0,1,5,True,False,True,0.0,0.0
full_coverage_complete,AQgirlwalkinrain,345,5,0,5,True,False,True,0.0,0.0
full_coverage_complete,AQgirlwalkinrain,346,0,0,5,True,False,True,0.0,0.0
full_coverage_complete,AQgirlwalkinrain,347,0,0,5,True,False,True,0.0,0.0
full_coverage_complete,AQgirlwalkinrain,348,0,0,5,True,False,True,0.0,0.0
full_coverage_complete,AQgirlwalkinrain,349,0,1,5,True,False,True,0.0,0.0
full_coverage_complete,AQgirlwalkinrain,350,0,1,5,True,False,True,0.0,0.17635715075562097
full_coverage_complete,ab_bikeoccluded,30,0,0,5,True,False,False,,
full_coverage_complete,ab_bikeoccluded,31,0,0,5,True,False,False,,
full_coverage_complete,ab_bikeoccluded,32,0,0,5,True,False,False,,
full_coverage_complete,ab_bikeoccluded,33,0,0,5,True,False,False,,
full_coverage_complete,ab_bikeoccluded,34,0,0,5,True,False,False,,
full_coverage_complete,ab_bikeoccluded,35,0,0,5,True,False,False,,
full_coverage_complete,ab_bikeoccluded,36,0,0,5,True,False,False,,
full_coverage_complete,ab_bikeoccluded,37,0,0,5,True,False,False,,
full_coverage_complete,ab_bikeoccluded,38,0,0,5,True,False,False,,
full_coverage_complete,ab_bikeoccluded,39,0,0,5,True,False,False,,
full_coverage_complete,ab_bikeoccluded,40,0,0,5,True,False,False,,
full_coverage_complete,ab_bikeoccluded,41,0,0,5,True,False,False,,
full_coverage_complete,ab_bikeoccluded,42,0,0,5,True,False,False,,
full_coverage_complete,ab_bikeoccluded,44,0,0,5,True,False,False,,
full_coverage_complete,ab_bikeoccluded,45,0,0,5,True,False,False,,
full_coverage_complete,ab_bikeoccluded,46,0,0,5,True,False,False,,
full_coverage_complete,ab_bikeoccluded,47,0,0,5,True,False,False,,
full_coverage_complete,ab_bikeoccluded,48,0,0,5,True,False,False,,
full_coverage_complete,ab_bikeoccluded,49,0,0,5,True,False,False,,
full_coverage_complete,ab_bikeoccluded,50,0,0,5,True,False,False,,
full_coverage_complete,ab_bikeoccluded,51,0,0,5,True,False,False,,
full_coverage_complete,ab_bikeoccluded,52,0,0,5,True,False,False,,
full_coverage_complete,ab_bikeoccluded,55,0,0,5,True,False,False,,
full_coverage_complete,ab_bikeoccluded,57,0,0,5,True,False,False,,
full_coverage_complete,ab_bikeoccluded,58,0,0,5,True,False,False,,
full_coverage_complete,ab_bikeoccluded,59,0,0,5,True,False,False,,
full_coverage_complete,ab_bikeoccluded,60,0,0,5,True,False,False,,
full_coverage_complete,ab_bikeoccluded,62,0,0,5,True,False,False,,
full_coverage_complete,ab_bikeoccluded,63,0,0,5,True,False,False,,
full_coverage_complete,ab_bikeoccluded,64,0,0,5,True,False,False,,
full_coverage_complete,ab_bikeoccluded,65,0,0,5,True,False,False,,
full_coverage_complete,ab_bikeoccluded,66,0,0,5,True,False,False,,
full_coverage_complete,ab_bikeoccluded,67,0,0,5,True,False,False,,
full_coverage_complete,ab_bikeoccluded,68,0,0,5,True,False,False,,
full_coverage_complete,ab_bikeoccluded,69,0,0,5,True,False,True,0.0,0.0
full_coverage_complete,ab_bikeoccluded,70,0,0,5,True,False,True,0.0,0.0
full_coverage_complete,ab_bikeoccluded,71,0,0,5,True,False,True,0.327794354317402,0.327794354317402
full_coverage_complete,ab_bikeoccluded,72,0,0,6,True,False,True,0.7440035207908513,0.7440035207908513
full_coverage_complete,ab_blkskirtgirl,13,0,0,2,True,False,True,0.7980435267658142,0.7980435267658142
full_coverage_complete,ab_blkskirtgirl,19,0,0,4,True,False,True,0.4226059560195883,0.4226059560195883
full_coverage_complete,ab_blkskirtgirl,20,0,0,5,True,False,True,0.21001783502610205,0.21001783502610205
full_coverage_complete,ab_blkskirtgirl,21,0,0,5,True,False,True,0.5667405079661043,0.5667405079661043
full_coverage_complete,ab_blkskirtgirl,22,0,0,5,True,False,True,0.0,0.0
full_coverage_complete,ab_blkskirtgirl,23,0,0,1,True,False,True,0.19670824372592105,0.19670824372592105
full_coverage_complete,ab_blkskirtgirl,24,0,0,5,True,False,True,0.7424653403612061,0.7424653403612061
full_coverage_complete,ab_blkskirtgirl,27,0,0,4,True,False,True,0.8441034021107882,0.8441034021107882
full_coverage_complete,ab_blkskirtgirl,30,0,0,4,True,False,True,0.5347424905568845,0.5347424905568845
full_coverage_complete,ab_blkskirtgirl,31,0,0,4,True,False,True,0.7287333870166758,0.7287333870166758
full_coverage_complete,ab_blkskirtgirl,32,0,0,4,True,False,True,0.25930118266043617,0.25930118266043617
full_coverage_complete,ab_blkskirtgirl,33,0,1,1,True,False,True,0.0,0.0
full_coverage_complete,ab_blkskirtgirl,34,0,0,6,True,False,True,0.0,0.0
full_coverage_complete,ab_blkskirtgirl,35,0,0,4,True,False,True,0.0,0.0
full_coverage_complete,ab_blkskirtgirl,36,0,0,4,True,False,True,0.0,0.0
full_coverage_complete,ab_blkskirtgirl,37,0,0,4,True,False,True,0.0,0.0
full_coverage_complete,ab_blkskirtgirl,38,4,0,4,True,False,True,0.0,0.8293703250722264
full_coverage_complete,ab_blkskirtgirl,54,0,0,5,True,False,True,0.5017602193580128,0.5017602193580128
full_coverage_complete,ab_blkskirtgirl,55,0,0,5,True,False,True,0.7253614263637405,0.7253614263637405
full_coverage_complete,ab_blkskirtgirl,56,0,0,4,True,False,True,0.7248167451865023,0.7248167451865023
full_coverage_complete,ab_blkskirtgirl,58,0,0,5,True,False,True,0.4712900159005454,0.4712900159005454
full_coverage_complete,ab_blkskirtgirl,59,0,0,5,True,False,True,0.0,0.0
full_coverage_complete,ab_blkskirtgirl,60,0,0,5,True,False,True,0.0,0.0
full_coverage_complete,ab_blkskirtgirl,61,5,0,5,True,False,True,0.0,0.0
full_coverage_complete,ab_blkskirtgirl,62,0,0,5,True,False,True,0.0,0.0
full_coverage_complete,ab_blkskirtgirl,63,0,0,5,True,False,True,0.0,0.0
full_coverage_complete,ab_blkskirtgirl,64,0,0,4,True,False,True,0.0,0.0
full_coverage_complete,ab_blkskirtgirl,65,0,0,4,True,False,True,0.0,0.0
full_coverage_complete,ab_blkskirtgirl,66,0,0,4,True,False,True,0.0,0.0
full_coverage_complete,ab_blkskirtgirl,68,0,0,5,True,False,True,0.0,0.0
full_coverage_complete,ab_blkskirtgirl,69,0,0,5,True,False,True,0.0,0.0
full_coverage_complete,ab_blkskirtgirl,70,4,3,4,True,False,True,0.0,0.0
full_coverage_complete,ab_blkskirtgirl,71,0,0,5,True,False,True,0.0,0.0
full_coverage_complete,ab_blkskirtgirl,75,0,0,1,True,False,True,0.0,0.0
full_coverage_complete,ab_blkskirtgirl,78,0,0,1,True,False,True,0.0,0.0
full_coverage_complete,ab_blkskirtgirl,80,0,0,2,True,False,True,0.0,0.0
full_coverage_complete,ab_blkskirtgirl,86,0,0,1,True,False,True,0.0,0.0
full_coverage_complete,ab_blkskirtgirl,87,0,0,4,True,False,True,0.0,0.0
full_coverage_complete,ab_blkskirtgirl,90,0,0,4,True,False,True,0.0,0.0
full_coverage_complete,ab_blkskirtgirl,91,0,0,5,True,False,True,0.0,0.0
full_coverage_complete,ab_blkskirtgirl,92,0,0,1,True,False,True,0.0,0.0
full_coverage_complete,ab_blkskirtgirl,93,0,0,1,True,False,True,0.0,0.0
full_coverage_complete,ab_blkskirtgirl,94,0,0,5,True,False,True,0.0,0.0
full_coverage_complete,ab_blkskirtgirl,95,0,0,4,True,False,True,0.048972102993138915,0.048972102993138915
full_coverage_complete,ab_blkskirtgirl,96,0,0,4,True,False,True,0.497368399696375,0.497368399696375
full_coverage_complete,ab_blkskirtgirl,98,0,0,1,True,False,True,0.7622109912554451,0.7622109912554451
full_coverage_complete,ab_blkskirtgirl,99,0,0,5,True,False,True,0.6303812141562107,0.6303812141562107
full_coverage_complete,ab_blkskirtgirl,103,0,0,1,True,False,True,0.63555628000728,0.63555628000728
full_coverage_complete,ab_blkskirtgirl,105,0,0,5,True,False,True,0.8070424747779451,0.8070424747779451
full_coverage_complete,ab_blkskirtgirl,106,0,0,4,True,False,True,0.6280088152761106,0.6280088152761106
full_coverage_complete,ab_blkskirtgirl,107,0,0,4,True,False,True,0.6538675155534137,0.6538675155534137
full_coverage_complete,ab_blkskirtgirl,111,0,0,4,True,False,True,0.7575379056215865,0.7575379056215865
full_coverage_complete,ab_blkskirtgirl,112,0,0,4,True,False,True,0.0,0.0
full_coverage_complete,ab_blkskirtgirl,113,5,0,5,True,False,True,0.0,0.0
full_coverage_complete,ab_blkskirtgirl,114,0,0,5,True,False,True,0.0,0.0
full_coverage_complete,ab_blkskirtgirl,115,0,0,4,True,False,True,0.054489653462252916,0.054489653462252916
full_coverage_complete,ab_blkskirtgirl,116,0,0,5,True,False,True,0.5835421225407789,0.5835421225407789
full_coverage_complete,ab_blkskirtgirl,118,0,0,4,True,False,True,0.8028992536544804,0.8028992536544804
full_coverage_complete,ab_blkskirtgirl,119,0,0,1,True,False,True,0.6933379478527554,0.6933379478527554
full_coverage_complete,ab_blkskirtgirl,120,0,0,1,True,False,True,0.231556035355387,0.231556035355387
full_coverage_complete,ab_blkskirtgirl,121,5,0,5,True,False,True,0.2189410936890868,0.5004851643151712
full_coverage_complete,ab_blkskirtgirl,122,0,0,2,True,False,True,0.6489576708335822,0.6489576708335822
full_coverage_complete,ab_blkskirtgirl,123,5,0,5,True,False,True,0.5501899110258738,0.5817943728235918
full_coverage_complete,ab_blkskirtgirl,124,5,2,5,True,False,True,0.38390221132996316,0.6946625934468257
full_coverage_complete,ab_blkskirtgirl,125,5,0,5,True,False,True,0.4329881879544467,0.5456141910588882
full_coverage_complete,ab_blkskirtgirl,126,5,3,5,True,False,True,0.11608053522270617,0.6650228572283347
full_coverage_complete,ab_blkskirtgirl,138,5,0,5,True,False,True,0.8558912966689863,0.7805312014247234
full_coverage_complete,ab_blkskirtgirl,139,0,0,1,True,False,True,0.82449863407545,0.82449863407545
full_coverage_complete,ab_blkskirtgirl,144,0,0,1,True,False,True,0.7352490757340802,0.7352490757340802
full_coverage_complete,ab_blkskirtgirl,153,0,0,5,True,False,True,0.7585035906962778,0.7585035906962778
full_coverage_complete,ab_blkskirtgirl,154,0,0,5,True,False,True,0.741465903083304,0.741465903083304
full_coverage_complete,ab_bolstershaking,11,0,0,5,True,False,True,0.666820015163257,0.666820015163257
full_coverage_complete,ab_bolstershaking,17,0,0,1,True,False,True,0.5319859780748977,0.5319859780748977
full_coverage_complete,ab_bolstershaking,26,0,0,1,True,False,True,0.2232207826947671,0.2232207826947671
full_coverage_complete,ab_bolstershaking,30,0,0,1,True,False,True,0.4033555477997437,0.4033555477997437
full_coverage_complete,ab_bolstershaking,31,0,0,1,True,False,True,0.2108674010709248,0.2108674010709248
full_coverage_complete,ab_bolstershaking,32,0,0,1,True,False,True,0.40223772450051015,0.40223772450051015
full_coverage_complete,ab_bolstershaking,34,0,0,1,True,False,True,0.7343426508814709,0.7343426508814709
full_coverage_complete,ab_bolstershaking,43,0,0,5,True,False,True,0.5545450763392115,0.5545450763392115
full_coverage_complete,ab_bolstershaking,44,0,0,5,True,False,True,0.37693802980126334,0.37693802980126334
full_coverage_complete,ab_bolstershaking,45,0,0,1,True,False,True,0.35210517640144384,0.35210517640144384
full_coverage_complete,ab_bolstershaking,51,0,0,1,True,False,True,0.7475548205998374,0.7475548205998374
full_coverage_complete,ab_bolstershaking,57,0,0,1,True,False,True,0.5913558629487204,0.5913558629487204
full_coverage_complete,ab_bolstershaking,75,0,0,4,True,False,True,0.20219126233021578,0.20219126233021578
full_coverage_complete,ab_bolstershaking,76,0,0,1,True,False,True,0.19706166951245568,0.19706166951245568
full_coverage_complete,ab_bolstershaking,81,1,1,1,True,False,True,0.6565348088090731,0.0
full_coverage_complete,ab_bolstershaking,82,0,0,1,True,False,True,0.4941805098220054,0.4941805098220054
full_coverage_complete,ab_bolstershaking,83,5,0,5,True,False,True,0.6302235968053758,0.6765254222549987
full_coverage_complete,ab_bolstershaking,101,0,0,5,True,False,True,0.7293289281150693,0.7293289281150693
full_coverage_complete,ab_bolstershaking,102,0,0,5,True,False,True,0.7808281880269345,0.7808281880269345
full_coverage_complete,ab_bolstershaking,103,0,0,5,True,False,True,0.5365408349796277,0.5365408349796277
full_coverage_complete,ab_bolstershaking,104,0,0,5,True,False,True,0.35968203597271964,0.35968203597271964
full_coverage_complete,ab_bolstershaking,105,0,0,5,True,False,True,0.7694544001004444,0.7694544001004444
full_coverage_complete,ab_bolstershaking,114,0,0,4,True,False,True,0.5234740108704113,0.5234740108704113
full_coverage_complete,ab_bolstershaking,115,0,0,4,True,False,True,0.262103738926631,0.262103738926631
full_coverage_complete,ab_bolstershaking,116,0,0,4,True,False,True,0.360304205027227,0.360304205027227
full_coverage_complete,ab_bolstershaking,117,0,0,1,True,False,True,0.5327113243660453,0.5327113243660453
full_coverage_complete,ab_bolstershaking,126,0,0,6,True,False,True,0.2249013242288712,0.2249013242288712
full_coverage_complete,ab_bolstershaking,141,0,0,5,True,False,True,0.057893213976597566,0.057893213976597566
full_coverage_complete,ab_bolstershaking,142,0,0,2,True,False,True,0.0,0.5800654140599005
full_coverage_complete,ab_bolstershaking,151,0,0,1,True,False,True,0.46843814104800485,0.46843814104800485
full_coverage_complete,ab_bolstershaking,167,0,0,1,True,False,True,0.514431654758158,0.514431654758158
full_coverage_complete,ab_bolstershaking,168,0,0,6,True,False,True,0.4302119248709664,0.4302119248709664
full_coverage_complete,ab_bolstershaking,188,0,0,1,True,False,True,0.4674145146569709,0.4674145146569709
full_coverage_complete,ab_bolstershaking,194,0,0,5,True,False,True,0.758983539312467,0.758983539312467
full_coverage_complete,ab_bolstershaking,200,0,0,1,True,False,True,0.7477723892426703,0.7477723892426703
full_coverage_complete,ab_bolstershaking,202,0,0,1,True,False,True,0.6331723608290875,0.6331723608290875
full_coverage_complete,ab_bolstershaking,206,0,0,1,True,False,True,0.7376083509876233,0.7376083509876233
full_coverage_complete,ab_bolstershaking,222,0,0,5,True,False,True,0.4703698439771593,0.4703698439771593
full_coverage_complete,ab_bolstershaking,223,0,0,5,True,False,True,0.36775672873209614,0.36775672873209614
full_coverage_complete,ab_bolstershaking,224,0,0,6,True,False,True,0.6369933662042663,0.6369933662042663
full_coverage_complete,ab_bolstershaking,244,0,0,1,True,False,True,0.6134640884593596,0.6134640884593596
full_coverage_complete,ab_bolstershaking,245,0,0,1,True,False,True,0.7076007164206413,0.7076007164206413
full_coverage_complete,ab_bolstershaking,257,5,0,5,True,False,True,0.5630416892984863,0.5745840116268949
full_coverage_complete,ab_bolstershaking,258,0,0,4,True,False,True,0.46916111085669704,0.46916111085669704
full_coverage_complete,ab_bolstershaking,259,0,0,5,True,False,True,0.29504578838188605,0.29504578838188605
full_coverage_complete,ab_bolstershaking,260,0,0,4,True,False,True,0.0,0.0
full_coverage_complete,ab_bolstershaking,261,0,1,1,True,False,True,0.0,0.4495875923065875
full_coverage_complete,ab_bolstershaking,262,0,0,5,True,False,True,0.45467394394574057,0.45467394394574057
full_coverage_complete,ab_bolstershaking,273,0,0,1,True,False,True,0.7023390355847238,0.7023390355847238
full_coverage_complete,ab_bolstershaking,274,0,0,6,True,False,True,0.08053721528777835,0.08053721528777835
full_coverage_complete,ab_bolstershaking,286,0,0,6,True,False,True,0.7716865965533903,0.7716865965533903
full_coverage_complete,ab_bolstershaking,293,5,0,5,True,False,True,0.41853124906455974,0.4097287172677021
full_coverage_complete,ab_bolstershaking,294,0,0,5,True,False,True,0.8204106054531147,0.8204106054531147
full_coverage_complete,ab_bolstershaking,298,0,0,1,True,False,True,0.4099117012338187,0.4099117012338187
full_coverage_complete,ab_bolstershaking,299,0,0,6,True,False,True,0.4128832183283164,0.4128832183283164
full_coverage_complete,ab_bolstershaking,300,0,0,6,True,False,True,0.23966710440477565,0.23966710440477565
full_coverage_complete,ab_bolstershaking,301,6,0,6,True,False,True,0.2589109902227164,0.2594622531032038
full_coverage_complete,ab_bolstershaking,302,0,0,1,True,False,True,0.0,0.0
full_coverage_complete,ab_bolstershaking,303,0,0,6,True,False,True,0.4961389743824274,0.4961389743824274
full_coverage_complete,ab_bolstershaking,311,0,0,1,True,False,True,0.5959766127215139,0.5959766127215139
full_coverage_complete,ab_bolstershaking,312,0,0,5,True,False,True,0.4401687425856684,0.4401687425856684
full_coverage_complete,ab_bolstershaking,313,0,0,4,True,False,True,0.31618070334942266,0.31618070334942266
full_coverage_complete,ab_bolstershaking,314,0,0,1,True,False,True,0.3904689082182663,0.3904689082182663
full_coverage_complete,ab_bolstershaking,317,0,0,1,True,False,True,0.34561057000061834,0.34561057000061834
full_coverage_complete,ab_bolstershaking,319,0,0,4,True,False,True,0.24946234735870645,0.24946234735870645
full_coverage_complete,ab_bolstershaking,320,0,0,1,True,False,True,0.1880781943912112,0.1880781943912112
full_coverage_complete,ab_bolstershaking,321,0,0,4,True,False,True,0.16131984022459656,0.16131984022459656
full_coverage_complete,ab_bolstershaking,322,0,0,5,True,False,True,0.175827624077282,0.175827624077282
full_coverage_complete,ab_bolstershaking,323,0,0,6,True,False,True,0.3223015292862811,0.3223015292862811
full_coverage_complete,ab_bolstershaking,325,0,0,1,True,False,True,0.3303738028136815,0.3303738028136815
full_coverage_complete,ab_bolstershaking,326,0,0,4,True,False,True,0.28123625483350406,0.28123625483350406
full_coverage_complete,ab_bolstershaking,327,0,0,5,True,False,True,0.15223005871193315,0.15223005871193315
full_coverage_complete,ab_bolstershaking,328,0,0,1,True,False,True,0.12670597635682818,0.12670597635682818
full_coverage_complete,ab_bolstershaking,329,0,0,5,True,False,True,0.1352998147094897,0.1352998147094897
full_coverage_complete,ab_bolstershaking,330,0,0,5,True,False,True,0.1897450305784799,0.1897450305784799
full_coverage_complete,ab_bolstershaking,331,0,0,5,True,False,True,0.1960990047740891,0.1960990047740891
full_coverage_complete,ab_bolstershaking,332,0,0,5,True,False,True,0.21196427603444729,0.21196427603444729
full_coverage_complete,ab_bolstershaking,334,0,0,5,True,False,True,0.22438911845595605,0.22438911845595605
full_coverage_complete,ab_bolstershaking,336,0,0,5,True,False,True,0.23860827091316572,0.23860827091316572
full_coverage_complete,ab_bolstershaking,337,0,0,5,True,False,True,0.22343170247471358,0.22343170247471358
full_coverage_complete,ab_bolstershaking,338,0,0,1,True,False,True,0.1440474709102933,0.1440474709102933
full_coverage_complete,ab_bolstershaking,339,0,0,5,True,False,True,0.13585830297151427,0.13585830297151427
full_coverage_complete,ab_bolstershaking,340,0,0,5,True,False,True,0.06253187181764867,0.06253187181764867
full_coverage_complete,ab_bolstershaking,342,0,0,5,True,False,True,0.0877640659885791,0.0877640659885791
full_coverage_complete,ab_bolstershaking,343,0,0,6,True,False,True,0.008541835060891893,0.008541835060891893
full_coverage_complete,ab_bolstershaking,344,0,0,5,True,False,True,0.023645763070787074,0.023645763070787074
full_coverage_complete,ab_bolstershaking,345,0,0,5,True,False,True,0.005390724102422796,0.005390724102422796
full_coverage_complete,ab_bolstershaking,346,0,0,5,True,False,True,0.018908593590213633,0.018908593590213633
full_coverage_complete,ab_bolstershaking,347,0,0,6,True,False,True,0.021922638743298375,0.021922638743298375
full_coverage_complete,ab_bolstershaking,350,0,0,6,True,False,True,0.0,0.0
full_coverage_complete,ab_bolstershaking,351,0,0,5,True,False,True,0.0,0.0
full_coverage_complete,ab_bolstershaking,352,6,0,6,True,False,True,0.0,0.4944664768752983
full_coverage_complete,ab_bolstershaking,353,0,0,6,True,False,True,0.5127776062847368,0.5127776062847368
full_coverage_complete,ab_bolstershaking,357,5,1,5,True,False,True,0.6995179406153976,0.561664220671791
full_coverage_complete,ab_bolstershaking,358,0,0,5,True,False,True,0.725308701641676,0.725308701641676
full_coverage_complete,ab_bolstershaking,359,0,0,6,True,False,True,0.6522732289176475,0.6522732289176475
full_coverage_complete,ab_bolstershaking,360,0,0,5,True,False,True,0.4378715078463816,0.4378715078463816
full_coverage_complete,ab_bolstershaking,361,5,0,5,True,False,True,0.6130672712585444,0.7382200633465129
full_coverage_complete,ab_bolstershaking,362,6,3,6,True,False,True,0.7839726014438237,0.777958867526307
full_coverage_complete,ab_bolstershaking,363,0,0,6,True,False,True,0.6876617136024307,0.6876617136024307
full_coverage_complete,ab_bolstershaking,365,0,0,5,True,False,True,0.37966798753522113,0.37966798753522113
full_coverage_complete,ab_bolstershaking,366,5,0,5,True,False,True,0.3517157216866721,0.4345231455863513
full_coverage_complete,ab_bolstershaking,367,0,0,6,True,False,True,0.5484318467805184,0.5484318467805184
full_coverage_complete,ab_bolstershaking,368,4,0,4,True,False,True,0.3450751826743095,0.0
full_coverage_complete,ab_bolstershaking,369,0,0,5,True,False,True,0.0,0.0
full_coverage_complete,ab_bolstershaking,370,0,0,5,True,False,True,0.0,0.0
full_coverage_complete,ab_bolstershaking,371,0,0,5,True,False,True,0.06909629592200657,0.06909629592200657
full_coverage_complete,ab_bolstershaking,374,0,0,5,True,False,True,0.17356235855709418,0.17356235855709418
full_coverage_complete,ab_bolstershaking,376,0,0,5,True,False,True,0.14004376153793383,0.14004376153793383
full_coverage_complete,ab_bolstershaking,377,0,0,2,True,False,True,0.2326699947109166,0.2326699947109166
full_coverage_complete,ab_bolstershaking,378,0,0,1,True,False,True,0.25213445826821856,0.25213445826821856
full_coverage_complete,ab_bolstershaking,379,0,0,1,True,False,True,0.27915715355876647,0.27915715355876647
full_coverage_complete,ab_bolstershaking,380,1,0,1,True,False,True,0.24081447811678505,0.2050093793650762
full_coverage_complete,ab_bolstershaking,381,0,0,1,True,False,True,0.06646268239633132,0.06646268239633132
full_coverage_complete,ab_bolstershaking,382,0,0,1,True,False,True,0.04550189937266559,0.04550189937266559
full_coverage_complete,ab_bolstershaking,383,0,0,1,True,False,True,0.46758585567160726,0.46758585567160726
full_coverage_complete,ab_bolstershaking,386,6,0,6,True,False,True,0.13900101540734094,0.15977140602622283
full_coverage_complete,ab_bolstershaking,387,0,0,6,True,False,True,0.183511707323918,0.183511707323918
full_coverage_complete,ab_bolstershaking,388,0,0,5,True,False,True,0.1216828905609219,0.1216828905609219
full_coverage_complete,ab_bolstershaking,389,0,0,5,True,False,True,0.1412831875686661,0.1412831875686661
full_coverage_complete,ab_bolstershaking,390,0,0,5,True,False,True,0.07929000299641274,0.07929000299641274
full_coverage_complete,ab_bolstershaking,391,0,0,5,True,False,True,0.19112207973576223,0.19112207973576223
full_coverage_complete,ab_bolstershaking,392,0,0,6,True,False,True,0.24476271048406845,0.24476271048406845
full_coverage_complete,ab_bolstershaking,393,0,0,5,True,False,True,0.2672078288460072,0.2672078288460072
full_coverage_complete,ab_bolstershaking,394,0,0,5,True,False,True,0.345884037572532,0.345884037572532
full_coverage_complete,ab_bolstershaking,395,0,0,5,True,False,True,0.7152854730994149,0.7152854730994149
full_coverage_complete,ab_bolstershaking,396,5,0,5,True,False,True,0.74462005378966,0.6754103950810991
full_coverage_complete,ab_bolstershaking,397,0,0,6,True,False,True,0.547129526217536,0.547129526217536
full_coverage_complete,ab_bolstershaking,401,0,0,6,True,False,True,0.45526553081142696,0.45526553081142696
full_coverage_complete,ab_bolstershaking,402,0,0,6,True,False,True,0.49095337179928683,0.49095337179928683
full_coverage_complete,ab_bolstershaking,403,0,0,6,True,False,True,0.39958496381323444,0.39958496381323444
full_coverage_complete,ab_bolstershaking,404,0,0,5,True,False,True,0.5047864693347052,0.5047864693347052
full_coverage_complete,ab_bolstershaking,405,0,0,5,True,False,True,0.3503241654037644,0.3503241654037644
full_coverage_complete,ab_bolstershaking,406,0,0,5,True,False,True,0.03543432939904076,0.03543432939904076
full_coverage_complete,ab_bolstershaking,407,0,0,4,True,False,True,0.212091399739286,0.212091399739286
full_coverage_complete,ab_bolstershaking,408,0,0,5,True,False,True,0.2626967835046873,0.2626967835046873
full_coverage_complete,ab_bolstershaking,409,0,0,6,True,False,True,0.23326216098171534,0.23326216098171534
full_coverage_complete,ab_bolstershaking,410,0,0,5,True,False,True,0.2377288174679336,0.2377288174679336
full_coverage_complete,ab_bolstershaking,411,0,0,5,True,False,True,0.30026501865131633,0.30026501865131633
full_coverage_complete,ab_bolstershaking,412,0,0,5,True,False,True,0.2653922541887028,0.2653922541887028
full_coverage_complete,ab_bolstershaking,413,0,0,5,True,False,True,0.18813808548720262,0.18813808548720262
full_coverage_complete,ab_bolstershaking,414,0,0,5,True,False,True,0.28060892182595576,0.28060892182595576
full_coverage_complete,ab_bolstershaking,415,0,0,5,True,False,True,0.3073685335772679,0.3073685335772679
full_coverage_complete,ab_bolstershaking,416,0,0,5,True,False,True,0.13060861672774784,0.13060861672774784
full_coverage_complete,ab_bolstershaking,417,0,0,5,True,False,True,0.12041272625123732,0.12041272625123732
full_coverage_complete,ab_bolstershaking,418,0,0,5,True,False,True,0.20164661001027334,0.20164661001027334
full_coverage_complete,ab_bolstershaking,419,0,0,5,True,False,True,0.21742002835932253,0.21742002835932253
full_coverage_complete,ab_bolstershaking,420,0,0,6,True,False,True,0.47823610161261737,0.47823610161261737
full_coverage_complete,ab_bolstershaking,421,0,0,1,True,False,True,0.6606298332073651,0.6606298332073651
full_coverage_complete,ab_bolstershaking,423,0,0,1,True,False,True,0.800137012973508,0.800137012973508
full_coverage_complete,ab_bolstershaking,427,5,0,5,True,False,True,0.7269620644361497,0.8569757913751216
full_coverage_complete,ab_bolstershaking,428,0,0,6,True,False,True,0.161398596291639,0.161398596291639
full_coverage_complete,ab_bolstershaking,429,0,0,5,True,False,True,0.752013574640337,0.752013574640337
full_coverage_complete,ab_bolstershaking,430,0,0,6,True,False,True,0.8419260687902211,0.8419260687902211
full_coverage_complete,ab_bolstershaking,436,0,0,5,True,False,True,0.37655003980279694,0.37655003980279694
full_coverage_complete,ab_bolstershaking,438,0,1,1,True,False,True,0.10960931885879661,0.884509948757506
full_coverage_complete,ab_bolstershaking,439,0,0,5,True,False,True,0.8532104302173622,0.8532104302173622
full_coverage_complete,ab_bolstershaking,440,0,0,1,True,False,True,0.8685591931542047,0.8685591931542047
full_coverage_complete,ab_bolstershaking,441,0,0,1,True,False,True,0.8508416177905928,0.8508416177905928
full_coverage_complete,ab_bolstershaking,442,0,0,5,True,False,True,0.822994308723427,0.822994308723427
full_coverage_complete,ab_bolstershaking,443,0,0,1,True,False,True,0.6959228819931116,0.6959228819931116
full_coverage_complete,ab_bolstershaking,444,0,0,1,True,False,True,0.5353527197108785,0.5353527197108785
full_coverage_complete,ab_bolstershaking,445,0,0,1,True,False,True,0.7505165676152142,0.7505165676152142
full_coverage_complete,ab_bolstershaking,446,5,0,5,True,False,True,0.6714571102034679,0.7427762596477031
full_coverage_complete,ab_bolstershaking,448,0,0,1,True,False,True,0.3994542176810728,0.3994542176810728
full_coverage_complete,ab_bolstershaking,449,0,0,1,True,False,True,0.5029854945843076,0.5029854945843076
full_coverage_complete,ab_bolstershaking,450,0,0,4,True,False,True,0.4692358951534226,0.4692358951534226
full_coverage_complete,ab_bolstershaking,451,4,3,4,True,False,True,0.3927931842610587,0.4700299697121329
full_coverage_complete,ab_bolstershaking,452,0,0,4,True,False,True,0.33357228671099604,0.33357228671099604
full_coverage_complete,ab_bolstershaking,453,0,0,1,True,False,True,0.43482894779058295,0.43482894779058295
full_coverage_complete,ab_bolstershaking,454,0,0,4,True,False,True,0.6105073877124104,0.6105073877124104
full_coverage_complete,ab_bolstershaking,456,0,0,5,True,False,True,0.5515353208401194,0.5515353208401194
full_coverage_complete,ab_bolstershaking,460,0,0,6,True,False,True,0.6801760269402973,0.6801760269402973
full_coverage_complete,ab_bolstershaking,462,0,0,1,True,False,True,0.6962804658541012,0.6962804658541012
full_coverage_complete,ab_bolstershaking,463,0,0,1,True,False,True,0.43696854222919834,0.43696854222919834
full_coverage_complete,ab_bolstershaking,464,0,0,4,True,False,True,0.6080961279714504,0.6080961279714504
full_coverage_complete,ab_bolstershaking,471,0,0,1,True,False,True,0.5239861333837238,0.5239861333837238
full_coverage_complete,ab_bolstershaking,472,0,0,1,True,False,True,0.6013538741249604,0.6013538741249604
full_coverage_complete,ab_bolstershaking,473,0,0,1,True,False,True,0.3829864466916965,0.3829864466916965
full_coverage_complete,ab_bolstershaking,474,4,0,4,True,False,True,0.5670349326674241,0.6258327570630208
full_coverage_complete,ab_bolstershaking,494,0,0,1,True,False,True,0.48871356964595974,0.48871356964595974
full_coverage_complete,ab_bolstershaking,495,0,0,1,True,False,True,0.4870568631350353,0.4870568631350353
full_coverage_complete,ab_bolstershaking,496,0,0,1,True,False,True,0.3448949470967635,0.3448949470967635
full_coverage_complete,ab_bolstershaking,497,0,0,1,True,False,True,0.3079522093239491,0.3079522093239491
full_coverage_complete,ab_bolstershaking,498,0,0,1,True,False,True,0.4585973039698466,0.4585973039698466
full_coverage_complete,ab_bolstershaking,512,0,0,5,True,False,True,0.4935926427919395,0.4935926427919395
full_coverage_complete,ab_bolstershaking,514,0,0,1,True,False,True,0.2756111149332511,0.2756111149332511
full_coverage_complete,ab_bolstershaking,515,0,0,5,True,False,True,0.3775798929251652,0.3775798929251652
full_coverage_complete,ab_bolstershaking,516,0,0,5,True,False,True,0.26077406875081777,0.26077406875081777
full_coverage_complete,ab_bolstershaking,519,0,0,1,True,False,True,0.3581785460798941,0.3581785460798941
full_coverage_complete,ab_bolstershaking,520,0,0,1,True,False,True,0.32365077807739684,0.32365077807739684
full_coverage_complete,ab_bolstershaking,521,1,0,1,True,False,True,0.3523012678198697,0.3224784839555004
full_coverage_complete,ab_bolstershaking,522,0,0,1,True,False,True,0.6332311508322944,0.6332311508322944
full_coverage_complete,ab_bolstershaking,523,0,0,1,True,False,True,0.3847950825596643,0.3847950825596643
full_coverage_complete,ab_bolstershaking,524,0,0,1,True,False,True,0.5956491239069995,0.5956491239069995
full_coverage_complete,ab_bolstershaking,525,0,0,1,True,False,True,0.6024312150604063,0.6024312150604063
full_coverage_complete,ab_bolstershaking,526,0,0,1,True,False,True,0.5003687444834087,0.5003687444834087
full_coverage_complete,ab_bolstershaking,528,0,0,5,True,False,True,0.7843227415301995,0.7843227415301995
full_coverage_complete,ab_bolstershaking,530,0,0,5,True,False,True,0.7830751624934651,0.7830751624934651
full_coverage_complete,ab_bolstershaking,532,0,0,5,True,False,True,0.3975807173904851,0.3975807173904851
full_coverage_complete,ab_bolstershaking,539,0,0,5,True,False,True,0.14373207841582483,0.14373207841582483
full_coverage_complete,ab_bolstershaking,540,5,0,5,True,False,True,0.15520051886724304,0.14441266944336623
full_coverage_complete,ab_bolstershaking,542,0,1,0,False,False,True,0.1113124901058732,0.201342501050357
full_coverage_complete,ab_bolstershaking,543,0,0,6,True,False,True,0.2577040042396358,0.2577040042396358
full_coverage_complete,ab_bolstershaking,547,0,0,1,True,False,True,0.5515849402240776,0.5515849402240776
full_coverage_complete,ab_bolstershaking,549,0,0,1,True,False,True,0.7228752431189431,0.7228752431189431
full_coverage_complete,ab_bolstershaking,550,0,0,4,True,False,True,0.27466356445235834,0.27466356445235834
full_coverage_complete,ab_bolstershaking,551,0,0,1,True,False,True,0.5777171068006917,0.5777171068006917
full_coverage_complete,ab_bolstershaking,563,0,0,5,True,False,True,0.7529551223512959,0.7529551223512959
full_coverage_complete,ab_bolstershaking,564,0,0,5,True,False,True,0.5732874945043772,0.5732874945043772
full_coverage_complete,ab_bolstershaking,565,0,0,5,True,False,True,0.6543207637609812,0.6543207637609812
full_coverage_complete,ab_bolstershaking,566,0,0,4,True,False,True,0.5897386083344439,0.5897386083344439
full_coverage_complete,ab_bolstershaking,567,0,0,4,True,False,True,0.37478329872077165,0.37478329872077165
full_coverage_complete,ab_bolstershaking,568,0,0,5,True,False,True,0.3349127348782708,0.3349127348782708
full_coverage_complete,ab_bolstershaking,569,5,0,5,True,False,True,0.23263016303116604,0.16169255079332773
full_coverage_complete,ab_bolstershaking,570,0,0,4,True,False,True,0.1749639215092861,0.1749639215092861
full_coverage_complete,ab_bolstershaking,571,0,0,4,True,False,True,0.22560995581275656,0.22560995581275656
full_coverage_complete,ab_bolstershaking,572,5,0,5,True,False,True,0.1834541498156263,0.15801661685884758
full_coverage_complete,ab_bolstershaking,573,0,0,4,True,False,True,0.22484948698268714,0.22484948698268714
full_coverage_complete,ab_bolstershaking,574,5,0,5,True,False,True,0.16423435640845918,0.07232887316077297
full_coverage_complete,ab_bolstershaking,575,0,0,1,True,False,True,0.2318759027366252,0.2318759027366252
full_coverage_complete,ab_bolstershaking,576,0,0,1,True,False,True,0.16851062097640102,0.16851062097640102
full_coverage_complete,ab_bolstershaking,577,4,0,4,True,False,True,0.40375281834509885,0.0
full_coverage_complete,ab_bolstershaking,578,5,1,5,True,False,True,0.0,0.0
full_coverage_complete,ab_bolstershaking,579,0,0,5,True,False,True,0.007658196267688093,0.007658196267688093
full_coverage_complete,ab_bolstershaking,580,0,0,5,True,False,True,0.676570740420033,0.676570740420033
full_coverage_complete,ab_bolstershaking,581,0,0,6,True,False,True,0.8081926579027253,0.8081926579027253
full_coverage_complete,ab_bolstershaking,582,5,0,5,True,False,True,0.805145996248233,0.8152846650998296
full_coverage_complete,ab_bolstershaking,583,6,0,6,True,False,True,0.8912261914026582,0.8597428867897806
full_coverage_complete,ab_bolstershaking,584,0,0,6,True,False,True,0.6426143973460083,0.6426143973460083
full_coverage_complete,ab_bolstershaking,585,1,0,1,True,False,True,0.6223274873170598,0.5973634858148836
full_coverage_complete,ab_bolstershaking,586,0,0,1,True,False,True,0.7088764512476924,0.7088764512476924
full_coverage_complete,ab_bolstershaking,587,0,0,5,True,False,True,0.4477030061628845,0.4477030061628845
full_coverage_complete,ab_bolstershaking,589,0,0,6,True,False,True,0.4095648882307575,0.4095648882307575
full_coverage_complete,ab_bolstershaking,591,0,0,5,True,False,True,0.03305604097881037,0.03305604097881037
full_coverage_complete,ab_bolstershaking,592,0,0,5,True,False,True,0.15716857741141518,0.15716857741141518
full_coverage_complete,ab_bolstershaking,593,0,0,5,True,False,True,0.07179736202991277,0.07179736202991277
full_coverage_complete,ab_bolstershaking,594,5,0,5,True,False,True,0.09986127017466584,0.06772604839780251
full_coverage_complete,ab_bolstershaking,595,0,0,5,True,False,True,0.005213718867977327,0.005213718867977327
full_coverage_complete,ab_bolstershaking,596,0,0,5,True,False,True,0.0,0.0
full_coverage_complete,ab_bolstershaking,597,0,0,5,True,False,True,0.0,0.0
full_coverage_complete,ab_bolstershaking,598,5,2,5,True,False,True,0.0,0.35043616851059217
full_coverage_complete,ab_bolstershaking,599,0,0,1,True,False,True,0.1295241956736427,0.1295241956736427
full_coverage_complete,ab_bolstershaking,600,0,0,1,True,False,True,0.5081273401801714,0.5081273401801714
full_coverage_complete,ab_bolstershaking,601,5,0,5,True,False,True,0.5160835983105604,0.5357906660248155
full_coverage_complete,ab_bolstershaking,602,0,0,4,True,False,True,0.49400835822891087,0.49400835822891087
full_coverage_complete,ab_bolstershaking,606,1,0,1,True,False,True,0.6166631673146116,0.665789099026011
full_coverage_complete,ab_bolstershaking,607,0,0,4,True,False,True,0.4771944708342672,0.4771944708342672
full_coverage_complete,ab_bolstershaking,608,4,0,4,True,False,True,0.28580129250781044,0.0
full_coverage_complete,ab_bolstershaking,609,0,0,5,True,False,True,0.0,0.0
full_coverage_complete,ab_bolstershaking,610,0,0,5,True,False,True,0.0,0.0
full_coverage_complete,ab_bolstershaking,611,5,0,5,True,False,True,0.0,0.0
full_coverage_complete,ab_bolstershaking,612,0,0,5,True,False,True,0.0,0.0
full_coverage_complete,ab_bolstershaking,613,0,0,5,True,False,True,0.0,0.0
full_coverage_complete,ab_bolstershaking,614,0,0,5,True,False,True,0.0,0.0
full_coverage_complete,ab_bolstershaking,615,0,0,5,True,False,True,0.0,0.0
full_coverage_complete,ab_bolstershaking,616,0,0,5,True,False,True,0.0,0.0
full_coverage_complete,ab_bolstershaking,617,5,0,5,True,False,True,0.0,0.0
full_coverage_complete,ab_bolstershaking,618,0,0,5,True,False,True,0.0,0.0
full_coverage_complete,ab_bolstershaking,620,0,0,1,True,False,True,0.0,0.0
full_coverage_complete,ab_bolstershaking,621,0,0,1,True,False,True,0.0,0.0
full_coverage_complete,ab_bolstershaking,622,0,0,1,True,False,True,0.0,0.0
full_coverage_complete,ab_bolstershaking,623,4,0,4,True,False,True,0.0,0.0
full_coverage_complete,ab_bolstershaking,624,0,0,5,True,False,True,0.0,0.0
full_coverage_complete,ab_bolstershaking,625,5,0,5,True,False,True,0.0,0.0
full_coverage_complete,ab_bolstershaking,627,0,0,5,True,False,True,0.0,0.0
full_coverage_complete,ab_bolstershaking,628,0,0,5,True,False,True,0.0,0.0
full_coverage_complete,ab_bolstershaking,629,5,0,5,True,False,True,0.0,0.0
full_coverage_complete,ab_bolstershaking,630,4,2,4,True,False,True,0.0,0.0
full_coverage_complete,ab_bolstershaking,632,0,0,1,True,False,True,0.0,0.0
full_coverage_complete,ab_bolstershaking,635,0,0,4,True,False,True,0.0,0.0
full_coverage_complete,ab_bolstershaking,636,0,0,5,True,False,True,0.0,0.0
full_coverage_complete,ab_bolstershaking,637,5,0,5,True,False,True,0.0,0.0
full_coverage_complete,ab_bolstershaking,638,6,3,6,True,False,True,0.0,0.3395026435629709
full_coverage_complete,ab_bolstershaking,639,0,0,4,True,False,True,0.48132493139872046,0.48132493139872046
full_coverage_complete,ab_bolstershaking,640,0,0,4,True,False,True,0.6918671858801853,0.6918671858801853
full_coverage_complete,ab_bolstershaking,641,0,0,1,True,False,True,0.6533360586460011,0.6533360586460011
full_coverage_complete,ab_bolstershaking,642,0,0,1,True,False,True,0.6774674867994707,0.6774674867994707
full_coverage_complete,ab_bolstershaking,649,5,0,5,True,False,True,0.30013570845863796,0.22216054676301827
full_coverage_complete,ab_bolstershaking,662,0,0,1,True,False,True,0.6404112608974457,0.6404112608974457
full_coverage_complete,ab_bolstershaking,671,0,0,6,True,False,True,0.5914654392918276,0.5914654392918276
full_coverage_complete,ab_bolstershaking,680,0,0,1,True,False,True,0.7671524865078451,0.7671524865078451
full_coverage_complete,ab_bolstershaking,681,0,0,4,True,False,True,0.6925944012793136,0.6925944012793136
full_coverage_complete,ab_bolstershaking,682,0,0,4,True,False,True,0.3290973537997388,0.3290973537997388
full_coverage_complete,ab_bolstershaking,683,0,0,1,True,False,True,0.1607897434510723,0.1607897434510723
full_coverage_complete,ab_bolstershaking,685,0,0,1,True,False,True,0.561397806202032,0.561397806202032
full_coverage_complete,ab_bolstershaking,686,0,0,1,True,False,True,0.558261224717188,0.558261224717188
full_coverage_complete,ab_bolstershaking,690,6,0,6,True,False,True,0.8008153773657217,0.8133734488167584
full_coverage_complete,ab_bolstershaking,693,0,0,1,True,False,True,0.4541273800979302,0.4541273800979302
full_coverage_complete,ab_bolstershaking,695,0,0,1,True,False,True,0.48758024475676315,0.48758024475676315
full_coverage_complete,ab_bolstershaking,697,0,0,5,True,False,True,0.6892758686930773,0.6892758686930773
full_coverage_complete,ab_bolstershaking,698,0,0,4,True,False,True,0.4592937510126553,0.4592937510126553
full_coverage_complete,ab_bolstershaking,699,0,0,1,True,False,True,0.4720884288555949,0.4720884288555949
full_coverage_complete,ab_bolstershaking,700,0,0,5,True,False,True,0.2619013454269553,0.2619013454269553
full_coverage_complete,ab_bolstershaking,701,5,0,5,True,False,True,0.2754338659496716,0.3515759755444258
full_coverage_complete,ab_bolstershaking,702,0,0,1,True,False,True,0.270141534313766,0.270141534313766
full_coverage_complete,ab_bolstershaking,703,0,0,1,True,False,True,0.34763785027549304,0.34763785027549304
full_coverage_complete,ab_bolstershaking,705,4,0,4,True,False,True,0.36597362610775896,0.0
full_coverage_complete,ab_bolstershaking,706,5,2,5,True,False,True,0.0,0.0
full_coverage_complete,ab_bolstershaking,707,0,1,5,True,False,True,0.0,0.6013369871024175
full_coverage_complete,ab_bolstershaking,710,0,0,1,True,False,True,0.7643340554412186,0.7643340554412186
full_coverage_complete,ab_bolstershaking,711,0,0,4,True,False,True,0.2821040234541798,0.2821040234541798
full_coverage_complete,ab_bolstershaking,712,0,0,1,True,False,True,0.4277884160844879,0.4277884160844879
full_coverage_complete,ab_bolstershaking,714,0,0,1,True,False,True,0.6458168555220256,0.6458168555220256
full_coverage_complete,ab_bolstershaking,719,0,0,1,True,False,True,0.3357024457763394,0.3357024457763394
full_coverage_complete,ab_bolstershaking,720,0,0,2,True,False,True,0.35397908435395864,0.35397908435395864
full_coverage_complete,ab_bolstershaking,721,0,0,1,True,False,True,0.35633716689206557,0.35633716689206557
full_coverage_complete,ab_bolstershaking,724,0,0,1,True,False,True,0.307502302845921,0.307502302845921
full_coverage_complete,ab_bolstershaking,725,0,0,1,True,False,True,0.32394748452615807,0.32394748452615807
full_coverage_complete,ab_bolstershaking,726,0,0,5,True,False,True,0.43523984677117383,0.43523984677117383
full_coverage_complete,ab_bolstershaking,727,5,0,5,True,False,True,0.529769288144596,0.5077064845591078
full_coverage_complete,ab_bolstershaking,738,0,0,1,True,False,True,0.44367500208864424,0.44367500208864424
full_coverage_complete,ab_bolstershaking,739,0,0,1,True,False,True,0.3915738941160004,0.3915738941160004
full_coverage_complete,ab_bolstershaking,740,0,0,1,True,False,True,0.4496340676089895,0.4496340676089895
full_coverage_complete,ab_bolstershaking,741,0,0,1,True,False,True,0.49732383527522406,0.49732383527522406
full_coverage_complete,ab_bolstershaking,742,1,0,1,True,False,True,0.4174660221942841,0.4853138030556866
full_coverage_complete,ab_bolstershaking,743,0,0,4,True,False,True,0.4530564231652667,0.4530564231652667
full_coverage_complete,ab_bolstershaking,744,0,0,4,True,False,True,0.31922775233461353,0.31922775233461353
full_coverage_complete,ab_bolstershaking,745,0,0,4,True,False,True,0.14195698305563853,0.14195698305563853
full_coverage_complete,ab_bolstershaking,746,0,0,4,True,False,True,0.08739810676906291,0.08739810676906291
full_coverage_complete,ab_bolstershaking,747,0,0,4,True,False,True,0.09952390030242715,0.09952390030242715
full_coverage_complete,ab_bolstershaking,748,5,0,5,True,False,True,0.09156229264819428,0.10912346858388794
full_coverage_complete,ab_bolstershaking,749,0,0,5,True,False,True,0.132931502088098,0.132931502088098
full_coverage_complete,ab_bolstershaking,750,4,1,4,True,False,True,0.4885109649332801,0.5177017762130042
full_coverage_complete,ab_bolstershaking,751,0,0,1,True,False,True,0.7424605892735101,0.7424605892735101
full_coverage_complete,ab_bolstershaking,756,0,0,5,True,False,True,0.426926304228515,0.426926304228515
full_coverage_complete,ab_bolstershaking,757,0,0,5,True,False,True,0.44060495094379454,0.44060495094379454
full_coverage_complete,ab_bolstershaking,759,5,0,5,True,False,True,0.5686084304442783,0.7196885589830025
full_coverage_complete,ab_bolstershaking,760,0,0,4,True,False,True,0.5200097739012822,0.5200097739012822
full_coverage_complete,ab_bolstershaking,761,0,1,5,True,False,True,0.42327447184622013,0.42327447184622013
full_coverage_complete,ab_bolstershaking,762,0,0,5,True,False,True,0.22898382132486841,0.22898382132486841
full_coverage_complete,ab_bolstershaking,763,0,0,4,True,False,True,0.3718696198048529,0.3718696198048529
full_coverage_complete,ab_bolstershaking,764,0,0,4,True,False,True,0.2912146855939733,0.2912146855939733
full_coverage_complete,ab_bolstershaking,765,0,0,1,True,False,True,0.2828100756972259,0.2828100756972259
full_coverage_complete,ab_bolstershaking,766,0,0,1,True,False,True,0.3556773005510227,0.3556773005510227
full_coverage_complete,ab_bolstershaking,767,0,0,1,True,False,True,0.25345728620692404,0.25345728620692404
full_coverage_complete,ab_bolstershaking,768,0,0,1,True,False,True,0.30098545118875536,0.30098545118875536
full_coverage_complete,ab_bolstershaking,769,0,0,1,True,False,True,0.339489185747535,0.339489185747535
full_coverage_complete,ab_bolstershaking,770,1,0,1,True,False,True,0.15100091332792354,0.032297896141296384
full_coverage_complete,ab_bolstershaking,771,0,0,1,True,False,True,0.5159766484939953,0.5159766484939953
full_coverage_complete,ab_bolstershaking,772,0,0,4,True,False,True,0.5555742542026967,0.5555742542026967
full_coverage_complete,ab_bolstershaking,773,0,0,4,True,False,True,0.5430624484095942,0.5430624484095942
full_coverage_complete,ab_bolstershaking,774,0,0,4,True,False,True,0.40103925182812084,0.40103925182812084
full_coverage_complete,ab_bolstershaking,775,1,0,1,True,False,True,0.5502237884512055,0.6028876544901763
full_coverage_complete,ab_bolstershaking,785,0,0,5,True,False,True,0.5348238037984825,0.5348238037984825
full_coverage_complete,ab_bolstershaking,786,0,0,5,True,False,True,0.5037438043329231,0.5037438043329231
full_coverage_complete,ab_bolstershaking,791,0,0,5,True,False,True,0.20810764987406227,0.20810764987406227
full_coverage_complete,ab_bolstershaking,792,0,0,5,True,False,True,0.30337905280948685,0.30337905280948685
full_coverage_complete,ab_bolstershaking,801,0,0,1,True,False,True,0.35425244806860456,0.35425244806860456
full_coverage_complete,ab_bolstershaking,802,0,0,5,True,False,True,0.42374697624025986,0.42374697624025986
full_coverage_complete,ab_bolstershaking,803,0,0,1,True,False,True,0.4925832332164273,0.4925832332164273
full_coverage_complete,ab_bolstershaking,804,0,0,5,True,False,True,0.5720107706713952,0.5720107706713952
full_coverage_complete,ab_bolstershaking,805,0,0,1,True,False,True,0.6528030354874947,0.6528030354874947
full_coverage_complete,ab_bolstershaking,806,0,0,6,True,False,True,0.7173855067759735,0.7173855067759735
full_coverage_complete,ab_bolstershaking,819,0,0,5,True,False,True,0.20379192645217625,0.20379192645217625
full_coverage_complete,ab_bolstershaking,820,0,0,5,True,False,True,0.49784104077627556,0.49784104077627556
full_coverage_complete,ab_bolstershaking,821,0,0,4,True,False,True,0.4541821283256479,0.4541821283256479
full_coverage_complete,ab_bolstershaking,822,0,0,4,True,False,True,0.4864478280746591,0.4864478280746591
full_coverage_complete,ab_bolstershaking,841,0,0,1,True,False,True,0.6730375224591405,0.6730375224591405
full_coverage_complete,ab_bolstershaking,845,0,0,1,True,False,True,0.49330425423621804,0.49330425423621804
full_coverage_complete,ab_bolstershaking,846,0,0,4,True,False,True,0.626932001974881,0.626932001974881
full_coverage_complete,ab_bolstershaking,854,0,0,5,True,False,True,0.3852284248937563,0.3852284248937563
full_coverage_complete,ab_bolstershaking,855,0,0,5,True,False,True,0.37355524026258574,0.37355524026258574
full_coverage_complete,ab_bolstershaking,856,0,0,5,True,False,True,0.6753287235335131,0.6753287235335131
full_coverage_complete,ab_bolstershaking,857,0,0,4,True,False,True,0.5209339305945349,0.5209339305945349
full_coverage_complete,ab_bolstershaking,858,0,0,1,True,False,True,0.45528044205669266,0.45528044205669266
full_coverage_complete,ab_bolstershaking,859,0,0,1,True,False,True,0.6208916401346072,0.6208916401346072
full_coverage_complete,ab_bolstershaking,860,0,0,1,True,False,True,0.7298935505047958,0.7298935505047958
full_coverage_complete,ab_bolstershaking,861,0,0,4,True,False,True,0.7210771596109861,0.7210771596109861
full_coverage_complete,ab_bolstershaking,862,0,0,4,True,False,True,0.6295866079989096,0.6295866079989096
full_coverage_complete,ab_bolstershaking,865,0,0,1,True,False,True,0.24072772539760393,0.24072772539760393
full_coverage_complete,ab_bolstershaking,879,0,0,1,True,False,True,0.7302767166516344,0.7302767166516344
full_coverage_complete,ab_bolstershaking,880,0,0,1,True,False,True,0.7459695282875142,0.7459695282875142
full_coverage_complete,ab_bolstershaking,881,0,0,1,True,False,True,0.4875073427152733,0.4875073427152733
full_coverage_complete,ab_bolstershaking,883,0,0,4,True,False,True,0.6529319433538693,0.6529319433538693
full_coverage_complete,ab_bolstershaking,884,1,0,1,True,False,True,0.6662744164409258,0.7348718370239227
full_coverage_complete,ab_bolstershaking,886,0,0,1,True,False,True,0.655775241239568,0.655775241239568
full_coverage_complete,ab_bolstershaking,887,0,0,1,True,False,True,0.7173626631620652,0.7173626631620652
full_coverage_complete,ab_bolstershaking,895,1,0,1,True,False,True,0.6322794478980974,0.6746715905490599
full_coverage_complete,ab_bolstershaking,896,1,1,1,True,False,True,0.6916902311609184,0.5085859615592332
full_coverage_complete,ab_bolstershaking,902,0,0,5,True,False,True,0.8046900157344388,0.8046900157344388
full_coverage_complete,ab_bolstershaking,904,0,0,5,True,False,True,0.6878989810142419,0.6878989810142419
full_coverage_complete,ab_bolstershaking,937,0,0,5,True,False,True,0.5577793420562236,0.5577793420562236
full_coverage_complete,ab_bolstershaking,938,5,0,5,True,False,True,0.6544742278403154,0.8196997654071595
full_coverage_complete,ab_bolstershaking,939,0,0,5,True,False,True,0.608528503024986,0.608528503024986
full_coverage_complete,ab_bolstershaking,941,5,0,5,True,False,True,0.6730089993758797,0.7607108229691205
full_coverage_complete,ab_bolstershaking,942,5,0,5,True,False,True,0.6392110259093184,0.7489495759672679
full_coverage_complete,ab_bolstershaking,943,5,0,5,True,False,True,0.774218192139718,0.726699901902099
full_coverage_complete,ab_bolstershaking,973,0,0,1,True,False,True,0.4794238745514178,0.4794238745514178
full_coverage_complete,ab_bolstershaking,975,0,0,1,True,False,True,0.1005151618410457,0.1005151618410457
full_coverage_complete,ab_bolstershaking,977,0,0,1,True,False,True,0.26863488651404827,0.26863488651404827
full_coverage_complete,ab_bolstershaking,978,5,1,5,True,False,True,0.2688060833226832,0.6475207530185099
full_coverage_complete,ab_bolstershaking,979,0,0,1,True,False,True,0.4799351150503823,0.4799351150503823
full_coverage_complete,ab_bolstershaking,980,0,0,5,True,False,True,0.22284138764636333,0.22284138764636333
full_coverage_complete,ab_bolstershaking,981,0,0,1,True,False,True,0.1570481412221869,0.1570481412221869
full_coverage_complete,ab_bolstershaking,982,0,0,1,True,False,True,0.42608161987153087,0.42608161987153087
full_coverage_complete,ab_bolstershaking,1026,0,0,1,True,False,True,0.7309499909462049,0.7309499909462049
full_coverage_complete,ab_bolstershaking,1027,0,0,1,True,False,True,0.7133749632649531,0.7133749632649531
full_coverage_complete,ab_bolstershaking,1031,0,0,1,True,False,True,0.0640755660726163,0.0640755660726163
full_coverage_complete,ab_bolstershaking,1032,0,0,5,True,False,True,0.6135841816797943,0.6135841816797943
full_coverage_complete,ab_bolstershaking,1033,0,0,1,True,False,True,0.3287312680043417,0.3287312680043417
full_coverage_complete,ab_bolstershaking,1034,0,0,1,True,False,True,0.26297601223741773,0.26297601223741773
full_coverage_complete,ab_bolstershaking,1035,0,1,1,True,False,True,0.17871277236977343,0.17871277236977343
full_coverage_complete,ab_bolstershaking,1036,0,0,5,True,False,True,0.01912212735247852,0.01912212735247852
full_coverage_complete,ab_bolstershaking,1037,0,0,5,True,False,True,0.0,0.0
full_coverage_complete,ab_bolstershaking,1038,0,0,5,True,False,True,0.0,0.0
full_coverage_complete,ab_bolstershaking,1039,0,0,5,True,False,True,0.01738243443213618,0.01738243443213618
full_coverage_complete,ab_bolstershaking,1040,0,0,4,True,False,True,0.5767535276610235,0.5767535276610235
full_coverage_complete,ab_bolstershaking,1043,0,0,1,True,False,True,0.6914933757939121,0.6914933757939121
full_coverage_complete,ab_bolstershaking,1045,0,0,1,True,False,True,0.3586257369782936,0.3586257369782936
full_coverage_complete,ab_bolstershaking,1046,0,0,5,True,False,True,0.3480602800763174,0.3480602800763174
full_coverage_complete,ab_bolstershaking,1047,0,0,5,True,False,True,0.3099506995643763,0.3099506995643763
full_coverage_complete,ab_bolstershaking,1048,0,1,5,True,False,True,0.4900557310993819,0.0
full_coverage_complete,ab_bolstershaking,1049,0,1,5,True,False,True,0.0,0.3277651059897452
full_coverage_complete,ab_bolstershaking,1050,0,0,4,True,False,True,0.36371818375145937,0.36371818375145937
full_coverage_complete,ab_bolstershaking,1051,1,0,1,True,False,True,0.237885851261489,0.2458663924119604
full_coverage_complete,ab_bolstershaking,1052,0,0,5,True,False,True,0.19199607720228923,0.19199607720228923
full_coverage_complete,ab_bolstershaking,1053,0,0,5,True,False,True,0.18008593078457893,0.18008593078457893
full_coverage_complete,ab_bolstershaking,1054,0,0,5,True,False,True,0.1565506276884969,0.1565506276884969
full_coverage_complete,ab_bolstershaking,1055,0,0,5,True,False,True,0.1298259160287711,0.1298259160287711
full_coverage_complete,ab_bolstershaking,1056,0,0,5,True,False,True,0.16224654456030052,0.16224654456030052
full_coverage_complete,ab_bolstershaking,1057,0,0,4,True,False,True,0.22061295198594003,0.22061295198594003
full_coverage_complete,ab_bolstershaking,1058,0,0,4,True,False,True,0.21356053498607575,0.21356053498607575
full_coverage_complete,ab_bolstershaking,1061,0,0,4,True,False,True,0.29151384373949046,0.29151384373949046
full_coverage_complete,ab_bolstershaking,1062,0,0,4,True,False,True,0.4126916071179197,0.4126916071179197
full_coverage_complete,ab_bolstershaking,1066,0,0,1,True,False,True,0.2542273572520321,0.2542273572520321
full_coverage_complete,ab_bolstershaking,1068,0,0,5,True,False,True,0.2023194609858212,0.2023194609858212
full_coverage_complete,ab_bolstershaking,1073,0,0,1,True,False,True,0.22168923999416476,0.22168923999416476
full_coverage_complete,ab_bolstershaking,1074,0,0,4,True,False,True,0.24577091950932203,0.24577091950932203
full_coverage_complete,ab_bolstershaking,1075,0,0,5,True,False,True,0.3534664604992082,0.3534664604992082
full_coverage_complete,ab_bolstershaking,1076,0,0,5,True,False,True,0.4213664428130287,0.4213664428130287
full_coverage_complete,ab_bolstershaking,1077,0,0,4,True,False,True,0.28705446027134524,0.28705446027134524
full_coverage_complete,ab_bolstershaking,1078,0,0,4,True,False,True,0.3601266046721891,0.3601266046721891
full_coverage_complete,ab_bolstershaking,1079,0,0,4,True,False,True,0.39552121912786803,0.39552121912786803
full_coverage_complete,ab_bolstershaking,1080,0,0,1,True,False,True,0.4936238004243053,0.4936238004243053
full_coverage_complete,ab_bolstershaking,1081,0,0,1,True,False,True,0.5200341400696287,0.5200341400696287
full_coverage_complete,ab_bolstershaking,1082,0,0,4,True,False,True,0.6298732091830634,0.6298732091830634
full_coverage_complete,ab_bolstershaking,1083,0,0,4,True,False,True,0.5453385924010102,0.5453385924010102
full_coverage_complete,ab_bolstershaking,1084,0,0,4,True,False,True,0.5788509586930939,0.5788509586930939
full_coverage_complete,ab_bolstershaking,1085,0,0,4,True,False,True,0.5194528987300644,0.5194528987300644
full_coverage_complete,ab_bolstershaking,1086,0,0,5,True,False,True,0.3807956813899541,0.3807956813899541
full_coverage_complete,ab_bolstershaking,1087,0,0,5,True,False,True,0.19516286014388007,0.19516286014388007
full_coverage_complete,ab_bolstershaking,1088,5,0,5,True,False,True,0.1550697812842826,0.16336008062010324
full_coverage_complete,ab_bolstershaking,1096,0,0,5,True,False,True,0.11918791304758958,0.11918791304758958
full_coverage_complete,ab_bolstershaking,1099,0,0,1,True,False,True,0.10497653071922618,0.10497653071922618
full_coverage_complete,ab_bolstershaking,1104,0,0,5,True,False,True,0.12854124837729639,0.12854124837729639
full_coverage_complete,ab_bolstershaking,1109,0,0,4,True,False,True,0.135353602187467,0.135353602187467
full_coverage_complete,ab_bolstershaking,1111,0,0,5,True,False,True,0.15377701693810883,0.15377701693810883
full_coverage_complete,ab_bolstershaking,1113,0,0,5,True,False,True,0.11248712750338995,0.11248712750338995
full_coverage_complete,ab_bolstershaking,1121,0,0,5,True,False,True,0.06816400690899607,0.06816400690899607
full_coverage_complete,ab_bolstershaking,1122,5,0,5,True,False,True,0.04737735421628685,0.0517590477278138
full_coverage_complete,ab_bolstershaking,1140,0,0,4,True,False,True,0.15555437255827864,0.15555437255827864
full_coverage_complete,ab_bolstershaking,1145,0,0,4,True,False,True,0.12861214198309387,0.12861214198309387
full_coverage_complete,ab_bolstershaking,1146,0,0,4,True,False,True,0.11394264002472618,0.11394264002472618
full_coverage_complete,ab_bolstershaking,1147,0,0,5,True,False,True,0.1003586963756514,0.1003586963756514
full_coverage_complete,ab_bolstershaking,1148,0,0,5,True,False,True,0.10404430881426392,0.10404430881426392
full_coverage_complete,ab_bolstershaking,1150,0,0,5,True,False,True,0.07658309810693473,0.07658309810693473
full_coverage_complete,ab_bolstershaking,1151,5,0,5,True,False,True,0.06456842479254342,0.07053476971563462
full_coverage_complete,ab_bolstershaking,1168,0,0,5,True,False,True,0.6892296800969507,0.6892296800969507
full_coverage_complete,ab_bolstershaking,1169,5,0,5,True,False,True,0.6123712788866773,0.6881171505526783
full_coverage_complete,ab_bolstershaking,1170,1,0,1,True,False,True,0.6625617593613853,0.6531292995768457
full_coverage_complete,ab_bolstershaking,1172,0,0,1,True,False,True,0.13328741652516232,0.13328741652516232
full_coverage_complete,ab_bolstershaking,1173,1,0,1,True,False,True,0.04534886701677222,0.5323433914355277
full_coverage_complete,ab_bolstershaking,1174,0,0,5,True,False,True,0.6028608077286299,0.6028608077286299
full_coverage_complete,ab_bolstershaking,1176,0,0,1,True,False,True,0.6290958804837681,0.6290958804837681
full_coverage_complete,ab_bolstershaking,1177,1,0,1,True,False,True,0.4092723114132665,0.021335643208811202
full_coverage_complete,ab_bolstershaking,1178,1,1,1,True,False,True,0.2074197028854134,0.5068578752326915
full_coverage_complete,ab_bolstershaking,1179,5,0,5,True,False,True,0.16880566050873427,0.06427029789189864
full_coverage_complete,ab_bolstershaking,1181,0,0,1,True,False,True,0.2865862866441834,0.2865862866441834
full_coverage_complete,ab_bolstershaking,1182,0,0,5,True,False,True,0.09304935089266275,0.09304935089266275
full_coverage_complete,ab_bolstershaking,1184,0,0,1,True,False,True,0.25587603882051807,0.25587603882051807
full_coverage_complete,ab_bolstershaking,1185,0,0,5,True,False,True,0.22092621148705568,0.22092621148705568
full_coverage_complete,ab_bolstershaking,1186,0,0,1,True,False,True,0.10969874135768411,0.10969874135768411
full_coverage_complete,ab_bolstershaking,1189,0,0,4,True,False,True,0.16601656910761617,0.16601656910761617
full_coverage_complete,ab_bolstershaking,1190,0,0,4,True,False,True,0.08499380766684707,0.08499380766684707
full_coverage_complete,ab_bolstershaking,1191,0,0,1,True,False,True,0.11642662543398835,0.11642662543398835
full_coverage_complete,ab_bolstershaking,1192,0,0,4,True,False,True,0.4591015603119609,0.4591015603119609
full_coverage_complete,ab_bolstershaking,1195,0,0,1,True,False,True,0.3451972123425919,0.3451972123425919
full_coverage_complete,ab_bolstershaking,1196,0,0,4,True,False,True,0.3443899878586166,0.3443899878586166
full_coverage_complete,ab_bolstershaking,1197,0,0,4,True,False,True,0.4057989658378091,0.4057989658378091
full_coverage_complete,ab_bolstershaking,1205,0,0,4,True,False,True,0.48053223876150847,0.48053223876150847
full_coverage_complete,ab_bolstershaking,1207,0,0,1,True,False,True,0.5523989574896943,0.5523989574896943
full_coverage_complete,ab_bolstershaking,1213,0,0,4,True,False,True,0.747393305432766,0.747393305432766
full_coverage_complete,ab_bolstershaking,1215,0,0,4,True,False,True,0.5203678073856403,0.5203678073856403
full_coverage_complete,ab_bolstershaking,1216,0,0,5,True,False,True,0.3687067254118068,0.3687067254118068
full_coverage_complete,ab_bolstershaking,1217,0,0,1,True,False,True,0.1303955702522238,0.1303955702522238
full_coverage_complete,ab_bolstershaking,1218,5,1,5,True,False,True,0.17425141701015343,0.23312077501180675
full_coverage_complete,ab_bolstershaking,1233,0,0,1,True,False,True,0.5157292157860437,0.5157292157860437
full_coverage_complete,ab_bolstershaking,1237,1,0,1,True,False,True,0.4470325017578629,0.5124231915079515
full_coverage_complete,ab_bolstershaking,1238,1,0,1,True,False,True,0.4822886034266199,0.4775916356457739
full_coverage_complete,ab_bolstershaking,1245,1,0,1,True,False,True,0.6017603184434406,0.647393302346161
full_coverage_complete,ab_bolstershaking,1248,5,0,5,True,False,True,0.44974224023931636,0.5101009864283063
full_coverage_complete,ab_bolstershaking,1253,5,0,5,True,False,True,0.6117122398690714,0.7251991315055294
full_coverage_complete,ab_bolstershaking,1264,1,0,1,True,False,True,0.4604267064384609,0.5284889838489935
full_coverage_complete,ab_bolstershaking,1266,0,0,4,True,False,True,0.4543014754465434,0.4543014754465434
full_coverage_complete,ab_bolstershaking,1267,0,0,5,True,False,True,0.814688920643799,0.814688920643799
full_coverage_complete,ab_bolstershaking,1296,5,1,5,True,False,True,0.4917526520899413,0.01785465423418181
full_coverage_complete,ab_bolstershaking,1344,0,0,1,True,False,True,0.521545007365857,0.521545007365857
full_coverage_complete,ab_bolstershaking,1345,0,0,1,True,False,True,0.7042593852321216,0.7042593852321216
full_coverage_complete,ab_bolstershaking,1348,0,0,1,True,False,True,0.670595733615434,0.670595733615434
full_coverage_complete,ab_bolstershaking,1351,0,0,5,True,False,True,0.41410837076912776,0.41410837076912776
full_coverage_complete,ab_bolstershaking,1372,0,0,1,True,False,True,0.6400757485439448,0.6400757485439448
full_coverage_complete,ab_bolstershaking,1374,0,0,4,True,False,True,0.5089330980461215,0.5089330980461215
full_coverage_complete,ab_bolstershaking,1384,0,0,5,True,False,True,0.37048022578634676,0.37048022578634676
full_coverage_complete,ab_bolstershaking,1385,0,0,5,True,False,True,0.3647061059501217,0.3647061059501217
full_coverage_complete,ab_bolstershaking,1387,0,0,1,True,False,True,0.40780068693524385,0.40780068693524385
full_coverage_complete,ab_bolstershaking,1389,5,0,5,True,False,True,0.6896529014863507,0.7200610283361748
full_coverage_complete,ab_bolstershaking,1390,0,0,4,True,False,True,0.549153191439568,0.549153191439568
full_coverage_complete,ab_bolstershaking,1391,0,0,4,True,False,True,0.4003813555521373,0.4003813555521373
full_coverage_complete,ab_bolstershaking,1392,5,4,5,True,False,True,0.26649523394364166,0.0
full_coverage_complete,ab_bolstershaking,1393,0,0,5,True,False,True,0.0950308595223584,0.0950308595223584
full_coverage_complete,ab_bolstershaking,1394,0,0,5,True,False,True,0.45378338259660883,0.45378338259660883
full_coverage_complete,ab_bolstershaking,1397,0,0,5,True,False,True,0.4386682998243242,0.4386682998243242
full_coverage_complete,ab_bolstershaking,1451,5,0,5,True,False,True,0.7508823321206094,0.6819891797672407
full_coverage_complete,ab_bolstershaking,1488,5,0,5,True,False,True,0.8015107298753568,0.8522077657867393
full_coverage_complete,ab_bolstershaking,1497,0,0,5,True,False,True,0.3015707458061845,0.3015707458061845
full_coverage_complete,ab_bolstershaking,1498,0,0,5,True,False,True,0.37841804686603053,0.37841804686603053
full_coverage_complete,ab_bolstershaking,1500,0,0,1,True,False,True,0.6860392794438691,0.6860392794438691
full_coverage_complete,ab_bolstershaking,1502,0,0,5,True,False,True,0.3488504132333773,0.3488504132333773
full_coverage_complete,ab_bolstershaking,1507,0,0,1,True,False,True,0.43231405183121385,0.43231405183121385
full_coverage_complete,ab_bolstershaking,1508,0,0,1,True,False,True,0.33904266137978023,0.33904266137978023
full_coverage_complete,ab_bolstershaking,1522,0,1,0,False,False,True,0.2859913533006346,0.18726855960638106
full_coverage_complete,ab_bolstershaking,1544,5,0,5,True,False,True,0.10489929568097614,0.11503132323168196
full_coverage_complete,ab_bolstershaking,1555,0,0,1,True,False,True,0.7175579400004277,0.7175579400004277
full_coverage_complete,ab_bolstershaking,1556,0,0,1,True,False,True,0.5293794654937307,0.5293794654937307
full_coverage_complete,ab_bolstershaking,1557,0,0,1,True,False,True,0.3721959670077523,0.3721959670077523
full_coverage_complete,ab_bolstershaking,1575,5,0,5,True,False,True,0.5853568605918538,0.6047600366669318
full_coverage_complete,ab_bolstershaking,1589,0,0,1,True,False,True,0.23840983676129765,0.23840983676129765
full_coverage_complete,ab_bolstershaking,1614,0,0,1,True,False,True,0.7677751684810057,0.7677751684810057
full_coverage_complete,ab_bolstershaking,1616,0,0,5,True,False,True,0.5940727489730275,0.5940727489730275
full_coverage_complete,ab_bolstershaking,1627,0,0,5,True,False,True,0.4880460293179603,0.4880460293179603
full_coverage_complete,ab_bolstershaking,1642,0,0,5,True,False,True,0.673540917555294,0.673540917555294
full_coverage_complete,ab_bolstershaking,1643,0,0,5,True,False,True,0.3473804713973508,0.3473804713973508
full_coverage_complete,ab_bolstershaking,1644,0,0,5,True,False,True,0.5771900240990658,0.5771900240990658
full_coverage_complete,ab_bolstershaking,1645,0,0,5,True,False,True,0.4959810926027388,0.4959810926027388
full_coverage_complete,ab_bolstershaking,1647,5,0,5,True,False,True,0.7070497200399591,0.8337573347597995
full_coverage_complete,ab_bolstershaking,1651,0,0,1,True,False,True,0.8336042727038412,0.8336042727038412
full_coverage_complete,ab_bolstershaking,1652,0,0,5,True,False,True,0.6537547569478137,0.6537547569478137
full_coverage_complete,ab_bolstershaking,1672,0,0,5,True,False,True,0.8493559735492144,0.8493559735492144
full_coverage_complete,ab_bolstershaking,1673,0,0,5,True,False,True,0.7578726962766741,0.7578726962766741
full_coverage_complete,ab_bolstershaking,1677,0,0,5,True,False,True,0.7611172755817189,0.7611172755817189
full_coverage_complete,ab_bolstershaking,1678,0,0,5,True,False,True,0.057474313100275634,0.057474313100275634
full_coverage_complete,ab_bolstershaking,1679,1,2,1,True,False,True,0.04948889334979445,0.4906914520664209
full_coverage_complete,ab_bolstershaking,1680,5,0,5,True,False,True,0.7472852847580763,0.7950157764751998
full_coverage_complete,ab_bolstershaking,1681,0,0,5,True,False,True,0.4026056208550618,0.4026056208550618
full_coverage_complete,ab_bolstershaking,1682,0,0,5,True,False,True,0.6197296278170952,0.6197296278170952
full_coverage_complete,ab_bolstershaking,1688,0,0,1,True,False,True,0.37518291672577037,0.37518291672577037
full_coverage_complete,ab_bolstershaking,1694,0,1,6,True,False,True,0.7675470173263316,0.7675470173263316
full_coverage_complete,ab_bolstershaking,1713,0,0,5,True,False,True,0.7571717046932812,0.7571717046932812
full_coverage_complete,ab_bolstershaking,1714,0,0,1,True,False,True,0.052718914065903094,0.052718914065903094
full_coverage_complete,ab_bolstershaking,1718,0,0,5,True,False,True,0.5274698472800744,0.5274698472800744
full_coverage_complete,ab_bolstershaking,1719,0,0,5,True,False,True,0.33597744536747787,0.33597744536747787
full_coverage_complete,ab_bolstershaking,1720,0,0,6,True,False,True,0.5787810413008027,0.5787810413008027
full_coverage_complete,ab_bolstershaking,1726,6,0,6,True,False,True,0.4845946956561022,0.6057661218835203
full_coverage_complete,ab_bolstershaking,1727,0,0,5,True,False,True,0.19858901460454406,0.19858901460454406
full_coverage_complete,ab_bolstershaking,1728,0,0,6,True,False,True,0.49657153464119247,0.49657153464119247
full_coverage_complete,ab_bolstershaking,1734,0,0,4,True,False,True,0.4954695890663509,0.4954695890663509
full_coverage_complete,ab_bolstershaking,1739,0,0,4,True,False,True,0.5415070479751157,0.5415070479751157
full_coverage_complete,ab_bolstershaking,1740,0,0,5,True,False,True,0.41404148536778485,0.41404148536778485
full_coverage_complete,ab_bolstershaking,1745,0,0,5,True,False,True,0.6143847900593791,0.6143847900593791
full_coverage_complete,ab_bolstershaking,1770,1,0,1,True,False,True,0.37223087781075603,0.09882120805502778
full_coverage_complete,ab_bolstershaking,1771,0,0,1,True,False,True,0.419485357095187,0.419485357095187
full_coverage_complete,ab_bolstershaking,1782,0,0,5,True,False,True,0.6966041288038916,0.6966041288038916
full_coverage_complete,ab_bolstershaking,1784,0,0,4,True,False,True,0.3477968743324291,0.3477968743324291
full_coverage_complete,ab_bolstershaking,1801,5,1,5,True,False,True,0.49490288606117744,0.4903266974953567
full_coverage_complete,ab_bolstershaking,1803,0,0,5,True,False,True,0.5103552922279081,0.5103552922279081
full_coverage_complete,ab_bolstershaking,1805,0,0,5,True,False,True,0.6324792887109008,0.6324792887109008
full_coverage_complete,ab_bolstershaking,1806,0,0,5,True,False,True,0.5814304432730371,0.5814304432730371
full_coverage_complete,ab_bolstershaking,1807,5,1,5,True,False,True,0.3635677664821581,0.18483464262068136
full_coverage_complete,ab_bolstershaking,1812,0,0,1,True,False,True,0.7658461328170075,0.7658461328170075
full_coverage_complete,ab_bolstershaking,1821,0,0,1,True,False,True,0.8125467326100357,0.8125467326100357
full_coverage_complete,ab_bolstershaking,1822,0,0,1,True,False,True,0.6671563394940949,0.6671563394940949
full_coverage_complete,ab_bolstershaking,1823,1,1,1,True,False,True,0.5020565948713503,0.016645543591930895
full_coverage_complete,ab_bolstershaking,1824,0,0,6,True,False,True,0.7803711500726077,0.7803711500726077
full_coverage_complete,ab_bolstershaking,1840,0,0,1,True,False,True,0.4322918814936772,0.4322918814936772
full_coverage_complete,ab_bolstershaking,1841,0,0,1,True,False,True,0.5254687895674975,0.5254687895674975
full_coverage_complete,ab_bolstershaking,1842,0,1,5,True,False,True,0.48210380248568924,0.0025069096012799606
full_coverage_complete,ab_bolstershaking,1843,0,0,1,True,False,True,0.45218287127129975,0.45218287127129975
full_coverage_complete,ab_bolstershaking,1844,0,0,5,True,False,True,0.652017097274795,0.652017097274795
full_coverage_complete,ab_bolstershaking,1853,0,0,5,True,False,True,0.6676358584154393,0.6676358584154393
full_coverage_complete,ab_bolstershaking,1855,1,0,1,True,False,True,0.01514833229582838,0.009421060785194257
full_coverage_complete,ab_bolstershaking,1856,0,0,1,True,False,True,0.01526328164936394,0.01526328164936394
full_coverage_complete,ab_bolstershaking,1858,5,1,5,True,False,True,0.450463431090964,0.0
full_coverage_complete,ab_bolstershaking,1859,0,0,1,True,False,True,0.2507694534958248,0.2507694534958248
full_coverage_complete,ab_bolstershaking,1860,0,1,5,True,False,True,0.19825294746648303,0.0
full_coverage_complete,ab_bolstershaking,1866,0,0,1,True,False,True,0.4624142123561534,0.4624142123561534
full_coverage_complete,ab_bolstershaking,1871,0,0,1,True,False,True,0.5875243738745874,0.5875243738745874
full_coverage_complete,ab_bolstershaking,1874,0,0,4,True,False,True,0.49115910366280796,0.49115910366280796
full_coverage_complete,ab_bolstershaking,1911,0,0,1,True,False,True,0.6874840137532326,0.6874840137532326
full_coverage_complete,ab_bolstershaking,1918,0,0,1,True,False,True,0.4651511823130257,0.4651511823130257
full_coverage_complete,ab_bolstershaking,1947,0,0,1,True,False,True,0.7017740012892453,0.7017740012892453
full_coverage_complete,ab_bolstershaking,1950,0,0,5,True,False,True,0.5716351287238336,0.5716351287238336
full_coverage_complete,ab_bolstershaking,1951,0,0,4,True,False,True,0.32045632420308046,0.32045632420308046
full_coverage_complete,ab_bolstershaking,1952,0,0,4,True,False,True,0.31494072480886315,0.31494072480886315
full_coverage_complete,ab_bolstershaking,1953,0,0,4,True,False,True,0.35431642160527016,0.35431642160527016
full_coverage_complete,ab_bolstershaking,1954,0,0,4,True,False,True,0.35743203093028275,0.35743203093028275
full_coverage_complete,ab_bolstershaking,1955,0,0,4,True,False,True,0.29057440431139475,0.29057440431139475
full_coverage_complete,ab_bolstershaking,1956,0,0,4,True,False,True,0.24222803664308884,0.24222803664308884
full_coverage_complete,ab_bolstershaking,1958,0,0,4,True,False,True,0.2364044613009123,0.2364044613009123
full_coverage_complete,ab_bolstershaking,1960,0,0,5,True,False,True,0.3932328454004354,0.3932328454004354
full_coverage_complete,ab_bolstershaking,1961,0,0,5,True,False,True,0.35519128825245444,0.35519128825245444
full_coverage_complete,ab_bolstershaking,1962,0,0,4,True,False,True,0.3061693783151858,0.3061693783151858
full_coverage_complete,ab_bolstershaking,1963,0,0,4,True,False,True,0.4039488243018984,0.4039488243018984
full_coverage_complete,ab_bolstershaking,1964,0,0,4,True,False,True,0.49538827281597986,0.49538827281597986
full_coverage_complete,ab_bolstershaking,1970,0,0,4,True,False,True,0.4557538843200588,0.4557538843200588
full_coverage_complete,ab_bolstershaking,1971,0,0,4,True,False,True,0.39495445926464673,0.39495445926464673
full_coverage_complete,ab_bolstershaking,1982,0,0,5,True,False,True,0.4371207055375689,0.4371207055375689
full_coverage_complete,ab_bolstershaking,1987,0,0,5,True,False,True,0.37603938651962804,0.37603938651962804
full_coverage_complete,ab_bolstershaking,2003,0,0,4,True,False,True,0.7012018004228575,0.7012018004228575
full_coverage_complete,ab_bolstershaking,2004,0,0,4,True,False,True,0.4854033014984759,0.4854033014984759
full_coverage_complete,ab_bolstershaking,2005,0,0,4,True,False,True,0.36782279241935995,0.36782279241935995
full_coverage_complete,ab_bolstershaking,2006,0,0,4,True,False,True,0.33123085073860503,0.33123085073860503
full_coverage_complete,ab_bolstershaking,2012,0,0,5,True,False,True,0.49715479031613263,0.49715479031613263
full_coverage_complete,ab_bolstershaking,2013,0,0,5,True,False,True,0.4411142918357928,0.4411142918357928
full_coverage_complete,ab_bolstershaking,2014,0,0,4,True,False,True,0.21516822201880081,0.21516822201880081
full_coverage_complete,ab_bolstershaking,2015,0,0,4,True,False,True,0.15504514909511694,0.15504514909511694
full_coverage_complete,ab_bolstershaking,2017,0,0,5,True,False,True,0.5670265387235848,0.5670265387235848
full_coverage_complete,ab_bolstershaking,2018,0,0,5,True,False,True,0.5996167332011647,0.5996167332011647
full_coverage_complete,ab_bolstershaking,2031,0,0,1,True,False,True,0.7451309798578203,0.7451309798578203
full_coverage_complete,ab_bolstershaking,2038,0,0,1,True,False,True,0.49991933760323853,0.49991933760323853
full_coverage_complete,ab_bolstershaking,2042,0,0,5,True,False,True,0.5068784409751874,0.5068784409751874
full_coverage_complete,ab_bolstershaking,2047,0,0,1,True,False,True,0.7362110014175552,0.7362110014175552
full_coverage_complete,ab_bolstershaking,2065,0,0,1,True,False,True,0.4720889885708861,0.4720889885708861
full_coverage_complete,ab_bolstershaking,2072,0,0,1,True,False,True,0.11311894850821529,0.11311894850821529
full_coverage_complete,ab_bolstershaking,2073,0,0,1,True,False,True,0.09418357793146197,0.09418357793146197
full_coverage_complete,ab_bolstershaking,2074,0,0,4,True,False,True,0.06235715437575468,0.06235715437575468
full_coverage_complete,ab_bolstershaking,2076,0,0,5,True,False,True,0.3543920960334089,0.3543920960334089
full_coverage_complete,ab_bolstershaking,2077,0,0,5,True,False,True,0.3396758064803771,0.3396758064803771
full_coverage_complete,ab_bolstershaking,2078,0,0,5,True,False,True,0.3407609766729316,0.3407609766729316
full_coverage_complete,ab_bolstershaking,2079,0,0,4,True,False,True,0.30457289182589314,0.30457289182589314
full_coverage_complete,ab_bolstershaking,2081,0,0,1,True,False,True,0.33190541991399747,0.33190541991399747
full_coverage_complete,ab_bolstershaking,2083,0,0,1,True,False,True,0.4244643034534521,0.4244643034534521
full_coverage_complete,ab_bolstershaking,2086,0,0,5,True,False,True,0.7363532567122005,0.7363532567122005
full_coverage_complete,ab_bolstershaking,2089,0,0,1,True,False,True,0.3954442121231396,0.3954442121231396
full_coverage_complete,ab_bolstershaking,2090,0,0,1,True,False,True,0.45182843609218476,0.45182843609218476
full_coverage_complete,ab_bolstershaking,2103,0,0,1,True,False,True,0.6799396807155775,0.6799396807155775
full_coverage_complete,ab_bolstershaking,2104,0,0,1,True,False,True,0.5994533112948344,0.5994533112948344
full_coverage_complete,ab_bolstershaking,2105,0,0,1,True,False,True,0.51607360794966,0.51607360794966
full_coverage_complete,ab_bolstershaking,2109,0,0,1,True,False,True,0.5962911439059302,0.5962911439059302
full_coverage_complete,ab_bolstershaking,2110,0,0,1,True,False,True,0.6285780005647227,0.6285780005647227
full_coverage_complete,ab_bolstershaking,2124,5,0,5,True,False,True,0.3661402439926382,0.505933166625445
full_coverage_complete,ab_bolstershaking,2125,0,0,5,True,False,True,0.4558989907670739,0.4558989907670739
full_coverage_complete,ab_bolstershaking,2126,5,1,5,True,False,True,0.3285403517561716,0.17121915089866394
full_coverage_complete,ab_bolstershaking,2127,0,0,5,True,False,True,0.5702789247030474,0.5702789247030474
full_coverage_complete,ab_bolstershaking,2128,0,0,5,True,False,True,0.25485063182904266,0.25485063182904266
full_coverage_complete,ab_bolstershaking,2129,0,0,1,True,False,True,0.5175246765610775,0.5175246765610775
full_coverage_complete,ab_bolstershaking,2143,0,0,1,True,False,True,0.6821400642584404,0.6821400642584404
full_coverage_complete,ab_bolstershaking,2144,0,0,5,True,False,True,0.6612789388798767,0.6612789388798767
full_coverage_complete,ab_bolstershaking,2153,5,0,5,True,False,True,0.10367390903298128,0.0034825448634132443
full_coverage_complete,ab_bolstershaking,2155,0,0,1,True,False,True,0.04613129671611539,0.04613129671611539
full_coverage_complete,ab_bolstershaking,2157,0,0,5,True,False,True,0.0,0.0
full_coverage_complete,ab_bolstershaking,2183,0,0,5,True,False,True,0.7314150391030644,0.7314150391030644
full_coverage_complete,ab_bolstershaking,2290,0,1,1,True,False,True,0.4074220925610752,0.0
full_coverage_complete,ab_bolstershaking,2291,0,1,1,True,False,True,0.01728329322789373,0.14912062138697432
full_coverage_complete,ab_bolstershaking,2339,0,0,1,True,False,True,0.6092531244984682,0.6092531244984682
full_coverage_complete,ab_bolstershaking,2340,0,1,0,False,False,True,0.3886062245391031,0.0
full_coverage_complete,ab_bolstershaking,2342,0,0,1,True,False,True,0.0,0.0
full_coverage_complete,ab_bolstershaking,2343,0,0,6,True,False,True,0.0,0.0
full_coverage_complete,ab_bolstershaking,2344,0,0,6,True,False,True,0.0,0.0
full_coverage_complete,ab_bolstershaking,2345,0,2,6,True,False,True,0.0,0.4002277246497513
full_coverage_complete,ab_bolstershaking,2376,0,0,1,True,False,True,0.0807630890110965,0.0807630890110965
full_coverage_complete,ab_bolstershaking,2380,0,0,2,True,False,True,0.41102153669774494,0.41102153669774494
full_coverage_complete,ab_bolstershaking,2381,0,0,1,True,False,True,0.3477462293253802,0.3477462293253802
full_coverage_complete,ab_bolstershaking,2382,0,0,1,True,False,True,0.3985446271123861,0.3985446271123861
full_coverage_complete,ab_bolstershaking,2387,0,0,5,True,False,True,0.4931764428803765,0.4931764428803765
full_coverage_complete,ab_bolstershaking,2406,0,0,1,True,False,True,0.7034529538137967,0.7034529538137967
full_coverage_complete,ab_bolstershaking,2409,0,0,1,True,False,True,0.7215937644001204,0.7215937644001204
full_coverage_complete,ab_bolstershaking,2410,0,0,1,True,False,True,0.37988507458338844,0.37988507458338844
full_coverage_complete,ab_bolstershaking,2411,0,0,1,True,False,True,0.5965331380028259,0.5965331380028259
full_coverage_complete,ab_bolstershaking,2413,0,0,1,True,False,True,0.38066972505496066,0.38066972505496066
full_coverage_complete,ab_bolstershaking,2414,0,0,1,True,False,True,0.5168888259607713,0.5168888259607713
full_coverage_complete,ab_bolstershaking,2415,0,0,1,True,False,True,0.3278373816945896,0.3278373816945896
full_coverage_complete,ab_bolstershaking,2422,0,0,1,True,False,True,0.521285685010422,0.521285685010422
full_coverage_complete,ab_bolstershaking,2423,0,0,5,True,False,True,0.30854592307242884,0.30854592307242884
full_coverage_complete,ab_bolstershaking,2425,0,0,5,True,False,True,0.19910542776765158,0.19910542776765158
full_coverage_complete,ab_bolstershaking,2430,0,0,5,True,False,True,0.4268401338472247,0.4268401338472247
full_coverage_complete,ab_bolstershaking,2443,0,0,1,True,False,True,0.49101065912158026,0.49101065912158026
full_coverage_complete,ab_bolstershaking,2456,0,0,1,True,False,True,0.5135135722653092,0.5135135722653092
full_coverage_complete,ab_bolstershaking,2457,0,0,1,True,False,True,0.5051363962368779,0.5051363962368779
full_coverage_complete,ab_bolstershaking,2459,0,0,1,True,False,True,0.36464967114976193,0.36464967114976193
full_coverage_complete,ab_bolstershaking,2490,0,0,1,True,False,True,0.11706467681805044,0.11706467681805044
full_coverage_complete,ab_bolstershaking,2491,0,0,1,True,False,True,0.4979949095081213,0.4979949095081213
full_coverage_complete,ab_bolstershaking,2576,0,0,1,True,False,True,0.5718889636741227,0.5718889636741227
full_coverage_complete,ab_bolstershaking,2577,0,0,1,True,False,True,0.545101076825484,0.545101076825484
full_coverage_complete,ab_bolstershaking,2601,0,0,2,True,False,True,0.11795998534253968,0.11795998534253968
full_coverage_complete,ab_bolstershaking,2603,0,0,1,True,False,True,0.15607303578172704,0.15607303578172704
full_coverage_complete,ab_bolstershaking,2613,0,0,1,True,False,True,0.6597357186873217,0.6597357186873217
full_coverage_complete,ab_bolstershaking,2692,0,0,5,True,False,True,0.5141363118371325,0.5141363118371325
full_coverage_complete,ab_bolstershaking,2693,1,1,1,True,False,True,0.27544185298827384,0.1305074417410495
full_coverage_complete,ab_bolstershaking,2694,0,0,1,True,False,True,0.174614953148852,0.174614953148852
full_coverage_complete,ab_bolstershaking,2695,0,0,6,True,False,True,0.05715423600261882,0.05715423600261882
full_coverage_complete,ab_bolstershaking,2696,0,1,1,True,False,True,0.05590217160020171,0.05590217160020171
full_coverage_complete,ab_bolstershaking,2715,0,0,5,True,False,True,0.34069056551242155,0.34069056551242155
full_coverage_complete,ab_bolstershaking,2722,0,0,1,True,False,True,0.5420080022447704,0.5420080022447704
full_coverage_complete,ab_bolstershaking,2747,0,0,1,True,False,True,0.4935448395151976,0.4935448395151976
full_coverage_complete,ab_bolstershaking,2748,0,0,6,True,False,True,0.6880283070628014,0.6880283070628014
full_coverage_complete,ab_bolstershaking,2810,6,0,6,True,False,True,0.8386686560954916,0.8244978581676338
full_coverage_complete,ab_bolstershaking,2834,0,0,1,True,False,True,0.5008616449210815,0.5008616449210815
full_coverage_complete,ab_bolstershaking,2835,1,4,1,True,False,True,0.6313244107483261,0.0
full_coverage_complete,ab_bolstershaking,2836,0,0,6,True,False,True,0.15967124619289927,0.15967124619289927
full_coverage_complete,ab_bolstershaking,2852,0,0,1,True,False,True,0.20262317296864615,0.20262317296864615
full_coverage_complete,ab_bolstershaking,2877,0,0,6,True,False,True,0.41058584117025815,0.41058584117025815
full_coverage_complete,ab_bolstershaking,2892,0,0,4,True,False,True,0.3525023496544393,0.3525023496544393
full_coverage_complete,ab_bolstershaking,2894,0,0,6,True,False,True,0.5582880584133599,0.5582880584133599
full_coverage_complete,ab_bolstershaking,2917,0,0,5,True,False,True,0.4010100113098564,0.4010100113098564
full_coverage_complete,ab_bolstershaking,2918,0,0,1,True,False,True,0.03601447620102069,0.03601447620102069
full_coverage_complete,ab_bolstershaking,2920,0,0,5,True,False,True,0.32044444642544695,0.32044444642544695
full_coverage_complete,ab_bolstershaking,2921,0,0,5,True,False,True,0.5727711233137492,0.5727711233137492
full_coverage_complete,ab_bolstershaking,2922,5,1,5,True,False,True,0.41788145206558075,0.6399504866841189
full_coverage_complete,ab_bolstershaking,2930,0,0,1,True,False,True,0.6175468644728441,0.6175468644728441
full_coverage_complete,ab_bolstershaking,2954,0,0,1,True,False,True,0.5947625384413143,0.5947625384413143
full_coverage_complete,ab_bolstershaking,2955,0,0,1,True,False,True,0.4407385233660902,0.4407385233660902
full_coverage_complete,ab_bolstershaking,2956,0,1,4,True,False,True,0.4691474596398608,0.013268530202318442
full_coverage_complete,ab_bolstershaking,2957,0,0,1,True,False,True,0.06853170102159083,0.06853170102159083
full_coverage_complete,ab_bolstershaking,2958,0,0,1,True,False,True,0.07554984982384133,0.07554984982384133
full_coverage_complete,ab_bolstershaking,2960,0,0,1,True,False,True,0.05195297706108453,0.05195297706108453
full_coverage_complete,ab_bolstershaking,2961,0,0,6,True,False,True,0.06706201094451239,0.06706201094451239
full_coverage_complete,ab_bolstershaking,2963,0,0,5,True,False,True,0.26918521729030026,0.26918521729030026
full_coverage_complete,ab_bolstershaking,2964,0,0,1,True,False,True,0.2866650111187347,0.2866650111187347
full_coverage_complete,ab_bolstershaking,2965,0,0,1,True,False,True,0.3444335365309791,0.3444335365309791
full_coverage_complete,ab_bolstershaking,2970,0,0,1,True,False,True,0.8004756252858545,0.8004756252858545
full_coverage_complete,ab_bolstershaking,2990,0,0,4,True,False,True,0.27431483982766575,0.27431483982766575
full_coverage_complete,ab_bolstershaking,2994,0,0,6,True,False,True,0.00289174458968409,0.00289174458968409
full_coverage_complete,ab_bolstershaking,2995,0,0,6,True,False,True,0.04896459431886521,0.04896459431886521
full_coverage_complete,ab_bolstershaking,3024,0,0,1,True,False,True,0.466992331550075,0.466992331550075
full_coverage_complete,ab_bolstershaking,3028,0,0,1,True,False,True,0.4955536532517337,0.4955536532517337
full_coverage_complete,ab_bolstershaking,3029,0,0,5,True,False,True,0.5054689568513253,0.5054689568513253
full_coverage_complete,ab_bolstershaking,3032,0,0,1,True,False,True,0.18786233756183052,0.18786233756183052
full_coverage_complete,ab_bolstershaking,3034,0,0,1,True,False,True,0.4238857398519804,0.4238857398519804
full_coverage_complete,ab_bolstershaking,3035,0,0,1,True,False,True,0.535055122941789,0.535055122941789
full_coverage_complete,ab_bolstershaking,3036,0,0,0,False,False,True,0.46797080749627823,0.0
full_coverage_complete,ab_bolstershaking,3037,0,0,1,True,False,True,0.0,0.0
full_coverage_complete,ab_bolstershaking,3038,0,1,1,True,False,True,0.0,0.8080717975671442
full_coverage_complete,ab_bolstershaking,3050,0,0,5,True,False,True,0.5310081808235608,0.5310081808235608
full_coverage_complete,ab_bolstershaking,3052,0,0,5,True,False,True,0.4928443824480918,0.4928443824480918
full_coverage_complete,ab_bolstershaking,3053,0,0,5,True,False,True,0.5112054204865524,0.5112054204865524
full_coverage_complete,ab_bolstershaking,3062,1,0,1,True,False,True,0.4708027981051706,0.09595034926112767
full_coverage_complete,ab_bolstershaking,3069,0,0,1,True,False,True,0.4743066163630905,0.4743066163630905
full_coverage_complete,ab_bolstershaking,3074,0,0,5,True,False,True,0.6370185982167331,0.6370185982167331
full_coverage_complete,ab_bolstershaking,3075,0,0,5,True,False,True,0.46543938077609887,0.46543938077609887
full_coverage_complete,ab_bolstershaking,3076,0,0,5,True,False,True,0.4826425063653548,0.4826425063653548
full_coverage_complete,ab_bolstershaking,3081,0,0,1,True,False,True,0.7087242709878325,0.7087242709878325
full_coverage_complete,ab_bolstershaking,3099,0,0,6,True,False,True,0.6358480242072877,0.6358480242072877
full_coverage_complete,ab_bolstershaking,3112,0,0,1,True,False,True,0.5653395133639671,0.5653395133639671
full_coverage_complete,ab_bolstershaking,3113,0,0,1,True,False,True,0.6275303341904016,0.6275303341904016
full_coverage_complete,ab_bolstershaking,3114,0,0,1,True,False,True,0.6193691274609392,0.6193691274609392
full_coverage_complete,ab_bolstershaking,3123,0,0,4,True,False,True,0.5359527230142865,0.5359527230142865
full_coverage_complete,ab_bolstershaking,3124,0,0,4,True,False,True,0.5557191168880986,0.5557191168880986
full_coverage_complete,ab_bolstershaking,3125,0,0,4,True,False,True,0.5972925055982983,0.5972925055982983
full_coverage_complete,ab_bolstershaking,3127,0,0,4,True,False,True,0.6562314063426965,0.6562314063426965
full_coverage_complete,ab_bolstershaking,3128,0,0,4,True,False,True,0.5749054121501954,0.5749054121501954
full_coverage_complete,ab_bolstershaking,3129,0,0,1,True,False,True,0.1206707409716621,0.1206707409716621
full_coverage_complete,ab_bolstershaking,3134,0,0,6,True,False,True,0.7835770501050641,0.7835770501050641
full_coverage_complete,ab_bolstershaking,3138,0,0,4,True,False,True,0.47444223148249814,0.47444223148249814
full_coverage_complete,ab_bolstershaking,3144,0,0,1,True,False,True,0.43533458992582286,0.43533458992582286
full_coverage_complete,ab_bolstershaking,3146,0,0,1,True,False,True,0.5820957496503782,0.5820957496503782
full_coverage_complete,ab_bolstershaking,3148,0,0,1,True,False,True,0.8097406362457309,0.8097406362457309
full_coverage_complete,ab_bolstershaking,3153,0,0,4,True,False,True,0.8914098444447487,0.8914098444447487
full_coverage_complete,ab_bolstershaking,3161,0,0,1,True,False,True,0.5437708408686701,0.5437708408686701
full_coverage_complete,ab_bolstershaking,3171,0,0,5,True,False,True,0.4534911386798883,0.4534911386798883
full_coverage_complete,ab_bolstershaking,3172,0,0,5,True,False,True,0.8541836887540074,0.8541836887540074
full_coverage_complete,ab_bolstershaking,3173,0,0,5,True,False,True,0.6790016050910238,0.6790016050910238
full_coverage_complete,ab_bolstershaking,3180,0,0,1,True,False,True,0.5079109957501015,0.5079109957501015
full_coverage_complete,ab_bolstershaking,3192,0,0,1,True,False,True,0.34785200538389377,0.34785200538389377
full_coverage_complete,ab_bolstershaking,3201,5,0,5,True,False,True,0.4175198782153353,0.4213334910745374
full_coverage_complete,ab_bolstershaking,3213,0,0,6,True,False,True,0.4321800044078978,0.4321800044078978
full_coverage_complete,ab_bolstershaking,3220,6,0,6,True,False,True,0.27979795601185353,0.3386828377980334
full_coverage_complete,ab_bolstershaking,3226,0,0,1,True,False,True,0.33555749619022973,0.33555749619022973
full_coverage_complete,ab_bolstershaking,3228,5,0,5,True,False,True,0.5890504042572802,0.5877341310556095
full_coverage_complete,ab_bolstershaking,3235,5,0,5,True,False,True,0.6721166312914367,0.7242426318388704
full_coverage_complete,ab_girlchoosesbike,320,0,0,5,True,False,True,0.7739140424086249,0.7739140424086249
full_coverage_complete,ab_girlcrossroad,65,0,0,6,True,False,True,0.4508040956097708,0.4508040956097708
full_coverage_complete,ab_girlcrossroad,66,0,0,5,True,False,True,0.4901654004531512,0.4901654004531512
full_coverage_complete,ab_girlcrossroad,67,5,0,5,True,False,True,0.6411197570279723,0.0
full_coverage_complete,ab_girlcrossroad,69,0,0,4,True,False,True,0.0,0.0
full_coverage_complete,ab_girlcrossroad,70,4,1,4,True,False,True,0.0,0.0
full_coverage_complete,ab_girlcrossroad,71,0,0,5,True,False,True,0.0,0.0
full_coverage_complete,ab_girlcrossroad,84,0,0,6,True,False,True,0.0,0.0
full_coverage_complete,ab_girlcrossroad,85,0,0,5,True,False,True,0.0,0.0
full_coverage_complete,ab_girlcrossroad,87,5,0,5,True,False,True,0.0,0.0
full_coverage_complete,ab_girlcrossroad,88,5,0,5,True,False,True,0.0,0.0
full_coverage_complete,ab_girlcrossroad,90,0,0,5,True,False,True,0.0,0.0
full_coverage_complete,ab_girlcrossroad,92,0,0,5,True,False,True,0.0,0.0
full_coverage_complete,ab_girlcrossroad,93,0,0,5,True,False,True,0.0,0.0
full_coverage_complete,ab_girlcrossroad,94,0,0,5,True,False,True,0.0,0.0
full_coverage_complete,ab_girlcrossroad,95,0,0,5,True,False,True,0.0,0.0
full_coverage_complete,ab_girlcrossroad,96,0,0,5,True,False,False,,
full_coverage_complete,ab_girlcrossroad,97,0,0,5,True,False,False,,
full_coverage_complete,ab_girlcrossroad,98,0,0,5,True,False,False,,
full_coverage_complete,ab_girlcrossroad,99,0,0,5,True,False,False,,
full_coverage_complete,ab_girlcrossroad,100,0,0,5,True,False,False,,
full_coverage_complete,ab_girlcrossroad,101,0,0,5,True,False,False,,
full_coverage_complete,ab_girlcrossroad,102,0,0,5,True,False,False,,
full_coverage_complete,ab_girlcrossroad,103,0,0,5,True,False,False,,
full_coverage_complete,ab_girlcrossroad,104,0,0,5,True,False,False,,
full_coverage_complete,ab_girlcrossroad,105,0,0,5,True,False,False,,
full_coverage_complete,ab_girlcrossroad,106,0,0,5,True,False,False,,
full_coverage_complete,ab_girlcrossroad,107,0,0,5,True,False,False,,
full_coverage_complete,ab_girlcrossroad,108,0,0,5,True,False,False,,
full_coverage_complete,ab_girlcrossroad,109,0,0,5,True,False,False,,
full_coverage_complete,ab_girlcrossroad,110,0,0,5,True,False,False,,
full_coverage_complete,ab_girlcrossroad,111,0,0,5,True,False,False,,
full_coverage_complete,ab_girlcrossroad,112,0,0,5,True,False,False,,
full_coverage_complete,ab_girlcrossroad,113,0,0,5,True,False,False,,
full_coverage_complete,ab_girlcrossroad,114,0,0,5,True,False,False,,
full_coverage_complete,ab_girlcrossroad,115,0,0,5,True,False,False,,
full_coverage_complete,ab_girlcrossroad,116,0,0,5,True,False,False,,
full_coverage_complete,ab_girlcrossroad,117,0,0,5,True,False,False,,
full_coverage_complete,ab_girlcrossroad,118,0,0,5,True,False,False,,
full_coverage_complete,ab_girlcrossroad,119,0,0,5,True,False,False,,
full_coverage_complete,ab_girlcrossroad,120,0,0,5,True,False,False,,
full_coverage_complete,ab_girlcrossroad,121,0,0,5,True,False,False,,
full_coverage_complete,ab_girlcrossroad,122,0,0,5,True,False,False,,
full_coverage_complete,ab_girlcrossroad,123,0,0,5,True,False,False,,
full_coverage_complete,ab_girlcrossroad,124,0,0,5,True,False,False,,
full_coverage_complete,ab_girlcrossroad,125,0,0,5,True,False,False,,
full_coverage_complete,ab_girlcrossroad,126,0,0,5,True,False,False,,
full_coverage_complete,ab_girlcrossroad,127,0,0,5,True,False,False,,
full_coverage_complete,ab_girlcrossroad,128,0,0,5,True,False,True,0.0,0.0
full_coverage_complete,ab_girlcrossroad,129,0,0,5,True,False,True,0.0,0.0
full_coverage_complete,ab_girlcrossroad,130,0,0,5,True,False,True,0.0,0.0
full_coverage_complete,ab_girlcrossroad,131,0,0,5,True,False,True,0.0,0.0
full_coverage_complete,ab_girlcrossroad,133,0,0,5,True,False,True,0.0,0.0
full_coverage_complete,ab_girlcrossroad,134,0,0,5,True,False,True,0.0,0.0
full_coverage_complete,ab_girlcrossroad,135,0,0,5,True,False,True,0.0,0.0
full_coverage_complete,ab_girlcrossroad,136,0,0,5,True,False,True,0.0,0.0
full_coverage_complete,ab_girlcrossroad,137,0,0,5,True,False,True,0.0,0.0
full_coverage_complete,ab_girlcrossroad,138,0,0,5,True,False,True,0.0,0.0
full_coverage_complete,ab_girlcrossroad,139,0,0,5,True,False,True,0.0,0.0
full_coverage_complete,ab_girlcrossroad,140,0,0,5,True,False,True,0.0,0.0
full_coverage_complete,ab_girlcrossroad,141,0,0,5,True,False,True,0.0,0.0
full_coverage_complete,ab_girlcrossroad,142,0,0,5,True,False,True,0.0,0.0
full_coverage_complete,ab_girlcrossroad,143,0,0,5,True,False,True,0.0,0.0
full_coverage_complete,ab_girlcrossroad,144,0,0,5,True,False,True,0.0,0.0
full_coverage_complete,ab_girlcrossroad,145,0,0,5,True,False,True,0.0,0.0
full_coverage_complete,ab_girlcrossroad,146,5,2,5,True,False,True,0.0,0.0
full_coverage_complete,ab_girlcrossroad,147,0,0,5,True,False,True,0.0,0.0
full_coverage_complete,ab_girlcrossroad,148,0,0,5,True,False,True,0.0,0.0
full_coverage_complete,ab_girlcrossroad,149,0,0,5,True,False,True,0.0,0.0
full_coverage_complete,ab_girlcrossroad,150,5,1,5,True,False,True,0.0,0.0
full_coverage_complete,ab_girlcrossroad,151,5,3,5,True,False,True,0.0,0.0
full_coverage_complete,ab_girlcrossroad,153,5,0,5,True,False,True,0.0,0.0
full_coverage_complete,ab_girlcrossroad,157,6,0,6,True,False,True,0.0,0.0
full_coverage_complete,ab_girlcrossroad,159,1,0,1,True,False,True,0.0,0.0
full_coverage_complete,ab_girlcrossroad,225,0,0,5,True,False,True,0.0,0.0
full_coverage_complete,ab_girlcrossroad,229,0,0,5,True,False,True,0.0,0.0
full_coverage_complete,ab_girlcrossroad,230,0,0,5,True,False,True,0.0,0.0
full_coverage_complete,ab_girlcrossroad,231,0,0,5,True,False,True,0.0,0.0
full_coverage_complete,ab_girlcrossroad,232,5,0,5,True,True,True,0.0,0.0
full_coverage_complete,ab_girlcrossroad,233,0,0,5,True,False,True,0.0,0.6934061563359637
full_coverage_complete,ab_girlcrossroad,326,0,0,5,True,False,True,0.07294563797255783,0.07294563797255783
full_coverage_complete,ab_girlcrossroad,387,5,1,5,True,False,True,0.6113898777451837,0.4929304148890457
full_coverage_complete,ab_pingpongball2,10,5,0,5,True,False,True,0.0,0.501280213224613
full_coverage_complete,ab_pingpongball2,11,0,0,5,True,False,True,0.0,0.0
full_coverage_complete,ab_pingpongball2,12,0,0,5,True,False,True,0.0,0.0
full_coverage_complete,ab_pingpongball2,13,0,0,5,True,False,True,0.0,0.0
full_coverage_complete,ab_pingpongball2,14,5,2,5,True,False,True,0.0,0.21135865137209037
full_coverage_complete,ab_pingpongball2,17,0,0,1,True,False,True,0.0,0.0
full_coverage_complete,ab_pingpongball2,18,0,0,1,True,False,True,0.0,0.0
full_coverage_complete,ab_pingpongball2,19,4,4,4,True,False,True,0.0,0.0
full_coverage_complete,ab_pingpongball2,20,0,0,5,True,False,True,0.0,0.0
full_coverage_complete,ab_pingpongball2,21,0,1,5,True,False,True,0.0,0.0
full_coverage_complete,ab_pingpongball2,22,6,1,6,True,False,True,0.0,0.0
full_coverage_complete,ab_pingpongball2,23,0,0,5,True,False,True,0.0,0.0
full_coverage_complete,ab_pingpongball2,24,0,1,5,True,False,True,0.0,0.0
full_coverage_complete,ab_pingpongball2,25,0,1,5,True,False,True,0.0,0.0
full_coverage_complete,ab_pingpongball2,26,5,0,5,True,False,True,0.0,0.0
full_coverage_complete,ab_pingpongball2,27,0,1,5,True,False,True,0.0,0.0
full_coverage_complete,ab_pingpongball2,28,5,1,5,True,False,True,0.0,0.0
full_coverage_complete,ab_pingpongball2,29,5,3,5,True,False,True,0.0,0.0
full_coverage_complete,ab_pingpongball2,30,5,0,5,True,False,True,0.0,0.0
full_coverage_complete,ab_pingpongball2,31,5,0,5,True,False,True,0.0,0.0
full_coverage_complete,ab_pingpongball2,32,0,0,5,True,False,True,0.0,0.0
full_coverage_complete,ab_pingpongball2,33,0,0,5,True,False,True,0.0,0.0
full_coverage_complete,ab_pingpongball2,34,0,0,5,True,False,True,0.0,0.0
full_coverage_complete,ab_pingpongball2,35,0,0,6,True,False,True,0.0,0.0
full_coverage_complete,ab_pingpongball2,36,0,0,5,True,False,True,0.0,0.0
full_coverage_complete,ab_pingpongball2,37,1,2,1,True,False,True,0.0,0.0
full_coverage_complete,ab_pingpongball2,38,0,0,5,False,False,True,0.0,0.0
full_coverage_complete,ab_pingpongball2,39,4,2,4,True,False,True,0.0,0.0
full_coverage_complete,ab_pingpongball2,40,0,0,1,True,False,True,0.0,0.0
full_coverage_complete,ab_pingpongball2,42,0,0,5,True,False,True,0.0,0.0
full_coverage_complete,ab_pingpongball2,43,0,0,5,True,False,True,0.0,0.0
full_coverage_complete,ab_pingpongball2,44,0,0,5,True,False,True,0.0,0.0
full_coverage_complete,ab_pingpongball2,45,0,0,5,True,False,True,0.0,0.0
full_coverage_complete,ab_pingpongball2,46,0,0,4,True,False,True,0.0,0.0
full_coverage_complete,ab_pingpongball2,47,0,0,4,True,False,True,0.0,0.0
full_coverage_complete,ab_pingpongball2,48,0,0,5,True,False,True,0.0,0.0
full_coverage_complete,ab_pingpongball2,49,0,0,4,True,False,True,0.0,0.0
full_coverage_complete,ab_pingpongball2,50,0,0,5,True,False,True,0.0,0.0
full_coverage_complete,ab_pingpongball2,51,0,0,5,True,False,True,0.0,0.0
full_coverage_complete,ab_pingpongball2,52,0,0,5,True,False,True,0.0,0.0
full_coverage_complete,ab_pingpongball2,54,0,0,4,True,False,True,0.0,0.0
full_coverage_complete,ab_pingpongball2,55,0,0,5,True,False,True,0.0,0.0
full_coverage_complete,ab_pingpongball2,56,0,1,5,True,False,True,0.0,0.0
full_coverage_complete,ab_pingpongball2,57,0,0,4,True,False,True,0.0,0.0
full_coverage_complete,ab_pingpongball2,58,0,0,4,True,False,True,0.0,0.0
full_coverage_complete,ab_pingpongball2,59,0,0,4,True,False,True,0.0,0.0
full_coverage_complete,ab_pingpongball2,60,0,0,5,True,False,True,0.0,0.0
full_coverage_complete,ab_pingpongball2,61,0,0,5,True,False,True,0.0,0.0
full_coverage_complete,ab_pingpongball2,62,0,0,5,True,False,True,0.0,0.0
full_coverage_complete,ab_pingpongball2,63,0,0,5,True,False,True,0.0,0.0
full_coverage_complete,ab_pingpongball2,64,0,0,5,True,False,True,0.0,0.0
full_coverage_complete,ab_pingpongball2,65,0,0,5,True,False,True,0.0,0.0
full_coverage_complete,ab_pingpongball2,66,0,0,5,True,False,True,0.0,0.0
full_coverage_complete,ab_pingpongball2,68,0,0,5,True,False,True,0.0,0.0
full_coverage_complete,ab_pingpongball2,69,0,0,5,True,False,True,0.0,0.0
full_coverage_complete,ab_pingpongball2,70,0,0,5,True,False,True,0.0,0.0
full_coverage_complete,ab_pingpongball2,71,0,0,4,True,False,True,0.0,0.0
full_coverage_complete,ab_pingpongball2,72,0,0,5,True,False,True,0.0,0.0
full_coverage_complete,ab_pingpongball2,73,0,0,5,True,False,True,0.0,0.0
full_coverage_complete,ab_pingpongball2,74,0,0,5,True,False,True,0.0,0.0
full_coverage_complete,ab_pingpongball2,75,0,0,5,True,False,True,0.0,0.0
full_coverage_complete,ab_pingpongball2,76,0,0,5,True,False,True,0.0,0.0
full_coverage_complete,ab_pingpongball2,77,0,0,5,True,False,True,0.0,0.0
full_coverage_complete,ab_pingpongball2,78,0,0,1,True,False,True,0.0,0.0
full_coverage_complete,ab_pingpongball2,80,0,0,5,True,False,True,0.0,0.0
full_coverage_complete,ab_pingpongball2,82,0,0,4,True,False,True,0.0,0.0
full_coverage_complete,ab_pingpongball2,83,0,0,5,True,False,True,0.0,0.0
full_coverage_complete,ab_pingpongball2,84,0,0,4,True,False,True,0.0,0.0
full_coverage_complete,ab_pingpongball2,85,0,0,4,True,False,True,0.0,0.0
full_coverage_complete,ab_pingpongball2,86,0,0,4,True,False,True,0.0,0.0
full_coverage_complete,ab_pingpongball2,87,0,0,5,True,False,True,0.0,0.0
full_coverage_complete,ab_pingpongball2,88,0,0,4,True,False,True,0.0,0.0
full_coverage_complete,ab_pingpongball2,89,0,0,5,True,False,True,0.0,0.0
full_coverage_complete,ab_pingpongball2,90,0,0,5,True,False,True,0.0,0.0
full_coverage_complete,ab_pingpongball2,91,0,0,5,True,False,True,0.0,0.0
full_coverage_complete,ab_pingpongball2,92,0,0,5,True,False,True,0.0,0.0
full_coverage_complete,ab_pingpongball2,93,0,0,5,True,False,True,0.0,0.0
full_coverage_complete,ab_pingpongball2,94,0,0,5,True,False,True,0.0,0.0
full_coverage_complete,ab_pingpongball2,95,0,0,4,True,False,True,0.0,0.0
full_coverage_complete,ab_pingpongball2,96,0,0,5,True,False,True,0.0,0.0
full_coverage_complete,ab_pingpongball2,97,0,0,5,True,False,True,0.0,0.0
full_coverage_complete,ab_pingpongball2,98,0,0,5,True,False,True,0.0,0.0
full_coverage_complete,ab_pingpongball2,99,0,0,5,True,False,True,0.0,0.0
full_coverage_complete,ab_pingpongball2,100,0,0,5,True,False,True,0.0,0.0
full_coverage_complete,ab_pingpongball2,101,0,1,5,True,False,True,0.0,0.0
full_coverage_complete,ab_pingpongball2,102,0,0,6,True,False,True,0.0,0.0
full_coverage_complete,ab_pingpongball2,103,5,2,5,True,False,True,0.0,0.0
full_coverage_complete,ab_pingpongball2,104,0,0,4,True,False,True,0.0,0.0
full_coverage_complete,ab_pingpongball2,105,0,0,5,True,False,True,0.0,0.0
full_coverage_complete,ab_pingpongball2,106,0,0,5,True,False,True,0.0,0.0
full_coverage_complete,ab_pingpongball2,107,0,0,5,True,False,True,0.0,0.0
full_coverage_complete,ab_pingpongball2,108,0,0,5,True,False,True,0.0,0.0
full_coverage_complete,ab_pingpongball2,109,0,0,5,True,False,True,0.0,0.0
full_coverage_complete,ab_pingpongball2,110,5,0,5,True,False,True,0.0,0.0
full_coverage_complete,ab_pingpongball2,111,5,0,5,True,False,True,0.0,0.0
full_coverage_complete,ab_pingpongball2,112,5,0,5,True,False,True,0.0,0.0
full_coverage_complete,ab_pingpongball2,113,0,0,5,True,False,True,0.0,0.0
full_coverage_complete,ab_pingpongball2,114,0,0,5,True,False,True,0.0,0.0
full_coverage_complete,ab_pingpongball2,115,0,0,5,True,False,True,0.0,0.0
full_coverage_complete,ab_pingpongball2,116,0,0,4,True,False,True,0.0,0.0
full_coverage_complete,ab_pingpongball2,117,0,0,5,True,False,True,0.0,0.0
full_coverage_complete,ab_pingpongball2,118,5,3,5,True,False,True,0.0,0.0
full_coverage_complete,ab_pingpongball2,119,0,0,5,True,False,True,0.0,0.0
full_coverage_complete,ab_pingpongball2,120,0,0,5,True,False,True,0.0,0.0
full_coverage_complete,ab_pingpongball2,121,5,0,5,True,False,True,0.0,0.0
full_coverage_complete,ab_pingpongball2,122,0,0,1,True,False,True,0.0,0.0
full_coverage_complete,ab_pingpongball2,123,0,0,4,True,False,True,0.0,0.0
full_coverage_complete,ab_pingpongball2,124,0,0,4,True,False,True,0.0,0.0
full_coverage_complete,ab_pingpongball2,125,5,1,5,True,False,True,0.0,0.0
full_coverage_complete,ab_pingpongball2,126,0,0,5,True,False,True,0.0,0.0
full_coverage_complete,ab_pingpongball2,127,0,0,5,True,False,True,0.0,0.0
full_coverage_complete,ab_pingpongball2,128,0,0,4,True,False,True,0.0,0.0
full_coverage_complete,ab_pingpongball2,129,4,2,4,True,False,True,0.0,0.0
full_coverage_complete,ab_pingpongball2,130,0,0,4,False,False,True,0.0,0.0
full_coverage_complete,ab_pingpongball2,131,4,0,4,True,False,True,0.0,0.0
full_coverage_complete,ab_pingpongball2,132,5,2,5,True,False,True,0.0,0.0
full_coverage_complete,ab_pingpongball2,133,0,0,5,True,False,True,0.0,0.0
full_coverage_complete,ab_pingpongball2,134,5,4,5,True,False,True,0.0,0.0
full_coverage_complete,ab_pingpongball2,135,0,0,4,True,False,True,0.0,0.0
full_coverage_complete,ab_pingpongball2,136,0,0,4,True,False,True,0.0,0.0
full_coverage_complete,ab_pingpongball2,137,0,0,4,True,False,True,0.0,0.0
full_coverage_complete,ab_pingpongball2,138,0,0,4,True,False,True,0.0,0.0
full_coverage_complete,ab_pingpongball2,139,0,0,4,True,False,True,0.0,0.0
full_coverage_complete,ab_pingpongball2,140,0,0,4,True,False,True,0.0,0.0
full_coverage_complete,ab_pingpongball2,141,0,0,4,True,False,True,0.0,0.0
full_coverage_complete,ab_pingpongball2,142,0,0,4,True,False,True,0.0,0.0
full_coverage_complete,ab_pingpongball2,143,0,0,4,True,False,True,0.0,0.0
full_coverage_complete,ab_pingpongball2,145,4,3,4,True,False,True,0.0,0.0
full_coverage_complete,ab_pingpongball2,146,0,0,5,True,False,True,0.0,0.0
full_coverage_complete,ab_pingpongball2,147,0,0,5,True,False,True,0.17332229242212766,0.17332229242212766
full_coverage_complete,ab_pingpongball2,148,0,1,5,True,False,True,0.19653482386867777,0.0
full_coverage_complete,ab_pingpongball2,149,0,0,1,True,False,True,0.0,0.0
full_coverage_complete,ab_pingpongball2,150,0,0,4,True,False,True,0.0,0.0
full_coverage_complete,ab_pingpongball2,151,0,0,4,True,False,True,0.0,0.0
full_coverage_complete,ab_pingpongball2,152,5,3,5,True,False,True,0.0,0.0
full_coverage_complete,ab_pingpongball2,153,0,0,5,True,False,True,0.0,0.0
full_coverage_complete,ab_pingpongball2,154,0,0,5,True,False,True,0.0,0.0
full_coverage_complete,ab_pingpongball2,155,0,0,5,True,False,True,0.0,0.0
full_coverage_complete,ab_pingpongball2,156,0,0,1,True,False,True,0.0,0.0
full_coverage_complete,ab_pingpongball2,157,0,0,1,True,False,True,0.0,0.0
full_coverage_complete,ab_pingpongball2,158,0,0,4,True,False,True,0.0,0.0
full_coverage_complete,ab_pingpongball2,159,4,2,4,True,False,True,0.0,0.0
full_coverage_complete,ab_pingpongball2,160,0,0,6,True,False,True,0.0,0.0
full_coverage_complete,ab_pingpongball2,161,1,2,1,True,False,True,0.0,0.0
full_coverage_complete,ab_pingpongball2,162,0,0,1,True,False,True,0.0,0.0
full_coverage_complete,ab_pingpongball2,163,0,0,1,True,False,True,0.0,0.0
full_coverage_complete,ab_pingpongball2,164,0,0,4,True,False,True,0.0,0.0
full_coverage_complete,ab_pingpongball2,166,5,0,5,True,False,True,0.0,0.0
full_coverage_complete,ab_pingpongball2,167,0,0,1,True,False,True,0.0,0.0
full_coverage_complete,ab_pingpongball2,168,0,0,4,True,False,True,0.0,0.0
full_coverage_complete,ab_pingpongball2,169,0,0,4,True,False,True,0.0,0.0
full_coverage_complete,ab_pingpongball2,170,0,0,4,True,False,True,0.0,0.0
full_coverage_complete,ab_pingpongball2,171,0,0,1,True,False,True,0.0,0.0
full_coverage_complete,ab_pingpongball2,172,0,0,4,True,False,True,0.0,0.0
full_coverage_complete,ab_pingpongball2,173,0,0,4,True,False,True,0.0,0.0
full_coverage_complete,ab_pingpongball2,174,0,0,4,True,False,True,0.0,0.0
full_coverage_complete,ab_pingpongball2,175,4,1,4,True,False,True,0.0,0.0
full_coverage_complete,ab_pingpongball2,176,0,0,5,True,False,True,0.0,0.0
full_coverage_complete,ab_pingpongball2,177,0,0,5,True,False,True,0.0,0.0
full_coverage_complete,ab_pingpongball2,178,0,0,5,True,False,True,0.0,0.0
full_coverage_complete,ab_pingpongball2,180,0,0,1,True,False,True,0.0,0.0
full_coverage_complete,ab_pingpongball2,181,0,1,6,True,False,True,0.0,0.0
full_coverage_complete,ab_pingpongball2,182,5,2,5,True,False,True,0.0,0.0
full_coverage_complete,ab_pingpongball2,183,0,0,4,True,False,True,0.0,0.0
full_coverage_complete,ab_pingpongball2,189,0,0,1,True,False,True,0.0,0.0
full_coverage_complete,ab_pingpongball2,192,1,4,1,True,False,True,0.0,0.0
full_coverage_complete,ab_pingpongball2,193,0,0,4,True,False,True,0.0,0.0
full_coverage_complete,ab_rightlowerredcup_quezhen,16,0,0,1,True,False,True,0.2156331976164351,0.2156331976164351
full_coverage_complete,ab_rightlowerredcup_quezhen,19,0,0,5,True,False,True,0.0,0.0
full_coverage_complete,ab_rightlowerredcup_quezhen,20,0,0,5,True,False,True,0.0,0.0
full_coverage_complete,ab_rightlowerredcup_quezhen,21,0,0,4,True,False,True,0.0,0.0
full_coverage_complete,ab_rightlowerredcup_quezhen,22,0,0,1,True,False,True,0.0,0.0
full_coverage_complete,ab_rightlowerredcup_quezhen,23,0,0,1,True,False,True,0.0,0.0
full_coverage_complete,ab_rightlowerredcup_quezhen,24,0,0,4,True,False,True,0.0,0.0
full_coverage_complete,ab_rightlowerredcup_quezhen,26,0,0,5,True,False,True,0.0,0.0
full_coverage_complete,ab_rightlowerredcup_quezhen,27,0,0,4,True,False,True,0.0,0.0
full_coverage_complete,ab_rightlowerredcup_quezhen,28,5,1,5,True,False,True,0.02509349155148473,0.29435902873163144
full_coverage_complete,ab_rightlowerredcup_quezhen,29,0,0,1,True,False,True,0.23388810084046568,0.23388810084046568
full_coverage_complete,ab_rightlowerredcup_quezhen,32,0,0,1,True,False,True,0.3352670689459236,0.3352670689459236
full_coverage_complete,ab_rightlowerredcup_quezhen,33,0,0,1,True,False,True,0.2625544194212879,0.2625544194212879
full_coverage_complete,ab_rightlowerredcup_quezhen,34,0,0,4,True,False,True,0.04399037286282179,0.04399037286282179
full_coverage_complete,ab_rightlowerredcup_quezhen,36,0,0,4,True,False,True,0.32534817114261777,0.32534817114261777
full_coverage_complete,ab_rightlowerredcup_quezhen,39,0,0,1,True,False,True,0.44517940606613093,0.44517940606613093
full_coverage_complete,ab_rightlowerredcup_quezhen,40,0,0,1,True,False,True,0.3873812975405796,0.3873812975405796
full_coverage_complete,ab_rightlowerredcup_quezhen,41,0,0,1,True,False,True,0.2212573936229959,0.2212573936229959
full_coverage_complete,ab_rightlowerredcup_quezhen,42,0,0,1,True,False,True,0.23639486939205528,0.23639486939205528
full_coverage_complete,ab_rightlowerredcup_quezhen,43,0,0,1,True,False,True,0.2414930300523979,0.2414930300523979
full_coverage_complete,ab_rightlowerredcup_quezhen,45,0,0,4,True,False,True,0.2404407485459173,0.2404407485459173
full_coverage_complete,ab_rightlowerredcup_quezhen,46,0,0,4,True,False,True,0.28970899688838075,0.28970899688838075
full_coverage_complete,ab_rightlowerredcup_quezhen,47,0,0,4,True,False,True,0.327357751121913,0.327357751121913
full_coverage_complete,ab_rightlowerredcup_quezhen,48,0,0,4,True,False,True,0.31123832723210915,0.31123832723210915
full_coverage_complete,ab_rightlowerredcup_quezhen,49,0,0,1,True,False,True,0.333708845484088,0.333708845484088
full_coverage_complete,ab_rightlowerredcup_quezhen,50,0,0,1,True,False,True,0.29104915030270007,0.29104915030270007
full_coverage_complete,ab_rightlowerredcup_quezhen,51,0,0,1,True,False,True,0.2485888131878123,0.2485888131878123
full_coverage_complete,ab_rightlowerredcup_quezhen,52,0,0,1,True,False,True,0.20506905894254862,0.20506905894254862
full_coverage_complete,ab_rightlowerredcup_quezhen,53,0,0,5,True,False,True,0.2474464064966494,0.2474464064966494
full_coverage_complete,ab_rightlowerredcup_quezhen,54,0,0,5,True,False,True,0.3973236170506373,0.3973236170506373
full_coverage_complete,ab_rightlowerredcup_quezhen,55,0,0,5,True,False,True,0.2553835339098648,0.2553835339098648
full_coverage_complete,ab_rightlowerredcup_quezhen,56,0,0,5,True,False,True,0.5881467554916945,0.5881467554916945
full_coverage_complete,ab_rightlowerredcup_quezhen,57,0,0,6,True,False,True,0.0,0.0
full_coverage_complete,ab_rightlowerredcup_quezhen,58,5,0,5,True,False,True,0.0,0.0
full_coverage_complete,ab_rightlowerredcup_quezhen,59,0,0,5,True,False,True,0.0,0.0
full_coverage_complete,ab_rightlowerredcup_quezhen,60,0,0,5,True,False,True,0.0,0.0
full_coverage_complete,ab_rightlowerredcup_quezhen,61,0,0,5,True,False,True,0.0,0.0
full_coverage_complete,ab_rightlowerredcup_quezhen,62,5,0,5,True,False,True,0.0,0.0
full_coverage_complete,ab_rightlowerredcup_quezhen,63,0,0,5,True,False,True,0.0,0.0
full_coverage_complete,ab_rightlowerredcup_quezhen,64,0,0,5,True,False,True,0.0,0.0
full_coverage_complete,ab_rightlowerredcup_quezhen,65,5,0,5,True,False,True,0.0,0.0
full_coverage_complete,ab_rightlowerredcup_quezhen,66,0,0,5,True,False,True,0.0,0.0
full_coverage_complete,ab_rightlowerredcup_quezhen,67,0,0,5,True,False,True,0.0,0.0
full_coverage_complete,ab_rightlowerredcup_quezhen,68,0,0,5,True,False,True,0.0,0.0
full_coverage_complete,ab_rightlowerredcup_quezhen,69,0,0,5,True,False,True,0.0,0.0
full_coverage_complete,ab_rightlowerredcup_quezhen,70,0,0,4,True,False,True,0.0,0.0
full_coverage_complete,ab_rightlowerredcup_quezhen,71,0,0,4,True,False,True,0.0,0.0
full_coverage_complete,ab_rightlowerredcup_quezhen,72,0,0,4,True,False,True,0.0,0.0
full_coverage_complete,ab_rightlowerredcup_quezhen,73,0,0,1,True,False,True,0.0,0.0
full_coverage_complete,ab_rightlowerredcup_quezhen,74,1,3,1,True,False,True,0.0,0.24997041525618582
full_coverage_complete,ab_rightlowerredcup_quezhen,75,0,0,1,True,False,True,0.2515753549354398,0.2515753549354398
full_coverage_complete,ab_rightlowerredcup_quezhen,76,0,0,1,True,False,True,0.26004825048860397,0.26004825048860397
full_coverage_complete,ab_rightlowerredcup_quezhen,77,0,0,4,True,False,True,0.238513389782751,0.238513389782751
full_coverage_complete,ab_rightlowerredcup_quezhen,78,0,0,4,True,False,True,0.24268700302667237,0.24268700302667237
full_coverage_complete,ab_rightlowerredcup_quezhen,79,0,0,4,True,False,True,0.2530060951646743,0.2530060951646743
full_coverage_complete,ab_rightlowerredcup_quezhen,80,0,0,4,True,False,True,0.27762913782586,0.27762913782586
full_coverage_complete,ab_rightlowerredcup_quezhen,81,0,0,4,True,False,True,0.27617527246393153,0.27617527246393153
full_coverage_complete,ab_rightlowerredcup_quezhen,82,0,0,4,True,False,True,0.2991091531863029,0.2991091531863029
full_coverage_complete,ab_rightlowerredcup_quezhen,83,0,0,4,True,False,True,0.3194058047356446,0.3194058047356446
full_coverage_complete,ab_rightlowerredcup_quezhen,84,0,0,1,True,False,True,0.12509314831215995,0.12509314831215995
full_coverage_complete,ab_rightlowerredcup_quezhen,85,0,0,4,True,False,True,0.18784691401257148,0.18784691401257148
full_coverage_complete,ab_rightlowerredcup_quezhen,86,0,0,1,True,False,True,0.41781926899826904,0.41781926899826904
full_coverage_complete,ab_rightlowerredcup_quezhen,88,0,1,0,False,False,True,0.08880955816876293,0.05839307590298472
full_coverage_complete,ab_rightlowerredcup_quezhen,89,0,0,5,True,False,True,0.09100481112619697,0.09100481112619697
full_coverage_complete,ab_rightlowerredcup_quezhen,90,0,0,5,True,False,True,0.0,0.0
full_coverage_complete,ab_rightlowerredcup_quezhen,91,6,0,6,True,False,True,0.0,0.0
full_coverage_complete,ab_rightlowerredcup_quezhen,92,0,0,4,True,False,True,0.0,0.0
full_coverage_complete,ab_rightlowerredcup_quezhen,93,0,0,1,True,False,True,0.0,0.0
full_coverage_complete,ab_rightlowerredcup_quezhen,94,0,0,1,True,False,True,0.0,0.0
full_coverage_complete,ab_rightlowerredcup_quezhen,98,0,0,1,True,False,True,0.0,0.0
full_coverage_complete,ab_rightlowerredcup_quezhen,99,0,0,1,True,False,True,0.0,0.0
full_coverage_complete,ab_rightlowerredcup_quezhen,100,5,0,5,True,False,True,0.0,0.0
full_coverage_complete,ab_rightlowerredcup_quezhen,101,0,0,5,True,False,True,0.0,0.0
full_coverage_complete,ab_rightlowerredcup_quezhen,102,0,0,5,True,False,True,0.0,0.0
full_coverage_complete,ab_rightlowerredcup_quezhen,103,5,0,5,True,False,True,0.015301627497776171,0.0015632885967055417
full_coverage_complete,ab_rightlowerredcup_quezhen,104,5,3,5,True,False,True,0.07184114572870291,0.0395853026772454
full_coverage_complete,ab_rightlowerredcup_quezhen,106,0,0,1,True,False,True,0.0,0.0
full_coverage_complete,ab_rightlowerredcup_quezhen,110,0,0,0,False,False,True,0.0,0.2986511755114698
full_coverage_complete,ab_rightlowerredcup_quezhen,111,0,0,1,True,False,True,0.2107304553663248,0.2107304553663248
full_coverage_complete,ab_rightlowerredcup_quezhen,115,0,0,4,True,False,True,0.28835781909325414,0.28835781909325414
full_coverage_complete,ab_rightlowerredcup_quezhen,116,0,0,1,True,False,True,0.16898243905095825,0.16898243905095825
full_coverage_complete,ab_rightlowerredcup_quezhen,117,0,0,4,True,False,True,0.15010028860169203,0.15010028860169203
full_coverage_complete,ab_rightlowerredcup_quezhen,118,0,0,1,True,False,True,0.08335232452141537,0.08335232452141537
full_coverage_complete,ab_rightlowerredcup_quezhen,119,0,0,5,True,False,True,0.07658737560613164,0.07658737560613164
full_coverage_complete,ab_rightlowerredcup_quezhen,120,0,0,5,True,False,True,0.06836372998078838,0.06836372998078838
full_coverage_complete,ab_rightlowerredcup_quezhen,122,0,0,1,True,False,True,0.0,0.0
full_coverage_complete,ab_rightlowerredcup_quezhen,123,4,0,4,True,False,True,0.0,0.0
full_coverage_complete,ab_rightlowerredcup_quezhen,124,0,0,5,True,False,True,0.0,0.0
full_coverage_complete,ab_rightlowerredcup_quezhen,126,0,0,1,True,False,True,0.0,0.0
full_coverage_complete,ab_rightlowerredcup_quezhen,127,0,0,1,True,False,True,0.0,0.0
full_coverage_complete,ab_rightlowerredcup_quezhen,128,0,0,4,True,False,True,0.0,0.0
full_coverage_complete,ab_rightlowerredcup_quezhen,129,1,4,1,True,False,True,0.0953183978816985,0.0
full_coverage_complete,ab_rightlowerredcup_quezhen,130,0,0,1,True,False,True,0.0,0.0
full_coverage_complete,ab_rightlowerredcup_quezhen,131,0,0,1,True,False,True,0.0,0.0
full_coverage_complete,ab_rightlowerredcup_quezhen,132,0,0,1,True,False,True,0.0,0.0
full_coverage_complete,ab_rightlowerredcup_quezhen,133,0,0,1,True,False,True,0.0,0.0
full_coverage_complete,ab_rightlowerredcup_quezhen,134,0,0,4,True,False,True,0.0,0.0
full_coverage_complete,ab_rightlowerredcup_quezhen,135,4,1,4,True,False,True,0.0,0.13910975571267892
full_coverage_complete,ab_rightlowerredcup_quezhen,136,0,0,5,True,False,True,0.34935910528421077,0.34935910528421077
full_coverage_complete,ab_rightlowerredcup_quezhen,137,0,0,5,True,False,True,0.3326204456965683,0.3326204456965683
full_coverage_complete,ab_rightlowerredcup_quezhen,138,0,0,5,True,False,True,0.23360669034558282,0.23360669034558282
full_coverage_complete,ab_rightlowerredcup_quezhen,140,0,0,5,True,False,True,0.0,0.0
full_coverage_complete,ab_rightlowerredcup_quezhen,141,0,0,5,True,False,True,0.0,0.0
full_coverage_complete,ab_rightlowerredcup_quezhen,142,0,0,5,True,False,True,0.0,0.0
full_coverage_complete,ab_rightlowerredcup_quezhen,143,0,0,5,True,False,True,0.0,0.0
full_coverage_complete,ab_rightlowerredcup_quezhen,144,0,0,5,True,False,True,0.0,0.0
full_coverage_complete,ab_rightlowerredcup_quezhen,145,0,0,1,True,False,True,0.0,0.0
full_coverage_complete,ab_rightlowerredcup_quezhen,146,0,0,1,True,False,True,0.0,0.0
full_coverage_complete,ab_rightlowerredcup_quezhen,148,0,0,4,True,False,True,0.0,0.0
full_coverage_complete,ab_rightlowerredcup_quezhen,149,0,0,4,True,False,True,0.0,0.0
full_coverage_complete,ab_rightlowerredcup_quezhen,150,0,0,4,True,False,True,0.0,0.0
full_coverage_complete,ab_rightlowerredcup_quezhen,151,0,0,4,True,False,True,0.0,0.0
full_coverage_complete,ab_rightlowerredcup_quezhen,152,5,1,5,True,False,True,0.0,0.24904876583693786
full_coverage_complete,ab_rightlowerredcup_quezhen,153,0,0,1,True,False,True,0.2239520288633549,0.2239520288633549
full_coverage_complete,ab_rightlowerredcup_quezhen,155,0,0,6,True,False,True,0.207099514131762,0.207099514131762
full_coverage_complete,ab_rightlowerredcup_quezhen,156,0,0,1,True,False,True,0.1798164117213102,0.1798164117213102
full_coverage_complete,ab_rightlowerredcup_quezhen,157,0,0,1,True,False,True,0.16961599831052662,0.16961599831052662
full_coverage_complete,ab_rightlowerredcup_quezhen,158,0,0,1,True,False,True,0.36801472492172654,0.36801472492172654
full_coverage_complete,ab_rightlowerredcup_quezhen,161,0,0,1,True,False,True,0.3790321803995259,0.3790321803995259
full_coverage_complete,ab_rightlowerredcup_quezhen,165,5,0,5,True,False,True,0.09464303779196089,0.04799218278640847
full_coverage_complete,ab_rightlowerredcup_quezhen,166,0,0,1,True,False,True,0.21718628086952244,0.21718628086952244
full_coverage_complete,ab_rightlowerredcup_quezhen,167,0,0,5,True,False,True,0.4401067498044125,0.4401067498044125
full_coverage_complete,ab_rightlowerredcup_quezhen,168,0,0,5,True,False,True,0.42717313195252404,0.42717313195252404
full_coverage_complete,ab_rightlowerredcup_quezhen,169,0,0,5,True,False,True,0.4332484723590728,0.4332484723590728
full_coverage_complete,ab_rightlowerredcup_quezhen,170,0,0,5,True,False,True,0.38896579992632047,0.38896579992632047
full_coverage_complete,ab_rightlowerredcup_quezhen,179,0,0,4,True,False,True,0.5676724667315803,0.5676724667315803
full_coverage_complete,ab_rightlowerredcup_quezhen,181,0,0,1,True,False,True,0.603821065270863,0.603821065270863
full_coverage_complete,ab_rightlowerredcup_quezhen,183,5,0,5,True,False,True,0.5140901807641611,0.48274025921611835
full_coverage_complete,ab_rightlowerredcup_quezhen,184,0,0,5,True,False,True,0.4794572260314979,0.4794572260314979
full_coverage_complete,ab_rightlowerredcup_quezhen,185,0,0,5,True,False,True,0.36625904493062594,0.36625904493062594
full_coverage_complete,ab_rightlowerredcup_quezhen,187,0,0,5,True,False,True,0.4772466472588608,0.4772466472588608
full_coverage_complete,ab_rightlowerredcup_quezhen,188,0,0,5,True,False,True,0.5130767901359777,0.5130767901359777
full_coverage_complete,ab_rightlowerredcup_quezhen,189,0,0,5,True,False,True,0.5028830471965261,0.5028830471965261
full_coverage_complete,ab_rightlowerredcup_quezhen,191,0,0,5,True,False,True,0.4972068664374068,0.4972068664374068
full_coverage_complete,ab_rightlowerredcup_quezhen,192,0,0,5,True,False,True,0.5165381329901849,0.5165381329901849
full_coverage_complete,ab_rightlowerredcup_quezhen,209,0,0,6,True,False,True,0.32625274617010724,0.32625274617010724
full_coverage_complete,ab_rightlowerredcup_quezhen,210,0,0,5,True,False,True,0.356088697553368,0.356088697553368
full_coverage_complete,ab_rightlowerredcup_quezhen,211,5,0,5,True,False,True,0.3333824845715809,0.27290518790224033
full_coverage_complete,ab_rightlowerredcup_quezhen,212,0,0,6,True,False,True,0.2666604790644145,0.2666604790644145
full_coverage_complete,ab_rightlowerredcup_quezhen,213,0,0,6,True,False,True,0.30058135510717854,0.30058135510717854
full_coverage_complete,ab_rightlowerredcup_quezhen,214,0,0,5,True,False,True,0.34191463844630865,0.34191463844630865
full_coverage_complete,ab_rightlowerredcup_quezhen,215,0,0,5,True,False,True,0.3214767171759515,0.1633157647317701
full_coverage_complete,ab_rightlowerredcup_quezhen,216,6,0,6,True,False,True,0.0,0.0
full_coverage_complete,ab_rightlowerredcup_quezhen,217,0,0,6,True,False,True,0.0,0.0
full_coverage_complete,ab_rightlowerredcup_quezhen,218,0,0,5,True,False,True,0.0,0.0
full_coverage_complete,ab_rightlowerredcup_quezhen,221,0,0,5,True,False,True,0.0,0.0
full_coverage_complete,ab_rightlowerredcup_quezhen,241,0,0,5,True,False,True,0.0,0.0
full_coverage_complete,ab_rightlowerredcup_quezhen,242,0,0,1,True,False,True,0.0,0.0
full_coverage_complete,ab_rightlowerredcup_quezhen,243,0,0,1,True,False,True,0.0,0.0
full_coverage_complete,ab_rightlowerredcup_quezhen,244,0,0,5,True,False,True,0.0,0.0
full_coverage_complete,ab_rightlowerredcup_quezhen,245,0,1,0,False,False,True,0.0,0.4031963939327662
full_coverage_complete,ab_rightlowerredcup_quezhen,248,0,0,6,True,False,True,0.12650461277755504,0.12650461277755504
full_coverage_complete,ab_rightlowerredcup_quezhen,249,0,0,5,True,False,True,0.09208868476280462,0.09208868476280462
full_coverage_complete,ab_rightlowerredcup_quezhen,250,0,0,5,True,False,True,0.0335363450187665,0.0335363450187665
full_coverage_complete,ab_rightlowerredcup_quezhen,252,5,1,5,True,False,True,0.03398691435595805,0.4254580526545317
full_coverage_complete,ab_rightlowerredcup_quezhen,253,0,0,5,True,False,True,0.4223340749718066,0.4223340749718066
full_coverage_complete,ab_rightlowerredcup_quezhen,254,0,0,5,True,False,True,0.4051779034537032,0.4051779034537032
full_coverage_complete,ab_rightlowerredcup_quezhen,256,0,1,0,False,False,True,0.3961813525650351,0.0
full_coverage_complete,ab_rightlowerredcup_quezhen,257,0,0,1,True,False,True,0.0,0.0
full_coverage_complete,ab_rightlowerredcup_quezhen,273,0,0,5,True,False,True,0.0,0.0
full_coverage_complete,ab_rightlowerredcup_quezhen,279,0,0,5,True,False,True,0.0,0.0
full_coverage_complete,ab_rightlowerredcup_quezhen,286,0,0,6,True,False,True,0.2371452044666101,0.2371452044666101
full_coverage_complete,ab_rightlowerredcup_quezhen,288,6,1,6,True,False,True,0.15138220244856287,0.1477780690769538
full_coverage_complete,ab_rightlowerredcup_quezhen,290,0,0,5,True,False,True,0.4653658950361684,0.4653658950361684
full_coverage_complete,ab_rightlowerredcup_quezhen,307,0,0,5,True,False,True,0.5964465947187889,0.5964465947187889
full_coverage_complete,ab_rightlowerredcup_quezhen,308,5,0,5,True,False,True,0.5606154565936027,0.5634282749138547
full_coverage_complete,ab_rightlowerredcup_quezhen,309,5,0,5,True,False,True,0.5636573271704033,0.609250882304141
full_coverage_complete,ab_rightlowerredcup_quezhen,310,5,0,5,True,False,True,0.5772721626171025,0.6427180986977307
full_coverage_complete,ab_rightlowerredcup_quezhen,311,0,0,5,True,False,True,0.6672791623152533,0.6672791623152533
full_coverage_complete,ab_rightlowerredcup_quezhen,312,0,0,1,True,False,True,0.5105648526503453,0.5105648526503453
full_coverage_complete,ab_rightlowerredcup_quezhen,313,0,0,5,True,False,True,0.6864872598576967,0.6864872598576967
full_coverage_complete,ab_rightlowerredcup_quezhen,314,0,1,1,True,False,True,0.5267689908233423,0.0
full_coverage_complete,ab_rightlowerredcup_quezhen,344,0,0,2,True,False,True,0.4954752012169894,0.4954752012169894
full_coverage_complete,ab_rightlowerredcup_quezhen,375,0,0,2,True,False,True,0.6775263661732863,0.6775263661732863
full_coverage_complete,ab_rightlowerredcup_quezhen,377,2,0,2,True,False,True,0.6024604329588081,0.0
full_coverage_complete,ab_rightlowerredcup_quezhen,389,0,0,1,True,False,True,0.0,0.0
full_coverage_complete,ab_rightlowerredcup_quezhen,390,0,0,1,True,False,True,0.0,0.0
full_coverage_complete,ab_rightlowerredcup_quezhen,391,0,0,1,True,False,True,0.0,0.0
full_coverage_complete,ab_rightlowerredcup_quezhen,392,0,0,1,True,False,True,0.0,0.0
full_coverage_complete,ab_rightlowerredcup_quezhen,396,0,0,1,True,False,True,0.0,0.0
full_coverage_complete,ab_rightlowerredcup_quezhen,397,0,0,1,True,False,True,0.02167889249474677,0.02167889249474677
full_coverage_complete,ab_rightlowerredcup_quezhen,398,0,0,1,True,False,True,0.6382715674731559,0.6382715674731559
full_coverage_complete,ab_rightlowerredcup_quezhen,399,0,0,6,True,False,True,0.5496344820365252,0.5496344820365252
full_coverage_complete,ab_rightlowerredcup_quezhen,400,0,0,5,True,False,True,0.5033395139471698,0.5033395139471698
full_coverage_complete,ab_rightlowerredcup_quezhen,401,5,0,5,True,False,True,0.4466391803027766,0.5260933002794383
full_coverage_complete,ab_rightlowerredcup_quezhen,402,5,0,5,True,False,True,0.5907614787513256,0.6000050832202982
full_coverage_complete,ab_rightlowerredcup_quezhen,403,0,0,5,True,False,True,0.610329301179902,0.610329301179902
full_coverage_complete,ab_rightlowerredcup_quezhen,404,5,0,5,True,False,True,0.3122003941877236,0.4043365772844519
full_coverage_complete,ab_rightlowerredcup_quezhen,412,0,0,1,True,False,True,0.26798244956491724,0.26798244956491724
full_coverage_complete,ab_rightlowerredcup_quezhen,417,0,0,1,True,False,True,0.16473412543915367,0.16473412543915367
full_coverage_complete,ab_rightlowerredcup_quezhen,418,0,0,1,True,False,True,0.0,0.0
full_coverage_complete,ab_rightlowerredcup_quezhen,428,0,0,1,True,False,True,0.0,0.0
full_coverage_complete,ab_rightlowerredcup_quezhen,429,0,0,1,True,False,True,0.017514950058324503,0.017514950058324503
full_coverage_complete,ab_rightlowerredcup_quezhen,431,6,1,6,True,False,True,0.0,0.0
full_coverage_complete,ab_rightlowerredcup_quezhen,452,0,0,1,True,False,True,0.0,0.0
full_coverage_complete,ab_rightlowerredcup_quezhen,454,0,0,1,True,False,True,0.00043251900332898165,0.00043251900332898165
full_coverage_complete,ab_rightlowerredcup_quezhen,455,0,0,1,True,False,True,0.2954223372426795,0.2954223372426795
full_coverage_complete,ab_rightlowerredcup_quezhen,464,0,0,1,True,False,True,0.31341155564889883,0.31341155564889883
full_coverage_complete,ab_rightlowerredcup_quezhen,465,0,0,5,True,False,True,0.17072679019269732,0.17072679019269732
full_coverage_complete,ab_rightlowerredcup_quezhen,466,0,0,5,True,False,True,0.14383357116790682,0.14383357116790682
full_coverage_complete,ab_rightlowerredcup_quezhen,467,0,0,5,True,False,True,0.0,0.0
full_coverage_complete,ab_rightlowerredcup_quezhen,488,0,0,5,True,False,True,0.0,0.0
full_coverage_complete,ab_rightlowerredcup_quezhen,489,0,0,5,True,False,True,0.0,0.0
full_coverage_complete,ab_rightlowerredcup_quezhen,490,0,0,5,True,False,True,0.0,0.0
full_coverage_complete,ab_rightlowerredcup_quezhen,491,0,0,5,True,False,True,0.0,0.0
full_coverage_complete,ab_rightlowerredcup_quezhen,492,5,1,5,True,False,True,0.0,0.5925555266678252
full_coverage_complete,ab_rightlowerredcup_quezhen,493,0,0,5,True,False,True,0.4585757032578188,0.4585757032578188
full_coverage_complete,ab_rightlowerredcup_quezhen,494,0,0,5,True,False,True,0.42123453464045685,0.42123453464045685
full_coverage_complete,ab_rightlowerredcup_quezhen,495,0,0,5,True,False,True,0.6268504559496962,0.6268504559496962
full_coverage_complete,ab_rightlowerredcup_quezhen,496,0,0,1,True,False,True,0.5848387271828678,0.5848387271828678
full_coverage_complete,ab_rightlowerredcup_quezhen,497,5,0,5,True,False,True,0.6421269639460534,0.6908023241258479
full_coverage_complete,ab_rightlowerredcup_quezhen,498,0,1,0,False,False,True,0.6679847329152898,0.0
full_coverage_complete,ab_rightlowerredcup_quezhen,500,0,0,2,True,False,True,0.0,0.0
full_coverage_complete,ab_rightlowerredcup_quezhen,502,0,0,5,True,False,True,0.0,0.0
full_coverage_complete,ab_rightlowerredcup_quezhen,503,5,0,5,True,False,True,0.0,0.6680314424106767
full_coverage_complete,ab_rightlowerredcup_quezhen,504,0,0,5,True,False,True,0.4476465338601738,0.4476465338601738
full_coverage_complete,ab_rightlowerredcup_quezhen,505,0,0,5,True,False,True,0.2288261000882857,0.2288261000882857
full_coverage_complete,ab_rightlowerredcup_quezhen,507,6,0,6,True,False,True,0.0,0.0
full_coverage_complete,ab_rightlowerredcup_quezhen,530,0,0,5,True,False,True,0.0,0.0
full_coverage_complete,ab_rightlowerredcup_quezhen,531,0,0,5,True,False,True,0.0,0.0
full_coverage_complete,ab_rightlowerredcup_quezhen,532,0,0,5,True,False,True,0.46631583715966113,0.46631583715966113
full_coverage_complete,ab_rightlowerredcup_quezhen,535,1,2,1,True,False,True,0.5014190003962805,0.0
full_coverage_complete,ab_rightlowerredcup_quezhen,544,5,0,5,True,False,True,0.525146470995571,0.5619914044962062
full_coverage_complete,ab_rightlowerredcup_quezhen,562,0,0,6,True,False,True,0.23506087566642042,0.23506087566642042
full_coverage_complete,ab_rightlowerredcup_quezhen,564,0,0,1,True,False,True,0.35456370372558776,0.35456370372558776
full_coverage_complete,ab_rightlowerredcup_quezhen,566,0,0,6,True,False,True,0.18626121415095978,0.18626121415095978
full_coverage_complete,ab_rightlowerredcup_quezhen,567,0,0,5,True,False,True,0.0,0.0
full_coverage_complete,ab_rightlowerredcup_quezhen,568,5,0,5,True,False,True,0.0,0.0
full_coverage_complete,ab_rightlowerredcup_quezhen,577,0,0,5,True,False,True,0.0,0.0
full_coverage_complete,ab_rightlowerredcup_quezhen,578,0,0,5,True,False,True,0.35011298542945757,0.35011298542945757
full_coverage_complete,ab_rightlowerredcup_quezhen,579,0,0,6,True,False,True,0.10034966068930218,0.10034966068930218
full_coverage_complete,ab_rightlowerredcup_quezhen,580,5,0,5,True,False,True,0.0,0.0
full_coverage_complete,ab_rightlowerredcup_quezhen,599,0,0,5,True,False,True,0.0,0.0
full_coverage_complete,ab_rightlowerredcup_quezhen,600,5,0,5,True,False,True,0.017062066733919117,0.0
full_coverage_complete,ab_rightlowerredcup_quezhen,601,0,0,5,True,False,True,0.0,0.0
full_coverage_complete,ab_rightlowerredcup_quezhen,602,0,0,5,True,False,True,0.4599219302525385,0.4599219302525385
full_coverage_complete,ab_rightlowerredcup_quezhen,603,5,0,5,True,False,True,0.809532228435659,0.689591189482045
full_coverage_complete,ab_rightlowerredcup_quezhen,609,6,0,6,True,False,True,0.5646448821931753,0.41582266863441675
full_coverage_complete,ab_rightlowerredcup_quezhen,610,0,1,6,True,False,True,0.5215201370443988,0.0
full_coverage_complete,ab_rightlowerredcup_quezhen,611,0,0,6,True,False,True,0.0,0.0
full_coverage_complete,ab_rightlowerredcup_quezhen,612,0,0,6,True,False,True,0.07118398275788336,0.07118398275788336
full_coverage_complete,ab_rightlowerredcup_quezhen,613,5,0,5,True,False,True,0.772972422515678,0.7341120019328863
full_coverage_complete,ab_rightlowerredcup_quezhen,666,0,0,0,False,False,True,0.6981480442678846,0.0
full_coverage_complete,ab_rightlowerredcup_quezhen,672,0,0,5,True,False,True,0.25766678905698887,0.25766678905698887
full_coverage_complete,ab_rightlowerredcup_quezhen,675,0,0,6,True,False,True,0.27433762695398295,0.27433762695398295
full_coverage_complete,ab_rightlowerredcup_quezhen,676,0,0,6,True,False,True,0.3521138746079669,0.3521138746079669
full_coverage_complete,ab_rightlowerredcup_quezhen,677,0,0,5,True,False,True,0.059647634598765945,0.059647634598765945
full_coverage_complete,ab_rightlowerredcup_quezhen,684,0,0,6,True,False,True,0.0,0.0
full_coverage_complete,ab_rightlowerredcup_quezhen,685,5,0,5,True,False,True,0.0,0.5763529977866432
full_coverage_complete,ab_rightlowerredcup_quezhen,687,0,0,5,True,False,True,0.7980266064784762,0.7980266064784762
full_coverage_complete,ab_rightlowerredcup_quezhen,688,0,0,5,True,False,True,0.7868893142367875,0.7868893142367875
full_coverage_complete,ab_rightlowerredcup_quezhen,689,5,1,5,True,False,True,0.37459694762421797,0.4390319969598197
full_coverage_complete,ab_rightlowerredcup_quezhen,694,5,0,5,True,False,True,0.26218635118047384,0.11146857282535416
full_coverage_complete,ab_rightlowerredcup_quezhen,695,0,0,5,True,False,True,0.08507072251733956,0.08507072251733956
full_coverage_complete,ab_rightlowerredcup_quezhen,709,5,0,5,True,False,True,0.5531948401834095,0.4624382738379645
full_coverage_complete,ab_rightlowerredcup_quezhen,710,0,0,5,True,False,True,0.5687351559114446,0.5687351559114446
full_coverage_complete,ab_rightlowerredcup_quezhen,711,0,0,5,True,False,True,0.5464923717875331,0.5464923717875331
full_coverage_complete,ab_rightlowerredcup_quezhen,713,5,0,5,True,False,True,0.6504371382342097,0.7208114411634926
full_coverage_complete,ab_rightlowerredcup_quezhen,714,1,1,1,True,False,True,0.7802972182589232,0.04201812955041461
full_coverage_complete,ab_rightlowerredcup_quezhen,715,0,0,1,True,False,True,0.014024827401731896,0.7736040550504251
full_coverage_complete,ab_rightlowerredcup_quezhen,729,0,0,5,True,False,True,0.4864800710260992,0.4864800710260992
full_coverage_complete,ab_rightlowerredcup_quezhen,730,0,0,6,True,False,True,0.0,0.0
full_coverage_complete,ab_rightlowerredcup_quezhen,735,0,0,6,True,False,True,0.4031091579524611,0.4031091579524611
full_coverage_complete,ab_rightlowerredcup_quezhen,737,0,0,5,True,False,True,0.3550033704795907,0.3550033704795907
full_coverage_complete,ab_rightlowerredcup_quezhen,738,5,0,5,True,False,True,0.4400313538024066,0.4858200781653621
full_coverage_complete,ab_rightlowerredcup_quezhen,739,0,0,6,True,False,True,0.40006954933383104,0.40006954933383104
full_coverage_complete,ab_rightlowerredcup_quezhen,740,0,0,5,True,False,True,0.33097819854836724,0.33097819854836724
full_coverage_complete,ab_rightlowerredcup_quezhen,742,0,0,5,True,False,True,0.4462740390664364,0.4462740390664364
full_coverage_complete,ab_rightlowerredcup_quezhen,743,0,0,5,True,False,True,0.4601623594491454,0.4601623594491454
full_coverage_complete,ab_rightlowerredcup_quezhen,744,0,0,5,True,False,True,0.29439203163060745,0.29439203163060745
full_coverage_complete,ab_rightlowerredcup_quezhen,745,0,2,0,False,False,True,0.685604478667258,0.0
full_coverage_complete,ab_rightlowerredcup_quezhen,749,0,0,5,True,False,True,0.0,0.0
full_coverage_complete,ab_rightlowerredcup_quezhen,753,0,0,0,False,False,True,0.029731483559516717,0.7735275997870437
full_coverage_complete,ab_rightlowerredcup_quezhen,757,5,2,5,True,False,True,0.6275313183424472,0.0
full_coverage_complete,ab_rightlowerredcup_quezhen,760,0,1,5,True,False,True,0.0,0.0
full_coverage_complete,ab_rightlowerredcup_quezhen,761,6,1,6,True,False,True,0.0,0.4088610680699187
full_coverage_complete,ab_rightlowerredcup_quezhen,768,0,0,0,False,False,True,0.42851278316974334,0.0
full_coverage_complete,ab_rightlowerredcup_quezhen,774,0,0,5,True,False,True,0.0370636519258904,0.0370636519258904
full_coverage_complete,ab_rightlowerredcup_quezhen,776,0,0,6,True,False,True,0.856706501625871,0.856706501625871
full_coverage_complete,ab_rightlowerredcup_quezhen,779,5,0,5,True,False,True,0.8052105969294155,0.8144683017975158
full_coverage_complete,ab_rightlowerredcup_quezhen,781,0,0,5,True,False,True,0.6565510121195408,0.6565510121195408
full_coverage_complete,ab_rightlowerredcup_quezhen,794,6,0,6,True,False,True,0.7065839611890049,0.7450578098779141
full_coverage_complete,ab_rightlowerredcup_quezhen,795,0,0,6,True,False,True,0.5112749083363142,0.5112749083363142
full_coverage_complete,ab_rightlowerredcup_quezhen,796,6,0,6,True,False,True,0.4185260566034495,0.38674563235372794
full_coverage_complete,ab_rightlowerredcup_quezhen,797,0,0,6,True,False,True,0.20695286962412932,0.20695286962412932
full_coverage_complete,ab_rightlowerredcup_quezhen,798,6,1,6,True,False,True,0.20281778667571634,0.0
full_coverage_complete,ab_rightlowerredcup_quezhen,805,5,0,5,True,False,True,0.100221587719104,0.3003081421285067
full_coverage_complete,ab_rightlowerredcup_quezhen,808,0,0,5,True,False,True,0.6067200194323328,0.6067200194323328
full_coverage_complete,ab_rightlowerredcup_quezhen,809,0,0,5,True,False,True,0.5014711408599554,0.5014711408599554
full_coverage_complete,ab_rightlowerredcup_quezhen,811,0,0,5,True,False,True,0.5940550667130103,0.5940550667130103
full_coverage_complete,ab_rightlowerredcup_quezhen,812,6,0,6,True,False,True,0.5647980570956447,0.7223733542136273
full_coverage_complete,ab_rightlowerredcup_quezhen,813,0,0,5,True,False,True,0.5104921063648069,0.5104921063648069
full_coverage_complete,ab_rightlowerredcup_quezhen,825,0,0,1,True,False,True,0.5897950319050853,0.5897950319050853
full_coverage_complete,ab_rightlowerredcup_quezhen,847,0,0,6,True,False,True,0.001468178683799074,0.6960728857191619
full_coverage_complete,ab_rightlowerredcup_quezhen,863,0,0,1,True,False,True,0.6238735698614639,0.6238735698614639
full_coverage_complete,ab_rightlowerredcup_quezhen,864,0,0,2,True,False,True,0.4955620224329569,0.4955620224329569
full_coverage_complete,ab_rightlowerredcup_quezhen,883,0,0,1,True,False,True,0.5116036766955674,0.5116036766955674
full_coverage_complete,ab_rightlowerredcup_quezhen,884,0,0,1,True,False,True,0.4281151581377557,0.4281151581377557
full_coverage_complete,ab_rightlowerredcup_quezhen,886,0,0,1,True,False,True,0.2851113048394691,0.2851113048394691
full_coverage_complete,ab_rightlowerredcup_quezhen,890,0,0,1,True,False,True,0.2262990891157308,0.2262990891157308
full_coverage_complete,ab_rightlowerredcup_quezhen,891,0,0,1,True,False,True,0.3066507295983783,0.3066507295983783
full_coverage_complete,ab_rightlowerredcup_quezhen,893,0,0,1,True,False,True,0.4355670768053181,0.4355670768053181
full_coverage_complete,ab_rightlowerredcup_quezhen,894,0,0,1,True,False,True,0.4431863831771587,0.4431863831771587
full_coverage_complete,ab_rightlowerredcup_quezhen,895,0,0,1,True,False,True,0.3521801142479492,0.3521801142479492
full_coverage_complete,ab_rightlowerredcup_quezhen,897,0,0,1,True,False,True,0.3786972187563047,0.3786972187563047
full_coverage_complete,ab_rightlowerredcup_quezhen,898,0,0,1,True,False,True,0.6266650855978749,0.6266650855978749
full_coverage_complete,ab_rightlowerredcup_quezhen,899,0,0,1,True,False,True,0.4088867431998901,0.4088867431998901
full_coverage_complete,ab_rightlowerredcup_quezhen,900,0,0,1,True,False,True,0.6201477120609087,0.6201477120609087
full_coverage_complete,ab_rightlowerredcup_quezhen,902,0,0,6,True,False,True,0.43254419314631726,0.43254419314631726
full_coverage_complete,ab_rightlowerredcup_quezhen,903,0,0,5,True,False,True,0.4675345817617029,0.4675345817617029
full_coverage_complete,ab_rightlowerredcup_quezhen,904,0,0,5,True,False,True,0.5728315864940595,0.5728315864940595
full_coverage_complete,ab_rightlowerredcup_quezhen,905,0,0,4,True,False,True,0.5808879314805271,0.5808879314805271
full_coverage_complete,ab_rightlowerredcup_quezhen,909,0,0,1,True,False,True,0.7280152783494181,0.7280152783494181
full_coverage_complete,ab_rightlowerredcup_quezhen,910,0,0,1,True,False,True,0.6738780941630387,0.6738780941630387
full_coverage_complete,ab_rightlowerredcup_quezhen,911,0,0,5,True,False,True,0.7840932606194447,0.7840932606194447
full_coverage_complete,ab_rightlowerredcup_quezhen,912,0,0,5,True,False,True,0.7096371209964629,0.7096371209964629
full_coverage_complete,ab_rightlowerredcup_quezhen,915,0,0,5,True,False,True,0.20526039079762248,0.20526039079762248
full_coverage_complete,ab_rightlowerredcup_quezhen,917,0,0,5,True,False,True,0.18954966334862894,0.18954966334862894
full_coverage_complete,ab_rightlowerredcup_quezhen,918,0,0,5,True,False,True,0.21154939575490062,0.21154939575490062
full_coverage_complete,ab_rightlowerredcup_quezhen,919,5,4,5,True,False,True,0.35071394310900156,0.6029407931998315
full_coverage_complete,ab_rightlowerredcup_quezhen,920,5,0,5,True,False,True,0.41068291444590127,0.4187505119571717
full_coverage_complete,ab_rightlowerredcup_quezhen,921,0,0,5,True,False,True,0.3900067238980131,0.3900067238980131
full_coverage_complete,ab_rightlowerredcup_quezhen,922,0,0,5,True,False,True,0.5365997145825593,0.5365997145825593
full_coverage_complete,ab_rightlowerredcup_quezhen,926,5,0,5,True,False,True,0.0,0.0
full_coverage_complete,ab_rightlowerredcup_quezhen,928,0,0,1,True,False,True,0.0,0.0
full_coverage_complete,ab_rightlowerredcup_quezhen,929,0,0,1,True,False,True,0.0,0.0
full_coverage_complete,ab_rightlowerredcup_quezhen,930,0,0,5,True,False,True,0.0,0.0
full_coverage_complete,ab_rightlowerredcup_quezhen,936,0,0,1,True,False,True,0.0,0.0
full_coverage_complete,ab_rightlowerredcup_quezhen,937,0,0,1,True,False,True,0.0,0.0
full_coverage_complete,ab_rightlowerredcup_quezhen,938,0,0,5,True,False,True,0.0,0.0
full_coverage_complete,ab_rightlowerredcup_quezhen,940,0,0,4,True,False,True,0.0,0.0
full_coverage_complete,ab_rightlowerredcup_quezhen,941,0,0,4,True,False,True,0.0,0.0
full_coverage_complete,ab_rightlowerredcup_quezhen,942,0,0,4,True,False,True,0.0,0.0
full_coverage_complete,ab_rightlowerredcup_quezhen,943,0,0,4,True,False,True,0.0,0.0
full_coverage_complete,ab_rightlowerredcup_quezhen,944,0,0,1,True,False,True,0.0,0.0
full_coverage_complete,ab_rightlowerredcup_quezhen,945,0,1,4,True,False,True,0.0,0.0
full_coverage_complete,ab_rightlowerredcup_quezhen,947,0,0,1,True,False,True,0.5986547229926829,0.5986547229926829
full_coverage_complete,ab_rightlowerredcup_quezhen,949,0,0,4,True,False,True,0.6273913166850777,0.6273913166850777
full_coverage_complete,ab_rightlowerredcup_quezhen,950,0,0,4,True,False,True,0.6389162225466418,0.6389162225466418
full_coverage_complete,ab_rightlowerredcup_quezhen,951,0,0,4,True,False,True,0.5507826960518358,0.5507826960518358
full_coverage_complete,ab_rightlowerredcup_quezhen,952,0,0,4,True,False,True,0.5886481879305162,0.5886481879305162
full_coverage_complete,ab_rightlowerredcup_quezhen,953,0,0,1,True,False,True,0.5295705400815179,0.5295705400815179
full_coverage_complete,ab_rightlowerredcup_quezhen,954,0,0,1,True,False,True,0.3763296669112682,0.3763296669112682
full_coverage_complete,ab_rightlowerredcup_quezhen,955,0,0,1,True,False,True,0.40237042079837815,0.40237042079837815
full_coverage_complete,ab_rightlowerredcup_quezhen,958,0,0,1,True,False,True,0.16441398956574235,0.16441398956574235
full_coverage_complete,ab_rightlowerredcup_quezhen,961,0,0,1,True,False,True,0.3096029203427094,0.3096029203427094
full_coverage_complete,ab_rightlowerredcup_quezhen,962,4,0,4,True,False,True,0.4315841180849878,0.0
full_coverage_complete,ab_rightlowerredcup_quezhen,963,0,0,5,True,False,True,0.0,0.0
full_coverage_complete,ab_rightlowerredcup_quezhen,964,0,0,5,True,False,True,0.0,0.0
full_coverage_complete,ab_rightlowerredcup_quezhen,970,0,0,1,True,False,True,0.0,0.0
full_coverage_complete,ab_rightlowerredcup_quezhen,975,0,0,5,True,False,True,0.0,0.0
full_coverage_complete,ab_rightlowerredcup_quezhen,976,0,0,5,True,False,True,0.0,0.0
full_coverage_complete,ab_rightlowerredcup_quezhen,977,0,1,0,False,False,True,0.0,0.0
full_coverage_complete,ab_rightlowerredcup_quezhen,978,0,0,1,True,False,True,0.0,0.0
full_coverage_complete,ab_rightlowerredcup_quezhen,979,0,0,5,True,False,True,0.0,0.0
full_coverage_complete,ab_rightlowerredcup_quezhen,980,0,0,5,True,False,True,0.0,0.0
full_coverage_complete,ab_rightlowerredcup_quezhen,981,5,0,5,True,False,True,0.0,0.0
full_coverage_complete,ab_rightlowerredcup_quezhen,985,0,0,1,True,False,True,0.0,0.0
full_coverage_complete,ab_rightlowerredcup_quezhen,986,0,0,1,True,False,True,0.0,0.0
full_coverage_complete,ab_rightlowerredcup_quezhen,987,0,0,1,True,False,True,0.0,0.0
full_coverage_complete,ab_rightlowerredcup_quezhen,988,0,0,1,True,False,True,0.0,0.0
full_coverage_complete,ab_rightlowerredcup_quezhen,989,0,0,4,True,False,True,0.0,0.0
full_coverage_complete,ab_rightlowerredcup_quezhen,990,0,0,1,True,False,True,0.0,0.0
full_coverage_complete,ab_rightlowerredcup_quezhen,991,6,0,6,True,False,True,0.0,0.48484997559926146
full_coverage_complete,ab_rightlowerredcup_quezhen,997,0,0,1,True,False,True,0.4747774840268082,0.4747774840268082
full_coverage_complete,ab_rightlowerredcup_quezhen,998,0,0,1,True,False,True,0.6044370493146947,0.6044370493146947
full_coverage_complete,ab_rightlowerredcup_quezhen,999,0,0,1,True,False,True,0.5656440257939428,0.5656440257939428
full_coverage_complete,ab_rightlowerredcup_quezhen,1000,0,0,5,True,False,True,0.5443670812281635,0.5443670812281635
full_coverage_complete,ab_rightlowerredcup_quezhen,1001,0,0,5,True,False,True,0.4694750533758978,0.4694750533758978
full_coverage_complete,ab_rightlowerredcup_quezhen,1002,0,0,5,True,False,True,0.4124526263760915,0.4124526263760915
full_coverage_complete,ab_rightlowerredcup_quezhen,1003,0,0,1,True,False,True,0.305410145002858,0.305410145002858
full_coverage_complete,ab_rightlowerredcup_quezhen,1004,5,0,5,True,False,True,0.3523810223951851,0.2730161688984678
full_coverage_complete,ab_rightlowerredcup_quezhen,1005,0,0,1,True,False,True,0.23530643413320643,0.23530643413320643
full_coverage_complete,ab_rightlowerredcup_quezhen,1006,0,0,1,True,False,True,0.16689186925518723,0.16689186925518723
full_coverage_complete,ab_rightlowerredcup_quezhen,1007,0,0,5,True,False,True,0.10619981996433359,0.10619981996433359
full_coverage_complete,ab_rightlowerredcup_quezhen,1008,0,0,5,True,False,True,0.09340006918471358,0.09340006918471358
full_coverage_complete,ab_rightlowerredcup_quezhen,1009,0,0,5,True,False,True,0.046446398918857136,0.046446398918857136
full_coverage_complete,ab_rightlowerredcup_quezhen,1010,0,0,5,True,False,True,0.23943296731341854,0.23943296731341854
full_coverage_complete,ab_rightlowerredcup_quezhen,1011,0,0,1,True,False,True,0.30507064413880775,0.30507064413880775
full_coverage_complete,ab_rightlowerredcup_quezhen,1012,0,0,1,True,False,True,0.33658014732498687,0.33658014732498687
full_coverage_complete,ab_rightlowerredcup_quezhen,1013,0,0,1,True,False,True,0.38705175472549325,0.38705175472549325
full_coverage_complete,ab_rightlowerredcup_quezhen,1015,0,0,1,True,False,True,0.7091280798879169,0.7091280798879169
full_coverage_complete,ab_rightlowerredcup_quezhen,1016,0,0,5,True,False,True,0.7596111804751277,0.7596111804751277
full_coverage_complete,ab_rightlowerredcup_quezhen,1017,0,0,5,True,False,True,0.7313275023541101,0.7313275023541101
full_coverage_complete,ab_rightlowerredcup_quezhen,1022,0,0,5,True,False,True,0.6319788618302983,0.6319788618302983
full_coverage_complete,ab_rightlowerredcup_quezhen,1023,0,0,5,True,False,True,0.5771067267073141,0.5771067267073141
full_coverage_complete,ab_rightlowerredcup_quezhen,1025,5,0,5,True,False,True,0.47614031709675964,0.5106493749722804
full_coverage_complete,ab_rightlowerredcup_quezhen,1026,6,0,6,True,False,True,0.4073288080953544,0.4507417663209457
full_coverage_complete,ab_rightlowerredcup_quezhen,1027,0,0,5,True,False,True,0.4437054446078204,0.4437054446078204
full_coverage_complete,ab_rightlowerredcup_quezhen,1028,0,0,5,True,False,True,0.4294125527973445,0.4294125527973445
full_coverage_complete,ab_rightlowerredcup_quezhen,1029,0,0,5,True,False,True,0.3718038448294249,0.3718038448294249
full_coverage_complete,ab_rightlowerredcup_quezhen,1030,0,0,5,True,False,True,0.31278025354462774,0.31278025354462774
full_coverage_complete,ab_rightlowerredcup_quezhen,1031,0,0,5,True,False,True,0.2832357795611982,0.2832357795611982
full_coverage_complete,ab_rightlowerredcup_quezhen,1033,0,0,5,True,False,True,0.32600745099661227,0.32600745099661227
full_coverage_complete,ab_rightlowerredcup_quezhen,1034,0,0,5,True,False,True,0.3662206656081471,0.3662206656081471
full_coverage_complete,ab_rightlowerredcup_quezhen,1035,0,0,5,True,False,True,0.3809060104012353,0.3809060104012353
full_coverage_complete,ab_rightlowerredcup_quezhen,1036,0,0,5,True,False,True,0.5179068072198361,0.5179068072198361
full_coverage_complete,ab_rightlowerredcup_quezhen,1037,0,0,5,True,False,True,0.5262934217164783,0.5262934217164783
full_coverage_complete,ab_rightlowerredcup_quezhen,1038,5,0,5,True,False,True,0.4981130307362698,0.5708572573847145
full_coverage_complete,ab_rightlowerredcup_quezhen,1039,0,0,5,True,False,True,0.5960263431345584,0.5960263431345584
full_coverage_complete,ab_rightlowerredcup_quezhen,1040,5,0,5,True,False,True,0.7423171638047438,0.6747013026480165
full_coverage_complete,ab_rightlowerredcup_quezhen,1041,0,0,5,True,False,True,0.6493570558687055,0.6493570558687055
full_coverage_complete,ab_rightlowerredcup_quezhen,1044,0,0,6,True,False,True,0.45087271706869575,0.45087271706869575
full_coverage_complete,ab_rightlowerredcup_quezhen,1045,0,0,5,True,False,True,0.29785065644251446,0.29785065644251446
full_coverage_complete,ab_rightlowerredcup_quezhen,1046,0,0,5,True,False,True,0.3981535443660159,0.3981535443660159
full_coverage_complete,ab_rightlowerredcup_quezhen,1047,0,0,5,True,False,True,0.28898894353402793,0.28898894353402793
full_coverage_complete,ab_rightlowerredcup_quezhen,1048,0,0,5,True,False,True,0.380605408561799,0.380605408561799
full_coverage_complete,ab_rightlowerredcup_quezhen,1049,0,0,5,True,False,True,0.4416334032126586,0.4416334032126586
full_coverage_complete,ab_rightlowerredcup_quezhen,1050,0,0,5,True,False,True,0.49574124887099863,0.49574124887099863
full_coverage_complete,ab_rightlowerredcup_quezhen,1051,5,1,5,True,False,True,0.44207063931252427,0.3063309109980867
full_coverage_complete,ab_rightlowerredcup_quezhen,1052,0,0,5,True,False,True,0.3909835176468463,0.3909835176468463
full_coverage_complete,ab_rightlowerredcup_quezhen,1053,0,0,5,True,False,True,0.3320875581973075,0.3320875581973075
full_coverage_complete,ab_rightlowerredcup_quezhen,1054,5,0,5,True,False,True,0.3791565883567649,0.3146429322981428
full_coverage_complete,ab_rightlowerredcup_quezhen,1055,0,0,5,True,False,True,0.3288138172248574,0.3288138172248574
full_coverage_complete,ab_rightlowerredcup_quezhen,1056,5,0,5,True,False,True,0.5492623995607957,0.4135530026741663
full_coverage_complete,ab_rightlowerredcup_quezhen,1061,0,0,4,True,False,True,0.7216477721760838,0.7216477721760838
full_coverage_complete,ab_rightlowerredcup_quezhen,1063,0,0,4,True,False,True,0.7819252647553886,0.7819252647553886
full_coverage_complete,ab_rightlowerredcup_quezhen,1064,0,0,1,True,False,True,0.7640380129051879,0.7640380129051879
full_coverage_complete,ab_rightlowerredcup_quezhen,1066,0,0,4,True,False,True,0.5601702690362966,0.5601702690362966
full_coverage_complete,ab_rightlowerredcup_quezhen,1067,0,2,1,True,False,True,0.6294081972924878,0.0
full_coverage_complete,ab_rightlowerredcup_quezhen,1068,0,0,1,True,False,True,0.0,0.0
full_coverage_complete,ab_rightlowerredcup_quezhen,1069,0,0,6,True,False,True,0.0,0.0
full_coverage_complete,ab_rightlowerredcup_quezhen,1070,0,0,5,True,False,True,0.11046054662892778,0.11046054662892778
full_coverage_complete,ab_rightlowerredcup_quezhen,1071,0,0,5,True,False,True,0.49451251585873934,0.49451251585873934
full_coverage_complete,ab_rightlowerredcup_quezhen,1073,0,0,5,True,False,True,0.3875379063956893,0.3875379063956893
full_coverage_complete,ab_rightlowerredcup_quezhen,1074,5,0,5,True,False,True,0.39158483551631373,0.4013562825431096
full_coverage_complete,ab_rightlowerredcup_quezhen,1075,0,0,1,True,False,True,0.2876376213445622,0.2876376213445622
full_coverage_complete,ab_rightlowerredcup_quezhen,1076,0,0,5,True,False,True,0.1172501986664137,0.1172501986664137
full_coverage_complete,ab_rightlowerredcup_quezhen,1077,0,0,5,True,False,True,0.02718590814736767,0.02718590814736767
full_coverage_complete,ab_rightlowerredcup_quezhen,1078,0,0,5,True,False,True,0.06045586340069344,0.06045586340069344
full_coverage_complete,ab_rightlowerredcup_quezhen,1079,0,0,5,True,False,True,0.03349681812895021,0.03349681812895021
full_coverage_complete,ab_rightlowerredcup_quezhen,1080,0,0,5,True,False,True,0.20078108541576284,0.20078108541576284
full_coverage_complete,ab_rightlowerredcup_quezhen,1081,0,0,5,True,False,True,0.6538167288582585,0.6538167288582585
full_coverage_complete,ab_rightlowerredcup_quezhen,1082,0,0,6,True,False,True,0.660539376178502,0.660539376178502
full_coverage_complete,ab_rightlowerredcup_quezhen,1083,0,0,5,True,False,True,0.5335937734958242,0.5335937734958242
full_coverage_complete,ab_rightlowerredcup_quezhen,1084,0,0,5,True,False,True,0.6504206162872094,0.6504206162872094
full_coverage_complete,ab_rightlowerredcup_quezhen,1085,0,0,5,True,False,True,0.6985419724938402,0.6985419724938402
full_coverage_complete,ab_rightlowerredcup_quezhen,1086,5,0,5,True,False,True,0.2512793020778294,0.028369580534231102
full_coverage_complete,ab_rightlowerredcup_quezhen,1087,0,0,5,True,False,True,0.33636012445506674,0.33636012445506674
full_coverage_complete,ab_rightlowerredcup_quezhen,1090,0,0,1,True,False,True,0.5919175358708029,0.5919175358708029
full_coverage_complete,ab_rightlowerredcup_quezhen,1091,0,0,1,True,False,True,0.5091660755082221,0.5091660755082221
full_coverage_complete,ab_rightlowerredcup_quezhen,1092,0,0,1,True,False,True,0.3893917691185086,0.3893917691185086
full_coverage_complete,ab_rightlowerredcup_quezhen,1093,0,0,1,True,False,True,0.3822214544508907,0.3822214544508907
full_coverage_complete,ab_rightlowerredcup_quezhen,1094,0,0,1,True,False,True,0.42448428953806466,0.42448428953806466
full_coverage_complete,ab_rightlowerredcup_quezhen,1095,0,0,1,True,False,True,0.24780275280576605,0.24780275280576605
full_coverage_complete,ab_rightlowerredcup_quezhen,1096,0,0,1,True,False,True,0.079661869899001,0.079661869899001
full_coverage_complete,ab_rightlowerredcup_quezhen,1097,0,0,6,True,False,True,0.12275503438016849,0.12275503438016849
full_coverage_complete,ab_rightlowerredcup_quezhen,1098,0,0,5,True,False,True,0.03616059471321225,0.03616059471321225
full_coverage_complete,ab_rightlowerredcup_quezhen,1099,0,0,5,True,False,True,0.00043377685833654006,0.00043377685833654006
full_coverage_complete,ab_rightlowerredcup_quezhen,1100,0,0,6,True,False,True,0.0,0.40975642245197974
full_coverage_complete,ab_rightlowerredcup_quezhen,1101,5,3,5,True,False,True,0.384643055970853,0.2616185899479995
full_coverage_complete,ab_rightlowerredcup_quezhen,1102,0,0,5,True,False,True,0.4676506408849375,0.4676506408849375
full_coverage_complete,ab_rightlowerredcup_quezhen,1103,5,0,5,True,False,True,0.512225928384067,0.49830291523726794
full_coverage_complete,ab_rightlowerredcup_quezhen,1104,0,0,1,True,False,True,0.5891110087159301,0.5891110087159301
full_coverage_complete,ab_rightlowerredcup_quezhen,1105,0,0,1,True,False,True,0.6343661684600561,0.6343661684600561
full_coverage_complete,ab_rightlowerredcup_quezhen,1106,0,0,1,True,False,True,0.4016002941688283,0.4016002941688283
full_coverage_complete,ab_rightlowerredcup_quezhen,1108,0,0,1,True,False,True,0.4601728701082946,0.4601728701082946
full_coverage_complete,ab_rightlowerredcup_quezhen,1112,0,0,1,True,False,True,0.8057847789939045,0.8057847789939045
full_coverage_complete,ab_rightlowerredcup_quezhen,1113,0,0,1,True,False,True,0.747594926087688,0.747594926087688
full_coverage_complete,ab_rightlowerredcup_quezhen,1114,0,0,5,True,False,True,0.7391578144627198,0.7391578144627198
full_coverage_complete,ab_rightlowerredcup_quezhen,1115,0,0,4,True,False,True,0.6011686653485988,0.6011686653485988
full_coverage_complete,ab_rightlowerredcup_quezhen,1116,0,0,4,True,False,True,0.6223468356971324,0.6223468356971324
full_coverage_complete,ab_rightlowerredcup_quezhen,1117,0,0,5,True,False,True,0.6033117598702353,0.6033117598702353
full_coverage_complete,ab_rightlowerredcup_quezhen,1118,5,1,5,True,False,True,0.6088294324554561,0.667406502082954
full_coverage_complete,ab_rightlowerredcup_quezhen,1119,0,0,4,True,False,True,0.6064967502248295,0.6064967502248295
full_coverage_complete,ab_rightlowerredcup_quezhen,1120,0,0,5,True,False,True,0.6767645472394143,0.6767645472394143
full_coverage_complete,ab_rightlowerredcup_quezhen,1121,0,0,5,True,False,True,0.6766279665995854,0.6766279665995854
full_coverage_complete,ab_rightlowerredcup_quezhen,1122,0,0,5,True,False,True,0.5237049733804479,0.5237049733804479
full_coverage_complete,ab_rightlowerredcup_quezhen,1123,0,0,1,True,False,True,0.4952359161431911,0.4952359161431911
full_coverage_complete,ab_rightlowerredcup_quezhen,1124,0,0,5,True,False,True,0.4791989037534196,0.4791989037534196
full_coverage_complete,ab_rightlowerredcup_quezhen,1125,0,0,4,True,False,True,0.29756008121846694,0.29756008121846694
full_coverage_complete,ab_rightlowerredcup_quezhen,1126,0,0,5,True,False,True,0.27013147105886104,0.27013147105886104
full_coverage_complete,ab_rightlowerredcup_quezhen,1128,0,0,4,True,False,True,0.49762074477407947,0.49762074477407947
full_coverage_complete,ab_rightlowerredcup_quezhen,1129,0,0,1,True,False,True,0.36898662950616024,0.36898662950616024
full_coverage_complete,ab_rightlowerredcup_quezhen,1130,0,0,1,True,False,True,0.28926792849983873,0.28926792849983873
full_coverage_complete,ab_rightlowerredcup_quezhen,1131,0,0,1,True,False,True,0.5801268272578906,0.5801268272578906
full_coverage_complete,ab_rightlowerredcup_quezhen,1132,0,0,1,True,False,True,0.6033858162144287,0.6033858162144287
full_coverage_complete,ab_rightlowerredcup_quezhen,1133,0,0,6,True,False,True,0.555136246561002,0.555136246561002
full_coverage_complete,ab_rightlowerredcup_quezhen,1136,0,0,5,True,False,True,0.3377673717047506,0.3377673717047506
full_coverage_complete,ab_rightlowerredcup_quezhen,1137,0,0,5,True,False,True,0.4659194686794657,0.4659194686794657
full_coverage_complete,ab_rightlowerredcup_quezhen,1138,5,0,5,True,False,True,0.6060494612698436,0.7653831273920271
full_coverage_complete,ab_rightlowerredcup_quezhen,1139,0,0,5,True,False,True,0.5148863913228493,0.5148863913228493
full_coverage_complete,ab_rightlowerredcup_quezhen,1140,5,0,5,True,False,True,0.4373530006218068,0.3571265494226869
full_coverage_complete,ab_rightlowerredcup_quezhen,1141,0,0,5,True,False,True,0.5107830813684057,0.5107830813684057
full_coverage_complete,ab_rightlowerredcup_quezhen,1142,5,0,5,True,False,True,0.3684273673907501,0.3640439183376773
full_coverage_complete,ab_rightlowerredcup_quezhen,1143,5,0,5,True,False,True,0.28768194660861096,0.2897651249982422
full_coverage_complete,ab_rightlowerredcup_quezhen,1144,5,0,5,True,False,True,0.46699672930093056,0.5561543423118106
full_coverage_complete,ab_rightlowerredcup_quezhen,1145,5,1,5,True,False,True,0.4280932706676024,0.4210670112972245
full_coverage_complete,ab_rightlowerredcup_quezhen,1146,0,0,5,True,False,True,0.361089479616057,0.361089479616057
full_coverage_complete,ab_rightlowerredcup_quezhen,1147,0,0,5,True,False,True,0.189192051691259,0.189192051691259
full_coverage_complete,ab_rightlowerredcup_quezhen,1148,0,0,5,True,False,True,0.07349591027420968,0.07349591027420968
full_coverage_complete,ab_rightlowerredcup_quezhen,1149,0,0,5,True,False,True,0.028475292333772793,0.028475292333772793
full_coverage_complete,ab_rightlowerredcup_quezhen,1150,0,0,5,True,False,True,0.0,0.0
full_coverage_complete,ab_rightlowerredcup_quezhen,1151,0,0,4,True,False,True,0.09950626962835298,0.09950626962835298
full_coverage_complete,ab_rightlowerredcup_quezhen,1152,0,0,5,True,False,True,0.24759811803386705,0.24759811803386705
full_coverage_complete,ab_rightlowerredcup_quezhen,1153,0,0,1,True,False,True,0.24683601752582432,0.24683601752582432
full_coverage_complete,ab_rightlowerredcup_quezhen,1154,6,0,6,True,False,True,0.19727647373289597,0.0
full_coverage_complete,ab_rightlowerredcup_quezhen,1155,0,0,6,True,False,True,0.0,0.0
full_coverage_complete,ab_rightlowerredcup_quezhen,1156,0,0,6,True,False,True,0.0,0.0
full_coverage_complete,ab_rightlowerredcup_quezhen,1157,5,0,5,True,False,True,0.0,0.0
full_coverage_complete,ab_rightlowerredcup_quezhen,1158,0,0,6,True,False,True,0.01720419435781044,0.01720419435781044
full_coverage_complete,ab_rightlowerredcup_quezhen,1159,0,1,5,True,False,True,0.009302675905499535,0.009302675905499535
full_coverage_complete,ab_rightlowerredcup_quezhen,1160,0,0,5,True,False,True,0.006138578753261242,0.006138578753261242
full_coverage_complete,ab_rightlowerredcup_quezhen,1161,0,0,5,True,False,True,0.0,0.0
full_coverage_complete,ab_rightlowerredcup_quezhen,1162,5,0,5,True,False,True,0.0,0.0
full_coverage_complete,ab_rightlowerredcup_quezhen,1163,0,0,5,True,False,True,0.0,0.0
full_coverage_complete,ab_rightlowerredcup_quezhen,1164,0,0,5,True,False,True,0.0,0.0
full_coverage_complete,ab_rightlowerredcup_quezhen,1165,0,0,6,True,False,True,0.0,0.0
full_coverage_complete,ab_rightlowerredcup_quezhen,1166,5,0,5,True,False,True,0.0,0.0
full_coverage_complete,ab_rightlowerredcup_quezhen,1167,0,0,5,True,False,True,0.0,0.0
full_coverage_complete,ab_rightlowerredcup_quezhen,1168,5,0,5,True,False,True,0.0,0.0
full_coverage_complete,ab_rightlowerredcup_quezhen,1169,0,1,5,True,False,True,0.0,0.0
full_coverage_complete,ab_rightlowerredcup_quezhen,1170,0,0,4,True,False,True,0.0,0.0
full_coverage_complete,ab_rightlowerredcup_quezhen,1171,0,0,1,True,False,True,0.0,0.0
full_coverage_complete,ab_rightlowerredcup_quezhen,1173,0,0,4,True,False,True,0.0,0.0
full_coverage_complete,ab_rightlowerredcup_quezhen,1174,0,0,1,True,False,True,0.0,0.0
full_coverage_complete,ab_rightlowerredcup_quezhen,1176,0,0,4,True,False,True,0.0,0.0
full_coverage_complete,ab_rightlowerredcup_quezhen,1179,0,0,1,True,False,True,0.0,0.0
full_coverage_complete,ab_rightlowerredcup_quezhen,1182,5,2,5,True,False,True,0.045057345925012204,0.021125221988821274
full_coverage_complete,ab_rightlowerredcup_quezhen,1183,5,3,5,True,False,True,0.16613630577112792,0.4924607170755236
full_coverage_complete,ab_rightlowerredcup_quezhen,1184,0,0,5,True,False,True,0.4916328711098836,0.4916328711098836
full_coverage_complete,ab_rightlowerredcup_quezhen,1185,0,0,4,True,False,True,0.45467991250261364,0.45467991250261364
full_coverage_complete,ab_rightlowerredcup_quezhen,1186,0,0,4,True,False,True,0.4800600476260414,0.4800600476260414
full_coverage_complete,ab_rightlowerredcup_quezhen,1187,0,0,5,True,False,True,0.7429853286482444,0.7429853286482444
full_coverage_complete,ab_rightlowerredcup_quezhen,1188,0,0,1,True,False,True,0.5151531145909118,0.5151531145909118
full_coverage_complete,ab_rightlowerredcup_quezhen,1190,0,0,4,True,False,True,0.0857087028337462,0.0857087028337462
full_coverage_complete,ab_rightlowerredcup_quezhen,1191,0,0,4,True,False,True,0.2272830928957921,0.2272830928957921
full_coverage_complete,ab_rightlowerredcup_quezhen,1196,0,0,4,True,False,True,0.0,0.0
full_coverage_complete,ab_rightlowerredcup_quezhen,1197,4,2,4,True,False,True,0.0,0.11120142303180877
full_coverage_complete,ab_rightlowerredcup_quezhen,1198,0,0,5,False,False,True,0.16903395330542575,0.16903395330542575
full_coverage_complete,ab_rightlowerredcup_quezhen,1199,0,0,5,True,False,True,0.2737513488421627,0.2737513488421627
full_coverage_complete,ab_rightlowerredcup_quezhen,1200,0,0,5,True,False,True,0.4182791489928428,0.4182791489928428
full_coverage_complete,ab_rightlowerredcup_quezhen,1201,0,0,5,True,False,True,0.4202521559100136,0.4202521559100136
full_coverage_complete,ab_rightlowerredcup_quezhen,1202,0,0,5,True,False,True,0.4613475250555899,0.4613475250555899
full_coverage_complete,ab_rightlowerredcup_quezhen,1203,0,0,5,True,False,True,0.3468909669156528,0.3468909669156528
full_coverage_complete,ab_rightlowerredcup_quezhen,1204,0,0,1,True,False,True,0.2961333730545222,0.2961333730545222
full_coverage_complete,ab_rightlowerredcup_quezhen,1205,0,0,5,True,False,True,0.3275076361286947,0.3275076361286947
full_coverage_complete,ab_rightlowerredcup_quezhen,1206,0,0,1,True,False,True,0.44596134563728823,0.44596134563728823
full_coverage_complete,ab_rightlowerredcup_quezhen,1207,0,0,1,True,False,True,0.5069590261373862,0.5069590261373862
full_coverage_complete,ab_rightlowerredcup_quezhen,1208,1,4,1,True,False,True,0.45842885871554734,0.0
full_coverage_complete,ab_rightlowerredcup_quezhen,1209,0,0,6,True,False,True,0.0,0.4441643729534688
full_coverage_complete,ab_rightlowerredcup_quezhen,1210,0,0,5,True,False,True,0.005496953028355261,0.005496953028355261
full_coverage_complete,ab_rightlowerredcup_quezhen,1211,0,0,6,True,False,True,0.19187202095132605,0.19187202095132605
full_coverage_complete,ab_rightlowerredcup_quezhen,1212,0,0,5,True,False,True,0.1454877994108591,0.1454877994108591
full_coverage_complete,ab_rightlowerredcup_quezhen,1213,0,0,6,True,False,True,0.16409926749251114,0.16409926749251114
full_coverage_complete,ab_rightlowerredcup_quezhen,1219,0,0,5,True,False,True,0.12211584536951497,0.12211584536951497
full_coverage_complete,ab_rightlowerredcup_quezhen,1220,0,0,5,True,False,True,0.14186534973310497,0.14186534973310497
full_coverage_complete,ab_rightlowerredcup_quezhen,1221,5,0,5,True,False,True,0.036046145421592415,0.02911190983561431
full_coverage_complete,ab_rightlowerredcup_quezhen,1222,0,0,5,True,False,True,0.1306021518576237,0.1306021518576237
full_coverage_complete,ab_rightlowerredcup_quezhen,1223,5,0,5,True,False,True,0.0,0.2756011295852654
full_coverage_complete,ab_rightlowerredcup_quezhen,1224,0,0,5,True,False,True,0.28442791124427774,0.28442791124427774
full_coverage_complete,ab_rightlowerredcup_quezhen,1225,6,0,6,True,False,True,0.42882763588006173,0.5709945463469719
full_coverage_complete,ab_rightlowerredcup_quezhen,1226,0,0,5,True,False,True,0.5895949023440297,0.5895949023440297
full_coverage_complete,ab_rightlowerredcup_quezhen,1244,0,0,4,True,False,True,0.34808118168227453,0.34808118168227453
full_coverage_complete,ab_rightlowerredcup_quezhen,1245,0,0,5,True,False,True,0.24662773755975412,0.24662773755975412
full_coverage_complete,ab_rightlowerredcup_quezhen,1246,0,0,5,True,False,True,0.24556706855452212,0.24556706855452212
full_coverage_complete,ab_rightlowerredcup_quezhen,1247,0,0,5,True,False,True,0.1915071415169582,0.1915071415169582
full_coverage_complete,ab_rightlowerredcup_quezhen,1248,0,0,5,True,False,True,0.22610236576475015,0.22610236576475015
full_coverage_complete,ab_rightlowerredcup_quezhen,1249,0,0,5,True,False,True,0.25036273486792354,0.25036273486792354
full_coverage_complete,ab_rightlowerredcup_quezhen,1250,5,2,5,True,False,True,0.2311327988146094,0.0
full_coverage_complete,ab_rightlowerredcup_quezhen,1251,5,3,5,True,False,True,0.0,0.0
full_coverage_complete,ab_rightlowerredcup_quezhen,1252,0,0,4,True,False,True,0.0,0.0
full_coverage_complete,ab_rightlowerredcup_quezhen,1253,0,0,5,True,False,True,0.0,0.0
full_coverage_complete,ab_rightlowerredcup_quezhen,1254,0,0,4,True,False,True,0.0,0.0
full_coverage_complete,ab_rightlowerredcup_quezhen,1255,0,1,4,True,False,True,0.0,0.0
full_coverage_complete,ab_rightlowerredcup_quezhen,1256,6,2,6,True,False,True,0.0,0.0
full_coverage_complete,ab_rightlowerredcup_quezhen,1257,0,0,5,True,False,True,0.0,0.0
full_coverage_complete,ab_rightlowerredcup_quezhen,1258,0,0,5,True,False,True,0.0,0.0
full_coverage_complete,ab_rightlowerredcup_quezhen,1259,0,0,5,True,False,True,0.004041746964666228,0.004041746964666228
full_coverage_complete,ab_rightlowerredcup_quezhen,1260,0,0,5,True,False,True,0.06525472495549578,0.06525472495549578
full_coverage_complete,ab_rightlowerredcup_quezhen,1261,0,0,5,True,False,True,0.0411332933110794,0.0411332933110794
full_coverage_complete,ab_rightlowerredcup_quezhen,1262,0,0,5,True,False,True,0.02771634454859064,0.02771634454859064
full_coverage_complete,ab_rightlowerredcup_quezhen,1263,0,0,5,True,False,True,0.022809231419538886,0.022809231419538886
full_coverage_complete,ab_rightlowerredcup_quezhen,1264,0,0,5,True,False,True,0.017111402060078645,0.017111402060078645
full_coverage_complete,ab_rightlowerredcup_quezhen,1265,0,0,5,True,False,True,0.015570625642782311,0.015570625642782311
full_coverage_complete,ab_rightlowerredcup_quezhen,1266,0,0,5,True,False,True,0.01458336944127302,0.01458336944127302
full_coverage_complete,ab_rightlowerredcup_quezhen,1267,0,0,5,True,False,True,0.01451099537037037,0.01451099537037037
full_coverage_complete,ab_rightlowerredcup_quezhen,1270,0,0,5,True,False,True,0.01451099537037037,0.01451099537037037
full_coverage_complete,ab_rightlowerredcup_quezhen,1271,0,0,5,True,False,True,0.03240145647023122,0.03240145647023122
full_coverage_complete,ab_rightlowerredcup_quezhen,1272,0,0,6,True,False,True,0.03988959215506433,0.03988959215506433
full_coverage_complete,ab_rightlowerredcup_quezhen,1273,0,0,6,True,False,True,0.05220442563610633,0.05220442563610633
full_coverage_complete,ab_rightlowerredcup_quezhen,1274,0,0,6,True,False,True,0.15398251678653577,0.15398251678653577
full_coverage_complete,ab_rightlowerredcup_quezhen,1276,6,0,6,True,False,True,0.2087139520153519,0.17172880257505632
full_coverage_complete,ab_rightlowerredcup_quezhen,1284,0,0,6,True,False,True,0.09540525369230594,0.09540525369230594
full_coverage_complete,ab_rightlowerredcup_quezhen,1285,0,0,5,True,False,True,0.01640179120811244,0.01640179120811244
full_coverage_complete,ab_rightlowerredcup_quezhen,1286,0,0,6,True,False,True,0.0,0.0
full_coverage_complete,ab_rightlowerredcup_quezhen,1305,0,0,5,True,False,True,0.0,0.0
full_coverage_complete,ab_rightlowerredcup_quezhen,1307,0,0,5,True,False,True,0.0,0.0
full_coverage_complete,ab_rightlowerredcup_quezhen,1308,0,0,5,True,False,True,0.0,0.0
full_coverage_complete,ab_rightlowerredcup_quezhen,1336,0,0,5,True,False,True,0.0,0.0
full_coverage_complete,ab_rightlowerredcup_quezhen,1337,5,2,5,True,False,True,0.0,0.7434325054554601
full_coverage_complete,ab_rightlowerredcup_quezhen,1342,0,0,0,False,False,True,0.6737502523966645,0.0
full_coverage_complete,ab_rightlowerredcup_quezhen,1385,0,0,4,True,False,True,0.549616207234298,0.549616207234298
full_coverage_complete,ab_rightlowerredcup_quezhen,1393,0,0,1,True,False,True,0.7042866091771482,0.7042866091771482
full_coverage_complete,ab_rightlowerredcup_quezhen,1394,0,0,1,True,False,True,0.7073129600591231,0.7073129600591231
full_coverage_complete,ab_rightlowerredcup_quezhen,1397,0,0,1,True,False,True,0.7546033367634428,0.7546033367634428
full_coverage_complete,ab_rightlowerredcup_quezhen,1399,0,0,1,True,False,True,0.48899963054635126,0.48899963054635126
full_coverage_complete,ab_rightlowerredcup_quezhen,1402,0,0,1,True,False,True,0.2373759546090586,0.2373759546090586
full_coverage_complete,ab_rightlowerredcup_quezhen,1403,0,0,4,True,False,True,0.2661810381643942,0.2661810381643942
full_coverage_complete,ab_rightlowerredcup_quezhen,1404,0,0,4,True,False,True,0.44564886472436416,0.44564886472436416
full_coverage_complete,ab_rightlowerredcup_quezhen,1405,0,0,4,True,False,True,0.6304080208930198,0.6304080208930198
full_coverage_complete,ab_rightlowerredcup_quezhen,1406,0,0,4,True,False,True,0.5088217898932168,0.5088217898932168
full_coverage_complete,ab_rightlowerredcup_quezhen,1407,0,0,4,True,False,True,0.4387963177661073,0.4387963177661073
full_coverage_complete,ab_rightlowerredcup_quezhen,1408,0,0,4,True,False,True,0.438006471629322,0.438006471629322
full_coverage_complete,ab_rightlowerredcup_quezhen,1409,0,0,4,True,False,True,0.5793762101668085,0.5793762101668085
full_coverage_complete,ab_rightlowerredcup_quezhen,1410,0,0,4,True,False,True,0.4652107911211903,0.4652107911211903
full_coverage_complete,ab_rightlowerredcup_quezhen,1411,0,0,4,True,False,True,0.3708498273131928,0.3708498273131928
full_coverage_complete,ab_rightlowerredcup_quezhen,1412,5,1,5,True,False,True,0.3559616187759549,0.0
full_coverage_complete,ab_rightlowerredcup_quezhen,1413,0,0,6,True,False,True,0.0,0.0
full_coverage_complete,ab_rightlowerredcup_quezhen,1414,4,3,4,True,False,True,0.0,0.3735813589018824
full_coverage_complete,ab_rightlowerredcup_quezhen,1415,0,0,5,True,False,True,0.5644396088154264,0.5644396088154264
full_coverage_complete,ab_rightlowerredcup_quezhen,1420,0,0,1,True,False,True,0.6952605552765294,0.6952605552765294
full_coverage_complete,ab_rightlowerredcup_quezhen,1421,0,0,4,True,False,True,0.6842082371591596,0.6842082371591596
full_coverage_complete,ab_rightlowerredcup_quezhen,1422,0,0,1,True,False,True,0.6631367255230448,0.6631367255230448
full_coverage_complete,ab_rightlowerredcup_quezhen,1423,0,0,1,True,False,True,0.6465745039162383,0.6465745039162383
full_coverage_complete,ab_rightlowerredcup_quezhen,1426,0,0,5,True,False,True,0.6208169941652,0.6208169941652
full_coverage_complete,ab_rightlowerredcup_quezhen,1427,0,0,5,True,False,True,0.6364957365835874,0.6364957365835874
full_coverage_complete,ab_rightlowerredcup_quezhen,1428,0,0,4,True,False,True,0.5380174528333517,0.5380174528333517
full_coverage_complete,ab_rightlowerredcup_quezhen,1429,0,0,4,True,False,True,0.6654558618063267,0.6654558618063267
full_coverage_complete,ab_rightlowerredcup_quezhen,1430,0,0,4,True,False,True,0.6923595811209002,0.6923595811209002
full_coverage_complete,ab_rightlowerredcup_quezhen,1431,0,0,4,True,False,True,0.6116311351652917,0.6116311351652917
full_coverage_complete,ab_rightlowerredcup_quezhen,1433,5,0,5,True,False,True,0.6283864176142242,0.6628918539615191
full_coverage_complete,ab_rightlowerredcup_quezhen,1434,0,0,4,True,False,True,0.6331899391294771,0.6331899391294771
full_coverage_complete,ab_rightlowerredcup_quezhen,1438,0,0,1,True,False,True,0.30807645471618067,0.30807645471618067
full_coverage_complete,ab_rightlowerredcup_quezhen,1440,0,0,1,True,False,True,0.0,0.0
full_coverage_complete,ab_rightlowerredcup_quezhen,1441,4,0,4,True,False,True,0.0,0.06589845480530555
full_coverage_complete,ab_rightlowerredcup_quezhen,1442,5,0,5,True,False,True,0.3381171295180321,0.2906503666158281
full_coverage_complete,ab_rightlowerredcup_quezhen,1443,5,0,5,True,False,True,0.42245087462869757,0.4094855338951251
full_coverage_complete,ab_rightlowerredcup_quezhen,1444,0,0,5,True,False,True,0.763675159537995,0.763675159537995
full_coverage_complete,ab_rightlowerredcup_quezhen,1445,0,0,5,True,False,True,0.6675664375897714,0.6675664375897714
full_coverage_complete,ab_rightlowerredcup_quezhen,1447,0,0,5,True,False,True,0.4776358234446246,0.4776358234446246
full_coverage_complete,ab_rightlowerredcup_quezhen,1448,0,0,4,True,False,True,0.6747671760768857,0.6747671760768857
full_coverage_complete,ab_rightlowerredcup_quezhen,1449,0,0,4,True,False,True,0.5690800588384513,0.5690800588384513
full_coverage_complete,ab_rightlowerredcup_quezhen,1450,0,0,4,True,False,True,0.4718947153199809,0.4718947153199809
full_coverage_complete,ab_rightlowerredcup_quezhen,1451,0,0,5,True,False,True,0.49732980206295274,0.49732980206295274
full_coverage_complete,ab_rightlowerredcup_quezhen,1452,0,0,4,True,False,True,0.4879465839056067,0.4879465839056067
full_coverage_complete,ab_rightlowerredcup_quezhen,1453,0,0,1,True,False,True,0.48921999317336756,0.48921999317336756
full_coverage_complete,ab_rightlowerredcup_quezhen,1454,0,0,1,True,False,True,0.5237520770853877,0.5237520770853877
full_coverage_complete,ab_rightlowerredcup_quezhen,1455,0,0,4,True,False,True,0.49837344040062914,0.49837344040062914
full_coverage_complete,ab_rightlowerredcup_quezhen,1456,0,0,4,True,False,True,0.46793237797978116,0.46793237797978116
full_coverage_complete,ab_rightlowerredcup_quezhen,1457,0,0,4,True,False,True,0.4295565468985277,0.4295565468985277
full_coverage_complete,ab_rightlowerredcup_quezhen,1458,0,0,4,True,False,True,0.49195082789183575,0.49195082789183575
full_coverage_complete,ab_rightlowerredcup_quezhen,1459,0,0,4,True,False,True,0.48563696905986203,0.48563696905986203
full_coverage_complete,ab_rightlowerredcup_quezhen,1460,0,0,4,True,False,True,0.40308859535727093,0.40308859535727093
full_coverage_complete,ab_rightlowerredcup_quezhen,1461,0,0,4,True,False,True,0.5310691657376051,0.5310691657376051
full_coverage_complete,ab_rightlowerredcup_quezhen,1462,0,0,1,True,False,True,0.5990236815589399,0.5990236815589399
full_coverage_complete,ab_rightlowerredcup_quezhen,1463,0,0,1,True,False,True,0.6284919623721372,0.6284919623721372
full_coverage_complete,ab_rightlowerredcup_quezhen,1464,0,0,1,True,False,True,0.439989681342649,0.439989681342649
full_coverage_complete,ab_rightlowerredcup_quezhen,1465,0,0,5,True,False,True,0.3132781399442631,0.3132781399442631
full_coverage_complete,ab_rightlowerredcup_quezhen,1466,0,0,1,True,False,True,0.27025998606949064,0.27025998606949064
full_coverage_complete,ab_rightlowerredcup_quezhen,1467,0,0,1,True,False,True,0.3217636860255349,0.3217636860255349
full_coverage_complete,ab_rightlowerredcup_quezhen,1468,0,0,1,True,False,True,0.3713715347946439,0.3713715347946439
full_coverage_complete,ab_rightlowerredcup_quezhen,1469,0,0,1,True,False,True,0.539465022582604,0.539465022582604
full_coverage_complete,ab_rightlowerredcup_quezhen,1470,0,0,4,True,False,True,0.39493855980587206,0.39493855980587206
full_coverage_complete,ab_rightlowerredcup_quezhen,1471,0,0,4,True,False,True,0.3846431006964306,0.3846431006964306
full_coverage_complete,ab_rightlowerredcup_quezhen,1472,0,0,1,True,False,True,0.036673900097833646,0.036673900097833646
full_coverage_complete,ab_rightlowerredcup_quezhen,1473,0,0,1,True,False,True,0.0,0.0
full_coverage_complete,ab_rightlowerredcup_quezhen,1474,0,0,1,True,False,True,0.0,0.0
full_coverage_complete,ab_rightlowerredcup_quezhen,1475,0,0,1,True,False,True,0.04158704645033562,0.04158704645033562
full_coverage_complete,ab_rightlowerredcup_quezhen,1476,0,0,1,True,False,True,0.6517253086307789,0.6517253086307789
full_coverage_complete,ab_rightlowerredcup_quezhen,1478,0,0,1,True,False,True,0.6056014405126231,0.6056014405126231
full_coverage_complete,ab_rightlowerredcup_quezhen,1479,0,0,1,True,False,True,0.08388315019229765,0.08388315019229765
full_coverage_complete,ab_rightlowerredcup_quezhen,1480,0,0,6,True,False,True,0.009420832047362519,0.009420832047362519
full_coverage_complete,ab_rightlowerredcup_quezhen,1481,0,0,5,True,False,True,0.0017821954255484221,0.0017821954255484221
full_coverage_complete,ab_rightlowerredcup_quezhen,1483,0,0,1,True,False,True,0.004891889157601804,0.004891889157601804
full_coverage_complete,ab_rightlowerredcup_quezhen,1484,0,0,1,True,False,True,0.015224604762678088,0.015224604762678088
full_coverage_complete,ab_rightlowerredcup_quezhen,1487,0,0,1,True,False,True,0.3296798554655145,0.3296798554655145
full_coverage_complete,ab_rightlowerredcup_quezhen,1489,0,0,5,True,False,True,0.08369840252389266,0.08369840252389266
full_coverage_complete,ab_rightlowerredcup_quezhen,1490,0,0,1,True,False,True,0.0,0.0
full_coverage_complete,ab_rightlowerredcup_quezhen,1491,0,0,4,True,False,True,0.0,0.0
full_coverage_complete,ab_rightlowerredcup_quezhen,1492,0,0,4,True,False,True,0.0,0.0
full_coverage_complete,ab_rightlowerredcup_quezhen,1493,0,0,1,True,False,True,0.0,0.0
full_coverage_complete,ab_rightlowerredcup_quezhen,1496,0,1,0,False,False,True,0.0,0.0
full_coverage_complete,ab_rightlowerredcup_quezhen,1497,0,0,5,True,False,True,0.0,0.0
full_coverage_complete,ab_rightlowerredcup_quezhen,1499,0,0,1,True,False,True,0.0,0.0
full_coverage_complete,ab_rightlowerredcup_quezhen,1500,0,0,1,True,False,True,0.0,0.0
full_coverage_complete,ab_rightlowerredcup_quezhen,1501,0,0,5,True,False,True,0.0,0.0
full_coverage_complete,ab_rightlowerredcup_quezhen,1508,0,0,1,True,False,True,0.0,0.0
full_coverage_complete,ab_rightlowerredcup_quezhen,1509,0,0,1,True,False,True,0.0,0.0
full_coverage_complete,ab_rightlowerredcup_quezhen,1510,0,0,1,True,False,True,0.0,0.0
full_coverage_complete,ab_rightlowerredcup_quezhen,1511,0,0,1,True,False,True,0.0,0.0
full_coverage_complete,ab_rightlowerredcup_quezhen,1512,0,0,1,True,False,True,0.0,0.0
full_coverage_complete,ab_rightlowerredcup_quezhen,1513,0,0,1,True,False,True,0.0,0.0
full_coverage_complete,ab_rightlowerredcup_quezhen,1514,0,0,1,True,False,True,0.0,0.0
full_coverage_complete,ab_rightlowerredcup_quezhen,1515,0,0,1,True,False,True,0.0,0.0
full_coverage_complete,ab_rightlowerredcup_quezhen,1516,0,0,5,True,False,True,0.0,0.0
full_coverage_complete,ab_rightlowerredcup_quezhen,1517,0,0,5,True,False,True,0.0,0.0
full_coverage_complete,ab_rightlowerredcup_quezhen,1518,0,0,5,True,False,True,0.0,0.0
full_coverage_complete,ab_rightlowerredcup_quezhen,1519,0,0,5,True,False,True,0.0,0.31026890902509024
full_coverage_complete,ab_rightlowerredcup_quezhen,1520,5,0,5,True,False,True,0.3026456797961644,0.22587270488852848
full_coverage_complete,ab_rightlowerredcup_quezhen,1521,5,0,5,True,False,True,0.33465057836378753,0.3130146613091486
full_coverage_complete,ab_rightlowerredcup_quezhen,1522,0,0,5,True,False,True,0.43717127784201165,0.43717127784201165
full_coverage_complete,ab_rightlowerredcup_quezhen,1523,0,0,5,True,False,True,0.4555738091290862,0.4555738091290862
full_coverage_complete,ab_rightlowerredcup_quezhen,1524,0,0,5,True,False,True,0.39269191883693555,0.39269191883693555
full_coverage_complete,ab_rightlowerredcup_quezhen,1526,0,0,6,True,False,True,0.5463135114797869,0.5463135114797869
full_coverage_complete,ab_rightlowerredcup_quezhen,1528,0,1,5,True,False,True,0.5200547762633069,0.0
full_coverage_complete,ab_rightlowerredcup_quezhen,1529,0,0,6,True,False,True,0.0,0.0
full_coverage_complete,ab_rightlowerredcup_quezhen,1530,0,0,5,True,False,True,0.0,0.0
full_coverage_complete,ab_rightlowerredcup_quezhen,1531,0,0,4,True,False,True,0.0,0.0
full_coverage_complete,ab_rightlowerredcup_quezhen,1532,0,0,5,True,False,True,0.0,0.0
full_coverage_complete,ab_rightlowerredcup_quezhen,1533,5,0,5,True,False,True,0.0,0.0
full_coverage_complete,ab_rightlowerredcup_quezhen,1534,0,0,5,True,False,True,0.0,0.0
full_coverage_complete,ab_rightlowerredcup_quezhen,1535,5,3,5,True,False,True,0.0,0.0
full_coverage_complete,ab_rightlowerredcup_quezhen,1536,5,0,5,True,False,True,0.0,0.0
full_coverage_complete,ab_rightlowerredcup_quezhen,1537,0,0,5,True,False,True,0.0,0.0
full_coverage_complete,ab_rightlowerredcup_quezhen,1538,0,0,1,True,False,True,0.0,0.0
full_coverage_complete,ab_rightlowerredcup_quezhen,1539,0,0,4,True,False,True,0.0,0.0
full_coverage_complete,ab_rightlowerredcup_quezhen,1540,5,0,5,True,False,True,0.0,0.0
full_coverage_complete,ab_rightlowerredcup_quezhen,1541,0,0,1,True,False,True,0.0,0.0
full_coverage_complete,ab_rightlowerredcup_quezhen,1542,0,0,1,True,False,True,0.0,0.0
full_coverage_complete,ab_rightlowerredcup_quezhen,1543,0,0,1,True,False,True,0.0,0.0
full_coverage_complete,ab_rightlowerredcup_quezhen,1546,0,0,1,True,False,True,0.0,0.0
full_coverage_complete,ab_rightlowerredcup_quezhen,1547,0,0,4,True,False,True,0.0,0.0
full_coverage_complete,ab_rightlowerredcup_quezhen,1548,0,0,1,True,False,True,0.0,0.0
full_coverage_complete,ab_rightlowerredcup_quezhen,1553,0,0,5,True,False,True,0.0,0.0
full_coverage_complete,ab_rightlowerredcup_quezhen,1554,0,0,5,True,False,True,0.0,0.0
full_coverage_complete,ab_rightlowerredcup_quezhen,1556,0,0,5,True,False,True,0.0,0.0
full_coverage_complete,ab_rightlowerredcup_quezhen,1557,0,0,5,True,False,True,0.0,0.0
full_coverage_complete,ab_rightlowerredcup_quezhen,1558,0,0,5,True,False,True,0.0,0.0
full_coverage_complete,ab_rightlowerredcup_quezhen,1559,0,0,5,True,False,True,0.0,0.0
full_coverage_complete,ab_rightlowerredcup_quezhen,1560,0,0,5,True,False,True,0.0,0.0
full_coverage_complete,ab_rightlowerredcup_quezhen,1561,0,0,5,True,False,True,0.0,0.0
full_coverage_complete,ab_rightlowerredcup_quezhen,1562,0,0,5,True,False,True,0.0,0.0
full_coverage_complete,ab_rightlowerredcup_quezhen,1563,0,0,4,True,False,True,0.0,0.0
full_coverage_complete,ab_rightlowerredcup_quezhen,1564,0,0,5,True,False,True,0.0,0.0
full_coverage_complete,ab_rightlowerredcup_quezhen,1565,0,0,5,True,False,True,0.0,0.0
full_coverage_complete,ab_rightlowerredcup_quezhen,1566,0,0,6,True,False,True,0.0,0.0
full_coverage_complete,ab_rightlowerredcup_quezhen,1567,5,0,5,True,False,True,0.0,0.0
full_coverage_complete,ab_rightlowerredcup_quezhen,1568,0,0,5,True,False,True,0.0,0.0
full_coverage_complete,ab_rightlowerredcup_quezhen,1569,5,0,5,True,False,True,0.0,0.0
full_coverage_complete,ab_rightlowerredcup_quezhen,1570,5,0,5,True,False,True,0.0,0.0
full_coverage_complete,ab_rightlowerredcup_quezhen,1571,5,0,5,True,False,True,0.0,0.0
full_coverage_complete,ab_rightlowerredcup_quezhen,1572,0,0,5,True,False,True,0.0,0.0
full_coverage_complete,ab_rightlowerredcup_quezhen,1573,5,3,5,True,False,True,0.0,0.7227256312718492
full_coverage_complete,ab_rightlowerredcup_quezhen,1575,0,0,5,True,False,True,0.8248789444612994,0.8248789444612994
full_coverage_complete,ab_rightlowerredcup_quezhen,1577,0,0,1,True,False,True,0.2107161486480424,0.2107161486480424
full_coverage_complete,ab_rightlowerredcup_quezhen,1578,0,0,1,True,False,True,0.137824882533679,0.137824882533679
full_coverage_complete,ab_rightlowerredcup_quezhen,1579,5,1,5,True,False,True,0.26911275551294284,0.3668870999500233
full_coverage_complete,ab_rightlowerredcup_quezhen,1580,0,0,5,True,False,True,0.2633269188232012,0.2633269188232012
full_coverage_complete,ab_rightlowerredcup_quezhen,1581,5,1,5,True,False,True,0.25124653535058833,0.4392598703487687
full_coverage_complete,ab_rightlowerredcup_quezhen,1582,5,0,5,True,False,True,0.2396456556444878,0.5503145429159676
full_coverage_complete,ab_rightlowerredcup_quezhen,1583,5,0,5,True,False,True,0.6064545271878601,0.48474264914700477
full_coverage_complete,ab_rightlowerredcup_quezhen,1584,0,0,1,True,False,True,0.6786912722779889,0.0
full_coverage_complete,ab_rightlowerredcup_quezhen,1585,5,0,5,True,False,True,0.0,0.0
full_coverage_complete,ab_rightlowerredcup_quezhen,1586,0,0,5,True,False,True,0.0,0.6758467260346552
full_coverage_complete,ab_rightlowerredcup_quezhen,1588,0,0,1,True,False,True,0.7367380717785843,0.7367380717785843
full_coverage_complete,ab_rightlowerredcup_quezhen,1589,0,0,1,True,False,True,0.748358376161932,0.748358376161932
full_coverage_complete,ab_rightlowerredcup_quezhen,1590,0,0,4,True,False,True,0.7081093346001497,0.7081093346001497
full_coverage_complete,ab_rightlowerredcup_quezhen,1592,0,0,5,True,False,True,0.28855811024441047,0.28855811024441047
full_coverage_complete,ab_rightlowerredcup_quezhen,1593,0,0,5,True,False,True,0.16632467390285965,0.16632467390285965
full_coverage_complete,ab_rightlowerredcup_quezhen,1594,0,0,5,True,False,True,0.16260707095033192,0.16260707095033192
full_coverage_complete,ab_rightlowerredcup_quezhen,1595,0,0,5,True,False,True,0.22717421684332545,0.22717421684332545
full_coverage_complete,ab_rightlowerredcup_quezhen,1596,0,0,5,True,False,True,0.29168195360957544,0.29168195360957544
full_coverage_complete,ab_rightlowerredcup_quezhen,1598,0,0,5,True,False,True,0.48847781747464625,0.48847781747464625
full_coverage_complete,ab_rightlowerredcup_quezhen,1601,5,0,5,True,False,True,0.568839232028115,0.5750784392088817
full_coverage_complete,ab_rightlowerredcup_quezhen,1607,0,0,6,True,False,True,0.7248745069696021,0.7248745069696021
full_coverage_complete,ab_rightlowerredcup_quezhen,1608,0,0,6,True,False,True,0.7481289665405617,0.7481289665405617
full_coverage_complete,ab_rightlowerredcup_quezhen,1613,6,0,6,True,False,True,0.5163839054627221,0.5064817457125219
full_coverage_complete,ab_rightlowerredcup_quezhen,1614,0,0,6,True,False,True,0.505292028545719,0.505292028545719
full_coverage_complete,ab_rightlowerredcup_quezhen,1615,0,0,6,True,False,True,0.6347463259805496,0.6347463259805496
full_coverage_complete,ab_rightlowerredcup_quezhen,1616,6,0,6,True,False,True,0.47209271792794083,0.5384234547353426
full_coverage_complete,ab_rightlowerredcup_quezhen,1617,0,0,6,True,False,True,0.6091918141832793,0.6091918141832793
full_coverage_complete,ab_rightlowerredcup_quezhen,1618,0,0,6,True,False,True,0.5964968024134091,0.5964968024134091
full_coverage_complete,ab_rightlowerredcup_quezhen,1622,0,0,6,True,False,True,0.7929567485217827,0.7929567485217827
full_coverage_complete,ab_rightlowerredcup_quezhen,1624,6,0,6,True,False,True,0.7667595951974382,0.8130150106728826
full_coverage_complete,ab_rightlowerredcup_quezhen,1628,0,0,5,True,False,True,0.7538062470540925,0.7538062470540925
full_coverage_complete,ab_rightlowerredcup_quezhen,1629,5,0,5,True,False,True,0.7482702160421895,0.6067769547249432
full_coverage_complete,ab_rightlowerredcup_quezhen,1630,0,0,5,True,False,True,0.6409639474106429,0.6409639474106429
full_coverage_complete,ab_rightlowerredcup_quezhen,1631,0,0,5,True,False,True,0.7251810767967724,0.7251810767967724
full_coverage_complete,ab_rightlowerredcup_quezhen,1632,5,0,5,True,False,True,0.5967548719900029,0.48757183777198115
full_coverage_complete,ab_rightlowerredcup_quezhen,1633,0,0,1,True,False,True,0.6474991565262262,0.6474991565262262
full_coverage_complete,ab_rightlowerredcup_quezhen,1634,0,0,5,True,False,True,0.719141005936871,0.719141005936871
full_coverage_complete,ab_rightlowerredcup_quezhen,1636,0,0,1,True,False,True,0.6409463218526725,0.6409463218526725
full_coverage_complete,ab_rightlowerredcup_quezhen,1637,0,0,1,True,False,True,0.718678237146485,0.718678237146485
full_coverage_complete,ab_rightlowerredcup_quezhen,1639,0,0,5,True,False,True,0.9146495427813786,0.9146495427813786
full_coverage_complete,ab_rightlowerredcup_quezhen,1640,0,0,5,True,False,True,0.6620055912491495,0.6620055912491495
full_coverage_complete,ab_rightlowerredcup_quezhen,1641,0,0,5,True,False,True,0.6772288223400219,0.6772288223400219
full_coverage_complete,ab_rightlowerredcup_quezhen,1642,0,0,5,True,False,True,0.701106593000149,0.701106593000149
full_coverage_complete,ab_rightlowerredcup_quezhen,1643,5,0,5,True,False,True,0.7264183861014941,0.48269911386443
full_coverage_complete,ab_rightlowerredcup_quezhen,1644,5,0,5,True,False,True,0.5912740241286886,0.6177587502455274
full_coverage_complete,ab_rightlowerredcup_quezhen,1645,0,0,6,True,False,True,0.4900308619780951,0.4900308619780951
full_coverage_complete,ab_rightlowerredcup_quezhen,1667,5,0,5,True,False,True,0.4022529064445496,0.49976823942772347
full_coverage_complete,ab_rightlowerredcup_quezhen,1694,0,0,1,True,False,True,0.3404086397628383,0.3404086397628383
full_coverage_complete,ab_rightlowerredcup_quezhen,1695,0,0,1,True,False,True,0.2806398288528892,0.2806398288528892
full_coverage_complete,ab_rightlowerredcup_quezhen,1703,0,0,1,True,False,True,0.22844756139455996,0.22844756139455996
full_coverage_complete,ab_rightlowerredcup_quezhen,1704,0,0,1,True,False,True,0.21170608958537981,0.21170608958537981
full_coverage_complete,ab_rightlowerredcup_quezhen,1728,0,0,1,True,False,True,0.6372377064092555,0.6372377064092555
full_coverage_complete,ab_rightlowerredcup_quezhen,1730,0,0,1,True,False,True,0.38348400446645053,0.38348400446645053
full_coverage_complete,ab_rightlowerredcup_quezhen,1731,0,0,6,True,False,True,0.34575814673541866,0.34575814673541866
full_coverage_complete,ab_rightlowerredcup_quezhen,1732,0,0,1,True,False,True,0.11575818710215598,0.11575818710215598
full_coverage_complete,ab_rightlowerredcup_quezhen,1733,0,0,1,True,False,True,0.7101535288015152,0.7101535288015152
full_coverage_complete,ab_rightlowerredcup_quezhen,1736,0,0,1,True,False,True,0.6012998216569702,0.6012998216569702
full_coverage_complete,ab_rightlowerredcup_quezhen,1737,1,4,1,True,False,True,0.5005612563778731,0.0
full_coverage_complete,ab_rightlowerredcup_quezhen,1738,0,0,0,False,False,True,0.0,0.6553373044483694
full_coverage_complete,ab_rightlowerredcup_quezhen,1739,5,0,5,True,False,True,0.7544527917447172,0.7928274183011493
full_coverage_complete,ab_rightlowerredcup_quezhen,1740,0,0,1,True,False,True,0.6676620757615311,0.6676620757615311
full_coverage_complete,ab_rightlowerredcup_quezhen,1741,1,2,1,True,False,True,0.6122710635591464,0.21460895187008153
full_coverage_complete,ab_rightlowerredcup_quezhen,1742,5,0,5,True,False,True,0.14216695621103503,0.10806273664712868
full_coverage_complete,ab_rightlowerredcup_quezhen,1743,0,0,6,True,False,True,0.15595365352703733,0.15595365352703733
full_coverage_complete,ab_rightlowerredcup_quezhen,1744,0,0,6,True,False,True,0.06702573120139438,0.06702573120139438
full_coverage_complete,ab_rightlowerredcup_quezhen,1747,6,0,6,True,False,True,0.0,0.0
full_coverage_complete,ab_rightlowerredcup_quezhen,1748,0,0,6,True,False,True,0.0,0.0
full_coverage_complete,ab_rightlowerredcup_quezhen,1787,6,0,6,True,False,True,0.5053125212481274,0.46853454042860293
full_coverage_complete,ab_rightlowerredcup_quezhen,1803,0,0,5,True,False,True,0.680113678289388,0.0
full_coverage_complete,ab_rightlowerredcup_quezhen,1805,0,1,0,False,False,True,0.0,0.8708183933151727
full_coverage_complete,ab_whiteboywithbluebag,227,0,0,5,True,False,True,0.17671451472284244,0.17671451472284244
full_coverage_complete,ab_whiteboywithbluebag,228,0,0,4,True,False,True,0.38352014405069107,0.38352014405069107
full_coverage_complete,ab_whiteboywithbluebag,229,0,0,5,True,False,True,0.10324124082917731,0.10324124082917731
full_coverage_complete,ab_whiteboywithbluebag,230,0,0,4,True,False,True,0.0,0.0
full_coverage_complete,ab_whiteboywithbluebag,231,0,0,4,True,False,True,0.0,0.0
full_coverage_complete,ab_whiteboywithbluebag,235,0,0,4,True,False,True,0.0,0.0
full_coverage_complete,ab_whiteboywithbluebag,237,0,0,5,True,False,True,0.0,0.0
full_coverage_complete,ab_whiteboywithbluebag,243,0,0,5,True,False,True,0.0,0.0
full_coverage_complete,ab_whiteboywithbluebag,246,0,0,5,True,False,True,0.0,0.0
full_coverage_complete,ab_whiteboywithbluebag,247,0,0,5,True,False,True,0.0,0.0
full_coverage_complete,ab_whiteboywithbluebag,248,5,0,5,True,False,True,0.0,0.0
full_coverage_complete,ab_whiteboywithbluebag,249,4,1,4,True,False,True,0.0,0.4250999826520153
full_coverage_complete,ab_whiteboywithbluebag,262,0,0,5,True,False,True,0.43814818931565297,0.43814818931565297
full_coverage_complete,ab_whiteboywithbluebag,385,0,0,4,True,False,True,0.5996163219812113,0.5996163219812113
full_coverage_complete,ab_whiteboywithbluebag,386,0,0,4,True,False,True,0.3809616045906265,0.3809616045906265
full_coverage_complete,ab_whiteboywithbluebag,387,0,0,4,True,False,True,0.26372417714108265,0.26372417714108265
full_coverage_complete,ab_whiteboywithbluebag,400,0,0,1,True,False,True,0.5005640840504613,0.5005640840504613
full_coverage_complete,ab_whiteboywithbluebag,402,0,0,1,True,False,True,0.600203548658014,0.600203548658014
full_coverage_complete,ab_whiteboywithbluebag,403,0,0,1,True,False,True,0.6105076418880824,0.6105076418880824
full_coverage_complete,ab_whiteboywithbluebag,404,0,0,1,True,False,True,0.6023162034350374,0.6023162034350374
full_coverage_complete,ab_whiteboywithbluebag,405,0,0,1,True,False,True,0.5879972165383027,0.5879972165383027
full_coverage_complete,ab_whiteboywithbluebag,407,0,0,1,True,False,True,0.5776111709197168,0.5776111709197168
full_coverage_complete,ab_whiteboywithbluebag,408,0,0,5,True,False,True,0.33335945106815207,0.33335945106815207
full_coverage_complete,ab_whiteboywithbluebag,409,0,0,1,True,False,True,0.5015504812652221,0.5015504812652221
full_coverage_complete,ab_whiteboywithbluebag,410,0,0,1,True,False,True,0.37483091428853693,0.37483091428853693
full_coverage_complete,ab_whiteboywithbluebag,411,0,0,5,True,False,True,0.20393580781060233,0.20393580781060233
full_coverage_complete,ab_whiteboywithbluebag,412,0,0,5,True,False,True,0.04938993728544849,0.04938993728544849
full_coverage_complete,ab_whiteboywithbluebag,413,0,0,5,True,False,True,0.0,0.0
full_coverage_complete,ab_whiteboywithbluebag,414,0,0,5,True,False,True,0.0,0.0
full_coverage_complete,ab_whiteboywithbluebag,415,0,0,5,True,False,True,0.0,0.0
full_coverage_complete,ab_whiteboywithbluebag,416,0,0,5,True,False,True,0.0,0.0
full_coverage_complete,ab_whiteboywithbluebag,417,0,0,1,True,False,True,0.0,0.0
full_coverage_complete,ab_whiteboywithbluebag,418,0,0,5,True,False,True,0.036854797165296514,0.036854797165296514
full_coverage_complete,ab_whiteboywithbluebag,419,0,0,1,True,False,True,0.0,0.0
full_coverage_complete,ab_whiteboywithbluebag,420,0,0,5,True,False,True,0.05041128023513166,0.05041128023513166
full_coverage_complete,ab_whiteboywithbluebag,421,0,0,5,True,False,True,0.012761521838693609,0.012761521838693609
full_coverage_complete,ab_whiteboywithbluebag,422,0,0,5,True,False,True,0.1640389107684937,0.1640389107684937
full_coverage_complete,ab_whiteboywithbluebag,423,0,0,1,True,False,True,0.1876893362619056,0.1876893362619056
full_coverage_complete,ab_whiteboywithbluebag,424,0,0,5,True,False,True,0.0,0.0
full_coverage_complete,ab_whiteboywithbluebag,425,5,0,5,True,False,True,0.0,0.0
full_coverage_complete,ab_whiteboywithbluebag,426,2,0,2,True,False,True,0.0,0.27129336768155454
full_coverage_complete,ab_whiteboywithbluebag,427,0,0,1,True,False,True,0.2936507829832098,0.2936507829832098
full_coverage_complete,ab_whiteboywithbluebag,428,0,1,1,True,False,True,0.3615058794651148,0.0
full_coverage_complete,ab_whiteboywithbluebag,429,0,0,5,True,False,True,0.0,0.0
full_coverage_complete,ab_whiteboywithbluebag,430,0,0,5,True,False,True,0.0,0.0
full_coverage_complete,ab_whiteboywithbluebag,433,0,0,5,True,False,True,0.0,0.0
full_coverage_complete,ab_whiteboywithbluebag,435,0,0,2,True,False,True,0.0,0.0
full_coverage_complete,ab_whiteboywithbluebag,436,0,0,4,True,False,True,0.0,0.0
full_coverage_complete,ab_whiteboywithbluebag,437,0,0,5,True,False,True,0.0,0.0
full_coverage_complete,ab_whiteboywithbluebag,460,1,0,1,True,False,True,0.04426919572019976,0.005138033375595974
full_coverage_complete,ab_whiteboywithbluebag,465,0,0,1,True,False,True,0.8351880188849293,0.8351880188849293
full_coverage_complete,ab_whiteboywithbluebag,466,0,0,1,True,False,True,0.38559603632647793,0.38559603632647793
full_coverage_complete,ab_whiteboywithbluebag,467,4,0,4,True,False,True,0.22919087098023927,0.037055848725972826
full_coverage_complete,ab_whiteboywithbluebag,469,4,0,4,True,False,True,0.1046140392799964,0.030549630896763037
full_coverage_complete,ab_whiteboywithbluebag,472,5,0,5,True,False,True,0.7209922321630599,0.7329521380116256
full_coverage_complete,ab_whiteboywithbluebag,473,4,1,4,True,False,True,0.20096351996715306,0.5820471107632194
full_coverage_complete,advancedredcup,186,0,0,1,True,False,True,0.19076853713526393,0.19076853713526393
full_coverage_complete,advancedredcup,187,0,0,0,False,False,True,0.12298523820913153,0.776533753254254
full_coverage_complete,advancedredcup,188,0,0,5,True,False,True,0.48241377964761856,0.48241377964761856
full_coverage_complete,advancedredcup,216,0,1,0,False,False,True,0.9012326454973559,0.050205486128135024
full_coverage_complete,advancedredcup,230,0,0,0,False,False,True,0.85685425932207,0.0
full_coverage_complete,advancedredcup,233,0,0,0,False,False,True,0.7408524100700655,0.0
full_coverage_complete,advancedredcup,234,0,0,5,True,False,True,0.0,0.0
full_coverage_complete,advancedredcup,236,0,0,0,False,False,True,0.0,0.7530445463176719
full_coverage_complete,advancedredcup,237,0,0,0,False,False,True,0.6671817395782116,0.0
full_coverage_complete,advancedredcup,423,0,1,5,True,False,True,0.0,0.0
full_coverage_complete,advancedredcup,463,0,0,5,True,False,True,0.0,0.0
full_coverage_complete,advancedredcup,464,0,0,0,False,False,True,0.0,0.45862467274066787
full_coverage_complete,advancedredcup,524,6,0,6,True,False,True,0.759373654541217,0.49804575503595305
full_coverage_complete,advancedredcup,700,1,0,1,True,False,True,0.8095535349417381,0.0
full_coverage_complete,advancedredcup,727,0,0,0,False,False,True,0.7956921025962872,0.010701181918351283
full_coverage_complete,advancedredcup,812,0,0,0,False,False,True,0.9054912455209532,0.0
full_coverage_complete,advancedredcup,830,0,1,2,True,False,True,0.0,0.8739170943427611
full_coverage_complete,advancedredcup,880,0,1,0,False,False,True,0.8968230646723951,0.0
full_coverage_complete,advancedredcup,883,0,0,2,True,False,True,0.0,0.8894716392313571
full_coverage_complete,advancedredcup,885,0,1,0,False,False,True,0.8895736829993766,0.0
full_coverage_complete,advancedredcup,1008,0,0,0,False,False,True,0.8714455516221022,0.0
full_coverage_complete,advancedredcup,1018,0,0,0,False,False,True,0.0,0.7904206273690602
full_coverage_complete,advancedredcup,1207,1,0,1,True,False,True,0.41433949738487397,0.047162301975915207
full_coverage_complete,advancedredcup,1208,1,0,1,True,False,True,0.1737587024789675,0.0054297787251497715
full_coverage_complete,advancedredcup,1209,1,0,1,True,False,True,0.00840247683511453,0.0
full_coverage_complete,advancedredcup,1210,1,0,1,True,False,True,0.0,0.8252150552021703
full_coverage_complete,advancedredcup,1211,5,0,5,True,False,True,0.79478195209992,0.8755373039718645
full_coverage_complete,advancedredcup,1212,0,0,2,True,False,True,0.9030480829957582,0.9030480829957582
full_coverage_complete,advancedredcup,1213,0,0,2,True,False,True,0.8659738151405272,0.8659738151405272
full_coverage_complete,advancedredcup,1214,0,0,2,True,False,True,0.7759016821640038,0.7759016821640038
full_coverage_complete,advancedredcup,1215,4,0,4,True,False,True,0.8351143037683282,0.8436376852181845
full_coverage_complete,advancedredcup,1216,0,0,2,True,False,True,0.9586340077671445,0.9586340077671445
full_coverage_complete,advancedredcup,1217,1,0,1,True,False,True,0.8750766337899267,0.9368163329967112
full_coverage_complete,advancedredcup,1218,1,0,1,True,False,True,0.810245365061079,0.8158741384993251
full_coverage_complete,advancedredcup,1219,1,0,1,True,False,True,0.8839972205947297,0.9003749367062986
full_coverage_complete,advancedredcup,1220,4,0,4,True,False,True,0.7690832409052993,0.7879513250488606
full_coverage_complete,advancedredcup,1221,0,1,2,True,False,True,0.8439402176782669,0.0
full_coverage_complete,advancedredcup,1225,0,0,2,True,False,True,0.0,0.0
full_coverage_complete,advancedredcup,1227,0,0,2,True,False,True,0.0,0.0
full_coverage_complete,advancedredcup,1229,0,0,2,True,False,True,0.0,0.0
full_coverage_complete,advancedredcup,1230,1,0,1,True,False,True,0.0,0.0
full_coverage_complete,advancedredcup,1231,0,0,2,True,False,True,0.0,0.0
full_coverage_complete,advancedredcup,1232,0,0,2,True,False,True,0.0,0.0
full_coverage_complete,advancedredcup,1233,0,0,2,True,False,True,0.0,0.0
full_coverage_complete,advancedredcup,1234,0,0,2,True,False,True,0.0,0.0
full_coverage_complete,advancedredcup,1235,1,0,1,True,False,True,0.0,0.0
full_coverage_complete,advancedredcup,1238,0,0,2,True,False,True,0.0,0.0
full_coverage_complete,advancedredcup,1239,0,0,2,True,False,True,0.0,0.0
full_coverage_complete,advancedredcup,1240,0,0,2,True,False,True,0.0,0.0
full_coverage_complete,advancedredcup,1241,0,0,2,True,False,True,0.0,0.0
full_coverage_complete,advancedredcup,1242,0,0,2,True,False,True,0.0,0.0
full_coverage_complete,advancedredcup,1244,1,0,1,True,False,True,0.0,0.720298785825561
full_coverage_complete,advancedredcup,1245,5,0,5,True,False,True,0.0,0.77115578478292
full_coverage_complete,advancedredcup,1246,5,0,5,True,False,True,0.696280300262641,0.7680300048439225
full_coverage_complete,advancedredcup,1247,0,0,1,True,False,True,0.0,0.0
full_coverage_complete,advancedredcup,1248,1,0,1,True,False,True,0.0,0.0
full_coverage_complete,advancedredcup,1249,0,1,2,True,False,True,0.01298872924120307,0.01298872924120307
full_coverage_complete,advancedredcup,1250,5,0,5,True,False,True,0.5349087496811892,0.8742163450081004
full_coverage_complete,advancedredcup,1251,5,0,5,True,False,True,0.627595777367434,0.9163965325905284
full_coverage_complete,advancedredcup,1252,5,0,5,True,False,True,0.6776974914270099,0.8400721672797202
full_coverage_complete,advancedredcup,1253,5,0,5,True,False,True,0.6858089205278072,0.8617787481382835
full_coverage_complete,advancedredcup,1254,5,0,5,True,False,True,0.7034209166297911,0.9288516849455866
full_coverage_complete,advancedredcup,1255,5,0,5,True,False,True,0.7847236830857982,0.8345526379847243
full_coverage_complete,advancedredcup,1257,0,0,2,True,False,True,0.9257277652998759,0.9257277652998759
full_coverage_complete,advancedredcup,1258,0,0,2,True,False,True,0.8163598918537561,0.8163598918537561
full_coverage_complete,advancedredcup,1259,0,0,2,True,False,True,0.8238244554454661,0.8238244554454661
full_coverage_complete,advancedredcup,1260,4,0,4,True,False,True,0.7847282352170545,0.9146949030274096
full_coverage_complete,advancedredcup,1261,1,0,1,True,False,True,0.8512431624399835,0.8231667538884693
full_coverage_complete,advancedredcup,1262,4,0,4,True,False,True,0.8885345181900353,0.9392050408750197
full_coverage_complete,advancedredcup,1263,1,0,1,True,False,True,0.7260467846517699,0.8623014994004967
full_coverage_complete,advancedredcup,1264,0,0,4,True,False,True,0.7996691380663917,0.7996691380663917
full_coverage_complete,advancedredcup,1265,5,0,5,True,False,True,0.6820303664739461,0.9016092505654807
full_coverage_complete,advancedredcup,1266,0,1,0,False,False,True,0.7439321854714709,0.0
full_coverage_complete,advancedredcup,1267,1,0,1,True,False,True,0.0,0.9368466868571643
full_coverage_complete,advancedredcup,1268,5,0,5,True,False,True,0.6939667310146316,0.9355291853225671
full_coverage_complete,advancedredcup,1270,1,0,1,True,False,True,0.6118325570263827,0.8996478475433637
full_coverage_complete,advancedredcup,1271,0,0,2,True,False,True,0.5371406975903804,0.5371406975903804
full_coverage_complete,advancedredcup,1272,1,0,1,True,False,True,0.7228406819649966,0.8378609941339402
full_coverage_complete,advancedredcup,1274,1,0,1,True,False,True,0.4967954530111811,0.7903264285017341
full_coverage_complete,advancedredcup,1275,1,0,1,True,False,True,0.6160032960329564,0.8637073387860814
full_coverage_complete,advancedredcup,1276,1,0,1,True,False,True,0.6307867074826382,0.8183713550432088
full_coverage_complete,advancedredcup,1277,0,0,1,True,False,True,0.4874548317551386,0.4874548317551386
full_coverage_complete,advancedredcup,1278,1,0,1,True,False,True,0.554830677685267,0.8369364305468866
full_coverage_complete,advancedredcup,1279,1,0,1,True,False,True,0.6994809214954489,0.820060291100172
full_coverage_complete,advancedredcup,1280,1,0,1,True,False,True,0.7599768544361281,0.9641465923241442
full_coverage_complete,advancedredcup,1281,1,0,1,True,False,True,0.764474791160652,0.8654920051275071
full_coverage_complete,advancedredcup,1282,1,0,1,True,False,True,0.7807232239246715,0.8210957366159056
full_coverage_complete,advancedredcup,1283,1,0,1,True,False,True,0.744651781125004,0.770137160503214
full_coverage_complete,advancedredcup,1284,1,0,1,True,False,True,0.6152428814253581,0.7314302847917225
full_coverage_complete,advancedredcup,1285,1,0,1,True,False,True,0.7206109273697694,0.8667712760046092
full_coverage_complete,advancedredcup,1287,1,0,1,True,False,True,0.828576037390806,0.8471235063979812
full_coverage_complete,advancedredcup,1288,1,0,1,True,False,True,0.9550372630907613,0.906063833436749
full_coverage_complete,advancedredcup,1289,1,0,1,True,False,True,0.9060693249180547,0.8842582787694169
full_coverage_complete,advancedredcup,1290,1,0,1,True,False,True,0.8327314705218634,0.84962535185323
full_coverage_complete,advancedredcup,1292,1,0,1,True,False,True,0.8885574933688878,0.8816484665904953
full_coverage_complete,advancedredcup,1293,1,0,1,True,False,True,0.7744563445734892,0.8207878342115256
full_coverage_complete,advancedredcup,1294,1,0,1,True,False,True,0.725020326256684,0.7990800034760858
full_coverage_complete,advancedredcup,1353,0,0,2,True,False,True,0.8762774203225585,0.8762774203225585
full_coverage_complete,advancedredcup,1363,1,0,1,True,False,True,0.7969060707829716,0.8941827786003975
full_coverage_complete,advancedredcup,1364,1,0,1,True,False,True,0.713332489090939,0.7848924060036613
full_coverage_complete,advancedredcup,1365,1,0,1,True,False,True,0.5984173163895815,0.7213506645333466
full_coverage_complete,advancedredcup,1367,1,0,1,True,False,True,0.3820335986653009,0.6156529985913516
full_coverage_complete,advancedredcup,1369,1,0,1,True,False,True,0.5916121326275633,0.6918405461832682
full_coverage_complete,advancedredcup,1370,0,0,4,True,False,True,0.5995422108510227,0.5995422108510227
full_coverage_complete,advancedredcup,1371,0,0,4,True,False,True,0.6827440336764928,0.6827440336764928
full_coverage_complete,advancedredcup,1375,0,0,2,True,False,True,0.8504056405075481,0.8504056405075481
full_coverage_complete,advancedredcup,1376,1,0,1,True,False,True,0.7169440081162728,0.8310662072251196
full_coverage_complete,advancedredcup,1377,1,0,1,True,False,True,0.7276110583049269,0.7619914027410639
full_coverage_complete,advancedredcup,1380,0,0,2,True,False,True,0.831574950928171,0.831574950928171
full_coverage_complete,advancedredcup,1382,5,0,5,True,False,True,0.7606552352659374,0.9706907763119147
full_coverage_complete,advancedredcup,1383,5,0,5,True,False,True,0.6215283179380856,0.8193243906685197
full_coverage_complete,advancedredcup,1384,5,2,5,True,False,True,0.6562794920267686,0.03683067345448583
full_coverage_complete,advancedredcup,1385,1,0,1,True,False,True,0.0,0.0
full_coverage_complete,advancedredcup,1387,5,0,5,True,False,True,0.0,0.0
full_coverage_complete,advancedredcup,1388,5,0,5,True,False,True,0.0,0.0
full_coverage_complete,advancedredcup,1389,5,0,5,True,False,True,0.0,0.0
full_coverage_complete,advancedredcup,1390,5,0,5,True,False,True,0.0,0.0
full_coverage_complete,advancedredcup,1397,0,0,2,True,False,True,0.0,0.0
full_coverage_complete,advancedredcup,1400,0,0,2,True,False,True,0.0,0.8240740579200373
full_coverage_complete,advancedredcup,1401,0,0,5,True,False,True,0.8982917153453618,0.8982917153453618
full_coverage_complete,advancedredcup,1402,0,0,2,True,False,True,0.8097187957064587,0.8097187957064587
full_coverage_complete,advancedredcup,1403,0,0,2,True,False,True,0.8317636298351381,0.8317636298351381
full_coverage_complete,advancedredcup,1404,0,0,2,True,False,True,0.8494714206841458,0.8494714206841458
full_coverage_complete,advancedredcup,1405,0,0,2,True,False,True,0.8940718670599578,0.8940718670599578
full_coverage_complete,advancedredcup,1406,0,0,2,True,False,True,0.8754897718172098,0.8754897718172098
full_coverage_complete,advancedredcup,1407,0,0,2,True,False,True,0.876951512765962,0.876951512765962
full_coverage_complete,advancedredcup,1408,0,0,2,True,False,True,0.891726329247729,0.891726329247729
full_coverage_complete,advancedredcup,1409,1,0,1,True,False,True,0.8593031579094115,0.8368497209812333
full_coverage_complete,advancedredcup,1410,0,0,2,True,False,True,0.9035426758628592,0.9035426758628592
full_coverage_complete,baggirl,86,0,0,5,True,False,True,0.536355348095951,0.536355348095951
full_coverage_complete,baggirl,92,0,0,1,True,False,True,0.6494018103157975,0.6494018103157975
full_coverage_complete,baggirl,93,0,0,1,True,False,True,0.6443604700946342,0.6443604700946342
full_coverage_complete,baggirl,94,0,0,5,True,False,True,0.5682922503185072,0.5682922503185072
full_coverage_complete,baggirl,95,0,0,5,True,False,True,0.6250731892625948,0.6250731892625948
full_coverage_complete,baggirl,96,0,0,5,True,False,True,0.5657265118952234,0.5657265118952234
full_coverage_complete,baggirl,98,5,0,5,True,False,True,0.5506435375253386,0.6377197504577202
full_coverage_complete,baggirl,99,5,0,5,True,False,True,0.628090407007876,0.6553058346039876
full_coverage_complete,baggirl,100,5,0,5,True,False,True,0.6025887359736326,0.736966904545313
full_coverage_complete,baggirl,101,5,0,5,True,False,True,0.6580575539348206,0.7378356417603026
full_coverage_complete,baggirl,102,5,0,5,True,False,True,0.7031544110552644,0.7127002086710957
full_coverage_complete,baggirl,103,0,0,4,True,False,True,0.7084655132825937,0.7084655132825937
full_coverage_complete,baggirl,104,0,0,5,True,False,True,0.5713488700662797,0.5713488700662797
full_coverage_complete,baggirl,105,0,0,5,True,False,True,0.6736916397632484,0.6736916397632484
full_coverage_complete,baggirl,106,0,0,5,True,False,True,0.6296974509641556,0.6296974509641556
full_coverage_complete,baggirl,107,0,0,5,True,False,True,0.6471537105624114,0.6471537105624114
full_coverage_complete,baggirl,108,0,0,5,True,False,True,0.6484012428116862,0.6484012428116862
full_coverage_complete,baggirl,109,5,0,5,True,False,True,0.43715574364038146,0.4918857619508493
full_coverage_complete,baggirl,110,0,0,5,True,False,True,0.6801242738238299,0.6801242738238299
full_coverage_complete,ballshootatthebasket3times,27,0,0,1,True,False,True,0.044139628976254716,0.044139628976254716
full_coverage_complete,ballshootatthebasket3times,30,5,0,5,True,False,True,0.0,0.6967784392730922
full_coverage_complete,ballshootatthebasket3times,37,0,0,5,True,False,True,0.9105378397454567,0.9105378397454567
full_coverage_complete,ballshootatthebasket3times,148,0,0,5,True,False,True,0.7760848558344783,0.7760848558344783
full_coverage_complete,ballshootatthebasket3times,149,0,0,5,True,False,True,0.7116037230501006,0.7116037230501006
full_coverage_complete,ballshootatthebasket3times,150,0,1,5,True,False,True,0.6940046772308818,0.0
full_coverage_complete,ballshootatthebasket3times,151,0,0,4,True,False,True,0.0,0.0
full_coverage_complete,ballshootatthebasket3times,152,0,0,5,True,False,True,0.03632606873068654,0.03632606873068654
full_coverage_complete,ballshootatthebasket3times,153,0,0,5,True,False,True,0.0,0.0
full_coverage_complete,ballshootatthebasket3times,154,0,0,5,True,False,True,0.0,0.0
full_coverage_complete,ballshootatthebasket3times,155,0,1,5,True,False,True,0.0,0.0
full_coverage_complete,ballshootatthebasket3times,156,0,0,5,True,False,True,0.0,0.0
full_coverage_complete,ballshootatthebasket3times,157,5,1,5,True,False,True,0.0,0.0
full_coverage_complete,ballshootatthebasket3times,158,0,0,5,True,False,True,0.0,0.0
full_coverage_complete,ballshootatthebasket3times,159,0,0,5,True,False,True,0.0,0.0
full_coverage_complete,ballshootatthebasket3times,160,0,0,5,True,False,True,0.0,0.0
full_coverage_complete,ballshootatthebasket3times,161,5,4,5,True,False,True,0.0,0.0
full_coverage_complete,ballshootatthebasket3times,162,5,3,5,True,False,True,0.0,0.0
full_coverage_complete,ballshootatthebasket3times,163,0,0,4,True,False,True,0.0,0.0
full_coverage_complete,ballshootatthebasket3times,164,0,0,4,True,False,True,0.0,0.0
full_coverage_complete,ballshootatthebasket3times,165,0,0,5,True,False,True,0.0,0.0
full_coverage_complete,ballshootatthebasket3times,166,5,0,5,True,False,True,0.0,0.0
full_coverage_complete,ballshootatthebasket3times,167,0,0,4,True,False,True,0.0,0.0
full_coverage_complete,ballshootatthebasket3times,168,0,0,4,True,False,True,0.0,0.0
full_coverage_complete,ballshootatthebasket3times,169,0,0,5,True,False,True,0.0,0.0
full_coverage_complete,ballshootatthebasket3times,170,0,0,4,True,False,True,0.0,0.0
full_coverage_complete,ballshootatthebasket3times,171,0,0,4,True,False,True,0.0,0.0
full_coverage_complete,ballshootatthebasket3times,172,0,0,4,True,False,True,0.0,0.0
full_coverage_complete,ballshootatthebasket3times,173,0,0,5,True,False,True,0.0,0.0
full_coverage_complete,ballshootatthebasket3times,174,0,0,4,True,False,True,0.0,0.0
full_coverage_complete,ballshootatthebasket3times,175,0,0,5,True,False,True,0.0,0.0
full_coverage_complete,ballshootatthebasket3times,176,0,0,4,True,False,True,0.0,0.0
full_coverage_complete,ballshootatthebasket3times,177,0,0,4,True,False,True,0.0,0.0
full_coverage_complete,ballshootatthebasket3times,178,0,0,4,True,False,True,0.0,0.0
full_coverage_complete,ballshootatthebasket3times,179,0,1,0,False,False,True,0.0,0.5068144895354002
full_coverage_complete,ballshootatthebasket3times,210,5,0,5,True,False,True,0.8705344134155957,0.8792915535571886
full_coverage_complete,ballshootatthebasket3times,216,0,0,1,True,False,True,0.43981809855120996,0.43981809855120996
full_coverage_complete,ballshootatthebasket3times,217,0,0,4,True,False,True,0.5182041205437243,0.5182041205437243
full_coverage_complete,ballshootatthebasket3times,218,0,0,1,True,False,True,0.6147531476224564,0.6147531476224564
full_coverage_complete,ballshootatthebasket3times,219,1,0,1,True,False,True,0.5184866791493932,0.5442651510138591
full_coverage_complete,ballshootatthebasket3times,220,5,0,5,True,False,True,0.6057548046833527,0.6387767639045636
full_coverage_complete,ballshootatthebasket3times,221,0,0,4,True,False,True,0.3560569577414526,0.3560569577414526
full_coverage_complete,ballshootatthebasket3times,222,0,0,5,True,False,True,0.29201522237352734,0.29201522237352734
full_coverage_complete,ballshootatthebasket3times,223,5,0,5,True,False,True,0.38122683009123864,0.38238086723317266
full_coverage_complete,ballshootatthebasket3times,224,0,0,5,True,False,True,0.6806771294050915,0.6806771294050915
full_coverage_complete,ballshootatthebasket3times,225,0,0,5,True,False,True,0.7032709155030089,0.7032709155030089
full_coverage_complete,ballshootatthebasket3times,226,5,1,5,True,False,True,0.23745512495353613,0.05361783495550776
full_coverage_complete,ballshootatthebasket3times,227,5,0,5,True,False,True,0.7465730309538968,0.6990833032515245
full_coverage_complete,ballshootatthebasket3times,228,0,0,5,True,False,True,0.34036934770051985,0.34036934770051985
full_coverage_complete,ballshootatthebasket3times,229,5,2,5,True,False,True,0.0929132202681955,0.6668925327817546
full_coverage_complete,ballshootatthebasket3times,230,0,0,5,True,False,True,0.40823044204284753,0.40823044204284753
full_coverage_complete,ballshootatthebasket3times,231,0,0,5,True,False,True,0.7017760798207155,0.7017760798207155
full_coverage_complete,ballshootatthebasket3times,232,0,0,4,True,False,True,0.6700487147704272,0.6700487147704272
full_coverage_complete,ballshootatthebasket3times,233,0,0,1,True,False,True,0.4992521679449088,0.4992521679449088
full_coverage_complete,ballshootatthebasket3times,238,0,0,1,True,False,True,0.487865688362425,0.487865688362425
full_coverage_complete,ballshootatthebasket3times,239,0,0,1,True,False,True,0.4892306226490256,0.4892306226490256
full_coverage_complete,ballshootatthebasket3times,241,0,0,1,True,False,True,0.5495214996379859,0.5495214996379859
full_coverage_complete,ballshootatthebasket3times,242,0,0,4,True,False,True,0.5605765342591612,0.5605765342591612
full_coverage_complete,ballshootatthebasket3times,246,0,0,1,True,False,True,0.35856463807718586,0.35856463807718586
full_coverage_complete,ballshootatthebasket3times,248,0,0,1,True,False,True,0.5819934175897005,0.5819934175897005
full_coverage_complete,ballshootatthebasket3times,249,0,0,1,True,False,True,0.60346357804165,0.60346357804165
full_coverage_complete,ballshootatthebasket3times,250,0,0,5,True,False,True,0.43332721165713894,0.43332721165713894
full_coverage_complete,ballshootatthebasket3times,251,0,0,5,True,False,True,0.5806394354507561,0.5806394354507561
full_coverage_complete,ballshootatthebasket3times,252,0,0,5,True,False,True,0.5406186966321379,0.5406186966321379
full_coverage_complete,ballshootatthebasket3times,253,0,0,5,True,False,True,0.4498298500994904,0.4498298500994904
full_coverage_complete,ballshootatthebasket3times,254,0,0,5,True,False,True,0.5538765775638902,0.5538765775638902
full_coverage_complete,ballshootatthebasket3times,255,0,0,4,True,False,True,0.5994648211534226,0.5994648211534226
full_coverage_complete,ballshootatthebasket3times,260,0,0,5,True,False,True,0.454759811229983,0.454759811229983
full_coverage_complete,ballshootatthebasket3times,261,0,0,5,True,False,True,0.38187747730841165,0.38187747730841165
full_coverage_complete,ballshootatthebasket3times,262,0,0,5,True,False,True,0.43252680477733807,0.43252680477733807
full_coverage_complete,ballshootatthebasket3times,263,0,0,5,True,False,True,0.6074319357899816,0.6074319357899816
full_coverage_complete,ballshootatthebasket3times,281,0,0,4,True,False,True,0.6510340349888971,0.6510340349888971
full_coverage_complete,ballshootatthebasket3times,286,5,0,5,True,False,True,0.48302469968833023,0.4836392952127303
full_coverage_complete,ballshootatthebasket3times,287,0,0,6,True,False,True,0.6378155161054283,0.6378155161054283
full_coverage_complete,ballshootatthebasket3times,288,0,0,5,True,False,True,0.5557436705959464,0.5557436705959464
full_coverage_complete,ballshootatthebasket3times,289,0,0,5,True,False,True,0.5814040948538391,0.5814040948538391
full_coverage_complete,ballshootatthebasket3times,290,0,0,5,True,False,True,0.5124371196382834,0.5124371196382834
full_coverage_complete,ballshootatthebasket3times,291,0,0,5,True,False,True,0.6048696783054563,0.6048696783054563
full_coverage_complete,ballshootatthebasket3times,292,5,0,5,True,False,True,0.6472194759176927,0.589857658591548
full_coverage_complete,ballshootatthebasket3times,293,0,0,5,True,False,True,0.5162440178199276,0.5162440178199276
full_coverage_complete,ballshootatthebasket3times,294,0,0,1,True,False,True,0.6407148759965675,0.6407148759965675
full_coverage_complete,ballshootatthebasket3times,295,0,0,5,True,False,True,0.5048925778594835,0.5048925778594835
full_coverage_complete,ballshootatthebasket3times,299,0,0,5,True,False,True,0.6141621166635823,0.6141621166635823
full_coverage_complete,ballshootatthebasket3times,300,5,0,5,True,False,True,0.5943476313767511,0.5863034658113048
full_coverage_complete,ballshootatthebasket3times,303,0,0,5,True,False,True,0.5835571019207523,0.5835571019207523
full_coverage_complete,ballshootatthebasket3times,304,0,0,5,True,False,True,0.5863255578145252,0.5863255578145252
full_coverage_complete,ballshootatthebasket3times,305,0,0,5,True,False,True,0.5630460427391264,0.5630460427391264
full_coverage_complete,ballshootatthebasket3times,306,0,0,5,True,False,True,0.6212529870582332,0.6212529870582332
full_coverage_complete,ballshootatthebasket3times,307,0,0,5,True,False,True,0.6291035378540779,0.6291035378540779
full_coverage_complete,ballshootatthebasket3times,308,0,0,4,True,False,True,0.5849546932133728,0.5849546932133728
full_coverage_complete,ballshootatthebasket3times,309,5,0,5,True,False,True,0.5301898987136037,0.4406050478225748
full_coverage_complete,ballshootatthebasket3times,312,0,0,5,True,False,True,0.48486739040359833,0.48486739040359833
full_coverage_complete,ballshootatthebasket3times,317,0,0,5,True,False,True,0.558964562454201,0.558964562454201
full_coverage_complete,ballshootatthebasket3times,318,0,0,1,True,False,True,0.4939191200275265,0.4939191200275265
full_coverage_complete,ballshootatthebasket3times,323,0,0,1,True,False,True,0.4831521809669143,0.4831521809669143
full_coverage_complete,ballshootatthebasket3times,324,0,0,5,True,False,True,0.5164620701173447,0.5164620701173447
full_coverage_complete,ballshootatthebasket3times,325,0,0,5,True,False,True,0.5782122865250386,0.5782122865250386
full_coverage_complete,ballshootatthebasket3times,326,0,0,5,True,False,True,0.6147449351538504,0.6147449351538504
full_coverage_complete,ballshootatthebasket3times,327,0,0,5,True,False,True,0.6837861940953849,0.6837861940953849
full_coverage_complete,ballshootatthebasket3times,328,0,0,4,True,False,True,0.5885422838174142,0.5885422838174142
full_coverage_complete,ballshootatthebasket3times,329,0,0,5,True,False,True,0.4859564322176803,0.4859564322176803
full_coverage_complete,ballshootatthebasket3times,330,0,0,1,True,False,True,0.43692894730732784,0.43692894730732784
full_coverage_complete,ballshootatthebasket3times,331,0,0,1,True,False,True,0.34883919153506765,0.34883919153506765
full_coverage_complete,ballshootatthebasket3times,332,0,0,1,True,False,True,0.4266705602746422,0.4266705602746422
full_coverage_complete,ballshootatthebasket3times,334,0,0,5,True,False,True,0.3474745431536373,0.3474745431536373
full_coverage_complete,ballshootatthebasket3times,335,0,0,5,True,False,True,0.1961185693002814,0.1961185693002814
full_coverage_complete,ballshootatthebasket3times,336,0,0,5,True,False,True,0.7442930723029131,0.7442930723029131
full_coverage_complete,ballshootatthebasket3times,337,0,0,5,True,False,True,0.7188090292695316,0.7188090292695316
full_coverage_complete,ballshootatthebasket3times,338,5,2,5,True,False,True,0.35641358719886446,0.62515221041442
full_coverage_complete,ballshootatthebasket3times,341,0,0,4,True,False,True,0.23798232936900743,0.23798232936900743
full_coverage_complete,ballshootatthebasket3times,345,0,0,1,True,False,True,0.650916780501542,0.650916780501542
full_coverage_complete,ballshootatthebasket3times,350,0,0,4,True,False,True,0.8266375226098153,0.8266375226098153
full_coverage_complete,ballshootatthebasket3times,351,5,0,5,True,False,True,0.5733346450590506,0.5654326066356348
full_coverage_complete,ballshootatthebasket3times,357,0,0,1,True,False,True,0.6617477077176908,0.6617477077176908
full_coverage_complete,ballshootatthebasket3times,358,0,0,5,True,False,True,0.0,0.6176532956683276
full_coverage_complete,ballshootatthebasket3times,360,0,0,1,True,False,True,0.7958164320186014,0.7958164320186014
full_coverage_complete,ballshootatthebasket3times,362,0,0,1,True,False,True,0.44295022676062556,0.44295022676062556
full_coverage_complete,ballshootatthebasket3times,368,0,0,5,True,False,True,0.7100623441847203,0.7100623441847203
full_coverage_complete,ballshootatthebasket3times,372,0,0,5,True,False,True,0.5829267460893143,0.5829267460893143
full_coverage_complete,ballshootatthebasket3times,373,0,0,5,True,False,True,0.5904228987430202,0.5904228987430202
full_coverage_complete,ballshootatthebasket3times,374,0,0,4,True,False,True,0.698887962100593,0.698887962100593
full_coverage_complete,ballshootatthebasket3times,375,0,0,5,True,False,True,0.76675567071594,0.76675567071594
full_coverage_complete,ballshootatthebasket3times,376,5,0,5,True,False,True,0.5958773133946714,0.5702914955436952
full_coverage_complete,ballshootatthebasket3times,377,0,0,5,True,False,True,0.6671100659333564,0.6671100659333564
full_coverage_complete,ballshootatthebasket3times,378,5,0,5,True,False,True,0.4604428987508584,0.5674739676374458
full_coverage_complete,ballshootatthebasket3times,379,0,0,5,True,False,True,0.8101803345498765,0.8101803345498765
full_coverage_complete,ballshootatthebasket3times,380,0,0,4,True,False,True,0.6173257210547854,0.6173257210547854
full_coverage_complete,ballshootatthebasket3times,381,0,2,4,True,False,True,0.3356102351534629,0.0
full_coverage_complete,ballshootatthebasket3times,383,0,0,5,True,False,True,0.028771976917973063,0.028771976917973063
full_coverage_complete,ballshootatthebasket3times,385,5,0,5,True,False,True,0.17967904812721958,0.17455755106286308
full_coverage_complete,ballshootatthebasket3times,387,0,0,5,True,False,True,0.1502520138641461,0.1502520138641461
full_coverage_complete,ballshootatthebasket3times,388,0,0,4,True,False,True,0.19817425749293033,0.19817425749293033
full_coverage_complete,ballshootatthebasket3times,392,1,4,1,True,False,True,0.0,0.0
full_coverage_complete,ballshootatthebasket3times,393,1,1,1,True,False,True,0.0,0.0
full_coverage_complete,ballshootatthebasket3times,394,0,0,4,True,False,True,0.0,0.0
full_coverage_complete,ballshootatthebasket3times,395,0,0,5,True,False,True,0.0,0.0
full_coverage_complete,ballshootatthebasket3times,396,0,0,5,True,False,True,0.0,0.0
full_coverage_complete,ballshootatthebasket3times,397,0,0,5,True,False,True,0.0,0.0
full_coverage_complete,ballshootatthebasket3times,398,0,0,5,True,False,True,0.0,0.0
full_coverage_complete,ballshootatthebasket3times,399,0,0,5,True,False,False,,
full_coverage_complete,ballshootatthebasket3times,400,5,3,5,True,False,False,,
full_coverage_complete,ballshootatthebasket3times,401,0,0,5,True,False,False,,
full_coverage_complete,ballshootatthebasket3times,405,0,0,4,True,False,False,,
full_coverage_complete,ballshootatthebasket3times,406,0,0,4,True,False,False,,
full_coverage_complete,ballshootatthebasket3times,407,1,0,1,True,False,False,,
full_coverage_complete,ballshootatthebasket3times,409,0,0,1,True,False,False,,
full_coverage_complete,ballshootatthebasket3times,410,0,0,4,True,False,False,,
full_coverage_complete,ballshootatthebasket3times,411,1,0,1,True,False,False,,
full_coverage_complete,ballshootatthebasket3times,414,5,0,5,True,False,True,0.0,0.0
full_coverage_complete,ballshootatthebasket3times,415,5,0,5,True,False,True,0.0,0.0
full_coverage_complete,ballshootatthebasket3times,416,0,0,5,True,False,True,0.0,0.0
full_coverage_complete,ballshootatthebasket3times,417,5,0,5,True,False,True,0.0,0.0
full_coverage_complete,ballshootatthebasket3times,418,0,0,4,True,False,True,0.0,0.0
full_coverage_complete,ballshootatthebasket3times,419,5,0,5,True,False,True,0.0,0.0
full_coverage_complete,ballshootatthebasket3times,420,5,0,5,True,False,True,0.0,0.0
full_coverage_complete,ballshootatthebasket3times,421,0,0,4,True,False,True,0.0,0.0
full_coverage_complete,ballshootatthebasket3times,422,1,0,1,True,False,True,0.0,0.0
full_coverage_complete,ballshootatthebasket3times,426,5,1,5,True,False,True,0.0,0.0
full_coverage_complete,ballshootatthebasket3times,427,0,0,5,True,False,True,0.0,0.0
full_coverage_complete,ballshootatthebasket3times,428,0,0,5,True,False,True,0.0,0.0
full_coverage_complete,ballshootatthebasket3times,429,0,0,5,True,False,True,0.0,0.0
full_coverage_complete,ballshootatthebasket3times,430,0,0,5,True,False,True,0.0,0.0
full_coverage_complete,ballshootatthebasket3times,431,5,2,5,True,False,True,0.0,0.0
full_coverage_complete,ballshootatthebasket3times,432,5,0,5,True,False,True,0.0,0.0
full_coverage_complete,ballshootatthebasket3times,433,5,1,5,True,False,True,0.0,0.0
full_coverage_complete,ballshootatthebasket3times,435,0,1,4,True,False,True,0.0,0.0
full_coverage_complete,ballshootatthebasket3times,436,0,1,1,True,False,True,0.0,0.0
full_coverage_complete,ballshootatthebasket3times,437,4,2,4,True,False,True,0.0,0.0
full_coverage_complete,ballshootatthebasket3times,438,0,0,1,True,False,True,0.0,0.0
full_coverage_complete,ballshootatthebasket3times,439,0,0,4,True,False,True,0.0,0.0
full_coverage_complete,ballshootatthebasket3times,440,6,1,6,True,False,True,0.0,0.0
full_coverage_complete,ballshootatthebasket3times,441,0,0,6,True,False,True,0.0,0.0
full_coverage_complete,ballshootatthebasket3times,442,0,0,5,True,False,True,0.0,0.0
full_coverage_complete,ballshootatthebasket3times,443,5,0,5,True,False,True,0.0,0.0
full_coverage_complete,ballshootatthebasket3times,444,0,0,5,True,False,True,0.0,0.0
full_coverage_complete,ballshootatthebasket3times,445,5,0,5,True,False,True,0.0,0.0
full_coverage_complete,ballshootatthebasket3times,446,5,0,5,True,False,True,0.0,0.0
full_coverage_complete,ballshootatthebasket3times,447,0,0,5,True,False,True,0.0,0.0
full_coverage_complete,ballshootatthebasket3times,448,5,0,5,True,False,True,0.0,0.0
full_coverage_complete,ballshootatthebasket3times,449,0,0,5,True,False,True,0.0,0.0
full_coverage_complete,ballshootatthebasket3times,450,0,0,4,True,False,True,0.0,0.0
full_coverage_complete,ballshootatthebasket3times,451,0,0,5,True,False,True,0.0,0.0
full_coverage_complete,ballshootatthebasket3times,452,5,2,5,True,False,True,0.0,0.0
full_coverage_complete,ballshootatthebasket3times,453,0,0,5,True,False,True,0.0,0.0
full_coverage_complete,ballshootatthebasket3times,454,5,0,5,True,False,True,0.0,0.0
full_coverage_complete,ballshootatthebasket3times,455,5,0,5,True,False,True,0.0,0.0
full_coverage_complete,ballshootatthebasket3times,457,5,3,5,True,False,True,0.0,0.0
full_coverage_complete,ballshootatthebasket3times,458,5,0,5,True,False,True,0.0,0.0
full_coverage_complete,ballshootatthebasket3times,459,0,1,6,True,False,True,0.0,0.0
full_coverage_complete,ballshootatthebasket3times,460,5,2,5,True,False,True,0.0,0.0
full_coverage_complete,ballshootatthebasket3times,461,5,3,5,True,False,True,0.0,0.0
full_coverage_complete,ballshootatthebasket3times,462,0,0,1,True,False,True,0.0,0.0
full_coverage_complete,ballshootatthebasket3times,463,0,0,4,True,False,True,0.0,0.0
full_coverage_complete,ballshootatthebasket3times,464,4,2,4,True,False,True,0.0,0.0
full_coverage_complete,ballshootatthebasket3times,465,0,0,1,True,False,True,0.0,0.0
full_coverage_complete,ballshootatthebasket3times,466,0,0,4,True,False,True,0.0,0.0
full_coverage_complete,ballshootatthebasket3times,467,0,0,1,True,False,True,0.0,0.0
full_coverage_complete,ballshootatthebasket3times,468,0,0,1,True,False,True,0.0,0.0
full_coverage_complete,ballshootatthebasket3times,469,0,0,1,True,False,True,0.0,0.0
full_coverage_complete,ballshootatthebasket3times,470,0,0,5,True,False,True,0.0,0.0
full_coverage_complete,ballshootatthebasket3times,472,5,0,5,True,False,True,0.0,0.0
full_coverage_complete,ballshootatthebasket3times,473,5,2,5,True,False,True,0.0,0.0
full_coverage_complete,ballshootatthebasket3times,474,0,0,5,True,False,True,0.0,0.0
full_coverage_complete,ballshootatthebasket3times,475,4,4,4,True,False,True,0.0,0.0
full_coverage_complete,ballshootatthebasket3times,476,1,3,1,True,False,True,0.0,0.0
full_coverage_complete,ballshootatthebasket3times,477,1,0,1,True,False,True,0.0,0.0
full_coverage_complete,ballshootatthebasket3times,478,0,0,4,True,False,True,0.0,0.0
full_coverage_complete,ballshootatthebasket3times,479,0,0,4,True,False,True,0.0,0.0
full_coverage_complete,ballshootatthebasket3times,481,0,1,0,False,False,True,0.0,0.0
full_coverage_complete,ballshootatthebasket3times,482,0,0,4,True,False,True,0.0,0.0
full_coverage_complete,ballshootatthebasket3times,483,0,0,5,True,False,True,0.0,0.0
full_coverage_complete,ballshootatthebasket3times,484,5,2,5,True,False,True,0.0,0.0
full_coverage_complete,ballshootatthebasket3times,485,1,1,1,True,False,True,0.0,0.24987675136059195
full_coverage_complete,ballshootatthebasket3times,486,0,0,1,True,False,True,0.41581694463596613,0.41581694463596613
full_coverage_complete,ballshootatthebasket3times,487,0,0,4,True,False,True,0.2171192984582642,0.2171192984582642
full_coverage_complete,ballshootatthebasket3times,488,0,0,4,True,False,True,0.5323581849605996,0.5323581849605996
full_coverage_complete,ballshootatthebasket3times,489,0,0,4,True,False,True,0.6216153509939283,0.6216153509939283
full_coverage_complete,ballshootatthebasket3times,490,0,0,4,True,False,True,0.6078884885317133,0.6078884885317133
full_coverage_complete,ballshootatthebasket3times,491,0,0,4,True,False,True,0.6063747410293829,0.6063747410293829
full_coverage_complete,ballshootatthebasket3times,492,0,0,5,True,False,True,0.6976035965149392,0.6976035965149392
full_coverage_complete,ballshootatthebasket3times,493,0,0,4,True,False,True,0.8442972763393065,0.8442972763393065
full_coverage_complete,ballshootatthebasket3times,498,0,0,1,True,False,True,0.6853440539654703,0.6853440539654703
full_coverage_complete,ballshootatthebasket3times,500,5,0,5,True,False,True,0.7153059480556295,0.6882518734448748
full_coverage_complete,ballshootatthebasket3times,501,5,1,5,True,False,True,0.6349993529036663,0.0
full_coverage_complete,ballshootatthebasket3times,502,0,0,4,True,False,True,0.0,0.0
full_coverage_complete,ballshootatthebasket3times,503,0,0,5,True,False,True,0.0,0.0
full_coverage_complete,ballshootatthebasket3times,504,0,0,5,True,False,True,0.0,0.0
full_coverage_complete,ballshootatthebasket3times,505,0,0,5,True,False,True,0.0,0.0
full_coverage_complete,ballshootatthebasket3times,507,0,0,5,True,False,True,0.0,0.0
full_coverage_complete,ballshootatthebasket3times,508,0,0,4,True,False,True,0.0,0.0
full_coverage_complete,ballshootatthebasket3times,509,0,0,4,True,False,True,0.0,0.0
full_coverage_complete,ballshootatthebasket3times,510,5,0,5,True,False,True,0.0,0.046560059736020516
full_coverage_complete,ballshootatthebasket3times,511,5,1,5,True,False,True,0.4044341983750366,0.0
full_coverage_complete,ballshootatthebasket3times,512,0,0,5,True,False,True,0.0,0.0
full_coverage_complete,ballshootatthebasket3times,513,0,0,5,True,False,True,0.0,0.0
full_coverage_complete,ballshootatthebasket3times,514,0,0,1,True,False,True,0.0,0.0
full_coverage_complete,ballshootatthebasket3times,515,0,3,4,True,False,True,0.0,0.16416363107188126
full_coverage_complete,ballshootatthebasket3times,516,0,1,1,True,False,True,0.10926261283372632,0.0
full_coverage_complete,ballshootatthebasket3times,517,0,0,5,True,False,True,0.0,0.0
full_coverage_complete,ballshootatthebasket3times,518,0,0,4,True,False,True,0.0,0.0
full_coverage_complete,ballshootatthebasket3times,519,0,0,4,True,False,True,0.0,0.0
full_coverage_complete,ballshootatthebasket3times,520,0,0,4,True,False,True,0.0,0.0
full_coverage_complete,ballshootatthebasket3times,521,0,0,1,True,False,True,0.0,0.0
full_coverage_complete,ballshootatthebasket3times,522,0,0,4,True,False,True,0.0,0.0
full_coverage_complete,ballshootatthebasket3times,523,0,0,4,True,False,True,0.13309269919164482,0.13309269919164482
full_coverage_complete,ballshootatthebasket3times,524,0,0,4,True,False,True,0.17521608809994718,0.17521608809994718
full_coverage_complete,ballshootatthebasket3times,526,0,0,5,True,False,True,0.21886841313343014,0.21886841313343014
full_coverage_complete,ballshootatthebasket3times,527,0,0,4,True,False,True,0.17686856221772057,0.17686856221772057
full_coverage_complete,ballshootatthebasket3times,528,0,0,4,True,False,True,0.3976284638410457,0.3976284638410457
full_coverage_complete,ballshootatthebasket3times,529,0,0,4,True,False,True,0.42560492515742476,0.42560492515742476
full_coverage_complete,ballshootatthebasket3times,530,0,0,4,True,False,True,0.37154767214172885,0.37154767214172885
full_coverage_complete,ballshootatthebasket3times,531,0,0,4,True,False,True,0.3360152572289044,0.3360152572289044
full_coverage_complete,ballshootatthebasket3times,532,0,0,4,True,False,True,0.2942443058459877,0.2942443058459877
full_coverage_complete,ballshootatthebasket3times,533,0,0,4,True,False,True,0.40741981852403014,0.40741981852403014
full_coverage_complete,ballshootatthebasket3times,534,0,0,5,True,False,True,0.12744380343428774,0.12744380343428774
full_coverage_complete,ballshootatthebasket3times,535,0,0,4,True,False,True,0.40883256035585225,0.40883256035585225
full_coverage_complete,ballshootatthebasket3times,536,0,0,5,True,False,True,0.48743571634905836,0.48743571634905836
full_coverage_complete,ballshootatthebasket3times,537,0,0,5,True,False,True,0.5722138340593645,0.5722138340593645
full_coverage_complete,ballshootatthebasket3times,538,0,0,5,True,False,True,0.3441539250809228,0.3441539250809228
full_coverage_complete,ballshootatthebasket3times,539,0,0,5,True,False,True,0.1843674194783919,0.1843674194783919
full_coverage_complete,ballshootatthebasket3times,540,0,0,4,True,False,True,0.04539740290813059,0.04539740290813059
full_coverage_complete,ballshootatthebasket3times,541,0,0,4,True,False,True,0.1768145513261175,0.1768145513261175
full_coverage_complete,ballshootatthebasket3times,542,5,0,5,True,False,True,0.03486479736516748,0.06298204876224706
full_coverage_complete,ballshootatthebasket3times,543,0,0,4,True,False,True,0.0,0.0
full_coverage_complete,ballshootatthebasket3times,544,5,2,5,True,False,True,0.09268236608619866,0.1299322856321807
full_coverage_complete,ballshootatthebasket3times,545,0,0,5,True,False,True,0.4204729182610109,0.4204729182610109
full_coverage_complete,ballshootatthebasket3times,546,5,0,5,True,False,True,0.6126327924525783,0.7021413903506775
full_coverage_complete,ballshootatthebasket3times,547,5,0,5,True,False,True,0.7564238465419248,0.7676458906693437
full_coverage_complete,ballshootatthebasket3times,548,0,0,1,True,False,True,0.7741351422030658,0.7741351422030658
full_coverage_complete,ballshootatthebasket3times,549,0,0,4,True,False,True,0.7348925197503153,0.7348925197503153
full_coverage_complete,ballshootatthebasket3times,550,5,0,5,True,False,True,0.5229296246569151,0.48707891090388244
full_coverage_complete,ballshootatthebasket3times,551,0,0,4,True,False,True,0.640456421438748,0.640456421438748
full_coverage_complete,ballshootatthebasket3times,552,5,0,5,True,False,True,0.43651801001842544,0.46576616936161097
full_coverage_complete,ballshootatthebasket3times,553,0,0,4,True,False,True,0.5514356875577684,0.5514356875577684
full_coverage_complete,ballshootatthebasket3times,554,0,0,1,True,False,True,0.45652216243584576,0.45652216243584576
full_coverage_complete,ballshootatthebasket3times,555,0,0,4,True,False,True,0.32488639421336657,0.32488639421336657
full_coverage_complete,ballshootatthebasket3times,558,0,0,4,True,False,True,0.07516331221643327,0.07516331221643327
full_coverage_complete,ballshootatthebasket3times,559,0,0,4,True,False,True,0.0,0.0
full_coverage_complete,ballshootatthebasket3times,561,0,0,4,True,False,True,0.009425885607533867,0.009425885607533867
full_coverage_complete,ballshootatthebasket3times,562,0,0,4,True,False,True,0.0,0.0
full_coverage_complete,ballshootatthebasket3times,563,0,0,4,True,False,True,0.0011151970060562769,0.0011151970060562769
full_coverage_complete,ballshootatthebasket3times,564,0,0,4,True,False,True,0.24788932832522192,0.24788932832522192
full_coverage_complete,ballshootatthebasket3times,565,0,0,4,True,False,True,0.28179879701247307,0.28179879701247307
full_coverage_complete,ballshootatthebasket3times,567,0,0,5,True,False,True,0.3700221662728765,0.3700221662728765
full_coverage_complete,ballshootatthebasket3times,568,0,0,4,True,False,True,0.2930091984700726,0.2930091984700726
full_coverage_complete,ballshootatthebasket3times,569,5,3,5,True,False,True,0.5138333790485494,0.46980357430199415
full_coverage_complete,ballshootatthebasket3times,570,0,0,4,True,False,True,0.3176376893694399,0.3176376893694399
full_coverage_complete,ballshootatthebasket3times,571,5,0,5,True,False,True,0.32783404349862905,0.38029560546035035
full_coverage_complete,ballshootatthebasket3times,572,0,0,5,True,False,True,0.33640659850451665,0.33640659850451665
full_coverage_complete,ballshootatthebasket3times,573,0,0,4,True,False,True,0.2099058540012097,0.2099058540012097
full_coverage_complete,ballshootatthebasket3times,574,0,0,5,True,False,True,0.46501679257094314,0.46501679257094314
full_coverage_complete,ballshootatthebasket3times,575,0,0,4,True,False,True,0.6123520088181217,0.6123520088181217
full_coverage_complete,ballshootatthebasket3times,577,5,0,5,True,False,True,0.623101529964531,0.6447669843752833
full_coverage_complete,ballshootatthebasket3times,578,0,0,5,True,False,True,0.6161800782808969,0.6161800782808969
full_coverage_complete,ballshootatthebasket3times,592,5,0,5,True,False,True,0.7697524565912001,0.7810870660648765
full_coverage_complete,ballshootatthebasket3times,593,5,0,5,True,False,True,0.7689824265486329,0.711554842612686
full_coverage_complete,ballshootatthebasket3times,594,0,0,4,True,False,True,0.8155070212040177,0.8155070212040177
full_coverage_complete,ballshootatthebasket3times,595,0,0,5,True,False,True,0.7694712404537218,0.7694712404537218
full_coverage_complete,ballshootatthebasket3times,596,0,0,5,True,False,True,0.6891678087455304,0.6891678087455304
full_coverage_complete,ballshootatthebasket3times,623,0,0,4,True,False,True,0.7692957091905483,0.7692957091905483
full_coverage_complete,ballshootatthebasket3times,636,5,0,5,True,False,True,0.6178516772018042,0.6567573523936203
full_coverage_complete,ballshootatthebasket3times,637,5,0,5,True,False,True,0.5493207470249791,0.4890847145756767
full_coverage_complete,ballshootatthebasket3times,638,5,0,5,True,False,True,0.39612457644031196,0.39176366467670004
full_coverage_complete,ballshootatthebasket3times,639,5,0,5,True,False,True,0.6295288630893724,0.717703743183744
full_coverage_complete,ballshootatthebasket3times,640,5,0,5,True,False,True,0.49849349497384565,0.651957060251568
full_coverage_complete,ballshootatthebasket3times,641,0,0,5,True,False,True,0.7608455634812392,0.0
full_coverage_complete,ballshootatthebasket3times,642,0,0,1,True,False,True,0.8005760217843378,0.8005760217843378
full_coverage_complete,ballshootatthebasket3times,645,0,0,4,True,False,True,0.7482645971372242,0.7482645971372242
full_coverage_complete,ballshootatthebasket3times,646,1,0,1,True,False,True,0.6008442383117788,0.6324503450938184
full_coverage_complete,ballshootatthebasket3times,647,0,0,4,True,False,True,0.4393239411407542,0.4393239411407542
full_coverage_complete,ballshootatthebasket3times,648,0,0,4,True,False,True,0.5051626298615199,0.5051626298615199
full_coverage_complete,ballshootatthebasket3times,649,0,0,4,True,False,True,0.6712139490374954,0.6712139490374954
full_coverage_complete,ballshootatthebasket3times,650,5,1,5,True,False,True,0.49282351761097587,0.05808886952757739
full_coverage_complete,ballshootatthebasket3times,651,0,0,4,True,False,True,0.1388286416299374,0.1388286416299374
full_coverage_complete,ballshootatthebasket3times,652,5,2,5,True,False,True,0.18734215711235674,0.0
full_coverage_complete,ballshootatthebasket3times,653,0,0,5,True,False,True,0.0,0.0
full_coverage_complete,ballshootatthebasket3times,654,5,3,5,True,False,True,0.0,0.0
full_coverage_complete,ballshootatthebasket3times,655,5,0,5,True,False,True,0.0,0.0
full_coverage_complete,ballshootatthebasket3times,656,5,3,5,True,False,True,0.0,0.0
full_coverage_complete,ballshootatthebasket3times,657,0,2,5,True,False,True,0.0,0.13702955833585845
full_coverage_complete,ballshootatthebasket3times,658,0,0,1,True,False,True,0.16413125965472283,0.16413125965472283
full_coverage_complete,ballshootatthebasket3times,659,4,3,4,True,False,True,0.21938405235610448,0.06430484669320223
full_coverage_complete,ballshootatthebasket3times,660,0,0,5,True,False,True,0.20699519450396117,0.20699519450396117
full_coverage_complete,ballshootatthebasket3times,661,5,0,5,True,False,True,0.6200133423313156,0.550849574747538
full_coverage_complete,ballshootatthebasket3times,662,0,0,4,True,False,True,0.5680456381959238,0.5680456381959238
full_coverage_complete,ballshootatthebasket3times,668,0,0,4,True,False,True,0.831043744935714,0.831043744935714
full_coverage_complete,ballshootatthebasket3times,669,0,0,5,True,False,True,0.8157776475720522,0.8157776475720522
full_coverage_complete,ballshootatthebasket3times,671,0,0,5,True,False,True,0.6871487496160253,0.6871487496160253
full_coverage_complete,ballshootatthebasket3times,675,5,0,5,True,False,True,0.5793362299361945,0.5879524168385535
full_coverage_complete,ballshootatthebasket3times,676,0,0,5,True,False,True,0.8188890585598361,0.8188890585598361
full_coverage_complete,ballshootatthebasket3times,677,0,0,5,True,False,True,0.6933124077147811,0.6933124077147811
full_coverage_complete,ballshootatthebasket3times,700,0,0,5,True,False,True,0.9157490867797187,0.9157490867797187
full_coverage_complete,ballshootatthebasket3times,716,0,0,5,True,False,True,0.5628516491529223,0.5628516491529223
full_coverage_complete,ballshootatthebasket3times,740,0,0,5,True,False,True,0.6472967465145125,0.6472967465145125
full_coverage_complete,ballshootatthebasket3times,762,0,0,1,True,False,True,0.5445830996331164,0.5445830996331164
full_coverage_complete,ballshootatthebasket3times,792,0,0,4,True,False,True,0.5607004936654041,0.5607004936654041
full_coverage_complete,ballshootatthebasket3times,796,6,0,6,True,False,True,0.7048192387752846,0.7404301711948874
full_coverage_complete,ballshootatthebasket3times,797,0,0,1,True,False,True,0.5068503825970113,0.5068503825970113
full_coverage_complete,ballshootatthebasket3times,798,0,0,1,True,False,True,0.727767095036905,0.727767095036905
full_coverage_complete,ballshootatthebasket3times,800,0,0,1,True,False,True,0.5611662326683556,0.5611662326683556
full_coverage_complete,ballshootatthebasket3times,802,0,0,1,True,False,True,0.7564811226236513,0.7564811226236513
full_coverage_complete,ballshootatthebasket3times,807,0,0,6,True,False,True,0.5527508530239236,0.5527508530239236
full_coverage_complete,ballshootatthebasket3times,808,0,0,6,True,False,True,0.5843942543835196,0.5843942543835196
full_coverage_complete,ballshootatthebasket3times,809,0,0,6,True,False,True,0.584246370959671,0.584246370959671
full_coverage_complete,ballshootatthebasket3times,810,0,0,6,True,False,True,0.5905117146821167,0.5905117146821167
full_coverage_complete,ballshootatthebasket3times,811,0,0,6,True,False,True,0.5245542717928888,0.5245542717928888
full_coverage_complete,ballshootatthebasket3times,821,0,0,1,True,False,True,0.3915102875681644,0.3915102875681644
full_coverage_complete,ballshootatthebasket3times,822,0,0,1,True,False,True,0.20054201288534887,0.20054201288534887
full_coverage_complete,ballshootatthebasket3times,824,0,0,4,True,False,True,0.21653247451503327,0.21653247451503327
full_coverage_complete,ballshootatthebasket3times,825,5,0,5,True,False,True,0.2961736729125812,0.3520365425534951
full_coverage_complete,ballshootatthebasket3times,826,0,0,5,True,False,True,0.7318542380496463,0.7318542380496463
full_coverage_complete,ballshootatthebasket3times,836,0,0,2,True,False,True,0.6517159055177286,0.6517159055177286
full_coverage_complete,ballshootatthebasket3times,837,5,0,5,True,False,True,0.22760028587458989,0.2825793457506802
full_coverage_complete,ballshootatthebasket3times,839,0,0,5,True,False,True,0.864419809394151,0.864419809394151
full_coverage_complete,ballshootatthebasket3times,840,5,0,5,True,False,True,0.5747721368548453,0.7485892421698814
full_coverage_complete,ballshootatthebasket3times,841,0,0,5,True,False,True,0.6683052339693812,0.6683052339693812
full_coverage_complete,ballshootatthebasket3times,842,5,0,5,True,False,True,0.4641477550641326,0.7069883699931584
full_coverage_complete,ballshootatthebasket3times,843,0,0,5,True,False,True,0.5611513537693096,0.5611513537693096
full_coverage_complete,ballshootatthebasket3times,844,0,0,5,True,False,True,0.1549026065466975,0.1549026065466975
full_coverage_complete,ballshootatthebasket3times,845,5,1,5,True,False,True,0.20980972220054542,0.7344637886726009
full_coverage_complete,ballshootatthebasket3times,846,0,0,5,True,False,True,0.6426729986726565,0.6426729986726565
full_coverage_complete,ballshootatthebasket3times,847,0,0,5,True,False,True,0.4878491594344247,0.4878491594344247
full_coverage_complete,ballshootatthebasket3times,848,0,0,4,True,False,True,0.2084913203589051,0.2084913203589051
full_coverage_complete,ballshootatthebasket3times,849,0,0,1,True,False,True,0.6930163350183739,0.6930163350183739
full_coverage_complete,ballshootatthebasket3times,865,0,0,5,True,False,True,0.5077527118169377,0.5077527118169377
full_coverage_complete,ballshootatthebasket3times,866,0,0,5,True,False,True,0.5401907984040065,0.5401907984040065
full_coverage_complete,ballshootatthebasket3times,867,0,0,5,True,False,True,0.46738214245118914,0.46738214245118914
full_coverage_complete,ballshootatthebasket3times,868,0,0,5,True,False,True,0.4336624814548511,0.4336624814548511
full_coverage_complete,ballshootatthebasket3times,869,0,0,5,True,False,True,0.5332249692836716,0.5332249692836716
full_coverage_complete,ballshootatthebasket3times,870,0,0,5,True,False,True,0.5296392921776372,0.5296392921776372
full_coverage_complete,ballshootatthebasket3times,871,0,0,5,True,False,True,0.5772411551611506,0.5772411551611506
full_coverage_complete,ballshootatthebasket3times,873,0,0,5,True,False,True,0.5388778273237198,0.5388778273237198
full_coverage_complete,ballshootatthebasket3times,874,0,0,5,True,False,True,0.3062911422220607,0.3062911422220607
full_coverage_complete,ballshootatthebasket3times,875,0,0,5,True,False,True,0.3126860114789581,0.3126860114789581
full_coverage_complete,ballshootatthebasket3times,876,0,0,5,True,False,True,0.7850333552340535,0.7850333552340535
full_coverage_complete,ballshootatthebasket3times,877,0,0,5,True,False,True,0.6942725955077815,0.6942725955077815
full_coverage_complete,ballshootatthebasket3times,878,0,0,1,True,False,True,0.4128683516065493,0.4128683516065493
full_coverage_complete,ballshootatthebasket3times,879,0,0,5,True,False,True,0.9242991948093875,0.9242991948093875
full_coverage_complete,ballshootatthebasket3times,881,0,0,1,True,False,True,0.6972943076473429,0.6972943076473429
full_coverage_complete,ballshootatthebasket3times,889,0,0,1,True,False,True,0.634857222381164,0.634857222381164
full_coverage_complete,ballshootatthebasket3times,890,0,0,5,True,False,True,0.7657929711631705,0.7657929711631705
full_coverage_complete,ballshootatthebasket3times,891,0,0,5,True,False,True,0.6675358001262629,0.6675358001262629
full_coverage_complete,ballshootatthebasket3times,892,0,0,5,True,False,True,0.5731384247666513,0.5731384247666513
full_coverage_complete,ballshootatthebasket3times,893,0,0,5,True,False,True,0.2963894167838319,0.2963894167838319
full_coverage_complete,ballshootatthebasket3times,894,0,0,5,True,False,True,0.36594523397824386,0.36594523397824386
full_coverage_complete,ballshootatthebasket3times,895,0,0,5,True,False,True,0.35369091662485763,0.35369091662485763
full_coverage_complete,ballshootatthebasket3times,896,0,0,5,True,False,True,0.4439605572796088,0.4439605572796088
full_coverage_complete,ballshootatthebasket3times,897,0,0,5,True,False,True,0.20758850647986576,0.20758850647986576
full_coverage_complete,ballshootatthebasket3times,898,0,0,5,True,False,True,0.32958545072701867,0.32958545072701867
full_coverage_complete,ballshootatthebasket3times,899,0,0,5,True,False,True,0.192621109322019,0.192621109322019
full_coverage_complete,ballshootatthebasket3times,900,0,0,5,True,False,True,0.05688273407030937,0.05688273407030937
full_coverage_complete,ballshootatthebasket3times,901,0,0,4,True,False,True,0.249629111083616,0.249629111083616
full_coverage_complete,ballshootatthebasket3times,902,5,2,5,True,False,True,0.1691013186238816,0.27221343635368844
full_coverage_complete,ballshootatthebasket3times,903,5,4,5,True,False,True,0.24785087449251716,0.4167595335407865
full_coverage_complete,ballshootatthebasket3times,904,0,0,5,True,False,True,0.329420620131288,0.329420620131288
full_coverage_complete,ballshootatthebasket3times,905,0,0,5,True,False,True,0.3708211443172617,0.3708211443172617
full_coverage_complete,ballshootatthebasket3times,906,0,0,5,True,False,True,0.3058245335327908,0.3058245335327908
full_coverage_complete,ballshootatthebasket3times,907,6,1,6,True,False,True,0.20463632490389572,0.3261571737726875
full_coverage_complete,ballshootatthebasket3times,909,0,0,4,True,False,True,0.0,0.0
full_coverage_complete,ballshootatthebasket3times,910,0,0,1,True,False,True,0.10363299095775566,0.10363299095775566
full_coverage_complete,ballshootatthebasket3times,911,0,0,4,True,False,True,0.16691988941289365,0.16691988941289365
full_coverage_complete,ballshootatthebasket3times,912,0,0,5,True,False,True,0.0,0.0
full_coverage_complete,ballshootatthebasket3times,913,0,0,5,True,False,True,0.0,0.0
full_coverage_complete,ballshootatthebasket3times,914,5,3,5,True,False,True,0.0,0.6278841542943158
full_coverage_complete,ballshootatthebasket3times,915,0,0,5,True,False,True,0.8591001615314716,0.8591001615314716
full_coverage_complete,ballshootatthebasket3times,916,5,0,5,True,False,True,0.5324552780443386,0.5036824557746757
full_coverage_complete,ballshootatthebasket3times,919,0,0,5,True,False,True,0.7730261907926439,0.7730261907926439
full_coverage_complete,ballshootatthebasket3times,921,5,0,5,True,False,True,0.5659640088286756,0.5989465750043089
full_coverage_complete,ballshootatthebasket3times,922,0,0,5,True,False,True,0.5748225651684269,0.5748225651684269
full_coverage_complete,ballshootatthebasket3times,923,0,0,1,True,False,True,0.1576319351315277,0.1576319351315277
full_coverage_complete,ballshootatthebasket3times,924,0,0,4,True,False,True,0.4360443107435445,0.4360443107435445
full_coverage_complete,ballshootatthebasket3times,925,0,0,5,True,False,True,0.0,0.7153591956145019
full_coverage_complete,ballshootatthebasket3times,930,0,0,1,True,False,True,0.675815655894461,0.675815655894461
full_coverage_complete,ballshootatthebasket3times,931,0,0,4,True,False,True,0.0,0.0
full_coverage_complete,ballshootatthebasket3times,932,4,0,4,True,False,True,0.15486441939818682,0.07224271701105664
full_coverage_complete,ballshootatthebasket3times,933,5,2,5,True,False,True,0.6033748963891222,0.5041941895027426
full_coverage_complete,ballshootatthebasket3times,934,5,0,5,True,False,True,0.5907774960620221,0.5658378584548077
full_coverage_complete,ballshootatthebasket3times,935,5,0,5,True,False,True,0.17158575778013924,0.11629220955147482
full_coverage_complete,ballshootatthebasket3times,936,0,0,5,True,False,True,0.15008285265503662,0.15008285265503662
full_coverage_complete,ballshootatthebasket3times,937,5,0,5,True,False,True,0.08491837300208833,0.7214771959839092
full_coverage_complete,ballshootatthebasket3times,938,0,0,5,True,False,True,0.7022250646940958,0.7022250646940958
full_coverage_complete,ballshootatthebasket3times,939,5,0,5,True,False,True,0.4476062999344778,0.4909187452630884
full_coverage_complete,ballshootatthebasket3times,940,0,0,5,True,False,True,0.8101148890541,0.8101148890541
full_coverage_complete,ballshootatthebasket3times,941,5,0,5,True,False,True,0.6338042906005482,0.45750172032886094
full_coverage_complete,ballshootatthebasket3times,942,5,3,5,True,False,True,0.3805506487443716,0.0
full_coverage_complete,ballshootatthebasket3times,943,0,0,6,True,False,True,0.0,0.0
full_coverage_complete,ballshootatthebasket3times,944,0,0,4,True,False,True,0.0009135826269251942,0.0009135826269251942
full_coverage_complete,ballshootatthebasket3times,945,0,0,4,True,False,True,0.011862113648175373,0.011862113648175373
full_coverage_complete,ballshootatthebasket3times,946,0,0,4,True,False,True,0.11920685590069688,0.11920685590069688
full_coverage_complete,ballshootatthebasket3times,947,0,0,5,True,False,True,0.23098187426419362,0.23098187426419362
full_coverage_complete,ballshootatthebasket3times,948,0,0,5,True,False,True,0.25956126349294883,0.25956126349294883
full_coverage_complete,ballshootatthebasket3times,949,0,0,5,True,False,True,0.19986436583049322,0.19986436583049322
full_coverage_complete,ballshootatthebasket3times,950,0,0,5,True,False,True,0.2548317116700342,0.2548317116700342
full_coverage_complete,ballshootatthebasket3times,951,0,0,4,True,False,True,0.15871296013046482,0.15871296013046482
full_coverage_complete,ballshootatthebasket3times,952,0,0,4,True,False,True,0.25163596299791946,0.25163596299791946
full_coverage_complete,ballshootatthebasket3times,953,5,0,5,True,False,True,0.4231796764603101,0.4842423266022382
full_coverage_complete,ballshootatthebasket3times,954,5,4,5,True,False,True,0.1451003671333753,0.1604404664079537
full_coverage_complete,ballshootatthebasket3times,955,0,0,5,True,False,True,0.0,0.0
full_coverage_complete,ballshootatthebasket3times,956,0,0,5,True,False,True,0.0,0.0
full_coverage_complete,ballshootatthebasket3times,957,0,0,5,True,False,True,0.0,0.0
full_coverage_complete,ballshootatthebasket3times,958,5,2,5,True,False,True,0.0,0.5552032070836158
full_coverage_complete,ballshootatthebasket3times,959,0,0,4,True,False,True,0.5773473166178419,0.5773473166178419
full_coverage_complete,ballshootatthebasket3times,963,0,0,1,True,False,True,0.6765588554447458,0.6765588554447458
full_coverage_complete,ballshootatthebasket3times,969,5,0,5,True,False,True,0.8248551124155427,0.7566017882380697
full_coverage_complete,ballshootatthebasket3times,970,5,0,5,True,False,True,0.7139292346535879,0.6298183039237457
full_coverage_complete,ballshootatthebasket3times,971,0,0,5,True,False,True,0.5281573476630232,0.5281573476630232
full_coverage_complete,ballshootatthebasket3times,972,5,0,5,True,False,True,0.602874816137958,0.5527433700115616
full_coverage_complete,ballshootatthebasket3times,973,0,0,5,True,False,True,0.5794643154947282,0.5794643154947282
full_coverage_complete,ballshootatthebasket3times,974,0,0,5,True,False,True,0.4877983333829106,0.4877983333829106
full_coverage_complete,ballshootatthebasket3times,976,0,0,1,True,False,True,0.21409200399984002,0.21409200399984002
full_coverage_complete,ballshootatthebasket3times,979,0,0,5,True,False,True,0.6774049633391768,0.6774049633391768
full_coverage_complete,ballshootatthebasket3times,996,0,0,5,True,False,True,0.3438499809975089,0.3438499809975089
full_coverage_complete,ballshootatthebasket3times,997,0,0,5,True,False,True,0.657463423760955,0.657463423760955
full_coverage_complete,ballshootatthebasket3times,999,5,0,5,True,False,True,0.49179701609632653,0.5356497323382038
full_coverage_complete,ballshootatthebasket3times,1002,0,0,4,True,False,True,0.6354598131946673,0.6354598131946673
full_coverage_complete,ballshootatthebasket3times,1027,0,0,5,True,False,True,0.4629783180888096,0.4629783180888096
full_coverage_complete,ballshootatthebasket3times,1028,0,0,5,True,False,True,0.00790074062521593,0.00790074062521593
full_coverage_complete,ballshootatthebasket3times,1031,0,0,5,True,False,True,0.7562462112520338,0.7562462112520338
full_coverage_complete,ballshootatthebasket3times,1033,0,0,4,True,False,True,0.678029698918472,0.678029698918472
full_coverage_complete,ballshootatthebasket3times,1034,0,0,1,True,False,True,0.5098625836598496,0.5098625836598496
full_coverage_complete,ballshootatthebasket3times,1046,5,0,5,True,False,True,0.4561686742728875,0.5163587487435211
full_coverage_complete,ballshootatthebasket3times,1047,5,1,5,True,False,True,0.19294144370747993,0.45861629804307663
full_coverage_complete,ballshootatthebasket3times,1048,0,0,5,True,False,True,0.7923806439632916,0.7923806439632916
full_coverage_complete,ballshootatthebasket3times,1049,0,0,5,True,False,True,0.7350112761851144,0.7350112761851144
full_coverage_complete,ballshootatthebasket3times,1052,0,0,4,True,False,True,0.43235483502569727,0.43235483502569727
full_coverage_complete,ballshootatthebasket3times,1053,0,0,4,True,False,True,0.23570286968083143,0.23570286968083143
full_coverage_complete,ballshootatthebasket3times,1054,0,0,1,True,False,True,0.22025104286342925,0.22025104286342925
full_coverage_complete,ballshootatthebasket3times,1069,0,0,5,True,False,True,0.17436010085494447,0.17436010085494447
full_coverage_complete,ballshootatthebasket3times,1070,0,0,5,True,False,True,0.6526489369689218,0.6526489369689218
full_coverage_complete,ballshootatthebasket3times,1071,0,0,5,True,False,True,0.7168420845858848,0.7168420845858848
full_coverage_complete,ballshootatthebasket3times,1073,0,0,5,True,False,True,0.767344665291427,0.767344665291427
full_coverage_complete,ballshootatthebasket3times,1074,0,0,1,True,False,True,0.766335905772298,0.766335905772298
full_coverage_complete,ballshootatthebasket3times,1075,0,0,1,True,False,True,0.5403086922977873,0.5403086922977873
full_coverage_complete,ballshootatthebasket3times,1076,0,0,4,True,False,True,0.8412289107863984,0.8412289107863984
full_coverage_complete,ballshootatthebasket3times,1077,0,0,4,True,False,True,0.7517308965188332,0.7517308965188332
full_coverage_complete,ballshootatthebasket3times,1101,0,0,1,True,False,True,0.7595137193328211,0.7595137193328211
full_coverage_complete,ballshootatthebasket3times,1111,0,0,1,True,False,True,0.43554817507081167,0.43554817507081167
full_coverage_complete,ballshootatthebasket3times,1112,1,0,1,True,False,True,0.3105980288580996,0.2932183913223608
full_coverage_complete,ballshootatthebasket3times,1114,1,0,1,True,False,True,0.27126707798111666,0.26157071779130847
full_coverage_complete,ballshootatthebasket3times,1115,0,0,1,True,False,True,0.0022546634494715243,0.0022546634494715243
full_coverage_complete,ballshootatthebasket3times,1116,6,1,6,True,False,True,0.5956379984837293,0.269404050627573
full_coverage_complete,ballshootatthebasket3times,1117,1,1,1,True,False,True,0.3306616203303676,0.16688552098395776
full_coverage_complete,ballshootatthebasket3times,1118,6,1,6,True,False,True,0.5133576249391797,0.38045057115993275
full_coverage_complete,ballshootatthebasket3times,1119,0,0,1,True,False,True,0.5013843334665401,0.5013843334665401
full_coverage_complete,ballshootatthebasket3times,1121,0,0,6,True,False,True,0.7086017978161632,0.7086017978161632
full_coverage_complete,ballshootatthebasket3times,1140,0,0,4,True,False,True,0.7528002081008814,0.7528002081008814
full_coverage_complete,ballshootatthebasket3times,1141,0,0,4,True,False,True,0.43687031774069046,0.43687031774069046
full_coverage_complete,ballshootatthebasket3times,1142,0,0,4,True,False,True,0.31349100999723745,0.31349100999723745
full_coverage_complete,ballshootatthebasket3times,1143,0,0,5,True,False,True,0.40545678421119863,0.40545678421119863
full_coverage_complete,ballshootatthebasket3times,1145,0,0,5,True,False,True,0.5753869514811856,0.5753869514811856
full_coverage_complete,ballshootatthebasket3times,1146,0,0,5,True,False,True,0.4888356542354952,0.4888356542354952
full_coverage_complete,ballshootatthebasket3times,1147,0,0,5,True,False,True,0.6091281911730937,0.6091281911730937
full_coverage_complete,ballshootatthebasket3times,1148,0,0,5,True,False,True,0.6411219211242204,0.6411219211242204
full_coverage_complete,ballshootatthebasket3times,1149,5,0,5,True,False,True,0.4184248658381043,0.4730888664104343
full_coverage_complete,ballshootatthebasket3times,1150,5,0,5,True,False,True,0.6379918850705533,0.6853060053140961
full_coverage_complete,ballshootatthebasket3times,1151,5,0,5,True,False,True,0.5986503085853856,0.6817325340926088
full_coverage_complete,ballshootatthebasket3times,1162,0,0,1,True,False,True,0.5137188999653162,0.5137188999653162
full_coverage_complete,ballshootatthebasket3times,1164,0,0,5,True,False,True,0.3993904242539806,0.3993904242539806
full_coverage_complete,ballshootatthebasket3times,1165,5,1,5,True,False,True,0.11220351012923183,0.4939752034171357
full_coverage_complete,ballshootatthebasket3times,1166,5,1,5,True,False,True,0.24216234791151822,0.6948237334230349
full_coverage_complete,ballshootatthebasket3times,1167,5,3,5,True,False,True,0.5395252289164416,0.7343555575410008
full_coverage_complete,ballshootatthebasket3times,1168,5,0,5,True,False,True,0.13338363932229635,0.8753472158233989
full_coverage_complete,ballshootatthebasket3times,1169,0,0,5,True,False,True,0.33812365880544626,0.33812365880544626
full_coverage_complete,ballshootatthebasket3times,1170,0,0,5,True,False,True,0.6696681706978852,0.6696681706978852
full_coverage_complete,ballshootatthebasket3times,1171,0,0,5,True,False,True,0.6338043189483653,0.6338043189483653
full_coverage_complete,ballshootatthebasket3times,1172,0,0,4,True,False,True,0.4772652011246403,0.4772652011246403
full_coverage_complete,ballshootatthebasket3times,1173,0,0,5,True,False,True,0.7882891454432754,0.7882891454432754
full_coverage_complete,ballshootatthebasket3times,1174,0,0,1,True,False,True,0.5125054034422056,0.5125054034422056
full_coverage_complete,ballshootatthebasket3times,1175,0,0,4,True,False,True,0.572911624499376,0.572911624499376
full_coverage_complete,ballshootatthebasket3times,1176,0,0,4,True,False,True,0.5017971539808733,0.5017971539808733
full_coverage_complete,ballshootatthebasket3times,1192,0,0,4,True,False,True,0.6048819675199703,0.6048819675199703
full_coverage_complete,ballshootatthebasket3times,1194,0,0,4,True,False,True,0.797014296066679,0.797014296066679
full_coverage_complete,ballshootatthebasket3times,1195,0,0,5,True,False,True,0.582595237490453,0.582595237490453
full_coverage_complete,ballshootatthebasket3times,1196,0,0,5,True,False,True,0.4177820931446062,0.4177820931446062
full_coverage_complete,ballshootatthebasket3times,1197,0,0,5,True,False,True,0.5654945790823473,0.5654945790823473
full_coverage_complete,ballshootatthebasket3times,1198,5,0,5,True,False,True,0.7015700794758128,0.6884668803255845
full_coverage_complete,ballshootatthebasket3times,1199,0,0,5,True,False,True,0.6370435327459539,0.6370435327459539
full_coverage_complete,ballshootatthebasket3times,1200,0,0,5,True,False,True,0.7525718729231708,0.7525718729231708
full_coverage_complete,ballshootatthebasket3times,1201,0,0,5,True,False,True,0.7155912300818222,0.7155912300818222
full_coverage_complete,ballshootatthebasket3times,1203,0,0,1,True,False,True,0.5712481237765744,0.5712481237765744
full_coverage_complete,ballshootatthebasket3times,1204,0,0,4,True,False,True,0.5100961910533138,0.5100961910533138
full_coverage_complete,ballshootatthebasket3times,1205,0,0,1,True,False,True,0.6072054758242053,0.6072054758242053
full_coverage_complete,ballshootatthebasket3times,1217,0,0,5,True,False,True,0.6148332127313137,0.6148332127313137
full_coverage_complete,ballshootatthebasket3times,1219,0,0,4,True,False,True,0.49563635761565966,0.49563635761565966
full_coverage_complete,ballshootatthebasket3times,1220,0,0,5,True,False,True,0.7736042926619258,0.7736042926619258
full_coverage_complete,ballshootatthebasket3times,1221,0,0,5,True,False,True,0.4551525870800702,0.4551525870800702
full_coverage_complete,ballshootatthebasket3times,1222,0,0,5,True,False,True,0.5995744062119777,0.5995744062119777
full_coverage_complete,ballshootatthebasket3times,1223,4,0,4,True,False,True,0.36206737994964455,0.0
full_coverage_complete,ballshootatthebasket3times,1224,0,0,5,True,False,True,0.0,0.0
full_coverage_complete,ballshootatthebasket3times,1225,0,0,5,True,False,True,0.0,0.0
full_coverage_complete,ballshootatthebasket3times,1226,0,0,4,True,False,True,0.0,0.0
full_coverage_complete,ballshootatthebasket3times,1227,0,0,4,True,False,True,0.0,0.0
full_coverage_complete,ballshootatthebasket3times,1228,4,2,4,True,False,True,0.0,0.0
full_coverage_complete,ballshootatthebasket3times,1231,4,2,4,True,False,True,0.0,0.0
full_coverage_complete,ballshootatthebasket3times,1232,0,0,4,True,False,True,0.0,0.0
full_coverage_complete,ballshootatthebasket3times,1233,0,1,0,False,False,True,0.0,0.38909943572443734
full_coverage_complete,ballshootatthebasket3times,1236,0,0,4,True,False,True,0.34072974903272396,0.34072974903272396
full_coverage_complete,ballshootatthebasket3times,1237,0,0,4,True,False,True,0.3730449107998778,0.3730449107998778
full_coverage_complete,ballshootatthebasket3times,1238,0,0,5,True,False,True,0.25720685089900597,0.25720685089900597
full_coverage_complete,ballshootatthebasket3times,1239,0,0,5,True,False,True,0.15106467639198123,0.15106467639198123
full_coverage_complete,ballshootatthebasket3times,1240,0,0,5,True,False,True,0.29783425226345733,0.29783425226345733
full_coverage_complete,ballshootatthebasket3times,1241,0,0,5,True,False,True,0.4056858057399048,0.4056858057399048
full_coverage_complete,ballshootatthebasket3times,1242,5,0,5,True,False,True,0.453883703557875,0.4342802326666424
full_coverage_complete,ballshootatthebasket3times,1243,0,0,4,True,False,True,0.6561903423550738,0.6561903423550738
full_coverage_complete,ballshootatthebasket3times,1244,0,0,4,True,False,True,0.5372781752790431,0.5372781752790431
full_coverage_complete,ballshootatthebasket3times,1245,0,0,4,True,False,True,0.4490344311969639,0.4490344311969639
full_coverage_complete,ballshootatthebasket3times,1246,0,0,4,True,False,True,0.763920384642632,0.763920384642632
full_coverage_complete,ballshootatthebasket3times,1247,0,0,4,True,False,True,0.6463614594982818,0.6463614594982818
full_coverage_complete,ballshootatthebasket3times,1251,5,0,5,True,False,True,0.6491185374325182,0.5986050008931108
full_coverage_complete,ballshootatthebasket3times,1252,0,0,4,True,False,True,0.2031364775645184,0.2031364775645184
full_coverage_complete,ballshootatthebasket3times,1253,0,1,0,False,False,True,0.10448246161992443,0.6478408123478561
full_coverage_complete,ballshootatthebasket3times,1254,0,0,5,True,False,True,0.5612095033177841,0.5612095033177841
full_coverage_complete,ballshootatthebasket3times,1255,5,0,5,True,False,True,0.27827141259256705,0.3405767808918563
full_coverage_complete,ballshootatthebasket3times,1256,0,0,4,True,False,True,0.07219169533500112,0.07219169533500112
full_coverage_complete,ballshootatthebasket3times,1257,0,0,5,True,False,True,0.24084480517166204,0.24084480517166204
full_coverage_complete,ballshootatthebasket3times,1258,5,0,5,True,False,True,0.25332192556111477,0.252543596171559
full_coverage_complete,ballshootatthebasket3times,1259,5,0,5,True,False,True,0.12025560729258819,0.2475921919125856
full_coverage_complete,ballshootatthebasket3times,1260,0,0,5,True,False,True,0.27390572748620473,0.27390572748620473
full_coverage_complete,ballshootatthebasket3times,1261,0,0,5,True,False,True,0.22152280058621474,0.22152280058621474
full_coverage_complete,ballshootatthebasket3times,1262,0,0,5,True,False,True,0.18752011815407718,0.18752011815407718
full_coverage_complete,ballshootatthebasket3times,1263,0,0,5,True,False,True,0.0,0.0
full_coverage_complete,ballshootatthebasket3times,1264,0,1,5,True,False,True,0.0,0.14220568454958765
full_coverage_complete,ballshootatthebasket3times,1266,0,0,5,True,False,True,0.1471736644815745,0.1471736644815745
full_coverage_complete,ballshootatthebasket3times,1267,5,1,5,True,False,True,0.3734827241819155,0.2522237710016646
full_coverage_complete,ballshootatthebasket3times,1268,0,0,1,True,False,True,0.7871004373925035,0.7871004373925035
full_coverage_complete,ballshootatthebasket3times,1269,0,0,4,True,False,True,0.8673701193270579,0.8673701193270579
full_coverage_complete,ballshootatthebasket3times,1270,0,0,5,True,False,True,0.5563275985029295,0.5563275985029295
full_coverage_complete,ballshootatthebasket3times,1272,1,0,1,True,False,True,0.4295156002334962,0.40764207729914015
full_coverage_complete,ballshootatthebasket3times,1273,5,1,5,True,False,True,0.6991944373450453,0.5075485472777945
full_coverage_complete,ballshootatthebasket3times,1274,0,0,1,True,False,True,0.6829671877119496,0.6829671877119496
full_coverage_complete,ballshootatthebasket3times,1275,0,0,5,True,False,True,0.742190690927291,0.742190690927291
full_coverage_complete,ballshootatthebasket3times,1283,0,0,5,True,False,True,0.7463511652206574,0.7463511652206574
full_coverage_complete,ballshootatthebasket3times,1284,0,0,5,True,False,True,0.428725306750406,0.428725306750406
full_coverage_complete,ballshootatthebasket3times,1285,5,0,5,True,False,True,0.7251459365263613,0.9191758031531533
full_coverage_complete,ballshootatthebasket3times,1286,5,1,5,True,False,True,0.5707072212586592,0.572783657196471
full_coverage_complete,ballshootatthebasket3times,1287,0,0,5,True,False,True,0.004159987170987073,0.004159987170987073
full_coverage_complete,ballshootatthebasket3times,1289,0,0,5,True,False,True,0.0,0.0
full_coverage_complete,ballshootatthebasket3times,1291,0,0,5,True,False,True,0.4333327221012326,0.4333327221012326
full_coverage_complete,ballshootatthebasket3times,1294,0,0,4,True,False,True,0.5505810879230613,0.5505810879230613
full_coverage_complete,ballshootatthebasket3times,1295,4,3,4,True,False,True,0.7654247029495226,0.5426906937834631
full_coverage_complete,ballshootatthebasket3times,1296,1,1,1,True,False,True,0.5626469933425038,0.5938014244492995
full_coverage_complete,ballshootatthebasket3times,1297,0,0,4,True,False,True,0.709668518104122,0.709668518104122
full_coverage_complete,ballshootatthebasket3times,1298,0,0,4,True,False,True,0.6199596194344826,0.6199596194344826
full_coverage_complete,ballshootatthebasket3times,1299,5,0,5,True,False,True,0.38204648911434,0.4825957440957512
full_coverage_complete,ballshootatthebasket3times,1300,5,0,5,True,False,True,0.45957194714411376,0.4954493674987887
full_coverage_complete,ballshootatthebasket3times,1305,0,0,5,True,False,True,0.547971308671029,0.547971308671029
full_coverage_complete,ballshootatthebasket3times,1307,0,0,5,True,False,True,0.4645105514512085,0.4645105514512085
full_coverage_complete,ballshootatthebasket3times,1308,5,0,5,True,False,True,0.3907726005334452,0.47783943588337024
full_coverage_complete,ballshootatthebasket3times,1309,0,0,5,True,False,True,0.403366879771292,0.403366879771292
full_coverage_complete,ballshootatthebasket3times,1310,5,0,5,True,False,True,0.5475503174391967,0.5718519747954579
full_coverage_complete,ballshootatthebasket3times,1311,5,1,5,True,False,True,0.5460912619555055,0.402268377773276
full_coverage_complete,ballshootatthebasket3times,1312,5,1,5,True,False,True,0.6804773723776434,0.6095967644817419
full_coverage_complete,ballshootatthebasket3times,1313,0,0,5,True,False,True,0.7088753270680166,0.7088753270680166
full_coverage_complete,ballshootatthebasket3times,1314,5,0,5,True,False,True,0.7652146476370076,0.7617367114547602
full_coverage_complete,ballshootatthebasket3times,1315,5,0,5,True,False,True,0.8755695047337334,0.7813385284453629
full_coverage_complete,ballshootatthebasket3times,1317,0,0,4,True,False,True,0.7021128791301796,0.7021128791301796
full_coverage_complete,ballshootatthebasket3times,1330,0,0,4,True,False,True,0.6757615637118327,0.6757615637118327
full_coverage_complete,ballshootatthebasket3times,1339,0,0,5,True,False,True,0.43868748696976356,0.43868748696976356
full_coverage_complete,ballshootatthebasket3times,1340,0,0,5,True,False,True,0.06383283350511083,0.06383283350511083
full_coverage_complete,ballshootatthebasket3times,1341,0,0,5,True,False,True,0.15881324595246551,0.15881324595246551
full_coverage_complete,ballshootatthebasket3times,1342,0,0,5,True,False,True,0.6809658472457311,0.6809658472457311
full_coverage_complete,ballshootatthebasket3times,1343,0,0,5,True,False,True,0.7988728918632375,0.7988728918632375
full_coverage_complete,ballshootatthebasket3times,1344,0,0,1,True,False,True,0.5247829182385247,0.5247829182385247
full_coverage_complete,ballshootatthebasket3times,1345,0,0,4,True,False,True,0.640919396347299,0.640919396347299
full_coverage_complete,ballshootatthebasket3times,1346,0,0,1,True,False,True,0.44843972507664287,0.44843972507664287
full_coverage_complete,ballshootatthebasket3times,1347,0,0,1,True,False,True,0.5333032626482457,0.5333032626482457
full_coverage_complete,ballshootatthebasket3times,1358,0,0,5,True,False,True,0.4928571422988875,0.4928571422988875
full_coverage_complete,ballshootatthebasket3times,1359,0,0,5,True,False,True,0.4649197682538047,0.4649197682538047
full_coverage_complete,ballshootatthebasket3times,1360,5,1,5,True,False,True,0.15032299653839395,0.3107891064238905
full_coverage_complete,ballshootatthebasket3times,1361,0,0,4,True,False,True,0.0,0.0
full_coverage_complete,ballshootatthebasket3times,1362,0,0,5,True,False,True,0.0,0.0
full_coverage_complete,ballshootatthebasket3times,1363,0,0,1,True,False,True,0.5743507412471371,0.5743507412471371
full_coverage_complete,ballshootatthebasket3times,1365,0,1,4,True,False,True,0.6166717920656947,0.1816950967261026
full_coverage_complete,ballshootatthebasket3times,1366,0,0,1,True,False,True,0.4792060794898602,0.4792060794898602
full_coverage_complete,ballshootatthebasket3times,1367,0,0,4,True,False,True,0.4600173786830745,0.4600173786830745
full_coverage_complete,ballshootatthebasket3times,1368,0,0,4,True,False,True,0.7124885185734577,0.7124885185734577
full_coverage_complete,ballshootatthebasket3times,1369,0,0,4,True,False,True,0.5987021488947947,0.5987021488947947
full_coverage_complete,ballshootatthebasket3times,1373,0,0,4,True,False,True,0.7253337551059196,0.7253337551059196
full_coverage_complete,ballshootatthebasket3times,1374,0,0,4,True,False,True,0.7124036399979812,0.7124036399979812
full_coverage_complete,ballshootatthebasket3times,1379,0,0,4,True,False,True,0.7186722365628654,0.7186722365628654
full_coverage_complete,ballshootatthebasket3times,1385,0,0,5,True,False,True,0.8209616898627385,0.8209616898627385
full_coverage_complete,ballshootatthebasket3times,1386,0,0,5,True,False,True,0.7450112433268339,0.7450112433268339
full_coverage_complete,ballshootatthebasket3times,1387,0,0,5,True,False,True,0.8611750528886333,0.8611750528886333
full_coverage_complete,ballshootatthebasket3times,1388,0,0,5,True,False,True,0.8026340088661371,0.8026340088661371
full_coverage_complete,ballshootatthebasket3times,1389,0,0,4,True,False,True,0.7999459271906636,0.7999459271906636
full_coverage_complete,ballshootatthebasket3times,1390,0,0,5,True,False,True,0.7162843175453233,0.7162843175453233
full_coverage_complete,ballshootatthebasket3times,1391,0,0,4,True,False,True,0.8705200740159676,0.8705200740159676
full_coverage_complete,ballshootatthebasket3times,1424,0,0,1,True,False,True,0.6365578111392932,0.6365578111392932
full_coverage_complete,ballshootatthebasket3times,1445,0,0,4,True,False,True,0.8994485690683484,0.8994485690683484
full_coverage_complete,ballshootatthebasket3times,1446,0,0,4,True,False,True,0.7935677388962782,0.7935677388962782
full_coverage_complete,ballshootatthebasket3times,1451,0,0,4,True,False,True,0.7143145135263294,0.7143145135263294
full_coverage_complete,ballshootatthebasket3times,1452,0,0,4,True,False,True,0.218004775559396,0.218004775559396
full_coverage_complete,ballshootatthebasket3times,1453,0,0,5,True,False,True,0.2982118953043481,0.2982118953043481
full_coverage_complete,ballshootatthebasket3times,1456,5,1,5,True,False,True,0.0,0.6058111454883486
full_coverage_complete,ballshootatthebasket3times,1457,0,0,6,True,False,True,0.7061629969710297,0.7061629969710297
full_coverage_complete,ballshootatthebasket3times,1478,6,0,6,True,False,True,0.382732658121998,0.38027850568600025
full_coverage_complete,ballshootatthebasket3times,1479,0,0,6,True,False,True,0.1862402050185234,0.1862402050185234
full_coverage_complete,ballshootatthebasket3times,1483,0,0,4,True,False,True,0.6050488982085401,0.6050488982085401
full_coverage_complete,ballshootatthebasket3times,1484,1,0,1,True,False,True,0.5183207297702215,0.2637620213627474
full_coverage_complete,ballshootatthebasket3times,1497,5,0,5,True,False,True,0.7934819537666595,0.8681204987182606
full_coverage_complete,ballshootatthebasket3times,1499,0,0,1,True,False,True,0.5659365252405671,0.5659365252405671
full_coverage_complete,basketball849,11,0,0,5,True,False,True,0.5183865108442925,0.5183865108442925
full_coverage_complete,basketball849,12,0,0,5,True,False,True,0.0,0.0
full_coverage_complete,basketball849,13,0,0,5,True,False,True,0.0,0.0
full_coverage_complete,basketball849,14,0,0,5,True,False,True,0.0105551281364808,0.0105551281364808
full_coverage_complete,basketball849,15,0,0,5,True,False,True,0.0,0.0
full_coverage_complete,basketball849,16,0,0,5,True,False,True,0.0,0.0
full_coverage_complete,basketball849,17,0,0,5,True,False,True,0.0,0.0
full_coverage_complete,basketball849,18,5,2,5,True,False,True,0.0,0.26985413517157397
full_coverage_complete,basketball849,19,0,0,5,True,False,True,0.4565869943399667,0.4565869943399667
full_coverage_complete,basketball849,20,0,0,5,True,False,True,0.15626948458923365,0.15626948458923365
full_coverage_complete,basketball849,21,0,0,4,True,False,True,0.07909638567274405,0.07909638567274405
full_coverage_complete,basketball849,22,0,0,4,True,False,True,0.19789738305463048,0.19789738305463048
full_coverage_complete,basketball849,23,1,0,1,True,False,True,0.09419748970276715,0.0
full_coverage_complete,basketball849,24,0,0,4,True,False,True,0.0,0.0
full_coverage_complete,basketball849,25,0,0,4,True,False,True,0.0,0.0
full_coverage_complete,basketball849,26,0,0,4,True,False,True,0.0,0.0
full_coverage_complete,basketball849,27,0,0,4,True,False,True,0.0,0.0
full_coverage_complete,basketball849,28,5,0,5,True,False,True,0.0,0.0
full_coverage_complete,basketball849,29,0,2,5,True,False,True,0.0,0.0
full_coverage_complete,basketball849,30,0,0,1,True,False,True,0.0,0.0
full_coverage_complete,basketball849,31,4,1,4,True,False,True,0.0,0.1737124564960428
full_coverage_complete,basketball849,32,0,0,5,True,False,True,0.0755345267229877,0.0755345267229877
full_coverage_complete,basketball849,33,0,1,0,False,False,True,0.06528278655961936,0.0
full_coverage_complete,basketball849,34,4,2,4,True,False,True,0.0,0.0
full_coverage_complete,basketball849,35,5,0,5,True,False,True,0.0,0.0
full_coverage_complete,basketball849,36,0,1,4,True,False,True,0.0,0.0
full_coverage_complete,basketball849,37,0,0,1,True,False,True,0.0,0.0
full_coverage_complete,basketball849,39,0,0,4,True,False,True,0.017400489380812113,0.017400489380812113
full_coverage_complete,basketball849,40,0,0,5,True,False,True,0.041277533192779395,0.041277533192779395
full_coverage_complete,basketball849,41,0,0,5,True,False,True,0.09737485730615633,0.09737485730615633
full_coverage_complete,basketball849,42,0,0,5,True,False,True,0.10894385570232497,0.10894385570232497
full_coverage_complete,basketball849,43,0,0,5,True,False,True,0.08109902998356715,0.08109902998356715
full_coverage_complete,basketball849,44,0,0,5,True,False,True,0.034734856913625274,0.034734856913625274
full_coverage_complete,basketball849,45,0,0,5,True,False,True,0.020766386356177984,0.020766386356177984
full_coverage_complete,basketball849,46,0,0,5,True,False,True,0.0009940648552429572,0.0009940648552429572
full_coverage_complete,basketball849,47,0,0,5,True,False,True,0.0994551841201443,0.0994551841201443
full_coverage_complete,basketball849,48,0,0,1,True,False,True,0.43601980081421005,0.43601980081421005
full_coverage_complete,basketball849,54,5,2,5,True,False,True,0.02545303712268388,0.31429595453370535
full_coverage_complete,basketball849,55,5,0,5,True,False,True,0.3990311139798746,0.6653290104638967
full_coverage_complete,basketball849,56,0,0,0,False,False,True,0.0,0.6469346124786091
full_coverage_complete,basketball849,58,5,0,5,True,False,True,0.6238492395254369,0.5549908995474861
full_coverage_complete,basketball849,59,0,0,4,True,False,True,0.5156390307177657,0.5156390307177657
full_coverage_complete,basketball849,60,0,0,4,True,False,True,0.13021939502066252,0.13021939502066252
full_coverage_complete,basketball849,64,0,0,1,True,False,True,0.6113941164179887,0.6113941164179887
full_coverage_complete,basketball849,68,0,0,4,True,False,True,0.6419463489490284,0.6419463489490284
full_coverage_complete,basketball849,69,0,0,5,True,False,True,0.6799505922198257,0.6799505922198257
full_coverage_complete,basketball849,74,0,0,6,True,False,True,0.252024275730199,0.252024275730199
full_coverage_complete,basketball849,75,0,0,5,True,False,True,0.09817917069759957,0.09817917069759957
full_coverage_complete,basketball849,76,0,0,5,True,False,True,0.07519421181361817,0.07519421181361817
full_coverage_complete,basketball849,79,4,0,4,True,False,True,0.4144246923853057,0.0
full_coverage_complete,basketball849,80,5,0,5,True,False,True,0.0,0.0
full_coverage_complete,basketball849,81,0,0,5,True,False,True,0.0,0.0
full_coverage_complete,basketball849,82,0,0,4,True,False,True,0.0,0.0
full_coverage_complete,basketball849,83,0,0,1,True,False,True,0.0,0.0
full_coverage_complete,basketball849,84,5,1,5,True,False,True,0.0,0.0
full_coverage_complete,basketball849,85,5,0,5,True,False,True,0.0,0.0
full_coverage_complete,basketball849,86,5,0,5,True,False,True,0.0,0.0
full_coverage_complete,basketball849,87,0,0,5,True,False,True,0.0,0.0
full_coverage_complete,basketball849,88,0,0,5,True,False,True,0.0,0.0
full_coverage_complete,basketball849,89,0,0,5,True,False,True,0.0,0.0
full_coverage_complete,basketball849,90,0,0,4,True,False,True,0.0,0.0
full_coverage_complete,basketball849,91,0,0,5,True,False,True,0.0,0.0
full_coverage_complete,basketball849,92,0,0,4,True,False,True,0.0,0.0
full_coverage_complete,basketball849,93,0,0,5,True,False,True,0.0,0.0
full_coverage_complete,basketball849,94,0,0,5,True,False,True,0.0,0.0
full_coverage_complete,basketball849,95,5,0,5,True,False,True,0.0,0.0
full_coverage_complete,basketball849,96,0,0,5,True,False,True,0.0,0.0
full_coverage_complete,basketball849,97,0,0,4,True,False,True,0.0,0.0
full_coverage_complete,basketball849,98,0,0,4,True,False,True,0.0,0.0
full_coverage_complete,basketball849,99,0,0,4,True,False,True,0.0,0.0
full_coverage_complete,basketball849,100,0,0,4,True,False,True,0.0,0.0
full_coverage_complete,basketball849,101,0,0,4,True,False,True,0.0,0.0
full_coverage_complete,basketball849,102,0,0,4,True,False,True,0.0,0.0
full_coverage_complete,basketball849,103,0,0,5,True,False,True,0.0,0.0
full_coverage_complete,basketball849,104,0,0,5,True,False,True,0.0,0.0
full_coverage_complete,basketball849,105,0,0,5,True,False,True,0.0,0.0
full_coverage_complete,basketball849,106,0,0,4,True,False,True,0.0,0.0
full_coverage_complete,basketball849,107,0,0,5,True,False,True,0.0,0.0
full_coverage_complete,basketball849,108,0,0,4,True,False,True,0.0,0.0
full_coverage_complete,basketball849,109,0,0,4,True,False,True,0.0,0.0
full_coverage_complete,basketball849,110,0,0,4,True,False,True,0.0,0.0
full_coverage_complete,basketball849,112,0,0,4,True,False,True,0.0,0.0
full_coverage_complete,basketball849,113,0,0,4,True,False,True,0.0,0.0
full_coverage_complete,basketball849,114,0,0,4,True,False,True,0.0,0.0
full_coverage_complete,basketball849,115,0,0,4,True,False,True,0.0,0.0
full_coverage_complete,basketball849,116,4,0,4,True,False,True,0.0,0.0
full_coverage_complete,basketball849,117,0,0,5,True,False,True,0.0,0.0
full_coverage_complete,basketball849,118,0,0,5,True,False,True,0.0,0.0
full_coverage_complete,basketball849,119,0,0,5,True,False,True,0.0,0.0
full_coverage_complete,basketball849,120,5,0,5,True,False,True,0.0,0.0
full_coverage_complete,basketball849,121,4,4,4,True,False,True,0.0,0.0
full_coverage_complete,basketball849,122,1,0,1,True,False,True,0.0,0.0
full_coverage_complete,basketball849,123,0,0,4,True,False,True,0.0,0.0
full_coverage_complete,basketball849,124,0,0,4,True,False,True,0.0,0.0
full_coverage_complete,basketball849,125,0,0,4,True,False,True,0.0,0.0
full_coverage_complete,basketball849,126,0,0,4,True,False,True,0.0,0.0
full_coverage_complete,basketball849,127,0,0,1,True,False,True,0.0,0.0
full_coverage_complete,basketball849,128,0,0,4,True,False,True,0.0,0.0
full_coverage_complete,basketball849,129,0,0,4,True,False,True,0.0,0.0
full_coverage_complete,basketball849,130,5,2,5,True,False,True,0.0,0.0
full_coverage_complete,basketball849,131,5,1,5,True,False,True,0.0,0.0
full_coverage_complete,basketball849,132,0,0,4,True,False,True,0.0,0.0
full_coverage_complete,basketball849,133,0,0,5,True,False,True,0.0,0.0
full_coverage_complete,basketball849,134,0,0,4,True,False,True,0.0,0.0
full_coverage_complete,basketball849,135,0,0,4,True,False,True,0.0,0.0
full_coverage_complete,basketball849,136,0,0,4,True,False,True,0.0,0.0
full_coverage_complete,basketball849,137,0,0,4,True,False,True,0.0,0.0
full_coverage_complete,basketball849,139,4,3,4,True,False,True,0.0,0.0
full_coverage_complete,basketball849,140,0,0,4,True,False,True,0.0,0.0
full_coverage_complete,basketball849,141,0,0,4,True,False,True,0.0,0.0
full_coverage_complete,basketball849,142,0,0,5,True,False,True,0.0,0.0
full_coverage_complete,basketball849,143,0,0,4,True,False,True,0.0,0.0
full_coverage_complete,basketball849,144,5,0,5,True,False,True,0.0,0.0
full_coverage_complete,basketball849,145,0,0,4,True,False,True,0.0,0.0
full_coverage_complete,basketball849,146,0,0,5,True,False,True,0.0,0.0
full_coverage_complete,basketball849,147,0,0,5,True,False,True,0.0,0.0
full_coverage_complete,basketball849,148,5,2,5,True,False,True,0.0,0.0
full_coverage_complete,basketball849,149,0,0,4,True,False,True,0.0,0.0
full_coverage_complete,basketball849,150,0,0,4,True,False,False,,
full_coverage_complete,basketball849,151,0,0,4,True,False,False,,
full_coverage_complete,basketball849,152,0,0,4,True,False,False,,
full_coverage_complete,basketball849,153,0,0,4,True,False,False,,
full_coverage_complete,basketball849,154,0,0,4,True,False,False,,
full_coverage_complete,basketball849,155,0,0,4,True,False,False,,
full_coverage_complete,basketball849,156,0,0,4,True,False,False,,
full_coverage_complete,basketball849,157,0,0,4,True,False,False,,
full_coverage_complete,basketball849,158,0,0,4,True,False,False,,
full_coverage_complete,basketball849,159,0,0,4,True,False,False,,
full_coverage_complete,basketball849,160,0,0,4,True,False,False,,
full_coverage_complete,basketball849,161,0,0,4,True,False,False,,
full_coverage_complete,basketball849,162,4,4,4,True,False,False,,
full_coverage_complete,basketball849,163,0,0,1,True,False,False,,
full_coverage_complete,basketball849,164,0,0,4,True,False,False,,
full_coverage_complete,basketball849,165,5,3,5,True,False,False,,
full_coverage_complete,basketball849,166,1,1,1,True,False,False,,
full_coverage_complete,basketball849,167,0,0,5,True,False,False,,
full_coverage_complete,basketball849,168,0,0,4,True,False,False,,
full_coverage_complete,basketball849,169,0,0,4,True,False,False,,
full_coverage_complete,basketball849,170,0,0,4,True,False,False,,
full_coverage_complete,basketball849,171,0,0,4,True,False,False,,
full_coverage_complete,basketball849,172,0,0,4,True,False,False,,
full_coverage_complete,basketball849,173,0,0,4,True,False,False,,
full_coverage_complete,basketball849,174,0,0,4,True,False,False,,
full_coverage_complete,basketball849,175,0,0,4,True,False,False,,
full_coverage_complete,basketball849,176,0,0,4,True,False,False,,
full_coverage_complete,basketball849,177,0,0,4,True,False,False,,
full_coverage_complete,basketball849,178,0,0,4,True,False,False,,
full_coverage_complete,basketball849,179,0,0,4,True,False,False,,
full_coverage_complete,basketball849,180,0,0,4,True,False,False,,
full_coverage_complete,basketball849,181,0,0,4,True,False,False,,
full_coverage_complete,basketball849,182,0,0,4,True,False,False,,
full_coverage_complete,basketball849,183,0,0,4,True,False,False,,
full_coverage_complete,basketball849,184,0,0,4,True,False,False,,
full_coverage_complete,basketball849,185,0,0,4,True,False,False,,
full_coverage_complete,basketball849,186,0,0,4,True,False,False,,
full_coverage_complete,basketball849,187,0,0,4,True,False,False,,
full_coverage_complete,basketball849,188,0,0,4,True,False,False,,
full_coverage_complete,basketball849,190,5,0,5,True,False,False,,
full_coverage_complete,basketball849,191,0,0,4,True,False,False,,
full_coverage_complete,basketball849,192,0,0,5,True,False,True,0.0,0.0
full_coverage_complete,basketball849,193,0,0,5,True,False,True,0.0,0.0
full_coverage_complete,basketball849,194,5,0,5,True,False,True,0.0,0.0
full_coverage_complete,basketball849,195,0,0,4,True,False,True,0.0,0.0
full_coverage_complete,basketball849,196,0,0,4,True,False,True,0.0,0.0
full_coverage_complete,basketball849,197,0,0,4,True,False,True,0.0,0.0
full_coverage_complete,basketball849,198,0,0,4,True,False,True,0.0,0.0
full_coverage_complete,basketball849,199,0,0,4,True,False,True,0.0,0.0
full_coverage_complete,basketball849,200,0,0,5,True,False,True,0.0,0.0
full_coverage_complete,basketball849,201,0,0,5,True,False,True,0.0,0.0
full_coverage_complete,basketball849,202,0,0,5,True,False,True,0.0,0.0
full_coverage_complete,basketball849,203,0,0,5,True,False,True,0.0,0.0
full_coverage_complete,basketball849,204,0,1,4,True,False,True,0.0,0.0
full_coverage_complete,basketball849,205,0,0,5,True,False,True,0.0,0.0
full_coverage_complete,basketball849,206,0,0,4,True,False,True,0.0,0.0
full_coverage_complete,basketball849,207,0,0,4,True,False,True,0.0,0.0
full_coverage_complete,basketball849,208,0,0,4,True,False,True,0.0,0.0
full_coverage_complete,basketball849,209,0,0,4,True,False,True,0.0,0.0
full_coverage_complete,basketball849,210,0,0,5,True,False,True,0.0,0.0
full_coverage_complete,basketball849,211,0,0,5,True,False,True,0.0,0.0
full_coverage_complete,basketball849,212,0,0,5,True,False,True,0.0,0.0
full_coverage_complete,basketball849,213,0,0,5,True,False,True,0.0,0.0
full_coverage_complete,basketball849,214,0,0,5,True,False,True,0.0,0.0
full_coverage_complete,basketball849,215,0,0,5,True,False,True,0.0,0.0
full_coverage_complete,basketball849,216,0,0,5,True,False,True,0.0,0.0
full_coverage_complete,basketball849,217,0,0,5,True,False,True,0.0,0.0
full_coverage_complete,basketball849,218,0,0,5,True,False,True,0.0,0.0
full_coverage_complete,basketball849,219,0,0,4,True,False,True,0.0,0.0
full_coverage_complete,basketball849,220,0,0,5,True,False,True,0.0,0.0
full_coverage_complete,basketball849,221,0,0,4,True,False,True,0.0,0.0
full_coverage_complete,basketball849,222,0,0,4,True,False,True,0.0,0.0
full_coverage_complete,basketball849,223,0,1,0,False,False,True,0.0,0.0
full_coverage_complete,basketball849,224,4,0,4,True,False,True,0.0,0.0
full_coverage_complete,basketball849,225,1,0,1,True,False,True,0.0,0.0
full_coverage_complete,basketball849,226,0,0,4,True,False,True,0.0,0.0
full_coverage_complete,basketball849,227,6,0,6,True,False,True,0.0,0.0
full_coverage_complete,basketball849,228,0,0,4,True,False,True,0.0,0.0
full_coverage_complete,basketball849,229,0,0,5,True,False,True,0.0,0.0
full_coverage_complete,basketball849,230,0,0,5,True,False,True,0.0,0.0
full_coverage_complete,basketball849,231,0,0,5,True,False,True,0.0,0.0
full_coverage_complete,basketball849,232,0,1,5,True,False,True,0.0,0.0
full_coverage_complete,basketball849,233,0,0,5,True,False,True,0.0,0.0
full_coverage_complete,basketball849,234,5,1,5,True,False,True,0.0,0.0
full_coverage_complete,basketball849,235,0,0,5,True,False,True,0.0,0.0
full_coverage_complete,basketball849,237,5,0,5,True,False,True,0.0,0.0
full_coverage_complete,basketball849,239,0,0,4,True,False,True,0.0,0.0
full_coverage_complete,basketball849,240,0,0,4,True,False,True,0.0,0.0
full_coverage_complete,basketball849,241,0,0,4,True,False,True,0.0,0.0
full_coverage_complete,basketball849,242,0,0,4,True,False,True,0.0,0.0
full_coverage_complete,basketball849,245,0,0,5,True,False,True,0.0,0.0
full_coverage_complete,basketball849,246,0,0,5,True,False,True,0.0,0.0
full_coverage_complete,basketball849,247,0,0,5,True,False,True,0.0,0.0
full_coverage_complete,basketball849,248,0,0,5,True,False,True,0.0,0.0
full_coverage_complete,basketball849,249,0,0,5,True,False,True,0.0,0.0
full_coverage_complete,basketball849,250,0,0,4,True,False,True,0.0,0.0
full_coverage_complete,basketball849,251,5,0,5,True,False,True,0.0,0.0
full_coverage_complete,basketball849,252,0,0,4,True,False,True,0.0,0.0
full_coverage_complete,basketball849,253,0,0,4,True,False,True,0.0,0.0
full_coverage_complete,basketball849,254,0,0,4,True,False,True,0.0,0.0
full_coverage_complete,basketball849,255,4,3,4,True,False,True,0.0,0.0
full_coverage_complete,basketball849,256,0,0,5,True,False,True,0.0,0.0
full_coverage_complete,basketball849,257,5,4,5,True,False,True,0.0,0.0
full_coverage_complete,basketball849,258,0,0,5,True,False,True,0.0,0.0
full_coverage_complete,basketball849,259,0,0,5,True,False,True,0.0,0.0
full_coverage_complete,basketball849,260,0,0,5,True,False,True,0.0,0.0
full_coverage_complete,basketball849,261,0,0,5,True,False,True,0.0,0.0
full_coverage_complete,basketball849,262,5,0,5,True,False,True,0.0,0.0
full_coverage_complete,basketball849,263,5,0,5,True,False,True,0.0,0.0
full_coverage_complete,basketball849,264,0,0,5,True,False,True,0.0,0.0
full_coverage_complete,basketball849,265,0,0,5,True,False,True,0.0,0.0
full_coverage_complete,basketball849,266,0,0,5,True,False,True,0.0,0.0
full_coverage_complete,basketball849,267,0,0,4,True,False,True,0.0,0.0
full_coverage_complete,basketball849,268,5,0,5,True,False,True,0.0,0.0
full_coverage_complete,basketball849,269,0,0,4,True,False,True,0.0,0.0
full_coverage_complete,basketball849,270,0,0,4,True,False,True,0.0,0.0
full_coverage_complete,basketball849,273,0,0,5,True,False,True,0.0,0.0
full_coverage_complete,basketball849,274,0,0,5,True,False,True,0.0,0.0
full_coverage_complete,basketball849,275,0,0,5,True,True,True,0.0,0.7167994861296305
full_coverage_complete,basketball849,278,0,0,5,True,False,True,0.5495610509293991,0.5495610509293991
full_coverage_complete,basketball849,279,0,0,5,True,False,True,0.021160568890640538,0.021160568890640538
full_coverage_complete,basketball849,280,0,0,5,True,False,True,0.0,0.0
full_coverage_complete,basketball849,281,5,1,5,True,False,True,0.0,0.07595792626218893
full_coverage_complete,basketball849,282,0,0,5,True,False,True,0.01859274067786631,0.01859274067786631
full_coverage_complete,basketball849,283,0,0,5,True,False,True,0.0,0.0
full_coverage_complete,basketball849,286,0,0,1,True,False,True,0.577560219104321,0.577560219104321
full_coverage_complete,basketball849,287,0,0,1,True,False,True,0.7268878262097382,0.7268878262097382
full_coverage_complete,basketball849,289,0,0,1,True,False,True,0.6451920669595873,0.6451920669595873
full_coverage_complete,basketball849,291,0,0,1,True,False,True,0.7549167336050691,0.7549167336050691
full_coverage_complete,basketball849,292,0,0,1,True,False,True,0.7375725139916672,0.7375725139916672
full_coverage_complete,basketball849,293,0,0,5,True,False,True,0.7776692045643941,0.7776692045643941
full_coverage_complete,basketball849,294,0,0,4,True,False,True,0.6956373227393949,0.6956373227393949
full_coverage_complete,basketball849,297,0,0,1,True,False,True,0.8933808259968576,0.8933808259968576
full_coverage_complete,basketball849,299,0,0,4,True,False,True,0.6971884880128661,0.6971884880128661
full_coverage_complete,basketball849,317,0,0,4,True,False,True,0.7641515340097574,0.7641515340097574
full_coverage_complete,basketball849,318,5,0,5,True,False,True,0.7809890594105239,0.8401058427091536
full_coverage_complete,basketball849,319,5,0,5,True,False,True,0.6260751000613067,0.8040139711423903
full_coverage_complete,basketball849,321,0,0,4,True,False,True,0.5741400576290168,0.5741400576290168
full_coverage_complete,basketball849,322,0,1,5,True,False,True,0.05589453630128145,0.0985490993210594
full_coverage_complete,basketball849,323,0,0,4,True,False,True,0.39070731962455213,0.39070731962455213
full_coverage_complete,basketball849,324,0,0,5,True,False,True,0.4256214001607635,0.4256214001607635
full_coverage_complete,basketball849,325,6,0,6,True,False,True,0.6576481108240325,0.7480358625546091
full_coverage_complete,basketball849,328,4,4,4,True,False,True,0.629246902389602,0.0
full_coverage_complete,basketball849,330,0,0,5,True,False,True,0.0,0.0
full_coverage_complete,basketball849,332,5,1,5,True,False,True,0.0,0.0
full_coverage_complete,basketball849,333,0,0,5,True,False,True,0.0,0.0
full_coverage_complete,basketball849,334,0,0,4,True,False,True,0.0,0.0
full_coverage_complete,basketball849,335,0,0,4,True,False,True,0.0,0.0
full_coverage_complete,basketball849,336,0,0,4,True,False,True,0.0,0.0
full_coverage_complete,basketball849,338,0,0,4,True,False,True,0.0,0.0
full_coverage_complete,basketball849,339,0,0,4,True,False,True,0.0,0.0
full_coverage_complete,basketball849,340,0,0,4,True,False,True,0.0,0.0
full_coverage_complete,basketball849,341,0,0,4,True,False,True,0.0,0.0
full_coverage_complete,basketball849,342,0,0,4,True,False,True,0.0,0.0
full_coverage_complete,basketball849,343,0,0,5,True,False,True,0.0,0.0
full_coverage_complete,basketball849,344,0,0,5,True,False,True,0.0,0.0
full_coverage_complete,basketball849,345,0,0,5,True,False,True,0.0,0.0
full_coverage_complete,basketball849,347,0,0,4,True,False,True,0.0,0.0
full_coverage_complete,basketball849,348,0,0,5,True,False,True,0.0,0.0
full_coverage_complete,basketball849,349,5,0,5,True,False,True,0.0,0.0
full_coverage_complete,basketball849,350,0,0,4,True,False,True,0.0,0.0
full_coverage_complete,basketball849,351,0,1,4,True,False,True,0.0,0.0
full_coverage_complete,basketball849,352,0,0,1,True,False,True,0.0,0.0
full_coverage_complete,basketball849,354,0,0,5,True,False,True,0.0,0.0
full_coverage_complete,basketball849,355,5,2,5,True,False,True,0.0,0.0
full_coverage_complete,basketball849,356,0,0,5,True,False,True,0.0,0.0
full_coverage_complete,basketball849,357,0,0,5,True,False,True,0.0,0.0
full_coverage_complete,basketball849,358,0,0,5,True,False,True,0.0,0.0
full_coverage_complete,basketball849,359,0,1,4,True,False,True,0.0,0.0
full_coverage_complete,basketball849,360,0,0,6,True,False,True,0.0,0.0
full_coverage_complete,basketball849,364,0,0,5,True,False,True,0.0,0.0
full_coverage_complete,basketball849,365,0,0,4,True,False,True,0.0,0.0
full_coverage_complete,basketball849,366,0,0,4,True,False,True,0.0,0.0
full_coverage_complete,basketball849,367,0,0,5,True,False,True,0.0,0.0
full_coverage_complete,basketball849,368,0,0,5,True,False,True,0.0,0.0
full_coverage_complete,basketball849,369,0,0,5,True,False,True,0.0,0.0
full_coverage_complete,basketball849,370,0,0,4,True,False,True,0.0,0.0
full_coverage_complete,basketball849,371,0,0,4,True,False,True,0.0,0.0
full_coverage_complete,basketball849,373,0,0,5,True,False,True,0.0,0.0
full_coverage_complete,basketball849,374,0,0,5,True,False,True,0.0,0.0
full_coverage_complete,basketball849,375,0,0,5,True,False,True,0.0,0.0
full_coverage_complete,basketball849,376,0,0,4,True,False,True,0.0,0.0
full_coverage_complete,basketball849,377,0,0,4,True,False,True,0.0,0.0
full_coverage_complete,basketball849,378,0,0,5,True,False,True,0.0,0.0
full_coverage_complete,basketball849,379,0,1,5,True,False,True,0.0,0.0
full_coverage_complete,basketball849,380,5,1,5,True,False,True,0.0,0.0
full_coverage_complete,basketball849,381,5,3,5,True,False,True,0.0,0.0
full_coverage_complete,basketball849,382,5,2,5,True,False,True,0.0,0.0
full_coverage_complete,basketball849,383,0,0,1,True,False,True,0.0,0.0
full_coverage_complete,basketball849,384,0,0,1,True,False,True,0.0,0.0
full_coverage_complete,basketball849,385,0,0,1,True,False,True,0.0,0.0
full_coverage_complete,basketball849,387,0,0,4,True,False,True,0.0,0.0
full_coverage_complete,basketball849,388,0,0,4,True,False,True,0.0,0.0
full_coverage_complete,basketball849,389,0,0,5,True,False,True,0.0,0.0
full_coverage_complete,basketball849,390,0,0,4,True,False,True,0.0,0.0
full_coverage_complete,basketball849,391,0,0,4,True,False,True,0.0,0.0
full_coverage_complete,basketball849,392,0,0,4,True,False,True,0.2844990387846089,0.2844990387846089
full_coverage_complete,basketball849,393,0,0,4,True,False,True,0.3214561525928764,0.3214561525928764
full_coverage_complete,basketball849,394,0,0,4,True,False,True,0.19737350639038972,0.19737350639038972
full_coverage_complete,basketball849,395,0,0,5,True,False,True,0.22305995891952102,0.22305995891952102
full_coverage_complete,basketball849,396,0,0,5,True,False,True,0.06423111789723168,0.06423111789723168
full_coverage_complete,basketball849,397,0,0,5,True,False,True,0.0,0.3123185974206
full_coverage_complete,basketball849,398,5,0,5,True,False,True,0.3559557973415445,0.0
full_coverage_complete,basketball849,399,0,0,5,True,False,True,0.04156486120125488,0.04156486120125488
full_coverage_complete,basketball849,400,0,0,5,True,False,True,0.2518762373112128,0.2518762373112128
full_coverage_complete,basketball849,401,0,0,5,True,False,True,0.28666939157161253,0.28666939157161253
full_coverage_complete,basketball849,402,0,0,5,True,False,True,0.1194703414228289,0.1194703414228289
full_coverage_complete,basketball849,403,5,1,5,True,False,True,0.07213241490728421,0.09640244895479931
full_coverage_complete,basketball849,404,5,0,5,True,False,True,0.11034337495065642,0.018224396559594264
full_coverage_complete,basketball849,405,0,0,5,True,False,True,0.08462857797371288,0.08462857797371288
full_coverage_complete,basketball849,406,0,0,5,True,False,True,0.0863751189247539,0.0863751189247539
full_coverage_complete,basketball849,407,0,0,5,True,False,True,0.08161585683358988,0.08161585683358988
full_coverage_complete,basketball849,408,5,0,5,True,False,True,0.0918577648379803,0.08246603314748396
full_coverage_complete,basketball849,409,0,0,5,True,False,True,0.1006066951362012,0.1006066951362012
full_coverage_complete,basketball849,410,0,0,4,True,False,True,0.08825633455948079,0.08825633455948079
full_coverage_complete,basketball849,411,0,0,4,True,False,True,0.023780413518727346,0.023780413518727346
full_coverage_complete,basketball849,412,0,0,4,True,False,True,0.039348010196593744,0.039348010196593744
full_coverage_complete,basketball849,413,4,4,4,True,False,True,0.10173320255791109,0.0
full_coverage_complete,basketball849,414,0,0,4,True,False,True,0.12159737055183026,0.12159737055183026
full_coverage_complete,basketball849,415,0,0,4,True,False,True,0.1555118893378669,0.1555118893378669
full_coverage_complete,basketball849,416,0,0,1,True,False,True,0.16310798105220517,0.16310798105220517
full_coverage_complete,basketball849,417,0,0,4,True,False,True,0.1452833526122462,0.1452833526122462
full_coverage_complete,basketball849,418,4,0,4,True,False,True,0.1822791579783619,0.0
full_coverage_complete,basketball849,419,5,0,5,True,False,True,0.0,0.0
full_coverage_complete,basketball849,420,0,0,5,False,False,True,0.0,0.0
full_coverage_complete,basketball849,421,0,0,5,True,False,True,0.0,0.0
full_coverage_complete,basketball849,422,0,0,5,True,False,True,0.0,0.0
full_coverage_complete,basketball849,423,0,0,5,True,False,True,0.0,0.0
full_coverage_complete,basketball849,424,0,0,5,True,False,True,0.0,0.0
full_coverage_complete,basketball849,425,0,0,5,True,False,True,0.0,0.0
full_coverage_complete,basketball849,426,0,0,5,True,False,True,0.0,0.0
full_coverage_complete,basketball849,427,0,0,5,True,False,True,0.0,0.0
full_coverage_complete,basketball849,428,0,0,5,True,False,True,0.0,0.0
full_coverage_complete,basketball849,429,5,0,5,True,False,True,0.0,0.0
full_coverage_complete,basketball849,430,5,2,5,True,False,True,0.0,0.0
full_coverage_complete,basketball849,431,0,0,1,True,False,True,0.0,0.0
full_coverage_complete,basketball849,432,0,1,5,True,False,True,0.0,0.0
full_coverage_complete,basketball849,433,0,0,5,True,False,True,0.0,0.0
full_coverage_complete,basketball849,434,5,0,5,True,False,True,0.0,0.0
full_coverage_complete,basketball849,435,0,0,5,True,False,True,0.0,0.0
full_coverage_complete,basketball849,436,0,0,5,True,False,True,0.0,0.0
full_coverage_complete,basketball849,437,5,0,5,True,False,True,0.0,0.0
full_coverage_complete,basketball849,438,0,0,5,True,False,True,0.0,0.0
full_coverage_complete,basketball849,439,5,0,5,True,False,True,0.0,0.0
full_coverage_complete,basketball849,440,0,0,4,True,False,True,0.0,0.0
full_coverage_complete,basketball849,441,5,0,5,True,False,True,0.0,0.0
full_coverage_complete,basketball849,442,5,0,5,True,False,True,0.0,0.0
full_coverage_complete,basketball849,443,5,0,5,True,False,True,0.0,0.0
full_coverage_complete,basketball849,444,0,0,5,True,False,True,0.0,0.0
full_coverage_complete,basketball849,445,0,0,4,True,False,True,0.0,0.0
full_coverage_complete,basketball849,446,0,0,5,True,False,True,0.0,0.0
full_coverage_complete,basketball849,447,0,0,5,True,False,True,0.0,0.0
full_coverage_complete,basketball849,448,4,1,4,True,False,True,0.0,0.0
full_coverage_complete,basketball849,449,0,0,5,True,False,True,0.0,0.0
full_coverage_complete,basketball849,450,0,0,5,True,False,True,0.0,0.0
full_coverage_complete,basketball849,451,0,0,5,True,False,True,0.0,0.0
full_coverage_complete,basketball849,452,5,0,5,True,False,True,0.0,0.0
full_coverage_complete,basketball849,453,0,0,5,True,False,True,0.0,0.0
full_coverage_complete,basketball849,454,5,1,5,True,False,True,0.0,0.41330013009698297
full_coverage_complete,basketball849,455,1,1,1,True,False,True,0.4217189228308446,0.3900045695243273
full_coverage_complete,basketball849,456,0,1,4,True,False,True,0.24310244971480793,0.0
full_coverage_complete,basketball849,457,0,0,4,True,False,True,0.0,0.0
full_coverage_complete,basketball849,458,0,0,5,True,False,True,0.0,0.0
full_coverage_complete,basketball849,459,0,0,5,True,False,True,0.0,0.0
full_coverage_complete,basketball849,460,5,0,5,True,False,True,0.0,0.0
full_coverage_complete,basketball849,462,0,0,4,True,False,True,0.0,0.0
full_coverage_complete,basketball849,463,0,0,4,True,False,True,0.0,0.0
full_coverage_complete,basketball849,464,0,0,4,True,False,False,,
full_coverage_complete,basketball849,465,0,0,4,True,False,False,,
full_coverage_complete,basketball849,467,0,0,5,True,False,False,,
full_coverage_complete,basketball849,469,5,2,5,True,False,False,,
full_coverage_complete,basketball849,470,0,1,4,True,False,False,,
full_coverage_complete,basketball849,471,0,0,1,True,False,False,,
full_coverage_complete,basketball849,472,0,0,0,False,False,False,,
full_coverage_complete,basketball849,475,5,0,5,True,False,False,,
full_coverage_complete,basketball849,476,5,0,5,True,False,False,,
full_coverage_complete,basketball849,478,0,0,4,True,False,False,,
full_coverage_complete,basketball849,479,0,0,4,True,False,False,,
full_coverage_complete,basketball849,480,0,0,5,True,False,False,,
full_coverage_complete,basketball849,481,0,0,5,True,False,False,,
full_coverage_complete,basketball849,483,4,3,4,True,False,False,,
full_coverage_complete,basketball849,484,0,0,5,True,False,False,,
full_coverage_complete,basketball849,485,5,0,5,True,False,False,,
full_coverage_complete,basketball849,486,0,0,4,True,False,False,,
full_coverage_complete,basketball849,487,0,0,5,True,False,False,,
full_coverage_complete,basketball849,489,0,0,5,True,False,False,,
full_coverage_complete,basketball849,490,0,0,5,True,False,False,,
full_coverage_complete,basketball849,491,0,0,5,True,False,False,,
full_coverage_complete,basketball849,492,5,3,5,True,False,False,,
full_coverage_complete,basketball849,493,0,0,5,True,False,False,,
full_coverage_complete,basketball849,494,0,0,5,True,False,False,,
full_coverage_complete,basketball849,495,0,0,5,True,False,False,,
full_coverage_complete,basketball849,496,0,0,5,True,False,False,,
full_coverage_complete,basketball849,497,0,0,5,True,False,False,,
full_coverage_complete,basketball849,498,0,0,5,True,False,False,,
full_coverage_complete,basketball849,499,0,0,5,True,False,False,,
full_coverage_complete,basketball849,500,5,1,5,True,False,False,,
full_coverage_complete,basketball849,501,0,0,4,True,False,False,,
full_coverage_complete,basketball849,502,4,0,4,True,False,False,,
full_coverage_complete,basketball849,503,5,0,5,True,False,False,,
full_coverage_complete,basketball849,504,5,0,5,True,False,False,,
full_coverage_complete,basketball849,505,4,0,4,True,False,False,,
full_coverage_complete,basketball849,506,4,0,4,True,False,False,,
full_coverage_complete,basketball849,507,5,0,5,True,False,False,,
full_coverage_complete,basketball849,508,0,0,1,True,False,False,,
full_coverage_complete,basketball849,509,0,0,5,True,False,False,,
full_coverage_complete,basketball849,510,4,0,4,True,False,False,,
full_coverage_complete,basketball849,511,0,0,5,True,False,False,,
full_coverage_complete,basketball849,513,0,1,5,True,False,False,,
full_coverage_complete,basketball849,514,0,0,4,True,False,False,,
full_coverage_complete,basketball849,515,0,0,4,True,False,False,,
full_coverage_complete,basketball849,516,4,0,4,True,False,False,,
full_coverage_complete,basketball849,517,0,0,4,True,False,False,,
full_coverage_complete,basketball849,518,0,0,5,True,False,False,,
full_coverage_complete,basketball849,519,0,0,5,True,False,False,,
full_coverage_complete,basketball849,520,0,0,5,True,False,False,,
full_coverage_complete,basketball849,521,0,0,5,True,False,False,,
full_coverage_complete,basketball849,522,0,0,5,True,False,False,,
full_coverage_complete,basketball849,523,0,0,5,True,False,False,,
full_coverage_complete,basketball849,524,5,0,5,True,False,False,,
full_coverage_complete,basketball849,525,0,0,5,True,False,False,,
full_coverage_complete,basketball849,526,0,0,5,True,False,False,,
full_coverage_complete,basketball849,527,0,0,1,True,False,True,0.0,0.0
full_coverage_complete,basketball849,528,5,1,5,True,False,True,0.0,0.0
full_coverage_complete,basketball849,529,0,1,5,True,False,True,0.0,0.7577186017389462
full_coverage_complete,basketball849,542,6,0,6,True,False,True,0.7296228228422862,0.81563187884779
full_coverage_complete,basketball849,549,6,0,6,True,False,True,0.0,0.7156169156210109
full_coverage_complete,basketball849,559,0,0,1,True,False,True,0.5953974166694038,0.5953974166694038
full_coverage_complete,basketball849,561,0,0,5,True,False,True,0.407049826585152,0.407049826585152
full_coverage_complete,basketball849,562,0,0,5,True,False,True,0.27983723426894963,0.27983723426894963
full_coverage_complete,basketball849,563,0,0,5,True,False,True,0.25258315519453495,0.25258315519453495
full_coverage_complete,basketball849,564,0,0,5,True,False,True,0.17790704791408699,0.17790704791408699
full_coverage_complete,basketball849,565,0,0,5,True,False,True,0.07488446038611775,0.07488446038611775
full_coverage_complete,basketball849,566,0,0,5,True,False,True,0.05611675409088173,0.05611675409088173
full_coverage_complete,basketball849,567,5,0,5,True,False,True,0.011913735588765153,0.0
full_coverage_complete,basketball849,568,0,0,5,True,False,True,0.37590356141391124,0.37590356141391124
full_coverage_complete,basketball849,569,0,0,5,True,False,True,0.47608716712747295,0.47608716712747295
full_coverage_complete,basketball849,570,5,0,5,True,False,True,0.4713874871758475,0.5333957537593439
full_coverage_complete,basketball849,571,0,0,1,True,False,True,0.44307061425390815,0.44307061425390815
full_coverage_complete,basketball849,572,0,0,4,True,False,True,0.28352134610807345,0.28352134610807345
full_coverage_complete,basketball849,573,0,0,4,True,False,True,0.18575676643230216,0.18575676643230216
full_coverage_complete,basketball849,574,0,0,4,True,False,True,0.15508879408991008,0.15508879408991008
full_coverage_complete,basketball849,575,0,0,5,True,False,True,0.2314049059839159,0.2314049059839159
full_coverage_complete,basketball849,576,0,0,5,True,False,True,0.5708554371973691,0.5708554371973691
full_coverage_complete,basketball849,577,5,0,5,True,False,True,0.10557220188148059,0.09748323476175613
full_coverage_complete,basketball849,578,5,0,5,True,False,True,0.0,0.0
full_coverage_complete,basketball849,579,5,0,5,True,False,True,0.0,0.0
full_coverage_complete,basketball849,580,0,0,5,True,False,True,0.08445679571304333,0.08445679571304333
full_coverage_complete,basketball849,581,0,0,5,True,False,True,0.30466299705071703,0.30466299705071703
full_coverage_complete,basketball849,582,0,0,5,True,False,True,0.453921759369518,0.453921759369518
full_coverage_complete,basketball849,583,0,0,5,True,False,True,0.35866530786931644,0.35866530786931644
full_coverage_complete,basketball849,585,0,0,5,True,False,True,0.2736603235777791,0.2736603235777791
full_coverage_complete,basketball849,586,0,0,5,True,False,True,0.15081776749994796,0.15081776749994796
full_coverage_complete,basketball849,587,0,0,5,True,False,True,0.0,0.0
full_coverage_complete,basketball849,588,0,0,6,True,False,True,0.0,0.0
full_coverage_complete,basketball849,589,5,0,5,True,False,True,0.0,0.0
full_coverage_complete,basketball849,590,5,0,5,True,False,True,0.0,0.0
full_coverage_complete,basketball849,591,5,0,5,True,False,True,0.0,0.0
full_coverage_complete,basketball849,592,0,0,5,True,False,True,0.0,0.0
full_coverage_complete,basketball849,593,0,0,5,True,False,True,0.0,0.0
full_coverage_complete,basketball849,594,0,0,5,True,False,True,0.0,0.0
full_coverage_complete,basketball849,595,5,4,5,True,False,True,0.0,0.0
full_coverage_complete,basketball849,596,0,0,5,True,False,True,0.0,0.0
full_coverage_complete,basketball849,597,0,0,5,True,False,True,0.0,0.0
full_coverage_complete,basketball849,598,5,3,5,True,False,True,0.0,0.4038075085460638
full_coverage_complete,basketball849,607,5,0,5,True,False,True,0.6230042305009864,0.5443719722714724
full_coverage_complete,basketball849,608,0,1,5,True,False,True,0.6272973216537203,0.0
full_coverage_complete,basketball849,609,0,0,5,True,False,True,0.0,0.0
full_coverage_complete,basketball849,610,0,0,5,True,False,True,0.0,0.5100128886001652
full_coverage_complete,basketball849,638,0,0,5,True,False,True,0.507295618591349,0.507295618591349
full_coverage_complete,basketball849,639,0,1,5,True,False,True,0.42983648451066,0.0
full_coverage_complete,basketball849,640,5,1,5,True,False,True,0.0,0.0
full_coverage_complete,basketball849,641,0,0,5,True,False,True,0.0,0.0
full_coverage_complete,basketball849,642,5,2,5,True,False,True,0.0,0.0
full_coverage_complete,basketball849,645,0,0,0,False,False,True,0.02790467608623329,0.6893290824969095
full_coverage_complete,basketball849,647,0,0,4,True,False,True,0.6620359200144095,0.6620359200144095
full_coverage_complete,basketball849,648,0,0,4,True,False,True,0.4594451477617335,0.4594451477617335
full_coverage_complete,basketball849,649,0,0,4,True,False,True,0.34863131979778,0.34863131979778
full_coverage_complete,basketball849,650,0,2,4,True,False,True,0.27720935585360057,0.0
full_coverage_complete,basketball849,651,0,0,1,True,False,True,0.0,0.0
full_coverage_complete,basketball849,652,0,0,4,True,False,True,0.0,0.0
full_coverage_complete,basketball849,653,0,0,4,True,False,True,0.0,0.0
full_coverage_complete,basketball849,654,5,4,5,True,False,True,0.0,0.0
full_coverage_complete,basketball849,655,0,0,5,True,False,True,0.0,0.0
full_coverage_complete,basketball849,656,0,0,5,True,False,True,0.0,0.0
full_coverage_complete,basketball849,657,0,0,4,True,False,True,0.0,0.0
full_coverage_complete,basketball849,658,0,0,4,True,False,True,0.0,0.0
full_coverage_complete,basketball849,659,0,0,4,True,False,True,0.0,0.0
full_coverage_complete,basketball849,660,0,0,4,True,False,True,0.0,0.0
full_coverage_complete,basketball849,661,0,0,4,True,False,True,0.0,0.0
full_coverage_complete,basketball849,662,0,0,5,True,False,True,0.0,0.0
full_coverage_complete,basketball849,663,0,0,4,True,False,True,0.0,0.0
full_coverage_complete,basketball849,664,0,0,4,True,False,True,0.0,0.0
full_coverage_complete,basketball849,665,0,1,4,True,False,True,0.0,0.0
full_coverage_complete,basketball849,666,5,0,5,True,False,True,0.0,0.0
full_coverage_complete,basketball849,667,5,0,5,True,False,True,0.0,0.0
full_coverage_complete,basketball849,668,0,1,4,True,False,True,0.0,0.0
full_coverage_complete,basketball849,669,1,0,1,True,False,True,0.0,0.0
full_coverage_complete,basketball849,670,5,0,5,True,False,True,0.0,0.0
full_coverage_complete,basketball849,671,0,0,4,True,False,True,0.0,0.0
full_coverage_complete,basketball849,672,0,0,4,True,False,True,0.0,0.0
full_coverage_complete,basketball849,673,0,0,4,True,False,True,0.0,0.0
full_coverage_complete,basketball849,674,0,0,4,True,False,True,0.0,0.0
full_coverage_complete,basketball849,675,4,0,4,True,False,True,0.0,0.0
full_coverage_complete,basketball849,676,0,0,5,True,False,True,0.0,0.0
full_coverage_complete,basketball849,677,0,0,5,True,False,True,0.0,0.0
full_coverage_complete,basketball849,678,0,0,4,True,False,True,0.0,0.0
full_coverage_complete,basketball849,679,0,1,5,True,False,True,0.0,0.0
full_coverage_complete,basketball849,680,0,0,4,True,False,True,0.0,0.0
full_coverage_complete,basketball849,681,0,0,4,True,False,True,0.0,0.0
full_coverage_complete,basketball849,682,0,0,5,True,False,True,0.0,0.0
full_coverage_complete,basketball849,683,0,0,5,True,False,True,0.0,0.0
full_coverage_complete,basketball849,684,0,0,5,True,False,True,0.0,0.0
full_coverage_complete,basketball849,685,0,0,4,True,False,True,0.0,0.0
full_coverage_complete,basketball849,686,0,0,4,True,False,True,0.0,0.0
full_coverage_complete,basketball849,687,0,0,4,True,False,True,0.0,0.0
full_coverage_complete,basketball849,688,0,0,4,True,False,True,0.0,0.0
full_coverage_complete,basketball849,689,0,0,4,True,False,True,0.0,0.0
full_coverage_complete,basketball849,690,0,0,4,True,False,True,0.0,0.0
full_coverage_complete,basketball849,691,0,0,4,True,False,True,0.0,0.0
full_coverage_complete,basketball849,692,0,0,4,True,False,True,0.0,0.0
full_coverage_complete,basketball849,693,0,0,5,True,False,True,0.0,0.0
full_coverage_complete,basketball849,694,0,0,5,True,False,True,0.0,0.0
full_coverage_complete,basketball849,696,0,0,5,True,False,True,0.0,0.0
full_coverage_complete,basketball849,697,0,0,5,True,False,True,0.0,0.0
full_coverage_complete,basketball849,698,0,0,4,True,False,True,0.0,0.0
full_coverage_complete,basketball849,699,0,0,4,True,False,True,0.0,0.0
full_coverage_complete,basketball849,700,0,0,4,True,False,True,0.0,0.0
full_coverage_complete,basketball849,701,0,0,4,True,False,True,0.0,0.0
full_coverage_complete,basketball849,702,0,0,5,True,False,True,0.0,0.0
full_coverage_complete,basketball849,703,0,0,4,True,False,True,0.0,0.0
full_coverage_complete,basketball849,704,0,0,4,True,False,True,0.0,0.0
full_coverage_complete,basketball849,706,0,0,5,True,False,True,0.0,0.0
full_coverage_complete,basketball849,707,0,0,5,True,False,True,0.0,0.0
full_coverage_complete,basketball849,708,0,0,5,True,False,True,0.0,0.0
full_coverage_complete,basketball849,709,0,0,5,True,False,True,0.0,0.0
full_coverage_complete,basketball849,710,0,0,4,True,False,True,0.0,0.0
full_coverage_complete,basketball849,711,0,1,4,True,False,True,0.0,0.0
full_coverage_complete,basketball849,712,0,0,4,True,False,True,0.0,0.0
full_coverage_complete,basketball849,713,0,0,4,True,False,True,0.0,0.0
full_coverage_complete,basketball849,715,0,0,4,True,False,True,0.0,0.0
full_coverage_complete,basketball849,716,0,0,5,True,False,True,0.0,0.0
full_coverage_complete,basketball849,717,0,0,5,True,False,True,0.0,0.0
full_coverage_complete,basketball849,718,0,0,5,True,False,True,0.0,0.0
full_coverage_complete,basketball849,719,0,0,4,True,False,True,0.0,0.0
full_coverage_complete,basketball849,720,0,0,4,True,False,True,0.0,0.0
full_coverage_complete,basketball849,722,0,0,4,True,False,True,0.0,0.0
full_coverage_complete,basketball849,723,0,0,4,True,False,True,0.0,0.0
full_coverage_complete,basketball849,724,0,0,1,True,False,True,0.0,0.0
full_coverage_complete,basketball849,730,0,0,1,True,False,True,0.0,0.0
full_coverage_complete,basketball849,733,0,0,4,True,False,True,0.0,0.0
full_coverage_complete,basketball849,734,0,0,5,True,False,True,0.0,0.0
full_coverage_complete,basketball849,735,5,2,5,True,False,True,0.0,0.0
full_coverage_complete,basketball849,736,0,0,5,True,False,True,0.0,0.0
full_coverage_complete,basketball849,737,0,0,4,True,False,True,0.0,0.0
full_coverage_complete,basketball849,738,0,0,5,True,False,True,0.0,0.0
full_coverage_complete,basketball849,739,0,0,4,True,False,True,0.0,0.0
full_coverage_complete,basketball849,740,4,1,4,True,False,True,0.0,0.0
full_coverage_complete,basketball849,741,0,0,5,True,False,True,0.0,0.0
full_coverage_complete,basketball849,742,5,0,5,True,False,True,0.0,0.0
full_coverage_complete,basketball849,743,5,0,5,True,False,True,0.0,0.0
full_coverage_complete,basketball849,744,0,0,5,True,False,True,0.0,0.0
full_coverage_complete,basketball849,745,0,0,5,True,False,True,0.0,0.0
full_coverage_complete,basketball849,746,0,0,5,True,False,True,0.0,0.0
full_coverage_complete,basketball849,747,0,0,5,True,False,True,0.0,0.0
full_coverage_complete,basketball849,748,0,0,5,True,False,True,0.0,0.0
full_coverage_complete,basketball849,749,0,0,6,True,False,True,0.0,0.0
full_coverage_complete,basketball849,750,0,1,4,True,False,True,0.0,0.0
full_coverage_complete,basketball849,751,0,0,5,True,False,True,0.0,0.0
full_coverage_complete,basketball849,752,0,0,5,True,False,True,0.0,0.0
full_coverage_complete,basketball849,753,0,0,5,True,False,True,0.0,0.0
full_coverage_complete,basketball849,754,0,0,4,True,False,True,0.0,0.0
full_coverage_complete,basketball849,755,0,0,4,True,False,True,0.0,0.0
full_coverage_complete,basketball849,756,0,0,5,True,False,True,0.0,0.0
full_coverage_complete,basketball849,757,0,0,5,True,False,True,0.0,0.0
full_coverage_complete,basketball849,758,0,0,4,True,False,True,0.0,0.0
full_coverage_complete,basketball849,759,0,0,5,True,False,True,0.0,0.0
full_coverage_complete,basketball849,760,0,0,5,True,False,True,0.0,0.0
full_coverage_complete,basketball849,761,0,0,4,True,False,True,0.0,0.0
full_coverage_complete,basketball849,762,0,0,4,True,False,True,0.0,0.0
full_coverage_complete,basketball849,763,0,0,4,True,False,True,0.0,0.0
full_coverage_complete,basketball849,764,0,0,5,True,False,True,0.0,0.0
full_coverage_complete,basketball849,765,0,0,4,True,False,True,0.0,0.0
full_coverage_complete,basketball849,766,0,0,4,True,False,True,0.0,0.0
full_coverage_complete,basketball849,768,0,0,4,True,False,True,0.0,0.0
full_coverage_complete,basketball849,769,0,0,5,True,False,True,0.0,0.0
full_coverage_complete,basketball849,770,0,0,4,True,False,True,0.0,0.0
full_coverage_complete,basketball849,771,0,0,4,True,False,True,0.0,0.0
full_coverage_complete,basketball849,772,0,0,4,True,False,True,0.0,0.0
full_coverage_complete,basketball849,773,5,1,5,True,False,True,0.0,0.0
full_coverage_complete,basketball849,774,0,0,5,True,False,True,0.0,0.0
full_coverage_complete,basketball849,775,0,0,1,True,False,True,0.0,0.0
full_coverage_complete,basketball849,776,4,4,4,True,False,True,0.0,0.0
full_coverage_complete,basketball849,777,0,0,5,True,False,True,0.0,0.0
full_coverage_complete,basketball849,778,0,0,4,True,False,True,0.0,0.0
full_coverage_complete,basketball849,779,4,3,4,True,False,True,0.0,0.0
full_coverage_complete,basketball849,780,0,0,5,True,False,True,0.0,0.0
full_coverage_complete,basketball849,781,0,0,5,True,False,True,0.0,0.0
full_coverage_complete,basketball849,782,5,3,5,True,False,True,0.0,0.0
full_coverage_complete,basketball849,783,0,0,5,True,False,True,0.0,0.0
full_coverage_complete,basketball849,784,0,0,4,True,False,True,0.0,0.0
full_coverage_complete,basketball849,785,0,0,4,True,False,True,0.0,0.0
full_coverage_complete,basketball849,786,0,0,5,True,False,True,0.0,0.0
full_coverage_complete,basketball849,787,0,0,5,True,False,True,0.0,0.0
full_coverage_complete,basketball849,788,0,1,5,True,False,True,0.0,0.0
full_coverage_complete,basketball849,789,0,0,5,True,False,True,0.0,0.0
full_coverage_complete,basketball849,790,0,0,5,True,False,True,0.0,0.0
full_coverage_complete,basketball849,791,0,0,5,True,False,True,0.0,0.0
full_coverage_complete,basketball849,792,0,0,4,True,False,True,0.0,0.0
full_coverage_complete,basketball849,793,0,0,4,True,False,True,0.0,0.0
full_coverage_complete,basketball849,794,0,0,4,True,False,True,0.0,0.0
full_coverage_complete,basketball849,795,0,0,4,True,False,True,0.0,0.0
full_coverage_complete,basketball849,796,0,0,5,True,False,True,0.0,0.0
full_coverage_complete,basketball849,797,0,0,4,True,False,True,0.0,0.0
full_coverage_complete,basketball849,798,0,0,4,True,False,True,0.0,0.0
full_coverage_complete,basketball849,799,0,0,4,True,False,True,0.0,0.0
full_coverage_complete,basketball849,800,0,0,4,True,False,True,0.0,0.0
full_coverage_complete,basketball849,801,0,0,5,True,False,True,0.0,0.0
full_coverage_complete,basketball849,802,0,0,5,True,False,True,0.0,0.0
full_coverage_complete,basketball849,803,0,0,5,True,False,True,0.0,0.0
full_coverage_complete,basketball849,804,0,0,5,True,False,True,0.0,0.0
full_coverage_complete,basketball849,805,0,0,4,True,False,True,0.0,0.0
full_coverage_complete,basketball849,806,0,0,4,True,False,True,0.0,0.0
full_coverage_complete,basketball849,807,0,0,4,True,False,True,0.0,0.0
full_coverage_complete,basketball849,808,0,0,5,True,False,True,0.0,0.0
full_coverage_complete,basketball849,810,0,0,4,True,False,True,0.0,0.0
full_coverage_complete,basketball849,811,0,0,4,True,False,True,0.0,0.0
full_coverage_complete,basketball849,812,0,0,4,True,False,True,0.0,0.0
full_coverage_complete,basketball849,813,0,0,4,True,False,True,0.0,0.0
full_coverage_complete,basketball849,814,0,0,4,True,False,True,0.0,0.0
full_coverage_complete,basketball849,815,0,1,4,True,False,True,0.0,0.0
full_coverage_complete,basketball849,816,0,0,5,True,False,True,0.0,0.0
full_coverage_complete,basketball849,817,0,0,5,True,False,True,0.0,0.0
full_coverage_complete,basketball849,818,0,0,5,True,False,True,0.0,0.0
full_coverage_complete,basketball849,819,0,0,5,True,False,True,0.0,0.0
full_coverage_complete,basketball849,820,0,0,4,True,False,True,0.0,0.0
full_coverage_complete,basketball849,821,0,0,4,True,False,True,0.0,0.0
full_coverage_complete,basketball849,822,0,0,4,True,False,True,0.0,0.0
full_coverage_complete,basketball849,823,0,0,5,True,False,True,0.0,0.0
full_coverage_complete,basketball849,824,0,0,4,True,False,True,0.0,0.0
full_coverage_complete,basketball849,825,0,0,4,True,False,True,0.0,0.0
full_coverage_complete,basketball849,826,0,0,4,True,False,True,0.0,0.0
full_coverage_complete,basketball849,827,0,0,4,True,False,True,0.0,0.0
full_coverage_complete,basketball849,828,0,0,4,True,False,True,0.0,0.0
full_coverage_complete,basketball849,829,0,0,4,True,False,True,0.0,0.0
full_coverage_complete,basketball849,830,0,0,4,True,False,True,0.0,0.0
full_coverage_complete,basketball849,833,0,0,4,True,False,True,0.0,0.0
full_coverage_complete,basketball849,834,0,0,4,True,False,True,0.0,0.0
full_coverage_complete,basketball849,835,0,0,4,True,False,True,0.0,0.0
full_coverage_complete,basketball849,836,0,0,5,True,False,True,0.0,0.0
full_coverage_complete,basketball849,837,0,0,4,True,False,True,0.0,0.0
full_coverage_complete,basketball849,838,0,0,4,True,False,True,0.0,0.0
full_coverage_complete,basketball849,839,0,0,5,True,False,True,0.0,0.0
full_coverage_complete,basketball849,840,0,0,5,True,False,True,0.0,0.0
full_coverage_complete,basketball849,841,5,0,5,True,False,True,0.0,0.0
full_coverage_complete,basketball849,842,0,0,5,True,False,True,0.0,0.0
full_coverage_complete,basketball849,843,0,0,4,True,False,True,0.0,0.0
full_coverage_complete,basketball849,844,5,0,5,True,False,True,0.0,0.0
full_coverage_complete,basketball849,845,0,0,5,True,False,True,0.0,0.0
full_coverage_complete,basketball849,846,4,0,4,True,False,True,0.0,0.0
full_coverage_complete,basketball849,847,5,1,5,True,False,True,0.0,0.0
full_coverage_complete,basketball849,848,5,1,5,True,False,True,0.0,0.0
full_coverage_complete,basketballathand,4,0,0,6,True,False,True,0.4307840126645278,0.4307840126645278
full_coverage_complete,basketballathand,5,5,0,5,True,False,True,0.2663144472070904,0.2802690063815511
full_coverage_complete,basketballathand,6,0,0,5,True,False,True,0.0,0.0
full_coverage_complete,basketballathand,8,0,0,4,True,False,True,0.0,0.0
full_coverage_complete,basketballathand,9,0,0,4,True,False,True,0.0,0.0
full_coverage_complete,basketballathand,10,0,0,4,True,False,True,0.0,0.0
full_coverage_complete,basketballathand,11,0,0,5,True,False,True,0.0,0.0
full_coverage_complete,basketballathand,12,0,0,5,True,False,True,0.0,0.0
full_coverage_complete,basketballathand,13,0,1,5,True,False,True,0.0,0.0
full_coverage_complete,basketballathand,14,0,0,5,True,False,True,0.0,0.0
full_coverage_complete,basketballathand,15,0,0,5,True,False,True,0.0,0.0
full_coverage_complete,basketballathand,16,0,0,4,True,False,True,0.0,0.0
full_coverage_complete,basketballathand,17,0,0,4,True,False,True,0.0,0.0
full_coverage_complete,basketballathand,18,0,0,4,True,False,True,0.0,0.0
full_coverage_complete,basketballathand,19,4,2,4,True,False,True,0.0,0.01998795251773698
full_coverage_complete,basketballathand,20,0,0,5,True,False,True,0.09661290801904862,0.09661290801904862
full_coverage_complete,basketballathand,21,0,0,5,True,False,True,0.11041778246507516,0.11041778246507516
full_coverage_complete,basketballathand,22,5,2,5,True,False,True,0.18069164862107115,0.0
full_coverage_complete,basketballathand,23,5,1,5,True,False,True,0.0,0.0
full_coverage_complete,basketballathand,24,5,0,5,True,False,True,0.0,0.0
full_coverage_complete,basketballathand,25,0,0,5,True,False,True,0.0,0.0
full_coverage_complete,basketballathand,26,4,0,4,True,False,True,0.0,0.0
full_coverage_complete,basketballathand,27,0,0,5,True,False,True,0.0,0.0
full_coverage_complete,basketballathand,28,0,0,5,True,False,True,0.0,0.0
full_coverage_complete,basketballathand,29,0,0,4,True,False,True,0.0,0.0
full_coverage_complete,basketballathand,30,5,1,5,True,False,True,0.0,0.0
full_coverage_complete,basketballathand,31,0,1,4,True,False,True,0.0,0.0
full_coverage_complete,basketballathand,32,0,0,1,True,False,True,0.0,0.0
full_coverage_complete,basketballathand,33,4,4,4,True,False,True,0.0,0.0
full_coverage_complete,basketballathand,34,4,3,4,True,False,True,0.0,0.0
full_coverage_complete,basketballathand,35,0,0,4,True,False,True,0.0,0.0
full_coverage_complete,basketballathand,36,5,1,5,True,False,True,0.0,0.0
full_coverage_complete,basketballathand,37,0,0,5,True,False,True,0.0,0.0
full_coverage_complete,basketballathand,38,4,0,4,True,False,True,0.0,0.0
full_coverage_complete,basketballathand,39,0,0,5,True,False,True,0.0,0.0
full_coverage_complete,basketballathand,40,0,0,4,True,False,True,0.0,0.0
full_coverage_complete,basketballathand,41,0,0,4,True,False,True,0.0,0.0
full_coverage_complete,basketballathand,42,0,0,4,True,False,True,0.0,0.0
full_coverage_complete,basketballathand,43,0,0,4,True,False,True,0.0,0.0
full_coverage_complete,basketballathand,44,0,0,4,True,False,True,0.0,0.0
full_coverage_complete,basketballathand,45,0,0,4,True,False,True,0.0,0.0
full_coverage_complete,basketballathand,46,0,0,4,True,False,True,0.0,0.0
full_coverage_complete,basketballathand,47,0,0,4,True,False,True,0.0,0.0
full_coverage_complete,basketballathand,48,0,0,4,True,False,True,0.0,0.0
full_coverage_complete,basketballathand,49,0,0,4,True,False,True,0.0,0.0
full_coverage_complete,basketballathand,50,0,0,4,True,False,True,0.0,0.0
full_coverage_complete,basketballathand,51,0,0,4,True,False,True,0.0,0.0
full_coverage_complete,basketballathand,52,0,0,4,True,False,True,0.0,0.0
full_coverage_complete,basketballathand,53,0,0,4,True,False,True,0.0,0.0
full_coverage_complete,basketballathand,54,0,0,4,True,False,True,0.0,0.0
full_coverage_complete,basketballathand,55,0,0,4,True,False,True,0.0,0.0
full_coverage_complete,basketballathand,56,0,0,4,True,False,True,0.0,0.0
full_coverage_complete,basketballathand,57,0,0,4,True,False,True,0.0,0.0
full_coverage_complete,basketballathand,58,0,0,4,True,False,True,0.0,0.0
full_coverage_complete,basketballathand,59,0,0,4,True,False,True,0.0,0.0
full_coverage_complete,basketballathand,60,0,0,4,True,False,True,0.0,0.0
full_coverage_complete,basketballathand,61,0,0,4,True,False,True,0.0,0.0
full_coverage_complete,basketballathand,62,0,0,4,True,False,True,0.0,0.0
full_coverage_complete,basketballathand,63,0,0,4,True,False,True,0.0,0.0
full_coverage_complete,belowdarkgirl,63,0,0,4,True,False,True,0.70133436883867,0.70133436883867
full_coverage_complete,belowdarkgirl,64,0,0,4,True,False,True,0.7611993471165454,0.7611993471165454
full_coverage_complete,belowdarkgirl,69,0,0,4,True,False,True,0.7037069543549599,0.7037069543549599
full_coverage_complete,belowdarkgirl,72,1,0,1,True,False,True,0.8185747712853036,0.8058063783640161
full_coverage_complete,belowdarkgirl,73,0,0,4,True,False,True,0.8523800977975009,0.8523800977975009
full_coverage_complete,belowdarkgirl,75,0,0,4,True,False,True,0.7492026798094117,0.7492026798094117
full_coverage_complete,belowdarkgirl,77,1,0,1,True,False,True,0.8193012984883785,0.8266963169722817
full_coverage_complete,belowdarkgirl,78,5,0,5,True,False,True,0.7479879915203824,0.7760196677868714
full_coverage_complete,belowdarkgirl,80,0,0,4,True,False,True,0.7745587343459037,0.7745587343459037
full_coverage_complete,belowdarkgirl,90,5,0,5,True,False,True,0.8123403641527871,0.8082132133092846
full_coverage_complete,belowdarkgirl,91,0,0,5,True,False,True,0.7588477596234656,0.7588477596234656
full_coverage_complete,belowdarkgirl,92,5,0,5,True,False,True,0.7593858576962831,0.8150504902952864
full_coverage_complete,belowdarkgirl,94,0,0,5,True,False,True,0.7550884039546194,0.7550884039546194
full_coverage_complete,belowdarkgirl,95,0,0,5,True,False,True,0.7235292125992948,0.7235292125992948
full_coverage_complete,belowdarkgirl,96,0,0,5,True,False,True,0.7580655845514377,0.7580655845514377
full_coverage_complete,belowdarkgirl,97,0,0,5,True,False,True,0.7734102908749695,0.7734102908749695
full_coverage_complete,belowdarkgirl,98,0,0,5,True,False,True,0.8116277543492775,0.8116277543492775
full_coverage_complete,belowdarkgirl,99,0,0,4,True,False,True,0.826479820936018,0.826479820936018
full_coverage_complete,belowdarkgirl,100,0,0,4,True,False,True,0.7681611700386143,0.7681611700386143
full_coverage_complete,belowdarkgirl,102,0,0,5,True,False,True,0.8042348401061457,0.8042348401061457
full_coverage_complete,belowdarkgirl,103,0,0,4,True,False,True,0.835143684276499,0.835143684276499
full_coverage_complete,belowdarkgirl,104,5,0,5,True,False,True,0.8651849705592035,0.8675751325200595
full_coverage_complete,belowdarkgirl,105,0,0,4,True,False,True,0.8341532681040853,0.8341532681040853
full_coverage_complete,belowdarkgirl,106,1,0,1,True,False,True,0.8472465117034464,0.8800579227345623
full_coverage_complete,belowdarkgirl,107,4,0,4,True,False,True,0.8548889682168016,0.8274933553725043
full_coverage_complete,belowdarkgirl,108,4,1,4,True,False,True,0.8543405634365292,0.8408167919377186
full_coverage_complete,belowdarkgirl,109,4,0,4,True,False,True,0.866217290088974,0.8263526240863142
full_coverage_complete,belowdarkgirl,111,0,0,1,True,False,True,0.795791829083204,0.795791829083204
full_coverage_complete,belowdarkgirl,113,1,0,1,True,False,True,0.8342221077093204,0.8709845058215439
full_coverage_complete,belowdarkgirl,114,1,0,1,True,False,True,0.8438608953707416,0.9371042475856539
full_coverage_complete,belowdarkgirl,115,1,0,1,True,False,True,0.7954574547055985,0.8200505321285373
full_coverage_complete,belowdarkgirl,116,5,0,5,True,False,True,0.7405086075178677,0.7433461650964852
full_coverage_complete,belowdarkgirl,118,5,0,5,True,False,True,0.7310898605931175,0.7586493619572884
full_coverage_complete,belowdarkgirl,119,5,0,5,True,False,True,0.8757029576490316,0.856455157905192
full_coverage_complete,belowdarkgirl,120,0,0,4,True,False,True,0.80214375418474,0.80214375418474
full_coverage_complete,belowdarkgirl,121,5,0,5,True,False,True,0.7517507472082785,0.7307831996766431
full_coverage_complete,belowdarkgirl,122,0,0,4,True,False,True,0.8261304949759203,0.8261304949759203
full_coverage_complete,belowdarkgirl,123,5,0,5,True,False,True,0.8757067993126717,0.888131265063602
full_coverage_complete,belowdarkgirl,124,1,0,1,True,False,True,0.8179236954517275,0.8253460400825352
full_coverage_complete,belowdarkgirl,125,0,0,4,True,False,True,0.8972651618256529,0.8972651618256529
full_coverage_complete,belowdarkgirl,127,4,0,4,True,False,True,0.7808397569543816,0.7537485120009138
full_coverage_complete,belowdarkgirl,128,4,0,4,True,False,True,0.7305622101790107,0.7122431855519674
full_coverage_complete,belowdarkgirl,129,4,0,4,True,False,True,0.7407317264336851,0.7716803991868088
full_coverage_complete,belowdarkgirl,130,4,0,4,True,False,True,0.734122929270715,0.8034877908867055
full_coverage_complete,belowdarkgirl,131,4,0,4,True,False,True,0.8067646362042131,0.8380901548606414
full_coverage_complete,belowdarkgirl,132,4,0,4,True,False,True,0.8299530965656181,0.792070590308923
full_coverage_complete,belowdarkgirl,134,0,0,4,True,False,True,0.839195078489673,0.839195078489673
full_coverage_complete,belowdarkgirl,136,5,0,5,True,False,True,0.8388031280024155,0.8308714115585023
full_coverage_complete,belowdarkgirl,137,5,0,5,True,False,True,0.7548393005130555,0.838800862065631
full_coverage_complete,belowdarkgirl,138,5,0,5,True,False,True,0.8195928196264423,0.8596856660043933
full_coverage_complete,belowdarkgirl,139,5,0,5,True,False,True,0.8327677371445568,0.8775016789025656
full_coverage_complete,belowdarkgirl,140,4,1,4,True,False,True,0.8466604452430727,0.8223251046723606
full_coverage_complete,belowdarkgirl,141,1,0,1,True,False,True,0.7611062199333681,0.7283712441601985
full_coverage_complete,belowdarkgirl,142,4,1,4,True,False,True,0.684226910347959,0.6512997043794453
full_coverage_complete,belowdarkgirl,143,4,1,4,True,False,True,0.6911377521497352,0.6212021154477292
full_coverage_complete,belowdarkgirl,144,0,0,4,True,False,True,0.6796327240734528,0.6796327240734528
full_coverage_complete,belowdarkgirl,145,1,0,1,True,False,True,0.6754143491552789,0.6594161417511863
full_coverage_complete,belowdarkgirl,147,0,0,4,True,False,True,0.7057124303239616,0.7057124303239616
full_coverage_complete,belowdarkgirl,151,0,0,1,True,False,True,0.7787212841013204,0.7787212841013204
full_coverage_complete,belowdarkgirl,152,0,0,4,True,False,True,0.7779018746731663,0.7779018746731663
full_coverage_complete,belowdarkgirl,153,0,0,4,True,False,True,0.84609347062588,0.84609347062588
full_coverage_complete,belowdarkgirl,155,1,0,1,True,False,True,0.9617550618799656,0.888609456689105
full_coverage_complete,belowdarkgirl,157,0,0,4,True,False,True,0.9187866893146803,0.9187866893146803
full_coverage_complete,belowdarkgirl,159,0,0,4,True,False,True,0.8592248406049431,0.8592248406049431
full_coverage_complete,belowdarkgirl,160,4,0,4,True,False,True,0.745942309399068,0.7606691723322574
full_coverage_complete,belowdarkgirl,161,1,0,1,True,False,True,0.6828558906845474,0.6535528000530161
full_coverage_complete,belowdarkgirl,162,4,0,4,True,False,True,0.703662407107652,0.580494257609329
full_coverage_complete,belowdarkgirl,164,0,0,4,True,False,True,0.7571303126577024,0.7571303126577024
full_coverage_complete,belowdarkgirl,165,4,2,4,True,False,True,0.6458999942912935,0.7162715556763805
full_coverage_complete,belowdarkgirl,166,0,0,4,True,False,True,0.5736645715808141,0.5736645715808141
full_coverage_complete,belowdarkgirl,169,0,0,4,True,False,True,0.5990495543916255,0.5990495543916255
full_coverage_complete,belowdarkgirl,170,0,0,4,True,False,True,0.644284255755279,0.644284255755279
full_coverage_complete,belowdarkgirl,173,0,0,4,True,False,True,0.7447451374167261,0.7447451374167261
full_coverage_complete,belowdarkgirl,175,5,0,5,True,False,True,0.8236530070588464,0.6985200196682665
full_coverage_complete,belowdarkgirl,176,4,0,4,True,False,True,0.6847141227494862,0.7044922988322488
full_coverage_complete,belowdarkgirl,177,4,0,4,True,False,True,0.6614290086533371,0.7580584490657015
full_coverage_complete,belowdarkgirl,178,5,0,5,True,False,True,0.7259790155912086,0.7869967389109574
full_coverage_complete,belowdarkgirl,179,0,0,5,True,False,True,0.764399647547057,0.764399647547057
full_coverage_complete,belowdarkgirl,180,5,0,5,True,False,True,0.6943811901873553,0.6984999073329836
full_coverage_complete,belowdarkgirl,181,5,0,5,True,False,True,0.6511738497228808,0.6785560497116616
full_coverage_complete,belowdarkgirl,182,4,0,4,True,False,True,0.6286438505911763,0.6099470157254677
full_coverage_complete,belowdarkgirl,183,0,0,4,True,False,True,0.6098824261102107,0.6098824261102107
full_coverage_complete,belowdarkgirl,184,0,0,4,True,False,True,0.5861301316269761,0.5861301316269761
full_coverage_complete,belowdarkgirl,185,0,0,4,True,False,True,0.6396619373568796,0.6396619373568796
full_coverage_complete,belowdarkgirl,186,1,0,1,True,False,True,0.7614240336918059,0.810516988590308
full_coverage_complete,belowdarkgirl,187,0,0,4,True,False,True,0.8064509914137995,0.8064509914137995
full_coverage_complete,belowdarkgirl,188,5,0,5,True,False,True,0.7901861415114192,0.8208823398993912
full_coverage_complete,belowdarkgirl,189,0,0,4,True,False,True,0.7852566025760981,0.7852566025760981
full_coverage_complete,belowdarkgirl,190,1,0,1,True,False,True,0.771608364021358,0.7102534828170246
full_coverage_complete,belowdarkgirl,194,0,0,1,True,False,True,0.8602146753246059,0.8602146753246059
full_coverage_complete,belowdarkgirl,195,0,0,4,True,False,True,0.8201255993512099,0.8201255993512099
full_coverage_complete,belowdarkgirl,196,0,0,4,True,False,True,0.8027015733451637,0.8027015733451637
full_coverage_complete,belowdarkgirl,197,0,0,5,True,False,True,0.8128717701186373,0.8128717701186373
full_coverage_complete,belowdarkgirl,198,0,0,4,True,False,True,0.8370822037853225,0.8370822037853225
full_coverage_complete,besom3,211,6,0,6,True,False,True,0.6811344674548588,0.23966930940376058
full_coverage_complete,besom3,213,0,0,6,True,False,True,0.753278882574036,0.753278882574036
full_coverage_complete,besom3,215,6,0,6,True,False,True,0.31685710997122496,0.18126277205528601
full_coverage_complete,besom3,216,6,0,6,True,False,True,0.6911092506222942,0.19190326147188624
full_coverage_complete,besom3,219,0,0,6,True,False,True,0.5015607538848124,0.5015607538848124
full_coverage_complete,besom3,222,6,0,6,True,False,True,0.4708045326425447,0.3965066236574335
full_coverage_complete,besom3,223,6,0,6,True,False,True,0.45891607658748756,0.6291132822132741
full_coverage_complete,besom3,238,6,0,6,True,False,True,0.7216032405047828,0.620230464038501
full_coverage_complete,besom3,246,6,0,6,True,False,True,0.39744315534964963,0.6988688392889342
full_coverage_complete,besom3,247,6,1,6,True,False,True,0.6177509024574075,0.31128445777586133
full_coverage_complete,besom3,248,6,0,6,True,False,True,0.5081517079607625,0.5214914235786677
full_coverage_complete,besom3,249,5,0,5,True,False,True,0.5684948769682104,0.3947584875491664
full_coverage_complete,besom3,250,6,0,6,True,False,True,0.7265134860167409,0.3807293027435128
full_coverage_complete,besom3,258,0,0,6,True,False,True,0.3712660597782863,0.3712660597782863
full_coverage_complete,besom3,262,6,0,6,True,False,True,0.32927479978307345,0.13423029952649615
full_coverage_complete,besom3,266,6,0,6,True,False,True,0.4803332632688859,0.11418992707377759
full_coverage_complete,besom3,269,0,1,5,True,False,True,0.37464064620226,0.37464064620226
full_coverage_complete,besom3,270,5,0,5,True,False,True,0.32353033703446954,0.12016128601353414
full_coverage_complete,besom3,272,0,0,5,True,False,True,0.32530865803782216,0.32530865803782216
full_coverage_complete,besom3,276,0,0,6,True,False,True,0.39770524038323235,0.39770524038323235
full_coverage_complete,besom3,277,0,0,6,True,False,True,0.3520646834577869,0.3520646834577869
full_coverage_complete,besom3,279,0,0,6,True,False,True,0.32056198225672006,0.32056198225672006
full_coverage_complete,besom3,280,0,0,6,True,False,True,0.32242704493941127,0.32242704493941127
full_coverage_complete,besom3,284,0,0,6,True,False,True,0.33629972723644636,0.33629972723644636
full_coverage_complete,besom3,287,0,0,6,True,False,True,0.24419445872487647,0.24419445872487647
full_coverage_complete,besom3,289,5,0,5,True,False,True,0.25030210575175327,0.13780913790397203
full_coverage_complete,besom3,290,5,0,5,True,False,True,0.17053555221393815,0.12535525709495804
full_coverage_complete,besom3,295,6,1,6,True,False,True,0.514948914638093,0.1691734855680842
full_coverage_complete,besom3,297,6,0,6,True,False,True,0.551271027203101,0.14755906892069476
full_coverage_complete,besom3,298,6,0,6,True,False,True,0.5541278886859387,0.13823331872578187
full_coverage_complete,besom3,299,0,0,6,True,False,True,0.493366020609732,0.493366020609732
full_coverage_complete,besom3,300,0,0,6,True,False,True,0.5314907975672576,0.5314907975672576
full_coverage_complete,besom3,303,6,3,6,True,False,True,0.39430449415264207,0.17076921416238974
full_coverage_complete,besom3,304,5,3,5,True,False,True,0.359009634817991,0.16902566422497856
full_coverage_complete,besom3,305,0,0,6,True,False,True,0.3768878865781537,0.3768878865781537
full_coverage_complete,besom3,306,0,0,6,True,False,True,0.3178772575465204,0.3178772575465204
full_coverage_complete,besom3,307,0,0,6,True,False,True,0.40794415968700104,0.40794415968700104
full_coverage_complete,besom3,308,0,0,6,True,False,True,0.20619829453554986,0.20619829453554986
full_coverage_complete,besom3,309,6,0,6,True,False,True,0.1511682828193147,0.15422016056546542
full_coverage_complete,besom3,311,0,0,6,True,False,True,0.1484245728604178,0.1484245728604178
full_coverage_complete,besom3,312,0,0,5,True,False,True,0.14575892392271722,0.14575892392271722
full_coverage_complete,besom3,313,0,0,6,True,False,True,0.19451489242853698,0.19451489242853698
full_coverage_complete,besom3,314,0,0,6,True,False,True,0.15756320783599168,0.15756320783599168
full_coverage_complete,besom3,315,0,0,5,True,False,True,0.2779664222819268,0.2779664222819268
full_coverage_complete,besom3,316,0,0,6,True,False,True,0.18351058732557757,0.18351058732557757
full_coverage_complete,besom3,317,0,0,5,True,False,True,0.28280413883063604,0.28280413883063604
full_coverage_complete,besom3,318,0,0,6,True,False,True,0.1695391758470253,0.1695391758470253
full_coverage_complete,besom3,319,6,0,6,True,False,True,0.24902455290117265,0.14249869076102534
full_coverage_complete,besom3,320,6,0,6,True,False,True,0.13591110703532341,0.0761037462418307
full_coverage_complete,besom3,321,5,0,5,True,False,True,0.10087812779662766,0.08510707011749331
full_coverage_complete,besom3,322,0,0,6,True,False,True,0.2683955041194278,0.2683955041194278
full_coverage_complete,besom3,323,0,0,5,True,False,True,0.07286864949408439,0.07286864949408439
full_coverage_complete,besom3,324,0,0,6,True,False,True,0.18153076377797664,0.18153076377797664
full_coverage_complete,besom3,326,6,0,6,True,False,True,0.33375791969927066,0.12770604827654788
full_coverage_complete,besom3,332,6,0,6,True,False,True,0.29942160394820205,0.08166840698017408
full_coverage_complete,besom3,335,0,0,6,True,False,True,0.19926016577963676,0.19926016577963676
full_coverage_complete,besom3,337,0,0,6,True,False,True,0.24093101227625832,0.24093101227625832
full_coverage_complete,besom3,338,5,0,5,True,False,True,0.2929452096551376,0.15963608071111948
full_coverage_complete,besom3,339,0,0,6,True,False,True,0.3577125339225385,0.3577125339225385
full_coverage_complete,besom3,340,0,0,6,True,False,True,0.40186085058841536,0.40186085058841536
full_coverage_complete,besom3,341,5,0,5,True,False,True,0.37277953980400047,0.09331963015302153
full_coverage_complete,besom3,345,6,0,6,True,False,True,0.36782550955572907,0.0858281090599335
full_coverage_complete,besom3,347,0,0,5,True,False,True,0.24220647114733995,0.24220647114733995
full_coverage_complete,besom3,349,0,0,6,True,False,True,0.3378462299605808,0.3378462299605808
full_coverage_complete,besom3,352,0,0,5,True,False,True,0.18159527833583652,0.18159527833583652
full_coverage_complete,besom3,353,0,0,6,True,False,True,0.31039099718482505,0.31039099718482505
full_coverage_complete,besom3,354,0,0,6,True,False,True,0.3193131713983206,0.3193131713983206
full_coverage_complete,besom3,356,0,0,6,True,False,True,0.364892138752698,0.364892138752698
full_coverage_complete,besom3,358,0,0,6,True,False,True,0.6116604274347416,0.6116604274347416
full_coverage_complete,besom3,359,6,1,6,True,False,True,0.40548659973721435,0.3427320230914016
full_coverage_complete,besom3,362,0,0,6,True,False,True,0.35162894689734947,0.35162894689734947
full_coverage_complete,besom3,386,0,0,6,True,False,True,0.2734356785660603,0.2734356785660603
full_coverage_complete,besom3,418,0,0,6,True,False,True,0.4411572472378122,0.4411572472378122
full_coverage_complete,besom3,420,5,0,5,True,False,True,0.22424463091833446,0.3673567422691114
full_coverage_complete,besom3,448,0,0,6,True,False,True,0.4157975132344387,0.4157975132344387
full_coverage_complete,besom3,450,6,0,6,True,False,True,0.3433333671448172,0.1287403390417019
full_coverage_complete,bike,210,0,0,2,True,False,True,0.496812086819042,0.496812086819042
full_coverage_complete,bike,211,0,0,5,True,False,True,0.6203059670046785,0.6203059670046785
full_coverage_complete,bike,212,0,0,5,True,False,True,0.5966157836329571,0.5966157836329571
full_coverage_complete,bike,213,0,0,5,True,False,True,0.6951679373416549,0.6951679373416549
full_coverage_complete,bike,214,0,0,5,True,False,True,0.4729814267251981,0.4729814267251981
full_coverage_complete,bike,215,0,0,5,True,False,True,0.3923912117884575,0.3923912117884575
full_coverage_complete,bike,216,0,0,5,True,False,True,0.2837897470160699,0.2837897470160699
full_coverage_complete,bike,217,0,0,5,True,False,True,0.2568861975094335,0.2568861975094335
full_coverage_complete,bike,218,0,0,5,True,False,True,0.06099302815893616,0.06099302815893616
full_coverage_complete,bike,219,0,0,1,True,False,True,0.22064648124536582,0.22064648124536582
full_coverage_complete,bike,220,0,0,5,True,False,True,0.3458593326851618,0.3458593326851618
full_coverage_complete,bike,221,0,0,5,True,False,True,0.4962534185412146,0.4962534185412146
full_coverage_complete,bike,222,0,0,5,True,False,True,0.740196271694588,0.740196271694588
full_coverage_complete,bike,506,0,0,1,True,False,True,0.67193061539767,0.67193061539767
full_coverage_complete,bike,507,0,0,1,True,False,True,0.503561546453727,0.503561546453727
full_coverage_complete,bike,508,0,0,1,True,False,True,0.4726338448741125,0.4726338448741125
full_coverage_complete,bike2left,9,0,0,6,True,False,True,0.8851722964624236,0.8851722964624236
full_coverage_complete,bike2left,10,0,0,5,True,False,True,0.6877227990395368,0.6877227990395368
full_coverage_complete,bike2left,22,0,0,6,True,False,True,0.8095145097002412,0.8095145097002412
full_coverage_complete,bike2left,23,0,0,5,True,False,True,0.5361310272396761,0.5361310272396761
full_coverage_complete,bike2left,24,0,0,5,True,False,True,0.4394570906258771,0.4394570906258771
full_coverage_complete,bike2left,25,0,0,5,True,False,True,0.2648079217467911,0.2648079217467911
full_coverage_complete,bike2left,26,0,0,6,True,False,True,0.0,0.0
full_coverage_complete,bike2left,27,5,0,5,True,False,True,0.0,0.0
full_coverage_complete,bike2left,28,0,0,5,True,False,True,0.0,0.0
full_coverage_complete,bike2left,29,0,0,1,True,False,True,0.0,0.0
full_coverage_complete,bike2left,30,0,0,5,True,False,True,0.0,0.0
full_coverage_complete,bike2left,32,2,0,2,True,False,True,0.0,0.8755670448825507
full_coverage_complete,bike2trees,97,5,0,5,True,False,True,0.6410568359980403,0.20636196130106285
full_coverage_complete,bike2trees,98,0,1,0,False,False,True,0.23713002983483072,0.0
full_coverage_complete,bike2trees,99,6,0,6,True,False,True,0.14770750592319254,0.31337342039931015
full_coverage_complete,bike2trees,105,0,0,5,True,False,True,0.21686122300320565,0.21686122300320565
full_coverage_complete,bike2trees,111,0,0,1,True,False,True,0.6755649530775982,0.6755649530775982
full_coverage_complete,bike2trees,135,0,0,5,True,False,True,0.20720528491701384,0.20720528491701384
full_coverage_complete,bike2trees,136,0,0,5,True,False,True,0.6239671054617265,0.6239671054617265
full_coverage_complete,bikeboyintodark,119,5,0,5,True,False,True,0.4934933507406718,0.4320766601061491
full_coverage_complete,bikeboyintodark,131,5,0,5,True,False,True,0.6426989239831801,0.41269687896029467
full_coverage_complete,bikeboyintodark,345,0,0,1,True,False,True,0.0,0.0
full_coverage_complete,bikeboyintodark,353,1,0,1,True,False,True,0.0,0.8827432160742974
full_coverage_complete,bikeboyintodark,359,0,1,0,False,False,True,0.8811094542274289,0.0
full_coverage_complete,bikeboyintodark,360,0,0,5,True,False,True,0.0,0.0
full_coverage_complete,bikeboyintodark,361,0,0,1,True,False,True,0.0,0.0
full_coverage_complete,bikeboyintodark,363,1,0,1,True,False,True,0.0,0.9324740728403588
full_coverage_complete,bikeboyintodark,365,1,0,1,True,False,True,0.8142446590066919,0.8382530489929939
full_coverage_complete,bikeboyintodark,368,0,0,5,True,False,True,0.0,0.0
full_coverage_complete,bikeboyintodark,370,5,0,5,True,False,True,0.17906977578447542,0.4101133021414213
full_coverage_complete,bikeboyintodark,373,1,0,1,True,False,True,0.8081966286736831,0.7474741879639574
full_coverage_complete,bikeboyintodark,374,1,0,1,True,False,True,0.7504844722855698,0.8362864462818204
full_coverage_complete,bikeboyintodark,375,6,0,6,True,False,True,0.7381153519185927,0.8337615340291268
full_coverage_complete,bikeboyintodark,376,1,0,1,True,False,True,0.7157530034798906,0.6936851607994228
full_coverage_complete,bikeboyintodark,377,0,0,1,True,False,True,0.5328089159638613,0.0
full_coverage_complete,bikeboyintodark,384,0,0,4,True,False,True,0.0,0.0
full_coverage_complete,bikeboyintodark,385,0,0,5,True,False,True,0.0,0.0
full_coverage_complete,bikeboyintodark,386,0,0,5,True,False,True,0.0,0.0
full_coverage_complete,bikeboyintodark,388,0,0,4,True,False,True,0.0,0.0
full_coverage_complete,bikeboyintodark,390,0,0,5,True,False,True,0.0,0.0
full_coverage_complete,bikeboyintodark,391,0,0,5,True,False,True,0.0,0.0
full_coverage_complete,bikeboyintodark,392,0,0,1,True,False,True,0.0,0.0
full_coverage_complete,bikeboyintodark,393,0,0,0,False,False,True,0.0,0.6066492423290342
full_coverage_complete,bikeboyintodark,395,0,0,1,True,False,True,0.6406032070252838,0.6406032070252838
full_coverage_complete,bikeboyintodark,398,1,0,1,True,False,True,0.7525901509579107,0.7319290487977911
full_coverage_complete,bikeboyintodark,401,0,0,1,True,False,True,0.0,0.0
full_coverage_complete,bikeboyintodark,402,5,2,5,True,False,True,0.2305115231862713,0.5438018678440514
full_coverage_complete,bikeboyintodark,403,0,0,1,True,False,True,0.0,0.0
full_coverage_complete,bikeboyintodark,404,0,0,5,True,False,True,0.7612218635030549,0.7612218635030549
full_coverage_complete,bikeboyintodark,405,0,0,1,True,False,True,0.8388497538365715,0.0
full_coverage_complete,bikeboyintodark,406,5,0,5,True,False,True,0.0,0.0
full_coverage_complete,bikeboyintodark,409,1,2,1,True,False,True,0.0,0.34873435793487106
full_coverage_complete,bikeboyintodark,410,0,0,6,True,False,True,0.0,0.0
full_coverage_complete,bikeboyintodark,411,0,0,5,True,False,True,0.0,0.0
full_coverage_complete,bikeboyintodark,413,5,0,5,True,False,True,0.0,0.0
full_coverage_complete,bikeboyintodark,420,5,0,5,True,False,True,0.33764473916690074,0.3044069476487876
full_coverage_complete,bikeboyintodark,421,0,0,5,True,False,True,0.0019452559138904038,0.0019452559138904038
full_coverage_complete,bikeboyintodark,422,5,0,5,True,False,True,0.0,0.5192973120217174
full_coverage_complete,bikeboyintodark,423,0,0,5,True,False,True,0.0,0.0
full_coverage_complete,bikeboyintodark,438,0,0,0,False,False,True,0.0,0.8185005926361414
full_coverage_complete,bikeboyintodark,441,1,0,1,True,False,True,0.7569825159175742,0.7233757384952575
full_coverage_complete,bikeboyintodark,442,0,1,0,False,False,True,0.7119377892080746,0.0
full_coverage_complete,bikeboyintodark,445,1,0,1,True,False,True,0.0,0.8506149179834881
full_coverage_complete,bikeboyintodark,446,1,0,1,True,False,True,0.7759860446106541,0.7677816414789268
full_coverage_complete,bikeboyintodark,447,0,1,0,False,False,True,0.7719918578554015,0.0
full_coverage_complete,bikeboyintodark,454,0,0,2,True,False,True,0.0,0.0
full_coverage_complete,bikeboyintodark,473,0,0,1,True,False,True,0.0,0.0
full_coverage_complete,bikeboyintodark,474,1,0,1,True,False,True,0.0,0.7703832874199271
full_coverage_complete,bikeboyintodark,482,5,0,5,True,False,True,0.7894943615602714,0.7406973842115699
full_coverage_complete,bikeboyintodark,488,0,0,5,True,False,True,0.6750164132762435,0.6750164132762435
full_coverage_complete,bikeboyintodark,493,0,0,5,True,False,True,0.8676320837872247,0.8676320837872247
full_coverage_complete,bikeboyintodark,495,5,0,5,True,False,True,0.7642163217943171,0.8955682250560154
full_coverage_complete,bikeboyintodark,496,1,0,1,True,False,True,0.816091633540855,0.8554513134300158
full_coverage_complete,bikeboyintodark,497,5,0,5,True,False,True,0.8480256198217079,0.8717636019474991
full_coverage_complete,bikeboyintodark,499,0,0,4,True,False,True,0.8472328752725988,0.8472328752725988
full_coverage_complete,bikeboyintodark,500,0,0,4,True,False,True,0.883671487148015,0.883671487148015
full_coverage_complete,bikeboyintodark,501,0,0,5,True,False,True,0.911141194711106,0.911141194711106
full_coverage_complete,bikeboyintodark,504,5,0,5,True,False,True,0.8109554621653389,0.8048629835515869
full_coverage_complete,bikeboyintodark,509,5,0,5,True,False,True,0.7256125810824633,0.7676440928583081
full_coverage_complete,bikeboyintodark,510,4,0,4,True,False,True,0.8124903469392616,0.0
full_coverage_complete,bikeboyintodark,516,0,0,1,True,False,True,0.0,0.0
full_coverage_complete,bikeboyintodark,519,0,0,4,True,False,True,0.0,0.0
full_coverage_complete,bikeboyintodark,521,0,0,1,True,False,True,0.0,0.0
full_coverage_complete,bikeboyintodark,522,0,0,1,True,False,True,0.0,0.0
full_coverage_complete,bikeboyintodark,527,0,0,4,True,False,True,0.0,0.0
full_coverage_complete,bikeboyintodark,528,0,0,4,True,False,True,0.0,0.0
full_coverage_complete,bikeboyintodark,529,0,0,4,True,False,True,0.0,0.0
full_coverage_complete,bikeboyintodark,531,0,0,4,True,False,True,0.0,0.0
full_coverage_complete,bikeboyintodark,532,0,0,5,True,False,True,0.0,0.0
full_coverage_complete,bikeboyintodark,533,0,0,5,True,False,True,0.0,0.0
full_coverage_complete,bikeboyintodark,534,0,0,5,True,False,True,0.0,0.0
full_coverage_complete,bikeboyintodark,535,0,0,5,True,False,True,0.0,0.0
full_coverage_complete,bikeboyintodark,536,0,0,4,True,False,True,0.0,0.0
full_coverage_complete,bikeboyintodark,537,0,0,4,True,False,True,0.0,0.0
full_coverage_complete,bikeboyintodark,542,0,0,4,True,False,True,0.0,0.0
full_coverage_complete,bikeboyintodark,543,0,0,4,True,False,True,0.0,0.0
full_coverage_complete,bikeboyintodark,544,0,0,4,True,False,True,0.0,0.0
full_coverage_complete,bikeboyintodark,545,0,0,4,True,False,True,0.0,0.0
full_coverage_complete,bikeboyintodark,546,0,0,4,True,False,True,0.0,0.0
full_coverage_complete,bikeboyintodark,548,0,0,4,True,False,True,0.0,0.0
full_coverage_complete,bikeboyintodark,549,0,0,4,True,False,True,0.0,0.0
full_coverage_complete,bikeboyintodark,551,0,0,4,True,False,True,0.0,0.0
full_coverage_complete,bikeboyintodark,552,0,0,4,True,False,True,0.0,0.0
full_coverage_complete,bikeboyintodark,554,0,0,4,True,False,True,0.0,0.0
full_coverage_complete,bikeboyintodark,555,0,0,4,True,False,True,0.0,0.0
full_coverage_complete,bikeboyintodark,556,0,0,4,True,False,True,0.0,0.0
full_coverage_complete,bikeboyintodark,557,0,0,4,True,False,True,0.0,0.0
full_coverage_complete,bikeboyintodark,558,0,0,4,True,False,True,0.0,0.0
full_coverage_complete,bikeboyintodark,559,0,0,4,True,False,True,0.0,0.0
full_coverage_complete,bikeboyintodark,560,0,0,4,True,False,True,0.0,0.0
full_coverage_complete,bikeboyintodark,561,0,0,4,True,False,True,0.0,0.0
full_coverage_complete,bikeboyintodark,562,0,0,4,True,False,True,0.0,0.0
full_coverage_complete,bikeboyintodark,563,0,0,5,True,False,True,0.0,0.0
full_coverage_complete,bikeboyintodark,564,0,0,4,True,False,True,0.0,0.0
full_coverage_complete,bikeboyintodark,565,0,0,5,True,False,True,0.0,0.0
full_coverage_complete,bikeboyintodark,566,0,0,5,True,False,True,0.0,0.0
full_coverage_complete,bikeboyintodark,569,0,0,4,True,False,True,0.0,0.0
full_coverage_complete,bikeboyintodark,570,0,0,1,True,False,True,0.0,0.0
full_coverage_complete,bikeboyintodark,571,0,0,4,True,False,True,0.0,0.0
full_coverage_complete,bikeboyintodark,572,0,0,5,True,False,True,0.0,0.0
full_coverage_complete,bikeboyintodark,573,0,0,5,True,False,True,0.0,0.0
full_coverage_complete,bikeboyintodark,574,0,0,5,True,False,True,0.0,0.0
full_coverage_complete,bikeboyintodark,575,0,0,5,True,False,True,0.0,0.0
full_coverage_complete,bikeboyintodark,576,0,0,5,True,False,True,0.0,0.0
full_coverage_complete,bikeboyintodark,577,0,0,5,True,False,True,0.0,0.0
full_coverage_complete,bikeboyintodark,578,0,0,5,True,False,True,0.0,0.0
full_coverage_complete,bikeboyintodark,579,0,0,5,True,False,True,0.0,0.0
full_coverage_complete,bikeboyintodark,580,0,0,5,True,False,True,0.0,0.0
full_coverage_complete,bikeboyintodark,581,0,0,5,True,False,True,0.0,0.0
full_coverage_complete,bikeboyintodark,582,0,0,5,True,False,True,0.0,0.0
full_coverage_complete,bikeboyintodark,583,0,0,5,True,False,True,0.0,0.0
full_coverage_complete,bikeboyintodark,584,0,0,5,True,False,True,0.0,0.0
full_coverage_complete,bikeboyintodark,585,0,0,5,True,False,True,0.0,0.0
full_coverage_complete,bikeboyintodark,586,0,0,5,True,False,True,0.0,0.0
full_coverage_complete,bikeboyintodark,587,0,0,5,True,False,True,0.0,0.0
full_coverage_complete,bikeboyintodark,588,5,4,5,True,False,True,0.0,0.0
full_coverage_complete,bikeboyintodark,589,6,0,6,True,False,True,0.03834048311289899,0.0
full_coverage_complete,bikeboyintodark,590,0,0,6,True,False,True,0.030106375208709634,0.030106375208709634
full_coverage_complete,bikeboyintodark,591,0,0,5,True,False,True,0.20729802214363252,0.20729802214363252
full_coverage_complete,bikeboyintodark,592,0,0,5,True,False,True,0.13651976368074073,0.13651976368074073
full_coverage_complete,bikeboyintodark,593,0,0,5,True,False,True,0.10180761063329913,0.10180761063329913
full_coverage_complete,bikeboyintodark,594,0,0,5,True,False,True,0.08424162845351299,0.08424162845351299
full_coverage_complete,bikeboyintodark,595,0,1,5,True,False,True,0.0,0.0
full_coverage_complete,bikeboyintodark,596,0,0,5,True,False,True,0.0,0.0
full_coverage_complete,bikeboyintodark,597,0,0,5,True,False,True,0.0,0.0
full_coverage_complete,bikeboyintodark,598,0,0,5,True,False,True,0.0,0.0
full_coverage_complete,bikeboyintodark,599,0,0,1,True,False,True,0.0,0.0
full_coverage_complete,bikeboyintodark,600,0,0,1,True,False,True,0.0,0.0
full_coverage_complete,bikeboyintodark,601,0,0,1,True,False,True,0.0,0.0
full_coverage_complete,bikeboyintodark,602,0,0,4,True,False,True,0.0,0.0
full_coverage_complete,bikeboyintodark,603,0,0,1,True,False,True,0.0,0.0
full_coverage_complete,bikeboyintodark,604,5,0,5,True,False,True,0.0,0.0
full_coverage_complete,bikeboyintodark,605,0,0,5,True,False,True,0.0,0.0
full_coverage_complete,bikeboyintodark,606,0,0,5,True,False,True,0.0,0.0
full_coverage_complete,bikeboyintodark,607,0,0,1,True,False,True,0.0,0.0
full_coverage_complete,bikeboyintodark,608,0,0,1,True,False,True,0.0,0.0
full_coverage_complete,bikeboyintodark,609,0,0,1,True,False,True,0.0,0.0
full_coverage_complete,bikeboyintodark,610,0,0,1,True,False,True,0.0,0.0
full_coverage_complete,bikeboyintodark,611,0,0,1,True,False,True,0.0,0.0
full_coverage_complete,bikeboyintodark,612,0,0,4,True,False,True,0.0,0.0
full_coverage_complete,bikeboyintodark,613,0,0,4,True,False,True,0.0,0.0
full_coverage_complete,bikeboyintodark,614,0,0,5,True,False,True,0.0,0.0
full_coverage_complete,bikeboyintodark,615,0,0,5,True,False,True,0.0,0.0
full_coverage_complete,bikeboyintodark,616,0,0,5,True,False,True,0.0,0.0
full_coverage_complete,bikeboyintodark,617,0,0,5,True,False,True,0.0,0.0
full_coverage_complete,bikeboyintodark,618,0,0,5,True,False,True,0.0,0.0
full_coverage_complete,bikeboyintodark,619,0,0,5,True,False,True,0.0,0.0
full_coverage_complete,bikeboyintodark,620,0,0,5,True,False,True,0.0,0.0
full_coverage_complete,bikeboyintodark,621,0,0,5,True,False,True,0.0,0.0
full_coverage_complete,bikeboyintodark,622,0,0,5,True,False,True,0.0,0.0
full_coverage_complete,bikeboyintodark,623,0,0,5,True,False,True,0.0,0.0
full_coverage_complete,bikeboyintodark,624,0,0,5,True,False,True,0.0,0.0
full_coverage_complete,bikeboyintodark,626,0,0,5,True,False,True,0.0,0.0
full_coverage_complete,bikeboyintodark,627,5,0,5,True,False,True,0.0,0.0
full_coverage_complete,bikeboyintodark,628,0,0,5,True,False,True,0.0,0.0
full_coverage_complete,bikeboyintodark,629,0,0,5,True,False,True,0.0,0.0
full_coverage_complete,bikeboyintodark,630,0,0,1,True,False,True,0.0,0.0
full_coverage_complete,bikeboyintodark,631,0,0,5,True,False,True,0.0,0.0
full_coverage_complete,bikeboyintodark,632,0,0,1,True,False,True,0.0,0.0
full_coverage_complete,bikeboyintodark,633,0,0,5,True,False,True,0.0,0.0
full_coverage_complete,bikeboyintodark,634,0,0,5,True,False,True,0.0,0.0
full_coverage_complete,bikeboyintodark,635,0,0,5,True,False,True,0.0,0.0
full_coverage_complete,bikeboyintodark,636,0,0,5,True,False,True,0.0,0.0
full_coverage_complete,bikeboyintodark,637,0,0,5,True,False,True,0.0,0.0
full_coverage_complete,bikeboyintodark,641,0,0,1,True,False,True,0.0,0.0
full_coverage_complete,bikeboyintodark,642,0,0,1,True,False,True,0.0,0.0
full_coverage_complete,bikeboyintodark,643,0,0,5,True,False,True,0.0,0.0
full_coverage_complete,bikeboyintodark,644,0,0,5,True,False,True,0.0,0.0
full_coverage_complete,bikeboyintodark,645,0,0,5,True,False,True,0.0,0.0
full_coverage_complete,bikeboyintodark,646,0,0,1,True,False,True,0.0,0.0
full_coverage_complete,bikeboyintodark,647,0,0,5,True,False,True,0.0,0.0
full_coverage_complete,bikeboyintodark,648,0,0,5,True,False,True,0.0,0.0
full_coverage_complete,bikeboyintodark,649,0,0,5,True,False,True,0.0,0.0
full_coverage_complete,bikeboyintodark,650,0,0,5,True,False,True,0.0,0.0
full_coverage_complete,bikeboyintodark,651,0,0,5,True,False,True,0.0,0.0
full_coverage_complete,bikeboyintodark,652,0,0,5,True,False,True,0.0,0.0
full_coverage_complete,bikeboyintodark,653,0,0,5,True,False,True,0.0,0.0
full_coverage_complete,bikeboyintodark,654,0,0,1,True,False,True,0.0,0.0
full_coverage_complete,bikeboyintodark,655,0,0,5,True,False,True,0.0,0.0
full_coverage_complete,bikeboyintodark,656,0,0,5,True,False,True,0.0,0.0
full_coverage_complete,bikeboyintodark,657,0,0,5,True,False,True,0.0,0.0
full_coverage_complete,bikeboyintodark,659,0,0,5,True,False,True,0.0,0.0
full_coverage_complete,bikeboyintodark,660,0,0,5,True,False,True,0.0,0.0
full_coverage_complete,bikeboyintodark,661,0,0,5,True,False,True,0.0,0.0
full_coverage_complete,bikeboyintodark,662,0,0,5,True,False,True,0.0,0.0
full_coverage_complete,bikeboyintodark,663,0,0,5,True,False,True,0.0,0.0
full_coverage_complete,bikeboyintodark,664,0,0,5,True,False,True,0.0,0.0
full_coverage_complete,bikeboyintodark,665,0,0,5,True,False,True,0.0,0.0
full_coverage_complete,bikeboyintodark,666,0,0,5,True,False,True,0.0,0.0
full_coverage_complete,bikeboyintodark,667,0,0,1,True,False,True,0.0,0.0
full_coverage_complete,bikeboyintodark,668,0,0,5,True,False,True,0.0,0.0
full_coverage_complete,bikeboyintodark,669,0,0,1,True,False,True,0.0,0.0
full_coverage_complete,bikeboyintodark,670,0,0,5,True,False,True,0.0,0.0
full_coverage_complete,bikeboyintodark,671,0,0,5,True,False,True,0.0,0.0
full_coverage_complete,bikeboyintodark,672,0,0,5,True,False,True,0.0,0.0
full_coverage_complete,bikeboyintodark,673,0,0,5,True,False,True,0.0,0.0
full_coverage_complete,bikeboyintodark,674,0,0,5,True,False,True,0.0,0.0
full_coverage_complete,bikeboyintodark,675,0,0,5,True,False,True,0.0,0.0
full_coverage_complete,bikeboyintodark,677,0,0,5,True,False,True,0.0,0.0
full_coverage_complete,bikeboyintodark,678,0,0,4,True,False,True,0.0,0.0
full_coverage_complete,bikeboyintodark,679,0,0,5,True,False,True,0.0,0.0
full_coverage_complete,bikeboyintodark,680,0,0,1,True,False,True,0.0,0.0
full_coverage_complete,bikeboyintodark,682,0,0,1,True,False,True,0.0,0.0
full_coverage_complete,bikeboyintodark,683,0,0,4,True,False,True,0.0,0.0
full_coverage_complete,bikeboyintodark,684,0,0,1,True,False,True,0.0,0.0
full_coverage_complete,bikeboyintodark,685,0,0,1,True,False,True,0.0,0.0
full_coverage_complete,bikeboyintodark,688,0,0,1,True,False,True,0.0,0.0
full_coverage_complete,bikeboyintodark,689,0,0,4,True,False,True,0.0,0.0
full_coverage_complete,bikeboyintodark,691,4,0,4,True,False,True,0.0,0.0
full_coverage_complete,bikeboyintodark,692,0,0,5,True,False,True,0.0,0.0
full_coverage_complete,bikeboyintodark,693,0,0,5,True,False,True,0.0,0.0
full_coverage_complete,bikeboyintodark,694,0,0,5,True,False,True,0.0,0.0
full_coverage_complete,bikeboyintodark,695,5,2,5,True,False,True,0.0,0.0
full_coverage_complete,bikeboyintodark,696,0,0,1,True,False,True,0.0,0.0
full_coverage_complete,bikeboyintodark,697,0,0,1,True,False,True,0.0,0.0
full_coverage_complete,bikeboyintodark,698,0,0,4,True,False,True,0.0,0.0
full_coverage_complete,bikeboyintodark,699,0,0,1,True,False,True,0.0,0.0
full_coverage_complete,bikeboyintodark,700,0,0,4,True,False,True,0.0,0.0
full_coverage_complete,bikeboyintodark,701,0,0,1,True,False,True,0.0,0.0
full_coverage_complete,bikeboyintodark,702,4,0,4,True,False,True,0.0,0.0
full_coverage_complete,bikeboyintodark,703,0,2,5,True,False,True,0.0,0.0
full_coverage_complete,bikeboyintodark,704,0,0,1,True,False,True,0.0,0.0
full_coverage_complete,bikeboyintodark,706,4,0,4,True,False,True,0.0,0.0
full_coverage_complete,bikeboyintodark,707,0,0,5,False,False,True,0.0,0.0
full_coverage_complete,bikeboyintodark,708,0,0,1,True,False,True,0.0,0.0
full_coverage_complete,bikeboyintodark,710,0,0,4,True,False,True,0.0,0.0
full_coverage_complete,bikeboyintodark,711,0,0,4,True,False,True,0.0,0.0
full_coverage_complete,bikeboyintodark,713,5,3,5,True,False,True,0.0,0.0
full_coverage_complete,bikeboyintodark,714,0,0,5,True,False,True,0.0,0.0
full_coverage_complete,bikeboyintodark,715,0,1,5,True,False,True,0.0,0.0
full_coverage_complete,bikeboyintodark,716,0,0,1,True,False,True,0.0,0.0
full_coverage_complete,bikeboyintodark,717,0,0,5,True,False,True,0.0,0.0
full_coverage_complete,bikeboyintodark,718,0,0,4,True,False,True,0.0,0.0
full_coverage_complete,bikeboyintodark,719,0,0,5,True,False,True,0.0,0.0
full_coverage_complete,bikeboyintodark,720,0,0,5,True,False,True,0.0,0.0
full_coverage_complete,bikeboyintodark,721,5,0,5,True,False,True,0.0,0.0
full_coverage_complete,bikeboyintodark,723,0,0,5,True,False,True,0.0,0.0
full_coverage_complete,bikeboyintodark,724,0,0,5,True,False,True,0.0,0.0
full_coverage_complete,bikeboyintodark,725,0,0,5,True,False,True,0.0,0.0
full_coverage_complete,bikeboyintodark,727,0,0,4,True,False,True,0.0,0.0
full_coverage_complete,bikeboyintodark,729,0,0,4,True,False,True,0.0,0.0
full_coverage_complete,bikeboyintodark,732,0,0,4,True,False,True,0.0,0.0
full_coverage_complete,bikeboyintodark,733,0,0,5,True,False,True,0.0,0.0
full_coverage_complete,bikeboyintodark,734,0,1,5,True,False,True,0.0,0.0
full_coverage_complete,bikeboyintodark,735,0,0,1,True,False,True,0.0,0.0
full_coverage_complete,bikeboyintodark,736,0,0,4,True,False,True,0.0,0.0
full_coverage_complete,bikeboyintodark,737,0,0,4,True,False,True,0.0,0.0
full_coverage_complete,bikeboyintodark,738,0,0,5,True,False,True,0.0,0.0
full_coverage_complete,bikeboyintodark,739,0,0,5,True,False,True,0.0,0.0
full_coverage_complete,bikeboyintodark,740,0,0,5,True,False,True,0.0,0.0
full_coverage_complete,bikeboyintodark,741,0,0,5,True,False,True,0.0,0.0
full_coverage_complete,bikeboyintodark,742,0,0,5,True,False,True,0.0,0.0
full_coverage_complete,bikeboyintodark,743,0,0,4,True,False,True,0.0,0.0
full_coverage_complete,bikeboyintodark,744,0,0,5,True,False,True,0.0,0.0
full_coverage_complete,bikeboyintodark,745,0,0,4,True,False,True,0.0,0.0
full_coverage_complete,bikeboyintodark,746,0,0,5,True,False,True,0.0,0.0
full_coverage_complete,bikeboyintodark,747,0,0,4,True,False,True,0.0,0.0
full_coverage_complete,bikeboyintodark,748,0,1,4,True,False,True,0.0,0.0
full_coverage_complete,bikeboyintodark,749,0,0,4,True,False,True,0.0,0.0
full_coverage_complete,bikeboyintodark,750,0,0,4,True,False,True,0.0,0.0
full_coverage_complete,bikeboyintodark,751,0,0,4,True,False,True,0.0,0.0
full_coverage_complete,bikeboyintodark,752,0,0,4,True,False,True,0.0,0.0
full_coverage_complete,bikeboyintodark,753,4,0,4,True,False,True,0.0,0.0
full_coverage_complete,bikeboyintodark,754,0,0,5,True,False,True,0.0,0.0
full_coverage_complete,bikeboyintodark,756,0,0,5,True,False,True,0.0,0.0
full_coverage_complete,bikeboyintodark,757,0,0,4,True,False,True,0.0,0.0
full_coverage_complete,bikeboyintodark,758,0,0,5,True,False,True,0.0,0.0
full_coverage_complete,bikeboyintodark,759,0,0,4,True,False,True,0.0,0.0
full_coverage_complete,bikeboyintodark,760,0,0,4,True,False,True,0.0,0.0
full_coverage_complete,bikeboyintodark,761,0,0,5,True,False,True,0.0,0.0
full_coverage_complete,bikeboyintodark,762,0,0,4,True,False,True,0.0,0.0
full_coverage_complete,bikeboyintodark,763,0,0,5,True,False,True,0.0,0.0
full_coverage_complete,bikeboyintodark,764,0,0,4,True,False,True,0.0,0.0
full_coverage_complete,bikeboyintodark,765,4,1,4,True,False,True,0.0,0.0
full_coverage_complete,bikeboyintodark,766,0,1,5,True,False,True,0.0,0.0
full_coverage_complete,bikeboyintodark,767,0,0,4,True,False,True,0.0,0.0
full_coverage_complete,bikeboyintodark,768,0,0,4,True,False,True,0.0,0.0
full_coverage_complete,bikeboyintodark,769,0,0,5,True,False,True,0.0,0.0
full_coverage_complete,bikeboyintodark,770,0,0,4,True,False,True,0.0,0.0
full_coverage_complete,bikeboyintodark,771,0,0,5,True,False,True,0.0,0.0
full_coverage_complete,bikeboyintodark,772,0,0,4,True,False,True,0.0,0.0
full_coverage_complete,bikeboyintodark,773,5,3,5,True,False,True,0.0,0.0
full_coverage_complete,bikeboyintodark,774,0,0,6,True,False,True,0.0,0.0
full_coverage_complete,bikeboyintodark,775,5,1,5,True,False,True,0.0,0.0
full_coverage_complete,bikeboyintodark,776,0,0,5,True,False,True,0.0,0.0
full_coverage_complete,bikeboyintodark,777,0,0,5,True,False,True,0.0,0.0
full_coverage_complete,bikeboyintodark,778,0,0,5,True,False,True,0.0,0.0
full_coverage_complete,bikeboyintodark,779,0,0,5,True,False,True,0.0,0.0
full_coverage_complete,bikeboyintodark,780,0,0,5,True,False,True,0.0,0.0
full_coverage_complete,bikeboyintodark,781,0,0,5,True,False,True,0.0,0.0
full_coverage_complete,bikeboyintodark,782,5,3,5,True,False,True,0.0,0.0
full_coverage_complete,bikeboyintodark,783,0,0,6,True,False,True,0.0,0.0
full_coverage_complete,bikeboyintodark,784,5,0,5,True,False,True,0.0,0.0
full_coverage_complete,bikeboyintodark,785,0,0,5,True,False,True,0.0,0.0
full_coverage_complete,bikeboyintodark,786,5,3,5,True,False,True,0.0,0.0
full_coverage_complete,bikeboyintodark,787,0,0,6,True,False,True,0.0,0.0
full_coverage_complete,bikeboyintodark,788,0,0,5,True,False,True,0.0,0.0
full_coverage_complete,bikeboyintodark,789,0,0,4,True,False,True,0.0,0.0
full_coverage_complete,bikeboyintodark,790,0,0,4,True,False,True,0.0,0.0
full_coverage_complete,bikeboyintodark,791,0,0,5,True,False,True,0.0,0.0
full_coverage_complete,bikeboyintodark,792,5,0,5,True,False,True,0.0,0.0
full_coverage_complete,bikeboyintodark,793,0,0,5,True,False,True,0.0,0.0
full_coverage_complete,bikeboyintodark,795,0,0,4,True,False,True,0.0,0.0
full_coverage_complete,bikeboyintodark,796,0,0,5,True,False,True,0.0,0.0
full_coverage_complete,bikeboyintodark,797,0,0,5,True,False,True,0.0,0.0
full_coverage_complete,bikeboyintodark,798,0,0,5,True,False,True,0.0,0.0
full_coverage_complete,bikeboyintodark,799,0,0,4,True,False,True,0.0,0.0
full_coverage_complete,bikeboyintodark,800,0,0,4,True,False,True,0.0,0.0
full_coverage_complete,bikeboyintodark,802,0,0,4,True,False,True,0.0,0.0
full_coverage_complete,bikeboyintodark,803,0,0,5,True,False,True,0.0,0.0
full_coverage_complete,bikeboyintodark,804,0,0,5,True,False,True,0.0,0.0
full_coverage_complete,bikeboyintodark,805,0,0,5,True,False,True,0.0,0.0
full_coverage_complete,bikeboyintodark,806,0,0,5,True,False,True,0.0,0.0
full_coverage_complete,bikeboyintodark,807,0,0,5,True,False,True,0.0,0.0
full_coverage_complete,bikeboyintodark,808,0,1,4,True,False,True,0.0,0.0
full_coverage_complete,bikeboyintodark,809,6,0,6,True,False,True,0.0,0.0
full_coverage_complete,bikeboyintodark,810,6,0,6,True,False,True,0.0,0.0
full_coverage_complete,bikeboyintodark,811,0,1,6,True,False,True,0.0,0.0
full_coverage_complete,bikeboyintodark,812,0,0,5,True,False,True,0.0,0.0
full_coverage_complete,bikeboyintodark,813,5,3,5,True,False,True,0.0,0.0
full_coverage_complete,bikeboyintodark,814,6,0,6,True,False,True,0.0,0.0
full_coverage_complete,bikeboyintodark,815,6,0,6,True,False,True,0.0,0.0
full_coverage_complete,bikeboyintodark,816,6,0,6,True,False,True,0.0,0.0
full_coverage_complete,bikeboyintodark,817,6,0,6,True,False,True,0.0,0.0
full_coverage_complete,bikeboyintodark,823,0,0,4,True,False,True,0.0,0.0
full_coverage_complete,bikeboyintodark,824,0,0,4,True,False,True,0.0,0.0
full_coverage_complete,bikeboyright,435,0,1,2,True,False,True,0.6625911139428737,0.0
full_coverage_complete,bikeboyright,436,0,0,0,False,False,True,0.0,0.7061846398735749
full_coverage_complete,bikeboyright,439,0,1,0,False,False,True,0.7479099935306796,0.0
full_coverage_complete,bikeboyright,440,0,0,0,False,False,True,0.0,0.714508156589984
full_coverage_complete,bikeboyright,451,0,0,5,True,False,True,0.2669211053155869,0.2669211053155869
full_coverage_complete,bikeboyright,461,0,1,1,True,False,True,0.7016877681486956,0.0
full_coverage_complete,bikeboyturn,17,5,0,5,True,False,True,0.6058137338372814,0.6975942008934001
full_coverage_complete,bikefromlight,22,0,0,5,True,False,True,0.7596681954926103,0.7596681954926103
full_coverage_complete,bikefromlight,25,0,0,1,True,False,True,0.6462619465631797,0.6462619465631797
full_coverage_complete,bikefromlight,27,0,0,4,True,False,True,0.4019775805147383,0.4019775805147383
full_coverage_complete,bikefromlight,37,0,0,1,True,False,True,0.2112686722143304,0.2112686722143304
full_coverage_complete,bikefromlight,38,0,0,1,True,False,True,0.6454255442188385,0.6454255442188385
full_coverage_complete,bikefromlight,54,5,0,5,True,False,True,0.6812884934303078,0.7292924833772045
full_coverage_complete,bikefromlight,57,0,0,4,True,False,True,0.5762962670701213,0.5762962670701213
full_coverage_complete,bikefromlight,68,0,0,4,True,False,True,0.7042300105052594,0.7042300105052594
full_coverage_complete,bikefromlight,76,0,0,4,True,False,True,0.83113880056596,0.83113880056596
full_coverage_complete,bikefromlight,77,5,0,5,True,False,True,0.839252318829879,0.7949691946147954
full_coverage_complete,bikefromlight,82,5,0,5,True,False,True,0.8656394388053469,0.8593220495866204
full_coverage_complete,bikefromlight,83,5,0,5,True,False,True,0.7756801902980267,0.7738215914179118
full_coverage_complete,bikefromlight,121,0,0,5,True,False,True,0.7337239268627257,0.7337239268627257
full_coverage_complete,bikefromlight,128,0,0,5,True,False,True,0.5813621143084051,0.5813621143084051
full_coverage_complete,bikegoindark,69,0,0,4,True,False,True,0.5207006018720126,0.5207006018720126
full_coverage_complete,bikegoindark,70,0,0,4,True,False,True,0.5284393654663989,0.5284393654663989
full_coverage_complete,bikegoindark,71,0,0,1,True,False,True,0.5963381945405276,0.5963381945405276
full_coverage_complete,bikegoindark,72,0,0,1,True,False,True,0.29506245821655896,0.29506245821655896
full_coverage_complete,bikegoindark,73,0,0,4,True,False,True,0.3925561379563161,0.3925561379563161
full_coverage_complete,bikegoindark,74,0,0,5,True,False,True,0.027539635742768652,0.027539635742768652
full_coverage_complete,bikegoindark,75,0,0,5,True,False,True,0.0628220444302312,0.0628220444302312
full_coverage_complete,bikegoindark,76,0,0,5,True,False,True,0.3230981570178639,0.3230981570178639
full_coverage_complete,bikegoindark,77,0,0,5,True,False,True,0.39975918378481196,0.39975918378481196
full_coverage_complete,bikegoindark,78,0,0,5,True,False,True,0.5538503176076947,0.5538503176076947
full_coverage_complete,bikegoindark,79,0,0,5,True,False,True,0.64605959059712,0.64605959059712
full_coverage_complete,bikegoindark,80,0,0,5,True,False,True,0.5092549208930226,0.5092549208930226
full_coverage_complete,bikegoindark,81,0,0,5,True,False,True,0.5582413977417887,0.5582413977417887
full_coverage_complete,bikegoindark,82,5,0,5,True,False,True,0.4640746952416532,0.3590103016964274
full_coverage_complete,bikegoindark,84,0,0,1,True,False,True,0.1314385696504707,0.1314385696504707
full_coverage_complete,bikegoindark,85,0,0,5,True,False,True,0.5299837428874771,0.5299837428874771
full_coverage_complete,bikegoindark,86,0,0,5,True,False,True,0.5768382492031608,0.5768382492031608
full_coverage_complete,bikegoindark,87,0,0,5,True,False,True,0.48813848103573565,0.48813848103573565
full_coverage_complete,bikegoindark,88,5,4,5,True,False,True,0.4190158297021665,0.0
full_coverage_complete,bikegoindark,89,0,0,5,True,False,True,0.0,0.0
full_coverage_complete,bikegoindark,90,0,0,4,True,False,True,0.0,0.0
full_coverage_complete,bikegoindark,91,5,0,5,True,False,True,0.0,0.0
full_coverage_complete,bikegoindark,92,5,0,5,True,False,True,0.0,0.0
full_coverage_complete,bikegoindark,93,0,0,5,True,False,True,0.0,0.0
full_coverage_complete,bikegoindark,94,0,0,5,True,False,True,0.0,0.0
full_coverage_complete,bikegoindark,96,0,0,4,True,False,True,0.0,0.0
full_coverage_complete,bikegoindark,97,0,0,4,True,False,True,0.0,0.0
full_coverage_complete,bikegoindark,98,0,0,5,True,False,True,0.0,0.0
full_coverage_complete,bikegoindark,99,4,0,4,True,False,True,0.0,0.0
full_coverage_complete,bikegoindark,100,5,2,5,True,False,True,0.0,0.0
full_coverage_complete,bikegoindark,101,5,0,5,True,False,True,0.0,0.0
full_coverage_complete,bikegoindark,102,0,0,5,True,False,True,0.0,0.0
full_coverage_complete,bikegoindark,103,0,0,4,True,False,True,0.0,0.0
full_coverage_complete,bikegoindark,104,0,0,5,True,False,True,0.0,0.0
full_coverage_complete,bikegoindark,105,5,0,5,True,False,True,0.0,0.0
full_coverage_complete,bikegoindark,106,5,0,5,True,False,True,0.0,0.0
full_coverage_complete,bikegoindark,107,0,0,4,True,False,True,0.0,0.0
full_coverage_complete,bikegoindark,108,0,0,4,True,False,True,0.0,0.0
full_coverage_complete,bikegoindark,109,5,3,5,True,False,True,0.0,0.0
full_coverage_complete,bikegoindark,110,0,0,5,True,False,True,0.0,0.0
full_coverage_complete,bikegoindark,111,0,0,5,True,False,True,0.0,0.0
full_coverage_complete,bikegoindark,112,0,0,5,True,False,True,0.0,0.0
full_coverage_complete,bikegoindark,113,0,0,5,True,False,True,0.0,0.0
full_coverage_complete,bikegoindark,114,0,0,5,True,False,True,0.0,0.0
full_coverage_complete,bikegoindark,115,5,0,5,True,False,True,0.0,0.0
full_coverage_complete,bikegoindark,116,0,0,5,True,False,True,0.0,0.0
full_coverage_complete,bikegoindark,117,0,0,5,True,False,True,0.0,0.0
full_coverage_complete,bikegoindark,118,0,0,5,True,False,True,0.0,0.0
full_coverage_complete,bikegoindark,119,0,3,5,True,False,True,0.0,0.0
full_coverage_complete,bikegoindark,120,0,0,5,True,False,True,0.0,0.0
full_coverage_complete,bikegoindark,123,4,0,4,True,False,True,0.0,0.0
full_coverage_complete,bikegoindark,124,0,0,5,True,False,True,0.0,0.0
full_coverage_complete,bikegoindark,125,5,0,5,True,False,True,0.0,0.0
full_coverage_complete,bikegoindark,126,1,0,1,True,False,True,0.0,0.0
full_coverage_complete,bikegoindark,128,0,0,5,True,False,True,0.0,0.0
full_coverage_complete,bikegoindark,129,0,0,5,True,False,True,0.0,0.0
full_coverage_complete,bikegoindark,130,5,4,5,True,False,True,0.0,0.002606079497742324
full_coverage_complete,bikegoindark,131,0,0,4,True,False,True,0.0726263851368917,0.0726263851368917
full_coverage_complete,bikegoindark,132,0,0,4,True,False,True,0.17170058166050772,0.17170058166050772
full_coverage_complete,bikegoindark,133,0,0,4,True,False,True,0.016092647423184624,0.016092647423184624
full_coverage_complete,bikegoindark,134,0,0,4,True,False,True,0.06989511335101956,0.06989511335101956
full_coverage_complete,bikegoindark,135,0,0,5,True,False,True,0.05443590417484552,0.05443590417484552
full_coverage_complete,bikegoindark,136,0,0,4,True,False,True,0.3753425714965082,0.3753425714965082
full_coverage_complete,bikegoindark,137,0,0,4,True,False,True,0.5119493405756705,0.5119493405756705
full_coverage_complete,bikegoindark,138,0,1,4,True,False,True,0.5814374704436537,0.0
full_coverage_complete,bikegoindark,139,0,0,4,True,False,True,0.0,0.0
full_coverage_complete,bikegoindark,140,0,2,4,True,False,True,0.0,0.0
full_coverage_complete,bikegoindark,141,0,0,4,True,False,True,0.0,0.0
full_coverage_complete,bikegoindark,142,0,0,4,True,False,True,0.0,0.0
full_coverage_complete,bikegoindark,143,0,1,0,False,False,True,0.0,0.5618143539733604
full_coverage_complete,bikegoindark,144,0,0,5,True,False,True,0.5132900199227218,0.5132900199227218
full_coverage_complete,bikegoindark,148,0,0,4,True,False,True,0.5841809768694007,0.5841809768694007
full_coverage_complete,bikegoindark,149,4,2,4,True,False,True,0.5559814142475288,0.5097234518900905
full_coverage_complete,bikegoindark,150,4,3,4,True,False,True,0.64169560496652,0.36704895654631325
full_coverage_complete,bikegoindark,151,0,0,4,True,False,True,0.33090287174712396,0.33090287174712396
full_coverage_complete,bikegoindark,152,0,0,4,True,False,True,0.2650313286255398,0.2650313286255398
full_coverage_complete,bikegoindark,153,0,0,4,True,False,True,0.3515194001938184,0.3515194001938184
full_coverage_complete,bikegoindark,154,0,0,4,True,False,True,0.5567331080206976,0.5567331080206976
full_coverage_complete,bikegoindark,155,0,0,4,True,False,True,0.389259838708379,0.389259838708379
full_coverage_complete,bikegoindark,157,0,0,5,True,False,True,0.4780495810018297,0.4780495810018297
full_coverage_complete,bikegoindark,159,0,0,5,True,False,True,0.5177194832725357,0.5177194832725357
full_coverage_complete,bikegoindark,160,0,0,5,True,False,True,0.5627862145818323,0.5627862145818323
full_coverage_complete,bikegoindark,161,0,0,5,True,False,True,0.5896396610944626,0.5896396610944626
full_coverage_complete,bikegoindark,162,0,0,5,True,False,True,0.5956227586079079,0.5956227586079079
full_coverage_complete,bikegoindark,163,0,0,5,True,False,True,0.532982586062419,0.532982586062419
full_coverage_complete,bikegoindark,164,0,0,5,True,False,True,0.362969106211854,0.362969106211854
full_coverage_complete,bikegoindark,165,0,0,4,True,False,True,0.1767978644469497,0.1767978644469497
full_coverage_complete,bikegoindark,166,0,0,5,True,False,True,0.20285416115787402,0.20285416115787402
full_coverage_complete,bikegoindark,167,0,0,5,True,False,True,0.22325012507270434,0.22325012507270434
full_coverage_complete,bikegoindark,168,5,0,5,True,False,True,0.23661353298516807,0.3767728518870406
full_coverage_complete,bikegoindark,169,5,0,5,True,False,True,0.41522901987567445,0.4382507189867182
full_coverage_complete,bikegoindark,170,0,0,5,True,False,True,0.15704510554724518,0.15704510554724518
full_coverage_complete,bikegoindark,171,0,0,5,True,False,True,0.11209795103178245,0.11209795103178245
full_coverage_complete,bikegoindark,173,5,0,5,True,False,True,0.5341648929370653,0.6311851108459582
full_coverage_complete,bikegoindark,174,0,0,1,True,False,True,0.6275653338107172,0.6275653338107172
full_coverage_complete,bikegoindark,175,0,0,5,True,False,True,0.6417529722679218,0.6417529722679218
full_coverage_complete,bikegoindark,176,0,0,4,True,False,True,0.6715422713726796,0.6715422713726796
full_coverage_complete,bikegoindark,177,1,0,1,True,False,True,0.5463674484092015,0.5664938595241427
full_coverage_complete,bikegoindark,178,0,0,4,True,False,True,0.5791433132360313,0.5791433132360313
full_coverage_complete,bikegoindark,179,5,0,5,True,False,True,0.2593732278143195,0.3414554822830956
full_coverage_complete,bikegoindark,180,0,0,5,True,False,True,0.3559529651446347,0.3559529651446347
full_coverage_complete,bikegoindark,181,0,0,4,True,False,True,0.5200822258414097,0.5200822258414097
full_coverage_complete,bikegoindark,182,0,0,4,True,False,True,0.5752809731729169,0.5752809731729169
full_coverage_complete,bikegoindark,183,0,0,4,True,False,True,0.4222108634285723,0.4222108634285723
full_coverage_complete,bikegoindark,184,0,0,4,True,False,True,0.510544818467404,0.510544818467404
full_coverage_complete,bikegoindark,185,0,0,4,True,False,True,0.3086595303230849,0.3086595303230849
full_coverage_complete,bikegoindark,186,0,0,5,True,False,True,0.4005096057811952,0.4005096057811952
full_coverage_complete,bikegoindark,187,0,0,4,True,False,True,0.409459815413842,0.409459815413842
full_coverage_complete,bikegoindark,190,5,3,5,True,False,True,0.3653059319036554,0.1847096124132831
full_coverage_complete,bikegoindark,191,5,2,5,True,False,True,0.3539312837632031,0.3183445127264403
full_coverage_complete,bikegoindark,192,0,0,5,True,False,True,0.09443550931539399,0.09443550931539399
full_coverage_complete,bikegoindark,193,5,2,5,True,False,True,0.19951520481885232,0.0
full_coverage_complete,bikegoindark,194,0,0,5,True,False,True,0.0,0.0
full_coverage_complete,bikegoindark,196,0,0,5,True,False,True,0.0,0.0
full_coverage_complete,bikegoindark,197,5,0,5,True,False,True,0.0,0.0
full_coverage_complete,bikegoindark,198,0,0,5,True,False,True,0.0,0.0
full_coverage_complete,bikegoindark,199,0,0,5,True,False,True,0.0,0.0
full_coverage_complete,bikegoindark,200,0,0,5,True,False,True,0.0,0.0
full_coverage_complete,bikegoindark,201,0,0,5,True,False,True,0.0,0.0
full_coverage_complete,bikegoindark,203,0,0,4,True,False,True,0.0,0.0
full_coverage_complete,bikegoindark,204,0,0,4,True,False,True,0.0,0.0
full_coverage_complete,bikegoindark,205,0,0,5,True,False,True,0.0,0.0
full_coverage_complete,bikegoindark,206,0,0,5,True,False,True,0.0,0.0
full_coverage_complete,bikegoindark,207,0,0,5,True,False,True,0.0,0.0
full_coverage_complete,bikegoindark,208,5,3,5,True,False,True,0.0,0.0
full_coverage_complete,bikegoindark,209,0,0,5,True,False,True,0.0,0.0
full_coverage_complete,bikegoindark,210,5,3,5,True,False,True,0.0,0.0
full_coverage_complete,bikegoindark,211,0,0,5,True,False,True,0.0,0.0
full_coverage_complete,bikegoindark,212,5,0,5,True,False,True,0.0,0.0
full_coverage_complete,bikegoindark,213,0,0,5,True,False,True,0.0,0.0
full_coverage_complete,bikegoindark,214,0,0,1,True,False,True,0.0,0.0
full_coverage_complete,bikegoindark,215,0,0,5,True,False,True,0.0,0.0
full_coverage_complete,bikegoindark,216,0,0,5,True,False,True,0.0,0.0
full_coverage_complete,bikegoindark,217,0,0,5,True,False,True,0.0,0.0
full_coverage_complete,bikegoindark,218,0,0,5,True,False,True,0.0,0.0
full_coverage_complete,bikegoindark,219,0,0,5,True,False,True,0.0,0.0
full_coverage_complete,bikegoindark,220,0,0,6,True,False,True,0.0,0.0
full_coverage_complete,bikegoindark,222,0,0,4,True,False,True,0.0,0.0
full_coverage_complete,bikegoindark,223,0,0,4,True,False,True,0.0,0.0
full_coverage_complete,bikegoindark,224,0,0,4,True,False,True,0.0,0.0
full_coverage_complete,bikegoindark,225,0,0,5,True,False,True,0.0,0.0
full_coverage_complete,bikegoindark,227,0,0,5,True,False,True,0.0,0.0
full_coverage_complete,bikegoindark,228,0,0,5,True,False,True,0.0,0.0
full_coverage_complete,bikegoindark,230,0,0,5,True,False,True,0.0,0.0
full_coverage_complete,bikegoindark,231,0,0,5,True,False,True,0.0,0.0
full_coverage_complete,bikegoindark,232,0,0,5,True,False,True,0.0,0.0
full_coverage_complete,bikegoindark,233,0,0,5,True,False,True,0.0,0.0
full_coverage_complete,bikegoindark,234,0,0,5,True,False,True,0.0,0.0
full_coverage_complete,bikegoindark,235,0,0,5,True,False,True,0.0,0.0
full_coverage_complete,bikegoindark,236,0,0,5,True,False,True,0.0,0.0
full_coverage_complete,bikegoindark,237,0,0,5,True,False,True,0.0,0.0
full_coverage_complete,bikegoindark,238,0,0,5,True,False,True,0.0,0.0
full_coverage_complete,bikegoindark,239,0,0,5,True,False,True,0.0,0.0
full_coverage_complete,bikegoindark,240,5,2,5,True,False,True,0.0,0.0
full_coverage_complete,bikegoindark,241,0,0,5,True,False,True,0.0,0.0
full_coverage_complete,bikegoindark,242,0,0,5,True,False,True,0.0,0.0
full_coverage_complete,bikegoindark,243,0,0,5,True,False,True,0.0,0.0
full_coverage_complete,bikegoindark,244,0,0,5,True,False,True,0.0,0.0
full_coverage_complete,bikegoindark,245,0,0,5,True,False,True,0.0,0.0
full_coverage_complete,bikegoindark,246,0,0,5,True,False,True,0.0,0.0
full_coverage_complete,bikegoindark,247,5,4,5,True,False,True,0.0,0.0
full_coverage_complete,bikegoindark,248,0,0,5,True,False,True,0.0,0.0
full_coverage_complete,bikegoindark,249,0,0,5,True,False,True,0.0,0.0
full_coverage_complete,bikegoindark,251,0,0,5,True,False,True,0.0,0.0
full_coverage_complete,bikegoindark,252,0,0,5,True,False,True,0.0,0.0
full_coverage_complete,bikegoindark,253,0,0,5,True,False,True,0.0,0.0
full_coverage_complete,bikegoindark,254,0,0,5,True,False,True,0.0,0.0
full_coverage_complete,bikegoindark,255,0,0,5,True,False,True,0.0,0.0
full_coverage_complete,bikegoindark,256,0,0,5,True,False,True,0.0,0.0
full_coverage_complete,bikegoindark,258,0,0,4,True,False,True,0.0,0.0
full_coverage_complete,bikegoindark,260,0,0,5,True,False,True,0.0,0.0
full_coverage_complete,bikegoindark,261,0,0,4,True,False,True,0.0,0.0
full_coverage_complete,bikegoindark,263,0,0,5,True,False,True,0.0,0.0
full_coverage_complete,bikegoindark,264,0,0,5,True,False,True,0.0,0.0
full_coverage_complete,bikegoindark,265,0,0,5,True,False,True,0.0,0.0
full_coverage_complete,bikegoindark,266,0,0,5,True,False,True,0.0,0.0
full_coverage_complete,bikegoindark,267,0,0,5,True,False,True,0.0,0.0
full_coverage_complete,bikegoindark,268,0,0,5,True,False,True,0.0,0.0
full_coverage_complete,bikegoindark,269,0,0,5,True,False,True,0.0,0.0
full_coverage_complete,bikegoindark,270,0,0,4,True,False,True,0.0,0.0
full_coverage_complete,bikegoindark,271,5,0,5,True,False,True,0.0,0.0
full_coverage_complete,bikegoindark,272,4,3,4,True,False,True,0.0,0.0
full_coverage_complete,bikegoindark,273,0,0,5,True,False,True,0.0,0.0
full_coverage_complete,bikegoindark,274,0,0,5,True,False,True,0.0,0.0
full_coverage_complete,bikegoindark,275,5,0,5,True,False,True,0.0,0.0
full_coverage_complete,bikegoindark,276,1,0,1,True,False,True,0.0,0.0
full_coverage_complete,bikegoindark,277,5,0,5,True,False,True,0.0,0.0
full_coverage_complete,bikegoindark,278,0,0,5,True,False,True,0.0,0.0
full_coverage_complete,bikegoindark,279,5,0,5,True,False,True,0.0,0.0
full_coverage_complete,bikegoindark,280,5,0,5,True,False,True,0.0,0.0
full_coverage_complete,bikegoindark,281,5,0,5,True,False,True,0.0,0.0
full_coverage_complete,bikegoindark,282,5,0,5,True,False,True,0.0,0.0
full_coverage_complete,bikegoindark,283,5,0,5,True,False,True,0.0,0.0
full_coverage_complete,blackdown,11,0,1,2,True,False,True,0.7821349694611678,0.0
full_coverage_complete,blackdown,12,0,1,4,True,False,True,0.0,0.8758325292471156
full_coverage_complete,blackdown,46,0,0,1,True,False,True,0.7632374767769728,0.7632374767769728
full_coverage_complete,blackdown,48,0,0,1,True,False,True,0.7273519042912807,0.7273519042912807
full_coverage_complete,blackdown,60,5,1,5,True,False,True,0.5129860614909724,0.5811244763312959
full_coverage_complete,blackdown,61,6,2,6,True,False,True,0.0,0.0
full_coverage_complete,blackgirl,93,0,0,1,True,False,True,0.6839630745416851,0.6839630745416851
full_coverage_complete,blackgirl,96,0,0,4,True,False,True,0.5315244836808825,0.5315244836808825
full_coverage_complete,blackgirl,129,1,0,1,True,False,True,0.8221370263063067,0.7857321100717569
full_coverage_complete,blackgirl,160,1,0,1,True,False,True,0.7702837401879132,0.7421459772062875
full_coverage_complete,blackgirl,181,4,0,4,True,False,True,0.7200021964705022,0.0
full_coverage_complete,blackgirl,182,0,0,5,True,False,True,0.0,0.0
full_coverage_complete,blackgirl,183,5,0,5,True,False,True,0.0,0.0
full_coverage_complete,blackgirl,184,0,0,5,True,False,True,0.0,0.0
full_coverage_complete,blackgirl,185,0,0,4,True,False,True,0.0,0.0
full_coverage_complete,blackgirl,186,0,0,5,True,False,True,0.0,0.0
full_coverage_complete,blackgirl,187,0,0,4,True,False,True,0.0,0.0
full_coverage_complete,blackgirl,188,0,0,4,True,False,True,0.0,0.0
full_coverage_complete,blackgirl,189,0,0,4,True,False,True,0.0,0.0
full_coverage_complete,blackgirl,190,0,1,1,True,False,True,0.0,0.6373543422621638
full_coverage_complete,blackgirl,199,0,0,1,True,False,True,0.22138600279552811,0.22138600279552811
full_coverage_complete,blkboy`shead,171,1,0,1,True,False,True,0.758552722641074,0.0
full_coverage_complete,blkboy`shead,179,5,0,5,True,False,True,0.0,0.0
full_coverage_complete,blkboy`shead,180,0,0,0,False,False,True,0.0,0.6760169037422311
full_coverage_complete,blkboy`shead,502,0,0,5,True,False,True,0.1254515737244419,0.4203628328244582
full_coverage_complete,blkboy`shead,598,0,0,4,True,False,True,0.47315204632538804,0.47315204632538804
full_coverage_complete,blkboy`shead,950,0,0,6,True,False,True,0.12715022811085006,0.12715022811085006
full_coverage_complete,blkboy`shead,951,0,0,0,False,False,True,0.08553052172408766,0.6274990687462243
full_coverage_complete,blkboy`shead,967,0,0,2,True,False,True,0.8671773272699346,0.8671773272699346
full_coverage_complete,blkboy`shead,1107,5,0,5,True,False,True,0.815728824551121,0.8658336046285525
full_coverage_complete,blkboy`shead,1108,0,0,0,False,False,True,0.8040086521423627,0.0
full_coverage_complete,blkboy`shead,1109,0,0,5,True,False,True,0.0,0.6285158861492688
full_coverage_complete,blkboy`shead,1150,0,0,0,False,False,True,0.6966673118247365,0.16496486208219677
full_coverage_complete,blkboy`shead,1401,5,0,5,True,False,True,0.5279477849862153,0.7111991923331643
full_coverage_complete,blkboy`shead,2121,0,0,5,True,False,True,0.30244348744530136,0.30244348744530136
full_coverage_complete,blkboy`shead,2223,0,0,1,True,False,True,0.8353232803437288,0.8353232803437288
full_coverage_complete,blkboy`shead,2224,5,3,5,True,False,True,0.8387903674669609,0.5565553022897239
full_coverage_complete,blkboy`shead,2225,0,0,1,True,False,True,0.7905722077202854,0.7905722077202854
full_coverage_complete,blkboy`shead,2226,0,0,5,True,False,True,0.8022593886886401,0.8022593886886401
full_coverage_complete,blkboy`shead,2235,0,0,5,True,False,True,0.7490027333593087,0.7490027333593087
full_coverage_complete,blkboy`shead,2236,2,0,2,True,False,True,0.7977379382300412,0.001289921073328197
full_coverage_complete,blkboy`shead,2237,0,0,5,True,False,True,0.0034762883999419373,0.0
full_coverage_complete,blkboy`shead,2244,0,0,0,False,False,True,0.1530290293898987,0.5724750471934953
full_coverage_complete,blkboy`shead,2659,0,0,5,True,False,True,0.25805879836117557,0.25805879836117557
full_coverage_complete,blkboy`shead,2660,0,1,5,True,False,True,0.3049876288621655,0.0
full_coverage_complete,blkboy`shead,2661,0,0,4,True,False,True,0.0,0.0
full_coverage_complete,blkboy`shead,2663,0,0,4,True,False,True,0.0,0.0
full_coverage_complete,blkboy`shead,2664,0,1,6,True,False,True,0.0,0.0
full_coverage_complete,blkboy`shead,2665,0,0,6,True,False,True,0.0,0.0
full_coverage_complete,blkboy`shead,2666,5,2,5,True,False,True,0.0,0.0
full_coverage_complete,blkboy`shead,2667,5,1,5,True,False,True,0.0,0.30064867625009645
full_coverage_complete,blkboy`shead,2801,5,0,5,True,False,True,0.7419480203097821,0.7203632652175554
full_coverage_complete,blkboy`shead,2811,5,0,5,True,False,True,0.08204365445725836,0.08448367469233249
full_coverage_complete,blkboy`shead,2831,5,0,5,True,False,True,0.03841616547840098,0.041883583890949386
full_coverage_complete,blkboy`shead,2832,0,0,0,False,False,True,0.02175058615740019,0.8942595233038086
full_coverage_complete,blkboy`shead,2921,1,0,1,True,False,True,0.8300861436305974,0.8383319209948584
full_coverage_complete,blkboy`shead,2930,0,0,0,False,False,True,0.6326989182833078,0.0
full_coverage_complete,blkboy`shead,2935,0,0,0,False,False,True,0.0,0.7206736995244172
full_coverage_complete,blkboy`shead,2949,0,1,5,True,False,True,0.6779216753998955,0.0
full_coverage_complete,blkboy`shead,2950,0,0,4,True,False,True,0.0,0.0
full_coverage_complete,blkboy`shead,2951,0,1,0,False,False,True,0.0,0.0
full_coverage_complete,blkboy`shead,2952,0,1,6,True,False,True,0.05166683682658056,0.529210635402847
full_coverage_complete,blkboy`shead,3012,0,0,1,True,False,True,0.6034174691662676,0.6034174691662676
full_coverage_complete,blkboy`shead,3013,0,0,5,True,False,True,0.13600106642873847,0.13600106642873847
full_coverage_complete,blkboy`shead,3028,0,0,5,True,False,True,0.0,0.0
full_coverage_complete,blkboy`shead,3030,0,1,2,True,False,True,0.0,0.0
full_coverage_complete,blkboy`shead,3032,2,0,2,True,False,True,0.0,0.8060037645540801
full_coverage_complete,blkboy`shead,3150,0,1,6,True,False,True,0.8836777087367856,0.0
full_coverage_complete,blkboy`shead,3237,0,0,6,True,False,True,0.8606189046024495,0.8606189046024495
full_coverage_complete,blkboy`shead,3240,0,0,5,True,False,True,0.8775541137584258,0.8775541137584258
full_coverage_complete,blkboy`shead,3469,0,0,0,False,False,True,0.8050367226119566,0.0680201449583926
full_coverage_complete,blkboy`shead,3477,5,0,5,True,False,True,0.0,0.0
full_coverage_complete,blkboy`shead,3478,5,0,5,True,False,True,0.0,0.0
full_coverage_complete,blkboy`shead,3492,0,1,0,False,False,True,0.0,0.6028969043738995
full_coverage_complete,blkboy`shead,3574,0,0,5,True,False,True,0.14287265353603049,0.14287265353603049
full_coverage_complete,blkboy`shead,3676,0,0,5,True,False,True,0.6277235623943915,0.6277235623943915
full_coverage_complete,blkboy`shead,3825,0,0,6,True,False,True,0.0,0.475803635681946
full_coverage_complete,blkboy`shead,3930,0,0,5,True,False,True,0.0,0.0
full_coverage_complete,blkboy`shead,4043,0,0,0,False,False,True,0.0,0.8485845036117274
full_coverage_complete,blkboy`shead,4152,0,0,5,True,False,True,0.7668701816845611,0.7668701816845611
full_coverage_complete,blkboy`shead,4153,0,0,5,True,False,True,0.7066228370760883,0.7066228370760883
full_coverage_complete,blkboy`shead,4156,0,0,2,True,False,True,0.6559208339247284,0.6559208339247284
full_coverage_complete,blkboy`shead,4157,0,0,5,True,False,True,0.6827793745632247,0.6827793745632247
full_coverage_complete,blkboy`shead,4195,6,0,6,True,False,True,0.021016148923975023,0.0174598260510309
full_coverage_complete,blkboy`shead,4200,5,0,5,True,False,True,0.0,0.0
full_coverage_complete,blkboy`shead,4338,6,0,6,True,False,True,0.0,0.3404798591682182
full_coverage_complete,blkboy`shead,4352,0,0,0,False,False,True,0.6535238404339897,0.06034168018787089
full_coverage_complete,blkboy`shead,4741,0,0,2,True,False,True,0.0,0.4316467189393698
full_coverage_complete,blkboy`shead,4744,5,0,5,True,False,True,0.80392017910707,0.8275914158512022
full_coverage_complete,blkboy`shead,4841,0,0,5,True,False,True,0.6518313955842582,0.6518313955842582
full_coverage_complete,blkboy`shead,5178,0,0,5,True,False,True,0.20563183639004073,0.20563183639004073
full_coverage_complete,blkboy`shead,5182,0,0,5,True,False,True,0.8148978199271484,0.8148978199271484
full_coverage_complete,blkboy`shead,5183,5,0,5,True,False,True,0.7099303176839032,0.818162780593465
full_coverage_complete,blkboy`shead,5185,5,0,5,True,False,True,0.7773154639860792,0.7816330618608575
full_coverage_complete,blkboy`shead,5186,0,0,5,True,False,True,0.8397487628654697,0.8397487628654697
full_coverage_complete,blkboy`shead,5187,5,0,5,True,False,True,0.8277372116864913,0.8882026260020982
full_coverage_complete,blkboy`shead,5407,0,0,5,True,False,True,0.7864686531847189,0.7864686531847189
full_coverage_complete,blkboy`shead,5713,0,0,2,True,False,True,0.7291088919470515,0.7291088919470515
full_coverage_complete,blkboy`shead,5714,0,0,5,True,False,True,0.7332508752168135,0.7332508752168135
full_coverage_complete,blkboy`shead,5715,0,0,5,True,False,True,0.6876898305164696,0.6876898305164696
full_coverage_complete,blkboy`shead,5716,0,0,5,True,False,True,0.7338485898655532,0.7338485898655532
full_coverage_complete,blkboy`shead,5965,0,0,5,True,False,True,0.7703221508202576,0.7703221508202576
full_coverage_complete,blkboy`shead,5966,0,0,5,True,False,True,0.7633210471643902,0.7633210471643902
full_coverage_complete,blkboy`shead,5967,0,0,2,True,False,True,0.7784642096875583,0.7784642096875583
full_coverage_complete,blkboy`shead,5968,2,0,2,True,False,True,0.7985255044954943,0.8053365243064693
full_coverage_complete,blkboy`shead,5969,0,0,6,True,False,True,0.8249103453096277,0.0
full_coverage_complete,blkboy`shead,5981,0,0,1,True,False,True,0.0,0.6623759113840909
full_coverage_complete,blkboy`shead,6177,0,0,4,True,False,True,0.3109251616782104,0.3109251616782104
full_coverage_complete,blkboy`shead,6368,0,0,5,True,False,True,0.7795846413434276,0.7795846413434276
full_coverage_complete,blkboy`shead,6369,0,0,5,True,False,True,0.7563978831227962,0.7563978831227962
full_coverage_complete,blkboy`shead,6370,0,0,1,True,False,True,0.7768511408177957,0.7768511408177957
full_coverage_complete,blkboy`shead,6403,5,0,5,True,False,True,0.0,0.0
full_coverage_complete,blkboy`shead,6404,0,0,5,True,False,True,0.0,0.0
full_coverage_complete,blkboy`shead,6405,2,1,2,True,False,True,0.0,0.6537027035138874
full_coverage_complete,blkboy`shead,6409,0,0,6,True,False,True,0.8491477866427495,0.8491477866427495
full_coverage_complete,blkboy`shead,6554,0,0,6,True,False,True,0.07456307822089692,0.7142635223627852
full_coverage_complete,blkboy`shead,6910,0,0,5,True,False,True,0.6095859796419825,0.6095859796419825
full_coverage_complete,blkboy`shead,7239,0,0,0,False,False,True,0.725936777107672,0.0
full_coverage_complete,blkboy`shead,7255,0,0,2,True,False,True,0.0,0.0
full_coverage_complete,blkboy`shead,7256,2,0,2,True,True,True,0.0,0.837241648834836
full_coverage_complete,blkboy`shead,7257,0,0,6,True,False,True,0.8683122526315344,0.8683122526315344
full_coverage_complete,blkboy`shead,7258,0,0,6,True,False,True,0.8874485454234818,0.8874485454234818
full_coverage_complete,blkboy`shead,7259,0,0,5,True,False,True,0.8105978522007714,0.8105978522007714
full_coverage_complete,blkboy`shead,7496,0,0,5,True,False,True,0.865411210996409,0.865411210996409
full_coverage_complete,blkboy`shead,7497,0,0,5,True,False,True,0.852673973391096,0.852673973391096
full_coverage_complete,blkboy`shead,7498,0,0,5,True,False,True,0.7831126057857959,0.7831126057857959
full_coverage_complete,blkboy`shead,7499,0,0,5,True,False,True,0.8015904438132255,0.8015904438132255
full_coverage_complete,blkboy`shead,7501,0,0,5,True,False,True,0.8531871329378289,0.8531871329378289
full_coverage_complete,blkboy`shead,7502,0,0,5,True,False,True,0.8677055327769331,0.8677055327769331
full_coverage_complete,blkboy`shead,7506,0,0,5,True,False,True,0.8980029466724753,0.8980029466724753
full_coverage_complete,blkboy`shead,7512,0,0,5,True,False,True,0.7929425426430143,0.7929425426430143
full_coverage_complete,blkboy`shead,7513,0,0,5,True,False,True,0.769619170930959,0.769619170930959
full_coverage_complete,blkboy`shead,7514,0,0,5,True,False,True,0.8198118550758754,0.8198118550758754
full_coverage_complete,blkboy`shead,7525,5,0,5,True,False,True,0.8940220753061889,0.0
full_coverage_complete,blkboy`shead,7609,0,0,5,True,False,True,0.7595807058203745,0.7595807058203745
full_coverage_complete,blkboy`shead,7610,0,0,2,True,False,True,0.7815808638756606,0.7815808638756606
full_coverage_complete,blkboy`shead,7611,0,0,2,True,False,True,0.831732372256855,0.831732372256855
full_coverage_complete,blkboy`shead,7612,0,0,2,True,False,True,0.7780842038526098,0.7780842038526098
full_coverage_complete,blkboy`shead,7620,0,1,2,True,False,True,0.6580336937096762,0.6580336937096762
full_coverage_complete,blkboy`shead,7621,0,1,1,True,False,True,0.7869675271218994,0.7869675271218994
full_coverage_complete,blkboy`shead,7711,0,1,0,False,False,True,0.3210334203409759,0.030026017212153294
full_coverage_complete,blkboy`shead,7728,5,0,5,True,False,True,0.018781448577335356,0.023804453029321666
full_coverage_complete,blkboy`shead,7987,0,0,0,False,False,True,0.0,0.787831514883977
full_coverage_complete,blkboy`shead,8852,0,0,1,True,False,True,0.8055565249728506,0.8055565249728506
full_coverage_complete,blkboy`shead,8853,0,0,1,True,False,True,0.8218383027220802,0.8218383027220802
full_coverage_complete,blkboy`shead,9299,0,0,0,False,False,True,0.1949309145216428,0.10983395474045968
full_coverage_complete,blkboy`shead,9301,5,0,5,True,False,True,0.08212684992314467,0.1071996731420578
full_coverage_complete,blkboy`shead,9433,0,0,1,True,False,True,0.4372547673026311,0.4372547673026311
full_coverage_complete,blkboy`shead,9493,0,0,5,True,False,True,0.8357043778789615,0.8357043778789615
full_coverage_complete,blkboy`shead,9494,0,0,5,True,False,True,0.08617098105107286,0.08617098105107286
full_coverage_complete,blkboy`shead,9495,0,0,5,True,False,True,0.14815086867040148,0.14815086867040148
full_coverage_complete,blkboy`shead,9496,0,0,5,True,False,True,0.2556907205809582,0.0
full_coverage_complete,blkboy`shead,9871,0,0,5,True,False,True,0.7457879143463356,0.7457879143463356
full_coverage_complete,blkboy`shead,9872,0,1,5,True,False,True,0.6035715167549901,0.0
full_coverage_complete,blkboy`shead,9873,0,0,4,True,False,True,0.0,0.0
full_coverage_complete,blkboy`shead,9875,6,0,6,True,False,True,0.0,0.0
full_coverage_complete,blkboy`shead,9876,6,1,6,True,False,True,0.0,0.0
full_coverage_complete,blkboy`shead,9881,0,0,4,True,False,True,0.0,0.0
full_coverage_complete,blkboy`shead,9882,0,0,5,True,False,True,0.0,0.0
full_coverage_complete,blkboy`shead,9883,0,0,5,True,True,True,0.0,0.5915998817937258
full_coverage_complete,blkboy`shead,10614,0,0,4,True,False,True,0.1935892161136709,0.1935892161136709
full_coverage_complete,blkboy`shead,10618,1,0,1,True,False,True,0.07309826685501705,0.06979105768836093
full_coverage_complete,blkboy`shead,10869,0,0,1,True,False,True,0.7530580686377326,0.7530580686377326
full_coverage_complete,blkboy`shead,11099,0,0,5,True,False,True,0.7513350584037352,0.7513350584037352
full_coverage_complete,blkboy`shead,11127,0,0,0,False,False,True,0.0305516078392902,0.7326482205232074
full_coverage_complete,blkboy`shead,11221,5,0,5,True,False,True,0.051417357099243756,0.05626277008874086
full_coverage_complete,blkboy`shead,11228,0,0,0,False,False,True,0.08376778163184952,0.5234534832205864
full_coverage_complete,blkboy`shead,11941,5,0,5,True,False,True,0.7861985846870355,0.745166269313518
full_coverage_complete,blkboy`shead,11945,5,0,5,True,False,True,0.77728643343262,0.786445810937919
full_coverage_complete,blkboy`shead,12225,5,0,5,True,False,True,0.7794638357149108,0.0
full_coverage_complete,blkboy`shead,12226,0,0,5,True,False,True,0.0,0.0
full_coverage_complete,blkboy`shead,12229,0,0,5,True,False,True,0.4478839969061985,0.4478839969061985
full_coverage_complete,blkboy`shead,12230,0,0,5,True,False,True,0.24946918639245785,0.24946918639245785
full_coverage_complete,blkboy`shead,12231,0,0,5,True,False,True,0.13993199853079502,0.13993199853079502
full_coverage_complete,blkboy`shead,12232,0,0,5,True,False,True,0.11453780706532099,0.11453780706532099
full_coverage_complete,blkboy`shead,12233,0,0,5,True,False,True,0.09916103009761591,0.09916103009761591
full_coverage_complete,blkboy`shead,12234,0,0,5,True,False,True,0.29410887511074035,0.29410887511074035
full_coverage_complete,blkboyback,98,0,0,4,True,False,True,0.5349444927864377,0.5349444927864377
full_coverage_complete,blkboyback,99,0,0,4,True,False,True,0.5888722891712,0.5888722891712
full_coverage_complete,blkboyback,105,0,0,2,True,False,True,0.38855564642053975,0.38855564642053975
full_coverage_complete,blkboyback,106,0,0,5,True,False,True,0.4891351024371466,0.4891351024371466
full_coverage_complete,blkboybetweenredandwhite,85,0,0,5,True,False,True,0.5844705325501662,0.5844705325501662
full_coverage_complete,blkboybetweenredandwhite,86,0,0,5,True,False,True,0.11835533061929754,0.11835533061929754
full_coverage_complete,blkboybetweenredandwhite,87,0,0,5,True,False,True,0.05787439245372953,0.05787439245372953
full_coverage_complete,blkboybetweenredandwhite,88,0,0,5,True,False,True,0.11447774399725075,0.11447774399725075
full_coverage_complete,blkboybetweenredandwhite,89,0,0,2,True,False,True,0.09636828782830194,0.09636828782830194
full_coverage_complete,blkboybetweenredandwhite,90,0,0,1,True,False,True,0.10259641689311572,0.10259641689311572
full_coverage_complete,blkboybetweenredandwhite,91,0,0,5,True,False,True,0.30888704274220435,0.30888704274220435
full_coverage_complete,blkboybetweenredandwhite,135,0,0,1,True,False,True,0.6954363201257676,0.6954363201257676
full_coverage_complete,blkboybetweenredandwhite,136,0,0,2,True,False,True,0.8083209580745697,0.8083209580745697
full_coverage_complete,blkboybetweenredandwhite,162,0,0,2,True,False,True,0.615047435020579,0.615047435020579
full_coverage_complete,blkboybetweenredandwhite,169,0,0,2,True,False,True,0.6898607921512308,0.6898607921512308
full_coverage_complete,blkboybetweenredandwhite,171,0,0,5,True,False,True,0.39385402101968425,0.39385402101968425
full_coverage_complete,blkboybetweenredandwhite,172,0,0,2,True,False,True,0.2695567771834091,0.2695567771834091
full_coverage_complete,blkboybetweenredandwhite,184,0,0,5,True,False,True,0.0,0.0
full_coverage_complete,blkboybetweenredandwhite,188,0,0,2,True,False,True,0.0,0.0
full_coverage_complete,blkboybetweenredandwhite,189,0,0,2,True,False,True,0.0,0.0
full_coverage_complete,blkboybetweenredandwhite,190,0,0,2,True,False,True,0.8429002780886574,0.8429002780886574
full_coverage_complete,blkboybetweenredandwhite,200,0,0,2,True,False,True,0.797340177781291,0.797340177781291
full_coverage_complete,blkboybetweenredandwhite,210,0,0,2,True,False,True,0.6656134375517588,0.6656134375517588
full_coverage_complete,blkboybetweenredandwhite,211,0,0,2,True,False,True,0.6664416090180172,0.6664416090180172
full_coverage_complete,blkboybetweenredandwhite,247,0,0,2,True,False,True,0.7210646284806405,0.7210646284806405
full_coverage_complete,blkboybetweenredandwhite,248,0,0,5,True,False,True,0.7070693153470388,0.7070693153470388
full_coverage_complete,blkboybetweenredandwhite,249,0,0,5,True,False,True,0.6914623133995687,0.6914623133995687
full_coverage_complete,blkboybetweenredandwhite,250,0,0,5,True,False,True,0.6650034775337544,0.6650034775337544
full_coverage_complete,blkboybetweenredandwhite,251,0,0,5,True,False,True,0.6267944199323952,0.6267944199323952
full_coverage_complete,blkboybetweenredandwhite,252,0,0,2,True,False,True,0.6015798380807287,0.6015798380807287
full_coverage_complete,blkboybetweenredandwhite,253,0,0,5,True,False,True,0.579868300326135,0.579868300326135
full_coverage_complete,blkboybetweenredandwhite,254,0,0,5,True,False,True,0.6813129166617317,0.6813129166617317
full_coverage_complete,blkboybetweenredandwhite,255,0,0,5,True,False,True,0.7490354221573509,0.7490354221573509
full_coverage_complete,blkboybetweenredandwhite,256,0,0,5,True,False,True,0.6005252141447432,0.6005252141447432
full_coverage_complete,blkboybetweenredandwhite,258,0,0,5,True,False,True,0.6275036995751027,0.6275036995751027
full_coverage_complete,blkboybetweenredandwhite,264,0,0,5,True,False,True,0.685389336391365,0.685389336391365
full_coverage_complete,blkboybetweenredandwhite,269,0,0,2,True,False,True,0.7659664309099048,0.7659664309099048
full_coverage_complete,blkboybetweenredandwhite,270,0,0,5,True,False,True,0.6719909564737064,0.6719909564737064
full_coverage_complete,blkboybetweenredandwhite,272,0,0,5,True,False,True,0.7516798410991418,0.7516798410991418
full_coverage_complete,blkboybetweenredandwhite,273,0,0,5,True,False,True,0.7060740896407695,0.7060740896407695
full_coverage_complete,blkboybetweenredandwhite,274,0,0,2,True,False,True,0.6955563922814904,0.6955563922814904
full_coverage_complete,blkboydown,28,0,0,2,True,False,True,0.8668320025717444,0.8668320025717444
full_coverage_complete,blkboydown,47,0,0,1,True,False,True,0.807923012881709,0.807923012881709
full_coverage_complete,blkboydown,48,4,2,4,True,False,True,0.8721845392643008,0.603330836466496
full_coverage_complete,blkboydown,50,0,0,1,True,False,True,0.8041311193275198,0.8041311193275198
full_coverage_complete,blkboydown,58,0,0,1,True,False,True,0.9010253797946584,0.9010253797946584
full_coverage_complete,blkboydown,61,1,4,1,True,False,True,0.900945204339974,0.0
full_coverage_complete,blkboydown,62,5,0,5,True,False,True,0.0,0.0
full_coverage_complete,blkboydown,63,0,0,5,True,False,True,0.0,0.0
full_coverage_complete,blkboydown,64,5,4,5,True,False,True,0.0,0.0
full_coverage_complete,blkboydown,65,0,0,5,True,False,True,0.0,0.0
full_coverage_complete,blkboydown,66,5,0,5,True,False,True,0.0,0.0
full_coverage_complete,blkboydown,67,0,2,1,True,False,True,0.0,0.7414459788571972
full_coverage_complete,blkboydown,75,0,0,1,True,False,True,0.7482487967704954,0.7482487967704954
full_coverage_complete,blkboydown,76,0,0,4,True,False,True,0.4743772333456507,0.4743772333456507
full_coverage_complete,blkboydown,77,0,0,4,True,False,True,0.28842263912597443,0.28842263912597443
full_coverage_complete,blkboydown,78,4,2,4,True,False,True,0.2950713535057783,0.0
full_coverage_complete,blkboydown,79,0,0,5,True,False,True,0.0,0.0
full_coverage_complete,blkboydown,81,5,4,5,True,False,True,0.0,0.0
full_coverage_complete,blkboyhead,109,0,0,5,True,False,True,0.5307973743718416,0.5307973743718416
full_coverage_complete,blkboyhead,110,0,0,4,True,False,True,0.627915227900933,0.627915227900933
full_coverage_complete,blkboyhead,111,0,0,1,True,False,True,0.6413185433266204,0.6413185433266204
full_coverage_complete,blkboyhead,112,0,0,4,True,False,True,0.6692397577446242,0.6692397577446242
full_coverage_complete,blkboyhead,114,0,0,4,True,False,True,0.8027202425131453,0.8027202425131453
full_coverage_complete,blkboyhead,115,4,0,4,True,False,True,0.7153070173562917,0.0
full_coverage_complete,blkboyhead,116,0,0,5,True,False,True,0.0,0.0
full_coverage_complete,blkboyhead,117,0,0,5,True,False,True,0.0,0.0
full_coverage_complete,blkboyhead,118,0,0,5,True,False,True,0.0,0.0
full_coverage_complete,blkboyhead,124,0,0,4,True,False,True,0.0,0.0
full_coverage_complete,blkboyhead,127,0,0,4,True,False,True,0.0,0.0
full_coverage_complete,blkboyhead,128,0,0,4,True,False,True,0.0,0.0
full_coverage_complete,blkboyhead,130,0,0,4,True,False,True,0.0,0.0
full_coverage_complete,blkboyhead,152,0,0,4,True,False,True,0.0,0.0
full_coverage_complete,blkboyhead,154,0,0,4,True,False,True,0.0,0.0
full_coverage_complete,blkboyhead,155,0,0,4,True,False,True,0.0,0.0
full_coverage_complete,blkboyhead,159,0,1,4,True,False,True,0.0,0.0
full_coverage_complete,blkboyhead,163,0,0,4,True,False,True,0.0,0.0
full_coverage_complete,blkboyhead,164,4,0,4,True,False,True,0.0,0.0
full_coverage_complete,blkboyhead,165,0,0,5,True,False,True,0.0,0.0
full_coverage_complete,blkboyhead,166,5,0,5,True,False,True,0.0,0.0
full_coverage_complete,blkboyhead,167,5,0,5,True,False,True,0.0,0.0
full_coverage_complete,blkboyhead,168,0,0,4,True,False,True,0.0,0.0
full_coverage_complete,blkboyhead,169,0,0,4,True,False,True,0.0,0.0
full_coverage_complete,blkboyhead,170,0,0,4,True,False,True,0.0,0.0
full_coverage_complete,blkboyhead,171,0,0,4,True,False,True,0.0,0.0
full_coverage_complete,blkboyhead,176,5,2,5,True,False,True,0.0,0.0015233992760712869
full_coverage_complete,blkboyhead,178,0,0,4,True,False,True,0.010528476606410235,0.010528476606410235
full_coverage_complete,blkboyhead,186,0,0,4,True,False,True,0.0,0.0
full_coverage_complete,blkboyhead,192,4,0,4,True,False,True,0.0,0.0
full_coverage_complete,blkboyhead,193,5,3,5,True,False,True,0.0,0.0
full_coverage_complete,blkboyhead,194,5,0,5,True,False,True,0.0,0.0
full_coverage_complete,blkboyhead,195,0,0,5,True,False,True,0.0,0.0
full_coverage_complete,blkboyhead,196,5,0,5,True,False,True,0.0,0.0
full_coverage_complete,blkboyhead,197,5,0,5,True,False,True,0.0,0.0
full_coverage_complete,blkboyhead,198,0,0,4,True,False,True,0.0,0.0
full_coverage_complete,blkboyhead,199,0,0,5,True,False,True,0.0,0.0
full_coverage_complete,blkboyhead,200,0,0,5,True,False,True,0.0,0.0
full_coverage_complete,blkboyhead,201,0,1,5,True,False,True,0.0,0.0
full_coverage_complete,blkboyhead,202,0,0,5,True,False,True,0.0,0.0
full_coverage_complete,blkboyhead,203,0,0,5,True,False,True,0.0,0.0
full_coverage_complete,blkboyhead,204,0,0,5,True,False,True,0.0,0.0
full_coverage_complete,blkboyhead,205,0,0,5,True,False,True,0.0,0.0
full_coverage_complete,blkboyhead,206,0,0,5,True,False,True,0.0,0.0
full_coverage_complete,blkboyhead,207,0,0,5,True,False,True,0.0,0.0
full_coverage_complete,blkboyhead,208,0,0,5,True,False,True,0.0,0.0
full_coverage_complete,blkboyhead,209,4,0,4,True,False,True,0.0,0.0
full_coverage_complete,blkboyhead,218,0,0,4,True,False,True,0.0,0.0
full_coverage_complete,blkboyhead,229,0,0,4,True,False,True,0.0,0.0
full_coverage_complete,blkboyhead,235,0,0,4,True,False,True,0.0,0.0
full_coverage_complete,blkboyhead,237,0,0,5,True,False,True,0.0,0.0
full_coverage_complete,blkboyhead,238,1,0,1,True,False,True,0.0,0.5535818974476934
full_coverage_complete,blkboyhead,251,0,0,4,True,False,True,0.7048497397208083,0.7048497397208083
full_coverage_complete,blkboyhead,253,0,0,4,True,False,True,0.6159761369034734,0.6159761369034734
full_coverage_complete,blkboyhead,254,0,0,4,True,False,True,0.19578084337977558,0.19578084337977558
full_coverage_complete,blkboyhead,255,0,0,4,True,False,True,0.14690399016573405,0.14690399016573405
full_coverage_complete,blkboyhead,256,0,0,4,True,False,True,0.0997085004029386,0.0997085004029386
full_coverage_complete,blkboyhead,258,0,0,5,True,False,True,0.16743028006590333,0.16743028006590333
full_coverage_complete,blkboyhead,259,0,0,5,True,False,True,0.07887531015100331,0.07887531015100331
full_coverage_complete,blkboyhead,260,0,0,5,True,False,True,0.0,0.0
full_coverage_complete,blkboyhead,262,0,0,5,True,False,True,0.0,0.0
full_coverage_complete,blkboyhead,263,4,0,4,True,False,True,0.0,0.0
full_coverage_complete,blkboyhead,265,5,0,5,True,False,True,0.0,0.0
full_coverage_complete,blkboyhead,266,1,0,1,True,False,True,0.0,0.0
full_coverage_complete,blkboyhead,268,5,0,5,True,False,True,0.0,0.0
full_coverage_complete,blkboyhead,269,5,0,5,True,False,True,0.0,0.0
full_coverage_complete,blkboyhead,270,2,0,2,True,False,True,0.0,0.5203462653737906
full_coverage_complete,blkboyhead,273,0,0,5,True,False,True,0.6823483388926741,0.0
full_coverage_complete,blkboyhead,276,0,0,5,True,False,True,0.0,0.0
full_coverage_complete,blkboyhead,277,5,0,5,True,False,True,0.0,0.0
full_coverage_complete,blkboyhead,278,0,0,5,True,False,True,0.0,0.0
full_coverage_complete,blkboyhead,279,0,0,5,True,False,True,0.0,0.0
full_coverage_complete,blkboyhead,281,5,0,5,True,False,True,0.0,0.0
full_coverage_complete,blkboyhead,282,5,0,5,True,False,True,0.0,0.0
full_coverage_complete,blkboyhead,283,5,0,5,True,False,True,0.0,0.0
full_coverage_complete,blkboyhead,284,0,0,5,True,False,True,0.0,0.0
full_coverage_complete,blkboyhead,292,0,0,5,True,False,True,0.0,0.0
full_coverage_complete,blkboyhead,293,0,1,5,True,False,True,0.0,0.0
full_coverage_complete,blkboyhead,296,5,0,5,True,False,True,0.0,0.0
full_coverage_complete,blkboyhead,297,0,0,0,False,False,True,0.0,0.0
full_coverage_complete,blkboyhead,302,0,0,4,True,False,True,0.0,0.0
full_coverage_complete,blkboyhead,303,0,0,5,True,False,True,0.0,0.0
full_coverage_complete,blkboyhead,314,1,0,1,True,False,True,0.0,0.0
full_coverage_complete,blkboyhead,355,4,0,4,True,False,True,0.0,0.0
full_coverage_complete,blkboyhead,357,0,0,5,True,False,True,0.0,0.0
full_coverage_complete,blkboyhead,360,0,0,4,True,False,True,0.0,0.0
full_coverage_complete,blkboyhead,361,0,0,4,True,False,True,0.0,0.0
full_coverage_complete,blkboyhead,362,0,0,4,True,False,True,0.0,0.0
full_coverage_complete,blkboyhead,363,0,0,5,True,False,True,0.0,0.0
full_coverage_complete,blkboyhead,365,0,0,4,True,False,True,0.0,0.0
full_coverage_complete,blkboyhead,366,0,0,1,True,False,True,0.0,0.0
full_coverage_complete,blkboyhead,368,0,0,5,True,False,True,0.0,0.0
full_coverage_complete,blkboyhead,369,0,0,1,True,False,True,0.0,0.0
full_coverage_complete,blkboyhead,370,0,0,4,True,False,True,0.0,0.0
full_coverage_complete,blkboyhead,371,0,0,4,True,False,True,0.0,0.0
full_coverage_complete,blkboyhead,372,0,0,4,True,False,True,0.0,0.0
full_coverage_complete,blkboyhead,373,0,0,4,True,False,True,0.0,0.0
full_coverage_complete,blkboyhead,374,0,0,4,True,False,True,0.0,0.0
full_coverage_complete,blkboyhead,375,0,0,4,True,False,True,0.0,0.0
full_coverage_complete,blkboyhead,376,4,4,4,True,False,True,0.0,0.0
full_coverage_complete,blkboyhead,377,0,0,5,True,False,True,0.0,0.0
full_coverage_complete,blkboyhead,378,0,0,4,True,False,True,0.0,0.0
full_coverage_complete,blkboyhead,379,0,0,4,True,False,True,0.0,0.0
full_coverage_complete,blkboyhead,380,0,0,1,True,False,True,0.0,0.0
full_coverage_complete,blkboyhead,381,0,0,5,True,False,True,0.0,0.0
full_coverage_complete,blkboyhead,383,0,0,4,True,False,True,0.0,0.0
full_coverage_complete,blkboyhead,384,0,0,4,True,False,True,0.0,0.0
full_coverage_complete,blkboyhead,387,0,0,5,True,False,True,0.0,0.0
full_coverage_complete,blkboyhead,388,5,0,5,True,False,True,0.0,0.0
full_coverage_complete,blkboyhead,389,0,0,4,True,False,True,0.0,0.0
full_coverage_complete,blkboyhead,391,0,0,5,True,False,True,0.0,0.0
full_coverage_complete,blkboyhead,392,0,0,4,True,False,True,0.0,0.0
full_coverage_complete,blkboyhead,393,4,1,4,True,False,True,0.0,0.0
full_coverage_complete,blkboyhead,394,0,0,5,True,False,True,0.0,0.0
full_coverage_complete,blkboyhead,396,0,0,5,True,False,True,0.0,0.0
full_coverage_complete,blkboyhead,397,5,0,5,True,False,True,0.0,0.0
full_coverage_complete,blkboyhead,398,5,3,5,True,False,True,0.0,0.0
full_coverage_complete,blkboyhead,399,0,0,5,True,False,True,0.0,0.0
full_coverage_complete,blkboyhead,400,0,0,5,True,False,True,0.0,0.0
full_coverage_complete,blkboyhead,401,0,0,4,True,False,True,0.0,0.0
full_coverage_complete,blkboyhead,403,0,0,5,True,False,True,0.0,0.0
full_coverage_complete,blkboyhead,404,5,0,5,True,False,True,0.0,0.0
full_coverage_complete,blkboyhead,405,0,0,5,True,False,True,0.0,0.0
full_coverage_complete,blkboyhead,406,5,0,5,True,False,True,0.0,0.0
full_coverage_complete,blkboyhead,407,0,0,5,True,False,True,0.0,0.0
full_coverage_complete,blkboyhead,408,5,0,5,True,False,True,0.0,0.0
full_coverage_complete,blkboyhead,409,0,0,5,True,False,True,0.0,0.0
full_coverage_complete,blkboyhead,410,0,0,5,True,False,True,0.0,0.0
full_coverage_complete,blkboyhead,411,5,0,5,True,False,True,0.0,0.0
full_coverage_complete,blkboyhead,412,5,0,5,True,False,True,0.0,0.0
full_coverage_complete,blkboyhead,413,0,0,5,True,False,True,0.0,0.0
full_coverage_complete,blkboyhead,414,5,0,5,True,False,True,0.0,0.0
full_coverage_complete,blkboyhead,416,0,0,5,True,False,True,0.0,0.0
full_coverage_complete,blkboyhead,417,5,0,5,True,False,True,0.0,0.0
full_coverage_complete,blkboyhead,418,0,0,2,True,False,True,0.0,0.0
full_coverage_complete,blkboyhead,419,0,0,4,True,False,True,0.0,0.0
full_coverage_complete,blkboyhead,420,5,2,5,True,False,True,0.0,0.0
full_coverage_complete,blkboyhead,421,1,2,1,True,False,True,0.0,0.0
full_coverage_complete,blkboyhead,423,0,0,4,True,False,True,0.0,0.0
full_coverage_complete,blkboyhead,424,0,0,4,True,False,True,0.0,0.0
full_coverage_complete,blkboyhead,425,0,0,4,True,False,True,0.0,0.0
full_coverage_complete,blkboyhead,426,5,1,5,True,False,True,0.0,0.0
full_coverage_complete,blkboyhead,427,4,0,4,True,False,True,0.0,0.0
full_coverage_complete,blkboyhead,428,0,0,5,True,False,True,0.0,0.0
full_coverage_complete,blkboyhead,429,0,0,4,True,False,True,0.0,0.0
full_coverage_complete,blkboyhead,430,0,0,4,True,False,True,0.0,0.0
full_coverage_complete,blkboyhead,431,0,0,5,True,False,True,0.0,0.0
full_coverage_complete,blkboyhead,432,4,3,4,True,False,True,0.0,0.0
full_coverage_complete,blkboyhead,434,0,0,1,True,False,True,0.0,0.0
full_coverage_complete,blkboyhead,436,0,0,1,True,False,True,0.0,0.0
full_coverage_complete,blkboyhead,437,0,0,4,True,False,True,0.0,0.0
full_coverage_complete,blkboyhead,438,0,1,4,True,False,True,0.0,0.0
full_coverage_complete,blkboyhead,439,0,0,1,True,False,True,0.0,0.0
full_coverage_complete,blkboyhead,440,0,1,4,True,False,True,0.0,0.0
full_coverage_complete,blkboyhead,441,0,0,1,True,False,True,0.0,0.0
full_coverage_complete,blkboyhead,442,0,0,4,True,False,True,0.0,0.0
full_coverage_complete,blkboyhead,443,0,0,5,True,False,True,0.0,0.0
full_coverage_complete,blkboyhead,444,0,0,5,True,False,True,0.0,0.0
full_coverage_complete,blkboyhead,445,0,0,5,True,False,True,0.0,0.0
full_coverage_complete,blkboyhead,446,5,2,5,True,False,True,0.0,0.0
full_coverage_complete,blkboyhead,447,5,0,5,True,False,True,0.0,0.0
full_coverage_complete,blkboyhead,449,0,0,5,True,False,True,0.0,0.0
full_coverage_complete,blkboyhead,452,0,0,1,True,False,True,0.0,0.0
full_coverage_complete,blkboyhead,453,0,0,4,True,False,True,0.0,0.0
full_coverage_complete,blkboyhead,454,0,0,4,True,False,True,0.0,0.0
full_coverage_complete,blkboyhead,462,0,0,4,True,False,True,0.0,0.0
full_coverage_complete,blkboyhead,463,0,0,5,True,False,True,0.0,0.0
full_coverage_complete,blkboyhead,464,5,2,5,True,False,True,0.0,0.0
full_coverage_complete,blkboyhead,465,0,0,5,True,False,True,0.0,0.0
full_coverage_complete,blkboyhead,466,0,0,5,True,False,True,0.0,0.0
full_coverage_complete,blkboyhead,467,0,0,5,True,False,True,0.0,0.0
full_coverage_complete,blkboyhead,468,0,0,4,True,False,True,0.0,0.0
full_coverage_complete,blkboyhead,469,0,0,5,True,False,True,0.0,0.0
full_coverage_complete,blkboyhead,470,0,0,5,True,False,True,0.0,0.0
full_coverage_complete,blkboyhead,471,0,0,1,True,False,True,0.0,0.0
full_coverage_complete,blkboyhead,472,0,0,4,True,False,True,0.0,0.0
full_coverage_complete,blkboyhead,473,0,0,4,True,False,True,0.0,0.0
full_coverage_complete,blkboyhead,474,0,0,1,True,False,True,0.0,0.0
full_coverage_complete,blkboyhead,475,0,0,4,True,False,True,0.0,0.0
full_coverage_complete,blkboyhead,477,0,0,4,True,False,True,0.0,0.0
full_coverage_complete,blkboyhead,478,0,0,1,True,False,True,0.0,0.0
full_coverage_complete,blkboyhead,479,4,0,4,True,False,True,0.0,0.0
full_coverage_complete,blkboyhead,480,0,1,5,True,False,True,0.0,0.0
full_coverage_complete,blkboyhead,481,4,4,4,True,False,True,0.0,0.0
full_coverage_complete,blkboyhead,483,0,1,5,True,False,True,0.0,0.0
full_coverage_complete,blkboyhead,484,0,0,1,True,False,True,0.0,0.0
full_coverage_complete,blkboyhead,485,4,2,4,True,False,True,0.0,0.0
full_coverage_complete,blkboyhead,486,0,0,5,True,False,True,0.0,0.0
full_coverage_complete,blkboyhead,487,4,4,4,True,False,True,0.0,0.0
full_coverage_complete,blkboyhead,488,0,1,5,True,False,True,0.0,0.0
full_coverage_complete,blkboyhead,489,0,0,1,True,False,True,0.0,0.0
full_coverage_complete,blkboyhead,490,4,4,4,True,False,True,0.0,0.0
full_coverage_complete,blkboyhead,491,5,0,5,True,False,True,0.0,0.0
full_coverage_complete,blkboyhead,492,0,0,4,True,False,True,0.0,0.0
full_coverage_complete,blkboyhead,493,0,0,4,True,False,True,0.0,0.0
full_coverage_complete,blkboyhead,495,1,0,1,True,False,True,0.0,0.0
full_coverage_complete,blkboyhead,497,0,0,4,True,False,True,0.0,0.0
full_coverage_complete,blkboyhead,498,0,0,5,True,False,True,0.0,0.0
full_coverage_complete,blkboyhead,499,0,0,5,True,False,True,0.0,0.0
full_coverage_complete,blkboyhead,500,0,0,5,True,False,True,0.0,0.0
full_coverage_complete,blkboyhead,501,5,0,5,True,False,True,0.0,0.0
full_coverage_complete,blkboyhead,502,0,0,5,True,False,True,0.0,0.0
full_coverage_complete,blkboyhead,503,0,0,5,True,False,True,0.0,0.0
full_coverage_complete,blkboyhead,505,0,0,5,True,False,True,0.0,0.0
full_coverage_complete,blkboyhead,506,0,0,5,True,False,True,0.0,0.0
full_coverage_complete,blkboyhead,508,0,1,0,False,False,True,0.0,0.0
full_coverage_complete,blkboyhead,510,0,0,4,True,False,True,0.0,0.0
full_coverage_complete,blkboyhead,511,0,0,4,True,False,True,0.0,0.0
full_coverage_complete,blkboyhead,513,0,1,0,False,False,True,0.0,0.0
full_coverage_complete,blkboyhead,515,0,0,5,True,False,True,0.0,0.0
full_coverage_complete,blkboyhead,516,0,0,5,True,False,True,0.0,0.0
full_coverage_complete,blkboyhead,517,0,0,5,True,False,True,0.0,0.0
full_coverage_complete,blkboyhead,518,0,0,5,True,False,True,0.0,0.0
full_coverage_complete,blkboyhead,519,0,0,1,True,False,True,0.0,0.0
full_coverage_complete,blkboyhead,520,0,0,1,True,False,True,0.0,0.0
full_coverage_complete,blkboyhead,521,0,0,1,True,False,True,0.0,0.0
full_coverage_complete,blkboyhead,522,0,1,2,True,False,True,0.0,0.0
full_coverage_complete,blkboyhead,523,0,0,5,True,False,True,0.0,0.0
full_coverage_complete,blkboyhead,524,0,0,5,True,False,True,0.0,0.0
full_coverage_complete,blkboyhead,525,1,0,1,True,False,True,0.0,0.0
full_coverage_complete,blkboyhead,526,4,2,4,True,False,True,0.0,0.0
full_coverage_complete,blkboyhead,527,0,0,5,True,False,True,0.0,0.0
full_coverage_complete,blkboyhead,528,5,2,5,True,False,True,0.0,0.0
full_coverage_complete,blkboyhead,529,0,0,4,True,False,True,0.0,0.0
full_coverage_complete,blkboyhead,531,0,0,4,True,False,True,0.0,0.0
full_coverage_complete,blkboyhead,532,0,0,5,True,False,True,0.0,0.0
full_coverage_complete,blkboyhead,533,5,0,5,True,False,True,0.0,0.0
full_coverage_complete,blkboyhead,534,5,0,5,True,False,True,0.0,0.0
full_coverage_complete,blkboyhead,538,0,0,5,True,False,True,0.0,0.0
full_coverage_complete,blkboyhead,539,0,0,5,True,False,True,0.0,0.0
full_coverage_complete,blkboyhead,548,0,0,4,True,False,True,0.0,0.0
full_coverage_complete,blkboyhead,549,0,0,4,True,False,True,0.0,0.0
full_coverage_complete,blkboyhead,550,0,0,4,True,False,True,0.0,0.0
full_coverage_complete,blkboyhead,554,0,0,5,True,False,True,0.0,0.0
full_coverage_complete,blkboyhead,555,0,0,4,True,False,True,0.0,0.0
full_coverage_complete,blkboylefttheNo_21,527,0,0,1,True,False,True,0.6313936986693112,0.6313936986693112
full_coverage_complete,blkboylefttheNo_21,528,0,0,1,True,False,True,0.6267208673317283,0.6267208673317283
full_coverage_complete,blkboylefttheNo_21,529,0,0,2,True,False,True,0.49211080440585553,0.0
full_coverage_complete,blkboylefttheNo_21,536,0,0,0,False,False,True,0.0,0.0
full_coverage_complete,blkboylefttheNo_21,537,0,0,5,True,False,True,0.0,0.0
full_coverage_complete,blkboylefttheNo_21,538,0,0,2,True,False,True,0.0,0.0
full_coverage_complete,blkboylefttheNo_21,539,0,0,2,True,False,True,0.0,0.0
full_coverage_complete,blkboylefttheNo_21,542,0,0,2,True,False,True,0.05198457553273902,0.0
full_coverage_complete,blkboylefttheNo_21,543,5,0,5,True,False,True,0.0,0.0
full_coverage_complete,blkboylefttheNo_21,544,0,0,2,True,False,True,0.0,0.0
full_coverage_complete,blkboylefttheNo_21,545,0,0,2,True,False,True,0.0,0.0
full_coverage_complete,blkboylefttheNo_21,546,0,1,2,True,False,True,0.0,0.14822735552025854
full_coverage_complete,blkboylefttheNo_21,562,0,0,5,True,False,True,0.6718455520973595,0.6718455520973595
full_coverage_complete,blkboylefttheNo_21,563,5,0,5,True,False,True,0.030972011334522074,0.01958035158268671
full_coverage_complete,blkboylefttheNo_21,564,0,1,5,True,False,True,0.0,0.4303862284358347
full_coverage_complete,blkboylefttheNo_21,704,0,0,2,True,False,True,0.3264011766220408,0.3264011766220408
full_coverage_complete,blkboylefttheNo_21,705,0,0,2,True,False,True,0.3871157362197859,0.3871157362197859
full_coverage_complete,blkboylefttheNo_21,853,0,0,2,True,False,True,0.015009637788772262,0.015009637788772262
full_coverage_complete,blkboylefttheNo_21,854,0,0,2,True,False,True,0.0,0.0
full_coverage_complete,blkboylefttheNo_21,855,0,0,1,True,False,True,0.0,0.0
full_coverage_complete,blkboylefttheNo_21,856,0,0,2,True,False,True,0.0,0.0
full_coverage_complete,blkboylefttheNo_21,857,0,0,1,True,False,True,0.0,0.0
full_coverage_complete,blkboylefttheNo_21,858,0,0,2,True,False,True,0.0,0.0
full_coverage_complete,blkboylefttheNo_21,859,2,0,2,True,False,True,0.0,0.03924535776796268
full_coverage_complete,blkboylefttheNo_21,860,0,0,5,True,False,True,0.0,0.0
full_coverage_complete,blkboylefttheNo_21,861,0,0,1,True,False,True,0.0,0.0
full_coverage_complete,blkboylefttheNo_21,862,0,0,1,True,False,True,0.0,0.0
full_coverage_complete,blkboylefttheNo_21,864,0,0,4,True,False,True,0.0,0.0
full_coverage_complete,blkboylefttheNo_21,866,0,0,4,True,False,True,0.0,0.0
full_coverage_complete,blkboylefttheNo_21,868,0,0,2,True,False,True,0.0,0.0
full_coverage_complete,blkboylefttheNo_21,870,0,0,2,True,False,True,0.0,0.0
full_coverage_complete,blkboylefttheNo_21,871,0,0,2,True,False,True,0.0,0.0
full_coverage_complete,blkboylefttheNo_21,872,0,0,2,True,False,True,0.0,0.0
full_coverage_complete,blkboylefttheNo_21,873,0,0,2,True,False,True,0.0,0.0
full_coverage_complete,blkboylefttheNo_21,875,0,0,2,True,False,True,0.0,0.0
full_coverage_complete,blkboylefttheNo_21,878,0,0,2,True,False,True,0.0,0.0
full_coverage_complete,blkboylefttheNo_21,881,0,0,2,True,False,True,0.0,0.0
full_coverage_complete,blkboylefttheNo_21,932,0,0,2,True,False,True,0.0,0.0
full_coverage_complete,blkboylefttheNo_21,935,0,0,2,True,False,True,0.0,0.0
full_coverage_complete,blkboylefttheNo_21,936,0,0,2,True,False,True,0.0,0.0
full_coverage_complete,blkboylefttheNo_21,938,2,0,2,True,False,True,0.0,0.8700774688272439
full_coverage_complete,blkboylefttheNo_21,939,0,0,5,True,False,True,0.729586332465351,0.729586332465351
full_coverage_complete,blkboylefttheNo_21,940,5,0,5,True,False,True,0.6460834653985605,0.7957815487232163
full_coverage_complete,blkboylefttheNo_21,941,0,0,2,True,False,True,0.7108387303642121,0.7108387303642121
full_coverage_complete,blkboylefttheNo_21,942,0,0,1,True,False,True,0.6567415671534589,0.0
full_coverage_complete,blkboylefttheNo_21,946,4,0,4,True,False,True,0.0,0.5551164092024167
full_coverage_complete,blkboylefttheNo_21,947,0,0,5,True,False,True,0.0,0.0
full_coverage_complete,blkboylefttheNo_21,948,0,0,4,True,False,True,0.0,0.0
full_coverage_complete,blkboylefttheNo_21,949,0,0,4,True,False,True,0.0,0.0
full_coverage_complete,blkboylefttheNo_21,950,0,0,4,True,False,True,0.0,0.0
full_coverage_complete,blkboylefttheNo_21,951,4,0,4,True,False,True,0.0,0.5247989337823779
full_coverage_complete,blkboylefttheNo_21,952,0,0,5,True,False,True,0.4581927820491766,0.4581927820491766
full_coverage_complete,blkboylefttheNo_21,953,0,0,2,True,False,True,0.5038796789181627,0.5038796789181627
full_coverage_complete,blkboylefttheNo_21,954,0,0,1,True,False,True,0.6598491515855218,0.6598491515855218
full_coverage_complete,blkboylefttheNo_21,955,2,0,2,True,False,True,0.5897290729883023,0.6693735761535438
full_coverage_complete,blkboylefttheNo_21,956,2,1,2,True,False,True,0.6148848236853055,0.6121158108241754
full_coverage_complete,blkboylefttheNo_21,958,0,0,1,True,False,True,0.6490689153933296,0.6490689153933296
full_coverage_complete,blkboylefttheNo_21,959,2,0,2,True,False,True,0.0353336697299618,0.8785812920806266
full_coverage_complete,blkboylefttheNo_21,960,1,0,1,True,False,True,0.5885909502828834,0.7043941940830386
full_coverage_complete,blkboylefttheNo_21,962,0,0,4,True,False,True,0.061412139191761354,0.061412139191761354
full_coverage_complete,blkboylefttheNo_21,963,0,0,4,True,False,True,0.5059900695631834,0.5059900695631834
full_coverage_complete,blkboylefttheNo_21,964,0,0,2,True,False,True,0.1144801325544817,0.1144801325544817
full_coverage_complete,blkboylefttheNo_21,966,0,0,2,True,False,True,0.5599244483573046,0.5599244483573046
full_coverage_complete,blkboylefttheNo_21,967,0,0,2,True,False,True,0.567867182012372,0.567867182012372
full_coverage_complete,blkboylefttheNo_21,968,1,0,1,True,False,True,0.40471503878594234,0.7686007723590208
full_coverage_complete,blkboylefttheNo_21,973,0,0,2,True,False,True,0.35989882548585106,0.35989882548585106
full_coverage_complete,blkboylefttheNo_21,974,2,0,2,True,False,True,0.43780151082936214,0.909124236746973
full_coverage_complete,blkboylefttheNo_21,977,0,0,2,True,False,True,0.6902662934427845,0.6902662934427845
full_coverage_complete,blkboylefttheNo_21,996,0,0,2,True,False,True,0.512153978106078,0.512153978106078
full_coverage_complete,blkboylefttheNo_21,1004,0,0,2,True,False,True,0.6494462046655151,0.6494462046655151
full_coverage_complete,blkboylefttheNo_21,1007,0,0,2,True,False,True,0.5702682161923698,0.5702682161923698
full_coverage_complete,blkboylefttheNo_21,1008,4,0,4,True,False,True,0.6048933530702415,0.0
full_coverage_complete,blkboylefttheNo_21,1009,0,0,5,True,False,True,0.03454644950232926,0.03454644950232926
full_coverage_complete,blkboylefttheNo_21,1011,0,0,2,True,False,True,0.11175529740857668,0.11175529740857668
full_coverage_complete,blkboylefttheNo_21,1012,0,0,1,True,False,True,0.0,0.0
full_coverage_complete,blkboylefttheNo_21,1013,0,0,5,True,False,True,0.09799866245551543,0.09799866245551543
full_coverage_complete,blkboylefttheNo_21,1014,0,0,5,True,False,True,0.6880723732361308,0.6880723732361308
full_coverage_complete,blkboylefttheNo_21,1015,1,0,1,True,False,True,0.6855769327325922,0.7483684554784917
full_coverage_complete,blkboylefttheNo_21,1017,0,0,1,True,False,True,0.5845220658150951,0.5845220658150951
full_coverage_complete,blkboylefttheNo_21,1018,0,0,2,True,False,True,0.6084312569569486,0.0
full_coverage_complete,blkboylefttheNo_21,1019,0,1,5,True,False,True,0.0,0.0
full_coverage_complete,blkboylefttheNo_21,1020,0,0,2,True,False,True,0.0,0.0
full_coverage_complete,blkboylefttheNo_21,1021,0,0,2,True,False,True,0.0,0.0
full_coverage_complete,blkboylefttheNo_21,1022,0,0,2,True,False,True,0.0,0.0
full_coverage_complete,blkboylefttheNo_21,1023,0,0,2,True,False,True,0.0,0.0
full_coverage_complete,blkboylefttheNo_21,1024,0,0,2,True,False,True,0.0,0.0
full_coverage_complete,blkboylefttheNo_21,1025,0,0,2,True,False,True,0.0,0.0
full_coverage_complete,blkboylefttheNo_21,1027,2,0,2,True,True,True,0.00866081923833198,0.8465034291113622
full_coverage_complete,blkboylefttheNo_21,1028,1,0,1,True,False,True,0.023072117421320898,0.7624809366300892
full_coverage_complete,blkboylefttheNo_21,1029,0,0,2,True,False,True,0.6168762787820898,0.6168762787820898
full_coverage_complete,blkboylefttheNo_21,1030,1,0,1,True,False,True,0.3564372707507604,0.6860206266795451
full_coverage_complete,blkboylefttheNo_21,1031,2,2,2,True,False,True,0.6994177134963542,0.6196353628506689
full_coverage_complete,blkboylefttheNo_21,1032,1,0,1,True,False,True,0.6693405152374013,0.8455495243635858
full_coverage_complete,blkboylefttheNo_21,1033,0,0,5,True,False,True,0.2031630936902398,0.2031630936902398
full_coverage_complete,blkboylefttheNo_21,1042,0,0,2,True,False,True,0.4776493667905906,0.4776493667905906
full_coverage_complete,blkboylefttheNo_21,1056,5,0,5,True,False,True,0.12453280069002866,0.7209349342732414
full_coverage_complete,blkboylefttheNo_21,1057,0,0,2,True,False,True,0.5350737242123537,0.5350737242123537
full_coverage_complete,blkboylefttheNo_21,1058,2,0,2,True,False,True,0.5747416217736322,0.7546839920621782
full_coverage_complete,blkboylefttheNo_21,1059,0,1,2,True,False,True,0.601603132941812,0.601603132941812
full_coverage_complete,blkboylefttheNo_21,1060,0,0,2,True,False,True,0.45827779376323763,0.45827779376323763
full_coverage_complete,blkboylefttheNo_21,1061,2,0,2,True,False,True,0.4633187526635952,0.747857009780582
full_coverage_complete,blkboylefttheNo_21,1062,0,0,2,True,False,True,0.44987064170852537,0.44987064170852537
full_coverage_complete,blkboylefttheNo_21,1063,0,0,2,True,False,True,0.5819993864988798,0.5819993864988798
full_coverage_complete,blkboylefttheNo_21,1064,2,0,2,True,False,True,0.4637796644433961,0.9156502486467258
full_coverage_complete,blkboylefttheNo_21,1066,0,0,2,True,False,True,0.7310150482900177,0.7310150482900177
full_coverage_complete,blkboylefttheNo_21,1067,0,0,2,True,False,True,0.7459548464030364,0.7459548464030364
full_coverage_complete,blkboylefttheNo_21,1073,0,0,2,True,False,True,0.6893693455050717,0.6893693455050717
full_coverage_complete,blkboylefttheNo_21,1074,0,0,2,True,False,True,0.6796119653795486,0.6796119653795486
full_coverage_complete,blkboylefttheNo_21,1116,0,0,2,True,False,True,0.6173999157967655,0.6173999157967655
full_coverage_complete,blkboylefttheNo_21,1117,0,0,2,True,False,True,0.6431325476286053,0.6431325476286053
full_coverage_complete,blkboylefttheNo_21,1187,2,1,2,True,False,True,0.656716972520395,0.4611857371266422
full_coverage_complete,blkboylefttheNo_21,1190,2,1,2,True,False,True,0.6205767017309981,0.6921920856891638
full_coverage_complete,blkboylefttheNo_21,1192,0,0,2,True,False,True,0.49213483703832744,0.49213483703832744
full_coverage_complete,blkboylefttheNo_21,1193,4,0,4,True,False,True,0.5446549980339412,0.6554076894863673
full_coverage_complete,blkboylefttheNo_21,1195,0,0,4,True,False,True,0.5691077280998162,0.5691077280998162
full_coverage_complete,blkboylefttheNo_21,1197,1,0,1,True,False,True,0.6019488951358434,0.6284786349240511
full_coverage_complete,blkboylefttheNo_21,1198,0,0,2,True,False,True,0.5487343077305094,0.5487343077305094
full_coverage_complete,blkboylefttheNo_21,1200,2,2,2,True,False,True,0.6434036149526161,0.44933444265691114
full_coverage_complete,blkboylefttheNo_21,1202,0,0,2,True,False,True,0.6351696035179446,0.6351696035179446
full_coverage_complete,blkboylefttheNo_21,1203,0,0,4,True,False,True,0.5605784558209687,0.5605784558209687
full_coverage_complete,blkboylefttheNo_21,1204,2,0,2,True,False,True,0.5910266331027124,0.6279373370574484
full_coverage_complete,blkboylefttheNo_21,1206,0,0,2,True,False,True,0.6708089663732922,0.6708089663732922
full_coverage_complete,blkboylefttheNo_21,1277,0,0,0,False,False,True,0.760108891912447,0.45176285463726806
full_coverage_complete,blkboylefttheNo_21,1278,0,0,5,True,False,True,0.7040001632742844,0.7040001632742844
full_coverage_complete,blkboylefttheNo_21,1291,0,0,2,True,False,True,0.729274202809456,0.729274202809456
full_coverage_complete,blkboylefttheNo_21,1387,0,0,2,True,False,True,0.7118068738455925,0.7118068738455925
full_coverage_complete,blkboylefttheNo_21,1388,0,0,2,True,False,True,0.7344066017966602,0.7344066017966602
full_coverage_complete,blkboylefttheNo_21,1389,0,0,2,True,False,True,0.7306025512694684,0.7306025512694684
full_coverage_complete,blkboylefttheNo_21,1393,0,0,1,True,False,True,0.7451594776525428,0.7451594776525428
full_coverage_complete,blkboylefttheNo_21,1418,0,1,2,True,False,True,0.8299592469400834,0.8299592469400834
full_coverage_complete,blkboylefttheNo_21,1419,0,0,2,True,False,True,0.8417453418179585,0.8417453418179585
full_coverage_complete,blkboylefttheNo_21,1443,0,0,1,True,False,True,0.49855812646489484,0.49855812646489484
full_coverage_complete,blkboylefttheNo_21,1444,2,0,2,True,False,True,0.5026065155067017,0.860520289525527
full_coverage_complete,blkboylefttheNo_21,1445,0,0,5,True,False,True,0.6246591628625423,0.0
full_coverage_complete,blkboylefttheNo_21,1447,4,0,4,True,False,True,0.0,0.46818204997195484
full_coverage_complete,blkboylefttheNo_21,1449,0,0,2,True,False,True,0.5630066312922579,0.5630066312922579
full_coverage_complete,blkboylefttheNo_21,1450,0,0,2,True,False,True,0.5001808043620802,0.5001808043620802
full_coverage_complete,blkboylefttheNo_21,1451,2,1,2,True,False,True,0.4166413092519968,0.3599133720643861
full_coverage_complete,blkboylefttheNo_21,1455,2,1,2,True,False,True,0.5220076387856388,0.7365265560447095
full_coverage_complete,blkboylefttheNo_21,1458,4,0,4,True,False,True,0.0906633356660257,0.1492736038120168
full_coverage_complete,blkboylefttheNo_21,1459,0,0,2,True,False,True,0.11030076397967341,0.11030076397967341
full_coverage_complete,blkboylefttheNo_21,1460,0,0,2,True,False,True,0.020925004055109997,0.020925004055109997
full_coverage_complete,blkboylefttheNo_21,1461,2,1,2,True,False,True,0.0,0.8230624520429523
full_coverage_complete,blkboylefttheNo_21,1465,0,0,5,True,False,True,0.541864850111957,0.541864850111957
full_coverage_complete,blkboylefttheNo_21,1466,2,0,2,True,False,True,0.5161231951349899,0.8044533743707347
full_coverage_complete,blkboylefttheNo_21,1467,0,1,6,True,False,True,0.5789277437310201,0.5789277437310201
full_coverage_complete,blkboylefttheNo_21,1468,0,0,2,True,False,True,0.3715026030218164,0.3715026030218164
full_coverage_complete,blkboylefttheNo_21,1469,0,0,2,True,False,True,0.25405079338000913,0.25405079338000913
full_coverage_complete,blkboylefttheNo_21,1470,0,0,2,True,False,True,0.18965665834197756,0.18965665834197756
full_coverage_complete,blkboylefttheNo_21,1474,0,0,2,True,False,True,0.0,0.0
full_coverage_complete,blkboylefttheNo_21,1475,0,0,2,True,False,True,0.0,0.0
full_coverage_complete,blkboylefttheNo_21,1476,0,0,2,True,False,True,0.0,0.0
full_coverage_complete,blkboylefttheNo_21,1478,0,0,2,True,False,True,0.0,0.0
full_coverage_complete,blkboylefttheNo_21,1479,0,0,2,True,False,True,0.0,0.0
full_coverage_complete,blkboylefttheNo_21,1480,0,1,2,True,False,True,0.0,0.3392554425521207
full_coverage_complete,blkboylefttheNo_21,1481,0,0,1,True,False,True,0.22265928055904924,0.22265928055904924
full_coverage_complete,blkboylefttheNo_21,1483,0,0,5,True,False,True,0.0,0.0
full_coverage_complete,blkboylefttheNo_21,1484,0,0,2,True,False,True,0.0,0.0
full_coverage_complete,blkboylefttheNo_21,1485,0,0,2,True,False,True,0.0,0.0
full_coverage_complete,blkboylefttheNo_21,1486,0,1,2,True,False,True,0.0,0.5884861410187278
full_coverage_complete,blkboylefttheNo_21,1487,0,0,1,True,False,True,0.5761824620188688,0.5761824620188688
full_coverage_complete,blkboylefttheNo_21,1489,2,0,2,True,False,True,0.6710828598761223,0.8668213825759293
full_coverage_complete,blkboylefttheNo_21,1491,0,0,2,True,False,True,0.6666871478375078,0.6666871478375078
full_coverage_complete,blkboylefttheNo_21,1496,0,0,5,True,False,True,0.0,0.0
full_coverage_complete,blkboylefttheNo_21,1497,0,0,2,True,False,True,0.0,0.0
full_coverage_complete,blkboylefttheNo_21,1498,0,0,1,True,False,True,0.0,0.0
full_coverage_complete,blkboylefttheNo_21,1499,0,0,4,True,False,True,0.0,0.0
full_coverage_complete,blkboylefttheNo_21,1501,0,0,2,True,False,True,0.0,0.0
full_coverage_complete,blkboylefttheNo_21,1504,0,0,1,True,False,True,0.0,0.0
full_coverage_complete,blkboylefttheNo_21,1526,0,0,5,True,False,True,0.0,0.0
full_coverage_complete,blkboylefttheNo_21,1545,0,0,2,True,False,True,0.0,0.0
full_coverage_complete,blkboylefttheNo_21,1546,0,1,2,True,False,True,0.0,0.0
full_coverage_complete,blkboylefttheNo_21,1551,0,0,2,True,False,True,0.0,0.0
full_coverage_complete,blkboylefttheNo_21,1552,0,1,2,True,False,True,0.0,0.0
full_coverage_complete,blkboylefttheNo_21,1553,0,0,0,False,False,True,0.0,0.6807274569237557
full_coverage_complete,blkboylefttheNo_21,1586,0,0,2,True,False,True,0.6382030797211049,0.6382030797211049
full_coverage_complete,blkboylefttheNo_21,1627,0,0,2,True,False,True,0.46894778529586234,0.46894778529586234
full_coverage_complete,blkboylefttheNo_21,1645,0,0,2,True,False,True,0.8467127094980279,0.8467127094980279
full_coverage_complete,blkboylefttheNo_21,1646,0,0,2,True,False,True,0.9006977239518779,0.9006977239518779
full_coverage_complete,blkboylefttheNo_21,1647,0,0,2,True,False,True,0.8815044298211904,0.8815044298211904
full_coverage_complete,blkboylefttheNo_21,1654,0,0,2,True,False,True,0.8555715275255451,0.8555715275255451
full_coverage_complete,blkboylefttheNo_21,1661,0,0,5,True,False,True,0.8388307517393261,0.8388307517393261
full_coverage_complete,blkboylefttheNo_21,1662,0,0,5,True,False,True,0.7897298163348497,0.7897298163348497
full_coverage_complete,blkboylefttheNo_21,1663,0,0,5,True,False,True,0.8069849879514145,0.8069849879514145
full_coverage_complete,blkboylefttheNo_21,1664,4,0,4,True,False,True,0.7928944155560712,0.0
full_coverage_complete,blkboylefttheNo_21,1666,0,0,2,True,False,True,0.0,0.0
full_coverage_complete,blkboylefttheNo_21,1667,0,0,2,True,False,True,0.0,0.0
full_coverage_complete,blkboylefttheNo_21,1668,0,1,2,True,False,True,0.0,0.0
full_coverage_complete,blkboylefttheNo_21,1669,0,1,4,True,False,True,0.0,0.0
full_coverage_complete,blkboylefttheNo_21,1676,0,0,1,True,False,True,0.0,0.0
full_coverage_complete,blkboylefttheNo_21,1702,0,0,1,True,False,True,0.0,0.0
full_coverage_complete,blkboylefttheNo_21,1703,0,0,1,True,False,True,0.0,0.0
full_coverage_complete,blkboylefttheNo_21,1704,0,0,4,True,False,True,0.0,0.0
full_coverage_complete,blkboylefttheNo_21,1705,0,0,4,True,False,True,0.0,0.0
full_coverage_complete,blkboylefttheNo_21,1706,0,0,4,True,False,True,0.0,0.0
full_coverage_complete,blkboylefttheNo_21,1707,0,0,4,True,False,True,0.0,0.0
full_coverage_complete,blkboylefttheNo_21,1708,0,0,2,True,False,True,0.0,0.0
full_coverage_complete,blkboylefttheNo_21,1709,0,1,2,True,False,True,0.0,0.0
full_coverage_complete,blkboylefttheNo_21,1710,0,0,2,True,False,True,0.0,0.0
full_coverage_complete,blkboylefttheNo_21,1711,0,0,2,True,False,True,0.0,0.0
full_coverage_complete,blkboylefttheNo_21,1712,0,0,2,True,False,True,0.0,0.0
full_coverage_complete,blkboylefttheNo_21,1713,2,2,2,True,False,True,0.0,0.0
full_coverage_complete,blkboylefttheNo_21,1787,0,0,2,True,False,True,0.0,0.0
full_coverage_complete,blkboylefttheNo_21,1788,0,0,5,True,False,True,0.0,0.0
full_coverage_complete,blkboylefttheNo_21,1789,0,0,5,True,False,True,0.0,0.0
full_coverage_complete,blkboylefttheNo_21,1790,0,0,2,True,False,True,0.0,0.0
full_coverage_complete,blkboylefttheNo_21,1793,0,0,2,True,False,True,0.2457827938935195,0.2457827938935195
full_coverage_complete,blkboylefttheNo_21,1794,0,0,2,True,False,True,0.272321261390273,0.272321261390273
full_coverage_complete,blkboylefttheNo_21,1795,0,0,5,True,False,True,0.29183376821645585,0.29183376821645585
full_coverage_complete,blkboylefttheNo_21,1796,5,0,5,True,False,True,0.37234897859309746,0.09501220539102763
full_coverage_complete,blkboylefttheNo_21,1797,0,1,5,True,False,True,0.10635712719778269,0.0
full_coverage_complete,blkboylefttheNo_21,1798,0,0,5,True,False,True,0.0,0.0
full_coverage_complete,blkboylefttheNo_21,1799,0,0,2,True,False,True,0.0,0.0
full_coverage_complete,blkboylefttheNo_21,1800,0,1,1,True,False,True,0.17588063598879686,0.17588063598879686
full_coverage_complete,blkboylefttheNo_21,1801,0,0,4,True,False,True,0.16170829889354169,0.26875036064888125
full_coverage_complete,blkboylefttheNo_21,1802,0,0,4,True,False,True,0.2480985315181257,0.2480985315181257
full_coverage_complete,blkboylefttheNo_21,1803,0,0,4,True,False,True,0.26692284534332045,0.26692284534332045
full_coverage_complete,blkboylefttheNo_21,1805,0,0,4,True,False,True,0.15388486007453792,0.15388486007453792
full_coverage_complete,blkboylefttheNo_21,1814,0,1,2,True,False,True,0.0,0.4189669248573381
full_coverage_complete,blkboylefttheNo_21,1815,0,1,5,True,False,True,0.5030511651217331,0.0
full_coverage_complete,blkboylefttheNo_21,1817,0,0,2,True,False,True,0.0,0.0
full_coverage_complete,blkboylefttheNo_21,1818,2,0,2,True,False,True,0.0,0.866451545330609
full_coverage_complete,blkboylefttheNo_21,1819,5,0,5,True,False,True,0.5887084018686201,0.0
full_coverage_complete,blkboylefttheNo_21,1840,0,0,2,True,False,True,0.0,0.0
full_coverage_complete,blkboylefttheNo_21,1846,0,0,5,True,False,True,0.0031738103132583112,0.0031738103132583112
full_coverage_complete,blkboylefttheNo_21,1847,0,0,5,True,False,True,0.023244747070253216,0.023244747070253216
full_coverage_complete,blkboylefttheNo_21,1861,2,0,2,True,False,True,0.373297829501477,0.938217183675071
full_coverage_complete,blkboylefttheNo_21,1865,0,0,5,True,False,True,0.2339524005765333,0.2339524005765333
full_coverage_complete,blkboylefttheNo_21,1869,0,0,4,True,False,True,0.09305577724377041,0.09305577724377041
full_coverage_complete,blkboylefttheNo_21,1871,2,0,2,True,False,True,0.05157150689081422,0.8764527394724753
full_coverage_complete,blkboylefttheNo_21,1875,0,0,1,True,False,True,0.5498388158564961,0.5498388158564961
full_coverage_complete,blkboylefttheNo_21,1876,1,0,1,True,False,True,0.6277912525774646,0.7134782599439539
full_coverage_complete,blkboylefttheNo_21,1877,0,0,2,True,False,True,0.6894567907184126,0.6894567907184126
full_coverage_complete,blkboylefttheNo_21,1878,0,0,2,True,False,True,0.7134098590566483,0.7134098590566483
full_coverage_complete,blkboylefttheNo_21,1879,1,0,1,True,False,True,0.7662278236872996,0.8324852221678714
full_coverage_complete,blkboylefttheNo_21,1880,0,0,2,True,False,True,0.8087371100779535,0.8087371100779535
full_coverage_complete,blkboylefttheNo_21,1881,0,0,4,True,False,True,0.7627729382173429,0.7627729382173429
full_coverage_complete,blkboylefttheNo_21,1882,0,0,2,True,False,True,0.8135985795471511,0.8135985795471511
full_coverage_complete,blkboylefttheNo_21,1886,0,0,2,True,False,True,0.38616887346267315,0.38616887346267315
full_coverage_complete,blkboylefttheNo_21,1887,0,0,2,True,False,True,0.2146196923697525,0.2146196923697525
full_coverage_complete,blkboylefttheNo_21,1936,0,0,4,True,False,True,0.7045802726468908,0.7045802726468908
full_coverage_complete,blkboylefttheNo_21,1937,0,0,4,True,False,True,0.6642863878523035,0.6642863878523035
full_coverage_complete,blkboylefttheNo_21,1939,0,0,2,True,False,True,0.7027779815846574,0.7027779815846574
full_coverage_complete,blkboylefttheNo_21,1940,2,1,2,True,False,True,0.5680048479009056,0.4173717677973827
full_coverage_complete,blkboylefttheNo_21,1944,0,0,2,True,False,True,0.662895230731844,0.662895230731844
full_coverage_complete,blkboylefttheNo_21,1947,0,0,2,True,False,True,0.6806964296028378,0.6806964296028378
full_coverage_complete,blkboylefttheNo_21,1967,0,0,2,True,False,True,0.7146917988042295,0.7146917988042295
full_coverage_complete,blkboylefttheNo_21,1995,0,0,2,True,False,True,0.6241205933670969,0.6241205933670969
full_coverage_complete,blkboylefttheNo_21,1997,0,0,2,True,False,True,0.7606562508079928,0.7606562508079928
full_coverage_complete,blkboylefttheNo_21,1999,4,0,4,True,False,True,0.7446542489364703,0.0
full_coverage_complete,blkboylefttheNo_21,2002,0,0,2,True,False,True,0.0,0.0
full_coverage_complete,blkboylefttheNo_21,2003,5,0,5,True,False,True,0.0,0.0
full_coverage_complete,blkboylefttheNo_21,2004,5,0,5,True,False,True,0.0,0.0
full_coverage_complete,blkboylefttheNo_21,2005,0,0,2,True,False,True,0.0,0.0
full_coverage_complete,blkboylefttheNo_21,2006,0,0,2,True,False,True,0.0,0.0
full_coverage_complete,blkboylefttheNo_21,2007,0,0,2,True,False,True,0.0,0.0
full_coverage_complete,blkboylefttheNo_21,2008,2,3,2,True,False,True,0.0,0.0
full_coverage_complete,blkboylefttheNo_21,2009,0,0,2,True,False,True,0.0,0.8003061608670692
full_coverage_complete,blkboylefttheNo_21,2037,0,0,2,True,False,True,0.24428751829475082,0.24428751829475082
full_coverage_complete,blkboylefttheNo_21,2038,0,0,2,True,False,True,0.6625003027840876,0.6625003027840876
full_coverage_complete,blkboylefttheNo_21,2047,0,0,2,True,False,True,0.5959221920533274,0.5959221920533274
full_coverage_complete,blkboylefttheNo_21,2049,0,0,2,True,False,True,0.5375696129374199,0.5375696129374199
full_coverage_complete,blkboylefttheNo_21,2050,0,1,2,True,False,True,0.4575536420762376,0.0
full_coverage_complete,blkboylefttheNo_21,2058,0,0,2,True,False,True,0.0,0.0
full_coverage_complete,blkboylefttheNo_21,2062,0,0,2,True,False,True,0.0,0.0
full_coverage_complete,blkboylefttheNo_21,2063,0,0,2,True,False,True,0.0,0.0
full_coverage_complete,blkboylefttheNo_21,2064,0,0,2,True,False,True,0.0,0.0
full_coverage_complete,blkboylefttheNo_21,2065,0,0,2,True,False,True,0.0,0.0
full_coverage_complete,blkboylefttheNo_21,2066,0,0,2,True,False,True,0.0,0.0
full_coverage_complete,blkboylefttheNo_21,2067,0,0,2,True,False,True,0.0,0.0
full_coverage_complete,blkboylefttheNo_21,2068,0,0,2,True,False,True,0.0,0.0
full_coverage_complete,blkboylefttheNo_21,2069,0,0,2,True,False,True,0.0,0.0
full_coverage_complete,blkboylefttheNo_21,2071,4,0,4,True,False,True,0.0,0.0
full_coverage_complete,blkboylefttheNo_21,2073,0,0,4,True,False,True,0.0,0.0
full_coverage_complete,blkboylefttheNo_21,2074,0,0,4,True,False,True,0.0,0.0
full_coverage_complete,blkboylefttheNo_21,2076,4,0,4,True,False,True,0.0,0.0
full_coverage_complete,blkboylefttheNo_21,2077,0,0,5,True,False,True,0.0,0.0
full_coverage_complete,blkboylefttheNo_21,2078,5,0,5,True,False,True,0.0,0.0
full_coverage_complete,blkboylefttheNo_21,2079,0,0,5,True,False,True,0.0,0.0
full_coverage_complete,blkboylefttheNo_21,2094,0,0,2,True,False,True,0.0,0.0
full_coverage_complete,blkboylefttheNo_21,2098,0,0,2,True,False,True,0.0,0.0
full_coverage_complete,blkboylefttheNo_21,2099,0,0,2,True,False,True,0.0,0.0
full_coverage_complete,blkboylefttheNo_21,2100,0,0,2,True,False,True,0.0,0.0
full_coverage_complete,blkboylefttheNo_21,2101,0,0,2,True,False,True,0.0,0.0
full_coverage_complete,blkboylefttheNo_21,2102,0,0,0,False,False,True,0.0,0.0
full_coverage_complete,blkboylefttheNo_21,2115,0,0,2,True,False,True,0.0,0.0
full_coverage_complete,blkboylefttheNo_21,2117,0,0,5,True,False,True,0.0,0.0
full_coverage_complete,blkboylefttheNo_21,2124,0,0,4,True,False,True,0.0,0.0
full_coverage_complete,blkboylefttheNo_21,2125,0,0,4,True,False,True,0.0,0.0
full_coverage_complete,blkboylefttheNo_21,2126,0,0,4,True,False,True,0.0,0.0
full_coverage_complete,blkboylefttheNo_21,2127,0,0,4,True,False,True,0.0,0.0
full_coverage_complete,blkboylefttheNo_21,2128,0,0,5,True,False,True,0.0,0.0
full_coverage_complete,blkboylefttheNo_21,2129,0,0,5,True,False,True,0.0,0.0
full_coverage_complete,blkboylefttheNo_21,2138,0,0,1,True,False,True,0.0,0.0
full_coverage_complete,blkboylefttheNo_21,2141,0,0,5,True,False,True,0.0,0.0
full_coverage_complete,blkboylefttheNo_21,2157,0,0,5,True,False,True,0.0,0.0
full_coverage_complete,blkboylefttheNo_21,2158,5,0,5,True,False,True,0.0,0.0
full_coverage_complete,blkboylefttheNo_21,2160,0,0,2,True,False,True,0.0,0.0
full_coverage_complete,blkboylefttheNo_21,2161,0,0,2,True,False,True,0.0,0.0
full_coverage_complete,blkboylefttheNo_21,2180,0,0,1,True,False,True,0.0,0.0
full_coverage_complete,blkboylefttheNo_21,2181,0,0,5,True,False,True,0.0,0.0
full_coverage_complete,blkboylefttheNo_21,2182,0,0,5,True,False,True,0.0,0.0
full_coverage_complete,blkboylefttheNo_21,2183,0,0,2,True,False,True,0.0,0.0
full_coverage_complete,blkboylefttheNo_21,2203,4,0,4,True,False,True,0.32908092436076886,0.0
full_coverage_complete,blkboylefttheNo_21,2204,5,0,5,True,False,True,0.0,0.0
full_coverage_complete,blkboylefttheNo_21,2206,0,0,2,True,False,True,0.0,0.0
full_coverage_complete,blkboylefttheNo_21,2207,0,0,2,True,False,True,0.0,0.0
full_coverage_complete,blkboylefttheNo_21,2208,1,0,1,True,False,True,0.0,0.0
full_coverage_complete,blkboylefttheNo_21,2209,2,4,2,True,False,True,0.0,0.0
full_coverage_complete,blkboylefttheNo_21,2210,0,0,5,True,False,True,0.0,0.0
full_coverage_complete,blkboylefttheNo_21,2213,0,0,4,True,False,True,0.27943482662631786,0.27943482662631786
full_coverage_complete,blkboylefttheNo_21,2214,0,0,4,True,False,True,0.2400577272033604,0.2400577272033604
full_coverage_complete,blkboylefttheNo_21,2215,0,0,2,True,False,True,0.29715613786462597,0.29715613786462597
full_coverage_complete,blkboylefttheNo_21,2216,0,0,4,True,False,True,0.5210728388206126,0.5210728388206126
full_coverage_complete,blkboylefttheNo_21,2217,0,0,2,True,False,True,0.5356398002304213,0.5356398002304213
full_coverage_complete,blkboylefttheNo_21,2219,0,0,5,True,False,True,0.6579226803121353,0.6579226803121353
full_coverage_complete,blkboylefttheNo_21,2220,0,0,5,True,False,True,0.872277296279899,0.872277296279899
full_coverage_complete,blkboylefttheNo_21,2249,0,0,1,True,False,True,0.5825061184659849,0.5825061184659849
full_coverage_complete,blkboylefttheNo_21,2255,0,0,1,True,False,True,0.0,0.0
full_coverage_complete,blkboylefttheNo_21,2256,0,0,2,True,False,True,0.0,0.0
full_coverage_complete,blkboylefttheNo_21,2257,0,0,2,True,False,True,0.0,0.0
full_coverage_complete,blkboylefttheNo_21,2258,0,0,2,True,False,True,0.0,0.0
full_coverage_complete,blkboylefttheNo_21,2259,0,1,2,True,False,True,0.0,0.7035746796461245
full_coverage_complete,blkboylefttheNo_21,2260,0,0,5,True,False,True,0.7714162125856504,0.7714162125856504
full_coverage_complete,blkboylefttheNo_21,2261,0,0,2,True,False,True,0.74346933071795,0.74346933071795
full_coverage_complete,blkboylefttheNo_21,2262,0,0,2,True,False,True,0.6814899692888805,0.6814899692888805
full_coverage_complete,blkboylefttheNo_21,2263,0,1,2,True,False,True,0.7365483302922382,0.0
full_coverage_complete,blkboylefttheNo_21,2269,0,0,2,True,False,True,0.0,0.0
full_coverage_complete,blkboylefttheNo_21,2295,0,0,5,True,False,True,0.0,0.0
full_coverage_complete,blkboylefttheNo_21,2299,0,0,2,True,False,True,0.0,0.0
full_coverage_complete,blkboylefttheNo_21,2300,0,0,2,True,False,True,0.0,0.0
full_coverage_complete,blkboylefttheNo_21,2302,0,0,4,True,False,True,0.0,0.0
full_coverage_complete,blkboylefttheNo_21,2303,0,0,4,True,False,True,0.0,0.0
full_coverage_complete,blkboylefttheNo_21,2304,0,0,4,True,False,True,0.0,0.0
full_coverage_complete,blkboylefttheNo_21,2305,0,1,4,True,False,True,0.0,0.0
full_coverage_complete,blkboylefttheNo_21,2306,0,0,2,True,False,True,0.0,0.0
full_coverage_complete,blkboylefttheNo_21,2308,0,0,2,True,False,True,0.0,0.0
full_coverage_complete,blkboylefttheNo_21,2309,0,0,2,True,False,True,0.0,0.0
full_coverage_complete,blkboylefttheNo_21,2339,0,0,2,True,False,True,0.0,0.0
full_coverage_complete,blkboylefttheNo_21,2341,0,0,2,True,False,True,0.0,0.0
full_coverage_complete,blkboylefttheNo_21,2343,5,2,5,True,False,True,0.0,0.0
full_coverage_complete,blkboylefttheNo_21,2344,5,0,5,True,False,True,0.0,0.7262723248807326
full_coverage_complete,blkboylefttheNo_21,2346,0,0,5,True,False,True,0.8798941144934065,0.8798941144934065
full_coverage_complete,blkboylefttheNo_21,2347,0,1,2,True,False,True,0.8403427689987876,0.0
full_coverage_complete,blkboylefttheNo_21,2356,0,0,2,True,False,True,0.0,0.0
full_coverage_complete,blkboylefttheNo_21,2357,0,0,2,True,False,True,0.0,0.0
full_coverage_complete,blkboylefttheNo_21,2358,0,0,2,True,False,True,0.0,0.7825213551337765
full_coverage_complete,blkboylefttheNo_21,2360,0,0,2,True,False,True,0.8908416929537505,0.8908416929537505
full_coverage_complete,blkboylefttheNo_21,2361,0,0,2,True,False,True,0.8752184651878281,0.8752184651878281
full_coverage_complete,blkboylefttheNo_21,2389,0,0,2,True,False,True,0.8450226486139631,0.8450226486139631
full_coverage_complete,blkboylefttheNo_21,2390,0,0,2,True,False,True,0.2533082262469341,0.2533082262469341
full_coverage_complete,blkboylefttheNo_21,2391,0,0,2,True,False,True,0.08421665565075108,0.08421665565075108
full_coverage_complete,blkboylefttheNo_21,2392,0,0,2,True,False,True,0.3036339362195392,0.3036339362195392
full_coverage_complete,blkboylefttheNo_21,2393,0,0,2,True,False,True,0.3195932242036268,0.3195932242036268
full_coverage_complete,blkboylefttheNo_21,2396,0,0,2,True,False,True,0.44906108801209454,0.44906108801209454
full_coverage_complete,blkboylefttheNo_21,2401,0,0,2,True,False,True,0.5558612663596395,0.5558612663596395
full_coverage_complete,blkboylefttheNo_21,2402,0,0,2,True,False,True,0.397429405124149,0.397429405124149
full_coverage_complete,blkboylefttheNo_21,2404,5,0,5,True,False,True,0.6388729676456266,0.9021133666184791
full_coverage_complete,blkboylefttheNo_21,2407,0,0,2,True,False,True,0.8674895090634229,0.8674895090634229
full_coverage_complete,blkboylefttheNo_21,2408,0,0,2,True,False,True,0.8345172142068829,0.0
full_coverage_complete,blkboylefttheNo_21,2412,0,0,5,True,False,True,0.0,0.0
full_coverage_complete,blkboylefttheNo_21,2413,0,0,2,True,False,True,0.0,0.0
full_coverage_complete,blkboylefttheNo_21,2414,0,0,2,True,False,True,0.8510250258036288,0.8510250258036288
full_coverage_complete,blkboylefttheNo_21,2415,5,0,5,True,False,True,0.8132360099632381,0.8681868553471109
full_coverage_complete,blkboylefttheNo_21,2416,0,0,2,True,False,True,0.8448150925079475,0.8448150925079475
full_coverage_complete,blkboylefttheNo_21,2418,0,0,2,True,False,True,0.8389652222547515,0.8389652222547515
full_coverage_complete,blkboylefttheNo_21,2420,0,0,2,True,False,True,0.7026664830922217,0.7026664830922217
full_coverage_complete,blkboylefttheNo_21,2422,0,0,2,True,False,True,0.7685044546123843,0.7685044546123843
full_coverage_complete,blkboylefttheNo_21,2731,0,0,4,True,False,True,0.8377916039584544,0.8377916039584544
full_coverage_complete,blkboylefttheNo_21,2757,0,0,2,True,False,True,0.7570342017031483,0.7570342017031483
full_coverage_complete,blkboylefttheNo_21,2768,0,0,2,True,False,True,0.7575988798249246,0.7575988798249246
full_coverage_complete,blkboylefttheNo_21,2769,0,0,2,True,False,True,0.8143897970921848,0.8143897970921848
full_coverage_complete,blkboylefttheNo_21,2771,0,0,4,True,False,True,0.6807037551402385,0.6807037551402385
full_coverage_complete,blkboylefttheNo_21,2772,0,0,2,True,False,True,0.6508417844292567,0.6508417844292567
full_coverage_complete,blkboylefttheNo_21,2773,0,0,2,True,False,True,0.6543746460551971,0.6543746460551971
full_coverage_complete,blkboylefttheNo_21,2774,0,0,2,True,False,True,0.8110047859734362,0.8110047859734362
full_coverage_complete,blkboylefttheNo_21,2775,0,0,2,True,False,True,0.7294458435507056,0.7294458435507056
full_coverage_complete,blkboylefttheNo_21,2777,6,0,6,True,False,True,0.0,0.0
full_coverage_complete,blkboylefttheNo_21,2786,0,0,1,True,False,True,0.0,0.0
full_coverage_complete,blkboylefttheNo_21,2787,0,0,2,True,False,True,0.0,0.0
full_coverage_complete,blkboylefttheNo_21,2788,0,0,4,True,False,True,0.0,0.0
full_coverage_complete,blkboylefttheNo_21,2790,0,0,5,True,False,True,0.0,0.0
full_coverage_complete,blkboylefttheNo_21,2791,5,0,5,True,False,True,0.0,0.0
full_coverage_complete,blkboylefttheNo_21,2792,0,0,2,True,False,True,0.0,0.0
full_coverage_complete,blkboylefttheNo_21,2793,0,0,2,True,False,True,0.0,0.0
full_coverage_complete,blkboylefttheNo_21,2808,0,0,5,True,False,True,0.0,0.0
full_coverage_complete,blkboylefttheNo_21,2810,0,0,2,True,False,True,0.0,0.0
full_coverage_complete,blkboylefttheNo_21,2811,0,1,2,True,False,True,0.0,0.0
full_coverage_complete,blkboylefttheNo_21,2812,1,0,1,True,False,True,0.0,0.0
full_coverage_complete,blkboylefttheNo_21,2813,0,0,2,True,False,True,0.0,0.0
full_coverage_complete,blkboylefttheNo_21,2815,0,0,2,True,False,True,0.0,0.0
full_coverage_complete,blkboylefttheNo_21,2816,0,0,2,True,False,True,0.0,0.0
full_coverage_complete,blkboylefttheNo_21,2817,0,0,2,True,False,True,0.0,0.0
full_coverage_complete,blkboylefttheNo_21,2818,0,0,2,True,False,True,0.0,0.0
full_coverage_complete,blkboylefttheNo_21,2819,0,0,5,True,False,True,0.0,0.0
full_coverage_complete,blkboylefttheNo_21,2820,0,0,5,True,False,True,0.0,0.0
full_coverage_complete,blkboylefttheNo_21,2822,0,0,2,True,False,True,0.0,0.0
full_coverage_complete,blkboylefttheNo_21,2824,0,0,2,True,False,True,0.0,0.0
full_coverage_complete,blkboylefttheNo_21,2826,0,0,2,True,False,True,0.0,0.0
full_coverage_complete,blkboylefttheNo_21,2827,0,0,0,False,False,True,0.0,0.0
full_coverage_complete,blkboylefttheNo_21,2828,0,1,2,True,False,True,0.0,0.0
full_coverage_complete,blkboylefttheNo_21,2829,6,0,6,True,False,True,0.0,0.0
full_coverage_complete,blkboylefttheNo_21,2836,0,0,2,True,False,True,0.0,0.0
full_coverage_complete,blkboylefttheNo_21,2837,0,0,5,True,False,True,0.0,0.0
full_coverage_complete,blkboylefttheNo_21,2838,5,0,5,True,False,True,0.0,0.0
full_coverage_complete,blkboylefttheNo_21,2839,0,0,5,True,False,True,0.0,0.0
full_coverage_complete,blkboylefttheNo_21,2840,0,0,5,True,False,True,0.0,0.0
full_coverage_complete,blkboylefttheNo_21,2842,0,0,5,True,False,True,0.0,0.0
full_coverage_complete,blkboylefttheNo_21,2843,0,0,5,True,False,True,0.0,0.0
full_coverage_complete,blkboylefttheNo_21,2844,0,0,5,True,False,True,0.0,0.0
full_coverage_complete,blkboylefttheNo_21,2845,5,0,5,True,False,True,0.0,0.0
full_coverage_complete,blkboylefttheNo_21,2846,0,0,5,True,False,True,0.0,0.0
full_coverage_complete,blkboylefttheNo_21,2847,0,0,5,True,False,True,0.0,0.0
full_coverage_complete,blkboylefttheNo_21,2849,0,0,5,True,False,True,0.0,0.0
full_coverage_complete,blkboylefttheNo_21,2851,0,0,2,True,False,True,0.0,0.0
full_coverage_complete,blkboylefttheNo_21,2852,0,0,2,True,False,True,0.0,0.0
full_coverage_complete,blkboylefttheNo_21,2853,0,0,2,True,False,True,0.0,0.0
full_coverage_complete,blkboylefttheNo_21,2854,0,0,2,True,False,True,0.0,0.0
full_coverage_complete,blkboylefttheNo_21,2855,0,0,2,True,False,True,0.0,0.0
full_coverage_complete,blkboylefttheNo_21,2857,0,0,2,True,False,True,0.0,0.0
full_coverage_complete,blkboylefttheNo_21,2871,0,0,2,True,False,True,0.0,0.0
full_coverage_complete,blkboylefttheNo_21,2873,0,0,1,True,False,True,0.0,0.0
full_coverage_complete,blkboylefttheNo_21,2874,0,0,2,True,False,True,0.0,0.0
full_coverage_complete,blkboylefttheNo_21,2875,1,0,1,True,False,True,0.0,0.0
full_coverage_complete,blkboylefttheNo_21,2876,0,0,2,True,False,True,0.0,0.0
full_coverage_complete,blkboylefttheNo_21,2877,0,0,2,True,False,True,0.0,0.0
full_coverage_complete,blkboylefttheNo_21,2878,0,1,2,True,False,True,0.0,0.0
full_coverage_complete,blkboylefttheNo_21,2879,0,0,6,True,False,True,0.0,0.0
full_coverage_complete,blkboylefttheNo_21,2882,0,0,2,True,False,True,0.0,0.0
full_coverage_complete,blkboylefttheNo_21,2883,0,0,6,True,False,True,0.0,0.0
full_coverage_complete,blkboylefttheNo_21,2884,0,1,6,True,False,True,0.0,0.0
full_coverage_complete,blkboylefttheNo_21,2886,0,0,2,True,False,True,0.0,0.0
full_coverage_complete,blkboylefttheNo_21,2887,0,0,4,True,False,True,0.0,0.0
full_coverage_complete,blkboylefttheNo_21,2901,0,0,2,True,False,True,0.0,0.0
full_coverage_complete,blkboylefttheNo_21,2902,0,0,4,True,False,True,0.0,0.0
full_coverage_complete,blkboylefttheNo_21,2903,0,0,2,True,False,True,0.0,0.0
full_coverage_complete,blkboylefttheNo_21,2906,0,0,4,True,False,True,0.0,0.0
full_coverage_complete,blkboylefttheNo_21,2907,0,0,1,True,False,True,0.0,0.0
full_coverage_complete,blkboylefttheNo_21,2920,0,0,4,True,False,True,0.0,0.0
full_coverage_complete,blkboylefttheNo_21,2921,0,0,4,True,False,True,0.0,0.0
full_coverage_complete,blkboylefttheNo_21,2922,0,0,2,True,False,True,0.0,0.0
full_coverage_complete,blkboylefttheNo_21,2927,0,0,2,True,False,True,0.0,0.0
full_coverage_complete,blkboylefttheNo_21,2928,0,0,2,True,False,True,0.0,0.0
full_coverage_complete,blkboylefttheNo_21,2937,4,1,4,True,False,True,0.0,0.0
full_coverage_complete,blkboylefttheNo_21,2938,4,0,4,True,False,True,0.0,0.0
full_coverage_complete,blkboylefttheNo_21,2939,4,1,4,True,False,True,0.0,0.0
full_coverage_complete,blkboylefttheNo_21,2951,4,0,4,True,False,True,0.0,0.0
full_coverage_complete,blkboylefttheNo_21,2953,0,0,5,True,False,True,0.0,0.0
full_coverage_complete,blkboylefttheNo_21,2954,5,0,5,True,False,True,0.0,0.0
full_coverage_complete,blkboylefttheNo_21,2955,0,0,2,True,False,True,0.0,0.0
full_coverage_complete,blkboylefttheNo_21,2956,0,0,2,True,False,True,0.0,0.0
full_coverage_complete,blkboylefttheNo_21,2957,0,0,4,True,False,True,0.0,0.0
full_coverage_complete,blkboylefttheNo_21,2960,0,0,2,True,False,True,0.0,0.0
full_coverage_complete,blkboylefttheNo_21,2962,0,0,4,True,False,True,0.0,0.0
full_coverage_complete,blkboylefttheNo_21,2963,1,0,1,True,False,True,0.0,0.0
full_coverage_complete,blkboylefttheNo_21,2965,4,0,4,True,False,True,0.0,0.038728509769017365
full_coverage_complete,blkboylefttheNo_21,2966,0,0,5,True,False,True,0.846610692760535,0.846610692760535
full_coverage_complete,blkboylefttheNo_21,2978,0,0,2,True,False,True,0.7833982528357689,0.7833982528357689
full_coverage_complete,blkboylefttheNo_21,2979,0,0,2,True,False,True,0.7892066109249455,0.7892066109249455
full_coverage_complete,blkboylefttheNo_21,2985,1,0,1,True,False,True,0.8875683929683635,0.8979491004627072
full_coverage_complete,blkboylefttheNo_21,2986,1,0,1,True,False,True,0.9192660737093222,0.859006755045848
full_coverage_complete,blkboylefttheNo_21,2997,0,0,2,True,False,True,0.40819947361403275,0.40819947361403275
full_coverage_complete,blkboylefttheNo_21,2999,0,0,2,True,False,True,0.6320454229207045,0.6320454229207045
full_coverage_complete,blkboylefttheNo_21,3000,0,0,2,True,False,True,0.8616196069635275,0.8616196069635275
full_coverage_complete,blkboylefttheNo_21,3001,0,0,2,True,False,True,0.7703596548428908,0.7703596548428908
full_coverage_complete,blkboylefttheNo_21,3002,0,0,2,True,False,True,0.8349749853338156,0.8349749853338156
full_coverage_complete,blkboylefttheNo_21,3003,2,0,2,True,False,True,0.8176410161327405,0.1064385965537446
full_coverage_complete,blkboylefttheNo_21,3004,0,0,1,True,False,True,0.012968361291170833,0.012968361291170833
full_coverage_complete,blkboylefttheNo_21,3005,0,0,4,True,False,True,0.07775520006393474,0.0
full_coverage_complete,blkboylefttheNo_21,3007,0,0,4,True,False,True,0.0,0.0
full_coverage_complete,blkboylefttheNo_21,3010,0,0,4,True,False,True,0.0,0.0
full_coverage_complete,blkboylefttheNo_21,3011,4,0,4,True,False,True,0.0,0.6420469098224795
full_coverage_complete,blkboylefttheNo_21,3014,0,0,2,True,False,True,0.5322679595790235,0.5322679595790235
full_coverage_complete,blkboylefttheNo_21,3015,0,0,2,True,False,True,0.583367343151611,0.583367343151611
full_coverage_complete,blkboylefttheNo_21,3016,0,0,2,True,False,True,0.5864615055202469,0.5864615055202469
full_coverage_complete,blkboylefttheNo_21,3017,0,0,2,True,False,True,0.5896940375858811,0.5896940375858811
full_coverage_complete,blkboylefttheNo_21,3018,0,0,2,True,False,True,0.5661970660991199,0.5661970660991199
full_coverage_complete,blkboylefttheNo_21,3019,0,0,2,True,False,True,0.5293610542494359,0.5293610542494359
full_coverage_complete,blkboylefttheNo_21,3020,0,0,2,True,False,True,0.5556040768928983,0.5556040768928983
full_coverage_complete,blkboylefttheNo_21,3021,0,0,2,True,False,True,0.5337902821913115,0.5337902821913115
full_coverage_complete,blkboylefttheNo_21,3023,0,0,2,True,False,True,0.6436424160359902,0.6436424160359902
full_coverage_complete,blkboylefttheNo_21,3024,0,0,2,True,False,True,0.6502214878674263,0.6502214878674263
full_coverage_complete,blkboylefttheNo_21,3026,0,0,5,True,False,True,0.6511107033874848,0.6511107033874848
full_coverage_complete,blkboylefttheNo_21,3032,0,0,2,True,False,True,0.5319159068985276,0.5319159068985276
full_coverage_complete,blkboylefttheNo_21,3033,0,0,2,True,False,True,0.5225388619389782,0.5225388619389782
full_coverage_complete,blkboylefttheNo_21,3034,0,0,2,True,False,True,0.6099164854144433,0.6099164854144433
full_coverage_complete,blkboylefttheNo_21,3035,0,0,2,True,False,True,0.5767128580410305,0.5767128580410305
full_coverage_complete,blkboylefttheNo_21,3036,0,0,2,True,False,True,0.7045617825124587,0.7045617825124587
full_coverage_complete,blkboylefttheNo_21,3040,0,0,2,True,False,True,0.6759599109054698,0.6759599109054698
full_coverage_complete,blkboylefttheNo_21,3041,0,0,2,True,False,True,0.7204478056353284,0.7204478056353284
full_coverage_complete,blkboylefttheNo_21,3042,0,0,2,True,False,True,0.7009835948512616,0.0
full_coverage_complete,blkboylefttheNo_21,3043,0,2,1,True,False,True,0.0,0.0
full_coverage_complete,blkboylefttheNo_21,3044,0,0,4,True,False,True,0.0,0.0
full_coverage_complete,blkboylefttheNo_21,3047,0,1,6,True,False,True,0.0,0.0
full_coverage_complete,blkboylefttheNo_21,3048,5,0,5,True,False,True,0.0,0.7091792776519891
full_coverage_complete,blkboylefttheNo_21,3063,4,0,4,True,False,True,0.6169550934111225,0.8984297798015066
full_coverage_complete,blkboylefttheNo_21,3064,0,0,2,True,False,True,0.653921578767199,0.653921578767199
full_coverage_complete,blkboylefttheNo_21,3065,0,0,2,True,False,True,0.4908167951253743,0.0
full_coverage_complete,blkboylefttheNo_21,3066,5,0,5,True,False,True,0.0,0.9288759061050311
full_coverage_complete,blkboylefttheNo_21,3067,0,0,4,True,False,True,0.6901569026165985,0.6901569026165985
full_coverage_complete,blkboylefttheNo_21,3068,4,1,4,True,False,True,0.4618136680285445,0.8379971403441397
full_coverage_complete,blkboylefttheNo_21,3069,0,0,2,True,False,True,0.6502090841747603,0.6502090841747603
full_coverage_complete,blkboylefttheNo_21,3070,0,0,5,True,False,True,0.19961746745209913,0.19961746745209913
full_coverage_complete,blkboylefttheNo_21,3071,5,0,5,True,False,True,0.30067289629930966,0.6769217878024693
full_coverage_complete,blkboylefttheNo_21,3072,4,0,4,True,False,True,0.5133278352557351,0.5664368765910198
full_coverage_complete,blkboylefttheNo_21,3073,2,1,2,True,False,True,0.4926880766021832,0.2436357330961458
full_coverage_complete,blkboylefttheNo_21,3074,5,0,5,True,False,True,0.18730062572121878,0.7326634348954428
full_coverage_complete,blkboylefttheNo_21,3076,0,0,2,True,False,True,0.5443008095449078,0.5443008095449078
full_coverage_complete,blkboylefttheNo_21,3077,0,0,2,True,False,True,0.6640323452740954,0.6640323452740954
full_coverage_complete,blkboylefttheNo_21,3078,0,2,2,True,False,True,0.6507073569631883,0.0
full_coverage_complete,blkboylefttheNo_21,3079,1,0,1,True,False,True,0.0,0.5917553966496979
full_coverage_complete,blkboylefttheNo_21,3080,0,0,5,True,False,True,0.6412835360488347,0.6412835360488347
full_coverage_complete,blkboylefttheNo_21,3081,5,0,5,True,False,True,0.783376565863594,0.741208005194113
full_coverage_complete,blkboylefttheNo_21,3082,0,0,2,True,False,True,0.6401487740066597,0.6401487740066597
full_coverage_complete,blkboylefttheNo_21,3083,0,0,2,True,False,True,0.7280130358558093,0.7280130358558093
full_coverage_complete,blkboylefttheNo_21,3084,0,0,2,True,False,True,0.7008564555071207,0.7008564555071207
full_coverage_complete,blkboylefttheNo_21,3085,5,0,5,True,False,True,0.1455378968035524,0.6543044736365315
full_coverage_complete,blkboylefttheNo_21,3086,5,0,5,True,False,True,0.8048018814602215,0.7797617815475728
full_coverage_complete,blkboylefttheNo_21,3087,0,0,2,True,False,True,0.6135993104408812,0.6135993104408812
full_coverage_complete,blkboylefttheNo_21,3088,0,0,5,True,False,True,0.08772650447178225,0.08772650447178225
full_coverage_complete,blkboylefttheNo_21,3089,4,0,4,True,False,True,0.14006582842460658,0.6380409805743773
full_coverage_complete,blkboylefttheNo_21,3090,0,0,5,True,False,True,0.262628704750786,0.262628704750786
full_coverage_complete,blkboylefttheNo_21,3092,5,1,5,True,False,True,0.7138365201491609,0.24377088209612893
full_coverage_complete,blkboylefttheNo_21,3093,0,0,6,True,False,True,0.09504800533752811,0.09504800533752811
full_coverage_complete,blkboylefttheNo_21,3094,0,0,2,True,False,True,0.5497825037568725,0.5497825037568725
full_coverage_complete,blkboylefttheNo_21,3095,0,0,5,True,False,True,0.7067234746813101,0.7067234746813101
full_coverage_complete,blkboylefttheNo_21,3096,0,0,2,True,False,True,0.4147926021461261,0.4147926021461261
full_coverage_complete,blkboylefttheNo_21,3097,0,0,2,True,False,True,0.7284738151088423,0.7284738151088423
full_coverage_complete,blkboylefttheNo_21,3098,0,0,5,True,False,True,0.7353734562986762,0.7353734562986762
full_coverage_complete,blkboylefttheNo_21,3099,0,0,5,True,False,True,0.6663316637922833,0.6663316637922833
full_coverage_complete,blkboylefttheNo_21,3100,0,0,5,True,False,True,0.6850749817226377,0.6850749817226377
full_coverage_complete,blkboylefttheNo_21,3101,0,0,2,True,False,True,0.7444039452533245,0.7444039452533245
full_coverage_complete,blkboylefttheNo_21,3102,5,1,5,True,False,True,0.8530807803065599,0.0
full_coverage_complete,blkboylefttheNo_21,3104,0,0,2,True,False,True,0.0,0.0
full_coverage_complete,blkboylefttheNo_21,3105,0,0,2,True,False,True,0.0,0.5861050254966352
full_coverage_complete,blkboylefttheNo_21,3106,0,0,6,True,False,True,0.6674390468899679,0.6674390468899679
full_coverage_complete,blkboylefttheNo_21,3107,0,0,2,True,False,True,0.7828526493745271,0.7828526493745271
full_coverage_complete,blkboylefttheNo_21,3108,0,0,2,True,False,True,0.7986195458543561,0.7986195458543561
full_coverage_complete,blkboylefttheNo_21,3109,0,0,5,True,False,True,0.6570329851195902,0.6570329851195902
full_coverage_complete,blkboylefttheNo_21,3110,0,0,5,True,False,True,0.5216315737733922,0.5216315737733922
full_coverage_complete,blkboylefttheNo_21,3113,0,0,5,True,False,True,0.17404245966894138,0.17404245966894138
full_coverage_complete,blkboylefttheNo_21,3114,0,0,5,True,False,True,0.12671500012116138,0.12671500012116138
full_coverage_complete,blkboylefttheNo_21,3115,0,0,2,True,False,True,0.05964551490420186,0.05964551490420186
full_coverage_complete,blkboylefttheNo_21,3117,0,0,5,True,False,True,0.04417116109256327,0.04417116109256327
full_coverage_complete,blkboylefttheNo_21,3119,0,0,2,True,False,True,0.0,0.0
full_coverage_complete,blkboylefttheNo_21,3121,0,0,2,True,False,True,0.0,0.0
full_coverage_complete,blkboylefttheNo_21,3133,0,0,2,True,False,True,0.0,0.0
full_coverage_complete,blkboylefttheNo_21,3141,0,0,2,True,False,True,0.247261618608816,0.247261618608816
full_coverage_complete,blkboylefttheNo_21,3142,5,0,5,True,False,True,0.28855748073041365,0.5308682524133148
full_coverage_complete,blkboylefttheNo_21,3143,0,0,1,True,False,True,0.4265089285856871,0.4265089285856871
full_coverage_complete,blkboylefttheNo_21,3146,1,1,1,True,False,True,0.6063220482574424,0.0
full_coverage_complete,blkboylefttheNo_21,3147,0,0,5,True,False,True,0.0,0.0
full_coverage_complete,blkboylefttheNo_21,3148,0,0,2,True,False,True,0.0,0.0
full_coverage_complete,blkboylefttheNo_21,3153,0,0,2,True,False,True,0.0,0.0
full_coverage_complete,blkboylefttheNo_21,3154,0,0,2,True,False,True,0.0,0.0
full_coverage_complete,blkboylefttheNo_21,3155,0,0,2,True,False,True,0.0,0.0
full_coverage_complete,blkboylefttheNo_21,3156,0,0,2,True,False,True,0.0,0.0
full_coverage_complete,blkboylefttheNo_21,3189,0,0,2,True,False,True,0.0,0.0
full_coverage_complete,blkboylefttheNo_21,3191,0,0,2,True,False,True,0.0,0.0
full_coverage_complete,blkboylefttheNo_21,3192,0,0,1,True,False,True,0.0,0.0
full_coverage_complete,blkboylefttheNo_21,3194,0,0,2,True,False,True,0.0,0.0
full_coverage_complete,blkboylefttheNo_21,3200,0,0,2,True,False,True,0.0,0.0
full_coverage_complete,blkboylefttheNo_21,3204,0,0,2,True,False,True,0.0,0.0
full_coverage_complete,blkboylefttheNo_21,3205,0,0,2,True,False,True,0.0,0.0
full_coverage_complete,blkboylefttheNo_21,3206,0,0,2,True,False,True,0.0,0.0
full_coverage_complete,blkboylefttheNo_21,3207,0,0,2,True,False,True,0.0,0.0
full_coverage_complete,blkboylefttheNo_21,3208,0,0,2,True,False,True,0.0,0.0
full_coverage_complete,blkboylefttheNo_21,3209,0,0,2,True,False,True,0.0,0.0
full_coverage_complete,blkboylefttheNo_21,3210,0,0,5,True,False,True,0.0,0.0
full_coverage_complete,blkboylefttheNo_21,3212,0,0,2,True,False,True,0.0,0.7806018565271906
full_coverage_complete,blkboylefttheNo_21,3769,0,0,2,True,False,True,0.5355421029557736,0.5355421029557736
full_coverage_complete,blkboylefttheNo_21,3771,0,0,2,True,False,True,0.6023259993739316,0.6023259993739316
full_coverage_complete,blkboylefttheNo_21,3772,0,0,2,True,False,True,0.6123838332530556,0.6123838332530556
full_coverage_complete,blkboylefttheNo_21,3773,0,0,2,True,False,True,0.586568010182673,0.6238825208191117
full_coverage_complete,blkboylefttheNo_21,3786,0,0,2,True,False,True,0.6171705068736909,0.6171705068736909
full_coverage_complete,blkboylefttheNo_21,3787,0,0,5,True,False,True,0.6146165400127392,0.6146165400127392
full_coverage_complete,blkboylefttheNo_21,3788,0,0,5,True,False,True,0.5945682523529141,0.5945682523529141
full_coverage_complete,blkboylefttheNo_21,3789,0,0,2,True,False,True,0.6435245270994915,0.6435245270994915
full_coverage_complete,blkboylefttheNo_21,3790,0,0,2,True,False,True,0.5887465258242437,0.5887465258242437
full_coverage_complete,blkboylefttheNo_21,3791,0,0,2,True,False,True,0.36608539287801556,0.36608539287801556
full_coverage_complete,blkboylefttheNo_21,3793,0,0,5,True,False,True,0.5702162470520074,0.5702162470520074
full_coverage_complete,blkboylefttheNo_21,3794,0,0,5,True,False,True,0.535974343123932,0.535974343123932
full_coverage_complete,blkboylefttheNo_21,3795,0,0,2,True,False,True,0.5280520983983471,0.5280520983983471
full_coverage_complete,blkboylefttheNo_21,3796,0,0,2,True,False,True,0.48970805882880913,0.48970805882880913
full_coverage_complete,blkboylefttheNo_21,3797,0,0,2,True,False,True,0.5447196468076245,0.5447196468076245
full_coverage_complete,blkboylefttheNo_21,3799,0,0,2,True,False,True,0.5542059232228961,0.5542059232228961
full_coverage_complete,blkboylefttheNo_21,3800,0,0,2,True,False,True,0.5523346416032198,0.5523346416032198
full_coverage_complete,blkboylefttheNo_21,3801,0,0,2,True,False,True,0.44346999813730376,0.44346999813730376
full_coverage_complete,blkboylefttheNo_21,3833,0,0,2,True,False,True,0.678031283728714,0.678031283728714
full_coverage_complete,blkboylefttheNo_21,3835,0,0,2,True,False,True,0.6525777609256961,0.6525777609256961
full_coverage_complete,blkboylefttheNo_21,3838,0,0,2,True,False,True,0.5256927774382736,0.5256927774382736
full_coverage_complete,blkboylefttheNo_21,3840,0,0,2,True,False,True,0.624341872225942,0.624341872225942
full_coverage_complete,blkboylefttheNo_21,3842,0,0,2,True,False,True,0.7057446164897138,0.7057446164897138
full_coverage_complete,blkboylefttheNo_21,3986,0,0,2,True,False,True,0.715914118357281,0.715914118357281
full_coverage_complete,blkboylefttheNo_21,3987,0,0,2,True,False,True,0.6847986754595075,0.6847986754595075
full_coverage_complete,blkboylefttheNo_21,3988,0,0,2,True,False,True,0.5683331705326251,0.5683331705326251
full_coverage_complete,blkboylefttheNo_21,3990,2,1,2,True,False,True,0.6935987562594886,0.0
full_coverage_complete,blkboylefttheNo_21,3992,0,0,5,True,False,True,0.0,0.0
full_coverage_complete,blkboylefttheNo_21,3998,0,0,2,True,False,True,0.0,0.0
full_coverage_complete,blkboylefttheNo_21,3999,0,1,0,False,False,True,0.0,0.5408049690038598
full_coverage_complete,blkboylefttheNo_21,4006,0,0,2,True,False,True,0.801591420052937,0.0
full_coverage_complete,blkboylefttheNo_21,4010,0,0,2,True,False,True,0.0250739568407651,0.0250739568407651
full_coverage_complete,blkboylefttheNo_21,4011,0,0,2,True,False,True,0.07809799563255411,0.07809799563255411
full_coverage_complete,blkboylefttheNo_21,4012,0,0,2,True,False,True,0.08156568280285,0.08156568280285
full_coverage_complete,blkboylefttheNo_21,4013,0,0,2,True,False,True,0.3186132803273332,0.3186132803273332
full_coverage_complete,blkboylefttheNo_21,4021,0,0,2,True,False,True,0.6098992757563412,0.6098992757563412
full_coverage_complete,blkboylefttheNo_21,4022,0,0,2,True,False,True,0.6610381002244197,0.6610381002244197
full_coverage_complete,blkboylefttheNo_21,4023,0,1,2,True,False,True,0.6121696196730843,0.0
full_coverage_complete,blkboylefttheNo_21,4026,0,0,2,True,False,True,0.0,0.0
full_coverage_complete,blkboylefttheNo_21,4030,0,0,2,True,False,True,0.051900169863062444,0.051900169863062444
full_coverage_complete,blkboylefttheNo_21,4031,0,0,5,True,False,True,0.11366398465037725,0.11366398465037725
full_coverage_complete,blkboylefttheNo_21,4034,0,0,2,True,False,True,0.42256483040753934,0.42256483040753934
full_coverage_complete,blkboylefttheNo_21,4045,0,0,2,True,False,True,0.0,0.0
full_coverage_complete,blkboylefttheNo_21,4046,0,0,2,True,False,True,0.0,0.0
full_coverage_complete,blkboylefttheNo_21,4049,0,1,2,True,False,True,0.0,0.20969211284646055
full_coverage_complete,blkboylefttheNo_21,4050,0,0,5,True,False,True,0.29195556060040273,0.29195556060040273
full_coverage_complete,blkboylefttheNo_21,4051,0,0,2,True,False,True,0.280241164242904,0.280241164242904
full_coverage_complete,blkboylefttheNo_21,4052,0,0,2,True,False,True,0.2716288239569667,0.2716288239569667
full_coverage_complete,blkboylefttheNo_21,4055,0,0,2,True,False,True,0.33956803231122523,0.33956803231122523
full_coverage_complete,blkboylefttheNo_21,4056,0,0,2,True,False,True,0.22821564017078075,0.22821564017078075
full_coverage_complete,blkboylefttheNo_21,4059,0,0,2,True,False,True,0.18258550937887563,0.18258550937887563
full_coverage_complete,blkboylefttheNo_21,4060,0,0,2,True,False,True,0.22739861586443783,0.22739861586443783
full_coverage_complete,blkboylefttheNo_21,4078,0,0,1,True,False,True,0.45096382762512055,0.45096382762512055
full_coverage_complete,blkboylefttheNo_21,4079,0,0,2,True,False,True,0.42652913293132405,0.42652913293132405
full_coverage_complete,blkboylefttheNo_21,4080,0,0,2,True,False,True,0.1644120999978624,0.1644120999978624
full_coverage_complete,blkboylefttheNo_21,4081,0,0,5,True,False,True,0.10478269160999859,0.10478269160999859
full_coverage_complete,blkboylefttheNo_21,4082,0,0,5,True,False,True,0.06563918849646054,0.06563918849646054
full_coverage_complete,blkboylefttheNo_21,4083,0,0,2,True,False,True,0.04394400042059524,0.04394400042059524
full_coverage_complete,blkboylefttheNo_21,4084,0,0,2,True,False,True,0.0,0.0
full_coverage_complete,blkboylefttheNo_21,4085,0,0,2,True,False,True,0.0,0.0
full_coverage_complete,blkboylefttheNo_21,4086,0,0,2,True,False,True,0.0,0.0
full_coverage_complete,blkboylefttheNo_21,4089,0,0,2,True,False,True,0.0,0.0
full_coverage_complete,blkboylefttheNo_21,4094,0,0,2,True,False,True,0.0,0.0
full_coverage_complete,blkboylefttheNo_21,4097,0,0,2,True,False,True,0.0,0.0
full_coverage_complete,blkboylefttheNo_21,4098,0,0,2,True,False,True,0.0,0.0
full_coverage_complete,blkboylefttheNo_21,4099,0,0,2,True,False,True,0.0,0.0
full_coverage_complete,blkboylefttheNo_21,4102,0,0,2,True,False,True,0.0,0.0
full_coverage_complete,blkboylefttheNo_21,4134,0,1,2,True,False,True,0.0,0.0
full_coverage_complete,blkboylefttheNo_21,4135,0,0,5,True,False,True,0.0,0.0
full_coverage_complete,blkboylefttheNo_21,4136,0,0,2,True,False,True,0.0,0.0
full_coverage_complete,blkboylefttheNo_21,4137,0,0,2,True,False,True,0.0,0.0
full_coverage_complete,blkboylefttheNo_21,4143,0,1,2,True,False,True,0.0,0.0
full_coverage_complete,blkboylefttheNo_21,4144,5,0,5,True,False,True,0.0,0.0
full_coverage_complete,blkboylefttheNo_21,4145,0,0,2,True,False,True,0.0,0.0
full_coverage_complete,blkboylefttheNo_21,4146,0,1,2,True,False,True,0.0,0.0
full_coverage_complete,blkboylefttheNo_21,4169,0,0,2,True,False,True,0.0,0.0
full_coverage_complete,blkboylefttheNo_21,4170,0,0,2,True,False,True,0.0,0.0
full_coverage_complete,blkboylefttheNo_21,4171,0,0,2,True,False,True,0.0,0.0
full_coverage_complete,blkboylefttheNo_21,4172,0,0,2,True,False,True,0.0,0.0
full_coverage_complete,blkboylefttheNo_21,4193,0,0,4,True,False,True,0.0,0.0
full_coverage_complete,blkboylefttheNo_21,4194,4,0,4,True,False,True,0.0,0.0
full_coverage_complete,blkboylefttheNo_21,4196,2,3,2,True,False,True,0.0,0.6361788893808349
full_coverage_complete,blkboylefttheNo_21,4203,0,0,5,True,False,True,0.5213091950452289,0.5213091950452289
full_coverage_complete,blkboylefttheNo_21,4204,0,0,2,True,False,True,0.3282494307132482,0.3282494307132482
full_coverage_complete,blkboylefttheNo_21,4205,0,0,2,True,False,True,0.4736610428022734,0.4736610428022734
full_coverage_complete,blkboylefttheNo_21,4206,0,0,2,True,False,True,0.5064392665609114,0.5064392665609114
full_coverage_complete,blkboylefttheNo_21,4215,5,0,5,True,False,True,0.7627755042119176,0.6762766459663919
full_coverage_complete,blkboylefttheNo_21,4222,0,0,5,True,False,True,0.6907303495339006,0.6907303495339006
full_coverage_complete,blkboylefttheNo_21,4223,0,0,6,True,False,True,0.5509084278157134,0.5509084278157134
full_coverage_complete,blkboylefttheNo_21,4230,0,0,2,True,False,True,0.8839412586808062,0.8839412586808062
full_coverage_complete,blkboylefttheNo_21,4231,0,0,0,False,False,True,0.8438860402253063,0.0
full_coverage_complete,blkboylefttheNo_21,4244,0,0,2,True,False,True,0.0,0.0
full_coverage_complete,blkboylefttheNo_21,4245,0,1,2,True,False,True,0.0,0.8125378486594366
full_coverage_complete,blkboylefttheNo_21,4246,0,0,5,True,False,True,0.8094367434153167,0.8094367434153167
full_coverage_complete,blkboylefttheNo_21,4247,0,0,5,True,False,True,0.8597609907085227,0.8597609907085227
full_coverage_complete,blkboylefttheNo_21,4249,5,0,5,True,False,True,0.8974181110621804,0.8228694875353659
full_coverage_complete,blkboylefttheNo_21,4251,0,0,4,True,False,True,0.8907171235359618,0.8907171235359618
full_coverage_complete,blkboylefttheNo_21,4252,5,0,5,True,False,True,0.8897645881896312,0.8717481239990913
full_coverage_complete,blkboylefttheNo_21,4253,0,0,5,True,False,True,0.8975905083159926,0.8975905083159926
full_coverage_complete,blkboylefttheNo_21,4254,5,0,5,True,False,True,0.8509495212785365,0.920666619678671
full_coverage_complete,blkboylefttheNo_21,4255,0,0,2,True,False,True,0.9247671847375553,0.9247671847375553
full_coverage_complete,blkboylefttheNo_21,4256,5,0,5,True,False,True,0.9182921734261263,0.9082139932238553
full_coverage_complete,blkboylefttheNo_21,4257,5,0,5,True,False,True,0.9017304727980762,0.0
full_coverage_complete,blkboylefttheNo_21,4261,0,0,2,True,False,True,0.0,0.0
full_coverage_complete,blkboylefttheNo_21,4262,0,0,2,True,False,True,0.0,0.0
full_coverage_complete,blkboylefttheNo_21,4263,0,0,2,True,False,True,0.0,0.0
full_coverage_complete,blkboylefttheNo_21,4265,0,0,2,True,False,True,0.0,0.0
full_coverage_complete,blkboylefttheNo_21,4268,0,0,6,True,False,True,0.0,0.0
full_coverage_complete,blkboylefttheNo_21,4269,0,0,1,True,False,True,0.0,0.0
full_coverage_complete,blkboylefttheNo_21,4270,0,0,2,True,False,True,0.0,0.0
full_coverage_complete,blkboylefttheNo_21,4275,0,0,2,True,False,True,0.0,0.0
full_coverage_complete,blkboylefttheNo_21,4280,0,1,2,True,False,True,0.0,0.6744916445418814
full_coverage_complete,blkboylefttheNo_21,4281,0,0,5,True,False,True,0.6424961200577193,0.6424961200577193
full_coverage_complete,blkboylefttheNo_21,4282,0,0,5,True,False,True,0.7716714950568232,0.7716714950568232
full_coverage_complete,blkboylefttheNo_21,4285,0,0,5,True,False,True,0.746385580526553,0.746385580526553
full_coverage_complete,blkboylefttheNo_21,4293,0,0,2,True,False,True,0.8281275667660779,0.8281275667660779
full_coverage_complete,blkboylefttheNo_21,4295,0,0,2,True,False,True,0.014052710644612028,0.014052710644612028
full_coverage_complete,blkboylefttheNo_21,4296,0,0,5,True,False,True,0.009216307147147511,0.009216307147147511
full_coverage_complete,blkboylefttheNo_21,4297,0,0,2,True,False,True,0.0,0.0
full_coverage_complete,blkboylefttheNo_21,4298,0,0,5,True,False,True,0.0,0.0
full_coverage_complete,blkboylefttheNo_21,4299,0,0,5,True,False,True,0.0,0.0
full_coverage_complete,blkboylefttheNo_21,4300,0,0,5,True,False,True,0.0,0.0
full_coverage_complete,blkboylefttheNo_21,4301,0,0,5,True,False,True,0.0,0.0
full_coverage_complete,blkboylefttheNo_21,4302,0,0,5,True,False,True,0.0,0.0
full_coverage_complete,blkboylefttheNo_21,4303,0,0,5,True,False,True,0.0,0.0
full_coverage_complete,blkboylefttheNo_21,4304,0,1,2,True,False,True,0.0,0.14376050545982735
full_coverage_complete,blkboylefttheNo_21,4305,0,0,1,True,False,True,0.20627748215085073,0.20627748215085073
full_coverage_complete,blkboylefttheNo_21,4306,0,0,6,True,False,True,0.0756884313302659,0.0756884313302659
full_coverage_complete,blkboylefttheNo_21,4343,0,0,4,True,False,True,0.7091178131727508,0.7091178131727508
full_coverage_complete,blkboylefttheNo_21,4344,0,0,5,True,False,True,0.5009572044275638,0.5009572044275638
full_coverage_complete,blkboylefttheNo_21,4345,0,0,5,True,False,True,0.2802829498415592,0.2802829498415592
full_coverage_complete,blkboylefttheNo_21,4346,0,0,5,True,False,True,0.6426047381738077,0.6426047381738077
full_coverage_complete,blkboylefttheNo_21,4347,0,0,0,False,False,True,0.3685767913248637,0.5129133967778194
full_coverage_complete,blkboylefttheNo_21,4348,0,0,5,True,False,True,0.6686534910978507,0.6686534910978507
full_coverage_complete,blkboylefttheNo_21,4349,0,0,2,True,False,True,0.39506900188845007,0.39506900188845007
full_coverage_complete,blkboylefttheNo_21,4351,0,0,5,True,False,True,0.5459715286501925,0.5459715286501925
full_coverage_complete,blkboylefttheNo_21,4352,0,0,6,True,False,True,0.7172126997486171,0.7172126997486171
full_coverage_complete,blkboylefttheNo_21,4353,0,0,2,True,False,True,0.8148403384238809,0.8148403384238809
full_coverage_complete,blkboylefttheNo_21,4354,0,0,2,True,False,True,0.770563499516858,0.770563499516858
full_coverage_complete,blkboylefttheNo_21,4355,0,0,2,True,False,True,0.06450870650632963,0.06450870650632963
full_coverage_complete,blkboylefttheNo_21,4357,0,0,2,True,False,True,0.02630425600368426,0.02630425600368426
full_coverage_complete,blkboylefttheNo_21,4360,0,0,2,True,False,True,0.09991490181284662,0.09991490181284662
full_coverage_complete,blkboylefttheNo_21,4364,0,0,5,True,False,True,0.57646343654514,0.57646343654514
full_coverage_complete,blkboylefttheNo_21,4705,0,0,2,True,False,True,0.0,0.0
full_coverage_complete,blkboylefttheNo_21,4707,0,0,2,True,False,True,0.0,0.0
full_coverage_complete,blkboylefttheNo_21,4711,0,1,2,True,False,True,0.0,0.0
full_coverage_complete,blkboylefttheNo_21,4712,0,0,2,True,False,True,0.0,0.0
full_coverage_complete,blkboylefttheNo_21,4713,0,0,2,True,False,True,0.0,0.0
full_coverage_complete,blkboylefttheNo_21,4716,0,0,2,True,False,True,0.0,0.0
full_coverage_complete,blkboylefttheNo_21,4717,6,0,6,True,False,True,0.0,0.0
full_coverage_complete,blkboylefttheNo_21,4718,0,0,2,True,False,True,0.0,0.0
full_coverage_complete,blkboylefttheNo_21,4724,0,0,2,True,False,True,0.0,0.0
full_coverage_complete,blkboylefttheNo_21,4725,0,0,2,True,False,True,0.0,0.0
full_coverage_complete,blkboylefttheNo_21,4726,0,0,2,True,False,True,0.0,0.0
full_coverage_complete,blkboylefttheNo_21,4727,0,0,2,True,False,True,0.0,0.0
full_coverage_complete,blkboylefttheNo_21,4740,0,0,2,True,False,True,0.0,0.0
full_coverage_complete,blkboylefttheNo_21,4777,0,0,2,True,False,True,0.0,0.0
full_coverage_complete,blkboylefttheNo_21,4803,0,0,2,True,False,True,0.0,0.0
full_coverage_complete,blkboylefttheNo_21,4804,0,0,2,True,False,True,0.0,0.0
full_coverage_complete,blkboylefttheNo_21,4806,0,0,2,True,False,True,0.0,0.0
full_coverage_complete,blkboylefttheNo_21,4809,0,0,2,True,False,True,0.08416414001613425,0.08416414001613425
full_coverage_complete,blkboylefttheNo_21,4810,0,0,2,True,False,True,0.06288665510533899,0.06288665510533899
full_coverage_complete,blkboylefttheNo_21,4811,0,0,5,True,False,True,0.43716982359277984,0.43716982359277984
full_coverage_complete,blkboylefttheNo_21,4812,0,0,2,True,False,True,0.4225608649441142,0.4225608649441142
full_coverage_complete,blkboylefttheNo_21,4813,0,0,2,True,False,True,0.34687672567917643,0.34687672567917643
full_coverage_complete,blkboylefttheNo_21,4815,2,0,2,True,False,True,0.07334652094813299,0.7660617114274119
full_coverage_complete,blkboylefttheNo_21,4816,6,0,6,True,False,True,0.03702209141715394,0.447415628774934
full_coverage_complete,blkboylefttheNo_21,4817,1,0,1,True,False,True,0.4611159386171985,0.46419229260494627
full_coverage_complete,blkboylefttheNo_21,4818,0,0,2,True,False,True,0.4032737613000164,0.4032737613000164
full_coverage_complete,blkboylefttheNo_21,4819,0,0,2,True,False,True,0.3909878024070927,0.3909878024070927
full_coverage_complete,blkboylefttheNo_21,4821,0,0,2,True,False,True,0.12315335882770412,0.12315335882770412
full_coverage_complete,blkboylefttheNo_21,4822,0,0,2,True,False,True,0.11009064387494695,0.11009064387494695
full_coverage_complete,blkboylefttheNo_21,4823,0,0,2,True,False,True,0.14652498761447952,0.14652498761447952
full_coverage_complete,blkboylefttheNo_21,4825,0,0,4,True,False,True,0.0,0.0
full_coverage_complete,blkboylefttheNo_21,4826,2,0,2,True,False,True,0.0,0.899420186560782
full_coverage_complete,blkboylefttheNo_21,4827,0,0,4,True,False,True,0.5705794340983772,0.5705794340983772
full_coverage_complete,blkboylefttheNo_21,4828,0,0,6,True,False,True,0.5717836211774707,0.0
full_coverage_complete,blkboylefttheNo_21,4831,0,0,2,True,False,True,0.0,0.0
full_coverage_complete,blkboylefttheNo_21,4843,0,0,2,True,False,True,0.0,0.0
full_coverage_complete,blkboylefttheNo_21,4844,0,0,2,True,False,True,0.0,0.0
full_coverage_complete,blkboylefttheNo_21,4845,0,0,2,True,False,True,0.0,0.0
full_coverage_complete,blkboylefttheNo_21,4846,0,1,2,True,False,True,0.0,0.0
full_coverage_complete,blkboylefttheNo_21,4848,0,0,2,True,False,True,0.0,0.0
full_coverage_complete,blkboylefttheNo_21,4849,0,0,2,True,False,True,0.0,0.0
full_coverage_complete,blkboylefttheNo_21,4850,0,0,2,True,False,True,0.0,0.0
full_coverage_complete,blkboylefttheNo_21,4851,0,0,2,True,False,True,0.0,0.0
full_coverage_complete,blkboylefttheNo_21,4852,0,0,2,True,False,True,0.0,0.0
full_coverage_complete,blkboylefttheNo_21,4853,0,0,2,True,False,True,0.0,0.0
full_coverage_complete,blkboylefttheNo_21,4857,0,0,2,True,False,True,0.0,0.0
full_coverage_complete,blkboylefttheNo_21,4858,2,0,2,True,False,True,0.0,0.0
full_coverage_complete,blkboylefttheNo_21,4859,0,0,2,True,False,True,0.0,0.0
full_coverage_complete,blkboylefttheNo_21,4860,0,0,2,True,False,True,0.0,0.0
full_coverage_complete,blkboylefttheNo_21,4866,0,0,2,True,False,True,0.0,0.0
full_coverage_complete,blkboylefttheNo_21,4872,0,0,2,True,False,True,0.0,0.0
full_coverage_complete,blkboylefttheNo_21,4878,0,0,2,True,False,True,0.0,0.0
full_coverage_complete,blkboylefttheNo_21,4880,0,0,2,True,False,True,0.0,0.0
full_coverage_complete,blkboylefttheNo_21,4881,0,0,2,True,False,True,0.0,0.0
full_coverage_complete,blkboylefttheNo_21,4882,0,0,1,True,False,True,0.0,0.0
full_coverage_complete,blkboylefttheNo_21,4884,6,0,6,True,False,True,0.0,0.5620503277807631
full_coverage_complete,blkboylefttheNo_21,4888,0,0,4,True,False,True,0.6029227901472887,0.6029227901472887
full_coverage_complete,blkboylefttheNo_21,4889,2,1,2,True,False,True,0.6606742246393481,0.6854054252235955
full_coverage_complete,blkboylefttheNo_21,4890,0,0,5,True,False,True,0.9231393755493962,0.9231393755493962
full_coverage_complete,blkboylefttheNo_21,4892,5,0,5,True,False,True,0.846724061037845,0.8092599589687092
full_coverage_complete,blkboylefttheNo_21,4925,5,0,5,True,False,True,0.5816549293096887,0.8558437088006442
full_coverage_complete,blkboylefttheNo_21,5095,0,0,2,True,False,True,0.5631222392914921,0.5631222392914921
full_coverage_complete,blkboylefttheNo_21,5097,0,1,0,False,False,True,0.7643141454406276,0.5461306864493144
full_coverage_complete,blkboylefttheNo_21,5106,0,0,2,True,False,True,0.216789865613326,0.216789865613326
full_coverage_complete,blkboylefttheNo_21,5109,0,0,6,True,False,True,0.054086525697115306,0.054086525697115306
full_coverage_complete,blkboylefttheNo_21,5129,0,0,2,True,False,True,0.0,0.0
full_coverage_complete,blkboylefttheNo_21,5130,0,0,2,True,False,True,0.0,0.0
full_coverage_complete,blkboylefttheNo_21,5131,0,0,2,True,False,True,0.0,0.0
full_coverage_complete,blkboylefttheNo_21,5141,0,1,0,False,False,True,0.0,0.0
full_coverage_complete,blkboylefttheNo_21,5144,0,0,2,True,False,True,0.0,0.0
full_coverage_complete,blkboylefttheNo_21,5145,0,1,2,True,False,True,0.0,0.0
full_coverage_complete,blkboylefttheNo_21,5146,0,1,2,True,False,True,0.0,0.0
full_coverage_complete,blkboylefttheNo_21,5147,0,0,2,True,False,True,0.0,0.0
full_coverage_complete,blkboylefttheNo_21,5149,0,0,2,True,False,True,0.0,0.0
full_coverage_complete,blkboylefttheNo_21,5150,0,0,2,True,False,True,0.0,0.0
full_coverage_complete,blkboylefttheNo_21,5151,0,0,2,True,False,True,0.0,0.0
full_coverage_complete,blkboylefttheNo_21,5152,0,0,2,True,False,True,0.0,0.0
full_coverage_complete,blkboylefttheNo_21,5153,0,0,2,True,False,True,0.0,0.0
full_coverage_complete,blkboylefttheNo_21,5154,0,0,2,True,False,True,0.0,0.0
full_coverage_complete,blkboylefttheNo_21,5155,0,1,2,True,False,True,0.0,0.6805288066501286
full_coverage_complete,blkboylefttheNo_21,5156,0,0,5,True,False,True,0.7016566113933661,0.7016566113933661
full_coverage_complete,blkboylefttheNo_21,5157,0,0,2,True,False,True,0.7688123683656366,0.7688123683656366
full_coverage_complete,blkboylefttheNo_21,5158,1,0,1,True,False,True,0.7655723643968868,0.0
full_coverage_complete,blkboylefttheNo_21,5159,6,0,6,True,False,True,0.0,0.0
full_coverage_complete,blkboylefttheNo_21,5160,0,0,2,True,False,True,0.0,0.2622225458581465
full_coverage_complete,blkboylefttheNo_21,5162,0,0,2,True,False,True,0.253709249292766,0.253709249292766
full_coverage_complete,blkboylefttheNo_21,5165,2,1,2,True,False,True,0.22242901615548755,0.0
full_coverage_complete,blkboylefttheNo_21,5166,6,0,6,True,False,True,0.0,0.0
full_coverage_complete,blkboylefttheNo_21,5167,0,0,0,False,False,True,0.0,0.0
full_coverage_complete,blkboylefttheNo_21,5214,2,0,2,True,False,True,0.0,0.9291414829748266
full_coverage_complete,blkboylefttheNo_21,5217,0,0,2,True,False,True,0.6516301930900646,0.6516301930900646
full_coverage_complete,blkboylefttheNo_21,5218,0,0,2,True,False,True,0.5692588026465067,0.5692588026465067
full_coverage_complete,blkboylefttheNo_21,5219,0,0,2,True,False,True,0.683666400697142,0.683666400697142
full_coverage_complete,blkboylefttheNo_21,5220,0,0,2,True,False,True,0.6350851511396121,0.6350851511396121
full_coverage_complete,blkboylefttheNo_21,5221,0,0,2,True,False,True,0.6130159379646559,0.6130159379646559
full_coverage_complete,blkboylefttheNo_21,5222,0,0,2,True,False,True,0.7660775898795699,0.7660775898795699
full_coverage_complete,blkboylefttheNo_21,5223,0,0,2,True,False,True,0.5925064439477571,0.5925064439477571
full_coverage_complete,blkboylefttheNo_21,5224,0,0,2,True,False,True,0.8187098996967666,0.8187098996967666
full_coverage_complete,blkboylefttheNo_21,5225,0,0,2,True,False,True,0.7152638840562304,0.0
full_coverage_complete,blkboylefttheNo_21,5235,0,0,0,False,False,True,0.0,0.7907005781484248
full_coverage_complete,blkboylefttheNo_21,5236,5,0,5,True,False,True,0.6068929793973235,0.7459279798908262
full_coverage_complete,blkboylefttheNo_21,5239,0,0,2,True,False,True,0.7773230586582722,0.7773230586582722
full_coverage_complete,blkboylefttheNo_21,5240,0,1,2,True,False,True,0.8480596808676919,0.0
full_coverage_complete,blkboylefttheNo_21,5241,0,0,6,True,False,True,0.0,0.0
full_coverage_complete,blkboylefttheNo_21,5256,0,0,2,True,False,True,0.57201833600934,0.57201833600934
full_coverage_complete,blkboylefttheNo_21,5259,0,0,2,True,False,True,0.1290723000203159,0.1290723000203159
full_coverage_complete,blkboylefttheNo_21,5262,0,0,2,True,False,True,0.19645200387021222,0.19645200387021222
full_coverage_complete,blkboylefttheNo_21,5275,0,0,5,True,False,True,0.8001780535698971,0.8001780535698971
full_coverage_complete,blkboylefttheNo_21,5276,0,0,2,True,False,True,0.7892091435535127,0.7892091435535127
full_coverage_complete,blkboylefttheNo_21,5277,0,0,5,True,False,True,0.02552467418176985,0.02552467418176985
full_coverage_complete,blkboylefttheNo_21,5278,0,0,5,True,False,True,0.0,0.0
full_coverage_complete,blkboylefttheNo_21,5279,0,0,2,True,False,True,0.010677172474244507,0.010677172474244507
full_coverage_complete,blkboylefttheNo_21,5280,0,0,2,True,False,True,0.0,0.0
full_coverage_complete,blkboylefttheNo_21,5281,0,0,2,True,False,True,0.010417751968815843,0.010417751968815843
full_coverage_complete,blkboylefttheNo_21,5282,0,0,2,True,False,True,0.0,0.0
full_coverage_complete,blkboylefttheNo_21,5283,0,0,2,True,False,True,0.0,0.0
full_coverage_complete,blkboylefttheNo_21,5284,0,0,2,True,False,True,0.0,0.0
full_coverage_complete,blkboylefttheNo_21,5462,0,0,2,True,False,True,0.583210620124903,0.583210620124903
full_coverage_complete,blkboylefttheNo_21,5463,0,0,2,True,False,True,0.6544979116803722,0.6544979116803722
full_coverage_complete,blkboylefttheNo_21,5464,0,0,2,True,False,True,0.6820636429966032,0.6820636429966032
full_coverage_complete,blkboylefttheNo_21,5465,0,0,1,True,False,True,0.671709024072318,0.671709024072318
full_coverage_complete,blkboylefttheNo_21,5466,0,0,1,True,False,True,0.5814704149985411,0.5814704149985411
full_coverage_complete,blkboylefttheNo_21,5467,0,0,1,True,False,True,0.6448915038913557,0.6448915038913557
full_coverage_complete,blkboylefttheNo_21,5468,0,0,1,True,False,True,0.6281419595627918,0.6281419595627918
full_coverage_complete,blkboylefttheNo_21,5469,2,1,2,True,False,True,0.6257754719359393,0.5909513274768333
full_coverage_complete,blkboylefttheNo_21,5470,0,0,2,True,False,True,0.8040735297638143,0.8040735297638143
full_coverage_complete,blkboylefttheNo_21,5471,0,0,2,True,False,True,0.6644629738514386,0.6644629738514386
full_coverage_complete,blkboylefttheNo_21,5519,0,0,2,True,False,True,0.5029307294824917,0.5029307294824917
full_coverage_complete,blkboylefttheNo_21,5521,0,0,2,True,False,True,0.5410845165672238,0.5410845165672238
full_coverage_complete,blkboylefttheNo_21,5522,0,0,2,True,False,True,0.6393374780059154,0.6393374780059154
full_coverage_complete,blkboylefttheNo_21,5528,0,0,2,True,False,True,0.037700591357038064,0.037700591357038064
full_coverage_complete,blkboylefttheNo_21,5529,0,0,2,True,False,True,0.08478809135686705,0.08478809135686705
full_coverage_complete,blkboylefttheNo_21,5530,0,0,2,True,False,True,0.09259345686237609,0.09259345686237609
full_coverage_complete,blkboylefttheNo_21,5532,0,0,5,True,False,True,0.046392218408154585,0.046392218408154585
full_coverage_complete,blkboylefttheNo_21,5533,0,0,5,True,False,True,0.08497064216079951,0.08497064216079951
full_coverage_complete,blkboylefttheNo_21,5534,0,0,2,True,False,True,0.6599116907233591,0.6599116907233591
full_coverage_complete,blkboylefttheNo_21,5538,0,0,2,True,False,True,0.6747208063702209,0.6747208063702209
full_coverage_complete,blkboylefttheNo_21,5539,0,0,2,True,False,True,0.48805120725884743,0.48805120725884743
full_coverage_complete,blkboylefttheNo_21,5542,0,0,2,True,False,True,0.3176547452678592,0.3176547452678592
full_coverage_complete,blkboylefttheNo_21,5562,0,0,2,True,False,True,0.5479558140268115,0.5479558140268115
full_coverage_complete,blkboylefttheNo_21,5564,0,0,2,True,False,True,0.5340053489652103,0.5340053489652103
full_coverage_complete,blkboylefttheNo_21,5565,0,0,2,True,False,True,0.5207468338096731,0.5207468338096731
full_coverage_complete,blkboylefttheNo_21,5566,0,0,2,True,False,True,0.5854935809680804,0.5854935809680804
full_coverage_complete,blkboylefttheNo_21,5567,0,0,2,True,False,True,0.3456077344816043,0.3456077344816043
full_coverage_complete,blkboylefttheNo_21,5568,0,0,2,True,False,True,0.32445085699444043,0.0
full_coverage_complete,blkboylefttheNo_21,5569,0,0,5,True,False,True,0.0,0.30944812584197634
full_coverage_complete,blkboylefttheNo_21,5571,0,0,5,True,False,True,0.0,0.0
full_coverage_complete,blkboylefttheNo_21,5573,0,0,1,True,False,True,0.3386272040710303,0.3386272040710303
full_coverage_complete,blkboylefttheNo_21,5576,0,0,6,True,False,True,0.0,0.0
full_coverage_complete,blkboylefttheNo_21,5590,0,0,2,True,False,True,0.1639922629978183,0.1639922629978183
full_coverage_complete,blkboylefttheNo_21,5610,0,0,6,True,False,True,0.7605884688824448,0.7605884688824448
full_coverage_complete,blkboylefttheNo_21,5612,0,0,6,True,False,True,0.6185667056371595,0.6185667056371595
full_coverage_complete,blkboylefttheNo_21,5613,0,0,5,True,False,True,0.3865665021472096,0.3865665021472096
full_coverage_complete,blkboylefttheNo_21,5614,0,0,2,True,False,True,0.6140566100945412,0.6140566100945412
full_coverage_complete,blkboylefttheNo_21,5616,0,0,5,True,False,True,0.5760357529072558,0.5760357529072558
full_coverage_complete,blkboylefttheNo_21,5617,0,0,6,True,False,True,0.6355745143722038,0.6355745143722038
full_coverage_complete,blkboylefttheNo_21,5619,0,0,2,True,False,True,0.46275333730595514,0.46275333730595514
full_coverage_complete,blkboylefttheNo_21,5625,0,0,2,True,False,True,0.48740910153159844,0.48740910153159844
full_coverage_complete,blkboylefttheNo_21,5628,0,0,5,True,False,True,0.5839816654482601,0.5839816654482601
full_coverage_complete,blkboylefttheNo_21,5649,0,0,2,True,False,True,0.5873659242007179,0.5873659242007179
full_coverage_complete,blkboylefttheNo_21,5655,0,0,2,True,False,True,0.30039944636120675,0.30039944636120675
full_coverage_complete,blkboylefttheNo_21,5656,0,0,2,True,False,True,0.7467944565020241,0.7467944565020241
full_coverage_complete,blkboylefttheNo_21,5678,0,0,2,True,False,True,0.47486653325348444,0.47486653325348444
full_coverage_complete,blkboylefttheNo_21,5680,0,0,6,True,False,True,0.59774903299366,0.59774903299366
full_coverage_complete,blkboylefttheNo_21,5682,0,0,2,True,False,True,0.7236073940034425,0.7236073940034425
full_coverage_complete,blkboylefttheNo_21,5705,0,0,4,True,False,True,0.6253056114546282,0.6253056114546282
full_coverage_complete,blkboylefttheNo_21,5756,0,0,1,True,False,True,0.5163194502162415,0.5163194502162415
full_coverage_complete,blkboylefttheNo_21,5776,0,0,2,True,False,True,0.0,0.0
full_coverage_complete,blkboylefttheNo_21,5777,0,0,2,True,False,True,0.0,0.7090873535874597
full_coverage_complete,blkboylefttheNo_21,5778,0,0,5,True,False,True,0.8296820013315834,0.0
full_coverage_complete,blkboylefttheNo_21,5779,6,0,6,True,False,True,0.0,0.0
full_coverage_complete,blkboylefttheNo_21,5783,0,0,1,True,False,True,0.0,0.0
full_coverage_complete,blkboylefttheNo_21,5784,0,0,2,True,False,True,0.0,0.0
full_coverage_complete,blkboylefttheNo_21,5785,0,0,2,True,False,True,0.0,0.0
full_coverage_complete,blkboylefttheNo_21,5800,0,0,2,True,False,True,0.0,0.0
full_coverage_complete,blkboylefttheNo_21,5801,0,0,2,True,False,True,0.0,0.0
full_coverage_complete,blkboylefttheNo_21,5802,0,0,2,True,False,True,0.0,0.0
full_coverage_complete,blkboylefttheNo_21,5803,1,0,1,True,False,True,0.0,0.0
full_coverage_complete,blkboylefttheNo_21,5804,0,0,2,True,False,True,0.0,0.0
full_coverage_complete,blkboylefttheNo_21,5805,0,0,2,True,False,True,0.0,0.0
full_coverage_complete,blkboylefttheNo_21,5806,0,0,2,True,False,True,0.0,0.0
full_coverage_complete,blkboylefttheNo_21,5807,0,0,1,True,False,True,0.0,0.0
full_coverage_complete,blkboylefttheNo_21,5808,0,1,1,True,False,True,0.0,0.0
full_coverage_complete,blkboylefttheNo_21,5809,0,0,5,True,False,True,0.0,0.0
full_coverage_complete,blkboylefttheNo_21,5810,0,0,4,True,False,True,0.0,0.0
full_coverage_complete,blkboylefttheNo_21,5811,0,0,2,True,False,True,0.0,0.0
full_coverage_complete,blkboylefttheNo_21,5812,0,0,2,True,False,True,0.0,0.0
full_coverage_complete,blkboylefttheNo_21,5813,0,0,2,True,False,True,0.0,0.0
full_coverage_complete,blkboylefttheNo_21,5814,4,0,4,True,False,True,0.0,0.0
full_coverage_complete,blkboylefttheNo_21,5820,4,0,4,True,False,True,0.0,0.0
full_coverage_complete,blkboylefttheNo_21,5822,2,2,2,True,False,True,0.0,0.18416855700802925
full_coverage_complete,blkboylefttheNo_21,5823,0,0,5,True,False,True,0.0,0.0
full_coverage_complete,blkboylefttheNo_21,5824,1,0,1,True,False,True,0.0,0.0
full_coverage_complete,blkboylefttheNo_21,5825,0,0,2,True,False,True,0.0,0.0
full_coverage_complete,blkboylefttheNo_21,5826,0,0,2,True,False,True,0.0,0.0
full_coverage_complete,blkboylefttheNo_21,5827,0,0,2,True,False,True,0.0,0.0
full_coverage_complete,blkboylefttheNo_21,5828,0,0,1,True,False,True,0.6436967883831839,0.6436967883831839
full_coverage_complete,blkboylefttheNo_21,5829,5,0,5,True,False,True,0.436522697044832,0.40104785470413035
full_coverage_complete,blkboylefttheNo_21,5830,0,0,5,True,False,True,0.3454814315509787,0.3454814315509787
full_coverage_complete,blkboylefttheNo_21,5832,0,0,2,True,False,True,0.4785677332867236,0.4785677332867236
full_coverage_complete,blkboylefttheNo_21,5833,0,0,1,True,False,True,0.6276515875236712,0.6276515875236712
full_coverage_complete,blkboylefttheNo_21,5834,0,0,2,True,False,True,0.5347287557826126,0.5347287557826126
full_coverage_complete,blkboylefttheNo_21,5835,0,0,2,True,False,True,0.37964529318263157,0.37964529318263157
full_coverage_complete,blkboylefttheNo_21,5838,0,0,1,True,False,True,0.7387758025769615,0.7387758025769615
full_coverage_complete,blkboylefttheNo_21,5846,0,0,1,True,False,True,0.4901836882538188,0.4901836882538188
full_coverage_complete,blkboylefttheNo_21,5847,0,0,2,True,False,True,0.4737932269754753,0.4737932269754753
full_coverage_complete,blkboylefttheNo_21,5866,0,0,2,True,False,True,0.3586794065139387,0.3586794065139387
full_coverage_complete,blkboylefttheNo_21,5867,0,0,0,False,False,True,0.41777680661356703,0.28025192272689253
full_coverage_complete,blkboylefttheNo_21,5868,0,0,2,True,False,True,0.3535095435915028,0.3535095435915028
full_coverage_complete,blkboylefttheNo_21,5869,0,0,2,True,False,True,0.37612291430536765,0.37612291430536765
full_coverage_complete,blkboylefttheNo_21,5870,0,0,2,True,False,True,0.44752873157796746,0.44752873157796746
full_coverage_complete,blkboylefttheNo_21,5872,0,0,2,True,False,True,0.248758886397519,0.248758886397519
full_coverage_complete,blkboylefttheNo_21,5873,0,0,5,True,False,True,0.24656809582664593,0.24656809582664593
full_coverage_complete,blkboylefttheNo_21,5874,0,0,5,True,False,True,0.2823657493803311,0.2823657493803311
full_coverage_complete,blkboylefttheNo_21,5875,0,0,5,True,False,True,0.3690844618068447,0.3690844618068447
full_coverage_complete,blkboylefttheNo_21,5877,0,0,2,True,False,True,0.556040774363495,0.556040774363495
full_coverage_complete,blkboylefttheNo_21,5878,0,0,2,True,False,True,0.3989280735700242,0.3989280735700242
full_coverage_complete,blkboylefttheNo_21,5879,0,0,2,True,False,True,0.5242649510364786,0.5242649510364786
full_coverage_complete,blkboylefttheNo_21,5880,0,0,2,True,False,True,0.5964876677916093,0.5964876677916093
full_coverage_complete,blkboylefttheNo_21,5881,0,0,2,True,False,True,0.6344131594230326,0.6344131594230326
full_coverage_complete,blkboylefttheNo_21,5882,0,0,2,True,False,True,0.6787714591025027,0.6787714591025027
full_coverage_complete,blkboylefttheNo_21,5890,0,0,2,True,False,True,0.45184344857259645,0.45184344857259645
full_coverage_complete,blkboylefttheNo_21,5891,0,0,2,True,False,True,0.5124012763767563,0.5124012763767563
full_coverage_complete,blkboylefttheNo_21,5892,0,0,2,True,False,True,0.4753144067676441,0.4753144067676441
full_coverage_complete,blkboylefttheNo_21,5895,0,0,0,False,False,True,0.4186811212629132,0.33178043745210045
full_coverage_complete,blkboylefttheNo_21,5896,0,0,2,True,False,True,0.5228563885687176,0.5228563885687176
full_coverage_complete,blkboylefttheNo_21,5897,0,0,5,True,False,True,0.44337673838320313,0.44337673838320313
full_coverage_complete,blkboylefttheNo_21,5898,5,0,5,True,False,True,0.35992540337545714,0.14175164946959706
full_coverage_complete,blkboylefttheNo_21,5899,0,0,1,True,False,True,0.39709686828326374,0.39709686828326374
full_coverage_complete,blkboylefttheNo_21,5900,0,0,2,True,False,True,0.22923532451328965,0.22923532451328965
full_coverage_complete,blkboylefttheNo_21,5901,0,0,2,True,False,True,0.2914266062153535,0.2914266062153535
full_coverage_complete,blkboylefttheNo_21,5902,5,0,5,True,False,True,0.15905911862585606,0.14776632031536227
full_coverage_complete,blkboylefttheNo_21,5903,1,0,1,True,False,True,0.27326348703870457,0.09094231168378651
full_coverage_complete,blkboylefttheNo_21,5904,0,0,2,True,False,True,0.16476583368504502,0.16476583368504502
full_coverage_complete,blkboylefttheNo_21,5905,5,0,5,True,False,True,0.1497595798014987,0.1180027752932743
full_coverage_complete,blkboylefttheNo_21,5906,0,0,2,True,False,True,0.176410435710501,0.176410435710501
full_coverage_complete,blkboylefttheNo_21,5907,0,0,2,True,False,True,0.11881951499032008,0.11881951499032008
full_coverage_complete,blkboylefttheNo_21,5908,0,0,2,True,False,True,0.5088030602353765,0.5088030602353765
full_coverage_complete,blkboylefttheNo_21,5909,0,0,2,True,False,True,0.06896405154039473,0.25358482245927755
full_coverage_complete,blkboylefttheNo_21,5910,0,0,2,True,False,True,0.5138375933762236,0.5138375933762236
full_coverage_complete,blkboylefttheNo_21,5911,0,0,5,True,False,True,0.2606063879610911,0.2606063879610911
full_coverage_complete,blkboylefttheNo_21,5912,0,0,0,False,False,True,0.008830660055159303,0.5525213279386255
full_coverage_complete,blkboylefttheNo_21,5913,0,1,2,True,False,True,0.32679369422830606,0.06325920510818712
full_coverage_complete,blkboylefttheNo_21,5914,0,0,1,True,False,True,0.6499105075157712,0.6499105075157712
full_coverage_complete,blkboylefttheNo_21,5915,5,0,5,True,False,True,0.47432088138021683,0.7512508058708829
full_coverage_complete,blkboylefttheNo_21,5916,0,0,2,True,False,True,0.553045713402593,0.553045713402593
full_coverage_complete,blkboylefttheNo_21,5917,0,0,2,True,False,True,0.5492296235027511,0.5492296235027511
full_coverage_complete,blkboylefttheNo_21,5918,0,0,2,True,False,True,0.6319083702598348,0.6319083702598348
full_coverage_complete,blkboylefttheNo_21,5919,0,0,2,True,False,True,0.6502488603998655,0.6502488603998655
full_coverage_complete,blkboylefttheNo_21,5920,0,0,2,True,False,True,0.5876302910745909,0.5876302910745909
full_coverage_complete,blkboylefttheNo_21,5921,0,0,2,True,False,True,0.5848882078919431,0.5848882078919431
full_coverage_complete,blkboylefttheNo_21,5922,0,1,2,True,False,True,0.6144880006879251,0.0
full_coverage_complete,blkboylefttheNo_21,5923,0,0,6,True,False,True,0.0,0.0
full_coverage_complete,blkboylefttheNo_21,5924,0,0,2,True,False,True,0.0,0.0
full_coverage_complete,blkboylefttheNo_21,5925,1,0,1,True,False,True,0.0,0.0
full_coverage_complete,blkboylefttheNo_21,5926,0,0,2,True,False,True,0.0,0.0
full_coverage_complete,blkboylefttheNo_21,5927,0,0,2,True,False,True,0.0,0.0
full_coverage_complete,blkboylefttheNo_21,5928,0,1,2,True,False,True,0.0,0.7031754405113013
full_coverage_complete,blkboylefttheNo_21,5929,5,0,5,True,False,True,0.7204910808291559,0.770281913816669
full_coverage_complete,blkboylefttheNo_21,5930,0,0,2,True,False,True,0.6915614570762936,0.6915614570762936
full_coverage_complete,blkboylefttheNo_21,5931,0,0,2,True,False,True,0.6128739592162629,0.6128739592162629
full_coverage_complete,blkboylefttheNo_21,5932,0,0,2,True,False,True,0.5811504997063878,0.5811504997063878
full_coverage_complete,blkboylefttheNo_21,5933,0,0,2,True,False,True,0.6669179583896354,0.6669179583896354
full_coverage_complete,blkboylefttheNo_21,5964,0,0,2,True,False,True,0.633742180824688,0.633742180824688
full_coverage_complete,blkboylefttheNo_21,6249,0,0,2,True,False,True,0.5065541200922051,0.5065541200922051
full_coverage_complete,blkboylefttheNo_21,6251,0,0,2,True,False,True,0.5114712004035712,0.5114712004035712
full_coverage_complete,blkboylefttheNo_21,6255,0,0,2,True,False,True,0.6044673501476024,0.6044673501476024
full_coverage_complete,blkboylefttheNo_21,6258,0,0,5,True,False,True,0.3817591795234985,0.3817591795234985
full_coverage_complete,blkboylefttheNo_21,6281,0,0,2,True,False,True,0.06842309363314386,0.06842309363314386
full_coverage_complete,blkboylefttheNo_21,6282,0,0,2,True,False,True,0.07385775744112748,0.07385775744112748
full_coverage_complete,blkboylefttheNo_21,6283,0,1,0,False,False,True,0.041320245987010555,0.7395699375448549
full_coverage_complete,blkboylefttheNo_21,6291,0,0,2,True,False,True,0.6828248569457186,0.6828248569457186
full_coverage_complete,blkboylefttheNo_21,6295,0,0,2,True,False,True,0.014764716571535939,0.014764716571535939
full_coverage_complete,blkboylefttheNo_21,6296,0,0,2,True,False,True,0.014466587708587705,0.014466587708587705
full_coverage_complete,blkboylefttheNo_21,6301,0,0,2,True,False,True,0.0030302654443863414,0.0030302654443863414
full_coverage_complete,blkboylefttheNo_21,6314,2,0,2,True,False,True,0.0,0.8553966674257723
full_coverage_complete,blkboylefttheNo_21,6315,0,0,4,True,False,True,0.803192577469043,0.803192577469043
full_coverage_complete,blkboylefttheNo_21,6320,0,0,1,True,False,True,0.04220961627502751,0.04220961627502751
full_coverage_complete,blkboylefttheNo_21,6321,0,0,1,True,False,True,0.09386381134833226,0.09386381134833226
full_coverage_complete,blkboylefttheNo_21,6322,0,0,2,True,False,True,0.31926988580814925,0.31926988580814925
full_coverage_complete,blkboylefttheNo_21,6343,0,0,1,True,False,True,0.042700508829532934,0.042700508829532934
full_coverage_complete,blkboylefttheNo_21,6350,2,0,2,True,False,True,0.0,0.9270382554206228
full_coverage_complete,blkboylefttheNo_21,6351,0,0,2,True,False,True,0.8129140407171948,0.8129140407171948
full_coverage_complete,blkboylefttheNo_21,6358,0,0,2,True,False,True,0.7926178333399343,0.7926178333399343
full_coverage_complete,blkboylefttheNo_21,6369,0,0,2,True,False,True,0.2361921737616267,0.2361921737616267
full_coverage_complete,blkboylefttheNo_21,6370,0,0,4,True,False,True,0.19734477736593056,0.19734477736593056
full_coverage_complete,blkboylefttheNo_21,6371,0,0,2,True,False,True,0.1513993390986386,0.1513993390986386
full_coverage_complete,blkboylefttheNo_21,6373,0,1,2,True,False,True,0.07244791355788252,0.07244791355788252
full_coverage_complete,blkboylefttheNo_21,6374,0,0,5,True,False,True,0.07234410710163977,0.07234410710163977
full_coverage_complete,blkboylefttheNo_21,6375,0,0,0,False,False,True,0.04137214753439245,0.31290367624948573
full_coverage_complete,blkboylefttheNo_21,6379,0,0,5,True,False,True,0.3364702646875007,0.3364702646875007
full_coverage_complete,blkboylefttheNo_21,6380,0,0,2,True,False,True,0.3047333294488813,0.3047333294488813
full_coverage_complete,blkboylefttheNo_21,6385,5,0,5,True,False,True,0.025312821518364222,0.05000073977873942
full_coverage_complete,blkboylefttheNo_21,6386,0,0,2,True,False,True,0.0013943128459867299,0.0013943128459867299
full_coverage_complete,blkboylefttheNo_21,6395,5,0,5,True,False,True,0.0,0.0
full_coverage_complete,blkboylefttheNo_21,6397,0,0,0,False,False,True,0.0,0.0
full_coverage_complete,blkboylefttheNo_21,6399,0,0,2,True,False,True,0.0,0.0
full_coverage_complete,blkboylefttheNo_21,6408,0,0,2,True,False,True,0.0,0.0
full_coverage_complete,blkboylefttheNo_21,6410,0,0,2,True,False,True,0.0,0.0
full_coverage_complete,blkboylefttheNo_21,6411,1,0,1,True,False,True,0.0,0.0
full_coverage_complete,blkboylefttheNo_21,6412,0,0,5,True,False,True,0.0,0.0
full_coverage_complete,blkboylefttheNo_21,6413,5,0,5,True,False,True,0.0,0.0
full_coverage_complete,blkboylefttheNo_21,6417,0,0,2,True,False,True,0.0,0.0
full_coverage_complete,blkboylefttheNo_21,6418,0,1,2,True,False,True,0.0,0.0
full_coverage_complete,blkboylefttheNo_21,6423,0,0,4,True,False,True,0.0,0.0
full_coverage_complete,blkboylefttheNo_21,6425,0,1,5,True,False,True,0.0,0.0
full_coverage_complete,blkboylefttheNo_21,6428,0,0,5,True,False,True,0.0,0.0
full_coverage_complete,blkboylefttheNo_21,6432,0,0,5,True,False,True,0.0,0.0
full_coverage_complete,blkboylefttheNo_21,6433,0,0,5,True,False,True,0.0,0.0
full_coverage_complete,blkboylefttheNo_21,6434,0,0,5,True,False,True,0.0,0.0
full_coverage_complete,blkboylefttheNo_21,6438,0,0,2,True,False,True,0.0,0.0
full_coverage_complete,blkboylefttheNo_21,6439,0,0,2,True,False,True,0.0,0.0
full_coverage_complete,blkboylefttheNo_21,6440,0,0,2,True,False,True,0.0,0.0
full_coverage_complete,blkboylefttheNo_21,6444,0,0,2,True,False,True,0.0,0.0
full_coverage_complete,blkboylefttheNo_21,6445,0,0,2,True,False,True,0.0,0.0
full_coverage_complete,blkboylefttheNo_21,6446,0,0,2,True,False,True,0.0,0.0
full_coverage_complete,blkboylefttheNo_21,6447,2,0,2,True,False,True,0.0,0.8364234007358831
full_coverage_complete,blkboylefttheNo_21,6450,0,0,2,True,False,True,0.8249103338930512,0.8249103338930512
full_coverage_complete,blkboylefttheNo_21,6452,0,0,2,True,False,True,0.812635440836183,0.812635440836183
full_coverage_complete,blkboylefttheNo_21,6454,0,0,2,True,False,True,0.8147854075128869,0.8147854075128869
full_coverage_complete,blkboylefttheNo_21,6456,0,0,2,True,False,True,0.5606355370029641,0.0
full_coverage_complete,blkboylefttheNo_21,6457,0,0,5,True,False,True,0.0,0.0
full_coverage_complete,blkboylefttheNo_21,6458,0,0,5,True,False,True,0.0,0.0
full_coverage_complete,blkboylefttheNo_21,6459,0,0,5,True,False,True,0.0,0.0
full_coverage_complete,blkboylefttheNo_21,6461,0,0,2,True,False,True,0.0,0.0
full_coverage_complete,blkboylefttheNo_21,6462,0,0,2,True,False,True,0.0,0.0
full_coverage_complete,blkboylefttheNo_21,6463,0,0,2,True,False,True,0.0,0.0
full_coverage_complete,blkboylefttheNo_21,6464,0,0,2,True,False,True,0.0,0.0
full_coverage_complete,blkboylefttheNo_21,6465,2,1,2,True,False,True,0.0,0.7416443018604761
full_coverage_complete,blkboylefttheNo_21,6472,0,0,2,True,False,True,0.8143368058559094,0.8143368058559094
full_coverage_complete,blkboylefttheNo_21,6481,0,0,2,True,False,True,0.5743600345122035,0.5743600345122035
full_coverage_complete,blkboylefttheNo_21,6483,0,0,2,True,False,True,0.5543864622378543,0.5543864622378543
full_coverage_complete,blkboylefttheNo_21,6484,5,0,5,True,False,True,0.5014421668275465,0.09188921799596303
full_coverage_complete,blkboylefttheNo_21,6485,0,0,5,True,False,True,0.10346711979197935,0.10346711979197935
full_coverage_complete,blkboylefttheNo_21,6486,0,0,2,True,False,True,0.44245352069038074,0.44245352069038074
full_coverage_complete,blkboylefttheNo_21,6487,0,0,1,True,False,True,0.42610215878097046,0.42610215878097046
full_coverage_complete,blkboylefttheNo_21,6488,0,0,2,True,False,True,0.14388270584212048,0.14388270584212048
full_coverage_complete,blkboylefttheNo_21,6489,0,0,2,True,False,True,0.1472794195585166,0.1472794195585166
full_coverage_complete,blkboylefttheNo_21,6490,4,4,4,True,False,True,0.14009940853971486,0.0
full_coverage_complete,blkboylefttheNo_21,6493,0,0,2,True,False,True,0.0,0.0
full_coverage_complete,blkboylefttheNo_21,6494,0,0,5,True,False,True,0.17960971171607526,0.17960971171607526
full_coverage_complete,blkboylefttheNo_21,6496,0,0,2,True,False,True,0.19470393729001328,0.19470393729001328
full_coverage_complete,blkboylefttheNo_21,6497,0,0,2,True,False,True,0.14109308813595464,0.14109308813595464
full_coverage_complete,blkboylefttheNo_21,6498,0,0,4,True,False,True,0.18564550513393888,0.18564550513393888
full_coverage_complete,blkboylefttheNo_21,6499,0,0,2,True,False,True,0.15629820946310802,0.15629820946310802
full_coverage_complete,blkboylefttheNo_21,6500,0,0,2,True,False,True,0.3154116264115984,0.3154116264115984
full_coverage_complete,blkboylefttheNo_21,6501,0,0,2,True,False,True,0.21440330178707206,0.21440330178707206
full_coverage_complete,blkboylefttheNo_21,6502,0,0,2,True,False,True,0.510067971537881,0.510067971537881
full_coverage_complete,blkboylefttheNo_21,6503,0,0,4,True,False,True,0.5526010403909293,0.5526010403909293
full_coverage_complete,blkboylefttheNo_21,6504,0,0,2,True,False,True,0.5699891370373177,0.5699891370373177
full_coverage_complete,blkboylefttheNo_21,6505,0,0,1,True,False,True,0.6429358391374081,0.6429358391374081
full_coverage_complete,blkboylefttheNo_21,6506,0,0,2,True,False,True,0.6183084021654849,0.6183084021654849
full_coverage_complete,blkboylefttheNo_21,6507,0,0,6,True,False,True,0.6336154946281377,0.6336154946281377
full_coverage_complete,blkboylefttheNo_21,6508,0,0,2,True,False,True,0.6441847624978808,0.6441847624978808
full_coverage_complete,blkboylefttheNo_21,6512,0,0,2,True,False,True,0.0,0.0
full_coverage_complete,blkboylefttheNo_21,6513,5,0,5,True,False,True,0.0,0.0
full_coverage_complete,blkboylefttheNo_21,6523,0,0,2,True,False,True,0.0,0.0
full_coverage_complete,blkboylefttheNo_21,6531,0,0,2,True,False,True,0.0,0.0
full_coverage_complete,blkboylefttheNo_21,6543,0,0,2,True,False,True,0.0,0.8735863247431572
full_coverage_complete,blkboylefttheNo_21,6555,0,0,2,True,False,True,0.0,0.0
full_coverage_complete,blkboylefttheNo_21,6563,0,0,2,True,False,True,0.2696719054973647,0.2696719054973647
full_coverage_complete,blkboylefttheNo_21,6569,0,0,2,True,False,True,0.46635328472119403,0.46635328472119403
full_coverage_complete,blkboylefttheNo_21,6593,0,0,2,True,False,True,0.7218025154605596,0.7218025154605596
full_coverage_complete,blkboylefttheNo_21,6677,0,1,2,True,False,True,0.0,0.0
full_coverage_complete,blkboylefttheNo_21,6680,0,0,2,True,False,True,0.0,0.0
full_coverage_complete,blkboylefttheNo_21,6722,0,0,1,True,False,True,0.6209717363682155,0.6209717363682155
full_coverage_complete,blkboylefttheNo_21,6727,0,0,2,True,False,True,0.8068848665163569,0.8068848665163569
full_coverage_complete,blkboylefttheNo_21,6754,0,1,2,True,False,True,0.610354310218847,0.0
full_coverage_complete,blkboylefttheNo_21,6765,2,3,2,True,False,True,0.0,0.20952735847478454
full_coverage_complete,blkboylefttheNo_21,6767,0,0,5,True,False,True,0.7005225468846468,0.7005225468846468
full_coverage_complete,blkboylefttheNo_21,6772,0,0,2,True,False,True,0.8883914944639721,0.8883914944639721
full_coverage_complete,blkboylefttheNo_21,6803,0,0,2,True,False,True,0.5189987145850009,0.5189987145850009
full_coverage_complete,blkboylefttheNo_21,6816,2,0,2,True,False,True,0.826053071425097,0.0
full_coverage_complete,blkboylefttheNo_21,6818,0,0,5,True,False,True,0.7310976241321121,0.7310976241321121
full_coverage_complete,blkboylefttheNo_21,6819,2,0,2,True,False,True,0.10458058482726716,0.0
full_coverage_complete,blkboylefttheNo_21,6821,1,0,1,True,False,True,0.0,0.0
full_coverage_complete,blkboylefttheNo_21,6823,1,0,1,True,False,True,0.0,0.0
full_coverage_complete,blkboylefttheNo_21,6826,4,0,4,True,False,True,0.0,0.0
full_coverage_complete,blkboylefttheNo_21,6828,2,1,2,True,False,True,0.0,0.0
full_coverage_complete,blkboylefttheNo_21,6829,6,1,6,True,False,True,0.0,0.0
full_coverage_complete,blkboylefttheNo_21,6830,0,0,1,True,False,True,0.0,0.0
full_coverage_complete,blkboylefttheNo_21,6839,0,0,2,True,False,True,0.0,0.0
full_coverage_complete,blkboylefttheNo_21,6844,0,0,5,True,False,True,0.0,0.0
full_coverage_complete,blkboylefttheNo_21,6845,0,1,2,True,False,True,0.0,0.0
full_coverage_complete,blkboylefttheNo_21,6846,5,0,5,True,False,True,0.0,0.8134299159402029
full_coverage_complete,blkboylefttheNo_21,6847,0,0,5,True,False,True,0.7743879270681702,0.7743879270681702
full_coverage_complete,blkboylefttheNo_21,6853,0,0,1,True,False,True,0.6421364027965945,0.6421364027965945
full_coverage_complete,blkboylefttheNo_21,6854,0,0,2,True,False,True,0.7495484160329418,0.7495484160329418
full_coverage_complete,blkboylefttheNo_21,6857,0,0,2,True,False,True,0.6925284737992701,0.6925284737992701
full_coverage_complete,blkboylefttheNo_21,6858,0,0,2,True,False,True,0.44467634590467947,0.44467634590467947
full_coverage_complete,blkboylefttheNo_21,6866,2,0,2,True,False,False,,
full_coverage_complete,blkboylefttheNo_21,6867,0,0,6,True,False,False,,
full_coverage_complete,blkboylefttheNo_21,6868,1,0,1,True,False,False,,
full_coverage_complete,blkboylefttheNo_21,6879,0,0,2,True,False,False,,
full_coverage_complete,blkboylefttheNo_21,6889,0,0,2,True,False,False,,
full_coverage_complete,blkboylefttheNo_21,6890,0,0,5,True,False,False,,
full_coverage_complete,blkboylefttheNo_21,6891,0,0,5,True,False,False,,
full_coverage_complete,blkboylefttheNo_21,6894,0,0,5,True,False,False,,
full_coverage_complete,blkboylefttheNo_21,6895,0,0,5,True,False,False,,
full_coverage_complete,blkboylefttheNo_21,6897,0,0,5,True,False,False,,
full_coverage_complete,blkboylefttheNo_21,6899,0,0,5,True,False,False,,
full_coverage_complete,blkboylefttheNo_21,6904,0,0,5,True,False,False,,
full_coverage_complete,blkboylefttheNo_21,6906,0,0,5,True,False,False,,
full_coverage_complete,blkboylefttheNo_21,6914,1,0,1,True,False,False,,
full_coverage_complete,blkboylefttheNo_21,6915,1,0,1,True,False,False,,
full_coverage_complete,blkboylefttheNo_21,6916,0,0,6,True,False,False,,
full_coverage_complete,blkboylefttheNo_21,6917,0,0,5,True,False,True,0.11647046139991092,0.11647046139991092
full_coverage_complete,blkboylefttheNo_21,6918,0,0,2,True,False,True,0.02114817492018574,0.02114817492018574
full_coverage_complete,blkboylefttheNo_21,6919,0,0,1,True,False,True,0.28578760938159353,0.28578760938159353
full_coverage_complete,blkboylefttheNo_21,6923,0,0,4,True,False,True,0.0,0.0
full_coverage_complete,blkboylefttheNo_21,6928,0,1,4,True,False,True,0.0,0.8719189430794598
full_coverage_complete,blkboystand,275,5,0,5,True,False,True,0.6316377360960588,0.5388668754930773
full_coverage_complete,blkboystand,277,6,0,6,True,False,True,0.2445700073855749,0.2800328448065475
full_coverage_complete,blkboystand,282,0,0,2,True,False,True,0.19919171199619612,0.19919171199619612
full_coverage_complete,blkboystand,283,6,0,6,True,False,True,0.16345937981855752,0.15907662608502227
full_coverage_complete,blkboystand,286,1,0,1,True,False,True,0.2413624697685849,0.11669817224870146
full_coverage_complete,blkboystand,287,6,0,6,True,False,True,0.16335371060386414,0.11855338991693391
full_coverage_complete,blkboystand,288,5,0,5,True,False,True,0.08156022423148732,0.10902286957349722
full_coverage_complete,blkboystand,290,1,0,1,True,False,True,0.0,0.06301593530381926
full_coverage_complete,blkboystand,294,5,0,5,True,False,True,0.0,0.00691877047388278
full_coverage_complete,blkboystand,298,0,0,0,False,False,True,0.7361577267986587,0.45064453525996234
full_coverage_complete,blkboystand,301,0,0,4,True,False,True,0.0,0.0
full_coverage_complete,blkboystand,302,5,0,5,True,False,True,0.0,0.013146812792401218
full_coverage_complete,blkboystand,303,1,0,1,True,False,True,0.00859911215481552,0.06366958822663915
full_coverage_complete,blkboystand,304,5,0,5,True,False,True,0.0,0.018694985296512562
full_coverage_complete,blkboystand,305,5,0,5,True,False,True,0.0,0.04293911881879129
full_coverage_complete,blkboystand,306,1,0,1,True,False,True,0.0,0.05266659043598271
full_coverage_complete,blkboystand,307,1,0,1,True,False,True,0.0,0.027435835864041233
full_coverage_complete,blkboystand,308,5,0,5,True,False,True,0.0,0.04400649316526884
full_coverage_complete,blkboystand,309,1,0,1,True,False,True,0.0,0.05199807491353534
full_coverage_complete,blkboystand,310,0,0,2,True,False,True,0.0,0.0
full_coverage_complete,blkboystand,319,5,0,5,True,False,True,0.0,0.06821545162383996
full_coverage_complete,blkboystand,320,6,0,6,True,False,True,0.0,0.06289480941369766
full_coverage_complete,blkboystand,328,5,0,5,True,False,True,0.0,0.05541377578146538
full_coverage_complete,blkboystand,334,1,0,1,True,False,True,0.022731644745028635,0.10828588338093939
full_coverage_complete,blkboystand,337,0,0,2,True,False,True,0.023649845730850032,0.023649845730850032
full_coverage_complete,blkboystand,339,1,0,1,True,False,True,0.006762141519762123,0.10632070489381472
full_coverage_complete,blkboystand,343,1,0,1,True,False,True,0.008294171591452704,0.09574673853723868
full_coverage_complete,blkboystand,345,5,0,5,True,False,True,0.0,0.07107018494725997
full_coverage_complete,blkboystand,346,5,0,5,True,False,True,0.0,0.051281619001892806
full_coverage_complete,blkboystand,347,5,0,5,True,False,True,0.0067553993415108505,0.05701692665697664
full_coverage_complete,blkboystand,348,5,0,5,True,False,True,0.008603597995446171,0.06818062664742755
full_coverage_complete,blkboystand,350,1,0,1,True,False,True,0.01749687020676002,0.07288925670380723
full_coverage_complete,blkboystand,351,5,0,5,True,False,True,0.0018151231312137008,0.0628026929811664
full_coverage_complete,blkboystand,352,0,0,2,True,False,True,0.020381670710976667,0.020381670710976667
full_coverage_complete,blkboystand,353,0,0,2,True,False,True,0.028303317848342,0.028303317848342
full_coverage_complete,blkboystand,354,0,0,2,True,False,True,0.0,0.0
full_coverage_complete,blkboystand,355,5,0,5,True,False,True,0.0,0.08856391232232538
full_coverage_complete,blkboystand,356,0,0,4,True,False,True,0.02808696153323084,0.02808696153323084
full_coverage_complete,blkboystand,357,0,0,2,True,False,True,0.01508701932776456,0.01508701932776456
full_coverage_complete,blkboystand,358,0,0,4,True,False,True,0.018141730910575925,0.018141730910575925
full_coverage_complete,blkboystand,359,0,0,4,True,False,True,0.022630940054573043,0.022630940054573043
full_coverage_complete,blkboystand,360,1,0,1,True,False,True,0.005488199139547821,0.06375702125477144
full_coverage_complete,blkboystand,361,0,0,5,True,False,True,0.02673227299997148,0.02673227299997148
full_coverage_complete,blkboystand,362,0,0,2,True,False,True,0.0,0.0
full_coverage_complete,blkboystand,363,0,0,2,True,False,True,0.001986260707840887,0.001986260707840887
full_coverage_complete,blkboystand,364,0,0,2,True,False,True,0.004190905618473588,0.004190905618473588
full_coverage_complete,blkboystand,365,0,0,2,True,False,True,0.0011390590060571077,0.0011390590060571077
full_coverage_complete,blkboystand,366,1,0,1,True,False,True,0.0,0.05195686655508245
full_coverage_complete,blkboystand,367,0,0,2,True,False,True,0.0,0.0
full_coverage_complete,blkboystand,368,5,0,5,True,False,True,0.0,0.01881027270848913
full_coverage_complete,blkboystand,369,1,0,1,True,False,True,0.0,0.04395794351758836
full_coverage_complete,blkboystand,370,1,0,1,True,False,True,0.0,0.011016273890716858
full_coverage_complete,blkboystand,371,5,0,5,True,False,True,0.0,0.004940105600768312
full_coverage_complete,blkboystand,372,5,0,5,True,False,True,0.0,0.0
full_coverage_complete,blkboystand,373,5,0,5,True,False,True,0.0,0.0
full_coverage_complete,blkboystand,374,5,0,5,True,False,True,0.0,0.0
full_coverage_complete,blkboystand,375,5,0,5,True,False,True,0.0,0.0
full_coverage_complete,blkboystand,376,5,0,5,True,False,True,0.0,0.0
full_coverage_complete,blkboystand,377,0,0,2,True,False,True,0.0,0.0
full_coverage_complete,blkboystand,378,0,0,4,True,False,True,0.0,0.0
full_coverage_complete,blkboystand,380,0,0,4,True,False,True,0.0,0.0
full_coverage_complete,blkboystand,381,1,0,1,True,False,True,0.0,0.0
full_coverage_complete,blkboystand,382,1,0,1,True,False,True,0.0,0.0
full_coverage_complete,blkboystand,383,5,0,5,True,False,True,0.0,0.0
full_coverage_complete,blkboystand,384,0,0,4,True,False,True,0.0,0.0
full_coverage_complete,blkboystand,385,0,0,4,True,False,True,0.0,0.0
full_coverage_complete,blkboystand,387,0,0,4,True,False,True,0.0,0.0
full_coverage_complete,blkboystand,388,0,0,4,True,False,True,0.0,0.0
full_coverage_complete,blkboystand,389,0,0,4,True,False,True,0.0,0.0
full_coverage_complete,blkboystand,390,0,0,4,True,False,True,0.0,0.0
full_coverage_complete,blkboystand,391,0,0,4,True,False,True,0.0,0.0
full_coverage_complete,blkboystand,392,1,0,1,True,False,True,0.0,0.0
full_coverage_complete,blkboystand,393,1,0,1,True,False,True,0.0,0.0
full_coverage_complete,blkboystand,394,0,0,5,True,False,True,0.0,0.0
full_coverage_complete,blkboystand,405,5,0,5,True,False,True,0.32357003697777287,0.029381534411926247
full_coverage_complete,blkboystand,406,0,0,5,True,False,True,0.0,0.0
full_coverage_complete,blkboystand,407,5,0,5,True,False,True,0.0,0.06838006305139122
full_coverage_complete,blkboystand,408,5,0,5,True,False,True,0.0,0.0575028609235503
full_coverage_complete,blkboystand,410,5,0,5,True,False,True,0.0,0.06726493854280839
full_coverage_complete,blkboystand,411,1,0,1,True,False,True,0.027259178930365374,0.08271103806345387
full_coverage_complete,blkboystand,412,5,0,5,True,False,True,0.04680099034663497,0.0784068771890159
full_coverage_complete,blkboystand,413,5,0,5,True,False,True,0.0604176937284468,0.08921231399844165
full_coverage_complete,blkboystand,414,1,0,1,True,False,True,0.13749854191632518,0.13457653954898938
full_coverage_complete,blkboystand,415,1,0,1,True,False,True,0.13052066649238564,0.12568401139279417
full_coverage_complete,blkboystand,416,1,0,1,True,False,True,0.1905085347337316,0.14120681015845524
full_coverage_complete,blkboystand,417,5,0,5,True,False,True,0.11535977174096643,0.13739561227937752
full_coverage_complete,blkboystand,418,1,0,1,True,False,True,0.14288650076101264,0.18421384516054484
full_coverage_complete,blkboystand,420,5,0,5,True,False,True,0.1547273451978105,0.14246674952338662
full_coverage_complete,blkboystand,421,5,0,5,True,False,True,0.16005650971376764,0.2193833887902258
full_coverage_complete,blkboystand,422,5,0,5,True,False,True,0.1964801065651647,0.23030897260002187
full_coverage_complete,blkboystand,423,1,0,1,True,False,True,0.20619674316781067,0.2160629195268995
full_coverage_complete,blkboystand,424,5,0,5,True,False,True,0.26169336111517305,0.24978235030423346
full_coverage_complete,blkboystand,425,5,0,5,True,False,True,0.4923859778622431,0.2941816239521008
full_coverage_complete,blkboystand,541,0,0,2,True,False,True,0.0,0.0
full_coverage_complete,blkboystand,698,0,0,1,True,False,True,0.6540095557529263,0.6540095557529263
full_coverage_complete,blkboystand,701,0,0,1,True,False,True,0.6882531203628793,0.6882531203628793
full_coverage_complete,blkboystand,702,0,0,1,True,False,True,0.7847992265593786,0.7847992265593786
full_coverage_complete,blkboystand,703,1,0,1,True,False,True,0.6738272957902807,0.0
full_coverage_complete,blkboystand,913,0,0,4,True,False,True,0.0,0.0
full_coverage_complete,blkboystand,915,5,0,5,True,False,True,0.0,0.0
full_coverage_complete,blkboystand,916,1,0,1,True,False,True,0.0,0.0
full_coverage_complete,blkboystand,917,1,0,1,True,False,True,0.0,0.0
full_coverage_complete,blkboystand,918,0,0,4,True,False,True,0.0,0.0
full_coverage_complete,blkboystand,955,0,0,5,True,False,True,0.0,0.0
full_coverage_complete,blkboystand,956,5,0,5,True,False,True,0.0,0.0
full_coverage_complete,blkboystand,1130,0,0,2,True,False,True,0.0,0.0
full_coverage_complete,blkboystand,1131,0,0,2,True,False,True,0.0,0.0
full_coverage_complete,blkboystand,1137,0,0,6,True,False,True,0.0,0.0
full_coverage_complete,blkboystand,1140,0,0,5,True,False,True,0.0,0.0
full_coverage_complete,blkboystand,1146,0,0,6,True,False,True,0.0031505823825352494,0.0031505823825352494
full_coverage_complete,blkboystand,1147,0,0,5,True,False,True,0.0,0.0
full_coverage_complete,blkboystand,1158,0,0,6,True,False,True,0.0,0.0
full_coverage_complete,blkboystand,1182,0,1,0,False,False,True,0.0,0.0
full_coverage_complete,blkboystand,1192,5,0,5,True,False,True,0.0,0.0
full_coverage_complete,blkboystand,1193,5,1,5,True,False,True,0.0,0.0
full_coverage_complete,blkboystand,1195,5,0,5,True,False,True,0.0,0.0
full_coverage_complete,blkboystand,1198,0,0,5,True,False,True,0.0,0.0
full_coverage_complete,blkboystand,1199,6,0,6,True,False,True,0.0,0.0
full_coverage_complete,blkboystand,1200,0,0,5,True,False,True,0.0,0.0
full_coverage_complete,blkboystand,1201,0,0,6,True,False,True,0.0,0.0
full_coverage_complete,blkboystand,1204,0,0,1,True,False,True,0.0,0.0
full_coverage_complete,blkboystand,1205,0,0,5,True,False,True,0.0,0.0
full_coverage_complete,blkboystand,1207,0,0,1,True,False,True,0.0,0.0
full_coverage_complete,blkboystand,1210,0,0,5,True,False,True,0.0,0.0
full_coverage_complete,blkboystand,1211,0,0,6,True,False,True,0.0,0.0
full_coverage_complete,blkboystand,1212,0,0,5,True,False,True,0.0,0.0
full_coverage_complete,blkboystand,1214,6,0,6,True,False,True,0.0,0.0
full_coverage_complete,blkboystand,1215,0,0,6,True,False,True,0.0,0.0
full_coverage_complete,blkboystand,1217,0,0,5,True,False,True,0.0,0.0
full_coverage_complete,blkboystand,1218,5,0,5,True,False,True,0.0,0.0
full_coverage_complete,blkboystand,1220,0,0,5,True,False,True,0.0032398291107189597,0.0032398291107189597
full_coverage_complete,blkboystand,1221,0,0,6,True,False,True,0.041228868713131875,0.041228868713131875
full_coverage_complete,blkboystand,1223,0,0,5,True,False,True,0.0,0.0
full_coverage_complete,blkboystand,1224,0,0,5,True,False,True,0.012690967980449445,0.012690967980449445
full_coverage_complete,blkboystand,1225,1,0,1,True,False,True,0.022422569614081664,0.020029486954168004
full_coverage_complete,blkboystand,1227,0,0,6,True,False,True,0.004594191253523473,0.004594191253523473
full_coverage_complete,blkboystand,1228,0,0,5,True,False,True,0.0,0.0
full_coverage_complete,blkboystand,1230,1,0,1,True,False,True,0.0,0.02787922427905219
full_coverage_complete,blkboystand,1231,6,0,6,True,False,True,0.00808273525548268,0.03723750119544002
full_coverage_complete,blkboystand,1233,6,0,6,True,False,True,0.0,0.027263628356163295
full_coverage_complete,blkboystand,1238,0,0,5,True,False,True,0.0,0.0
full_coverage_complete,blkboystand,1247,0,0,5,True,False,True,0.0,0.0
full_coverage_complete,blkboystand,1257,0,0,5,True,False,True,0.0,0.0
full_coverage_complete,blkboystand,1260,0,0,1,True,False,True,0.0,0.0
full_coverage_complete,blkboystand,1262,0,0,5,True,False,True,0.0,0.0
full_coverage_complete,blkboystand,1264,0,0,5,True,False,True,0.004422915683591481,0.004422915683591481
full_coverage_complete,blkboystand,1265,0,0,1,True,False,True,0.0011855906449185106,0.0011855906449185106
full_coverage_complete,blkboystand,1267,5,0,5,True,False,True,0.0,0.0
full_coverage_complete,blkboystand,1268,0,0,5,True,False,True,0.0,0.0
full_coverage_complete,blkboystand,1270,5,0,5,True,False,True,0.0,0.0
full_coverage_complete,blkboystand,1274,0,0,5,True,False,True,0.0,0.0
full_coverage_complete,blkboystand,1275,0,0,5,True,False,True,0.0,0.0
full_coverage_complete,blkboystand,1276,0,0,5,True,False,True,0.014107737876805098,0.014107737876805098
full_coverage_complete,blkboystand,1278,0,0,5,True,False,True,0.0,0.0
full_coverage_complete,blkboystand,1283,0,0,5,True,False,True,0.0,0.0
full_coverage_complete,blkboystand,1286,0,0,5,True,False,True,0.0,0.0
full_coverage_complete,blkboystand,1293,0,0,5,True,False,True,0.0,0.0
full_coverage_complete,blkboystand,1295,0,0,2,True,False,True,0.044533237212023014,0.044533237212023014
full_coverage_complete,blkboystand,1303,5,0,5,True,False,True,0.0897549151779887,0.0
full_coverage_complete,blkboystand,1304,0,0,6,True,False,True,0.0,0.0
full_coverage_complete,blkboystand,1306,0,0,5,True,False,True,0.0,0.0
full_coverage_complete,blkboystand,1307,0,0,5,True,False,True,0.07372716642717136,0.07372716642717136
full_coverage_complete,blkboystand,1310,0,0,5,True,False,True,0.0,0.0
full_coverage_complete,blkboystand,1311,0,0,5,True,False,True,0.0,0.0
full_coverage_complete,blkboystand,1321,0,0,6,True,False,True,0.0,0.0
full_coverage_complete,blkboystand,1323,5,1,5,True,False,True,0.0,0.0
full_coverage_complete,blkboystand,1324,0,0,6,True,False,True,0.0,0.0
full_coverage_complete,blkboystand,1325,0,0,5,True,False,True,0.0,0.0
full_coverage_complete,blkboystand,1328,0,0,6,True,False,True,0.0,0.0
full_coverage_complete,blkboystand,1329,0,0,5,True,False,True,0.0,0.0
full_coverage_complete,blkboystand,1332,0,0,6,True,False,True,0.0,0.0
full_coverage_complete,blkboystand,1334,5,0,5,True,False,True,0.0,0.0
full_coverage_complete,blkboystand,1338,0,0,5,True,False,True,0.0,0.0
full_coverage_complete,blkboystand,1340,0,0,6,True,False,True,0.0,0.0
full_coverage_complete,blkboystand,1347,5,0,5,True,False,True,0.0,0.0
full_coverage_complete,blkboystand,1351,0,0,5,True,False,True,0.0,0.0
full_coverage_complete,blkboystand,1354,5,0,5,True,False,True,0.0,0.0
full_coverage_complete,blkboystand,1356,5,0,5,True,False,True,0.0,0.0
full_coverage_complete,blkboystand,1361,0,0,5,True,False,True,0.0,0.0
full_coverage_complete,blkboystand,1362,0,0,5,True,False,True,0.0,0.0
full_coverage_complete,blkboystand,1364,0,0,6,True,False,True,0.0,0.0
full_coverage_complete,blkboystand,1365,0,0,5,True,False,True,0.0,0.0
full_coverage_complete,blkboystand,1366,5,0,5,True,False,True,0.0,0.0
full_coverage_complete,blkboystand,1369,5,0,5,True,False,True,0.0,0.0
full_coverage_complete,blkboystand,1373,0,0,5,True,False,True,0.0,0.0
full_coverage_complete,blkboystand,1376,0,0,6,True,False,True,0.0,0.0
full_coverage_complete,blkboystand,1378,0,0,5,True,False,True,0.0,0.0
full_coverage_complete,blkboystand,1379,5,0,5,True,False,True,0.0,0.0
full_coverage_complete,blkboystand,1382,0,0,6,True,False,True,0.0,0.0
full_coverage_complete,blkboystand,1383,0,0,5,True,False,True,0.0,0.0
full_coverage_complete,blkboystand,1384,0,0,5,True,False,True,0.0,0.0
full_coverage_complete,blkboystand,1388,0,0,5,True,False,True,0.0,0.0
full_coverage_complete,blkboystand,1391,0,0,6,True,False,True,0.0,0.0
full_coverage_complete,blkboystand,1392,0,0,5,True,False,True,0.0,0.0
full_coverage_complete,blkboystand,1393,0,0,5,True,False,True,0.0,0.0
full_coverage_complete,blkboystand,1401,0,0,5,True,False,True,0.0,0.0
full_coverage_complete,blkboystand,1403,0,0,5,True,False,True,0.0,0.0
full_coverage_complete,blkboystand,1404,0,0,5,True,False,True,0.0,0.0
full_coverage_complete,blkboystand,1409,0,0,5,True,False,True,0.0,0.0
full_coverage_complete,blkboystand,1412,0,0,6,True,False,True,0.0,0.0
full_coverage_complete,blkboystand,1418,0,0,5,True,False,True,0.0,0.0
full_coverage_complete,blkboystand,1420,5,0,5,True,False,True,0.0,0.0
full_coverage_complete,blkboystand,1424,5,0,5,True,False,True,0.0,0.0
full_coverage_complete,blkboystand,1426,0,0,5,True,False,True,0.0,0.0
full_coverage_complete,blkboystand,1427,5,0,5,True,False,True,0.0,0.0
full_coverage_complete,blkboystand,1428,0,0,5,True,False,True,0.0,0.0
full_coverage_complete,blkboystand,1431,0,0,5,True,False,True,0.0,0.0
full_coverage_complete,blkboystand,1433,0,0,5,True,False,True,0.0,0.0
full_coverage_complete,blkcaratfrontbluebus,333,0,0,5,True,False,True,0.14945299059625006,0.14945299059625006
full_coverage_complete,blkcaratfrontbluebus,336,0,0,5,True,False,True,0.752686638736317,0.752686638736317
full_coverage_complete,blkcaratfrontbluebus,337,0,0,5,True,False,True,0.7568905439993316,0.7568905439993316
full_coverage_complete,blkcaratfrontbluebus,341,0,0,5,True,False,True,0.7258653927702007,0.7258653927702007
full_coverage_complete,blkcaratfrontbluebus,346,5,0,5,True,False,True,0.8041527853118676,0.8018161604998603
full_coverage_complete,blkcaratfrontbluebus,348,5,0,5,True,False,True,0.77270533281073,0.7735854913278183
full_coverage_complete,blkcaratfrontbluebus,349,0,0,5,True,False,True,0.801593707185216,0.801593707185216
full_coverage_complete,blkcaratfrontbluebus,370,0,0,1,True,False,True,0.2075643714268856,0.2075643714268856
full_coverage_complete,blkcaratfrontbluebus,372,0,0,1,True,False,True,0.21915416250872297,0.21915416250872297
full_coverage_complete,blkcaratfrontbluebus,379,0,0,5,True,False,True,0.4578511887295091,0.4578511887295091
full_coverage_complete,blkcaratfrontbluebus,380,0,0,1,True,False,True,0.20339008079891158,0.20339008079891158
full_coverage_complete,blkcaratfrontbluebus,381,5,0,5,True,False,True,0.14680880010455483,0.1623312295448636
full_coverage_complete,blkcaratfrontbluebus,382,0,0,5,True,False,True,0.2707260875554827,0.2707260875554827
full_coverage_complete,blkcaratfrontbluebus,383,0,0,4,True,False,True,0.40657997841797133,0.40657997841797133
full_coverage_complete,blkcaratfrontbluebus,384,0,0,5,True,False,True,0.5149608464213684,0.5149608464213684
full_coverage_complete,blkcaratfrontbluebus,409,5,0,5,True,False,True,0.38379580690128595,0.25122799165541004
full_coverage_complete,blkcaratfrontbluebus,410,5,0,5,True,False,True,0.1843839304169733,0.14030366576207245
full_coverage_complete,blkcaratfrontbluebus,411,0,0,1,True,False,True,0.1366884175589079,0.1366884175589079
full_coverage_complete,blkcaratfrontbluebus,412,4,4,4,True,False,True,0.39643759495162467,0.4341217875923902
full_coverage_complete,blkcaratfrontbluebus,413,0,0,1,True,False,True,0.5207368035324409,0.5207368035324409
full_coverage_complete,blkcaratfrontbluebus,415,0,0,5,True,False,True,0.1364895428234945,0.1364895428234945
full_coverage_complete,blkcaratfrontbluebus,423,0,0,5,True,False,True,0.04861184411110047,0.04861184411110047
full_coverage_complete,blkcaratfrontbluebus,424,0,0,5,True,False,True,0.09367853210381973,0.09367853210381973
full_coverage_complete,blkcaratfrontbluebus,425,0,0,5,True,False,True,0.07633222664485012,0.07633222664485012
full_coverage_complete,blkcaratfrontbluebus,426,5,1,5,True,False,True,0.08234108902852526,0.10348550782205275
full_coverage_complete,blkcaratfrontbluebus,427,5,0,5,True,False,True,0.1292359609427873,0.09257108104697226
full_coverage_complete,blkcaratfrontbluebus,428,0,0,5,True,False,True,0.13726590254736729,0.13726590254736729
full_coverage_complete,blkcaratfrontbluebus,429,0,0,5,True,False,True,0.06898381031420953,0.06898381031420953
full_coverage_complete,blkcaratfrontbluebus,430,0,0,5,True,False,True,0.06269045879511355,0.06269045879511355
full_coverage_complete,blkcaratfrontbluebus,431,0,0,4,True,False,True,0.06399073804164244,0.06399073804164244
full_coverage_complete,blkcaratfrontbluebus,433,0,0,5,True,False,True,0.051974973868205515,0.051974973868205515
full_coverage_complete,blkcaratfrontbluebus,442,0,0,5,True,False,True,0.06623865732622174,0.06623865732622174
full_coverage_complete,blkcaratfrontbluebus,445,0,0,5,True,False,True,0.04951926182573424,0.04951926182573424
full_coverage_complete,blkcaratfrontbluebus,447,0,0,1,True,False,True,0.058839032599423594,0.058839032599423594
full_coverage_complete,blkcaratfrontbluebus,450,0,0,5,True,False,True,0.04089338253697674,0.04089338253697674
full_coverage_complete,blkcaratfrontbluebus,451,0,0,5,True,False,True,0.032729402660124966,0.032729402660124966
full_coverage_complete,blkcaratfrontbluebus,452,0,0,5,True,False,True,0.026222179202593805,0.026222179202593805
full_coverage_complete,blkcaratfrontbluebus,474,0,0,5,True,False,True,0.0,0.0
full_coverage_complete,blkcaratfrontbluebus,475,0,0,5,True,False,True,0.0,0.0
full_coverage_complete,blkcaratfrontbluebus,476,0,0,5,True,False,True,0.0,0.0
full_coverage_complete,blkcaratfrontbluebus,477,0,0,5,True,False,True,0.0,0.0
full_coverage_complete,blkcaratfrontbluebus,478,5,2,5,True,False,True,0.0,0.0
full_coverage_complete,blkcaratfrontbluebus,479,0,0,5,True,False,True,0.0,0.0
full_coverage_complete,blkcaratfrontbluebus,481,0,0,5,True,False,True,0.0,0.0
full_coverage_complete,blkcaratfrontbluebus,483,0,0,5,True,False,True,0.0,0.0
full_coverage_complete,blkcaratfrontbluebus,484,0,0,5,True,False,True,0.0,0.0
full_coverage_complete,blkcaratfrontbluebus,485,0,0,5,True,False,True,0.0,0.0
full_coverage_complete,blkcaratfrontbluebus,486,5,4,5,True,False,True,0.0,0.23629141542189483
full_coverage_complete,blkcaratfrontbluebus,487,0,0,6,True,False,True,0.7824048298991837,0.7824048298991837
full_coverage_complete,blkcaratfrontbluebus,488,4,0,4,True,True,True,0.8077329400739847,0.6585360415442858
full_coverage_complete,blkcaratfrontbluebus,506,0,0,5,True,False,True,0.7576070008122795,0.7576070008122795
full_coverage_complete,blkcaratfrontbluebus,539,5,0,5,True,False,True,0.7352071862177337,0.7602784684389238
full_coverage_complete,blkcaratfrontbluebus,540,5,4,5,True,False,True,0.6450488841871794,0.6179057207393112
full_coverage_complete,blkcaratfrontbluebus,554,0,0,5,True,False,True,0.6002783944248787,0.6002783944248787
full_coverage_complete,blkcaratfrontbluebus,555,0,2,5,True,False,True,0.5800326106075584,0.0
full_coverage_complete,blkcaratfrontbluebus,558,0,0,1,True,False,True,0.0,0.0
full_coverage_complete,blkcaratfrontbluebus,559,0,0,1,True,False,True,0.0,0.0
full_coverage_complete,blkcaratfrontbluebus,561,0,0,1,True,False,True,0.0,0.0
full_coverage_complete,blkcaratfrontbluebus,562,0,0,6,True,False,True,0.0,0.0
full_coverage_complete,blkcaratfrontbluebus,563,0,0,1,True,False,True,0.0,0.0
full_coverage_complete,blkcaratfrontbluebus,564,0,0,1,True,False,True,0.0,0.0
full_coverage_complete,blkcaratfrontbluebus,565,0,0,5,True,False,True,0.0,0.0
full_coverage_complete,blkcaratfrontbluebus,566,0,0,5,True,False,True,0.0,0.0
full_coverage_complete,blkcaratfrontbluebus,568,0,0,5,True,False,True,0.0,0.0
full_coverage_complete,blkcaratfrontbluebus,569,0,0,5,True,False,True,0.0,0.0
full_coverage_complete,blkcaratfrontbluebus,570,0,0,1,True,False,True,0.0,0.0
full_coverage_complete,blkcaratfrontbluebus,571,0,0,5,True,False,True,0.0,0.0
full_coverage_complete,blkcaratfrontbluebus,572,0,0,1,True,False,True,0.0,0.0
full_coverage_complete,blkcaratfrontbluebus,573,0,0,5,True,False,True,0.0,0.0
full_coverage_complete,blkcaratfrontbluebus,574,0,0,1,True,False,True,0.0,0.0
full_coverage_complete,blkcaratfrontbluebus,575,0,0,1,True,False,True,0.0,0.0
full_coverage_complete,blkcaratfrontbluebus,578,0,0,1,True,False,True,0.0,0.0
full_coverage_complete,blkcaratfrontbluebus,579,0,0,5,True,False,True,0.0,0.0
full_coverage_complete,blkcaratfrontbluebus,581,5,0,5,True,False,True,0.0,0.0
full_coverage_complete,blkcaratfrontbluebus,582,5,0,5,True,False,True,0.0,0.0
full_coverage_complete,blkcaratfrontbluebus,583,0,0,5,True,False,True,0.0,0.0
full_coverage_complete,blkcaratfrontbluebus,584,0,0,4,True,False,True,0.0,0.0
full_coverage_complete,blkcaratfrontbluebus,585,0,0,5,True,False,True,0.0,0.0
full_coverage_complete,blkcaratfrontbluebus,586,0,0,1,True,False,True,0.0,0.0
full_coverage_complete,blkcaratfrontbluebus,587,0,0,5,True,False,True,0.0,0.0
full_coverage_complete,blkcaratfrontbluebus,588,0,0,1,True,False,True,0.0,0.0
full_coverage_complete,blkcaratfrontbluebus,589,0,0,5,True,False,True,0.0,0.0
full_coverage_complete,blkcaratfrontbluebus,590,0,0,4,True,False,True,0.0,0.0
full_coverage_complete,blkcaratfrontbluebus,591,0,0,4,True,False,True,0.0,0.0
full_coverage_complete,blkcaratfrontbluebus,592,0,0,1,True,False,True,0.0,0.0
full_coverage_complete,blkcaratfrontbluebus,593,0,0,1,True,False,True,0.0,0.0
full_coverage_complete,blkcaratfrontbluebus,594,0,0,4,True,False,True,0.0,0.0
full_coverage_complete,blkcaratfrontbluebus,595,0,0,4,True,False,True,0.0,0.0
full_coverage_complete,blkcaratfrontbluebus,596,0,0,5,True,False,True,0.0,0.0
full_coverage_complete,blkcaratfrontbluebus,597,0,0,4,True,False,True,0.0,0.0
full_coverage_complete,blkcaratfrontbluebus,599,0,0,1,True,False,True,0.0,0.0
full_coverage_complete,blkcaratfrontbluebus,602,0,0,1,True,False,True,0.0,0.0
full_coverage_complete,blkcaratfrontbluebus,604,0,0,5,True,False,True,0.0,0.0
full_coverage_complete,blkcaratfrontbluebus,605,0,0,5,True,False,True,0.0,0.0
full_coverage_complete,blkcaratfrontbluebus,606,0,0,4,True,False,True,0.0,0.0
full_coverage_complete,blkcaratfrontbluebus,607,0,0,5,True,False,True,0.0,0.0
full_coverage_complete,blkcaratfrontbluebus,608,0,0,1,True,False,True,0.0,0.0
full_coverage_complete,blkcaratfrontbluebus,610,0,0,5,True,False,True,0.0,0.0
full_coverage_complete,blkcaratfrontbluebus,612,0,0,4,True,False,True,0.0,0.0
full_coverage_complete,blkcaratfrontbluebus,613,0,0,1,True,False,True,0.0,0.0
full_coverage_complete,blkcaratfrontbluebus,614,0,0,1,True,False,True,0.0,0.0
full_coverage_complete,blkcaratfrontbluebus,615,0,0,1,True,False,True,0.0,0.0
full_coverage_complete,blkcaratfrontbluebus,616,0,0,4,True,False,True,0.0,0.0
full_coverage_complete,blkcaratfrontbluebus,617,0,0,4,True,False,True,0.0,0.0
full_coverage_complete,blkcaratfrontbluebus,618,0,0,5,True,False,True,0.0,0.0
full_coverage_complete,blkcaratfrontbluebus,619,0,0,5,True,False,True,0.0,0.0
full_coverage_complete,blkcaratfrontbluebus,620,0,0,1,True,False,True,0.0,0.0
full_coverage_complete,blkcaratfrontbluebus,621,0,0,5,True,False,True,0.0,0.0
full_coverage_complete,blkcaratfrontbluebus,622,0,0,5,True,False,True,0.0,0.0
full_coverage_complete,blkcaratfrontbluebus,623,5,0,5,True,False,True,0.0,0.0
full_coverage_complete,blkcaratfrontbluebus,624,0,0,4,True,False,True,0.0,0.0
full_coverage_complete,blkcaratfrontbluebus,625,0,0,5,True,False,True,0.0,0.0
full_coverage_complete,blkcaratfrontbluebus,626,0,0,5,True,False,True,0.0,0.0
full_coverage_complete,blkcaratfrontbluebus,628,0,0,4,True,False,True,0.0,0.0
full_coverage_complete,blkcaratfrontbluebus,629,0,0,4,True,False,True,0.0,0.0
full_coverage_complete,blkcaratfrontbluebus,631,0,0,1,True,False,True,0.0,0.0
full_coverage_complete,blkcaratfrontbluebus,632,0,0,4,True,False,True,0.0,0.0
full_coverage_complete,blkcaratfrontbluebus,633,0,0,4,True,False,True,0.0,0.0
full_coverage_complete,blkcaratfrontbluebus,635,0,0,5,True,False,True,0.0,0.0
full_coverage_complete,blkcaratfrontbluebus,636,0,0,5,True,False,True,0.0,0.0
full_coverage_complete,blkcaratfrontbluebus,637,0,0,5,True,False,True,0.0,0.0
full_coverage_complete,blkcaratfrontbluebus,639,5,0,5,True,False,True,0.0,0.0
full_coverage_complete,blkcaratfrontbluebus,642,0,0,4,True,False,True,0.0,0.0
full_coverage_complete,blkcaratfrontbluebus,645,0,0,5,True,False,True,0.0,0.0
full_coverage_complete,blkcaratfrontbluebus,646,0,0,5,True,False,True,0.0,0.0
full_coverage_complete,blkcaratfrontbluebus,649,0,0,4,True,False,True,0.0,0.0
full_coverage_complete,blkcaratfrontbluebus,657,0,0,4,True,False,True,0.0,0.0
full_coverage_complete,blkcaratfrontbluebus,658,0,0,5,True,False,True,0.0,0.0
full_coverage_complete,blkcaratfrontbluebus,659,5,0,5,True,False,True,0.0,0.0
full_coverage_complete,blkcaratfrontbluebus,660,5,0,5,True,False,True,0.0,0.0
full_coverage_complete,blkcaratfrontbluebus,662,0,0,4,True,False,True,0.0,0.0
full_coverage_complete,blkcaratfrontbluebus,663,0,0,5,True,False,True,0.0,0.0
full_coverage_complete,blkcaratfrontbluebus,664,0,0,5,True,False,True,0.0,0.0
full_coverage_complete,blkcaratfrontbluebus,666,0,0,4,True,False,True,0.0,0.0
full_coverage_complete,blkcaratfrontbluebus,667,0,0,4,True,False,True,0.0,0.0
full_coverage_complete,blkcaratfrontbluebus,668,0,0,4,True,False,True,0.0,0.0
full_coverage_complete,blkcaratfrontbluebus,669,0,0,4,True,False,True,0.0,0.0
full_coverage_complete,blkcaratfrontbluebus,670,0,0,1,True,False,True,0.0,0.0
full_coverage_complete,blkcaratfrontbluebus,671,0,0,4,True,False,True,0.0,0.0
full_coverage_complete,blkcaratfrontbluebus,672,0,0,5,True,False,True,0.0,0.0
full_coverage_complete,blkcaratfrontbluebus,673,0,0,4,True,False,True,0.0,0.0
full_coverage_complete,blkcaratfrontbluebus,674,0,0,5,True,False,True,0.0,0.0
full_coverage_complete,blkcaratfrontbluebus,676,0,0,4,True,False,True,0.0,0.0
full_coverage_complete,blkcaratfrontbluebus,677,0,0,4,True,False,True,0.0,0.0
full_coverage_complete,blkcaratfrontbluebus,679,0,0,4,True,False,True,0.0,0.0
full_coverage_complete,blkcaratfrontbluebus,680,0,0,4,True,False,True,0.0,0.0
full_coverage_complete,blkcaratfrontbluebus,682,0,0,4,True,False,True,0.0,0.0
full_coverage_complete,blkcaratfrontbluebus,683,0,0,4,True,False,True,0.0,0.0
full_coverage_complete,blkcaratfrontbluebus,684,0,0,4,True,False,True,0.0,0.0
full_coverage_complete,blkcaratfrontbluebus,687,0,1,0,False,False,True,0.0,0.0
full_coverage_complete,blkcaratfrontbluebus,688,6,3,6,True,False,True,0.0,0.0
full_coverage_complete,blkcaratfrontbluebus,689,4,1,4,True,False,True,0.0,0.0
full_coverage_complete,blkcaratfrontbluebus,691,5,3,5,True,False,True,0.0,0.0
full_coverage_complete,blkcaratfrontbluebus,692,0,1,5,True,False,True,0.0,0.0
full_coverage_complete,blkcaratfrontbluebus,693,0,0,1,True,False,True,0.0,0.0
full_coverage_complete,blkcaratfrontbluebus,694,0,1,5,True,False,True,0.0,0.0
full_coverage_complete,blkcaratfrontbluebus,695,0,0,5,True,False,True,0.0,0.0
full_coverage_complete,blkcaratfrontbluebus,696,0,0,5,True,False,True,0.0,0.0
full_coverage_complete,blkcaratfrontbluebus,697,0,1,5,True,False,True,0.0,0.0
full_coverage_complete,blkcaratfrontbluebus,698,5,1,5,True,False,True,0.0,0.0
full_coverage_complete,blkcaratfrontbluebus,699,0,0,5,True,False,True,0.0,0.0
full_coverage_complete,blkcaratfrontbluebus,700,0,2,5,True,False,True,0.0,0.0
full_coverage_complete,blkcaratfrontbluebus,701,0,0,1,True,False,True,0.0,0.0
full_coverage_complete,blkcaratfrontbluebus,702,0,0,4,True,False,True,0.0,0.0
full_coverage_complete,blkcaratfrontbluebus,703,0,1,5,True,False,True,0.0,0.0
full_coverage_complete,blkcaratfrontbluebus,704,0,0,5,True,False,True,0.0,0.0
full_coverage_complete,blkcaratfrontbluebus,708,0,0,5,True,False,True,0.0,0.0
full_coverage_complete,blkcaratfrontbluebus,709,5,1,5,True,False,True,0.0,0.0
full_coverage_complete,blkcaratfrontbluebus,710,0,1,5,True,False,True,0.0,0.0
full_coverage_complete,blkcaratfrontbluebus,711,6,2,6,True,False,True,0.0,0.0
full_coverage_complete,blkcaratfrontbluebus,712,0,0,5,True,False,True,0.0,0.0
full_coverage_complete,blkcaratfrontbluebus,713,0,0,5,True,False,True,0.0,0.0
full_coverage_complete,blkcaratfrontbluebus,714,0,0,5,True,False,True,0.0,0.0
full_coverage_complete,blkcaratfrontbluebus,715,0,0,5,True,False,True,0.0,0.0
full_coverage_complete,blkcaratfrontbluebus,718,5,0,5,True,False,True,0.0,0.0
full_coverage_complete,blkcaratfrontbluebus,719,0,0,4,True,False,True,0.0,0.0
full_coverage_complete,blkcaratfrontbluebus,720,0,0,5,True,False,True,0.0,0.0
full_coverage_complete,blkcaratfrontbluebus,721,0,0,5,True,False,True,0.0,0.0
full_coverage_complete,blkcaratfrontbluebus,722,5,4,5,True,False,True,0.0,0.0
full_coverage_complete,blkcaratfrontbluebus,723,0,0,1,True,False,True,0.0,0.0
full_coverage_complete,blkcaratfrontbluebus,725,4,3,4,True,False,True,0.0,0.0
full_coverage_complete,blkcaratfrontbluebus,733,0,0,5,True,False,True,0.0,0.0
full_coverage_complete,blkcaratfrontbluebus,739,0,0,5,True,False,True,0.0,0.0
full_coverage_complete,blkcaratfrontbluebus,740,5,4,5,True,False,True,0.0,0.0
full_coverage_complete,blkcaratfrontbluebus,741,0,0,5,True,False,True,0.0,0.0
full_coverage_complete,blkcaratfrontbluebus,743,0,0,5,True,False,True,0.0,0.0
full_coverage_complete,blkcaratfrontbluebus,744,0,0,5,True,False,True,0.0,0.0
full_coverage_complete,blkcaratfrontbluebus,745,0,0,5,True,False,True,0.0,0.0
full_coverage_complete,blkcaratfrontbluebus,746,5,1,5,True,False,True,0.0,0.0
full_coverage_complete,blkcaratfrontbluebus,747,0,0,5,True,False,True,0.0,0.0
full_coverage_complete,blkcaratfrontbluebus,748,0,0,4,True,False,True,0.0,0.0
full_coverage_complete,blkcaratfrontbluebus,749,0,0,4,True,False,True,0.0,0.0
full_coverage_complete,blkcaratfrontbluebus,750,0,0,5,True,False,True,0.0,0.0
full_coverage_complete,blkcaratfrontbluebus,751,0,0,4,True,False,True,0.0,0.0
full_coverage_complete,blkcaratfrontbluebus,752,0,0,5,True,False,True,0.0,0.0
full_coverage_complete,blkcaratfrontbluebus,753,0,0,5,True,False,True,0.0,0.0
full_coverage_complete,blkcaratfrontbluebus,754,0,0,5,True,False,True,0.0,0.0
full_coverage_complete,blkcaratfrontbluebus,755,0,0,5,True,False,True,0.0,0.0
full_coverage_complete,blkcaratfrontbluebus,756,0,0,5,True,False,True,0.0,0.0
full_coverage_complete,blkcaratfrontbluebus,757,0,2,5,True,False,True,0.0,0.0
full_coverage_complete,blkcaratfrontbluebus,759,0,0,4,True,False,True,0.0,0.0
full_coverage_complete,blkcaratfrontbluebus,760,0,0,1,True,False,True,0.0,0.0
full_coverage_complete,blkgirlumbrella,130,0,0,5,True,False,True,0.3683493413902281,0.3683493413902281
full_coverage_complete,blkgirlumbrella,131,5,0,5,True,False,True,0.5577663106676833,0.45422854876373037
full_coverage_complete,blkgirlumbrella,132,0,0,1,True,False,True,0.619519304140099,0.619519304140099
full_coverage_complete,blkgirlumbrella,135,0,0,1,True,False,True,0.33459839233325084,0.33459839233325084
full_coverage_complete,blkgirlumbrella,136,2,0,2,True,False,True,0.36461719665674197,0.2709920540997187
full_coverage_complete,blkgirlumbrella,153,1,0,1,True,False,True,0.7790233957322107,0.7626100475941843
full_coverage_complete,blkgirlumbrella,161,0,0,1,True,False,True,0.788148335571649,0.788148335571649
full_coverage_complete,blkhairgirltakingblkbag,58,0,0,5,True,False,True,0.7925342413624135,0.7925342413624135
full_coverage_complete,blkhairgirltakingblkbag,63,5,1,5,True,False,True,0.6979374796403105,0.6743282782394763
full_coverage_complete,blkhairgirltakingblkbag,64,0,0,5,True,False,True,0.4751240427845307,0.4751240427845307
full_coverage_complete,blkhairgirltakingblkbag,65,5,0,5,True,False,True,0.42043058213692003,0.47770406182873343
full_coverage_complete,blkhairgirltakingblkbag,66,5,0,5,True,False,True,0.6339344061859291,0.863142971792269
full_coverage_complete,blkhairgirltakingblkbag,71,0,0,2,True,False,True,0.7658014058578242,0.0
full_coverage_complete,blkhairgirltakingblkbag,79,1,0,1,True,False,True,0.0,0.0
full_coverage_complete,blkhairgirltakingblkbag,80,0,0,5,True,False,True,0.0,0.0
full_coverage_complete,blkhairgirltakingblkbag,81,0,1,2,True,False,True,0.0,0.6167497816738688
full_coverage_complete,blkhairgirltakingblkbag,83,0,0,5,True,False,True,0.45720491306706623,0.45720491306706623
full_coverage_complete,blkhairgirltakingblkbag,94,0,0,1,True,False,True,0.8912498503432719,0.8912498503432719
full_coverage_complete,blkhairgirltakingblkbag,95,0,0,1,True,False,True,0.9297964865258584,0.9297964865258584
full_coverage_complete,blkhairgirltakingblkbag,96,1,0,1,True,False,True,0.8695962704141943,0.036040185749203035
full_coverage_complete,blkhairgirltakingblkbag,106,6,0,6,True,False,True,0.8802844682090636,0.8184509584888275
full_coverage_complete,blkhairgirltakingblkbag,260,0,0,1,True,False,True,0.5560349940528564,0.5560349940528564
full_coverage_complete,blkhairgirltakingblkbag,262,0,0,1,True,False,True,0.5427680692716994,0.5427680692716994
full_coverage_complete,blkhairgirltakingblkbag,265,0,0,4,True,False,True,0.628927510956531,0.628927510956531
full_coverage_complete,blkhairgirltakingblkbag,277,0,0,4,True,False,True,0.45528136097475796,0.45528136097475796
full_coverage_complete,blkhairgirltakingblkbag,278,0,0,1,True,False,True,0.39692945952889624,0.39692945952889624
full_coverage_complete,blkhairgirltakingblkbag,280,0,0,4,True,False,True,0.4463295520922759,0.4463295520922759
full_coverage_complete,blkhairgirltakingblkbag,281,0,0,4,True,False,True,0.42010351633668136,0.42010351633668136
full_coverage_complete,blkhairgirltakingblkbag,284,0,0,4,True,False,True,0.5573106415979571,0.5573106415979571
full_coverage_complete,blkhairgirltakingblkbag,285,0,0,5,True,False,True,0.6699112682175675,0.6699112682175675
full_coverage_complete,blkhairgirltakingblkbag,286,0,0,5,True,False,True,0.37588245899308215,0.37588245899308215
full_coverage_complete,blkhairgirltakingblkbag,287,0,0,4,True,False,True,0.6209012866816043,0.6209012866816043
full_coverage_complete,blkhairgirltakingblkbag,288,5,0,5,True,False,True,0.5692108359596799,0.46832076074449974
full_coverage_complete,blkhairgirltakingblkbag,289,0,0,4,True,False,True,0.4513612593433429,0.4513612593433429
full_coverage_complete,blkhairgirltakingblkbag,294,0,0,4,True,False,True,0.49140099026627376,0.49140099026627376
full_coverage_complete,blkhairgirltakingblkbag,295,0,1,4,True,False,True,0.5543977963050502,0.0
full_coverage_complete,blkmoto2north,87,0,0,5,True,False,True,0.14290552264356352,0.14290552264356352
full_coverage_complete,blkmoto2north,88,0,0,1,True,False,True,0.5259139477049655,0.5259139477049655
full_coverage_complete,blkmoto2north,89,0,0,5,True,False,True,0.569599223371283,0.569599223371283
full_coverage_complete,blkmoto2north,91,0,0,1,True,False,True,0.6157966165951757,0.6157966165951757
full_coverage_complete,blkmoto2north,92,0,0,5,True,False,True,0.47000201142111736,0.47000201142111736
full_coverage_complete,blkmoto2north,93,0,0,5,True,False,True,0.3202612918895654,0.3202612918895654
full_coverage_complete,blkmoto2north,130,0,0,2,True,False,True,0.7682343821339845,0.0
full_coverage_complete,blkmoto2north,131,0,1,5,True,False,True,0.0,0.8037539747210973
full_coverage_complete,blkmoto2north,133,0,1,2,True,False,True,0.8585283916816863,0.0
full_coverage_complete,blkmoto2north,134,0,0,5,True,False,True,0.0,0.0
full_coverage_complete,blkmoto2north,135,0,0,2,True,False,True,0.0,0.0
full_coverage_complete,blkmoto2north,136,0,1,2,True,False,True,0.0,0.9241529543645752
full_coverage_complete,blkmoto2north,150,0,0,2,True,False,True,0.7882350246435585,0.0
full_coverage_complete,blkmoto2north,152,0,0,2,True,False,True,0.0,0.8402649944135715
full_coverage_complete,blkmoto2north,163,0,1,2,True,False,True,0.7656625807968591,0.0
full_coverage_complete,blkmoto2north,175,0,0,1,True,False,True,0.037142250559970336,0.037142250559970336
full_coverage_complete,blkmoto2north,176,0,0,1,True,False,True,0.022934582073255348,0.022934582073255348
full_coverage_complete,blkmoto2north,177,0,0,5,True,False,True,0.2794525476333135,0.2794525476333135
full_coverage_complete,blkmoto2north,178,0,0,1,True,False,True,0.7072934008323744,0.7072934008323744
full_coverage_complete,blkmoto2north,179,0,0,6,True,False,True,0.7209785510605138,0.0
full_coverage_complete,blkmoto2north,180,0,0,5,True,False,True,0.0,0.0
full_coverage_complete,blkmoto2north,181,0,0,5,True,False,True,0.0,0.5181428342443268
full_coverage_complete,blkmoto2north,182,0,0,1,True,False,True,0.0006683403407869432,0.0006683403407869432
full_coverage_complete,blkmoto2north,183,0,0,5,True,False,True,0.0,0.0
full_coverage_complete,blkmoto2north,184,0,1,5,True,False,True,0.0,0.0
full_coverage_complete,blkmoto2north,185,0,0,5,True,False,True,0.005158230721036279,0.005158230721036279
full_coverage_complete,blkmoto2north,186,0,0,1,True,False,True,0.0,0.0
full_coverage_complete,blueboy,49,0,0,1,True,False,True,0.5712055178458397,0.5712055178458397
full_coverage_complete,blueboy,50,0,0,1,True,False,True,0.4996640743432046,0.4996640743432046
full_coverage_complete,blueboy,51,0,0,1,True,False,True,0.5300161106315464,0.5300161106315464
full_coverage_complete,blueboy,52,0,0,5,True,False,True,0.5096119632083397,0.5096119632083397
full_coverage_complete,blueboy,53,0,0,1,True,False,True,0.49056287425041795,0.49056287425041795
full_coverage_complete,blueboy421,46,0,0,2,True,False,True,0.7429826364815695,0.7429826364815695
full_coverage_complete,blueboy421,82,0,0,2,True,False,True,0.5134624812247345,0.5134624812247345
full_coverage_complete,blueboy421,84,0,0,1,True,False,True,0.18121642339764377,0.18121642339764377
full_coverage_complete,blueboy421,99,0,0,1,True,False,True,0.4183567801698266,0.4183567801698266
full_coverage_complete,blueboy421,101,0,0,1,True,False,True,0.6185330825586208,0.6185330825586208
full_coverage_complete,blueboy421,127,1,0,1,True,False,True,0.6038456130592572,0.5166441341644454
full_coverage_complete,blueboy421,133,1,0,1,True,False,True,0.6534828217954192,0.502691124721753
full_coverage_complete,blueboy421,266,1,0,1,True,False,True,0.7112468334376177,0.0
full_coverage_complete,blueboy421,267,5,0,5,True,False,True,0.0,0.0
full_coverage_complete,blueboy421,268,0,1,2,True,False,True,0.0,0.5693687623999143
full_coverage_complete,blueboy421,269,1,0,1,True,False,True,0.7841735237338262,0.0
full_coverage_complete,bluegirlbiketurn,40,0,0,4,True,False,True,0.557149997619768,0.557149997619768
full_coverage_complete,bluegirlbiketurn,41,0,0,4,True,False,True,0.7530669358032679,0.7530669358032679
full_coverage_complete,bluegirlbiketurn,56,0,0,5,True,False,True,0.49368701852845814,0.49368701852845814
full_coverage_complete,bluegirlbiketurn,57,0,0,5,True,False,True,0.34353858830404455,0.34353858830404455
full_coverage_complete,bluegirlbiketurn,58,0,0,5,True,False,True,0.5690440306188982,0.5690440306188982
full_coverage_complete,bluegirlbiketurn,59,0,0,1,True,False,True,0.5539815499872636,0.5539815499872636
full_coverage_complete,bluegirlbiketurn,62,0,0,1,True,False,True,0.7216052243667301,0.7216052243667301
full_coverage_complete,bluegirlbiketurn,70,0,0,1,True,False,True,0.846138552123676,0.846138552123676
full_coverage_complete,bluegirlbiketurn,71,0,0,5,True,False,True,0.793302710342127,0.793302710342127
full_coverage_complete,bluegirlbiketurn,72,0,1,5,True,False,True,0.773877113028596,0.0
full_coverage_complete,bluegirlbiketurn,73,0,0,1,True,False,True,0.0,0.0
full_coverage_complete,bluegirlbiketurn,74,0,0,1,True,False,True,0.0,0.0
full_coverage_complete,bluegirlbiketurn,75,0,0,5,True,False,True,0.0,0.0
full_coverage_complete,bluegirlbiketurn,76,0,0,0,False,False,True,0.0,0.8876841958975066
full_coverage_complete,bluegirlbiketurn,82,1,0,1,True,False,True,0.6012297896618052,0.6455843524259824
full_coverage_complete,bluegirlbiketurn,83,0,0,4,True,False,True,0.6644182117522938,0.6644182117522938
full_coverage_complete,bluegirlbiketurn,85,0,0,4,True,False,True,0.8521026632576645,0.8521026632576645
full_coverage_complete,bluegirlbiketurn,86,0,0,1,True,False,True,0.8332094506288452,0.8332094506288452
full_coverage_complete,bluegirlbiketurn,209,0,0,5,True,False,True,0.24515709883981754,0.24515709883981754
full_coverage_complete,bottlebetweenboy`sfeet,19,0,0,1,True,False,True,0.7808819535746258,0.7808819535746258
full_coverage_complete,bottlebetweenboy`sfeet,21,6,2,6,True,False,True,0.44168554368318036,0.6695124817752837
full_coverage_complete,bottlebetweenboy`sfeet,22,0,0,1,True,False,True,0.5003203567840463,0.5003203567840463
full_coverage_complete,bottlebetweenboy`sfeet,23,1,3,1,True,False,True,0.39471226764678513,0.5982875464543015
full_coverage_complete,bottlebetweenboy`sfeet,24,0,0,6,True,False,True,0.5287999229709763,0.5287999229709763
full_coverage_complete,bottlebetweenboy`sfeet,29,0,0,1,True,False,True,0.6124986071385465,0.6124986071385465
full_coverage_complete,bottlebetweenboy`sfeet,32,0,0,1,True,False,True,0.5630899062378234,0.5630899062378234
full_coverage_complete,bottlebetweenboy`sfeet,33,0,0,0,False,False,True,0.6273199690863293,0.002837149108860785
full_coverage_complete,bottlebetweenboy`sfeet,34,5,0,5,True,False,True,0.0,0.0
full_coverage_complete,bottlebetweenboy`sfeet,36,0,0,5,True,False,True,0.0,0.0
full_coverage_complete,bottlebetweenboy`sfeet,44,0,0,1,True,False,True,0.0,0.0
full_coverage_complete,bottlebetweenboy`sfeet,45,0,0,5,True,False,True,0.0,0.0
full_coverage_complete,bottlebetweenboy`sfeet,46,0,0,6,True,False,True,0.0,0.0
full_coverage_complete,bottlebetweenboy`sfeet,49,0,0,1,True,False,True,0.0,0.0
full_coverage_complete,bottlebetweenboy`sfeet,50,0,0,6,True,False,True,0.0,0.0
full_coverage_complete,bottlebetweenboy`sfeet,51,0,0,6,True,False,True,0.0,0.0
full_coverage_complete,bottlebetweenboy`sfeet,52,0,0,1,True,False,True,0.09565937699519227,0.09565937699519227
full_coverage_complete,bottlebetweenboy`sfeet,53,0,0,1,True,False,True,0.11863810080549352,0.11863810080549352
full_coverage_complete,bottlebetweenboy`sfeet,54,0,0,6,True,False,True,0.15717107776193262,0.15717107776193262
full_coverage_complete,bottlebetweenboy`sfeet,55,0,0,6,True,False,True,0.12527194215847828,0.12527194215847828
full_coverage_complete,bottlebetweenboy`sfeet,56,0,0,1,True,False,True,0.06816589559121758,0.06816589559121758
full_coverage_complete,bottlebetweenboy`sfeet,57,0,0,1,True,False,True,0.027307235962966765,0.027307235962966765
full_coverage_complete,bottlebetweenboy`sfeet,59,0,0,6,True,False,True,0.00260326340922575,0.00260326340922575
full_coverage_complete,bottlebetweenboy`sfeet,61,5,0,5,True,False,True,0.013212486378600528,0.027320543003429856
full_coverage_complete,bottlebetweenboy`sfeet,62,0,0,5,True,False,True,0.13855643060644005,0.13855643060644005
full_coverage_complete,bottlebetweenboy`sfeet,63,0,0,5,True,False,True,0.11428142095687065,0.11428142095687065
full_coverage_complete,bottlebetweenboy`sfeet,64,0,0,5,True,False,True,0.07074048895901462,0.07074048895901462
full_coverage_complete,bottlebetweenboy`sfeet,65,0,0,5,True,False,True,0.04754786928606492,0.04754786928606492
full_coverage_complete,bottlebetweenboy`sfeet,66,0,0,5,True,False,True,0.01555700242747908,0.01555700242747908
full_coverage_complete,bottlebetweenboy`sfeet,67,5,0,5,True,False,True,0.0,0.0
full_coverage_complete,bottlebetweenboy`sfeet,86,0,0,6,True,False,True,0.0,0.0
full_coverage_complete,bottlebetweenboy`sfeet,88,0,0,1,True,False,True,0.00987288250324621,0.00987288250324621
full_coverage_complete,bottlebetweenboy`sfeet,96,0,0,0,False,False,True,0.0,0.7479037608792823
full_coverage_complete,bottlebetweenboy`sfeet,110,0,0,1,True,False,True,0.5114221121295559,0.5114221121295559
full_coverage_complete,bottlebetweenboy`sfeet,111,0,0,1,True,False,True,0.44284550239263765,0.44284550239263765
full_coverage_complete,bottlebetweenboy`sfeet,113,0,0,1,True,False,True,0.4763476272291783,0.4763476272291783
full_coverage_complete,bottlebetweenboy`sfeet,128,0,0,5,True,False,True,0.29831983121634437,0.29831983121634437
full_coverage_complete,bottlebetweenboy`sfeet,131,5,0,5,True,False,True,0.021751683774200906,0.0
full_coverage_complete,bottlebetweenboy`sfeet,132,0,0,5,True,False,True,0.0,0.0
full_coverage_complete,bottlebetweenboy`sfeet,142,0,0,1,True,False,True,0.7212365827561859,0.7212365827561859
full_coverage_complete,bottlebetweenboy`sfeet,143,0,0,5,True,False,True,0.6833205156629801,0.6833205156629801
full_coverage_complete,bottlebetweenboy`sfeet,144,0,0,6,True,False,True,0.0,0.0
full_coverage_complete,bottlebetweenboy`sfeet,146,0,0,5,True,False,True,0.41369540145954414,0.41369540145954414
full_coverage_complete,bottlebetweenboy`sfeet,147,0,0,6,True,False,True,0.490010162298631,0.490010162298631
full_coverage_complete,bottlebetweenboy`sfeet,149,0,0,6,True,False,True,0.3167265465212574,0.3167265465212574
full_coverage_complete,bottlebetweenboy`sfeet,151,0,0,5,True,False,True,0.002407804910765424,0.002407804910765424
full_coverage_complete,bottlebetweenboy`sfeet,152,5,1,5,True,False,True,0.0,0.0
full_coverage_complete,bottlebetweenboy`sfeet,154,0,0,5,True,False,True,0.0,0.0
full_coverage_complete,bottlebetweenboy`sfeet,155,0,0,5,True,False,True,0.0,0.0
full_coverage_complete,bottlebetweenboy`sfeet,156,0,0,5,True,False,True,0.0,0.0
full_coverage_complete,bottlebetweenboy`sfeet,157,0,1,0,False,False,True,0.0,0.0
full_coverage_complete,bottlebetweenboy`sfeet,158,0,0,1,True,False,True,0.0,0.0
full_coverage_complete,bottlebetweenboy`sfeet,164,0,1,5,True,False,True,0.0,0.0
full_coverage_complete,bottlebetweenboy`sfeet,165,0,0,5,True,False,True,0.0,0.0
full_coverage_complete,bottlebetweenboy`sfeet,166,0,0,1,True,False,True,0.0,0.0
full_coverage_complete,bottlebetweenboy`sfeet,169,0,0,5,True,False,True,0.0,0.0
full_coverage_complete,bottlebetweenboy`sfeet,170,0,0,5,True,False,True,0.0,0.0
full_coverage_complete,bottlebetweenboy`sfeet,171,0,0,5,True,False,True,0.0,0.0
full_coverage_complete,bottlebetweenboy`sfeet,194,0,0,5,True,False,True,0.0,0.0
full_coverage_complete,bottlebetweenboy`sfeet,206,0,0,0,False,False,True,0.0,0.0
full_coverage_complete,bottlebetweenboy`sfeet,207,0,0,6,True,False,True,0.0,0.0
full_coverage_complete,bottlebetweenboy`sfeet,212,5,0,5,True,False,True,0.0,0.0
full_coverage_complete,bottlebetweenboy`sfeet,213,0,0,5,True,False,True,0.0,0.0
full_coverage_complete,bottlebetweenboy`sfeet,214,6,0,6,True,False,True,0.0,0.0
full_coverage_complete,bottlebetweenboy`sfeet,216,1,4,1,True,False,True,0.0,0.0
full_coverage_complete,bottlebetweenboy`sfeet,217,6,0,6,True,False,True,0.0,0.0
full_coverage_complete,bottlebetweenboy`sfeet,218,0,0,1,True,False,True,0.0,0.0
full_coverage_complete,bottlebetweenboy`sfeet,227,0,0,4,True,False,True,0.0,0.0
full_coverage_complete,bottlebetweenboy`sfeet,228,0,0,4,True,False,True,0.0,0.0
full_coverage_complete,bottlebetweenboy`sfeet,229,0,0,5,True,False,True,0.0,0.0
full_coverage_complete,bottlebetweenboy`sfeet,231,0,0,1,True,False,True,0.0,0.0
full_coverage_complete,bottlebetweenboy`sfeet,240,0,0,5,True,False,True,0.0,0.0
full_coverage_complete,bottlebetweenboy`sfeet,241,0,0,5,True,False,True,0.0,0.0
full_coverage_complete,bottlebetweenboy`sfeet,244,0,1,5,True,False,True,0.0,0.0
full_coverage_complete,bottlebetweenboy`sfeet,246,0,0,5,True,False,True,0.0,0.0
full_coverage_complete,bottlebetweenboy`sfeet,248,0,0,1,True,False,True,0.0,0.0
full_coverage_complete,bottlebetweenboy`sfeet,250,5,0,5,True,False,True,0.0,0.0
full_coverage_complete,bottlebetweenboy`sfeet,251,0,0,5,True,False,True,0.0,0.0
full_coverage_complete,bottlebetweenboy`sfeet,252,5,0,5,True,False,True,0.023556647770618066,0.016311792062973663
full_coverage_complete,bottlebetweenboy`sfeet,254,1,3,1,True,False,True,0.2397337088404305,0.3649307198220917
full_coverage_complete,bottlebetweenboy`sfeet,256,0,0,5,True,False,True,0.12102729985705811,0.12102729985705811
full_coverage_complete,bottlebetweenboy`sfeet,257,0,0,5,True,False,True,0.49144264874978744,0.49144264874978744
full_coverage_complete,bottlebetweenboy`sfeet,261,0,0,5,True,False,True,0.25177432021560836,0.25177432021560836
full_coverage_complete,bottlebetweenboy`sfeet,263,0,0,6,True,False,True,0.14050252790504078,0.0
full_coverage_complete,bottlebetweenboy`sfeet,270,0,0,6,True,False,True,0.0,0.0
full_coverage_complete,bottlebetweenboy`sfeet,280,0,0,1,True,False,True,0.0,0.0
full_coverage_complete,bottlebetweenboy`sfeet,289,0,0,5,True,False,True,0.0,0.0
full_coverage_complete,bottlebetweenboy`sfeet,290,0,0,5,True,False,True,0.0,0.0
full_coverage_complete,bottlebetweenboy`sfeet,292,0,1,0,False,False,True,0.0,0.0
full_coverage_complete,bottlebetweenboy`sfeet,293,0,0,5,True,False,True,0.0,0.0
full_coverage_complete,bottlebetweenboy`sfeet,294,5,3,5,True,False,True,0.007316281138709604,0.013931837423426787
full_coverage_complete,bottlebetweenboy`sfeet,295,0,0,5,True,False,True,0.24510880242536515,0.24510880242536515
full_coverage_complete,bottlebetweenboy`sfeet,296,0,0,5,True,False,True,0.059744971651439834,0.059744971651439834
full_coverage_complete,bottlebetweenboy`sfeet,297,5,0,5,True,False,True,0.04610578832579332,0.05346675146864185
full_coverage_complete,bottlebetweenboy`sfeet,299,0,0,5,True,False,True,0.08959511457737833,0.08959511457737833
full_coverage_complete,bottlebetweenboy`sfeet,305,0,0,1,True,False,True,0.13931297627224887,0.13931297627224887
full_coverage_complete,bottlebetweenboy`sfeet,308,0,0,6,True,False,True,0.2689316653359331,0.2689316653359331
full_coverage_complete,bottlebetweenboy`sfeet,309,0,0,5,True,False,True,0.19501242205034727,0.19501242205034727
full_coverage_complete,bottlebetweenboy`sfeet,310,0,0,5,True,False,True,0.27047566214550695,0.27047566214550695
full_coverage_complete,bottlebetweenboy`sfeet,311,0,0,5,True,False,True,0.24181282052121125,0.24181282052121125
full_coverage_complete,bottlebetweenboy`sfeet,312,5,0,5,True,False,True,0.21076569031956396,0.26142497153921607
full_coverage_complete,bottlebetweenboy`sfeet,313,0,0,1,True,False,True,0.1407481294622226,0.1407481294622226
full_coverage_complete,bottlebetweenboy`sfeet,315,5,0,5,True,False,True,0.0,0.0
full_coverage_complete,bottlebetweenboy`sfeet,316,0,0,4,True,False,True,0.0,0.0
full_coverage_complete,bottlebetweenboy`sfeet,320,0,0,4,True,False,True,0.0,0.0
full_coverage_complete,bottlebetweenboy`sfeet,321,0,0,5,True,False,True,0.0,0.0
full_coverage_complete,bottlebetweenboy`sfeet,322,0,0,5,True,False,True,0.0,0.0
full_coverage_complete,bottlebetweenboy`sfeet,323,0,0,5,True,False,True,0.0,0.0
full_coverage_complete,bottlebetweenboy`sfeet,326,0,0,4,True,False,True,0.0,0.0
full_coverage_complete,bottlebetweenboy`sfeet,327,0,0,4,True,False,True,0.0,0.0
full_coverage_complete,bottlebetweenboy`sfeet,328,0,0,4,True,False,True,0.0,0.0
full_coverage_complete,bottlebetweenboy`sfeet,329,0,0,1,True,False,True,0.0,0.0
full_coverage_complete,bottlebetweenboy`sfeet,330,0,0,1,True,False,True,0.0,0.0
full_coverage_complete,bottlebetweenboy`sfeet,331,0,0,5,True,False,True,0.0,0.0
full_coverage_complete,bottlebetweenboy`sfeet,332,0,0,5,True,False,True,0.0,0.0
full_coverage_complete,bottlebetweenboy`sfeet,334,0,0,5,True,False,True,0.0,0.0
full_coverage_complete,bottlebetweenboy`sfeet,335,5,2,5,True,False,True,0.0,0.0
full_coverage_complete,bottlebetweenboy`sfeet,337,0,0,1,True,False,True,0.0,0.0
full_coverage_complete,bottlebetweenboy`sfeet,346,5,0,5,True,False,True,0.0,0.0
full_coverage_complete,bottlebetweenboy`sfeet,348,0,0,5,True,False,True,0.0,0.0
full_coverage_complete,bottlebetweenboy`sfeet,349,0,0,5,True,False,True,0.0,0.0
full_coverage_complete,bottlebetweenboy`sfeet,350,5,0,5,True,False,True,0.0,0.0
full_coverage_complete,bottlebetweenboy`sfeet,352,0,0,5,True,False,True,0.0,0.0
full_coverage_complete,bottlebetweenboy`sfeet,353,0,0,5,True,False,True,0.0,0.0
full_coverage_complete,bottlebetweenboy`sfeet,354,0,0,1,True,False,True,0.0,0.0
full_coverage_complete,bottlebetweenboy`sfeet,355,0,0,5,True,False,True,0.0,0.0
full_coverage_complete,bottlebetweenboy`sfeet,468,0,1,0,False,False,True,0.0,0.0
full_coverage_complete,bottlebetweenboy`sfeet,469,0,0,5,True,False,True,0.0,0.0
full_coverage_complete,bottlebetweenboy`sfeet,492,0,0,6,True,False,True,0.0,0.0
full_coverage_complete,bottlebetweenboy`sfeet,495,0,0,5,True,False,True,0.0,0.0
full_coverage_complete,boy2basketballground,13,0,0,1,True,False,True,0.8269296479379674,0.8269296479379674
full_coverage_complete,boy2basketballground,15,0,0,4,True,False,True,0.7961387166873806,0.7961387166873806
full_coverage_complete,boy2basketballground,28,0,0,1,True,False,True,0.8185321509599827,0.8185321509599827
full_coverage_complete,boy2basketballground,42,0,0,2,True,False,True,0.7510768577242604,0.7510768577242604
full_coverage_complete,boy2basketballground,45,4,0,4,True,False,True,0.6746991715291183,0.7429272294214543
full_coverage_complete,boy2basketballground,46,4,1,4,True,False,True,0.7571267092246299,0.7384581049242299
full_coverage_complete,boy2basketballground,47,4,0,4,True,False,True,0.7560313351723585,0.7964519980220988
full_coverage_complete,boy2basketballground,49,0,0,0,False,False,True,0.6882097512070956,0.034003560205425026
full_coverage_complete,boy2basketballground,107,1,3,1,True,False,True,0.8749737323465538,0.0
full_coverage_complete,boy2basketballground,108,0,0,1,True,False,True,0.0,0.0
full_coverage_complete,boy2basketballground,110,4,0,4,True,False,True,0.0,0.7862776167208169
full_coverage_complete,boy2basketballground,114,0,0,4,True,False,True,0.9341587581438159,0.9341587581438159
full_coverage_complete,boy2basketballground,115,0,0,4,True,False,True,0.919074535521844,0.919074535521844
full_coverage_complete,boy2basketballground,117,1,1,1,True,False,True,0.8226044854507885,0.0
full_coverage_complete,boy2basketballground,118,0,0,1,True,False,True,0.0,0.0
full_coverage_complete,boy2basketballground,119,4,0,4,True,False,True,0.0,0.8732994312233361
full_coverage_complete,boy2basketballground,121,0,0,4,True,False,True,0.8928361234201357,0.8928361234201357
full_coverage_complete,boy2basketballground,125,4,0,4,True,False,True,0.0,0.7956550637080168
full_coverage_complete,boy2basketballground,127,0,0,4,True,False,True,0.041959004924960464,0.041959004924960464
full_coverage_complete,boy2basketballground,128,0,0,1,True,False,True,0.06593194210381767,0.06593194210381767
full_coverage_complete,boy2basketballground,129,4,0,4,True,False,True,0.08869220252157146,0.8079420635647308
full_coverage_complete,boy2basketballground,130,0,0,5,True,False,True,0.744912659334858,0.744912659334858
full_coverage_complete,boy2basketballground,131,0,0,5,True,False,True,0.77754584092005,0.77754584092005
full_coverage_complete,boy2basketballground,132,0,0,5,True,False,True,0.6846193540276188,0.6846193540276188
full_coverage_complete,boy2basketballground,133,0,0,4,True,False,True,0.23949299026898774,0.23949299026898774
full_coverage_complete,boy2basketballground,134,0,0,4,True,False,True,0.13780202858268714,0.13780202858268714
full_coverage_complete,boy2basketballground,137,0,0,4,True,False,True,0.11749893277781137,0.11749893277781137
full_coverage_complete,boy2basketballground,138,0,0,4,True,False,True,0.12335919683131469,0.12335919683131469
full_coverage_complete,boy2basketballground,139,0,0,4,True,False,True,0.1459785439032077,0.1459785439032077
full_coverage_complete,boy2basketballground,140,5,0,5,True,False,True,0.15052813677702157,0.09656019306224448
full_coverage_complete,boy2basketballground,141,0,0,4,True,False,True,0.11300116126373491,0.11300116126373491
full_coverage_complete,boy2basketballground,142,0,0,4,True,False,True,0.11737219623254791,0.11737219623254791
full_coverage_complete,boy2basketballground,146,0,0,4,True,False,True,0.21869708192379794,0.21869708192379794
full_coverage_complete,boy2basketballground,152,0,0,1,True,False,True,0.5579246163713028,0.5579246163713028
full_coverage_complete,boy2basketballground,153,0,0,5,True,False,True,0.7206142516370363,0.7206142516370363
full_coverage_complete,boy2basketballground,154,0,0,5,True,False,True,0.5796667609986133,0.5796667609986133
full_coverage_complete,boy2basketballground,155,5,0,5,True,False,True,0.6981412991202409,0.2738039144823058
full_coverage_complete,boy2basketballground,158,0,0,5,True,False,True,0.11883169437707954,0.11883169437707954
full_coverage_complete,boy2basketballground,159,0,0,5,True,False,True,0.0,0.0
full_coverage_complete,boy2basketballground,160,0,0,4,True,False,True,0.006831054273385961,0.006831054273385961
full_coverage_complete,boy2basketballground,161,0,0,5,True,False,True,0.02536323687500808,0.02536323687500808
full_coverage_complete,boy2basketballground,163,0,0,4,True,False,True,0.0,0.0
full_coverage_complete,boy2basketballground,164,0,0,5,True,False,True,0.0,0.0
full_coverage_complete,boy2basketballground,165,0,1,5,True,False,True,0.855862366279004,0.855862366279004
full_coverage_complete,boy2basketballground,166,0,0,5,True,False,True,0.7221894380458398,0.7221894380458398
full_coverage_complete,boy2basketballground,167,5,0,5,True,False,True,0.7243097834513336,0.7566096722268643
full_coverage_complete,boy2basketballground,168,0,0,5,True,False,True,0.7120845486776144,0.7120845486776144
full_coverage_complete,boy2basketballground,169,0,0,1,True,False,True,0.8432844635007327,0.8432844635007327
full_coverage_complete,boy2basketballground,170,0,0,1,True,False,True,0.9144545908989171,0.9144545908989171
full_coverage_complete,boy2basketballground,171,0,0,1,True,False,True,0.884492512449578,0.884492512449578
full_coverage_complete,boy2basketballground,172,0,0,4,True,False,True,0.8645430153130614,0.8645430153130614
full_coverage_complete,boy2basketballground,175,4,1,4,True,False,True,0.7363138574139678,0.7889632713564192
full_coverage_complete,boy2basketballground,178,4,0,4,True,False,True,0.859718089112877,0.8195675221959878
full_coverage_complete,boy2basketballground,179,0,0,4,True,False,True,0.8303529110788741,0.8303529110788741
full_coverage_complete,boy2basketballground,180,0,0,1,True,False,True,0.8675057512291987,0.8675057512291987
full_coverage_complete,boy2basketballground,181,4,0,4,True,False,True,0.8202553522606929,0.738511209190375
full_coverage_complete,boy2basketballground,182,5,3,5,True,False,True,0.6206650160671946,0.0
full_coverage_complete,boy2basketballground,183,5,3,5,True,False,True,0.0,0.0
full_coverage_complete,boy2basketballground,184,0,0,5,True,False,True,0.0,0.0
full_coverage_complete,boy2basketballground,185,0,0,5,True,False,True,0.0,0.0
full_coverage_complete,boy2basketballground,186,0,0,5,True,False,True,0.0,0.0
full_coverage_complete,boy2basketballground,187,0,0,5,True,False,True,0.0,0.0
full_coverage_complete,boy2basketballground,188,0,0,5,True,False,True,0.0,0.0
full_coverage_complete,boy2basketballground,189,4,3,4,True,False,True,0.0,0.0
full_coverage_complete,boy2basketballground,190,5,1,5,True,False,True,0.0,0.7376107487353124
full_coverage_complete,boy2basketballground,191,0,1,6,True,False,True,0.8557192365133197,0.0
full_coverage_complete,boy2basketballground,192,0,0,5,True,False,True,0.0,0.0
full_coverage_complete,boy2basketballground,193,0,0,5,True,False,True,0.0,0.0
full_coverage_complete,boy2basketballground,194,0,1,5,True,False,True,0.0,0.0
full_coverage_complete,boy2basketballground,195,0,0,4,True,False,True,0.0,0.0
full_coverage_complete,boy2basketballground,196,0,0,4,True,False,True,0.0,0.0
full_coverage_complete,boy2basketballground,197,0,0,4,True,False,True,0.0,0.0
full_coverage_complete,boy2basketballground,198,0,0,4,True,False,True,0.0,0.0
full_coverage_complete,boy2basketballground,199,0,0,4,True,False,True,0.0,0.0
full_coverage_complete,boy2basketballground,200,0,0,4,True,False,True,0.0,0.0
full_coverage_complete,boy2basketballground,201,0,0,4,True,False,True,0.0,0.0
full_coverage_complete,boy2basketballground,202,0,1,4,True,False,True,0.0,0.0
full_coverage_complete,boy2basketballground,203,0,0,1,True,False,True,0.0,0.0
full_coverage_complete,boy2basketballground,205,0,0,4,True,False,True,0.0,0.0
full_coverage_complete,boy2buildings,828,0,0,1,True,False,True,0.5425772746950274,0.5425772746950274
full_coverage_complete,boy2buildings,829,0,0,1,True,False,True,0.556880969465934,0.556880969465934
full_coverage_complete,boy2buildings,1111,0,0,5,True,False,True,0.8349069174486666,0.8349069174486666
full_coverage_complete,boy2buildings,1125,0,0,4,True,False,True,0.7897583807769536,0.7897583807769536
full_coverage_complete,boy2buildings,1137,1,0,1,True,False,True,0.6161162546119338,0.6874824344948227
full_coverage_complete,boy2buildings,1138,0,0,1,True,False,True,0.6304477875102277,0.6304477875102277
full_coverage_complete,boy2buildings,1142,0,0,1,True,False,True,0.6970487661659945,0.6970487661659945
full_coverage_complete,boy2buildings,1144,0,0,1,True,False,True,0.5974570300969331,0.5974570300969331
full_coverage_complete,boy2buildings,1353,0,0,1,True,False,True,0.0,0.0
full_coverage_complete,boy2buildings,1354,0,0,4,True,False,True,0.0,0.0
full_coverage_complete,boy2buildings,1355,0,0,4,True,False,True,0.0,0.0
full_coverage_complete,boy2buildings,1356,0,0,1,True,False,True,0.0,0.0
full_coverage_complete,boy2buildings,1395,0,0,4,True,False,True,0.6479420697054921,0.6479420697054921
full_coverage_complete,boy2buildings,1403,0,0,1,True,False,True,0.6901279414707536,0.6901279414707536
full_coverage_complete,boy2buildings,1404,0,0,1,True,False,True,0.6374591768535848,0.6374591768535848
full_coverage_complete,boy2buildings,1436,0,0,1,True,False,True,0.6305583050927737,0.6305583050927737
full_coverage_complete,boy2buildings,1448,0,0,4,True,False,True,0.7144099363956672,0.7144099363956672
full_coverage_complete,boy2buildings,1457,0,0,4,True,False,True,0.674394550138821,0.674394550138821
full_coverage_complete,boy2buildings,1461,0,0,4,True,False,True,0.6743315997246245,0.6743315997246245
full_coverage_complete,boy2buildings,1462,0,0,4,True,False,True,0.7683295416570128,0.7683295416570128
full_coverage_complete,boy2buildings,1464,4,0,4,True,False,True,0.7074880172557726,0.7936162634874147
full_coverage_complete,boy2buildings,1465,4,0,4,True,False,True,0.6995465021674616,0.8186520976840326
full_coverage_complete,boy2buildings,1469,4,0,4,True,False,True,0.712775071948819,0.7156518092365933
full_coverage_complete,boy2buildings,1470,0,0,4,True,False,True,0.44809077389322405,0.44809077389322405
full_coverage_complete,boy2buildings,1474,0,0,4,True,False,True,0.41966014404823193,0.41966014404823193
full_coverage_complete,boy2buildings,1522,0,0,1,True,False,True,0.7226258880662535,0.7226258880662535
full_coverage_complete,boy2buildings,1524,0,0,1,True,False,True,0.7624432881206503,0.7624432881206503
full_coverage_complete,boy2buildings,1525,1,0,1,True,False,True,0.6267961410821474,0.556495751098177
full_coverage_complete,boy2buildings,1526,0,0,1,True,False,True,0.6174980405394058,0.6174980405394058
full_coverage_complete,boy2buildings,1527,4,0,4,True,False,True,0.42986775686008194,0.34061833222886523
full_coverage_complete,boy2buildings,1528,0,0,1,True,False,True,0.4204379835735676,0.4204379835735676
full_coverage_complete,boy2buildings,1529,0,0,4,True,False,True,0.5157394820865278,0.5157394820865278
full_coverage_complete,boy2buildings,1530,5,0,5,True,False,True,0.4194874139725352,0.30079512496848493
full_coverage_complete,boy2buildings,1531,0,0,5,True,False,True,0.5361424162302203,0.5361424162302203
full_coverage_complete,boy2buildings,1532,0,0,4,True,False,True,0.37999555103427907,0.37999555103427907
full_coverage_complete,boy2buildings,1533,0,0,4,True,False,True,0.5654125012693016,0.5654125012693016
full_coverage_complete,boy2buildings,1534,0,0,4,True,False,True,0.6684232999496007,0.0
full_coverage_complete,boy2buildings,1535,0,0,5,True,False,True,0.0,0.0
full_coverage_complete,boy2buildings,1536,0,1,5,True,False,True,0.0,0.0
full_coverage_complete,boy2buildings,1537,0,0,5,True,False,True,0.0,0.0
full_coverage_complete,boy2buildings,1538,5,0,5,True,False,True,0.0,0.0
full_coverage_complete,boy2buildings,1539,4,0,4,True,False,True,0.0,0.0
full_coverage_complete,boy2buildings,1540,0,0,4,True,False,True,0.0,0.0
full_coverage_complete,boy2buildings,1541,4,0,4,True,False,True,0.0,0.0
full_coverage_complete,boy2buildings,1542,0,0,4,True,False,True,0.0,0.0
full_coverage_complete,boy2buildings,1543,0,0,4,True,False,True,0.0,0.0
full_coverage_complete,boy2buildings,1544,0,0,4,True,False,True,0.0,0.0
full_coverage_complete,boy2buildings,1545,0,0,4,True,False,True,0.0,0.0
full_coverage_complete,boy2buildings,1546,0,0,4,True,False,True,0.0,0.0
full_coverage_complete,boy2buildings,1547,4,0,4,True,False,True,0.0,0.0
full_coverage_complete,boy2buildings,1548,0,1,5,True,False,True,0.0,0.0
full_coverage_complete,boy2buildings,1549,0,0,4,True,False,True,0.0,0.0
full_coverage_complete,boy2buildings,1550,0,1,4,True,False,True,0.0,0.0
full_coverage_complete,boy2buildings,1551,0,0,5,True,False,True,0.0,0.0
full_coverage_complete,boy2buildings,1552,0,0,5,True,False,True,0.0,0.0
full_coverage_complete,boy2buildings,1553,0,0,5,True,False,True,0.0,0.0
full_coverage_complete,boy2buildings,1554,4,1,4,True,False,True,0.0,0.0
full_coverage_complete,boy2buildings,1556,0,0,5,True,False,True,0.0,0.0
full_coverage_complete,boy2buildings,1557,0,0,5,True,False,True,0.0,0.0
full_coverage_complete,boy2buildings,1558,5,0,5,True,False,True,0.0,0.0
full_coverage_complete,boy2buildings,1559,4,0,4,True,False,True,0.0,0.0
full_coverage_complete,boy2buildings,1560,0,0,4,True,False,True,0.0,0.0
full_coverage_complete,boy2buildings,1561,0,0,4,True,False,True,0.0,0.0
full_coverage_complete,boy2buildings,1562,0,0,4,True,False,True,0.0,0.0
full_coverage_complete,boy2buildings,1563,0,0,4,True,False,True,0.0,0.0
full_coverage_complete,boy2buildings,1564,0,0,4,True,False,True,0.0,0.0
full_coverage_complete,boy2buildings,1565,0,0,5,True,False,True,0.0,0.0
full_coverage_complete,boy2buildings,1566,0,0,4,True,False,True,0.0,0.0
full_coverage_complete,boy2buildings,1567,0,0,4,True,False,True,0.0,0.0
full_coverage_complete,boy2buildings,1568,5,0,5,True,False,True,0.0,0.0
full_coverage_complete,boy2buildings,1569,0,0,4,True,False,True,0.0,0.0
full_coverage_complete,boy2buildings,1570,5,0,5,True,False,True,0.0,0.0
full_coverage_complete,boy2buildings,1571,0,0,5,True,False,True,0.0,0.0
full_coverage_complete,boy2buildings,1572,0,0,5,True,False,True,0.0,0.0
full_coverage_complete,boy2buildings,1573,0,0,5,True,False,True,0.0,0.0
full_coverage_complete,boy2buildings,1574,0,0,5,True,False,True,0.0,0.0
full_coverage_complete,boy2buildings,1575,0,0,5,True,False,True,0.0,0.0
full_coverage_complete,boy2buildings,1576,0,0,2,True,False,True,0.0,0.0
full_coverage_complete,boy2buildings,1577,0,0,5,True,False,True,0.0,0.0
full_coverage_complete,boy2buildings,1578,4,4,4,True,False,True,0.0,0.0
full_coverage_complete,boy2buildings,1579,0,0,5,True,False,True,0.0,0.0
full_coverage_complete,boy2buildings,1580,4,0,4,True,False,True,0.0,0.0
full_coverage_complete,boy2buildings,1581,0,0,4,True,False,True,0.0,0.0
full_coverage_complete,boy2buildings,1582,0,0,5,True,False,True,0.0,0.0
full_coverage_complete,boy2buildings,1583,0,1,4,True,False,True,0.0,0.0
full_coverage_complete,boy2buildings,1584,0,0,1,True,False,True,0.0,0.0
full_coverage_complete,boy2buildings,1585,4,0,4,True,False,True,0.0,0.0
full_coverage_complete,boy2buildings,1586,0,0,5,True,False,True,0.0,0.0
full_coverage_complete,boy2buildings,1587,4,0,4,True,False,True,0.0,0.0
full_coverage_complete,boy2buildings,1588,0,0,5,True,False,True,0.0,0.0
full_coverage_complete,boy2buildings,1589,5,4,5,True,False,True,0.0,0.0
full_coverage_complete,boy2buildings,1590,0,0,5,True,False,True,0.0,0.0
full_coverage_complete,boy2buildings,1591,0,0,5,True,False,True,0.0,0.0
full_coverage_complete,boy2buildings,1592,0,0,4,True,False,True,0.0,0.0
full_coverage_complete,boy2buildings,1593,0,0,5,True,False,True,0.0,0.0
full_coverage_complete,boy2buildings,1594,5,2,5,True,False,True,0.0,0.0
full_coverage_complete,boy2buildings,1595,0,0,1,True,False,True,0.0,0.0
full_coverage_complete,boy2buildings,1596,4,0,4,True,False,True,0.0,0.0
full_coverage_complete,boy2buildings,1597,0,0,5,True,False,True,0.0,0.0
full_coverage_complete,boy2buildings,1598,0,0,5,True,False,True,0.0,0.0
full_coverage_complete,boy2buildings,1599,2,2,2,True,False,True,0.0,0.1596398228425256
full_coverage_complete,boy2buildings,1600,6,1,6,True,False,True,0.07160778481330518,0.06583211135617667
full_coverage_complete,boy2buildings,1601,0,0,4,True,False,True,0.14765149454574944,0.14765149454574944
full_coverage_complete,boy2buildings,1602,0,0,6,True,False,True,0.525436363027704,0.525436363027704
full_coverage_complete,boy2buildings,1603,1,2,1,True,False,True,0.5883000418395126,0.3692668557033279
full_coverage_complete,boy2buildings,1604,0,0,4,True,False,True,0.5429522071080118,0.5429522071080118
full_coverage_complete,boy2buildings,1605,0,0,4,True,False,True,0.5176488408872127,0.5176488408872127
full_coverage_complete,boy2buildings,1606,0,0,4,True,False,True,0.7595377923407071,0.7595377923407071
full_coverage_complete,boy2buildings,1612,1,0,1,True,False,True,0.7207248307518777,0.7618946089288592
full_coverage_complete,boy2buildings,1615,5,0,5,True,False,True,0.5419664026346352,0.5832566533889026
full_coverage_complete,boy2buildings,1619,0,0,4,True,False,True,0.6513541211174164,0.6513541211174164
full_coverage_complete,boy2buildings,1620,5,0,5,True,False,True,0.6740596553226172,0.6968010768146018
full_coverage_complete,boy2buildings,1623,0,0,4,True,False,True,0.6820129528802631,0.6820129528802631
full_coverage_complete,boy2buildings,1624,0,0,5,True,False,True,0.6786015818444392,0.6786015818444392
full_coverage_complete,boy2buildings,1625,5,1,5,True,False,True,0.6652135813637324,0.5844787236099453
full_coverage_complete,boy2buildings,1626,0,0,4,True,False,True,0.6708954664252288,0.6708954664252288
full_coverage_complete,boy2buildings,1639,1,0,1,True,False,True,0.7083267935872325,0.7950949275713162
full_coverage_complete,boy2buildings,1646,0,0,4,True,False,True,0.7620370482970414,0.7620370482970414
full_coverage_complete,boy2buildings,1651,0,0,2,True,False,True,0.8219611662875196,0.8219611662875196
full_coverage_complete,boy2buildings,1652,4,0,4,True,False,True,0.7278104096353601,0.7817721659052747
full_coverage_complete,boy2buildings,1657,0,0,4,True,False,True,0.8025319539274793,0.8025319539274793
full_coverage_complete,boy2buildings,1659,0,0,4,True,False,True,0.8622003921458837,0.8622003921458837
full_coverage_complete,boy2buildings,1660,0,0,4,True,False,True,0.7390182173057017,0.7390182173057017
full_coverage_complete,boy2buildings,1661,0,0,4,True,False,True,0.7547096705236133,0.7547096705236133
full_coverage_complete,boy2buildings,1662,5,0,5,True,False,True,0.7822792353045859,0.6803347737404203
full_coverage_complete,boy2buildings,1663,0,0,4,True,False,True,0.7205016110444074,0.7205016110444074
full_coverage_complete,boy2buildings,1664,4,0,4,True,False,True,0.7480890586495199,0.6811764238771629
full_coverage_complete,boy2buildings,1665,0,0,2,True,False,True,0.7977446775503576,0.7977446775503576
full_coverage_complete,boy2buildings,1666,0,0,4,True,False,True,0.6741833837011857,0.6741833837011857
full_coverage_complete,boy2buildings,1667,5,0,5,True,False,True,0.6880471407339558,0.6559190910434531
full_coverage_complete,boy2buildings,1668,4,0,4,True,False,True,0.7240723455349725,0.5298305981599414
full_coverage_complete,boy2buildings,1669,5,0,5,True,False,True,0.44997836155681425,0.4672045339765976
full_coverage_complete,boy2buildings,1670,5,0,5,True,False,True,0.5504255434781197,0.25633354318504564
full_coverage_complete,boy2buildings,1671,0,0,5,True,False,True,0.621920969785643,0.621920969785643
full_coverage_complete,boy2buildings,1672,5,0,5,True,False,True,0.49808962479619256,0.36995398776444544
full_coverage_complete,boy2buildings,1673,5,0,5,True,False,True,0.7142425419612761,0.4845364795962173
full_coverage_complete,boy2buildings,1674,5,0,5,True,False,True,0.587454865274823,0.5965960741920336
full_coverage_complete,boy2buildings,1675,5,1,5,True,False,True,0.45842334415493463,0.39281433048752973
full_coverage_complete,boy2buildings,1676,0,0,5,True,False,True,0.3385304332096488,0.3385304332096488
full_coverage_complete,boy2buildings,1677,0,0,2,True,False,True,0.35355901173506615,0.35355901173506615
full_coverage_complete,boy2buildings,1678,5,0,5,True,False,True,0.3470619117224428,0.29034306882439037
full_coverage_complete,boy2buildings,1679,0,0,4,True,False,True,0.34523946353064017,0.34523946353064017
full_coverage_complete,boy2buildings,1680,0,0,5,True,False,True,0.45457142712906645,0.45457142712906645
full_coverage_complete,boy2buildings,1681,0,0,5,True,False,True,0.45270463376829106,0.45270463376829106
full_coverage_complete,boy2buildings,1682,0,0,5,True,False,True,0.3473244064819217,0.3473244064819217
full_coverage_complete,boy2buildings,1683,5,0,5,True,False,True,0.34315576808743464,0.24198892460889604
full_coverage_complete,boy2buildings,1684,5,1,5,True,False,True,0.3202386339026087,0.314235243656042
full_coverage_complete,boy2buildings,1685,0,0,5,True,False,True,0.3326818612375711,0.3326818612375711
full_coverage_complete,boy2buildings,1686,5,0,5,True,False,True,0.31536642616375454,0.33638121970062557
full_coverage_complete,boy2buildings,1687,5,0,5,True,False,True,0.2761298675859969,0.3458694028754669
full_coverage_complete,boy2buildings,1688,5,4,5,True,False,True,0.5005219691667644,0.0
full_coverage_complete,boy2buildings,1689,5,4,5,True,False,True,0.0,0.0
full_coverage_complete,boy2buildings,1690,5,0,5,True,False,True,0.0,0.0
full_coverage_complete,boy2buildings,1691,5,2,5,True,False,True,0.0,0.0
full_coverage_complete,boy2buildings,1692,1,1,1,True,False,True,0.0,0.0
full_coverage_complete,boy2buildings,1693,5,0,5,True,False,True,0.0,0.0
full_coverage_complete,boy2buildings,1694,0,0,5,True,False,True,0.0,0.0
full_coverage_complete,boy2buildings,1695,0,0,5,True,False,True,0.0,0.0
full_coverage_complete,boy2buildings,1696,0,0,4,True,False,True,0.0,0.0
full_coverage_complete,boy2buildings,1697,0,0,4,True,False,True,0.0,0.0
full_coverage_complete,boy2buildings,1698,0,0,5,True,False,True,0.0,0.0
full_coverage_complete,boy2buildings,1699,0,0,4,True,False,True,0.0,0.0
full_coverage_complete,boy2buildings,1700,0,0,5,True,False,True,0.0,0.0
full_coverage_complete,boy2buildings,1701,0,0,4,True,False,True,0.0,0.0
full_coverage_complete,boy2buildings,1702,4,0,4,True,False,True,0.0,0.0
full_coverage_complete,boy2buildings,1703,0,0,5,True,False,True,0.0,0.0
full_coverage_complete,boy2buildings,1704,4,0,4,True,False,True,0.0,0.0
full_coverage_complete,boy2buildings,1705,5,0,5,True,False,True,0.0,0.0
full_coverage_complete,boy2buildings,1706,0,0,5,True,False,True,0.0,0.0
full_coverage_complete,boy2buildings,1707,5,0,5,True,False,True,0.0,0.0
full_coverage_complete,boy2buildings,1708,0,0,1,True,False,True,0.0,0.0
full_coverage_complete,boy2buildings,1709,0,0,4,True,False,True,0.0,0.0
full_coverage_complete,boy2buildings,1710,0,0,4,True,False,True,0.0,0.0
full_coverage_complete,boy2buildings,1711,4,0,4,True,False,True,0.0,0.0
full_coverage_complete,boy2buildings,1712,0,0,5,True,False,True,0.0,0.0
full_coverage_complete,boy2buildings,1713,0,0,4,True,False,True,0.0,0.0
full_coverage_complete,boy2buildings,1714,4,0,4,True,False,True,0.0,0.0
full_coverage_complete,boy2buildings,1715,0,0,4,True,False,True,0.0,0.0
full_coverage_complete,boy2buildings,1716,0,0,5,True,False,True,0.0,0.0
full_coverage_complete,boy2buildings,1717,0,2,4,True,False,True,0.0,0.2253956154436819
full_coverage_complete,boy2buildings,1718,0,0,6,True,False,True,0.27715301819701976,0.27715301819701976
full_coverage_complete,boy2buildings,1719,4,0,4,True,False,True,0.2877167962245413,0.36352390345687763
full_coverage_complete,boy2buildings,1777,0,0,4,True,False,True,0.29975803512115023,0.29975803512115023
full_coverage_complete,boy2buildings,1778,0,0,4,True,False,True,0.2562515970127717,0.2562515970127717
full_coverage_complete,boy2buildings,1779,0,0,4,True,False,True,0.29940490752816257,0.29940490752816257
full_coverage_complete,boy2buildings,1780,0,0,4,True,False,True,0.27815804634494695,0.27815804634494695
full_coverage_complete,boy2buildings,1782,0,0,4,True,False,True,0.2506383580065983,0.2506383580065983
full_coverage_complete,boy2buildings,1783,0,0,4,True,False,True,0.2045626036723237,0.2045626036723237
full_coverage_complete,boy2buildings,1784,4,0,4,True,False,True,0.2186963278479937,0.0
full_coverage_complete,boy2buildings,1785,0,0,5,True,False,True,0.0,0.0
full_coverage_complete,boy2buildings,1786,0,0,4,True,False,True,0.21218802417087373,0.21218802417087373
full_coverage_complete,boy2buildings,1787,0,0,1,True,False,True,0.2622064518778228,0.2622064518778228
full_coverage_complete,boy2trees,186,0,0,2,True,False,True,0.7129802300990049,0.7129802300990049
full_coverage_complete,boy2trees,190,0,0,2,True,False,True,0.7335519050140693,0.7335519050140693
full_coverage_complete,boy2trees,195,0,0,1,True,False,True,0.7305037963193561,0.7305037963193561
full_coverage_complete,boy2trees,196,0,0,1,True,False,True,0.6249710499903985,0.6249710499903985
full_coverage_complete,boy2trees,197,0,0,2,True,False,True,0.5470874532443577,0.5470874532443577
full_coverage_complete,boy2trees,199,0,0,1,True,False,True,0.6096772835334452,0.6096772835334452
full_coverage_complete,boy2trees,202,0,0,1,True,False,True,0.1850067477342917,0.1850067477342917
full_coverage_complete,boy2treesfindbike,474,0,0,1,True,False,True,0.6992455156065229,0.6992455156065229
full_coverage_complete,boy2treesfindbike,518,0,0,4,True,False,True,0.44757973845004034,0.44757973845004034
full_coverage_complete,boy2treesfindbike,519,0,0,4,True,False,True,0.4594861547151653,0.4594861547151653
full_coverage_complete,boy2treesfindbike,520,0,0,4,True,False,True,0.2531520702709851,0.2531520702709851
full_coverage_complete,boy2treesfindbike,533,0,0,1,True,False,True,0.5590037891980743,0.5590037891980743
full_coverage_complete,boy2treesfindbike,590,0,0,1,True,False,True,0.08958858171599528,0.08958858171599528
full_coverage_complete,boy2treesfindbike,598,0,0,1,True,False,True,0.5423166595784096,0.5423166595784096
full_coverage_complete,boy2treesfindbike,600,4,2,4,True,False,True,0.5916246531956174,0.5753861858445128
full_coverage_complete,boy2treesfindbike,601,0,0,4,True,False,True,0.3108897181162987,0.3108897181162987
full_coverage_complete,boy2treesfindbike,602,0,0,1,True,False,True,0.6001293657209422,0.6001293657209422
full_coverage_complete,boy2treesfindbike,603,0,1,1,True,False,True,0.13996624479618253,0.0
full_coverage_complete,boy2treesfindbike,604,0,1,6,True,False,True,0.0,0.3977753271959681
full_coverage_complete,boy2treesfindbike,605,5,0,5,True,False,True,0.3896662901652072,0.3843866587055602
full_coverage_complete,boy2treesfindbike,606,0,0,1,True,False,True,0.4879969137091694,0.4879969137091694
full_coverage_complete,boy2treesfindbike,607,0,0,4,True,False,True,0.3651986639801614,0.3651986639801614
full_coverage_complete,boy2treesfindbike,608,0,0,1,True,False,True,0.0,0.0
full_coverage_complete,boy2treesfindbike,609,0,1,1,True,False,True,0.0,0.2756279528877697
full_coverage_complete,boy2treesfindbike,612,0,0,1,True,False,True,0.009789471333288589,0.009789471333288589
full_coverage_complete,boy2treesfindbike,613,0,0,5,True,False,True,0.17799287235996425,0.17799287235996425
full_coverage_complete,boy2treesfindbike,614,0,0,5,True,False,True,0.2218371057982585,0.2218371057982585
full_coverage_complete,boy2treesfindbike,615,0,0,5,True,False,True,0.0,0.0
full_coverage_complete,boy2treesfindbike,616,0,0,5,True,False,True,0.011379922878453932,0.011379922878453932
full_coverage_complete,boy2treesfindbike,617,0,0,5,True,False,True,0.025063692677888782,0.025063692677888782
full_coverage_complete,boy2treesfindbike,618,0,0,5,True,False,True,0.0,0.0
full_coverage_complete,boy2treesfindbike,619,0,0,5,True,False,True,0.11718438559439422,0.11718438559439422
full_coverage_complete,boy2treesfindbike,620,0,0,5,True,False,True,0.20651983625204293,0.20651983625204293
full_coverage_complete,boy2treesfindbike,621,0,0,5,True,False,True,0.2760414698341624,0.2760414698341624
full_coverage_complete,boy2treesfindbike,622,5,0,5,True,False,True,0.2555435569543271,0.0
full_coverage_complete,boy2treesfindbike,623,0,0,5,True,False,True,0.14901958515283623,0.14901958515283623
full_coverage_complete,boy2treesfindbike,624,0,0,1,True,False,True,0.24343952157346818,0.24343952157346818
full_coverage_complete,boy2treesfindbike,625,0,0,1,True,False,True,0.0,0.0
full_coverage_complete,boy2treesfindbike,626,0,0,1,True,False,True,0.1699111924863389,0.1699111924863389
full_coverage_complete,boy2treesfindbike,627,0,0,1,True,False,True,0.2163051985467413,0.2163051985467413
full_coverage_complete,boy2treesfindbike,629,0,0,1,True,False,True,0.26213925161045365,0.26213925161045365
full_coverage_complete,boy2treesfindbike,630,4,0,4,True,False,True,0.26104791727333704,0.0
full_coverage_complete,boy2treesfindbike,631,0,1,5,True,False,True,0.0,0.21997382340708266
full_coverage_complete,boy2treesfindbike,632,0,0,1,True,False,True,0.08288526131358626,0.08288526131358626
full_coverage_complete,boy2treesfindbike,633,0,0,4,True,False,True,0.17637166673039242,0.17637166673039242
full_coverage_complete,boy2treesfindbike,634,0,0,5,True,False,True,0.0,0.0
full_coverage_complete,boy2treesfindbike,635,5,2,5,True,False,True,0.3165239715608276,0.050366672977641566
full_coverage_complete,boy2treesfindbike,637,1,2,1,True,False,True,0.08877449601694105,0.0
full_coverage_complete,boy2treesfindbike,638,5,0,5,True,False,True,0.0,0.0
full_coverage_complete,boy2treesfindbike,639,5,0,5,True,False,True,0.0,0.0
full_coverage_complete,boy2treesfindbike,640,0,0,5,True,False,True,0.0,0.0
full_coverage_complete,boy2treesfindbike,641,0,0,1,True,False,True,0.0,0.0
full_coverage_complete,boy2treesfindbike,642,0,0,1,True,False,True,0.0,0.0
full_coverage_complete,boy2treesfindbike,643,0,0,1,True,False,True,0.0,0.0
full_coverage_complete,boy2treesfindbike,644,0,0,5,True,False,True,0.0,0.0
full_coverage_complete,boy2treesfindbike,646,0,1,1,True,False,True,0.0,0.0
full_coverage_complete,boy2treesfindbike,648,0,1,1,True,False,True,0.0,0.49406767727381556
full_coverage_complete,boy2treesfindbike,649,0,0,1,True,False,True,0.5146195130941178,0.5146195130941178
full_coverage_complete,boy2treesfindbike,650,0,1,4,True,False,True,0.44360214741520176,0.0
full_coverage_complete,boy2treesfindbike,652,0,0,5,True,False,True,0.0,0.0
full_coverage_complete,boy2treesfindbike,653,5,2,5,True,False,True,0.0,0.0
full_coverage_complete,boy2treesfindbike,654,0,0,5,True,False,True,0.0,0.0
full_coverage_complete,boy2treesfindbike,655,0,0,4,True,False,True,0.0,0.0
full_coverage_complete,boy2treesfindbike,656,0,0,5,True,False,True,0.0,0.0
full_coverage_complete,boy2treesfindbike,657,0,0,5,True,False,True,0.0,0.0
full_coverage_complete,boy2treesfindbike,658,0,0,5,True,False,True,0.0,0.0
full_coverage_complete,boy2treesfindbike,659,0,0,5,True,False,True,0.0,0.0
full_coverage_complete,boy2treesfindbike,660,0,0,5,True,False,True,0.0,0.0
full_coverage_complete,boy2treesfindbike,661,0,0,5,True,False,True,0.0,0.0
full_coverage_complete,boy2treesfindbike,662,0,0,5,True,False,True,0.0,0.0
full_coverage_complete,boy2treesfindbike,663,0,0,5,True,False,True,0.0,0.0
full_coverage_complete,boy2treesfindbike,664,0,0,5,True,False,True,0.0,0.0
full_coverage_complete,boy2treesfindbike,666,0,0,5,True,False,True,0.0,0.0
full_coverage_complete,boy2treesfindbike,667,0,1,0,False,False,True,0.0,0.1376669886171317
full_coverage_complete,boy2treesfindbike,668,4,0,4,True,False,True,0.1737509020234451,0.1438453360767936
full_coverage_complete,boy2treesfindbike,669,1,0,1,True,False,True,0.0,0.0
full_coverage_complete,boy2treesfindbike,682,0,0,1,True,False,True,0.0,0.0
full_coverage_complete,boy2treesfindbike,683,0,0,4,True,False,True,0.0,0.0
full_coverage_complete,boy2treesfindbike,684,0,0,4,True,False,True,0.0,0.0
full_coverage_complete,boy2treesfindbike,686,0,0,1,True,False,True,0.0,0.0
full_coverage_complete,boy2treesfindbike,687,0,0,1,True,False,True,0.0,0.0
full_coverage_complete,boy2treesfindbike,688,0,0,4,True,False,True,0.0,0.0
full_coverage_complete,boy2treesfindbike,690,4,0,4,True,False,True,0.0,0.0
full_coverage_complete,boy2treesfindbike,691,5,2,5,True,False,True,0.0,0.0
full_coverage_complete,boy2treesfindbike,692,5,0,5,True,False,True,0.0,0.0
full_coverage_complete,boy2treesfindbike,693,5,0,5,True,False,True,0.0,0.0
full_coverage_complete,boy2treesfindbike,694,5,1,5,True,False,True,0.0,0.0
full_coverage_complete,boy2treesfindbike,695,0,0,5,True,False,True,0.0,0.0
full_coverage_complete,boy2treesfindbike,696,0,0,5,True,False,True,0.0,0.0
full_coverage_complete,boy2treesfindbike,697,0,0,6,True,False,True,0.0,0.0
full_coverage_complete,boy2treesfindbike,698,0,0,5,True,False,True,0.0,0.0
full_coverage_complete,boy2treesfindbike,699,0,0,5,True,False,True,0.0,0.0
full_coverage_complete,boy2treesfindbike,700,5,0,5,True,False,True,0.0,0.0
full_coverage_complete,boy2treesfindbike,701,5,0,5,True,False,True,0.0,0.0
full_coverage_complete,boy2treesfindbike,702,5,0,5,True,False,True,0.0,0.0
full_coverage_complete,boy2treesfindbike,703,5,0,5,True,False,True,0.0,0.0
full_coverage_complete,boy2treesfindbike,704,0,0,5,True,False,True,0.0,0.0
full_coverage_complete,boy2treesfindbike,705,5,0,5,True,False,True,0.0,0.0
full_coverage_complete,boy2treesfindbike,706,0,0,5,True,False,True,0.0,0.0
full_coverage_complete,boy2treesfindbike,707,0,1,1,True,False,True,0.0,0.0
full_coverage_complete,boy2treesfindbike,709,0,0,4,True,False,True,0.5706045700137113,0.5706045700137113
full_coverage_complete,boy2treesfindbike,710,0,0,4,True,False,True,0.5149950355882353,0.5149950355882353
full_coverage_complete,boy2treesfindbike,711,0,0,4,True,False,True,0.4916567612776969,0.4916567612776969
full_coverage_complete,boy2treesfindbike,714,0,0,1,True,False,True,0.3106966197730117,0.3106966197730117
full_coverage_complete,boy2treesfindbike,718,0,0,1,True,False,True,0.6004661077294914,0.6004661077294914
full_coverage_complete,boy2treesfindbike,719,0,0,1,True,False,True,0.4820479437812064,0.4820479437812064
full_coverage_complete,boy2treesfindbike,720,0,0,4,True,False,True,0.44100406961140737,0.44100406961140737
full_coverage_complete,boy2treesfindbike,721,0,0,5,True,False,True,0.4686684111384301,0.4686684111384301
full_coverage_complete,boy2treesfindbike,723,0,0,4,True,False,True,0.32862760475771036,0.32862760475771036
full_coverage_complete,boy2treesfindbike,724,0,0,5,True,False,True,0.3595878520909635,0.3595878520909635
full_coverage_complete,boy2treesfindbike,725,0,0,4,True,False,True,0.3817042895233049,0.3817042895233049
full_coverage_complete,boy2treesfindbike,726,0,0,1,True,False,True,0.46738009808894926,0.46738009808894926
full_coverage_complete,boy2treesfindbike,727,0,0,1,True,False,True,0.06116722989574195,0.06116722989574195
full_coverage_complete,boy2treesfindbike,728,0,0,5,True,False,True,0.0,0.0
full_coverage_complete,boy2treesfindbike,833,0,0,1,True,False,True,0.5276966966147598,0.5276966966147598
full_coverage_complete,boy2treesfindbike,834,5,1,5,True,False,True,0.18205414548964638,0.005073391462089514
full_coverage_complete,boy2treesfindbike,835,0,0,5,True,False,True,0.023636644252290905,0.023636644252290905
full_coverage_complete,boy2treesfindbike,836,0,0,5,True,False,True,0.09780207835990302,0.09780207835990302
full_coverage_complete,boy2treesfindbike,837,0,0,5,True,False,True,0.0,0.0
full_coverage_complete,boy2treesfindbike,838,6,0,6,True,False,True,0.0,0.0
full_coverage_complete,boy2treesfindbike,839,0,0,5,True,False,True,0.0,0.0
full_coverage_complete,boy2treesfindbike,841,0,0,5,True,False,True,0.4527122441235783,0.4527122441235783
full_coverage_complete,boy2treesfindbike,844,0,0,4,True,False,True,0.5062421041978592,0.5062421041978592
full_coverage_complete,boy2treesfindbike,845,0,0,1,True,False,True,0.5421605567769847,0.5421605567769847
full_coverage_complete,boy2treesfindbike,936,0,0,1,True,False,True,0.47160503233578577,0.47160503233578577
full_coverage_complete,boy2treesfindbike,962,0,0,1,True,False,True,0.2156234000454121,0.2156234000454121
full_coverage_complete,boy2treesfindbike,972,0,0,5,True,False,True,0.4222123522112892,0.4222123522112892
full_coverage_complete,boy2treesfindbike,975,0,0,5,True,False,True,0.47510457916423715,0.47510457916423715
full_coverage_complete,boy2treesfindbike,976,0,0,5,True,False,True,0.46789713009030726,0.46789713009030726
full_coverage_complete,boy2treesfindbike,978,0,0,5,True,False,True,0.3447543378410299,0.3447543378410299
full_coverage_complete,boy2treesfindbike,979,0,0,5,True,False,True,0.3287202210145456,0.3287202210145456
full_coverage_complete,boy2treesfindbike,980,0,0,5,True,False,True,0.2991731213563129,0.2991731213563129
full_coverage_complete,boy2treesfindbike,981,0,0,5,True,False,True,0.0,0.0
full_coverage_complete,boy2treesfindbike,982,0,0,5,True,False,True,0.2943220543379856,0.2943220543379856
full_coverage_complete,boy2treesfindbike,983,0,0,5,True,False,True,0.0,0.0
full_coverage_complete,boy2treesfindbike,984,5,0,5,True,False,True,0.2936977961560692,0.26751947350147004
full_coverage_complete,boy2treesfindbike,985,0,0,1,True,False,True,0.0,0.0
full_coverage_complete,boy2treesfindbike,986,5,3,5,True,False,True,0.03057864784812988,0.12503459743368148
full_coverage_complete,boy2treesfindbike,988,0,0,4,True,False,True,0.0,0.0
full_coverage_complete,boy2treesfindbike,989,0,0,5,True,False,True,0.0,0.0
full_coverage_complete,boy2treesfindbike,990,0,0,5,True,False,True,0.0,0.0
full_coverage_complete,boy2treesfindbike,991,0,0,1,True,False,True,0.0,0.0
full_coverage_complete,boy2treesfindbike,993,5,1,5,True,False,True,0.0,0.0
full_coverage_complete,boy2treesfindbike,994,0,0,1,True,False,True,0.0,0.0
full_coverage_complete,boy2treesfindbike,995,0,0,5,True,False,True,0.0,0.0
full_coverage_complete,boy2treesfindbike,996,0,1,0,False,False,True,0.0,0.0
full_coverage_complete,boy2treesfindbike,997,0,0,5,True,False,True,0.0,0.0
full_coverage_complete,boy2treesfindbike,998,0,0,1,True,False,True,0.0,0.0
full_coverage_complete,boy2treesfindbike,999,5,0,5,True,False,True,0.0,0.0
full_coverage_complete,boy2treesfindbike,1000,0,0,5,True,False,True,0.0,0.0
full_coverage_complete,boy2treesfindbike,1001,0,0,5,True,False,True,0.0,0.0
full_coverage_complete,boy2treesfindbike,1002,0,0,5,True,False,True,0.0,0.0
full_coverage_complete,boy2treesfindbike,1003,0,0,5,True,False,True,0.0,0.0
full_coverage_complete,boy2treesfindbike,1006,0,0,5,True,False,True,0.0,0.0
full_coverage_complete,boy2treesfindbike,1007,4,0,4,True,False,True,0.0,0.0
full_coverage_complete,boy2treesfindbike,1008,0,1,5,True,False,True,0.0,0.0
full_coverage_complete,boy2treesfindbike,1009,0,0,5,True,False,True,0.0,0.0
full_coverage_complete,boy2treesfindbike,1010,0,0,4,True,False,True,0.0,0.0
full_coverage_complete,boy2treesfindbike,1011,0,0,5,True,False,True,0.0,0.0
full_coverage_complete,boy2treesfindbike,1012,0,0,5,True,False,True,0.0,0.0
full_coverage_complete,boy2treesfindbike,1013,0,0,5,True,False,True,0.0,0.0
full_coverage_complete,boy2treesfindbike,1014,0,1,1,True,False,True,0.0,0.0
full_coverage_complete,boy2treesfindbike,1015,5,0,5,True,False,True,0.0,0.0
full_coverage_complete,boy2treesfindbike,1016,0,0,5,True,False,True,0.0,0.0
full_coverage_complete,boy2treesfindbike,1017,0,0,5,True,False,True,0.0,0.0
full_coverage_complete,boy2treesfindbike,1018,1,2,1,True,False,True,0.0,0.25265905222318835
full_coverage_complete,boy2treesfindbike,1019,0,0,1,True,False,True,0.5095813332403475,0.5095813332403475
full_coverage_complete,boy2treesfindbike,1020,0,0,1,True,False,True,0.5369925909354687,0.5369925909354687
full_coverage_complete,boy2treesfindbike,1021,0,0,4,True,False,True,0.36434711809538917,0.36434711809538917
full_coverage_complete,boy2treesfindbike,1022,0,0,1,True,False,True,0.2952253936133557,0.2952253936133557
full_coverage_complete,boy2treesfindbike,1023,0,0,1,True,False,True,0.3299898276257277,0.3299898276257277
full_coverage_complete,boy2treesfindbike,1024,0,0,5,True,False,True,0.2544514288847114,0.2544514288847114
full_coverage_complete,boy2treesfindbike,1026,0,1,5,True,False,True,0.21973989429011728,0.0
full_coverage_complete,boy2treesfindbike,1027,5,1,5,True,False,True,0.0,0.0
full_coverage_complete,boy2treesfindbike,1028,0,0,5,True,False,True,0.0,0.0
full_coverage_complete,boy2treesfindbike,1029,0,0,5,True,False,True,0.0,0.0
full_coverage_complete,boy2treesfindbike,1030,0,0,5,True,False,True,0.0,0.0
full_coverage_complete,boy2treesfindbike,1031,0,0,5,True,False,True,0.0,0.0
full_coverage_complete,boy2treesfindbike,1032,0,0,5,True,False,True,0.0,0.0
full_coverage_complete,boy2treesfindbike,1034,0,0,5,True,False,True,0.0,0.0
full_coverage_complete,boy2treesfindbike,1035,0,0,5,True,False,True,0.0,0.0
full_coverage_complete,boy2treesfindbike,1037,0,0,5,True,False,True,0.0,0.0
full_coverage_complete,boy2treesfindbike,1038,5,4,5,True,False,True,0.0,0.0
full_coverage_complete,boy2treesfindbike,1039,0,0,5,True,False,True,0.0,0.0
full_coverage_complete,boy2treesfindbike,1040,0,1,5,True,False,True,0.0,0.0
full_coverage_complete,boy2treesfindbike,1041,0,0,1,True,False,True,0.0,0.0
full_coverage_complete,boy2treesfindbike,1043,0,1,0,False,False,True,0.0,0.027730899686798316
full_coverage_complete,boy2treesfindbike,1045,0,0,1,True,False,True,0.7051596132315084,0.7051596132315084
full_coverage_complete,boy2treesfindbike,1063,0,0,5,True,False,True,0.6374120398006604,0.6374120398006604
full_coverage_complete,boy2treesfindbike,1064,0,0,1,True,False,True,0.4796257912499621,0.4796257912499621
full_coverage_complete,boy2treesfindbike,1065,0,0,5,True,False,True,0.3772885136423892,0.3772885136423892
full_coverage_complete,boy2treesfindbike,1066,0,0,5,True,False,True,0.2836883749173947,0.2836883749173947
full_coverage_complete,boy2treesfindbike,1067,0,0,5,True,False,True,0.2683913469378372,0.2683913469378372
full_coverage_complete,boy2treesfindbike,1068,0,0,5,True,False,True,0.2238283560217773,0.2238283560217773
full_coverage_complete,boy2treesfindbike,1069,0,0,5,True,False,True,0.19256552371919275,0.19256552371919275
full_coverage_complete,boy2treesfindbike,1070,0,0,5,True,False,True,0.3304377883949962,0.3304377883949962
full_coverage_complete,boy2treesfindbike,1071,0,0,5,True,False,True,0.5090868312733206,0.5090868312733206
full_coverage_complete,boy2treesfindbike,1075,0,0,4,True,False,True,0.5025896499064386,0.5025896499064386
full_coverage_complete,boy2treesfindbike,1080,0,0,4,True,False,True,0.4316164550291306,0.4316164550291306
full_coverage_complete,boy2treesfindbike,1081,0,0,4,True,False,True,0.48319099705413127,0.48319099705413127
full_coverage_complete,boy`headwithouthat,58,0,0,4,True,False,True,0.7523116914111134,0.7523116914111134
full_coverage_complete,boy`headwithouthat,60,0,0,4,True,False,True,0.7233884825875792,0.7233884825875792
full_coverage_complete,boy`headwithouthat,62,0,0,4,True,False,True,0.7035027428838392,0.7035027428838392
full_coverage_complete,boy`headwithouthat,63,0,0,4,True,False,True,0.7089917626090355,0.7089917626090355
full_coverage_complete,boy`headwithouthat,64,0,0,4,True,False,True,0.6830723382613548,0.6830723382613548
full_coverage_complete,boy`headwithouthat,65,0,0,4,True,False,True,0.5857245506165621,0.5857245506165621
full_coverage_complete,boy`headwithouthat,66,0,0,4,True,False,True,0.3831797014695257,0.3831797014695257
full_coverage_complete,boy`headwithouthat,67,4,0,4,True,False,True,0.442441029961249,0.0
full_coverage_complete,boy`headwithouthat,68,0,0,5,True,False,True,0.0,0.0
full_coverage_complete,boy`headwithouthat,69,5,0,5,True,False,True,0.0,0.0
full_coverage_complete,boy`headwithouthat,70,0,0,5,True,False,True,0.0,0.0
full_coverage_complete,boy`headwithouthat,71,0,0,5,True,False,True,0.0,0.0
full_coverage_complete,boy`headwithouthat,72,0,0,4,True,False,True,0.0,0.0
full_coverage_complete,boy`headwithouthat,73,0,0,4,True,False,True,0.0,0.0
full_coverage_complete,boy`headwithouthat,74,4,0,4,True,False,True,0.0,0.0
full_coverage_complete,boy`headwithouthat,75,0,0,5,True,False,True,0.0,0.0
full_coverage_complete,boy`headwithouthat,76,0,0,5,True,False,True,0.0,0.0
full_coverage_complete,boy`headwithouthat,79,0,0,5,True,False,True,0.0,0.0
full_coverage_complete,boy`headwithouthat,96,0,0,2,True,False,True,0.0,0.0
full_coverage_complete,boy`headwithouthat,97,0,0,4,True,False,True,0.0,0.0
full_coverage_complete,boy`headwithouthat,98,0,0,4,True,False,True,0.0,0.0
full_coverage_complete,boy`headwithouthat,99,0,0,4,True,False,True,0.0,0.0
full_coverage_complete,boy`headwithouthat,101,0,0,4,True,False,True,0.0,0.0
full_coverage_complete,boy`headwithouthat,102,0,0,1,True,False,True,0.0,0.0
full_coverage_complete,boy`headwithouthat,103,0,0,4,True,False,True,0.0,0.0
full_coverage_complete,boy`headwithouthat,105,0,0,1,True,False,True,0.0,0.0
full_coverage_complete,boy`headwithouthat,106,0,0,1,True,False,True,0.0,0.0
full_coverage_complete,boy`headwithouthat,107,0,0,4,True,False,True,0.0,0.0
full_coverage_complete,boy`headwithouthat,109,0,0,1,True,False,True,0.0,0.0
full_coverage_complete,boy`headwithouthat,110,0,0,1,True,False,True,0.0,0.0
full_coverage_complete,boy`headwithouthat,111,0,0,4,True,False,True,0.0,0.0
full_coverage_complete,boy`headwithouthat,112,0,0,4,True,False,True,0.0,0.0
full_coverage_complete,boy`headwithouthat,113,0,0,1,True,False,True,0.0,0.0
full_coverage_complete,boy`headwithouthat,114,0,0,4,True,False,True,0.0,0.0
full_coverage_complete,boy`headwithouthat,115,0,0,4,True,False,True,0.0,0.0
full_coverage_complete,boy`headwithouthat,116,0,0,5,True,False,True,0.0,0.0
full_coverage_complete,boy`headwithouthat,117,0,0,5,True,False,True,0.0,0.0
full_coverage_complete,boy`headwithouthat,124,0,0,5,True,False,True,0.0,0.0
full_coverage_complete,boy`headwithouthat,128,0,1,0,False,False,True,0.0,0.0
full_coverage_complete,boy`headwithouthat,131,0,0,4,True,False,True,0.0,0.0
full_coverage_complete,boy`headwithouthat,132,0,2,4,True,False,True,0.0,0.0
full_coverage_complete,boy`headwithouthat,133,0,0,1,True,False,True,0.0,0.0
full_coverage_complete,boy`headwithouthat,134,0,0,4,True,False,True,0.0,0.0
full_coverage_complete,boy`headwithouthat,135,0,0,4,True,False,True,0.0,0.0
full_coverage_complete,boy`headwithouthat,136,0,0,4,True,False,True,0.0,0.0
full_coverage_complete,boy`headwithouthat,137,0,0,4,True,False,True,0.0,0.0
full_coverage_complete,boy`headwithouthat,138,0,0,2,True,False,True,0.0,0.0
full_coverage_complete,boy`headwithouthat,139,0,0,4,True,False,True,0.0,0.0
full_coverage_complete,boy`headwithouthat,140,0,0,4,True,False,True,0.0,0.5134991685833424
full_coverage_complete,boy`headwithouthat,156,0,0,4,True,False,True,0.7351568993596859,0.7351568993596859
full_coverage_complete,boy`headwithouthat,159,0,0,5,True,False,True,0.6259402035258694,0.6259402035258694
full_coverage_complete,boy`headwithouthat,160,0,0,5,True,False,True,0.5620278487671048,0.5620278487671048
full_coverage_complete,boy`headwithouthat,161,0,0,5,True,False,True,0.595927804556836,0.595927804556836
full_coverage_complete,boy`headwithouthat,162,0,0,4,True,False,True,0.6016059009915048,0.6016059009915048
full_coverage_complete,boy`headwithouthat,163,4,1,4,True,False,True,0.6978205921400551,0.0
full_coverage_complete,boy`headwithouthat,164,0,0,5,True,False,True,0.0,0.0
full_coverage_complete,boy`headwithouthat,165,0,0,4,True,False,True,0.0,0.0
full_coverage_complete,boy`headwithouthat,166,0,0,5,True,False,True,0.0,0.0
full_coverage_complete,boy`headwithouthat,168,0,0,5,True,False,True,0.0,0.0
full_coverage_complete,boy`headwithouthat,169,0,0,4,True,False,True,0.0,0.0
full_coverage_complete,boy`headwithouthat,171,0,0,4,True,False,True,0.0,0.0
full_coverage_complete,boy`headwithouthat,172,0,0,4,True,False,True,0.0,0.0
full_coverage_complete,boy`headwithouthat,173,0,0,1,True,False,True,0.0,0.0
full_coverage_complete,boy`headwithouthat,189,0,0,4,True,False,True,0.0,0.0
full_coverage_complete,boy`headwithouthat,197,0,0,4,True,False,True,0.0,0.0
full_coverage_complete,boy`headwithouthat,198,0,0,4,True,False,True,0.0012426489375643895,0.0012426489375643895
full_coverage_complete,boy`headwithouthat,199,0,0,4,True,False,True,0.0025934153636106554,0.0025934153636106554
full_coverage_complete,boy`headwithouthat,200,0,0,4,True,False,True,0.0,0.0
full_coverage_complete,boy`headwithouthat,201,0,0,4,True,False,True,0.0006142869110199157,0.0006142869110199157
full_coverage_complete,boy`headwithouthat,202,0,1,4,True,False,True,0.0065139322378933275,0.7635004810622552
full_coverage_complete,boy`headwithouthat,204,5,0,5,True,False,True,0.8129854345427919,0.7793950497174409
full_coverage_complete,boy`headwithouthat,205,0,0,5,True,False,True,0.7776861308605401,0.7776861308605401
full_coverage_complete,boy`headwithouthat,206,5,0,5,True,False,True,0.7699383136152774,0.7544468728364597
full_coverage_complete,boy`headwithouthat,207,4,0,4,True,False,True,0.693995992626982,0.0
full_coverage_complete,boy`headwithouthat,208,0,0,5,True,False,True,0.0,0.0
full_coverage_complete,boy`headwithouthat,209,5,2,5,True,False,True,0.0,0.0
full_coverage_complete,boy`headwithouthat,210,5,3,5,True,False,True,0.0,0.0
full_coverage_complete,boy`headwithouthat,211,0,0,5,True,False,True,0.0,0.0
full_coverage_complete,boy`headwithouthat,212,0,0,5,True,False,True,0.0,0.0
full_coverage_complete,boy`headwithouthat,213,0,3,5,True,False,True,0.0,0.0
full_coverage_complete,boy`headwithouthat,215,0,0,4,True,False,True,0.0,0.0
full_coverage_complete,boy`headwithouthat,216,0,0,4,True,False,True,0.0,0.0
full_coverage_complete,boy`headwithouthat,217,0,0,4,True,False,True,0.0,0.0
full_coverage_complete,boy`headwithouthat,218,5,0,5,True,False,True,0.0,0.0
full_coverage_complete,boy`headwithouthat,219,0,0,5,True,False,True,0.0,0.0
full_coverage_complete,boy`headwithouthat,220,0,0,4,True,False,True,0.0,0.0
full_coverage_complete,boy`headwithouthat,221,0,0,5,True,False,True,0.0,0.0
full_coverage_complete,boy`headwithouthat,222,5,0,5,True,False,True,0.0,0.0
full_coverage_complete,boy`headwithouthat,223,0,0,4,True,False,True,0.0,0.0
full_coverage_complete,boy`headwithouthat,224,0,0,5,True,False,True,0.0,0.0
full_coverage_complete,boy`headwithouthat,225,0,0,5,True,False,True,0.0,0.0
full_coverage_complete,boy`headwithouthat,226,0,0,1,True,False,True,0.0,0.0
full_coverage_complete,boy`headwithouthat,227,0,0,5,True,False,True,0.0,0.0
full_coverage_complete,boy`headwithouthat,228,0,0,4,True,False,True,0.0,0.0
full_coverage_complete,boy`headwithouthat,229,5,0,5,True,False,True,0.0,0.0
full_coverage_complete,boy`headwithouthat,230,5,0,5,True,False,True,0.0,0.0
full_coverage_complete,boy`headwithouthat,231,0,0,4,True,False,True,0.0,0.0
full_coverage_complete,boy`headwithouthat,233,0,0,5,True,False,True,0.0,0.0
full_coverage_complete,boy`headwithouthat,234,0,0,1,True,False,True,0.0,0.0
full_coverage_complete,boy`headwithouthat,236,0,0,1,True,False,True,0.0,0.0
full_coverage_complete,boy`headwithouthat,237,0,0,4,True,False,True,0.0,0.0
full_coverage_complete,boy`headwithouthat,238,0,0,4,True,False,True,0.0,0.0
full_coverage_complete,boy`headwithouthat,239,0,0,4,True,False,True,0.0,0.0
full_coverage_complete,boy`headwithouthat,240,0,0,4,True,False,True,0.0,0.0
full_coverage_complete,boy`headwithouthat,241,0,0,4,True,False,True,0.0,0.0
full_coverage_complete,boy`headwithouthat,242,0,0,2,True,False,True,0.0,0.46859415396396353
full_coverage_complete,boy`headwithouthat,247,0,0,4,True,False,True,0.6559099470067332,0.6559099470067332
full_coverage_complete,boy`headwithouthat,248,5,0,5,True,False,True,0.6415958577031311,0.6516774236492224
full_coverage_complete,boy`headwithouthat,249,0,0,4,True,False,True,0.5194186132032139,0.5194186132032139
full_coverage_complete,boy`headwithouthat,250,0,0,4,True,False,True,0.7052338015099515,0.7052338015099515
full_coverage_complete,boy`headwithouthat,251,0,0,4,True,False,True,0.7257461448370739,0.7257461448370739
full_coverage_complete,boy`headwithouthat,253,0,0,4,True,False,True,0.6446859605154052,0.6446859605154052
full_coverage_complete,boy`headwithouthat,254,0,0,4,True,False,True,0.6159377738948949,0.6159377738948949
full_coverage_complete,boy`headwithouthat,255,5,3,5,True,False,True,0.6478503319037993,0.4629554095480591
full_coverage_complete,boy`headwithouthat,256,0,0,5,True,False,True,0.7126319504800819,0.7126319504800819
full_coverage_complete,boy`headwithouthat,257,0,0,5,True,False,True,0.6614618706966102,0.6614618706966102
full_coverage_complete,boy`headwithouthat,258,0,0,5,True,False,True,0.6873223830671574,0.6873223830671574
full_coverage_complete,boy`headwithouthat,259,0,0,4,True,False,True,0.8317220447273118,0.8317220447273118
full_coverage_complete,boy`headwithouthat,261,0,0,4,True,False,True,0.7254546480319933,0.7254546480319933
full_coverage_complete,boy`headwithouthat,262,0,0,5,True,False,True,0.6529979259018487,0.6529979259018487
full_coverage_complete,boy`headwithouthat,263,5,0,5,True,False,True,0.7994525382880918,0.7346932446954778
full_coverage_complete,boy`headwithouthat,264,0,0,4,True,False,True,0.6238377434897343,0.6238377434897343
full_coverage_complete,boy`headwithouthat,265,0,0,4,True,False,True,0.7680709548520379,0.7680709548520379
full_coverage_complete,boy`headwithouthat,266,4,0,4,True,False,True,0.627494497007787,0.0
full_coverage_complete,boy`headwithouthat,267,0,0,5,True,False,True,0.0,0.0
full_coverage_complete,boy`headwithouthat,268,0,0,4,True,False,True,0.0,0.0
full_coverage_complete,boy`headwithouthat,269,4,0,4,True,False,True,0.0,0.0
full_coverage_complete,boy`headwithouthat,270,0,0,5,True,False,True,0.0,0.0
full_coverage_complete,boy`headwithouthat,271,0,0,5,True,False,True,0.0,0.0
full_coverage_complete,boy`headwithouthat,272,0,2,5,True,False,True,0.0,0.0
full_coverage_complete,boy`headwithouthat,273,0,0,5,True,False,True,0.0,0.0
full_coverage_complete,boy`headwithouthat,275,0,0,4,True,False,True,0.0,0.0
full_coverage_complete,boy`headwithouthat,276,0,0,4,True,False,True,0.0,0.0
full_coverage_complete,boy`headwithouthat,277,0,0,4,True,False,True,0.0,0.0
full_coverage_complete,boy`headwithouthat,278,0,0,4,True,False,True,0.0,0.0
full_coverage_complete,boy`headwithouthat,279,0,0,4,True,False,True,0.0,0.0
full_coverage_complete,boy`headwithouthat,280,0,0,4,True,False,True,0.0,0.0
full_coverage_complete,boy`headwithouthat,281,0,0,4,True,False,True,0.0,0.0
full_coverage_complete,boy`headwithouthat,282,0,0,4,True,False,True,0.0,0.0
full_coverage_complete,boy`headwithouthat,283,4,0,4,True,False,True,0.0,0.0
full_coverage_complete,boy`headwithouthat,284,0,0,5,True,False,True,0.0,0.0
full_coverage_complete,boy`headwithouthat,285,5,0,5,True,False,True,0.0,0.0
full_coverage_complete,boy`headwithouthat,286,0,0,4,True,False,True,0.0,0.0
full_coverage_complete,boy`headwithouthat,287,0,0,4,True,False,True,0.0,0.0
full_coverage_complete,boy`headwithouthat,288,0,0,4,True,False,True,0.0,0.0
full_coverage_complete,boy`headwithouthat,289,0,0,4,True,False,True,0.0,0.0
full_coverage_complete,boy`headwithouthat,290,0,0,4,True,False,True,0.0,0.0
full_coverage_complete,boy`headwithouthat,291,4,0,4,True,False,True,0.0,0.0
full_coverage_complete,boy`headwithouthat,292,0,0,5,True,False,True,0.0,0.0
full_coverage_complete,boy`headwithouthat,293,0,0,5,True,False,True,0.0,0.0
full_coverage_complete,boy`headwithouthat,294,0,0,4,True,False,True,0.0,0.0
full_coverage_complete,boy`headwithouthat,295,0,0,5,True,False,True,0.0,0.0
full_coverage_complete,boy`headwithouthat,296,0,0,5,True,False,True,0.0,0.0
full_coverage_complete,boy`headwithouthat,297,4,0,4,True,False,True,0.0,0.0
full_coverage_complete,boy`headwithouthat,298,0,0,5,True,False,True,0.0,0.0
full_coverage_complete,boy`headwithouthat,299,5,0,5,True,False,True,0.0,0.0
full_coverage_complete,boy`headwithouthat,300,0,0,5,True,False,True,0.0,0.0
full_coverage_complete,boy`headwithouthat,301,0,0,4,True,False,True,0.0,0.0
full_coverage_complete,boy`headwithouthat,302,4,3,4,True,False,True,0.0,0.0
full_coverage_complete,boy`headwithouthat,303,0,0,5,True,False,True,0.0,0.0
full_coverage_complete,boy`headwithouthat,304,0,0,5,True,False,True,0.0,0.0
full_coverage_complete,boy`headwithouthat,305,0,0,5,True,False,True,0.0,0.0
full_coverage_complete,boy`headwithouthat,306,0,0,5,True,False,True,0.0,0.0
full_coverage_complete,boy`headwithouthat,307,0,0,4,True,False,True,0.0,0.0
full_coverage_complete,boy`headwithouthat,308,0,0,5,True,False,True,0.0,0.0
full_coverage_complete,boy`headwithouthat,309,0,0,5,True,False,True,0.0,0.0
full_coverage_complete,boy`headwithouthat,310,0,0,4,True,False,True,0.0,0.0
full_coverage_complete,boy`headwithouthat,311,5,3,5,True,False,True,0.0,0.0
full_coverage_complete,boy`headwithouthat,312,0,0,5,True,False,True,0.0,0.0
full_coverage_complete,boy`headwithouthat,313,5,0,5,True,False,True,0.0,0.0
full_coverage_complete,boy`headwithouthat,314,0,0,4,True,False,True,0.0,0.0
full_coverage_complete,boy`headwithouthat,315,0,0,4,True,False,True,0.0,0.0
full_coverage_complete,boy`headwithouthat,316,0,0,5,True,False,True,0.0,0.0
full_coverage_complete,boy`headwithouthat,317,0,0,4,True,False,True,0.0,0.0
full_coverage_complete,boy`headwithouthat,318,0,0,4,True,False,True,0.0,0.0
full_coverage_complete,boy`headwithouthat,319,0,0,4,True,False,True,0.0,0.0
full_coverage_complete,boy`headwithouthat,320,0,0,4,True,False,True,0.0,0.0
full_coverage_complete,boy`headwithouthat,321,0,0,1,True,False,True,0.0,0.0
full_coverage_complete,boy`headwithouthat,322,0,0,4,True,False,True,0.0,0.0
full_coverage_complete,boy`headwithouthat,323,0,0,4,True,False,True,0.0,0.0
full_coverage_complete,boy`headwithouthat,324,0,0,5,True,False,True,0.0,0.0
full_coverage_complete,boy`headwithouthat,325,0,0,4,True,False,True,0.0,0.0
full_coverage_complete,boy`headwithouthat,326,0,0,4,True,False,True,0.0,0.0
full_coverage_complete,boy`headwithouthat,327,0,0,4,True,False,True,0.0,0.0
full_coverage_complete,boy`headwithouthat,328,0,0,5,True,False,True,0.0,0.0
full_coverage_complete,boy`headwithouthat,329,0,0,4,True,False,True,0.0,0.0
full_coverage_complete,boy`headwithouthat,330,0,0,4,True,False,True,0.0,0.0
full_coverage_complete,boy`headwithouthat,331,0,0,4,True,False,True,0.0,0.0
full_coverage_complete,boy`headwithouthat,332,0,0,4,True,False,True,0.0,0.0
full_coverage_complete,boy`headwithouthat,333,0,0,4,True,False,True,0.0,0.0
full_coverage_complete,boy`headwithouthat,334,0,0,4,True,False,True,0.0,0.0
full_coverage_complete,boy`headwithouthat,335,4,4,4,True,False,True,0.0,0.0
full_coverage_complete,boy`headwithouthat,336,0,0,5,True,False,True,0.0,0.0
full_coverage_complete,boy`headwithouthat,337,0,0,4,True,False,True,0.0,0.0
full_coverage_complete,boy`headwithouthat,338,0,0,5,True,False,True,0.0,0.0
full_coverage_complete,boy`headwithouthat,339,4,1,4,True,False,True,0.0,0.0
full_coverage_complete,boy`headwithouthat,340,0,0,5,False,False,True,0.0,0.0
full_coverage_complete,boy`headwithouthat,341,0,0,5,True,False,True,0.0,0.0
full_coverage_complete,boy`headwithouthat,342,0,0,5,True,False,True,0.0,0.0
full_coverage_complete,boy`headwithouthat,343,0,0,5,True,False,True,0.0,0.0
full_coverage_complete,boy`headwithouthat,344,0,0,5,True,False,True,0.0,0.0
full_coverage_complete,boy`headwithouthat,345,0,0,5,True,False,True,0.0,0.0
full_coverage_complete,boy`headwithouthat,346,0,0,5,True,False,True,0.0,0.0
full_coverage_complete,boy`headwithouthat,347,0,0,5,True,False,True,0.0,0.0
full_coverage_complete,boy`headwithouthat,348,0,0,5,True,False,True,0.0,0.0
full_coverage_complete,boy`headwithouthat,349,0,0,5,True,False,True,0.0,0.0
full_coverage_complete,boy`headwithouthat,350,5,3,5,True,False,True,0.0,0.0
full_coverage_complete,boy`headwithouthat,351,0,0,5,True,False,True,0.0,0.0
full_coverage_complete,boy`headwithouthat,352,0,0,5,True,False,True,0.0,0.0
full_coverage_complete,boy`headwithouthat,353,0,0,5,True,False,True,0.0,0.0
full_coverage_complete,boy`headwithouthat,354,0,0,5,True,False,True,0.0,0.0
full_coverage_complete,boy`headwithouthat,355,0,0,5,True,False,True,0.0,0.0
full_coverage_complete,boy`headwithouthat,356,0,0,5,True,False,True,0.0,0.0
full_coverage_complete,boy`headwithouthat,357,0,0,4,True,False,True,0.0,0.0
full_coverage_complete,boy`headwithouthat,358,0,0,5,True,False,True,0.0,0.0
full_coverage_complete,boy`headwithouthat,359,0,1,5,True,False,True,0.0,0.0
full_coverage_complete,boy`headwithouthat,361,0,0,5,True,False,True,0.0,0.0
full_coverage_complete,boy`headwithouthat,362,0,0,4,True,False,True,0.0,0.0
full_coverage_complete,boy`headwithouthat,363,0,0,4,True,False,True,0.0,0.0
full_coverage_complete,boy`headwithouthat,364,0,0,5,True,False,True,0.0,0.0
full_coverage_complete,boy`headwithouthat,365,0,2,4,True,False,True,0.0,0.0
full_coverage_complete,boy`headwithouthat,366,0,0,1,True,False,True,0.0,0.0
full_coverage_complete,boy`headwithouthat,367,0,0,4,True,False,True,0.0,0.0
full_coverage_complete,boy`headwithouthat,368,0,0,4,True,False,True,0.0,0.0
full_coverage_complete,boy`headwithouthat,369,0,0,4,True,False,True,0.0,0.0
full_coverage_complete,boy`headwithouthat,370,0,0,4,True,False,True,0.0,0.0
full_coverage_complete,boy`headwithouthat,371,0,0,4,True,False,True,0.0,0.0
full_coverage_complete,boy`headwithouthat,372,0,0,5,True,False,True,0.0,0.0
full_coverage_complete,boy`headwithouthat,373,5,0,5,True,False,True,0.0,0.0
full_coverage_complete,boy`headwithouthat,375,0,0,4,True,False,True,0.0,0.0
full_coverage_complete,boy`headwithouthat,376,0,0,4,True,False,True,0.0,0.0
full_coverage_complete,boy`headwithouthat,378,0,0,1,True,False,True,0.0,0.0
full_coverage_complete,boy`headwithouthat,379,0,0,5,True,False,True,0.0,0.0
full_coverage_complete,boy`headwithouthat,380,4,1,4,True,False,True,0.0,0.0
full_coverage_complete,boy`headwithouthat,381,0,0,5,True,False,True,0.0,0.0
full_coverage_complete,boy`headwithouthat,382,0,3,5,True,False,True,0.0,0.0
full_coverage_complete,boy`headwithouthat,383,0,0,1,True,False,True,0.0,0.0
full_coverage_complete,boy`headwithouthat,384,0,0,5,True,False,True,0.0,0.0
full_coverage_complete,boy`headwithouthat,385,0,0,1,True,False,True,0.0,0.0
full_coverage_complete,boy`headwithouthat,386,0,0,2,True,False,True,0.0,0.0
full_coverage_complete,boy`headwithouthat,387,0,0,2,True,False,True,0.0,0.0
full_coverage_complete,boy`headwithouthat,388,0,0,5,True,False,True,0.0,0.0
full_coverage_complete,boy`headwithouthat,389,0,0,5,True,False,True,0.0,0.0
full_coverage_complete,boy`headwithouthat,390,5,0,5,True,False,True,0.0,0.0
full_coverage_complete,boy`headwithouthat,391,0,0,1,True,False,True,0.0,0.0
full_coverage_complete,boy`headwithouthat,392,0,0,5,True,False,True,0.0,0.0
full_coverage_complete,boy`headwithouthat,393,4,2,4,True,False,True,0.0,0.0
full_coverage_complete,boy`headwithouthat,394,5,4,5,True,False,True,0.0,0.0
full_coverage_complete,boy`headwithouthat,395,0,0,4,True,False,True,0.0,0.0
full_coverage_complete,boy`headwithouthat,396,0,0,4,True,False,True,0.0,0.0
full_coverage_complete,boy`headwithouthat,397,0,0,1,True,False,True,0.0,0.0
full_coverage_complete,boy`headwithouthat,398,0,0,1,True,False,True,0.0,0.0
full_coverage_complete,boy`headwithouthat,401,4,0,4,True,False,True,0.0,0.0
full_coverage_complete,boy`headwithouthat,402,5,1,5,True,False,True,0.0,0.0
full_coverage_complete,boy`headwithouthat,403,5,4,5,True,False,True,0.0,0.0
full_coverage_complete,boy`headwithouthat,404,0,0,1,True,False,True,0.0,0.0
full_coverage_complete,boy`headwithouthat,405,0,0,5,True,False,True,0.0,0.0
full_coverage_complete,boy`headwithouthat,406,0,0,5,True,False,True,0.0,0.0
full_coverage_complete,boy`headwithouthat,407,0,0,5,True,False,True,0.0,0.0
full_coverage_complete,boy`headwithouthat,408,0,0,5,True,False,True,0.0,0.0
full_coverage_complete,boy`headwithouthat,409,0,0,5,True,False,True,0.0,0.0
full_coverage_complete,boy`headwithouthat,410,0,0,5,True,False,True,0.0,0.0
full_coverage_complete,boy`headwithouthat,411,0,1,1,True,False,True,0.0,0.0
full_coverage_complete,boy`headwithouthat,412,0,0,4,True,False,True,0.0,0.0
full_coverage_complete,boy`headwithouthat,413,5,0,5,True,False,True,0.0,0.0
full_coverage_complete,boy`headwithouthat,414,0,0,5,True,False,True,0.0,0.0
full_coverage_complete,boy`headwithouthat,415,0,2,5,True,False,True,0.0,0.0
full_coverage_complete,boy`headwithouthat,416,0,0,0,False,False,True,0.0,0.0
full_coverage_complete,boy`headwithouthat,417,0,0,1,True,False,True,0.0,0.0
full_coverage_complete,boy`headwithouthat,418,0,0,1,True,False,True,0.0,0.0
full_coverage_complete,boy`headwithouthat,420,0,0,5,True,False,True,0.0,0.0
full_coverage_complete,boy`headwithouthat,421,5,0,5,True,False,True,0.0,0.0
full_coverage_complete,boy`headwithouthat,424,0,0,5,True,False,True,0.0,0.0
full_coverage_complete,boy`headwithouthat,425,5,1,5,True,False,True,0.0,0.0
full_coverage_complete,boy`headwithouthat,426,0,1,5,True,False,True,0.0,0.0
full_coverage_complete,boy`headwithouthat,427,0,0,1,True,False,True,0.0,0.0
full_coverage_complete,boy`headwithouthat,428,5,0,5,True,False,True,0.0,0.0
full_coverage_complete,boy`headwithouthat,429,0,0,5,True,False,True,0.0,0.0
full_coverage_complete,boy`headwithouthat,430,0,0,4,True,False,True,0.0,0.0
full_coverage_complete,boy`headwithouthat,431,4,0,4,True,False,True,0.0,0.0
full_coverage_complete,boy`headwithouthat,432,5,0,5,True,False,True,0.0,0.0
full_coverage_complete,boy`headwithouthat,433,0,0,5,True,False,True,0.0,0.0
full_coverage_complete,boy`headwithouthat,434,0,0,5,True,False,True,0.0,0.0
full_coverage_complete,boy`headwithouthat,435,5,0,5,True,False,True,0.0,0.0
full_coverage_complete,boy`headwithouthat,436,0,0,5,True,False,True,0.0,0.0
full_coverage_complete,boy`headwithouthat,437,0,0,1,True,False,True,0.0,0.0
full_coverage_complete,boy`headwithouthat,438,0,0,4,True,False,True,0.0,0.0
full_coverage_complete,boy`headwithouthat,439,0,0,4,True,False,True,0.0,0.0
full_coverage_complete,boy`headwithouthat,440,0,0,4,True,False,True,0.0,0.0
full_coverage_complete,boy`headwithouthat,441,0,0,4,True,False,True,0.0,0.0
full_coverage_complete,boy`headwithouthat,444,0,0,5,True,False,True,0.0,0.0
full_coverage_complete,boy`headwithouthat,446,5,0,5,True,False,True,0.0,0.0
full_coverage_complete,boy`headwithouthat,447,0,0,5,True,False,True,0.0,0.0
full_coverage_complete,boy`headwithouthat,448,0,0,5,True,False,True,0.0,0.0
full_coverage_complete,boy`headwithouthat,449,0,0,5,True,False,True,0.0,0.0
full_coverage_complete,boy`headwithouthat,450,0,0,5,True,False,True,0.0,0.0
full_coverage_complete,boy`headwithouthat,451,0,0,5,True,False,True,0.0,0.0
full_coverage_complete,boy`headwithouthat,452,0,0,5,True,False,True,0.0,0.0
full_coverage_complete,boy`headwithouthat,453,0,0,5,True,False,True,0.0,0.0
full_coverage_complete,boy`headwithouthat,468,0,0,1,True,False,True,0.0,0.0
full_coverage_complete,boy`headwithouthat,469,0,0,2,True,False,True,0.0,0.0
full_coverage_complete,boy`headwithouthat,470,0,0,4,True,False,True,0.0,0.0
full_coverage_complete,boy`headwithouthat,471,5,0,5,True,False,True,0.0,0.0
full_coverage_complete,boy`headwithouthat,481,0,0,1,True,False,True,0.0,0.0
full_coverage_complete,boy`headwithouthat,482,0,0,1,True,False,True,0.0,0.0
full_coverage_complete,boy`headwithouthat,484,0,0,5,True,False,True,0.0,0.0
full_coverage_complete,boy`headwithouthat,485,0,0,4,True,False,True,0.0,0.0
full_coverage_complete,boy`headwithouthat,486,0,0,5,True,False,True,0.0,0.0
full_coverage_complete,boy`headwithouthat,487,0,0,4,True,False,True,0.0,0.0
full_coverage_complete,boy`headwithouthat,488,4,0,4,True,False,True,0.0,0.0
full_coverage_complete,boy`headwithouthat,489,0,0,5,True,False,True,0.0,0.0
full_coverage_complete,boy`headwithouthat,490,0,1,0,False,False,True,0.0,0.0
full_coverage_complete,boy`headwithouthat,491,0,0,4,True,False,True,0.0,0.0
full_coverage_complete,boy`headwithouthat,492,5,0,5,True,False,True,0.0,0.0
full_coverage_complete,boy`headwithouthat,493,0,0,5,True,False,True,0.0,0.0
full_coverage_complete,boy`headwithouthat,494,0,0,5,True,False,True,0.0,0.0
full_coverage_complete,boy`headwithouthat,495,0,0,5,True,False,True,0.0,0.0
full_coverage_complete,boy`headwithouthat,496,0,0,5,True,False,True,0.0,0.0
full_coverage_complete,boy`headwithouthat,497,0,0,5,True,False,True,0.0,0.0
full_coverage_complete,boy`headwithouthat,498,0,2,5,True,False,True,0.0,0.0
full_coverage_complete,boy`headwithouthat,499,0,0,4,True,False,True,0.0,0.0
full_coverage_complete,boy`headwithouthat,500,0,0,4,True,False,True,0.0,0.0
full_coverage_complete,boy`headwithouthat,501,0,0,4,True,False,True,0.0,0.0
full_coverage_complete,boy`headwithouthat,503,0,0,4,True,False,True,0.0,0.0
full_coverage_complete,boy`headwithouthat,504,0,0,5,True,False,True,0.0,0.0
full_coverage_complete,boy`headwithouthat,505,4,0,4,True,False,True,0.0,0.0
full_coverage_complete,boy`headwithouthat,506,0,0,5,True,False,True,0.0,0.0
full_coverage_complete,boy`headwithouthat,507,4,0,4,True,False,True,0.0,0.0
full_coverage_complete,boy`headwithouthat,508,0,0,5,True,False,True,0.0,0.0
full_coverage_complete,boy`headwithouthat,509,0,0,5,True,False,True,0.0,0.0
full_coverage_complete,boy`headwithouthat,510,0,0,5,True,False,True,0.0,0.0
full_coverage_complete,boy`headwithouthat,511,0,0,1,True,False,True,0.0,0.0
full_coverage_complete,boy`headwithouthat,512,0,0,5,True,False,True,0.0,0.0
full_coverage_complete,boy`headwithouthat,513,0,0,5,True,False,True,0.0,0.0
full_coverage_complete,boy`headwithouthat,514,0,0,5,True,False,True,0.0,0.0
full_coverage_complete,boy`headwithouthat,515,5,0,5,True,False,True,0.0,0.0
full_coverage_complete,boy`headwithouthat,516,0,0,5,True,False,True,0.0,0.0
full_coverage_complete,boy`headwithouthat,517,0,0,4,True,False,True,0.0,0.0
full_coverage_complete,boy`headwithouthat,518,0,0,5,True,False,True,0.0,0.0
full_coverage_complete,boy`headwithouthat,519,0,0,5,True,False,True,0.0,0.0
full_coverage_complete,boy`headwithouthat,520,0,0,5,True,False,True,0.0,0.0
full_coverage_complete,boy`headwithouthat,521,5,0,5,True,False,True,0.0,0.0
full_coverage_complete,boy`headwithouthat,525,0,0,5,True,False,True,0.0,0.0
full_coverage_complete,boy`headwithouthat,526,5,0,5,True,False,True,0.0,0.0
full_coverage_complete,boy`headwithouthat,528,0,0,5,True,False,True,0.0,0.0
full_coverage_complete,boy`headwithouthat,529,0,0,5,True,False,True,0.0,0.0
full_coverage_complete,boy`headwithouthat,531,0,0,5,True,False,True,0.0,0.0
full_coverage_complete,boy`headwithouthat,532,0,0,5,True,False,True,0.0,0.0
full_coverage_complete,boy`headwithouthat,533,0,0,5,True,False,True,0.0,0.0
full_coverage_complete,boy`headwithouthat,534,0,0,5,True,False,True,0.0,0.0
full_coverage_complete,boy`headwithouthat,535,0,0,5,True,False,True,0.0,0.0
full_coverage_complete,boy`headwithouthat,536,0,0,5,True,False,True,0.0,0.0
full_coverage_complete,boy`headwithouthat,537,0,3,5,True,False,True,0.0,0.0
full_coverage_complete,boy`headwithouthat,538,0,0,5,True,False,True,0.0,0.0
full_coverage_complete,boy`headwithouthat,539,0,0,5,True,False,True,0.0,0.0
full_coverage_complete,boy`headwithouthat,540,0,0,5,True,False,True,0.0,0.0
full_coverage_complete,boy`headwithouthat,541,0,0,5,True,False,True,0.0,0.0
full_coverage_complete,boy`headwithouthat,542,0,0,5,True,False,True,0.0,0.0
full_coverage_complete,boy`headwithouthat,543,0,0,5,True,False,True,0.0,0.0
full_coverage_complete,boy`headwithouthat,544,0,1,5,True,False,True,0.0,0.0
full_coverage_complete,boy`headwithouthat,545,0,0,1,True,False,True,0.0,0.0
full_coverage_complete,boy`headwithouthat,546,0,0,5,True,False,True,0.0,0.0
full_coverage_complete,boy`headwithouthat,547,0,0,5,True,False,True,0.0,0.0
full_coverage_complete,boy`headwithouthat,548,0,0,1,True,False,True,0.0,0.0
full_coverage_complete,boy`headwithouthat,549,0,0,5,True,False,True,0.0,0.0
full_coverage_complete,boy`headwithouthat,550,5,0,5,True,False,True,0.0,0.0
full_coverage_complete,boy`headwithouthat,551,0,0,4,True,False,True,0.0,0.0
full_coverage_complete,boy`headwithouthat,552,0,0,4,True,False,True,0.0,0.0
full_coverage_complete,boy`headwithouthat,553,0,0,5,True,False,True,0.0,0.0
full_coverage_complete,boy`headwithouthat,554,0,0,5,True,False,True,0.0,0.0
full_coverage_complete,boy`headwithouthat,555,5,0,5,True,False,True,0.0,0.0
full_coverage_complete,boy`headwithouthat,556,0,0,5,True,False,True,0.0,0.0
full_coverage_complete,boy`headwithouthat,557,0,0,5,True,False,True,0.0,0.0
full_coverage_complete,boy`headwithouthat,558,0,0,5,True,False,True,0.0,0.0
full_coverage_complete,boy`headwithouthat,559,0,0,5,True,False,True,0.0,0.0
full_coverage_complete,boy`headwithouthat,560,0,0,5,True,False,True,0.0,0.0
full_coverage_complete,boy`headwithouthat,561,0,0,5,True,False,True,0.0,0.0
full_coverage_complete,boy`headwithouthat,562,0,0,5,True,False,True,0.0,0.0
full_coverage_complete,boy`headwithouthat,563,0,0,5,True,False,True,0.0,0.0
full_coverage_complete,boy`headwithouthat,564,0,0,5,True,False,True,0.0,0.0
full_coverage_complete,boy`headwithouthat,565,0,0,4,True,False,True,0.0,0.0
full_coverage_complete,boy`headwithouthat,566,0,0,5,True,False,True,0.0,0.0
full_coverage_complete,boy`headwithouthat,570,0,0,5,True,False,True,0.0,0.0
full_coverage_complete,boy`headwithouthat,571,0,0,5,True,False,True,0.0,0.0
full_coverage_complete,boy`headwithouthat,572,0,0,5,True,False,True,0.0,0.0
full_coverage_complete,boy`headwithouthat,573,0,0,5,True,False,True,0.0,0.0
full_coverage_complete,boy`headwithouthat,574,0,0,5,True,False,True,0.0,0.0
full_coverage_complete,boy`headwithouthat,575,0,0,5,True,False,True,0.0,0.0
full_coverage_complete,boy`headwithouthat,576,0,0,4,True,False,True,0.0,0.0
full_coverage_complete,boy`headwithouthat,577,0,0,4,True,False,True,0.0,0.0
full_coverage_complete,boy`headwithouthat,578,0,0,4,True,False,True,0.0,0.0
full_coverage_complete,boy`headwithouthat,579,0,0,4,True,False,True,0.0,0.0
full_coverage_complete,boy`headwithouthat,580,0,0,4,True,False,True,0.0,0.0
full_coverage_complete,boy`headwithouthat,584,0,0,4,True,False,True,0.0,0.0
full_coverage_complete,boy`headwithouthat,585,0,0,4,True,False,True,0.0,0.0
full_coverage_complete,boy`headwithouthat,586,0,0,4,True,False,True,0.0,0.0
full_coverage_complete,boy`headwithouthat,587,0,0,4,True,False,True,0.0,0.0
full_coverage_complete,boy`headwithouthat,588,0,0,4,True,False,True,0.0,0.0
full_coverage_complete,boy`headwithouthat,589,0,0,5,True,False,True,0.0,0.0
full_coverage_complete,boy`headwithouthat,590,0,0,4,True,False,True,0.0,0.0
full_coverage_complete,boy`headwithouthat,591,0,0,5,True,False,True,0.0,0.0
full_coverage_complete,boy`headwithouthat,592,0,0,5,True,False,True,0.0,0.0
full_coverage_complete,boy`headwithouthat,593,0,0,4,True,False,True,0.0,0.0
full_coverage_complete,boy`headwithouthat,594,0,1,5,True,False,True,0.0,0.0
full_coverage_complete,boy`headwithouthat,595,0,0,4,True,False,True,0.0,0.0
full_coverage_complete,boy`headwithouthat,596,5,0,5,True,False,True,0.0,0.0
full_coverage_complete,boy`headwithouthat,597,4,0,4,True,False,True,0.0,0.0
full_coverage_complete,boy`headwithouthat,598,0,0,5,True,False,True,0.0,0.0
full_coverage_complete,boy`headwithouthat,599,0,0,5,True,False,True,0.0,0.0
full_coverage_complete,boy`headwithouthat,601,0,0,5,True,False,True,0.0,0.0
full_coverage_complete,boy`headwithouthat,602,0,0,5,True,False,True,0.0,0.0
full_coverage_complete,boy`headwithouthat,603,0,0,5,True,False,True,0.0,0.0
full_coverage_complete,boy`headwithouthat,604,0,0,5,True,False,True,0.0,0.0
full_coverage_complete,boy`headwithouthat,605,0,0,5,True,False,True,0.0,0.0
full_coverage_complete,boy`headwithouthat,606,0,0,5,True,False,True,0.0,0.0
full_coverage_complete,boy`headwithouthat,607,0,0,4,True,False,True,0.0,0.0
full_coverage_complete,boy`headwithouthat,608,0,0,5,True,False,True,0.0,0.0
full_coverage_complete,boy`headwithouthat,609,0,0,4,True,False,True,0.0,0.0
full_coverage_complete,boy`headwithouthat,610,0,0,5,True,False,True,0.0,0.0
full_coverage_complete,boy`headwithouthat,611,0,0,5,True,False,True,0.0,0.0
full_coverage_complete,boy`headwithouthat,612,0,0,5,True,False,True,0.0,0.0
full_coverage_complete,boy`headwithouthat,613,0,0,4,True,False,True,0.0,0.0
full_coverage_complete,boy`headwithouthat,614,0,0,5,True,False,True,0.0,0.0
full_coverage_complete,boy`headwithouthat,615,0,0,5,True,False,True,0.0,0.0
full_coverage_complete,boy`headwithouthat,616,0,0,4,True,False,True,0.0,0.0
full_coverage_complete,boy`headwithouthat,617,0,0,4,True,False,True,0.0,0.0
full_coverage_complete,boy`headwithouthat,618,0,0,4,True,False,True,0.0,0.0
full_coverage_complete,boy`headwithouthat,619,0,0,4,True,False,True,0.0,0.0
full_coverage_complete,boy`headwithouthat,620,0,0,4,True,False,True,0.0,0.0
full_coverage_complete,boy`headwithouthat,621,0,0,4,True,False,True,0.0,0.0
full_coverage_complete,boy`headwithouthat,622,0,0,5,True,False,True,0.0,0.0
full_coverage_complete,boy`headwithouthat,623,0,0,5,True,False,True,0.0,0.0
full_coverage_complete,boy`headwithouthat,624,0,0,5,True,False,True,0.0,0.0
full_coverage_complete,boy`headwithouthat,625,0,0,5,True,False,True,0.0,0.0
full_coverage_complete,boy`headwithouthat,626,0,0,4,True,False,True,0.0,0.0
full_coverage_complete,boy`headwithouthat,627,4,3,4,True,False,True,0.0,0.0
full_coverage_complete,boy`headwithouthat,628,5,2,5,True,False,True,0.0,0.0
full_coverage_complete,boy`headwithouthat,629,0,0,5,True,False,True,0.0,0.0
full_coverage_complete,boy`headwithouthat,630,4,2,4,True,False,True,0.0,0.0
full_coverage_complete,boy`headwithouthat,631,5,0,5,True,False,True,0.0,0.0
full_coverage_complete,boy`headwithouthat,636,0,0,2,True,False,True,0.0,0.0
full_coverage_complete,boy`headwithouthat,637,0,0,5,True,False,True,0.0,0.0
full_coverage_complete,boy`headwithouthat,638,4,0,4,True,False,True,0.0,0.0
full_coverage_complete,boy`headwithouthat,639,4,0,4,True,False,True,0.0,0.0
full_coverage_complete,boy`headwithouthat,640,0,0,2,True,False,True,0.0,0.0
full_coverage_complete,boy`headwithouthat,641,0,0,5,True,False,True,0.0,0.0
full_coverage_complete,boy`headwithouthat,643,4,0,4,True,False,True,0.0,0.0
full_coverage_complete,boy`headwithouthat,644,0,0,5,True,False,True,0.0,0.0
full_coverage_complete,boy`headwithouthat,645,0,0,5,True,False,True,0.0,0.0
full_coverage_complete,boy`headwithouthat,646,5,0,5,True,False,True,0.0,0.0
full_coverage_complete,boy`headwithouthat,647,0,0,5,True,False,True,0.0,0.0
full_coverage_complete,boy`headwithouthat,649,5,0,5,True,False,True,0.0,0.0
full_coverage_complete,boy`headwithouthat,650,5,0,5,True,False,True,0.0,0.0
full_coverage_complete,boy`headwithouthat,651,0,0,6,True,False,True,0.0,0.0
full_coverage_complete,boy`headwithouthat,652,0,0,2,True,False,True,0.0,0.0
full_coverage_complete,boy`headwithouthat,654,0,0,1,True,False,True,0.0,0.0
full_coverage_complete,boy`headwithouthat,655,0,0,4,True,False,True,0.0,0.0
full_coverage_complete,boy`headwithouthat,656,0,1,0,False,False,True,0.0,0.0
full_coverage_complete,boy`headwithouthat,657,5,1,5,True,False,True,0.0,0.0
full_coverage_complete,boy`headwithouthat,658,5,0,5,True,False,True,0.0,0.0
full_coverage_complete,boy`headwithouthat,659,0,1,5,True,False,True,0.0,0.0
full_coverage_complete,boy`headwithouthat,664,0,0,4,True,False,True,0.0,0.0
full_coverage_complete,boy`headwithouthat,665,0,0,1,True,False,True,0.0,0.0
full_coverage_complete,boy`headwithouthat,667,0,0,4,True,False,True,0.0,0.0
full_coverage_complete,boy`headwithouthat,670,5,0,5,True,False,True,0.0,0.0
full_coverage_complete,boy`headwithouthat,681,0,0,4,True,False,True,0.0,0.0
full_coverage_complete,boy`headwithouthat,682,0,0,4,True,False,True,0.0,0.0
full_coverage_complete,boy`headwithouthat,683,0,0,4,True,False,True,0.0,0.0
full_coverage_complete,boy`headwithouthat,684,0,0,4,True,False,True,0.0,0.0
full_coverage_complete,boy`headwithouthat,685,0,0,4,True,False,True,0.0,0.0
full_coverage_complete,boy`headwithouthat,686,0,0,4,True,False,True,0.0,0.0
full_coverage_complete,boy`headwithouthat,688,0,0,4,True,False,True,0.0,0.0
full_coverage_complete,boy`headwithouthat,689,0,0,4,True,False,True,0.0,0.0
full_coverage_complete,boy`headwithouthat,690,4,0,4,True,False,True,0.0,0.0
full_coverage_complete,boy`headwithouthat,691,0,0,5,True,False,True,0.0,0.0
full_coverage_complete,boy`headwithouthat,692,0,0,5,True,False,True,0.0,0.0
full_coverage_complete,boy`headwithouthat,693,0,0,5,True,False,True,0.0,0.0
full_coverage_complete,boy`headwithouthat,694,0,0,1,True,False,True,0.0,0.0
full_coverage_complete,boy`headwithouthat,695,0,0,4,True,False,True,0.0,0.0
full_coverage_complete,boy`headwithouthat,696,0,0,5,True,False,True,0.0,0.0
full_coverage_complete,boy`headwithouthat,698,1,2,1,True,False,True,0.0,0.0
full_coverage_complete,boy`headwithouthat,699,0,0,4,True,False,True,0.0,0.0
full_coverage_complete,boy`headwithouthat,700,0,0,4,True,False,True,0.0,0.0
full_coverage_complete,boy`headwithouthat,701,0,0,4,True,False,True,0.0,0.0
full_coverage_complete,boy`headwithouthat,702,0,0,4,True,False,True,0.0,0.0
full_coverage_complete,boy`headwithouthat,707,0,0,5,True,False,True,0.0,0.0
full_coverage_complete,boy`headwithouthat,708,0,0,5,True,False,True,0.0,0.0
full_coverage_complete,boy`headwithouthat,709,0,0,4,True,False,True,0.0,0.0
full_coverage_complete,boy`headwithouthat,711,0,0,5,True,False,True,0.0,0.0
full_coverage_complete,boy`headwithouthat,712,0,0,5,True,False,True,0.0,0.0
full_coverage_complete,boy`headwithouthat,713,0,0,5,True,False,True,0.0,0.0
full_coverage_complete,boy`headwithouthat,714,0,0,5,True,False,True,0.0,0.0
full_coverage_complete,boy`headwithouthat,715,0,0,4,True,False,True,0.0,0.0
full_coverage_complete,boy`headwithouthat,716,0,0,5,True,False,True,0.0,0.0
full_coverage_complete,boy`headwithouthat,717,0,0,5,True,False,True,0.0,0.0
full_coverage_complete,boy`headwithouthat,718,0,0,4,True,False,True,0.0,0.0
full_coverage_complete,boy`headwithouthat,719,0,0,4,True,False,True,0.0,0.0
full_coverage_complete,boy`headwithouthat,720,0,0,4,True,False,True,0.0,0.0
full_coverage_complete,boy`headwithouthat,721,0,0,4,True,False,True,0.0,0.0
full_coverage_complete,boy`headwithouthat,722,0,0,4,True,False,True,0.0,0.0
full_coverage_complete,boy`headwithouthat,723,0,0,4,True,False,True,0.0,0.0
full_coverage_complete,boy`headwithouthat,724,0,0,4,True,False,True,0.0,0.0
full_coverage_complete,boy`headwithouthat,725,0,0,5,True,False,True,0.0,0.0
full_coverage_complete,boy`headwithouthat,726,4,0,4,True,False,True,0.0,0.0
full_coverage_complete,boy`headwithouthat,727,5,0,5,True,False,True,0.0,0.0
full_coverage_complete,boy`headwithouthat,728,5,0,5,True,False,True,0.0,0.0
full_coverage_complete,boy`headwithouthat,729,0,0,5,True,False,True,0.0,0.0
full_coverage_complete,boy`headwithouthat,730,0,2,5,True,False,True,0.0,0.0
full_coverage_complete,boy`headwithouthat,731,0,0,1,True,False,True,0.0,0.0
full_coverage_complete,boy`headwithouthat,732,0,0,4,True,False,True,0.0,0.0
full_coverage_complete,boy`headwithouthat,733,4,0,4,True,False,True,0.0,0.0
full_coverage_complete,boy`headwithouthat,734,0,0,5,True,False,True,0.0,0.0
full_coverage_complete,boy`headwithouthat,735,0,0,5,True,False,True,0.0,0.0
full_coverage_complete,boy`headwithouthat,740,0,0,5,True,False,True,0.0,0.0
full_coverage_complete,boy`headwithouthat,741,0,0,5,True,False,True,0.0,0.0
full_coverage_complete,boy`headwithouthat,742,0,0,5,True,False,True,0.0,0.0
full_coverage_complete,boy`headwithouthat,743,0,0,5,True,False,True,0.0,0.0
full_coverage_complete,boy`headwithouthat,744,0,1,5,True,False,True,0.0,0.0
full_coverage_complete,boy`headwithouthat,745,0,0,5,True,False,True,0.0,0.0
full_coverage_complete,boy`headwithouthat,746,0,0,5,True,False,True,0.0,0.0
full_coverage_complete,boy`headwithouthat,747,0,0,5,True,False,True,0.0,0.0
full_coverage_complete,boy`headwithouthat,748,4,3,4,True,False,True,0.0,0.0
full_coverage_complete,boy`headwithouthat,749,0,0,5,True,False,True,0.0,0.0
full_coverage_complete,boy`headwithouthat,751,5,4,5,True,False,True,0.0,0.0
full_coverage_complete,boy`headwithouthat,752,0,0,4,True,False,True,0.0,0.0
full_coverage_complete,boy`headwithouthat,753,4,1,4,True,False,True,0.0,0.0
full_coverage_complete,boy`headwithouthat,754,0,0,5,True,False,True,0.0,0.0
full_coverage_complete,boy`headwithouthat,755,0,0,5,True,False,True,0.0,0.0
full_coverage_complete,boy`headwithouthat,756,0,0,5,True,False,True,0.0,0.0
full_coverage_complete,boy`headwithouthat,757,0,0,5,True,False,True,0.0,0.0
full_coverage_complete,boy`headwithouthat,758,0,0,5,True,False,True,0.0,0.0
full_coverage_complete,boy`headwithouthat,759,5,0,5,True,False,True,0.0,0.0
full_coverage_complete,boy`headwithouthat,760,5,3,5,True,False,True,0.0,0.0
full_coverage_complete,boy`headwithouthat,761,0,0,5,True,False,True,0.0,0.0
full_coverage_complete,boy`headwithouthat,764,0,0,4,True,False,True,0.0,0.0
full_coverage_complete,boy`headwithouthat,765,0,0,4,True,False,True,0.0,0.0
full_coverage_complete,boy`headwithouthat,766,0,0,4,True,False,True,0.0,0.0
full_coverage_complete,boy`headwithouthat,767,0,0,4,True,False,True,0.0,0.0
full_coverage_complete,boy`headwithouthat,768,0,0,4,True,False,True,0.0,0.0
full_coverage_complete,boy`headwithouthat,773,0,0,4,True,False,True,0.0,0.0
full_coverage_complete,boy`headwithouthat,774,0,0,4,True,False,True,0.0,0.0
full_coverage_complete,boy`headwithouthat,775,0,0,4,True,False,True,0.0,0.0
full_coverage_complete,boy`headwithouthat,776,0,0,4,True,False,True,0.0,0.0
full_coverage_complete,boy`headwithouthat,783,0,0,4,True,False,True,0.0,0.0
full_coverage_complete,boy`headwithouthat,787,5,0,5,True,False,True,0.0,0.0
full_coverage_complete,boy`headwithouthat,789,0,0,4,True,False,True,0.0,0.0
full_coverage_complete,boy`headwithouthat,791,0,0,4,True,False,True,0.0,0.0
full_coverage_complete,boy`headwithouthat,792,0,0,1,True,False,True,0.0,0.0
full_coverage_complete,boy`headwithouthat,793,0,0,1,True,False,True,0.0,0.0
full_coverage_complete,boy`headwithouthat,794,0,0,1,True,False,True,0.0,0.0
full_coverage_complete,boy`headwithouthat,797,0,0,1,True,False,True,0.0,0.0
full_coverage_complete,boy`headwithouthat,799,0,0,5,True,False,True,0.0,0.0
full_coverage_complete,boy`headwithouthat,800,0,0,1,True,False,True,0.0,0.0
full_coverage_complete,boy`headwithouthat,801,0,0,1,True,False,True,0.0,0.0
full_coverage_complete,boy`headwithouthat,802,0,1,1,True,False,True,0.0,0.0
full_coverage_complete,boy`headwithouthat,803,0,0,1,True,False,True,0.0,0.0
full_coverage_complete,boy`headwithouthat,804,4,2,4,True,False,True,0.0,0.0
full_coverage_complete,boy`headwithouthat,805,0,0,5,True,False,True,0.0,0.0
full_coverage_complete,boy`headwithouthat,806,0,0,4,True,False,True,0.0,0.0
full_coverage_complete,boy`headwithouthat,808,0,0,5,True,False,True,0.0,0.0
full_coverage_complete,boy`headwithouthat,809,0,0,5,True,False,True,0.0,0.0
full_coverage_complete,boy`headwithouthat,810,5,0,5,True,False,True,0.0,0.0
full_coverage_complete,boy`headwithouthat,811,0,0,4,True,False,True,0.0,0.0
full_coverage_complete,boy`headwithouthat,812,0,0,4,True,False,True,0.0,0.0
full_coverage_complete,boy`headwithouthat,813,0,0,4,True,False,True,0.0,0.0
full_coverage_complete,boy`headwithouthat,814,0,0,4,True,False,True,0.0,0.0
full_coverage_complete,boy`headwithouthat,815,0,0,4,True,False,True,0.0,0.0
full_coverage_complete,boy`headwithouthat,816,0,0,5,True,False,True,0.0,0.0
full_coverage_complete,boy`headwithouthat,817,0,0,4,True,False,True,0.0,0.0
full_coverage_complete,boy`headwithouthat,818,0,0,5,True,False,True,0.0,0.0
full_coverage_complete,boy`headwithouthat,819,0,0,4,True,False,True,0.0,0.0
full_coverage_complete,boy`headwithouthat,820,5,0,5,True,False,True,0.0,0.0
full_coverage_complete,boy`headwithouthat,821,0,0,4,True,False,True,0.0,0.0
full_coverage_complete,boy`headwithouthat,822,0,0,5,True,False,True,0.0,0.0
full_coverage_complete,boy`headwithouthat,823,5,4,5,True,False,True,0.0,0.0
full_coverage_complete,boy`headwithouthat,824,5,0,5,True,False,True,0.0,0.0
full_coverage_complete,boy`headwithouthat,825,0,0,5,True,False,True,0.0,0.0
full_coverage_complete,boy`headwithouthat,827,0,0,5,True,False,True,0.0,0.0
full_coverage_complete,boy`headwithouthat,828,0,0,1,True,False,True,0.0,0.0
full_coverage_complete,boy`headwithouthat,829,5,2,5,True,False,True,0.0,0.0
full_coverage_complete,boy`headwithouthat,830,5,0,5,True,False,True,0.0,0.0
full_coverage_complete,boy`headwithouthat,833,5,2,5,True,False,True,0.0,0.0
full_coverage_complete,boy`headwithouthat,834,5,0,5,True,False,True,0.0,0.0
full_coverage_complete,boy`headwithouthat,835,0,0,1,True,False,True,0.0,0.0
full_coverage_complete,boy`headwithouthat,836,0,0,4,True,False,True,0.0,0.0
full_coverage_complete,boy`headwithouthat,837,0,0,4,True,False,True,0.0,0.0
full_coverage_complete,boy`headwithouthat,839,0,0,5,True,False,True,0.0,0.0
full_coverage_complete,boy`headwithouthat,840,0,0,5,True,False,True,0.0,0.0
full_coverage_complete,boy`headwithouthat,841,0,0,5,True,False,True,0.0,0.0
full_coverage_complete,boy`headwithouthat,842,0,0,1,True,False,True,0.0,0.0
full_coverage_complete,boy`headwithouthat,843,0,0,4,True,False,True,0.0,0.0
full_coverage_complete,boy`headwithouthat,844,0,0,4,True,False,True,0.0,0.0
full_coverage_complete,boy`headwithouthat,845,0,0,5,True,False,True,0.0,0.0
full_coverage_complete,boy`headwithouthat,846,0,0,4,True,False,True,0.0,0.0
full_coverage_complete,boy`headwithouthat,847,0,0,5,True,False,True,0.0,0.0
full_coverage_complete,boy`headwithouthat,848,0,0,4,True,False,True,0.0,0.0
full_coverage_complete,boy`headwithouthat,849,0,0,5,True,False,True,0.0,0.0
full_coverage_complete,boy`headwithouthat,850,0,0,5,True,False,True,0.0,0.0
full_coverage_complete,boy`sheadingreycol,24,0,0,4,True,False,True,0.380184403497044,0.380184403497044
full_coverage_complete,boy`sheadingreycol,28,0,0,1,True,False,True,0.49922026752728466,0.49922026752728466
full_coverage_complete,boy`sheadingreycol,29,0,0,4,True,False,True,0.4519295326683738,0.4519295326683738
full_coverage_complete,boy`sheadingreycol,30,0,0,4,True,False,True,0.5245763861675977,0.5245763861675977
full_coverage_complete,boy`sheadingreycol,31,0,0,6,True,False,True,0.0,0.0
full_coverage_complete,boy`sheadingreycol,32,5,0,5,True,False,True,0.0,0.0
full_coverage_complete,boy`sheadingreycol,40,0,0,4,True,False,True,0.0,0.0
full_coverage_complete,boy`sheadingreycol,49,5,0,5,True,False,True,0.0,0.0
full_coverage_complete,boy`sheadingreycol,50,0,1,4,True,False,True,0.0,0.0
full_coverage_complete,boy`sheadingreycol,51,0,0,5,True,False,True,0.0,0.0
full_coverage_complete,boy`sheadingreycol,52,0,0,2,True,False,True,0.0,0.0
full_coverage_complete,boy`sheadingreycol,53,0,0,5,True,False,True,0.0,0.0
full_coverage_complete,boy`sheadingreycol,54,0,0,5,True,False,True,0.0,0.0
full_coverage_complete,boy`sheadingreycol,55,0,0,5,True,False,True,0.0,0.0
full_coverage_complete,boy`sheadingreycol,57,0,0,5,True,False,True,0.0,0.0
full_coverage_complete,boy`sheadingreycol,61,0,0,5,True,False,True,0.0,0.0
full_coverage_complete,boy`sheadingreycol,64,0,0,5,True,False,True,0.0,0.0
full_coverage_complete,boy`sheadingreycol,65,5,0,5,True,False,True,0.0,0.0
full_coverage_complete,boy`sheadingreycol,72,0,0,5,True,False,True,0.0,0.0
full_coverage_complete,boy`sheadingreycol,74,0,0,5,True,False,True,0.0,0.0
full_coverage_complete,boy`sheadingreycol,75,0,0,5,True,False,True,0.0,0.0
full_coverage_complete,boy`sheadingreycol,76,5,0,5,True,False,True,0.0,0.0
full_coverage_complete,boy`sheadingreycol,80,0,0,6,True,False,True,0.0,0.0
full_coverage_complete,boy`sheadingreycol,81,0,0,5,True,False,True,0.0,0.0
full_coverage_complete,boy`sheadingreycol,82,0,0,5,True,False,True,0.0,0.0
full_coverage_complete,boy`sheadingreycol,83,0,0,2,True,False,True,0.0,0.0
full_coverage_complete,boy`sheadingreycol,84,0,0,5,True,False,True,0.0,0.0
full_coverage_complete,boy`sheadingreycol,144,0,0,4,True,False,True,0.30722650655943273,0.30722650655943273
full_coverage_complete,boy`sheadingreycol,146,0,0,2,True,False,True,0.6376837298657014,0.6376837298657014
full_coverage_complete,boy`sheadingreycol,149,0,0,1,True,False,True,0.013441789869817275,0.013441789869817275
full_coverage_complete,boy`sheadingreycol,152,0,0,1,True,False,True,0.0,0.0
full_coverage_complete,boy`sheadingreycol,153,0,0,5,True,False,True,0.0,0.0
full_coverage_complete,boy`sheadingreycol,155,0,0,5,True,False,True,0.0018427305256505976,0.0018427305256505976
full_coverage_complete,boy`sheadingreycol,156,0,0,2,True,False,True,0.0,0.0
full_coverage_complete,boy`sheadingreycol,157,0,0,1,True,False,True,0.03717291910836942,0.03717291910836942
full_coverage_complete,boy`sheadingreycol,158,0,0,2,True,False,True,0.005660047200531876,0.005660047200531876
full_coverage_complete,boy`sheadingreycol,159,0,0,5,True,False,True,0.0,0.0
full_coverage_complete,boy`sheadingreycol,160,1,0,1,True,False,True,0.026466892048220524,0.0376842128563425
full_coverage_complete,boy`sheadingreycol,161,0,2,5,True,False,True,0.07040964315768682,0.09473136256102285
full_coverage_complete,boy`sheadingreycol,166,0,1,4,True,False,True,0.0,0.0
full_coverage_complete,boy`sheadingreycol,167,0,0,5,True,False,True,0.0,0.0
full_coverage_complete,boy`sheadingreycol,168,5,0,5,True,False,True,0.0,0.0
full_coverage_complete,boy`sheadingreycol,169,0,0,5,True,False,True,0.0,0.0
full_coverage_complete,boy`sheadingreycol,170,0,0,5,True,False,True,0.0,0.0
full_coverage_complete,boy`sheadingreycol,171,0,0,5,True,False,True,0.0,0.0
full_coverage_complete,boy`sheadingreycol,172,0,0,5,True,False,True,0.0,0.0
full_coverage_complete,boy`sheadingreycol,178,0,0,6,True,False,True,0.0,0.0
full_coverage_complete,boy`sheadingreycol,180,0,0,2,True,False,True,0.0,0.0
full_coverage_complete,boy`sheadingreycol,181,0,0,2,True,False,True,0.0,0.0
full_coverage_complete,boy`sheadingreycol,182,0,0,0,False,False,True,0.0,0.0
full_coverage_complete,boy`sheadingreycol,187,0,0,5,True,False,True,0.0,0.0
full_coverage_complete,boy`sheadingreycol,188,0,0,6,True,False,True,0.0,0.0
full_coverage_complete,boy`sheadingreycol,189,6,1,6,True,False,True,0.0,0.08833952178446626
full_coverage_complete,boy`sheadingreycol,196,6,1,6,True,False,True,0.79516975129,0.6330658023309986
full_coverage_complete,boy`sheadingreycol,218,5,0,5,True,False,True,0.3097940361215554,0.8129971510493604
full_coverage_complete,boy`sheadingreycol,225,0,0,1,True,False,True,0.9262027641455032,0.9262027641455032
full_coverage_complete,boy`sheadingreycol,230,4,0,4,True,False,True,0.27474867347486714,0.0
full_coverage_complete,boy`sheadingreycol,232,0,0,5,True,False,True,0.0,0.0
full_coverage_complete,boy`sheadingreycol,240,0,0,6,True,False,True,0.0,0.0
full_coverage_complete,boy`sheadingreycol,247,1,3,1,True,False,True,0.0,0.0
full_coverage_complete,boy`sheadingreycol,252,0,0,4,True,False,True,0.0,0.0
full_coverage_complete,boy`sheadingreycol,256,4,0,4,True,False,True,0.0,0.0
full_coverage_complete,boy`sheadingreycol,258,6,0,6,True,False,True,0.0,0.0
full_coverage_complete,boy`sheadingreycol,259,6,0,6,True,False,True,0.0,0.0
full_coverage_complete,boy`sheadingreycol,260,6,0,6,True,False,True,0.0,0.0
full_coverage_complete,boy`sheadingreycol,261,0,1,6,True,False,True,0.0,0.0
full_coverage_complete,boy`sheadingreycol,266,0,0,5,True,False,True,0.0,0.0
full_coverage_complete,boy`sheadingreycol,267,5,0,5,True,False,True,0.0,0.0
full_coverage_complete,boyaftertree,59,0,0,4,True,False,True,0.6352909495179738,0.6352909495179738
full_coverage_complete,boyaftertree,60,0,0,1,True,False,True,0.0,0.0
full_coverage_complete,boyaftertree,61,5,0,5,True,False,True,0.0,0.0
full_coverage_complete,boyaftertree,62,0,0,5,True,False,True,0.0,0.0
full_coverage_complete,boyaftertree,63,0,0,4,True,False,True,0.0,0.0
full_coverage_complete,boyaftertree,64,0,0,4,True,False,True,0.0,0.0
full_coverage_complete,boyaftertree,65,4,0,4,True,False,True,0.0,0.0
full_coverage_complete,boyaftertree,67,0,0,5,True,False,True,0.6026574456598927,0.6026574456598927
full_coverage_complete,boyaroundtrees,411,0,0,2,True,False,True,0.0,0.0
full_coverage_complete,boyaroundtrees,412,0,0,2,True,False,True,0.0,0.0
full_coverage_complete,boyaroundtrees,413,0,0,2,True,False,True,0.0,0.0
full_coverage_complete,boyaroundtrees,414,0,0,2,True,False,True,0.0,0.0
full_coverage_complete,boyaroundtrees,415,0,0,2,True,False,True,0.0,0.0
full_coverage_complete,boyaroundtrees,416,0,0,2,True,False,True,0.0,0.0
full_coverage_complete,boyaroundtrees,417,0,0,2,True,False,True,0.0,0.0
full_coverage_complete,boyaroundtrees,418,0,0,2,True,False,True,0.0,0.0
full_coverage_complete,boyaroundtrees,419,0,0,1,True,False,True,0.0,0.0
full_coverage_complete,boyaroundtrees,421,0,0,2,True,False,True,0.0,0.0
full_coverage_complete,boyaroundtrees,422,0,0,2,True,False,True,0.0,0.0
full_coverage_complete,boyaroundtrees,693,0,0,4,True,False,True,0.0,0.0
full_coverage_complete,boyaroundtrees,696,0,0,5,True,False,True,0.0,0.0
full_coverage_complete,boyaroundtrees,697,0,0,5,True,False,True,0.0,0.0
full_coverage_complete,boyaroundtrees,698,0,0,5,True,False,True,0.0,0.0
full_coverage_complete,boyaroundtrees,700,0,0,1,True,False,True,0.0,0.0
full_coverage_complete,boyaroundtrees,702,0,0,6,True,False,True,0.0,0.0
full_coverage_complete,boyaroundtrees,703,0,0,6,True,False,True,0.0,0.0
full_coverage_complete,boyaroundtrees,705,0,0,4,True,False,True,0.0,0.0
full_coverage_complete,boyaroundtrees,706,0,0,6,True,False,True,0.0,0.0
full_coverage_complete,boyaroundtrees,707,0,0,6,True,False,True,0.0,0.0
full_coverage_complete,boyaroundtrees,708,0,0,6,True,False,True,0.0,0.0
full_coverage_complete,boyaroundtrees,709,0,0,6,True,False,True,0.0,0.0
full_coverage_complete,boyaroundtrees,711,0,0,6,True,False,True,0.0,0.0
full_coverage_complete,boyaroundtrees,714,0,0,5,True,False,True,0.0,0.0
full_coverage_complete,boyaroundtrees,718,0,0,5,True,False,True,0.0,0.0
full_coverage_complete,boyaroundtrees,720,0,0,5,True,False,True,0.0,0.0
full_coverage_complete,boyaroundtrees,722,0,0,5,True,False,True,0.0,0.0
full_coverage_complete,boyaroundtrees,725,0,0,5,True,False,True,0.0,0.0
full_coverage_complete,boyaroundtrees,727,0,0,5,True,False,True,0.0,0.0
full_coverage_complete,boyaroundtrees,729,0,0,5,True,False,True,0.0,0.0
full_coverage_complete,boyaroundtrees,730,0,0,5,True,False,True,0.0,0.0
full_coverage_complete,boyaroundtrees,731,0,0,5,True,False,True,0.0,0.0
full_coverage_complete,boyaroundtrees,734,0,0,5,True,False,True,0.0,0.0
full_coverage_complete,boyaroundtrees,736,0,0,5,True,False,True,0.0,0.0
full_coverage_complete,boyaroundtrees,738,0,0,5,True,False,True,0.0,0.0
full_coverage_complete,boyaroundtrees,740,0,0,5,True,False,True,0.0,0.0
full_coverage_complete,boyaroundtrees,743,0,0,5,True,False,True,0.0,0.0
full_coverage_complete,boyaroundtrees,745,0,0,5,True,False,True,0.0,0.0
full_coverage_complete,boyaroundtrees,748,0,0,5,True,False,True,0.0,0.0
full_coverage_complete,boyaroundtrees,750,0,0,5,True,False,True,0.0,0.0
full_coverage_complete,boyaroundtrees,753,0,0,5,True,False,True,0.0,0.0
full_coverage_complete,boyaroundtrees,754,5,3,5,True,False,True,0.0,0.0
full_coverage_complete,boyaroundtrees,755,0,0,5,True,False,True,0.0,0.0
full_coverage_complete,boyaroundtrees,756,0,0,5,True,False,True,0.0,0.0
full_coverage_complete,boyaroundtrees,757,0,0,5,True,False,True,0.0,0.0
full_coverage_complete,boyaroundtrees,760,0,0,5,True,False,True,0.0,0.0
full_coverage_complete,boyaroundtrees,761,0,0,5,True,False,True,0.0,0.0
full_coverage_complete,boyaroundtrees,762,0,0,5,True,False,True,0.0,0.0
full_coverage_complete,boyaroundtrees,765,0,0,5,True,False,True,0.0,0.0
full_coverage_complete,boyaroundtrees,767,0,0,5,True,False,True,0.0,0.0
full_coverage_complete,boyaroundtrees,770,0,0,5,True,False,True,0.0,0.0
full_coverage_complete,boyaroundtrees,772,0,0,5,True,False,True,0.0,0.0
full_coverage_complete,boyaroundtrees,774,0,0,5,True,False,True,0.0,0.0
full_coverage_complete,boyaroundtrees,776,0,0,5,True,False,True,0.0,0.0
full_coverage_complete,boyaroundtrees,779,0,0,5,True,False,True,0.0,0.0
full_coverage_complete,boyaroundtrees,781,0,0,5,True,False,True,0.0,0.0
full_coverage_complete,boyaroundtrees,783,0,0,5,True,False,True,0.0,0.0
full_coverage_complete,boyaroundtrees,785,0,0,5,True,False,True,0.0,0.0
full_coverage_complete,boyaroundtrees,787,0,0,5,True,False,True,0.0,0.0
full_coverage_complete,boyaroundtrees,789,0,0,5,True,False,True,0.0,0.0
full_coverage_complete,boyaroundtrees,791,0,0,5,True,False,True,0.0,0.0
full_coverage_complete,boyaroundtrees,793,0,0,5,True,False,True,0.0,0.0
full_coverage_complete,boyaroundtrees,795,0,0,5,True,False,True,0.0,0.0
full_coverage_complete,boyaroundtrees,797,0,0,5,True,False,True,0.0,0.0
full_coverage_complete,boyaroundtrees,802,0,0,5,True,False,True,0.0,0.0
full_coverage_complete,boyaroundtrees,804,5,1,5,True,False,True,0.0,0.0
full_coverage_complete,boyaroundtrees,805,0,0,5,True,False,True,0.0,0.0
full_coverage_complete,boyaroundtrees,809,0,0,5,True,False,True,0.0,0.0
full_coverage_complete,boyaroundtrees,811,0,0,5,True,False,True,0.0,0.0
full_coverage_complete,boyaroundtrees,812,5,2,5,True,False,True,0.0,0.0
full_coverage_complete,boyaroundtrees,813,0,0,5,True,False,True,0.0,0.0
full_coverage_complete,boyaroundtrees,815,0,0,5,True,False,True,0.0,0.0
full_coverage_complete,boyaroundtrees,817,0,0,5,True,False,True,0.0,0.0
full_coverage_complete,boyaroundtrees,818,0,0,1,True,False,True,0.0,0.0
full_coverage_complete,boyaroundtrees,826,0,0,0,False,False,True,0.0,0.0
full_coverage_complete,boyaroundtrees,836,0,0,5,True,False,True,0.0,0.0
full_coverage_complete,boyaroundtrees,837,0,0,5,True,False,True,0.0,0.0
full_coverage_complete,boyaroundtrees,838,5,2,5,True,False,True,0.0,0.0
full_coverage_complete,boyaroundtrees,844,4,1,4,True,False,True,0.0,0.0
full_coverage_complete,boyaroundtrees,845,0,0,4,True,False,True,0.0,0.0
full_coverage_complete,boyaroundtrees,846,0,0,6,True,False,True,0.0,0.0
full_coverage_complete,boyaroundtrees,849,0,3,5,True,False,True,0.0,0.0
full_coverage_complete,boyaroundtrees,850,0,0,5,True,False,True,0.0,0.0
full_coverage_complete,boyaroundtrees,851,0,0,5,True,False,True,0.0,0.0
full_coverage_complete,boyaroundtrees,852,0,0,5,True,False,True,0.0,0.0
full_coverage_complete,boyaroundtrees,853,0,0,5,True,False,True,0.0,0.0
full_coverage_complete,boyaroundtrees,854,5,3,5,True,False,True,0.0,0.0
full_coverage_complete,boyaroundtrees,913,0,0,2,True,False,True,0.7464118913270641,0.7464118913270641
full_coverage_complete,boyaroundtrees,915,1,0,1,True,False,True,0.822033969677661,0.8642460376414561
full_coverage_complete,boyaroundtrees,918,0,0,2,True,False,True,0.8525542796287454,0.8525542796287454
full_coverage_complete,boyaroundtrees,936,0,0,2,True,False,True,0.799658613624456,0.799658613624456
full_coverage_complete,boyaroundtrees,937,1,0,1,True,False,True,0.7160944773653535,0.8361639408916419
full_coverage_complete,boyaroundtrees,1019,0,0,1,True,False,True,0.39079649553720863,0.39079649553720863
full_coverage_complete,boyaroundtrees,1020,0,0,1,True,False,True,0.44965164920304385,0.44965164920304385
full_coverage_complete,boyaroundtrees,1331,0,0,2,True,False,True,0.749318423841922,0.749318423841922
full_coverage_complete,boyaroundtrees,1333,2,0,2,True,False,True,0.7329470134985668,0.0
full_coverage_complete,boyaroundtrees,1337,0,0,1,True,False,True,0.6725992617836959,0.6725992617836959
full_coverage_complete,boyaroundtrees,1338,0,0,1,True,False,True,0.7270075872855823,0.7270075872855823
full_coverage_complete,boyaroundtrees,1362,0,0,2,True,False,True,0.3384344676149409,0.3384344676149409
full_coverage_complete,boyaroundtrees,1363,0,0,2,True,False,True,0.5199509979185792,0.5199509979185792
full_coverage_complete,boyaroundtrees,1364,0,1,0,False,False,True,0.7897227724698005,0.0
full_coverage_complete,boyaroundtrees,1365,0,0,5,True,False,True,0.0,0.0
full_coverage_complete,boyaroundtrees,1368,0,0,5,True,False,True,0.0,0.0
full_coverage_complete,boyaroundtrees,1371,0,0,2,True,False,True,0.1123033033550132,0.1123033033550132
full_coverage_complete,boyaroundtrees,1372,1,0,1,True,False,True,0.35670038892806627,0.6301161258238146
full_coverage_complete,boyaroundtrees,1373,0,0,1,True,False,True,0.5316865884910776,0.5316865884910776
full_coverage_complete,boyaroundtrees,1374,0,0,2,True,False,True,0.663765640873957,0.663765640873957
full_coverage_complete,boyaroundtrees,1375,0,0,5,True,False,True,0.643516818179267,0.643516818179267
full_coverage_complete,boyaroundtrees,1386,1,0,1,True,False,True,0.7749780822758622,0.0
full_coverage_complete,boyaroundtrees,1672,0,0,1,True,False,True,0.6580696052445544,0.6580696052445544
full_coverage_complete,boyaroundtrees,1673,0,0,1,True,False,True,0.5976397613984675,0.5976397613984675
full_coverage_complete,boyaroundtrees,1674,0,0,1,True,False,True,0.5716731835646525,0.5716731835646525
full_coverage_complete,boyaroundtrees,1675,0,0,4,True,False,True,0.1945143453240916,0.1945143453240916
full_coverage_complete,boyaroundtrees,1676,0,0,1,True,False,True,0.4037488496582262,0.4037488496582262
full_coverage_complete,boyaroundtrees,1677,0,0,4,True,False,True,0.30699383550848164,0.30699383550848164
full_coverage_complete,boyaroundtrees,1678,0,0,4,True,False,True,0.3837664372429256,0.3837664372429256
full_coverage_complete,boyaroundtrees,1679,0,0,1,True,False,True,0.45466954211556493,0.45466954211556493
full_coverage_complete,boyaroundtrees,1680,0,0,4,True,False,True,0.5129122186685158,0.5129122186685158
full_coverage_complete,boyaroundtrees,1681,0,0,4,True,False,True,0.49248033495829524,0.49248033495829524
full_coverage_complete,boyaroundtrees,1682,0,0,4,True,False,True,0.46842323423738336,0.46842323423738336
full_coverage_complete,boyaroundtrees,1683,0,0,4,True,False,True,0.423106978223387,0.423106978223387
full_coverage_complete,boyaroundtrees,1684,0,0,4,True,False,True,0.3974712564958854,0.3974712564958854
full_coverage_complete,boyaroundtrees,1685,4,0,4,True,False,True,0.3369885884320759,0.0
full_coverage_complete,boyaroundtrees,1686,0,0,2,True,False,True,0.0,0.0
full_coverage_complete,boyaroundtrees,1687,0,0,4,True,False,True,0.0,0.0
full_coverage_complete,boyaroundtrees,1688,0,0,4,True,False,True,0.0,0.0
full_coverage_complete,boyaroundtrees,1689,0,0,4,True,False,True,0.0,0.0
full_coverage_complete,boyaroundtrees,1690,0,0,4,True,False,True,0.0,0.0
full_coverage_complete,boyaroundtrees,1691,0,0,4,True,False,True,0.0,0.0
full_coverage_complete,boyaroundtrees,1692,0,0,4,True,False,True,0.0,0.0
full_coverage_complete,boyaroundtrees,1693,0,0,4,True,False,True,0.0,0.0
full_coverage_complete,boyaroundtrees,1694,0,0,4,True,False,True,0.0,0.0
full_coverage_complete,boyaroundtrees,1695,5,1,5,True,False,True,0.0,0.0
full_coverage_complete,boyaroundtrees,1696,5,0,5,True,False,True,0.0,0.0
full_coverage_complete,boyaroundtrees,1697,0,0,5,True,False,True,0.0,0.0
full_coverage_complete,boyaroundtrees,1698,0,0,5,True,False,True,0.0,0.0
full_coverage_complete,boyaroundtrees,1699,0,0,4,True,False,True,0.0,0.0
full_coverage_complete,boyaroundtrees,1700,0,0,4,True,False,True,0.0,0.0
full_coverage_complete,boyaroundtrees,1701,0,0,4,True,False,True,0.0,0.0
full_coverage_complete,boyaroundtrees,1702,0,0,4,True,False,True,0.0,0.0
full_coverage_complete,boyaroundtrees,1703,0,0,4,True,False,True,0.0,0.0
full_coverage_complete,boyaroundtrees,1704,4,2,4,True,False,True,0.0,0.0
full_coverage_complete,boyaroundtrees,1705,0,0,5,True,False,True,0.0,0.0
full_coverage_complete,boyaroundtrees,1715,0,0,1,True,False,True,0.0,0.0
full_coverage_complete,boyaroundtrees,1720,0,0,1,True,False,True,0.0,0.0
full_coverage_complete,boyaroundtrees,1721,0,0,4,True,False,True,0.0,0.0
full_coverage_complete,boyaroundtrees,1722,0,0,5,True,False,True,0.0,0.0
full_coverage_complete,boyaroundtrees,1723,0,0,1,True,False,True,0.0,0.0
full_coverage_complete,boyaroundtrees,1734,0,0,0,False,False,True,0.0,0.0
full_coverage_complete,boyaroundtrees,1746,0,0,1,True,False,True,0.0,0.0
full_coverage_complete,boyaroundtrees,1747,1,1,1,True,False,True,0.0,0.0
full_coverage_complete,boyaroundtrees,1748,0,0,5,True,False,True,0.0,0.0
full_coverage_complete,boyaroundtrees,1750,0,0,1,True,False,True,0.0,0.0
full_coverage_complete,boyaroundtrees,1751,0,0,1,True,False,True,0.0,0.0
full_coverage_complete,boyaroundtrees,1752,0,0,1,True,False,True,0.0,0.0
full_coverage_complete,boyaroundtrees,1753,0,0,1,True,False,True,0.0,0.0
full_coverage_complete,boyaroundtrees,1754,0,0,4,True,False,True,0.0,0.0
full_coverage_complete,boyaroundtrees,1755,0,0,4,True,False,True,0.0,0.0
full_coverage_complete,boyaroundtrees,1756,0,0,1,True,False,True,0.0,0.0
full_coverage_complete,boyaroundtrees,1757,0,0,4,True,False,True,0.0,0.0
full_coverage_complete,boyaroundtrees,1758,5,0,5,True,False,True,0.0,0.0
full_coverage_complete,boyaroundtrees,1759,0,0,4,True,False,True,0.0,0.0
full_coverage_complete,boyaroundtrees,1760,5,2,5,True,False,True,0.0,0.0
full_coverage_complete,boyaroundtrees,1761,0,0,1,True,False,True,0.0,0.0
full_coverage_complete,boyaroundtrees,1762,1,2,1,True,False,True,0.0,0.0
full_coverage_complete,boyaroundtrees,1765,0,0,1,True,False,True,0.0,0.0
full_coverage_complete,boyaroundtrees,1766,0,0,4,True,False,True,0.0,0.0
full_coverage_complete,boyaroundtrees,1781,0,0,4,True,False,True,0.0,0.0
full_coverage_complete,boyaroundtrees,1782,0,0,4,True,False,True,0.0,0.0
full_coverage_complete,boyaroundtrees,1784,0,0,4,True,False,True,0.0,0.0
full_coverage_complete,boyaroundtrees,1785,0,0,1,True,False,True,0.0,0.0
full_coverage_complete,boyaroundtrees,1786,0,0,4,True,False,True,0.0,0.0
full_coverage_complete,boyaroundtrees,1787,0,0,4,True,False,True,0.0,0.0
full_coverage_complete,boyaroundtrees,1788,0,0,4,True,False,True,0.0,0.0
full_coverage_complete,boyaroundtrees,1789,4,1,4,True,False,True,0.0,0.0
full_coverage_complete,boyaroundtrees,1790,5,4,5,True,False,True,0.0,0.0
full_coverage_complete,boyaroundtrees,1791,5,0,5,True,False,True,0.0,0.0
full_coverage_complete,boyaroundtrees,1792,0,0,5,True,False,True,0.0,0.0
full_coverage_complete,boyaroundtrees,1793,0,0,5,True,False,True,0.0,0.0
full_coverage_complete,boyaroundtrees,1794,0,0,5,True,False,True,0.0,0.0
full_coverage_complete,boyaroundtrees,1795,5,0,5,True,False,True,0.0,0.0
full_coverage_complete,boyaroundtrees,1796,0,0,5,True,False,True,0.0,0.0
full_coverage_complete,boyaroundtrees,1797,0,0,1,True,False,True,0.0,0.0
full_coverage_complete,boyaroundtrees,1798,0,0,4,True,False,True,0.0,0.0
full_coverage_complete,boyaroundtrees,1799,0,0,4,True,False,True,0.0,0.0
full_coverage_complete,boyaroundtrees,1800,0,0,1,True,False,True,0.0,0.0
full_coverage_complete,boyaroundtrees,1832,4,0,4,True,False,True,0.0,0.0
full_coverage_complete,boyaroundtrees,1833,4,3,4,True,False,True,0.0,0.0
full_coverage_complete,boyaroundtrees,1834,1,0,1,True,False,True,0.0,0.0
full_coverage_complete,boyaroundtrees,1836,1,0,1,True,False,True,0.0,0.0
full_coverage_complete,boyaroundtrees,1858,1,0,1,True,False,True,0.0,0.0
full_coverage_complete,boyaroundtrees,1860,0,1,1,True,False,True,0.0,0.0
full_coverage_complete,boyaroundtrees,1861,5,0,5,True,False,True,0.0,0.0
full_coverage_complete,boyaroundtrees,1863,0,0,1,True,False,True,0.0,0.0
full_coverage_complete,boyaroundtrees,1866,1,0,1,True,False,True,0.0,0.0
full_coverage_complete,boyaroundtrees,1867,1,0,1,True,False,True,0.0,0.0
full_coverage_complete,boyaroundtrees,1868,0,0,4,True,False,True,0.0,0.0
full_coverage_complete,boyaroundtrees,1869,0,0,1,True,False,True,0.0,0.0
full_coverage_complete,boyaroundtrees,1870,5,0,5,True,False,True,0.0,0.0
full_coverage_complete,boyaroundtrees,1871,0,0,5,True,False,True,0.0,0.0
full_coverage_complete,boyaroundtrees,1872,0,1,5,True,False,True,0.0,0.0
full_coverage_complete,boyaroundtrees,1877,0,0,4,True,False,True,0.0,0.0
full_coverage_complete,boyaroundtrees,1878,0,0,1,True,False,True,0.0,0.0
full_coverage_complete,boyaroundtrees,1881,0,0,1,True,False,True,0.0,0.0
full_coverage_complete,boyaroundtrees,1883,0,0,4,True,False,True,0.0,0.0
full_coverage_complete,boyaroundtrees,1884,0,0,1,True,False,True,0.0,0.0
full_coverage_complete,boyaroundtrees,1899,0,0,1,True,False,True,0.0,0.0
full_coverage_complete,boyaroundtrees,1913,4,0,4,True,False,True,0.0,0.0
full_coverage_complete,boyaroundtrees,1914,5,0,5,True,False,True,0.0,0.0
full_coverage_complete,boyaroundtrees,1915,0,0,5,True,False,True,0.0,0.0
full_coverage_complete,boyaroundtrees,1916,5,0,5,True,False,True,0.0,0.0
full_coverage_complete,boyaroundtrees,1917,4,2,4,True,False,True,0.0,0.0
full_coverage_complete,boyaroundtrees,1918,0,0,5,True,False,True,0.0,0.0
full_coverage_complete,boyaroundtrees,1919,1,3,1,True,False,True,0.0,0.0
full_coverage_complete,boyaroundtrees,1920,0,0,4,True,False,True,0.0,0.0
full_coverage_complete,boyaroundtrees,1921,4,1,4,True,False,True,0.0,0.0
full_coverage_complete,boyaroundtrees,1923,5,2,5,True,False,True,0.0,0.0
full_coverage_complete,boyaroundtrees,1924,0,1,4,True,False,True,0.0,0.0
full_coverage_complete,boyaroundtrees,1925,0,0,1,True,False,True,0.0,0.0
full_coverage_complete,boyaroundtrees,1926,4,1,4,True,False,True,0.0,0.0
full_coverage_complete,boyaroundtrees,1927,5,0,5,True,False,True,0.0,0.0
full_coverage_complete,boyaroundtrees,1928,5,0,5,True,False,True,0.0,0.0
full_coverage_complete,boyaroundtrees,1929,4,0,4,True,False,True,0.0,0.0
full_coverage_complete,boyaroundtrees,1930,5,0,5,True,False,True,0.0,0.0
full_coverage_complete,boyaroundtrees,1931,5,2,5,True,False,True,0.0,0.0
full_coverage_complete,boyaroundtrees,1932,0,0,1,True,False,True,0.0,0.0
full_coverage_complete,boyaroundtrees,1933,4,4,4,True,False,True,0.0,0.0
full_coverage_complete,boyaroundtrees,1934,0,0,4,True,False,True,0.0,0.0
full_coverage_complete,boyaroundtrees,1935,0,1,4,True,False,True,0.0,0.0
full_coverage_complete,boyaroundtrees,1941,0,0,4,True,False,True,0.0,0.0
full_coverage_complete,boyaroundtrees,1942,0,0,1,True,False,True,0.0,0.0
full_coverage_complete,boyaroundtrees,1943,0,0,1,True,False,True,0.0,0.0
full_coverage_complete,boyaroundtrees,1944,0,0,4,True,False,True,0.0,0.0
full_coverage_complete,boyaroundtrees,1945,4,1,4,True,False,True,0.0,0.0
full_coverage_complete,boyaroundtrees,1946,5,0,5,True,False,True,0.0,0.0
full_coverage_complete,boyaroundtrees,1947,0,1,4,True,False,True,0.0,0.0
full_coverage_complete,boyaroundtrees,1948,0,0,5,True,False,True,0.0,0.0
full_coverage_complete,boyaroundtrees,1949,0,0,5,True,False,True,0.0,0.0
full_coverage_complete,boyaroundtrees,1950,0,0,5,True,False,True,0.0,0.0
full_coverage_complete,boyaroundtrees,1951,0,0,4,True,False,True,0.0,0.0
full_coverage_complete,boyaroundtrees,1952,0,0,5,True,False,True,0.0,0.0
full_coverage_complete,boyaroundtrees,1953,0,0,5,True,False,True,0.0,0.0
full_coverage_complete,boyaroundtrees,1954,0,0,5,True,False,True,0.0,0.0
full_coverage_complete,boyaroundtrees,1955,0,0,5,True,False,True,0.0,0.0
full_coverage_complete,boyaroundtrees,1956,0,0,5,True,False,True,0.0,0.0
full_coverage_complete,boyaroundtrees,1957,5,0,5,True,False,True,0.0,0.0
full_coverage_complete,boyaroundtrees,1958,5,0,5,True,False,True,0.0,0.0
full_coverage_complete,boyaroundtrees,1959,0,0,4,True,False,True,0.0,0.0
full_coverage_complete,boyaroundtrees,1960,0,0,5,True,False,True,0.0,0.0
full_coverage_complete,boyaroundtrees,1961,0,0,5,True,False,True,0.0,0.0
full_coverage_complete,boyaroundtrees,1962,5,0,5,True,False,True,0.0,0.0
full_coverage_complete,boyaroundtrees,1963,5,0,5,True,False,True,0.0,0.0
full_coverage_complete,boyaroundtrees,1964,0,0,1,True,False,True,0.0,0.0
full_coverage_complete,boyaroundtrees,1965,0,0,5,True,False,True,0.0,0.0
full_coverage_complete,boyaroundtrees,1966,0,0,5,True,False,True,0.0,0.0
full_coverage_complete,boyaroundtrees,1967,5,1,5,True,False,True,0.0,0.0
full_coverage_complete,boyaroundtrees,1968,0,0,1,True,False,True,0.0,0.0
full_coverage_complete,boyaroundtrees,1969,0,0,4,True,False,True,0.0,0.0
full_coverage_complete,boyaroundtrees,1970,0,0,5,True,False,True,0.0,0.0
full_coverage_complete,boyaroundtrees,1971,0,0,4,True,False,True,0.0,0.0
full_coverage_complete,boyaroundtrees,1972,0,0,4,True,False,True,0.0,0.0
full_coverage_complete,boyaroundtrees,1973,4,0,4,True,False,False,,
full_coverage_complete,boyaroundtrees,1974,0,1,4,True,False,False,,
full_coverage_complete,boyaroundtrees,1975,0,0,4,True,False,False,,
full_coverage_complete,boyaroundtrees,1976,0,0,4,True,False,False,,
full_coverage_complete,boyaroundtrees,1977,0,0,5,True,False,False,,
full_coverage_complete,boyaroundtrees,1978,0,0,4,True,False,False,,
full_coverage_complete,boyaroundtrees,1979,0,0,5,True,False,False,,
full_coverage_complete,boyaroundtrees,1980,0,0,5,True,False,False,,
full_coverage_complete,boyaroundtrees,1981,4,0,4,True,False,False,,
full_coverage_complete,boyaroundtrees,1982,0,0,5,True,False,False,,
full_coverage_complete,boyaroundtrees,1983,0,0,5,True,False,False,,
full_coverage_complete,boyaroundtrees,1984,0,0,5,True,False,True,0.0,0.0
full_coverage_complete,boyaroundtrees,1985,4,1,4,True,False,True,0.0,0.0
full_coverage_complete,boyaroundtrees,1986,0,1,5,True,False,True,0.0,0.0
full_coverage_complete,boyaroundtrees,1987,0,1,1,True,False,True,0.0,0.0
full_coverage_complete,boyaroundtrees,1988,0,0,5,True,False,True,0.0,0.0
full_coverage_complete,boyaroundtrees,1989,0,0,5,True,False,True,0.0,0.0
full_coverage_complete,boyaroundtrees,1990,0,0,5,True,False,True,0.0,0.0
full_coverage_complete,boyaroundtrees,1991,5,1,5,True,False,True,0.0,0.0
full_coverage_complete,boyaroundtrees,1992,0,0,1,True,False,True,0.0,0.0
full_coverage_complete,boyaroundtrees,1993,4,4,4,True,False,True,0.0,0.0
full_coverage_complete,boyaroundtrees,1994,0,1,5,True,False,True,0.0,0.0
full_coverage_complete,boyaroundtrees,1995,0,0,1,True,False,True,0.0,0.0
full_coverage_complete,boyaroundtrees,1996,0,0,4,True,False,True,0.0,0.0
full_coverage_complete,boyaroundtrees,1997,0,0,4,True,False,True,0.0,0.0
full_coverage_complete,boyaroundtrees,1998,0,0,4,True,False,True,0.0,0.0
full_coverage_complete,boyaroundtrees,2012,5,0,5,True,False,True,0.5704689036967857,0.0
full_coverage_complete,boyaroundtrees,2042,1,0,1,True,False,True,0.07459077921782221,0.07497587253951578
full_coverage_complete,boyaroundtrees,2055,0,0,2,True,False,True,0.24890504903534916,0.24890504903534916
full_coverage_complete,boyaroundtrees,2096,0,0,2,True,False,True,0.8757896559420866,0.8757896559420866
full_coverage_complete,boyaroundtrees,2097,0,0,2,True,False,True,0.7510291868103127,0.7510291868103127
full_coverage_complete,boyaroundtrees,2098,1,0,1,True,False,True,0.8501179400422377,0.794325306286643
full_coverage_complete,boyaroundtrees,2126,0,0,2,True,False,True,0.7130306524938559,0.7130306524938559
full_coverage_complete,boyaroundtrees,2127,0,0,1,True,False,True,0.6774163239325618,0.6774163239325618
full_coverage_complete,boyaroundtrees,2129,0,0,1,True,False,True,0.613150756828653,0.613150756828653
full_coverage_complete,boyaroundtrees,2133,0,1,1,True,False,True,0.7017660171915835,0.0
full_coverage_complete,boyaroundtrees,2165,5,0,5,True,False,True,0.0,0.0
full_coverage_complete,boyaroundtrees,2167,5,0,5,True,False,True,0.0,0.0
full_coverage_complete,boyaroundtrees,2168,5,0,5,True,False,True,0.0,0.0
full_coverage_complete,boyaroundtrees,2169,5,0,5,True,False,True,0.0,0.0
full_coverage_complete,boyaroundtrees,2170,5,0,5,True,False,True,0.0,0.0
full_coverage_complete,boyaroundtrees,2171,5,0,5,True,False,True,0.0,0.0
full_coverage_complete,boyaroundtrees,2173,0,0,5,True,False,True,0.0,0.0
full_coverage_complete,boyaroundtrees,2174,0,2,5,True,False,True,0.0,0.0
full_coverage_complete,boyaroundtrees,2175,0,0,6,True,False,True,0.0,0.0
full_coverage_complete,boyaroundtrees,2176,0,0,1,True,False,True,0.0,0.0
full_coverage_complete,boyaroundtrees,2177,0,0,1,True,False,True,0.0,0.0
full_coverage_complete,boyaroundtrees,2178,5,3,5,True,False,True,0.0,0.0
full_coverage_complete,boyaroundtrees,2179,0,0,5,True,False,True,0.0,0.0
full_coverage_complete,boyaroundtrees,2180,5,1,5,True,False,True,0.0,0.0
full_coverage_complete,boyaroundtrees,2181,0,0,5,True,False,True,0.0,0.0
full_coverage_complete,boyaroundtrees,2182,0,0,5,True,False,True,0.0,0.0
full_coverage_complete,boyaroundtrees,2183,0,0,5,True,False,True,0.0,0.0
full_coverage_complete,boyaroundtrees,2184,5,2,5,True,False,True,0.0,0.14507507453045998
full_coverage_complete,boyatdoorturnright,15,0,0,2,True,False,True,0.7510814662074933,0.7510814662074933
full_coverage_complete,boyatdoorturnright,16,0,0,2,True,False,True,0.780085897283354,0.780085897283354
full_coverage_complete,boyatdoorturnright,17,0,0,2,True,False,True,0.9579825512635922,0.9579825512635922
full_coverage_complete,boyatdoorturnright,18,0,0,2,True,False,True,0.8751986545382446,0.8751986545382446
full_coverage_complete,boyatdoorturnright,19,0,0,2,True,False,True,0.6534097241531194,0.6534097241531194
full_coverage_complete,boyatdoorturnright,20,0,0,2,True,False,True,0.575830301250225,0.575830301250225
full_coverage_complete,boyatdoorturnright,21,0,0,2,True,False,True,0.7735616767253085,0.7735616767253085
full_coverage_complete,boyatdoorturnright,22,0,0,6,True,False,True,0.24832299654625337,0.24832299654625337
full_coverage_complete,boyatdoorturnright,23,0,0,2,True,False,True,0.15931852291215917,0.15931852291215917
full_coverage_complete,boyatdoorturnright,24,0,0,2,True,False,True,0.14645287094062387,0.14645287094062387
full_coverage_complete,boyatdoorturnright,25,0,0,2,True,False,True,0.4376819094250466,0.4376819094250466
full_coverage_complete,boyatdoorturnright,26,0,0,2,True,False,True,0.40304037463463344,0.40304037463463344
full_coverage_complete,boyatdoorturnright,27,0,0,2,True,False,True,0.5800905787023716,0.5800905787023716
full_coverage_complete,boyatdoorturnright,28,0,0,2,True,False,True,0.393926508687558,0.393926508687558
full_coverage_complete,boyatdoorturnright,29,0,0,2,True,False,True,0.04741528551198359,0.04741528551198359
full_coverage_complete,boyatdoorturnright,30,5,0,5,True,False,True,0.0,0.0
full_coverage_complete,boyatdoorturnright,31,0,0,1,True,False,True,0.11805981169040645,0.11805981169040645
full_coverage_complete,boyatdoorturnright,32,0,0,5,True,False,True,0.11334744638316452,0.11334744638316452
full_coverage_complete,boyatdoorturnright,33,0,0,1,True,False,True,0.006442169928963089,0.006442169928963089
full_coverage_complete,boyatdoorturnright,34,0,0,1,True,False,True,0.0,0.0
full_coverage_complete,boyatdoorturnright,35,0,0,4,True,False,True,0.019046867749574432,0.019046867749574432
full_coverage_complete,boyatdoorturnright,36,0,0,2,True,False,True,0.0,0.0
full_coverage_complete,boyatdoorturnright,37,0,0,4,True,False,True,0.0,0.0
full_coverage_complete,boyatdoorturnright,38,0,0,4,True,False,True,0.199463746355661,0.199463746355661
full_coverage_complete,boyatdoorturnright,39,0,0,2,True,False,True,0.24910202948965454,0.24910202948965454
full_coverage_complete,boyatdoorturnright,40,0,0,2,True,False,True,0.4382434287820091,0.4382434287820091
full_coverage_complete,boyatdoorturnright,67,0,0,2,True,False,True,0.7746470473356084,0.7746470473356084
full_coverage_complete,boyatdoorturnright,68,0,0,4,True,False,True,0.805472130833374,0.805472130833374
full_coverage_complete,boyatdoorturnright,70,0,0,5,True,False,True,0.5556209494934983,0.5556209494934983
full_coverage_complete,boyatdoorturnright,71,0,0,5,True,False,True,0.5471200775124146,0.5471200775124146
full_coverage_complete,boyatdoorturnright,72,0,1,5,True,False,True,0.39764806508119943,0.0
full_coverage_complete,boyatdoorturnright,73,0,0,6,True,False,True,0.0,0.0
full_coverage_complete,boyatdoorturnright,74,0,0,2,True,False,True,0.0,0.0
full_coverage_complete,boyatdoorturnright,75,0,0,6,True,False,True,0.0,0.0
full_coverage_complete,boyatdoorturnright,77,0,0,2,True,False,True,0.0,0.0
full_coverage_complete,boyatdoorturnright,78,0,0,2,True,False,True,0.0,0.0
full_coverage_complete,boyatdoorturnright,79,0,0,5,True,False,True,0.0,0.0
full_coverage_complete,boyatdoorturnright,80,0,0,5,True,False,True,0.0,0.0
full_coverage_complete,boyatdoorturnright,81,2,0,2,True,False,True,0.0,0.0
full_coverage_complete,boyatdoorturnright,82,0,0,5,True,False,True,0.0,0.0
full_coverage_complete,boyatdoorturnright,83,0,0,4,True,False,True,0.0,0.0
full_coverage_complete,boyatdoorturnright,84,2,0,2,True,False,True,0.0,0.0
full_coverage_complete,boyatdoorturnright,85,0,0,5,True,False,True,0.0,0.0
full_coverage_complete,boyatdoorturnright,86,0,0,4,True,False,True,0.0,0.0
full_coverage_complete,boyatdoorturnright,87,0,0,5,True,False,True,0.0,0.0
full_coverage_complete,boyatdoorturnright,88,0,0,5,True,False,True,0.0,0.0
full_coverage_complete,boyatdoorturnright,89,0,0,5,True,False,True,0.0,0.0
full_coverage_complete,boyatdoorturnright,90,0,1,5,True,False,True,0.0,0.6969812964644425
full_coverage_complete,boyatdoorturnright,98,0,0,4,True,False,True,0.8995627602544581,0.8995627602544581
full_coverage_complete,boyatdoorturnright,103,0,0,5,True,False,True,0.8570647347174783,0.8570647347174783
full_coverage_complete,boyatdoorturnright,109,0,0,5,True,False,True,0.8667857700243464,0.8667857700243464
full_coverage_complete,boyatdoorturnright,110,0,0,5,True,False,True,0.49740913123150954,0.49740913123150954
full_coverage_complete,boyatdoorturnright,111,0,0,5,True,False,True,0.5315484905956585,0.0
full_coverage_complete,boyatdoorturnright,112,0,0,1,True,False,True,0.0,0.0
full_coverage_complete,boyatdoorturnright,113,0,0,5,True,False,True,0.0,0.0
full_coverage_complete,boyatdoorturnright,114,0,0,4,True,False,True,0.0,0.0
full_coverage_complete,boyatdoorturnright,115,0,0,2,True,False,True,0.0,0.0
full_coverage_complete,boyatdoorturnright,116,0,1,5,True,False,True,0.0,0.7926541424371785
full_coverage_complete,boyatdoorturnright,118,5,0,5,True,False,True,0.6763922027389481,0.6785067843117657
full_coverage_complete,boyatdoorturnright,119,0,0,4,True,False,True,0.5603596731104363,0.5603596731104363
full_coverage_complete,boyatdoorturnright,120,0,0,4,True,False,True,0.5426280301846721,0.5426280301846721
full_coverage_complete,boyatdoorturnright,121,0,0,5,True,False,True,0.15920952676980066,0.15920952676980066
full_coverage_complete,boyatdoorturnright,123,0,0,5,True,False,True,0.18979119251313523,0.18979119251313523
full_coverage_complete,boyatdoorturnright,124,0,0,5,True,False,True,0.19135902272349936,0.19135902272349936
full_coverage_complete,boyatdoorturnright,125,0,0,4,True,False,True,0.34066324358944833,0.34066324358944833
full_coverage_complete,boyatdoorturnright,126,0,0,5,True,False,True,0.5581460415244773,0.5581460415244773
full_coverage_complete,boyatdoorturnright,127,0,1,4,True,False,True,0.5717514658836584,0.0
full_coverage_complete,boyatdoorturnright,128,0,0,6,True,False,True,0.0,0.0
full_coverage_complete,boyatdoorturnright,129,0,0,6,True,False,True,0.0,0.0
full_coverage_complete,boyatdoorturnright,130,0,0,6,True,False,True,0.0,0.0
full_coverage_complete,boyatdoorturnright,132,0,0,5,True,False,True,0.1335058794863392,0.1335058794863392
full_coverage_complete,boyatdoorturnright,133,0,0,5,True,False,True,0.23719938175403202,0.23719938175403202
full_coverage_complete,boyatdoorturnright,134,0,0,5,True,False,True,0.5285612494351203,0.5285612494351203
full_coverage_complete,boyatdoorturnright,135,0,0,5,True,False,True,0.42553721995658483,0.42553721995658483
full_coverage_complete,boyatdoorturnright,136,0,0,5,True,False,True,0.3322722784292212,0.3322722784292212
full_coverage_complete,boyatdoorturnright,137,0,0,5,True,False,True,0.46425247432430766,0.46425247432430766
full_coverage_complete,boyatdoorturnright,138,0,0,5,True,False,True,0.29778446590668234,0.29778446590668234
full_coverage_complete,boyatdoorturnright,139,0,0,5,True,False,True,0.3393278853284152,0.3393278853284152
full_coverage_complete,boyatdoorturnright,141,0,0,5,True,False,True,0.38173843926681084,0.38173843926681084
full_coverage_complete,boyatdoorturnright,142,0,0,5,True,False,True,0.3403730220597172,0.3403730220597172
full_coverage_complete,boyatdoorturnright,143,0,0,5,True,False,True,0.35717816250474016,0.35717816250474016
full_coverage_complete,boyatdoorturnright,144,0,0,5,True,False,True,0.4141841464976208,0.4141841464976208
full_coverage_complete,boyatdoorturnright,145,0,0,5,True,False,True,0.29595301696554893,0.29595301696554893
full_coverage_complete,boyatdoorturnright,146,0,0,5,True,False,True,0.3625177752256001,0.3625177752256001
full_coverage_complete,boyatdoorturnright,147,0,0,4,True,False,True,0.11825248630441923,0.11825248630441923
full_coverage_complete,boyatdoorturnright,148,0,0,5,True,False,True,0.062392433259605425,0.062392433259605425
full_coverage_complete,boyatdoorturnright,150,4,1,4,True,False,True,0.4880943772408907,0.5373045938894639
full_coverage_complete,boyatdoorturnright,151,0,0,4,True,False,True,0.5921445937176676,0.5921445937176676
full_coverage_complete,boyatdoorturnright,152,0,0,5,True,False,True,0.6430218316218437,0.6430218316218437
full_coverage_complete,boyatdoorturnright,153,0,0,4,True,False,True,0.7230455208355934,0.7230455208355934
full_coverage_complete,boyatdoorturnright,154,0,0,5,True,False,True,0.5841431753703905,0.5841431753703905
full_coverage_complete,boyatdoorturnright,162,0,0,4,True,False,True,0.14765794350524733,0.14765794350524733
full_coverage_complete,boyatdoorturnright,163,0,0,4,True,False,True,0.1377548434546488,0.1377548434546488
full_coverage_complete,boyatdoorturnright,165,0,0,4,True,False,True,0.1430262874664523,0.1430262874664523
full_coverage_complete,boyatdoorturnright,166,0,0,5,True,False,True,0.258080543616372,0.258080543616372
full_coverage_complete,boyatdoorturnright,167,0,0,4,True,False,True,0.7152956921446769,0.7152956921446769
full_coverage_complete,boyatdoorturnright,168,0,0,6,True,False,True,0.0,0.0
full_coverage_complete,boyatdoorturnright,169,0,0,1,True,False,True,0.02866983996604778,0.02866983996604778
full_coverage_complete,boyatdoorturnright,170,0,0,4,True,False,True,0.01370342140085432,0.01370342140085432
full_coverage_complete,boyatdoorturnright,171,0,0,4,True,False,True,0.022518615568202685,0.022518615568202685
full_coverage_complete,boyatdoorturnright,172,0,0,4,True,False,True,0.11350883999609739,0.11350883999609739
full_coverage_complete,boyatdoorturnright,174,0,0,5,True,False,True,0.43180940536184464,0.43180940536184464
full_coverage_complete,boyatdoorturnright,175,0,0,5,True,False,True,0.41027215394062677,0.41027215394062677
full_coverage_complete,boyatdoorturnright,176,0,0,5,True,False,True,0.22634735916865362,0.22634735916865362
full_coverage_complete,boyatdoorturnright,177,0,0,5,True,False,True,0.40145227428572655,0.40145227428572655
full_coverage_complete,boyatdoorturnright,178,0,0,5,True,False,True,0.2760628389389931,0.2760628389389931
full_coverage_complete,boyatdoorturnright,179,0,0,5,True,False,True,0.27170256725808795,0.27170256725808795
full_coverage_complete,boyatdoorturnright,180,0,0,5,True,False,True,0.5233142396196586,0.5233142396196586
full_coverage_complete,boyatdoorturnright,181,0,0,5,True,False,True,0.519021589170547,0.519021589170547
full_coverage_complete,boyatdoorturnright,182,0,0,4,True,False,True,0.5232360966070676,0.5232360966070676
full_coverage_complete,boyatdoorturnright,183,0,0,5,True,False,True,0.39906385709010056,0.39906385709010056
full_coverage_complete,boyatdoorturnright,184,0,0,5,True,False,True,0.6607576128321618,0.6607576128321618
full_coverage_complete,boyatdoorturnright,185,0,0,5,True,False,True,0.6660916683971415,0.6660916683971415
full_coverage_complete,boyatdoorturnright,186,0,0,5,True,False,True,0.5073308645156748,0.5073308645156748
full_coverage_complete,boyatdoorturnright,187,0,0,5,True,False,True,0.5937247301512212,0.5937247301512212
full_coverage_complete,boyatdoorturnright,188,0,0,4,True,False,True,0.6511487627389395,0.6511487627389395
full_coverage_complete,boyatdoorturnright,189,0,0,5,True,False,True,0.572940211703529,0.572940211703529
full_coverage_complete,boyatdoorturnright,190,5,0,5,True,False,True,0.4167549722033772,0.021301203982371397
full_coverage_complete,boyatdoorturnright,191,0,0,5,True,False,True,0.01536517055525517,0.01536517055525517
full_coverage_complete,boyatdoorturnright,192,0,0,5,True,False,True,0.0,0.0
full_coverage_complete,boyatdoorturnright,193,0,0,5,True,False,True,0.0,0.0
full_coverage_complete,boyatdoorturnright,194,0,0,5,True,False,True,0.0,0.0
full_coverage_complete,boyatdoorturnright,195,0,0,5,True,False,True,0.0,0.0
full_coverage_complete,boyatdoorturnright,196,0,0,5,True,False,True,0.0,0.0
full_coverage_complete,boyatdoorturnright,197,0,0,5,True,False,True,0.0,0.0
full_coverage_complete,boyatdoorturnright,198,0,0,5,True,False,True,0.2948770145175076,0.2948770145175076
full_coverage_complete,boyatdoorturnright,199,0,0,4,True,False,True,0.4371557390661473,0.4371557390661473
full_coverage_complete,boyatdoorturnright,200,0,0,4,True,False,True,0.792717457551236,0.792717457551236
full_coverage_complete,boyatdoorturnright,201,0,0,4,True,False,True,0.3906763817567903,0.3906763817567903
full_coverage_complete,boyatdoorturnright,202,0,0,5,True,False,True,0.42018417643603323,0.42018417643603323
full_coverage_complete,boyatdoorturnright,203,0,0,5,True,False,True,0.48055341224760634,0.48055341224760634
full_coverage_complete,boyatdoorturnright,204,0,0,5,True,False,True,0.582906194150103,0.582906194150103
full_coverage_complete,boyatdoorturnright,205,0,0,5,True,False,True,0.3283420007055255,0.3283420007055255
full_coverage_complete,boyatdoorturnright,206,0,0,5,True,False,True,0.4171674847439884,0.4171674847439884
full_coverage_complete,boyatdoorturnright,207,0,0,5,True,False,True,0.5270902113717058,0.5270902113717058
full_coverage_complete,boyatdoorturnright,208,0,0,2,True,False,True,0.8403936377048141,0.8403936377048141
full_coverage_complete,boyatdoorturnright,209,0,0,2,True,False,True,0.12441282203272491,0.12441282203272491
full_coverage_complete,boyatdoorturnright,210,0,0,5,True,False,True,0.6878658907477384,0.6878658907477384
full_coverage_complete,boyatdoorturnright,211,0,0,6,True,False,True,0.7725002254696758,0.7725002254696758
full_coverage_complete,boydownplatform,374,0,0,4,True,False,True,0.5727843988680099,0.5727843988680099
full_coverage_complete,boydownplatform,375,0,0,4,True,False,True,0.5781931818566995,0.5781931818566995
full_coverage_complete,boydownplatform,376,0,0,4,True,False,True,0.6012952176125563,0.6012952176125563
full_coverage_complete,boydownplatform,378,0,0,1,True,False,True,0.8311906027805699,0.8311906027805699
full_coverage_complete,boydownplatform,379,0,0,5,True,False,True,0.5690389007127157,0.5690389007127157
full_coverage_complete,boydownplatform,380,0,0,4,True,False,True,0.8093653710194666,0.8093653710194666
full_coverage_complete,boydownplatform,381,0,0,4,True,False,True,0.7829284478138145,0.7829284478138145
full_coverage_complete,boydownplatform,382,0,0,4,True,False,True,0.20114946373755027,0.20114946373755027
full_coverage_complete,boydownplatform,383,0,0,4,True,False,True,0.11712818610912755,0.11712818610912755
full_coverage_complete,boydownplatform,384,0,0,4,True,False,True,0.0,0.0
full_coverage_complete,boydownplatform,385,0,0,5,True,False,True,0.0,0.0
full_coverage_complete,boydownplatform,386,0,0,4,True,False,True,0.0,0.0
full_coverage_complete,boydownplatform,387,0,0,5,True,False,True,0.0,0.0
full_coverage_complete,boydownplatform,388,0,0,5,True,False,True,0.0,0.0
full_coverage_complete,boydownplatform,389,0,0,5,True,False,True,0.0,0.0
full_coverage_complete,boydownplatform,390,0,1,1,True,False,True,0.0,0.0
full_coverage_complete,boydownplatform,391,0,0,4,True,False,True,0.0,0.0
full_coverage_complete,boydownplatform,392,0,0,4,True,False,True,0.0,0.0
full_coverage_complete,boydownplatform,393,0,0,4,True,False,True,0.0,0.0
full_coverage_complete,boydownplatform,394,0,0,1,True,False,True,0.0,0.0
full_coverage_complete,boydownplatform,395,0,0,4,True,False,True,0.0,0.0
full_coverage_complete,boydownplatform,396,0,0,4,True,False,True,0.0,0.0
full_coverage_complete,boydownplatform,397,0,0,4,True,False,True,0.0,0.0
full_coverage_complete,boydownplatform,398,0,0,1,True,False,True,0.0,0.0
full_coverage_complete,boydownplatform,399,0,0,1,True,False,True,0.0,0.0
full_coverage_complete,boydownplatform,400,0,0,1,True,False,True,0.0,0.0
full_coverage_complete,boydownplatform,401,0,0,1,True,False,True,0.0,0.0
full_coverage_complete,boydownplatform,402,0,0,1,True,False,True,0.0,0.0
full_coverage_complete,boydownplatform,403,0,0,4,True,False,True,0.012560099596067723,0.012560099596067723
full_coverage_complete,boyfromdark,91,0,0,4,True,False,True,0.9108097664441281,0.9108097664441281
full_coverage_complete,boyfromdark,93,0,0,4,True,False,True,0.7532562017163252,0.7532562017163252
full_coverage_complete,boyfromdark,99,0,0,1,True,False,True,0.834155819167394,0.834155819167394
full_coverage_complete,boyfromdark,140,0,0,5,True,False,True,0.962201728209578,0.962201728209578
full_coverage_complete,boyfromdark,141,0,0,5,True,False,True,0.8815588011934737,0.8815588011934737
full_coverage_complete,boyfromdark,155,5,0,5,True,False,True,0.8974485832322248,0.8982355763995986
full_coverage_complete,boyfromdark,161,0,0,4,True,False,True,0.9131172441499606,0.9131172441499606
full_coverage_complete,boyinlight,83,0,0,1,True,False,True,0.6677660885309834,0.0
full_coverage_complete,boyinlight,89,1,3,1,True,False,True,0.0,0.0
full_coverage_complete,boyinlight,90,0,0,1,True,False,True,0.0,0.0
full_coverage_complete,boyinlight,96,0,0,0,False,False,True,0.0,0.8099051139748816
full_coverage_complete,boyinlight,102,0,0,4,True,False,True,0.8948498918969571,0.8948498918969571
full_coverage_complete,boyinlight,103,0,0,5,True,False,True,0.7533131132865675,0.7533131132865675
full_coverage_complete,boyinlight,107,0,0,0,False,False,True,0.7671624688970556,0.0
full_coverage_complete,boyinlight,108,0,0,0,False,False,True,0.0,0.770396046822745
full_coverage_complete,boyinlight,314,5,0,5,True,False,True,0.7348967960392361,0.7876648355824315
full_coverage_complete,boyinplatform,33,4,0,4,True,False,True,0.5916960730331494,0.3721606179402818
full_coverage_complete,boyinplatform,34,5,0,5,True,False,True,0.5555056789695473,0.5321262870419885
full_coverage_complete,boyinplatform,35,0,0,5,True,False,True,0.3610775436418722,0.3610775436418722
full_coverage_complete,boyinplatform,36,4,4,4,True,False,True,0.5451404863257523,0.3182813200672616
full_coverage_complete,boyinplatform,37,0,0,4,True,False,True,0.5757277283410419,0.5757277283410419
full_coverage_complete,boyinplatform,38,0,0,4,True,False,True,0.5700966665443443,0.5700966665443443
full_coverage_complete,boyinplatform,39,5,1,5,True,False,True,0.5630056069328263,0.0
full_coverage_complete,boyinplatform,40,0,0,4,True,False,True,0.0,0.0
full_coverage_complete,boyinplatform,41,4,2,4,True,False,True,0.0,0.364644562325602
full_coverage_complete,boyinplatform,77,0,0,1,True,False,True,0.5395152323125886,0.5395152323125886
full_coverage_complete,boyinplatform,78,0,0,4,True,False,True,0.6618556628043596,0.6618556628043596
full_coverage_complete,boyinplatform,79,0,0,4,True,False,True,0.6648477435678048,0.6648477435678048
full_coverage_complete,boyinplatform,80,0,0,4,True,False,True,0.6284911420760332,0.6284911420760332
full_coverage_complete,boyinplatform,81,0,0,4,True,False,True,0.4767199777238564,0.4767199777238564
full_coverage_complete,boyinplatform,82,0,0,4,True,False,True,0.5204009092614313,0.5204009092614313
full_coverage_complete,boyinplatform,83,0,0,5,True,False,True,0.5652848562492386,0.5652848562492386
full_coverage_complete,boyinplatform,84,0,0,4,True,False,True,0.4927430238913647,0.4927430238913647
full_coverage_complete,boyinplatform,85,0,0,4,True,False,True,0.6018789903309373,0.6018789903309373
full_coverage_complete,boyinplatform,86,0,0,4,True,False,True,0.5814828620788531,0.5814828620788531
full_coverage_complete,boyinplatform,87,0,0,4,True,False,True,0.5911898564812298,0.5911898564812298
full_coverage_complete,boyinplatform,184,0,0,2,True,False,True,0.5052745423375651,0.5052745423375651
full_coverage_complete,boyinplatform,185,0,0,2,True,False,True,0.64479832525393,0.64479832525393
full_coverage_complete,boyinplatform,186,0,0,1,True,False,True,0.6032336018509133,0.6032336018509133
full_coverage_complete,boyinplatform,187,0,0,4,True,False,True,0.6888473172618209,0.6888473172618209
full_coverage_complete,boyinplatform,188,0,0,1,True,False,True,0.6132189403180606,0.6132189403180606
full_coverage_complete,boyinplatform,189,0,0,4,True,False,True,0.49244630307570764,0.49244630307570764
full_coverage_complete,boyinplatform,190,0,0,1,True,False,True,0.6450809832705243,0.6450809832705243
full_coverage_complete,boyinplatform,191,0,0,2,True,False,True,0.5351440029970113,0.5351440029970113
full_coverage_complete,boyinplatform,192,0,0,4,True,False,True,0.6470221911843139,0.6470221911843139
full_coverage_complete,boyinplatform,193,0,0,2,True,False,True,0.5859367826028928,0.5859367826028928
full_coverage_complete,boyinplatform,237,1,0,1,True,False,True,0.5042038285098627,0.6716696397892593
full_coverage_complete,boyinplatform,239,0,0,4,True,False,True,0.47149926257658203,0.47149926257658203
full_coverage_complete,boyinplatform,246,0,0,4,True,False,True,0.6090236550191716,0.6090236550191716
full_coverage_complete,boyinplatform,314,0,0,2,True,False,True,0.7270599536025596,0.7270599536025596
full_coverage_complete,boyinplatform,315,0,0,4,True,False,True,0.5417261906682371,0.5417261906682371
full_coverage_complete,boyinplatform,424,0,0,4,True,False,True,0.5823688602867104,0.5823688602867104
full_coverage_complete,boyinplatform,426,0,0,4,True,False,True,0.4183310305215118,0.4183310305215118
full_coverage_complete,boyinplatform,428,0,0,4,True,False,True,0.2570720662095997,0.2570720662095997
full_coverage_complete,boyinplatform,429,0,0,4,True,False,True,0.2646702868508191,0.2646702868508191
full_coverage_complete,boyinplatform,469,0,0,4,True,False,True,0.3635558137782493,0.3635558137782493
full_coverage_complete,boyinplatform,470,0,1,4,True,False,True,0.3656767176646962,0.0
full_coverage_complete,boyinplatform,471,0,0,1,True,False,True,0.0,0.0
full_coverage_complete,boyinplatform,472,0,0,1,True,False,True,0.0,0.0
full_coverage_complete,boyinplatform,473,0,0,4,True,False,True,0.0,0.0
full_coverage_complete,boyinplatform,474,0,0,4,True,False,True,0.0,0.0
full_coverage_complete,boyinplatform,475,0,0,4,True,False,True,0.0,0.0
full_coverage_complete,boyinplatform,476,0,0,1,True,False,True,0.0,0.0
full_coverage_complete,boyinplatform,477,0,0,1,True,False,True,0.0,0.0
full_coverage_complete,boyinplatform,478,0,0,1,True,False,True,0.0,0.0
full_coverage_complete,boyinplatform,479,0,0,4,True,False,True,0.0,0.0
full_coverage_complete,boyinplatform,480,0,0,4,True,False,True,0.0,0.0
full_coverage_complete,boyinplatform,482,0,0,4,True,False,True,0.0,0.0
full_coverage_complete,boyinplatform,483,0,0,4,True,False,True,0.0,0.0
full_coverage_complete,boyinplatform,484,0,0,1,True,False,True,0.0,0.0
full_coverage_complete,boyinplatform,485,0,0,4,True,False,True,0.0,0.0
full_coverage_complete,boyinplatform,486,0,0,4,True,False,True,0.0,0.0
full_coverage_complete,boyinplatform,487,0,0,4,True,False,True,0.0,0.0
full_coverage_complete,boyinplatform,488,0,0,1,True,False,True,0.0,0.0
full_coverage_complete,boyinplatform,489,0,0,4,True,False,True,0.0,0.0
full_coverage_complete,boyinplatform,490,0,0,1,True,False,True,0.0,0.0
full_coverage_complete,boyinplatform,491,0,0,4,True,False,True,0.0,0.0
full_coverage_complete,boyinplatform,492,0,0,4,True,False,True,0.0,0.0
full_coverage_complete,boyinplatform,493,0,0,4,True,False,True,0.0,0.0
full_coverage_complete,boyinplatform,494,0,0,4,True,False,True,0.0,0.0
full_coverage_complete,boyinplatform,495,0,0,4,True,False,True,0.0,0.0
full_coverage_complete,boyinplatform,498,0,0,4,True,False,True,0.0,0.0
full_coverage_complete,boyinplatform,499,0,0,1,True,False,True,0.0,0.0
full_coverage_complete,boyinplatform,500,0,0,4,True,False,True,0.0,0.0
full_coverage_complete,boyinplatform,501,0,0,4,True,False,True,0.0,0.0
full_coverage_complete,boyinplatform,502,0,0,4,True,False,True,0.0,0.0
full_coverage_complete,boyinplatform,503,0,0,4,True,False,True,0.0,0.0
full_coverage_complete,boyinplatform,504,0,0,4,True,False,True,0.0,0.0
full_coverage_complete,boyinplatform,505,0,0,4,True,False,True,0.0,0.0
full_coverage_complete,boyinplatform,507,0,0,4,True,False,True,0.0,0.0
full_coverage_complete,boyinplatform,508,0,0,4,True,False,True,0.0,0.0
full_coverage_complete,boyinplatform,509,0,0,1,True,False,True,0.0,0.0
full_coverage_complete,boyinplatform,510,0,0,4,True,False,True,0.0,0.0
full_coverage_complete,boyinplatform,511,0,0,4,True,False,True,0.0,0.0
full_coverage_complete,boyinplatform,513,0,0,4,True,False,True,0.0,0.0
full_coverage_complete,boyinplatform,514,0,0,4,True,False,True,0.0,0.0
full_coverage_complete,boyinplatform,515,0,0,1,True,False,True,0.0,0.0
full_coverage_complete,boyinplatform,516,0,0,1,True,False,True,0.0,0.0
full_coverage_complete,boyinplatform,517,0,0,1,True,False,True,0.0,0.0
full_coverage_complete,boyinplatform,518,0,0,4,True,False,True,0.0,0.0
full_coverage_complete,boyinplatform,519,0,0,4,True,False,True,0.0,0.0
full_coverage_complete,boyinplatform,520,0,0,1,True,False,True,0.0,0.0
full_coverage_complete,boyinplatform,521,0,0,1,True,False,True,0.0,0.0
full_coverage_complete,boyinplatform,522,0,0,4,True,False,True,0.0,0.0
full_coverage_complete,boyinplatform,523,0,0,4,True,False,True,0.0,0.0
full_coverage_complete,boyinplatform,524,0,0,4,True,False,True,0.0,0.0
full_coverage_complete,boyinplatform,525,0,0,4,True,False,True,0.0,0.0
full_coverage_complete,boyinplatform,526,0,0,2,True,False,True,0.0,0.0
full_coverage_complete,boyinplatform,527,0,0,1,True,False,True,0.0,0.0
full_coverage_complete,boyinplatform,528,0,0,4,True,False,True,0.0,0.0
full_coverage_complete,boyinplatform,529,0,0,1,True,False,True,0.0,0.0
full_coverage_complete,boyinplatform,530,0,0,1,True,False,True,0.0,0.0
full_coverage_complete,boyinplatform,531,0,0,4,True,False,True,0.0,0.0
full_coverage_complete,boyinplatform,532,4,0,4,True,False,True,0.0,0.5687910089446924
full_coverage_complete,boyinplatform,558,0,0,1,True,False,True,0.7090607630619615,0.7090607630619615
full_coverage_complete,boyinplatform,560,0,0,4,True,False,True,0.6396417932843212,0.6396417932843212
full_coverage_complete,boyinplatform,562,0,0,1,True,False,True,0.3151232908505278,0.3151232908505278
full_coverage_complete,boyinplatform,564,0,0,4,True,False,True,0.6398405311657663,0.6398405311657663
full_coverage_complete,boyinplatform,614,0,1,2,True,False,True,0.5579574510457684,0.0
full_coverage_complete,boyinplatform,616,5,0,5,True,False,True,0.0,0.0
full_coverage_complete,boyinplatform,617,0,0,0,False,False,True,0.0,0.9044560297978969
full_coverage_complete,boyinplatform,946,0,0,4,True,False,True,0.8437115706649464,0.8437115706649464
full_coverage_complete,boyinplatform,947,0,0,4,True,False,True,0.7265233915784521,0.7265233915784521
full_coverage_complete,boyinplatform,948,0,0,4,True,False,True,0.48714000762969517,0.48714000762969517
full_coverage_complete,boyinplatform,949,0,0,4,True,False,True,0.3768065122748973,0.3768065122748973
full_coverage_complete,boyinplatform,970,0,0,4,True,False,True,0.8167174123393078,0.8167174123393078
full_coverage_complete,boyinplatform,972,0,0,4,True,False,True,0.5905078673530061,0.5905078673530061
full_coverage_complete,boyinplatform,973,4,1,4,True,False,True,0.5709407470968151,0.36814676712558286
full_coverage_complete,boyinplatform,974,0,0,4,True,False,True,0.48823028984294203,0.48823028984294203
full_coverage_complete,boyinsnowfield3,265,0,0,1,True,False,True,0.256114840428126,0.256114840428126
full_coverage_complete,boyinsnowfield3,266,0,0,1,True,False,True,0.2901000821125081,0.2901000821125081
full_coverage_complete,boyinsnowfield3,267,0,0,1,True,False,True,0.23982284997487138,0.23982284997487138
full_coverage_complete,boyinsnowfield3,268,0,0,1,True,False,True,0.284401022033321,0.284401022033321
full_coverage_complete,boyinsnowfield3,269,0,0,5,True,False,True,0.27914820441332155,0.27914820441332155
full_coverage_complete,boyinsnowfield3,270,0,0,5,True,False,True,0.2296241718605563,0.2296241718605563
full_coverage_complete,boyinsnowfield3,271,0,0,5,True,False,True,0.21773000984072888,0.21773000984072888
full_coverage_complete,boyinsnowfield3,272,0,0,5,True,False,True,0.19643434560872838,0.19643434560872838
full_coverage_complete,boyinsnowfield3,273,0,0,1,True,False,True,0.20032949695959507,0.20032949695959507
full_coverage_complete,boyinsnowfield3,274,0,0,1,True,False,True,0.1652162112169165,0.1652162112169165
full_coverage_complete,boyinsnowfield3,275,0,0,1,True,False,True,0.22546831869032283,0.22546831869032283
full_coverage_complete,boyinsnowfield3,276,0,0,1,True,False,True,0.2333838931579951,0.2333838931579951
full_coverage_complete,boyinsnowfield3,277,0,0,5,True,False,True,0.27802898398028786,0.27802898398028786
full_coverage_complete,boyinsnowfield3,278,0,0,5,True,False,True,0.332080077473987,0.332080077473987
full_coverage_complete,boyinsnowfield3,279,0,0,1,True,False,True,0.5352411474327678,0.5352411474327678
full_coverage_complete,boyinsnowfield3,633,0,0,1,True,False,True,0.6548972562039889,0.6548972562039889
full_coverage_complete,boyinsnowfield3,634,0,0,1,True,False,True,0.7808843940707821,0.7808843940707821
full_coverage_complete,boyinsnowfield3,635,0,0,5,True,False,True,0.4772242867751316,0.4772242867751316
full_coverage_complete,boyinsnowfield3,636,0,0,5,True,False,True,0.7058509341740522,0.7058509341740522
full_coverage_complete,boyinsnowfield3,637,0,0,5,True,False,True,0.5677477801674237,0.5677477801674237
full_coverage_complete,boyinsnowfield3,638,0,0,5,True,False,True,0.42040552673658554,0.42040552673658554
full_coverage_complete,boyleftblkrunning2crowd,34,0,0,4,True,False,True,0.46130561891897076,0.46130561891897076
full_coverage_complete,boyleftblkrunning2crowd,38,0,0,2,True,False,True,0.5196788475565828,0.5196788475565828
full_coverage_complete,boyleftblkrunning2crowd,39,0,0,2,True,False,True,0.7625458424106016,0.7625458424106016
full_coverage_complete,boyleftblkrunning2crowd,40,0,0,2,True,False,True,0.7485398542473983,0.7485398542473983
full_coverage_complete,boyleftblkrunning2crowd,41,0,0,4,True,False,True,0.7462722983206358,0.7462722983206358
full_coverage_complete,boyleftblkrunning2crowd,45,0,0,4,True,False,True,0.1540619516559374,0.1540619516559374
full_coverage_complete,boyleftblkrunning2crowd,46,0,0,4,True,False,True,0.03233456120231437,0.03233456120231437
full_coverage_complete,boyleftblkrunning2crowd,48,0,0,4,True,False,True,0.11727989018313102,0.11727989018313102
full_coverage_complete,boyleftblkrunning2crowd,49,0,0,4,True,False,True,0.013619274735680463,0.013619274735680463
full_coverage_complete,boyleftblkrunning2crowd,50,0,0,4,True,False,True,0.0,0.0
full_coverage_complete,boyleftblkrunning2crowd,51,0,0,2,True,False,True,0.0,0.0
full_coverage_complete,boyleftblkrunning2crowd,52,0,0,4,True,False,True,0.0,0.0
full_coverage_complete,boyleftblkrunning2crowd,53,0,0,2,True,False,True,0.0,0.0
full_coverage_complete,boyleftblkrunning2crowd,54,0,0,4,True,False,True,0.0,0.0
full_coverage_complete,boyleftblkrunning2crowd,55,0,0,2,True,False,True,0.0,0.0
full_coverage_complete,boyleftblkrunning2crowd,56,0,0,4,True,False,True,0.0,0.0
full_coverage_complete,boyleftblkrunning2crowd,57,0,0,4,True,False,True,0.738887173074729,0.738887173074729
full_coverage_complete,boyleftblkrunning2crowd,58,0,0,5,True,False,True,0.8054123332406594,0.8054123332406594
full_coverage_complete,boyleftblkrunning2crowd,59,4,0,4,True,False,True,0.6358872332084501,0.47009403519593307
full_coverage_complete,boyleftblkrunning2crowd,60,0,0,4,True,False,True,0.7650705804922455,0.7650705804922455
full_coverage_complete,boyleftblkrunning2crowd,61,0,0,4,True,False,True,0.6709496904721797,0.6709496904721797
full_coverage_complete,boyleftblkrunning2crowd,62,0,0,5,True,False,True,0.0,0.0
full_coverage_complete,boyleftblkrunning2crowd,63,0,0,5,True,False,True,0.7310614627148548,0.7310614627148548
full_coverage_complete,boyleftblkrunning2crowd,64,4,0,4,True,False,True,0.6502771464752028,0.7695339459917199
full_coverage_complete,boyleftblkrunning2crowd,65,4,0,4,True,False,True,0.5637984302452839,0.6539803543730247
full_coverage_complete,boyleftblkrunning2crowd,66,0,0,4,True,False,True,0.6623047430699134,0.6623047430699134
full_coverage_complete,boyleftblkrunning2crowd,67,0,0,4,True,False,True,0.7216631826711332,0.7216631826711332
full_coverage_complete,boyleftblkrunning2crowd,71,4,0,4,True,False,True,0.8371909565084149,0.6739809734497327
full_coverage_complete,boyleftblkrunning2crowd,72,0,0,4,True,False,True,0.6931550109552043,0.6931550109552043
full_coverage_complete,boyleftblkrunning2crowd,73,0,0,4,True,False,True,0.7358057191548885,0.7358057191548885
full_coverage_complete,boyleftblkrunning2crowd,74,0,0,2,True,False,True,0.6166767865537841,0.6166767865537841
full_coverage_complete,boyleftblkrunning2crowd,81,0,0,4,True,False,True,0.6776292013325107,0.6776292013325107
full_coverage_complete,boyleftblkrunning2crowd,82,0,0,4,True,False,True,0.8218977689557323,0.8218977689557323
full_coverage_complete,boyleftblkrunning2crowd,83,0,0,4,True,False,True,0.8384187208936571,0.8384187208936571
full_coverage_complete,boyleftblkrunning2crowd,93,0,0,4,True,False,True,0.7353502562313464,0.7353502562313464
full_coverage_complete,boyleftblkrunning2crowd,101,0,0,4,True,False,True,0.7477822283628152,0.7477822283628152
full_coverage_complete,boyleftblkrunning2crowd,105,0,0,4,True,False,True,0.7494512336079503,0.7494512336079503
full_coverage_complete,boyleftblkrunning2crowd,106,0,0,4,True,False,True,0.767104145724945,0.767104145724945
full_coverage_complete,boyleftblkrunning2crowd,107,0,0,4,True,False,True,0.6832094460123264,0.6832094460123264
full_coverage_complete,boyleftblkrunning2crowd,108,0,0,4,True,False,True,0.6243899571743721,0.6243899571743721
full_coverage_complete,boyleftblkrunning2crowd,109,0,0,4,True,False,True,0.70571831226986,0.70571831226986
full_coverage_complete,boyleftblkrunning2crowd,129,0,0,4,True,False,True,0.6938940543521482,0.6938940543521482
full_coverage_complete,boyleftblkrunning2crowd,130,0,0,2,True,False,True,0.6510852473057785,0.6510852473057785
full_coverage_complete,boyleftblkrunning2crowd,131,0,0,4,True,False,True,0.5869255423427483,0.5869255423427483
full_coverage_complete,boyleftblkrunning2crowd,132,4,0,4,True,False,True,0.5762023433488903,0.0
full_coverage_complete,boyleftblkrunning2crowd,133,0,0,5,True,False,True,0.0,0.0
full_coverage_complete,boyleftblkrunning2crowd,134,0,0,5,True,False,True,0.0,0.0
full_coverage_complete,boyleftblkrunning2crowd,138,0,0,5,True,False,True,0.0,0.0
full_coverage_complete,boyleftblkrunning2crowd,139,0,0,2,True,False,True,0.0,0.0
full_coverage_complete,boyleftblkrunning2crowd,140,0,0,5,True,False,True,0.0,0.0
full_coverage_complete,boyleftblkrunning2crowd,141,0,0,4,True,False,True,0.0,0.0
full_coverage_complete,boyleftblkrunning2crowd,143,0,0,4,True,False,True,0.0,0.0
full_coverage_complete,boyleftblkrunning2crowd,144,0,0,4,True,False,True,0.0,0.0
full_coverage_complete,boyleftblkrunning2crowd,147,0,0,5,True,False,True,0.0,0.0
full_coverage_complete,boyleftblkrunning2crowd,149,0,0,2,True,False,True,0.0,0.0
full_coverage_complete,boyleftblkrunning2crowd,150,0,0,5,True,False,True,0.0,0.0
full_coverage_complete,boyleftblkrunning2crowd,151,0,0,2,True,False,True,0.0,0.0
full_coverage_complete,boyleftblkrunning2crowd,152,0,0,4,True,False,True,0.0,0.0
full_coverage_complete,boyleftblkrunning2crowd,153,0,1,5,True,False,True,0.0,0.0
full_coverage_complete,boyleftblkrunning2crowd,154,0,0,5,True,False,True,0.0,0.0
full_coverage_complete,boyleftblkrunning2crowd,155,0,0,5,True,False,True,0.0,0.0
full_coverage_complete,boyleftblkrunning2crowd,156,0,1,2,True,False,True,0.0,0.0
full_coverage_complete,boyleftblkrunning2crowd,157,0,1,1,True,False,True,0.0,0.789345760657827
full_coverage_complete,boyleftblkrunning2crowd,159,0,0,4,True,False,True,0.8909714753759871,0.8909714753759871
full_coverage_complete,boyleftblkrunning2crowd,161,0,0,4,True,False,True,0.8358887117606625,0.8358887117606625
full_coverage_complete,boyleftblkrunning2crowd,162,0,0,4,True,False,True,0.8147305757707355,0.8147305757707355
full_coverage_complete,boyleftblkrunning2crowd,163,0,0,4,True,False,True,0.8238079783384553,0.8238079783384553
full_coverage_complete,boyleftblkrunning2crowd,184,0,0,4,True,False,True,0.7181585382021376,0.7181585382021376
full_coverage_complete,boyleftblkrunning2crowd,185,0,0,2,True,False,True,0.7389689387337304,0.7389689387337304
full_coverage_complete,boyleftblkrunning2crowd,188,0,0,2,True,False,True,0.8038886879661193,0.8038886879661193
full_coverage_complete,boyleftblkrunning2crowd,190,0,0,2,True,False,True,0.8316526629251907,0.8316526629251907
full_coverage_complete,boyleftblkrunning2crowd,191,0,0,2,True,False,True,0.8782777415943311,0.8782777415943311
full_coverage_complete,boyleftblkrunning2crowd,196,0,0,4,True,False,True,0.8528818897743291,0.8528818897743291
full_coverage_complete,boyleftblkrunning2crowd,200,0,0,4,True,False,True,0.8954157079558298,0.8954157079558298
full_coverage_complete,boyleftblkrunning2crowd,201,0,0,4,True,False,True,0.8815845574962626,0.8815845574962626
full_coverage_complete,boyleftblkrunning2crowd,202,0,0,4,True,False,True,0.8502106982687697,0.8502106982687697
full_coverage_complete,boyleftblkrunning2crowd,203,0,0,4,True,False,True,0.8250237520835314,0.8250237520835314
full_coverage_complete,boyleftblkrunning2crowd,204,0,0,4,True,False,True,0.6525306093581318,0.6525306093581318
full_coverage_complete,boyleftblkrunning2crowd,206,0,0,4,True,False,True,0.6861944779634656,0.6861944779634656
full_coverage_complete,boyleftblkrunning2crowd,213,0,0,4,True,False,True,0.7536814983798124,0.7536814983798124
full_coverage_complete,boyleftblkrunning2crowd,215,0,0,4,True,False,True,0.7546637777917853,0.7546637777917853
full_coverage_complete,boyleftblkrunning2crowd,227,0,0,2,True,False,True,0.7690158439457595,0.7690158439457595
full_coverage_complete,boyleftblkrunning2crowd,228,0,0,4,True,False,True,0.7666369496781127,0.7666369496781127
full_coverage_complete,boyleftblkrunning2crowd,229,0,0,2,True,False,True,0.827132679606489,0.827132679606489
full_coverage_complete,boyleftblkrunning2crowd,230,4,0,4,True,False,True,0.0,0.7891255638036128
full_coverage_complete,boyleftblkrunning2crowd,234,0,0,2,True,False,True,0.685356565276948,0.685356565276948
full_coverage_complete,boyleftblkrunning2crowd,235,0,0,4,True,False,True,0.7229179013562446,0.7229179013562446
full_coverage_complete,boyleftblkrunning2crowd,238,0,0,4,True,False,True,0.763340375652151,0.763340375652151
full_coverage_complete,boyleftblkrunning2crowd,239,0,0,2,True,False,True,0.8056555716219798,0.8056555716219798
full_coverage_complete,boyleftblkrunning2crowd,240,0,0,2,True,False,True,0.7921256109713166,0.7921256109713166
full_coverage_complete,boyleftblkrunning2crowd,244,0,0,4,True,False,True,0.7939837825862929,0.7939837825862929
full_coverage_complete,boyleftblkrunning2crowd,245,0,0,2,True,False,True,0.8140927048979448,0.8140927048979448
full_coverage_complete,boyleftblkrunning2crowd,246,0,0,4,True,False,True,0.6971983584155851,0.6971983584155851
full_coverage_complete,boyleftblkrunning2crowd,247,0,0,1,True,False,True,0.8556046217642286,0.8556046217642286
full_coverage_complete,boyleftblkrunning2crowd,286,0,0,4,True,False,True,0.7619401113560635,0.7619401113560635
full_coverage_complete,boyleftblkrunning2crowd,295,0,0,2,True,False,True,0.6462088542329149,0.6462088542329149
full_coverage_complete,boyleftblkrunning2crowd,331,0,0,4,True,False,True,0.8447803082601888,0.8447803082601888
full_coverage_complete,boyleftblkrunning2crowd,332,0,0,4,True,False,True,0.8312562660524903,0.8312562660524903
full_coverage_complete,boyleftblkrunning2crowd,333,0,0,2,True,False,True,0.7808177525074129,0.7808177525074129
full_coverage_complete,boyleftblkrunning2crowd,334,0,0,4,True,False,True,0.7707997891442553,0.7707997891442553
full_coverage_complete,boyleftblkrunning2crowd,337,0,0,4,True,False,True,0.7067120428933569,0.7067120428933569
full_coverage_complete,boyleftblkrunning2crowd,338,0,1,2,True,False,True,0.8134067515842703,0.0
full_coverage_complete,boyleftblkrunning2crowd,339,0,0,5,True,False,True,0.0,0.0
full_coverage_complete,boyleftblkrunning2crowd,340,0,0,4,True,False,True,0.0,0.0
full_coverage_complete,boyleftblkrunning2crowd,341,0,0,4,True,False,True,0.0,0.0
full_coverage_complete,boyleftblkrunning2crowd,342,0,0,4,True,False,True,0.0,0.0
full_coverage_complete,boyleftblkrunning2crowd,343,0,0,4,True,False,True,0.0,0.0
full_coverage_complete,boyleftblkrunning2crowd,344,0,0,5,True,False,True,0.0,0.0
full_coverage_complete,boyleftblkrunning2crowd,345,0,0,4,True,False,True,0.0,0.0
full_coverage_complete,boyleftblkrunning2crowd,346,0,0,4,True,False,True,0.0,0.0
full_coverage_complete,boyleftblkrunning2crowd,347,4,2,4,True,False,True,0.0,0.6483145710410043
full_coverage_complete,boyleftblkrunning2crowd,348,0,0,1,True,False,True,0.8262363452337316,0.8262363452337316
full_coverage_complete,boyleftblkrunning2crowd,349,0,0,4,True,False,True,0.8704352028684511,0.8704352028684511
full_coverage_complete,boyleftblkrunning2crowd,350,0,0,1,True,False,True,0.7905370650354263,0.7905370650354263
full_coverage_complete,boyleftblkrunning2crowd,351,0,0,4,True,False,True,0.8086747705206365,0.8086747705206365
full_coverage_complete,boyleftblkrunning2crowd,352,0,0,4,True,False,True,0.7549269003327603,0.7549269003327603
full_coverage_complete,boyleftblkrunning2crowd,353,0,0,4,True,False,True,0.7794429224456484,0.7794429224456484
full_coverage_complete,boyleftblkrunning2crowd,354,0,0,4,True,False,True,0.7993557575118392,0.7993557575118392
full_coverage_complete,boyleftblkrunning2crowd,355,0,0,2,True,False,True,0.8890959880244468,0.8890959880244468
full_coverage_complete,boyleftblkrunning2crowd,356,0,0,2,True,False,True,0.8257823608856923,0.8257823608856923
full_coverage_complete,boyleftblkrunning2crowd,357,0,0,4,True,False,True,0.853312917329347,0.853312917329347
full_coverage_complete,boyleftblkrunning2crowd,358,0,0,4,True,False,True,0.8283382980472342,0.8283382980472342
full_coverage_complete,boyleftblkrunning2crowd,359,4,4,4,True,False,True,0.6190825090891231,0.0
full_coverage_complete,boyleftblkrunning2crowd,360,5,1,5,True,False,True,0.0,0.0
full_coverage_complete,boyleftblkrunning2crowd,361,0,0,5,True,False,True,0.0,0.0
full_coverage_complete,boyleftblkrunning2crowd,362,0,0,5,True,False,True,0.0,0.0
full_coverage_complete,boyleftblkrunning2crowd,363,0,0,5,True,False,True,0.0,0.0
full_coverage_complete,boyleftblkrunning2crowd,364,0,0,5,True,False,True,0.0,0.0
full_coverage_complete,boyleftblkrunning2crowd,365,0,0,4,True,False,True,0.0,0.0
full_coverage_complete,boyleftblkrunning2crowd,366,0,0,5,True,False,True,0.0,0.0
full_coverage_complete,boyleftblkrunning2crowd,367,0,0,4,True,False,True,0.0,0.0
full_coverage_complete,boyleftblkrunning2crowd,368,0,0,4,True,False,True,0.0,0.0
full_coverage_complete,boyleftblkrunning2crowd,369,0,0,4,True,False,True,0.0,0.0
full_coverage_complete,boyleftblkrunning2crowd,370,0,0,4,True,False,True,0.0,0.0
full_coverage_complete,boyleftblkrunning2crowd,371,0,0,4,True,False,True,0.0,0.0
full_coverage_complete,boyleftblkrunning2crowd,372,0,0,4,True,False,True,0.0,0.0
full_coverage_complete,boyleftblkrunning2crowd,373,0,0,4,True,False,True,0.0,0.0
full_coverage_complete,boyleftblkrunning2crowd,374,4,0,4,True,False,True,0.0,0.0
full_coverage_complete,boyleftblkrunning2crowd,375,0,0,5,True,False,True,0.0,0.0
full_coverage_complete,boyleftblkrunning2crowd,377,0,0,4,True,False,True,0.0,0.0
full_coverage_complete,boyleftblkrunning2crowd,378,5,0,5,True,False,True,0.0,0.0
full_coverage_complete,boyleftblkrunning2crowd,379,0,0,1,True,False,True,0.0,0.0
full_coverage_complete,boyleftblkrunning2crowd,380,0,0,2,True,False,True,0.0,0.0
full_coverage_complete,boyleftblkrunning2crowd,381,0,0,2,True,False,True,0.0,0.0
full_coverage_complete,boyleftblkrunning2crowd,382,0,0,2,True,False,True,0.0,0.0
full_coverage_complete,boyleftblkrunning2crowd,391,0,0,2,True,False,True,0.0,0.0
full_coverage_complete,boyleftblkrunning2crowd,392,0,0,4,True,False,True,0.0,0.0
full_coverage_complete,boyleftblkrunning2crowd,395,0,0,4,True,False,True,0.0,0.0
full_coverage_complete,boyleftblkrunning2crowd,396,0,0,4,True,False,True,0.0,0.0
full_coverage_complete,boyleftblkrunning2crowd,397,0,0,4,True,False,True,0.0,0.0
full_coverage_complete,boyleftblkrunning2crowd,398,0,0,4,True,False,True,0.0,0.0
full_coverage_complete,boyleftblkrunning2crowd,399,0,0,4,True,False,True,0.0,0.0
full_coverage_complete,boyleftblkrunning2crowd,401,0,0,2,True,False,True,0.0,0.0
full_coverage_complete,boyleftblkrunning2crowd,406,0,0,4,True,False,True,0.0,0.0
full_coverage_complete,boyleftblkrunning2crowd,409,0,0,2,True,False,True,0.0,0.0
full_coverage_complete,boyleftblkrunning2crowd,410,0,0,2,True,False,True,0.0,0.0
full_coverage_complete,boyleftblkrunning2crowd,411,0,0,4,True,False,True,0.0,0.0
full_coverage_complete,boyleftblkrunning2crowd,415,0,0,2,True,False,True,0.0,0.0
full_coverage_complete,boyleftblkrunning2crowd,416,0,0,4,True,False,True,0.0,0.0
full_coverage_complete,boyleftblkrunning2crowd,417,0,0,2,True,False,True,0.0,0.0
full_coverage_complete,boyleftblkrunning2crowd,418,0,0,2,True,False,True,0.0,0.0
full_coverage_complete,boyleftblkrunning2crowd,421,0,0,2,True,False,True,0.0,0.0
full_coverage_complete,boyleftblkrunning2crowd,422,0,0,4,True,False,True,0.0,0.0
full_coverage_complete,boyleftblkrunning2crowd,423,0,0,2,True,False,True,0.0,0.0
full_coverage_complete,boyleftblkrunning2crowd,424,0,0,4,True,False,True,0.0,0.0
full_coverage_complete,boyleftblkrunning2crowd,425,0,0,5,True,False,True,0.0,0.0
full_coverage_complete,boylefttheNo_9boy,1188,0,0,0,False,False,True,0.5884643910459126,0.856940681965782
full_coverage_complete,boylefttheNo_9boy,1189,0,0,5,True,False,True,0.8588404494070851,0.8588404494070851
full_coverage_complete,boylefttheNo_9boy,1272,0,0,2,True,False,True,0.5902667028353212,0.5902667028353212
full_coverage_complete,boylefttheNo_9boy,2316,0,0,2,True,False,True,0.6499802462040705,0.6499802462040705
full_coverage_complete,boylefttheNo_9boy,2467,2,1,2,True,False,True,0.7813490373533319,0.0
full_coverage_complete,boylefttheNo_9boy,2769,0,0,0,False,False,True,0.0,0.8067185751190464
full_coverage_complete,boylefttheNo_9boy,4064,0,0,2,True,False,True,0.544622206256278,0.544622206256278
full_coverage_complete,boylefttheNo_9boy,4065,5,0,5,True,False,True,0.31550835861405413,0.0
full_coverage_complete,boylefttheNo_9boy,4193,2,0,2,True,False,True,0.24482313069540332,0.8332172531432279
full_coverage_complete,boylefttheNo_9boy,4637,0,0,2,True,False,True,0.6429675041962019,0.6429675041962019
full_coverage_complete,boylefttheNo_9boy,4644,0,0,2,True,False,True,0.6072833854951019,0.6072833854951019
full_coverage_complete,boylefttheNo_9boy,4645,0,0,2,True,False,True,0.5940288552133121,0.5940288552133121
full_coverage_complete,boylefttheNo_9boy,4669,0,0,2,True,False,True,0.7306724911970738,0.7306724911970738
full_coverage_complete,boylefttheNo_9boy,4673,0,0,2,True,False,True,0.8273794645556649,0.8273794645556649
full_coverage_complete,boylefttheNo_9boy,4675,0,0,2,True,False,True,0.6470199441107537,0.6470199441107537
full_coverage_complete,boylefttheNo_9boy,4677,0,0,2,True,False,True,0.6315068571166119,0.6315068571166119
full_coverage_complete,boylefttheNo_9boy,4678,0,0,2,True,False,True,0.7040152348909107,0.7040152348909107
full_coverage_complete,boylefttheNo_9boy,4679,0,0,2,True,False,True,0.7033875383277644,0.7033875383277644
full_coverage_complete,boylefttheNo_9boy,4686,0,0,2,True,False,True,0.3494836562047665,0.3494836562047665
full_coverage_complete,boylefttheNo_9boy,4690,0,0,2,True,False,True,0.6508610220881995,0.6508610220881995
full_coverage_complete,boylefttheNo_9boy,4691,0,0,2,True,False,True,0.6033970181329167,0.6033970181329167
full_coverage_complete,boylefttheNo_9boy,4692,0,0,2,True,False,True,0.3267151522766316,0.3267151522766316
full_coverage_complete,boylefttheNo_9boy,4693,0,0,2,True,False,True,0.49821126783519915,0.49821126783519915
full_coverage_complete,boylefttheNo_9boy,4695,0,0,2,True,False,True,0.591986441407751,0.591986441407751
full_coverage_complete,boylefttheNo_9boy,4708,0,0,2,True,False,True,0.8325818501197356,0.8325818501197356
full_coverage_complete,boylefttheNo_9boy,4812,0,0,2,True,False,True,0.4747196104221615,0.4747196104221615
full_coverage_complete,boylefttheNo_9boy,4818,0,0,2,True,False,True,0.45493777271824104,0.45493777271824104
full_coverage_complete,boylefttheNo_9boy,4820,0,0,2,True,False,True,0.5995693135005239,0.5995693135005239
full_coverage_complete,boylefttheNo_9boy,4858,6,0,6,True,False,True,0.4289073730733477,0.9324505310271358
full_coverage_complete,boylefttheNo_9boy,4859,0,0,2,True,False,True,0.6259960859502897,0.6259960859502897
full_coverage_complete,boylefttheNo_9boy,4861,0,0,6,True,False,True,0.22790272331367767,0.22790272331367767
full_coverage_complete,boylefttheNo_9boy,4862,0,0,6,True,False,True,0.3540597486089701,0.3540597486089701
full_coverage_complete,boylefttheNo_9boy,4864,0,0,2,True,False,True,0.7205792157430789,0.7205792157430789
full_coverage_complete,boylefttheNo_9boy,4868,0,0,5,True,False,True,0.663449727932478,0.663449727932478
full_coverage_complete,boylefttheNo_9boy,4869,6,0,6,True,False,True,0.817971419298494,0.8750895260084319
full_coverage_complete,boylefttheNo_9boy,4883,6,0,6,True,False,True,0.5364444380127483,0.5317064888037145
full_coverage_complete,boylefttheNo_9boy,4904,0,0,2,True,False,True,0.0,0.0
full_coverage_complete,boylefttheNo_9boy,4905,0,0,2,True,False,True,0.0,0.0
full_coverage_complete,boylefttheNo_9boy,4914,0,1,2,True,False,True,0.0,0.7189269379978399
full_coverage_complete,boylefttheNo_9boy,4916,0,0,2,True,False,True,0.5463831469470642,0.5463831469470642
full_coverage_complete,boylefttheNo_9boy,4917,2,0,2,True,False,True,0.556047475162199,0.7729483992485596
full_coverage_complete,boyplayphone,104,0,0,5,True,False,True,0.6577604901199574,0.6577604901199574
full_coverage_complete,boyplayphone,196,0,0,5,True,False,True,0.7132734088140207,0.7132734088140207
full_coverage_complete,boyplayphone,250,0,0,4,True,False,True,0.490166878124917,0.490166878124917
full_coverage_complete,boyplayphone,251,0,0,2,True,False,True,0.4551883560760115,0.4551883560760115
full_coverage_complete,boyplayphone,252,0,0,5,True,False,True,0.5756391714781004,0.5756391714781004
full_coverage_complete,boyplayphone,255,0,0,2,True,False,True,0.6287584029346673,0.6287584029346673
full_coverage_complete,boyplayphone,258,0,0,1,True,False,True,0.65958376648405,0.65958376648405
full_coverage_complete,boyplayphone,267,0,0,4,True,False,True,0.7906806885405268,0.7906806885405268
full_coverage_complete,boyplayphone,285,0,0,4,True,False,True,0.6482294644313885,0.6482294644313885
full_coverage_complete,boyplayphone,291,0,1,0,False,False,True,0.7222019458706354,0.0
full_coverage_complete,boyplayphone,294,0,0,2,True,False,True,0.0,0.0
full_coverage_complete,boyplayphone,295,6,0,6,True,False,True,0.0,0.810637243617485
full_coverage_complete,boyplayphone,304,0,0,1,True,False,True,0.8756602227681942,0.8756602227681942
full_coverage_complete,boyplayphone,305,0,0,5,True,False,True,0.0,0.0
full_coverage_complete,boyplayphone,306,0,0,2,True,False,True,0.0,0.8977004055264058
full_coverage_complete,boyplayphone,307,0,0,5,True,False,True,0.7629186503347476,0.7629186503347476
full_coverage_complete,boyplayphone,308,0,0,5,True,False,True,0.739330943322713,0.739330943322713
full_coverage_complete,boyplayphone,332,0,0,5,True,False,True,0.47375187613795955,0.47375187613795955
full_coverage_complete,boyplayphone,333,0,0,4,True,False,True,0.5999194749556442,0.5999194749556442
full_coverage_complete,boyplayphone,334,5,0,5,True,False,True,0.6116897380553742,0.7122315520692771
full_coverage_complete,boyplayphone,341,0,0,1,True,False,True,0.7722047905618689,0.7722047905618689
full_coverage_complete,boyplayphone,343,0,0,1,True,False,True,0.7537110491860963,0.7537110491860963
full_coverage_complete,boyplayphone,344,0,0,5,True,False,True,0.7063411585769133,0.7063411585769133
full_coverage_complete,boyplayphone,345,0,0,5,True,False,True,0.5932205703142189,0.5932205703142189
full_coverage_complete,boyplayphone,348,0,0,5,True,False,True,0.7659881452894478,0.7659881452894478
full_coverage_complete,boyplayphone,349,0,0,5,True,False,True,0.6250744004692499,0.6250744004692499
full_coverage_complete,boyplayphone,351,0,0,5,True,False,True,0.6815444791054656,0.6815444791054656
full_coverage_complete,boyplayphone,352,0,0,6,True,False,True,0.6006022395711842,0.6006022395711842
full_coverage_complete,boyplayphone,360,5,0,5,True,False,True,0.7406103345620697,0.7902974389183581
full_coverage_complete,boyplayphone,379,0,0,2,True,False,True,0.7304575970064284,0.7304575970064284
full_coverage_complete,boyplayphone,388,0,0,2,True,False,True,0.23775839282975267,0.23775839282975267
full_coverage_complete,boyplayphone,394,0,0,2,True,False,True,0.7670978979627732,0.7670978979627732
full_coverage_complete,boyplayphone,398,0,0,1,True,False,True,0.7125405693338476,0.7125405693338476
full_coverage_complete,boyplayphone,400,0,0,1,True,False,True,0.7026174623616145,0.7026174623616145
full_coverage_complete,boyplayphone,401,0,0,1,True,False,True,0.7682449509870182,0.7682449509870182
full_coverage_complete,boyplayphone,424,1,0,1,True,False,True,0.8054853892777467,0.7657961770881351
full_coverage_complete,boyplayphone,427,5,0,5,True,False,True,0.8130584549379059,0.7277947236481355
full_coverage_complete,boyride2path,218,0,0,5,True,False,True,0.7696779006147981,0.7696779006147981
full_coverage_complete,boyride2path,219,0,0,5,True,False,True,0.6669393936176587,0.6669393936176587
full_coverage_complete,boyride2path,241,1,0,1,True,False,True,0.5257382769064637,0.5800436504185984
full_coverage_complete,boyride2path,246,1,0,1,True,False,True,0.42137521680078294,0.4340740147595337
full_coverage_complete,boyride2path,253,0,0,2,True,False,True,0.3379902734459644,0.3379902734459644
full_coverage_complete,boyride2path,254,1,0,1,True,False,True,0.34621318138819385,0.3530240017373963
full_coverage_complete,boyride2path,255,1,0,1,True,False,True,0.36430240667786734,0.3657857342830166
full_coverage_complete,boyride2path,257,1,0,1,True,False,True,0.36158261282969956,0.3795347813285445
full_coverage_complete,boyride2path,258,1,0,1,True,False,True,0.37784831118939227,0.3960763892570918
full_coverage_complete,boyride2path,260,1,0,1,True,False,True,0.31553546888849604,0.35242786767015033
full_coverage_complete,boyride2path,261,1,0,1,True,False,True,0.3327246884216708,0.3279532757215907
full_coverage_complete,boyride2path,263,1,0,1,True,False,True,0.3182136589062965,0.31878544106881807
full_coverage_complete,boyride2path,264,5,0,5,True,False,True,0.3356578430197875,0.3655436618954434
full_coverage_complete,boyride2path,265,1,0,1,True,False,True,0.39626947928521966,0.41946729465902244
full_coverage_complete,boyride2path,266,1,0,1,True,False,True,0.3085449286341751,0.3004271889543675
full_coverage_complete,boyride2path,267,1,0,1,True,False,True,0.3118005470264509,0.30493202826546606
full_coverage_complete,boyride2path,269,1,0,1,True,False,True,0.2693335094148187,0.2526110884071401
full_coverage_complete,boyride2path,270,1,0,1,True,False,True,0.2828029803630678,0.2918832061426822
full_coverage_complete,boyride2path,271,1,0,1,True,False,True,0.3011242451717053,0.2624092476495188
full_coverage_complete,boyride2path,272,1,0,1,True,False,True,0.26317632690495735,0.27056952485189456
full_coverage_complete,boyride2path,274,1,0,1,True,False,True,0.30358170404413737,0.26774369252813224
full_coverage_complete,boyride2path,283,0,0,1,True,False,True,0.37780753199988876,0.37780753199988876
full_coverage_complete,boyride2path,287,0,0,1,True,False,True,0.35034223600372727,0.35034223600372727
full_coverage_complete,boyride2path,291,0,0,0,False,False,True,0.061990423679745506,0.3418257280101397
full_coverage_complete,boyride2path,292,0,0,6,True,False,True,0.38446290173958925,0.38446290173958925
full_coverage_complete,boyride2path,303,0,0,2,True,False,True,0.5284260706544642,0.5284260706544642
full_coverage_complete,boyride2path,310,0,0,0,False,False,True,0.0,0.5403741984075796
full_coverage_complete,boyride2path,316,0,2,5,True,False,True,0.5181040883927845,0.02577491958812944
full_coverage_complete,boyride2path,317,5,0,5,True,False,True,0.03945724362128163,0.03312635595987076
full_coverage_complete,boyride2path,319,4,0,4,True,False,True,0.0466862415187879,0.054708053723560364
full_coverage_complete,boyride2path,320,4,0,4,True,False,True,0.03689567910603261,0.03946826033626215
full_coverage_complete,boyride2path,331,4,0,4,True,False,True,0.08857879507586297,0.5441347112053215
full_coverage_complete,boyride2path,333,1,0,1,True,False,True,0.549537876269957,0.5516027852966153
full_coverage_complete,boyride2path,356,0,0,2,True,False,True,0.0,0.0
full_coverage_complete,boyride2path,371,0,0,1,True,False,True,0.0,0.0
full_coverage_complete,boyride2path,432,0,0,5,True,False,True,0.0,0.0
full_coverage_complete,boyride2path,433,0,0,4,True,False,True,0.0,0.0
full_coverage_complete,boyride2path,436,0,0,5,True,False,True,0.0,0.0
full_coverage_complete,boyride2path,438,0,0,5,True,False,True,0.0,0.0
full_coverage_complete,boyride2path,439,0,0,5,True,False,True,0.0,0.0
full_coverage_complete,boyride2path,440,0,0,5,True,False,True,0.0,0.0
full_coverage_complete,boyride2path,441,0,0,5,True,False,True,0.0,0.0
full_coverage_complete,boyride2path,442,0,0,5,True,False,True,0.0,0.0
full_coverage_complete,boyride2path,443,0,0,5,True,False,True,0.0,0.0
full_coverage_complete,boyride2path,444,0,0,5,True,False,True,0.0,0.0
full_coverage_complete,boyride2path,445,0,0,5,True,False,True,0.0,0.0
full_coverage_complete,boyride2path,446,0,0,5,True,False,True,0.0,0.0
full_coverage_complete,boyride2path,448,0,0,5,True,False,True,0.0,0.0
full_coverage_complete,boyride2path,449,0,0,5,True,False,True,0.0,0.0
full_coverage_complete,boyride2path,450,0,0,5,True,False,True,0.0,0.0
full_coverage_complete,boyride2path,451,0,0,5,True,False,True,0.0,0.0
full_coverage_complete,boyride2path,452,0,0,5,True,False,True,0.0,0.0
full_coverage_complete,boyride2path,453,0,0,5,True,False,True,0.0,0.0
full_coverage_complete,boyride2path,454,0,0,5,True,False,True,0.0,0.0
full_coverage_complete,boyride2path,455,0,0,5,True,False,True,0.0,0.0
full_coverage_complete,boyride2path,457,0,0,5,True,False,True,0.0,0.0
full_coverage_complete,boyride2path,458,0,0,4,True,False,True,0.0,0.0
full_coverage_complete,boyride2path,459,0,0,5,True,False,True,0.0,0.0
full_coverage_complete,boyride2path,460,0,0,5,True,False,True,0.0,0.0
full_coverage_complete,boyride2path,461,0,0,5,True,False,True,0.0,0.0
full_coverage_complete,boyride2path,463,0,0,5,True,False,True,0.0,0.0
full_coverage_complete,boyride2path,464,0,0,5,True,False,True,0.0,0.0
full_coverage_complete,boyride2path,465,0,0,5,True,False,True,0.0,0.0
full_coverage_complete,boyride2path,466,0,0,5,True,False,True,0.0,0.0
full_coverage_complete,boyride2path,467,0,0,5,True,False,True,0.0,0.0
full_coverage_complete,boyride2path,468,0,0,5,True,False,True,0.0,0.0
full_coverage_complete,boyride2path,470,0,0,5,True,False,True,0.0,0.0
full_coverage_complete,boyride2path,471,0,0,5,True,False,True,0.0,0.0
full_coverage_complete,boyride2path,472,0,0,5,True,False,True,0.0,0.0
full_coverage_complete,boyride2path,473,0,0,5,True,False,True,0.0,0.0
full_coverage_complete,boyride2path,474,0,0,5,True,False,True,0.0,0.0
full_coverage_complete,boyride2path,475,0,0,5,True,False,True,0.0,0.0
full_coverage_complete,boyride2path,476,0,0,5,True,False,True,0.0,0.0
full_coverage_complete,boyride2path,477,0,0,5,True,False,True,0.0,0.0
full_coverage_complete,boyride2path,478,0,0,5,True,False,True,0.0,0.0
full_coverage_complete,boyride2path,479,0,0,5,True,False,True,0.0,0.0
full_coverage_complete,boyride2path,480,0,0,5,True,False,True,0.0,0.0
full_coverage_complete,boyride2path,481,0,0,5,True,False,True,0.0,0.0
full_coverage_complete,boyride2path,482,0,0,5,True,False,True,0.0,0.0
full_coverage_complete,boyride2path,483,0,0,5,True,False,True,0.0,0.0
full_coverage_complete,boyride2path,484,0,0,5,True,False,True,0.0,0.0
full_coverage_complete,boyride2path,485,0,0,5,True,False,True,0.0,0.0
full_coverage_complete,boyride2path,487,0,0,5,True,False,True,0.0,0.0
full_coverage_complete,boyride2path,488,0,0,5,True,False,True,0.0,0.0
full_coverage_complete,boyride2path,489,0,0,5,True,False,True,0.0,0.0
full_coverage_complete,boyride2path,490,0,0,5,True,False,True,0.0,0.0
full_coverage_complete,boyride2path,492,0,0,5,True,False,True,0.0,0.0
full_coverage_complete,boyride2path,493,0,0,5,True,False,True,0.0,0.0
full_coverage_complete,boyride2path,494,0,0,5,True,False,True,0.0,0.0
full_coverage_complete,boyride2path,495,0,0,5,True,False,True,0.0,0.0
full_coverage_complete,boyride2path,496,0,0,5,True,False,True,0.0,0.0
full_coverage_complete,boyride2path,497,0,0,5,True,False,True,0.0,0.0
full_coverage_complete,boyride2path,498,0,0,5,True,False,True,0.0,0.0
full_coverage_complete,boyride2path,499,0,0,5,True,False,True,0.0,0.0
full_coverage_complete,boyride2path,501,0,0,5,True,False,True,0.0,0.0
full_coverage_complete,boyride2path,502,0,0,5,True,False,True,0.0,0.0
full_coverage_complete,boyride2path,503,0,0,5,True,False,True,0.0,0.0
full_coverage_complete,boyride2path,504,0,0,5,True,False,True,0.0,0.0
full_coverage_complete,boyride2path,505,0,0,5,True,False,True,0.0,0.0
full_coverage_complete,boyride2path,506,0,0,5,True,False,True,0.0,0.0
full_coverage_complete,boyride2path,507,0,0,5,True,False,True,0.0,0.0
full_coverage_complete,boyride2path,508,0,0,5,True,False,True,0.0,0.0
full_coverage_complete,boyride2path,509,0,0,5,True,False,True,0.0,0.0
full_coverage_complete,boyride2path,510,0,0,5,True,False,True,0.0,0.0
full_coverage_complete,boyride2path,511,0,0,5,True,False,True,0.0,0.0
full_coverage_complete,boyride2path,512,0,0,5,True,False,True,0.0,0.0
full_coverage_complete,boyride2path,513,0,0,5,True,False,True,0.0,0.0
full_coverage_complete,boyride2path,514,0,0,5,True,False,True,0.0,0.0
full_coverage_complete,boyride2path,515,0,0,5,True,False,True,0.0,0.0
full_coverage_complete,boyride2path,516,0,0,5,True,False,True,0.0,0.0
full_coverage_complete,boyride2path,517,0,0,5,True,False,True,0.0,0.0
full_coverage_complete,boyride2path,518,0,0,5,True,False,True,0.0,0.0
full_coverage_complete,boyride2path,519,0,0,5,True,False,True,0.0,0.0
full_coverage_complete,boyride2path,520,0,0,5,True,False,True,0.0,0.0
full_coverage_complete,boyride2path,521,0,0,5,True,False,True,0.0,0.0
full_coverage_complete,boyride2path,522,0,0,5,True,False,True,0.0,0.0
full_coverage_complete,boyride2path,523,0,0,4,True,False,True,0.0,0.0
full_coverage_complete,boyride2path,524,0,0,5,True,False,True,0.0,0.0
full_coverage_complete,boyride2path,525,5,0,5,True,False,True,0.0,0.0
full_coverage_complete,boyride2path,526,0,0,5,True,False,True,0.0,0.0
full_coverage_complete,boyride2path,527,5,0,5,True,False,True,0.0,0.0
full_coverage_complete,boyride2path,528,0,0,4,True,False,True,0.0,0.0
full_coverage_complete,boyride2path,529,0,0,5,True,False,True,0.0,0.0
full_coverage_complete,boyride2path,530,0,0,5,True,False,True,0.0,0.0
full_coverage_complete,boyride2path,531,0,0,5,True,False,True,0.0,0.0
full_coverage_complete,boyride2path,532,0,0,5,True,False,True,0.0,0.0
full_coverage_complete,boyride2path,533,0,0,4,True,False,True,0.0,0.0
full_coverage_complete,boyride2path,534,0,0,5,True,False,True,0.0,0.0
full_coverage_complete,boyride2path,535,0,0,4,True,False,True,0.0,0.0
full_coverage_complete,boyride2path,536,0,0,5,True,False,True,0.0,0.0
full_coverage_complete,boyride2path,537,0,0,4,True,False,True,0.0,0.0
full_coverage_complete,boyride2path,538,0,0,4,True,False,True,0.0,0.0
full_coverage_complete,boyride2path,539,0,0,4,True,False,True,0.0,0.0
full_coverage_complete,boyride2path,540,0,0,4,True,False,True,0.0,0.0
full_coverage_complete,boyride2path,541,0,0,4,True,False,True,0.0,0.0
full_coverage_complete,boyride2path,542,0,0,4,True,False,True,0.0,0.0
full_coverage_complete,boyride2path,543,0,0,4,True,False,True,0.0,0.0
full_coverage_complete,boyride2path,544,0,0,4,True,False,True,0.0,0.0
full_coverage_complete,boyride2path,545,0,0,4,True,False,True,0.0,0.0
full_coverage_complete,boyride2path,546,0,0,4,True,False,True,0.0,0.0
full_coverage_complete,boyride2path,547,0,0,4,True,False,True,0.0,0.0
full_coverage_complete,boyride2path,548,0,0,4,True,False,True,0.0,0.0
full_coverage_complete,boyride2path,549,0,0,4,True,False,True,0.0,0.0
full_coverage_complete,boyride2path,550,0,0,4,True,False,True,0.0,0.0
full_coverage_complete,boyride2path,551,0,0,4,True,False,True,0.0,0.0
full_coverage_complete,boyride2path,552,0,0,4,True,False,True,0.0,0.0
full_coverage_complete,boyride2path,553,0,0,5,True,False,True,0.0,0.0
full_coverage_complete,boyride2path,554,0,0,4,True,False,True,0.0,0.0
full_coverage_complete,boyride2path,555,0,0,4,True,False,True,0.0,0.0
full_coverage_complete,boyride2path,556,4,1,4,True,False,True,0.0,0.0
full_coverage_complete,boyride2path,557,0,0,5,True,False,True,0.0,0.0
full_coverage_complete,boyride2path,558,0,0,5,True,False,True,0.0,0.0
full_coverage_complete,boyride2path,559,0,0,5,True,False,True,0.0,0.0
full_coverage_complete,boyride2path,560,0,0,5,True,False,True,0.0,0.0
full_coverage_complete,boyride2path,561,0,0,5,True,False,True,0.0,0.0
full_coverage_complete,boyride2path,562,0,0,4,True,False,True,0.0,0.0
full_coverage_complete,boyride2path,563,0,0,4,True,False,True,0.0,0.0
full_coverage_complete,boyride2path,564,0,0,4,True,False,True,0.0,0.0
full_coverage_complete,boyride2path,565,0,0,4,True,False,True,0.0,0.0
full_coverage_complete,boyride2path,566,0,0,4,True,False,True,0.0,0.0
full_coverage_complete,boyride2path,567,0,0,4,True,False,True,0.0,0.0
full_coverage_complete,boyride2path,568,0,0,5,True,False,True,0.0,0.0
full_coverage_complete,boyride2path,569,0,0,5,True,False,True,0.0,0.0
full_coverage_complete,boyride2path,570,5,3,5,True,False,True,0.0,0.0
full_coverage_complete,boyride2path,571,1,0,1,True,False,True,0.22778395106393592,0.2648268077025852
full_coverage_complete,boyride2path,572,0,0,1,True,False,True,0.3349799631625597,0.3349799631625597
full_coverage_complete,boyride2path,574,0,0,1,True,False,True,0.29943848746988144,0.29943848746988144
full_coverage_complete,boyride2path,576,0,0,1,True,False,True,0.3043691391626053,0.3043691391626053
full_coverage_complete,boyride2path,577,0,1,5,True,False,True,0.33201545593948806,0.015149486549465858
full_coverage_complete,boyride2path,578,0,0,5,True,False,True,0.029662662618319433,0.029662662618319433
full_coverage_complete,boyride2path,579,0,1,5,True,False,True,0.10704320811121497,0.0
full_coverage_complete,boyride2path,580,0,0,5,True,False,True,0.0,0.0
full_coverage_complete,boyride2path,581,0,0,4,True,False,True,0.0,0.0
full_coverage_complete,boyride2path,582,0,0,5,True,False,True,0.0,0.0
full_coverage_complete,boyride2path,583,0,0,5,True,False,True,0.0,0.0
full_coverage_complete,boyride2path,584,0,0,5,True,False,True,0.0,0.0
full_coverage_complete,boyride2path,585,0,0,4,True,False,True,0.0,0.0
full_coverage_complete,boyride2path,586,0,0,4,True,False,True,0.0,0.0
full_coverage_complete,boyride2path,587,0,0,4,True,False,True,0.0,0.0
full_coverage_complete,boyride2path,588,0,0,4,True,False,True,0.0,0.0
full_coverage_complete,boyride2path,589,0,0,5,True,False,True,0.0,0.0
full_coverage_complete,boyride2path,590,0,0,5,True,False,True,0.0,0.0
full_coverage_complete,boyride2path,591,0,0,5,True,False,True,0.0,0.0
full_coverage_complete,boyride2path,592,0,0,4,True,False,True,0.0,0.0
full_coverage_complete,boyride2path,593,0,0,4,True,False,True,0.0,0.0
full_coverage_complete,boyride2path,594,0,0,4,True,False,True,0.0,0.0
full_coverage_complete,boyride2path,595,0,0,5,True,False,True,0.0,0.0
full_coverage_complete,boyride2path,596,0,0,5,True,False,True,0.0,0.0
full_coverage_complete,boyride2path,597,0,0,4,True,False,True,0.0,0.0
full_coverage_complete,boyride2path,598,0,0,4,True,False,True,0.0,0.0
full_coverage_complete,boyride2path,599,0,0,5,True,False,True,0.0,0.0
full_coverage_complete,boyride2path,600,0,0,5,True,False,True,0.0,0.0
full_coverage_complete,boyride2path,601,0,0,5,True,False,True,0.0,0.0
full_coverage_complete,boyride2path,602,0,0,5,True,False,True,0.0,0.0
full_coverage_complete,boyride2path,603,5,2,5,True,False,True,0.0,0.0
full_coverage_complete,boyride2path,604,0,0,5,True,False,True,0.0,0.0
full_coverage_complete,boyride2path,605,5,0,5,True,False,True,0.0,0.0
full_coverage_complete,boyride2path,606,0,0,5,True,False,True,0.0,0.0
full_coverage_complete,boyride2path,607,0,0,4,True,False,True,0.0,0.0
full_coverage_complete,boyride2path,608,5,0,5,True,False,True,0.0012885884640882039,0.0
full_coverage_complete,boyride2path,609,0,0,5,True,False,True,0.0,0.0
full_coverage_complete,boyride2path,610,0,0,5,True,False,True,0.0,0.0
full_coverage_complete,boyride2path,611,0,0,5,True,False,True,0.0,0.0
full_coverage_complete,boyride2path,612,0,0,4,True,False,True,0.0,0.0
full_coverage_complete,boyride2path,613,5,0,5,True,False,True,0.008861565279168362,0.0
full_coverage_complete,boyride2path,614,0,1,4,True,False,True,0.0,0.32418322338620564
full_coverage_complete,boyride2path,615,0,0,4,True,False,True,0.29761194453076245,0.29761194453076245
full_coverage_complete,boyride2path,616,0,0,4,True,False,True,0.21573832572165938,0.21573832572165938
full_coverage_complete,boyride2path,617,0,0,4,True,False,True,0.2234503443820553,0.2234503443820553
full_coverage_complete,boyride2path,618,0,0,5,True,False,True,0.22698588879652973,0.22698588879652973
full_coverage_complete,boyride2path,619,5,3,5,True,False,True,0.09293599887465238,0.0
full_coverage_complete,boyride2path,620,0,0,5,True,False,True,0.0,0.0
full_coverage_complete,boyride2path,621,0,0,5,True,False,True,0.0,0.0
full_coverage_complete,boyride2path,622,0,0,5,True,False,True,0.0,0.0
full_coverage_complete,boyride2path,623,0,0,5,True,False,True,0.0,0.0
full_coverage_complete,boyride2path,624,0,0,4,True,False,True,0.0,0.0
full_coverage_complete,boyride2path,625,0,0,4,True,False,True,0.0,0.0
full_coverage_complete,boyride2path,626,0,0,5,True,False,True,0.0,0.0
full_coverage_complete,boyride2path,627,0,0,4,True,False,True,0.0,0.0
full_coverage_complete,boyride2path,628,5,2,5,True,False,True,0.0,0.06890905538956886
full_coverage_complete,boyride2path,629,0,0,5,True,False,True,0.2165567827569921,0.2165567827569921
full_coverage_complete,boyride2path,630,0,0,5,True,False,True,0.18251970615555485,0.18251970615555485
full_coverage_complete,boyride2path,631,0,0,5,True,False,True,0.02057947032145271,0.02057947032145271
full_coverage_complete,boyride2path,632,0,0,5,True,False,True,0.0,0.0
full_coverage_complete,boyride2path,633,5,0,5,True,False,True,0.0,0.0
full_coverage_complete,boyride2path,634,0,0,5,True,False,True,0.0,0.0
full_coverage_complete,boyride2path,635,0,0,5,True,False,True,0.0,0.0
full_coverage_complete,boyride2path,636,0,0,5,True,False,True,0.0,0.0
full_coverage_complete,boyride2path,637,0,0,5,True,False,True,0.0,0.0
full_coverage_complete,boyride2path,638,0,0,4,True,False,True,0.0,0.0
full_coverage_complete,boyride2path,639,0,0,5,True,False,True,0.0,0.0
full_coverage_complete,boyride2path,640,0,0,5,True,False,True,0.0,0.0
full_coverage_complete,boyride2path,641,0,0,4,True,False,True,0.0,0.0
full_coverage_complete,boyride2path,642,0,0,4,True,False,True,0.0,0.0
full_coverage_complete,boyride2path,643,0,0,4,True,False,True,0.0,0.0
full_coverage_complete,boyride2path,644,0,0,5,True,False,True,0.0,0.0
full_coverage_complete,boyride2path,645,0,0,5,True,False,True,0.0,0.0
full_coverage_complete,boyride2path,646,0,0,5,True,False,True,0.0,0.0
full_coverage_complete,boyride2path,648,0,0,4,True,False,True,0.0,0.0
full_coverage_complete,boyride2path,649,0,0,5,True,False,True,0.0,0.0
full_coverage_complete,boyride2path,650,0,0,4,True,False,True,0.0,0.0
full_coverage_complete,boyride2path,651,0,0,5,True,False,True,0.0,0.0
full_coverage_complete,boyride2path,652,0,0,4,True,False,True,0.0,0.0
full_coverage_complete,boyride2path,653,0,0,4,True,False,True,0.0,0.0
full_coverage_complete,boyride2path,654,0,0,4,True,False,True,0.0,0.0
full_coverage_complete,boyride2path,655,0,0,4,True,False,True,0.0,0.0
full_coverage_complete,boyride2path,656,0,0,5,True,False,True,0.0,0.0
full_coverage_complete,boyride2path,657,0,0,4,True,False,True,0.0,0.0
full_coverage_complete,boyride2path,658,0,0,5,True,False,True,0.0,0.0
full_coverage_complete,boyride2path,659,0,0,5,True,False,True,0.0,0.0
full_coverage_complete,boyride2path,660,0,0,4,True,False,True,0.0,0.0
full_coverage_complete,boyride2path,661,0,0,4,True,False,True,0.0,0.0
full_coverage_complete,boyride2path,662,0,0,5,True,False,True,0.0,0.0
full_coverage_complete,boyride2path,663,0,0,5,True,False,True,0.0,0.0
full_coverage_complete,boyride2path,664,0,0,5,True,False,True,0.0,0.0
full_coverage_complete,boyride2path,665,0,0,5,True,False,True,0.0,0.0
full_coverage_complete,boyride2path,666,0,0,5,True,False,True,0.0,0.0
full_coverage_complete,boyride2path,667,0,0,5,True,False,True,0.0,0.0
full_coverage_complete,boyride2path,668,0,0,5,True,False,True,0.0,0.0
full_coverage_complete,boyride2path,669,0,0,5,True,False,True,0.0,0.0
full_coverage_complete,boyride2path,670,0,0,5,True,False,True,0.0,0.0
full_coverage_complete,boyride2path,671,0,0,5,True,False,True,0.0,0.0
full_coverage_complete,boyride2path,672,0,0,5,True,False,True,0.0,0.0
full_coverage_complete,boyride2path,673,0,0,4,True,False,True,0.0,0.0
full_coverage_complete,boyride2path,674,0,0,5,True,False,True,0.0,0.0
full_coverage_complete,boyride2path,675,0,0,4,True,False,True,0.0,0.0
full_coverage_complete,boyride2path,676,0,0,4,True,False,True,0.0,0.0
full_coverage_complete,boyride2path,677,0,0,4,True,False,True,0.0,0.0
full_coverage_complete,boyride2path,678,0,0,4,True,False,True,0.0,0.0
full_coverage_complete,boyride2path,679,0,0,4,True,False,True,0.0,0.0
full_coverage_complete,boyride2path,680,0,0,4,True,False,True,0.0,0.0
full_coverage_complete,boyride2path,681,0,1,5,True,False,True,0.0015256076781487158,0.07372943078004765
full_coverage_complete,boyride2path,682,0,0,4,True,False,True,0.04843393863992887,0.04843393863992887
full_coverage_complete,boyride2path,683,0,1,4,True,False,True,0.0,0.0
full_coverage_complete,boyride2path,684,0,0,5,True,False,True,0.0,0.0
full_coverage_complete,boyride2path,685,0,0,5,True,False,True,0.0,0.0
full_coverage_complete,boyride2path,686,0,0,4,True,False,True,0.0,0.0
full_coverage_complete,boyride2path,687,0,0,5,True,False,True,0.0,0.0
full_coverage_complete,boyride2path,688,0,0,5,True,False,True,0.0,0.0
full_coverage_complete,boyride2path,689,0,1,5,True,False,True,0.0,0.0
full_coverage_complete,boyride2path,690,0,0,5,True,False,True,0.4416682818467215,0.4416682818467215
full_coverage_complete,boyride2path,691,0,0,5,True,False,True,0.187630631196651,0.187630631196651
full_coverage_complete,boyride2path,692,0,0,5,True,False,True,0.18111002483434432,0.18111002483434432
full_coverage_complete,boyride2path,693,0,0,5,True,False,True,0.22785676364639842,0.22785676364639842
full_coverage_complete,boyride2path,694,5,0,5,True,False,True,0.569030831526867,0.58634582273402
full_coverage_complete,boyride2path,695,0,0,5,True,False,True,0.4044397243626674,0.4044397243626674
full_coverage_complete,boyride2path,696,5,1,5,True,False,True,0.3677868404383305,0.42218833292513525
full_coverage_complete,boyride2path,697,5,1,5,True,False,True,0.3109637353389578,0.46541988806535256
full_coverage_complete,boyride2path,698,0,0,5,True,False,True,0.32353389902568014,0.32353389902568014
full_coverage_complete,boyride2path,699,5,1,5,True,False,True,0.6713338252093629,0.6092178219319062
full_coverage_complete,boyride2path,700,0,0,5,True,False,True,0.9031834559327128,0.9031834559327128
full_coverage_complete,boyride2path,701,5,0,5,True,False,True,0.7005357887650147,0.6490683279158359
full_coverage_complete,boyride2path,702,4,0,4,True,False,True,0.4166020506601094,0.0
full_coverage_complete,boyride2path,703,0,1,5,True,False,True,0.7024540156791319,0.6019435036337565
full_coverage_complete,boyride2path,704,4,0,4,True,False,True,0.7826205847552961,0.5882929236261303
full_coverage_complete,boyride2path,705,0,0,5,True,False,True,0.7528264504957184,0.7528264504957184
full_coverage_complete,boyride2path,706,5,0,5,True,False,True,0.38583210041713106,0.3869341339756957
full_coverage_complete,boyride2path,707,0,0,5,True,False,True,0.4822898733274863,0.4822898733274863
full_coverage_complete,boyride2path,708,5,0,5,True,False,True,0.25952226675362683,0.453555322062061
full_coverage_complete,boyride2path,709,5,3,5,True,False,True,0.015896111600411038,0.12067743454314876
full_coverage_complete,boyride2path,710,0,0,5,True,False,True,0.36422689073069864,0.36422689073069864
full_coverage_complete,boyride2path,711,0,0,5,True,False,True,0.645671735333074,0.645671735333074
full_coverage_complete,boyride2path,712,0,0,5,True,False,True,0.1694989388861245,0.1694989388861245
full_coverage_complete,boyride2path,713,5,1,5,True,False,True,0.45402297877531245,0.7177644185246773
full_coverage_complete,boyride2path,714,0,0,5,True,False,True,0.3881074628198617,0.3881074628198617
full_coverage_complete,boyride2path,715,5,1,5,True,False,True,0.7534618004231031,0.7510881507874952
full_coverage_complete,boyride2path,716,0,0,5,True,False,True,0.5169759005310843,0.5169759005310843
full_coverage_complete,boyride2path,717,0,0,5,True,False,True,0.5308895424972794,0.5308895424972794
full_coverage_complete,boyride2path,718,0,0,5,True,False,True,0.45413263025997724,0.45413263025997724
full_coverage_complete,boyride2path,719,0,0,5,True,False,True,0.6945659699171184,0.6945659699171184
full_coverage_complete,boyride2path,720,0,0,5,True,False,True,0.2893644080894912,0.2893644080894912
full_coverage_complete,boyride2path,721,0,0,5,True,False,True,0.6348966346994556,0.6348966346994556
full_coverage_complete,boyride2path,722,0,0,4,True,False,True,0.34395623983575757,0.34395623983575757
full_coverage_complete,boyride2path,723,0,0,5,True,False,True,0.445430753727246,0.445430753727246
full_coverage_complete,boyride2path,724,0,0,5,True,False,True,0.552732938349498,0.552732938349498
full_coverage_complete,boyride2path,725,0,0,5,True,False,True,0.27105659520420333,0.27105659520420333
full_coverage_complete,boyride2path,726,0,0,5,True,False,True,0.6033601007845226,0.6033601007845226
full_coverage_complete,boyride2path,727,0,0,5,True,False,True,0.6298542934049662,0.6298542934049662
full_coverage_complete,boyride2path,728,0,0,5,True,False,True,0.43585324723467955,0.43585324723467955
full_coverage_complete,boyride2path,729,0,0,5,True,False,True,0.6655552288133436,0.6655552288133436
full_coverage_complete,boyride2path,730,0,0,5,True,False,True,0.2718601897528367,0.2718601897528367
full_coverage_complete,boyride2path,731,0,0,5,True,False,True,0.42735280223318867,0.42735280223318867
full_coverage_complete,boyride2path,732,5,0,5,True,False,True,0.5404425038413595,0.3276939879942504
full_coverage_complete,boyride2path,733,0,0,5,True,False,True,0.6060611716135592,0.6060611716135592
full_coverage_complete,boyride2path,734,0,0,5,True,False,True,0.8583662635070365,0.8583662635070365
full_coverage_complete,boyride2path,735,0,0,5,True,False,True,0.573208227570514,0.573208227570514
full_coverage_complete,boyride2path,736,5,0,5,True,False,True,0.5742229406643136,0.5420291772940459
full_coverage_complete,boyride2path,737,0,0,4,True,False,True,0.4453166624477711,0.4453166624477711
full_coverage_complete,boyride2path,738,0,0,5,True,False,True,0.618511006595172,0.618511006595172
full_coverage_complete,boyride2path,739,0,0,5,True,False,True,0.4804798588550822,0.4804798588550822
full_coverage_complete,boyride2path,740,0,0,5,True,False,True,0.38560872654947587,0.38560872654947587
full_coverage_complete,boyride2path,741,0,0,5,True,False,True,0.46589565087994994,0.46589565087994994
full_coverage_complete,boyride2path,742,0,0,1,True,False,True,0.7540022005096616,0.7540022005096616
full_coverage_complete,boyride2path,743,0,0,5,True,False,True,0.4073906726352003,0.4073906726352003
full_coverage_complete,boyride2path,744,0,1,5,True,False,True,0.33558128953300803,0.0
full_coverage_complete,boyride2path,745,0,0,5,True,False,True,0.0,0.0
full_coverage_complete,boyride2path,746,0,0,4,True,False,True,0.02341377266214272,0.02341377266214272
full_coverage_complete,boyride2path,747,0,0,4,True,False,True,0.3407377614566082,0.3407377614566082
full_coverage_complete,boyride2path,748,0,0,4,True,False,True,0.28240932450758244,0.28240932450758244
full_coverage_complete,boyride2path,749,0,0,5,True,False,True,0.0,0.0
full_coverage_complete,boyride2path,750,0,0,4,True,False,True,0.0,0.0
full_coverage_complete,boyride2path,751,0,0,5,True,False,True,0.0,0.0
full_coverage_complete,boyride2path,752,5,4,5,True,False,True,0.0,0.0
full_coverage_complete,boyride2path,753,5,2,5,True,False,True,0.0,0.04322204981761555
full_coverage_complete,boyride2path,754,5,0,5,True,False,True,0.030995444719043475,0.07430612217168411
full_coverage_complete,boyride2path,755,0,0,5,True,False,True,0.10406677249863634,0.10406677249863634
full_coverage_complete,boyride2path,756,4,4,4,True,False,True,0.010578612051937787,0.351925633752005
full_coverage_complete,boyride2path,757,5,1,5,True,False,True,0.2829888219447925,0.012864347161713028
full_coverage_complete,boyride2path,758,0,0,1,True,False,True,0.0,0.0
full_coverage_complete,boyride2path,759,4,0,4,True,False,True,0.6146440718979901,0.7112904827712898
full_coverage_complete,boyride2path,760,5,0,5,True,False,True,0.42852900519995757,0.6067722159105213
full_coverage_complete,boyride2path,761,4,2,4,True,False,True,0.3594870501742941,0.5411598645218485
full_coverage_complete,boyride2path,762,0,0,4,True,False,True,0.4504751508625377,0.4504751508625377
full_coverage_complete,boyride2path,763,0,0,4,True,False,True,0.25528139997236554,0.25528139997236554
full_coverage_complete,boyride2path,764,0,0,5,True,False,True,0.36339110327484564,0.36339110327484564
full_coverage_complete,boyride2path,765,0,0,5,True,False,True,0.059279369865161205,0.059279369865161205
full_coverage_complete,boyride2path,766,0,0,4,True,False,True,0.0,0.0
full_coverage_complete,boyride2path,767,0,0,6,True,False,True,0.0,0.0
full_coverage_complete,boyride2path,768,0,0,5,True,False,True,0.0,0.0
full_coverage_complete,boyride2path,769,0,0,5,True,False,True,0.0,0.0
full_coverage_complete,boyride2path,770,0,1,5,True,False,True,0.0,0.0
full_coverage_complete,boyride2path,771,0,1,5,True,False,True,0.0,0.06252174664754073
full_coverage_complete,boyride2path,772,0,0,5,True,False,True,0.018294181140330292,0.018294181140330292
full_coverage_complete,boyride2path,773,0,0,5,True,False,True,0.00668790876571012,0.00668790876571012
full_coverage_complete,boyride2path,774,0,0,4,True,False,True,0.0,0.0
full_coverage_complete,boyride2path,775,0,0,4,True,False,True,0.0,0.0
full_coverage_complete,boyride2path,776,0,0,5,True,False,True,0.0,0.0
full_coverage_complete,boyride2path,777,0,0,5,True,False,True,0.0,0.0
full_coverage_complete,boyride2path,778,0,0,5,True,False,True,0.0,0.0
full_coverage_complete,boyride2path,779,0,0,5,True,False,True,0.0,0.0
full_coverage_complete,boyride2path,780,0,0,5,True,False,True,0.0,0.0
full_coverage_complete,boyride2path,781,5,2,5,True,False,True,0.0,0.0
full_coverage_complete,boyride2path,782,0,0,5,True,False,True,0.013510498419672952,0.013510498419672952
full_coverage_complete,boyride2path,783,0,0,5,True,False,True,0.08242367676122225,0.08242367676122225
full_coverage_complete,boyride2path,784,0,0,5,True,False,True,0.0,0.0
full_coverage_complete,boyride2path,785,0,0,5,True,False,True,0.0,0.0
full_coverage_complete,boyride2path,786,0,0,6,True,False,True,0.0,0.0
full_coverage_complete,boyride2path,787,0,0,4,True,False,True,0.0,0.0
full_coverage_complete,boyride2path,788,0,0,4,True,False,True,0.0,0.0
full_coverage_complete,boyride2path,789,0,0,4,True,False,True,0.0,0.0
full_coverage_complete,boyride2path,790,0,0,5,True,False,True,0.0,0.0
full_coverage_complete,boyride2path,791,0,0,4,True,False,True,0.0,0.0
full_coverage_complete,boyride2path,792,0,0,5,True,False,True,0.0,0.0
full_coverage_complete,boyride2path,793,0,0,5,True,False,True,0.0,0.0
full_coverage_complete,boyride2path,794,0,0,5,True,False,True,0.0,0.0
full_coverage_complete,boyride2path,795,0,0,5,True,False,True,0.0,0.0
full_coverage_complete,boyride2path,796,0,0,5,True,False,True,0.0,0.0
full_coverage_complete,boyride2path,797,5,2,5,True,False,True,0.0,0.0
full_coverage_complete,boyride2path,798,0,0,5,True,False,True,0.0,0.0
full_coverage_complete,boyride2path,799,0,0,4,True,False,True,0.0,0.0
full_coverage_complete,boyride2path,800,0,0,5,True,False,True,0.0,0.0
full_coverage_complete,boyride2path,801,0,0,5,True,False,True,0.0,0.0
full_coverage_complete,boyride2path,802,0,0,5,True,False,True,0.0,0.0
full_coverage_complete,boyride2path,803,0,0,5,True,False,True,0.0,0.0
full_coverage_complete,boyride2path,804,0,0,5,True,False,True,0.0,0.0
full_coverage_complete,boyride2path,805,0,0,5,True,False,True,0.0,0.0
full_coverage_complete,boyride2path,806,0,0,5,True,False,True,0.0,0.0
full_coverage_complete,boyride2path,807,0,0,5,True,False,True,0.0,0.0
full_coverage_complete,boyride2path,808,0,0,4,True,False,True,0.0,0.0
full_coverage_complete,boyride2path,809,0,0,5,True,False,True,0.0,0.0
full_coverage_complete,boyride2path,810,0,0,5,True,False,True,0.0,0.0
full_coverage_complete,boyride2path,811,0,0,5,True,False,True,0.0,0.0
full_coverage_complete,boyride2path,812,0,0,4,True,False,True,0.0,0.0
full_coverage_complete,boyride2path,813,0,0,5,True,False,True,0.0,0.0
full_coverage_complete,boyride2path,814,0,0,5,True,False,True,0.0,0.0
full_coverage_complete,boyride2path,815,0,1,5,True,False,True,0.0,0.0
full_coverage_complete,boyride2path,816,0,0,5,True,False,True,0.0,0.0
full_coverage_complete,boyride2path,817,4,1,4,True,False,True,0.0,0.0
full_coverage_complete,boyride2path,818,0,0,5,True,False,True,0.0,0.0
full_coverage_complete,boyride2path,819,4,0,4,True,False,True,0.0,0.0
full_coverage_complete,boyride2path,820,0,0,5,True,False,True,0.0,0.0
full_coverage_complete,boyride2path,821,5,0,5,True,False,True,0.0,0.0
full_coverage_complete,boyride2path,822,0,0,1,True,False,True,0.0,0.0
full_coverage_complete,boyride2path,823,4,4,4,True,False,True,0.0,0.0
full_coverage_complete,boyride2path,824,0,0,5,True,False,True,0.0,0.0
full_coverage_complete,boyride2path,826,0,0,4,True,False,True,0.0,0.0
full_coverage_complete,boyride2path,827,0,0,4,True,False,True,0.03323328034703732,0.03323328034703732
full_coverage_complete,boyride2path,828,0,0,5,True,False,True,0.3354845139559991,0.3354845139559991
full_coverage_complete,boyride2path,829,0,0,5,True,False,True,0.24390541010880043,0.24390541010880043
full_coverage_complete,boyride2path,830,0,0,5,True,False,True,0.10254194258056704,0.10254194258056704
full_coverage_complete,boyride2path,831,0,0,5,True,False,True,0.18568789145368697,0.18568789145368697
full_coverage_complete,boyride2path,832,0,0,5,True,False,True,0.23924932784679934,0.23924932784679934
full_coverage_complete,boyride2path,833,0,0,5,True,False,True,0.06603810928496608,0.06603810928496608
full_coverage_complete,boyride2path,834,0,0,5,True,False,True,0.12224290251700645,0.12224290251700645
full_coverage_complete,boyride2path,835,0,0,5,True,False,True,0.09092817934436098,0.09092817934436098
full_coverage_complete,boyride2path,836,0,0,5,True,False,True,0.0,0.0
full_coverage_complete,boyride2path,837,5,4,5,True,False,True,0.0,0.0
full_coverage_complete,boyride2path,838,0,0,1,True,False,True,0.0,0.0
full_coverage_complete,boyride2path,839,0,0,4,True,False,True,0.0,0.0
full_coverage_complete,boyride2path,840,0,0,4,True,False,True,0.0,0.0
full_coverage_complete,boyride2path,841,0,0,4,True,False,True,0.0,0.0
full_coverage_complete,boyride2path,842,0,0,5,True,False,True,0.0,0.0
full_coverage_complete,boyride2path,843,0,0,5,True,False,True,0.0,0.0
full_coverage_complete,boyride2path,844,0,0,5,True,False,True,0.0,0.0
full_coverage_complete,boyride2path,845,0,0,5,True,False,True,0.0,0.0
full_coverage_complete,boyride2path,846,0,0,5,True,False,True,0.0,0.0
full_coverage_complete,boyride2path,847,0,0,5,True,False,True,0.0,0.0
full_coverage_complete,boyride2path,848,0,0,5,True,False,True,0.0,0.0
full_coverage_complete,boyride2path,849,0,0,5,True,False,True,0.0,0.0
full_coverage_complete,boyride2path,850,0,0,5,True,False,True,0.0,0.0
full_coverage_complete,boyride2path,851,5,0,5,True,False,True,0.0,0.0
full_coverage_complete,boyride2path,852,0,0,5,True,False,True,0.0,0.0
full_coverage_complete,boyride2path,853,5,0,5,True,False,True,0.0,0.0
full_coverage_complete,boyride2path,854,0,0,5,True,False,True,0.0,0.0
full_coverage_complete,boyride2path,855,0,0,5,True,False,True,0.0,0.0
full_coverage_complete,boyride2path,856,0,0,5,True,False,True,0.0,0.0
full_coverage_complete,boyride2path,857,0,0,5,True,False,True,0.0,0.0
full_coverage_complete,boyride2path,858,0,0,5,True,False,True,0.0,0.0
full_coverage_complete,boyride2path,859,0,0,5,True,False,True,0.0,0.0
full_coverage_complete,boyride2path,860,0,0,5,True,False,True,0.0,0.0
full_coverage_complete,boyride2path,861,0,0,4,True,False,True,0.0,0.0
full_coverage_complete,boyride2path,862,0,0,5,True,False,True,0.0,0.0
full_coverage_complete,boyride2path,863,0,0,5,True,False,True,0.0,0.0
full_coverage_complete,boyride2path,864,0,0,5,True,False,True,0.0,0.0
full_coverage_complete,boyride2path,865,0,0,5,True,False,True,0.0,0.0
full_coverage_complete,boyride2path,866,0,0,5,True,False,True,0.0,0.0
full_coverage_complete,boyride2path,867,0,0,5,True,False,True,0.0,0.0
full_coverage_complete,boyride2path,868,0,0,5,True,False,True,0.0,0.0
full_coverage_complete,boyride2path,869,0,0,5,True,False,True,0.0,0.0
full_coverage_complete,boyride2path,870,0,0,5,True,False,True,0.0,0.0
full_coverage_complete,boyride2path,871,0,0,5,True,False,True,0.0,0.0
full_coverage_complete,boyride2path,872,0,1,5,True,False,True,0.0,0.0
full_coverage_complete,boyride2path,873,5,4,5,True,False,True,0.0,0.0
full_coverage_complete,boyride2path,874,5,2,5,True,False,True,0.0,0.0
full_coverage_complete,boyride2path,875,0,0,5,True,False,True,0.0,0.0
full_coverage_complete,boyride2path,876,0,1,5,True,False,True,0.0,0.0
full_coverage_complete,boyride2path,877,0,0,6,True,False,True,0.0,0.0
full_coverage_complete,boyride2path,878,0,0,4,True,False,True,0.0,0.0
full_coverage_complete,boyride2path,879,0,0,4,True,False,True,0.0,0.0
full_coverage_complete,boyride2path,881,4,0,4,True,False,True,0.0,0.0
full_coverage_complete,boyride2path,882,0,0,4,True,False,True,0.29936865763441867,0.29936865763441867
full_coverage_complete,boyride2path,883,0,0,4,True,False,True,0.47132172220970875,0.47132172220970875
full_coverage_complete,boyride2path,884,0,0,5,True,False,True,0.30542553587793025,0.30542553587793025
full_coverage_complete,boyride2path,885,0,0,4,True,False,True,0.5009175251877213,0.5009175251877213
full_coverage_complete,boyride2path,886,0,0,5,True,False,True,0.41697916181733596,0.41697916181733596
full_coverage_complete,boyride2path,887,0,0,4,True,False,True,0.4998622871829789,0.4998622871829789
full_coverage_complete,boyride2path,888,0,0,5,True,False,True,0.4392329873645275,0.4392329873645275
full_coverage_complete,boyride2path,889,0,0,5,True,False,True,0.5779124825896423,0.5779124825896423
full_coverage_complete,boyride2path,890,0,0,5,True,False,True,0.6133277383807091,0.6133277383807091
full_coverage_complete,boyride2path,899,4,0,4,True,False,True,0.4636708697837933,0.434132599744624
full_coverage_complete,boyride2path,900,4,0,4,True,False,True,0.3377731456035747,0.4703896493957327
full_coverage_complete,boyride2path,915,0,0,4,True,False,True,0.43258061213823457,0.43258061213823457
full_coverage_complete,boyride2path,916,0,0,4,True,False,True,0.33902711246450706,0.33902711246450706
full_coverage_complete,boyride2path,917,0,0,4,True,False,True,0.3692054533050701,0.3692054533050701
full_coverage_complete,boyride2path,918,0,0,1,True,False,True,0.3162889653641348,0.3162889653641348
full_coverage_complete,boyride2path,919,0,0,4,True,False,True,0.5054782816662585,0.5054782816662585
full_coverage_complete,boyride2path,920,0,0,5,True,False,True,0.5723306635755948,0.5723306635755948
full_coverage_complete,boyride2path,921,0,0,5,True,False,True,0.5682799324368527,0.5682799324368527
full_coverage_complete,boyride2path,922,0,0,5,True,False,True,0.3724646600242234,0.3724646600242234
full_coverage_complete,boyride2path,925,0,0,1,True,False,True,0.37055496464302096,0.37055496464302096
full_coverage_complete,boyride2path,926,0,0,4,True,False,True,0.45521219213584396,0.45521219213584396
full_coverage_complete,boyride2path,927,0,0,5,True,False,True,0.4708704010897884,0.4708704010897884
full_coverage_complete,boyride2path,928,0,0,5,True,False,True,0.5303889732870205,0.5303889732870205
full_coverage_complete,boyride2path,929,0,0,5,True,False,True,0.4650407680808843,0.4650407680808843
full_coverage_complete,boyride2path,934,0,0,4,True,False,True,0.4542080270168378,0.4542080270168378
full_coverage_complete,boyride2path,935,0,0,4,True,False,True,0.44692909896933647,0.44692909896933647
full_coverage_complete,boyride2path,936,0,0,5,True,False,True,0.3769357639277695,0.3769357639277695
full_coverage_complete,boyride2path,937,0,0,4,True,False,True,0.46077771525068834,0.46077771525068834
full_coverage_complete,boyride2path,938,0,0,5,True,False,True,0.31094155223194886,0.31094155223194886
full_coverage_complete,boyride2path,939,0,0,5,True,False,True,0.2498448705598824,0.2498448705598824
full_coverage_complete,boyride2path,940,0,0,5,True,False,True,0.26486080994902067,0.26486080994902067
full_coverage_complete,boyride2path,941,0,0,5,True,False,True,0.24015112851898354,0.24015112851898354
full_coverage_complete,boyride2path,942,0,0,5,True,False,True,0.2515134130398932,0.2515134130398932
full_coverage_complete,boyride2path,943,0,0,5,True,False,True,0.27298306490248053,0.27298306490248053
full_coverage_complete,boyride2path,944,0,0,5,True,False,True,0.3651957846745502,0.3651957846745502
full_coverage_complete,boyride2path,945,0,0,5,True,False,True,0.3455793258940839,0.3455793258940839
full_coverage_complete,boyride2path,948,0,0,4,True,False,True,0.0,0.0
full_coverage_complete,boyride2path,949,0,0,4,True,False,True,0.0,0.0
full_coverage_complete,boyride2path,950,0,0,4,True,False,True,0.0,0.0
full_coverage_complete,boyride2path,953,0,0,1,True,False,True,0.0,0.0
full_coverage_complete,boyride2path,956,0,0,5,True,False,True,0.0,0.0
full_coverage_complete,boyride2path,957,0,0,5,True,False,True,0.020143101434873592,0.020143101434873592
full_coverage_complete,boyride2path,958,0,0,5,True,False,True,0.025206085879263884,0.025206085879263884
full_coverage_complete,boyride2path,959,0,0,5,True,False,True,0.04801832237455062,0.04801832237455062
full_coverage_complete,boyride2path,960,0,0,5,True,False,True,0.4013196162503352,0.4013196162503352
full_coverage_complete,boyride2path,961,0,0,5,True,False,True,0.21627433071251434,0.21627433071251434
full_coverage_complete,boyride2path,962,0,0,5,True,False,True,0.213851752301027,0.213851752301027
full_coverage_complete,boyride2path,963,0,0,5,True,False,True,0.17676719192951706,0.17676719192951706
full_coverage_complete,boyride2path,964,0,0,4,True,False,True,0.027239900974573242,0.027239900974573242
full_coverage_complete,boyride2path,965,0,0,1,True,False,True,0.0,0.0
full_coverage_complete,boyride2path,966,0,0,1,True,False,True,0.0,0.0
full_coverage_complete,boyride2path,968,0,0,5,True,False,True,0.0,0.0
full_coverage_complete,boyride2path,969,4,3,4,True,False,True,0.01026402334475409,0.17171725992890136
full_coverage_complete,boyride2path,974,5,0,5,True,False,True,0.011529620687879591,0.07437221723376002
full_coverage_complete,boyride2path,976,0,0,5,True,False,True,0.0,0.0
full_coverage_complete,boyride2path,978,0,0,5,True,False,True,0.036408624815532614,0.036408624815532614
full_coverage_complete,boyride2path,981,0,0,5,True,False,True,0.09415942945892247,0.09415942945892247
full_coverage_complete,boyride2path,982,0,0,5,True,False,True,0.2045727189139168,0.2045727189139168
full_coverage_complete,boyride2path,983,0,0,4,True,False,True,0.008753032515177008,0.008753032515177008
full_coverage_complete,boyride2path,985,0,0,5,True,False,True,0.4317884092746878,0.4317884092746878
full_coverage_complete,boyride2path,991,0,0,1,True,False,True,0.4387528993360343,0.4387528993360343
full_coverage_complete,boyride2path,992,0,0,1,True,False,True,0.5016132212847052,0.5016132212847052
full_coverage_complete,boyride2path,999,0,0,4,True,False,True,0.408675950444692,0.408675950444692
full_coverage_complete,boyride2path,1001,5,4,5,True,False,True,0.4418544914182397,0.4552493806523869
full_coverage_complete,boyride2path,1002,0,0,5,True,False,True,0.40915329702442305,0.40915329702442305
full_coverage_complete,boyride2path,1003,0,0,5,True,False,True,0.49241437581071934,0.49241437581071934
full_coverage_complete,boyride2path,1004,0,0,5,True,False,True,0.35085143579120487,0.35085143579120487
full_coverage_complete,boyride2path,1005,0,1,1,True,False,True,0.3613024091389579,0.0
full_coverage_complete,boyride2path,1006,1,0,1,True,False,True,0.0,0.340221327885739
full_coverage_complete,boyride2path,1010,0,0,5,True,False,True,0.3289829194365408,0.3289829194365408
full_coverage_complete,boyride2path,1011,0,0,5,True,False,True,0.3339257408080013,0.3339257408080013
full_coverage_complete,boyride2path,1039,0,0,1,True,False,True,0.4650037498963087,0.4650037498963087
full_coverage_complete,boyride2path,1040,0,0,4,True,False,True,0.6037469136555346,0.6037469136555346
full_coverage_complete,boyride2path,1041,0,0,1,True,False,True,0.48576461514361585,0.48576461514361585
full_coverage_complete,boyride2path,1043,0,0,4,True,False,True,0.4661332337738422,0.4661332337738422
full_coverage_complete,boyride2path,1044,0,0,1,True,False,True,0.4223805907273994,0.4223805907273994
full_coverage_complete,boyride2path,1045,0,0,4,True,False,True,0.5051485484720097,0.5051485484720097
full_coverage_complete,boyride2path,1046,0,0,4,True,False,True,0.37552651369310797,0.37552651369310797
full_coverage_complete,boyride2path,1047,0,0,5,True,False,True,0.43782347018807793,0.43782347018807793
full_coverage_complete,boyride2path,1048,0,0,5,True,False,True,0.3873968551528689,0.3873968551528689
full_coverage_complete,boyride2path,1049,0,0,5,True,False,True,0.4065292216030953,0.4065292216030953
full_coverage_complete,boyride2path,1050,0,0,4,True,False,True,0.5780374699525124,0.5780374699525124
full_coverage_complete,boyride2path,1051,0,0,4,True,False,True,0.7909122164340923,0.7909122164340923
full_coverage_complete,boyride2path,1052,0,0,4,True,False,True,0.4682432115484195,0.4682432115484195
full_coverage_complete,boyride2path,1067,0,0,1,True,False,True,0.4431533227398004,0.4431533227398004
full_coverage_complete,boyride2path,1092,0,0,1,True,False,True,0.48438293733208115,0.48438293733208115
full_coverage_complete,boyride2path,1093,0,0,5,True,False,True,0.4288996356747944,0.4288996356747944
full_coverage_complete,boyride2path,1094,0,0,5,True,False,True,0.41947820269759517,0.41947820269759517
full_coverage_complete,boyride2path,1095,0,0,5,True,False,True,0.3336439716842651,0.3336439716842651
full_coverage_complete,boyride2path,1096,0,0,5,True,False,True,0.3075640573265589,0.3075640573265589
full_coverage_complete,boyride2path,1097,0,0,5,True,False,True,0.35440522434697913,0.35440522434697913
full_coverage_complete,boyride2path,1098,0,0,5,True,False,True,0.4319685713393406,0.4319685713393406
full_coverage_complete,boyride2path,1099,0,0,5,True,False,True,0.5627544095077138,0.5627544095077138
full_coverage_complete,boyride2path,1100,0,0,1,True,False,True,0.45221873932437623,0.45221873932437623
full_coverage_complete,boyride2path,1107,0,0,1,True,False,True,0.36061040444454606,0.36061040444454606
full_coverage_complete,boyride2path,1108,0,0,4,True,False,True,0.4870071760991318,0.4870071760991318
full_coverage_complete,boyride2path,1109,0,0,5,True,False,True,0.2917750913509276,0.2917750913509276
full_coverage_complete,boyride2path,1110,0,0,5,True,False,True,0.07471039752733054,0.07471039752733054
full_coverage_complete,boyride2path,1111,0,0,5,True,False,True,0.07151216227237671,0.07151216227237671
full_coverage_complete,boyride2path,1112,0,0,1,True,False,True,0.09467691501338255,0.09467691501338255
full_coverage_complete,boyride2path,1113,5,0,5,True,False,True,0.13772485735114437,0.055319137114788794
full_coverage_complete,boyride2path,1114,0,0,1,True,False,True,0.010746871847037752,0.010746871847037752
full_coverage_complete,boyride2path,1115,0,0,5,True,False,True,0.13929981059692262,0.13929981059692262
full_coverage_complete,boyride2path,1116,0,0,5,True,False,True,0.10602123264806788,0.10602123264806788
full_coverage_complete,boyride2path,1117,0,0,5,True,False,True,0.3662594275781972,0.3662594275781972
full_coverage_complete,boyride2path,1118,0,0,5,True,False,True,0.1317114221981267,0.1317114221981267
full_coverage_complete,boyride2path,1119,0,0,5,True,False,True,0.1280080792809767,0.1280080792809767
full_coverage_complete,boyride2path,1120,0,0,5,True,False,True,0.016158496221719422,0.016158496221719422
full_coverage_complete,boyride2path,1121,5,0,5,True,False,True,0.022889207510443897,0.005945986412770667
full_coverage_complete,boyride2path,1122,5,1,5,True,False,True,0.0,0.0
full_coverage_complete,boyride2path,1123,0,0,5,True,False,True,0.0,0.0
full_coverage_complete,boyride2path,1124,0,0,5,True,False,True,0.05291292015891853,0.05291292015891853
full_coverage_complete,boyride2path,1125,0,0,5,True,False,True,0.6016015324823711,0.6016015324823711
full_coverage_complete,boyride2path,1133,0,0,4,True,False,True,0.45142528355469486,0.45142528355469486
full_coverage_complete,boyride2path,1135,0,0,4,True,False,True,0.5877693327397867,0.5877693327397867
full_coverage_complete,boyride2path,1136,0,0,4,True,False,True,0.2700667564819435,0.2700667564819435
full_coverage_complete,boyride2path,1137,0,0,4,True,False,True,0.3607927554778856,0.3607927554778856
full_coverage_complete,boyride2path,1138,0,0,4,True,False,True,0.3421135177294461,0.3421135177294461
full_coverage_complete,boyride2path,1139,0,0,4,True,False,True,0.4421035220738471,0.4421035220738471
full_coverage_complete,boyride2path,1140,0,0,4,True,False,True,0.35018586578865785,0.35018586578865785
full_coverage_complete,boyride2path,1141,0,0,4,True,False,True,0.5724885846371034,0.5724885846371034
full_coverage_complete,boyride2path,1142,0,0,4,True,False,True,0.44045555017255944,0.44045555017255944
full_coverage_complete,boyride2path,1143,0,0,4,True,False,True,0.3972170965489046,0.3972170965489046
full_coverage_complete,boyride2path,1144,0,0,4,True,False,True,0.4048423963727098,0.4048423963727098
full_coverage_complete,boyride2path,1146,0,1,5,True,False,True,0.2595057835347012,0.0
full_coverage_complete,boyride2path,1147,5,0,5,True,False,True,0.0,0.0
full_coverage_complete,boyride2path,1148,0,0,5,True,False,True,0.0,0.0
full_coverage_complete,boyride2path,1149,0,0,5,True,False,True,0.0,0.0
full_coverage_complete,boyride2path,1150,0,0,4,True,False,True,0.0,0.0
full_coverage_complete,boyride2path,1151,0,0,1,True,False,True,0.0,0.0
full_coverage_complete,boyride2path,1152,0,0,1,True,False,True,0.0,0.0
full_coverage_complete,boyride2path,1153,0,0,1,True,False,True,0.0,0.0
full_coverage_complete,boyride2path,1154,0,1,4,True,False,True,0.0,0.0
full_coverage_complete,boyride2path,1155,0,0,5,True,False,True,0.0,0.0
full_coverage_complete,boyride2path,1159,0,0,5,True,False,True,0.0,0.0
full_coverage_complete,boyride2path,1160,0,0,5,True,False,True,0.0,0.0
full_coverage_complete,boyride2path,1162,0,0,4,True,False,True,0.0,0.0
full_coverage_complete,boyride2path,1163,0,0,5,True,False,True,0.0,0.0
full_coverage_complete,boyride2path,1165,0,0,1,True,False,True,0.0,0.0
full_coverage_complete,boyride2path,1166,0,0,4,True,False,True,0.35567673157226987,0.35567673157226987
full_coverage_complete,boyride2path,1168,0,0,4,True,False,True,0.17156199416085635,0.17156199416085635
full_coverage_complete,boyride2path,1169,0,0,4,True,False,True,0.34698129739551975,0.34698129739551975
full_coverage_complete,boyride2path,1171,0,0,1,True,False,True,0.0806965735848519,0.0806965735848519
full_coverage_complete,boyride2path,1172,0,0,4,True,False,True,0.10101315980112037,0.10101315980112037
full_coverage_complete,boyride2path,1173,0,0,4,True,False,True,0.0804310315560401,0.0804310315560401
full_coverage_complete,boyride2path,1175,0,0,4,True,False,True,0.11756314462319595,0.11756314462319595
full_coverage_complete,boyride2path,1176,0,1,5,True,False,True,0.6940633337228798,0.6940633337228798
full_coverage_complete,boyride2path,1177,0,0,5,True,False,True,0.3470185229717354,0.3470185229717354
full_coverage_complete,boyride2path,1184,4,2,4,True,False,True,0.6248004448006719,0.5110276123905971
full_coverage_complete,boyride2path,1185,0,0,5,True,False,True,0.7643471813095085,0.7643471813095085
full_coverage_complete,boyride2path,1186,0,0,1,True,False,True,0.3303205876791952,0.3303205876791952
full_coverage_complete,boyride2path,1188,0,1,0,False,False,True,0.05582650454977665,0.4040931159822833
full_coverage_complete,boyride2path,1189,5,0,5,True,False,True,0.7107756316865117,0.6419286516317142
full_coverage_complete,boyride2path,1190,5,0,5,True,False,True,0.6672189963421162,0.7030490674455775
full_coverage_complete,boyride2path,1194,0,0,1,True,False,True,0.4185154455410091,0.4185154455410091
full_coverage_complete,boyride2path,1195,0,1,5,True,False,True,0.41486680886896443,0.0
full_coverage_complete,boyride2path,1196,0,0,4,True,False,True,0.0,0.0
full_coverage_complete,boyride2path,1197,0,0,1,True,False,True,0.0,0.0
full_coverage_complete,boyride2path,1199,0,0,4,True,False,True,0.0,0.0
full_coverage_complete,boyride2path,1201,0,0,5,True,False,True,0.0,0.0
full_coverage_complete,boyride2path,1202,4,0,4,True,False,True,0.0,0.6755561867370243
full_coverage_complete,boyride2path,1225,0,0,1,True,False,True,0.5002125979275674,0.5002125979275674
full_coverage_complete,boyride2path,1226,0,0,5,True,False,True,0.614409327923179,0.614409327923179
full_coverage_complete,boyride2path,1528,0,1,0,False,False,True,0.6756787426430564,0.0
full_coverage_complete,boyride2path,1529,0,0,0,False,False,True,0.0,0.6694340520922756
full_coverage_complete,boyride2path,1562,0,0,4,True,False,True,0.5510701305819266,0.5510701305819266
full_coverage_complete,boyride2path,1563,0,0,4,True,False,True,0.0,0.0
full_coverage_complete,boyride2path,1564,5,0,5,True,False,True,0.7171589586081945,0.7745726337893881
full_coverage_complete,boyride2path,1589,0,0,5,True,False,True,0.5214077475405555,0.5214077475405555
full_coverage_complete,boyride2path,1590,5,0,5,True,False,True,0.5219726532334021,0.024340873638065627
full_coverage_complete,boyride2path,1591,4,0,4,True,False,True,0.002804337589017989,0.0
full_coverage_complete,boyride2path,1596,0,0,0,False,False,True,0.0,0.5333948812256243
full_coverage_complete,boyride2path,1633,5,0,5,True,False,True,0.49374384726296555,0.4753252448126547
full_coverage_complete,boyride2path,1706,0,0,1,True,False,True,0.7392933442368571,0.7392933442368571
full_coverage_complete,boyride2path,1707,1,0,1,True,False,True,0.7026094717311676,0.0
full_coverage_complete,boyride2path,1708,0,0,0,False,False,True,0.0,0.1798330577355502
full_coverage_complete,boyride2path,1714,0,1,0,False,False,True,0.0,0.47816263875397974
full_coverage_complete,boyride2path,1715,0,0,5,True,False,True,0.19158307856201273,0.19158307856201273
full_coverage_complete,boyride2path,1716,0,0,1,True,False,True,0.16292691349111255,0.16292691349111255
full_coverage_complete,boyride2path,1718,5,0,5,True,False,True,0.2818824428129467,0.2320517660096167
full_coverage_complete,boyscomeleft,40,0,0,1,True,False,True,0.4651855763658562,0.4651855763658562
full_coverage_complete,boyscomeleft,42,5,0,5,True,False,True,0.46594481924905795,0.329475166744576
full_coverage_complete,boyscomeleft,44,0,0,2,True,False,True,0.8047779511361813,0.8047779511361813
full_coverage_complete,boyscomeleft,46,0,0,2,True,False,True,0.0013911816542547283,0.0013911816542547283
full_coverage_complete,boyscomeleft,52,0,0,2,True,False,True,0.0005479248055606805,0.0005479248055606805
full_coverage_complete,boyscomeleft,53,0,0,2,True,False,True,0.036845159531416725,0.036845159531416725
full_coverage_complete,boyscomeleft,56,0,0,1,True,False,True,0.0,0.0
full_coverage_complete,boyscomeleft,57,0,0,1,True,False,True,0.013952933656442085,0.013952933656442085
full_coverage_complete,boyscomeleft,59,0,0,2,True,False,True,0.05179742748389611,0.05179742748389611
full_coverage_complete,boyscomeleft,61,0,0,2,True,False,True,0.1940546382436518,0.1940546382436518
full_coverage_complete,boyscomeleft,63,1,0,1,True,False,True,0.4515487276152096,0.48471278382122207
full_coverage_complete,boyscomeleft,64,0,0,2,True,False,True,0.06918571644025186,0.06918571644025186
full_coverage_complete,boyscomeleft,66,0,0,2,True,False,True,0.5586092557257636,0.5586092557257636
full_coverage_complete,boyscomeleft,67,5,0,5,True,False,True,0.1356040766776806,0.47857919161711227
full_coverage_complete,boyscomeleft,68,0,0,1,True,False,True,0.07372767137971069,0.07372767137971069
full_coverage_complete,boyscomeleft,71,1,0,1,True,False,True,0.20997737182283066,0.18612980848216673
full_coverage_complete,boyscomeleft,72,1,0,1,True,False,True,0.10741090382723278,0.4158519867907228
full_coverage_complete,boyscomeleft,73,5,0,5,True,False,True,0.4899021253904583,0.46101851620886297
full_coverage_complete,boyscomeleft,74,0,1,2,True,False,True,0.5068311835509359,0.13113572364065806
full_coverage_complete,boyscomeleft,75,0,0,6,True,False,True,0.5681513377791118,0.5681513377791118
full_coverage_complete,boyscomeleft,79,0,0,1,True,False,True,0.4670678577801727,0.4670678577801727
full_coverage_complete,boyscomeleft,88,0,0,2,True,False,True,0.6712793999524542,0.6712793999524542
full_coverage_complete,boyscomeleft,90,6,0,6,True,False,True,0.36333322648717215,0.5003895716657023
full_coverage_complete,boyscomeleft,121,0,0,1,True,False,True,0.4539136850795694,0.4539136850795694
full_coverage_complete,boyscomeleft,168,0,0,1,True,False,True,0.5775243443459296,0.5775243443459296
full_coverage_complete,boyscomeleft,169,0,0,1,True,False,True,0.5116397633850162,0.5116397633850162
full_coverage_complete,boyscomeleft,170,4,0,4,True,False,True,0.49595910158870465,0.5694689478097081
full_coverage_complete,boyscomeleft,174,0,0,2,True,False,True,0.5863388353395418,0.5863388353395418
full_coverage_complete,boyscomeleft,207,0,0,1,True,False,True,0.5580224319645146,0.5580224319645146
full_coverage_complete,boyshead9684,1201,5,0,5,True,False,True,0.7784521371004095,0.6695596597773463
full_coverage_complete,boyshead9684,1202,0,0,5,True,False,True,0.7849447003081644,0.7849447003081644
full_coverage_complete,boyshead9684,1203,0,0,1,True,False,True,0.5324762357985687,0.5324762357985687
full_coverage_complete,boyshead9684,1232,5,0,5,True,False,True,0.7087945550120349,0.6936979948789347
full_coverage_complete,boyshead9684,1234,0,0,5,True,False,True,0.6942728998294747,0.6942728998294747
full_coverage_complete,boyshead9684,1236,5,0,5,True,False,True,0.7689609468551462,0.7538262888007797
full_coverage_complete,boyshead9684,1237,0,0,5,True,False,True,0.773618398764732,0.773618398764732
full_coverage_complete,boyshead9684,1245,5,0,5,True,False,True,0.8394776173791487,0.8183685818620008
full_coverage_complete,boyshead9684,1246,0,0,5,True,False,True,0.9038533785317844,0.9038533785317844
full_coverage_complete,boyshead9684,1248,0,0,1,True,False,True,0.8210167697326435,0.8210167697326435
full_coverage_complete,boyshead9684,1254,0,0,5,True,False,True,0.8643006157441784,0.8643006157441784
full_coverage_complete,boyshead9684,1261,0,0,5,True,False,True,0.7070016518702339,0.7070016518702339
full_coverage_complete,boyshead9684,1277,5,1,5,True,False,True,0.6787518804751445,0.45900211176408784
full_coverage_complete,boyshead9684,1278,0,0,5,True,False,True,0.6760343812329224,0.6760343812329224
full_coverage_complete,boyshead9684,1279,0,0,5,True,False,True,0.5944741198298612,0.5944741198298612
full_coverage_complete,boyshead9684,1280,0,0,4,True,False,True,0.5631766050516518,0.5631766050516518
full_coverage_complete,boyshead9684,1281,0,0,5,True,False,True,0.5226805757931434,0.5226805757931434
full_coverage_complete,boyshead9684,1282,0,0,5,True,False,True,0.5142481799914562,0.5142481799914562
full_coverage_complete,boyshead9684,1287,0,0,5,True,False,True,0.4475255909043314,0.4475255909043314
full_coverage_complete,boyshead9684,1323,0,0,1,True,False,True,0.44039367090220466,0.44039367090220466
full_coverage_complete,boyshead9684,1324,0,0,5,True,False,True,0.6414447486593021,0.6414447486593021
full_coverage_complete,boyshead9684,1325,0,0,1,True,False,True,0.7430023907368264,0.7430023907368264
full_coverage_complete,boyshead9684,1417,0,0,5,True,False,True,0.6719063811932791,0.6719063811932791
full_coverage_complete,boyshead9684,1418,5,0,5,True,False,True,0.7330471884113625,0.6617463994246148
full_coverage_complete,boyshead9684,1419,5,0,5,True,False,True,0.6926906439676215,0.6095456799994476
full_coverage_complete,boyshead9684,1431,0,0,5,True,False,True,0.5757130674403205,0.5757130674403205
full_coverage_complete,boyshead9684,1436,0,0,5,True,False,True,0.527631959371516,0.527631959371516
full_coverage_complete,boyshead9684,1437,0,0,5,True,False,True,0.44655625181975367,0.44655625181975367
full_coverage_complete,boyshead9684,1439,0,0,5,True,False,True,0.5521757772938116,0.5521757772938116
full_coverage_complete,boyshead9684,1440,0,0,5,True,False,True,0.4946393686187045,0.4946393686187045
full_coverage_complete,boyshead9684,1441,0,0,5,True,False,True,0.48783103227623686,0.48783103227623686
full_coverage_complete,boyshead9684,1442,0,0,5,True,False,True,0.40593305768924515,0.40593305768924515
full_coverage_complete,boyshead9684,1445,0,0,5,True,False,True,0.48161638934183676,0.48161638934183676
full_coverage_complete,boyshead9684,1495,0,0,4,True,False,True,0.8237317754139836,0.8237317754139836
full_coverage_complete,boyshead9684,1871,0,0,6,True,False,True,0.7128975138823251,0.007044341755928231
full_coverage_complete,boyshead9684,1873,5,0,5,True,False,True,0.0,0.7855072972560081
full_coverage_complete,boyshead9684,2211,5,0,5,True,False,True,0.4407180556299381,0.388673485232507
full_coverage_complete,boyshead9684,2212,5,0,5,True,False,True,0.42795337584148374,0.4059214062291204
full_coverage_complete,boyshead9684,2214,6,0,6,True,False,True,0.3633592225161474,0.41596260526747003
full_coverage_complete,boyshead9684,2215,5,0,5,True,False,True,0.40075965896240445,0.39495740017856557
full_coverage_complete,boyshead9684,2216,0,0,5,True,False,True,0.401603418228956,0.401603418228956
full_coverage_complete,boyshead9684,2217,6,0,6,True,False,True,0.41310284255071716,0.38995855585514155
full_coverage_complete,boyshead9684,2218,0,0,1,True,False,True,0.42107729665849736,0.42107729665849736
full_coverage_complete,boyshead9684,2219,0,0,1,True,False,True,0.44944863869801116,0.44944863869801116
full_coverage_complete,boyshead9684,2220,5,0,5,True,False,True,0.44961664334854645,0.39986709546782934
full_coverage_complete,boyshead9684,2221,5,0,5,True,False,True,0.423940095646155,0.34626628271465615
full_coverage_complete,boyshead9684,2222,0,0,5,True,False,True,0.3260973373829683,0.3260973373829683
full_coverage_complete,boyshead9684,2223,0,0,6,True,False,True,0.4716668894077473,0.4716668894077473
full_coverage_complete,boyshead9684,2224,5,0,5,True,False,True,0.4153907171549895,0.40639996262488404
full_coverage_complete,boyshead9684,2227,6,0,6,True,False,True,0.39382162973127627,0.3044257638591675
full_coverage_complete,boyshead9684,2228,5,0,5,True,False,True,0.3710066647068126,0.3069718902884124
full_coverage_complete,boyshead9684,2229,5,0,5,True,False,True,0.3618459290575898,0.35737767455928093
full_coverage_complete,boyshead9684,2230,5,1,5,True,False,True,0.3653331031250044,0.27737952959936685
full_coverage_complete,boyshead9684,2231,0,0,5,True,False,True,0.31159698902783267,0.31159698902783267
full_coverage_complete,boyshead9684,2232,0,1,0,False,False,True,0.3424573732381391,0.23772209165955213
full_coverage_complete,boyshead9684,2233,0,0,5,True,False,True,0.463940054441102,0.463940054441102
full_coverage_complete,boyshead9684,2234,5,0,5,True,False,True,0.5011447521542739,0.48134862517329063
full_coverage_complete,boyshead9684,2236,5,0,5,True,False,True,0.6011388306254387,0.42294380739531057
full_coverage_complete,boyshead9684,2237,5,0,5,True,False,True,0.47960752963488634,0.4645112107910646
full_coverage_complete,boyshead9684,2238,6,0,6,True,False,True,0.4646543754035945,0.3854030412786449
full_coverage_complete,boyshead9684,2239,5,0,5,True,False,True,0.43925871086349105,0.4022597609613467
full_coverage_complete,boyshead9684,2240,0,0,5,True,False,True,0.3934458476281086,0.3934458476281086
full_coverage_complete,boyshead9684,2241,0,1,5,True,False,True,0.45507207698089297,0.158501965865227
full_coverage_complete,boyshead9684,2243,5,0,5,True,False,True,0.3964580585659658,0.35756819787340566
full_coverage_complete,boyshead9684,2244,5,0,5,True,False,True,0.34652118259442277,0.3696615369921007
full_coverage_complete,boyshead9684,2245,5,0,5,True,False,True,0.3617370220668883,0.3656803706154267
full_coverage_complete,boyshead9684,2246,6,0,6,True,False,True,0.3600613099786866,0.41334936680538253
full_coverage_complete,boyshead9684,2247,0,0,6,True,False,True,0.48764011542580604,0.48764011542580604
full_coverage_complete,boyshead9684,2249,0,0,6,True,False,True,0.48292796690858825,0.48292796690858825
full_coverage_complete,boyshead9684,2250,1,0,1,True,False,True,0.4881248007550066,0.45222954705520474
full_coverage_complete,boyshead9684,2754,0,0,5,True,False,True,0.5321259808546619,0.5321259808546619
full_coverage_complete,boyshead9684,2755,0,0,5,True,False,True,0.7184922463114857,0.7184922463114857
full_coverage_complete,boyshead9684,3235,0,0,5,True,False,True,0.5605704510231648,0.5605704510231648
full_coverage_complete,boyshead9684,3236,0,0,5,True,False,True,0.7377198433991545,0.7377198433991545
full_coverage_complete,boyshead9684,3237,0,0,5,True,False,True,0.4884453300289112,0.4884453300289112
full_coverage_complete,boyshead9684,3762,0,0,5,True,False,True,0.5474713817306044,0.5474713817306044
full_coverage_complete,boyshead9684,3850,0,0,5,True,False,True,0.6119845775987017,0.6119845775987017
full_coverage_complete,boyshead9684,3851,0,0,5,True,False,True,0.63452749858016,0.63452749858016
full_coverage_complete,boyshead9684,3852,0,0,5,True,False,True,0.603299683932505,0.603299683932505
full_coverage_complete,boyshead9684,3853,0,0,5,True,False,True,0.5521766910638639,0.5521766910638639
full_coverage_complete,boyshead9684,3870,0,0,5,True,False,True,0.4946673663821081,0.4946673663821081
full_coverage_complete,boyshead9684,4473,0,0,5,True,False,True,0.7091378260228774,0.7091378260228774
full_coverage_complete,boyshead9684,4474,0,0,5,True,False,True,0.7242693506582318,0.7242693506582318
full_coverage_complete,boyshead9684,4475,0,0,5,True,False,True,0.6898553963741615,0.6898553963741615
full_coverage_complete,boyshead9684,4476,0,0,5,True,False,True,0.7106797876971962,0.7106797876971962
full_coverage_complete,boyshead9684,4488,0,0,5,True,False,True,0.7054956305932943,0.7054956305932943
full_coverage_complete,boyshead9684,4490,0,0,5,True,False,True,0.6018565907578155,0.6018565907578155
full_coverage_complete,boyshead9684,4491,0,0,5,True,False,True,0.6935490108647472,0.6935490108647472
full_coverage_complete,boyshead9684,4496,0,0,5,True,False,True,0.5456855550134064,0.5456855550134064
full_coverage_complete,boyshead9684,4497,0,0,5,True,False,True,0.6309003029906614,0.6309003029906614
full_coverage_complete,boyshead9684,4498,0,0,5,True,False,True,0.6040174745733805,0.6040174745733805
full_coverage_complete,boyshead9684,4499,0,0,5,True,False,True,0.5418208668588034,0.5418208668588034
full_coverage_complete,boyshead9684,4500,0,0,5,True,False,True,0.542903939405618,0.542903939405618
full_coverage_complete,boyshead9684,4501,0,0,5,True,False,True,0.6229434877088444,0.6229434877088444
full_coverage_complete,boyshead9684,4502,0,0,5,True,False,True,0.47579527722915044,0.47579527722915044
full_coverage_complete,boyshead9684,4503,0,0,5,True,False,True,0.6174867060078144,0.6174867060078144
full_coverage_complete,boyshead9684,4504,0,0,5,True,False,True,0.6420459409476489,0.6420459409476489
full_coverage_complete,boyshead9684,4505,0,0,5,True,False,True,0.5832489940920005,0.5832489940920005
full_coverage_complete,boyshead9684,4508,0,0,5,True,False,True,0.6110120081671763,0.6110120081671763
full_coverage_complete,boyshead9684,4509,0,0,5,True,False,True,0.676434460111911,0.676434460111911
full_coverage_complete,boyshead9684,4510,0,0,5,True,False,True,0.6611851926002489,0.6611851926002489
full_coverage_complete,boyshead9684,4511,0,0,5,True,False,True,0.7429047774805644,0.7429047774805644
full_coverage_complete,boyshead9684,4512,0,0,5,True,False,True,0.7763440920267803,0.7763440920267803
full_coverage_complete,boyshead9684,4519,0,0,5,True,False,True,0.5813642200738189,0.5813642200738189
full_coverage_complete,boyshead9684,4520,0,0,5,True,False,True,0.5615243539834612,0.5615243539834612
full_coverage_complete,boyshead9684,4521,0,0,5,True,False,True,0.5647600335090762,0.5647600335090762
full_coverage_complete,boyshead9684,4522,0,0,5,True,False,True,0.5264548785027294,0.5264548785027294
full_coverage_complete,boyshead9684,4523,0,0,5,True,False,True,0.4515059768574821,0.4515059768574821
full_coverage_complete,boyshead9684,4531,0,0,5,True,False,True,0.6137570585959288,0.6137570585959288
full_coverage_complete,boyshead9684,4533,0,0,5,True,False,True,0.5866136294595484,0.5866136294595484
full_coverage_complete,boyshead9684,4539,0,0,5,True,False,True,0.5089708805136715,0.5089708805136715
full_coverage_complete,boyshead9684,4540,0,0,5,True,False,True,0.6077178922702744,0.6077178922702744
full_coverage_complete,boyshead9684,4559,0,0,5,True,False,True,0.4341350211308332,0.4341350211308332
full_coverage_complete,boyshead9684,4592,0,0,5,True,False,True,0.6768583703900453,0.6768583703900453
full_coverage_complete,boyshead9684,4595,0,0,5,True,False,True,0.7153326879972584,0.7153326879972584
full_coverage_complete,boyshead9684,4598,0,0,5,True,False,True,0.8269359291162032,0.8269359291162032
full_coverage_complete,boyshead9684,4599,0,0,5,True,False,True,0.8190282020307059,0.8190282020307059
full_coverage_complete,boyshead9684,4600,0,0,5,True,False,True,0.8015596122997961,0.8015596122997961
full_coverage_complete,boyshead9684,4601,0,0,5,True,False,True,0.7980858504252076,0.7980858504252076
full_coverage_complete,boyshead9684,4602,0,0,5,True,False,True,0.693500936862252,0.693500936862252
full_coverage_complete,boyshead9684,4603,0,0,5,True,False,True,0.5704524492290929,0.5704524492290929
full_coverage_complete,boyshead9684,4605,0,0,5,True,False,True,0.576347702181771,0.576347702181771
full_coverage_complete,boyshead9684,4608,5,0,5,True,False,True,0.7036072801105624,0.8373148700038849
full_coverage_complete,boyshead9684,4609,0,0,5,True,False,True,0.7157134780708426,0.7157134780708426
full_coverage_complete,boyshead9684,4610,0,0,5,True,False,True,0.8850002521739625,0.8850002521739625
full_coverage_complete,boyshead9684,4611,0,0,5,True,False,True,0.8165498279707119,0.8165498279707119
full_coverage_complete,boyshead9684,4613,5,0,5,True,False,True,0.885591773406834,0.7387104080359596
full_coverage_complete,boyshead9684,4614,0,0,5,True,False,True,0.7492321773956505,0.7492321773956505
full_coverage_complete,boyshead9684,4615,0,0,5,True,False,True,0.7189420354743926,0.7189420354743926
full_coverage_complete,boyshead9684,4616,0,0,5,True,False,True,0.8427602646821538,0.8427602646821538
full_coverage_complete,boyshead9684,4617,0,0,6,True,False,True,0.8091468342770507,0.8091468342770507
full_coverage_complete,boyshead9684,4618,0,0,6,True,False,True,0.7266822958205765,0.7266822958205765
full_coverage_complete,boyshead9684,4619,0,0,5,True,False,True,0.8442696259159224,0.8442696259159224
full_coverage_complete,boyshead9684,4620,0,0,5,True,False,True,0.83247143818206,0.83247143818206
full_coverage_complete,boyshead9684,4621,0,0,5,True,False,True,0.7383572183264885,0.7383572183264885
full_coverage_complete,boyshead9684,4622,0,0,5,True,False,True,0.704166051133865,0.704166051133865
full_coverage_complete,boyshead9684,4623,0,0,5,True,False,True,0.8318202878868618,0.8318202878868618
full_coverage_complete,boyshead9684,4625,0,0,5,True,False,True,0.8662602245328075,0.8662602245328075
full_coverage_complete,boyshead9684,4627,0,0,5,True,False,True,0.556594824985233,0.556594824985233
full_coverage_complete,boyshead9684,4630,0,0,5,True,False,True,0.7948316965066886,0.7948316965066886
full_coverage_complete,boyshead9684,4631,0,0,5,True,False,True,0.4980358990597635,0.4980358990597635
full_coverage_complete,boyshead9684,4632,0,0,5,True,False,True,0.5264442073803621,0.5264442073803621
full_coverage_complete,boyshead9684,4633,0,0,5,True,False,True,0.5034649184924324,0.5034649184924324
full_coverage_complete,boyshead9684,4634,5,0,5,True,False,True,0.5443667838667681,0.5069175899359192
full_coverage_complete,boyshead9684,4635,0,0,5,True,False,True,0.5300689610513459,0.5300689610513459
full_coverage_complete,boyshead9684,4636,0,0,5,True,False,True,0.49363812155494136,0.49363812155494136
full_coverage_complete,boyshead9684,4637,0,0,5,True,False,True,0.4899991544164003,0.4899991544164003
full_coverage_complete,boyshead9684,4638,5,0,5,True,False,True,0.5875079304539212,0.4754271160891382
full_coverage_complete,boyshead9684,4639,0,0,5,True,False,True,0.5766228564395177,0.5766228564395177
full_coverage_complete,boyshead9684,4640,0,0,5,True,False,True,0.5651970318648236,0.5651970318648236
full_coverage_complete,boyshead9684,4641,0,0,5,True,False,True,0.5558039461375233,0.5558039461375233
full_coverage_complete,boyshead9684,4642,0,0,5,True,False,True,0.4934734406514902,0.4934734406514902
full_coverage_complete,boyshead9684,4643,0,0,5,True,False,True,0.6224041661933563,0.6224041661933563
full_coverage_complete,boyshead9684,4644,0,0,5,True,False,True,0.5482038607551345,0.5482038607551345
full_coverage_complete,boyshead9684,4645,5,0,5,True,False,True,0.5665188650204606,0.46334805626770165
full_coverage_complete,boyshead9684,4646,0,0,5,True,False,True,0.5166283810317854,0.5166283810317854
full_coverage_complete,boyshead9684,4647,0,0,5,True,False,True,0.5199285915871906,0.5199285915871906
full_coverage_complete,boyshead9684,4648,0,0,5,True,False,True,0.5159257320722618,0.5159257320722618
full_coverage_complete,boyshead9684,4649,0,0,5,True,False,True,0.4739304868450591,0.4739304868450591
full_coverage_complete,boyshead9684,4651,0,0,5,True,False,True,0.4604416946781651,0.4604416946781651
full_coverage_complete,boyshead9684,4653,0,0,5,True,False,True,0.4354628811988285,0.4354628811988285
full_coverage_complete,boyshead9684,4654,0,0,5,True,False,True,0.435857207860384,0.435857207860384
full_coverage_complete,boyshead9684,4655,0,0,5,True,False,True,0.43806059916440426,0.43806059916440426
full_coverage_complete,boyshead9684,4656,5,1,5,True,False,True,0.48279572331424836,0.37521516225119844
full_coverage_complete,boyshead9684,4657,0,0,5,True,False,True,0.4236115541125163,0.4236115541125163
full_coverage_complete,boyshead9684,4658,0,0,5,True,False,True,0.46131796544417547,0.46131796544417547
full_coverage_complete,boyshead9684,4659,5,0,5,True,False,True,0.41036390059568156,0.403366791317041
full_coverage_complete,boyshead9684,4660,0,0,5,True,False,True,0.47634789154156226,0.47634789154156226
full_coverage_complete,boyshead9684,4661,0,0,5,True,False,True,0.44716587020653115,0.44716587020653115
full_coverage_complete,boyshead9684,4662,0,0,5,True,False,True,0.473858811359501,0.473858811359501
full_coverage_complete,boyshead9684,4663,0,0,5,True,False,True,0.4175050013165482,0.4175050013165482
full_coverage_complete,boyshead9684,4665,0,0,5,True,False,True,0.4535402987202216,0.4535402987202216
full_coverage_complete,boyshead9684,4670,0,0,5,True,False,True,0.3734602094951628,0.3734602094951628
full_coverage_complete,boyshead9684,4674,0,0,5,True,False,True,0.3717961837228739,0.3717961837228739
full_coverage_complete,boyshead9684,4676,0,0,5,True,False,True,0.35165707169067145,0.35165707169067145
full_coverage_complete,boyshead9684,4677,5,0,5,True,False,True,0.41698863835506755,0.38892985878630026
full_coverage_complete,boyshead9684,4678,0,0,5,True,False,True,0.4035373234391847,0.4035373234391847
full_coverage_complete,boyshead9684,4680,5,0,5,True,False,True,0.48794423757028954,0.45810409260366985
full_coverage_complete,boyshead9684,4681,0,0,5,True,False,True,0.47916262568552065,0.47916262568552065
full_coverage_complete,boyshead9684,4682,0,0,5,True,False,True,0.5041866399850741,0.5041866399850741
full_coverage_complete,boyshead9684,4692,0,0,5,True,False,True,0.4584231157845879,0.4584231157845879
full_coverage_complete,boyshead9684,4697,5,0,5,True,False,True,0.4644334845904596,0.40426672445134076
full_coverage_complete,boyshead9684,4699,5,0,5,True,False,True,0.4462085888661231,0.458951856396602
full_coverage_complete,boyshead9684,4700,0,0,5,True,False,True,0.4538076407899558,0.4538076407899558
full_coverage_complete,boyshead9684,4701,5,0,5,True,False,True,0.3977555406592794,0.43436665439271477
full_coverage_complete,boyshead9684,4702,5,0,5,True,False,True,0.42845954080358234,0.45193302995471485
full_coverage_complete,boyshead9684,4703,0,0,5,True,False,True,0.4237481197966506,0.4237481197966506
full_coverage_complete,boyshead9684,4704,5,0,5,True,False,True,0.47746096306441,0.42795732777196416
full_coverage_complete,boyshead9684,4705,0,0,5,True,False,True,0.46862564831094927,0.46862564831094927
full_coverage_complete,boyshead9684,4706,0,0,5,True,False,True,0.5119106589768477,0.5119106589768477
full_coverage_complete,boyshead9684,4759,0,0,5,True,False,True,0.6603865520364913,0.6603865520364913
full_coverage_complete,boyshead9684,4760,0,0,5,True,False,True,0.6937467845761021,0.6937467845761021
full_coverage_complete,boyshead9684,5217,0,0,5,True,False,True,0.9242794760788786,0.9242794760788786
full_coverage_complete,boyshead9684,5239,5,0,5,True,False,True,0.8735478791369289,0.7732496908900282
full_coverage_complete,boyshead9684,5240,5,0,5,True,False,True,0.8655817274452269,0.7537692372443684
full_coverage_complete,boyshead9684,5241,6,0,6,True,False,True,0.818280368360857,0.6802166560128476
full_coverage_complete,boyshead9684,5242,5,0,5,True,False,True,0.8512872077436496,0.6979288897572214
full_coverage_complete,boyshead9684,5247,0,0,5,True,False,True,0.8130830529089474,0.8130830529089474
full_coverage_complete,boyshead9684,5258,0,0,5,True,False,True,0.5831856280562538,0.5831856280562538
full_coverage_complete,boyshead9684,5259,0,0,5,True,False,True,0.6524881433656061,0.6524881433656061
full_coverage_complete,boyshead9684,5260,0,0,5,True,False,True,0.6754525499902856,0.6754525499902856
full_coverage_complete,boyshead9684,5261,0,0,5,True,False,True,0.8152543289675103,0.8152543289675103
full_coverage_complete,boyshead9684,5262,0,0,5,True,False,True,0.6977419937323814,0.6977419937323814
full_coverage_complete,boyshead9684,5265,0,0,5,True,False,True,0.7835692894358366,0.7835692894358366
full_coverage_complete,boyshead9684,6726,0,0,5,True,False,True,0.8079920993953755,0.8079920993953755
full_coverage_complete,boyshead9684,6739,5,0,5,True,False,True,0.7331432904983685,0.7725724428151864
full_coverage_complete,boyshead9684,6772,0,0,5,True,False,True,0.9052718007218484,0.9052718007218484
full_coverage_complete,boyshead9684,6774,0,0,5,True,False,True,0.7680982200906504,0.7680982200906504
full_coverage_complete,boyshead9684,6776,0,0,5,True,False,True,0.8865634568552573,0.8865634568552573
full_coverage_complete,boyshead9684,6777,5,0,5,True,False,True,0.9109497198638933,0.9537166267786211
full_coverage_complete,boyshead9684,6778,5,0,5,True,False,True,0.7071541266913932,0.9172569661423525
full_coverage_complete,boyshead9684,6779,0,0,5,True,False,True,0.7891320943142993,0.7891320943142993
full_coverage_complete,boyshead9684,6780,5,0,5,True,False,True,0.6898125197268228,0.8146990357577029
full_coverage_complete,boyshead9684,6781,0,0,5,True,False,True,0.7499321282236641,0.7499321282236641
full_coverage_complete,boyshead9684,6782,0,0,5,True,False,True,0.6929916612615291,0.6929916612615291
full_coverage_complete,boyshead9684,6783,5,0,5,True,False,True,0.7003552784840148,0.6922882470609213
full_coverage_complete,boyshead9684,6784,5,0,5,True,False,True,0.6307030462661919,0.8138566328464955
full_coverage_complete,boyshead9684,6785,0,0,5,True,False,True,0.808667591556217,0.808667591556217
full_coverage_complete,boyshead9684,6786,5,0,5,True,False,True,0.7087903751616343,0.8369702111662595
full_coverage_complete,boyshead9684,6787,0,0,5,True,False,True,0.6436199380745785,0.6436199380745785
full_coverage_complete,boyshead9684,6788,5,0,5,True,False,True,0.5122932011243445,0.6657163175282341
full_coverage_complete,boyshead9684,6789,0,0,5,True,False,True,0.5604009164472805,0.5604009164472805
full_coverage_complete,boyshead9684,6790,5,0,5,True,False,True,0.4531492439694082,0.6022798458594264
full_coverage_complete,boyshead9684,6791,5,0,5,True,False,True,0.63113658520566,0.6548211242065088
full_coverage_complete,boyshead9684,6792,5,0,5,True,False,True,0.7598526249987873,0.8277748525237449
full_coverage_complete,boyshead9684,6836,0,0,4,True,False,True,0.7841446094389422,0.7841446094389422
full_coverage_complete,boyshead9684,6838,5,0,5,True,False,True,0.7768991534097586,0.0503757559616058
full_coverage_complete,boyshead9684,6839,0,0,0,False,False,True,0.09255214765452707,0.8329453410068925
full_coverage_complete,boyshead9684,6855,5,0,5,True,False,True,0.4151065819897885,0.3692098545867603
full_coverage_complete,boyshead9684,6856,0,0,5,True,False,True,0.42106731674657627,0.42106731674657627
full_coverage_complete,boyshead9684,6858,5,0,5,True,False,True,0.44919286768191197,0.32434194326239907
full_coverage_complete,boyshead9684,6859,5,0,5,True,False,True,0.3802601598579478,0.1796097402902745
full_coverage_complete,boyshead9684,6863,5,0,5,True,False,True,0.5413756815119306,0.298504954529851
full_coverage_complete,boyshead9684,6864,0,0,5,True,False,True,0.7180730867975661,0.7180730867975661
full_coverage_complete,boyshead9684,6867,0,0,4,True,False,True,0.7393186455633343,0.7393186455633343
full_coverage_complete,boyshead9684,6868,0,0,4,True,False,True,0.7431390171386384,0.7431390171386384
full_coverage_complete,boyshead9684,6870,0,0,4,True,False,True,0.7596677148065489,0.7596677148065489
full_coverage_complete,boyshead9684,6872,0,0,5,True,False,True,0.7891756164992612,0.7891756164992612
full_coverage_complete,boyshead9684,6874,0,0,5,True,False,True,0.8148540738254612,0.8148540738254612
full_coverage_complete,boyshead9684,6875,0,0,5,True,False,True,0.8126347306189844,0.8126347306189844
full_coverage_complete,boyshead9684,6881,0,0,4,True,False,True,0.742754769811422,0.742754769811422
full_coverage_complete,boyshead9684,6882,0,0,4,True,False,True,0.7649042382896519,0.7649042382896519
full_coverage_complete,boyshead9684,6883,0,0,4,True,False,True,0.7514883080392647,0.7514883080392647
full_coverage_complete,boyshead9684,6884,0,0,4,True,False,True,0.7691294213732642,0.7691294213732642
full_coverage_complete,boyshead9684,6885,0,0,4,True,False,True,0.8093869060979616,0.8093869060979616
full_coverage_complete,boyshead9684,6886,0,0,4,True,False,True,0.8195781979945469,0.8195781979945469
full_coverage_complete,boyshead9684,6887,0,0,4,True,False,True,0.7683196281622591,0.7683196281622591
full_coverage_complete,boyshead9684,6888,0,0,4,True,False,True,0.727748419486779,0.727748419486779
full_coverage_complete,boyshead9684,6889,0,0,5,True,False,True,0.861445894423093,0.861445894423093
full_coverage_complete,boyshead9684,6892,0,0,4,True,False,True,0.8380209562184203,0.8380209562184203
full_coverage_complete,boyshead9684,6893,0,0,4,True,False,True,0.8492608930636714,0.8492608930636714
full_coverage_complete,boyshead9684,6896,0,0,5,True,False,True,0.7808654930399773,0.7808654930399773
full_coverage_complete,boyshead9684,6897,0,0,5,True,False,True,0.7925272849492062,0.7925272849492062
full_coverage_complete,boyshead9684,6898,0,0,5,True,False,True,0.808114585245802,0.808114585245802
full_coverage_complete,boyshead9684,6899,0,0,4,True,False,True,0.7895923303372875,0.7895923303372875
full_coverage_complete,boyshead9684,6900,0,0,4,True,False,True,0.8030078724832878,0.8030078724832878
full_coverage_complete,boyshead9684,6901,0,0,4,True,False,True,0.828967512759032,0.828967512759032
full_coverage_complete,boyshead9684,6902,0,0,4,True,False,True,0.819669426181486,0.819669426181486
full_coverage_complete,boyshead9684,6903,0,0,4,True,False,True,0.7963275667212664,0.7963275667212664
full_coverage_complete,boyshead9684,6904,0,0,4,True,False,True,0.7863505017973158,0.7863505017973158
full_coverage_complete,boyshead9684,6905,0,0,4,True,False,True,0.8215053898278954,0.8215053898278954
full_coverage_complete,boyshead9684,6906,0,0,4,True,False,True,0.8169515762851828,0.8169515762851828
full_coverage_complete,boyshead9684,6907,0,0,4,True,False,True,0.799355659681616,0.799355659681616
full_coverage_complete,boyshead9684,6908,0,0,4,True,False,True,0.807391594381128,0.807391594381128
full_coverage_complete,boyshead9684,6909,0,0,4,True,False,True,0.7807488010825125,0.7807488010825125
full_coverage_complete,boyshead9684,6910,0,0,4,True,False,True,0.7562856513434435,0.7562856513434435
full_coverage_complete,boyshead9684,6911,0,0,4,True,False,True,0.7392782942724417,0.7392782942724417
full_coverage_complete,boyshead9684,6912,0,0,4,True,False,True,0.749454478033725,0.749454478033725
full_coverage_complete,boyshead9684,6913,0,0,4,True,False,True,0.7497968822161865,0.7497968822161865
full_coverage_complete,boyshead9684,6914,0,0,4,True,False,True,0.7588220969254936,0.7588220969254936
full_coverage_complete,boyshead9684,6918,0,0,4,True,False,True,0.7403112481529024,0.7403112481529024
full_coverage_complete,boyshead9684,6924,0,0,4,True,False,True,0.7183939207057348,0.7183939207057348
full_coverage_complete,boyshead9684,6929,0,0,4,True,False,True,0.7976867866034856,0.7976867866034856
full_coverage_complete,boyshead9684,6935,0,0,5,True,False,True,0.7594053316734549,0.7594053316734549
full_coverage_complete,boyshead9684,6936,0,0,4,True,False,True,0.7826354379699708,0.7826354379699708
full_coverage_complete,boyshead9684,6937,0,0,4,True,False,True,0.7947148240221685,0.7947148240221685
full_coverage_complete,boyshead9684,6939,0,0,4,True,False,True,0.1915353875354452,0.1915353875354452
full_coverage_complete,boyshead9684,6956,0,0,5,True,False,True,0.2891754140168318,0.2891754140168318
full_coverage_complete,boyshead9684,6961,0,0,5,True,False,True,0.18209087260755819,0.18209087260755819
full_coverage_complete,boyshead9684,6963,0,0,5,True,False,True,0.26068616627865576,0.26068616627865576
full_coverage_complete,boyshead9684,6964,5,0,5,True,False,True,0.2086350498762815,0.27210908089067987
full_coverage_complete,boyshead9684,6965,5,0,5,True,False,True,0.27799302938918435,0.37206808833880134
full_coverage_complete,boyshead9684,6966,0,0,6,True,False,True,0.5834679844550061,0.5834679844550061
full_coverage_complete,boyshead9684,7068,0,0,5,True,False,True,0.606852437548545,0.606852437548545
full_coverage_complete,boyshead9684,7069,0,0,5,True,False,True,0.5604998121488839,0.5604998121488839
full_coverage_complete,boyshead9684,7070,0,0,5,True,False,True,0.5551363492329585,0.5551363492329585
full_coverage_complete,boyshead9684,7072,0,0,5,True,False,True,0.5305748959718564,0.5305748959718564
full_coverage_complete,boyshead9684,7073,0,0,5,True,False,True,0.5445406239872583,0.5445406239872583
full_coverage_complete,boyshead9684,7078,0,0,5,True,False,True,0.6804732011527079,0.6804732011527079
full_coverage_complete,boyshead9684,7110,5,0,5,True,False,True,0.7106728186004385,0.6502202387548074
full_coverage_complete,boyshead9684,7111,0,0,1,True,False,True,0.8313263521704286,0.8313263521704286
full_coverage_complete,boyshead9684,7653,0,0,5,True,False,True,0.7063475611838,0.7063475611838
full_coverage_complete,boyshead9684,7654,0,0,5,True,False,True,0.4713622470867047,0.4713622470867047
full_coverage_complete,boyshead9684,7655,0,0,5,True,False,True,0.26398549396052967,0.26398549396052967
full_coverage_complete,boyshead9684,7656,0,0,5,True,False,True,0.3384629517650792,0.3384629517650792
full_coverage_complete,boyshead9684,7855,5,0,5,True,False,True,0.16537122330786752,0.0
full_coverage_complete,boyshead9684,7856,5,0,5,True,False,True,0.0,0.0
full_coverage_complete,boyshead9684,7857,5,1,5,True,False,True,0.0,0.0
full_coverage_complete,boyshead9684,7858,0,2,5,True,False,True,0.0,0.0
full_coverage_complete,boyshead9684,7859,0,0,6,True,False,True,0.0,0.0
full_coverage_complete,boyshead9684,7860,0,0,6,True,False,True,0.0,0.0
full_coverage_complete,boyshead9684,7861,0,0,6,True,False,True,0.0,0.0
full_coverage_complete,boyshead9684,7862,0,1,6,True,False,True,0.0,0.6237781839971114
full_coverage_complete,boyshead9684,8281,0,0,5,True,False,True,0.6132588608890974,0.6132588608890974
full_coverage_complete,boyshead9684,8284,5,0,5,True,False,True,0.3594697155291635,0.4328425554788463
full_coverage_complete,boyshead9684,8285,0,0,5,True,False,True,0.3709100145076234,0.3709100145076234
full_coverage_complete,boyshead9684,8286,0,0,5,True,False,True,0.28707212155276407,0.28707212155276407
full_coverage_complete,boyshead9684,8287,5,0,5,True,False,True,0.3246456218922424,0.2880744448373565
full_coverage_complete,boyshead9684,8288,5,0,5,True,False,True,0.3428720100509608,0.28803625882853245
full_coverage_complete,boyshead9684,8289,5,0,5,True,False,True,0.31640386787538516,0.29993212117586127
full_coverage_complete,boyshead9684,8296,0,0,5,True,False,True,0.657879200981298,0.657879200981298
full_coverage_complete,boyshead9684,8297,0,0,5,True,False,True,0.6493501897069147,0.6493501897069147
full_coverage_complete,boyshead9684,8298,0,0,5,True,False,True,0.6101831788263372,0.6101831788263372
full_coverage_complete,boyshead9684,8299,0,0,5,True,False,True,0.5877029169453029,0.5877029169453029
full_coverage_complete,boyshead9684,8300,0,0,5,True,False,True,0.5328576559370247,0.5328576559370247
full_coverage_complete,boyshead9684,8379,0,0,5,True,False,True,0.5641036258897075,0.5641036258897075
full_coverage_complete,boyshead9684,8380,5,0,5,True,False,True,0.5803808842820555,0.0
full_coverage_complete,boyshead9684,8409,5,2,5,True,False,True,0.0,0.0
full_coverage_complete,boyshead9684,8410,0,0,5,True,False,True,0.0,0.0
full_coverage_complete,boyshead9684,8411,0,0,5,True,False,True,0.0,0.0
full_coverage_complete,boyshead9684,8412,5,4,5,True,False,True,0.0,0.0
full_coverage_complete,boyshead9684,8413,5,0,5,True,False,True,0.0,0.6055898204534033
full_coverage_complete,boyshead9684,8441,0,0,5,True,False,True,0.48268759844611,0.48268759844611
full_coverage_complete,boyshead9684,8496,0,0,5,True,False,True,0.6004658218712355,0.6004658218712355
full_coverage_complete,boyshead9684,8499,0,0,5,True,False,True,0.45899912164083156,0.45899912164083156
full_coverage_complete,boyshead9684,8524,0,0,5,True,False,True,0.5055833554232492,0.5055833554232492
full_coverage_complete,boyshead9684,8526,0,0,5,True,False,True,0.5132332847426322,0.5132332847426322
full_coverage_complete,boyshead9684,8528,5,0,5,True,False,True,0.4381941396009012,0.4157426746814451
full_coverage_complete,boyshead9684,8529,5,0,5,True,False,True,0.34529222752269634,0.37389133554902493
full_coverage_complete,boyshead9684,8552,0,0,5,True,False,True,0.5371977828588176,0.5371977828588176
full_coverage_complete,boyshead9684,8572,0,0,5,True,False,True,0.6560627432280192,0.6560627432280192
full_coverage_complete,boyshead9684,8574,0,0,5,True,False,True,0.7798847937999693,0.7798847937999693
full_coverage_complete,boyshead9684,8576,0,0,5,True,False,True,0.6838214132696487,0.6838214132696487
full_coverage_complete,boyshead9684,8577,0,0,5,True,False,True,0.653650500695482,0.653650500695482
full_coverage_complete,boyshead9684,8614,0,0,5,True,False,True,0.5455328661568145,0.5455328661568145
full_coverage_complete,boyshead9684,8615,0,0,5,True,False,True,0.35262515647883313,0.35262515647883313
full_coverage_complete,boyshead9684,8616,0,1,5,True,False,True,0.39014403993314617,0.0
full_coverage_complete,boyshead9684,8617,0,0,5,True,False,True,0.0,0.0
full_coverage_complete,boyshead9684,8618,0,0,5,True,False,True,0.1929288940625781,0.1929288940625781
full_coverage_complete,boyshead9684,8619,5,0,5,True,False,True,0.05286736944172814,0.018424179642806897
full_coverage_complete,boyshead9684,8620,5,0,5,True,False,True,0.10624643636786632,0.09456754203168342
full_coverage_complete,boyshead9684,8621,0,0,5,True,False,True,0.06498230510471549,0.06498230510471549
full_coverage_complete,boyshead9684,8622,0,0,5,True,False,True,0.40314425308297885,0.40314425308297885
full_coverage_complete,boyshead9684,8642,0,0,5,True,False,True,0.6738290773296314,0.6738290773296314
full_coverage_complete,boyshead9684,8643,0,0,5,True,False,True,0.726498246829888,0.726498246829888
full_coverage_complete,boyshead9684,8644,0,0,5,True,False,True,0.6412564084863371,0.6412564084863371
full_coverage_complete,boyshead9684,8645,0,0,5,True,False,True,0.6378243727839992,0.6378243727839992
full_coverage_complete,boyshead9684,8646,0,0,5,True,False,True,0.45500562571164943,0.45500562571164943
full_coverage_complete,boyshead9684,8764,5,0,5,True,False,True,0.5688924753134619,0.5005731009869304
full_coverage_complete,boyshead9684,8935,0,0,1,True,False,True,0.5315913495111058,0.5315913495111058
full_coverage_complete,boyshead9684,8979,5,0,5,True,False,True,0.47470218535980835,0.4990951070756912
full_coverage_complete,boyshead9684,8981,0,0,1,True,False,True,0.5600766748086307,0.5600766748086307
full_coverage_complete,boyshead9684,8986,0,0,1,True,False,True,0.4313346611880041,0.4313346611880041
full_coverage_complete,boyshead9684,9089,0,0,5,True,False,True,0.7955522704113946,0.7955522704113946
full_coverage_complete,boyshead9684,9090,0,0,5,True,False,True,0.7629854399391515,0.7629854399391515
full_coverage_complete,boyshead9684,9091,0,0,5,True,False,True,0.8252074478052476,0.8252074478052476
full_coverage_complete,boyshead9684,9092,0,0,5,True,False,True,0.7644890293200702,0.7644890293200702
full_coverage_complete,boyshead9684,9093,0,0,5,True,False,True,0.6591545901809441,0.6591545901809441
full_coverage_complete,boyshead9684,9180,0,0,5,True,False,True,0.5662063426514058,0.5662063426514058
full_coverage_complete,boyshead9684,9633,0,0,5,True,False,True,0.5459540496207983,0.5459540496207983
full_coverage_complete,boyss,92,0,0,5,True,False,True,0.48754960519800494,0.48754960519800494
full_coverage_complete,boyss,101,0,0,1,True,False,True,0.6911445865643696,0.6911445865643696
full_coverage_complete,boyss,102,0,0,6,True,False,True,0.7417295121500845,0.7417295121500845
full_coverage_complete,boyss,107,6,0,6,True,False,True,0.6482779729198261,0.7238992584527132
full_coverage_complete,boyss,116,5,0,5,True,False,True,0.7324746535587374,0.6683529870174013
full_coverage_complete,boyss,117,0,0,5,True,False,True,0.8201477210562611,0.8201477210562611
full_coverage_complete,boyss,131,0,0,1,True,False,True,0.7518103926281123,0.7518103926281123
full_coverage_complete,boyss,133,0,0,6,True,False,True,0.7770064284359033,0.7770064284359033
full_coverage_complete,boyss,137,0,1,1,True,False,True,0.13357436557839883,0.13357436557839883
full_coverage_complete,boyss,138,0,0,5,True,False,True,0.6129294890780684,0.6129294890780684
full_coverage_complete,boyss,139,0,0,1,True,False,True,0.7036290625168756,0.7036290625168756
full_coverage_complete,boyss,140,0,0,2,True,False,True,0.7415165815632544,0.7415165815632544
full_coverage_complete,boyss,141,0,0,5,True,False,True,0.6824983007949408,0.6824983007949408
full_coverage_complete,boyss,143,0,0,5,True,False,True,0.7181893498774032,0.7181893498774032
full_coverage_complete,boyss,146,0,0,6,True,False,True,0.14464995773220699,0.14464995773220699
full_coverage_complete,boyss,148,6,0,6,True,False,True,0.4810230271711824,0.8782384961342359
full_coverage_complete,boyss,150,5,0,5,True,False,True,0.6386181833238442,0.558901179119328
full_coverage_complete,boyss,151,5,0,5,True,False,True,0.511655731987043,0.4628206818308723
full_coverage_complete,boyss,152,5,0,5,True,False,True,0.21121981508562387,0.19457485245862458
full_coverage_complete,boyss,153,5,0,5,True,False,True,0.36426498100439986,0.37770501042252463
full_coverage_complete,boyss,154,0,0,5,True,False,True,0.32043944091657856,0.32043944091657856
full_coverage_complete,boyss,155,1,0,1,True,False,True,0.0,0.0
full_coverage_complete,boyss,156,0,0,5,True,False,True,0.0,0.0
full_coverage_complete,boyss,157,0,0,1,True,False,True,0.0,0.0
full_coverage_complete,boyss,158,0,0,6,True,False,True,0.0,0.0
full_coverage_complete,boyss,159,0,0,1,True,False,True,0.0,0.0
full_coverage_complete,boyss,160,0,0,6,True,False,True,0.0,0.0
full_coverage_complete,boyss,161,0,0,1,True,False,True,0.0,0.0
full_coverage_complete,boyss,162,0,0,1,True,False,True,0.6941247306415377,0.0
full_coverage_complete,boyss,163,5,0,5,True,False,True,0.09312526240944104,0.3958967919661829
full_coverage_complete,boyss,164,0,0,6,True,False,True,0.5818623372963722,0.5818623372963722
full_coverage_complete,boyss,165,5,0,5,True,False,True,0.8131359412795274,0.8626240188156807
full_coverage_complete,boyss,166,5,1,5,True,False,True,0.833619683055385,0.0
full_coverage_complete,boyss,167,0,0,5,True,False,True,0.0,0.0
full_coverage_complete,boyss,168,0,0,2,True,False,True,0.0,0.0
full_coverage_complete,boyss,169,0,0,2,True,False,True,0.0,0.0
full_coverage_complete,boyss,170,0,0,2,True,False,True,0.0,0.0
full_coverage_complete,boyss,171,0,0,6,True,False,True,0.0,0.0
full_coverage_complete,boyss,172,0,0,1,True,False,True,0.0,0.0
full_coverage_complete,boyss,173,0,0,6,True,False,True,0.0,0.0
full_coverage_complete,boyss,174,6,1,6,True,False,True,0.11570971591041523,0.49284229063508694
full_coverage_complete,boyss,175,0,0,6,True,False,True,0.4187054359325811,0.4187054359325811
full_coverage_complete,boyss,176,0,0,2,True,False,True,0.24161957141329604,0.24161957141329604
full_coverage_complete,boyss,177,0,0,5,True,False,True,0.6746983391808982,0.6746983391808982
full_coverage_complete,boyss,178,0,0,5,True,False,True,0.16176125353323137,0.16176125353323137
full_coverage_complete,boyss,180,5,0,5,True,False,True,0.42082749771854083,0.5929052984159981
full_coverage_complete,boyss,181,0,0,5,True,False,True,0.4001209983309476,0.4001209983309476
full_coverage_complete,boyss,182,0,0,5,True,False,True,0.8265625610257384,0.8265625610257384
full_coverage_complete,boyss,187,0,0,5,True,False,True,0.42431152979605746,0.42431152979605746
full_coverage_complete,boyss,189,0,0,4,True,False,True,0.7190972634535628,0.7190972634535628
full_coverage_complete,boyss,190,6,0,6,True,False,True,0.6844024492131697,0.6328543580157767
full_coverage_complete,boyss,194,0,0,2,True,False,True,0.532906478855267,0.532906478855267
full_coverage_complete,boyss,198,6,0,6,True,False,True,0.3655827125281676,0.2560271786168936
full_coverage_complete,boyss,200,0,0,2,True,False,True,0.44244693568332294,0.44244693568332294
full_coverage_complete,boyss,201,5,0,5,True,False,True,0.19481247342044047,0.3185694244055165
full_coverage_complete,boyss,202,0,0,5,True,False,True,0.4571204252133708,0.4571204252133708
full_coverage_complete,boyss,203,0,0,5,True,False,True,0.15416790102693614,0.15416790102693614
full_coverage_complete,boyss,205,5,0,5,True,False,True,0.6656969677478847,0.6355284939375703
full_coverage_complete,boyss,207,0,0,6,True,False,True,0.6784549960522941,0.6784549960522941
full_coverage_complete,boyss,208,5,0,5,True,False,True,0.5822173227641824,0.8613822786499791
full_coverage_complete,boyss,212,6,0,6,True,False,True,0.8743297469390277,0.7262296825389907
full_coverage_complete,boyss,215,0,0,6,True,False,True,0.6790331431376339,0.6790331431376339
full_coverage_complete,boyss,216,0,0,1,True,False,True,0.4512659372186882,0.4512659372186882
full_coverage_complete,boyss,217,0,0,5,True,False,True,0.2054144464841262,0.2054144464841262
full_coverage_complete,boyss,218,5,0,5,True,False,True,0.2370381109682251,0.39541075999178565
full_coverage_complete,boyss,219,5,0,5,True,False,True,0.43172140348985116,0.32213777579221686
full_coverage_complete,boyss,220,0,0,5,True,False,True,0.4437078905429344,0.4437078905429344
full_coverage_complete,boyss,221,0,0,5,True,False,True,0.26316978199372637,0.26316978199372637
full_coverage_complete,boyss,222,0,0,2,True,False,True,0.2545635180242824,0.2545635180242824
full_coverage_complete,boyss,223,0,0,2,True,False,True,0.6403194480503689,0.6403194480503689
full_coverage_complete,boyss,224,0,0,1,True,False,True,0.3597197163321368,0.3597197163321368
full_coverage_complete,boyss,234,0,0,6,True,False,True,0.7693523487445353,0.7693523487445353
full_coverage_complete,boyss,240,0,0,6,True,False,True,0.46625140567097056,0.46625140567097056
full_coverage_complete,boyss,242,0,0,2,True,False,True,0.5700532579716768,0.5700532579716768
full_coverage_complete,boyss,244,0,0,2,True,False,True,0.5643408282379428,0.5643408282379428
full_coverage_complete,boyss,245,0,0,1,True,False,True,0.6749529076737979,0.6749529076737979
full_coverage_complete,boyss,247,0,0,6,True,False,True,0.6687957192532898,0.6687957192532898
full_coverage_complete,boyss,248,0,0,6,True,False,True,0.7433494707158912,0.7433494707158912
full_coverage_complete,boyss,249,0,0,2,True,False,True,0.12523322350456628,0.12523322350456628
full_coverage_complete,boyss,250,0,0,1,True,False,True,0.4380612451741583,0.4380612451741583
full_coverage_complete,boyss,251,0,0,1,True,False,True,0.3046827659693555,0.3046827659693555
full_coverage_complete,boyss,252,0,0,1,True,False,True,0.1041192812381526,0.1041192812381526
full_coverage_complete,boyss,254,0,0,1,True,False,True,0.1414172934606101,0.1414172934606101
full_coverage_complete,boyss,255,6,0,6,True,False,True,0.12326934650745189,0.05695562168821535
full_coverage_complete,boyss,256,0,0,1,True,False,True,0.2296468247337502,0.2296468247337502
full_coverage_complete,boyss,257,0,0,4,True,False,True,0.12376811646340921,0.12376811646340921
full_coverage_complete,boyss,258,0,0,5,True,False,True,0.08432049384808271,0.08432049384808271
full_coverage_complete,boyss,259,5,0,5,True,False,True,0.0,0.26171307481237677
full_coverage_complete,boyss,260,0,0,5,True,False,True,0.5801443619439821,0.5801443619439821
full_coverage_complete,boyss,261,0,0,5,True,False,True,0.6458473516597943,0.6458473516597943
full_coverage_complete,boyss,263,5,0,5,True,False,True,0.35055312585651166,0.4410221853556877
full_coverage_complete,boyss,264,0,0,2,True,False,True,0.7687571777340478,0.7687571777340478
full_coverage_complete,boyss,267,0,0,6,True,False,True,0.0,0.0
full_coverage_complete,boyss,272,6,0,6,True,False,True,0.6649992625795595,0.8497783369545168
full_coverage_complete,boyss,273,6,0,6,True,False,True,0.46574167186525695,0.10178379139443589
full_coverage_complete,boyss,274,0,0,1,True,False,True,0.4932155454406695,0.4932155454406695
full_coverage_complete,boyss,275,0,0,6,True,False,True,0.7091891037678237,0.7091891037678237
full_coverage_complete,boyss,277,0,0,1,True,False,True,0.5587926237894038,0.5587926237894038
full_coverage_complete,boyss,279,0,0,2,True,False,True,0.5315869489835593,0.5315869489835593
full_coverage_complete,boyss,280,1,0,1,True,False,True,0.4345111735339474,0.48682332097242514
full_coverage_complete,boyss,281,0,0,1,True,False,True,0.5637456756044495,0.5637456756044495
full_coverage_complete,boyss,282,1,0,1,True,False,True,0.6348994326353822,0.6139486919784269
full_coverage_complete,boyss,283,0,0,1,True,False,True,0.5152563719919178,0.5152563719919178
full_coverage_complete,boyss,284,0,0,1,True,False,True,0.5691445649359808,0.5691445649359808
full_coverage_complete,boyss,286,0,0,1,True,False,True,0.6191375637828305,0.6191375637828305
full_coverage_complete,boyss,289,0,0,1,True,False,True,0.4604593085910288,0.4604593085910288
full_coverage_complete,boyss,290,0,0,2,True,False,True,0.6658586205736797,0.6658586205736797
full_coverage_complete,boyss,291,0,0,1,True,False,True,0.5801650858450854,0.5801650858450854
full_coverage_complete,boyss,292,5,0,5,True,False,True,0.5324738386754047,0.4412911958455388
full_coverage_complete,boyss,293,0,0,6,True,False,True,0.553814114956471,0.553814114956471
full_coverage_complete,boyss,295,0,0,1,True,False,True,0.5256828249335505,0.5256828249335505
full_coverage_complete,boyss,296,0,0,6,True,False,True,0.26133197789462315,0.26133197789462315
full_coverage_complete,boyss,298,0,0,6,True,False,True,0.6028523680982852,0.6028523680982852
full_coverage_complete,boyss,300,0,0,1,True,False,True,0.7226019510304985,0.7226019510304985
full_coverage_complete,boyss,301,0,0,2,True,False,True,0.43312625075054084,0.43312625075054084
full_coverage_complete,boyss,302,0,0,1,True,False,True,0.7419906109764761,0.7419906109764761
full_coverage_complete,boyss,306,0,0,1,True,False,True,0.3645136014367426,0.3645136014367426
full_coverage_complete,boyss,307,0,0,5,True,False,True,0.3839030326589985,0.3839030326589985
full_coverage_complete,boyss,309,0,0,6,True,False,True,0.4190278866215109,0.4190278866215109
full_coverage_complete,boyss,312,0,0,5,True,False,True,0.0912319309421736,0.0912319309421736
full_coverage_complete,boyss,315,0,0,1,True,False,True,0.14852901850427683,0.14852901850427683
full_coverage_complete,boyss,316,0,0,1,True,False,True,0.3646445386587905,0.3646445386587905
full_coverage_complete,boyss,317,0,0,2,True,False,True,0.48688699092701326,0.48688699092701326
full_coverage_complete,boyss,321,0,0,1,True,False,True,0.7491663295059209,0.7491663295059209
full_coverage_complete,boyss,323,0,0,2,True,False,True,0.7437930754978818,0.7437930754978818
full_coverage_complete,boyss,336,0,0,1,True,False,True,0.06411743657768781,0.06411743657768781
full_coverage_complete,boyss,337,5,1,5,True,False,True,0.1763569845126599,0.042209920843227895
full_coverage_complete,boyss,339,1,0,1,True,False,True,0.14539449804763394,0.04695784010904276
full_coverage_complete,boyss,342,1,0,1,True,False,True,0.8088140086774036,0.4914602439288426
full_coverage_complete,boyss,345,0,0,2,True,False,True,0.7046882726745813,0.7046882726745813
full_coverage_complete,boyss,348,0,0,5,True,False,True,0.11351592004410731,0.11351592004410731
full_coverage_complete,boyss,349,0,0,1,True,False,True,0.10918706194816581,0.10918706194816581
full_coverage_complete,boyss,350,0,0,1,True,False,True,0.1474221463672668,0.1474221463672668
full_coverage_complete,boyss,351,0,0,1,True,False,True,0.11121889904243916,0.11121889904243916
full_coverage_complete,boyss,357,0,0,1,True,False,True,0.38593927479882684,0.38593927479882684
full_coverage_complete,boyss,358,1,0,1,True,False,True,0.5109295810363653,0.48043106178838374
full_coverage_complete,boyss,359,0,0,2,True,False,True,0.3611507199775071,0.3611507199775071
full_coverage_complete,boyss,360,0,0,2,True,False,True,0.30993706938535753,0.30993706938535753
full_coverage_complete,boyss,361,0,0,5,True,False,True,0.5427118110639201,0.5427118110639201
full_coverage_complete,boyss,363,0,0,1,True,False,True,0.0963296882434464,0.0963296882434464
full_coverage_complete,boyss,364,1,0,1,True,False,True,0.19884712617194059,0.1400576492175492
full_coverage_complete,boyss,365,0,0,1,True,False,True,0.4588210807005979,0.4588210807005979
full_coverage_complete,boyss,367,0,0,2,True,False,True,0.2958425229313943,0.2958425229313943
full_coverage_complete,boyss,368,4,0,4,True,False,True,0.24572805387821126,0.39416583475788486
full_coverage_complete,boyss,370,0,0,1,True,False,True,0.5671728634493345,0.5671728634493345
full_coverage_complete,boyss,371,0,0,1,True,False,True,0.6012417222084387,0.6012417222084387
full_coverage_complete,boyss,373,0,0,2,True,False,True,0.38976032507891534,0.38976032507891534
full_coverage_complete,boyss,374,1,0,1,True,False,True,0.39359484409565876,0.3883335363885169
full_coverage_complete,boytakingbasketballfollowing,135,0,0,2,True,False,True,0.8696629870329862,0.0
full_coverage_complete,boytakingbasketballfollowing,367,0,0,2,True,False,True,0.5970972546062897,0.5970972546062897
full_coverage_complete,boytakingbasketballfollowing,374,0,1,2,True,False,True,0.7989946161516461,0.7989946161516461
full_coverage_complete,boytakingbasketballfollowing,375,0,0,2,True,False,True,0.7889348408054829,0.0
full_coverage_complete,boytakingbasketballfollowing,376,0,0,6,True,False,True,0.0,0.0
full_coverage_complete,boytakingbasketballfollowing,377,2,0,2,True,False,True,0.0,0.0
full_coverage_complete,boytakingbasketballfollowing,378,0,1,6,True,False,True,0.6815527716835112,0.6815527716835112
full_coverage_complete,boytakingbasketballfollowing,394,0,0,4,True,False,True,0.6713241672739659,0.6713241672739659
full_coverage_complete,boytakingbasketballfollowing,581,0,0,2,True,False,True,0.5327026548979396,0.5327026548979396
full_coverage_complete,boytakingbasketballfollowing,621,0,0,2,True,False,True,0.828818683142514,0.828818683142514
full_coverage_complete,boytakingbasketballfollowing,628,0,0,0,False,False,True,0.0,0.6416183662187245
full_coverage_complete,boytakingbasketballfollowing,701,6,0,6,True,False,True,0.0,0.0
full_coverage_complete,boytakingbasketballfollowing,702,0,0,6,True,False,True,0.0,0.3870704960837527
full_coverage_complete,boytakingbasketballfollowing,703,0,0,5,True,False,True,0.7158186522957191,0.7158186522957191
full_coverage_complete,boytakingbasketballfollowing,772,0,0,2,True,False,True,0.7892537758356839,0.7892537758356839
full_coverage_complete,boytakingbasketballfollowing,774,0,0,2,True,False,True,0.7160057532255202,0.7160057532255202
full_coverage_complete,boytakingbasketballfollowing,775,0,0,2,True,False,True,0.7008173336362581,0.7008173336362581
full_coverage_complete,boytakingbasketballfollowing,779,0,0,5,True,False,True,0.7674343686736472,0.7674343686736472
full_coverage_complete,boytakingbasketballfollowing,786,0,0,5,True,False,True,0.7592941701323358,0.7592941701323358
full_coverage_complete,boytakingbasketballfollowing,790,0,0,5,True,False,True,0.6501532415647459,0.6501532415647459
full_coverage_complete,boytakingbasketballfollowing,791,0,0,5,True,False,True,0.664038028177062,0.664038028177062
full_coverage_complete,boytakingbasketballfollowing,792,0,0,4,True,False,True,0.6157312528035943,0.6157312528035943
full_coverage_complete,boytakingbasketballfollowing,794,0,0,5,True,False,True,0.6891152392632576,0.6891152392632576
full_coverage_complete,boytakingbasketballfollowing,795,0,0,5,True,False,True,0.6920245123733637,0.6920245123733637
full_coverage_complete,boytakingbasketballfollowing,796,0,0,5,True,False,True,0.755090881478439,0.755090881478439
full_coverage_complete,boytakingbasketballfollowing,797,0,0,5,True,False,True,0.7622985284516296,0.7622985284516296
full_coverage_complete,boytakingbasketballfollowing,798,0,0,6,True,False,True,0.7836261514943937,0.7836261514943937
full_coverage_complete,boytakingbasketballfollowing,800,0,0,4,True,False,True,0.6580136463331198,0.6580136463331198
full_coverage_complete,boytakingbasketballfollowing,801,0,0,4,True,False,True,0.6161642986629127,0.0
full_coverage_complete,boytakingbasketballfollowing,802,0,1,1,True,False,True,0.40424182374351303,0.6499806123498938
full_coverage_complete,boytakingbasketballfollowing,803,0,0,5,True,False,True,0.0,0.0
full_coverage_complete,boytakingbasketballfollowing,804,0,0,1,True,False,True,0.049806398705681994,0.049806398705681994
full_coverage_complete,boytakingbasketballfollowing,805,0,0,5,True,False,True,0.09018263507475972,0.09018263507475972
full_coverage_complete,boytakingbasketballfollowing,806,0,0,5,True,False,True,0.024641847033660777,0.024641847033660777
full_coverage_complete,boytakingbasketballfollowing,808,4,0,4,True,False,True,0.08586963203509054,0.07167274014685927
full_coverage_complete,boytakingbasketballfollowing,809,0,0,5,True,False,True,0.09759211418473523,0.09759211418473523
full_coverage_complete,boytakingbasketballfollowing,810,0,0,5,True,False,True,0.015507415813543816,0.015507415813543816
full_coverage_complete,boytakingbasketballfollowing,811,0,0,5,True,False,True,0.09463636397628682,0.09463636397628682
full_coverage_complete,boytakingbasketballfollowing,812,0,0,5,True,False,True,0.13804684861531244,0.13804684861531244
full_coverage_complete,boytakingbasketballfollowing,813,0,0,5,True,False,True,0.22178102890287776,0.22178102890287776
full_coverage_complete,boytakingbasketballfollowing,814,0,0,5,True,False,True,0.28223099856752204,0.28223099856752204
full_coverage_complete,boytakingbasketballfollowing,816,0,0,2,True,False,True,0.0,0.0
full_coverage_complete,boytakingbasketballfollowing,818,0,0,4,True,False,True,0.6046936514257675,0.6046936514257675
full_coverage_complete,boytakingbasketballfollowing,819,0,0,5,True,False,True,0.5537140873381524,0.5537140873381524
full_coverage_complete,boytakingbasketballfollowing,825,0,0,5,True,False,True,0.9208077848824282,0.9208077848824282
full_coverage_complete,boytakingbasketballfollowing,827,1,0,1,True,False,True,0.016697162617288142,0.0
full_coverage_complete,boytakingbasketballfollowing,828,0,0,6,True,False,True,0.7281919749630186,0.7281919749630186
full_coverage_complete,boytakingbasketballfollowing,830,0,0,1,True,False,True,0.8724952356796307,0.0
full_coverage_complete,boytakingbasketballfollowing,831,1,0,1,True,False,True,0.009182602773850941,0.0
full_coverage_complete,boytakingbasketballfollowing,832,0,0,4,True,False,True,0.08186708328786534,0.08186708328786534
full_coverage_complete,boytakingbasketballfollowing,833,5,3,5,True,False,True,0.13434424408777174,0.0
full_coverage_complete,boytakingbasketballfollowing,834,0,0,6,True,False,True,0.1312314772886102,0.1312314772886102
full_coverage_complete,boytakingbasketballfollowing,835,0,0,5,True,False,True,0.009092832007168596,0.009092832007168596
full_coverage_complete,boytakingbasketballfollowing,836,0,0,5,True,False,True,0.013326044889011355,0.013326044889011355
full_coverage_complete,boytakingbasketballfollowing,837,0,2,5,True,False,True,0.04708244486375132,0.0
full_coverage_complete,boytakingbasketballfollowing,838,0,0,5,True,False,True,0.0,0.0
full_coverage_complete,boytakingbasketballfollowing,839,5,0,5,True,False,True,0.0,0.0
full_coverage_complete,boytakingbasketballfollowing,840,0,0,4,True,False,True,0.0,0.0
full_coverage_complete,boytakingbasketballfollowing,841,0,0,4,True,False,True,0.0,0.0
full_coverage_complete,boytakingbasketballfollowing,842,0,0,4,True,False,True,0.0,0.0
full_coverage_complete,boytakingbasketballfollowing,843,0,0,5,True,False,True,0.0,0.0
full_coverage_complete,boytakingbasketballfollowing,844,0,0,5,True,False,True,0.0,0.0
full_coverage_complete,boytakingbasketballfollowing,845,0,1,0,False,False,True,0.0,0.7425118844233953
full_coverage_complete,boytakingbasketballfollowing,847,0,0,1,True,False,True,0.5820504103021831,0.5820504103021831
full_coverage_complete,boytakingbasketballfollowing,848,0,0,4,True,False,True,0.5313020702065885,0.5313020702065885
full_coverage_complete,boytakingbasketballfollowing,849,0,1,0,False,False,True,0.663095310330995,0.0
full_coverage_complete,boytakingbasketballfollowing,850,0,0,5,True,False,True,0.0,0.0
full_coverage_complete,boytakingbasketballfollowing,852,4,1,4,True,False,True,0.0,0.0
full_coverage_complete,boytakingbasketballfollowing,853,0,0,5,True,False,True,0.0,0.0
full_coverage_complete,boytakingbasketballfollowing,854,0,0,5,True,False,True,0.0,0.0
full_coverage_complete,boytakingbasketballfollowing,855,0,1,5,True,False,True,0.0,0.0
full_coverage_complete,boytakingbasketballfollowing,856,0,0,5,True,False,True,0.0,0.0
full_coverage_complete,boytakingbasketballfollowing,857,0,0,5,True,False,True,0.0,0.0
full_coverage_complete,boytakingbasketballfollowing,858,0,0,5,True,False,True,0.0,0.0
full_coverage_complete,boytakingbasketballfollowing,859,0,0,5,True,False,True,0.0,0.0
full_coverage_complete,boytakingbasketballfollowing,860,0,0,4,True,False,True,0.0,0.0
full_coverage_complete,boytakingbasketballfollowing,861,4,2,4,True,False,True,0.0,0.0
full_coverage_complete,boytakingbasketballfollowing,862,0,0,5,True,False,True,0.0,0.0
full_coverage_complete,boytakingbasketballfollowing,863,0,1,1,True,False,True,0.0,0.0
full_coverage_complete,boytakingbasketballfollowing,864,0,0,5,True,False,True,0.0,0.0
full_coverage_complete,boytakingbasketballfollowing,865,0,1,5,True,False,True,0.0,0.0
full_coverage_complete,boytakingbasketballfollowing,866,0,0,5,True,False,True,0.0,0.0
full_coverage_complete,boytakingbasketballfollowing,867,0,0,5,True,False,True,0.0,0.0
full_coverage_complete,boytakingbasketballfollowing,868,0,0,5,True,False,True,0.0,0.0
full_coverage_complete,boytakingbasketballfollowing,869,0,1,5,True,False,True,0.0,0.0
full_coverage_complete,boytakingbasketballfollowing,870,0,0,1,True,False,True,0.0,0.0
full_coverage_complete,boytakingbasketballfollowing,871,0,1,5,True,False,True,0.0,0.0
full_coverage_complete,boytakingbasketballfollowing,872,0,0,5,True,False,True,0.0,0.0
full_coverage_complete,boytakingbasketballfollowing,873,0,0,5,True,False,True,0.0,0.0
full_coverage_complete,boytakingbasketballfollowing,874,0,0,5,True,False,True,0.0,0.0
full_coverage_complete,boytakingbasketballfollowing,875,5,1,5,True,False,True,0.0,0.0
full_coverage_complete,boytakingbasketballfollowing,876,0,0,1,True,False,True,0.0,0.0
full_coverage_complete,boytakingbasketballfollowing,877,0,0,5,True,False,True,0.0,0.0
full_coverage_complete,boytakingbasketballfollowing,878,0,0,5,True,False,True,0.0,0.0
full_coverage_complete,boytakingbasketballfollowing,879,0,0,5,True,False,True,0.0,0.0
full_coverage_complete,boytakingbasketballfollowing,880,0,0,5,True,False,True,0.0,0.0
full_coverage_complete,boytakingbasketballfollowing,881,0,0,5,True,False,True,0.0,0.0
full_coverage_complete,boytakingbasketballfollowing,882,0,0,5,True,False,True,0.0,0.0
full_coverage_complete,boytakingbasketballfollowing,884,0,0,5,True,False,True,0.0,0.0
full_coverage_complete,boytakingbasketballfollowing,885,0,0,4,True,False,True,0.0,0.0
full_coverage_complete,boytakingbasketballfollowing,886,0,0,5,True,False,True,0.0,0.0
full_coverage_complete,boytakingbasketballfollowing,888,0,0,1,True,False,True,0.0,0.0
full_coverage_complete,boytakingbasketballfollowing,889,0,0,5,True,False,True,0.0,0.0
full_coverage_complete,boytakingbasketballfollowing,890,0,0,5,True,False,True,0.0,0.0
full_coverage_complete,boytakingbasketballfollowing,891,0,0,5,True,False,True,0.0,0.0
full_coverage_complete,boytakingbasketballfollowing,892,0,0,5,True,False,True,0.0,0.0
full_coverage_complete,boytakingbasketballfollowing,893,0,0,5,True,False,True,0.0,0.0
full_coverage_complete,boytakingbasketballfollowing,894,0,0,5,True,False,True,0.0,0.0
full_coverage_complete,boytakingbasketballfollowing,895,0,0,5,True,False,True,0.0,0.0
full_coverage_complete,boytakingbasketballfollowing,897,6,0,6,True,False,True,0.0,0.0
full_coverage_complete,boytakingbasketballfollowing,898,0,0,1,True,False,True,0.0,0.0
full_coverage_complete,boytakingbasketballfollowing,903,0,0,5,True,False,True,0.0,0.0
full_coverage_complete,boytakingbasketballfollowing,904,0,0,5,True,False,True,0.0,0.0
full_coverage_complete,boytakingbasketballfollowing,905,0,0,5,True,False,True,0.0,0.0
full_coverage_complete,boytakingbasketballfollowing,906,0,1,5,True,False,True,0.0,0.0
full_coverage_complete,boytakingbasketballfollowing,907,0,0,1,True,False,True,0.0,0.0
full_coverage_complete,boytakingbasketballfollowing,908,0,0,1,True,False,True,0.0,0.0
full_coverage_complete,boytakingbasketballfollowing,909,5,0,5,True,False,True,0.0,0.0
full_coverage_complete,boytakingbasketballfollowing,910,0,0,5,True,False,True,0.0,0.0
full_coverage_complete,boytakingbasketballfollowing,911,0,0,5,True,False,True,0.0,0.0
full_coverage_complete,boytakingbasketballfollowing,912,0,0,5,True,False,True,0.0,0.0
full_coverage_complete,boytakingbasketballfollowing,913,0,0,5,True,False,True,0.0,0.0
full_coverage_complete,boytakingbasketballfollowing,914,0,0,5,True,False,True,0.0,0.0
full_coverage_complete,boytakingbasketballfollowing,915,5,0,5,True,False,True,0.0,0.0
full_coverage_complete,boytakingbasketballfollowing,916,5,0,5,True,False,True,0.0,0.0
full_coverage_complete,boytakingbasketballfollowing,917,5,1,5,True,False,True,0.0,0.0
full_coverage_complete,boytakingbasketballfollowing,918,5,0,5,True,False,True,0.0,0.0
full_coverage_complete,boytakingbasketballfollowing,919,0,0,1,True,False,True,0.0,0.0
full_coverage_complete,boytakingbasketballfollowing,920,0,0,1,True,False,True,0.0,0.0
full_coverage_complete,boytakingbasketballfollowing,921,1,2,1,True,False,True,0.0,0.0
full_coverage_complete,boytakingbasketballfollowing,922,1,1,1,True,False,True,0.0,0.0
full_coverage_complete,boytakingbasketballfollowing,923,0,0,4,True,False,True,0.0,0.0
full_coverage_complete,boytakingbasketballfollowing,928,5,0,5,True,False,True,0.0,0.0
full_coverage_complete,boytakingbasketballfollowing,929,0,0,5,True,False,True,0.0,0.0
full_coverage_complete,boytakingbasketballfollowing,930,0,0,5,True,False,True,0.0,0.0
full_coverage_complete,boytakingbasketballfollowing,931,0,0,5,True,False,True,0.0,0.0
full_coverage_complete,boytakingbasketballfollowing,932,0,0,5,True,False,True,0.0,0.0
full_coverage_complete,boytakingbasketballfollowing,933,0,0,5,True,False,True,0.0,0.0
full_coverage_complete,boytakingbasketballfollowing,934,0,0,4,True,False,True,0.0,0.0
full_coverage_complete,boytakingbasketballfollowing,935,0,0,4,True,False,True,0.0,0.0
full_coverage_complete,boytakingbasketballfollowing,936,5,0,5,True,False,True,0.0,0.0
full_coverage_complete,boytakingbasketballfollowing,938,4,0,4,True,False,True,0.0,0.0
full_coverage_complete,boytakingbasketballfollowing,939,0,0,5,False,False,True,0.0,0.0
full_coverage_complete,boytakingbasketballfollowing,940,0,0,5,True,False,True,0.0,0.0
full_coverage_complete,boytakingbasketballfollowing,941,0,0,5,True,False,True,0.0,0.0
full_coverage_complete,boytakingbasketballfollowing,942,0,0,5,True,False,True,0.0,0.0
full_coverage_complete,boytakingbasketballfollowing,943,5,1,5,True,False,True,0.0,0.0
full_coverage_complete,boytakingbasketballfollowing,944,0,1,1,True,False,True,0.0,0.4574978679660847
full_coverage_complete,boytakingbasketballfollowing,946,0,0,4,True,False,True,0.5610626017625036,0.5610626017625036
full_coverage_complete,boytakingbasketballfollowing,947,0,0,1,True,False,True,0.594938840182147,0.0
full_coverage_complete,boytakingbasketballfollowing,965,0,0,1,True,False,True,0.0,0.0
full_coverage_complete,boytakingbasketballfollowing,966,1,0,1,True,False,True,0.6908399269986701,0.0
full_coverage_complete,boytakingbasketballfollowing,967,0,0,1,True,False,True,0.0,0.0
full_coverage_complete,boytakingbasketballfollowing,995,0,0,4,True,False,True,0.0,0.0
full_coverage_complete,boytakingbasketballfollowing,1004,0,0,5,True,False,True,0.0,0.0
full_coverage_complete,boytakingbasketballfollowing,1005,0,0,5,True,False,True,0.0,0.0
full_coverage_complete,boytakingbasketballfollowing,1006,0,0,5,True,False,True,0.0,0.0
full_coverage_complete,boytakingbasketballfollowing,1007,0,0,5,True,False,True,0.0,0.0
full_coverage_complete,boytakingbasketballfollowing,1008,5,4,5,True,False,True,0.0,0.0
full_coverage_complete,boytakingbasketballfollowing,1009,1,0,1,True,False,True,0.0,0.0
full_coverage_complete,boytakingbasketballfollowing,1010,0,0,1,True,False,True,0.0,0.0
full_coverage_complete,boytakingbasketballfollowing,1011,0,0,5,True,False,True,0.0,0.0
full_coverage_complete,boytakingbasketballfollowing,1012,5,2,5,True,False,True,0.0,0.0
full_coverage_complete,boytakingbasketballfollowing,1013,1,0,1,True,False,True,0.0,0.0
full_coverage_complete,boytakingbasketballfollowing,1014,4,1,4,True,False,True,0.0,0.0
full_coverage_complete,boytakingbasketballfollowing,1015,4,0,4,True,False,True,0.0,0.0
full_coverage_complete,boytakingbasketballfollowing,1016,0,0,5,True,False,True,0.0,0.0
full_coverage_complete,boytakingbasketballfollowing,1017,0,0,5,True,False,True,0.0,0.0
full_coverage_complete,boytakingbasketballfollowing,1018,5,0,5,True,False,True,0.0,0.0
full_coverage_complete,boytakingbasketballfollowing,1020,0,0,5,True,False,True,0.0,0.0
full_coverage_complete,boytakingbasketballfollowing,1021,0,0,5,True,False,True,0.0,0.0
full_coverage_complete,boytakingbasketballfollowing,1022,0,1,5,True,False,True,0.0,0.0
full_coverage_complete,boytakingbasketballfollowing,1023,1,0,1,True,False,True,0.0,0.0
full_coverage_complete,boytakingbasketballfollowing,1025,0,0,4,True,False,True,0.0,0.0
full_coverage_complete,boytakingbasketballfollowing,1026,4,3,4,True,False,True,0.0,0.0
full_coverage_complete,boytakingbasketballfollowing,1027,5,0,5,True,False,True,0.0,0.0
full_coverage_complete,boytakingbasketballfollowing,1028,5,0,5,True,False,True,0.0,0.0
full_coverage_complete,boytakingbasketballfollowing,1029,4,1,4,True,False,True,0.0,0.0
full_coverage_complete,boytakingbasketballfollowing,1030,4,1,4,True,False,True,0.0,0.0
full_coverage_complete,boytakingbasketballfollowing,1031,0,0,4,True,False,True,0.0,0.0
full_coverage_complete,boytakingbasketballfollowing,1032,0,0,5,True,False,True,0.0,0.0
full_coverage_complete,boytakingbasketballfollowing,1035,0,0,5,True,False,True,0.0,0.0
full_coverage_complete,boytakingbasketballfollowing,1036,0,0,4,True,False,True,0.0,0.0
full_coverage_complete,boytakingbasketballfollowing,1037,0,0,5,True,False,True,0.0,0.0
full_coverage_complete,boytakingbasketballfollowing,1038,0,0,5,True,False,True,0.0,0.0
full_coverage_complete,boytakingbasketballfollowing,1039,0,0,5,True,False,True,0.0,0.0
full_coverage_complete,boytakingbasketballfollowing,1040,5,0,5,True,False,True,0.0,0.0
full_coverage_complete,boytakingbasketballfollowing,1041,5,0,5,True,False,True,0.0,0.0
full_coverage_complete,boytakingbasketballfollowing,1042,0,0,4,True,False,True,0.0,0.0
full_coverage_complete,boytakingbasketballfollowing,1043,5,0,5,True,False,True,0.0,0.0
full_coverage_complete,boytakingbasketballfollowing,1044,5,0,5,True,False,True,0.0,0.0
full_coverage_complete,boytakingbasketballfollowing,1045,0,0,5,True,False,True,0.0,0.0
full_coverage_complete,boytakingbasketballfollowing,1046,4,1,4,True,False,True,0.0,0.0
full_coverage_complete,boytakingbasketballfollowing,1047,0,0,5,True,False,True,0.0,0.0
full_coverage_complete,boytakingbasketballfollowing,1048,5,0,5,True,False,True,0.0,0.0
full_coverage_complete,boytakingbasketballfollowing,1049,0,0,5,True,False,True,0.0,0.0
full_coverage_complete,boytakingbasketballfollowing,1050,5,0,5,True,False,True,0.0,0.0
full_coverage_complete,boytakingbasketballfollowing,1051,4,1,4,True,False,True,0.0,0.0
full_coverage_complete,boytakingbasketballfollowing,1052,0,0,5,True,False,True,0.0,0.0
full_coverage_complete,boytakingbasketballfollowing,1053,0,0,4,True,False,True,0.0,0.0
full_coverage_complete,boytakingbasketballfollowing,1054,0,0,4,True,False,True,0.0,0.0
full_coverage_complete,boytakingbasketballfollowing,1055,0,0,4,True,False,True,0.0,0.0
full_coverage_complete,boytakingbasketballfollowing,1056,0,0,5,True,False,True,0.0,0.0
full_coverage_complete,boytakingbasketballfollowing,1057,0,0,5,True,False,True,0.0,0.0
full_coverage_complete,boytakingbasketballfollowing,1059,0,0,1,True,False,True,0.0,0.0
full_coverage_complete,boytakingbasketballfollowing,1060,4,2,4,True,False,True,0.0,0.0
full_coverage_complete,boytakingbasketballfollowing,1061,0,1,5,True,False,True,0.0,0.0
full_coverage_complete,boytakingbasketballfollowing,1099,0,0,2,True,False,True,0.0,0.0
full_coverage_complete,boytakingbasketballfollowing,1102,1,0,1,True,False,True,0.0,0.0
full_coverage_complete,boytakingbasketballfollowing,1116,0,0,2,True,False,True,0.0,0.0
full_coverage_complete,boytakingbasketballfollowing,1119,0,0,2,True,False,True,0.0,0.0
full_coverage_complete,boytakingbasketballfollowing,1120,0,0,5,True,False,True,0.0,0.0
full_coverage_complete,boytakingbasketballfollowing,1121,5,2,5,True,False,True,0.0,0.0
full_coverage_complete,boytakingbasketballfollowing,1122,1,2,1,True,False,True,0.0,0.0
full_coverage_complete,boytakingbasketballfollowing,1123,4,0,4,True,False,True,0.0,0.0
full_coverage_complete,boytakingbasketballfollowing,1124,0,0,5,True,False,True,0.0,0.0
full_coverage_complete,boytakingbasketballfollowing,1126,0,0,5,True,False,True,0.0,0.0
full_coverage_complete,boytakingbasketballfollowing,1127,5,4,5,True,False,True,0.0,0.0
full_coverage_complete,boytakingbasketballfollowing,1128,1,1,1,True,False,True,0.0,0.0
full_coverage_complete,boytakingbasketballfollowing,1129,0,0,1,True,False,True,0.0,0.0
full_coverage_complete,boytakingbasketballfollowing,1130,0,0,5,True,False,True,0.0,0.0
full_coverage_complete,boytakingbasketballfollowing,1132,5,4,5,True,False,True,0.0,0.0
full_coverage_complete,boytakingbasketballfollowing,1133,5,4,5,True,False,True,0.0,0.0
full_coverage_complete,boytakingbasketballfollowing,1134,6,2,6,True,False,True,0.0,0.05213038063026816
full_coverage_complete,boytakingbasketballfollowing,1135,0,0,1,True,False,True,0.008889414188399662,0.008889414188399662
full_coverage_complete,boytakingbasketballfollowing,1136,0,0,4,True,False,True,0.0,0.0
full_coverage_complete,boytakingbasketballfollowing,1137,0,0,4,True,False,True,0.0,0.0
full_coverage_complete,boytakingbasketballfollowing,1138,0,0,4,True,False,True,0.29783545450630383,0.29783545450630383
full_coverage_complete,boytakingbasketballfollowing,1140,0,0,1,True,False,True,0.20064709373477835,0.20064709373477835
full_coverage_complete,boytakingbasketballfollowing,1142,5,0,5,True,False,True,0.2001656289314015,0.20295324526242883
full_coverage_complete,boytakingbasketballfollowing,1144,0,0,5,True,False,True,0.04685073112185326,0.04685073112185326
full_coverage_complete,boytakingbasketballfollowing,1145,0,0,4,True,False,True,0.0,0.0
full_coverage_complete,boytakingbasketballfollowing,1146,1,1,1,True,False,True,0.04943037024927269,0.0
full_coverage_complete,boytakingbasketballfollowing,1147,0,0,1,True,False,True,0.0,0.0
full_coverage_complete,boytakingbasketballfollowing,1148,0,0,1,True,False,True,0.0,0.0
full_coverage_complete,boytakingbasketballfollowing,1149,0,0,4,True,False,True,0.0,0.0
full_coverage_complete,boytakingbasketballfollowing,1150,4,0,4,True,False,True,0.0,0.0
full_coverage_complete,boytakingbasketballfollowing,1151,0,0,5,True,False,True,0.0,0.0
full_coverage_complete,boytakingbasketballfollowing,1152,4,0,4,True,False,True,0.0,0.0
full_coverage_complete,boytakingbasketballfollowing,1153,1,0,1,True,False,True,0.0,0.0
full_coverage_complete,boytakingbasketballfollowing,1154,5,0,5,True,False,True,0.06940259943109875,0.0
full_coverage_complete,boytakingbasketballfollowing,1155,5,1,5,True,False,True,0.07413581298955366,0.06013620804539891
full_coverage_complete,boytakingbasketballfollowing,1156,0,0,5,True,False,True,0.18565394202155092,0.18565394202155092
full_coverage_complete,boytakingbasketballfollowing,1157,5,0,5,True,False,True,0.11776476149040782,0.193433879549951
full_coverage_complete,boytakingbasketballfollowing,1158,0,0,1,True,False,True,0.14751704213877068,0.14751704213877068
full_coverage_complete,boytakingbasketballfollowing,1161,0,0,1,True,False,True,0.11494075022242224,0.11494075022242224
full_coverage_complete,boytakingbasketballfollowing,1162,0,0,1,True,False,True,0.18102400523215464,0.18102400523215464
full_coverage_complete,boytakingbasketballfollowing,1163,0,0,1,True,False,True,0.13311440370458147,0.13311440370458147
full_coverage_complete,boytakingbasketballfollowing,1164,0,0,4,True,False,True,0.09978871265199704,0.09978871265199704
full_coverage_complete,boytakingbasketballfollowing,1165,0,0,4,True,False,True,0.14237265074704858,0.14237265074704858
full_coverage_complete,boytakingbasketballfollowing,1166,0,0,5,True,False,True,0.15280933220154078,0.15280933220154078
full_coverage_complete,boytakingbasketballfollowing,1167,0,0,4,True,False,True,0.20955094535380162,0.20955094535380162
full_coverage_complete,boytakingbasketballfollowing,1168,0,0,5,True,False,True,0.3749264044443476,0.3749264044443476
full_coverage_complete,boytakingbasketballfollowing,1169,0,0,5,True,False,True,0.3852948047677688,0.3852948047677688
full_coverage_complete,boytakingbasketballfollowing,1171,0,0,2,True,False,True,0.5869855083539879,0.5869855083539879
full_coverage_complete,boytakingbasketballfollowing,1174,4,0,4,True,False,True,0.7257071996485224,0.7151041231206826
full_coverage_complete,boytakingbasketballfollowing,1175,0,0,1,True,False,True,0.8031358453524499,0.8031358453524499
full_coverage_complete,boytakingbasketballfollowing,1178,0,0,1,True,False,True,0.5138004264073245,0.5138004264073245
full_coverage_complete,boytakingbasketballfollowing,1189,0,0,5,True,False,True,0.6903057121368515,0.6903057121368515
full_coverage_complete,boytakingbasketballfollowing,1190,0,0,5,True,False,True,0.8027570633806878,0.8027570633806878
full_coverage_complete,boytakingbasketballfollowing,1191,0,0,2,True,False,True,0.8443766171555717,0.8443766171555717
full_coverage_complete,boytakingbasketballfollowing,1192,0,0,2,True,False,True,0.6451598393433359,0.6451598393433359
full_coverage_complete,boytakingbasketballfollowing,1193,0,0,5,True,False,True,0.7668815761905732,0.7668815761905732
full_coverage_complete,boytakingbasketballfollowing,1194,1,0,1,True,False,True,0.7896711019362782,0.0
full_coverage_complete,boytakingbasketballfollowing,1218,0,0,5,True,False,True,0.0,0.0
full_coverage_complete,boytakingbasketballfollowing,1238,0,0,4,True,False,True,0.7064099738628836,0.7064099738628836
full_coverage_complete,boytakingbasketballfollowing,1239,0,0,4,True,False,True,0.6265606179143528,0.6265606179143528
full_coverage_complete,boytakingbasketballfollowing,1240,4,0,4,True,False,True,0.5840990859331153,0.7119748094350925
full_coverage_complete,boytakingbasketballfollowing,1241,0,0,1,True,False,True,0.5985141745004783,0.5985141745004783
full_coverage_complete,boytakingbasketballfollowing,1243,4,0,4,True,False,True,0.529564941624494,0.4948369666945888
full_coverage_complete,boytakingbasketballfollowing,1244,4,0,4,True,False,True,0.7031312085538836,0.6131061764954606
full_coverage_complete,boytakingbasketballfollowing,1245,0,0,1,True,False,True,0.11309229826298418,0.11309229826298418
full_coverage_complete,boytakingbasketballfollowing,1246,0,0,1,True,False,True,0.0,0.0
full_coverage_complete,boytakingbasketballfollowing,1247,0,0,1,True,False,True,0.13694679740318708,0.13694679740318708
full_coverage_complete,boytakingbasketballfollowing,1248,0,0,5,True,False,True,0.30819487076091495,0.30819487076091495
full_coverage_complete,boytakingbasketballfollowing,1249,0,1,0,False,False,True,0.3011784048160885,0.0
full_coverage_complete,boytakingbasketballfollowing,1250,0,0,1,True,False,True,0.012476512569630754,0.012476512569630754
full_coverage_complete,boytakingbasketballfollowing,1251,5,0,5,True,False,True,0.16694818823752547,0.08284466490559013
full_coverage_complete,boytakingbasketballfollowing,1252,5,0,5,True,False,True,0.07217541242444146,0.04048497544881283
full_coverage_complete,boytakingbasketballfollowing,1253,0,0,4,True,False,True,0.1274317759662238,0.1274317759662238
full_coverage_complete,boytakingbasketballfollowing,1254,0,1,1,True,False,True,0.20720384135544725,0.0
full_coverage_complete,boytakingbasketballfollowing,1255,0,0,1,True,False,True,0.0,0.0
full_coverage_complete,boytakingbasketballfollowing,1256,0,0,1,True,False,True,0.0,0.0
full_coverage_complete,boytakingbasketballfollowing,1257,0,0,4,True,False,True,0.0,0.0
full_coverage_complete,boytakingbasketballfollowing,1258,4,0,4,True,False,True,0.0,0.0
full_coverage_complete,boytakingbasketballfollowing,1259,5,0,5,True,False,True,0.0,0.0
full_coverage_complete,boytakingbasketballfollowing,1266,0,0,4,True,False,True,0.0,0.0
full_coverage_complete,boytakingbasketballfollowing,1267,0,0,4,True,False,True,0.0,0.0
full_coverage_complete,boytakingbasketballfollowing,1268,0,0,4,True,False,True,0.0,0.0
full_coverage_complete,boytakingbasketballfollowing,1269,0,0,1,True,False,True,0.19013129153307484,0.19013129153307484
full_coverage_complete,boytakingbasketballfollowing,1270,0,0,5,True,False,True,0.04815162365113883,0.04815162365113883
full_coverage_complete,boytakingbasketballfollowing,1271,5,0,5,True,False,True,0.107285222364425,0.09120557788454584
full_coverage_complete,boytakingbasketballfollowing,1273,0,0,4,True,False,True,0.16695675905210736,0.16695675905210736
full_coverage_complete,boytakingbasketballfollowing,1274,0,1,4,True,False,True,0.2349290651950176,0.2349290651950176
full_coverage_complete,boytakingbasketballfollowing,1275,0,0,4,True,False,True,0.15254226754749917,0.15254226754749917
full_coverage_complete,boytakingbasketballfollowing,1276,0,0,4,True,False,True,0.08212880953959995,0.08212880953959995
full_coverage_complete,boytakingbasketballfollowing,1277,0,0,5,True,False,True,0.1420668018837611,0.1420668018837611
full_coverage_complete,boytakingbasketballfollowing,1278,0,0,4,True,False,True,0.13639207163489783,0.13639207163489783
full_coverage_complete,boytakingbasketballfollowing,1279,0,0,5,True,False,True,0.10577114544597145,0.10577114544597145
full_coverage_complete,boytakingbasketballfollowing,1280,0,0,5,True,False,True,0.11742221227531208,0.11742221227531208
full_coverage_complete,boytakingbasketballfollowing,1281,0,0,5,True,False,True,0.16607438795183288,0.16607438795183288
full_coverage_complete,boytakingbasketballfollowing,1282,0,0,5,True,False,True,0.13600527529539044,0.13600527529539044
full_coverage_complete,boytakingbasketballfollowing,1283,0,0,5,True,False,True,0.11237598817250566,0.11237598817250566
full_coverage_complete,boytakingbasketballfollowing,1284,0,1,5,True,False,True,0.0955983310490054,0.0955983310490054
full_coverage_complete,boytakingbasketballfollowing,1285,0,0,5,True,False,True,0.10916863624922277,0.10916863624922277
full_coverage_complete,boytakingbasketballfollowing,1286,5,1,5,True,False,True,0.021686849048459907,0.0
full_coverage_complete,boytakingbasketballfollowing,1287,0,1,5,True,False,True,0.0,0.003792864702921905
full_coverage_complete,boytakingbasketballfollowing,1288,4,4,4,True,False,True,0.08770172050313987,0.0
full_coverage_complete,boytakingbasketballfollowing,1289,0,0,5,True,False,True,0.0,0.0
full_coverage_complete,boytakingbasketballfollowing,1290,0,0,5,True,False,True,0.0,0.0
full_coverage_complete,boytakingbasketballfollowing,1291,0,0,5,True,False,True,0.0,0.0
full_coverage_complete,boytakingbasketballfollowing,1292,5,1,5,True,False,True,0.0,0.0
full_coverage_complete,boytakingbasketballfollowing,1293,5,0,5,True,False,True,0.0,0.0
full_coverage_complete,boytakingbasketballfollowing,1294,0,0,5,True,False,True,0.0,0.0
full_coverage_complete,boytakingbasketballfollowing,1295,5,0,5,True,False,True,0.0,0.5611001343079259
full_coverage_complete,boytakingbasketballfollowing,1297,0,0,1,True,False,True,0.6988958622360516,0.6988958622360516
full_coverage_complete,boytakingbasketballfollowing,1298,0,0,4,True,False,True,0.8232655498396335,0.8232655498396335
full_coverage_complete,boytakingbasketballfollowing,1308,0,0,1,True,False,True,0.5240827977217297,0.5240827977217297
full_coverage_complete,boytakingbasketballfollowing,1309,0,0,4,True,False,True,0.7607319883008808,0.7607319883008808
full_coverage_complete,boytakingbasketballfollowing,1310,0,0,5,True,False,True,0.30420850048158354,0.30420850048158354
full_coverage_complete,boytakingbasketballfollowing,1311,0,0,5,True,False,True,0.28406441351431627,0.28406441351431627
full_coverage_complete,boytakingbasketballfollowing,1312,5,0,5,True,False,True,0.28544696303862765,0.0
full_coverage_complete,boytakingbasketballfollowing,1313,0,0,1,True,False,True,0.0,0.0
full_coverage_complete,boytakingbasketballfollowing,1315,5,0,5,True,False,True,0.0,0.0737181461368893
full_coverage_complete,boytakingbasketballfollowing,1316,5,0,5,True,False,True,0.18803056617502006,0.0
full_coverage_complete,boytakingbasketballfollowing,1317,0,0,5,True,False,True,0.0,0.0
full_coverage_complete,boytakingbasketballfollowing,1318,0,0,5,True,False,True,0.0,0.0
full_coverage_complete,boytakingbasketballfollowing,1319,0,0,1,True,False,True,0.0,0.0
full_coverage_complete,boytakingbasketballfollowing,1320,0,0,4,True,False,True,0.0,0.0
full_coverage_complete,boytakingbasketballfollowing,1323,0,0,4,True,False,True,0.0,0.0
full_coverage_complete,boytakingbasketballfollowing,1324,0,0,4,True,False,True,0.0,0.0
full_coverage_complete,boytakingbasketballfollowing,1325,0,0,1,True,False,True,0.0,0.0
full_coverage_complete,boytakingbasketballfollowing,1326,0,0,4,True,False,True,0.0,0.0
full_coverage_complete,boytakingbasketballfollowing,1328,0,0,4,True,False,True,0.0,0.0
full_coverage_complete,boytakingbasketballfollowing,1329,0,0,4,True,False,True,0.0,0.0
full_coverage_complete,boytakingbasketballfollowing,1330,1,0,1,True,False,True,0.0,0.0
full_coverage_complete,boytakingbasketballfollowing,1331,1,0,1,True,False,True,0.0,0.0
full_coverage_complete,boytakingbasketballfollowing,1332,0,0,5,True,False,True,0.0,0.0
full_coverage_complete,boytakingbasketballfollowing,1340,0,0,4,True,False,True,0.0,0.0
full_coverage_complete,boytakingbasketballfollowing,1341,0,0,5,True,False,True,0.0,0.0
full_coverage_complete,boytakingbasketballfollowing,1342,0,0,5,True,False,True,0.0,0.0
full_coverage_complete,boytakingbasketballfollowing,1343,0,0,4,True,False,True,0.0,0.0
full_coverage_complete,boytakingbasketballfollowing,1344,0,0,5,True,False,True,0.0,0.0
full_coverage_complete,boytakingbasketballfollowing,1347,0,0,4,True,False,True,0.0,0.0
full_coverage_complete,boytakingbasketballfollowing,1348,0,0,1,True,False,True,0.0,0.0
full_coverage_complete,boytakingbasketballfollowing,1349,0,0,5,True,False,True,0.0,0.0
full_coverage_complete,boytakingbasketballfollowing,1352,0,0,1,True,False,True,0.0,0.0
full_coverage_complete,boytakingbasketballfollowing,1353,0,0,4,True,False,True,0.0,0.0
full_coverage_complete,boytakingbasketballfollowing,1356,0,0,1,True,False,True,0.0,0.0
full_coverage_complete,boytakingbasketballfollowing,1357,0,0,1,True,False,True,0.0,0.0
full_coverage_complete,boytakingbasketballfollowing,1358,0,0,1,True,False,True,0.0,0.0
full_coverage_complete,boytakingbasketballfollowing,1359,0,0,1,True,False,True,0.0,0.0
full_coverage_complete,boytakingbasketballfollowing,1361,0,0,4,True,False,True,0.0,0.0
full_coverage_complete,boytakingbasketballfollowing,1366,0,0,1,True,False,True,0.0,0.0
full_coverage_complete,boytakingbasketballfollowing,1367,0,0,1,True,False,True,0.0,0.0
full_coverage_complete,boytakingbasketballfollowing,1368,0,0,1,True,False,True,0.0,0.0
full_coverage_complete,boytakingbasketballfollowing,1369,0,0,1,True,False,True,0.0,0.0
full_coverage_complete,boytakingbasketballfollowing,1370,0,0,1,True,False,True,0.0,0.0
full_coverage_complete,boytakingbasketballfollowing,1371,0,2,1,True,False,True,0.0,0.0
full_coverage_complete,boytakingbasketballfollowing,1372,5,2,5,True,False,True,0.0,0.0
full_coverage_complete,boytakingbasketballfollowing,1374,0,0,4,True,False,True,0.0,0.0
full_coverage_complete,boytakingbasketballfollowing,1376,0,0,4,True,False,True,0.0,0.0
full_coverage_complete,boytakingbasketballfollowing,1377,0,2,1,True,False,True,0.0,0.0
full_coverage_complete,boytakingbasketballfollowing,1378,0,0,1,True,False,True,0.0,0.0
full_coverage_complete,boytakingbasketballfollowing,1379,0,0,1,True,False,True,0.0,0.0
full_coverage_complete,boytakingbasketballfollowing,1380,0,0,1,True,False,True,0.0,0.0
full_coverage_complete,boytakingbasketballfollowing,1381,1,3,1,True,False,True,0.0,0.0
full_coverage_complete,boytakingbasketballfollowing,1382,0,0,5,True,False,True,0.0,0.0
full_coverage_complete,boytakingbasketballfollowing,1383,0,0,1,True,False,True,0.0,0.0
full_coverage_complete,boytakingbasketballfollowing,1384,5,0,5,True,False,True,0.0,0.0
full_coverage_complete,boytakingbasketballfollowing,1385,5,0,5,True,False,True,0.0,0.0
full_coverage_complete,boytakingbasketballfollowing,1386,0,0,5,True,False,True,0.0,0.0
full_coverage_complete,boytakingbasketballfollowing,1387,0,0,1,True,False,True,0.0,0.0
full_coverage_complete,boytakingbasketballfollowing,1388,0,0,1,True,False,True,0.0,0.0
full_coverage_complete,boytakingbasketballfollowing,1389,5,0,5,True,False,True,0.0,0.0
full_coverage_complete,boytakingbasketballfollowing,1392,1,0,1,True,False,True,0.0,0.0
full_coverage_complete,boytakingbasketballfollowing,1394,5,0,5,True,False,True,0.0,0.0
full_coverage_complete,boytakingbasketballfollowing,1395,0,0,5,True,False,True,0.0,0.0
full_coverage_complete,boytakingbasketballfollowing,1401,0,0,4,True,False,True,0.0,0.0
full_coverage_complete,boytakingbasketballfollowing,1402,1,2,1,True,False,True,0.0,0.0
full_coverage_complete,boytakingbasketballfollowing,1403,0,0,1,True,False,True,0.0,0.0
full_coverage_complete,boytakingbasketballfollowing,1404,0,0,5,True,False,True,0.0,0.0
full_coverage_complete,boytakingbasketballfollowing,1406,0,0,4,True,False,True,0.0,0.0
full_coverage_complete,boytakingbasketballfollowing,1407,0,0,1,True,False,True,0.0,0.0
full_coverage_complete,boytakingbasketballfollowing,1408,0,0,5,True,False,True,0.0,0.0
full_coverage_complete,boytakingbasketballfollowing,1410,1,0,1,True,False,True,0.0,0.0
full_coverage_complete,boytakingbasketballfollowing,1412,5,0,5,True,False,True,0.0,0.0
full_coverage_complete,boytakingbasketballfollowing,1413,5,0,5,True,False,True,0.0,0.0
full_coverage_complete,boytakingbasketballfollowing,1414,0,0,4,True,False,True,0.0,0.0
full_coverage_complete,boytakingbasketballfollowing,1415,0,0,5,True,False,True,0.0,0.0
full_coverage_complete,boytakingbasketballfollowing,1416,0,0,1,True,False,True,0.0,0.0
full_coverage_complete,boytakingbasketballfollowing,1417,0,0,5,True,False,True,0.0,0.0
full_coverage_complete,boytakingbasketballfollowing,1418,5,1,5,True,False,True,0.0,0.0
full_coverage_complete,boytakingbasketballfollowing,1419,1,1,1,True,False,True,0.0,0.0
full_coverage_complete,boytakingbasketballfollowing,1420,0,0,4,True,False,True,0.0,0.0
full_coverage_complete,boytakingbasketballfollowing,1421,0,0,5,True,False,True,0.0,0.0
full_coverage_complete,boytakingbasketballfollowing,1422,0,0,1,True,False,True,0.0,0.0
full_coverage_complete,boytakingbasketballfollowing,1423,1,0,1,True,False,True,0.0,0.0
full_coverage_complete,boytakingbasketballfollowing,1424,0,0,5,True,False,True,0.0,0.0
full_coverage_complete,boytakingbasketballfollowing,1425,0,0,4,True,False,True,0.0,0.0
full_coverage_complete,boytakingbasketballfollowing,1427,0,0,4,True,False,True,0.0,0.0
full_coverage_complete,boytakingbasketballfollowing,1428,0,0,4,True,False,True,0.0,0.0
full_coverage_complete,boytakingbasketballfollowing,1429,0,0,4,True,False,True,0.0,0.0
full_coverage_complete,boytakingbasketballfollowing,1430,0,0,4,True,False,True,0.0,0.0
full_coverage_complete,boytakingbasketballfollowing,1431,0,0,4,True,False,True,0.0,0.0
full_coverage_complete,boytakingplate2left,240,0,0,5,True,False,True,0.38276140681169585,0.38276140681169585
full_coverage_complete,boytakingplate2left,242,0,0,5,True,False,True,0.39441648008256214,0.39441648008256214
full_coverage_complete,boytakingplate2left,243,0,0,5,True,False,True,0.3127409108333425,0.3127409108333425
full_coverage_complete,boytakingplate2left,244,0,0,5,True,False,True,0.4087998584606118,0.4087998584606118
full_coverage_complete,boyunder2baskets,40,0,0,4,True,False,True,0.5696971855146958,0.5696971855146958
full_coverage_complete,boyunder2baskets,41,0,0,2,True,False,True,0.700856669573195,0.700856669573195
full_coverage_complete,boyunder2baskets,43,0,0,2,True,False,True,0.2664825390621434,0.2664825390621434
full_coverage_complete,boyunder2baskets,45,0,0,2,True,False,True,0.319019448072829,0.319019448072829
full_coverage_complete,boyunder2baskets,46,0,0,2,True,False,True,0.652470710073687,0.652470710073687
full_coverage_complete,boyunder2baskets,49,0,0,2,True,False,True,0.9027980828825483,0.9027980828825483
full_coverage_complete,boyunder2baskets,50,0,0,2,True,False,True,0.23715356487444123,0.23715356487444123
full_coverage_complete,boyunder2baskets,51,0,0,2,True,False,True,0.6977719526690143,0.6977719526690143
full_coverage_complete,boyunder2baskets,63,0,0,2,True,False,True,0.24105977402884105,0.24105977402884105
full_coverage_complete,boyunder2baskets,64,0,0,2,True,False,True,0.25424225866757055,0.25424225866757055
full_coverage_complete,boyunder2baskets,72,0,0,2,True,False,True,0.5218393264722471,0.5218393264722471
full_coverage_complete,boyunder2baskets,73,0,0,1,True,False,True,0.3604216570012639,0.3604216570012639
full_coverage_complete,boyunder2baskets,157,0,0,2,True,False,True,0.0,0.0
full_coverage_complete,boyunder2baskets,160,0,0,2,True,False,True,0.0,0.0
full_coverage_complete,boyunder2baskets,162,1,0,1,True,False,True,0.0,0.8783191145767549
full_coverage_complete,boyunder2baskets,163,5,1,5,True,False,True,0.6418748961746873,0.6188135339450835
full_coverage_complete,boyunder2baskets,164,0,0,2,True,False,True,0.9061071205447591,0.9061071205447591
full_coverage_complete,boyunder2baskets,167,0,0,2,True,False,True,0.8249039095475463,0.0
full_coverage_complete,boyunder2baskets,191,0,0,5,True,False,True,0.0,0.0
full_coverage_complete,boyunder2baskets,194,0,0,5,True,False,True,0.0,0.0
full_coverage_complete,boyunder2baskets,198,0,0,5,True,False,True,0.0,0.0
full_coverage_complete,boyunder2baskets,199,0,0,5,True,False,True,0.0,0.0
full_coverage_complete,boyunder2baskets,200,0,0,5,True,False,True,0.0,0.0
full_coverage_complete,boyunder2baskets,214,0,0,2,True,False,True,0.0,0.0
full_coverage_complete,boyunder2baskets,215,0,0,2,True,False,True,0.0,0.0
full_coverage_complete,boyunder2baskets,250,0,0,2,True,False,True,0.0,0.0
full_coverage_complete,boyunder2baskets,251,0,0,2,True,False,True,0.0,0.0
full_coverage_complete,boyunder2baskets,252,0,0,2,True,False,True,0.0,0.0
full_coverage_complete,boyunder2baskets,253,0,0,2,True,False,True,0.0,0.0
full_coverage_complete,boyunder2baskets,254,0,1,2,True,False,True,0.0,0.0
full_coverage_complete,boyunder2baskets,255,0,0,4,True,False,True,0.0,0.0
full_coverage_complete,boyunder2baskets,257,6,0,6,True,False,True,0.0,0.0
full_coverage_complete,boyunder2baskets,258,0,1,5,True,False,True,0.0,0.0
full_coverage_complete,boyunder2baskets,263,0,0,5,True,False,True,0.0,0.0
full_coverage_complete,boyunder2baskets,268,0,0,5,True,False,True,0.11112166453153119,0.11112166453153119
full_coverage_complete,boyunder2baskets,269,0,0,2,True,False,True,0.08003738837561855,0.08003738837561855
full_coverage_complete,boyunder2baskets,270,0,0,2,True,False,True,0.12096313394730655,0.12096313394730655
full_coverage_complete,boyunder2baskets,271,0,0,2,True,False,True,0.12261512766653204,0.12261512766653204
full_coverage_complete,boyunder2baskets,272,0,0,2,True,False,True,0.11468115702358124,0.11468115702358124
full_coverage_complete,boyunder2baskets,273,0,0,2,True,False,True,0.0875514639901292,0.0875514639901292
full_coverage_complete,boyunder2baskets,274,0,0,2,True,False,True,0.12494052330326848,0.12494052330326848
full_coverage_complete,boyunder2baskets,275,0,0,2,True,False,True,0.10564747779622866,0.10564747779622866
full_coverage_complete,boyunder2baskets,277,0,0,2,True,False,True,0.11261596584977199,0.11261596584977199
full_coverage_complete,boyunder2baskets,278,0,0,2,True,False,True,0.11353329090723394,0.11353329090723394
full_coverage_complete,boyunder2baskets,279,0,0,2,True,False,True,0.11901585803787805,0.11901585803787805
full_coverage_complete,boyunder2baskets,280,0,0,2,True,False,True,0.09206148761088116,0.09206148761088116
full_coverage_complete,boyunder2baskets,281,0,0,2,True,False,True,0.0671418066252295,0.0671418066252295
full_coverage_complete,boyunder2baskets,282,2,0,2,True,False,True,0.1611322897342725,0.05859334983270269
full_coverage_complete,boyunder2baskets,289,0,0,5,True,False,True,0.2051924331176932,0.2051924331176932
full_coverage_complete,boyunder2baskets,292,0,0,5,True,False,True,0.41747891043109486,0.41747891043109486
full_coverage_complete,boyunder2baskets,297,0,0,5,True,False,True,0.655764338661688,0.655764338661688
full_coverage_complete,boyunder2baskets,299,0,0,2,True,False,True,0.6948354334482791,0.6948354334482791
full_coverage_complete,boyunder2baskets,306,0,0,2,True,False,True,0.8015570579851335,0.8015570579851335
full_coverage_complete,boyunder2baskets,307,0,0,2,True,False,True,0.7773953866159723,0.7773953866159723
full_coverage_complete,boyunder2baskets,309,0,0,2,True,False,True,0.8982269177093111,0.8982269177093111
full_coverage_complete,boyunder2baskets,331,2,0,2,True,False,True,0.9105595658654626,0.0
full_coverage_complete,boyunder2baskets,471,5,0,5,True,False,True,0.0,0.0
full_coverage_complete,boyunder2baskets,474,5,0,5,True,False,True,0.0,0.0
full_coverage_complete,boyunder2baskets,475,5,0,5,True,False,True,0.0,0.0
full_coverage_complete,boyunder2baskets,476,6,0,6,True,False,True,0.0,0.0
full_coverage_complete,boyunder2baskets,477,6,0,6,True,False,True,0.0,0.0
full_coverage_complete,boyunder2baskets,496,1,0,1,True,False,True,0.0,0.0
full_coverage_complete,boyunder2baskets,497,0,0,2,True,False,True,0.0,0.0
full_coverage_complete,boyunder2baskets,498,0,0,2,True,False,True,0.0,0.0
full_coverage_complete,boyunder2baskets,499,0,0,2,True,False,True,0.0,0.0
full_coverage_complete,boyunder2baskets,500,0,0,2,True,False,True,0.0,0.0
full_coverage_complete,boyunder2baskets,501,0,0,2,True,False,True,0.0,0.0
full_coverage_complete,boyunder2baskets,502,0,0,2,True,False,True,0.0,0.0
full_coverage_complete,boyunder2baskets,503,0,1,1,True,False,True,0.0,0.7025137689899946
full_coverage_complete,boyunder2baskets,504,5,0,5,True,False,True,0.7286369242092899,0.0
full_coverage_complete,boyunder2baskets,513,1,0,1,True,False,True,0.0,0.0
full_coverage_complete,boyunder2baskets,514,0,0,1,True,False,True,0.0,0.0
full_coverage_complete,boyunder2baskets,515,0,0,1,True,False,True,0.0,0.0
full_coverage_complete,boyunder2baskets,517,1,0,1,True,False,True,0.0,0.0
full_coverage_complete,boyunder2baskets,518,0,0,2,True,False,True,0.0,0.0
full_coverage_complete,boyunder2baskets,519,1,0,1,True,False,True,0.0,0.0
full_coverage_complete,boyunder2baskets,520,1,0,1,True,False,True,0.0,0.0
full_coverage_complete,boyunder2baskets,521,1,0,1,True,False,True,0.0,0.0
full_coverage_complete,boyunder2baskets,522,0,0,2,True,False,True,0.0,0.0
full_coverage_complete,boyunder2baskets,523,0,0,2,True,False,True,0.0,0.0
full_coverage_complete,boyunder2baskets,524,0,0,2,True,False,True,0.0,0.0
full_coverage_complete,boyunder2baskets,525,0,0,2,True,False,True,0.0,0.0
full_coverage_complete,boyunder2baskets,526,0,1,0,False,False,True,0.0,0.39549058722387037
full_coverage_complete,boyunder2baskets,527,4,0,4,True,False,True,0.34770961598664646,0.34949500552199814
full_coverage_complete,boyunder2baskets,528,0,0,4,True,False,True,0.4879131098122076,0.4879131098122076
full_coverage_complete,boyunder2baskets,529,0,0,2,True,False,True,0.6845169371420056,0.6845169371420056
full_coverage_complete,boyunder2baskets,530,0,0,4,True,False,True,0.7529912294285802,0.7529912294285802
full_coverage_complete,boyunder2baskets,532,5,0,5,True,False,True,0.7633936316984661,0.8061718824568915
full_coverage_complete,boyunder2baskets,533,0,0,5,True,False,True,0.8993022144006988,0.8993022144006988
full_coverage_complete,boyunder2baskets,534,0,0,4,True,False,True,0.8511200956757649,0.8511200956757649
full_coverage_complete,boyunder2baskets,536,0,1,0,False,False,True,0.7733679820526086,0.0
full_coverage_complete,boyunder2baskets,537,0,0,5,True,False,True,0.0,0.0
full_coverage_complete,boyunder2baskets,538,0,0,5,True,False,True,0.0,0.0
full_coverage_complete,boyunder2baskets,539,0,0,5,True,False,True,0.0,0.0
full_coverage_complete,boyunder2baskets,542,0,0,1,True,False,True,0.0,0.0
full_coverage_complete,boyunder2baskets,543,0,0,1,True,False,True,0.0,0.0
full_coverage_complete,boyunder2baskets,544,0,0,1,True,False,True,0.0,0.0
full_coverage_complete,boyunder2baskets,547,0,0,1,True,False,True,0.0,0.0
full_coverage_complete,boyunder2baskets,548,0,0,1,True,False,True,0.0,0.0
full_coverage_complete,boyunder2baskets,549,0,1,2,True,False,True,0.0,0.4840824279057587
full_coverage_complete,boyunder2baskets,552,0,0,2,True,False,True,0.3517765524589204,0.3517765524589204
full_coverage_complete,boyunder2baskets,553,1,0,1,True,False,True,0.3489957122333491,0.3316101222375967
full_coverage_complete,boyunder2baskets,556,0,0,4,True,False,True,0.3153929780666533,0.3153929780666533
full_coverage_complete,boyunder2baskets,558,0,0,1,True,False,True,0.780006119654569,0.780006119654569
full_coverage_complete,boyunder2baskets,559,0,0,4,True,False,True,0.21304987284682061,0.21304987284682061
full_coverage_complete,boyunder2baskets,560,0,0,2,True,False,True,0.223307252690797,0.223307252690797
full_coverage_complete,boyunder2baskets,561,2,0,2,True,False,True,0.1704643262174479,0.0
full_coverage_complete,boyunder2baskets,562,0,0,0,False,False,True,0.0,0.0
full_coverage_complete,boyunder2baskets,563,0,0,1,True,False,True,0.0,0.0
full_coverage_complete,boyunder2baskets,564,0,0,1,True,False,True,0.0,0.0
full_coverage_complete,boyunder2baskets,565,0,0,1,True,False,True,0.0,0.0
full_coverage_complete,boyunder2baskets,566,0,0,1,True,False,True,0.0,0.0
full_coverage_complete,boyunder2baskets,567,1,0,1,True,False,True,0.0,0.0
full_coverage_complete,boyunder2baskets,568,0,0,2,True,False,True,0.0,0.0
full_coverage_complete,boyunder2baskets,569,0,0,2,True,False,True,0.0,0.0
full_coverage_complete,boyunder2baskets,570,0,0,5,True,False,True,0.0,0.0
full_coverage_complete,boyunder2baskets,571,0,0,2,True,False,True,0.0,0.0
full_coverage_complete,boyunder2baskets,572,4,0,4,True,False,True,0.0,0.0
full_coverage_complete,boyunder2baskets,573,0,0,5,True,False,True,0.0,0.0
full_coverage_complete,boyunder2baskets,574,0,0,2,True,False,True,0.0,0.0
full_coverage_complete,boyunder2baskets,575,4,0,4,True,False,True,0.0,0.0
full_coverage_complete,boyunder2baskets,576,0,0,4,True,False,True,0.0,0.0
full_coverage_complete,boyunder2baskets,577,5,0,5,True,False,True,0.0,0.0
full_coverage_complete,boyunder2baskets,578,0,0,4,True,False,True,0.0,0.0
full_coverage_complete,boyunder2baskets,579,0,1,0,False,False,True,0.0,0.0
full_coverage_complete,boyunder2baskets,580,5,0,5,True,False,True,0.0,0.0
full_coverage_complete,boyunder2baskets,612,0,0,2,True,False,True,0.0,0.0
full_coverage_complete,boywalkinginsnow2,624,0,0,1,True,False,True,0.7652937655577237,0.7652937655577237
full_coverage_complete,boywalkinginsnow2,625,0,0,1,True,False,True,0.8104306982507886,0.8104306982507886
full_coverage_complete,boywalkinginsnow2,632,0,0,1,True,False,True,0.41204369692092324,0.41204369692092324
full_coverage_complete,boywalkinginsnow2,635,0,0,4,True,False,True,0.2899856999888108,0.2899856999888108
full_coverage_complete,boywalkinginsnow2,636,0,0,4,True,False,True,0.5185824357219512,0.5185824357219512
full_coverage_complete,boywalkinginsnow2,641,0,0,4,True,False,True,0.8534943712009662,0.8534943712009662
full_coverage_complete,broom,156,6,0,6,True,False,True,0.20942584320366694,0.6501226077582491
full_coverage_complete,broom,238,0,0,6,True,False,True,0.1323531131904745,0.1323531131904745
full_coverage_complete,broom,254,0,0,5,True,False,True,0.4745418596445169,0.4745418596445169
full_coverage_complete,broom,255,5,0,5,True,False,True,0.29497531597927057,0.119956513370031
full_coverage_complete,broom,256,0,0,5,True,False,True,0.4100214456658014,0.4100214456658014
full_coverage_complete,broom,260,0,0,1,True,False,True,0.8286165969605666,0.8286165969605666
full_coverage_complete,broom,318,0,0,2,True,False,True,0.7222969589189028,0.7222969589189028
full_coverage_complete,broom,324,0,0,1,True,False,True,0.5902208539466123,0.5902208539466123
full_coverage_complete,broom,349,0,0,2,True,False,True,0.677620571967488,0.677620571967488
full_coverage_complete,broom,350,0,0,2,True,False,True,0.8769290670245973,0.8769290670245973
full_coverage_complete,broom,395,0,0,2,True,False,True,0.659311035737732,0.659311035737732
full_coverage_complete,broom,396,0,0,2,True,False,True,0.6698143052977351,0.6698143052977351
full_coverage_complete,broom,397,0,0,2,True,False,True,0.70093811926496,0.70093811926496
full_coverage_complete,broom,411,0,0,1,True,False,True,0.36840268240393853,0.36840268240393853
full_coverage_complete,broom,412,0,0,1,True,False,True,0.37889941515369047,0.37889941515369047
full_coverage_complete,broom,423,0,0,6,True,False,True,0.1324997880760783,0.1324997880760783
full_coverage_complete,broom,473,0,0,5,True,False,True,0.7202123432720166,0.7202123432720166
full_coverage_complete,broom,474,0,0,2,True,False,True,0.7008624869448158,0.7008624869448158
full_coverage_complete,broom,563,6,0,6,True,False,True,0.5578851618228761,0.22889732139851046
full_coverage_complete,broom,658,0,0,6,True,False,True,0.2658895395009996,0.2658895395009996
full_coverage_complete,broom,666,6,0,6,True,False,True,0.5581581482566826,0.34123238161315517
full_coverage_complete,broom,1031,0,0,6,True,False,True,0.539670771863528,0.539670771863528
full_coverage_complete,broom,1032,0,0,6,True,False,True,0.5074196290898937,0.5074196290898937
full_coverage_complete,broom,1036,0,0,6,True,False,True,0.8216430061194846,0.8216430061194846
full_coverage_complete,broom,1236,0,0,1,True,False,True,0.1904251066238543,0.1904251066238543
full_coverage_complete,broom,1237,0,0,1,True,False,True,0.2649934558114421,0.2649934558114421
full_coverage_complete,broom,1238,0,0,1,True,False,True,0.6758720835990747,0.6758720835990747
full_coverage_complete,broom,1466,1,0,1,True,False,True,0.6461605703947392,0.7059849341050253
full_coverage_complete,broom,1476,0,0,1,True,False,True,0.5030153405136084,0.5030153405136084
full_coverage_complete,broom,1686,0,0,6,True,False,True,0.7026571074388228,0.7026571074388228
full_coverage_complete,broom,1687,0,0,6,True,False,True,0.7003090539757671,0.7003090539757671
full_coverage_complete,broom,1688,0,0,6,True,False,True,0.6742881375397473,0.6742881375397473
full_coverage_complete,broom,1689,0,0,5,True,False,True,0.10358430736718333,0.10358430736718333
full_coverage_complete,broom,1690,0,0,5,True,False,True,0.12752105362990004,0.12752105362990004
full_coverage_complete,broom,1696,6,0,6,True,False,True,0.6770807365924532,0.1310695621042098
full_coverage_complete,broom,1698,0,0,6,True,False,True,0.6324417396008286,0.6324417396008286
full_coverage_complete,broom,1710,0,0,6,True,False,True,0.5898220312183502,0.5898220312183502
full_coverage_complete,broom,1711,0,0,2,True,False,True,0.05450192286514495,0.05450192286514495
full_coverage_complete,broom,1727,0,0,2,True,False,True,0.1189325299410264,0.1189325299410264
full_coverage_complete,broom,1786,0,0,2,True,False,True,0.7437837007944359,0.7437837007944359
full_coverage_complete,broom,1796,0,0,1,True,False,True,0.843920781136115,0.843920781136115
full_coverage_complete,broom,1797,0,0,1,True,False,True,0.0,0.0
full_coverage_complete,broom,1799,0,0,2,True,False,True,0.0,0.0
full_coverage_complete,broom,1800,1,0,1,True,False,True,0.0,0.0
full_coverage_complete,broom,1801,0,0,2,True,False,True,0.0,0.9314219434791049
full_coverage_complete,broom,1824,1,0,1,True,False,True,0.7227368295490403,0.004378223196500184
full_coverage_complete,broom,1945,2,0,2,True,False,True,0.03238679134398126,0.2420123698326312
full_coverage_complete,broom,1946,0,0,5,True,False,True,0.875331092362242,0.875331092362242
full_coverage_complete,broom,1948,0,0,1,True,False,True,0.5648096531847657,0.5648096531847657
full_coverage_complete,broom,2044,0,2,0,False,False,True,0.22735210948637039,0.11210663557606129
full_coverage_complete,broom,2054,0,0,1,True,False,True,0.4709809619450009,0.4709809619450009
full_coverage_complete,broom,2415,0,0,2,True,False,True,0.35257496431163143,0.35257496431163143
full_coverage_complete,broom,2416,0,0,2,True,False,True,0.4972515261813826,0.4972515261813826
full_coverage_complete,broom,2417,0,0,2,True,False,True,0.10811665913166535,0.10811665913166535
full_coverage_complete,broom,2425,0,0,2,True,False,True,0.6237198035042293,0.6237198035042293
full_coverage_complete,broom,2426,0,0,2,True,False,True,0.5994262757835911,0.5994262757835911
full_coverage_complete,broom,2427,0,0,2,True,False,True,0.6291572891861315,0.6291572891861315
full_coverage_complete,broom,2428,0,0,2,True,False,True,0.20615564110405757,0.20615564110405757
full_coverage_complete,broom,2443,0,0,1,True,False,True,0.639036325187958,0.639036325187958
full_coverage_complete,broom,2905,1,0,1,True,False,True,0.09739532215472187,0.3155809203197203
full_coverage_complete,broom,2906,1,0,1,True,False,True,0.3739428340792079,0.3689200799670305
full_coverage_complete,broom,3039,0,0,1,True,False,True,0.5803859401661018,0.5803859401661018
full_coverage_complete,broom,3064,0,0,1,True,False,True,0.35358863076518404,0.35358863076518404
full_coverage_complete,broom,3169,0,0,5,True,False,True,0.28918603750299715,0.28918603750299715
full_coverage_complete,broom,3235,0,0,2,True,False,True,0.5924792107979361,0.5924792107979361
full_coverage_complete,broom,3237,1,0,1,True,False,True,0.0,0.5233669008181766
full_coverage_complete,broom,3240,0,0,2,True,False,True,0.6472258678296791,0.6472258678296791
full_coverage_complete,broom,3241,0,0,1,True,False,True,0.0,0.0
full_coverage_complete,broom,3242,0,0,1,True,False,True,0.6229152761721205,0.6229152761721205
full_coverage_complete,broom,3243,0,0,5,True,False,True,0.5847845111511171,0.5847845111511171
full_coverage_complete,broom,3255,0,1,2,True,False,True,0.0,0.7346459722985194
full_coverage_complete,broom,3256,0,0,5,True,False,True,0.7442405370554125,0.7442405370554125
full_coverage_complete,broom,3422,5,0,5,True,False,True,0.5136309191040763,0.5825111402674481
full_coverage_complete,broom,3423,0,0,1,True,False,True,0.46215719106572134,0.46215719106572134
full_coverage_complete,broom,3560,6,0,6,True,False,True,0.44161641596067375,0.3439328415693076
full_coverage_complete,broom,3562,5,0,5,True,False,True,0.11630886291203527,0.1364185206557401
full_coverage_complete,broom,3563,0,0,5,True,False,True,0.04122088378413988,0.04122088378413988
full_coverage_complete,broom,3564,0,0,2,True,False,True,0.0,0.0
full_coverage_complete,broom,3575,6,0,6,True,False,True,0.697428950979767,0.0
full_coverage_complete,broom,3576,5,1,5,True,False,True,0.6807525157464379,0.0
full_coverage_complete,broom,3577,5,0,5,True,False,True,0.0,0.0
full_coverage_complete,broom,3582,0,0,5,True,False,True,0.541359177042728,0.541359177042728
full_coverage_complete,broom,3583,0,0,6,True,False,True,0.8444503983535881,0.8444503983535881
full_coverage_complete,broom,3585,0,2,1,True,False,True,0.07136358662441969,0.07136358662441969
full_coverage_complete,broom,3586,5,0,5,True,False,True,0.47947186143469867,0.015000434225871294
full_coverage_complete,broom,3587,0,0,5,True,False,True,0.5143730225391365,0.5143730225391365
full_coverage_complete,broom,3594,0,0,6,True,False,True,0.7513560273585874,0.7513560273585874
full_coverage_complete,broom,3595,0,0,6,True,False,True,0.5036272923015707,0.5036272923015707
full_coverage_complete,broom,3614,0,0,2,True,False,True,0.3876561384871314,0.3876561384871314
full_coverage_complete,broom,3615,0,0,2,True,False,True,0.38618522199194727,0.38618522199194727
full_coverage_complete,broom,3731,2,0,2,True,False,True,0.6867592796036024,0.61212067324062
full_coverage_complete,broom,3748,0,0,6,True,False,True,0.5666820988359186,0.5666820988359186
full_coverage_complete,broom,3749,0,0,6,True,False,True,0.8607240455851636,0.8607240455851636
full_coverage_complete,broom,3764,0,0,2,True,False,True,0.2531248886185875,0.2531248886185875
full_coverage_complete,broom,3766,0,0,2,True,False,True,0.14557423178062878,0.14557423178062878
full_coverage_complete,broom,3768,0,0,2,True,False,True,0.29425578694461424,0.29425578694461424
full_coverage_complete,broom,3770,5,0,5,True,False,True,0.0,0.0
full_coverage_complete,broom,3771,5,0,5,True,False,True,0.0,0.0
full_coverage_complete,broom,3772,0,0,4,True,False,True,0.0,0.0
full_coverage_complete,broom,3776,0,0,2,True,False,True,0.0,0.0
full_coverage_complete,broom,3777,0,0,2,True,False,True,0.0,0.0
full_coverage_complete,broom,3778,5,0,5,True,False,True,0.019001755800091256,0.013505482174019675
full_coverage_complete,broom,3779,5,1,5,True,False,True,0.0,0.0
full_coverage_complete,broom,3784,2,0,2,True,False,True,0.012559551071428077,0.0
full_coverage_complete,broom,3785,0,0,5,True,False,True,0.0,0.0
full_coverage_complete,broom,3789,0,0,5,True,False,True,0.4080835914889583,0.4080835914889583
full_coverage_complete,broom,3790,0,0,5,True,False,True,0.3942152699217295,0.3942152699217295
full_coverage_complete,broom,3791,0,0,5,True,False,True,0.3202518089330305,0.3202518089330305
full_coverage_complete,broom,3792,0,0,5,True,False,True,0.5847504846314295,0.5847504846314295
full_coverage_complete,broom,3793,0,0,5,True,False,True,0.32720064217337314,0.32720064217337314
full_coverage_complete,broom,3795,0,0,5,True,False,True,0.5155811677948638,0.5155811677948638
full_coverage_complete,broom,3808,6,0,6,True,False,True,0.5575085736193299,0.6044684709499586
full_coverage_complete,broom,3962,0,0,6,True,False,True,0.05717029220549689,0.05717029220549689
full_coverage_complete,broom,4054,0,1,2,True,False,True,0.6613025949885778,0.0
full_coverage_complete,broom,4057,6,0,6,True,False,True,0.0,0.0
full_coverage_complete,broom,4058,0,0,2,True,False,True,0.0,0.0
full_coverage_complete,broom,4060,0,1,2,True,False,True,0.0,0.6718842521781438
full_coverage_complete,broom,4083,0,0,5,True,False,True,0.7713336504723262,0.7713336504723262
full_coverage_complete,broom,4092,6,0,6,True,False,True,0.7734237050884694,0.6508423675185961
full_coverage_complete,broom,4121,5,0,5,True,False,True,0.6538886328992576,0.5788108370562338
full_coverage_complete,broom,4128,0,0,2,True,False,True,0.5768650458574412,0.5768650458574412
full_coverage_complete,broom,4139,0,0,5,True,False,True,0.6311906402943105,0.6311906402943105
full_coverage_complete,broom,4140,0,0,2,True,False,True,0.6755517636762701,0.6755517636762701
full_coverage_complete,broom,4161,5,0,5,True,False,True,0.70242072437467,0.7760359890837333
full_coverage_complete,broom,4162,0,0,5,True,False,True,0.8659850324096654,0.8659850324096654
full_coverage_complete,broom,4163,5,0,5,True,False,True,0.8147958500686647,0.8913419240770636
full_coverage_complete,broom,4169,0,0,2,True,False,True,0.7600587821056413,0.7600587821056413
full_coverage_complete,broom,4170,0,0,2,True,False,True,0.6770374496028413,0.6770374496028413
full_coverage_complete,broom,4184,2,0,2,True,False,True,0.6157158391443243,0.0
full_coverage_complete,broom,4193,0,0,6,True,False,True,0.0,0.0
full_coverage_complete,broom,4194,0,0,6,True,False,True,0.0,0.0
full_coverage_complete,broom,4195,0,0,2,True,False,True,0.0,0.0
full_coverage_complete,broom,4196,0,0,2,True,False,True,0.0,0.0
full_coverage_complete,broom,4197,0,0,6,True,False,True,0.0,0.0
full_coverage_complete,broom,4198,0,0,6,True,False,True,0.0,0.0
full_coverage_complete,broom,4199,0,0,2,True,False,True,0.0,0.0
full_coverage_complete,broom,4200,5,0,5,True,False,True,0.0,0.6887589029936537
full_coverage_complete,broom,4211,0,0,2,True,False,True,0.7401049551339878,0.7401049551339878
full_coverage_complete,broom,4213,0,0,6,True,False,True,0.7608093947722994,0.7608093947722994
full_coverage_complete,broom,4214,0,0,2,True,False,True,0.7482839697022242,0.7482839697022242
full_coverage_complete,broom,4215,6,0,6,True,False,True,0.7262370502748202,0.7266003466252549
full_coverage_complete,broom,4242,6,0,6,True,False,True,0.6708450635096179,0.8132875716761795
full_coverage_complete,broom,4243,6,0,6,True,False,True,0.7695186456141505,0.7421583710476879
full_coverage_complete,broom,4244,6,0,6,True,False,True,0.7480008952283876,0.7944184813411781
full_coverage_complete,broom,4263,6,0,6,True,False,True,0.594549437938195,0.6579460293719926
full_coverage_complete,broom,4276,6,0,6,True,False,True,0.5161410961415445,0.3619338288066511
full_coverage_complete,broom,4285,5,0,5,True,False,True,0.6253147029098607,0.6843587128585136
full_coverage_complete,broom,4293,0,0,2,True,False,True,0.5534487246284004,0.5534487246284004
full_coverage_complete,broom,4294,0,1,2,True,False,True,0.6114142931121813,0.0
full_coverage_complete,broom,4295,0,0,6,True,False,True,0.0,0.0
full_coverage_complete,broom,4296,6,0,6,True,False,True,0.5854948958682991,0.6564443995293471
full_coverage_complete,broom,4367,0,0,2,True,False,True,0.6268022348833794,0.6268022348833794
full_coverage_complete,broom,4368,0,1,2,True,False,True,0.5983214264380047,0.0
full_coverage_complete,broom,4392,0,0,6,True,False,True,0.0,0.0
full_coverage_complete,broom,4394,0,0,2,True,False,True,0.0,0.0
full_coverage_complete,broom,4395,0,0,2,True,False,True,0.0,0.535104719159983
full_coverage_complete,broom,4497,0,0,2,True,False,True,0.7122069344395991,0.7122069344395991
full_coverage_complete,broom,4510,0,0,2,True,False,True,0.5238164484121383,0.5238164484121383
full_coverage_complete,broom,4556,0,0,2,True,False,True,0.605619733387518,0.605619733387518
full_coverage_complete,broom,4557,0,0,2,True,False,True,0.5323752194479502,0.5323752194479502
full_coverage_complete,broom,4577,0,0,2,True,False,True,0.48096273640410164,0.48096273640410164
full_coverage_complete,broom,4590,5,0,5,True,False,True,0.37098203761694537,0.3862788519975064
full_coverage_complete,broom,4591,0,0,5,True,False,True,0.46175883405418316,0.46175883405418316
full_coverage_complete,broom,4592,5,0,5,True,False,True,0.6459035605531271,0.562850398067261
full_coverage_complete,broom,4607,0,0,6,True,False,True,0.7777429093208508,0.7777429093208508
full_coverage_complete,broom,4754,0,0,6,True,False,True,0.6156966151493808,0.6156966151493808
full_coverage_complete,broom,4755,0,0,6,True,False,True,0.6211146611735768,0.6211146611735768
full_coverage_complete,broom,4756,6,0,6,True,False,True,0.6156041273798732,0.7428610348601231
full_coverage_complete,broom,4818,0,0,2,True,False,True,0.4276524363142191,0.4276524363142191
full_coverage_complete,broom,4819,0,0,2,True,False,True,0.3773604307133699,0.3773604307133699
full_coverage_complete,broom,4820,1,1,1,True,False,True,0.40242999274457625,0.0
full_coverage_complete,broom,4823,5,0,5,True,False,True,0.45040953292118163,0.26795536607309106
full_coverage_complete,broom,4824,0,0,5,True,False,True,0.5979904353477848,0.5979904353477848
full_coverage_complete,broom,4958,0,0,6,True,False,True,0.6678376976811236,0.6678376976811236
full_coverage_complete,broom,4973,0,0,6,True,False,True,0.5339343900481001,0.5339343900481001
full_coverage_complete,broom,4976,0,0,6,True,False,True,0.5104286054690924,0.5104286054690924
full_coverage_complete,broom,5057,0,0,6,True,False,True,0.5873938484997033,0.5873938484997033
full_coverage_complete,broom,5058,0,0,6,True,False,True,0.5303210416316252,0.5303210416316252
full_coverage_complete,broom,5059,0,0,6,True,False,True,0.5323226862097273,0.5323226862097273
full_coverage_complete,broom,5061,0,0,6,True,False,True,0.648792399785849,0.648792399785849
full_coverage_complete,broom,5081,0,0,6,True,False,True,0.7076936169598366,0.7076936169598366
full_coverage_complete,broom,5082,0,0,6,True,False,True,0.7033702945369413,0.7033702945369413
full_coverage_complete,broom,5083,0,0,6,True,False,True,0.39994358212170666,0.39994358212170666
full_coverage_complete,broom,5084,0,0,5,True,False,True,0.2781614342323717,0.2781614342323717
full_coverage_complete,broom,5085,0,0,6,True,False,True,0.3077862985736041,0.3077862985736041
full_coverage_complete,broom,5331,0,0,2,True,False,True,0.5687998402768387,0.5687998402768387
full_coverage_complete,broom,5332,0,0,2,True,False,True,0.6186389077273652,0.6186389077273652
full_coverage_complete,broom,5344,0,0,2,True,False,True,0.44949635021831125,0.44949635021831125
full_coverage_complete,broom,5421,0,0,2,True,False,True,0.5719047984525101,0.5719047984525101
full_coverage_complete,broom,5422,0,0,2,True,False,True,0.7547663371290715,0.7547663371290715
full_coverage_complete,broom,5440,0,0,2,True,False,True,0.6646180303543101,0.6646180303543101
full_coverage_complete,broom,5449,5,0,5,True,False,True,0.0,0.0
full_coverage_complete,broom,6046,5,0,5,True,False,True,0.09734872488563953,0.0811737357690948
full_coverage_complete,broom,6047,6,0,6,True,False,True,0.1171905395603265,0.08122797280808931
full_coverage_complete,broom,6048,0,0,1,True,False,True,0.13534765161219506,0.13534765161219506
full_coverage_complete,broom,6049,0,0,1,True,False,True,0.10997244202036092,0.10997244202036092
full_coverage_complete,broom,6050,0,0,1,True,False,True,0.1302466570581912,0.1302466570581912
full_coverage_complete,broom,6051,1,1,1,True,False,True,0.12356724849406772,0.10053026335151279
full_coverage_complete,broom,6052,1,0,1,True,False,True,0.14091813916671223,0.10328925743357764
full_coverage_complete,broom,6053,0,0,5,True,False,True,0.1346086610189822,0.1346086610189822
full_coverage_complete,broom,6054,1,0,1,True,False,True,0.1578718232856511,0.107936406886139
full_coverage_complete,broom,6055,1,0,1,True,False,True,0.1764649141066084,0.1431116139832815
full_coverage_complete,broom,6056,5,0,5,True,False,True,0.14191251176541034,0.12710434675167884
full_coverage_complete,broom,6057,1,0,1,True,False,True,0.1963634842632203,0.15790912748259509
full_coverage_complete,broom,6058,0,0,1,True,False,True,0.24170846532330129,0.24170846532330129
full_coverage_complete,broom,6059,0,0,5,True,False,True,0.37963611624477533,0.37963611624477533
full_coverage_complete,broom,6060,1,0,1,True,False,True,0.13739233467582534,0.10466476939761452
full_coverage_complete,broom,6061,6,0,6,True,False,True,0.16956180156054398,0.11669775015830856
full_coverage_complete,broom,6062,0,0,5,True,False,True,0.14511536069840728,0.14511536069840728
full_coverage_complete,broom,6063,0,0,1,True,False,True,0.16544405274899052,0.16544405274899052
full_coverage_complete,broom,6065,0,0,1,True,False,True,0.1483170302429507,0.1483170302429507
full_coverage_complete,broom,6067,0,0,4,True,False,True,0.17397941987167634,0.17397941987167634
full_coverage_complete,broom,6073,0,2,0,False,False,True,0.15661591612388276,0.5002686730013175
full_coverage_complete,broom,6075,5,0,5,True,False,True,0.19825167536394347,0.11667703835111469
full_coverage_complete,broom,6076,0,0,6,True,False,True,0.16609989069826606,0.16609989069826606
full_coverage_complete,broom,6077,5,0,5,True,False,True,0.24541228709514193,0.09133238222867143
full_coverage_complete,broom,6078,0,0,6,True,False,True,0.15950153085247892,0.15950153085247892
full_coverage_complete,broom,6079,4,1,4,True,False,True,0.09969731808318368,0.07031947811060865
full_coverage_complete,broom,6080,0,0,5,True,False,True,0.12253077641568762,0.12253077641568762
full_coverage_complete,broom,6081,1,0,1,True,False,True,0.0960616998153302,0.06848615587028123
full_coverage_complete,broom,6082,5,0,5,True,False,True,0.10053434061955084,0.06807010690852218
full_coverage_complete,broom,6083,6,0,6,True,False,True,0.15053434780105351,0.05681519303497988
full_coverage_complete,broom,6084,5,0,5,True,False,True,0.08412352353440125,0.052636657961843136
full_coverage_complete,broom,6085,0,0,4,True,False,True,0.08560811192260963,0.08560811192260963
full_coverage_complete,broom,6086,1,0,1,True,False,True,0.09005906991597565,0.07320743174868012
full_coverage_complete,broom,6087,5,1,5,True,False,True,0.10089924642839378,0.02926394615997785
full_coverage_complete,broom,6088,0,0,5,True,False,True,0.09653277062694418,0.09653277062694418
full_coverage_complete,broom,6089,0,0,1,True,False,True,0.06805373255413438,0.06805373255413438
full_coverage_complete,broom,6090,0,0,1,True,False,True,0.06487044976182581,0.06487044976182581
full_coverage_complete,broom,6091,1,1,1,True,False,True,0.08025749008232796,0.04520842913287783
full_coverage_complete,broom,6092,0,0,4,True,False,True,0.04285237742116756,0.04285237742116756
full_coverage_complete,broom,6093,0,0,1,True,False,True,0.06319125099566246,0.06319125099566246
full_coverage_complete,broom,6094,0,0,1,True,False,True,0.06213635487316318,0.06213635487316318
full_coverage_complete,broom,6095,1,0,1,True,False,True,0.0764476391335002,0.051372771389193835
full_coverage_complete,broom,6096,0,0,5,True,False,True,0.06583899747270576,0.06583899747270576
full_coverage_complete,broom,6097,0,0,1,True,False,True,0.11264921860814013,0.11264921860814013
full_coverage_complete,broom,6099,0,0,1,True,False,True,0.05620813090530984,0.05620813090530984
full_coverage_complete,broom,6100,1,0,1,True,False,True,0.06056173932773078,0.05241386036744405
full_coverage_complete,broom,6101,1,0,1,True,False,True,0.055756323196090155,0.049859477271714865
full_coverage_complete,broom,6102,1,0,1,True,False,True,0.0616592098732007,0.06011387071748067
full_coverage_complete,broom,6103,0,0,1,True,False,True,0.06142966566899812,0.06142966566899812
full_coverage_complete,broom,6104,0,0,4,True,False,True,0.0730580808614036,0.0730580808614036
full_coverage_complete,broom,6105,0,0,4,True,False,True,0.07467104027406551,0.07467104027406551
full_coverage_complete,broom,6107,0,0,1,True,False,True,0.07951746730256405,0.07951746730256405
full_coverage_complete,broom,6109,0,0,1,True,False,True,0.07263932847539367,0.07263932847539367
full_coverage_complete,broom,6111,0,0,1,True,False,True,0.06761886254725792,0.06761886254725792
full_coverage_complete,broom,6112,0,0,1,True,False,True,0.05383551271693191,0.05383551271693191
full_coverage_complete,broom,6113,1,0,1,True,False,True,0.0648415736785462,0.05516504122333056
full_coverage_complete,broom,6114,0,0,1,True,False,True,0.061195817551670945,0.061195817551670945
full_coverage_complete,broom,6115,0,0,1,True,False,True,0.07029404248239456,0.07029404248239456
full_coverage_complete,broom,6116,1,0,1,True,False,True,0.05930857807440724,0.0575983722748476
full_coverage_complete,broom,6117,1,0,1,True,False,True,0.09140088043933184,0.059984958422837686
full_coverage_complete,broom,6118,1,0,1,True,False,True,0.09921089966101732,0.07392655160449413
full_coverage_complete,broom,6119,0,0,1,True,False,True,0.06764540022645427,0.06764540022645427
full_coverage_complete,broom,6120,0,0,2,True,False,True,0.10628662326917662,0.10628662326917662
full_coverage_complete,broom,6121,0,0,1,True,False,True,0.09417618785423153,0.09417618785423153
full_coverage_complete,broom,6122,0,0,1,True,False,True,0.09073638976639105,0.09073638976639105
full_coverage_complete,broom,6123,0,0,1,True,False,True,0.08063775046154399,0.08063775046154399
full_coverage_complete,broom,6124,0,0,1,True,False,True,0.1103614242543658,0.1103614242543658
full_coverage_complete,broom,6125,0,0,1,True,False,True,0.10801889319549782,0.10801889319549782
full_coverage_complete,broom,6126,0,0,1,True,False,True,0.08506160294785178,0.08506160294785178
full_coverage_complete,broom,6127,1,0,1,True,False,True,0.11261066323154592,0.09928034805686745
full_coverage_complete,broom,6128,0,0,1,True,False,True,0.08818709783778497,0.08818709783778497
full_coverage_complete,broom,6129,1,0,1,True,False,True,0.10008043727700984,0.08282729370389127
full_coverage_complete,broom,6130,1,0,1,True,False,True,0.09820476363389007,0.07944437527832822
full_coverage_complete,broom,6131,0,0,1,True,False,True,0.1000363107525502,0.1000363107525502
full_coverage_complete,broom,6132,0,0,1,True,False,True,0.09752507789993124,0.09752507789993124
full_coverage_complete,broom,6133,1,0,1,True,False,True,0.10952415256337147,0.08151154951648903
full_coverage_complete,broom,6134,1,0,1,True,False,True,0.11702090717348274,0.08416797845297043
full_coverage_complete,broom,6135,0,0,1,True,False,True,0.11284739387989665,0.11284739387989665
full_coverage_complete,broom,6137,1,0,1,True,False,True,0.09680676863366518,0.07774737109139929
full_coverage_complete,broom,6139,0,0,1,True,False,True,0.09955952080493352,0.09955952080493352
full_coverage_complete,broom,6140,0,0,1,True,False,True,0.12898026102316043,0.12898026102316043
full_coverage_complete,broom,6142,0,0,6,True,False,True,0.47929477053072045,0.47929477053072045
full_coverage_complete,broom,6285,5,0,5,True,False,True,0.12837500680631678,0.09630183945485266
full_coverage_complete,broom,6289,1,0,1,True,False,True,0.10738015025978087,0.06350124568721335
full_coverage_complete,broom,6290,6,0,6,True,False,True,0.16494835307459563,0.08930561812026348
full_coverage_complete,broom,6297,1,0,1,True,False,True,0.09605765763014766,0.0613650065706415
full_coverage_complete,broom,6299,1,0,1,True,False,True,0.20342803188719194,0.11193287121893772
full_coverage_complete,broom,6300,0,0,0,False,False,True,0.19647234774330036,0.6222247128062811
full_coverage_complete,broom,6316,0,0,1,True,False,True,0.557229735442973,0.557229735442973
full_coverage_complete,broom,6317,1,0,1,True,False,True,0.49960527507220465,0.0
full_coverage_complete,broom,6321,1,0,1,True,False,True,0.012940620016739223,0.0
full_coverage_complete,broom,6323,5,0,5,True,False,True,0.0,0.0
full_coverage_complete,broom,6324,5,0,5,True,False,True,0.03265444906263768,0.0
full_coverage_complete,broom,6325,5,0,5,True,False,True,0.008506405459238723,0.0
full_coverage_complete,broom,6326,0,0,5,True,False,True,0.023467941003596372,0.023467941003596372
full_coverage_complete,broom,6327,6,0,6,True,False,True,0.0,0.13809815263518632
full_coverage_complete,broom,6328,5,0,5,True,False,True,0.19782699854953673,0.0
full_coverage_complete,broom,6329,1,0,1,True,False,True,0.0,0.0
full_coverage_complete,broom,6331,6,0,6,True,False,True,0.0,0.0
full_coverage_complete,broom,6333,1,0,1,True,False,True,0.0,0.0
full_coverage_complete,broom,6334,5,0,5,True,False,True,0.49489212448582426,0.0
full_coverage_complete,broom,6337,1,0,1,True,False,True,0.0,0.0
full_coverage_complete,broom,6340,5,0,5,True,False,True,0.0,0.0
full_coverage_complete,broom,6341,5,0,5,True,False,True,0.0,0.0
full_coverage_complete,broom,6343,1,0,1,True,False,True,0.0,0.0
full_coverage_complete,broom,6345,0,0,1,True,False,True,0.447609486994287,0.447609486994287
full_coverage_complete,broom,6346,0,0,6,True,False,True,0.7676556352736684,0.7676556352736684
full_coverage_complete,broom,6347,0,0,6,True,False,True,0.4291949288194992,0.4291949288194992
full_coverage_complete,broom,6348,0,0,5,True,False,True,0.41517043850873214,0.41517043850873214
full_coverage_complete,broom,6349,0,0,1,True,False,True,0.32439580790080047,0.32439580790080047
full_coverage_complete,broom,6351,0,0,1,True,False,True,0.3698640743958147,0.3698640743958147
full_coverage_complete,broom,6388,0,0,6,True,False,True,0.37426410681753913,0.37426410681753913
full_coverage_complete,broom,6389,0,3,0,False,False,True,0.3624456004005342,0.0
full_coverage_complete,broom,6391,5,0,5,True,False,True,0.0,0.0
full_coverage_complete,broom,6394,5,0,5,True,False,True,0.0,0.0
full_coverage_complete,broom,6396,5,0,5,True,False,True,0.003571232622442935,0.0
full_coverage_complete,broom,6397,5,0,5,True,False,True,0.0029566657476146393,0.0017045793737339057
full_coverage_complete,broom,6398,5,0,5,True,False,True,0.006805591809640682,0.002096301980051347
full_coverage_complete,broom,6399,5,0,5,True,False,True,0.010328070252593174,0.002710180954078454
full_coverage_complete,broom,6400,5,0,5,True,False,True,0.12192865048904519,0.003980524322211662
full_coverage_complete,broom,6401,5,0,5,True,False,True,0.17600354186099307,0.1682165124895039
full_coverage_complete,broom,6403,0,0,6,True,False,True,0.4614724047733774,0.4614724047733774
full_coverage_complete,broom,6405,0,0,6,True,False,True,0.602350887273803,0.602350887273803
full_coverage_complete,broom,6434,6,0,6,True,False,True,0.6880037339410817,0.042799951918442596
full_coverage_complete,broom,6444,5,0,5,True,False,True,0.05213903992805262,0.01872925848517601
full_coverage_complete,broom,6445,5,0,5,True,False,True,0.1374200328772901,0.016303247138175044
full_coverage_complete,broom,6446,5,0,5,True,False,True,0.036080793655758614,0.015738442222970106
full_coverage_complete,broom,6447,5,0,5,True,False,True,0.02858399024781737,0.02361901541034736
full_coverage_complete,broom,6448,5,0,5,True,False,True,0.07969496925882703,0.02003378212588078
full_coverage_complete,broom,6449,5,0,5,True,False,True,0.04412883049442407,0.013762433694003165
full_coverage_complete,broom,6450,5,0,5,True,False,True,0.03260485568905179,0.01701204308488296
full_coverage_complete,broom,6451,5,0,5,True,False,True,0.05286798724604861,0.018243770824681423
full_coverage_complete,broom,6453,5,0,5,True,False,True,0.01724987571424516,0.012510296911644665
full_coverage_complete,broom,6454,0,0,5,True,False,True,0.06560338359396453,0.06560338359396453
full_coverage_complete,broom,6470,0,0,6,True,False,True,0.1738690418143256,0.1738690418143256
full_coverage_complete,broom,6472,0,0,6,True,False,True,0.23401715944782964,0.23401715944782964
full_coverage_complete,broom,6475,0,0,5,True,False,True,0.3726185679109159,0.3726185679109159
full_coverage_complete,broom,6485,5,0,5,True,False,True,0.13765398509627563,0.10375418817379758
full_coverage_complete,broom,6487,6,0,6,True,False,True,0.18593922380453357,0.06542756190087297
full_coverage_complete,broom,6504,5,0,5,True,False,True,0.0,0.0
full_coverage_complete,broom,6506,6,0,6,True,False,True,0.2078277096246381,0.0
full_coverage_complete,broom,6507,5,0,5,True,False,True,0.061812029055618584,0.0
full_coverage_complete,broom,6508,0,0,6,True,False,True,0.4912413186043199,0.4912413186043199
full_coverage_complete,broom,6509,0,0,6,True,False,True,0.6580253667344381,0.6580253667344381
full_coverage_complete,broom,6520,0,0,6,True,False,True,0.7188632198302864,0.7188632198302864
full_coverage_complete,broom,6521,0,0,6,True,False,True,0.32789189943624414,0.32789189943624414
full_coverage_complete,broom,6522,6,2,6,True,False,True,0.3854548498588894,0.04705050359847041
full_coverage_complete,broom,6524,4,0,4,True,False,True,0.0,0.0
full_coverage_complete,broom,6528,5,0,5,True,False,True,0.0,0.0
full_coverage_complete,broom,6547,6,0,6,True,False,True,0.07269041442764403,0.0031447130340282368
full_coverage_complete,broom,6553,5,0,5,True,False,True,0.47928057708141886,0.0
full_coverage_complete,broom,6556,1,0,1,True,False,True,0.04299126242199975,0.011018072176834178
full_coverage_complete,broom,6559,5,0,5,True,False,True,0.3833789088244571,0.0
full_coverage_complete,broom,6594,0,1,0,False,False,True,0.14203936469666265,0.0
full_coverage_complete,broom,6596,4,0,4,True,False,True,0.0,0.0007315527466795723
full_coverage_complete,broom,6598,5,0,5,True,False,True,0.024317530566733175,0.010101895642163242
full_coverage_complete,broom,6599,5,0,5,True,False,True,0.20066676871202754,0.0554064736390211
full_coverage_complete,broom,6607,5,0,5,True,False,True,0.07531901712324517,0.06416794479408804
full_coverage_complete,broom,6608,5,0,5,True,False,True,0.1499207390529327,0.06745717557709018
full_coverage_complete,broom,6610,5,0,5,True,False,True,0.10799677094139958,0.07913399385858881
full_coverage_complete,broom,6611,5,0,5,True,False,True,0.19083830037304905,0.06614225412959876
full_coverage_complete,broom,6612,5,0,5,True,False,True,0.10137867955764444,0.09042259328042505
full_coverage_complete,broom,6613,5,0,5,True,False,True,0.18305681679722663,0.04686659872765623
full_coverage_complete,broom,6615,6,0,6,True,False,True,0.043000284101316545,0.03792712062451522
full_coverage_complete,broom,6616,5,0,5,True,False,True,0.0995778336838015,0.03764868032898783
full_coverage_complete,broom,6617,5,0,5,True,False,True,0.084686501503305,0.03992920108408157
full_coverage_complete,broom,6618,0,0,6,True,False,True,0.19813826318329542,0.6568770244906831
full_coverage_complete,broom,6627,5,0,5,True,False,True,0.18938541560852348,0.059878067808155855
full_coverage_complete,broom,6632,6,0,6,True,False,True,0.22654246169536355,0.14432274291939562
full_coverage_complete,broom,7039,0,0,2,True,False,True,0.039926453512897774,0.039926453512897774
full_coverage_complete,broom,7043,0,0,2,True,False,True,0.04108612436540498,0.04108612436540498
full_coverage_complete,broom,7054,0,0,2,True,False,True,0.023062703203721474,0.023062703203721474
full_coverage_complete,broom,7055,0,0,2,True,False,True,0.02291454245724737,0.02291454245724737
full_coverage_complete,broom,7106,5,0,5,True,False,True,0.0426129255517957,0.04989503491714522
full_coverage_complete,broom,7107,0,0,5,True,False,True,0.04081206545141982,0.04081206545141982
full_coverage_complete,broom,7109,0,0,2,True,False,True,0.045960552885778036,0.045960552885778036
full_coverage_complete,broom,7110,0,0,2,True,False,True,0.05766418367866613,0.05766418367866613
full_coverage_complete,broom,7135,0,0,6,True,False,True,0.4845984724331923,0.4845984724331923
full_coverage_complete,broom,7254,0,0,2,True,False,True,0.6348180444001882,0.6348180444001882
full_coverage_complete,broom,7258,1,0,1,True,False,True,0.6237384125140624,0.0
full_coverage_complete,broom,7262,5,0,5,True,False,True,0.1481192740304968,0.14621674039037488
full_coverage_complete,broom,7307,0,0,6,True,False,True,0.5976639368653992,0.5976639368653992
full_coverage_complete,broom,7308,5,0,5,True,False,True,0.5016141243130148,0.544381805859248
full_coverage_complete,broom,7309,1,0,1,True,False,True,0.5658985992822444,0.0
full_coverage_complete,broom,7310,0,0,6,True,False,True,0.41476366004918214,0.41476366004918214
full_coverage_complete,broom,7510,6,0,6,True,False,True,0.49442846406544677,0.303492050047574
full_coverage_complete,broom,7513,6,0,6,True,False,True,0.6675436788457386,0.105389317852175
full_coverage_complete,broom,7514,0,0,2,True,False,True,0.2008674875313882,0.5426210987074565
full_coverage_complete,broom,7515,5,0,5,True,False,True,0.5719457132460853,0.04186967140279219
full_coverage_complete,broom,7516,0,0,2,True,False,True,0.04944617079307938,0.04944617079307938
full_coverage_complete,broom,7517,0,0,2,True,False,True,0.057465523607083804,0.057465523607083804
full_coverage_complete,broom,7519,0,0,2,True,False,True,0.046593786614752095,0.046593786614752095
full_coverage_complete,broom,7522,0,0,2,True,False,True,0.041609206379795934,0.041609206379795934
full_coverage_complete,broom,7550,0,0,5,True,False,True,0.6853863144286217,0.6853863144286217
full_coverage_complete,broom,7570,0,0,5,True,False,True,0.817466168801831,0.817466168801831
full_coverage_complete,broom,7578,0,0,5,True,False,True,0.7056131685527546,0.7056131685527546
full_coverage_complete,broom,7579,0,0,5,True,False,True,0.36099644455024754,0.36099644455024754
full_coverage_complete,broom,7580,0,0,5,True,False,True,0.7400983378058987,0.7400983378058987
full_coverage_complete,broom,7581,0,0,5,True,False,True,0.2676138206850416,0.2676138206850416
full_coverage_complete,broom,7585,0,0,5,True,False,True,0.454733673790875,0.454733673790875
full_coverage_complete,broom,7587,0,0,5,True,False,True,0.41613807018494187,0.41613807018494187
full_coverage_complete,broom,7590,0,0,5,True,False,True,0.3987884076231957,0.3987884076231957
full_coverage_complete,broom,7592,0,0,5,True,False,True,0.34638714947789473,0.34638714947789473
full_coverage_complete,broom,7593,0,0,5,True,False,True,0.36421753362643555,0.36421753362643555
full_coverage_complete,broom,7595,0,0,4,True,False,True,0.42075109738301864,0.42075109738301864
full_coverage_complete,broom,7598,0,0,2,True,False,True,0.5660563272536046,0.5660563272536046
full_coverage_complete,broom,7661,5,0,5,True,False,True,0.8399429618432194,0.7452137340441444
full_coverage_complete,broom,7662,0,0,2,True,False,True,0.4971724852919467,0.4971724852919467
full_coverage_complete,broom,7663,0,0,2,True,False,True,0.6962573614268871,0.6962573614268871
full_coverage_complete,broom,7664,0,0,2,True,False,True,0.590048790231722,0.590048790231722
full_coverage_complete,broom,7725,0,0,2,True,False,True,0.7042617489422761,0.7042617489422761
full_coverage_complete,broom,7805,0,0,6,True,False,True,0.48124546300320237,0.48124546300320237
full_coverage_complete,broom,7902,0,0,6,True,False,True,0.7079274504233656,0.7079274504233656
full_coverage_complete,broom,7903,0,0,5,True,False,True,0.6767449746884804,0.6767449746884804
full_coverage_complete,broom,7904,0,0,5,True,False,True,0.8131415646861719,0.8131415646861719
full_coverage_complete,broom,7931,6,0,6,True,False,True,0.6689598301201861,0.0
full_coverage_complete,broom,7932,6,0,6,True,False,True,0.0,0.0
full_coverage_complete,broom,7934,0,0,6,True,False,True,0.0,0.0
full_coverage_complete,broom,7935,6,0,6,True,False,True,0.00026155725886135205,0.0
full_coverage_complete,broom,7937,6,0,6,True,False,True,0.0,0.0020509517306816307
full_coverage_complete,broom,7938,5,0,5,True,False,True,0.007291694579146102,0.005051888004051288
full_coverage_complete,broom,8384,6,0,6,True,False,True,0.4930884329818725,0.5018341075179512
full_coverage_complete,broom,8389,6,1,6,True,False,True,0.5526629117002358,0.6258136512307892
full_coverage_complete,broom,8390,5,0,5,True,False,True,0.564665709205933,0.7030385585894939
full_coverage_complete,broom,8391,5,0,5,True,False,True,0.5773347161779807,0.6255823724897756
full_coverage_complete,broom,8392,6,0,6,True,False,True,0.6260580667792006,0.6929581497514273
full_coverage_complete,broom,8393,6,0,6,True,False,True,0.3512131831710338,0.7234147414710439
full_coverage_complete,broom,8394,0,0,6,True,False,True,0.3469549844659156,0.3469549844659156
full_coverage_complete,broom,8396,6,0,6,True,False,True,0.6111919445961468,0.6653678899328976
full_coverage_complete,broom,8397,6,0,6,True,False,True,0.6093552444557361,0.6725585590341758
full_coverage_complete,broom,8691,0,0,2,True,False,True,0.570336655058314,0.570336655058314
full_coverage_complete,broom,8738,0,0,2,True,False,True,0.49231630197545034,0.49231630197545034
full_coverage_complete,broom,8739,2,0,2,True,False,True,0.5452292801326858,0.5614754502395806
full_coverage_complete,broom,8741,0,0,2,True,False,True,0.28062348989145364,0.28062348989145364
full_coverage_complete,broom,8866,0,0,5,True,False,True,0.6278805406334802,0.6278805406334802
full_coverage_complete,broom,9119,0,0,6,True,False,True,0.8771632359461986,0.8771632359461986
full_coverage_complete,broom,9120,0,0,0,False,False,True,0.18483694397287465,0.8124869789397896
full_coverage_complete,broom,9121,0,0,2,True,False,True,0.6192548308982201,0.6192548308982201
full_coverage_complete,broom,9134,0,0,6,True,False,True,0.5860149236186172,0.5860149236186172
full_coverage_complete,broom,9135,0,0,6,True,False,True,0.1501085229497271,0.1501085229497271
full_coverage_complete,broom,9136,0,0,6,True,False,True,0.7748198632492199,0.7748198632492199
full_coverage_complete,broom,9172,6,0,6,True,False,True,0.49677406332634166,0.14761116442636965
full_coverage_complete,broom,9173,0,0,6,True,False,True,0.5834241632433002,0.5834241632433002
full_coverage_complete,broom,9373,0,0,4,True,False,True,0.7410733163010428,0.7410733163010428
full_coverage_complete,broom,9374,0,0,4,True,False,True,0.5334530050197316,0.5334530050197316
full_coverage_complete,broom,9375,0,0,4,True,False,True,0.5439919478559427,0.5439919478559427
full_coverage_complete,broom,9376,5,0,5,True,False,True,0.418421284316359,0.358024106463184
full_coverage_complete,broom,9377,0,0,4,True,False,True,0.4332943996277375,0.4332943996277375
full_coverage_complete,broom,9378,0,0,5,True,False,True,0.42699329216163373,0.42699329216163373
full_coverage_complete,broom,9380,0,0,5,True,False,True,0.47065494230468086,0.47065494230468086
full_coverage_complete,broom,9381,0,0,5,True,False,True,0.43982481266767925,0.43982481266767925
full_coverage_complete,broom,9382,0,0,5,True,False,True,0.45772607494788453,0.45772607494788453
full_coverage_complete,broom,9383,0,0,5,True,False,True,0.6679179424993391,0.6679179424993391
full_coverage_complete,broom,9384,5,0,5,True,False,True,0.7641761153100075,0.6584183822141908
full_coverage_complete,broom,9385,0,0,4,True,False,True,0.7393251635823597,0.7393251635823597
full_coverage_complete,broom,9386,0,0,4,True,False,True,0.7367393633259885,0.7367393633259885
full_coverage_complete,broom,9387,0,0,4,True,False,True,0.8428657779337363,0.8428657779337363
full_coverage_complete,broom,9388,0,0,2,True,False,True,0.75945997460049,0.75945997460049
full_coverage_complete,broom,9394,1,0,1,True,False,True,0.5133326751148605,0.4956509818666122
full_coverage_complete,broom,9427,1,0,1,True,False,True,0.45621471551518017,0.5462837101995284
full_coverage_complete,broom,9485,0,0,4,True,False,True,0.6966497461576475,0.6966497461576475
full_coverage_complete,broom,9486,1,0,1,True,False,True,0.6970368030875566,0.7211027730121573
full_coverage_complete,broom,9488,1,0,1,True,False,True,0.64083938357748,0.6418441017328971
full_coverage_complete,broom,9492,0,0,1,True,False,True,0.6842138921968841,0.6842138921968841
full_coverage_complete,broom,9510,0,0,4,True,False,True,0.611134538594412,0.611134538594412
full_coverage_complete,broom,9512,0,0,4,True,False,True,0.6428616733670118,0.6428616733670118
full_coverage_complete,broom,9513,1,0,1,True,False,True,0.6429561158289301,0.6581756613475758
full_coverage_complete,broom,9515,0,0,4,True,False,True,0.5803387472245326,0.5803387472245326
full_coverage_complete,broom,9518,0,0,4,True,False,True,0.6480111614561581,0.6480111614561581
full_coverage_complete,broom,9520,0,0,4,True,False,True,0.65785039404378,0.65785039404378
full_coverage_complete,broom,9521,0,0,4,True,False,True,0.7377987475912371,0.7377987475912371
full_coverage_complete,broom,9522,0,0,4,True,False,True,0.7512638225458503,0.7512638225458503
full_coverage_complete,broom,9523,0,0,4,True,False,True,0.8253660119598639,0.8253660119598639
full_coverage_complete,broom,9524,0,0,5,True,False,True,0.8343041650683071,0.8343041650683071
full_coverage_complete,broom,9525,0,0,5,True,False,True,0.753266987601048,0.753266987601048
full_coverage_complete,broom,9526,5,0,5,True,False,True,0.7665060353895459,0.7876151634183188
full_coverage_complete,broom,9527,0,0,5,True,False,True,0.7461626458653106,0.7461626458653106
full_coverage_complete,broom,9528,0,0,4,True,False,True,0.6901314372283813,0.6901314372283813
full_coverage_complete,broom,9529,0,0,4,True,False,True,0.7221776096903604,0.7221776096903604
full_coverage_complete,broom,9530,0,0,1,True,False,True,0.7300783140268595,0.7300783140268595
full_coverage_complete,broom,9533,1,0,1,True,False,True,0.6054342915212676,0.6668668822233569
full_coverage_complete,broom,9534,0,0,4,True,False,True,0.6334994696090461,0.6334994696090461
full_coverage_complete,broom,9535,0,0,1,True,False,True,0.5932153378949854,0.5932153378949854
full_coverage_complete,broom,9536,1,0,1,True,False,True,0.5311310082030112,0.6089087120494834
full_coverage_complete,broom,9537,0,0,4,True,False,True,0.5374881231762343,0.5374881231762343
full_coverage_complete,carbehindtrees,23,5,0,5,True,False,True,0.6138362097824663,0.616408590461157
full_coverage_complete,carbehindtrees,25,0,0,5,True,False,True,0.7751763659536787,0.7751763659536787
full_coverage_complete,carbehindtrees,26,5,0,5,True,False,True,0.7982118258899802,0.8386317305645763
full_coverage_complete,carcomingfromlight,5,0,0,6,True,False,True,0.575486524209045,0.575486524209045
full_coverage_complete,carcomingfromlight,6,0,0,5,True,False,True,0.5438860225642589,0.5438860225642589
full_coverage_complete,carcomingfromlight,7,0,0,5,True,False,True,0.4120297178821779,0.4120297178821779
full_coverage_complete,carcomingfromlight,8,0,0,6,True,False,True,0.5177231055142992,0.5177231055142992
full_coverage_complete,carcomingfromlight,21,0,0,5,True,False,True,0.28877895079903304,0.28877895079903304
full_coverage_complete,carcomingfromlight,23,0,0,5,True,False,True,0.10468337638576057,0.10468337638576057
full_coverage_complete,carcomingfromlight,24,0,0,5,True,False,True,0.060473399788902725,0.060473399788902725
full_coverage_complete,carcomingfromlight,25,0,0,5,True,False,True,0.06800249223113805,0.06800249223113805
full_coverage_complete,carcomingfromlight,26,0,0,5,True,False,True,0.0,0.0
full_coverage_complete,carcomingfromlight,27,0,0,5,True,False,True,0.0,0.0
full_coverage_complete,carcomingfromlight,28,0,0,5,True,False,True,0.0,0.0
full_coverage_complete,carcomingfromlight,29,5,0,5,True,False,True,0.0,0.0
full_coverage_complete,carcomingfromlight,32,0,0,5,True,False,True,0.0,0.0
full_coverage_complete,carcomingfromlight,34,5,0,5,True,False,True,0.0,0.0
full_coverage_complete,carcomingfromlight,36,0,0,5,True,False,True,0.0,0.0
full_coverage_complete,carcomingfromlight,37,0,0,1,True,False,True,0.0,0.0
full_coverage_complete,carcomingfromlight,39,5,0,5,True,False,True,0.0,0.0
full_coverage_complete,carcomingfromlight,41,0,0,6,True,False,True,0.0,0.0
full_coverage_complete,carcomingfromlight,42,0,0,5,True,False,True,0.0,0.0
full_coverage_complete,carcomingfromlight,49,0,0,5,True,False,True,0.0,0.0
full_coverage_complete,carcomingfromlight,51,0,0,6,True,False,True,0.0,0.0
full_coverage_complete,carcomingfromlight,52,5,0,5,True,False,True,0.0,0.0
full_coverage_complete,carcomingfromlight,54,0,0,5,True,False,True,0.0,0.0
full_coverage_complete,carcomingfromlight,55,0,0,1,True,False,True,0.0,0.0
full_coverage_complete,carcomingfromlight,58,5,0,5,True,False,True,0.0,0.0
full_coverage_complete,carcomingfromlight,59,0,0,5,True,False,True,0.0,0.0
full_coverage_complete,carcomingfromlight,60,0,0,6,True,False,True,0.0,0.0
full_coverage_complete,carcomingfromlight,61,5,0,5,True,False,True,0.0,0.0
full_coverage_complete,carcomingfromlight,62,0,0,4,True,False,True,0.0,0.0
full_coverage_complete,carcomingfromlight,63,5,4,5,True,False,True,0.0,0.002432919985242458
full_coverage_complete,carcomingfromlight,65,0,1,5,True,False,True,0.10859394301962004,0.6864299450892729
full_coverage_complete,carcomingfromlight,68,5,0,5,True,False,True,0.8300670202162879,0.7803712983828492
full_coverage_complete,carcomingfromlight,69,5,0,5,True,False,True,0.4270708483584297,0.5224393577015807
full_coverage_complete,carcomingfromlight,244,0,0,5,True,False,True,0.0,0.0
full_coverage_complete,carcomingfromlight,284,0,0,2,True,False,True,0.0,0.0
full_coverage_complete,carcomingfromlight,288,0,0,5,True,False,True,0.0,0.0
full_coverage_complete,carcomingfromlight,289,0,0,5,True,False,True,0.0,0.0
full_coverage_complete,carcomingfromlight,290,0,0,5,True,False,True,0.0,0.0
full_coverage_complete,carcomingfromlight,291,0,0,5,True,False,True,0.0,0.0
full_coverage_complete,carcomingfromlight,293,0,0,5,True,False,True,0.0,0.0
full_coverage_complete,carcomingfromlight,294,0,0,5,True,False,True,0.0,0.0
full_coverage_complete,carcomingfromlight,295,0,0,5,True,False,True,0.0,0.0
full_coverage_complete,carcomingfromlight,298,0,0,5,True,False,True,0.0,0.0
full_coverage_complete,carcomingfromlight,299,0,0,5,True,False,True,0.0,0.0
full_coverage_complete,carcomingfromlight,300,0,0,5,True,False,True,0.0,0.0
full_coverage_complete,carcomingfromlight,301,0,0,5,True,False,True,0.0,0.0
full_coverage_complete,carcomingfromlight,303,0,0,5,True,False,True,0.0,0.0
full_coverage_complete,carcomingfromlight,304,0,0,5,True,False,True,0.0,0.0
full_coverage_complete,carcomingfromlight,305,0,0,5,True,False,True,0.0,0.0
full_coverage_complete,carcomingfromlight,306,5,4,5,True,False,True,0.0,0.0
full_coverage_complete,carcomingfromlight,307,5,3,5,True,False,True,0.0,0.09027577147042348
full_coverage_complete,carcomingfromlight,308,0,0,5,True,False,True,0.3838775355744045,0.3838775355744045
full_coverage_complete,carcomingfromlight,309,5,0,5,True,False,True,0.23371303043105274,0.3590975009400961
full_coverage_complete,carcomingfromlight,314,0,0,4,True,False,True,0.18851232930492573,0.18851232930492573
full_coverage_complete,carcomingfromlight,321,0,0,1,True,False,True,0.5895142103278543,0.5895142103278543
full_coverage_complete,carcomingfromlight,323,0,0,1,True,False,True,0.5542854995035706,0.5542854995035706
full_coverage_complete,carcomingfromlight,332,0,0,5,True,False,True,0.6476131832130998,0.6476131832130998
full_coverage_complete,carcomingfromlight,337,0,0,4,True,False,True,0.21347509423951638,0.21347509423951638
full_coverage_complete,carcomingfromlight,338,0,0,5,True,False,True,0.21073440810424404,0.21073440810424404
full_coverage_complete,carcomingfromlight,339,0,0,1,True,False,True,0.16812881944455121,0.16812881944455121
full_coverage_complete,carcomingfromlight,340,0,0,1,True,False,True,0.23387643960882565,0.23387643960882565
full_coverage_complete,carcomingfromlight,344,0,0,5,True,False,True,0.19430252849350008,0.19430252849350008
full_coverage_complete,carcomingfromlight,345,0,0,4,True,False,True,0.15810774315310022,0.15810774315310022
full_coverage_complete,carcomingfromlight,346,0,0,5,True,False,True,0.1929749376067321,0.1929749376067321
full_coverage_complete,carcomingfromlight,347,0,0,5,True,False,True,0.26931591219346646,0.26931591219346646
full_coverage_complete,carcomingfromlight,348,0,0,5,True,False,True,0.16195551986607645,0.16195551986607645
full_coverage_complete,carcomingfromlight,351,0,0,5,True,False,True,0.1728931496066585,0.1728931496066585
full_coverage_complete,carcomingfromlight,352,0,0,5,True,False,True,0.11432745326507525,0.11432745326507525
full_coverage_complete,carcomingfromlight,353,5,1,5,True,False,True,0.12949377774241616,0.057550594652448
full_coverage_complete,carcomingfromlight,354,0,0,4,True,False,True,0.12367444550863435,0.12367444550863435
full_coverage_complete,carcomingfromlight,358,0,0,5,True,False,True,0.0,0.0
full_coverage_complete,carcomingfromlight,360,0,0,5,True,False,True,0.0,0.0
full_coverage_complete,carcomingfromlight,361,0,0,5,True,False,True,0.0,0.0
full_coverage_complete,carcomingfromlight,362,0,0,5,True,False,True,0.0,0.0
full_coverage_complete,carcomingfromlight,363,0,0,5,True,False,True,0.0,0.0
full_coverage_complete,carcomingfromlight,364,0,0,5,True,False,True,0.0,0.0
full_coverage_complete,carcomingfromlight,365,0,0,5,True,False,True,0.0,0.0
full_coverage_complete,carcomingfromlight,366,0,0,1,True,False,True,0.0,0.0
full_coverage_complete,carcomingfromlight,367,0,0,5,True,False,True,0.0,0.0
full_coverage_complete,carcomingfromlight,369,0,0,1,True,False,True,0.0,0.0
full_coverage_complete,carcomingfromlight,370,0,0,5,True,False,True,0.0,0.0
full_coverage_complete,carcomingfromlight,371,0,0,4,True,False,True,0.0,0.0
full_coverage_complete,carcomingfromlight,374,0,0,5,True,False,True,0.0,0.0
full_coverage_complete,carcomingfromlight,375,0,0,5,True,False,True,0.0,0.0
full_coverage_complete,carcomingfromlight,377,0,0,5,True,False,True,0.0,0.0
full_coverage_complete,carcomingfromlight,378,0,0,1,True,False,True,0.0,0.0
full_coverage_complete,carcomingfromlight,380,0,0,5,True,False,True,0.0,0.0
full_coverage_complete,carcomingfromlight,381,0,0,4,True,False,True,0.0,0.0
full_coverage_complete,carcomingfromlight,382,0,0,5,True,False,True,0.0,0.0
full_coverage_complete,carcomingfromlight,384,0,0,4,True,False,True,0.0,0.0
full_coverage_complete,carcomingfromlight,386,5,0,5,True,False,True,0.0,0.0
full_coverage_complete,carcomingfromlight,387,1,0,1,True,False,True,0.0,0.0
full_coverage_complete,carcomingfromlight,388,0,0,4,True,False,True,0.0,0.0
full_coverage_complete,carcomingfromlight,390,0,0,5,True,False,True,0.0,0.0
full_coverage_complete,carcominginlight,22,0,0,5,True,False,True,0.7764627126318943,0.7764627126318943
full_coverage_complete,carcominginlight,23,0,0,5,True,False,True,0.720632883911678,0.720632883911678
full_coverage_complete,carcominginlight,24,0,0,5,True,False,True,0.6973431097139935,0.6973431097139935
full_coverage_complete,carcominginlight,56,0,0,5,True,False,True,0.4758049953301415,0.4758049953301415
full_coverage_complete,carcominginlight,57,5,0,5,True,False,True,0.6159606414650669,0.6178057123245455
full_coverage_complete,carcominginlight,58,0,0,5,True,False,True,0.7183976982221777,0.7183976982221777
full_coverage_complete,carcominginlight,59,0,0,5,True,False,True,0.5883194231117718,0.5883194231117718
full_coverage_complete,carcominginlight,60,0,0,5,True,False,True,0.5772529740967552,0.5772529740967552
full_coverage_complete,carcominginlight,62,0,0,1,True,False,True,0.6576165768464554,0.6576165768464554
full_coverage_complete,carcominginlight,63,0,0,1,True,False,True,0.756327464109564,0.756327464109564
full_coverage_complete,carcominginlight,112,0,0,1,True,False,True,0.40604413591675714,0.4682103369481336
full_coverage_complete,carcominginlight,118,0,0,5,True,False,True,0.6910007090274115,0.6910007090274115
full_coverage_complete,carwillturn,85,0,0,6,True,False,True,0.7520506359642197,0.7520506359642197
full_coverage_complete,carwillturn,179,0,0,5,True,False,True,0.5063316347724571,0.5063316347724571
full_coverage_complete,carwillturn,182,0,0,5,True,False,True,0.5302614649433836,0.5302614649433836
full_coverage_complete,carwillturn,185,0,0,5,True,False,True,0.5640693816916617,0.5640693816916617
full_coverage_complete,carwillturn,186,0,0,5,True,False,True,0.5991335397199309,0.5991335397199309
full_coverage_complete,carwillturn,191,0,0,5,True,False,True,0.4697232722506946,0.4697232722506946
full_coverage_complete,carwillturn,192,0,0,5,True,False,True,0.06880580731137184,0.06880580731137184
full_coverage_complete,carwillturn,193,0,0,5,True,False,True,0.0,0.0
full_coverage_complete,carwillturn,194,0,0,5,True,False,True,0.0,0.0
full_coverage_complete,carwillturn,195,0,0,5,True,False,True,0.0,0.0
full_coverage_complete,carwillturn,196,0,0,5,True,False,True,0.0,0.0
full_coverage_complete,carwillturn,197,0,0,5,True,False,True,0.0,0.0
full_coverage_complete,carwillturn,199,0,1,5,True,False,True,0.0,0.6068650091782761
full_coverage_complete,carwillturn,200,0,0,6,True,False,True,0.6757918190220511,0.6757918190220511
full_coverage_complete,carwillturn,202,0,0,6,True,False,True,0.7111972115747042,0.7111972115747042
full_coverage_complete,carwillturn,203,0,0,1,True,False,True,0.8089457484491135,0.8089457484491135
full_coverage_complete,carwillturn,204,0,0,1,True,False,True,0.8265461550279123,0.8265461550279123
full_coverage_complete,carwillturn,228,0,0,4,True,False,True,0.6956566109540673,0.6956566109540673
full_coverage_complete,carwillturn,231,0,0,1,True,False,True,0.48653174505385993,0.48653174505385993
full_coverage_complete,carwillturn,233,0,0,1,True,False,True,0.4246112689218149,0.4246112689218149
full_coverage_complete,carwillturn,234,0,0,5,True,False,True,0.31397205734069294,0.31397205734069294
full_coverage_complete,carwillturn,241,0,0,6,True,False,True,0.3421825368127403,0.3421825368127403
full_coverage_complete,carwillturn,242,0,0,1,True,False,True,0.24960478803833822,0.24960478803833822
full_coverage_complete,carwillturn,245,0,0,5,True,False,True,0.6908453636549404,0.6908453636549404
full_coverage_complete,carwillturn,247,0,0,5,True,False,True,0.5980840737410826,0.5980840737410826
full_coverage_complete,carwillturn,248,5,0,5,True,False,True,0.5726261431854093,0.5084797086196761
full_coverage_complete,carwillturn,250,0,0,5,True,False,True,0.6070012839019313,0.6070012839019313
full_coverage_complete,carwillturn,251,0,0,5,True,False,True,0.5738541579543511,0.5738541579543511
full_coverage_complete,carwillturn,256,0,0,5,True,False,True,0.5446435588649503,0.5446435588649503
full_coverage_complete,carwillturn,258,0,0,5,True,False,True,0.4259520264309498,0.4259520264309498
full_coverage_complete,carwillturn,260,0,2,0,False,False,True,0.4093995047432303,0.43770332052220307
full_coverage_complete,carwillturn,261,0,0,1,True,False,True,0.5076164675697098,0.0
full_coverage_complete,carwillturn,445,0,0,5,True,False,True,0.0,0.0
full_coverage_complete,carwillturn,446,0,0,5,True,False,True,0.0,0.0
full_coverage_complete,carwillturn,447,5,4,5,True,False,True,0.0,0.0
full_coverage_complete,carwillturn,448,6,2,6,True,False,True,0.0,0.0
full_coverage_complete,carwillturn,449,4,3,4,True,False,True,0.0,0.0
full_coverage_complete,carwillturn,450,0,0,1,True,False,True,0.0,0.0
full_coverage_complete,carwillturn,451,0,0,5,True,False,True,0.0,0.0
full_coverage_complete,carwillturn,452,0,0,5,True,False,True,0.0,0.0
full_coverage_complete,carwillturn,453,0,0,5,True,False,True,0.0,0.0
full_coverage_complete,carwillturn,454,5,0,5,True,False,True,0.09084127428659532,0.31709261182006837
full_coverage_complete,carwillturn,455,0,0,5,True,False,True,0.3370822133411023,0.3370822133411023
full_coverage_complete,carwillturn,456,0,1,5,True,False,True,0.1220815892317762,0.0
full_coverage_complete,carwillturn,457,5,0,5,True,False,True,0.0,0.0
full_coverage_complete,carwillturn,458,5,0,5,True,False,True,0.0,0.0
full_coverage_complete,carwillturn,459,0,0,1,True,False,True,0.0,0.0
full_coverage_complete,carwillturn,461,0,0,5,True,False,True,0.0,0.0
full_coverage_complete,carwillturn,462,0,0,5,True,False,True,0.0,0.0
full_coverage_complete,carwillturn,463,0,0,5,True,False,True,0.0,0.0
full_coverage_complete,carwillturn,464,0,0,5,True,False,True,0.0,0.0
full_coverage_complete,carwillturn,465,0,0,5,True,False,True,0.0,0.0
full_coverage_complete,carwillturn,466,0,0,5,True,False,True,0.0,0.0
full_coverage_complete,carwillturn,467,0,0,5,True,False,True,0.0,0.0
full_coverage_complete,carwillturn,468,0,0,5,True,False,True,0.0,0.0
full_coverage_complete,carwillturn,469,0,0,5,True,False,True,0.0,0.0
full_coverage_complete,carwillturn,470,0,0,5,True,False,True,0.0,0.0
full_coverage_complete,carwillturn,471,5,4,5,True,False,True,0.0,0.0
full_coverage_complete,carwillturn,472,0,0,1,True,False,True,0.0,0.0
full_coverage_complete,carwillturn,473,0,0,5,True,False,True,0.0,0.0
full_coverage_complete,carwillturn,474,0,0,5,True,False,True,0.0,0.0
full_coverage_complete,carwillturn,475,0,0,5,True,False,True,0.0,0.0
full_coverage_complete,carwillturn,476,0,0,5,True,False,True,0.0,0.0
full_coverage_complete,carwillturn,477,0,0,5,True,False,True,0.0,0.0
full_coverage_complete,carwillturn,478,0,0,5,True,False,True,0.0064573267278696545,0.0064573267278696545
full_coverage_complete,carwillturn,479,5,1,5,True,False,True,0.009022907303007545,0.0
full_coverage_complete,carwillturn,480,0,0,4,True,False,True,0.019564697401895634,0.019564697401895634
full_coverage_complete,catbrownback2bush,1033,0,0,6,True,False,True,0.0,0.0
full_coverage_complete,catbrownback2bush,1050,0,0,5,True,False,True,0.0,0.0
full_coverage_complete,catbrownback2bush,1052,0,0,2,True,False,True,0.0,0.0
full_coverage_complete,catbrownback2bush,1062,4,0,4,True,False,True,0.0,0.8436094563018177
full_coverage_complete,catbrownback2bush,1146,0,0,1,True,False,True,0.7680024614386024,0.7680024614386024
full_coverage_complete,catbrownback2bush,1147,0,0,1,True,False,True,0.7660787482855542,0.7660787482855542
full_coverage_complete,catbrownback2bush,1149,0,0,1,True,False,True,0.7535459909371677,0.7535459909371677
full_coverage_complete,catbrownback2bush,1150,0,1,1,True,False,True,0.6681953633733241,0.6681953633733241
full_coverage_complete,catbrownback2bush,1151,0,0,1,True,False,True,0.7654422541595749,0.7654422541595749
full_coverage_complete,catbrownback2bush,1152,0,1,1,True,False,True,0.7013260083854546,0.7013260083854546
full_coverage_complete,catbrownback2bush,1153,0,0,1,True,False,True,0.7525097800220658,0.7525097800220658
full_coverage_complete,catbrownback2bush,1154,0,0,1,True,False,True,0.7776370178907323,0.7776370178907323
full_coverage_complete,catbrownback2bush,1155,0,1,1,True,False,True,0.7087999065503869,0.7087999065503869
full_coverage_complete,catbrownback2bush,1157,0,0,1,True,False,True,0.7328276925490271,0.7328276925490271
full_coverage_complete,catbrownback2bush,1159,0,0,1,True,False,True,0.7733325835392368,0.7733325835392368
full_coverage_complete,catbrownback2bush,1160,2,0,2,True,False,True,0.7340261825467136,0.19281584660138815
full_coverage_complete,catbrownback2bush,1161,0,0,6,True,False,True,0.18405898743635257,0.18405898743635257
full_coverage_complete,catbrownback2bush,1162,0,0,6,True,False,True,0.05031841900311054,0.05031841900311054
full_coverage_complete,catbrownback2bush,1165,0,0,6,True,False,True,0.0,0.0
full_coverage_complete,catbrownback2bush,1167,0,0,6,True,False,True,0.0,0.0
full_coverage_complete,catbrownback2bush,1185,0,0,6,True,False,True,0.0,0.0
full_coverage_complete,catbrownback2bush,1186,0,0,6,True,False,True,0.0,0.0
full_coverage_complete,catbrownback2bush,1271,0,0,6,True,False,True,0.0,0.0
full_coverage_complete,catbrownback2bush,1272,0,0,6,True,False,True,0.0,0.0
full_coverage_complete,catbrownback2bush,1273,6,0,6,True,False,True,0.0,0.0
full_coverage_complete,catbrownback2bush,1284,0,0,5,True,False,True,0.0,0.0
full_coverage_complete,catbrownback2bush,1289,0,0,6,True,False,True,0.0,0.0
full_coverage_complete,catbrownback2bush,1291,0,0,6,True,False,True,0.0,0.0
full_coverage_complete,catbrownback2bush,1292,0,0,1,True,False,True,0.0,0.0
full_coverage_complete,catbrownback2bush,1294,1,0,1,True,False,True,0.0,0.0
full_coverage_complete,catbrownback2bush,1296,0,0,4,True,False,True,0.0,0.0
full_coverage_complete,catbrownback2bush,1297,0,0,5,True,False,True,0.0,0.0
full_coverage_complete,catbrownback2bush,1298,0,0,4,True,False,True,0.0,0.0
full_coverage_complete,catbrownback2bush,1299,0,0,5,True,False,True,0.0,0.0
full_coverage_complete,catbrownback2bush,1300,0,0,1,True,False,True,0.0,0.0
full_coverage_complete,catbrownback2bush,1307,0,0,1,True,False,True,0.0,0.0
full_coverage_complete,catbrownback2bush,1313,0,0,5,True,False,True,0.0,0.0
full_coverage_complete,catbrownback2bush,1314,0,0,5,True,False,True,0.0,0.0
full_coverage_complete,couple,38,0,0,2,True,False,True,0.7299259400861392,0.7299259400861392
full_coverage_complete,couple,65,2,0,2,True,False,True,0.1740795271794603,0.07917739878504028
full_coverage_complete,couple,66,0,0,2,True,False,True,0.5610869398587304,0.0
full_coverage_complete,couple,69,4,0,4,True,False,True,0.0,0.0
full_coverage_complete,couple,70,0,0,2,True,False,True,0.0,0.0
full_coverage_complete,couple,72,1,0,1,True,False,True,0.0,0.0
full_coverage_complete,couple,74,0,0,2,True,False,True,0.0,0.0
full_coverage_complete,couple,78,5,0,5,True,False,True,0.0,0.0
full_coverage_complete,couple,80,0,0,1,True,False,True,0.0,0.0
full_coverage_complete,couple,82,0,0,2,True,False,True,0.0,0.0
full_coverage_complete,couple,86,0,0,1,True,False,True,0.0,0.0
full_coverage_complete,couple,87,5,0,5,True,False,True,0.0,0.0
full_coverage_complete,couple,88,0,0,5,True,False,True,0.0,0.0
full_coverage_complete,couple,89,0,0,4,True,False,True,0.0,0.0
full_coverage_complete,couple,95,0,0,5,True,False,True,0.0,0.658234042371315
full_coverage_complete,couple,98,5,1,5,True,False,True,0.8291561312312866,0.0
full_coverage_complete,darkgirl,532,0,0,2,True,False,True,0.49662441182054085,0.49662441182054085
full_coverage_complete,darkgirl,536,0,0,5,True,False,True,0.7415165116774903,0.7415165116774903
full_coverage_complete,darkouterwhiteboy,14,0,0,1,True,False,True,0.8191012932386927,0.8191012932386927
full_coverage_complete,darkouterwhiteboy,21,0,0,5,True,False,True,0.6259623274699584,0.6259623274699584
full_coverage_complete,darkouterwhiteboy,22,0,0,2,True,False,True,0.6400938318929525,0.6400938318929525
full_coverage_complete,darkouterwhiteboy,23,0,0,2,True,False,True,0.6608862548530791,0.6608862548530791
full_coverage_complete,darkouterwhiteboy,25,0,0,1,True,False,True,0.7812027109654298,0.7812027109654298
full_coverage_complete,darkouterwhiteboy,26,0,0,1,True,False,True,0.6118407037326932,0.6118407037326932
full_coverage_complete,darkouterwhiteboy,27,0,0,4,True,False,True,0.5054678976311252,0.5054678976311252
full_coverage_complete,darkouterwhiteboy,28,0,0,1,True,False,True,0.38680157416167193,0.38680157416167193
full_coverage_complete,darkouterwhiteboy,29,0,0,2,True,False,True,0.566996701057405,0.566996701057405
full_coverage_complete,darkouterwhiteboy,30,0,0,1,True,False,True,0.4911511983014488,0.4911511983014488
full_coverage_complete,darkouterwhiteboy,31,0,0,1,True,False,True,0.6359739441495734,0.6359739441495734
full_coverage_complete,darkouterwhiteboy,32,0,0,4,True,False,True,0.4872333826897988,0.4872333826897988
full_coverage_complete,darkouterwhiteboy,33,0,0,1,True,False,True,0.5652980543074079,0.5652980543074079
full_coverage_complete,darkouterwhiteboy,34,0,0,4,True,False,True,0.7649949018470007,0.7649949018470007
full_coverage_complete,darkouterwhiteboy,36,0,0,4,True,False,True,0.6975847587434463,0.6975847587434463
full_coverage_complete,darkouterwhiteboy,37,0,0,1,True,False,True,0.5498063378289978,0.5498063378289978
full_coverage_complete,darkouterwhiteboy,38,0,0,2,True,False,True,0.5461726090691036,0.5461726090691036
full_coverage_complete,darkouterwhiteboy,39,0,0,1,True,False,True,0.5771381394673147,0.5771381394673147
full_coverage_complete,darkouterwhiteboy,40,0,0,1,True,False,True,0.6437141899736151,0.6437141899736151
full_coverage_complete,darkouterwhiteboy,41,0,0,2,True,False,True,0.620252504994832,0.620252504994832
full_coverage_complete,darkouterwhiteboy,42,0,0,2,True,False,True,0.7889560252454741,0.7889560252454741
full_coverage_complete,darkouterwhiteboy,63,0,0,1,True,False,True,0.5613423956014083,0.5613423956014083
full_coverage_complete,darkouterwhiteboy,64,0,0,1,True,False,True,0.5005110948468754,0.5005110948468754
full_coverage_complete,darkouterwhiteboy,65,0,0,2,True,False,True,0.4440093875092588,0.4440093875092588
full_coverage_complete,darkouterwhiteboy,76,0,0,1,True,False,True,0.2787474734909804,0.2787474734909804
full_coverage_complete,darkouterwhiteboy,77,0,0,1,True,False,True,0.033212728752145225,0.033212728752145225
full_coverage_complete,darkouterwhiteboy,78,0,0,1,True,False,True,0.0,0.0
full_coverage_complete,darkouterwhiteboy,79,0,0,1,True,False,True,0.0,0.0
full_coverage_complete,darkouterwhiteboy,80,0,0,4,True,False,True,0.025188916468296452,0.025188916468296452
full_coverage_complete,darkouterwhiteboy,81,0,0,4,True,False,True,0.0,0.0
full_coverage_complete,darkouterwhiteboy,82,0,0,4,True,False,True,0.04776847191908188,0.04776847191908188
full_coverage_complete,darkouterwhiteboy,83,0,0,1,True,False,True,0.14506504053185568,0.14506504053185568
full_coverage_complete,darkouterwhiteboy,84,0,0,1,True,False,True,0.2535217647525182,0.2535217647525182
full_coverage_complete,darkouterwhiteboy,86,0,0,1,True,False,True,0.5589421219738198,0.5589421219738198
full_coverage_complete,darkouterwhiteboy,87,0,0,1,True,False,True,0.3125308376264176,0.3125308376264176
full_coverage_complete,darkouterwhiteboy,89,0,0,5,True,False,True,0.5216056146985535,0.5216056146985535
full_coverage_complete,darkouterwhiteboy,90,0,0,1,True,False,True,0.7064190321790476,0.7064190321790476
full_coverage_complete,darkouterwhiteboy,92,0,0,1,True,False,True,0.7219751062815104,0.7219751062815104
full_coverage_complete,darkouterwhiteboy,93,0,0,1,True,False,True,0.6110217630430941,0.6110217630430941
full_coverage_complete,darkouterwhiteboy,102,0,0,1,True,False,True,0.6797995066408081,0.6797995066408081
full_coverage_complete,darkouterwhiteboy,115,0,0,1,True,False,True,0.4921552491017037,0.4921552491017037
full_coverage_complete,darkouterwhiteboy,123,0,0,1,True,False,True,0.7655668495528896,0.7655668495528896
full_coverage_complete,darkouterwhiteboy,124,0,0,4,True,False,True,0.7256388891997574,0.7256388891997574
full_coverage_complete,darkouterwhiteboy,125,0,0,1,True,False,True,0.6707620344494267,0.6707620344494267
full_coverage_complete,darkouterwhiteboy,126,0,0,1,True,False,True,0.7880311175315238,0.7880311175315238
full_coverage_complete,darkouterwhiteboy,127,0,0,1,True,False,True,0.7830184517293723,0.7830184517293723
full_coverage_complete,darkouterwhiteboy,128,0,0,1,True,False,True,0.7050917679745855,0.7050917679745855
full_coverage_complete,darkouterwhiteboy,129,0,0,1,True,False,True,0.5152663502605135,0.5152663502605135
full_coverage_complete,darkouterwhiteboy,130,0,0,1,True,False,True,0.41098747142921055,0.41098747142921055
full_coverage_complete,darkouterwhiteboy,131,0,0,1,True,False,True,0.5348712338150633,0.5348712338150633
full_coverage_complete,darkouterwhiteboy,132,0,0,1,True,False,True,0.6892718104751313,0.6892718104751313
full_coverage_complete,darkouterwhiteboy,133,0,0,1,True,False,True,0.6736272607980195,0.6736272607980195
full_coverage_complete,darkouterwhiteboy,146,0,0,1,True,False,True,0.7135809636962656,0.7135809636962656
full_coverage_complete,darkouterwhiteboy,147,0,0,4,True,False,True,0.6563763951452122,0.6563763951452122
full_coverage_complete,darkouterwhiteboy,149,0,0,1,True,False,True,0.4991288655921446,0.4991288655921446
full_coverage_complete,darkouterwhiteboy,152,0,0,1,True,False,True,0.501965940875184,0.501965940875184
full_coverage_complete,darkouterwhiteboy,153,0,0,1,True,False,True,0.4744651217986265,0.4744651217986265
full_coverage_complete,darkouterwhiteboy,154,0,0,1,True,False,True,0.5749129746884085,0.5749129746884085
full_coverage_complete,darkouterwhiteboy,155,0,0,1,True,False,True,0.496136619689909,0.496136619689909
full_coverage_complete,darkouterwhiteboy,156,0,0,1,True,False,True,0.5307462978356459,0.5307462978356459
full_coverage_complete,darkouterwhiteboy,157,0,0,1,True,False,True,0.5365713906817253,0.5365713906817253
full_coverage_complete,darkouterwhiteboy,158,0,0,1,True,False,True,0.5667608117216143,0.5667608117216143
full_coverage_complete,darkouterwhiteboy,159,0,0,1,True,False,True,0.5445184080647751,0.5445184080647751
full_coverage_complete,darkouterwhiteboy,161,0,0,2,True,False,True,0.5545129465333892,0.5545129465333892
full_coverage_complete,darkouterwhiteboy,162,0,0,1,True,False,True,0.5439266211864895,0.5439266211864895
full_coverage_complete,darkouterwhiteboy,163,0,0,1,True,False,True,0.500493495245069,0.500493495245069
full_coverage_complete,darkouterwhiteboy,165,0,0,1,True,False,True,0.6033153915643825,0.6033153915643825
full_coverage_complete,darkouterwhiteboy,209,0,0,1,True,False,True,0.6738337967610433,0.6738337967610433
full_coverage_complete,darkouterwhiteboy,262,0,0,2,True,False,True,0.7285638457337178,0.7285638457337178
full_coverage_complete,darkouterwhiteboy,263,0,0,1,True,False,True,0.6895096637430181,0.6895096637430181
full_coverage_complete,darkouterwhiteboy,264,0,0,1,True,False,True,0.5735480057169625,0.5735480057169625
full_coverage_complete,darkouterwhiteboy,266,0,0,5,True,False,True,0.5495681258318106,0.5495681258318106
full_coverage_complete,darkouterwhiteboy,269,0,0,5,True,False,True,0.5764431566090484,0.5764431566090484
full_coverage_complete,darkouterwhiteboy,281,0,0,2,True,False,True,0.5772977597586165,0.5772977597586165
full_coverage_complete,darkouterwhiteboy,286,0,0,5,True,False,True,0.7217006101124726,0.7217006101124726
full_coverage_complete,darkouterwhiteboy,288,0,0,5,True,False,True,0.6625239099060393,0.6625239099060393
full_coverage_complete,darkouterwhiteboy,290,0,0,2,True,False,True,0.6613327189555551,0.6613327189555551
full_coverage_complete,darkouterwhiteboy,296,0,0,1,True,False,True,0.6544764540570439,0.6544764540570439
full_coverage_complete,darkouterwhiteboy,297,0,0,1,True,False,True,0.6644452194609063,0.6644452194609063
full_coverage_complete,darkouterwhiteboy,298,0,0,6,True,False,True,0.7441575094893251,0.7441575094893251
full_coverage_complete,darkouterwhiteboy,299,0,0,6,True,False,True,0.6834441427789912,0.6834441427789912
full_coverage_complete,darkouterwhiteboy,301,0,0,1,True,False,True,0.16335808689046885,0.16335808689046885
full_coverage_complete,darkouterwhiteboy,302,0,0,1,True,False,True,0.351451346826889,0.351451346826889
full_coverage_complete,darkouterwhiteboy,303,0,0,5,True,False,True,0.39458457343481745,0.39458457343481745
full_coverage_complete,darkouterwhiteboy,304,0,0,1,True,False,True,0.5056544666852526,0.5056544666852526
full_coverage_complete,darkouterwhiteboy,305,0,0,1,True,False,True,0.4228994351064834,0.4228994351064834
full_coverage_complete,darkouterwhiteboy,306,6,0,6,True,False,True,0.4583493643055234,0.3531473893419765
full_coverage_complete,darkouterwhiteboy,307,0,0,6,True,False,True,0.5641987341061154,0.5641987341061154
full_coverage_complete,darkouterwhiteboy,308,0,0,5,True,False,True,0.6481079726373209,0.6481079726373209
full_coverage_complete,darkouterwhiteboy,309,0,0,5,True,False,True,0.3800724525791946,0.3800724525791946
full_coverage_complete,darkouterwhiteboy,310,0,0,1,True,False,True,0.34821193011922263,0.34821193011922263
full_coverage_complete,darkouterwhiteboy,311,0,0,6,True,False,True,0.2600499485887346,0.2600499485887346
full_coverage_complete,darkouterwhiteboy,312,0,0,1,True,False,True,0.3151537496036573,0.3151537496036573
full_coverage_complete,darkouterwhiteboy,313,0,0,1,True,False,True,0.5091779618030334,0.5091779618030334
full_coverage_complete,darkouterwhiteboy,314,0,0,5,True,False,True,0.20186469989976286,0.20186469989976286
full_coverage_complete,darkouterwhiteboy,315,0,0,1,True,False,True,0.2614130234578235,0.2614130234578235
full_coverage_complete,darkouterwhiteboy,316,0,0,5,True,False,True,0.21305883328765382,0.21305883328765382
full_coverage_complete,darkouterwhiteboy,317,0,0,6,True,False,True,0.18116325240815923,0.18116325240815923
full_coverage_complete,darkouterwhiteboy,318,0,0,1,True,False,True,0.1169045591974833,0.1169045591974833
full_coverage_complete,darkouterwhiteboy,319,0,0,1,True,False,True,0.19129405099199875,0.19129405099199875
full_coverage_complete,darkouterwhiteboy,320,0,0,5,True,False,True,0.648327152628349,0.648327152628349
full_coverage_complete,darkouterwhiteboy,324,0,0,5,True,False,True,0.340718459356781,0.340718459356781
full_coverage_complete,darkouterwhiteboy,325,0,0,1,True,False,True,0.4521121799567215,0.4521121799567215
full_coverage_complete,darkouterwhiteboy,326,0,0,1,True,False,True,0.20556032467085314,0.20556032467085314
full_coverage_complete,darkouterwhiteboy,327,0,0,1,True,False,True,0.25456759172356197,0.25456759172356197
full_coverage_complete,darkouterwhiteboy,328,0,0,1,True,False,True,0.44006766657555196,0.44006766657555196
full_coverage_complete,darkouterwhiteboy,329,0,0,5,True,False,True,0.30946193155298,0.30946193155298
full_coverage_complete,darkouterwhiteboy,330,0,0,1,True,False,True,0.25649370138282085,0.25649370138282085
full_coverage_complete,darkouterwhiteboy,331,0,0,1,True,False,True,0.24078475882357417,0.24078475882357417
full_coverage_complete,darkouterwhiteboy,332,0,0,1,True,False,True,0.284272109000811,0.284272109000811
full_coverage_complete,darkouterwhiteboy,333,0,0,1,True,False,True,0.2902468411370847,0.2902468411370847
full_coverage_complete,darkouterwhiteboy,334,0,0,1,True,False,True,0.3513493429162487,0.3513493429162487
full_coverage_complete,darkouterwhiteboy,335,0,0,1,True,False,True,0.7413524928691,0.7413524928691
full_coverage_complete,darkouterwhiteboy,340,0,0,1,True,False,True,0.47408845682318534,0.47408845682318534
full_coverage_complete,darkouterwhiteboy,341,0,0,5,True,False,True,0.3698250206268913,0.3698250206268913
full_coverage_complete,darkouterwhiteboy,342,0,0,1,True,False,True,0.29435047976447415,0.29435047976447415
full_coverage_complete,darkouterwhiteboy,347,0,0,5,True,False,True,0.6371962359927271,0.6371962359927271
full_coverage_complete,darkouterwhiteboy,348,0,0,5,True,False,True,0.20792196907122357,0.20792196907122357
full_coverage_complete,darkouterwhiteboy,349,0,0,1,True,False,True,0.42352332892022293,0.42352332892022293
full_coverage_complete,darkouterwhiteboy,350,0,0,5,True,False,True,0.7372761808458678,0.7372761808458678
full_coverage_complete,darkouterwhiteboy,359,0,0,5,True,False,True,0.3618604176176293,0.3618604176176293
full_coverage_complete,darkouterwhiteboy,360,0,0,1,True,False,True,0.3970892115150936,0.3970892115150936
full_coverage_complete,darkouterwhiteboy,361,0,0,1,True,False,True,0.725771276512692,0.725771276512692
full_coverage_complete,darkouterwhiteboy,367,0,0,5,True,False,True,0.47555007039441,0.47555007039441
full_coverage_complete,darkouterwhiteboy,368,0,0,5,True,False,True,0.3323437413359658,0.3323437413359658
full_coverage_complete,darkouterwhiteboy,369,0,0,1,True,False,True,0.3207087440662246,0.3207087440662246
full_coverage_complete,darkouterwhiteboy,370,0,0,6,True,False,True,0.37274408592927893,0.37274408592927893
full_coverage_complete,darkouterwhiteboy,377,0,0,5,True,False,True,0.5088602854148904,0.5088602854148904
full_coverage_complete,darkouterwhiteboy,380,0,0,5,True,False,True,0.7647955657601665,0.7647955657601665
full_coverage_complete,darkouterwhiteboy,392,0,0,1,True,False,True,0.354803805446554,0.354803805446554
full_coverage_complete,darkouterwhiteboy,393,0,0,5,True,False,True,0.26934880833900715,0.26934880833900715
full_coverage_complete,darkouterwhiteboy,396,0,0,4,True,False,True,0.27096144338669725,0.27096144338669725
full_coverage_complete,darkouterwhiteboy,397,0,0,4,True,False,True,0.03368817697632672,0.03368817697632672
full_coverage_complete,darkouterwhiteboy,398,0,0,1,True,False,True,0.146040646449247,0.146040646449247
full_coverage_complete,darkouterwhiteboy,399,0,0,5,True,False,True,0.21448513641645256,0.21448513641645256
full_coverage_complete,darkouterwhiteboy,400,0,0,1,True,False,True,0.32510665517499215,0.32510665517499215
full_coverage_complete,darkouterwhiteboy,401,5,0,5,True,False,True,0.25702825690965736,0.38790740683470937
full_coverage_complete,darkouterwhiteboy,402,0,0,4,True,False,True,0.08134137976891985,0.08134137976891985
full_coverage_complete,darkouterwhiteboy,403,0,0,4,True,False,True,0.11415595382829226,0.11415595382829226
full_coverage_complete,darkouterwhiteboy,404,0,0,1,True,False,True,0.09825375304530841,0.09825375304530841
full_coverage_complete,darkouterwhiteboy,405,0,0,5,True,False,True,0.1529843703753795,0.1529843703753795
full_coverage_complete,darkouterwhiteboy,406,5,0,5,True,False,True,0.4531806328121765,0.6600713546607937
full_coverage_complete,darkouterwhiteboy,407,0,0,4,True,False,True,0.2485963605524255,0.2485963605524255
full_coverage_complete,darkouterwhiteboy,408,0,0,4,True,False,True,0.22969705759787368,0.22969705759787368
full_coverage_complete,darkouterwhiteboy,409,0,0,5,True,False,True,0.4266750567624182,0.4266750567624182
full_coverage_complete,darkouterwhiteboy,410,0,0,5,True,False,True,0.36036807505584356,0.36036807505584356
full_coverage_complete,darkouterwhiteboy,411,0,0,5,True,False,True,0.3977164673768862,0.3977164673768862
full_coverage_complete,darkouterwhiteboy,412,0,0,5,True,False,True,0.3734986414246493,0.3734986414246493
full_coverage_complete,darkouterwhiteboy,413,0,0,4,True,False,True,0.27067861246533576,0.27067861246533576
full_coverage_complete,darkouterwhiteboy,414,0,0,4,True,False,True,0.3303917198580278,0.3303917198580278
full_coverage_complete,darkouterwhiteboy,415,5,0,5,True,False,True,0.38559952558029575,0.23181892377228372
full_coverage_complete,darkouterwhiteboy,416,0,0,4,True,False,True,0.2010671064152105,0.2010671064152105
full_coverage_complete,darkouterwhiteboy,417,0,0,4,True,False,True,0.22087615626765786,0.22087615626765786
full_coverage_complete,darkouterwhiteboy,418,0,0,5,True,False,True,0.19016308954562,0.19016308954562
full_coverage_complete,darkouterwhiteboy,419,0,0,5,True,False,True,0.49771236133982283,0.49771236133982283
full_coverage_complete,darkouterwhiteboy,420,0,0,5,True,False,True,0.6864960186085354,0.6864960186085354
full_coverage_complete,darkouterwhiteboy,422,0,0,4,True,False,True,0.7174137042692003,0.7174137042692003
full_coverage_complete,darkouterwhiteboy,423,0,0,4,True,False,True,0.615919322531227,0.615919322531227
full_coverage_complete,darkouterwhiteboy,424,0,0,4,True,False,True,0.6391169029736515,0.6391169029736515
full_coverage_complete,darkouterwhiteboy,427,0,0,4,True,False,True,0.7826560344363986,0.7826560344363986
full_coverage_complete,darkouterwhiteboy,428,0,0,4,True,False,True,0.769973863482036,0.769973863482036
full_coverage_complete,darkouterwhiteboy,448,0,0,5,True,False,True,0.6859401979209262,0.6859401979209262
full_coverage_complete,darkouterwhiteboy,449,0,0,5,True,False,True,0.7268941978220729,0.7268941978220729
full_coverage_complete,darkouterwhiteboy,452,0,0,5,True,False,True,0.8344115490516208,0.8344115490516208
full_coverage_complete,darkouterwhiteboy,453,0,0,5,True,False,True,0.7282422825719185,0.7282422825719185
full_coverage_complete,darkouterwhiteboy,456,0,0,5,True,False,True,0.4836841065109491,0.4836841065109491
full_coverage_complete,darkouterwhiteboy,458,0,0,5,True,False,True,0.7745302355680715,0.7745302355680715
full_coverage_complete,darkouterwhiteboy,459,0,0,5,True,False,True,0.25809592936698567,0.25809592936698567
full_coverage_complete,darkouterwhiteboy,460,0,0,1,True,False,True,0.196145464954614,0.196145464954614
full_coverage_complete,darkouterwhiteboy,463,0,0,1,True,False,True,0.23239297982251933,0.23239297982251933
full_coverage_complete,darkouterwhiteboy,468,0,0,5,True,False,True,0.271492135238383,0.271492135238383
full_coverage_complete,darkouterwhiteboy,469,0,0,1,True,False,True,0.42741421088196346,0.42741421088196346
full_coverage_complete,darkouterwhiteboy,470,0,0,5,True,False,True,0.2809021027297729,0.2809021027297729
full_coverage_complete,darkouterwhiteboy,471,0,0,5,True,False,True,0.8978901929751395,0.8978901929751395
full_coverage_complete,darkouterwhiteboy,472,0,0,5,True,False,True,0.7918383121699305,0.7918383121699305
full_coverage_complete,darkouterwhiteboy,473,0,0,5,True,False,True,0.8460808377008527,0.8460808377008527
full_coverage_complete,darkouterwhiteboy,474,0,0,5,True,False,True,0.8600820369033463,0.8600820369033463
full_coverage_complete,darkouterwhiteboy,478,0,0,1,True,False,True,0.8241879348399069,0.8241879348399069
full_coverage_complete,darkouterwhiteboy,480,0,0,5,True,False,True,0.8885847015504074,0.8885847015504074
full_coverage_complete,darkouterwhiteboy,481,0,0,1,True,False,True,0.8694330236143601,0.8694330236143601
full_coverage_complete,darkouterwhiteboy,482,0,0,1,True,False,True,0.8478164019899278,0.8478164019899278
full_coverage_complete,darkouterwhiteboy,483,0,0,1,True,False,True,0.8551773110274119,0.8551773110274119
full_coverage_complete,darkouterwhiteboy,484,0,0,5,True,False,True,0.8217310563744278,0.8217310563744278
full_coverage_complete,darkouterwhiteboy,485,0,0,1,True,False,True,0.8569892253168538,0.8569892253168538
full_coverage_complete,darkouterwhiteboy,486,0,0,5,True,False,True,0.8181443626746819,0.8181443626746819
full_coverage_complete,darkouterwhiteboy,487,0,0,5,True,False,True,0.8611132936771217,0.8611132936771217
full_coverage_complete,darkouterwhiteboy,488,0,0,5,True,False,True,0.8781848832557262,0.8781848832557262
full_coverage_complete,darkouterwhiteboy,489,0,0,5,True,False,True,0.7951382814228152,0.7951382814228152
full_coverage_complete,darkouterwhiteboy,490,0,0,5,True,False,True,0.7981495331225302,0.7981495331225302
full_coverage_complete,darkouterwhiteboy,491,0,0,1,True,False,True,0.8198594962308032,0.8198594962308032
full_coverage_complete,darkouterwhiteboy,493,0,0,1,True,False,True,0.10435413099490344,0.10435413099490344
full_coverage_complete,darkouterwhiteboy,495,0,0,1,True,False,True,0.08974686757425449,0.08974686757425449
full_coverage_complete,darkouterwhiteboy,496,0,0,1,True,False,True,0.6819010234701153,0.6819010234701153
full_coverage_complete,darkouterwhiteboy,499,0,0,5,True,False,True,0.3421315811103158,0.3421315811103158
full_coverage_complete,darkouterwhiteboy,500,0,0,6,True,False,True,0.3268590857591323,0.3268590857591323
full_coverage_complete,darkouterwhiteboy,501,0,0,5,True,False,True,0.21166660313511743,0.21166660313511743
full_coverage_complete,darkouterwhiteboy,502,0,0,6,True,False,True,0.17029718761613602,0.17029718761613602
full_coverage_complete,darkouterwhiteboy,503,0,0,1,True,False,True,0.20078195816287686,0.20078195816287686
full_coverage_complete,darkouterwhiteboy,504,0,0,1,True,False,True,0.6416839033263174,0.6416839033263174
full_coverage_complete,darkouterwhiteboy,505,0,0,5,True,False,True,0.6874354533071663,0.6874354533071663
full_coverage_complete,darkouterwhiteboy,509,0,0,1,True,False,True,0.6114431379577823,0.6114431379577823
full_coverage_complete,darkouterwhiteboy,510,0,0,1,True,False,True,0.7520882037817134,0.7520882037817134
full_coverage_complete,darkouterwhiteboy,511,0,0,1,True,False,True,0.6134354694926963,0.6134354694926963
full_coverage_complete,darkouterwhiteboy,512,0,0,1,True,False,True,0.3687606139931553,0.3687606139931553
full_coverage_complete,darkouterwhiteboy,521,0,0,5,True,False,True,0.41125413403539035,0.41125413403539035
full_coverage_complete,darkouterwhiteboy,522,0,0,4,True,False,True,0.4099750982670686,0.4099750982670686
full_coverage_complete,darkouterwhiteboy,524,0,0,5,True,False,True,0.10362774427920243,0.10362774427920243
full_coverage_complete,darkouterwhiteboy,527,0,0,1,True,False,True,0.07341982123578919,0.07341982123578919
full_coverage_complete,darkouterwhiteboy,533,0,0,1,True,False,True,0.12012188483769023,0.12012188483769023
full_coverage_complete,darkouterwhiteboy,534,1,1,1,True,False,True,0.09997133867271814,0.8273354185708078
full_coverage_complete,darkouterwhiteboy,535,0,0,5,True,False,True,0.7937615923076226,0.7937615923076226
full_coverage_complete,darkouterwhiteboy,537,0,0,1,True,False,True,0.8277798138150697,0.8277798138150697
full_coverage_complete,darkouterwhiteboy,538,0,0,1,True,False,True,0.7867228513456703,0.7867228513456703
full_coverage_complete,darkouterwhiteboy,539,0,0,5,True,False,True,0.09933096884905339,0.09933096884905339
full_coverage_complete,darkouterwhiteboy,540,0,0,1,True,False,True,0.178246385601322,0.178246385601322
full_coverage_complete,darkouterwhiteboy,549,0,0,1,True,False,True,0.13434903685496888,0.13434903685496888
full_coverage_complete,darkouterwhiteboy,550,0,0,1,True,False,True,0.14641493373906864,0.14641493373906864
full_coverage_complete,darkouterwhiteboy,555,0,0,1,True,False,True,0.16766290807348383,0.16766290807348383
full_coverage_complete,darkouterwhiteboy,557,0,0,1,True,False,True,0.23870316421187104,0.23870316421187104
full_coverage_complete,darkouterwhiteboy,559,0,0,4,True,False,True,0.3766745962818709,0.3766745962818709
full_coverage_complete,darkouterwhiteboy,560,0,0,4,True,False,True,0.49194381463144954,0.49194381463144954
full_coverage_complete,darkouterwhiteboy,561,0,0,5,True,False,True,0.7604671424907549,0.7604671424907549
full_coverage_complete,darkouterwhiteboy,562,0,0,5,True,False,True,0.7395914140646015,0.7395914140646015
full_coverage_complete,darkouterwhiteboy,563,4,0,4,True,False,True,0.5594244979981196,0.7865572607983041
full_coverage_complete,darkouterwhiteboy,564,0,0,1,True,False,True,0.7250793842217959,0.7250793842217959
full_coverage_complete,darkouterwhiteboy,566,0,0,1,True,False,True,0.5582500303269345,0.5582500303269345
full_coverage_complete,darkouterwhiteboy,568,0,0,4,True,False,True,0.5577419439240501,0.5577419439240501
full_coverage_complete,darkouterwhiteboy,569,0,0,5,True,False,True,0.5625674399554101,0.5625674399554101
full_coverage_complete,darkouterwhiteboy,570,0,0,4,True,False,True,0.4626050915341137,0.4626050915341137
full_coverage_complete,darkouterwhiteboy,571,4,0,4,True,False,True,0.34369867246787505,0.6478738180409406
full_coverage_complete,darkouterwhiteboy,573,0,0,4,True,False,True,0.6616211968429627,0.6616211968429627
full_coverage_complete,darkouterwhiteboy,574,0,0,4,True,False,True,0.4581332621147794,0.4581332621147794
full_coverage_complete,darkouterwhiteboy,575,0,0,4,True,False,True,0.5571929245100733,0.5571929245100733
full_coverage_complete,darkouterwhiteboy,576,0,0,4,True,False,True,0.6441098803523093,0.6441098803523093
full_coverage_complete,darkouterwhiteboy,577,0,0,4,True,False,True,0.6930933162845563,0.6930933162845563
full_coverage_complete,darkouterwhiteboy,578,0,0,4,True,False,True,0.6593605201571943,0.6593605201571943
full_coverage_complete,darkouterwhiteboy,580,0,0,4,True,False,True,0.5383178300485705,0.5383178300485705
full_coverage_complete,darkouterwhiteboy,595,0,0,4,True,False,True,0.5334888018441376,0.5334888018441376
full_coverage_complete,darkouterwhiteboy,598,0,0,1,True,False,True,0.7217875012768193,0.7217875012768193
full_coverage_complete,darkouterwhiteboy,599,0,0,1,True,False,True,0.7517856472059914,0.7517856472059914
full_coverage_complete,darkouterwhiteboy,600,0,0,1,True,False,True,0.7056863782530367,0.7056863782530367
full_coverage_complete,darkouterwhiteboy,601,0,0,4,True,False,True,0.6479788042588941,0.6479788042588941
full_coverage_complete,darkouterwhiteboy,602,0,0,1,True,False,True,0.5858832669426419,0.5858832669426419
full_coverage_complete,darkouterwhiteboy,603,0,0,1,True,False,True,0.49571878033252426,0.49571878033252426
full_coverage_complete,darkouterwhiteboy,605,0,0,5,True,False,True,0.3118472700155876,0.3118472700155876
full_coverage_complete,darkouterwhiteboy,606,0,0,1,True,False,True,0.4353661904396224,0.4353661904396224
full_coverage_complete,darkouterwhiteboy,607,0,0,5,True,False,True,0.5537545456339187,0.5537545456339187
full_coverage_complete,darkouterwhiteboy,608,0,0,1,True,False,True,0.3906514439262762,0.3906514439262762
full_coverage_complete,darkouterwhiteboy,609,5,0,5,True,False,True,0.15913700805534578,0.1550884085726748
full_coverage_complete,darkouterwhiteboy,610,0,0,1,True,False,True,0.11090635284226948,0.11090635284226948
full_coverage_complete,darkouterwhiteboy,613,0,0,1,True,False,True,0.045131613023137326,0.045131613023137326
full_coverage_complete,darkouterwhiteboy,614,0,0,1,True,False,True,0.08145467666779353,0.08145467666779353
full_coverage_complete,darkouterwhiteboy,615,0,0,1,True,False,True,0.09407378858290583,0.09407378858290583
full_coverage_complete,darkouterwhiteboy,616,0,0,1,True,False,True,0.10186356699511073,0.10186356699511073
full_coverage_complete,darkouterwhiteboy,617,0,0,1,True,False,True,0.13547374462263953,0.13547374462263953
full_coverage_complete,darkouterwhiteboy,621,0,0,1,True,False,True,0.8725161911292458,0.8725161911292458
full_coverage_complete,darkouterwhiteboy,622,0,0,5,True,False,True,0.7879179624254394,0.7879179624254394
full_coverage_complete,darkouterwhiteboy,623,0,0,1,True,False,True,0.7444253320414238,0.7444253320414238
full_coverage_complete,darkouterwhiteboy,624,0,0,5,True,False,True,0.5150537582210288,0.5150537582210288
full_coverage_complete,darkouterwhiteboy,625,0,0,4,True,False,True,0.32783277501664987,0.6416229215336571
full_coverage_complete,darkouterwhiteboy,626,4,0,4,True,False,True,0.7978207975323957,0.7488287082172606
full_coverage_complete,darkouterwhiteboy,627,0,0,1,True,False,True,0.8131620800674658,0.8131620800674658
full_coverage_complete,darkouterwhiteboy,628,0,0,1,True,False,True,0.7107571754680834,0.7107571754680834
full_coverage_complete,darkouterwhiteboy,629,0,0,1,True,False,True,0.7466935422658576,0.7466935422658576
full_coverage_complete,darkouterwhiteboy,630,0,0,1,True,False,True,0.31572849077209586,0.31572849077209586
full_coverage_complete,darkouterwhiteboy,631,0,0,1,True,False,True,0.5655095374804094,0.5655095374804094
full_coverage_complete,darkouterwhiteboy,632,0,0,5,True,False,True,0.7290514436137023,0.7290514436137023
full_coverage_complete,darkouterwhiteboy,634,0,0,1,True,False,True,0.6058620590414536,0.6058620590414536
full_coverage_complete,darkouterwhiteboy,635,0,0,1,True,False,True,0.6091301029987878,0.6091301029987878
full_coverage_complete,darkouterwhiteboy,636,0,0,1,True,False,True,0.6672243501430828,0.6672243501430828
full_coverage_complete,darkouterwhiteboy,637,0,0,1,True,False,True,0.7205513393504959,0.7205513393504959
full_coverage_complete,darkouterwhiteboy,638,0,0,1,True,False,True,0.7768883613069139,0.7768883613069139
full_coverage_complete,darkouterwhiteboy,640,0,0,1,True,False,True,0.782861013446305,0.782861013446305
full_coverage_complete,darkouterwhiteboy,641,0,0,1,True,False,True,0.72118064308408,0.72118064308408
full_coverage_complete,darkouterwhiteboy,642,0,0,1,True,False,True,0.7153500422713533,0.7153500422713533
full_coverage_complete,darkouterwhiteboy,643,0,0,5,True,False,True,0.3756374731409318,0.3756374731409318
full_coverage_complete,darkouterwhiteboy,644,0,0,4,True,False,True,0.3070823695607439,0.3070823695607439
full_coverage_complete,darkouterwhiteboy,645,0,0,1,True,False,True,0.18168499411899275,0.18168499411899275
full_coverage_complete,darkouterwhiteboy,646,0,0,1,True,False,True,0.1771255651726216,0.1771255651726216
full_coverage_complete,darkouterwhiteboy,647,0,0,1,True,False,True,0.17753547866042635,0.17753547866042635
full_coverage_complete,darkouterwhiteboy,658,0,0,1,True,False,True,0.2547287738070813,0.2547287738070813
full_coverage_complete,darkouterwhiteboy,660,0,0,1,True,False,True,0.1927456315221763,0.1927456315221763
full_coverage_complete,darkouterwhiteboy,662,0,0,1,True,False,True,0.2306512744966591,0.2306512744966591
full_coverage_complete,darkouterwhiteboy,663,0,0,1,True,False,True,0.7159379076394918,0.7159379076394918
full_coverage_complete,darkouterwhiteboy,664,0,0,5,True,False,True,0.7491717592211599,0.7491717592211599
full_coverage_complete,darkouterwhiteboy,665,0,0,5,True,False,True,0.7246206254927203,0.7246206254927203
full_coverage_complete,darkouterwhiteboy,666,0,1,4,True,False,True,0.7570886345589709,0.7570886345589709
full_coverage_complete,darkouterwhiteboy,667,0,0,1,True,False,True,0.7969015685508748,0.7969015685508748
full_coverage_complete,darkouterwhiteboy,668,0,0,4,True,False,True,0.7293411806542877,0.7293411806542877
full_coverage_complete,darkouterwhiteboy,669,0,0,5,True,False,True,0.5534446989188936,0.5534446989188936
full_coverage_complete,darkouterwhiteboy,670,0,0,5,True,False,True,0.7640855187361715,0.7640855187361715
full_coverage_complete,darkouterwhiteboy,671,0,0,5,True,False,True,0.7751361854013583,0.7751361854013583
full_coverage_complete,darkouterwhiteboy,672,0,0,5,True,False,True,0.7776966669709271,0.7776966669709271
full_coverage_complete,darkouterwhiteboy,673,0,0,1,True,False,True,0.772468892547395,0.772468892547395
full_coverage_complete,darkouterwhiteboy,674,0,0,1,True,False,True,0.8230261357761278,0.8230261357761278
full_coverage_complete,darkouterwhiteboy,675,0,0,1,True,False,True,0.8155026526308186,0.8155026526308186
full_coverage_complete,darkouterwhiteboy,676,0,0,1,True,False,True,0.744217268733821,0.744217268733821
full_coverage_complete,darkouterwhiteboy,677,0,0,1,True,False,True,0.7523741367907771,0.7523741367907771
full_coverage_complete,darkouterwhiteboy,678,0,0,1,True,False,True,0.7650506607523645,0.7650506607523645
full_coverage_complete,darkouterwhiteboy,679,0,0,1,True,False,True,0.779485526747241,0.779485526747241
full_coverage_complete,darkouterwhiteboy,680,0,0,1,True,False,True,0.7258054197046705,0.7258054197046705
full_coverage_complete,darkouterwhiteboy,681,0,0,4,True,False,True,0.5877653307603975,0.5877653307603975
full_coverage_complete,darkouterwhiteboy,682,0,0,4,True,False,True,0.5929942253944896,0.5929942253944896
full_coverage_complete,darkouterwhiteboy,683,0,0,1,True,False,True,0.5161815762552165,0.5161815762552165
full_coverage_complete,darkouterwhiteboy,684,0,0,1,True,False,True,0.6906122806379047,0.6906122806379047
full_coverage_complete,darkouterwhiteboy,685,0,0,1,True,False,True,0.6673581313214544,0.6673581313214544
full_coverage_complete,darkouterwhiteboy,686,0,0,1,True,False,True,0.6036709862498618,0.6036709862498618
full_coverage_complete,darkouterwhiteboy,687,0,0,4,True,False,True,0.76551537121085,0.76551537121085
full_coverage_complete,darkouterwhiteboy,688,0,0,4,True,False,True,0.7043338209500213,0.7043338209500213
full_coverage_complete,darkouterwhiteboy,689,0,0,4,True,False,True,0.6923861986403949,0.6923861986403949
full_coverage_complete,darkouterwhiteboy,690,0,0,4,True,False,True,0.6416576260259517,0.6416576260259517
full_coverage_complete,darkouterwhiteboy,691,0,0,4,True,False,True,0.8183131031141613,0.8183131031141613
full_coverage_complete,darkouterwhiteboy,692,0,0,5,True,False,True,0.6645521337366133,0.6645521337366133
full_coverage_complete,darkouterwhiteboy,693,0,0,4,True,False,True,0.7145160615447353,0.7145160615447353
full_coverage_complete,darkouterwhiteboy,694,0,0,5,True,False,True,0.5679104550118901,0.5679104550118901
full_coverage_complete,darkouterwhiteboy,695,0,0,1,True,False,True,0.5540414356395253,0.5540414356395253
full_coverage_complete,darkouterwhiteboy,697,0,0,4,True,False,True,0.6072081873950684,0.6072081873950684
full_coverage_complete,darkouterwhiteboy,701,0,0,1,True,False,True,0.6734321379146637,0.6734321379146637
full_coverage_complete,darkouterwhiteboy,703,0,0,5,True,False,True,0.5721223239179275,0.5721223239179275
full_coverage_complete,darkouterwhiteboy,704,0,0,5,True,False,True,0.6362007851649126,0.6362007851649126
full_coverage_complete,darkouterwhiteboy,705,0,0,1,True,False,True,0.5097801130687357,0.5097801130687357
full_coverage_complete,darkouterwhiteboy,706,0,0,4,True,False,True,0.44675477008165476,0.44675477008165476
full_coverage_complete,darkouterwhiteboy,707,0,0,4,True,False,True,0.42262883382337396,0.42262883382337396
full_coverage_complete,darkouterwhiteboy,708,0,0,4,True,False,True,0.3512759971342446,0.3512759971342446
full_coverage_complete,darkouterwhiteboy,709,0,0,1,True,False,True,0.35249251124523534,0.35249251124523534
full_coverage_complete,darkouterwhiteboy,710,0,0,4,True,False,True,0.33751579662958403,0.33751579662958403
full_coverage_complete,darkouterwhiteboy,711,0,0,4,True,False,True,0.3000771838402111,0.3000771838402111
full_coverage_complete,darkouterwhiteboy,713,0,0,1,True,False,True,0.26409870409799663,0.26409870409799663
full_coverage_complete,darkouterwhiteboy,714,0,0,1,True,False,True,0.28285676921524044,0.28285676921524044
full_coverage_complete,darkouterwhiteboy,715,0,0,1,True,False,True,0.23878155015062516,0.23878155015062516
full_coverage_complete,darkouterwhiteboy,716,0,0,1,True,False,True,0.2642197717385565,0.2642197717385565
full_coverage_complete,darkouterwhiteboy,717,0,0,5,True,False,True,0.7308725296112597,0.7308725296112597
full_coverage_complete,darkouterwhiteboy,719,0,0,4,True,False,True,0.6490600619344878,0.6490600619344878
full_coverage_complete,darkouterwhiteboy,720,0,0,1,True,False,True,0.6779803835461167,0.6779803835461167
full_coverage_complete,darkouterwhiteboy,721,5,0,5,True,False,True,0.5894545789110208,0.6449029162083549
full_coverage_complete,darkouterwhiteboy,722,0,0,1,True,False,True,0.5766338131667769,0.5766338131667769
full_coverage_complete,darkouterwhiteboy,723,0,0,4,True,False,True,0.714348665277126,0.714348665277126
full_coverage_complete,darkouterwhiteboy,724,0,0,4,True,False,True,0.7344462931092467,0.7344462931092467
full_coverage_complete,darkouterwhiteboy,725,0,0,4,True,False,True,0.6609955237624098,0.6609955237624098
full_coverage_complete,darkouterwhiteboy,726,0,0,4,True,False,True,0.6741259276952879,0.6741259276952879
full_coverage_complete,darkouterwhiteboy,727,0,1,4,True,False,True,0.7247911372973045,0.7247911372973045
full_coverage_complete,darkouterwhiteboy,728,0,0,4,True,False,True,0.6128102497618375,0.6128102497618375
full_coverage_complete,darkouterwhiteboy,729,0,0,4,True,False,True,0.6583992101983022,0.6583992101983022
full_coverage_complete,darkouterwhiteboy,730,0,0,1,True,False,True,0.6257017100818104,0.6257017100818104
full_coverage_complete,darkouterwhiteboy,731,0,0,5,True,False,True,0.3008819807674856,0.3008819807674856
full_coverage_complete,darkouterwhiteboy,732,0,0,1,True,False,True,0.4595512836605652,0.4595512836605652
full_coverage_complete,darkouterwhiteboy,733,0,0,1,True,False,True,0.6475041572392617,0.6475041572392617
full_coverage_complete,darkouterwhiteboy,734,0,0,5,True,False,True,0.7520757961040772,0.7520757961040772
full_coverage_complete,darkouterwhiteboy,735,0,0,1,True,False,True,0.6378911994121965,0.6378911994121965
full_coverage_complete,darkouterwhiteboy,736,0,0,1,True,False,True,0.6581441729798163,0.6581441729798163
full_coverage_complete,darkouterwhiteboy,737,0,0,4,True,False,True,0.6531760028792885,0.6531760028792885
full_coverage_complete,darkouterwhiteboy,738,0,0,1,True,False,True,0.6110775596180918,0.6110775596180918
full_coverage_complete,darkouterwhiteboy,739,0,0,5,True,False,True,0.5420986493981563,0.5420986493981563
full_coverage_complete,darkouterwhiteboy,740,0,0,5,True,False,True,0.40284199733222825,0.40284199733222825
full_coverage_complete,darkouterwhiteboy,741,0,0,1,True,False,True,0.5504988603347071,0.5504988603347071
full_coverage_complete,darkouterwhiteboy,742,0,0,5,True,False,True,0.4192144634587687,0.4192144634587687
full_coverage_complete,darkouterwhiteboy,743,5,0,5,True,False,True,0.5516060680897409,0.679277806693843
full_coverage_complete,darkouterwhiteboy,744,0,0,5,True,False,True,0.5913535202826702,0.5913535202826702
full_coverage_complete,darkouterwhiteboy,745,0,0,4,True,False,True,0.5871683757902407,0.5871683757902407
full_coverage_complete,darkouterwhiteboy,746,0,0,4,True,False,True,0.5916564100265493,0.5916564100265493
full_coverage_complete,darkouterwhiteboy,747,0,0,4,True,False,True,0.5559153155627427,0.5559153155627427
full_coverage_complete,darkouterwhiteboy,748,0,0,1,True,False,True,0.5101618087778419,0.5101618087778419
full_coverage_complete,darktreesboy,173,0,0,5,True,False,True,0.6376246863029731,0.6376246863029731
full_coverage_complete,darktreesboy,174,0,0,5,True,False,True,0.5072153985555528,0.5072153985555528
full_coverage_complete,darktreesboy,175,0,0,5,True,False,True,0.5914908242878789,0.5914908242878789
full_coverage_complete,darktreesboy,176,0,0,5,True,False,True,0.5492324934479262,0.5492324934479262
full_coverage_complete,darktreesboy,182,0,0,1,True,False,True,0.6596744092294181,0.6596744092294181
full_coverage_complete,darktreesboy,183,0,0,1,True,False,True,0.7315639376682568,0.7315639376682568
full_coverage_complete,darktreesboy,184,0,0,1,True,False,True,0.6592676521894959,0.6592676521894959
full_coverage_complete,darktreesboy,185,0,0,1,True,False,True,0.5212056668997208,0.5212056668997208
full_coverage_complete,darktreesboy,186,0,0,4,True,False,True,0.5158920825117445,0.5158920825117445
full_coverage_complete,darktreesboy,187,0,0,5,True,False,True,0.5438282396577924,0.5438282396577924
full_coverage_complete,darktreesboy,188,0,1,5,True,False,True,0.38382606541050174,0.0
full_coverage_complete,darktreesboy,189,0,0,4,True,False,True,0.0,0.0
full_coverage_complete,darktreesboy,190,4,4,4,True,False,True,0.0,0.0
full_coverage_complete,darktreesboy,192,5,0,5,True,False,True,0.0,0.0
full_coverage_complete,darktreesboy,193,0,0,4,True,False,True,0.0,0.0
full_coverage_complete,darktreesboy,194,0,0,5,True,False,True,0.0,0.0
full_coverage_complete,darktreesboy,195,0,0,5,True,False,True,0.0,0.0
full_coverage_complete,darktreesboy,196,0,0,5,True,False,True,0.0,0.0
full_coverage_complete,darktreesboy,197,5,4,5,True,False,True,0.0,0.17429395481318957
full_coverage_complete,darktreesboy,198,0,0,4,True,False,True,0.28478950617712,0.28478950617712
full_coverage_complete,darktreesboy,199,0,0,4,True,False,True,0.0,0.0
full_coverage_complete,darktreesboy,200,0,0,6,True,False,True,0.0,0.2803504126809754
full_coverage_complete,darktreesboy,202,0,0,4,True,False,True,0.4276192426674859,0.4276192426674859
full_coverage_complete,darktreesboy,203,0,0,4,True,False,True,0.41428372956819387,0.41428372956819387
full_coverage_complete,darktreesboy,204,0,0,4,True,False,True,0.225920158047578,0.225920158047578
full_coverage_complete,darktreesboy,205,0,0,4,True,False,True,0.3235623123775995,0.3235623123775995
full_coverage_complete,darktreesboy,206,0,0,4,True,False,True,0.19552864417836918,0.19552864417836918
full_coverage_complete,darktreesboy,207,0,0,4,True,False,True,0.19710121897890992,0.19710121897890992
full_coverage_complete,darktreesboy,209,0,0,4,True,False,True,0.3310561578590439,0.3310561578590439
full_coverage_complete,darktreesboy,210,0,0,4,True,False,True,0.2968593380242102,0.2968593380242102
full_coverage_complete,darktreesboy,211,0,0,4,True,False,True,0.07421961890736721,0.07421961890736721
full_coverage_complete,darktreesboy,212,0,0,1,True,False,True,0.01393464900089462,0.01393464900089462
full_coverage_complete,darktreesboy,219,0,0,4,True,False,True,0.18401647628158577,0.18401647628158577
full_coverage_complete,darktreesboy,220,0,0,4,True,False,True,0.24632240875048006,0.24632240875048006
full_coverage_complete,darktreesboy,223,0,0,4,True,False,True,0.25131175385003507,0.25131175385003507
full_coverage_complete,darktreesboy,224,0,0,4,True,False,True,0.1924907406255239,0.1924907406255239
full_coverage_complete,darktreesboy,226,0,0,1,True,False,True,0.19023983631929645,0.19023983631929645
full_coverage_complete,darktreesboy,389,0,0,5,True,False,True,0.6408013766701343,0.6408013766701343
full_coverage_complete,darktreesboy,390,0,0,5,True,False,True,0.5281416197274574,0.5281416197274574
full_coverage_complete,darktreesboy,391,0,0,5,True,False,True,0.6577442640713425,0.6577442640713425
full_coverage_complete,drillmasterfollowingatright,291,0,0,2,True,False,True,0.6372565671775242,0.6372565671775242
full_coverage_complete,drillmasterfollowingatright,306,0,0,1,True,False,True,0.8158368075743523,0.8158368075743523
full_coverage_complete,drillmasterfollowingatright,313,0,0,2,True,False,True,0.7712821649399705,0.7712821649399705
full_coverage_complete,drillmasterfollowingatright,314,0,0,2,True,False,True,0.7360094628887656,0.7360094628887656
full_coverage_complete,drillmasterfollowingatright,316,0,0,4,True,False,True,0.8569334514225619,0.8569334514225619
full_coverage_complete,drillmasterfollowingatright,317,0,0,5,True,False,True,0.7465231826933847,0.7465231826933847
full_coverage_complete,drillmasterfollowingatright,319,0,1,5,True,False,True,0.6456243898728938,0.01667056241593953
full_coverage_complete,drillmasterfollowingatright,320,0,1,1,True,False,True,0.0,0.0
full_coverage_complete,drillmasterfollowingatright,328,0,0,2,True,False,True,0.7851481929803698,0.7851481929803698
full_coverage_complete,drillmasterfollowingatright,329,0,0,5,True,False,True,0.7710530995812312,0.7710530995812312
full_coverage_complete,drillmasterfollowingatright,330,2,0,2,True,False,True,0.7139380056230925,0.01654075551130371
full_coverage_complete,drillmasterfollowingatright,331,0,0,5,True,False,True,0.0,0.0
full_coverage_complete,drillmasterfollowingatright,333,0,0,4,True,False,True,0.0,0.0
full_coverage_complete,drillmasterfollowingatright,334,1,0,1,True,False,True,0.0,0.0
full_coverage_complete,drillmasterfollowingatright,335,0,0,2,True,False,True,0.0,0.0
full_coverage_complete,drillmasterfollowingatright,336,0,0,1,True,False,True,0.0,0.0
full_coverage_complete,drillmasterfollowingatright,337,0,0,2,True,False,True,0.0,0.0
full_coverage_complete,drillmasterfollowingatright,338,0,0,2,True,False,True,0.0,0.0
full_coverage_complete,drillmasterfollowingatright,350,0,0,2,True,False,True,0.0,0.0
full_coverage_complete,drillmasterfollowingatright,351,0,0,2,True,False,True,0.0,0.0
full_coverage_complete,drillmasterfollowingatright,352,0,0,2,True,False,True,0.0,0.0
full_coverage_complete,drillmasterfollowingatright,353,0,0,2,True,False,True,0.0,0.0
full_coverage_complete,drillmasterfollowingatright,354,0,1,2,True,False,True,0.0,0.0
full_coverage_complete,drillmasterfollowingatright,355,0,1,5,True,False,True,0.0,0.0
full_coverage_complete,drillmasterfollowingatright,356,0,0,1,True,False,True,0.0,0.0
full_coverage_complete,drillmasterfollowingatright,357,0,0,2,True,False,True,0.0,0.0
full_coverage_complete,drillmasterfollowingatright,360,0,0,2,True,False,True,0.0,0.0
full_coverage_complete,drillmasterfollowingatright,361,0,0,2,True,False,True,0.0,0.0
full_coverage_complete,drillmasterfollowingatright,362,0,0,2,True,False,True,0.0,0.0
full_coverage_complete,drillmasterfollowingatright,363,0,0,2,True,False,True,0.0,0.0
full_coverage_complete,drillmasterfollowingatright,364,0,0,2,True,False,True,0.0,0.0
full_coverage_complete,drillmasterfollowingatright,365,0,1,2,True,False,True,0.0,0.0
full_coverage_complete,drillmasterfollowingatright,367,0,0,2,True,False,True,0.0,0.0
full_coverage_complete,drillmasterfollowingatright,369,0,0,2,True,False,True,0.0,0.0
full_coverage_complete,drillmasterfollowingatright,370,0,0,1,True,False,True,0.0,0.0
full_coverage_complete,drillmasterfollowingatright,371,0,1,2,True,False,True,0.0,0.0
full_coverage_complete,drillmasterfollowingatright,372,0,1,1,True,False,True,0.0,0.0
full_coverage_complete,drillmasterfollowingatright,373,0,0,5,True,False,True,0.0,0.0
full_coverage_complete,drillmasterfollowingatright,374,0,1,2,True,False,True,0.0,0.0
full_coverage_complete,drillmasterfollowingatright,375,0,0,1,True,False,True,0.0,0.0
full_coverage_complete,drillmasterfollowingatright,378,0,1,2,True,False,True,0.0,0.0
full_coverage_complete,drillmasterfollowingatright,379,0,0,5,True,False,True,0.0,0.0
full_coverage_complete,drillmasterfollowingatright,381,0,0,2,True,False,True,0.0,0.0
full_coverage_complete,drillmasterfollowingatright,382,0,0,2,True,False,True,0.0,0.0
full_coverage_complete,drillmasterfollowingatright,383,0,0,2,True,False,True,0.0,0.0
full_coverage_complete,drillmasterfollowingatright,384,0,0,2,True,False,True,0.0,0.0
full_coverage_complete,drillmasterfollowingatright,385,0,0,2,True,False,True,0.0,0.0
full_coverage_complete,drillmasterfollowingatright,386,0,0,2,True,False,True,0.0,0.0
full_coverage_complete,drillmasterfollowingatright,387,0,1,2,True,False,True,0.0,0.0
full_coverage_complete,drillmasterfollowingatright,388,6,0,6,True,False,True,0.0,0.0
full_coverage_complete,drillmasterfollowingatright,389,0,1,0,False,False,True,0.0,0.0
full_coverage_complete,drillmasterfollowingatright,390,0,0,5,True,False,True,0.0,0.0
full_coverage_complete,drillmasterfollowingatright,391,0,0,2,True,False,True,0.0,0.0
full_coverage_complete,drillmasterfollowingatright,392,0,0,2,True,False,True,0.0,0.0
full_coverage_complete,drillmasterfollowingatright,394,0,0,2,True,False,True,0.0,0.0
full_coverage_complete,drillmasterfollowingatright,395,0,0,2,True,False,True,0.0,0.0
full_coverage_complete,drillmasterfollowingatright,396,0,0,2,True,False,True,0.0,0.0
full_coverage_complete,drillmasterfollowingatright,397,0,0,2,True,False,True,0.0,0.0
full_coverage_complete,drillmasterfollowingatright,400,0,0,2,True,False,True,0.0,0.0
full_coverage_complete,drillmasterfollowingatright,401,0,1,2,True,False,True,0.0,0.0
full_coverage_complete,drillmasterfollowingatright,402,0,1,6,True,False,True,0.0,0.0
full_coverage_complete,drillmasterfollowingatright,403,0,0,5,True,False,True,0.0,0.0
full_coverage_complete,drillmasterfollowingatright,404,0,0,4,True,False,True,0.0,0.0
full_coverage_complete,drillmasterfollowingatright,405,0,0,2,True,False,True,0.0,0.0
full_coverage_complete,drillmasterfollowingatright,406,0,0,4,True,False,True,0.0,0.0
full_coverage_complete,drillmasterfollowingatright,407,0,3,4,True,False,True,0.0,0.0
full_coverage_complete,drillmasterfollowingatright,408,0,0,5,True,False,True,0.0,0.0
full_coverage_complete,drillmasterfollowingatright,409,0,0,4,True,False,True,0.0,0.0
full_coverage_complete,drillmasterfollowingatright,410,0,0,5,True,False,True,0.0,0.0
full_coverage_complete,drillmasterfollowingatright,411,0,0,5,True,False,True,0.0,0.0
full_coverage_complete,drillmasterfollowingatright,412,0,0,4,True,False,True,0.0,0.0
full_coverage_complete,drillmasterfollowingatright,413,0,0,4,True,False,True,0.0,0.0
full_coverage_complete,drillmasterfollowingatright,414,0,0,4,True,False,True,0.0,0.0
full_coverage_complete,drillmasterfollowingatright,415,0,0,4,True,False,True,0.0,0.0
full_coverage_complete,drillmasterfollowingatright,416,0,0,4,True,False,True,0.0,0.0
full_coverage_complete,drillmasterfollowingatright,417,4,0,4,True,False,True,0.0,0.0
full_coverage_complete,drillmasterfollowingatright,418,0,0,5,True,False,True,0.0,0.0
full_coverage_complete,drillmasterfollowingatright,419,0,0,4,True,False,True,0.0,0.0
full_coverage_complete,drillmasterfollowingatright,420,0,0,5,True,False,True,0.0,0.0
full_coverage_complete,drillmasterfollowingatright,421,0,0,4,True,False,True,0.0,0.0
full_coverage_complete,drillmasterfollowingatright,422,0,0,5,True,False,True,0.0,0.0
full_coverage_complete,drillmasterfollowingatright,423,0,0,4,True,False,True,0.0,0.0
full_coverage_complete,drillmasterfollowingatright,424,0,0,4,True,False,True,0.0,0.0
full_coverage_complete,drillmasterfollowingatright,425,0,0,4,True,False,True,0.229167981518349,0.229167981518349
full_coverage_complete,drillmasterfollowingatright,427,0,0,1,True,False,True,0.0,0.0
full_coverage_complete,drillmasterfollowingatright,428,0,0,4,True,False,True,0.0,0.0
full_coverage_complete,drillmasterfollowingatright,429,0,0,4,True,False,True,0.0,0.0
full_coverage_complete,drillmasterfollowingatright,430,0,0,4,True,False,True,0.0,0.24135324735505823
full_coverage_complete,drillmasterfollowingatright,432,0,0,5,True,False,True,0.6106928103149624,0.6106928103149624
full_coverage_complete,drillmasterfollowingatright,433,0,0,5,True,False,True,0.7041968621357376,0.7041968621357376
full_coverage_complete,drillmasterfollowingatright,434,0,0,2,True,False,True,0.719536862576791,0.719536862576791
full_coverage_complete,drillmasterfollowingatright,457,0,0,2,True,False,True,0.0,0.0
full_coverage_complete,drillmasterfollowingatright,458,0,0,5,True,False,True,0.09632405713398125,0.09632405713398125
full_coverage_complete,drillmasterfollowingatright,459,0,0,5,True,False,True,0.1003990078086451,0.1003990078086451
full_coverage_complete,drillmasterfollowingatright,460,0,0,5,True,False,True,0.0,0.0
full_coverage_complete,drillmasterfollowingatright,461,0,0,4,True,False,True,0.03268124556323755,0.03268124556323755
full_coverage_complete,drillmasterfollowingatright,462,0,0,4,True,False,True,0.11914963087730344,0.11914963087730344
full_coverage_complete,drillmasterfollowingatright,463,0,0,4,True,False,True,0.42176038004583666,0.42176038004583666
full_coverage_complete,drillmasterfollowingatright,464,0,0,4,True,False,True,0.43142370022090726,0.43142370022090726
full_coverage_complete,drillmasterfollowingatright,465,0,0,4,True,False,True,0.31621112303807924,0.31621112303807924
full_coverage_complete,drillmasterfollowingatright,466,0,0,4,True,False,True,0.4058528509128821,0.4058528509128821
full_coverage_complete,drillmasterfollowingatright,467,0,0,5,True,False,True,0.28228526629831036,0.28228526629831036
full_coverage_complete,drillmasterfollowingatright,468,0,0,4,True,False,True,0.35518869791225344,0.35518869791225344
full_coverage_complete,drillmasterfollowingatright,470,0,0,4,True,False,True,0.39986747010649115,0.39986747010649115
full_coverage_complete,drillmasterfollowingatright,471,0,0,5,True,False,True,0.41597143839907474,0.41597143839907474
full_coverage_complete,drillmasterfollowingatright,472,0,0,4,True,False,True,0.4258468459593127,0.4258468459593127
full_coverage_complete,drillmasterfollowingatright,473,0,0,5,True,False,True,0.29707629603479935,0.29707629603479935
full_coverage_complete,drillmasterfollowingatright,474,0,0,5,True,False,True,0.5662123386112448,0.5662123386112448
full_coverage_complete,drillmasterfollowingatright,475,0,0,1,True,False,True,0.5296607909316347,0.5296607909316347
full_coverage_complete,drillmasterfollowingatright,476,0,0,4,True,False,True,0.732973801976431,0.732973801976431
full_coverage_complete,drillmasterfollowingatright,477,0,0,5,True,False,True,0.6749738508802366,0.6749738508802366
full_coverage_complete,drillmasterfollowingatright,478,0,0,5,True,False,True,0.6773559106530844,0.6773559106530844
full_coverage_complete,drillmasterfollowingatright,479,0,0,5,True,False,True,0.695459778925825,0.695459778925825
full_coverage_complete,drillmasterfollowingatright,481,0,0,4,True,False,True,0.5511043754499302,0.5511043754499302
full_coverage_complete,drillmasterfollowingatright,483,0,0,4,True,False,True,0.6312308376151498,0.6312308376151498
full_coverage_complete,drillmasterfollowingatright,484,0,0,4,True,False,True,0.6761819640492222,0.6761819640492222
full_coverage_complete,drillmasterfollowingatright,486,5,0,5,True,False,True,0.5971324991592809,0.7234359717776344
full_coverage_complete,drillmasterfollowingatright,487,0,1,2,True,False,True,0.5886762395982298,0.0
full_coverage_complete,drillmasterfollowingatright,488,5,1,5,True,False,True,0.0,0.0
full_coverage_complete,drillmasterfollowingatright,489,0,0,5,True,False,True,0.0,0.0
full_coverage_complete,drillmasterfollowingatright,490,0,0,2,True,False,True,0.0,0.0
full_coverage_complete,drillmasterfollowingatright,491,0,0,5,True,False,True,0.0,0.0
full_coverage_complete,drillmasterfollowingatright,492,0,0,5,True,False,True,0.0,0.0
full_coverage_complete,drillmasterfollowingatright,493,0,1,5,True,False,True,0.0,0.6164260952941156
full_coverage_complete,drillmasterfollowingatright,494,0,0,1,True,False,True,0.6870485123483806,0.6870485123483806
full_coverage_complete,drillmasterfollowingatright,495,0,0,4,True,False,True,0.5986952117329589,0.0
full_coverage_complete,drillmasterfollowingatright,496,0,0,5,True,False,True,0.0,0.0
full_coverage_complete,drillmasterfollowingatright,497,0,0,2,True,False,True,0.0,0.6250206496623928
full_coverage_complete,drillmasterfollowingatright,498,0,0,1,True,False,True,0.6850267551905648,0.6850267551905648
full_coverage_complete,drillmasterfollowingatright,500,0,0,2,True,False,True,0.1652217464492905,0.1652217464492905
full_coverage_complete,drillmasterfollowingatright,501,0,0,2,True,False,True,0.1973649368178458,0.1973649368178458
full_coverage_complete,drillmasterfollowingatright,502,0,0,4,True,False,True,0.17509266224736994,0.17509266224736994
full_coverage_complete,drillmasterfollowingatright,503,0,0,2,True,False,True,0.17934963998786868,0.17934963998786868
full_coverage_complete,drillmasterfollowingatright,504,0,0,2,True,False,True,0.16015481056213118,0.16015481056213118
full_coverage_complete,drillmasterfollowingatright,505,0,0,2,True,False,True,0.14077350245610434,0.14077350245610434
full_coverage_complete,drillmasterfollowingatright,506,0,1,4,True,False,True,0.2039118428655998,0.0
full_coverage_complete,drillmasterfollowingatright,507,0,0,5,True,False,True,0.0,0.0
full_coverage_complete,drillmasterfollowingatright,508,0,0,2,True,False,True,0.0,0.0
full_coverage_complete,drillmasterfollowingatright,509,0,0,1,True,False,True,0.0,0.0
full_coverage_complete,drillmasterfollowingatright,510,0,0,2,True,False,True,0.0,0.0
full_coverage_complete,drillmasterfollowingatright,511,0,0,4,True,False,True,0.0,0.0
full_coverage_complete,drillmasterfollowingatright,512,0,0,5,True,False,True,0.0,0.0
full_coverage_complete,drillmasterfollowingatright,513,0,0,5,True,False,True,0.0,0.0
full_coverage_complete,drillmasterfollowingatright,515,0,0,2,True,False,True,0.0,0.0
full_coverage_complete,drillmasterfollowingatright,516,0,0,5,True,False,True,0.0,0.0
full_coverage_complete,drillmasterfollowingatright,517,0,0,1,True,False,True,0.0,0.0
full_coverage_complete,drillmasterfollowingatright,518,0,0,2,True,False,True,0.0,0.0
full_coverage_complete,drillmasterfollowingatright,519,0,0,4,True,False,True,0.0,0.0
full_coverage_complete,drillmasterfollowingatright,520,0,0,5,True,False,True,0.0,0.0
full_coverage_complete,drillmasterfollowingatright,521,0,0,5,True,False,True,0.0,0.0
full_coverage_complete,drillmasterfollowingatright,522,0,0,4,True,False,True,0.0,0.0
full_coverage_complete,drillmasterfollowingatright,523,0,0,4,True,False,True,0.0,0.0
full_coverage_complete,drillmasterfollowingatright,524,0,0,4,True,False,True,0.0,0.0
full_coverage_complete,drillmasterfollowingatright,525,0,0,4,True,False,True,0.0,0.0
full_coverage_complete,drillmasterfollowingatright,526,0,0,4,True,False,True,0.0,0.0
full_coverage_complete,drillmasterfollowingatright,527,0,0,4,True,False,True,0.0,0.0
full_coverage_complete,drillmasterfollowingatright,529,0,0,5,True,False,True,0.0,0.0
full_coverage_complete,drillmasterfollowingatright,530,0,0,5,True,False,True,0.0,0.0
full_coverage_complete,drillmasterfollowingatright,531,0,0,5,True,False,True,0.015552442013456656,0.015552442013456656
full_coverage_complete,drillmasterfollowingatright,532,0,0,5,True,False,True,0.0,0.0
full_coverage_complete,drillmasterfollowingatright,533,0,0,5,True,False,True,0.0,0.0
full_coverage_complete,drillmasterfollowingatright,534,0,0,5,True,False,True,0.030165494575514967,0.030165494575514967
full_coverage_complete,drillmasterfollowingatright,535,0,0,2,True,False,True,0.0,0.0
full_coverage_complete,drillmasterfollowingatright,536,0,0,5,True,False,True,0.0,0.0
full_coverage_complete,drillmasterfollowingatright,537,0,0,5,True,False,True,0.0,0.0
full_coverage_complete,drillmasterfollowingatright,538,2,0,2,True,False,True,0.03934239791170575,0.24056407032329946
full_coverage_complete,drillmasterfollowingatright,539,0,0,5,True,False,True,0.30647865294390786,0.30647865294390786
full_coverage_complete,drillmasterfollowingatright,541,0,0,4,True,False,True,0.2031551689277863,0.2031551689277863
full_coverage_complete,drillmasterfollowingatright,542,0,0,4,True,False,True,0.13805385855078872,0.13805385855078872
full_coverage_complete,drillmasterfollowingatright,543,0,0,5,True,False,True,0.21495325157431006,0.21495325157431006
full_coverage_complete,drillmasterfollowingatright,544,0,0,5,True,False,True,0.3139563385883526,0.3139563385883526
full_coverage_complete,drillmasterfollowingatright,545,0,0,5,True,False,True,0.09504551916355726,0.09504551916355726
full_coverage_complete,drillmasterfollowingatright,546,0,0,4,True,False,True,0.2076854163946767,0.2076854163946767
full_coverage_complete,drillmasterfollowingatright,547,0,0,5,True,False,True,0.3937427693765732,0.3937427693765732
full_coverage_complete,drillmasterfollowingatright,548,0,0,5,True,False,True,0.40883739178172734,0.40883739178172734
full_coverage_complete,drillmasterfollowingatright,549,0,0,5,True,False,True,0.39100135518290735,0.39100135518290735
full_coverage_complete,drillmasterfollowingatright,550,5,0,5,True,False,True,0.5378744398824501,0.3720828071833693
full_coverage_complete,drillmasterfollowingatright,551,0,0,4,True,False,True,0.4339976553022279,0.4339976553022279
full_coverage_complete,drillmasterfollowingatright,552,0,0,5,True,False,True,0.36391609547931103,0.36391609547931103
full_coverage_complete,drillmasterfollowingatright,553,0,0,5,True,False,True,0.5363450191751759,0.5363450191751759
full_coverage_complete,drillmasterfollowingatright,554,0,0,5,True,False,True,0.5393213013109046,0.5393213013109046
full_coverage_complete,drillmasterfollowingatright,555,0,0,5,True,False,True,0.18912031229035606,0.18912031229035606
full_coverage_complete,drillmasterfollowingatright,556,0,0,5,True,False,True,0.09629329588655616,0.09629329588655616
full_coverage_complete,drillmasterfollowingatright,557,0,0,5,True,False,True,0.2680378100302184,0.2680378100302184
full_coverage_complete,drillmasterfollowingatright,558,0,0,5,True,False,True,0.008033699373943541,0.008033699373943541
full_coverage_complete,drillmasterfollowingatright,559,0,0,5,True,False,True,0.0,0.0
full_coverage_complete,drillmasterfollowingatright,560,0,0,5,True,False,True,0.0,0.0
full_coverage_complete,drillmasterfollowingatright,561,0,0,4,True,False,True,0.0,0.0
full_coverage_complete,drillmasterfollowingatright,562,0,0,5,True,False,True,0.0,0.0
full_coverage_complete,drillmasterfollowingatright,563,0,0,5,True,False,True,0.0,0.0
full_coverage_complete,drillmasterfollowingatright,564,0,2,5,True,False,True,0.0,0.0
full_coverage_complete,drillmasterfollowingatright,565,4,0,4,True,False,True,0.0,0.0
full_coverage_complete,drillmasterfollowingatright,566,0,0,4,True,False,True,0.0,0.0
full_coverage_complete,drillmasterfollowingatright,567,0,0,4,True,False,True,0.0,0.0
full_coverage_complete,drillmasterfollowingatright,568,0,1,4,True,False,True,0.0,0.0
full_coverage_complete,drillmasterfollowingatright,569,0,0,4,True,False,True,0.0,0.0
full_coverage_complete,drillmasterfollowingatright,570,0,0,4,True,False,True,0.0,0.0
full_coverage_complete,drillmasterfollowingatright,571,0,0,4,True,False,True,0.0,0.0
full_coverage_complete,drillmasterfollowingatright,572,0,0,4,True,False,True,0.0,0.0
full_coverage_complete,drillmasterfollowingatright,573,0,0,4,True,False,True,0.0,0.0
full_coverage_complete,drillmasterfollowingatright,574,0,0,4,True,False,True,0.0,0.0
full_coverage_complete,drillmasterfollowingatright,575,0,1,4,True,False,True,0.0,0.0
full_coverage_complete,drillmasterfollowingatright,576,0,0,1,True,False,True,0.0,0.0
full_coverage_complete,drillmasterfollowingatright,577,0,0,4,True,False,True,0.0,0.0
full_coverage_complete,drillmasterfollowingatright,578,0,0,4,True,False,True,0.0,0.0
full_coverage_complete,drillmasterfollowingatright,579,0,0,4,True,False,True,0.0,0.0
full_coverage_complete,drillmasterfollowingatright,580,0,0,4,True,False,True,0.0,0.0
full_coverage_complete,drillmasterfollowingatright,581,0,0,4,True,False,True,0.0,0.0
full_coverage_complete,drillmasterfollowingatright,582,0,0,5,True,False,True,0.0,0.0
full_coverage_complete,drillmasterfollowingatright,583,0,0,5,True,False,True,0.0,0.0
full_coverage_complete,drillmasterfollowingatright,587,0,0,5,True,False,True,0.0,0.0
full_coverage_complete,drillmasterfollowingatright,588,0,0,4,True,False,True,0.0,0.0
full_coverage_complete,drillmasterfollowingatright,589,0,0,5,True,False,True,0.0,0.0
full_coverage_complete,drillmasterfollowingatright,590,0,0,5,True,False,True,0.0,0.0
full_coverage_complete,drillmasterfollowingatright,591,0,0,5,True,False,True,0.0,0.0
full_coverage_complete,drillmasterfollowingatright,592,0,0,4,True,False,True,0.0,0.0
full_coverage_complete,drillmasterfollowingatright,593,0,0,4,True,False,True,0.0,0.0
full_coverage_complete,drillmasterfollowingatright,594,0,0,4,True,False,True,0.0,0.0
full_coverage_complete,drillmasterfollowingatright,595,0,0,4,True,False,True,0.0,0.0
full_coverage_complete,drillmasterfollowingatright,596,0,0,4,True,False,True,0.0,0.0
full_coverage_complete,drillmasterfollowingatright,597,0,0,5,True,False,True,0.0,0.0
full_coverage_complete,drillmasterfollowingatright,598,0,0,4,True,False,True,0.0,0.0
full_coverage_complete,drillmasterfollowingatright,599,0,0,4,True,False,True,0.0,0.0
full_coverage_complete,drillmasterfollowingatright,600,0,1,4,True,False,True,0.0,0.0
full_coverage_complete,drillmasterfollowingatright,601,0,0,5,True,False,True,0.0,0.0
full_coverage_complete,drillmasterfollowingatright,602,0,0,4,True,False,True,0.0,0.0
full_coverage_complete,drillmasterfollowingatright,603,0,0,5,True,False,True,0.0,0.0
full_coverage_complete,drillmasterfollowingatright,604,0,0,5,True,False,True,0.0,0.0
full_coverage_complete,drillmasterfollowingatright,605,5,0,5,True,False,True,0.0,0.0
full_coverage_complete,drillmasterfollowingatright,606,0,0,5,True,False,True,0.0,0.0
full_coverage_complete,drillmasterfollowingatright,607,0,0,5,True,False,True,0.0,0.0
full_coverage_complete,drillmasterfollowingatright,608,4,0,4,True,False,True,0.0,0.0
full_coverage_complete,drillmasterfollowingatright,609,0,0,5,True,False,True,0.0,0.0
full_coverage_complete,drillmasterfollowingatright,610,0,0,4,True,False,True,0.0,0.0
full_coverage_complete,drillmasterfollowingatright,611,0,0,4,True,False,True,0.0,0.0
full_coverage_complete,drillmasterfollowingatright,612,0,0,4,True,False,True,0.0,0.0
full_coverage_complete,drillmasterfollowingatright,613,0,0,4,True,False,True,0.0,0.0
full_coverage_complete,drillmasterfollowingatright,614,0,0,4,True,False,True,0.0,0.0
full_coverage_complete,drillmasterfollowingatright,615,0,0,4,True,False,True,0.0,0.0
full_coverage_complete,drillmasterfollowingatright,616,0,0,4,True,False,True,0.0,0.0
full_coverage_complete,drillmasterfollowingatright,617,0,0,5,True,False,True,0.0,0.0
full_coverage_complete,drillmasterfollowingatright,618,4,0,4,True,False,True,0.0,0.24169005784904984
full_coverage_complete,drillmasterfollowingatright,619,0,0,5,True,False,True,0.2035597927305558,0.2035597927305558
full_coverage_complete,drillmasterfollowingatright,620,4,0,4,True,False,True,0.06588741304809335,0.0
full_coverage_complete,drillmasterfollowingatright,621,0,0,5,True,False,True,0.003717247842980292,0.003717247842980292
full_coverage_complete,drillmasterfollowingatright,622,0,0,4,True,False,True,0.12707815114210833,0.12707815114210833
full_coverage_complete,drillmasterfollowingatright,623,0,0,4,True,False,True,0.26469166305153535,0.26469166305153535
full_coverage_complete,drillmasterfollowingatright,624,0,0,4,True,False,True,0.286497221777193,0.286497221777193
full_coverage_complete,drillmasterfollowingatright,625,4,0,4,True,False,True,0.393389914268613,0.0
full_coverage_complete,drillmasterfollowingatright,626,0,0,5,True,False,True,0.0,0.0
full_coverage_complete,drillmasterfollowingatright,627,5,1,5,True,False,True,0.0,0.0
full_coverage_complete,drillmasterfollowingatright,628,0,0,5,True,False,True,0.0,0.0
full_coverage_complete,drillmasterfollowingatright,629,0,0,5,True,False,True,0.0,0.0
full_coverage_complete,drillmasterfollowingatright,630,0,0,5,True,False,True,0.0,0.0
full_coverage_complete,drillmasterfollowingatright,631,0,0,5,True,False,True,0.0,0.0
full_coverage_complete,drillmasterfollowingatright,632,0,0,5,True,False,True,0.0,0.0
full_coverage_complete,drillmasterfollowingatright,635,0,0,2,True,False,True,0.0,0.0
full_coverage_complete,drillmasterfollowingatright,637,0,0,5,True,False,True,0.0,0.0
full_coverage_complete,drillmasterfollowingatright,639,0,0,5,True,False,True,0.0,0.0
full_coverage_complete,drillmasterfollowingatright,641,0,0,2,True,False,True,0.0,0.0
full_coverage_complete,drillmasterfollowingatright,642,0,0,5,True,False,True,0.0,0.0
full_coverage_complete,drillmasterfollowingatright,644,0,0,2,True,False,True,0.0,0.0
full_coverage_complete,drillmasterfollowingatright,645,0,0,4,True,False,True,0.0,0.0
full_coverage_complete,drillmasterfollowingatright,646,0,0,4,True,False,True,0.0,0.0
full_coverage_complete,drillmasterfollowingatright,647,0,0,4,True,False,True,0.0,0.0
full_coverage_complete,drillmasterfollowingatright,648,0,0,4,True,False,True,0.0,0.0
full_coverage_complete,drillmasterfollowingatright,649,0,0,4,True,False,True,0.0,0.0
full_coverage_complete,drillmasterfollowingatright,650,0,0,4,True,False,True,0.0,0.0
full_coverage_complete,drillmasterfollowingatright,651,0,0,4,True,False,True,0.0,0.0
full_coverage_complete,drillmasterfollowingatright,652,0,0,1,True,False,True,0.0,0.0
full_coverage_complete,drillmasterfollowingatright,653,0,0,4,True,False,True,0.0,0.0
full_coverage_complete,drillmasterfollowingatright,654,0,0,4,True,False,True,0.0,0.0
full_coverage_complete,drillmasterfollowingatright,655,0,0,2,True,False,True,0.0,0.0
full_coverage_complete,drillmasterfollowingatright,656,0,0,2,True,False,True,0.0,0.0
full_coverage_complete,drillmasterfollowingatright,657,0,0,2,True,False,True,0.0,0.0
full_coverage_complete,drillmasterfollowingatright,658,0,0,5,True,False,True,0.0,0.0
full_coverage_complete,drillmasterfollowingatright,659,0,0,4,True,False,True,0.0,0.0
full_coverage_complete,drillmasterfollowingatright,660,0,0,4,True,False,True,0.004147419528042426,0.004147419528042426
full_coverage_complete,drillmasterfollowingatright,661,0,0,4,True,False,True,0.0,0.0
full_coverage_complete,drillmasterfollowingatright,662,0,0,4,True,False,True,0.0,0.0
full_coverage_complete,drillmasterfollowingatright,663,0,0,4,True,False,True,0.009643182789101304,0.009643182789101304
full_coverage_complete,drillmasterfollowingatright,664,0,0,4,True,False,True,0.12388477012730455,0.12388477012730455
full_coverage_complete,drillmasterfollowingatright,665,4,0,4,True,False,True,0.0,0.0
full_coverage_complete,drillmasterfollowingatright,666,0,0,5,True,False,True,0.09804342561095764,0.09804342561095764
full_coverage_complete,drillmasterfollowingatright,667,0,0,1,True,False,True,0.15548198045117476,0.15548198045117476
full_coverage_complete,drillmasterfollowingatright,668,0,0,1,True,False,True,0.0,0.0
full_coverage_complete,drillmasterfollowingatright,669,0,0,2,True,False,True,0.0,0.0
full_coverage_complete,drillmasterfollowingatright,670,0,0,4,True,False,True,0.0,0.0
full_coverage_complete,drillmasterfollowingatright,671,0,0,4,True,False,True,0.0,0.0
full_coverage_complete,drillmasterfollowingatright,672,0,0,4,True,False,True,0.06735190745920207,0.06735190745920207
full_coverage_complete,drillmasterfollowingatright,673,0,0,4,True,False,True,0.15721963945361042,0.15721963945361042
full_coverage_complete,drillmasterfollowingatright,674,0,0,4,True,False,True,0.12331678819669088,0.12331678819669088
full_coverage_complete,drillmasterfollowingatright,675,0,0,4,True,False,True,0.39299767589217016,0.39299767589217016
full_coverage_complete,drillmasterfollowingatright,676,0,0,4,True,False,True,0.2566650486285495,0.2566650486285495
full_coverage_complete,drillmasterfollowingatright,677,0,0,2,True,False,True,0.21552427455300888,0.21552427455300888
full_coverage_complete,drillmasterfollowingatright,678,0,0,4,True,False,True,0.38122129884437866,0.38122129884437866
full_coverage_complete,drillmasterfollowingatright,679,0,0,2,True,False,True,0.13277863609811005,0.13277863609811005
full_coverage_complete,drillmasterfollowingatright,680,0,0,5,True,False,True,0.42539743206257474,0.42539743206257474
full_coverage_complete,drillmasterfollowingatright,681,0,0,1,True,False,True,0.35167167699731916,0.35167167699731916
full_coverage_complete,drillmasterfollowingatright,682,0,0,4,True,False,True,0.2048688161511021,0.2048688161511021
full_coverage_complete,drillmasterfollowingatright,683,0,0,4,True,False,True,0.4564960166950145,0.4564960166950145
full_coverage_complete,drillmasterfollowingatright,684,0,0,4,True,False,True,0.2179031799664159,0.2179031799664159
full_coverage_complete,drillmasterfollowingatright,685,0,0,2,True,False,True,0.39696443216297517,0.39696443216297517
full_coverage_complete,drillmasterfollowingatright,686,0,0,4,True,False,True,0.7375560135350584,0.7375560135350584
full_coverage_complete,drillmasterfollowingatright,687,0,0,4,True,False,True,0.5888816435371756,0.5888816435371756
full_coverage_complete,drillmasterfollowingatright,688,0,0,4,True,False,True,0.46297603671144316,0.46297603671144316
full_coverage_complete,drillmasterfollowingatright,689,0,0,4,True,False,True,0.5362268339888893,0.5362268339888893
full_coverage_complete,drillmasterfollowingatright,690,0,0,4,True,False,True,0.6531984185678845,0.6531984185678845
full_coverage_complete,drillmasterfollowingatright,691,0,0,4,True,False,True,0.6446970107032681,0.6446970107032681
full_coverage_complete,drillmasterfollowingatright,695,0,0,4,True,False,True,0.6388773400769374,0.6388773400769374
full_coverage_complete,drillmasterfollowingatright,696,0,0,4,True,False,True,0.6858938966640293,0.6858938966640293
full_coverage_complete,drillmasterfollowingatright,698,0,0,4,True,False,True,0.6472986159800481,0.6472986159800481
full_coverage_complete,drillmasterfollowingatright,699,4,1,4,True,False,True,0.673891403030103,0.6025606217714106
full_coverage_complete,drillmasterfollowingatright,700,0,0,4,True,False,True,0.6836021384576768,0.6836021384576768
full_coverage_complete,drillmasterfollowingatright,701,0,0,4,True,False,True,0.7017481757129612,0.7017481757129612
full_coverage_complete,drillmasterfollowingatright,702,0,0,4,True,False,True,0.727146287207637,0.727146287207637
full_coverage_complete,drillmasterfollowingatright,703,0,0,4,True,False,True,0.6836583321811948,0.6836583321811948
full_coverage_complete,drillmasterfollowingatright,704,0,0,4,True,False,True,0.6546902611438488,0.6546902611438488
full_coverage_complete,drillmasterfollowingatright,705,0,0,1,True,False,True,0.5706300423238164,0.5706300423238164
full_coverage_complete,drillmasterfollowingatright,706,0,0,4,True,False,True,0.5967225705172574,0.5967225705172574
full_coverage_complete,drillmasterfollowingatright,707,0,1,4,True,False,True,0.5575811075327711,0.0
full_coverage_complete,drillmasterfollowingatright,708,0,0,4,True,False,True,0.0,0.0
full_coverage_complete,drillmasterfollowingatright,709,0,0,4,True,False,True,0.0,0.0
full_coverage_complete,drillmasterfollowingatright,710,0,0,4,True,False,True,0.0,0.0
full_coverage_complete,drillmasterfollowingatright,711,4,0,4,True,False,True,0.0,0.6671369265463712
full_coverage_complete,drillmasterfollowingatright,720,0,0,4,True,False,True,0.7274510605499497,0.7274510605499497
full_coverage_complete,drillmasterfollowingatright,721,0,0,4,True,False,True,0.7038790202976021,0.7038790202976021
full_coverage_complete,drillmasterfollowingatright,722,0,0,4,True,False,True,0.7429536453907609,0.7429536453907609
full_coverage_complete,drillmasterfollowingatright,723,0,0,4,True,False,True,0.7409075676692941,0.7409075676692941
full_coverage_complete,drillmasterfollowingatright,724,0,0,4,True,False,True,0.6895084673826456,0.6895084673826456
full_coverage_complete,drillmasterfollowingatright,725,0,0,4,True,False,True,0.6549881413385494,0.6549881413385494
full_coverage_complete,drillmasterfollowingatright,726,0,0,4,True,False,True,0.6147211770785349,0.6147211770785349
full_coverage_complete,drillmasterfollowingatright,727,0,0,4,True,False,True,0.5555973606733283,0.5555973606733283
full_coverage_complete,drillmasterfollowingatright,728,4,0,4,True,False,True,0.595421608605777,0.6424967165115875
full_coverage_complete,drillmasterfollowingatright,729,0,0,5,True,False,True,0.615236610915094,0.615236610915094
full_coverage_complete,drillmasterfollowingatright,730,0,0,4,True,False,True,0.6644865362244973,0.6644865362244973
full_coverage_complete,drillmasterfollowingatright,731,4,0,4,True,False,True,0.7037370257338986,0.6186497126998842
full_coverage_complete,drillmasterfollowingatright,732,0,1,4,True,False,True,0.6636186911678443,0.0
full_coverage_complete,drillmasterfollowingatright,733,4,0,4,True,False,True,0.0,0.7001840102393228
full_coverage_complete,drillmasterfollowingatright,734,5,0,5,True,False,True,0.7015306369090907,0.6887760556165455
full_coverage_complete,drillmasterfollowingatright,735,4,0,4,True,False,True,0.8265343235560457,0.8020134883120886
full_coverage_complete,drillmasterfollowingatright,740,0,0,4,True,False,True,0.6762586304212088,0.6762586304212088
full_coverage_complete,drillmasterfollowingatright,741,0,0,4,True,False,True,0.641713112399651,0.641713112399651
full_coverage_complete,drillmasterfollowingatright,742,0,0,4,True,False,True,0.654794463729693,0.654794463729693
full_coverage_complete,drillmasterfollowingatright,743,0,0,4,True,False,True,0.7799328749991459,0.7799328749991459
full_coverage_complete,drillmasterfollowingatright,744,4,0,4,True,False,True,0.7251881491681355,0.7152655848022152
full_coverage_complete,drillmasterfollowingatright,745,0,0,4,True,False,True,0.53019971582894,0.53019971582894
full_coverage_complete,drillmasterfollowingatright,746,0,0,4,True,False,True,0.48982912533303985,0.48982912533303985
full_coverage_complete,drillmasterfollowingatright,747,0,0,4,True,False,True,0.512988680631467,0.512988680631467
full_coverage_complete,drillmasterfollowingatright,748,0,0,4,True,False,True,0.5430480872013269,0.5430480872013269
full_coverage_complete,drillmasterfollowingatright,749,0,0,4,True,False,True,0.5720932089673505,0.5720932089673505
full_coverage_complete,drillmasterfollowingatright,750,4,0,4,True,False,True,0.49855554693808807,0.49687312328311367
full_coverage_complete,drillmasterfollowingatright,751,0,0,4,True,False,True,0.527254544604788,0.527254544604788
full_coverage_complete,drillmasterfollowingatright,752,0,0,4,True,False,True,0.5955204112252329,0.5955204112252329
full_coverage_complete,drillmasterfollowingatright,753,4,1,4,True,False,True,0.6744573254357352,0.5836534783533219
full_coverage_complete,drillmasterfollowingatright,754,0,0,4,True,False,True,0.6087308533033633,0.6087308533033633
full_coverage_complete,drillmasterfollowingatright,755,0,0,4,True,False,True,0.6760769774108728,0.6760769774108728
full_coverage_complete,drillmasterfollowingatright,756,0,0,5,True,False,True,0.6267609725423481,0.6267609725423481
full_coverage_complete,drillmasterfollowingatright,757,0,0,4,True,False,True,0.7134439503654301,0.7134439503654301
full_coverage_complete,drillmasterfollowingatright,758,0,0,5,True,False,True,0.7273791842382574,0.7273791842382574
full_coverage_complete,drillmasterfollowingatright,759,0,0,4,True,False,True,0.5789844250067931,0.5789844250067931
full_coverage_complete,drillmasterfollowingatright,760,0,0,4,True,False,True,0.7094526805793223,0.7094526805793223
full_coverage_complete,drillmasterfollowingatright,761,0,0,5,True,False,True,0.7518567198793012,0.7518567198793012
full_coverage_complete,drillmasterfollowingatright,762,4,0,4,True,False,True,0.7266934050499695,0.7164877390193911
full_coverage_complete,drillmasterfollowingatright,763,0,0,4,True,False,True,0.6237617871604291,0.6237617871604291
full_coverage_complete,drillmasterfollowingatright,764,0,0,4,True,False,True,0.7544148343560122,0.7544148343560122
full_coverage_complete,drillmasterfollowingatright,765,0,1,4,True,False,True,0.5489583892596329,0.0
full_coverage_complete,drillmasterfollowingatright,766,0,0,4,True,False,True,0.0,0.0
full_coverage_complete,drillmasterfollowingatright,767,0,0,4,True,False,True,0.0,0.0
full_coverage_complete,drillmasterfollowingatright,768,0,0,4,True,False,True,0.0,0.0
full_coverage_complete,drillmasterfollowingatright,769,4,0,4,True,False,True,0.0,0.6372049155381868
full_coverage_complete,drillmasterfollowingatright,770,0,0,5,True,False,True,0.6523298544366598,0.6523298544366598
full_coverage_complete,drillmasterfollowingatright,772,0,0,4,True,False,True,0.6036790359610524,0.6036790359610524
full_coverage_complete,drillmasterfollowingatright,773,0,0,4,True,False,True,0.6366749996560467,0.6366749996560467
full_coverage_complete,drillmasterfollowingatright,774,0,0,4,True,False,True,0.6385196689337699,0.6385196689337699
full_coverage_complete,drillmasterfollowingatright,776,0,0,4,True,False,True,0.668697334316658,0.668697334316658
full_coverage_complete,drillmasterfollowingatright,777,0,0,4,True,False,True,0.6613000890803453,0.6613000890803453
full_coverage_complete,drillmasterfollowingatright,778,0,0,4,True,False,True,0.6216132492314779,0.6216132492314779
full_coverage_complete,drillmasterfollowingatright,779,0,0,4,True,False,True,0.6404369991246854,0.6404369991246854
full_coverage_complete,drillmasterfollowingatright,780,0,0,4,True,False,True,0.30793569225139605,0.30793569225139605
full_coverage_complete,drillmasterfollowingatright,781,0,0,4,True,False,True,0.5394374057775259,0.5394374057775259
full_coverage_complete,drillmasterfollowingatright,782,0,0,4,True,False,True,0.6188670733620114,0.6188670733620114
full_coverage_complete,drillmasterfollowingatright,783,0,0,4,True,False,True,0.4253380663283932,0.4253380663283932
full_coverage_complete,drillmasterfollowingatright,784,0,0,4,True,False,True,0.5722076571348047,0.5722076571348047
full_coverage_complete,drillmasterfollowingatright,785,0,0,4,True,False,True,0.3998315381554413,0.3998315381554413
full_coverage_complete,drillmasterfollowingatright,786,0,0,4,True,False,True,0.7063051188415942,0.7063051188415942
full_coverage_complete,drillmasterfollowingatright,787,0,0,4,True,False,True,0.7623563957777795,0.7623563957777795
full_coverage_complete,drillmasterfollowingatright,788,0,0,4,True,False,True,0.8451479610733381,0.8451479610733381
full_coverage_complete,drillmasterfollowingatright,789,0,0,4,True,False,True,0.7861905194517665,0.7861905194517665
full_coverage_complete,drillmasterfollowingatright,790,0,0,4,True,False,True,0.8447048621781852,0.8447048621781852
full_coverage_complete,drillmasterfollowingatright,791,0,0,4,True,False,True,0.9257425734593219,0.9257425734593219
full_coverage_complete,drillmasterfollowingatright,792,0,0,4,True,False,True,0.8614745019402615,0.8614745019402615
full_coverage_complete,drillmasterfollowingatright,793,0,0,5,True,False,True,0.7697819316858245,0.7697819316858245
full_coverage_complete,drillmasterfollowingatright,794,0,0,4,True,False,True,0.5839049338892329,0.5839049338892329
full_coverage_complete,drillmasterfollowingatright,795,0,0,4,True,False,True,0.7352127202224166,0.7352127202224166
full_coverage_complete,drillmasterfollowingatright,796,0,0,5,True,False,True,0.579069642244718,0.579069642244718
full_coverage_complete,drillmasterfollowingatright,797,0,0,4,True,False,True,0.6742442634944934,0.6742442634944934
full_coverage_complete,drillmasterfollowingatright,798,0,0,4,True,False,True,0.5272557775571172,0.5272557775571172
full_coverage_complete,drillmasterfollowingatright,799,0,0,4,True,False,True,0.3865804177812605,0.3865804177812605
full_coverage_complete,drillmasterfollowingatright,800,0,0,4,True,False,True,0.40665714715174084,0.40665714715174084
full_coverage_complete,drillmasterfollowingatright,801,0,0,4,True,False,True,0.7163591566348443,0.7163591566348443
full_coverage_complete,drillmasterfollowingatright,802,0,0,4,True,False,True,0.6162300579883689,0.6162300579883689
full_coverage_complete,drillmasterfollowingatright,803,0,0,4,True,False,True,0.6215829349085459,0.6215829349085459
full_coverage_complete,drillmasterfollowingatright,804,0,0,4,True,False,True,0.8077318883038848,0.8077318883038848
full_coverage_complete,drillmasterfollowingatright,805,0,0,4,True,False,True,0.7744267483399991,0.7744267483399991
full_coverage_complete,drillmasterfollowingatright,806,0,0,4,True,False,True,0.7445560134215462,0.7445560134215462
full_coverage_complete,drillmasterfollowingatright,807,0,0,4,True,False,True,0.7973896308328903,0.7973896308328903
full_coverage_complete,drillmasterfollowingatright,808,0,0,4,True,False,True,0.915672118854772,0.915672118854772
full_coverage_complete,drillmasterfollowingatright,809,4,0,4,True,False,True,0.7748153748328431,0.7219921148245264
full_coverage_complete,drillmasterfollowingatright,810,0,0,4,True,False,True,0.8019276644820643,0.8019276644820643
full_coverage_complete,drillmasterfollowingatright,811,4,0,4,True,False,True,0.7208556587244571,0.6855112045955892
full_coverage_complete,drillmasterfollowingatright,812,0,0,4,True,False,True,0.7948064881730393,0.7948064881730393
full_coverage_complete,drillmasterfollowingatright,813,0,0,4,True,False,True,0.8604229109126948,0.8604229109126948
full_coverage_complete,drillmasterfollowingatright,814,4,1,4,True,False,True,0.7932864048333836,0.667318787291823
full_coverage_complete,drillmasterfollowingatright,815,0,0,4,True,False,True,0.7164955486856333,0.7164955486856333
full_coverage_complete,drillmasterfollowingatright,816,0,0,4,True,False,True,0.7759387342132037,0.7759387342132037
full_coverage_complete,drillmasterfollowingatright,817,0,0,4,True,False,True,0.7683184094130462,0.7683184094130462
full_coverage_complete,drillmasterfollowingatright,818,0,0,4,True,False,True,0.8650870602675518,0.8650870602675518
full_coverage_complete,drillmasterfollowingatright,819,0,0,4,True,False,True,0.782772270343867,0.782772270343867
full_coverage_complete,drillmasterfollowingatright,820,0,0,4,True,False,True,0.9344303891686534,0.9344303891686534
full_coverage_complete,drillmasterfollowingatright,821,0,0,4,True,False,True,0.7419173177332468,0.7419173177332468
full_coverage_complete,drillmasterfollowingatright,822,0,0,4,True,False,True,0.7880689196749872,0.7880689196749872
full_coverage_complete,drillmasterfollowingatright,823,0,0,4,True,False,True,0.7400338466992157,0.7400338466992157
full_coverage_complete,drillmasterfollowingatright,824,0,0,4,True,False,True,0.7104991900113184,0.7104991900113184
full_coverage_complete,drillmasterfollowingatright,825,0,0,4,True,False,True,0.7977536447909217,0.7977536447909217
full_coverage_complete,drillmasterfollowingatright,827,0,0,4,True,False,True,0.6215504371694617,0.6215504371694617
full_coverage_complete,drillmasterfollowingatright,830,0,0,4,True,False,True,0.8390549228896598,0.8390549228896598
full_coverage_complete,drillmasterfollowingatright,831,0,0,4,True,False,True,0.8655457790151033,0.8655457790151033
full_coverage_complete,drillmasterfollowingatright,832,0,0,4,True,False,True,0.6897386131152767,0.6897386131152767
full_coverage_complete,drillmasterfollowingatright,833,0,0,4,True,False,True,0.7063271379118875,0.7063271379118875
full_coverage_complete,drillmasterfollowingatright,834,0,0,4,True,False,True,0.7219213972000151,0.7219213972000151
full_coverage_complete,drillmasterfollowingatright,835,4,0,4,True,False,True,0.6955574608941395,0.7116503060777111
full_coverage_complete,drillmasterfollowingatright,836,0,0,4,True,False,True,0.6776218824606496,0.6776218824606496
full_coverage_complete,drillmasterfollowingatright,837,4,1,4,True,False,True,0.7420296767731095,0.765892307335273
full_coverage_complete,drillmasterfollowingatright,838,0,0,4,True,False,True,0.7554935335887941,0.7554935335887941
full_coverage_complete,drillmasterfollowingatright,839,0,0,4,True,False,True,0.7813740998395147,0.7813740998395147
full_coverage_complete,drillmasterfollowingatright,840,0,0,4,True,False,True,0.7123434291790834,0.7123434291790834
full_coverage_complete,drillmasterfollowingatright,841,0,0,4,True,False,True,0.743223124967581,0.743223124967581
full_coverage_complete,drillmasterfollowingatright,843,0,0,4,True,False,True,0.6532661096628511,0.6532661096628511
full_coverage_complete,drillmasterfollowingatright,844,0,0,4,True,False,True,0.641603980613093,0.641603980613093
full_coverage_complete,drillmasterfollowingatright,845,0,0,4,True,False,True,0.714922128269713,0.714922128269713
full_coverage_complete,drillmasterfollowingatright,846,0,0,4,True,False,True,0.8207166489753395,0.8207166489753395
full_coverage_complete,drillmasterfollowingatright,847,0,0,4,True,False,True,0.7098543825392586,0.7098543825392586
full_coverage_complete,drillmasterfollowingatright,848,0,0,4,True,False,True,0.6465818840724776,0.6465818840724776
full_coverage_complete,drillmasterfollowingatright,850,0,0,4,True,False,True,0.6002372397994321,0.6002372397994321
full_coverage_complete,drillmasterfollowingatright,852,0,0,4,True,False,True,0.6782952421928894,0.6782952421928894
full_coverage_complete,drillmasterfollowingatright,853,0,0,4,True,False,True,0.7265342030709685,0.7265342030709685
full_coverage_complete,drillmasterfollowingatright,855,0,0,4,True,False,True,0.8108590248676206,0.8108590248676206
full_coverage_complete,drillmasterfollowingatright,856,0,0,4,True,False,True,0.7500850232014319,0.7500850232014319
full_coverage_complete,drillmasterfollowingatright,857,0,0,4,True,False,True,0.7349966706452035,0.7349966706452035
full_coverage_complete,drillmasterfollowingatright,858,0,0,4,True,False,True,0.6885670348557864,0.6885670348557864
full_coverage_complete,drillmasterfollowingatright,861,0,0,4,True,False,True,0.5866414076778043,0.5866414076778043
full_coverage_complete,drillmasterfollowingatright,862,0,0,4,True,False,True,0.6659106788087881,0.6659106788087881
full_coverage_complete,drillmasterfollowingatright,863,0,0,4,True,False,True,0.7142568862959123,0.7142568862959123
full_coverage_complete,drillmasterfollowingatright,865,0,0,4,True,False,True,0.8224400738396782,0.8224400738396782
full_coverage_complete,drillmasterfollowingatright,866,0,0,4,True,False,True,0.7676207313627355,0.7676207313627355
full_coverage_complete,drillmasterfollowingatright,877,0,0,4,True,False,True,0.8199876659837378,0.8199876659837378
full_coverage_complete,drillmasterfollowingatright,878,0,0,4,True,False,True,0.917650641227998,0.917650641227998
full_coverage_complete,drillmasterfollowingatright,880,0,0,4,True,False,True,0.7155171793832593,0.7155171793832593
full_coverage_complete,drillmasterfollowingatright,881,0,0,4,True,False,True,0.6432762209568997,0.6432762209568997
full_coverage_complete,drillmasterfollowingatright,882,0,0,4,True,False,True,0.6168567026536984,0.6168567026536984
full_coverage_complete,drillmasterfollowingatright,883,0,0,4,True,False,True,0.6018392390417748,0.6018392390417748
full_coverage_complete,drillmasterfollowingatright,884,0,0,4,True,False,True,0.6135314643649833,0.6135314643649833
full_coverage_complete,drillmasterfollowingatright,885,0,0,4,True,False,True,0.6598319384463323,0.6598319384463323
full_coverage_complete,drillmasterfollowingatright,886,0,0,4,True,False,True,0.7151459716331868,0.7151459716331868
full_coverage_complete,drillmasterfollowingatright,887,0,0,4,True,False,True,0.7252393210269005,0.7252393210269005
full_coverage_complete,drillmasterfollowingatright,888,0,0,4,True,False,True,0.7591933262226651,0.7591933262226651
full_coverage_complete,drillmasterfollowingatright,889,0,0,4,True,False,True,0.7864303613130565,0.7864303613130565
full_coverage_complete,drillmasterfollowingatright,890,0,0,4,True,False,True,0.8188004603217944,0.8188004603217944
full_coverage_complete,drillmasterfollowingatright,891,4,0,4,True,False,True,0.9021952116538033,0.8397596073375861
full_coverage_complete,drillmasterfollowingatright,892,0,0,4,True,False,True,0.8400079778496808,0.8400079778496808
full_coverage_complete,drillmasterfollowingatright,893,0,0,4,True,False,True,0.8388787943715058,0.8388787943715058
full_coverage_complete,drillmasterfollowingatright,894,0,0,4,True,False,True,0.837030558666817,0.837030558666817
full_coverage_complete,drillmasterfollowingatright,895,0,0,4,True,False,True,0.8210702012791463,0.8210702012791463
full_coverage_complete,drillmasterfollowingatright,896,0,0,4,True,False,True,0.7885716849783976,0.7885716849783976
full_coverage_complete,drillmasterfollowingatright,897,0,0,4,True,False,True,0.8019068428152111,0.8019068428152111
full_coverage_complete,drillmasterfollowingatright,898,0,0,4,True,False,True,0.7919859552152209,0.7919859552152209
full_coverage_complete,drillmasterfollowingatright,906,0,0,4,True,False,True,0.7679577154513696,0.7679577154513696
full_coverage_complete,drillmasterfollowingatright,907,0,0,4,True,False,True,0.7391105427973718,0.7391105427973718
full_coverage_complete,drillmasterfollowingatright,908,0,0,4,True,False,True,0.6968859012707307,0.6968859012707307
full_coverage_complete,drillmasterfollowingatright,909,4,0,4,True,False,True,0.6510527137307939,0.6111166489891097
full_coverage_complete,drillmasterfollowingatright,910,0,0,4,True,False,True,0.6890076015882302,0.6890076015882302
full_coverage_complete,drillmasterfollowingatright,911,0,0,4,True,False,True,0.6662736080424891,0.6662736080424891
full_coverage_complete,drillmasterfollowingatright,912,0,0,4,True,False,True,0.7236999038332977,0.7236999038332977
full_coverage_complete,drillmasterfollowingatright,913,0,0,4,True,False,True,0.7165861173590511,0.7165861173590511
full_coverage_complete,drillmasterfollowingatright,914,0,0,4,True,False,True,0.6897014542721024,0.6897014542721024
full_coverage_complete,drillmasterfollowingatright,915,0,0,4,True,False,True,0.7429632025229375,0.7429632025229375
full_coverage_complete,drillmasterfollowingatright,916,0,0,4,True,False,True,0.7860161017671241,0.7860161017671241
full_coverage_complete,drillmasterfollowingatright,918,0,0,4,True,False,True,0.7314934344505936,0.7314934344505936
full_coverage_complete,drillmasterfollowingatright,919,0,0,4,True,False,True,0.7660752523614408,0.7660752523614408
full_coverage_complete,drillmasterfollowingatright,920,0,0,4,True,False,True,0.7569705790753267,0.7569705790753267
full_coverage_complete,drillmasterfollowingatright,921,0,0,4,True,False,True,0.7669236890405462,0.7669236890405462
full_coverage_complete,drillmasterfollowingatright,922,0,0,4,True,False,True,0.7325357659305836,0.7325357659305836
full_coverage_complete,drillmasterfollowingatright,923,0,0,4,True,False,True,0.7434744352565463,0.7434744352565463
full_coverage_complete,drillmasterfollowingatright,924,0,0,4,True,False,True,0.7460971370699443,0.7460971370699443
full_coverage_complete,drillmasterfollowingatright,925,0,0,4,True,False,True,0.7473755335386213,0.7473755335386213
full_coverage_complete,drillmasterfollowingatright,927,0,0,4,True,False,True,0.7811789514329144,0.7811789514329144
full_coverage_complete,drillmasterfollowingatright,928,0,0,4,True,False,True,0.7403818140490424,0.7403818140490424
full_coverage_complete,drillmasterfollowingatright,929,0,0,4,True,False,True,0.7263783250457881,0.7263783250457881
full_coverage_complete,drillmasterfollowingatright,930,0,0,4,True,False,True,0.7207728722815497,0.7207728722815497
full_coverage_complete,drillmasterfollowingatright,931,0,0,4,True,False,True,0.7141503299672382,0.7141503299672382
full_coverage_complete,drillmasterfollowingatright,933,0,0,4,True,False,True,0.7116470117011521,0.7116470117011521
full_coverage_complete,drillmasterfollowingatright,934,0,0,4,True,False,True,0.7287231345358821,0.7287231345358821
full_coverage_complete,drillmasterfollowingatright,935,4,0,4,True,False,True,0.6978819104984363,0.7659677699378926
full_coverage_complete,drillmasterfollowingatright,936,0,0,4,True,False,True,0.6795905940811238,0.6795905940811238
full_coverage_complete,drillmasterfollowingatright,937,0,0,4,True,False,True,0.7427453369915451,0.7427453369915451
full_coverage_complete,drillmasterfollowingatright,938,0,0,4,True,False,True,0.7077667780720356,0.7077667780720356
full_coverage_complete,drillmasterfollowingatright,939,0,0,4,True,False,True,0.74433595485483,0.74433595485483
full_coverage_complete,drillmasterfollowingatright,940,0,0,4,True,False,True,0.7141242701343008,0.7141242701343008
full_coverage_complete,drillmasterfollowingatright,941,0,0,4,True,False,True,0.7112679387766415,0.7112679387766415
full_coverage_complete,drillmasterfollowingatright,943,0,0,4,True,False,True,0.716032127277107,0.716032127277107
full_coverage_complete,drillmasterfollowingatright,951,0,0,4,True,False,True,0.7803233152062129,0.7803233152062129
full_coverage_complete,drillmasterfollowingatright,953,0,0,4,True,False,True,0.8014275073537717,0.8014275073537717
full_coverage_complete,drillmasterfollowingatright,954,4,0,4,True,False,True,0.8342806828674437,0.8558457602642008
full_coverage_complete,drillmasterfollowingatright,955,0,0,4,True,False,True,0.7921983525225865,0.7921983525225865
full_coverage_complete,drillmasterfollowingatright,956,0,0,4,True,False,True,0.6306560132903306,0.6306560132903306
full_coverage_complete,drillmasterfollowingatright,957,0,0,4,True,False,True,0.7101098054659425,0.7101098054659425
full_coverage_complete,drillmasterfollowingatright,958,0,0,4,True,False,True,0.5656137290065245,0.5656137290065245
full_coverage_complete,drillmasterfollowingatright,959,0,0,4,True,False,True,0.6087604093409813,0.6087604093409813
full_coverage_complete,drillmasterfollowingatright,960,4,0,4,True,False,True,0.7233723312977918,0.8649608441189388
full_coverage_complete,drillmasterfollowingatright,961,0,0,4,True,False,True,0.779440295454255,0.779440295454255
full_coverage_complete,drillmasterfollowingatright,962,4,0,4,True,False,True,0.7031446735088525,0.7935213790679875
full_coverage_complete,drillmasterfollowingatright,963,4,0,4,True,False,True,0.5919012109242587,0.67486247947304
full_coverage_complete,drillmasterfollowingatright,964,4,0,4,True,False,True,0.6617745123218287,0.6415712397038329
full_coverage_complete,drillmasterfollowingatright,965,0,0,4,True,False,True,0.761191724290499,0.761191724290499
full_coverage_complete,drillmasterfollowingatright,966,0,0,4,True,False,True,0.7672274708448336,0.7672274708448336
full_coverage_complete,drillmasterfollowingatright,967,4,0,4,True,False,True,0.8212076817775374,0.8795158209766547
full_coverage_complete,drillmasterfollowingatright,968,4,0,4,True,False,True,0.8095204036141525,0.8385970448566936
full_coverage_complete,drillmasterfollowingatright,969,4,1,4,True,False,True,0.7952798906817008,0.8307013722230829
full_coverage_complete,drillmasterfollowingatright,970,0,0,4,True,False,True,0.8134030685850936,0.8134030685850936
full_coverage_complete,drillmasterfollowingatright,971,0,0,4,True,False,True,0.7702286716155047,0.7702286716155047
full_coverage_complete,drillmasterfollowingatright,976,0,0,5,True,False,True,0.761257920836479,0.761257920836479
full_coverage_complete,drillmasterfollowingatright,977,5,0,5,True,False,True,0.7784054957910281,0.7756390379501669
full_coverage_complete,drillmasterfollowingatright,978,0,0,5,True,False,True,0.8666120010834336,0.8666120010834336
full_coverage_complete,farfatboy,81,0,0,1,True,False,True,0.6742943044285722,0.6742943044285722
full_coverage_complete,farfatboy,82,4,0,4,True,False,True,0.6756187505645904,0.4697137548115231
full_coverage_complete,farfatboy,83,0,0,5,True,False,True,0.09149333271705919,0.09149333271705919
full_coverage_complete,farfatboy,84,0,0,5,True,False,True,0.36421797335107303,0.36421797335107303
full_coverage_complete,farfatboy,85,0,0,1,True,False,True,0.5365107686607853,0.5365107686607853
full_coverage_complete,farfatboy,86,0,0,4,True,False,True,0.3182268269107083,0.3182268269107083
full_coverage_complete,farfatboy,87,0,0,4,True,False,True,0.34358016152663223,0.34358016152663223
full_coverage_complete,farfatboy,88,0,0,4,True,False,True,0.0,0.0
full_coverage_complete,farfatboy,89,0,1,1,True,False,True,0.6350841903594199,0.6350841903594199
full_coverage_complete,farfatboy,90,5,0,5,True,False,True,0.5852759713424165,0.0
full_coverage_complete,farfatboy,91,0,0,5,True,False,True,0.08357888197360218,0.08357888197360218
full_coverage_complete,farfatboy,92,0,0,1,True,False,True,0.3792862227958183,0.3792862227958183
full_coverage_complete,farfatboy,93,0,0,4,True,False,True,0.3936999740447541,0.3936999740447541
full_coverage_complete,farfatboy,94,0,0,1,True,False,True,0.22929929455505021,0.22929929455505021
full_coverage_complete,farfatboy,97,0,0,5,True,False,True,0.0,0.0
full_coverage_complete,farfatboy,98,0,0,5,True,False,True,0.0,0.0
full_coverage_complete,farfatboy,99,0,0,5,True,False,True,0.0,0.0
full_coverage_complete,farfatboy,100,0,0,5,True,False,True,0.0,0.0
full_coverage_complete,farfatboy,101,0,0,5,True,False,True,0.0,0.0
full_coverage_complete,farfatboy,102,0,0,1,True,False,True,0.0,0.0
full_coverage_complete,farfatboy,103,0,0,5,True,False,True,0.0,0.0
full_coverage_complete,farfatboy,104,0,0,1,True,False,True,0.0,0.0
full_coverage_complete,farfatboy,105,0,0,5,True,False,True,0.0,0.0
full_coverage_complete,farfatboy,106,0,0,6,True,False,True,0.0,0.0
full_coverage_complete,farfatboy,107,0,0,5,True,False,True,0.05670937248961484,0.05670937248961484
full_coverage_complete,farfatboy,108,0,0,5,True,False,True,0.0,0.0
full_coverage_complete,farfatboy,109,0,0,6,True,False,True,0.0,0.0
full_coverage_complete,farfatboy,110,0,1,5,True,False,True,0.0,0.0
full_coverage_complete,farfatboy,111,0,0,5,True,False,True,0.0,0.0
full_coverage_complete,farfatboy,112,0,0,1,True,False,True,0.0,0.0
full_coverage_complete,farfatboy,113,0,0,5,True,False,True,0.0,0.0
full_coverage_complete,farfatboy,114,0,0,1,True,False,True,0.0,0.0
full_coverage_complete,farfatboy,115,0,0,5,True,False,True,0.0,0.0
full_coverage_complete,farfatboy,116,0,0,5,True,False,True,0.0,0.0
full_coverage_complete,farfatboy,117,0,0,5,True,False,True,0.0,0.0
full_coverage_complete,farfatboy,118,0,0,5,True,False,True,0.0,0.0
full_coverage_complete,farfatboy,119,0,0,5,True,False,True,0.0,0.0
full_coverage_complete,farfatboy,122,0,0,1,True,False,True,0.12472945086943296,0.12472945086943296
full_coverage_complete,farfatboy,123,0,0,2,True,False,True,0.3523633964959744,0.3523633964959744
full_coverage_complete,farfatboy,124,0,0,1,True,False,True,0.2895928586020008,0.2895928586020008
full_coverage_complete,farfatboy,125,0,0,4,True,False,True,0.6316510319646529,0.6316510319646529
full_coverage_complete,farfatboy,126,0,0,4,True,False,True,0.6333845123319314,0.6333845123319314
full_coverage_complete,farfatboy,128,0,0,2,True,False,True,0.6794434024223265,0.6794434024223265
full_coverage_complete,farfatboy,129,0,0,2,True,False,True,0.5483470642806815,0.5483470642806815
full_coverage_complete,farfatboy,130,0,0,4,True,False,True,0.6204330338188389,0.6204330338188389
full_coverage_complete,farfatboy,131,5,0,5,True,False,True,0.6233303114765291,0.5975310150957107
full_coverage_complete,farfatboy,149,0,0,2,True,False,True,0.626793513843873,0.626793513843873
full_coverage_complete,farfatboy,158,0,0,4,True,False,True,0.9026787544015915,0.9026787544015915
full_coverage_complete,farfatboy,162,0,0,2,True,False,True,0.6933353713279387,0.6933353713279387
full_coverage_complete,farfatboy,165,0,0,2,True,False,True,0.6228055765648405,0.6228055765648405
full_coverage_complete,farfatboy,167,0,0,2,True,False,True,0.6968490893193005,0.6968490893193005
full_coverage_complete,farfatboy,168,0,0,2,True,False,True,0.6695195864945238,0.6695195864945238
full_coverage_complete,farfatboy,169,0,0,4,True,False,True,0.7119288911499257,0.7119288911499257
full_coverage_complete,farfatboy,176,0,0,2,True,False,True,0.8177037454534052,0.8177037454534052
full_coverage_complete,farfatboy,177,1,3,1,True,False,True,0.7246238631459396,0.6008750765541577
full_coverage_complete,farfatboy,178,5,0,5,True,False,True,0.7824469088581089,0.7694577103793838
full_coverage_complete,farfatboy,179,0,0,2,True,False,True,0.7734302129525004,0.7734302129525004
full_coverage_complete,farfatboy,194,0,0,4,True,False,True,0.5871865002968832,0.5871865002968832
full_coverage_complete,farfatboy,207,0,0,2,True,False,True,0.5445568435619579,0.5445568435619579
full_coverage_complete,firstexercisebook,268,0,0,5,True,False,True,0.4983528226082494,0.4983528226082494
full_coverage_complete,firstexercisebook,269,1,1,1,True,False,True,0.4423421330504994,0.0
full_coverage_complete,firstexercisebook,270,0,0,0,False,False,True,0.0,0.7835267024650967
full_coverage_complete,firstexercisebook,275,0,0,1,True,False,True,0.7739497283573767,0.7739497283573767
full_coverage_complete,firstexercisebook,299,6,0,6,True,False,True,0.8679949973534514,0.8630438222392438
full_coverage_complete,firstexercisebook,301,0,1,0,False,False,True,0.7445711184045366,0.0
full_coverage_complete,firstexercisebook,311,0,0,6,True,False,True,0.0,0.6574193723813768
full_coverage_complete,firstexercisebook,335,0,0,2,True,False,True,0.6697078557701216,0.6697078557701216
full_coverage_complete,firstexercisebook,336,1,0,1,True,False,True,0.5309451311493667,0.542543070794658
full_coverage_complete,firstexercisebook,337,0,0,1,True,False,True,0.7622536056554026,0.7622536056554026
full_coverage_complete,firstexercisebook,338,0,1,0,False,False,True,0.6154033832718766,0.0
full_coverage_complete,firstexercisebook,428,1,0,1,True,False,True,0.0,0.0
full_coverage_complete,firstexercisebook,432,1,0,1,True,False,True,0.0,0.0
full_coverage_complete,firstexercisebook,433,0,0,2,True,False,True,0.0,0.0
full_coverage_complete,firstexercisebook,434,0,0,1,True,False,True,0.0,0.0
full_coverage_complete,firstexercisebook,612,0,0,0,False,False,True,0.5898798812389549,0.0
full_coverage_complete,firstexercisebook,769,0,0,0,False,False,True,0.4390029895462964,0.0
full_coverage_complete,firstexercisebook,908,0,1,0,False,False,True,0.0,0.4623397894705764
full_coverage_complete,foamatgirl`srighthand,34,0,0,0,False,False,True,0.015287673664596938,0.5795473713837631
full_coverage_complete,foamatgirl`srighthand,38,5,1,5,True,False,True,0.6091995522439377,0.6186700189531517
full_coverage_complete,foamatgirl`srighthand,62,0,0,5,True,False,True,0.6649921842224933,0.6649921842224933
full_coverage_complete,foamatgirl`srighthand,63,0,0,5,True,False,True,0.6499201335337758,0.6499201335337758
full_coverage_complete,foamatgirl`srighthand,64,5,0,5,True,False,True,0.5401644006653014,0.49509858895164754
full_coverage_complete,foamatgirl`srighthand,65,0,0,5,True,False,True,0.5182785899629374,0.5182785899629374
full_coverage_complete,foamatgirl`srighthand,66,0,0,5,True,False,True,0.44042008616695705,0.44042008616695705
full_coverage_complete,foamatgirl`srighthand,67,5,2,5,True,False,True,0.5485430721316487,0.0
full_coverage_complete,foamatgirl`srighthand,68,0,0,6,True,False,True,0.0,0.0
full_coverage_complete,foamatgirl`srighthand,69,0,0,4,True,False,True,0.0,0.0
full_coverage_complete,foamatgirl`srighthand,70,0,0,4,True,False,True,0.0,0.0
full_coverage_complete,foamatgirl`srighthand,72,0,0,5,True,False,True,0.0,0.0
full_coverage_complete,foamatgirl`srighthand,73,5,0,5,True,False,True,0.001236627191521401,0.561204338206683
full_coverage_complete,foamatgirl`srighthand,79,0,0,0,False,False,True,0.3522987849267079,0.7248179827758957
full_coverage_complete,foamatgirl`srighthand,86,0,0,5,True,False,True,0.44817068312326597,0.44817068312326597
full_coverage_complete,foamatgirl`srighthand,105,0,0,1,True,False,True,0.5159787349173663,0.5159787349173663
full_coverage_complete,foamatgirl`srighthand,112,6,0,6,True,False,True,0.18869431769180672,0.12201554969709204
full_coverage_complete,foamatgirl`srighthand,161,0,0,0,False,False,True,0.7494555082721229,0.0
full_coverage_complete,foamatgirl`srighthand,179,0,0,2,True,False,True,0.0,0.0
full_coverage_complete,foamatgirl`srighthand,180,0,0,4,True,False,True,0.0,0.0
full_coverage_complete,foamatgirl`srighthand,181,0,0,5,True,False,True,0.0,0.0
full_coverage_complete,foamatgirl`srighthand,182,5,2,5,True,False,True,0.0,0.040676924515245697
full_coverage_complete,foamatgirl`srighthand,183,0,0,5,True,False,True,0.22001038384078725,0.22001038384078725
full_coverage_complete,foldedfolderatlefthand,42,6,0,6,True,False,True,0.4437815505265863,0.31046380054217804
full_coverage_complete,foldedfolderatlefthand,141,6,0,6,True,False,True,0.6350206817119683,0.6322373258969114
full_coverage_complete,foldedfolderatlefthand,145,0,0,2,True,False,True,0.759393731205303,0.0
full_coverage_complete,foldedfolderatlefthand,168,0,0,0,False,False,True,0.0,0.8561721484054132
full_coverage_complete,foldedfolderatlefthand,169,0,1,0,False,False,True,0.8567319062012597,0.0
full_coverage_complete,foldedfolderatlefthand,170,6,0,6,True,False,True,0.0,0.0
full_coverage_complete,foldedfolderatlefthand,174,5,0,5,True,False,True,0.6090420762912154,0.587669134051854
full_coverage_complete,foldedfolderatlefthand,196,0,0,6,True,False,True,0.7404013909968686,0.7404013909968686
full_coverage_complete,foldedfolderatlefthand,237,0,0,6,True,False,True,0.0,0.0
full_coverage_complete,foldedfolderatlefthand,269,6,0,6,True,False,True,0.008785363078014932,0.008770610573198655
full_coverage_complete,foldedfolderatlefthand,277,0,0,0,False,False,True,0.9275253630713672,0.0
full_coverage_complete,foldedfolderatlefthand,293,5,0,5,True,False,True,0.0,0.0
full_coverage_complete,foldedfolderatlefthand,305,5,0,5,True,False,True,0.0,0.0
full_coverage_complete,foldedfolderatlefthand,306,6,0,6,True,False,True,0.0,0.0
full_coverage_complete,foldedfolderatlefthand,308,6,0,6,True,False,True,0.0,0.0
full_coverage_complete,foldedfolderatlefthand,310,5,0,5,True,False,True,0.0,0.0
full_coverage_complete,foldedfolderatlefthand,311,6,0,6,True,False,True,0.0,0.0
full_coverage_complete,foldedfolderatlefthand,314,5,0,5,True,False,True,0.0,0.0
full_coverage_complete,foldedfolderatlefthand,315,6,0,6,True,False,True,0.0,0.0
full_coverage_complete,foldedfolderatlefthand,318,0,0,2,True,False,True,0.0,0.0
full_coverage_complete,foldedfolderatlefthand,319,0,0,2,True,False,True,0.0,0.0
full_coverage_complete,foldedfolderatlefthand,321,0,0,2,True,False,True,0.0,0.0
full_coverage_complete,foldedfolderatlefthand,322,0,0,2,True,False,True,0.0,0.0
full_coverage_complete,foldedfolderatlefthand,323,0,0,2,True,False,True,0.0,0.0
full_coverage_complete,foldedfolderatlefthand,324,5,0,5,True,False,True,0.0,0.0
full_coverage_complete,foldedfolderatlefthand,326,5,0,5,True,False,True,0.0,0.0
full_coverage_complete,foldedfolderatlefthand,327,5,0,5,True,False,True,0.0,0.0
full_coverage_complete,foldedfolderatlefthand,328,6,0,6,True,False,True,0.0,0.0
full_coverage_complete,foldedfolderatlefthand,332,0,0,2,True,False,True,0.0,0.0
full_coverage_complete,foldedfolderatlefthand,333,0,0,2,True,False,True,0.0,0.0
full_coverage_complete,foldedfolderatlefthand,334,0,0,2,True,False,True,0.0,0.0
full_coverage_complete,foldedfolderatlefthand,336,0,0,2,True,False,True,0.0,0.0
full_coverage_complete,foldedfolderatlefthand,337,5,0,5,True,False,True,0.0,0.0
full_coverage_complete,foldedfolderatlefthand,338,6,0,6,True,False,True,0.0,0.0
full_coverage_complete,foldedfolderatlefthand,339,6,0,6,True,False,True,0.0,0.0
full_coverage_complete,foldedfolderatlefthand,340,6,0,6,True,False,True,0.0,0.0
full_coverage_complete,foldedfolderatlefthand,342,6,0,6,True,False,True,0.0,0.0
full_coverage_complete,foldedfolderatlefthand,343,6,0,6,True,False,True,0.0,0.0
full_coverage_complete,foldedfolderatlefthand,344,6,0,6,True,False,True,0.0,0.0
full_coverage_complete,foldedfolderatlefthand,345,6,0,6,True,False,True,0.0,0.0
full_coverage_complete,foldedfolderatlefthand,346,6,0,6,True,False,True,0.0,0.0
full_coverage_complete,foldedfolderatlefthand,355,0,0,0,False,False,True,0.8951594467105087,0.0
full_coverage_complete,foldedfolderatlefthand,378,0,0,0,False,False,True,0.626379314148943,0.000646104538804004
full_coverage_complete,foldedfolderatlefthand,398,0,0,2,True,False,True,0.0,0.0
full_coverage_complete,foldedfolderatlefthand,399,0,0,2,True,False,True,0.0,0.0
full_coverage_complete,foldedfolderatlefthand,401,0,0,1,True,False,True,0.0,0.0
full_coverage_complete,foldedfolderatlefthand,403,5,0,5,True,False,True,0.0,0.0
full_coverage_complete,foldedfolderatlefthand,405,0,0,2,True,False,True,0.0,0.0
full_coverage_complete,foldedfolderatlefthand,406,0,0,1,True,False,True,0.0,0.0
full_coverage_complete,foldedfolderatlefthand,407,0,1,2,True,False,True,0.0,0.6418056539706293
full_coverage_complete,foldedfolderatlefthand,408,0,0,1,True,False,True,0.8014060288836091,0.8014060288836091
full_coverage_complete,foldedfolderatlefthand,409,0,0,1,True,False,True,0.6589149484655179,0.6589149484655179
full_coverage_complete,foldedfolderatlefthand,410,0,0,1,True,False,True,0.6718620048297193,0.6718620048297193
full_coverage_complete,foldedfolderatlefthand,411,0,0,1,True,False,True,0.6333928235592774,0.6333928235592774
full_coverage_complete,foldedfolderatlefthand,413,0,0,1,True,False,True,0.5791863798567093,0.5791863798567093
full_coverage_complete,foldedfolderatlefthand,414,0,0,1,True,False,True,0.5655587877627825,0.5655587877627825
full_coverage_complete,foldedfolderatlefthand,415,0,0,1,True,False,True,0.5555110616908133,0.5555110616908133
full_coverage_complete,foldedfolderatlefthand,418,0,0,1,True,False,True,0.5930386590017075,0.5930386590017075
full_coverage_complete,foldedfolderatlefthand,419,0,0,1,True,False,True,0.5782343452722868,0.5782343452722868
full_coverage_complete,foldedfolderatlefthand,420,1,1,1,True,False,True,0.648971197340228,0.0
full_coverage_complete,foldedfolderatlefthand,424,0,1,0,False,False,True,0.0,0.4742973326173002
full_coverage_complete,foldedfolderatlefthand,425,1,0,1,True,False,True,0.43636402255998297,0.4421808774336416
full_coverage_complete,foldedfolderatlefthand,426,1,0,1,True,False,True,0.341396685817032,0.33736842614678286
full_coverage_complete,foldedfolderatlefthand,427,0,0,1,True,False,True,0.7042223389273935,0.7042223389273935
full_coverage_complete,foldedfolderatlefthand,428,0,0,1,True,False,True,0.5949924628493578,0.5949924628493578
full_coverage_complete,foldedfolderatlefthand,429,0,0,1,True,False,True,0.4815817889281444,0.4815817889281444
full_coverage_complete,foldedfolderatlefthand,430,0,0,4,True,False,True,0.44145181906831554,0.44145181906831554
full_coverage_complete,foldedfolderatlefthand,431,0,0,4,True,False,True,0.4422326573453718,0.4422326573453718
full_coverage_complete,foldedfolderatlefthand,451,5,0,5,True,False,True,0.0,0.2291962846647808
full_coverage_complete,foldedfolderatlefthand,452,0,0,1,True,False,True,0.4543305505094749,0.4543305505094749
full_coverage_complete,foldedfolderatlefthand,457,0,0,0,False,False,True,0.700631312758562,0.0
full_coverage_complete,foldedfolderatlefthand,548,6,0,6,True,False,True,0.0,0.0
full_coverage_complete,foldedfolderatlefthand,593,5,0,5,True,False,True,0.0,0.0
full_coverage_complete,foldedfolderatlefthand,597,5,0,5,True,False,True,0.0,0.0
full_coverage_complete,foldedfolderatlefthand,613,5,0,5,True,False,True,0.0,0.0
full_coverage_complete,foldedfolderatlefthand,614,6,0,6,True,False,True,0.0,0.0
full_coverage_complete,foldedfolderatlefthand,615,5,0,5,True,False,True,0.0,0.0
full_coverage_complete,foldedfolderatlefthand,635,6,0,6,True,False,True,0.0,0.0
full_coverage_complete,foldedfolderatlefthand,636,6,0,6,True,False,True,0.0,0.0
full_coverage_complete,foldedfolderatlefthand,671,6,0,6,True,False,True,0.0,0.0
full_coverage_complete,foldedfolderatlefthand,672,5,0,5,True,False,True,0.0,0.0
full_coverage_complete,foldedfolderatlefthand,673,5,0,5,True,False,True,0.0,0.0
full_coverage_complete,foldedfolderatlefthand,674,5,0,5,True,False,True,0.0,0.0
full_coverage_complete,foldedfolderatlefthand,675,5,0,5,True,False,True,0.0,0.0
full_coverage_complete,foldedfolderatlefthand,680,6,0,6,True,False,True,0.0,0.0
full_coverage_complete,foldedfolderatlefthand,681,5,0,5,True,False,True,0.0,0.0
full_coverage_complete,foldedfolderatlefthand,682,5,0,5,True,False,True,0.0,0.0
full_coverage_complete,foldedfolderatlefthand,709,5,0,5,True,False,True,0.0,0.0
full_coverage_complete,foldedfolderatlefthand,711,5,0,5,True,False,True,0.0,0.0
full_coverage_complete,foldedfolderatlefthand,712,5,0,5,True,False,True,0.0,0.0
full_coverage_complete,foldedfolderatlefthand,713,5,0,5,True,False,True,0.0,0.0
full_coverage_complete,foldedfolderatlefthand,715,5,0,5,True,False,True,0.0,0.0
full_coverage_complete,foldedfolderatlefthand,716,5,0,5,True,False,True,0.0,0.0
full_coverage_complete,foldedfolderatlefthand,721,5,0,5,True,False,True,0.0,0.0
full_coverage_complete,foldedfolderatlefthand,723,5,0,5,True,False,True,0.0,0.0
full_coverage_complete,foldedfolderatlefthand,725,5,0,5,True,False,True,0.0,0.0
full_coverage_complete,foldedfolderatlefthand,733,5,0,5,True,False,True,0.0,0.0
full_coverage_complete,foldedfolderatlefthand,736,5,0,5,True,False,True,0.0,0.0
full_coverage_complete,foldedfolderatlefthand,738,5,0,5,True,False,True,0.0,0.0
full_coverage_complete,foldedfolderatlefthand,739,5,0,5,True,False,True,0.0,0.0
full_coverage_complete,foldedfolderatlefthand,740,5,0,5,True,False,True,0.0,0.0
full_coverage_complete,foldedfolderatlefthand,767,5,0,5,True,False,True,0.0,0.0
full_coverage_complete,foldedfolderatlefthand,773,5,0,5,True,False,True,0.0,0.0
full_coverage_complete,foldedfolderatlefthand,775,6,0,6,True,False,True,0.0,0.0
full_coverage_complete,foldedfolderatlefthand,776,5,0,5,True,False,True,0.0,0.0
full_coverage_complete,foldedfolderatlefthand,778,5,0,5,True,False,True,0.0,0.0
full_coverage_complete,foldedfolderatlefthand,779,5,0,5,True,False,True,0.0,0.0
full_coverage_complete,foldedfolderatlefthand,783,6,0,6,True,False,True,0.0,0.0
full_coverage_complete,foldedfolderatlefthand,801,5,0,5,True,False,True,0.0,0.0
full_coverage_complete,foldedfolderatlefthand,803,6,0,6,True,False,True,0.0,0.0
full_coverage_complete,foldedfolderatlefthand,804,6,0,6,True,False,True,0.0,0.0
full_coverage_complete,foldedfolderatlefthand,805,6,0,6,True,False,True,0.0,0.0
full_coverage_complete,foldedfolderatlefthand,807,5,0,5,True,False,True,0.0,0.0
full_coverage_complete,foldedfolderatlefthand,808,5,0,5,True,False,True,0.0,0.0
full_coverage_complete,foldedfolderatlefthand,809,0,1,6,True,False,True,0.0,0.2645511019473023
full_coverage_complete,foldedfolderatlefthand,812,5,0,5,True,False,True,0.560887880597468,0.678730493954665
full_coverage_complete,foldedfolderatlefthand,817,5,0,5,True,False,True,0.3782607763442884,0.44058230547173877
full_coverage_complete,foldedfolderatlefthand,819,5,0,5,True,False,True,0.3837641569592993,0.40094143344793365
full_coverage_complete,foldedfolderatlefthand,820,6,0,6,True,False,True,0.3782048590813571,0.40370911538171184
full_coverage_complete,foldedfolderatlefthand,821,5,0,5,True,False,True,0.3956525559533704,0.4253893127880773
full_coverage_complete,foldedfolderatlefthand,822,5,0,5,True,False,True,0.3729970324044061,0.3929229713316362
full_coverage_complete,foldedfolderatlefthand,823,5,0,5,True,False,True,0.36704557309306596,0.40453920093472584
full_coverage_complete,foldedfolderatlefthand,824,6,0,6,True,False,True,0.3807640463360753,0.3958668771192713
full_coverage_complete,foldedfolderatlefthand,825,5,0,5,True,False,True,0.38126951241059387,0.39015462987182276
full_coverage_complete,foldedfolderatlefthand,827,5,0,5,True,False,True,0.3749395805999518,0.38641664779133295
full_coverage_complete,foldedfolderatlefthand,829,5,1,5,True,False,True,0.357106161265691,0.3855979732828083
full_coverage_complete,foldedfolderatlefthand,830,6,0,6,True,False,True,0.3459738130978046,0.3306735239176811
full_coverage_complete,foldedfolderatlefthand,832,5,1,5,True,False,True,0.3473865268212329,0.2776199726972875
full_coverage_complete,foldedfolderatlefthand,833,0,0,6,True,False,True,0.3811086992957253,0.3811086992957253
full_coverage_complete,foldedfolderatlefthand,834,5,0,5,True,False,True,0.3840661661995366,0.34646397143402435
full_coverage_complete,foldedfolderatlefthand,835,5,0,5,True,False,True,0.3586289513127483,0.36481828349654455
full_coverage_complete,foldedfolderatlefthand,836,0,0,5,True,False,True,0.3598278342701466,0.3598278342701466
full_coverage_complete,foldedfolderatlefthand,837,5,0,5,True,False,True,0.3657941457491859,0.3522446049704971
full_coverage_complete,foldedfolderatlefthand,838,5,0,5,True,False,True,0.33951112284358775,0.34143493524077406
full_coverage_complete,foldedfolderatlefthand,839,5,1,5,True,False,True,0.3804073246964115,0.22022480126932603
full_coverage_complete,foldedfolderatlefthand,840,0,1,6,True,False,True,0.28040716753566186,0.0
full_coverage_complete,foldedfolderatlefthand,842,0,0,1,True,False,True,0.0,0.0
full_coverage_complete,foldedfolderatlefthand,844,0,0,1,True,False,True,0.0,0.0
full_coverage_complete,foldedfolderatlefthand,845,0,0,5,True,False,True,0.0,0.0
full_coverage_complete,foldedfolderatlefthand,846,5,0,5,True,False,True,0.0,0.0
full_coverage_complete,foldedfolderatlefthand,847,0,0,5,True,False,True,0.0,0.0
full_coverage_complete,foldedfolderatlefthand,850,0,1,5,True,False,True,0.0,0.4609673015797795
full_coverage_complete,foldedfolderatlefthand,851,5,1,5,True,False,True,0.2924074530313034,0.14540708076442588
full_coverage_complete,foldedfolderatlefthand,852,5,0,5,True,False,True,0.2659716150546719,0.28778275122818747
full_coverage_complete,foldedfolderatlefthand,853,5,0,5,True,False,True,0.24311051199326583,0.32264591001602133
full_coverage_complete,foldedfolderatlefthand,854,5,2,5,True,False,True,0.28060299893373913,0.2745767972988178
full_coverage_complete,foldedfolderatlefthand,855,5,0,5,True,False,True,0.265908226639694,0.28495198427292945
full_coverage_complete,foldedfolderatlefthand,856,5,3,5,True,False,True,0.22280507608271063,0.17159521458148508
full_coverage_complete,foldedfolderatlefthand,857,5,0,5,True,False,True,0.24861100466544103,0.2718936080036079
full_coverage_complete,foldedfolderatlefthand,858,0,0,5,True,False,True,0.2414367748098744,0.2414367748098744
full_coverage_complete,foldedfolderatlefthand,859,0,0,5,True,False,True,0.21437291071890474,0.21437291071890474
full_coverage_complete,foldedfolderatlefthand,860,5,1,5,True,False,True,0.22764600936311483,0.2011371247676962
full_coverage_complete,foldedfolderatlefthand,861,0,0,6,True,False,True,0.19180442515209703,0.19180442515209703
full_coverage_complete,foldedfolderatlefthand,862,5,0,5,True,False,True,0.21631340099151855,0.2186968628930764
full_coverage_complete,foldedfolderatlefthand,863,5,2,5,True,False,True,0.2548120619313483,0.2127946702297419
full_coverage_complete,foldedfolderatlefthand,864,0,0,5,True,False,True,0.1884525880891622,0.1884525880891622
full_coverage_complete,foldedfolderatlefthand,865,0,0,5,True,False,True,0.15276097946861664,0.15276097946861664
full_coverage_complete,foldedfolderatlefthand,866,0,0,5,True,False,True,0.16042574530677048,0.16042574530677048
full_coverage_complete,foldedfolderatlefthand,867,5,1,5,True,False,True,0.16628100376945068,0.2598906588608065
full_coverage_complete,foldedfolderatlefthand,868,0,0,5,True,False,True,0.1668156396227655,0.1668156396227655
full_coverage_complete,foldedfolderatlefthand,869,5,0,5,True,False,True,0.1497163223774808,0.21493084606549223
full_coverage_complete,foldedfolderatlefthand,940,6,0,6,True,False,True,0.1426858794572551,0.11810571164419294
full_coverage_complete,foldedfolderatlefthand,941,0,1,0,False,False,True,0.11809602017650252,0.9119784999977512
full_coverage_complete,foldedfolderatlefthand,1009,0,0,0,False,False,True,0.0,0.635981492198146
full_coverage_complete,foldedfolderatlefthand,1084,0,0,6,True,False,True,0.06591627834183811,0.06591627834183811
full_coverage_complete,foldedfolderatlefthand,1086,0,0,5,True,False,True,0.0,0.0
full_coverage_complete,foldedfolderatlefthand,1112,0,0,6,True,False,True,0.6128801292308473,0.6128801292308473
full_coverage_complete,foldedfolderatlefthand,1113,0,0,6,True,False,True,0.5133731898732774,0.5133731898732774
full_coverage_complete,foldedfolderatlefthand,1129,0,0,1,True,False,True,0.7927123718724277,0.7927123718724277
full_coverage_complete,foldedfolderatlefthand,1138,0,0,5,True,False,True,0.8066915922508793,0.8066915922508793
full_coverage_complete,foldedfolderatlefthand,1140,5,0,5,True,False,True,0.6594122455834358,0.653647719820988
full_coverage_complete,girl2left3man1,22,0,0,1,True,False,True,0.8174979242641421,0.8174979242641421
full_coverage_complete,girl2left3man1,111,0,0,1,True,False,True,0.46266694662328983,0.46266694662328983
full_coverage_complete,girl2left3man1,114,0,0,4,True,False,True,0.4477056109464232,0.4477056109464232
full_coverage_complete,girl2left3man1,116,0,1,0,False,False,True,0.47740132063864793,0.0
full_coverage_complete,girl2left3man1,117,0,0,5,True,False,True,0.0,0.0
full_coverage_complete,girl2left3man1,140,0,0,5,True,False,True,0.5063159143571814,0.5063159143571814
full_coverage_complete,girl2left3man1,141,0,0,4,True,False,True,0.7385334616748672,0.7385334616748672
full_coverage_complete,girl2left3man1,142,0,0,5,True,False,True,0.5546078880738814,0.5546078880738814
full_coverage_complete,girl`sblkbag,1,0,0,6,True,False,True,0.7724980165864146,0.7724980165864146
full_coverage_complete,girl`sblkbag,4,0,0,1,True,False,True,0.6675055171956521,0.6675055171956521
full_coverage_complete,girl`sblkbag,5,0,0,4,True,False,True,0.6533658030349763,0.6533658030349763
full_coverage_complete,girl`sblkbag,6,0,0,1,True,False,True,0.6695728733187014,0.6695728733187014
full_coverage_complete,girl`sblkbag,7,0,0,4,True,False,True,0.48709699688451025,0.48709699688451025
full_coverage_complete,girl`sblkbag,8,0,0,4,True,False,True,0.40878189643584434,0.40878189643584434
full_coverage_complete,girl`sblkbag,9,4,3,4,True,False,True,0.6721581049302687,0.0
full_coverage_complete,girl`sblkbag,10,0,0,1,True,False,True,0.0,0.0
full_coverage_complete,girl`sblkbag,11,0,0,1,True,False,True,0.0,0.0
full_coverage_complete,girl`sblkbag,12,0,0,1,True,False,True,0.0,0.0
full_coverage_complete,girl`sblkbag,13,0,0,1,True,False,True,0.0,0.0
full_coverage_complete,girl`sblkbag,14,0,0,5,True,False,True,0.0,0.0
full_coverage_complete,girl`sblkbag,16,0,0,1,True,False,True,0.0,0.0
full_coverage_complete,girl`sblkbag,19,6,1,6,True,False,True,0.0,0.5910774591036599
full_coverage_complete,girl`sblkbag,20,5,1,5,True,False,True,0.6142537545607544,0.604382002853095
full_coverage_complete,girl`sblkbag,21,0,0,5,True,False,True,0.6499478100727125,0.6499478100727125
full_coverage_complete,girl`sblkbag,22,4,2,4,True,False,True,0.4781431783657693,0.0
full_coverage_complete,girl`sblkbag,24,0,0,5,True,False,True,0.0,0.0
full_coverage_complete,girl`sblkbag,25,0,0,5,True,False,True,0.0,0.0
full_coverage_complete,girl`sblkbag,26,0,0,5,True,False,True,0.0,0.0
full_coverage_complete,girl`sblkbag,27,0,0,5,True,False,True,0.0,0.0
full_coverage_complete,girl`sblkbag,28,5,4,5,True,False,True,0.0,0.0
full_coverage_complete,girl`sblkbag,29,0,0,1,True,False,True,0.0,0.0
full_coverage_complete,girl`sblkbag,60,0,0,5,True,False,True,0.0,0.0
full_coverage_complete,girl`sblkbag,61,0,0,5,True,False,True,0.0,0.0
full_coverage_complete,girl`sblkbag,62,0,0,5,True,False,True,0.0,0.0
full_coverage_complete,girl`sblkbag,66,0,0,5,True,False,True,0.04203379525350646,0.04203379525350646
full_coverage_complete,girl`sblkbag,73,0,0,4,True,False,True,0.21070397925882448,0.21070397925882448
full_coverage_complete,girl`sblkbag,74,0,0,4,True,False,True,0.21669263669652392,0.21669263669652392
full_coverage_complete,girl`sblkbag,75,0,0,4,True,False,True,0.2566690938832014,0.2566690938832014
full_coverage_complete,girl`sblkbag,90,0,0,5,True,False,True,0.14219526200230806,0.14219526200230806
full_coverage_complete,girl`sblkbag,91,5,0,5,True,False,True,0.14776219095011014,0.15153264552463147
full_coverage_complete,girl`sblkbag,196,0,0,1,True,False,True,0.2604168119473331,0.2604168119473331
full_coverage_complete,girl`sblkbag,198,0,0,5,True,False,True,0.17338115520712327,0.17338115520712327
full_coverage_complete,girl`sblkbag,235,0,0,5,True,False,True,0.10928293653443069,0.10928293653443069
full_coverage_complete,girl`sblkbag,236,0,0,5,True,False,True,0.12600800507181734,0.12600800507181734
full_coverage_complete,girl`sblkbag,237,5,0,5,True,False,True,0.12818277570594738,0.1042139899705274
full_coverage_complete,girl`sblkbag,238,0,0,5,True,False,True,0.10261290212572222,0.10261290212572222
full_coverage_complete,girl`sblkbag,239,0,0,5,True,False,True,0.06885265521509959,0.06885265521509959
full_coverage_complete,girl`sblkbag,240,0,0,5,True,False,True,0.06881766285987875,0.06881766285987875
full_coverage_complete,girl`sblkbag,241,5,1,5,True,False,True,0.10084643002388725,0.1514535682293997
full_coverage_complete,girl`sblkbag,242,0,0,5,True,False,True,0.08728296843510686,0.08728296843510686
full_coverage_complete,girl`sblkbag,254,0,0,5,True,False,True,0.12155038845503911,0.12155038845503911
full_coverage_complete,girl`sblkbag,256,0,0,1,True,False,True,0.08781603940445057,0.08781603940445057
full_coverage_complete,girl`sblkbag,257,0,0,5,True,False,True,0.11656576137124824,0.11656576137124824
full_coverage_complete,girl`sblkbag,303,0,0,5,True,False,True,0.0,0.0
full_coverage_complete,girl`sblkbag,304,5,0,5,True,False,True,0.0,0.0
full_coverage_complete,girl`sblkbag,305,0,0,5,True,False,True,0.0,0.0
full_coverage_complete,girl`sblkbag,309,5,1,5,True,False,True,0.0,0.0
full_coverage_complete,girl`sblkbag,310,0,0,5,True,False,True,0.0,0.0
full_coverage_complete,girl`sblkbag,311,0,0,5,True,False,True,0.0,0.0
full_coverage_complete,girl`sblkbag,313,0,0,5,True,False,True,0.0,0.0
full_coverage_complete,girl`sblkbag,315,0,0,5,True,False,True,0.0,0.0
full_coverage_complete,girl`sblkbag,318,0,1,0,False,False,True,0.0,0.0
full_coverage_complete,girl`sblkbag,319,0,1,5,True,False,True,0.034207034844785274,0.0
full_coverage_complete,girl`sblkbag,320,6,1,6,True,False,True,0.0,0.0
full_coverage_complete,girl`sblkbag,323,0,0,4,True,False,True,0.0,0.0
full_coverage_complete,girl`sblkbag,329,0,0,5,True,False,True,0.0,0.0
full_coverage_complete,girl`sblkbag,330,0,0,5,True,False,True,0.0,0.0
full_coverage_complete,girl`sblkbag,331,0,0,5,True,False,True,0.0,0.0
full_coverage_complete,girl`sblkbag,332,0,0,5,True,False,True,0.0,0.0
full_coverage_complete,girl`sblkbag,343,0,0,5,True,False,True,0.0,0.0
full_coverage_complete,girl`sblkbag,347,0,0,5,True,False,True,0.0,0.0
full_coverage_complete,girl`sblkbag,348,0,0,5,True,False,True,0.0,0.0
full_coverage_complete,girl`sblkbag,349,0,0,5,True,False,True,0.0,0.0
full_coverage_complete,girl`sblkbag,352,0,0,5,True,False,True,0.0,0.0
full_coverage_complete,girl`sblkbag,408,0,0,5,True,False,True,0.2262444724194306,0.2262444724194306
full_coverage_complete,girl`sblkbag,409,0,0,5,True,False,True,0.23358357245971698,0.23358357245971698
full_coverage_complete,girl`sblkbag,410,0,0,5,True,False,True,0.1698157300994102,0.1698157300994102
full_coverage_complete,girl`sblkbag,411,5,1,5,True,False,True,0.1461318067632373,0.0
full_coverage_complete,girl`sblkbag,412,0,0,5,True,False,True,0.0,0.0
full_coverage_complete,girl`sblkbag,413,0,0,5,True,False,True,0.0,0.0
full_coverage_complete,girl`sblkbag,414,0,0,5,True,False,True,0.0,0.0
full_coverage_complete,girl`sblkbag,415,0,0,5,True,False,True,0.0,0.0
full_coverage_complete,girl`sblkbag,416,0,0,5,True,False,True,0.0,0.0
full_coverage_complete,girl`sblkbag,417,0,0,5,True,False,True,0.0,0.0
full_coverage_complete,girl`sblkbag,421,0,0,1,True,False,True,0.047497357814538524,0.047497357814538524
full_coverage_complete,girl`sblkbag,422,0,0,1,True,False,True,0.13116269710365336,0.13116269710365336
full_coverage_complete,girl`sblkbag,423,0,0,5,True,False,True,0.10150730683068246,0.10150730683068246
full_coverage_complete,girl`sblkbag,424,0,0,5,True,False,True,0.09002553818383771,0.09002553818383771
full_coverage_complete,girldownstairfromlight,39,0,0,1,True,False,True,0.45415246734199716,0.45415246734199716
full_coverage_complete,girldownstairfromlight,53,0,0,1,True,False,True,0.47167286414075443,0.47167286414075443
full_coverage_complete,girldownstairfromlight,54,0,0,1,True,False,True,0.3535195450732812,0.3535195450732812
full_coverage_complete,girldownstairfromlight,55,0,0,1,True,False,True,0.3826714574228531,0.3826714574228531
full_coverage_complete,girldownstairfromlight,56,0,0,1,True,False,True,0.43662971949058366,0.43662971949058366
full_coverage_complete,girldownstairfromlight,57,0,0,1,True,False,True,0.4013472221896431,0.4013472221896431
full_coverage_complete,girldownstairfromlight,58,0,0,1,True,False,True,0.33126826070701604,0.33126826070701604
full_coverage_complete,girldownstairfromlight,59,0,0,1,True,False,True,0.5183136814496048,0.5183136814496048
full_coverage_complete,girldownstairfromlight,60,0,0,1,True,False,True,0.41840870942300196,0.41840870942300196
full_coverage_complete,girldownstairfromlight,61,0,0,1,True,False,True,0.4174240841282102,0.4174240841282102
full_coverage_complete,girldownstairfromlight,62,0,0,1,True,False,True,0.4701500741179665,0.4701500741179665
full_coverage_complete,girldownstairfromlight,63,0,0,4,True,False,True,0.46015665993353927,0.46015665993353927
full_coverage_complete,girldownstairfromlight,64,0,0,4,True,False,True,0.4311834535427691,0.4311834535427691
full_coverage_complete,girldownstairfromlight,65,0,0,4,True,False,True,0.44366155798829654,0.44366155798829654
full_coverage_complete,girldownstairfromlight,66,0,0,4,True,False,True,0.45493667982086117,0.45493667982086117
full_coverage_complete,girldownstairfromlight,67,0,0,4,True,False,True,0.460183901122488,0.460183901122488
full_coverage_complete,girldownstairfromlight,68,0,0,4,True,False,True,0.3493242363594077,0.3493242363594077
full_coverage_complete,girldownstairfromlight,69,0,0,4,True,False,True,0.32661260989547725,0.32661260989547725
full_coverage_complete,girldownstairfromlight,70,0,0,4,True,False,True,0.3215977601275343,0.3215977601275343
full_coverage_complete,girldownstairfromlight,71,0,0,5,True,False,True,0.24742238756551554,0.24742238756551554
full_coverage_complete,girldownstairfromlight,72,0,0,4,True,False,True,0.09574463048593018,0.09574463048593018
full_coverage_complete,girldownstairfromlight,73,0,0,4,True,False,True,0.0493753342111171,0.0493753342111171
full_coverage_complete,girldownstairfromlight,74,0,0,4,True,False,True,0.07039300752825671,0.07039300752825671
full_coverage_complete,girldownstairfromlight,75,0,0,5,True,False,True,0.02459347550852756,0.02459347550852756
full_coverage_complete,girldownstairfromlight,76,0,0,4,True,False,True,0.04314978686399986,0.04314978686399986
full_coverage_complete,girldownstairfromlight,77,0,0,5,True,False,True,0.012812152796553343,0.012812152796553343
full_coverage_complete,girldownstairfromlight,78,0,0,4,True,False,True,0.0,0.0
full_coverage_complete,girldownstairfromlight,79,0,0,4,True,False,True,0.0,0.0
full_coverage_complete,girldownstairfromlight,80,0,0,5,True,False,True,0.0,0.0
full_coverage_complete,girldownstairfromlight,81,0,0,5,True,False,True,0.0,0.0
full_coverage_complete,girldownstairfromlight,82,0,0,4,True,False,True,0.0,0.0
full_coverage_complete,girldownstairfromlight,83,0,0,4,True,False,True,0.0,0.0
full_coverage_complete,girldownstairfromlight,84,0,0,4,True,False,True,0.0,0.0
full_coverage_complete,girldownstairfromlight,85,0,0,4,True,False,True,0.0,0.0
full_coverage_complete,girldownstairfromlight,86,0,0,4,True,False,True,0.0,0.0
full_coverage_complete,girldownstairfromlight,87,0,0,4,True,False,True,0.0,0.0
full_coverage_complete,girldownstairfromlight,88,0,1,4,True,False,True,0.0,0.0
full_coverage_complete,girldownstairfromlight,89,0,0,4,True,False,True,0.0,0.0
full_coverage_complete,girldownstairfromlight,90,0,0,4,True,False,True,0.0,0.0
full_coverage_complete,girldownstairfromlight,91,0,0,4,True,False,True,0.0,0.0
full_coverage_complete,girldownstairfromlight,92,0,0,4,True,False,True,0.0,0.0
full_coverage_complete,girldownstairfromlight,93,0,0,4,True,False,True,0.0,0.0
full_coverage_complete,girldownstairfromlight,94,0,0,4,True,False,True,0.0,0.0
full_coverage_complete,girldownstairfromlight,95,0,0,4,True,False,True,0.0,0.0
full_coverage_complete,girldownstairfromlight,96,0,0,4,True,False,True,0.0,0.0
full_coverage_complete,girldownstairfromlight,97,0,0,5,True,False,True,0.0,0.0
full_coverage_complete,girldownstairfromlight,98,0,0,4,True,False,True,0.0,0.0
full_coverage_complete,girldownstairfromlight,99,0,0,4,True,False,True,0.0,0.0
full_coverage_complete,girldownstairfromlight,100,0,0,4,True,False,True,0.0,0.0
full_coverage_complete,girldownstairfromlight,101,0,0,4,True,False,True,0.0,0.0
full_coverage_complete,girldownstairfromlight,102,0,0,4,True,False,True,0.0,0.0
full_coverage_complete,girldownstairfromlight,103,0,0,4,True,False,True,0.0,0.0
full_coverage_complete,girldownstairfromlight,104,0,0,4,True,False,True,0.0,0.0
full_coverage_complete,girldownstairfromlight,105,0,0,4,True,False,True,0.0,0.0
full_coverage_complete,girldownstairfromlight,106,0,0,4,True,False,True,0.0,0.0
full_coverage_complete,girldownstairfromlight,107,5,0,5,True,False,True,0.0,0.0
full_coverage_complete,girldownstairfromlight,108,0,0,4,True,False,True,0.0,0.0
full_coverage_complete,girldownstairfromlight,109,0,0,4,True,False,True,0.0,0.0
full_coverage_complete,girldownstairfromlight,110,0,0,5,True,False,True,0.0,0.0
full_coverage_complete,girldownstairfromlight,111,0,0,4,True,False,True,0.0,0.0
full_coverage_complete,girldownstairfromlight,112,0,0,4,True,False,True,0.0,0.0
full_coverage_complete,girldownstairfromlight,113,4,4,4,True,False,True,0.0,0.614829660074085
full_coverage_complete,girldownstairfromlight,114,0,0,5,True,False,True,0.6286268354779134,0.6286268354779134
full_coverage_complete,girldownstairfromlight,115,0,0,5,True,False,True,0.6140628428407042,0.6140628428407042
full_coverage_complete,girldownstairfromlight,116,0,0,4,True,False,True,0.5888658184044293,0.5888658184044293
full_coverage_complete,girldownstairfromlight,117,0,0,4,True,False,True,0.6262067637174968,0.6262067637174968
full_coverage_complete,girldownstairfromlight,118,0,0,4,True,False,True,0.5910474044017523,0.5910474044017523
full_coverage_complete,girldownstairfromlight,119,0,0,4,True,False,True,0.635917953523915,0.635917953523915
full_coverage_complete,girldownstairfromlight,214,0,0,1,True,False,True,0.4644822986048985,0.4644822986048985
full_coverage_complete,girldownstairfromlight,215,0,0,1,True,False,True,0.3513192824812904,0.3513192824812904
full_coverage_complete,girldownstairfromlight,216,0,0,1,True,False,True,0.5117879412637857,0.5117879412637857
full_coverage_complete,girldownstairfromlight,218,0,0,1,True,False,True,0.0036381999604143574,0.0036381999604143574
full_coverage_complete,girldownstairfromlight,219,0,0,1,True,False,True,0.012098322023186685,0.012098322023186685
full_coverage_complete,girldownstairfromlight,220,0,0,1,True,False,True,0.0,0.0
full_coverage_complete,girldownstairfromlight,221,0,0,1,True,False,True,0.0,0.0
full_coverage_complete,girldownstairfromlight,222,0,0,1,True,False,True,0.0,0.0
full_coverage_complete,girldownstairfromlight,238,0,0,4,True,False,True,0.0,0.0
full_coverage_complete,girldownstairfromlight,239,0,0,4,True,False,True,0.0,0.0
full_coverage_complete,girldownstairfromlight,240,0,0,4,True,False,True,0.0,0.0
full_coverage_complete,girldownstairfromlight,241,0,0,4,True,False,True,0.0,0.0
full_coverage_complete,girldownstairfromlight,242,0,0,4,True,False,True,0.0,0.0
full_coverage_complete,girldownstairfromlight,243,0,0,4,True,False,True,0.04811896397948638,0.04811896397948638
full_coverage_complete,girldownstairfromlight,244,5,0,5,True,False,True,0.0,0.0
full_coverage_complete,girldownstairfromlight,245,0,0,4,True,False,True,0.0,0.0
full_coverage_complete,girldownstairfromlight,246,0,0,4,True,False,True,0.0,0.0
full_coverage_complete,girldownstairfromlight,247,0,0,4,True,False,True,0.0,0.0
full_coverage_complete,girldownstairfromlight,248,0,0,4,True,False,True,0.0,0.0
full_coverage_complete,girldownstairfromlight,249,0,0,4,True,False,True,0.0,0.0
full_coverage_complete,girldownstairfromlight,258,4,0,4,True,False,True,0.0,0.0
full_coverage_complete,girldownstairfromlight,259,0,0,5,True,False,True,0.0,0.0
full_coverage_complete,girldownstairfromlight,260,0,0,1,True,False,True,0.0,0.0
full_coverage_complete,girldownstairfromlight,261,0,0,4,True,False,True,0.0,0.0
full_coverage_complete,girldownstairfromlight,262,0,0,4,True,False,True,0.0,0.0
full_coverage_complete,girldownstairfromlight,263,0,0,4,True,False,True,0.0,0.0
full_coverage_complete,girldownstairfromlight,264,0,0,4,True,False,True,0.0,0.0
full_coverage_complete,girldownstairfromlight,266,0,0,4,True,False,True,0.0,0.0
full_coverage_complete,girldownstairfromlight,267,0,0,1,True,False,True,0.0,0.0
full_coverage_complete,girldownstairfromlight,268,0,0,4,True,False,True,0.0,0.0
full_coverage_complete,girldownstairfromlight,269,0,0,4,True,False,True,0.0,0.0
full_coverage_complete,girldownstairfromlight,270,0,3,4,True,False,True,0.0,0.0
full_coverage_complete,girldownstairfromlight,271,0,0,5,True,False,True,0.0,0.0
full_coverage_complete,girldownstairfromlight,272,0,0,5,True,False,True,0.0,0.0
full_coverage_complete,girldownstairfromlight,273,0,0,5,True,False,True,0.0,0.0
full_coverage_complete,girldownstairfromlight,274,0,0,5,True,False,True,0.0,0.0
full_coverage_complete,girldownstairfromlight,275,0,0,5,True,False,True,0.0,0.0
full_coverage_complete,girldownstairfromlight,276,0,0,5,True,False,True,0.0,0.0
full_coverage_complete,girldownstairfromlight,277,0,0,4,True,False,True,0.0,0.0
full_coverage_complete,girldownstairfromlight,278,0,0,4,True,False,True,0.0,0.0
full_coverage_complete,girldownstairfromlight,279,0,0,4,True,False,True,0.0,0.0
full_coverage_complete,girldownstairfromlight,280,0,0,4,True,False,True,0.0,0.0
full_coverage_complete,girldownstairfromlight,281,0,0,4,True,False,True,0.0,0.0
full_coverage_complete,girldownstairfromlight,282,0,0,4,True,False,True,0.0,0.0
full_coverage_complete,girldownstairfromlight,283,0,0,4,True,False,True,0.0,0.0
full_coverage_complete,girldownstairfromlight,284,0,0,4,True,False,True,0.0,0.0
full_coverage_complete,girldownstairfromlight,285,0,0,4,True,False,True,0.0,0.0
full_coverage_complete,girldownstairfromlight,286,0,0,4,True,False,True,0.0,0.0
full_coverage_complete,girldownstairfromlight,287,0,0,5,True,False,True,0.006513213536619732,0.006513213536619732
full_coverage_complete,girldownstairfromlight,288,0,0,4,True,False,True,0.0,0.0
full_coverage_complete,girldownstairfromlight,289,0,1,5,True,False,True,0.0,0.0
full_coverage_complete,girldownstairfromlight,290,0,0,4,True,False,True,0.0,0.0
full_coverage_complete,girldownstairfromlight,291,0,0,4,True,False,True,0.0,0.0
full_coverage_complete,girldownstairfromlight,292,0,0,4,True,False,True,0.0,0.0
full_coverage_complete,girldownstairfromlight,293,0,0,4,True,False,True,0.0,0.0
full_coverage_complete,girldownstairfromlight,294,0,0,4,True,False,True,0.0,0.0
full_coverage_complete,girldownstairfromlight,295,0,0,4,True,False,True,0.0,0.0
full_coverage_complete,girldownstairfromlight,296,0,0,4,True,False,True,0.0,0.0
full_coverage_complete,girldownstairfromlight,297,0,0,4,True,False,True,0.0,0.0
full_coverage_complete,girldownstairfromlight,298,0,0,4,True,False,True,0.0,0.0
full_coverage_complete,girldownstairfromlight,299,0,0,4,True,False,True,0.0,0.0
full_coverage_complete,girldownstairfromlight,300,0,0,4,True,False,True,0.0,0.0
full_coverage_complete,girldownstairfromlight,301,0,0,4,True,False,True,0.0,0.0
full_coverage_complete,girldownstairfromlight,302,0,0,4,True,False,True,0.0,0.0
full_coverage_complete,girldownstairfromlight,303,0,0,4,True,False,True,0.0014717300617460038,0.0014717300617460038
full_coverage_complete,girldownstairfromlight,304,0,1,4,True,False,True,0.5732800814751844,0.5732800814751844
full_coverage_complete,girldownstairfromlight,305,0,0,4,True,False,True,0.5933477474640876,0.5933477474640876
full_coverage_complete,girldownstairfromlight,306,0,0,4,True,False,True,0.49943818828608183,0.49943818828608183
full_coverage_complete,girldownstairfromlight,307,0,0,4,True,False,True,0.2594678482099209,0.2594678482099209
full_coverage_complete,girldownstairfromlight,308,0,0,5,True,False,True,0.2863994617487644,0.2863994617487644
full_coverage_complete,girldownstairfromlight,309,0,0,5,True,False,True,0.38068810428426586,0.38068810428426586
full_coverage_complete,girldownstairfromlight,310,0,0,5,True,False,True,0.6238035858535199,0.6238035858535199
full_coverage_complete,girldownstairfromlight,311,0,0,5,True,False,True,0.5108460981536002,0.5108460981536002
full_coverage_complete,girldownstairfromlight,312,0,0,5,True,False,True,0.6732915697275561,0.6732915697275561
full_coverage_complete,girldownstairfromlight,394,0,0,1,True,False,True,0.5694276928633877,0.5694276928633877
full_coverage_complete,girldownstairfromlight,398,0,0,4,True,False,True,0.587010025408685,0.587010025408685
full_coverage_complete,girldownstairfromlight,414,0,0,1,True,False,True,0.8098479515757006,0.8098479515757006
full_coverage_complete,girldownstairfromlight,415,0,0,4,True,False,True,0.6694711541963013,0.6694711541963013
full_coverage_complete,girldownstairfromlight,420,0,0,1,True,False,True,0.7431454242756977,0.7431454242756977
full_coverage_complete,girldownstairfromlight,421,0,0,4,True,False,True,0.6194447923656617,0.6194447923656617
full_coverage_complete,girldownstairfromlight,440,0,0,1,True,False,True,0.07625516944496132,0.07625516944496132
full_coverage_complete,girldownstairfromlight,441,0,0,5,True,False,True,0.33253707713510444,0.33253707713510444
full_coverage_complete,girldownstairfromlight,442,0,0,4,True,False,True,0.27351826848708527,0.27351826848708527
full_coverage_complete,girldownstairfromlight,443,0,0,4,True,False,True,0.6018169435011227,0.6018169435011227
full_coverage_complete,girldownstairfromlight,444,0,0,4,True,False,True,0.8404924481971563,0.8404924481971563
full_coverage_complete,girldownstairfromlight,445,0,0,1,True,False,True,0.7031135207446452,0.7031135207446452
full_coverage_complete,girldownstairfromlight,446,0,0,1,True,False,True,0.7655513008713377,0.7655513008713377
full_coverage_complete,girldownstairfromlight,447,0,0,1,True,False,True,0.5386608369367158,0.5386608369367158
full_coverage_complete,girldownstairfromlight,448,0,0,4,True,False,True,0.5438325496333207,0.5438325496333207
full_coverage_complete,girldownstairfromlight,449,0,0,1,True,False,True,0.5711954562487513,0.5711954562487513
full_coverage_complete,girldownstairfromlight,450,0,0,4,True,False,True,0.584968950075711,0.584968950075711
full_coverage_complete,girldownstairfromlight,451,0,0,1,True,False,True,0.7131130964172876,0.7131130964172876
full_coverage_complete,girldownstairfromlight,452,0,0,5,True,False,True,0.6643777834415187,0.6643777834415187
full_coverage_complete,girldownstairfromlight,453,0,0,5,True,False,True,0.8196305066426859,0.8196305066426859
full_coverage_complete,girldownstairfromlight,454,5,0,5,True,False,True,0.8281998037415124,0.7437581412243229
full_coverage_complete,girldownstairfromlight,455,0,0,5,True,False,True,0.7718528801769038,0.7718528801769038
full_coverage_complete,girldownstairfromlight,456,0,0,5,True,False,True,0.6564892586834254,0.0
full_coverage_complete,girldownstairfromlight,457,0,0,4,True,False,True,0.0,0.0
full_coverage_complete,girldownstairfromlight,458,0,1,5,True,False,True,0.0,0.5861509060024296
full_coverage_complete,girldownstairfromlight,459,0,0,5,True,False,True,0.8135418480331852,0.8135418480331852
full_coverage_complete,girldownstairfromlight,460,0,0,5,True,False,True,0.7217337333324609,0.7217337333324609
full_coverage_complete,girldownstairfromlight,461,5,0,5,True,False,True,0.6466336048230463,0.6592779271763686
full_coverage_complete,girldownstairfromlight,462,0,0,5,True,False,True,0.8617599889617784,0.8617599889617784
full_coverage_complete,girldownstairfromlight,463,0,0,5,True,False,True,0.6863010364122553,0.6863010364122553
full_coverage_complete,girldownstairfromlight,464,5,0,5,True,False,True,0.8536708760244917,0.8613739118421665
full_coverage_complete,girldownstairfromlight,465,0,0,5,True,False,True,0.7974259122525259,0.7974259122525259
full_coverage_complete,girldownstairfromlight,466,0,0,5,True,False,True,0.6729250985859174,0.6729250985859174
full_coverage_complete,girldownstairfromlight,467,0,0,5,True,False,True,0.6649604612821379,0.6649604612821379
full_coverage_complete,girldownstairfromlight,468,0,0,4,True,False,True,0.7536623087431933,0.7536623087431933
full_coverage_complete,girldownstairfromlight,469,0,0,4,True,False,True,0.8972719785910154,0.8972719785910154
full_coverage_complete,girldownstairfromlight,470,0,0,4,True,False,True,0.782291738820849,0.782291738820849
full_coverage_complete,girldownstairfromlight,472,0,0,4,True,False,True,0.8033009596502869,0.8033009596502869
full_coverage_complete,girldownstairfromlight,473,0,0,4,True,False,True,0.8672238158187876,0.8672238158187876
full_coverage_complete,girldownstairfromlight,474,0,0,4,True,False,True,0.8034716117680818,0.8034716117680818
full_coverage_complete,girldownstairfromlight,475,0,0,4,True,False,True,0.7164803675987655,0.7164803675987655
full_coverage_complete,girldownstairfromlight,484,0,0,4,True,False,True,0.7565874310303639,0.7565874310303639
full_coverage_complete,girldownstairfromlight,485,0,0,4,True,False,True,0.7711912837464919,0.7711912837464919
full_coverage_complete,girldownstairfromlight,486,0,0,4,True,False,True,0.6784325419427731,0.6784325419427731
full_coverage_complete,girldownstairfromlight,489,0,0,4,True,False,True,0.8752942736457653,0.8752942736457653
full_coverage_complete,girldownstairfromlight,491,0,0,4,True,False,True,0.7621090403028469,0.7621090403028469
full_coverage_complete,girldownstairfromlight,505,1,0,1,True,False,True,0.767023418501447,0.7419817385238209
full_coverage_complete,girldownstairfromlight,510,0,0,4,True,False,True,0.8052234468943282,0.8052234468943282
full_coverage_complete,girldownstairfromlight,520,0,0,1,True,False,True,0.8423225674540277,0.8423225674540277
full_coverage_complete,girldownstairfromlight,540,0,0,4,True,False,True,0.7854470057918482,0.7854470057918482
full_coverage_complete,girldownstairfromlight,551,1,0,1,True,False,True,0.6507080757618778,0.7081392953973512
full_coverage_complete,girldownstairfromlight,569,0,0,4,True,False,True,0.748959016057099,0.748959016057099
full_coverage_complete,girldownstairfromlight,570,0,0,4,True,False,True,0.8188622525385733,0.8188622525385733
full_coverage_complete,girldownstairfromlight,573,0,0,1,True,False,True,0.8346085684516323,0.8346085684516323
full_coverage_complete,girldownstairfromlight,600,0,0,4,True,False,True,0.6619713197807425,0.6619713197807425
full_coverage_complete,girldownstairfromlight,601,0,0,4,True,False,True,0.7020267023002933,0.7020267023002933
full_coverage_complete,girldownstairfromlight,602,0,0,4,True,False,True,0.6198447414655692,0.6198447414655692
full_coverage_complete,girldownstairfromlight,603,0,0,4,True,False,True,0.5495806005839052,0.5495806005839052
full_coverage_complete,girldownstairfromlight,605,0,0,4,True,False,True,0.7744688601392934,0.7744688601392934
full_coverage_complete,girldownstairfromlight,606,0,0,5,True,False,True,0.6976177591909819,0.6976177591909819
full_coverage_complete,girldownstairfromlight,607,0,0,4,True,False,True,0.7326199227593597,0.7326199227593597
full_coverage_complete,girldownstairfromlight,608,0,0,5,True,False,True,0.8389549960288987,0.8389549960288987
full_coverage_complete,girldownstairfromlight,609,0,0,4,True,False,True,0.6191502368151498,0.6191502368151498
full_coverage_complete,girldownstairfromlight,610,0,0,5,True,False,True,0.6858360192049257,0.6858360192049257
full_coverage_complete,girldownstairfromlight,611,0,0,5,True,False,True,0.6375939487249764,0.6375939487249764
full_coverage_complete,girldownstairfromlight,615,0,0,5,True,False,True,0.7532831798491949,0.7532831798491949
full_coverage_complete,girldownstairfromlight,616,0,0,5,True,False,True,0.8595275830513484,0.8595275830513484
full_coverage_complete,girldownstairfromlight,617,0,0,5,True,False,True,0.7386644802763154,0.7386644802763154
full_coverage_complete,girldownstairfromlight,618,0,0,5,True,False,True,0.7569977900727083,0.7569977900727083
full_coverage_complete,girldownstairfromlight,619,0,0,1,True,False,True,0.8044245571894459,0.8044245571894459
full_coverage_complete,girldownstairfromlight,621,0,0,5,True,False,True,0.7343835052402701,0.7343835052402701
full_coverage_complete,girldownstairfromlight,622,0,0,4,True,False,True,0.7390631587804457,0.7390631587804457
full_coverage_complete,girldownstairfromlight,623,0,0,5,True,False,True,0.8052892015857154,0.8052892015857154
full_coverage_complete,girldownstairfromlight,624,0,0,4,True,False,True,0.5965249032687472,0.5965249032687472
full_coverage_complete,girldownstairfromlight,625,0,0,4,True,False,True,0.5844537413132284,0.5844537413132284
full_coverage_complete,girldownstairfromlight,626,0,0,5,True,False,True,0.6663661962993593,0.6663661962993593
full_coverage_complete,girldownstairfromlight,627,0,0,5,True,False,True,0.6707629797492313,0.6707629797492313
full_coverage_complete,girldownstairfromlight,637,1,0,1,True,False,True,0.8647821295711825,0.8736670593653564
full_coverage_complete,girldownstairfromlight,638,1,0,1,True,False,True,0.7521301860316263,0.80707616598239
full_coverage_complete,girldownstairfromlight,645,0,0,1,True,False,True,0.7931925520461777,0.7931925520461777
full_coverage_complete,girldownstairfromlight,650,0,0,1,True,False,True,0.753451941154725,0.753451941154725
full_coverage_complete,girldownstairfromlight,651,0,0,4,True,False,True,0.8532813526637808,0.8532813526637808
full_coverage_complete,girldownstairfromlight,653,0,0,4,True,False,True,0.7607795960284546,0.7607795960284546
full_coverage_complete,girldownstairfromlight,654,0,0,1,True,False,True,0.6183986727448045,0.6183986727448045
full_coverage_complete,girldownstairfromlight,655,0,0,4,True,False,True,0.659766981376733,0.659766981376733
full_coverage_complete,girldownstairfromlight,661,0,0,1,True,False,True,0.6698290012244361,0.6698290012244361
full_coverage_complete,girldownstairfromlight,668,0,0,4,True,False,True,0.7883748007971715,0.7883748007971715
full_coverage_complete,girldownstairfromlight,669,0,0,1,True,False,True,0.5865985404687485,0.5865985404687485
full_coverage_complete,girldownstairfromlight,670,0,0,4,True,False,True,0.7717842611200534,0.7717842611200534
full_coverage_complete,girldownstairfromlight,671,0,0,4,True,False,True,0.7037031163399342,0.7037031163399342
full_coverage_complete,girldownstairfromlight,695,0,0,5,True,False,True,0.42796974173849295,0.42796974173849295
full_coverage_complete,girldownstairfromlight,696,0,0,5,True,False,True,0.43342634848184103,0.43342634848184103
full_coverage_complete,girldownstairfromlight,697,0,0,5,True,False,True,0.4308892849360638,0.4308892849360638
full_coverage_complete,girldownstairfromlight,699,0,0,4,True,False,True,0.6591714942621105,0.6591714942621105
full_coverage_complete,girldownstairfromlight,705,0,0,1,True,False,True,0.5918311887739904,0.5918311887739904
full_coverage_complete,girldownstairfromlight,706,0,0,4,True,False,True,0.6516602152872893,0.6516602152872893
full_coverage_complete,girldownstairfromlight,707,0,0,5,True,False,True,0.5391916312079245,0.5391916312079245
full_coverage_complete,girldownstairfromlight,708,5,0,5,True,False,True,0.5745797410660811,0.5828265638707099
full_coverage_complete,girldownstairfromlight,709,0,0,5,True,False,True,0.5925783467249809,0.5925783467249809
full_coverage_complete,girldownstairfromlight,710,0,0,4,True,False,True,0.6451856698972871,0.6451856698972871
full_coverage_complete,girldownstairfromlight,711,0,0,5,True,False,True,0.5322513297613892,0.5322513297613892
full_coverage_complete,girldownstairfromlight,713,0,0,1,True,False,True,0.611937909672027,0.611937909672027
full_coverage_complete,girldownstairfromlight,715,0,0,4,True,False,True,0.40201764964822573,0.40201764964822573
full_coverage_complete,girldownstairfromlight,716,0,0,4,True,False,True,0.33760815354705265,0.33760815354705265
full_coverage_complete,girldownstairfromlight,717,0,0,5,True,False,True,0.4155935901273253,0.4155935901273253
full_coverage_complete,girldownstairfromlight,718,0,0,1,True,False,True,0.49958936563154227,0.49958936563154227
full_coverage_complete,girldownstairfromlight,720,0,0,1,True,False,True,0.5685899715837351,0.5685899715837351
full_coverage_complete,girldownstairfromlight,721,0,0,4,True,False,True,0.6090576705964926,0.6090576705964926
full_coverage_complete,girldownstairfromlight,722,0,0,4,True,False,True,0.5912931274087665,0.5912931274087665
full_coverage_complete,girldownstairfromlight,723,0,0,4,True,False,True,0.5026903253376742,0.5026903253376742
full_coverage_complete,girldownstairfromlight,724,0,0,4,True,False,True,0.50354987447254,0.50354987447254
full_coverage_complete,girldownstairfromlight,725,0,0,4,True,False,True,0.2842472279058647,0.2842472279058647
full_coverage_complete,girldownstairfromlight,726,0,0,4,True,False,True,0.4645164446617952,0.4645164446617952
full_coverage_complete,girldownstairfromlight,727,0,0,1,True,False,True,0.5866418993690616,0.5866418993690616
full_coverage_complete,girldownstairfromlight,728,0,0,4,True,False,True,0.7250485265940362,0.7250485265940362
full_coverage_complete,girldownstairfromlight,729,0,0,4,True,False,True,0.683551425728602,0.683551425728602
full_coverage_complete,girldownstairfromlight,730,0,0,4,True,False,True,0.7577763456001191,0.7577763456001191
full_coverage_complete,girldownstairfromlight,731,0,0,4,True,False,True,0.6920876208579426,0.6920876208579426
full_coverage_complete,girldownstairfromlight,733,0,0,1,True,False,True,0.7024808390362237,0.7024808390362237
full_coverage_complete,girldownstairfromlight,734,0,0,4,True,False,True,0.6172962945374277,0.6172962945374277
full_coverage_complete,girldownstairfromlight,735,0,0,4,True,False,True,0.5588843452334901,0.5588843452334901
full_coverage_complete,girldownstairfromlight,741,0,0,4,True,False,True,0.4771050867891083,0.4771050867891083
full_coverage_complete,girldownstairfromlight,745,0,0,4,True,False,True,0.599611068215227,0.599611068215227
full_coverage_complete,girldownstairfromlight,759,0,0,4,True,False,True,0.5778303993613915,0.5778303993613915
full_coverage_complete,girldownstairfromlight,760,0,0,4,True,False,True,0.6339938586216809,0.6339938586216809
full_coverage_complete,girldownstairfromlight,761,0,0,4,True,False,True,0.4860159557518627,0.4860159557518627
full_coverage_complete,girldownstairfromlight,762,0,0,4,True,False,True,0.5772358951424856,0.5772358951424856
full_coverage_complete,girldownstairfromlight,763,0,0,4,True,False,True,0.6465071066941327,0.6465071066941327
full_coverage_complete,girldownstairfromlight,764,0,0,4,True,False,True,0.4592127038036882,0.4592127038036882
full_coverage_complete,girldownstairfromlight,765,0,0,4,True,False,True,0.5378335486814091,0.5378335486814091
full_coverage_complete,girldownstairfromlight,766,0,0,4,True,False,True,0.4627082335890037,0.4627082335890037
full_coverage_complete,girldownstairfromlight,767,0,0,4,True,False,True,0.4394179324168681,0.4394179324168681
full_coverage_complete,girldownstairfromlight,768,0,0,4,True,False,True,0.569888826782942,0.569888826782942
full_coverage_complete,girldownstairfromlight,769,0,0,4,True,False,True,0.49353518055193524,0.49353518055193524
full_coverage_complete,girldownstairfromlight,770,0,0,1,True,False,True,0.43930709762042996,0.43930709762042996
full_coverage_complete,girldownstairfromlight,771,0,0,4,True,False,True,0.3865960882460123,0.3865960882460123
full_coverage_complete,girldownstairfromlight,772,0,0,4,True,False,True,0.3627789375396652,0.3627789375396652
full_coverage_complete,girldownstairfromlight,773,0,0,4,True,False,True,0.4883875506043025,0.4883875506043025
full_coverage_complete,girldownstairfromlight,774,0,0,4,True,False,True,0.5639863274349106,0.5639863274349106
full_coverage_complete,girldownstairfromlight,775,0,0,4,True,False,True,0.6682368480076891,0.6682368480076891
full_coverage_complete,girldownstairfromlight,780,0,0,1,True,False,True,0.41061027997275457,0.41061027997275457
full_coverage_complete,girldownstairfromlight,796,0,0,1,True,False,True,0.5738460992874126,0.5738460992874126
full_coverage_complete,girldownstairfromlight,797,0,0,4,True,False,True,0.4238356975080522,0.4238356975080522
full_coverage_complete,girldownstairfromlight,798,0,0,4,True,False,True,0.3251614675983924,0.3251614675983924
full_coverage_complete,girldownstairfromlight,802,0,0,4,True,False,True,0.20821201567577538,0.20821201567577538
full_coverage_complete,girldownstairfromlight,803,0,0,1,True,False,True,0.290555447400567,0.290555447400567
full_coverage_complete,girldownstairfromlight,804,0,0,1,True,False,True,0.3408542165745239,0.3408542165745239
full_coverage_complete,girldownstairfromlight,813,0,0,1,True,False,True,0.2541674403189714,0.2541674403189714
full_coverage_complete,girldownstairfromlight,814,0,0,1,True,False,True,0.3823002907556957,0.3823002907556957
full_coverage_complete,girldownstairfromlight,815,0,0,1,True,False,True,0.3097328611345673,0.3097328611345673
full_coverage_complete,girldownstairfromlight,816,0,0,4,True,False,True,0.4686121440709731,0.4686121440709731
full_coverage_complete,girldownstairfromlight,817,0,0,4,True,False,True,0.455018044909371,0.455018044909371
full_coverage_complete,girldownstairfromlight,818,4,0,4,True,False,True,0.39208438606382634,0.0
full_coverage_complete,girldownstairfromlight,819,0,0,5,True,False,True,0.0,0.0
full_coverage_complete,girldownstairfromlight,820,0,0,5,True,False,True,0.0,0.0
full_coverage_complete,girldownstairfromlight,821,0,1,5,True,False,True,0.0,0.21985472017712185
full_coverage_complete,girldownstairfromlight,822,0,0,1,True,False,True,0.2311254427800247,0.2311254427800247
full_coverage_complete,girldownstairfromlight,824,0,0,4,True,False,True,0.1708494417664307,0.1708494417664307
full_coverage_complete,girldownstairfromlight,825,0,0,5,True,False,True,0.2243634962914278,0.2243634962914278
full_coverage_complete,girldownstairfromlight,826,0,0,1,True,False,True,0.376440089138085,0.376440089138085
full_coverage_complete,girldownstairfromlight,829,0,0,4,True,False,True,0.4674812947780277,0.4674812947780277
full_coverage_complete,girldownstairfromlight,830,0,0,4,True,False,True,0.32713509235607086,0.32713509235607086
full_coverage_complete,girldownstairfromlight,831,0,0,4,True,False,True,0.5788703493344066,0.5788703493344066
full_coverage_complete,girldownstairfromlight,835,0,0,4,True,False,True,0.35459856921213195,0.35459856921213195
full_coverage_complete,girldownstairfromlight,840,0,0,1,True,False,True,0.37353164412074974,0.37353164412074974
full_coverage_complete,girldownstairfromlight,841,0,0,1,True,False,True,0.469961351886451,0.469961351886451
full_coverage_complete,girldownstairfromlight,842,0,0,4,True,False,True,0.41254980283951614,0.41254980283951614
full_coverage_complete,girldownstairfromlight,843,0,0,1,True,False,True,0.42783230715308534,0.42783230715308534
full_coverage_complete,girldownstairfromlight,844,0,0,4,True,False,True,0.41396895011249474,0.41396895011249474
full_coverage_complete,girldownstairfromlight,845,0,0,4,True,False,True,0.3805687102632551,0.3805687102632551
full_coverage_complete,girldownstairfromlight,846,0,0,5,True,False,True,0.3319965712564175,0.3319965712564175
full_coverage_complete,girldownstairfromlight,847,0,0,5,True,False,True,0.3415026764956403,0.3415026764956403
full_coverage_complete,girldownstairfromlight,848,0,0,5,True,False,True,0.3423977463919749,0.3423977463919749
full_coverage_complete,girldownstairfromlight,849,0,0,5,True,False,True,0.4889950723891329,0.4889950723891329
full_coverage_complete,girldownstairfromlight,850,0,0,4,True,False,True,0.4195412873359855,0.4195412873359855
full_coverage_complete,girldownstairfromlight,851,0,0,4,True,False,True,0.4542431263698297,0.4542431263698297
full_coverage_complete,girldownstairfromlight,853,0,0,4,True,False,True,0.3398933361423879,0.3398933361423879
full_coverage_complete,girldownstairfromlight,855,0,0,4,True,False,True,0.40991776450633594,0.40991776450633594
full_coverage_complete,girldownstairfromlight,856,0,0,4,True,False,True,0.43250520750734284,0.43250520750734284
full_coverage_complete,girldownstairfromlight,857,0,0,4,True,False,True,0.3775969697313015,0.3775969697313015
full_coverage_complete,girldownstairfromlight,858,0,0,5,True,False,True,0.35379245337295684,0.35379245337295684
full_coverage_complete,girldownstairfromlight,859,0,0,5,True,False,True,0.5335411674118904,0.5335411674118904
full_coverage_complete,girldownstairfromlight,867,0,0,5,True,False,True,0.4863733941852013,0.4863733941852013
full_coverage_complete,girldownstairfromlight,871,0,0,5,True,False,True,0.40027000956437564,0.40027000956437564
full_coverage_complete,girldownstairfromlight,873,0,0,1,True,False,True,0.43077943472571584,0.43077943472571584
full_coverage_complete,girldownstairfromlight,874,0,0,4,True,False,True,0.2959898513691859,0.2959898513691859
full_coverage_complete,girldownstairfromlight,875,0,0,1,True,False,True,0.3011355672598089,0.3011355672598089
full_coverage_complete,girldownstairfromlight,876,0,0,1,True,False,True,0.3434839897616445,0.3434839897616445
full_coverage_complete,girldownstairfromlight,877,0,0,4,True,False,True,0.29081632104812954,0.29081632104812954
full_coverage_complete,girldownstairfromlight,878,0,0,5,True,False,True,0.30484669118205643,0.30484669118205643
full_coverage_complete,girldownstairfromlight,879,0,0,1,True,False,True,0.3505050313893632,0.3505050313893632
full_coverage_complete,girldownstairfromlight,943,0,0,4,True,False,True,0.5260506969522003,0.5260506969522003
full_coverage_complete,girldownstairfromlight,991,0,0,4,True,False,True,0.660726672303111,0.660726672303111
full_coverage_complete,girldownstairfromlight,1023,0,0,4,True,False,True,0.2577170353747958,0.2577170353747958
full_coverage_complete,girldownstairfromlight,1026,0,0,4,True,False,True,0.32932854344903406,0.32932854344903406
full_coverage_complete,girldownstairfromlight,1027,0,0,4,True,False,True,0.22625813171909795,0.22625813171909795
full_coverage_complete,girldownstairfromlight,1028,0,0,4,True,False,True,0.2907252356212259,0.2907252356212259
full_coverage_complete,girldownstairfromlight,1029,0,0,4,True,False,True,0.33226757472108165,0.33226757472108165
full_coverage_complete,girldownstairfromlight,1030,0,0,4,True,False,True,0.3945177570679588,0.3945177570679588
full_coverage_complete,girldownstairfromlight,1031,0,0,4,True,False,True,0.4554822835663319,0.4554822835663319
full_coverage_complete,girldownstairfromlight,1032,0,0,4,True,False,True,0.7794381475352246,0.7794381475352246
full_coverage_complete,girldownstairfromlight,1033,0,0,4,True,False,True,0.7688936212421519,0.7688936212421519
full_coverage_complete,girldownstairfromlight,1038,0,0,1,True,False,True,0.8525752311424711,0.8525752311424711
full_coverage_complete,girldownstairfromlight,1047,0,0,5,True,False,True,0.6488423184665447,0.6488423184665447
full_coverage_complete,girldownstairfromlight,1048,0,0,5,True,False,True,0.5542330955949182,0.5542330955949182
full_coverage_complete,girldownstairfromlight,1053,0,0,1,True,False,True,0.724035523037672,0.724035523037672
full_coverage_complete,girldownstairfromlight,1054,0,0,4,True,False,True,0.6717963280407352,0.6717963280407352
full_coverage_complete,girldownstairfromlight,1055,0,0,1,True,False,True,0.5600019055378497,0.5600019055378497
full_coverage_complete,girldownstairfromlight,1056,0,0,1,True,False,True,0.4665957312526036,0.4665957312526036
full_coverage_complete,girldownstairfromlight,1057,0,0,1,True,False,True,0.5781446867252903,0.5781446867252903
full_coverage_complete,girldownstairfromlight,1059,0,0,4,True,False,True,0.4932316097969495,0.4932316097969495
full_coverage_complete,girldownstairfromlight,1060,0,0,4,True,False,True,0.5065817011372791,0.5065817011372791
full_coverage_complete,girldownstairfromlight,1063,0,0,1,True,False,True,0.42661883128945266,0.42661883128945266
full_coverage_complete,girldownstairfromlight,1064,0,0,1,True,False,True,0.5100455190522755,0.5100455190522755
full_coverage_complete,girldownstairfromlight,1065,0,0,1,True,False,True,0.5445072252552625,0.5445072252552625
full_coverage_complete,girldownstairfromlight,1069,0,0,1,True,False,True,0.5053205857977419,0.5053205857977419
full_coverage_complete,girldownstairfromlight,1070,0,0,1,True,False,True,0.4237674345665183,0.4237674345665183
full_coverage_complete,girldownstairfromlight,1073,0,0,1,True,False,True,0.39756468432094716,0.39756468432094716
full_coverage_complete,girldownstairfromlight,1074,0,0,4,True,False,True,0.48239135715666387,0.48239135715666387
full_coverage_complete,girldownstairfromlight,1075,0,0,4,True,False,True,0.48026085882084946,0.48026085882084946
full_coverage_complete,girldownstairfromlight,1076,5,0,5,True,False,True,0.5104605996010969,0.47896140929717285
full_coverage_complete,girldownstairfromlight,1077,5,0,5,True,False,True,0.6139021986524827,0.563142501386421
full_coverage_complete,girldownstairfromlight,1088,0,0,1,True,False,True,0.642716719840365,0.642716719840365
full_coverage_complete,girldownstairfromlight,1093,0,0,4,True,False,True,0.6372072289680231,0.6372072289680231
full_coverage_complete,girldownstairfromlight,1094,1,0,1,True,False,True,0.5739332650234559,0.740194776608419
full_coverage_complete,girldownstairfromlight,1095,1,0,1,True,False,True,0.5642383176100766,0.5982378720542386
full_coverage_complete,girldownstairfromlight,1096,0,0,4,True,False,True,0.5768245521555418,0.5768245521555418
full_coverage_complete,girldownstairfromlight,1097,0,0,1,True,False,True,0.5259874736456093,0.5259874736456093
full_coverage_complete,girldownstairfromlight,1098,0,0,4,True,False,True,0.3673748713754691,0.3673748713754691
full_coverage_complete,girldownstairfromlight,1099,0,0,1,True,False,True,0.31441071537185616,0.31441071537185616
full_coverage_complete,girldownstairfromlight,1100,0,0,1,True,False,True,0.2707838537829746,0.2707838537829746
full_coverage_complete,girldownstairfromlight,1101,0,0,4,True,False,True,0.2447602108443145,0.2447602108443145
full_coverage_complete,girldownstairfromlight,1102,0,0,4,True,False,True,0.24539841358604886,0.24539841358604886
full_coverage_complete,girldownstairfromlight,1103,0,0,4,True,False,True,0.2635388741074415,0.2635388741074415
full_coverage_complete,girldownstairfromlight,1104,0,0,4,True,False,True,0.22374351571083909,0.22374351571083909
full_coverage_complete,girldownstairfromlight,1105,1,0,1,True,False,True,0.24766615111273854,0.34948142796787246
full_coverage_complete,girldownstairfromlight,1106,0,0,4,True,False,True,0.3790070840222805,0.3790070840222805
full_coverage_complete,girldownstairfromlight,1107,0,0,4,True,False,True,0.46047598887915375,0.46047598887915375
full_coverage_complete,girldownstairfromlight,1108,0,0,1,True,False,True,0.4767534402533992,0.4767534402533992
full_coverage_complete,girldownstairfromlight,1109,0,0,4,True,False,True,0.6107043607051538,0.6107043607051538
full_coverage_complete,girldownstairfromlight,1110,0,0,1,True,False,True,0.6998383937368013,0.6998383937368013
full_coverage_complete,girldownstairfromlight,1116,0,0,4,True,False,True,0.4826168351812796,0.4826168351812796
full_coverage_complete,girldownstairfromlight,1117,0,0,1,True,False,True,0.3546886247338891,0.3546886247338891
full_coverage_complete,girldownstairfromlight,1118,0,0,5,True,False,True,0.5615143499551415,0.5615143499551415
full_coverage_complete,girldownstairfromlight,1120,0,0,1,True,False,True,0.6298889718294455,0.6298889718294455
full_coverage_complete,girldownstairfromlight,1121,0,0,4,True,False,True,0.6547713677889366,0.6547713677889366
full_coverage_complete,girldownstairfromlight,1122,0,0,1,True,False,True,0.522381208779646,0.522381208779646
full_coverage_complete,girldownstairfromlight,1123,0,0,4,True,False,True,0.5966264654169315,0.5966264654169315
full_coverage_complete,girldownstairfromlight,1124,0,0,1,True,False,True,0.5603394504784869,0.5603394504784869
full_coverage_complete,girldownstairfromlight,1125,0,0,1,True,False,True,0.4834053763414878,0.4834053763414878
full_coverage_complete,girldownstairfromlight,1126,0,0,4,True,False,True,0.3990427801348032,0.3990427801348032
full_coverage_complete,girldownstairfromlight,1127,0,0,4,True,False,True,0.3471793936522095,0.3471793936522095
full_coverage_complete,girldownstairfromlight,1128,0,0,4,True,False,True,0.4022296826468572,0.4022296826468572
full_coverage_complete,girldownstairfromlight,1130,0,0,4,True,False,True,0.3823948825778448,0.3823948825778448
full_coverage_complete,girldownstairfromlight,1131,0,0,4,True,False,True,0.33663627754288017,0.33663627754288017
full_coverage_complete,girldownstairfromlight,1132,0,0,4,True,False,True,0.33325065554350375,0.33325065554350375
full_coverage_complete,girldownstairfromlight,1133,0,0,4,True,False,True,0.1459796614057712,0.1459796614057712
full_coverage_complete,girldownstairfromlight,1134,0,0,4,True,False,True,0.26237277184058255,0.26237277184058255
full_coverage_complete,girldownstairfromlight,1135,0,0,4,True,False,True,0.24660887945318768,0.24660887945318768
full_coverage_complete,girldownstairfromlight,1136,0,0,4,True,False,True,0.27300075325538325,0.27300075325538325
full_coverage_complete,girldownstairfromlight,1137,0,0,4,True,False,True,0.22319403338199215,0.22319403338199215
full_coverage_complete,girldownstairfromlight,1138,0,0,4,True,False,True,0.23327184907414278,0.23327184907414278
full_coverage_complete,girldownstairfromlight,1139,0,0,4,True,False,True,0.21909383193122717,0.21909383193122717
full_coverage_complete,girldownstairfromlight,1140,0,0,4,True,False,True,0.25015374137487667,0.25015374137487667
full_coverage_complete,girldownstairfromlight,1141,0,0,4,True,False,True,0.3275262129138097,0.3275262129138097
full_coverage_complete,girldownstairfromlight,1142,0,0,4,True,False,True,0.47643036221344315,0.47643036221344315
full_coverage_complete,girldownstairfromlight,1143,0,0,4,True,False,True,0.32085171389654044,0.32085171389654044
full_coverage_complete,girldownstairfromlight,1144,0,0,4,True,False,True,0.3092330957773237,0.3092330957773237
full_coverage_complete,girldownstairfromlight,1145,0,0,4,True,False,True,0.3742124234391984,0.3742124234391984
full_coverage_complete,girldownstairfromlight,1146,0,0,4,True,False,True,0.314935088328432,0.314935088328432
full_coverage_complete,girldownstairfromlight,1147,0,0,4,True,False,True,0.3076933987601884,0.3076933987601884
full_coverage_complete,girldownstairfromlight,1148,0,0,4,True,False,True,0.3241860176128948,0.3241860176128948
full_coverage_complete,girldownstairfromlight,1149,0,0,4,True,False,True,0.28780414877200194,0.28780414877200194
full_coverage_complete,girldownstairfromlight,1150,0,0,4,True,False,True,0.27597969929946664,0.27597969929946664
full_coverage_complete,girldownstairfromlight,1151,0,0,4,True,False,True,0.4264891856938444,0.4264891856938444
full_coverage_complete,girldownstairfromlight,1152,0,0,4,True,False,True,0.3786375508718069,0.3786375508718069
full_coverage_complete,girldownstairfromlight,1153,0,0,4,True,False,True,0.35810300202795453,0.35810300202795453
full_coverage_complete,girldownstairfromlight,1154,0,0,4,True,False,True,0.4195623789183861,0.4195623789183861
full_coverage_complete,girldownstairfromlight,1155,0,0,4,True,False,True,0.44907946588590136,0.44907946588590136
full_coverage_complete,girldownstairfromlight,1156,0,0,5,True,False,True,0.5679619814413976,0.5679619814413976
full_coverage_complete,girldownstairfromlight,1157,0,0,4,True,False,True,0.5715972163303109,0.5715972163303109
full_coverage_complete,girldownstairfromlight,1158,0,0,4,True,False,True,0.5193488006312852,0.5193488006312852
full_coverage_complete,girldownstairfromlight,1159,0,0,5,True,False,True,0.4806870548316325,0.4806870548316325
full_coverage_complete,girldownstairfromlight,1160,0,0,5,True,False,True,0.4265899064214687,0.4265899064214687
full_coverage_complete,girldownstairfromlight,1161,0,2,5,True,False,True,0.4150738378816685,0.0
full_coverage_complete,girldownstairfromlight,1162,0,0,5,True,False,True,0.0,0.0
full_coverage_complete,girldownstairfromlight,1163,0,0,5,True,False,True,0.0,0.0
full_coverage_complete,girldownstairfromlight,1164,0,0,5,True,False,True,0.0,0.0
full_coverage_complete,girldownstairfromlight,1165,0,0,5,True,False,True,0.0,0.0
full_coverage_complete,girldownstairfromlight,1166,0,0,5,True,False,True,0.039741717299934066,0.039741717299934066
full_coverage_complete,girldownstairfromlight,1167,0,0,4,True,False,True,0.20180613871949843,0.20180613871949843
full_coverage_complete,girldownstairfromlight,1168,0,0,4,True,False,True,0.22499418458733172,0.22499418458733172
full_coverage_complete,girldownstairfromlight,1169,0,0,5,True,False,True,0.19837085553758738,0.19837085553758738
full_coverage_complete,girldownstairfromlight,1170,0,0,5,True,False,True,0.13909381165000623,0.13909381165000623
full_coverage_complete,girldownstairfromlight,1171,0,0,5,True,False,True,0.14095374709472408,0.14095374709472408
full_coverage_complete,girldownstairfromlight,1172,0,0,5,True,False,True,0.15419339718290395,0.15419339718290395
full_coverage_complete,girldownstairfromlight,1173,0,1,5,True,False,True,0.17030500272809063,0.0
full_coverage_complete,girldownstairfromlight,1174,0,0,1,True,False,True,0.0,0.0
full_coverage_complete,girldownstairfromlight,1175,0,0,4,True,False,True,0.0,0.0
full_coverage_complete,girldownstairfromlight,1176,0,0,4,True,False,True,0.0,0.0
full_coverage_complete,girldownstairfromlight,1177,0,0,4,True,False,True,0.0,0.0
full_coverage_complete,girldownstairfromlight,1178,0,0,5,True,False,True,0.0,0.0
full_coverage_complete,girldownstairfromlight,1179,0,0,5,True,False,True,0.0,0.0
full_coverage_complete,girldownstairfromlight,1180,0,0,5,True,False,True,0.0,0.0
full_coverage_complete,girldownstairfromlight,1181,0,0,5,True,False,True,0.0,0.0
full_coverage_complete,girldownstairfromlight,1182,0,0,5,True,False,True,0.0,0.0
full_coverage_complete,girldownstairfromlight,1183,0,0,5,True,False,True,0.0,0.0
full_coverage_complete,girldownstairfromlight,1184,0,0,5,True,False,True,0.0,0.0
full_coverage_complete,girldownstairfromlight,1185,0,0,4,True,False,True,0.0,0.0
full_coverage_complete,girldownstairfromlight,1186,0,0,5,True,False,True,0.0,0.0
full_coverage_complete,girldownstairfromlight,1187,0,0,5,True,False,True,0.0,0.0
full_coverage_complete,girldownstairfromlight,1188,0,0,5,True,False,True,0.0,0.0
full_coverage_complete,girldownstairfromlight,1189,0,0,5,True,False,True,0.0,0.0
full_coverage_complete,girldownstairfromlight,1190,0,0,5,True,False,True,0.0,0.0
full_coverage_complete,girldownstairfromlight,1191,0,0,5,True,False,True,0.0,0.0
full_coverage_complete,girldownstairfromlight,1192,0,0,5,True,False,True,0.0,0.0
full_coverage_complete,girldownstairfromlight,1193,0,0,5,True,False,True,0.0,0.0
full_coverage_complete,girldownstairfromlight,1194,0,0,5,True,False,True,0.0,0.0
full_coverage_complete,girldownstairfromlight,1195,0,0,5,True,False,True,0.0,0.0
full_coverage_complete,girldownstairfromlight,1196,0,0,5,True,False,True,0.0,0.0
full_coverage_complete,girldownstairfromlight,1197,0,0,5,True,False,True,0.0,0.0
full_coverage_complete,girldownstairfromlight,1198,0,0,5,True,False,True,0.0,0.0
full_coverage_complete,girldownstairfromlight,1199,4,2,4,True,False,True,0.0,0.4348621910025638
full_coverage_complete,girldownstairfromlight,1200,0,0,5,True,False,True,0.4450888983304544,0.4450888983304544
full_coverage_complete,girldownstairfromlight,1201,0,0,5,True,False,True,0.386932875069088,0.386932875069088
full_coverage_complete,girldownstairfromlight,1202,0,0,5,True,False,True,0.32667623183932415,0.32667623183932415
full_coverage_complete,girldownstairfromlight,1203,0,0,5,True,False,True,0.4114605592931521,0.4114605592931521
full_coverage_complete,girldownstairfromlight,1204,0,0,4,True,False,True,0.3718577432500584,0.3718577432500584
full_coverage_complete,girldownstairfromlight,1205,0,0,4,True,False,True,0.38284864001359065,0.38284864001359065
full_coverage_complete,girldownstairfromlight,1206,0,0,4,True,False,True,0.3042584736459021,0.3042584736459021
full_coverage_complete,girldownstairfromlight,1207,0,0,4,True,False,True,0.3188940642757648,0.3188940642757648
full_coverage_complete,girldownstairfromlight,1208,0,0,4,True,False,True,0.41894817092242814,0.41894817092242814
full_coverage_complete,girldownstairfromlight,1209,0,0,4,True,False,True,0.3430586957562009,0.3430586957562009
full_coverage_complete,girldownstairfromlight,1210,0,0,4,True,False,True,0.4001351713578687,0.4001351713578687
full_coverage_complete,girldownstairfromlight,1211,0,0,4,True,False,True,0.4113044618716041,0.4113044618716041
full_coverage_complete,girldownstairfromlight,1212,0,0,4,True,False,True,0.42518705740176316,0.42518705740176316
full_coverage_complete,girldownstairfromlight,1213,0,0,4,True,False,True,0.5469507051186765,0.5469507051186765
full_coverage_complete,girldownstairfromlight,1214,0,0,4,True,False,True,0.5081172285248098,0.5081172285248098
full_coverage_complete,girldownstairfromlight,1215,0,0,4,True,False,True,0.5352662238636129,0.5352662238636129
full_coverage_complete,girldownstairfromlight,1216,0,0,4,True,False,True,0.5966204921207431,0.5966204921207431
full_coverage_complete,girlfromlight_quezhen,261,0,0,5,True,False,True,0.5053981169453046,0.5053981169453046
full_coverage_complete,girlfromlight_quezhen,262,5,0,5,True,False,True,0.613051460938561,0.6694520962705515
full_coverage_complete,girlfromlight_quezhen,263,5,0,5,True,False,True,0.8632812181606427,0.8942038211703097
full_coverage_complete,girlfromlight_quezhen,264,0,0,5,True,False,True,0.7091717870604117,0.7091717870604117
full_coverage_complete,girlfromlight_quezhen,265,0,0,1,True,False,True,0.6839742830263564,0.6839742830263564
full_coverage_complete,girlfromlight_quezhen,266,0,0,5,True,False,True,0.6452895326886949,0.6452895326886949
full_coverage_complete,girlfromlight_quezhen,267,0,0,5,True,False,True,0.7016778810374091,0.7016778810374091
full_coverage_complete,girlfromlight_quezhen,268,0,0,1,True,False,True,0.8975561110121093,0.8975561110121093
full_coverage_complete,girlfromlight_quezhen,269,0,0,1,True,False,True,0.5989201424346702,0.5989201424346702
full_coverage_complete,girlfromlight_quezhen,270,0,0,1,True,False,True,0.5516693992573366,0.5516693992573366
full_coverage_complete,girlfromlight_quezhen,422,0,0,1,True,False,True,0.686323699119002,0.686323699119002
full_coverage_complete,girlfromlight_quezhen,423,0,0,1,True,False,True,0.8095845358904827,0.8095845358904827
full_coverage_complete,girlfromlight_quezhen,424,0,0,5,True,False,True,0.6068481176278844,0.6068481176278844
full_coverage_complete,girlfromlight_quezhen,425,0,0,1,True,False,True,0.5791514772237227,0.5791514772237227
full_coverage_complete,girlfromlight_quezhen,426,0,0,1,True,False,True,0.6429127488924717,0.6429127488924717
full_coverage_complete,girlfromlight_quezhen,427,0,0,5,True,False,True,0.6816242553542076,0.6816242553542076
full_coverage_complete,girlfromlight_quezhen,428,0,0,1,True,False,True,0.7010952509112807,0.7010952509112807
full_coverage_complete,girlfromlight_quezhen,584,0,0,1,True,False,True,0.2487173311449125,0.2487173311449125
full_coverage_complete,girlfromlight_quezhen,705,0,0,1,True,False,True,0.3099347818225003,0.3099347818225003
full_coverage_complete,girlfromlight_quezhen,707,0,0,1,True,False,True,0.3031622735739636,0.3031622735739636
full_coverage_complete,girlfromlight_quezhen,708,0,0,1,True,False,True,0.35368993360833667,0.35368993360833667
full_coverage_complete,girlfromlight_quezhen,709,0,0,5,True,False,True,0.35811694827475216,0.35811694827475216
full_coverage_complete,girlfromlight_quezhen,710,1,0,1,True,False,True,0.8391493774979898,0.7794676373576285
full_coverage_complete,girlfromlight_quezhen,910,0,0,1,True,False,True,0.44853588228190855,0.44853588228190855
full_coverage_complete,girlfromlight_quezhen,911,0,0,5,True,False,True,0.44977581942336975,0.44977581942336975
full_coverage_complete,girlfromlight_quezhen,912,0,0,5,True,False,True,0.38150996671021614,0.38150996671021614
full_coverage_complete,girlfromlight_quezhen,913,0,0,5,True,False,True,0.6210339339935633,0.6210339339935633
full_coverage_complete,girlfromlight_quezhen,914,0,0,5,True,False,True,0.548901261227343,0.548901261227343
full_coverage_complete,girlfromlight_quezhen,915,0,0,5,True,False,True,0.5576410660874526,0.5576410660874526
full_coverage_complete,girlfromlight_quezhen,916,0,0,5,True,False,True,0.6281559748584035,0.6281559748584035
full_coverage_complete,girlfromlight_quezhen,917,0,0,5,True,False,True,0.6147434160250661,0.6147434160250661
full_coverage_complete,girlfromlight_quezhen,918,0,0,5,True,False,True,0.6901894513332653,0.6901894513332653
full_coverage_complete,girlfromlight_quezhen,919,0,0,1,True,False,True,0.49219029278759197,0.49219029278759197
full_coverage_complete,girlfromlight_quezhen,1013,0,0,1,True,False,True,0.3073945389573816,0.3073945389573816
full_coverage_complete,girlfromlight_quezhen,1014,0,0,1,True,False,True,0.3332523460130931,0.3332523460130931
full_coverage_complete,girlfromlight_quezhen,1015,0,0,5,True,False,True,0.33318069917499815,0.33318069917499815
full_coverage_complete,girlfromlight_quezhen,1016,0,0,1,True,False,True,0.18835084231551372,0.18835084231551372
full_coverage_complete,girlfromlight_quezhen,1017,0,0,1,True,False,True,0.22914092775832426,0.22914092775832426
full_coverage_complete,girlfromlight_quezhen,1018,0,0,1,True,False,True,0.23848589074713872,0.23848589074713872
full_coverage_complete,girllongskirt,87,0,0,6,True,False,True,0.003908020454568865,0.003908020454568865
full_coverage_complete,girllongskirt,89,0,0,5,True,False,True,0.7233044640655097,0.7233044640655097
full_coverage_complete,girllongskirt,102,0,0,1,True,False,True,0.5324994157597871,0.5324994157597871
full_coverage_complete,girllongskirt,103,0,0,1,True,False,True,0.5464178525735461,0.5464178525735461
full_coverage_complete,girllongskirt,104,0,0,1,True,False,True,0.3352614154824948,0.3352614154824948
full_coverage_complete,girllongskirt,105,0,0,5,True,False,True,0.5869414387772734,0.5869414387772734
full_coverage_complete,girllongskirt,106,0,0,1,True,False,True,0.1509612420193292,0.1509612420193292
full_coverage_complete,girllongskirt,107,0,0,2,True,False,True,0.3046513396402813,0.3046513396402813
full_coverage_complete,girllongskirt,108,0,0,1,True,False,True,0.23364450329968195,0.23364450329968195
full_coverage_complete,girllongskirt,110,0,0,1,True,False,True,0.40383804629511666,0.40383804629511666
full_coverage_complete,girllongskirt,112,0,0,1,True,False,True,0.3891239686397235,0.3891239686397235
full_coverage_complete,girllongskirt,113,0,0,2,True,False,True,0.38865734723510553,0.38865734723510553
full_coverage_complete,girllongskirt,114,5,0,5,True,False,True,0.46573265439975403,0.3698897497055168
full_coverage_complete,girllongskirt,115,0,0,2,True,False,True,0.3910267056735284,0.3910267056735284
full_coverage_complete,girllongskirt,116,0,0,5,True,False,True,0.0,0.0
full_coverage_complete,girllongskirt,117,0,0,5,True,False,True,0.5783800933953233,0.5783800933953233
full_coverage_complete,girllongskirt,120,0,0,2,True,False,True,0.49537591749184806,0.49537591749184806
full_coverage_complete,girllongskirt,121,0,0,2,True,False,True,0.1731005611740077,0.1731005611740077
full_coverage_complete,girllongskirt,122,0,0,5,True,False,True,0.3444114330016301,0.3444114330016301
full_coverage_complete,girllongskirt,124,0,0,2,True,False,True,0.4903116642540174,0.4903116642540174
full_coverage_complete,girllongskirt,127,0,0,2,True,False,True,0.5127884147990948,0.5127884147990948
full_coverage_complete,girllongskirt,128,2,0,2,True,False,True,0.40440130911267086,0.2425852399035147
full_coverage_complete,girllongskirt,129,0,0,5,True,False,True,0.3177369596655665,0.3177369596655665
full_coverage_complete,girllongskirt,130,0,0,1,True,False,True,0.41917160100716927,0.41917160100716927
full_coverage_complete,girllongskirt,131,0,0,2,True,False,True,0.4856307928805706,0.4856307928805706
full_coverage_complete,girllongskirt,132,0,0,6,True,False,True,0.1509493220654102,0.1509493220654102
full_coverage_complete,girllongskirt,133,0,0,5,True,False,True,0.3064900561121344,0.3064900561121344
full_coverage_complete,girllongskirt,135,1,0,1,True,False,True,0.04020485922118985,0.02762317744336903
full_coverage_complete,girllongskirt,136,0,0,5,True,False,True,0.11665365008439132,0.11665365008439132
full_coverage_complete,girllongskirt,139,0,0,2,True,False,True,0.5625684067955591,0.5625684067955591
full_coverage_complete,girllongskirt,140,6,0,6,True,False,True,0.0,0.0
full_coverage_complete,girllongskirt,141,0,0,5,True,False,True,0.002446118611147779,0.002446118611147779
full_coverage_complete,girllongskirt,142,0,0,5,True,False,True,0.1368750633887269,0.1368750633887269
full_coverage_complete,girllongskirt,143,0,0,5,True,False,True,0.026067820814315582,0.026067820814315582
full_coverage_complete,girllongskirt,144,0,0,2,True,False,True,0.028766423636039387,0.028766423636039387
full_coverage_complete,girllongskirt,145,0,0,5,True,False,True,0.0002750490893784246,0.0002750490893784246
full_coverage_complete,girllongskirt,146,5,0,5,True,False,True,0.5297704707384286,0.0
full_coverage_complete,girllongskirt,147,0,0,2,True,False,True,0.0,0.0
full_coverage_complete,girllongskirt,148,0,0,2,True,False,True,0.35621528989710577,0.35621528989710577
full_coverage_complete,girllongskirt,149,0,0,1,True,False,True,0.46645339619328935,0.46645339619328935
full_coverage_complete,girllongskirt,150,0,0,2,True,False,True,0.576029177857403,0.576029177857403
full_coverage_complete,girllongskirt,151,0,0,6,True,False,True,0.37320484653433234,0.37320484653433234
full_coverage_complete,girllongskirt,156,0,0,6,True,False,True,0.6292001174494896,0.6292001174494896
full_coverage_complete,girllongskirt,162,0,0,1,True,False,True,0.7480588380597962,0.7480588380597962
full_coverage_complete,girllongskirt,163,0,0,2,True,False,True,0.7949726190959425,0.7949726190959425
full_coverage_complete,girllongskirt,164,0,0,1,True,False,True,0.7687410470981341,0.7687410470981341
full_coverage_complete,girllongskirt,167,0,0,1,True,False,True,0.8315494941933289,0.8315494941933289
full_coverage_complete,girllongskirt,169,0,0,2,True,False,True,0.8305078799861564,0.0
full_coverage_complete,girllongskirt,170,0,0,5,True,False,True,0.879583612534712,0.879583612534712
full_coverage_complete,girllongskirt,171,0,0,1,True,False,True,0.9149799141137487,0.9149799141137487
full_coverage_complete,girllongskirt,172,0,0,1,True,False,True,0.6782441831685581,0.6782441831685581
full_coverage_complete,girllongskirt,173,0,0,5,True,False,True,0.6943661850244499,0.6943661850244499
full_coverage_complete,girllongskirt,175,0,0,1,True,False,True,0.8183329698112555,0.8183329698112555
full_coverage_complete,girllongskirt,177,0,0,1,True,False,True,0.6645920596376733,0.6645920596376733
full_coverage_complete,girllongskirt,179,0,0,5,True,False,True,0.697870961675414,0.697870961675414
full_coverage_complete,girllongskirt,180,0,0,5,True,False,True,0.8628224982125056,0.8628224982125056
full_coverage_complete,girllongskirt,181,0,0,1,True,False,True,0.6367981129444319,0.6367981129444319
full_coverage_complete,girllongskirt,182,0,0,1,True,False,True,0.5523544495841467,0.5523544495841467
full_coverage_complete,girllongskirt,183,0,0,1,True,False,True,0.7620297556323784,0.7620297556323784
full_coverage_complete,girllongskirt,184,0,0,1,True,False,True,0.8983799468085457,0.8983799468085457
full_coverage_complete,girllongskirt,185,0,0,1,True,False,True,0.5824222675770026,0.5824222675770026
full_coverage_complete,girllongskirt,186,1,0,1,True,False,True,0.07745889112810954,0.07380591911164232
full_coverage_complete,girllongskirt,187,0,0,5,True,False,True,0.1796769376920238,0.1796769376920238
full_coverage_complete,girllongskirt,188,0,1,4,True,False,True,0.0799533835431083,0.0799533835431083
full_coverage_complete,girllongskirt,189,0,0,1,True,False,True,0.7655610985541494,0.7655610985541494
full_coverage_complete,girllongskirt,193,0,0,2,True,False,True,0.5367847472824159,0.5367847472824159
full_coverage_complete,girllongskirt,194,0,0,5,True,False,True,0.3994484668059935,0.3994484668059935
full_coverage_complete,girllongskirt,195,0,0,2,True,False,True,0.559879632732827,0.559879632732827
full_coverage_complete,girllongskirt,196,0,0,1,True,False,True,0.7618515743932712,0.7618515743932712
full_coverage_complete,girllongskirt,197,0,0,5,True,False,True,0.057256046389000434,0.057256046389000434
full_coverage_complete,girllongskirt,198,0,0,5,True,False,True,0.05402953502363755,0.05402953502363755
full_coverage_complete,girllongskirt,199,0,0,1,True,False,True,0.7052168693989803,0.7052168693989803
full_coverage_complete,girllongskirt,203,0,0,5,True,False,True,0.8544400371455965,0.8544400371455965
full_coverage_complete,girllongskirt,205,0,0,1,True,False,True,0.7069575405365327,0.7069575405365327
full_coverage_complete,girllongskirt,206,0,0,1,True,False,True,0.7537633243380868,0.7537633243380868
full_coverage_complete,girllongskirt,207,0,0,1,True,False,True,0.04800096748323489,0.04800096748323489
full_coverage_complete,girllongskirt,208,0,0,5,True,False,True,0.012100636411790558,0.012100636411790558
full_coverage_complete,girllongskirt,209,0,0,1,True,False,True,0.08561455295650172,0.08561455295650172
full_coverage_complete,girllongskirt,210,0,0,1,True,False,True,0.7823608890409299,0.7823608890409299
full_coverage_complete,girllongskirt,211,0,0,1,True,False,True,0.6631065381519337,0.6631065381519337
full_coverage_complete,girllongskirt,212,0,0,1,True,False,True,0.368419291613651,0.368419291613651
full_coverage_complete,girllongskirt,213,0,0,5,True,False,True,0.47162112672715917,0.47162112672715917
full_coverage_complete,girllongskirt,214,0,1,1,True,False,True,0.8824760688317437,0.657184179849165
full_coverage_complete,girllongskirt,215,0,0,1,True,False,True,0.5886690250401357,0.5886690250401357
full_coverage_complete,girllongskirt,216,0,0,5,True,False,True,0.07825193016178768,0.07825193016178768
full_coverage_complete,girllongskirt,217,0,0,5,True,False,True,0.3952353956431467,0.3952353956431467
full_coverage_complete,girllongskirt,218,1,0,1,True,False,True,0.7193693429365795,0.0
full_coverage_complete,girllongskirt,219,0,0,6,True,False,True,0.06972022563102806,0.06972022563102806
full_coverage_complete,girllongskirt,220,0,0,5,True,False,True,0.757390294002728,0.757390294002728
full_coverage_complete,girllongskirt,221,0,0,5,True,False,True,0.8393351407585399,0.8393351407585399
full_coverage_complete,girllongskirt,223,0,0,1,True,False,True,0.5912959193742424,0.5912959193742424
full_coverage_complete,girllongskirt,224,0,0,1,True,False,True,0.6410932371163697,0.6410932371163697
full_coverage_complete,girllongskirt,225,0,0,1,True,False,True,0.6726572407557087,0.6726572407557087
full_coverage_complete,girllongskirt,226,0,0,5,True,False,True,0.8602083971027021,0.8602083971027021
full_coverage_complete,girllongskirt,227,0,0,1,True,False,True,0.5710187289551502,0.5710187289551502
full_coverage_complete,girllongskirt,228,0,0,5,True,False,True,0.6911952980121876,0.6911952980121876
full_coverage_complete,girllongskirt,229,0,0,1,True,False,True,0.6198504472292627,0.6198504472292627
full_coverage_complete,girllongskirt,230,0,0,1,True,False,True,0.7742243167652464,0.7742243167652464
full_coverage_complete,girllongskirt,231,0,0,5,True,False,True,0.8377479785649855,0.8377479785649855
full_coverage_complete,girllongskirt,232,0,0,1,True,False,True,0.008061794306457952,0.008061794306457952
full_coverage_complete,girllongskirt,233,0,0,5,True,False,True,0.04740960025210954,0.1878140533966368
full_coverage_complete,girllongskirt,234,0,0,1,True,False,True,0.1970887660339595,0.1970887660339595
full_coverage_complete,girllongskirt,235,0,1,4,True,False,True,0.33449696502626425,0.7224187588895125
full_coverage_complete,girllongskirt,237,0,0,1,True,False,True,0.8381032127229441,0.8381032127229441
full_coverage_complete,girllongskirt,238,0,0,2,True,False,True,0.7141809934012243,0.7141809934012243
full_coverage_complete,girllongskirt,240,0,0,5,True,False,True,0.7083738937332745,0.7083738937332745
full_coverage_complete,girllongskirt,241,0,0,4,True,False,True,0.30661275068682897,0.30661275068682897
full_coverage_complete,girllongskirt,242,0,0,5,True,False,True,0.6312611387329916,0.6312611387329916
full_coverage_complete,girllongskirt,243,0,0,1,True,False,True,0.661359085341473,0.661359085341473
full_coverage_complete,girllongskirt,245,0,0,1,True,False,True,0.7654772457881278,0.7654772457881278
full_coverage_complete,girllongskirt,246,0,0,1,True,False,True,0.7145900966284451,0.7145900966284451
full_coverage_complete,girllongskirt,247,0,0,1,True,False,True,0.6926368051631208,0.6926368051631208
full_coverage_complete,girllongskirt,251,0,0,2,True,False,True,0.8190421459444321,0.8190421459444321
full_coverage_complete,girllongskirt,258,0,0,1,True,False,True,0.7804208789984081,0.7804208789984081
full_coverage_complete,girllongskirt,275,0,0,2,True,False,True,0.785277155857171,0.785277155857171
full_coverage_complete,girllongskirt,284,4,0,4,True,False,True,0.8075448555299971,0.7800596410876254
full_coverage_complete,girllongskirt,294,0,0,5,True,False,True,0.8634389257239745,0.8634389257239745
full_coverage_complete,girllongskirt,295,0,0,1,True,False,True,0.7329754992667904,0.7329754992667904
full_coverage_complete,girlof2leaders,67,0,0,2,True,False,True,0.8400337264994095,0.8400337264994095
full_coverage_complete,girlof2leaders,69,0,0,2,True,False,True,0.8365929801405022,0.8365929801405022
full_coverage_complete,girlof2leaders,71,0,0,2,True,False,True,0.8993468547516541,0.8993468547516541
full_coverage_complete,girlof2leaders,76,0,0,2,True,False,True,0.8266215644292881,0.8266215644292881
full_coverage_complete,girlof2leaders,126,0,0,2,True,False,True,0.9319357815814772,0.9319357815814772
full_coverage_complete,girlof2leaders,127,0,0,2,True,False,True,0.7954505883719251,0.0
full_coverage_complete,girlof2leaders,362,0,0,2,True,False,True,0.0,0.0
full_coverage_complete,girlof2leaders,375,0,0,2,True,False,True,0.15870270020699745,0.15870270020699745
full_coverage_complete,girlof2leaders,378,0,0,2,True,False,True,0.20294090635098858,0.20294090635098858
full_coverage_complete,girlof2leaders,379,0,0,2,True,False,True,0.33711229285619876,0.33711229285619876
full_coverage_complete,girlof2leaders,390,0,0,2,True,False,True,0.2759200339005109,0.2759200339005109
full_coverage_complete,girlof2leaders,524,0,0,2,True,False,True,0.6339317315293728,0.6339317315293728
full_coverage_complete,girlof2leaders,525,0,0,2,True,False,True,0.6347832815962188,0.6347832815962188
full_coverage_complete,girlof2leaders,538,0,0,2,True,False,True,0.3290411748032098,0.3290411748032098
full_coverage_complete,girlof2leaders,544,0,0,2,True,False,True,0.23923564272892794,0.23923564272892794
full_coverage_complete,girlof2leaders,552,0,0,2,True,False,True,0.24226142421397473,0.24226142421397473
full_coverage_complete,girlof2leaders,553,5,0,5,True,False,True,0.47014200693377,0.7791364605347697
full_coverage_complete,girlof2leaders,555,0,0,2,True,False,True,0.13697225433214177,0.13697225433214177
full_coverage_complete,girlof2leaders,556,0,0,2,True,False,True,0.671656994421257,0.671656994421257
full_coverage_complete,girlof2leaders,557,5,0,5,True,False,True,0.6695551838201815,0.7565620593404088
full_coverage_complete,girlof2leaders,584,0,0,5,True,False,True,0.17348087669677317,0.17348087669677317
full_coverage_complete,girlof2leaders,698,0,0,2,True,False,True,0.0,0.0
full_coverage_complete,girlof2leaders,704,0,0,2,True,False,True,0.0,0.0
full_coverage_complete,girlof2leaders,705,0,0,2,True,False,True,0.0,0.0
full_coverage_complete,girlof2leaders,724,0,0,2,True,False,True,0.0,0.0
full_coverage_complete,girlof2leaders,726,0,0,5,True,False,True,0.9525999872984824,0.9525999872984824
full_coverage_complete,girlof2leaders,731,0,0,2,True,False,True,0.8869672207125736,0.8869672207125736
full_coverage_complete,girlof2leaders,736,0,0,2,True,False,True,0.0,0.8414831351620575
full_coverage_complete,girlof2leaders,741,0,0,2,True,False,True,0.8402881994720203,0.8402881994720203
full_coverage_complete,girlof2leaders,747,0,0,2,True,False,True,0.0,0.0
full_coverage_complete,girlof2leaders,748,0,1,2,True,False,True,0.0,0.0
full_coverage_complete,girlof2leaders,753,0,0,2,True,False,True,0.8730416849510736,0.8730416849510736
full_coverage_complete,girlof2leaders,758,0,0,2,True,False,True,0.9059727021385602,0.9059727021385602
full_coverage_complete,girlof2leaders,761,0,1,2,True,False,True,0.0,0.0
full_coverage_complete,girlof2leaders,770,0,0,2,True,False,True,0.8919158080794399,0.8919158080794399
full_coverage_complete,girlof2leaders,771,0,0,2,True,False,True,0.9257786616754151,0.0
full_coverage_complete,girlof2leaders,774,0,0,2,True,False,True,0.8408747509722329,0.8408747509722329
full_coverage_complete,girlof2leaders,783,0,0,2,True,False,True,0.8388155554562713,0.8388155554562713
full_coverage_complete,girlof2leaders,784,0,0,2,True,False,True,0.7353193105999037,0.7353193105999037
full_coverage_complete,girlof2leaders,786,0,0,2,True,False,True,0.19748791225717863,0.19748791225717863
full_coverage_complete,girlof2leaders,788,0,0,2,True,False,True,0.5961149574434258,0.5961149574434258
full_coverage_complete,girlof2leaders,790,1,0,1,True,False,True,0.15218316280248742,0.13389982387916138
full_coverage_complete,girlof2leaders,791,0,0,2,True,False,True,0.7062287229469535,0.7062287229469535
full_coverage_complete,girlof2leaders,793,0,0,6,True,False,True,0.8984238822078597,0.8984238822078597
full_coverage_complete,girlof2leaders,794,0,0,5,True,False,True,0.8538262726374611,0.8538262726374611
full_coverage_complete,girlof2leaders,795,0,0,2,True,False,True,0.7345731264296389,0.7345731264296389
full_coverage_complete,girlof2leaders,799,0,0,4,True,False,True,0.2754595715741308,0.2754595715741308
full_coverage_complete,girlof2leaders,800,0,0,5,True,False,True,0.7669992987086557,0.7669992987086557
full_coverage_complete,girlof2leaders,802,0,0,2,True,False,True,0.9336373532551488,0.9336373532551488
full_coverage_complete,girlof2leaders,803,0,0,2,True,False,True,0.924345721381745,0.924345721381745
full_coverage_complete,girlof2leaders,804,0,0,2,True,False,True,0.9085416957350153,0.9085416957350153
full_coverage_complete,girlof2leaders,805,0,0,2,True,False,True,0.0,0.0
full_coverage_complete,girlof2leaders,807,0,0,0,False,False,True,0.0,0.9407289621133301
full_coverage_complete,girlof2leaders,808,5,0,5,True,False,True,0.881227546341895,0.6526846157203717
full_coverage_complete,girlof2leaders,809,5,0,5,True,False,True,0.6253352214500689,0.8547984775407272
full_coverage_complete,girlof2leaders,810,0,0,2,True,False,True,0.8532386241719296,0.8532386241719296
full_coverage_complete,girlof2leaders,811,0,0,2,True,False,True,0.74678735630433,0.74678735630433
full_coverage_complete,girlof2leaders,812,0,0,4,True,False,True,0.8192435214943623,0.8192435214943623
full_coverage_complete,girlof2leaders,813,0,0,2,True,False,True,0.8674297030146391,0.8674297030146391
full_coverage_complete,girlof2leaders,819,0,0,2,True,False,True,0.7335023650469297,0.7335023650469297
full_coverage_complete,girlof2leaders,820,0,0,5,True,False,True,0.7417097546698664,0.7417097546698664
full_coverage_complete,girlof2leaders,822,0,0,2,True,False,True,0.8550614963746119,0.8550614963746119
full_coverage_complete,girlof2leaders,823,0,0,2,True,False,True,0.9364987699199059,0.9364987699199059
full_coverage_complete,girlof2leaders,825,0,0,2,True,False,True,0.895549888564824,0.895549888564824
full_coverage_complete,girlof2leaders,826,0,0,2,True,False,True,0.8376146178149066,0.8376146178149066
full_coverage_complete,girlof2leaders,828,0,0,2,True,False,True,0.8139091936171472,0.8139091936171472
full_coverage_complete,girlof2leaders,833,0,0,2,True,False,True,0.8708145484445072,0.8708145484445072
full_coverage_complete,girlof2leaders,834,0,0,2,True,False,True,0.7660737122486452,0.7660737122486452
full_coverage_complete,girlof2leaders,841,0,0,2,True,False,True,0.674143390018835,0.674143390018835
full_coverage_complete,girlof2leaders,842,0,0,2,True,False,True,0.6673365251233182,0.6673365251233182
full_coverage_complete,girlof2leaders,844,6,0,6,True,False,True,0.710971261181415,0.7043149007754529
full_coverage_complete,girlof2leaders,847,0,0,2,True,False,True,0.6845993418622612,0.6845993418622612
full_coverage_complete,girlof2leaders,850,0,0,2,True,False,True,0.7127985676072549,0.7127985676072549
full_coverage_complete,girlof2leaders,851,0,0,2,True,False,True,0.7786272107054232,0.7786272107054232
full_coverage_complete,girlof2leaders,852,0,0,2,True,False,True,0.7964447778312753,0.7964447778312753
full_coverage_complete,girlof2leaders,853,0,0,2,True,False,True,0.818575721478029,0.818575721478029
full_coverage_complete,girlof2leaders,860,0,0,2,True,False,True,0.7862439790696446,0.7862439790696446
full_coverage_complete,girlof2leaders,861,0,0,2,True,False,True,0.7070091561927457,0.7070091561927457
full_coverage_complete,girlof2leaders,863,0,0,2,True,False,True,0.8021037294331381,0.8021037294331381
full_coverage_complete,girlof2leaders,865,0,0,2,True,False,True,0.7520863563501148,0.7520863563501148
full_coverage_complete,girlof2leaders,866,0,0,2,True,False,True,0.7312094121798727,0.7312094121798727
full_coverage_complete,girlof2leaders,868,0,0,2,True,False,True,0.7878622384690207,0.7878622384690207
full_coverage_complete,girlof2leaders,869,0,0,2,True,False,True,0.7262584728506543,0.7262584728506543
full_coverage_complete,girlof2leaders,870,0,0,2,True,False,True,0.813651977203369,0.813651977203369
full_coverage_complete,girlof2leaders,871,0,0,2,True,False,True,0.7151499464318561,0.7151499464318561
full_coverage_complete,girlof2leaders,872,0,0,2,True,False,True,0.6765348764645612,0.6765348764645612
full_coverage_complete,girlof2leaders,874,0,0,2,True,False,True,0.5326541901728589,0.5326541901728589
full_coverage_complete,girlof2leaders,875,0,0,2,True,False,True,0.7023413130253854,0.7023413130253854
full_coverage_complete,girlof2leaders,876,0,0,2,True,False,True,0.5716983535194395,0.5716983535194395
full_coverage_complete,girlof2leaders,877,0,0,2,True,False,True,0.7268902311103846,0.7268902311103846
full_coverage_complete,girlof2leaders,878,0,0,2,True,False,True,0.7740386804796949,0.7740386804796949
full_coverage_complete,girlof2leaders,879,0,0,2,True,False,True,0.29711902725452155,0.29711902725452155
full_coverage_complete,girlof2leaders,880,0,0,2,True,False,True,0.3615175261691161,0.3615175261691161
full_coverage_complete,girlof2leaders,881,0,0,4,True,False,True,0.4916075118533865,0.4916075118533865
full_coverage_complete,girlof2leaders,882,0,0,2,True,False,True,0.418588238366199,0.418588238366199
full_coverage_complete,girlof2leaders,883,0,0,4,True,False,True,0.19348211246489166,0.19348211246489166
full_coverage_complete,girlof2leaders,884,1,0,1,True,False,True,0.4249598153583848,0.43132120592402734
full_coverage_complete,girlof2leaders,885,0,0,2,True,False,True,0.47582885412471737,0.47582885412471737
full_coverage_complete,girlof2leaders,886,0,0,2,True,False,True,0.7848806456666648,0.7848806456666648
full_coverage_complete,girlof2leaders,887,0,0,2,True,False,True,0.8249330580951677,0.8249330580951677
full_coverage_complete,girlof2leaders,888,0,0,2,True,False,True,0.32542104017260337,0.32542104017260337
full_coverage_complete,girlof2leaders,889,0,0,2,True,False,True,0.27173694468674625,0.27173694468674625
full_coverage_complete,girlof2leaders,890,0,0,2,True,False,True,0.27470430988533184,0.27470430988533184
full_coverage_complete,girlof2leaders,891,0,0,4,True,False,True,0.23344822573868704,0.23344822573868704
full_coverage_complete,girlof2leaders,892,0,0,2,True,False,True,0.3408738820234193,0.3408738820234193
full_coverage_complete,girlof2leaders,893,0,0,2,True,False,True,0.22053100396404018,0.22053100396404018
full_coverage_complete,girlof2leaders,894,0,0,2,True,False,True,0.4282875656673515,0.4282875656673515
full_coverage_complete,girlof2leaders,895,0,1,2,True,False,True,0.19626427286902554,0.0
full_coverage_complete,girlof2leaders,896,0,0,1,True,False,True,0.0,0.0
full_coverage_complete,girlof2leaders,900,0,0,1,True,False,True,0.0,0.0
full_coverage_complete,girlof2leaders,901,0,0,1,True,False,True,0.17866013729435262,0.17866013729435262
full_coverage_complete,girlof2leaders,902,0,0,5,True,False,True,0.0,0.21317801668056088
full_coverage_complete,girlof2leaders,903,0,0,5,True,False,True,0.26179556990437247,0.26179556990437247
full_coverage_complete,girlof2leaders,904,0,0,2,True,False,True,0.27531111507577294,0.27531111507577294
full_coverage_complete,girlof2leaders,906,0,0,2,True,False,True,0.251151037322931,0.251151037322931
full_coverage_complete,girlof2leaders,907,0,0,2,True,False,True,0.12494165441432317,0.12494165441432317
full_coverage_complete,girlof2leaders,909,0,0,1,True,False,True,0.42504580022476474,0.42504580022476474
full_coverage_complete,girlof2leaders,910,0,0,2,True,False,True,0.318314581847056,0.318314581847056
full_coverage_complete,girlof2leaders,911,0,0,4,True,False,True,0.350788505412632,0.350788505412632
full_coverage_complete,girlof2leaders,912,0,0,1,True,False,True,0.26434971915106314,0.26434971915106314
full_coverage_complete,girlof2leaders,913,0,0,2,True,False,True,0.38894940187742977,0.38894940187742977
full_coverage_complete,girlof2leaders,914,0,1,2,True,False,True,0.4584668790672062,0.0
full_coverage_complete,girlof2leaders,916,0,0,1,True,False,True,0.0,0.0
full_coverage_complete,girlof2leaders,917,1,0,1,True,False,True,0.44915870141875985,0.12938336196442787
full_coverage_complete,girlof2leaders,918,0,0,5,True,False,True,0.1334495154291267,0.6634837592507431
full_coverage_complete,girlof2leaders,919,0,0,6,True,False,True,0.8340611732369982,0.8340611732369982
full_coverage_complete,girlof2leaders,920,0,0,2,True,False,True,0.023834224798634434,0.023834224798634434
full_coverage_complete,girlof2leaders,921,0,0,2,True,False,True,0.04495379606340425,0.762192964478904
full_coverage_complete,girlof2leaders,922,0,0,1,True,False,True,0.675883468346659,0.675883468346659
full_coverage_complete,girlof2leaders,933,0,0,2,True,False,True,0.8369434527323996,0.8369434527323996
full_coverage_complete,girlof2leaders,935,0,0,2,True,False,True,0.7431972924647474,0.7431972924647474
full_coverage_complete,girlof2leaders,936,0,0,2,True,False,True,0.8304310313694848,0.8304310313694848
full_coverage_complete,girlof2leaders,940,0,0,2,True,False,True,0.0,0.0
full_coverage_complete,girlof2leaders,942,0,0,1,True,False,True,0.6907698370785889,0.6907698370785889
full_coverage_complete,girlof2leaders,943,0,0,2,True,False,True,0.8049001453739878,0.8049001453739878
full_coverage_complete,girlof2leaders,956,0,0,1,True,False,True,0.0,0.0
full_coverage_complete,girlof2leaders,957,0,0,2,True,False,True,0.0,0.0
full_coverage_complete,girlof2leaders,959,1,0,1,True,False,True,0.0,0.0
full_coverage_complete,girlof2leaders,961,0,1,0,False,False,True,0.6702196757365192,0.0
full_coverage_complete,girlof2leaders,966,0,0,2,True,False,True,0.5264708728513864,0.5264708728513864
full_coverage_complete,girlof2leaders,969,0,0,2,True,False,True,0.6534570809960494,0.6534570809960494
full_coverage_complete,girlof2leaders,970,0,0,1,True,False,True,0.6678331630592349,0.6678331630592349
full_coverage_complete,girlof2leaders,973,0,0,4,True,False,True,0.7306802602643269,0.7306802602643269
full_coverage_complete,girlof2leaders,974,0,0,2,True,False,True,0.6333276508977648,0.6333276508977648
full_coverage_complete,girlof2leaders,975,0,0,4,True,False,True,0.7428139667655953,0.7428139667655953
full_coverage_complete,girlof2leaders,976,0,0,4,True,False,True,0.7044989661290125,0.7044989661290125
full_coverage_complete,girlof2leaders,977,0,0,4,True,False,True,0.5515756517475059,0.5515756517475059
full_coverage_complete,girlof2leaders,978,0,0,4,True,False,True,0.4361689586716195,0.4361689586716195
full_coverage_complete,girlof2leaders,979,0,0,5,True,False,True,0.0,0.0
full_coverage_complete,girlof2leaders,980,0,0,5,True,False,True,0.0,0.0
full_coverage_complete,girlof2leaders,981,0,0,2,True,False,True,0.0,0.0
full_coverage_complete,girlof2leaders,982,0,0,2,True,False,True,0.0,0.0
full_coverage_complete,girlof2leaders,984,0,0,2,True,False,True,0.0,0.0
full_coverage_complete,girlof2leaders,985,0,0,4,True,False,True,0.0,0.0
full_coverage_complete,girlrightthewautress,54,0,0,2,True,False,True,0.5814886892988861,0.5814886892988861
full_coverage_complete,girlrightthewautress,57,0,1,6,True,False,True,0.5902942290680985,0.0
full_coverage_complete,girlrightthewautress,58,0,0,5,True,False,True,0.0,0.0
full_coverage_complete,girlrightthewautress,59,0,1,5,True,False,True,0.0,0.491029433269511
full_coverage_complete,girlrightthewautress,61,0,0,1,True,False,True,0.6222424677226038,0.6222424677226038
full_coverage_complete,girlrightthewautress,100,0,0,6,True,False,True,0.6071382790007924,0.0
full_coverage_complete,girlrightthewautress,101,0,0,5,True,False,True,0.0,0.0
full_coverage_complete,girlrightthewautress,102,0,0,5,True,False,True,0.0,0.0
full_coverage_complete,girlrightthewautress,103,0,0,5,True,False,True,0.0,0.0
full_coverage_complete,girlrightthewautress,106,4,0,4,True,False,True,0.0,0.0
full_coverage_complete,girlrightthewautress,107,2,2,2,True,False,True,0.0,0.0
full_coverage_complete,girlrightthewautress,108,5,1,5,True,False,True,0.0,0.805914265089689
full_coverage_complete,girlrightthewautress,115,0,0,6,True,False,True,0.7327304567990581,0.7327304567990581
full_coverage_complete,girlrightthewautress,117,0,0,2,True,False,True,0.6764037435700677,0.6764037435700677
full_coverage_complete,girlrightthewautress,118,6,4,6,True,False,True,0.6478612629897846,0.9021567223293618
full_coverage_complete,girlrightthewautress,119,0,0,6,True,False,True,0.6906011100542055,0.0
full_coverage_complete,girlrightthewautress,130,0,0,1,True,False,True,0.0,0.0
full_coverage_complete,girlrightthewautress,131,1,2,1,True,False,True,0.0,0.3728674995509791
full_coverage_complete,girlrightthewautress,135,0,0,4,True,False,True,0.5475753817032359,0.5475753817032359
full_coverage_complete,girlrightthewautress,136,1,1,1,True,False,True,0.4314031317577188,0.0
full_coverage_complete,girlrightthewautress,153,0,0,1,True,False,True,0.0,0.0
full_coverage_complete,girlrightthewautress,155,0,0,1,True,False,True,0.0,0.0
full_coverage_complete,girlrightthewautress,156,0,0,5,True,False,True,0.0,0.0
full_coverage_complete,girlrightthewautress,157,4,1,4,True,False,True,0.0,0.0
full_coverage_complete,girlrightthewautress,158,0,0,5,True,False,True,0.0,0.0
full_coverage_complete,girlrightthewautress,160,0,0,5,True,False,True,0.0,0.0
full_coverage_complete,girlrightthewautress,161,5,0,5,True,False,True,0.0,0.0
full_coverage_complete,girlrightthewautress,162,0,0,4,True,False,True,0.0,0.0
full_coverage_complete,girlrightthewautress,163,0,0,5,True,False,True,0.0,0.0
full_coverage_complete,girlrightthewautress,164,0,0,4,True,False,True,0.0,0.0
full_coverage_complete,girlrightthewautress,165,0,0,5,True,False,True,0.0,0.0
full_coverage_complete,girlrightthewautress,166,0,0,4,True,False,True,0.0,0.0
full_coverage_complete,girlrightthewautress,167,0,0,4,True,False,True,0.0,0.0
full_coverage_complete,girlrightthewautress,168,0,0,4,True,False,True,0.0,0.0
full_coverage_complete,girlrightthewautress,169,0,0,4,True,False,True,0.0,0.0
full_coverage_complete,girlrightthewautress,170,5,0,5,True,False,True,0.0,0.0
full_coverage_complete,girlrightthewautress,171,5,0,5,True,False,True,0.0,0.0
full_coverage_complete,girlrightthewautress,178,0,0,5,True,False,True,0.0,0.0
full_coverage_complete,girlrightthewautress,179,0,0,5,True,False,True,0.0,0.0
full_coverage_complete,girlrightthewautress,180,0,0,5,True,False,True,0.0,0.0
full_coverage_complete,girlrightthewautress,181,0,0,5,True,False,True,0.0,0.0
full_coverage_complete,girlrightthewautress,182,0,0,1,True,False,True,0.0,0.0
full_coverage_complete,girlrightthewautress,185,0,0,1,True,False,True,0.0,0.0
full_coverage_complete,girlrightthewautress,187,0,0,1,True,False,True,0.0,0.0
full_coverage_complete,girlrightthewautress,191,0,0,1,True,False,True,0.0,0.0
full_coverage_complete,girlrightthewautress,193,0,0,1,True,False,True,0.0,0.0
full_coverage_complete,girlrightthewautress,194,0,0,5,True,False,True,0.0,0.0
full_coverage_complete,girlrightthewautress,195,0,0,5,True,False,True,0.0,0.0
full_coverage_complete,girlrightthewautress,196,0,0,4,True,False,True,0.0,0.0
full_coverage_complete,girlrightthewautress,198,0,0,1,True,False,True,0.0,0.0
full_coverage_complete,girlrightthewautress,199,0,0,5,True,False,True,0.0,0.0
full_coverage_complete,girlrightthewautress,200,0,0,5,True,False,True,0.0,0.0
full_coverage_complete,girlrightthewautress,201,0,0,1,True,False,True,0.0,0.0
full_coverage_complete,girlrightthewautress,202,0,0,5,True,False,True,0.0,0.0
full_coverage_complete,girlrightthewautress,203,0,0,4,True,False,True,0.0,0.0
full_coverage_complete,girlrightthewautress,204,0,0,4,True,False,True,0.0,0.0
full_coverage_complete,girlrightthewautress,205,0,0,4,True,False,True,0.0,0.0
full_coverage_complete,girlrightthewautress,206,0,0,4,True,False,True,0.0,0.0
full_coverage_complete,girlrightthewautress,207,0,0,4,True,False,True,0.0,0.0
full_coverage_complete,girlrightthewautress,208,0,0,4,True,False,True,0.0,0.0
full_coverage_complete,girlrightthewautress,209,0,0,4,True,False,True,0.0,0.0
full_coverage_complete,girlrightthewautress,210,0,0,4,True,False,True,0.0,0.0
full_coverage_complete,girlrightthewautress,211,0,0,5,True,False,True,0.0,0.0
full_coverage_complete,girlrightthewautress,212,0,0,5,True,False,True,0.0,0.0
full_coverage_complete,girlrightthewautress,213,0,0,4,True,False,True,0.0,0.0
full_coverage_complete,girlrightthewautress,215,0,0,5,True,False,True,0.0,0.0
full_coverage_complete,girlrightthewautress,216,0,0,5,True,False,True,0.0,0.0
full_coverage_complete,girlrightthewautress,217,0,0,5,True,False,True,0.0,0.0
full_coverage_complete,girlrightthewautress,218,0,0,4,True,False,True,0.0,0.0
full_coverage_complete,girlrightthewautress,219,4,0,4,True,False,True,0.0,0.0
full_coverage_complete,girlrightthewautress,220,0,0,5,True,False,True,0.0,0.0
full_coverage_complete,girlrightthewautress,221,5,3,5,True,False,True,0.0,0.0
full_coverage_complete,girlrightthewautress,222,0,0,5,True,False,True,0.0,0.0
full_coverage_complete,girlrightthewautress,223,0,0,5,True,False,True,0.0,0.0
full_coverage_complete,girlrightthewautress,224,5,0,5,True,False,True,0.0,0.0
full_coverage_complete,girlrightthewautress,225,5,0,5,True,False,True,0.0,0.0
full_coverage_complete,girlrightthewautress,226,0,0,5,True,False,True,0.0,0.0
full_coverage_complete,girlrightthewautress,227,0,0,5,True,False,True,0.0,0.0
full_coverage_complete,girlrightthewautress,228,0,0,4,True,False,True,0.0,0.0
full_coverage_complete,girlrightthewautress,229,0,0,5,True,False,True,0.0,0.0
full_coverage_complete,girlrightthewautress,230,5,0,5,True,False,True,0.0,0.0
full_coverage_complete,girlrightthewautress,231,0,0,5,True,False,True,0.0,0.0
full_coverage_complete,girlrightthewautress,232,0,0,4,True,False,True,0.0,0.0
full_coverage_complete,girlrightthewautress,233,0,0,5,True,False,True,0.0,0.0
full_coverage_complete,girlrightthewautress,234,0,0,1,True,False,True,0.0,0.0
full_coverage_complete,girlrightthewautress,235,0,0,5,True,False,True,0.0,0.0
full_coverage_complete,girlrightthewautress,236,0,0,5,True,False,True,0.0,0.0
full_coverage_complete,girlrightthewautress,237,0,0,5,True,False,True,0.0,0.0
full_coverage_complete,girlrightthewautress,238,0,0,4,True,False,True,0.0,0.0
full_coverage_complete,girlrightthewautress,240,0,0,5,True,False,True,0.0,0.0
full_coverage_complete,girlrightthewautress,241,0,0,5,True,False,True,0.0,0.0
full_coverage_complete,girlrightthewautress,242,4,1,4,True,False,True,0.0,0.0
full_coverage_complete,girlrightthewautress,244,0,0,5,True,False,True,0.0,0.0
full_coverage_complete,girlrightthewautress,245,0,0,5,True,False,True,0.0,0.0
full_coverage_complete,girlrightthewautress,246,0,0,5,True,False,True,0.0,0.0
full_coverage_complete,girlrightthewautress,247,0,0,5,True,False,True,0.0,0.0
full_coverage_complete,girlrightthewautress,248,0,0,5,True,False,True,0.0,0.0
full_coverage_complete,girlrightthewautress,249,0,0,4,True,False,True,0.0,0.0
full_coverage_complete,girlrightthewautress,250,0,0,5,True,False,True,0.0,0.0
full_coverage_complete,girlrightthewautress,251,0,0,4,True,False,True,0.0,0.0
full_coverage_complete,girlrightthewautress,253,0,0,5,True,False,True,0.0,0.0
full_coverage_complete,girlrightthewautress,260,0,0,1,True,False,True,0.0,0.0
full_coverage_complete,girlrightthewautress,261,0,0,5,True,False,True,0.0,0.0
full_coverage_complete,girlrightthewautress,262,0,0,4,True,False,True,0.0,0.0
full_coverage_complete,girlrightthewautress,263,5,0,5,True,False,True,0.0,0.0
full_coverage_complete,girlrightthewautress,264,0,0,4,True,False,True,0.0,0.0
full_coverage_complete,girlrightthewautress,265,0,0,5,True,False,True,0.0,0.0
full_coverage_complete,girlrightthewautress,266,0,0,4,True,False,True,0.0,0.0
full_coverage_complete,girlrightthewautress,267,0,0,4,True,False,True,0.0,0.0
full_coverage_complete,girlrightthewautress,268,0,0,5,True,False,True,0.0,0.0
full_coverage_complete,girlrightthewautress,269,0,0,1,True,False,True,0.0,0.0
full_coverage_complete,girlrightthewautress,270,4,4,4,True,False,True,0.0,0.0
full_coverage_complete,girlrightthewautress,271,0,0,5,True,False,True,0.0,0.0
full_coverage_complete,girlrightthewautress,272,0,0,4,True,False,True,0.0,0.0
full_coverage_complete,girlrightthewautress,273,0,0,4,True,False,True,0.0,0.0
full_coverage_complete,girlrightthewautress,274,0,0,5,True,False,True,0.0,0.0
full_coverage_complete,girlrightthewautress,275,0,0,4,True,False,True,0.0,0.0
full_coverage_complete,girlrightthewautress,277,0,0,5,True,False,True,0.0,0.0
full_coverage_complete,girlrightthewautress,278,0,0,5,True,False,True,0.0,0.0
full_coverage_complete,girlrightthewautress,279,0,0,5,True,False,True,0.0,0.0
full_coverage_complete,girlrightthewautress,280,0,0,4,True,False,True,0.0,0.0
full_coverage_complete,girlrightthewautress,281,0,0,4,True,False,True,0.0,0.0
full_coverage_complete,girlrightthewautress,282,0,0,4,True,False,True,0.0,0.0
full_coverage_complete,girlrightthewautress,283,0,0,4,True,False,True,0.0,0.0
full_coverage_complete,girlrightthewautress,284,4,0,4,True,False,True,0.0,0.0
full_coverage_complete,girlrightthewautress,285,0,0,5,True,False,True,0.0,0.0
full_coverage_complete,girlrightthewautress,286,5,0,5,True,False,True,0.0,0.0
full_coverage_complete,girlrightthewautress,287,5,0,5,True,False,True,0.0,0.0
full_coverage_complete,girlrightthewautress,288,0,0,5,True,False,True,0.0,0.0
full_coverage_complete,girlrightthewautress,294,5,0,5,True,False,True,0.0,0.0
full_coverage_complete,girlrightthewautress,303,0,0,4,True,False,True,0.0,0.0
full_coverage_complete,girlrightthewautress,304,0,0,5,True,False,True,0.0,0.0
full_coverage_complete,girlunderthestreetlamp,260,0,0,1,True,False,True,0.6586735498826936,0.6586735498826936
full_coverage_complete,girlunderthestreetlamp,883,0,0,5,True,False,True,0.713676321051935,0.713676321051935
full_coverage_complete,girlunderthestreetlamp,884,0,0,5,True,False,True,0.5627246704438277,0.5627246704438277
full_coverage_complete,girlunderthestreetlamp,887,0,0,6,True,False,True,0.8331878867999163,0.8331878867999163
full_coverage_complete,girlunderthestreetlamp,892,0,0,6,True,False,True,0.8296517864063403,0.8296517864063403
full_coverage_complete,girlunderthestreetlamp,899,0,0,5,True,False,True,0.7821296253668887,0.7821296253668887
full_coverage_complete,girlunderthestreetlamp,980,1,0,1,True,False,True,0.7133834282989044,0.709958832994241
full_coverage_complete,girlunderthestreetlamp,1204,0,0,5,True,False,True,0.655599565031837,0.655599565031837
full_coverage_complete,girlunderthestreetlamp,1522,4,0,4,True,False,True,0.8367678663901039,0.7934179505471816
full_coverage_complete,girlunderthestreetlamp,1525,0,0,4,True,False,True,0.6736063035369843,0.6736063035369843
full_coverage_complete,girlunderthestreetlamp,1526,5,0,5,True,False,True,0.6244846771291728,0.650585126351766
full_coverage_complete,girlunderthestreetlamp,1527,0,0,4,True,False,True,0.5867384719652915,0.5867384719652915
full_coverage_complete,girlunderthestreetlamp,1529,0,0,1,True,False,True,0.6212105643031864,0.6212105643031864
full_coverage_complete,girlunderthestreetlamp,1533,0,0,5,True,False,True,0.7408753058000263,0.7408753058000263
full_coverage_complete,girlunderthestreetlamp,1534,5,0,5,True,False,True,0.7226567895847051,0.73632961651984
full_coverage_complete,girlunderthestreetlamp,1536,5,0,5,True,False,True,0.6376893358594385,0.6378047370848944
full_coverage_complete,girlunderthestreetlamp,1546,0,0,5,True,False,True,0.7441517189148046,0.7441517189148046
full_coverage_complete,girlunderthestreetlamp,1548,0,0,5,True,False,True,0.6869994642019214,0.6869994642019214
full_coverage_complete,girlunderthestreetlamp,1549,0,0,4,True,False,True,0.6823779600118267,0.6823779600118267
full_coverage_complete,girlunderthestreetlamp,2269,0,0,1,True,False,True,0.6878279907819165,0.6878279907819165
full_coverage_complete,girlunderthestreetlamp,2270,5,0,5,True,False,True,0.6653756923466885,0.6086857268464885
full_coverage_complete,girlunderthestreetlamp,2271,5,0,5,True,False,True,0.6485299885064267,0.6210477109921432
full_coverage_complete,girlunderthestreetlamp,2273,0,0,1,True,False,True,0.640990560931545,0.640990560931545
full_coverage_complete,girlunderthestreetlamp,2275,5,0,5,True,False,True,0.6312246014149228,0.5713136909758989
full_coverage_complete,girlunderthestreetlamp,2283,0,0,4,True,False,True,0.7290103345024763,0.7290103345024763
full_coverage_complete,girlunderthestreetlamp,2284,0,0,4,True,False,True,0.7476560678342824,0.7476560678342824
full_coverage_complete,girlunderthestreetlamp,2285,0,0,4,True,False,True,0.7749819094061587,0.7749819094061587
full_coverage_complete,girlunderthestreetlamp,2286,0,0,4,True,False,True,0.7894141888909469,0.7894141888909469
full_coverage_complete,girlunderthestreetlamp,2287,0,0,4,True,False,True,0.7651576496542652,0.7651576496542652
full_coverage_complete,girlunderthestreetlamp,2291,0,0,4,True,False,True,0.6341546181890435,0.6341546181890435
full_coverage_complete,girlunderthestreetlamp,2292,4,0,4,True,False,True,0.6123860284447212,0.5793650868526617
full_coverage_complete,girlunderthestreetlamp,2293,0,0,4,True,False,True,0.6972098518343687,0.6972098518343687
full_coverage_complete,girlunderthestreetlamp,2294,0,0,1,True,False,True,0.7120734019904962,0.7120734019904962
full_coverage_complete,girlunderthestreetlamp,2295,0,0,1,True,False,True,0.7134097961899645,0.7134097961899645
full_coverage_complete,girlunderthestreetlamp,2300,0,0,1,True,False,True,0.7235769685197743,0.7235769685197743
full_coverage_complete,girlunderthestreetlamp,2338,0,0,4,True,False,True,0.7943938324530255,0.7943938324530255
full_coverage_complete,girlunderthestreetlamp,2339,0,0,4,True,False,True,0.833150118482442,0.833150118482442
full_coverage_complete,girlunderthestreetlamp,2340,0,0,4,True,False,True,0.8031581552200723,0.8031581552200723
full_coverage_complete,girlunderthestreetlamp,2345,0,0,4,True,False,True,0.8166994985512337,0.8166994985512337
full_coverage_complete,girlunderthestreetlamp,2369,4,0,4,True,False,True,0.8592530573557285,0.8062770130739868
full_coverage_complete,girlunderthestreetlamp,2370,0,0,4,True,False,True,0.7639242176297119,0.7639242176297119
full_coverage_complete,girlunderthestreetlamp,2371,4,0,4,True,False,True,0.7601858152658592,0.6811075021559185
full_coverage_complete,girlunderthestreetlamp,2375,5,0,5,True,False,True,0.6544655304525464,0.6668551330303462
full_coverage_complete,girlunderthestreetlamp,2383,0,0,4,True,False,True,0.8417719359826933,0.8417719359826933
full_coverage_complete,girlunderthestreetlamp,2387,0,0,4,True,False,True,0.8985394108093977,0.8985394108093977
full_coverage_complete,girlunderthestreetlamp,2411,0,0,1,True,False,True,0.7381101952326119,0.7381101952326119
full_coverage_complete,girlunderthestreetlamp,2427,4,0,4,True,False,True,0.8031475584298948,0.7789760124112685
full_coverage_complete,girlunderthestreetlamp,2428,0,0,1,True,False,True,0.7968496270023256,0.7968496270023256
full_coverage_complete,girlunderthestreetlamp,2429,0,0,4,True,False,True,0.6957801665850661,0.6957801665850661
full_coverage_complete,girlunderthestreetlamp,2433,0,0,4,True,False,True,0.7253672914934182,0.7253672914934182
full_coverage_complete,girlunderthestreetlamp,2436,0,0,4,True,False,True,0.7338395530361467,0.7338395530361467
full_coverage_complete,girlunderthestreetlamp,2447,1,0,1,True,False,True,0.8191695231464166,0.8272093178835906
full_coverage_complete,girlunderthestreetlamp,2449,0,0,4,True,False,True,0.7723126775789644,0.7723126775789644
full_coverage_complete,girlunderthestreetlamp,2450,1,0,1,True,False,True,0.7630253531858917,0.713903018883251
full_coverage_complete,girlunderthestreetlamp,2451,0,0,4,True,False,True,0.7598007819079794,0.7598007819079794
full_coverage_complete,girlunderthestreetlamp,2452,1,0,1,True,False,True,0.7668821120116953,0.7580156577698762
full_coverage_complete,girlunderthestreetlamp,2455,1,0,1,True,False,True,0.66747544114374,0.7157110439259059
full_coverage_complete,girlunderthestreetlamp,2465,1,0,1,True,False,True,0.6663532771171976,0.7012847460878882
full_coverage_complete,girlunderthestreetlamp,2466,5,0,5,True,False,True,0.7017702196093605,0.773554168489784
full_coverage_complete,girlunderthestreetlamp,2468,0,0,4,True,False,True,0.8323183033679302,0.8323183033679302
full_coverage_complete,girlunderthestreetlamp,2817,0,0,5,True,False,True,0.5008102788006782,0.5008102788006782
full_coverage_complete,girlunderthestreetlamp,2818,0,0,4,True,False,True,0.5029172754802702,0.5029172754802702
full_coverage_complete,girlunderthestreetlamp,2819,0,0,4,True,False,True,0.5198675644035031,0.5198675644035031
full_coverage_complete,girlunderthestreetlamp,2820,0,0,1,True,False,True,0.45544217720085295,0.45544217720085295
full_coverage_complete,girlunderthestreetlamp,2821,0,0,5,True,False,True,0.42822009963324886,0.42822009963324886
full_coverage_complete,girlunderthestreetlamp,2822,0,0,4,True,False,True,0.4823333849419354,0.4823333849419354
full_coverage_complete,girlunderthestreetlamp,2823,5,0,5,True,False,True,0.509209042814217,0.5074175440266523
full_coverage_complete,girlunderthestreetlamp,2824,5,0,5,True,False,True,0.44918854456035984,0.47735731440640783
full_coverage_complete,girlunderthestreetlamp,2825,0,0,5,True,False,True,0.48619140821210116,0.48619140821210116
full_coverage_complete,girlunderthestreetlamp,2829,0,0,4,True,False,True,0.69954450585819,0.69954450585819
full_coverage_complete,girlunderthestreetlamp,2830,0,0,4,True,False,True,0.6953595009563511,0.6953595009563511
full_coverage_complete,girlunderthestreetlamp,2831,0,0,4,True,False,True,0.5571960273034878,0.5571960273034878
full_coverage_complete,girlunderthestreetlamp,2832,0,0,4,True,False,True,0.5382684457992274,0.5382684457992274
full_coverage_complete,girlunderthestreetlamp,2833,0,0,4,True,False,True,0.5039026751571665,0.5039026751571665
full_coverage_complete,girlunderthestreetlamp,2835,0,0,4,True,False,True,0.5234961720074477,0.5234961720074477
full_coverage_complete,girlunderthestreetlamp,2836,0,0,4,True,False,True,0.6557672347787237,0.6557672347787237
full_coverage_complete,girlunderthestreetlamp,2837,0,0,4,True,False,True,0.5191215760966793,0.5191215760966793
full_coverage_complete,girlunderthestreetlamp,2838,5,0,5,True,False,True,0.47104356316825113,0.49020212687989145
full_coverage_complete,girlunderthestreetlamp,2839,0,0,5,True,False,True,0.5308207844369451,0.5308207844369451
full_coverage_complete,girlunderthestreetlamp,2840,0,0,4,True,False,True,0.5382776375534564,0.5382776375534564
full_coverage_complete,girlunderthestreetlamp,2841,0,0,5,True,False,True,0.5321608598153901,0.5321608598153901
full_coverage_complete,girlunderthestreetlamp,2842,0,0,4,True,False,True,0.5153813219206939,0.5153813219206939
full_coverage_complete,girlunderthestreetlamp,2843,0,0,5,True,False,True,0.6207913289224612,0.6207913289224612
full_coverage_complete,girlunderthestreetlamp,2844,0,0,5,True,False,True,0.6886893238995969,0.6886893238995969
full_coverage_complete,girlunderthestreetlamp,2845,0,0,5,True,False,True,0.7345282589503446,0.7345282589503446
full_coverage_complete,girlunderthestreetlamp,2846,0,0,5,True,False,True,0.743457339545743,0.743457339545743
full_coverage_complete,girlunderthestreetlamp,2847,5,0,5,True,False,True,0.7373824481253805,0.7017376850015922
full_coverage_complete,girlunderthestreetlamp,2850,0,0,1,True,False,True,0.7378300559166736,0.7378300559166736
full_coverage_complete,girlunderthestreetlamp,2851,0,0,1,True,False,True,0.7049391339212943,0.7049391339212943
full_coverage_complete,girlunderthestreetlamp,2852,0,0,1,True,False,True,0.6471874491456842,0.6471874491456842
full_coverage_complete,girlunderthestreetlamp,2853,5,0,5,True,False,True,0.6788610153054435,0.6450772687609212
full_coverage_complete,girlunderthestreetlamp,2854,0,0,1,True,False,True,0.6440015239444921,0.6440015239444921
full_coverage_complete,girlunderthestreetlamp,2856,0,0,4,True,False,True,0.68875473959118,0.68875473959118
full_coverage_complete,girlunderthestreetlamp,2857,5,0,5,True,False,True,0.7960790151437996,0.848518628071356
full_coverage_complete,guardunderthecolumn,78,0,0,2,True,False,True,0.0,0.0
full_coverage_complete,guardunderthecolumn,185,0,0,2,True,False,True,0.5755846620970024,0.5755846620970024
full_coverage_complete,guardunderthecolumn,186,0,0,2,True,False,True,0.5829878758220307,0.5829878758220307
full_coverage_complete,guardunderthecolumn,187,0,0,6,True,False,True,0.3227395265870745,0.3227395265870745
full_coverage_complete,guardunderthecolumn,188,0,0,5,True,False,True,0.25499381537836735,0.25499381537836735
full_coverage_complete,guardunderthecolumn,189,0,0,2,True,False,True,0.3028883205900267,0.3028883205900267
full_coverage_complete,guardunderthecolumn,190,0,0,2,True,False,True,0.2984110180236006,0.2984110180236006
full_coverage_complete,guardunderthecolumn,191,0,0,2,True,False,True,0.30069166799139485,0.30069166799139485
full_coverage_complete,guardunderthecolumn,194,0,0,2,True,False,True,0.26527461265745333,0.26527461265745333
full_coverage_complete,guardunderthecolumn,195,0,0,2,True,False,True,0.21391945218280903,0.21391945218280903
full_coverage_complete,guardunderthecolumn,196,0,0,2,True,False,True,0.5291418945662435,0.5291418945662435
full_coverage_complete,hugboy,499,0,0,6,True,False,True,0.8487978390917521,0.8487978390917521
full_coverage_complete,hyalinepaperfrontface,282,0,1,0,False,False,True,0.043696621769510204,0.7592816598762907
full_coverage_complete,hyalinepaperfrontface,472,5,0,5,True,False,True,0.0,0.0
full_coverage_complete,hyalinepaperfrontface,478,1,0,1,True,False,True,0.0,0.0
full_coverage_complete,hyalinepaperfrontface,490,6,0,6,True,False,True,0.0,0.0
full_coverage_complete,hyalinepaperfrontface,491,6,0,6,True,False,True,0.0,0.0
full_coverage_complete,hyalinepaperfrontface,513,5,0,5,True,False,True,0.0,0.0
full_coverage_complete,hyalinepaperfrontface,514,5,0,5,True,False,True,0.0,0.0
full_coverage_complete,hyalinepaperfrontface,550,5,0,5,True,False,True,0.0,0.0
full_coverage_complete,hyalinepaperfrontface,552,5,0,5,True,False,True,0.0,0.0
full_coverage_complete,hyalinepaperfrontface,561,6,0,6,True,False,True,0.0,0.0
full_coverage_complete,hyalinepaperfrontface,562,5,0,5,True,False,True,0.0,0.0
full_coverage_complete,hyalinepaperfrontface,563,5,0,5,True,False,True,0.0,0.0
full_coverage_complete,hyalinepaperfrontface,565,5,0,5,True,False,True,0.0,0.0
full_coverage_complete,hyalinepaperfrontface,567,6,0,6,True,False,True,0.0,0.0
full_coverage_complete,hyalinepaperfrontface,568,5,0,5,True,False,True,0.0,0.0
full_coverage_complete,hyalinepaperfrontface,585,5,0,5,True,False,True,0.0,0.0
full_coverage_complete,hyalinepaperfrontface,587,1,0,1,True,False,True,0.0,0.0
full_coverage_complete,hyalinepaperfrontface,588,5,0,5,True,False,True,0.0,0.0
full_coverage_complete,hyalinepaperfrontface,589,5,0,5,True,False,True,0.0,0.0
full_coverage_complete,hyalinepaperfrontface,591,1,0,1,True,False,True,0.0,0.0
full_coverage_complete,hyalinepaperfrontface,592,1,0,1,True,False,True,0.0,0.0
full_coverage_complete,hyalinepaperfrontface,593,5,0,5,True,False,True,0.0,0.0
full_coverage_complete,hyalinepaperfrontface,595,5,0,5,True,False,True,0.0,0.0
full_coverage_complete,hyalinepaperfrontface,596,5,0,5,True,False,True,0.0,0.0
full_coverage_complete,hyalinepaperfrontface,597,5,0,5,True,False,True,0.0,0.0
full_coverage_complete,hyalinepaperfrontface,598,5,0,5,True,False,True,0.0,0.0
full_coverage_complete,hyalinepaperfrontface,599,5,0,5,True,False,True,0.0,0.0
full_coverage_complete,hyalinepaperfrontface,600,5,0,5,True,False,True,0.0,0.0
full_coverage_complete,hyalinepaperfrontface,601,5,0,5,True,False,True,0.0,0.0
full_coverage_complete,hyalinepaperfrontface,602,5,0,5,True,False,True,0.0,0.0
full_coverage_complete,hyalinepaperfrontface,603,5,0,5,True,False,True,0.0,0.0
full_coverage_complete,hyalinepaperfrontface,604,5,0,5,True,False,True,0.0,0.0
full_coverage_complete,hyalinepaperfrontface,605,5,0,5,True,False,True,0.0,0.0
full_coverage_complete,hyalinepaperfrontface,606,5,0,5,True,False,True,0.021175078957803847,0.02332480904407623
full_coverage_complete,hyalinepaperfrontface,608,5,0,5,True,False,True,0.3967220488746773,0.07241894907450006
full_coverage_complete,hyalinepaperfrontface,609,1,0,1,True,False,True,0.054574327857925174,0.06042856258870159
full_coverage_complete,hyalinepaperfrontface,610,5,0,5,True,False,True,0.05424660653104593,0.06040602026411834
full_coverage_complete,hyalinepaperfrontface,611,5,0,5,True,False,True,0.05382264468910544,0.05908683746428235
full_coverage_complete,hyalinepaperfrontface,612,5,0,5,True,False,True,0.05066463447104825,0.050131849457485576
full_coverage_complete,hyalinepaperfrontface,613,5,0,5,True,False,True,0.02725166156653181,0.03709803619881162
full_coverage_complete,hyalinepaperfrontface,614,5,0,5,True,False,True,0.017318724510723544,0.017703446605454688
full_coverage_complete,hyalinepaperfrontface,615,5,0,5,True,False,True,0.0,0.0
full_coverage_complete,hyalinepaperfrontface,616,5,0,5,True,False,True,0.0,0.0
full_coverage_complete,hyalinepaperfrontface,617,0,1,5,True,False,True,0.0,0.49037793617204883
full_coverage_complete,hyalinepaperfrontface,619,0,0,5,True,False,True,0.2543458835367931,0.2543458835367931
full_coverage_complete,hyalinepaperfrontface,620,0,0,2,True,False,True,0.155112671307349,0.155112671307349
full_coverage_complete,hyalinepaperfrontface,623,0,0,1,True,False,True,0.15540294180244926,0.15540294180244926
full_coverage_complete,hyalinepaperfrontface,624,0,0,1,True,False,True,0.1206310790006981,0.1206310790006981
full_coverage_complete,hyalinepaperfrontface,625,0,0,5,True,False,True,0.013958931963395965,0.013958931963395965
full_coverage_complete,hyalinepaperfrontface,626,0,0,5,True,False,True,0.08244442627074595,0.08244442627074595
full_coverage_complete,hyalinepaperfrontface,627,0,0,5,True,False,True,0.15700166842000987,0.15700166842000987
full_coverage_complete,hyalinepaperfrontface,628,0,0,1,True,False,True,0.11798481468816856,0.11798481468816856
full_coverage_complete,hyalinepaperfrontface,629,0,0,1,True,False,True,0.21547007613797733,0.21547007613797733
full_coverage_complete,hyalinepaperfrontface,630,0,0,1,True,False,True,0.260682345522825,0.260682345522825
full_coverage_complete,hyalinepaperfrontface,631,0,0,5,True,False,True,0.19786985352841882,0.19786985352841882
full_coverage_complete,hyalinepaperfrontface,632,5,0,5,True,False,True,0.29907535381676104,0.26139738632185444
full_coverage_complete,hyalinepaperfrontface,634,5,0,5,True,False,True,0.1659956286219397,0.17502904795221527
full_coverage_complete,hyalinepaperfrontface,637,5,0,5,True,False,True,0.03705247119423118,0.03461343798505326
full_coverage_complete,hyalinepaperfrontface,639,5,0,5,True,False,True,0.015512912444256758,0.025923465195109425
full_coverage_complete,hyalinepaperfrontface,640,5,0,5,True,False,True,0.0,0.001555659938143528
full_coverage_complete,hyalinepaperfrontface,641,0,0,2,True,False,True,0.0,0.4431974651326959
full_coverage_complete,hyalinepaperfrontface,643,6,0,6,True,False,True,0.0,0.0
full_coverage_complete,hyalinepaperfrontface,644,5,0,5,True,False,True,0.0,0.0
full_coverage_complete,hyalinepaperfrontface,645,5,0,5,True,False,True,0.0,0.0
full_coverage_complete,hyalinepaperfrontface,646,5,0,5,True,False,True,0.0,0.0
full_coverage_complete,hyalinepaperfrontface,647,5,0,5,True,False,True,0.0,0.0
full_coverage_complete,hyalinepaperfrontface,648,0,1,5,True,False,True,0.0,0.29540199281752383
full_coverage_complete,hyalinepaperfrontface,649,0,0,5,True,False,True,0.3028228529039725,0.3028228529039725
full_coverage_complete,hyalinepaperfrontface,650,5,2,5,True,False,True,0.39110062252616795,0.0
full_coverage_complete,hyalinepaperfrontface,651,0,1,1,True,False,True,0.01832703075662322,0.6507551728703765
full_coverage_complete,hyalinepaperfrontface,652,0,0,5,True,False,True,0.5255111477510302,0.5255111477510302
full_coverage_complete,hyalinepaperfrontface,653,5,1,5,True,False,True,0.486143843739881,0.0
full_coverage_complete,hyalinepaperfrontface,654,0,1,1,True,False,True,0.0,0.330250673612769
full_coverage_complete,hyalinepaperfrontface,655,0,0,5,True,False,True,0.6879552161742348,0.6879552161742348
full_coverage_complete,hyalinepaperfrontface,657,5,2,5,True,False,True,0.8472064852841669,0.0
full_coverage_complete,hyalinepaperfrontface,658,1,0,1,True,False,True,0.0,0.0
full_coverage_complete,hyalinepaperfrontface,659,1,0,1,True,False,True,0.0,0.0
full_coverage_complete,hyalinepaperfrontface,660,0,1,0,False,False,True,0.0,0.5248415480042586
full_coverage_complete,hyalinepaperfrontface,661,0,0,5,True,False,True,0.7558506482090033,0.7558506482090033
full_coverage_complete,hyalinepaperfrontface,662,5,1,5,True,False,True,0.6593881655890816,0.0
full_coverage_complete,hyalinepaperfrontface,663,6,0,6,True,False,True,0.0,0.0
full_coverage_complete,hyalinepaperfrontface,664,6,0,6,True,False,True,0.0,0.0
full_coverage_complete,hyalinepaperfrontface,665,0,1,5,True,False,True,0.0,0.3848793969736821
full_coverage_complete,hyalinepaperfrontface,666,0,0,5,True,False,True,0.7091182946392613,0.7091182946392613
full_coverage_complete,hyalinepaperfrontface,667,5,1,5,True,False,True,0.6794278735870016,0.0
full_coverage_complete,hyalinepaperfrontface,668,0,1,1,True,False,True,0.0,0.33584725359868456
full_coverage_complete,hyalinepaperfrontface,669,5,1,5,True,False,True,0.6459337559630877,0.2391186975452115
full_coverage_complete,hyalinepaperfrontface,670,0,1,5,True,False,True,0.4437634722853186,0.0
full_coverage_complete,hyalinepaperfrontface,671,0,1,1,True,False,True,0.01503175176439801,0.0
full_coverage_complete,hyalinepaperfrontface,672,4,0,4,True,False,True,0.0,0.0
full_coverage_complete,hyalinepaperfrontface,673,5,0,5,True,False,True,0.0,0.0
full_coverage_complete,hyalinepaperfrontface,674,5,0,5,True,False,True,0.0,0.0
full_coverage_complete,hyalinepaperfrontface,675,5,0,5,True,False,True,0.0,0.0
full_coverage_complete,hyalinepaperfrontface,676,5,0,5,True,False,True,0.0,0.0
full_coverage_complete,hyalinepaperfrontface,677,5,0,5,True,False,True,0.0,0.0
full_coverage_complete,hyalinepaperfrontface,678,5,0,5,True,False,True,0.0,0.0
full_coverage_complete,hyalinepaperfrontface,679,5,0,5,True,False,True,0.0,0.0
full_coverage_complete,hyalinepaperfrontface,680,5,0,5,True,False,True,0.0,0.0
full_coverage_complete,hyalinepaperfrontface,681,5,0,5,True,False,True,0.0,0.0
full_coverage_complete,hyalinepaperfrontface,682,5,0,5,True,False,True,0.0,0.0
full_coverage_complete,hyalinepaperfrontface,683,6,0,6,True,False,True,0.0,0.0
full_coverage_complete,hyalinepaperfrontface,684,5,0,5,True,False,True,0.0,0.0
full_coverage_complete,hyalinepaperfrontface,685,5,0,5,True,False,True,0.0,0.0
full_coverage_complete,hyalinepaperfrontface,686,5,0,5,True,False,True,0.0,0.0
full_coverage_complete,hyalinepaperfrontface,687,6,0,6,True,False,True,0.0,0.0
full_coverage_complete,hyalinepaperfrontface,688,5,0,5,True,False,True,0.0,0.0
full_coverage_complete,hyalinepaperfrontface,689,5,0,5,True,False,True,0.0,0.0
full_coverage_complete,hyalinepaperfrontface,690,5,0,5,True,False,True,0.0,0.0
full_coverage_complete,hyalinepaperfrontface,691,6,0,6,True,False,True,0.0,0.0
full_coverage_complete,hyalinepaperfrontface,692,6,0,6,True,False,True,0.0,0.0
full_coverage_complete,hyalinepaperfrontface,693,5,0,5,True,False,True,0.0,0.0
full_coverage_complete,hyalinepaperfrontface,694,5,0,5,True,False,True,0.0,0.0
full_coverage_complete,hyalinepaperfrontface,695,5,0,5,True,False,True,0.0,0.0
full_coverage_complete,hyalinepaperfrontface,696,5,0,5,True,False,True,0.0,0.0
full_coverage_complete,hyalinepaperfrontface,697,5,0,5,True,False,True,0.0,0.0
full_coverage_complete,hyalinepaperfrontface,698,5,0,5,True,False,True,0.0,0.0
full_coverage_complete,hyalinepaperfrontface,699,5,0,5,True,False,True,0.0,0.0
full_coverage_complete,hyalinepaperfrontface,700,5,0,5,True,False,True,0.0,0.0
full_coverage_complete,hyalinepaperfrontface,701,5,0,5,True,False,True,0.0,0.0
full_coverage_complete,hyalinepaperfrontface,702,6,0,6,True,False,True,0.0,0.0
full_coverage_complete,hyalinepaperfrontface,703,6,0,6,True,False,True,0.0,0.0
full_coverage_complete,hyalinepaperfrontface,704,6,0,6,True,False,True,0.0,0.0
full_coverage_complete,hyalinepaperfrontface,705,5,0,5,True,False,True,0.0,0.0
full_coverage_complete,hyalinepaperfrontface,706,6,0,6,True,False,True,0.0,0.0
full_coverage_complete,hyalinepaperfrontface,707,5,0,5,True,False,True,0.0,0.0
full_coverage_complete,hyalinepaperfrontface,708,6,0,6,True,False,True,0.0,0.0
full_coverage_complete,hyalinepaperfrontface,709,5,0,5,True,False,True,0.0,0.0
full_coverage_complete,hyalinepaperfrontface,710,6,0,6,True,False,True,0.0,0.0
full_coverage_complete,hyalinepaperfrontface,711,0,1,6,True,False,True,0.0,0.3501223766391085
full_coverage_complete,hyalinepaperfrontface,712,0,0,5,True,False,True,0.5954381212203488,0.5954381212203488
full_coverage_complete,hyalinepaperfrontface,713,5,1,5,True,False,True,0.6891203849305987,0.0
full_coverage_complete,hyalinepaperfrontface,714,1,0,1,True,False,True,0.0,0.0
full_coverage_complete,hyalinepaperfrontface,717,5,0,5,True,False,True,0.0,0.0
full_coverage_complete,hyalinepaperfrontface,718,5,0,5,True,False,True,0.0,0.0
full_coverage_complete,hyalinepaperfrontface,719,5,0,5,True,False,True,0.0,0.0
full_coverage_complete,hyalinepaperfrontface,720,5,0,5,True,False,True,0.0,0.0
full_coverage_complete,hyalinepaperfrontface,721,5,0,5,True,False,True,0.0,0.0
full_coverage_complete,hyalinepaperfrontface,722,5,0,5,True,False,True,0.0,0.0
full_coverage_complete,hyalinepaperfrontface,723,5,0,5,True,False,True,0.0,0.0
full_coverage_complete,hyalinepaperfrontface,724,5,0,5,True,False,True,0.0,0.0
full_coverage_complete,hyalinepaperfrontface,725,5,0,5,True,False,True,0.0,0.0
full_coverage_complete,hyalinepaperfrontface,726,5,0,5,True,False,True,0.0,0.0
full_coverage_complete,hyalinepaperfrontface,727,5,0,5,True,False,True,0.0,0.0
full_coverage_complete,hyalinepaperfrontface,728,5,0,5,True,False,True,0.0,0.0
full_coverage_complete,hyalinepaperfrontface,729,5,0,5,True,False,True,0.0,0.0
full_coverage_complete,hyalinepaperfrontface,730,5,0,5,True,False,True,0.0,0.0
full_coverage_complete,hyalinepaperfrontface,731,5,0,5,True,False,True,0.0,0.0
full_coverage_complete,hyalinepaperfrontface,732,5,0,5,True,False,True,0.0,0.0
full_coverage_complete,hyalinepaperfrontface,733,5,0,5,True,False,True,0.0,0.0
full_coverage_complete,hyalinepaperfrontface,734,5,0,5,True,False,True,0.0,0.0
full_coverage_complete,hyalinepaperfrontface,735,5,0,5,True,False,True,0.0,0.0
full_coverage_complete,hyalinepaperfrontface,736,5,0,5,True,False,True,0.0,0.0
full_coverage_complete,hyalinepaperfrontface,737,5,0,5,True,False,True,0.0,0.0
full_coverage_complete,hyalinepaperfrontface,738,5,0,5,True,False,True,0.0,0.0
full_coverage_complete,hyalinepaperfrontface,739,5,0,5,True,False,True,0.0,0.0
full_coverage_complete,hyalinepaperfrontface,740,5,0,5,True,False,True,0.0,0.0
full_coverage_complete,hyalinepaperfrontface,741,5,0,5,True,False,True,0.0,0.0
full_coverage_complete,hyalinepaperfrontface,742,5,0,5,True,False,True,0.0,0.0
full_coverage_complete,hyalinepaperfrontface,743,5,0,5,True,False,True,0.0,0.0
full_coverage_complete,hyalinepaperfrontface,744,0,1,6,True,False,True,0.0,0.41132124970892775
full_coverage_complete,hyalinepaperfrontface,745,0,0,5,True,False,True,0.7562622632247352,0.7562622632247352
full_coverage_complete,hyalinepaperfrontface,746,5,1,5,True,False,True,0.8389585280682518,0.0
full_coverage_complete,hyalinepaperfrontface,747,1,0,1,True,False,True,0.0,0.0
full_coverage_complete,hyalinepaperfrontface,748,0,1,6,True,False,True,0.0,0.41155444815896236
full_coverage_complete,hyalinepaperfrontface,749,0,0,5,True,False,True,0.8385199820269148,0.8385199820269148
full_coverage_complete,hyalinepaperfrontface,750,0,0,5,True,False,True,0.9258370779828425,0.9258370779828425
full_coverage_complete,hyalinepaperfrontface,751,1,1,1,True,False,True,0.7859330644187327,0.0
full_coverage_complete,hyalinepaperfrontface,752,1,0,1,True,False,True,0.0,0.0
full_coverage_complete,hyalinepaperfrontface,753,6,0,6,True,False,True,0.0,0.0
full_coverage_complete,hyalinepaperfrontface,754,6,0,6,True,False,True,0.0,0.0
full_coverage_complete,hyalinepaperfrontface,755,6,0,6,True,False,True,0.0,0.0
full_coverage_complete,hyalinepaperfrontface,756,6,0,6,True,False,True,0.0,0.0
full_coverage_complete,hyalinepaperfrontface,757,5,0,5,True,False,True,0.0,0.0
full_coverage_complete,hyalinepaperfrontface,758,5,0,5,True,False,True,0.0,0.0
full_coverage_complete,hyalinepaperfrontface,759,5,0,5,True,False,True,0.0,0.0
full_coverage_complete,hyalinepaperfrontface,760,5,0,5,True,False,True,0.0,0.0
full_coverage_complete,hyalinepaperfrontface,761,5,0,5,True,False,True,0.0,0.0
full_coverage_complete,hyalinepaperfrontface,762,5,0,5,True,False,True,0.0,0.0
full_coverage_complete,hyalinepaperfrontface,763,5,0,5,True,False,True,0.0,0.0
full_coverage_complete,hyalinepaperfrontface,764,5,0,5,True,False,True,0.0,0.0
full_coverage_complete,hyalinepaperfrontface,765,5,0,5,True,False,True,0.0,0.0
full_coverage_complete,hyalinepaperfrontface,766,5,0,5,True,False,True,0.0,0.0
full_coverage_complete,hyalinepaperfrontface,767,5,0,5,True,False,True,0.0,0.0
full_coverage_complete,hyalinepaperfrontface,768,5,0,5,True,False,True,0.0,0.0
full_coverage_complete,hyalinepaperfrontface,769,5,0,5,True,False,True,0.0,0.0
full_coverage_complete,hyalinepaperfrontface,770,5,0,5,True,False,True,0.0,0.0
full_coverage_complete,hyalinepaperfrontface,771,5,0,5,True,False,True,0.0,0.0
full_coverage_complete,hyalinepaperfrontface,772,5,0,5,True,False,True,0.0,0.0
full_coverage_complete,hyalinepaperfrontface,773,5,0,5,True,False,True,0.0,0.0
full_coverage_complete,hyalinepaperfrontface,774,5,0,5,True,False,True,0.0,0.0
full_coverage_complete,hyalinepaperfrontface,775,5,0,5,True,False,True,0.0,0.0
full_coverage_complete,hyalinepaperfrontface,776,5,0,5,True,False,True,0.0,0.0
full_coverage_complete,hyalinepaperfrontface,777,5,0,5,True,False,True,0.0,0.0
full_coverage_complete,hyalinepaperfrontface,778,5,0,5,True,False,True,0.0,0.0
full_coverage_complete,hyalinepaperfrontface,779,5,0,5,True,False,True,0.0,0.0
full_coverage_complete,hyalinepaperfrontface,780,5,0,5,True,False,True,0.0,0.0
full_coverage_complete,hyalinepaperfrontface,781,5,0,5,True,False,True,0.0,0.0
full_coverage_complete,hyalinepaperfrontface,782,5,0,5,True,False,True,0.0,0.0
full_coverage_complete,hyalinepaperfrontface,783,5,0,5,True,False,True,0.0,0.0
full_coverage_complete,hyalinepaperfrontface,784,5,0,5,True,False,True,0.0,0.0
full_coverage_complete,hyalinepaperfrontface,785,5,0,5,True,False,True,0.0,0.0
full_coverage_complete,hyalinepaperfrontface,786,5,0,5,True,False,True,0.0,0.0
full_coverage_complete,hyalinepaperfrontface,787,5,4,5,True,False,True,0.0,0.0
full_coverage_complete,hyalinepaperfrontface,788,0,1,5,True,False,True,0.0,0.6598473542064195
full_coverage_complete,hyalinepaperfrontface,792,0,0,5,True,False,True,0.7240718268760244,0.7240718268760244
full_coverage_complete,hyalinepaperfrontface,793,0,0,1,True,False,True,0.6588201477401673,0.6588201477401673
full_coverage_complete,hyalinepaperfrontface,795,0,0,5,True,False,True,0.5407111025404797,0.5407111025404797
full_coverage_complete,hyalinepaperfrontface,796,0,0,5,True,False,True,0.458629902376538,0.458629902376538
full_coverage_complete,hyalinepaperfrontface,797,0,0,5,True,False,True,0.47768284021309826,0.47768284021309826
full_coverage_complete,hyalinepaperfrontface,798,0,0,5,True,False,True,0.4952390162395947,0.4952390162395947
full_coverage_complete,hyalinepaperfrontface,799,0,0,5,True,False,True,0.5645649186870928,0.5645649186870928
full_coverage_complete,hyalinepaperfrontface,801,0,0,5,True,False,True,0.07765744743285544,0.07765744743285544
full_coverage_complete,hyalinepaperfrontface,802,0,0,1,True,False,True,0.03387247113470106,0.03387247113470106
full_coverage_complete,hyalinepaperfrontface,803,0,0,1,True,False,True,0.038514917454220955,0.038514917454220955
full_coverage_complete,hyalinepaperfrontface,806,0,0,1,True,False,True,0.0,0.0
full_coverage_complete,hyalinepaperfrontface,807,0,0,5,True,False,True,0.0,0.0
full_coverage_complete,hyalinepaperfrontface,808,5,1,5,True,False,True,0.0,0.0
full_coverage_complete,hyalinepaperfrontface,809,6,1,6,True,False,True,0.0,0.0
full_coverage_complete,hyalinepaperfrontface,810,6,1,6,True,False,True,0.0,0.0
full_coverage_complete,hyalinepaperfrontface,811,6,0,6,True,False,True,0.0,0.0
full_coverage_complete,hyalinepaperfrontface,812,5,0,5,True,False,True,0.0,0.0
full_coverage_complete,hyalinepaperfrontface,813,0,1,5,True,False,True,0.0,0.0
full_coverage_complete,hyalinepaperfrontface,814,0,0,5,True,False,True,0.0,0.0
full_coverage_complete,hyalinepaperfrontface,815,0,0,5,True,False,True,0.0,0.0
full_coverage_complete,hyalinepaperfrontface,816,0,0,5,True,False,True,0.0,0.0
full_coverage_complete,hyalinepaperfrontface,817,5,3,5,True,False,True,0.0,0.0
full_coverage_complete,hyalinepaperfrontface,818,1,0,1,True,False,True,0.0,0.0
full_coverage_complete,hyalinepaperfrontface,820,0,0,4,True,False,True,0.0,0.0
full_coverage_complete,hyalinepaperfrontface,821,5,2,5,True,False,True,0.0,0.0
full_coverage_complete,hyalinepaperfrontface,822,0,0,5,True,False,True,0.07612687683646803,0.07612687683646803
full_coverage_complete,hyalinepaperfrontface,823,0,0,5,True,False,True,0.157434185526043,0.157434185526043
full_coverage_complete,hyalinepaperfrontface,824,5,0,5,True,False,True,0.2946901127357167,0.29240427010665215
full_coverage_complete,hyalinepaperfrontface,825,0,0,5,True,False,True,0.16139321759647718,0.16139321759647718
full_coverage_complete,hyalinepaperfrontface,826,0,0,5,True,False,True,0.41260150157673975,0.41260150157673975
full_coverage_complete,hyalinepaperfrontface,827,0,0,5,True,False,True,0.4872494331344177,0.4872494331344177
full_coverage_complete,hyalinepaperfrontface,830,0,0,5,True,False,True,0.5705448631116311,0.5705448631116311
full_coverage_complete,hyalinepaperfrontface,831,0,0,5,True,False,True,0.5626541857811531,0.5626541857811531
full_coverage_complete,hyalinepaperfrontface,833,0,0,5,True,False,True,0.5247202040438058,0.5247202040438058
full_coverage_complete,hyalinepaperfrontface,834,0,0,1,True,False,True,0.3738248370775077,0.3738248370775077
full_coverage_complete,hyalinepaperfrontface,835,0,0,1,True,False,True,0.5668864182948898,0.5668864182948898
full_coverage_complete,hyalinepaperfrontface,836,0,1,5,True,False,True,0.4663291733596263,0.0
full_coverage_complete,hyalinepaperfrontface,837,6,0,6,True,False,True,0.0,0.0
full_coverage_complete,hyalinepaperfrontface,838,0,0,6,False,False,True,0.0,0.0
full_coverage_complete,hyalinepaperfrontface,839,5,0,5,True,False,True,0.0,0.0
full_coverage_complete,hyalinepaperfrontface,840,5,0,5,True,False,True,0.0,0.0
full_coverage_complete,hyalinepaperfrontface,841,5,0,5,True,False,True,0.0,0.0
full_coverage_complete,hyalinepaperfrontface,842,5,0,5,True,False,True,0.0,0.0
full_coverage_complete,hyalinepaperfrontface,843,0,1,0,False,False,True,0.0,0.0
full_coverage_complete,hyalinepaperfrontface,844,0,0,5,True,False,True,0.33910795353532625,0.33910795353532625
full_coverage_complete,hyalinepaperfrontface,845,0,0,5,True,False,True,0.4322021067573175,0.4322021067573175
full_coverage_complete,hyalinepaperfrontface,846,5,1,5,True,False,True,0.30997920100542037,0.0
full_coverage_complete,hyalinepaperfrontface,847,1,0,1,True,False,True,0.0,0.0
full_coverage_complete,hyalinepaperfrontface,848,0,1,0,False,False,True,0.0,0.0
full_coverage_complete,hyalinepaperfrontface,849,0,0,5,True,False,True,0.1480951536917263,0.1480951536917263
full_coverage_complete,hyalinepaperfrontface,850,0,0,4,True,False,True,0.10844956985850256,0.10844956985850256
full_coverage_complete,hyalinepaperfrontface,851,0,0,5,True,False,True,0.25173180373399173,0.25173180373399173
full_coverage_complete,hyalinepaperfrontface,852,0,0,5,True,False,True,0.4956189880401316,0.4956189880401316
full_coverage_complete,hyalinepaperfrontface,853,0,0,5,True,False,True,0.37708548593049923,0.37708548593049923
full_coverage_complete,hyalinepaperfrontface,854,0,0,5,True,False,True,0.5380669962271993,0.5380669962271993
full_coverage_complete,hyalinepaperfrontface,855,0,0,5,True,False,True,0.34728529264890945,0.34728529264890945
full_coverage_complete,hyalinepaperfrontface,856,0,0,5,True,False,True,0.3712248679249706,0.3712248679249706
full_coverage_complete,hyalinepaperfrontface,857,0,0,5,True,False,True,0.5619143320548114,0.5619143320548114
full_coverage_complete,hyalinepaperfrontface,858,0,0,5,True,False,True,0.30649166198891614,0.30649166198891614
full_coverage_complete,hyalinepaperfrontface,859,0,0,5,True,False,True,0.27274521254797657,0.27274521254797657
full_coverage_complete,hyalinepaperfrontface,860,0,0,5,True,False,True,0.4118965573215685,0.4118965573215685
full_coverage_complete,hyalinepaperfrontface,861,0,0,5,True,False,True,0.2659276814748886,0.2659276814748886
full_coverage_complete,hyalinepaperfrontface,862,0,0,1,True,False,True,0.33780229846766907,0.33780229846766907
full_coverage_complete,hyalinepaperfrontface,863,0,0,5,True,False,True,0.25719822177944934,0.25719822177944934
full_coverage_complete,hyalinepaperfrontface,864,0,0,1,True,False,True,0.219343341610765,0.219343341610765
full_coverage_complete,hyalinepaperfrontface,865,0,0,1,True,False,True,0.24722976705531804,0.24722976705531804
full_coverage_complete,hyalinepaperfrontface,866,0,0,1,True,False,True,0.26608515367964264,0.26608515367964264
full_coverage_complete,hyalinepaperfrontface,867,0,0,1,True,False,True,0.3562671073213214,0.3562671073213214
full_coverage_complete,hyalinepaperfrontface,868,0,0,1,True,False,True,0.5552004832095083,0.5552004832095083
full_coverage_complete,hyalinepaperfrontface,869,0,0,5,True,False,True,0.49210906582860675,0.49210906582860675
full_coverage_complete,hyalinepaperfrontface,870,0,0,1,True,False,True,0.49629804420791657,0.49629804420791657
full_coverage_complete,hyalinepaperfrontface,871,0,0,5,True,False,True,0.5294120324214373,0.5294120324214373
full_coverage_complete,hyalinepaperfrontface,878,0,0,1,True,False,True,0.6332740955940803,0.6332740955940803
full_coverage_complete,hyalinepaperfrontface,881,0,0,5,True,False,True,0.5896939268796612,0.5896939268796612
full_coverage_complete,hyalinepaperfrontface,882,0,0,5,True,False,True,0.5422647488873414,0.5422647488873414
full_coverage_complete,hyalinepaperfrontface,883,0,0,5,True,False,True,0.5574690184329216,0.5574690184329216
full_coverage_complete,hyalinepaperfrontface,885,0,0,5,True,False,True,0.7044440785756934,0.7044440785756934
full_coverage_complete,hyalinepaperfrontface,887,0,0,1,True,False,True,0.6454727782641564,0.6454727782641564
full_coverage_complete,hyalinepaperfrontface,891,0,0,1,True,False,True,0.7102957181892603,0.7102957181892603
full_coverage_complete,hyalinepaperfrontface,892,0,0,1,True,False,True,0.7831838850107867,0.7831838850107867
full_coverage_complete,hyalinepaperfrontface,895,0,0,1,True,False,True,0.8199300033479434,0.8199300033479434
full_coverage_complete,hyalinepaperfrontface,896,0,0,5,True,False,True,0.7130944345405555,0.7130944345405555
full_coverage_complete,hyalinepaperfrontface,897,0,0,5,True,False,True,0.5308912002057836,0.5308912002057836
full_coverage_complete,hyalinepaperfrontface,898,0,0,5,True,False,True,0.5106314146647439,0.5106314146647439
full_coverage_complete,hyalinepaperfrontface,899,0,0,5,True,False,True,0.4853963484997597,0.4853963484997597
full_coverage_complete,hyalinepaperfrontface,900,0,0,5,True,False,True,0.285198097666542,0.285198097666542
full_coverage_complete,hyalinepaperfrontface,901,0,0,1,True,False,True,0.34379400198039534,0.34379400198039534
full_coverage_complete,hyalinepaperfrontface,902,0,0,5,True,False,True,0.45180279648599303,0.45180279648599303
full_coverage_complete,hyalinepaperfrontface,903,5,1,5,True,False,True,0.5772319657769575,0.0
full_coverage_complete,hyalinepaperfrontface,904,0,1,6,True,False,True,0.0,0.28488944342682637
full_coverage_complete,hyalinepaperfrontface,905,0,0,5,True,False,True,0.5779405414767679,0.5779405414767679
full_coverage_complete,hyalinepaperfrontface,906,0,0,5,True,False,True,0.7610104485067659,0.7610104485067659
full_coverage_complete,hyalinepaperfrontface,907,0,0,5,True,False,True,0.8221908420661141,0.8221908420661141
full_coverage_complete,hyalinepaperfrontface,908,5,1,5,True,False,True,0.86029684061064,0.0
full_coverage_complete,hyalinepaperfrontface,909,6,0,6,True,False,True,0.0,0.0
full_coverage_complete,hyalinepaperfrontface,910,0,1,6,True,False,True,0.0,0.0
full_coverage_complete,hyalinepaperfrontface,911,0,0,5,True,False,True,0.04896898839267995,0.04896898839267995
full_coverage_complete,hyalinepaperfrontface,912,5,1,5,True,False,True,0.2606282451911239,0.0
full_coverage_complete,hyalinepaperfrontface,913,6,0,6,True,False,True,0.0,0.0
full_coverage_complete,hyalinepaperfrontface,914,1,0,1,True,False,True,0.0,0.0
full_coverage_complete,hyalinepaperfrontface,915,6,0,6,True,False,True,0.0,0.0
full_coverage_complete,hyalinepaperfrontface,916,0,1,6,True,False,True,0.0,0.37474671105869234
full_coverage_complete,hyalinepaperfrontface,917,0,0,5,True,False,True,0.7875687768520265,0.7875687768520265
full_coverage_complete,hyalinepaperfrontface,918,5,1,5,True,False,True,0.5648678412665027,0.0
full_coverage_complete,hyalinepaperfrontface,919,6,0,6,True,False,True,0.0,0.0
full_coverage_complete,hyalinepaperfrontface,920,6,0,6,True,False,True,0.0,0.0
full_coverage_complete,hyalinepaperfrontface,921,5,0,5,True,False,True,0.0,0.0
full_coverage_complete,hyalinepaperfrontface,922,5,0,5,True,False,True,0.0,0.0
full_coverage_complete,hyalinepaperfrontface,923,5,0,5,True,False,True,0.0,0.0
full_coverage_complete,hyalinepaperfrontface,924,5,0,5,True,False,True,0.0,0.0
full_coverage_complete,hyalinepaperfrontface,925,5,0,5,True,False,True,0.0,0.0
full_coverage_complete,hyalinepaperfrontface,926,0,2,0,False,False,True,0.0,0.023738620454657376
full_coverage_complete,hyalinepaperfrontface,927,0,0,5,True,False,True,0.042806596221311506,0.042806596221311506
full_coverage_complete,hyalinepaperfrontface,928,0,0,5,True,False,True,0.03666139606137675,0.03666139606137675
full_coverage_complete,hyalinepaperfrontface,930,0,0,5,True,False,True,0.7814632748679617,0.7814632748679617
full_coverage_complete,hyalinepaperfrontface,931,5,0,5,True,False,True,0.5950889049562301,0.0
full_coverage_complete,hyalinepaperfrontface,932,6,0,6,True,False,True,0.0,0.0
full_coverage_complete,hyalinepaperfrontface,933,4,0,4,True,False,True,0.0,0.0
full_coverage_complete,hyalinepaperfrontface,934,5,2,5,True,False,True,0.0,0.008046315750172681
full_coverage_complete,hyalinepaperfrontface,935,0,0,5,True,False,True,0.02660581193327594,0.02660581193327594
full_coverage_complete,hyalinepaperfrontface,936,5,2,5,True,False,True,0.18051518273029876,0.0
full_coverage_complete,hyalinepaperfrontface,937,1,0,1,True,False,True,0.0,0.0
full_coverage_complete,hyalinepaperfrontface,938,6,0,6,True,False,True,0.0,0.0
full_coverage_complete,hyalinepaperfrontface,939,5,0,5,True,False,True,0.0,0.0
full_coverage_complete,hyalinepaperfrontface,940,5,0,5,True,False,True,0.0,0.0
full_coverage_complete,hyalinepaperfrontface,941,6,0,6,True,False,True,0.0,0.0
full_coverage_complete,hyalinepaperfrontface,942,5,0,5,True,False,True,0.0,0.0
full_coverage_complete,hyalinepaperfrontface,943,5,0,5,True,False,True,0.0,0.0
full_coverage_complete,hyalinepaperfrontface,944,5,0,5,True,False,True,0.0,0.0
full_coverage_complete,hyalinepaperfrontface,945,5,0,5,True,False,True,0.0,0.0
full_coverage_complete,hyalinepaperfrontface,946,5,0,5,True,False,True,0.0,0.0
full_coverage_complete,hyalinepaperfrontface,947,5,0,5,True,False,True,0.0,0.0
full_coverage_complete,hyalinepaperfrontface,948,5,0,5,True,False,True,0.0,0.0
full_coverage_complete,hyalinepaperfrontface,949,5,0,5,True,False,True,0.0,0.0
full_coverage_complete,hyalinepaperfrontface,950,5,0,5,True,False,True,0.0,0.0
full_coverage_complete,hyalinepaperfrontface,951,5,0,5,True,False,True,0.0,0.0
full_coverage_complete,hyalinepaperfrontface,952,5,0,5,True,False,True,0.0,0.0
full_coverage_complete,hyalinepaperfrontface,953,5,0,5,True,False,True,0.0,0.0
full_coverage_complete,hyalinepaperfrontface,961,5,0,5,True,False,True,0.0,0.0
full_coverage_complete,hyalinepaperfrontface,962,5,0,5,True,False,True,0.0,0.0
full_coverage_complete,hyalinepaperfrontface,965,5,0,5,True,False,True,0.0,0.0
full_coverage_complete,hyalinepaperfrontface,966,5,0,5,True,False,True,0.0,0.0
full_coverage_complete,hyalinepaperfrontface,967,5,0,5,True,False,True,0.0,0.0
full_coverage_complete,hyalinepaperfrontface,968,5,0,5,True,False,True,0.0,0.0
full_coverage_complete,hyalinepaperfrontface,969,5,0,5,True,False,True,0.0,0.004812336180332567
full_coverage_complete,hyalinepaperfrontface,970,5,0,5,True,False,True,0.024724891011151495,0.031514803199529956
full_coverage_complete,hyalinepaperfrontface,971,5,0,5,True,False,True,0.022511117279269126,0.03248469095788659
full_coverage_complete,hyalinepaperfrontface,972,5,0,5,True,False,True,0.02338531736024932,0.02237526673545442
full_coverage_complete,hyalinepaperfrontface,974,5,0,5,True,False,True,0.013785721234851053,0.012627814043274939
full_coverage_complete,hyalinepaperfrontface,976,1,0,1,True,False,True,0.009918394280633545,0.01736760889485832
full_coverage_complete,hyalinepaperfrontface,982,5,0,5,True,False,True,0.033918087373751675,0.0421993895813233
full_coverage_complete,hyalinepaperfrontface,983,5,0,5,True,False,True,0.030164258650117695,0.051273194306062135
full_coverage_complete,hyalinepaperfrontface,984,1,0,1,True,False,True,0.043289952014393465,0.05427669292549383
full_coverage_complete,hyalinepaperfrontface,998,5,0,5,True,False,True,0.04939136780844308,0.05548789916188614
full_coverage_complete,hyalinepaperfrontface,999,6,0,6,True,False,True,0.04296699190862171,0.060895230571449945
full_coverage_complete,hyalinepaperfrontface,1024,5,0,5,True,False,True,0.0,0.0
full_coverage_complete,hyalinepaperfrontface,1026,6,0,6,True,False,True,0.0,0.0
full_coverage_complete,hyalinepaperfrontface,1027,6,0,6,True,False,True,0.0,0.0
full_coverage_complete,hyalinepaperfrontface,1028,6,0,6,True,False,True,0.0,0.0
full_coverage_complete,hyalinepaperfrontface,1029,6,0,6,True,False,True,0.0,0.0
full_coverage_complete,hyalinepaperfrontface,1030,6,0,6,True,False,True,0.0,0.0
full_coverage_complete,hyalinepaperfrontface,1031,6,0,6,True,False,True,0.0,0.0
full_coverage_complete,hyalinepaperfrontface,1032,6,0,6,True,False,True,0.0,0.0
full_coverage_complete,hyalinepaperfrontface,1033,6,0,6,True,False,True,0.0,0.0
full_coverage_complete,hyalinepaperfrontface,1034,6,0,6,True,False,True,0.0,0.0
full_coverage_complete,hyalinepaperfrontface,1035,6,0,6,True,False,True,0.0,0.0
full_coverage_complete,hyalinepaperfrontface,1036,6,0,6,True,False,True,0.0,0.0
full_coverage_complete,hyalinepaperfrontface,1037,5,0,5,True,False,True,0.0,0.0
full_coverage_complete,hyalinepaperfrontface,1038,5,0,5,True,False,True,0.0,0.0
full_coverage_complete,hyalinepaperfrontface,1085,5,0,5,True,False,True,0.0,0.0
full_coverage_complete,hyalinepaperfrontface,1086,5,0,5,True,False,True,0.0,0.0
full_coverage_complete,hyalinepaperfrontface,1088,5,0,5,True,False,True,0.0,0.0
full_coverage_complete,hyalinepaperfrontface,1089,5,0,5,True,False,True,0.0,0.0
full_coverage_complete,hyalinepaperfrontface,1093,5,0,5,True,False,True,0.0,0.0
full_coverage_complete,hyalinepaperfrontface,1094,5,0,5,True,False,True,0.0,0.0
full_coverage_complete,hyalinepaperfrontface,1095,5,0,5,True,False,True,0.0,0.0
full_coverage_complete,hyalinepaperfrontface,1096,5,0,5,True,False,True,0.0,0.0
full_coverage_complete,hyalinepaperfrontface,1097,5,0,5,True,False,True,0.0,0.0
full_coverage_complete,hyalinepaperfrontface,1098,5,0,5,True,False,True,0.0,0.0
full_coverage_complete,hyalinepaperfrontface,1099,5,0,5,True,False,True,0.0,0.0
full_coverage_complete,hyalinepaperfrontface,1101,5,0,5,True,False,True,0.0,0.0
full_coverage_complete,hyalinepaperfrontface,1103,5,0,5,True,False,True,0.0,0.0
full_coverage_complete,hyalinepaperfrontface,1105,5,0,5,True,False,True,0.0,0.0
full_coverage_complete,hyalinepaperfrontface,1108,5,0,5,True,False,True,0.0,0.0
full_coverage_complete,hyalinepaperfrontface,1114,5,0,5,True,False,True,0.0,0.0
full_coverage_complete,hyalinepaperfrontface,1122,5,0,5,True,False,True,0.0,0.0
full_coverage_complete,hyalinepaperfrontface,1125,5,0,5,True,False,True,0.0,0.0
full_coverage_complete,hyalinepaperfrontface,1127,5,0,5,True,False,True,0.0,0.0
full_coverage_complete,hyalinepaperfrontface,1139,6,0,6,True,False,True,0.0,0.0
full_coverage_complete,hyalinepaperfrontface,1141,5,0,5,True,False,True,0.0,0.0
full_coverage_complete,hyalinepaperfrontface,1143,5,0,5,True,False,True,0.0,0.0
full_coverage_complete,hyalinepaperfrontface,1144,5,0,5,True,False,True,0.0,0.0
full_coverage_complete,hyalinepaperfrontface,1147,0,0,6,True,False,True,0.0,0.0
full_coverage_complete,hyalinepaperfrontface,1148,6,0,6,True,False,True,0.0,0.0
full_coverage_complete,hyalinepaperfrontface,1149,5,0,5,True,False,True,0.0,0.0
full_coverage_complete,hyalinepaperfrontface,1155,5,0,5,True,False,True,0.0,0.0
full_coverage_complete,hyalinepaperfrontface,1177,5,0,5,True,False,True,0.0,0.0
full_coverage_complete,hyalinepaperfrontface,1178,5,0,5,True,False,True,0.0,0.0
full_coverage_complete,hyalinepaperfrontface,1179,5,0,5,True,False,True,0.0,0.0
full_coverage_complete,hyalinepaperfrontface,1180,5,0,5,True,False,True,0.0,0.0
full_coverage_complete,hyalinepaperfrontface,1181,5,0,5,True,False,True,0.0,0.0
full_coverage_complete,hyalinepaperfrontface,1182,0,0,5,True,False,True,0.6510738145057633,0.6510738145057633
full_coverage_complete,hyalinepaperfrontface,1183,0,0,5,True,False,True,0.7128905547052357,0.7128905547052357
full_coverage_complete,hyalinepaperfrontface,1184,1,0,1,True,False,True,0.7382096385370841,0.0
full_coverage_complete,hyalinepaperfrontface,1185,6,0,6,True,False,True,0.0,0.0
full_coverage_complete,hyalinepaperfrontface,1186,0,1,6,True,False,True,0.0,0.5690932815991595
full_coverage_complete,hyalinepaperfrontface,1187,0,0,5,True,False,True,0.476524997565686,0.476524997565686
full_coverage_complete,hyalinepaperfrontface,1188,5,1,5,True,False,True,0.23060267281797647,0.0
full_coverage_complete,hyalinepaperfrontface,1189,1,0,1,True,False,True,0.0,0.0
full_coverage_complete,hyalinepaperfrontface,1190,5,0,5,True,False,True,0.0,0.0
full_coverage_complete,hyalinepaperfrontface,1191,5,0,5,True,False,True,0.0,0.0
full_coverage_complete,hyalinepaperfrontface,1192,5,0,5,True,False,True,0.0,0.0
full_coverage_complete,hyalinepaperfrontface,1193,5,0,5,True,False,True,0.0,0.0
full_coverage_complete,hyalinepaperfrontface,1194,5,0,5,True,False,True,0.0,0.0
full_coverage_complete,hyalinepaperfrontface,1195,5,0,5,True,False,True,0.0,0.0
full_coverage_complete,hyalinepaperfrontface,1196,5,0,5,True,False,True,0.0,0.0
full_coverage_complete,hyalinepaperfrontface,1197,5,0,5,True,False,True,0.0,0.0
full_coverage_complete,hyalinepaperfrontface,1198,5,0,5,True,False,True,0.0,0.0
full_coverage_complete,hyalinepaperfrontface,1199,5,0,5,True,False,True,0.0,0.0
full_coverage_complete,hyalinepaperfrontface,1200,5,0,5,True,False,True,0.0,0.0
full_coverage_complete,hyalinepaperfrontface,1201,5,0,5,True,False,True,0.0,0.0
full_coverage_complete,hyalinepaperfrontface,1202,5,0,5,True,False,True,0.0,0.0
full_coverage_complete,hyalinepaperfrontface,1203,6,0,6,True,False,True,0.0,0.0
full_coverage_complete,hyalinepaperfrontface,1204,5,0,5,True,False,True,0.0,0.0
full_coverage_complete,hyalinepaperfrontface,1205,5,0,5,True,False,True,0.0,0.0
full_coverage_complete,hyalinepaperfrontface,1206,0,1,0,False,False,True,0.0,0.029341994887567877
full_coverage_complete,hyalinepaperfrontface,1207,0,0,5,True,False,True,0.013341279092922051,0.013341279092922051
full_coverage_complete,hyalinepaperfrontface,1208,0,0,5,True,False,True,0.47971919411551395,0.47971919411551395
full_coverage_complete,hyalinepaperfrontface,1209,0,0,1,True,False,True,0.5132574353946601,0.5132574353946601
full_coverage_complete,hyalinepaperfrontface,1210,1,0,1,True,False,True,0.6584701503407997,0.0
full_coverage_complete,hyalinepaperfrontface,1211,1,0,1,True,False,True,0.0,0.0
full_coverage_complete,hyalinepaperfrontface,1212,6,0,6,True,False,True,0.5135767530973212,0.0
full_coverage_complete,hyalinepaperfrontface,1213,0,1,0,False,False,True,0.0,0.5511615175945107
full_coverage_complete,hyalinepaperfrontface,1214,0,0,5,True,False,True,0.5373950925200762,0.5373950925200762
full_coverage_complete,hyalinepaperfrontface,1215,5,0,5,True,False,True,0.6214834781653,0.0
full_coverage_complete,hyalinepaperfrontface,1216,6,0,6,True,False,True,0.0,0.0
full_coverage_complete,hyalinepaperfrontface,1217,5,0,5,True,False,True,0.0,0.0
full_coverage_complete,hyalinepaperfrontface,1218,5,0,5,True,False,True,0.0,0.0
full_coverage_complete,hyalinepaperfrontface,1219,5,0,5,True,False,True,0.0,0.0
full_coverage_complete,hyalinepaperfrontface,1232,1,0,1,True,False,True,0.0,0.0
full_coverage_complete,hyalinepaperfrontface,1233,5,0,5,True,False,True,0.0,0.0
full_coverage_complete,hyalinepaperfrontface,1234,5,0,5,True,False,True,0.0,0.0
full_coverage_complete,hyalinepaperfrontface,1245,1,0,1,True,False,True,0.0,0.0
full_coverage_complete,hyalinepaperfrontface,1246,1,0,1,True,False,True,0.0,0.01096584532089337
full_coverage_complete,hyalinepaperfrontface,1247,5,0,5,True,False,True,0.03512019450885389,0.043203644445273776
full_coverage_complete,hyalinepaperfrontface,1248,5,0,5,True,False,True,0.0637897697490798,0.05892693412741959
full_coverage_complete,hyalinepaperfrontface,1250,5,0,5,True,False,True,0.042223212227570146,0.06647401064817227
full_coverage_complete,hyalinepaperfrontface,1251,5,0,5,True,False,True,0.031241662408175802,0.06088449750212141
full_coverage_complete,hyalinepaperfrontface,1252,5,0,5,True,False,True,0.019794302414194734,0.038540943046964315
full_coverage_complete,hyalinepaperfrontface,1272,6,0,6,True,False,True,0.0,0.0
full_coverage_complete,hyalinepaperfrontface,1273,1,0,1,True,False,True,0.0,0.0
full_coverage_complete,hyalinepaperfrontface,1274,6,0,6,True,False,True,0.0,0.0
full_coverage_complete,hyalinepaperfrontface,1275,1,0,1,True,False,True,0.0,0.0
full_coverage_complete,hyalinepaperfrontface,1276,1,0,1,True,False,True,0.0,0.0
full_coverage_complete,hyalinepaperfrontface,1277,1,0,1,True,False,True,0.0,0.0
full_coverage_complete,hyalinepaperfrontface,1278,1,0,1,True,False,True,0.0,0.0
full_coverage_complete,hyalinepaperfrontface,1279,1,0,1,True,False,True,0.0,0.0
full_coverage_complete,hyalinepaperfrontface,1280,1,0,1,True,False,True,0.0,0.0
full_coverage_complete,hyalinepaperfrontface,1281,5,0,5,True,False,True,0.0,0.0
full_coverage_complete,hyalinepaperfrontface,1282,6,0,6,True,False,True,0.0,0.0
full_coverage_complete,hyalinepaperfrontface,1283,5,0,5,True,False,True,0.0,0.0
full_coverage_complete,hyalinepaperfrontface,1284,1,0,1,True,False,True,0.0,0.0
full_coverage_complete,hyalinepaperfrontface,1296,5,0,5,True,False,True,0.0,0.0
full_coverage_complete,hyalinepaperfrontface,1297,5,0,5,True,False,True,0.0,0.0
full_coverage_complete,hyalinepaperfrontface,1298,5,0,5,True,False,True,0.0,0.0
full_coverage_complete,hyalinepaperfrontface,1299,5,0,5,True,False,True,0.0,0.0
full_coverage_complete,hyalinepaperfrontface,1302,5,0,5,True,False,True,0.0,0.0
full_coverage_complete,hyalinepaperfrontface,1304,5,0,5,True,False,True,0.0,0.0
full_coverage_complete,hyalinepaperfrontface,1305,1,0,1,True,False,True,0.0,0.0
full_coverage_complete,hyalinepaperfrontface,1306,1,0,1,True,False,True,0.0,0.0
full_coverage_complete,hyalinepaperfrontface,1307,1,0,1,True,False,True,0.0,0.0
full_coverage_complete,hyalinepaperfrontface,1311,0,0,5,True,False,True,0.0,0.0
full_coverage_complete,hyalinepaperfrontface,1312,5,0,5,True,False,True,0.0,0.0
full_coverage_complete,hyalinepaperfrontface,1314,5,0,5,True,False,True,0.0,0.0
full_coverage_complete,hyalinepaperfrontface,1316,5,0,5,True,False,True,0.0,0.0
full_coverage_complete,hyalinepaperfrontface,1317,5,0,5,True,False,True,0.0,0.0
full_coverage_complete,hyalinepaperfrontface,1318,5,0,5,True,False,True,0.0,0.0
full_coverage_complete,hyalinepaperfrontface,1319,5,0,5,True,False,True,0.0,0.0
full_coverage_complete,hyalinepaperfrontface,1320,5,0,5,True,False,True,0.0,0.0
full_coverage_complete,hyalinepaperfrontface,1321,5,0,5,True,False,True,0.0,0.0
full_coverage_complete,hyalinepaperfrontface,1322,5,0,5,True,False,True,0.0,0.0
full_coverage_complete,hyalinepaperfrontface,1323,5,0,5,True,False,True,0.0,0.0
full_coverage_complete,hyalinepaperfrontface,1324,5,0,5,True,False,True,0.0,0.0
full_coverage_complete,hyalinepaperfrontface,1325,5,0,5,True,False,True,0.0,0.0
full_coverage_complete,hyalinepaperfrontface,1326,5,0,5,True,False,True,0.0,0.0
full_coverage_complete,hyalinepaperfrontface,1327,5,0,5,True,False,True,0.0,0.0
full_coverage_complete,hyalinepaperfrontface,1328,5,0,5,True,False,True,0.0,0.0
full_coverage_complete,hyalinepaperfrontface,1329,0,0,5,True,False,True,0.0,0.0
full_coverage_complete,hyalinepaperfrontface,1331,5,0,5,True,False,True,0.0,0.0
full_coverage_complete,hyalinepaperfrontface,1332,5,0,5,True,False,True,0.0,0.0
full_coverage_complete,hyalinepaperfrontface,1333,5,0,5,True,False,True,0.0,0.0
full_coverage_complete,hyalinepaperfrontface,1334,5,0,5,True,False,True,0.0,0.0
full_coverage_complete,hyalinepaperfrontface,1335,5,0,5,True,False,True,0.0,0.0
full_coverage_complete,hyalinepaperfrontface,1336,6,0,6,True,False,True,0.0,0.0
full_coverage_complete,hyalinepaperfrontface,1337,6,0,6,True,False,True,0.0,0.0
full_coverage_complete,hyalinepaperfrontface,1338,6,0,6,True,False,True,0.0,0.0
full_coverage_complete,hyalinepaperfrontface,1339,5,0,5,True,False,True,0.0,0.0
full_coverage_complete,hyalinepaperfrontface,1340,5,0,5,True,False,True,0.0,0.0
full_coverage_complete,hyalinepaperfrontface,1341,5,0,5,True,False,True,0.0,0.0
full_coverage_complete,hyalinepaperfrontface,1342,5,0,5,True,False,True,0.0,0.0
full_coverage_complete,hyalinepaperfrontface,1344,5,0,5,True,False,True,0.0,0.0
full_coverage_complete,hyalinepaperfrontface,1348,5,0,5,True,False,True,0.0,0.0
full_coverage_complete,hyalinepaperfrontface,1349,5,0,5,True,False,True,0.0,0.0
full_coverage_complete,hyalinepaperfrontface,1350,5,0,5,True,False,True,0.0,0.0
full_coverage_complete,hyalinepaperfrontface,1351,5,0,5,True,False,True,0.0,0.0
full_coverage_complete,hyalinepaperfrontface,1352,6,0,6,True,False,True,0.0,0.0
full_coverage_complete,hyalinepaperfrontface,1353,5,0,5,True,False,True,0.0,0.0
full_coverage_complete,hyalinepaperfrontface,1354,5,0,5,True,False,True,0.0,0.0
full_coverage_complete,hyalinepaperfrontface,1355,5,0,5,True,False,True,0.0,0.0
full_coverage_complete,hyalinepaperfrontface,1356,5,0,5,True,False,True,0.0,0.0
full_coverage_complete,hyalinepaperfrontface,1357,5,0,5,True,False,True,0.0,0.0
full_coverage_complete,hyalinepaperfrontface,1358,5,0,5,True,False,True,0.0,0.0
full_coverage_complete,hyalinepaperfrontface,1359,5,0,5,True,False,True,0.0,0.0
full_coverage_complete,hyalinepaperfrontface,1360,5,0,5,True,False,True,0.0,0.0
full_coverage_complete,hyalinepaperfrontface,1361,5,0,5,True,False,True,0.0,0.0
full_coverage_complete,hyalinepaperfrontface,1362,0,1,5,True,False,True,0.0,0.585406240398004
full_coverage_complete,hyalinepaperfrontface,1363,0,0,5,True,False,True,0.26470818389422063,0.26470818389422063
full_coverage_complete,hyalinepaperfrontface,1364,5,0,5,True,False,True,0.16025220403014848,0.0
full_coverage_complete,hyalinepaperfrontface,1365,6,0,6,True,False,True,0.0,0.0
full_coverage_complete,hyalinepaperfrontface,1366,5,0,5,True,False,True,0.0,0.0
full_coverage_complete,hyalinepaperfrontface,1367,6,0,6,True,False,True,0.0,0.0
full_coverage_complete,hyalinepaperfrontface,1368,6,0,6,True,False,True,0.0,0.0
full_coverage_complete,hyalinepaperfrontface,1369,6,0,6,True,False,True,0.0,0.0
full_coverage_complete,hyalinepaperfrontface,1370,6,0,6,True,False,True,0.0,0.0
full_coverage_complete,hyalinepaperfrontface,1371,6,0,6,True,False,True,0.0,0.0
full_coverage_complete,hyalinepaperfrontface,1372,5,0,5,True,False,True,0.0,0.0
full_coverage_complete,hyalinepaperfrontface,1373,5,0,5,True,False,True,0.0,0.0
full_coverage_complete,hyalinepaperfrontface,1374,0,1,6,True,False,True,0.0,0.254667713375091
full_coverage_complete,hyalinepaperfrontface,1376,0,0,5,True,False,True,0.15938432634607982,0.15938432634607982
full_coverage_complete,hyalinepaperfrontface,1377,1,1,1,True,False,True,0.26258142339378776,0.0
full_coverage_complete,hyalinepaperfrontface,1378,1,0,1,True,False,True,0.0,0.0
full_coverage_complete,hyalinepaperfrontface,1379,0,1,6,True,False,True,0.0,0.06587904427807938
full_coverage_complete,hyalinepaperfrontface,1383,0,0,5,True,False,True,0.20653340598357983,0.20653340598357983
full_coverage_complete,hyalinepaperfrontface,1384,0,0,1,True,False,True,0.2798300058446106,0.2798300058446106
full_coverage_complete,hyalinepaperfrontface,1385,0,0,1,True,False,True,0.26505488715818293,0.26505488715818293
full_coverage_complete,hyalinepaperfrontface,1387,0,0,1,True,False,True,0.22230951052252354,0.22230951052252354
full_coverage_complete,hyalinepaperfrontface,1388,0,0,5,True,False,True,0.21081792489918671,0.21081792489918671
full_coverage_complete,hyalinepaperfrontface,1389,0,0,5,True,False,True,0.1940410824971429,0.1940410824971429
full_coverage_complete,hyalinepaperfrontface,1390,0,0,5,True,False,True,0.21084767496632664,0.21084767496632664
full_coverage_complete,hyalinepaperfrontface,1391,0,0,1,True,False,True,0.26762856639337335,0.26762856639337335
full_coverage_complete,hyalinepaperfrontface,1392,0,0,1,True,False,True,0.22891736324322823,0.22891736324322823
full_coverage_complete,hyalinepaperfrontface,1401,0,0,1,True,False,True,0.061888662606664833,0.061888662606664833
full_coverage_complete,hyalinepaperfrontface,1402,1,1,1,True,False,True,0.06045484289158982,0.0
full_coverage_complete,hyalinepaperfrontface,1403,0,0,6,True,False,True,0.0,0.0
full_coverage_complete,hyalinepaperfrontface,1404,0,0,6,True,False,True,0.0,0.0
full_coverage_complete,hyalinepaperfrontface,1405,6,0,6,True,False,True,0.0,0.0
full_coverage_complete,hyalinepaperfrontface,1406,6,0,6,True,False,True,0.0,0.0
full_coverage_complete,hyalinepaperfrontface,1407,5,0,5,True,False,True,0.0,0.0
full_coverage_complete,hyalinepaperfrontface,1408,5,0,5,True,False,True,0.0,0.0
full_coverage_complete,hyalinepaperfrontface,1409,5,0,5,True,False,True,0.0,0.0
full_coverage_complete,hyalinepaperfrontface,1410,5,0,5,True,False,True,0.0,0.0
full_coverage_complete,hyalinepaperfrontface,1411,5,0,5,True,False,True,0.0,0.0
full_coverage_complete,hyalinepaperfrontface,1413,1,0,1,True,False,True,0.0,0.0
full_coverage_complete,hyalinepaperfrontface,1414,5,0,5,True,False,True,0.0,0.0
full_coverage_complete,hyalinepaperfrontface,1415,5,0,5,True,False,True,0.0,0.0
full_coverage_complete,hyalinepaperfrontface,1416,5,0,5,True,False,True,0.0,0.0
full_coverage_complete,hyalinepaperfrontface,1417,5,0,5,True,False,True,0.0,0.0
full_coverage_complete,hyalinepaperfrontface,1418,5,0,5,True,False,True,0.0,0.0
full_coverage_complete,hyalinepaperfrontface,1419,5,0,5,True,False,True,0.0,0.0
full_coverage_complete,hyalinepaperfrontface,1420,5,0,5,True,False,True,0.0,0.0
full_coverage_complete,hyalinepaperfrontface,1421,5,0,5,True,False,True,0.0,0.0
full_coverage_complete,hyalinepaperfrontface,1422,5,0,5,True,False,True,0.0,0.0
full_coverage_complete,hyalinepaperfrontface,1423,6,0,6,True,False,True,0.0,0.0
full_coverage_complete,hyalinepaperfrontface,1424,1,0,1,True,False,True,0.0,0.0
full_coverage_complete,hyalinepaperfrontface,1425,5,0,5,True,False,True,0.0,0.0
full_coverage_complete,hyalinepaperfrontface,1426,5,0,5,True,False,True,0.0,0.0
full_coverage_complete,hyalinepaperfrontface,1427,5,0,5,True,False,True,0.0,0.0
full_coverage_complete,hyalinepaperfrontface,1428,5,0,5,True,False,True,0.0,0.0
full_coverage_complete,hyalinepaperfrontface,1429,5,0,5,True,False,True,0.0,0.0
full_coverage_complete,hyalinepaperfrontface,1430,5,0,5,True,False,True,0.0,0.0
full_coverage_complete,hyalinepaperfrontface,1431,5,0,5,True,False,True,0.0,0.0
full_coverage_complete,hyalinepaperfrontface,1432,5,0,5,True,False,True,0.0,0.0
full_coverage_complete,hyalinepaperfrontface,1433,5,0,5,True,False,True,0.0,0.0
full_coverage_complete,hyalinepaperfrontface,1434,5,0,5,True,False,True,0.0,0.0
full_coverage_complete,hyalinepaperfrontface,1435,6,0,6,True,False,True,0.0,0.4910644786127039
full_coverage_complete,hyalinepaperfrontface,1436,0,0,5,True,False,True,0.014472609519070397,0.014472609519070397
full_coverage_complete,hyalinepaperfrontface,1437,0,0,5,True,False,True,0.010873834052553278,0.010873834052553278
full_coverage_complete,hyalinepaperfrontface,1438,5,0,5,True,False,True,0.006259237203990649,0.0
full_coverage_complete,hyalinepaperfrontface,1439,0,0,1,True,False,True,0.0,0.5482147105202136
full_coverage_complete,hyalinepaperfrontface,1440,0,0,5,True,False,True,0.5391264785199242,0.5391264785199242
full_coverage_complete,hyalinepaperfrontface,1441,0,0,5,True,False,True,0.5219480736588008,0.5219480736588008
full_coverage_complete,hyalinepaperfrontface,1442,5,1,5,True,False,True,0.538937810691165,0.0
full_coverage_complete,hyalinepaperfrontface,1443,1,0,1,True,False,True,0.0,0.0
full_coverage_complete,hyalinepaperfrontface,1444,1,0,1,True,False,True,0.0,0.0
full_coverage_complete,hyalinepaperfrontface,1445,0,1,6,True,False,True,0.0,0.516203518193066
full_coverage_complete,hyalinepaperfrontface,1446,0,0,5,True,False,True,0.4918916163129633,0.4918916163129633
full_coverage_complete,hyalinepaperfrontface,1447,0,0,5,True,False,True,0.4692308535378534,0.4692308535378534
full_coverage_complete,hyalinepaperfrontface,1448,0,0,5,True,False,True,0.4661485283996615,0.4661485283996615
full_coverage_complete,hyalinepaperfrontface,1450,0,0,5,True,False,True,0.45753264426259344,0.45753264426259344
full_coverage_complete,hyalinepaperfrontface,1451,0,1,0,False,False,True,0.43266888739391113,0.00793766177172756
full_coverage_complete,hyalinepaperfrontface,1456,0,0,1,True,False,True,0.08398967554950196,0.08398967554950196
full_coverage_complete,hyalinepaperfrontface,1461,1,1,1,True,False,True,0.1382219196107064,0.0
full_coverage_complete,hyalinepaperfrontface,1462,6,0,6,True,False,True,0.0,0.0
full_coverage_complete,hyalinepaperfrontface,1463,0,1,6,True,False,True,0.0,0.5379403501171917
full_coverage_complete,hyalinepaperfrontface,1464,0,0,5,True,False,True,0.4098762724601808,0.4098762724601808
full_coverage_complete,hyalinepaperfrontface,1465,1,1,1,True,False,True,0.3370351515271733,0.0
full_coverage_complete,hyalinepaperfrontface,1466,6,0,6,True,False,True,0.0,0.0
full_coverage_complete,hyalinepaperfrontface,1467,6,0,6,True,False,True,0.0,0.0
full_coverage_complete,hyalinepaperfrontface,1468,6,0,6,True,False,True,0.0,0.0
full_coverage_complete,hyalinepaperfrontface,1469,6,0,6,True,False,True,0.0,0.0
full_coverage_complete,hyalinepaperfrontface,1470,6,0,6,True,False,True,0.0,0.0
full_coverage_complete,hyalinepaperfrontface,1471,6,0,6,True,False,True,0.0,0.0
full_coverage_complete,hyalinepaperfrontface,1472,6,0,6,True,False,True,0.0,0.0
full_coverage_complete,hyalinepaperfrontface,1473,5,0,5,True,False,True,0.0,0.0
full_coverage_complete,hyalinepaperfrontface,1474,6,0,6,True,False,True,0.0,0.0
full_coverage_complete,hyalinepaperfrontface,1476,5,0,5,True,False,True,0.0,0.0
full_coverage_complete,hyalinepaperfrontface,1478,2,1,2,True,False,True,0.0,0.0
full_coverage_complete,hyalinepaperfrontface,1479,0,0,5,True,False,True,0.0,0.20874803977743872
full_coverage_complete,hyalinepaperfrontface,1480,0,1,5,True,False,True,0.31514952090269105,0.0
full_coverage_complete,hyalinepaperfrontface,1481,1,0,1,True,False,True,0.0,0.0
full_coverage_complete,hyalinepaperfrontface,1482,6,0,6,True,False,True,0.0,0.0
full_coverage_complete,hyalinepaperfrontface,1483,5,0,5,True,False,True,0.0,0.0
full_coverage_complete,hyalinepaperfrontface,1484,1,0,1,True,False,True,0.0,0.0
full_coverage_complete,hyalinepaperfrontface,1485,1,0,1,True,False,True,0.0,0.0
full_coverage_complete,hyalinepaperfrontface,1486,5,0,5,True,False,True,0.0,0.0
full_coverage_complete,hyalinepaperfrontface,1487,5,0,5,True,False,True,0.0,0.0
full_coverage_complete,hyalinepaperfrontface,1488,5,0,5,True,False,True,0.0,0.0
full_coverage_complete,hyalinepaperfrontface,1489,5,0,5,True,False,True,0.0,0.0
full_coverage_complete,hyalinepaperfrontface,1491,5,0,5,True,False,True,0.0,0.0
full_coverage_complete,hyalinepaperfrontface,1492,5,0,5,True,False,True,0.0,0.0
full_coverage_complete,hyalinepaperfrontface,1493,5,0,5,True,False,True,0.0,0.0
full_coverage_complete,hyalinepaperfrontface,1494,5,0,5,True,False,True,0.0,0.0
full_coverage_complete,hyalinepaperfrontface,1495,5,0,5,True,False,True,0.0,0.0
full_coverage_complete,hyalinepaperfrontface,1496,5,0,5,True,False,True,0.0,0.0
full_coverage_complete,hyalinepaperfrontface,1497,5,0,5,True,False,True,0.0,0.0
full_coverage_complete,hyalinepaperfrontface,1498,5,0,5,True,False,True,0.0,0.0
full_coverage_complete,hyalinepaperfrontface,1499,5,0,5,True,False,True,0.0,0.0
full_coverage_complete,hyalinepaperfrontface,1500,5,0,5,True,False,True,0.0,0.0
full_coverage_complete,hyalinepaperfrontface,1501,5,0,5,True,False,True,0.0,0.0
full_coverage_complete,hyalinepaperfrontface,1502,5,0,5,True,False,True,0.0,0.0
full_coverage_complete,hyalinepaperfrontface,1503,5,0,5,True,False,True,0.0,0.0
full_coverage_complete,hyalinepaperfrontface,1504,5,0,5,True,False,True,0.0,0.0
full_coverage_complete,hyalinepaperfrontface,1505,5,0,5,True,False,True,0.0,0.0
full_coverage_complete,hyalinepaperfrontface,1506,5,0,5,True,False,True,0.0,0.0
full_coverage_complete,hyalinepaperfrontface,1507,5,0,5,True,False,True,0.0,0.0
full_coverage_complete,hyalinepaperfrontface,1508,5,0,5,True,False,True,0.0,0.0
full_coverage_complete,hyalinepaperfrontface,1509,5,0,5,True,False,True,0.0,0.0
full_coverage_complete,hyalinepaperfrontface,1510,5,0,5,True,False,True,0.0,0.0
full_coverage_complete,hyalinepaperfrontface,1511,5,0,5,True,False,True,0.0,0.0
full_coverage_complete,hyalinepaperfrontface,1512,5,0,5,True,False,True,0.0,0.0
full_coverage_complete,hyalinepaperfrontface,1513,5,0,5,True,False,True,0.0,0.0
full_coverage_complete,hyalinepaperfrontface,1514,5,0,5,True,False,True,0.0,0.0
full_coverage_complete,hyalinepaperfrontface,1515,5,0,5,True,False,True,0.0,0.0
full_coverage_complete,hyalinepaperfrontface,1516,5,0,5,True,False,True,0.0,0.0
full_coverage_complete,hyalinepaperfrontface,1517,5,0,5,True,False,True,0.0,0.0
full_coverage_complete,hyalinepaperfrontface,1518,5,0,5,True,False,True,0.0,0.0
full_coverage_complete,hyalinepaperfrontface,1519,5,0,5,True,False,True,0.0,0.0
full_coverage_complete,hyalinepaperfrontface,1520,5,0,5,True,False,True,0.0,0.0
full_coverage_complete,hyalinepaperfrontface,1521,5,0,5,True,False,True,0.0,0.0
full_coverage_complete,hyalinepaperfrontface,1522,5,0,5,True,False,True,0.0,0.0
full_coverage_complete,hyalinepaperfrontface,1523,5,0,5,True,False,True,0.0,0.0
full_coverage_complete,hyalinepaperfrontface,1524,5,0,5,True,False,True,0.0,0.0
full_coverage_complete,hyalinepaperfrontface,1525,5,0,5,True,False,True,0.0,0.0
full_coverage_complete,hyalinepaperfrontface,1526,5,0,5,True,False,True,0.0,0.0
full_coverage_complete,hyalinepaperfrontface,1527,5,0,5,True,False,True,0.0,0.0
full_coverage_complete,hyalinepaperfrontface,1528,5,0,5,True,False,True,0.0,0.0
full_coverage_complete,hyalinepaperfrontface,1529,5,0,5,True,False,True,0.0,0.0
full_coverage_complete,hyalinepaperfrontface,1530,5,0,5,True,False,True,0.0,0.0
full_coverage_complete,hyalinepaperfrontface,1531,5,0,5,True,False,True,0.0,0.0
full_coverage_complete,hyalinepaperfrontface,1532,5,0,5,True,False,True,0.0,0.0
full_coverage_complete,hyalinepaperfrontface,1533,5,0,5,True,False,True,0.0,0.0
full_coverage_complete,hyalinepaperfrontface,1534,5,0,5,True,False,True,0.0,0.0
full_coverage_complete,hyalinepaperfrontface,1535,5,0,5,True,False,True,0.0,0.0
full_coverage_complete,hyalinepaperfrontface,1536,5,0,5,True,False,True,0.0,0.0
full_coverage_complete,hyalinepaperfrontface,1537,5,0,5,True,False,True,0.0,0.0
full_coverage_complete,hyalinepaperfrontface,1538,5,0,5,True,False,True,0.0,0.0
full_coverage_complete,hyalinepaperfrontface,1539,5,0,5,True,False,True,0.0,0.0
full_coverage_complete,hyalinepaperfrontface,1540,5,0,5,True,False,True,0.0,0.0
full_coverage_complete,hyalinepaperfrontface,1541,5,0,5,True,False,True,0.0,0.0
full_coverage_complete,hyalinepaperfrontface,1542,5,0,5,True,False,True,0.0,0.0
full_coverage_complete,hyalinepaperfrontface,1543,5,0,5,True,False,True,0.0,0.0
full_coverage_complete,hyalinepaperfrontface,1544,5,0,5,True,False,True,0.0,0.0
full_coverage_complete,hyalinepaperfrontface,1545,5,0,5,True,False,True,0.0,0.0
full_coverage_complete,hyalinepaperfrontface,1546,6,0,6,True,False,True,0.0,0.0
full_coverage_complete,hyalinepaperfrontface,1547,5,0,5,True,False,True,0.0,0.0
full_coverage_complete,hyalinepaperfrontface,1548,0,0,6,True,False,True,0.0,0.0
full_coverage_complete,hyalinepaperfrontface,1549,5,0,5,True,False,True,0.0,0.0
full_coverage_complete,hyalinepaperfrontface,1550,0,0,6,True,False,True,0.0,0.0
full_coverage_complete,hyalinepaperfrontface,1551,5,0,5,True,False,True,0.0,0.0
full_coverage_complete,hyalinepaperfrontface,1552,0,0,5,True,False,True,0.0,0.0
full_coverage_complete,hyalinepaperfrontface,1553,5,0,5,True,False,True,0.0,0.0
full_coverage_complete,hyalinepaperfrontface,1554,5,0,5,True,False,True,0.0,0.0
full_coverage_complete,hyalinepaperfrontface,1555,5,0,5,True,False,True,0.0,0.0
full_coverage_complete,hyalinepaperfrontface,1556,0,1,5,True,False,True,0.0,0.46743070049347274
full_coverage_complete,hyalinepaperfrontface,1557,0,0,5,True,False,True,0.7041356131265982,0.7041356131265982
full_coverage_complete,hyalinepaperfrontface,1561,0,0,1,True,False,True,0.6153271022196553,0.6153271022196553
full_coverage_complete,hyalinepaperfrontface,1562,0,0,1,True,False,True,0.5986865841504171,0.5986865841504171
full_coverage_complete,hyalinepaperfrontface,1563,0,0,2,True,False,True,0.6708918631918981,0.6708918631918981
full_coverage_complete,hyalinepaperfrontface,1564,0,0,1,True,False,True,0.5189940020035662,0.5189940020035662
full_coverage_complete,hyalinepaperfrontface,1565,0,0,1,True,False,True,0.349264886674624,0.349264886674624
full_coverage_complete,hyalinepaperfrontface,1569,0,0,1,True,False,True,0.13494441622680745,0.13494441622680745
full_coverage_complete,hyalinepaperfrontface,1572,0,0,5,True,False,True,0.18618090995758066,0.18618090995758066
full_coverage_complete,hyalinepaperfrontface,1573,5,0,5,True,False,True,0.22159625501569202,0.0
full_coverage_complete,hyalinepaperfrontface,1574,1,0,1,True,False,True,0.0,0.004262973613580677
full_coverage_complete,hyalinepaperfrontface,1575,0,0,4,True,False,True,0.0,0.0
full_coverage_complete,hyalinepaperfrontface,1576,5,0,5,True,False,True,0.002859372702178982,0.009729438999710837
full_coverage_complete,hyalinepaperfrontface,1577,5,0,5,True,False,True,0.0,0.0
full_coverage_complete,hyalinepaperfrontface,1578,5,0,5,True,False,True,0.0,0.0
full_coverage_complete,hyalinepaperfrontface,1579,5,0,5,True,False,True,0.0,0.0
full_coverage_complete,hyalinepaperfrontface,1580,5,0,5,True,False,True,0.0,0.0
full_coverage_complete,hyalinepaperfrontface,1581,5,0,5,True,False,True,0.0,0.0
full_coverage_complete,hyalinepaperfrontface,1582,5,0,5,True,False,True,0.0,0.0
full_coverage_complete,hyalinepaperfrontface,1583,5,0,5,True,False,True,0.0,0.0
full_coverage_complete,hyalinepaperfrontface,1584,5,0,5,True,False,True,0.0,0.0
full_coverage_complete,hyalinepaperfrontface,1585,5,0,5,True,False,True,0.0,0.0
full_coverage_complete,hyalinepaperfrontface,1586,5,0,5,True,False,True,0.0,0.0
full_coverage_complete,hyalinepaperfrontface,1587,5,0,5,True,False,True,0.0,0.0
full_coverage_complete,hyalinepaperfrontface,1588,5,0,5,True,False,True,0.0,0.0
full_coverage_complete,hyalinepaperfrontface,1589,5,0,5,True,False,True,0.0,0.0
full_coverage_complete,hyalinepaperfrontface,1590,5,0,5,True,False,True,0.0,0.0
full_coverage_complete,hyalinepaperfrontface,1591,5,0,5,True,False,True,0.0,0.0
full_coverage_complete,hyalinepaperfrontface,1592,5,0,5,True,False,True,0.0,0.0
full_coverage_complete,hyalinepaperfrontface,1593,5,0,5,True,False,True,0.0,0.0
full_coverage_complete,hyalinepaperfrontface,1594,5,0,5,True,False,True,0.0,0.0
full_coverage_complete,hyalinepaperfrontface,1595,5,0,5,True,False,True,0.0,0.0
full_coverage_complete,hyalinepaperfrontface,1596,5,0,5,True,False,True,0.0,0.0
full_coverage_complete,hyalinepaperfrontface,1597,5,0,5,True,False,True,0.0,0.0
full_coverage_complete,hyalinepaperfrontface,1598,5,0,5,True,False,True,0.0,0.0
full_coverage_complete,hyalinepaperfrontface,1599,5,0,5,True,False,True,0.0,0.0
full_coverage_complete,hyalinepaperfrontface,1600,5,0,5,True,False,True,0.0,0.0
full_coverage_complete,hyalinepaperfrontface,1601,5,0,5,True,False,True,0.0,0.0
full_coverage_complete,hyalinepaperfrontface,1602,5,0,5,True,False,True,0.0,0.0
full_coverage_complete,hyalinepaperfrontface,1603,5,0,5,True,False,True,0.0,0.0
full_coverage_complete,hyalinepaperfrontface,1604,5,0,5,True,False,True,0.0,0.0
full_coverage_complete,hyalinepaperfrontface,1606,5,0,5,True,False,True,0.0,0.0
full_coverage_complete,hyalinepaperfrontface,1607,5,0,5,True,False,True,0.0,0.0
full_coverage_complete,hyalinepaperfrontface,1608,5,0,5,True,False,True,0.0,0.0
full_coverage_complete,hyalinepaperfrontface,1609,5,0,5,True,False,True,0.0,0.0
full_coverage_complete,hyalinepaperfrontface,1610,5,0,5,True,False,True,0.0,0.0
full_coverage_complete,hyalinepaperfrontface,1611,5,0,5,True,False,True,0.0,0.0
full_coverage_complete,hyalinepaperfrontface,1612,5,0,5,True,False,True,0.0,0.0
full_coverage_complete,hyalinepaperfrontface,1613,5,0,5,True,False,True,0.0,0.0
full_coverage_complete,hyalinepaperfrontface,1614,5,0,5,True,False,True,0.0,0.0
full_coverage_complete,hyalinepaperfrontface,1615,5,0,5,True,False,True,0.0,0.0
full_coverage_complete,hyalinepaperfrontface,1616,5,0,5,True,False,True,0.0,0.0
full_coverage_complete,hyalinepaperfrontface,1617,6,0,6,True,False,True,0.0,0.0
full_coverage_complete,hyalinepaperfrontface,1618,6,0,6,True,False,True,0.0,0.0
full_coverage_complete,hyalinepaperfrontface,1619,6,0,6,True,False,True,0.0,0.0
full_coverage_complete,hyalinepaperfrontface,1620,5,0,5,True,False,True,0.0,0.0
full_coverage_complete,hyalinepaperfrontface,1621,5,0,5,True,False,True,0.0,0.0
full_coverage_complete,hyalinepaperfrontface,1622,5,0,5,True,False,True,0.0,0.0
full_coverage_complete,hyalinepaperfrontface,1623,5,0,5,True,False,True,0.0,0.0
full_coverage_complete,hyalinepaperfrontface,1624,5,0,5,True,False,True,0.0,0.0
full_coverage_complete,hyalinepaperfrontface,1625,5,0,5,True,False,True,0.0,0.0
full_coverage_complete,hyalinepaperfrontface,1626,5,0,5,True,False,True,0.0,0.0
full_coverage_complete,hyalinepaperfrontface,1627,5,0,5,True,False,True,0.0,0.0
full_coverage_complete,hyalinepaperfrontface,1628,5,0,5,True,False,True,0.0,0.0
full_coverage_complete,hyalinepaperfrontface,1629,5,0,5,True,False,True,0.0,0.0
full_coverage_complete,hyalinepaperfrontface,1630,5,0,5,True,False,True,0.0,0.0
full_coverage_complete,hyalinepaperfrontface,1631,5,0,5,True,False,True,0.0,0.0
full_coverage_complete,hyalinepaperfrontface,1632,5,0,5,True,False,True,0.0,0.0
full_coverage_complete,hyalinepaperfrontface,1633,5,0,5,True,False,True,0.0,0.0
full_coverage_complete,hyalinepaperfrontface,1634,5,0,5,True,False,True,0.0,0.0
full_coverage_complete,hyalinepaperfrontface,1635,5,0,5,True,False,True,0.0,0.0
full_coverage_complete,hyalinepaperfrontface,1636,5,0,5,True,False,True,0.0,0.0
full_coverage_complete,hyalinepaperfrontface,1637,5,0,5,True,False,True,0.0,0.0
full_coverage_complete,hyalinepaperfrontface,1638,5,0,5,True,False,True,0.0,0.0
full_coverage_complete,hyalinepaperfrontface,1639,5,0,5,True,False,True,0.0,0.0
full_coverage_complete,hyalinepaperfrontface,1640,5,0,5,True,False,True,0.0,0.0
full_coverage_complete,hyalinepaperfrontface,1641,5,0,5,True,False,True,0.0,0.0
full_coverage_complete,hyalinepaperfrontface,1642,5,0,5,True,False,True,0.0,0.0
full_coverage_complete,hyalinepaperfrontface,1643,5,0,5,True,False,True,0.0,0.0
full_coverage_complete,hyalinepaperfrontface,1645,5,0,5,True,False,True,0.0,0.0
full_coverage_complete,hyalinepaperfrontface,1646,5,0,5,True,False,True,0.0,0.0
full_coverage_complete,hyalinepaperfrontface,1647,5,0,5,True,False,True,0.0,0.0
full_coverage_complete,hyalinepaperfrontface,1648,5,0,5,True,False,True,0.0,0.0
full_coverage_complete,hyalinepaperfrontface,1649,5,0,5,True,False,True,0.0,0.0
full_coverage_complete,hyalinepaperfrontface,1650,5,0,5,True,False,True,0.0,0.0
full_coverage_complete,hyalinepaperfrontface,1651,5,0,5,True,False,True,0.0,0.0
full_coverage_complete,hyalinepaperfrontface,1652,5,0,5,True,False,True,0.0,0.0
full_coverage_complete,hyalinepaperfrontface,1653,5,0,5,True,False,True,0.0,0.0
full_coverage_complete,hyalinepaperfrontface,1654,5,0,5,True,False,True,0.0,0.0
full_coverage_complete,hyalinepaperfrontface,1655,5,0,5,True,False,True,0.0,0.0
full_coverage_complete,hyalinepaperfrontface,1656,5,0,5,True,False,True,0.0,0.0
full_coverage_complete,hyalinepaperfrontface,1657,5,0,5,True,False,True,0.0,0.0
full_coverage_complete,hyalinepaperfrontface,1658,5,0,5,True,False,True,0.0,0.0
full_coverage_complete,hyalinepaperfrontface,1659,5,0,5,True,False,True,0.0,0.0
full_coverage_complete,hyalinepaperfrontface,1660,5,0,5,True,False,True,0.0,0.0
full_coverage_complete,hyalinepaperfrontface,1661,5,0,5,True,False,True,0.0,0.0
full_coverage_complete,hyalinepaperfrontface,1662,5,0,5,True,False,True,0.0,0.0
full_coverage_complete,hyalinepaperfrontface,1663,5,0,5,True,False,True,0.0,0.0
full_coverage_complete,hyalinepaperfrontface,1664,5,0,5,True,False,True,0.0,0.0
full_coverage_complete,hyalinepaperfrontface,1665,5,0,5,True,False,True,0.0,0.0
full_coverage_complete,hyalinepaperfrontface,1666,5,0,5,True,False,True,0.0,0.0
full_coverage_complete,hyalinepaperfrontface,1667,5,0,5,True,False,True,0.0,0.0
full_coverage_complete,hyalinepaperfrontface,1668,5,0,5,True,False,True,0.0,0.0
full_coverage_complete,hyalinepaperfrontface,1669,5,0,5,True,False,True,0.0,0.0
full_coverage_complete,hyalinepaperfrontface,1670,5,0,5,True,False,True,0.0,0.0
full_coverage_complete,hyalinepaperfrontface,1671,5,0,5,True,False,True,0.0,0.0
full_coverage_complete,hyalinepaperfrontface,1672,5,0,5,True,False,True,0.0,0.0
full_coverage_complete,hyalinepaperfrontface,1673,5,0,5,True,False,True,0.0,0.0
full_coverage_complete,hyalinepaperfrontface,1674,6,0,6,True,False,True,0.0,0.0
full_coverage_complete,hyalinepaperfrontface,1675,6,0,6,True,False,True,0.0,0.0
full_coverage_complete,hyalinepaperfrontface,1676,5,0,5,True,False,True,0.0,0.0
full_coverage_complete,hyalinepaperfrontface,1677,0,0,5,True,False,True,0.0,0.3953884134179984
full_coverage_complete,hyalinepaperfrontface,1682,0,0,1,True,False,True,0.2560463623765881,0.2560463623765881
full_coverage_complete,hyalinepaperfrontface,1684,0,0,1,True,False,True,0.2496951275442997,0.2496951275442997
full_coverage_complete,hyalinepaperfrontface,1685,1,0,1,True,False,True,0.2431257912869981,0.0
full_coverage_complete,hyalinepaperfrontface,1686,1,0,1,True,False,True,0.0,0.0
full_coverage_complete,hyalinepaperfrontface,1687,0,0,6,True,False,True,0.0,0.33546674614724015
full_coverage_complete,hyalinepaperfrontface,1689,5,1,5,True,False,True,0.1945831892482541,0.0
full_coverage_complete,hyalinepaperfrontface,1690,1,0,1,True,False,True,0.0,0.0
full_coverage_complete,hyalinepaperfrontface,1691,6,0,6,True,False,True,0.0,0.0
full_coverage_complete,hyalinepaperfrontface,1692,6,0,6,True,False,True,0.0,0.0
full_coverage_complete,hyalinepaperfrontface,1693,6,0,6,True,False,True,0.0,0.0
full_coverage_complete,hyalinepaperfrontface,1694,6,0,6,True,False,True,0.0,0.0
full_coverage_complete,hyalinepaperfrontface,1695,6,0,6,True,False,True,0.0,0.0
full_coverage_complete,hyalinepaperfrontface,1696,5,0,5,True,False,True,0.0,0.0
full_coverage_complete,hyalinepaperfrontface,1697,5,0,5,True,False,True,0.0,0.0
full_coverage_complete,hyalinepaperfrontface,1698,5,0,5,True,False,True,0.0,0.0
full_coverage_complete,hyalinepaperfrontface,1699,5,0,5,True,False,True,0.0,0.0
full_coverage_complete,hyalinepaperfrontface,1704,5,0,5,True,False,True,0.0,0.0
full_coverage_complete,hyalinepaperfrontface,1705,1,0,1,True,False,True,0.0,0.0
full_coverage_complete,hyalinepaperfrontface,1706,1,0,1,True,False,True,0.0,0.0
full_coverage_complete,hyalinepaperfrontface,1707,5,0,5,True,False,True,0.0,0.0
full_coverage_complete,hyalinepaperfrontface,1708,5,0,5,True,False,True,0.0,0.0
full_coverage_complete,hyalinepaperfrontface,1709,5,0,5,True,False,True,0.0,0.0
full_coverage_complete,hyalinepaperfrontface,1710,5,0,5,True,False,True,0.0,0.0
full_coverage_complete,hyalinepaperfrontface,1711,5,0,5,True,False,True,0.0,0.0
full_coverage_complete,hyalinepaperfrontface,1712,5,0,5,True,False,True,0.0,0.0
full_coverage_complete,hyalinepaperfrontface,1894,5,0,5,True,False,True,0.0,0.0
full_coverage_complete,hyalinepaperfrontface,1895,5,0,5,True,False,True,0.0,0.009266498118637155
full_coverage_complete,hyalinepaperfrontface,1898,5,0,5,True,False,True,0.0,0.0
full_coverage_complete,hyalinepaperfrontface,1906,5,0,5,True,False,True,0.0,0.0
full_coverage_complete,hyalinepaperfrontface,2034,1,0,1,True,False,True,0.0,0.0
full_coverage_complete,hyalinepaperfrontface,2042,1,0,1,True,False,True,0.0,0.0
full_coverage_complete,hyalinepaperfrontface,2049,1,0,1,True,False,True,0.0,0.0
full_coverage_complete,hyalinepaperfrontface,2054,0,0,4,True,False,True,0.0,0.0
full_coverage_complete,hyalinepaperfrontface,2061,0,0,4,True,False,True,0.0,0.0
full_coverage_complete,hyalinepaperfrontface,2063,5,0,5,True,False,True,0.0,0.0
full_coverage_complete,hyalinepaperfrontface,2064,1,0,1,True,False,True,0.0,0.0
full_coverage_complete,hyalinepaperfrontface,2086,5,0,5,True,False,True,0.0,0.0
full_coverage_complete,hyalinepaperfrontface,2087,1,0,1,True,False,True,0.0,0.0
full_coverage_complete,hyalinepaperfrontface,2088,1,0,1,True,False,True,0.0,0.0
full_coverage_complete,hyalinepaperfrontface,2089,5,0,5,True,False,True,0.0,0.0
full_coverage_complete,hyalinepaperfrontface,2091,5,0,5,True,False,True,0.0,0.0
full_coverage_complete,hyalinepaperfrontface,2092,5,0,5,True,False,True,0.0,0.0
full_coverage_complete,hyalinepaperfrontface,2093,5,0,5,True,False,True,0.0,0.0
full_coverage_complete,hyalinepaperfrontface,2095,1,0,1,True,False,True,0.0,0.0
full_coverage_complete,hyalinepaperfrontface,2096,5,0,5,True,False,True,0.0,0.0
full_coverage_complete,hyalinepaperfrontface,2097,1,0,1,True,False,True,0.0,0.0
full_coverage_complete,hyalinepaperfrontface,2100,5,0,5,True,False,True,0.0,0.0
full_coverage_complete,hyalinepaperfrontface,2106,5,0,5,True,False,True,0.0,0.0
full_coverage_complete,hyalinepaperfrontface,2107,5,0,5,True,False,True,0.0,0.0
full_coverage_complete,hyalinepaperfrontface,2108,5,0,5,True,False,True,0.0,0.0
full_coverage_complete,hyalinepaperfrontface,2109,5,0,5,True,False,True,0.0,0.0
full_coverage_complete,hyalinepaperfrontface,2110,0,0,6,True,False,True,0.0,0.0
full_coverage_complete,hyalinepaperfrontface,2112,0,0,6,True,False,True,0.0,0.0
full_coverage_complete,hyalinepaperfrontface,2113,6,0,6,True,False,True,0.0,0.0
full_coverage_complete,hyalinepaperfrontface,2114,5,0,5,True,False,True,0.0,0.0
full_coverage_complete,hyalinepaperfrontface,2115,0,0,6,True,False,True,0.0,0.0
full_coverage_complete,hyalinepaperfrontface,2116,0,0,6,True,False,True,0.0,0.0
full_coverage_complete,hyalinepaperfrontface,2117,0,0,6,True,False,True,0.0,0.0
full_coverage_complete,hyalinepaperfrontface,2118,6,0,6,True,False,True,0.0,0.0
full_coverage_complete,hyalinepaperfrontface,2119,6,0,6,True,False,True,0.0,0.0
full_coverage_complete,hyalinepaperfrontface,2120,0,0,5,True,False,True,0.0,0.0
full_coverage_complete,hyalinepaperfrontface,2121,0,0,6,True,False,True,0.0,0.0
full_coverage_complete,hyalinepaperfrontface,2122,6,3,6,True,False,True,0.0,0.0
full_coverage_complete,hyalinepaperfrontface,2123,5,0,5,True,False,True,0.0,0.0
full_coverage_complete,hyalinepaperfrontface,2124,0,0,5,True,False,True,0.0,0.0
full_coverage_complete,hyalinepaperfrontface,2125,5,4,5,True,False,True,0.0,0.0
full_coverage_complete,hyalinepaperfrontface,2126,0,1,5,True,False,True,0.0,0.28710222846815386
full_coverage_complete,hyalinepaperfrontface,2127,0,0,5,True,False,True,0.606748859718374,0.606748859718374
full_coverage_complete,hyalinepaperfrontface,2128,0,0,5,True,False,True,0.721017787219931,0.721017787219931
full_coverage_complete,hyalinepaperfrontface,2129,0,0,5,True,False,True,0.7308477393201293,0.7308477393201293
full_coverage_complete,hyalinepaperfrontface,2130,0,0,5,True,False,True,0.8533725199686163,0.8533725199686163
full_coverage_complete,hyalinepaperfrontface,2131,0,0,5,True,False,True,0.8012559906881218,0.8012559906881218
full_coverage_complete,hyalinepaperfrontface,2132,0,0,5,True,False,True,0.5650384711489977,0.5650384711489977
full_coverage_complete,hyalinepaperfrontface,2133,0,0,5,True,False,True,0.43075113803462933,0.43075113803462933
full_coverage_complete,hyalinepaperfrontface,2134,0,0,5,True,False,True,0.3536625968507337,0.3536625968507337
full_coverage_complete,hyalinepaperfrontface,2135,0,0,1,True,False,True,0.037519994280192814,0.037519994280192814
full_coverage_complete,hyalinepaperfrontface,2139,0,0,1,True,False,True,0.0,0.0
full_coverage_complete,hyalinepaperfrontface,2143,0,0,5,True,False,True,0.0,0.0
full_coverage_complete,hyalinepaperfrontface,2144,0,0,5,True,False,True,0.0,0.0
full_coverage_complete,hyalinepaperfrontface,2145,0,0,1,True,False,True,0.0,0.0
full_coverage_complete,hyalinepaperfrontface,2146,1,3,1,True,False,True,0.23672669626127182,0.0
full_coverage_complete,hyalinepaperfrontface,2147,6,0,6,True,False,True,0.0,0.0
full_coverage_complete,hyalinepaperfrontface,2148,1,2,1,True,False,True,0.0,0.004025768661078037
full_coverage_complete,hyalinepaperfrontface,2149,0,0,5,True,False,True,0.39409489934407677,0.39409489934407677
full_coverage_complete,hyalinepaperfrontface,2150,0,0,5,True,False,True,0.5498927963400949,0.16230393222383932
full_coverage_complete,hyalinepaperfrontface,2151,0,0,1,True,False,True,0.2113932447934427,0.2113932447934427
full_coverage_complete,hyalinepaperfrontface,2152,5,1,5,True,False,True,0.3077677609923343,0.0
full_coverage_complete,hyalinepaperfrontface,2153,6,2,6,True,False,True,0.0,0.0
full_coverage_complete,hyalinepaperfrontface,2154,0,1,6,True,False,True,0.0,0.0
full_coverage_complete,hyalinepaperfrontface,2155,0,0,5,True,False,True,0.0,0.0
full_coverage_complete,hyalinepaperfrontface,2156,5,3,5,True,False,True,0.0,0.10658141493940936
full_coverage_complete,hyalinepaperfrontface,2157,0,0,5,True,False,True,0.41974030791402184,0.41974030791402184
full_coverage_complete,hyalinepaperfrontface,2158,0,0,5,True,False,True,0.4430601261771349,0.4430601261771349
full_coverage_complete,hyalinepaperfrontface,2159,0,0,5,True,False,True,0.5975556278737031,0.5975556278737031
full_coverage_complete,hyalinepaperfrontface,2160,0,0,5,True,False,True,0.7175041523587359,0.7175041523587359
full_coverage_complete,hyalinepaperfrontface,2163,0,0,5,True,False,True,0.590206130472919,0.590206130472919
full_coverage_complete,hyalinepaperfrontface,2164,0,0,6,True,False,True,0.8051395864471803,0.8051395864471803
full_coverage_complete,hyalinepaperfrontface,2166,0,0,1,True,False,True,0.38082965265044927,0.38082965265044927
full_coverage_complete,hyalinepaperfrontface,2169,0,0,5,True,False,True,0.7024772476074493,0.7024772476074493
full_coverage_complete,hyalinepaperfrontface,2170,0,0,5,True,False,True,0.7560578586994006,0.7560578586994006
full_coverage_complete,hyalinepaperfrontface,2181,0,0,5,True,False,True,0.4581313905716338,0.4581313905716338
full_coverage_complete,hyalinepaperfrontface,2182,1,4,1,True,False,True,0.4851855355612399,0.2838969057874453
full_coverage_complete,hyalinepaperfrontface,2183,0,0,5,True,False,True,0.1967561539468981,0.1967561539468981
full_coverage_complete,hyalinepaperfrontface,2187,0,0,5,True,False,True,0.2882061291064948,0.2882061291064948
full_coverage_complete,hyalinepaperfrontface,2188,0,1,5,True,False,True,0.4318595876450789,0.0
full_coverage_complete,hyalinepaperfrontface,2189,6,1,6,True,False,True,0.0,0.0
full_coverage_complete,hyalinepaperfrontface,2190,6,1,6,True,False,True,0.0,0.0
full_coverage_complete,hyalinepaperfrontface,2191,0,1,6,True,False,True,0.0,0.0
full_coverage_complete,hyalinepaperfrontface,2192,0,0,5,True,False,True,0.0,0.0
full_coverage_complete,hyalinepaperfrontface,2193,0,1,5,True,False,True,0.0,0.09446308743021499
full_coverage_complete,hyalinepaperfrontface,2194,0,0,5,True,False,True,0.23628377197173786,0.23628377197173786
full_coverage_complete,hyalinepaperfrontface,2195,0,0,5,True,False,True,0.3889581147582769,0.3889581147582769
full_coverage_complete,hyalinepaperfrontface,2196,0,0,5,True,False,True,0.5485536746348281,0.5485536746348281
full_coverage_complete,hyalinepaperfrontface,2197,0,0,5,True,False,True,0.730123988047388,0.730123988047388
full_coverage_complete,hyalinepaperfrontface,2201,0,0,5,True,False,True,0.5272847036353352,0.5272847036353352
full_coverage_complete,hyalinepaperfrontface,2202,0,0,5,True,False,True,0.45797450366507075,0.45797450366507075
full_coverage_complete,hyalinepaperfrontface,2203,0,0,5,True,False,True,0.4053576891910956,0.4053576891910956
full_coverage_complete,hyalinepaperfrontface,2204,0,0,5,True,False,True,0.5083458271844787,0.5083458271844787
full_coverage_complete,hyalinepaperfrontface,2205,0,0,1,True,False,True,0.3536280725216882,0.3536280725216882
full_coverage_complete,hyalinepaperfrontface,2206,0,0,5,True,False,True,0.40216195248428105,0.40216195248428105
full_coverage_complete,hyalinepaperfrontface,2207,0,0,1,True,False,True,0.36737954420059404,0.36737954420059404
full_coverage_complete,hyalinepaperfrontface,2208,0,0,5,True,False,True,0.4162114486591548,0.4162114486591548
full_coverage_complete,hyalinepaperfrontface,2209,5,1,5,True,False,True,0.26021080329052376,0.0
full_coverage_complete,hyalinepaperfrontface,2210,6,1,6,True,False,True,0.0,0.0
full_coverage_complete,hyalinepaperfrontface,2211,6,0,6,True,False,True,0.0,0.0
full_coverage_complete,hyalinepaperfrontface,2212,0,0,6,True,False,True,0.0,0.0
full_coverage_complete,hyalinepaperfrontface,2213,0,0,6,True,False,True,0.0,0.0
full_coverage_complete,hyalinepaperfrontface,2214,0,0,6,True,False,True,0.0,0.0
full_coverage_complete,hyalinepaperfrontface,2215,0,0,5,True,False,True,0.0,0.0
full_coverage_complete,hyalinepaperfrontface,2216,0,0,6,True,False,True,0.0,0.0
full_coverage_complete,hyalinepaperfrontface,2217,5,0,5,True,False,True,0.0,0.0
full_coverage_complete,hyalinepaperfrontface,2218,6,0,6,True,False,True,0.0,0.0
full_coverage_complete,hyalinepaperfrontface,2219,0,0,6,True,False,True,0.0,0.0
full_coverage_complete,hyalinepaperfrontface,2220,5,0,5,True,False,True,0.0,0.0
full_coverage_complete,hyalinepaperfrontface,2221,0,0,5,True,False,True,0.0,0.0
full_coverage_complete,hyalinepaperfrontface,2227,5,0,5,True,False,True,0.0,0.0
full_coverage_complete,hyalinepaperfrontface,2230,6,0,6,True,False,True,0.0,0.0
full_coverage_complete,hyalinepaperfrontface,2231,6,0,6,True,False,True,0.0,0.0
full_coverage_complete,hyalinepaperfrontface,2232,5,0,5,True,False,True,0.0,0.0
full_coverage_complete,hyalinepaperfrontface,2233,5,0,5,True,False,True,0.0,0.0
full_coverage_complete,hyalinepaperfrontface,2234,5,0,5,True,False,True,0.0,0.0
full_coverage_complete,hyalinepaperfrontface,2235,5,0,5,True,False,True,0.0,0.0
full_coverage_complete,hyalinepaperfrontface,2249,5,0,5,True,False,True,0.0,0.0
full_coverage_complete,hyalinepaperfrontface,2250,6,0,6,True,False,True,0.0,0.0
full_coverage_complete,hyalinepaperfrontface,2251,5,0,5,True,False,True,0.0,0.0
full_coverage_complete,hyalinepaperfrontface,2252,6,0,6,True,False,True,0.0,0.0
full_coverage_complete,hyalinepaperfrontface,2253,6,0,6,True,False,True,0.0,0.0
full_coverage_complete,hyalinepaperfrontface,2254,6,0,6,True,False,True,0.0,0.0
full_coverage_complete,hyalinepaperfrontface,2255,0,0,5,True,False,True,0.0,0.0
full_coverage_complete,hyalinepaperfrontface,2258,0,0,5,True,False,True,0.0,0.0
full_coverage_complete,hyalinepaperfrontface,2259,5,0,5,True,False,True,0.0,0.0
full_coverage_complete,hyalinepaperfrontface,2260,0,0,5,True,False,True,0.0,0.0
full_coverage_complete,hyalinepaperfrontface,2261,5,0,5,True,False,True,0.0,0.0
full_coverage_complete,hyalinepaperfrontface,2262,5,0,5,True,False,True,0.0,0.0
full_coverage_complete,hyalinepaperfrontface,2263,0,0,5,True,False,True,0.0,0.0
full_coverage_complete,hyalinepaperfrontface,2264,5,0,5,True,False,True,0.0,0.0
full_coverage_complete,hyalinepaperfrontface,2265,5,0,5,True,False,True,0.0,0.0
full_coverage_complete,hyalinepaperfrontface,2266,6,0,6,True,False,True,0.0,0.0
full_coverage_complete,hyalinepaperfrontface,2267,5,0,5,True,False,True,0.0,0.0
full_coverage_complete,hyalinepaperfrontface,2268,6,0,6,True,False,True,0.0,0.0
full_coverage_complete,hyalinepaperfrontface,2269,6,2,6,True,False,True,0.0,0.0
full_coverage_complete,hyalinepaperfrontface,2270,0,2,5,True,False,True,0.1406306137165229,0.19590226313686757
full_coverage_complete,hyalinepaperfrontface,2271,5,0,5,True,False,True,0.17918526905084226,0.22864488960672713
full_coverage_complete,hyalinepaperfrontface,2272,0,0,5,True,False,True,0.296857158776463,0.296857158776463
full_coverage_complete,hyalinepaperfrontface,2273,0,0,5,True,False,True,0.1980892212414015,0.1980892212414015
full_coverage_complete,hyalinepaperfrontface,2274,0,0,1,True,False,True,0.14489803496169662,0.14489803496169662
full_coverage_complete,hyalinepaperfrontface,2275,0,1,4,True,False,True,0.10977837946341883,0.0
full_coverage_complete,hyalinepaperfrontface,2276,0,1,4,True,False,True,0.0,0.0
full_coverage_complete,hyalinepaperfrontface,2284,0,0,5,True,False,True,0.02795068869460716,0.02795068869460716
full_coverage_complete,hyalinepaperfrontface,2287,0,0,5,True,False,True,0.05157677562174065,0.05157677562174065
full_coverage_complete,hyalinepaperfrontface,2292,0,0,5,True,False,True,0.2218568815340082,0.2218568815340082
full_coverage_complete,hyalinepaperfrontface,2293,0,1,5,True,False,True,0.3644068059872906,0.0
full_coverage_complete,hyalinepaperfrontface,2294,1,0,1,True,False,True,0.0,0.0
full_coverage_complete,hyalinepaperfrontface,2295,0,0,6,True,False,True,0.0,0.0
full_coverage_complete,hyalinepaperfrontface,2296,0,0,6,True,False,True,0.0,0.0
full_coverage_complete,hyalinepaperfrontface,2297,0,0,6,True,False,True,0.0,0.0
full_coverage_complete,hyalinepaperfrontface,2298,6,0,6,True,False,True,0.0,0.0
full_coverage_complete,hyalinepaperfrontface,2299,0,2,6,True,False,True,0.0,0.1227158377095687
full_coverage_complete,hyalinepaperfrontface,2300,0,0,5,True,False,True,0.19255865683330675,0.19255865683330675
full_coverage_complete,hyalinepaperfrontface,2301,5,0,5,True,False,True,0.2660927988212758,0.11539637969683864
full_coverage_complete,hyalinepaperfrontface,2302,0,0,5,True,False,True,0.12303957273090071,0.12303957273090071
full_coverage_complete,hyalinepaperfrontface,2303,0,0,5,True,False,True,0.12313822452718293,0.12313822452718293
full_coverage_complete,hyalinepaperfrontface,2304,0,0,5,True,False,True,0.10366873850165698,0.10366873850165698
full_coverage_complete,hyalinepaperfrontface,2305,0,0,4,True,False,True,0.09121617920374751,0.09121617920374751
full_coverage_complete,hyalinepaperfrontface,2306,0,0,1,True,False,True,0.0745885559836778,0.0745885559836778
full_coverage_complete,hyalinepaperfrontface,2309,0,0,1,True,False,True,0.0735295705627806,0.0735295705627806
full_coverage_complete,hyalinepaperfrontface,2310,0,0,1,True,False,True,0.09347195154886456,0.09347195154886456
full_coverage_complete,hyalinepaperfrontface,2312,0,0,1,True,False,True,0.22439938867326276,0.22439938867326276
full_coverage_complete,hyalinepaperfrontface,2313,0,0,1,True,False,True,0.268709409537798,0.268709409537798
full_coverage_complete,hyalinepaperfrontface,2314,0,0,5,True,False,True,0.3328728023266483,0.3328728023266483
full_coverage_complete,hyalinepaperfrontface,2315,0,1,5,True,False,True,0.47028154008362894,0.27752395265224994
full_coverage_complete,hyalinepaperfrontface,2316,0,0,6,True,False,True,0.4849879065812669,0.4849879065812669
full_coverage_complete,hyalinepaperfrontface,2317,0,0,5,True,False,True,0.4963384521425945,0.4963384521425945
full_coverage_complete,hyalinepaperfrontface,2318,0,0,5,True,False,True,0.5028051029456866,0.5028051029456866
full_coverage_complete,hyalinepaperfrontface,2319,0,0,5,True,False,True,0.6156859251734844,0.6156859251734844
full_coverage_complete,hyalinepaperfrontface,2320,0,0,5,True,False,True,0.8004564312586183,0.8004564312586183
full_coverage_complete,hyalinepaperfrontface,2321,0,0,5,True,False,True,0.7959314444553249,0.7959314444553249
full_coverage_complete,hyalinepaperfrontface,2335,5,0,5,True,False,True,0.4517095150199703,0.5038353190907489
full_coverage_complete,hyalinepaperfrontface,2336,0,0,5,True,False,True,0.48922171589896385,0.48922171589896385
full_coverage_complete,hyalinepaperfrontface,2337,0,0,5,True,False,True,0.5510221874479415,0.5510221874479415
full_coverage_complete,hyalinepaperfrontface,2338,0,0,5,True,False,True,0.5039485686874263,0.5039485686874263
full_coverage_complete,hyalinepaperfrontface,2339,5,0,5,True,False,True,0.5967307262326207,0.5597116157309541
full_coverage_complete,hyalinepaperfrontface,2341,0,0,4,True,False,True,0.23189368332153026,0.23189368332153026
full_coverage_complete,hyalinepaperfrontface,2342,5,0,5,True,False,True,0.41122874495410816,0.540833024860983
full_coverage_complete,hyalinepaperfrontface,2343,0,0,5,True,False,True,0.47937084991003587,0.47937084991003587
full_coverage_complete,hyalinepaperfrontface,2351,0,0,6,True,False,True,0.8096797591773882,0.8096797591773882
full_coverage_complete,hyalinepaperfrontface,2352,0,0,6,True,False,True,0.8684481830341422,0.8684481830341422
full_coverage_complete,hyalinepaperfrontface,2360,0,0,6,True,False,True,0.6928304835430553,0.6928304835430553
full_coverage_complete,hyalinepaperfrontface,2361,0,0,6,True,False,True,0.8615110100251108,0.8615110100251108
full_coverage_complete,hyalinepaperfrontface,2362,0,0,6,True,False,True,0.8391875990566052,0.8391875990566052
full_coverage_complete,hyalinepaperfrontface,2363,0,0,6,True,False,True,0.7493717273669938,0.7493717273669938
full_coverage_complete,hyalinepaperfrontface,2365,0,0,6,True,False,True,0.6773617334067993,0.6773617334067993
full_coverage_complete,hyalinepaperfrontface,2366,0,1,5,True,False,True,0.5803990288651862,0.2594567389902174
full_coverage_complete,hyalinepaperfrontface,2367,6,0,6,True,False,True,0.6296406585496498,0.26659021261091675
full_coverage_complete,hyalinepaperfrontface,2368,0,0,5,True,False,True,0.7182339820622782,0.7182339820622782
full_coverage_complete,hyalinepaperfrontface,2369,0,0,5,True,False,True,0.6775569798721036,0.6775569798721036
full_coverage_complete,hyalinepaperfrontface,2370,0,0,5,True,False,True,0.19990048670838997,0.19990048670838997
full_coverage_complete,hyalinepaperfrontface,2371,0,0,6,True,False,True,0.6644453571733446,0.6644453571733446
full_coverage_complete,hyalinepaperfrontface,2372,0,0,5,True,False,True,0.6962425378112754,0.6962425378112754
full_coverage_complete,hyalinepaperfrontface,2377,5,0,5,True,False,True,0.7592957145601161,0.733415378245816
full_coverage_complete,hyalinepaperfrontface,2378,6,0,6,True,False,True,0.8417957910377898,0.8989474191317621
full_coverage_complete,hyalinepaperfrontface,2380,0,0,6,True,False,True,0.9056253502166239,0.9056253502166239
full_coverage_complete,hyalinepaperfrontface,2391,6,0,6,True,False,True,0.7695557394146174,0.8387597655302915
full_coverage_complete,hyalinepaperfrontface,2392,0,0,6,True,False,True,0.8331485478309366,0.8331485478309366
full_coverage_complete,hyalinepaperfrontface,2394,0,0,6,True,False,True,0.5660078412633782,0.5660078412633782
full_coverage_complete,hyalinepaperfrontface,2395,0,0,6,True,False,True,0.7880513777860019,0.7880513777860019
full_coverage_complete,hyalinepaperfrontface,2396,0,0,6,True,False,True,0.7475065939199959,0.7475065939199959
full_coverage_complete,hyalinepaperfrontface,2397,0,0,5,True,False,True,0.8008618419101419,0.8008618419101419
full_coverage_complete,hyalinepaperfrontface,2398,0,0,6,True,False,True,0.6318739656424921,0.6318739656424921
full_coverage_complete,hyalinepaperfrontface,2399,0,0,6,True,False,True,0.8734734769196427,0.8734734769196427
full_coverage_complete,hyalinepaperfrontface,2400,0,0,6,True,False,True,0.8358154261982592,0.8358154261982592
full_coverage_complete,hyalinepaperfrontface,2401,0,0,6,True,False,True,0.8527668567290344,0.8527668567290344
full_coverage_complete,hyalinepaperfrontface,2402,0,0,6,True,False,True,0.8585776870751459,0.8585776870751459
full_coverage_complete,hyalinepaperfrontface,2403,0,0,6,True,False,True,0.9005848313589853,0.9005848313589853
full_coverage_complete,hyalinepaperfrontface,2404,0,0,6,True,False,True,0.811538991313314,0.811538991313314
full_coverage_complete,hyalinepaperfrontface,2405,0,0,6,True,False,True,0.7690153544275129,0.7690153544275129
full_coverage_complete,hyalinepaperfrontface,2407,0,0,6,True,False,True,0.7682950073425399,0.7682950073425399
full_coverage_complete,hyalinepaperfrontface,2408,0,0,6,True,False,True,0.76633218094757,0.76633218094757
full_coverage_complete,hyalinepaperfrontface,2409,0,0,6,True,False,True,0.7034455911497148,0.7034455911497148
full_coverage_complete,hyalinepaperfrontface,2410,0,0,6,True,False,True,0.7174481086859528,0.7174481086859528
full_coverage_complete,hyalinepaperfrontface,2411,0,0,6,True,False,True,0.6354356203156099,0.6354356203156099
full_coverage_complete,hyalinepaperfrontface,2412,0,0,6,True,False,True,0.6288548789719295,0.6288548789719295
full_coverage_complete,hyalinepaperfrontface,2414,0,0,6,True,False,True,0.7545659997902094,0.7545659997902094
full_coverage_complete,hyalinepaperfrontface,2416,0,0,6,True,False,True,0.7850078063093541,0.7850078063093541
full_coverage_complete,hyalinepaperfrontface,2417,0,0,6,True,False,True,0.48447931515409176,0.48447931515409176
full_coverage_complete,hyalinepaperfrontface,2418,0,0,6,True,False,True,0.6116497807107234,0.6116497807107234
full_coverage_complete,hyalinepaperfrontface,2419,0,0,5,True,False,True,0.20860753877826835,0.20860753877826835
full_coverage_complete,hyalinepaperfrontface,2420,0,0,6,True,False,True,0.1866887557941694,0.1866887557941694
full_coverage_complete,hyalinepaperfrontface,2458,0,0,6,True,False,True,0.817748237689583,0.817748237689583
full_coverage_complete,hyalinepaperfrontface,2462,0,0,6,True,False,True,0.9192327532517656,0.9192327532517656
full_coverage_complete,hyalinepaperfrontface,2463,0,0,6,True,False,True,0.9066392589834529,0.9066392589834529
full_coverage_complete,hyalinepaperfrontface,2465,0,0,6,True,False,True,0.8235417036163675,0.8235417036163675
full_coverage_complete,hyalinepaperfrontface,2466,0,0,6,True,False,True,0.7946413574761663,0.7946413574761663
full_coverage_complete,hyalinepaperfrontface,2467,0,0,6,True,False,True,0.9232522184140054,0.9232522184140054
full_coverage_complete,hyalinepaperfrontface,2468,0,0,6,True,False,True,0.6370114949632611,0.6370114949632611
full_coverage_complete,hyalinepaperfrontface,2469,0,0,6,True,False,True,0.7187297466157591,0.7187297466157591
full_coverage_complete,hyalinepaperfrontface,2472,0,0,5,True,False,True,0.6183989157773662,0.6183989157773662
full_coverage_complete,hyalinepaperfrontface,2473,0,0,6,True,False,True,0.6331631629545932,0.6331631629545932
full_coverage_complete,hyalinepaperfrontface,2474,0,0,5,True,False,True,0.6520015371066652,0.6520015371066652
full_coverage_complete,hyalinepaperfrontface,2475,0,0,6,True,False,True,0.6792222505180948,0.6792222505180948
full_coverage_complete,hyalinepaperfrontface,2477,0,0,6,True,False,True,0.6259748906788523,0.6259748906788523
full_coverage_complete,hyalinepaperfrontface,2532,0,0,5,True,False,True,0.8931766168552829,0.8931766168552829
full_coverage_complete,hyalinepaperfrontface,2549,0,0,5,True,False,True,0.6266050216263657,0.6266050216263657
full_coverage_complete,hyalinepaperfrontface,2551,0,0,1,True,False,True,0.7090524965824382,0.7090524965824382
full_coverage_complete,hyalinepaperfrontface,2588,0,0,5,True,False,True,0.8238997402740413,0.8238997402740413
full_coverage_complete,hyalinepaperfrontface,2590,0,0,1,True,False,True,0.7121349693542304,0.7121349693542304
full_coverage_complete,hyalinepaperfrontface,2591,0,0,6,True,False,True,0.9052980963186794,0.9052980963186794
full_coverage_complete,hyalinepaperfrontface,2592,0,0,6,True,False,True,0.833029209200166,0.833029209200166
full_coverage_complete,hyalinepaperfrontface,2618,0,0,5,True,False,True,0.6997907667626804,0.6997907667626804
full_coverage_complete,hyalinepaperfrontface,2620,0,0,5,True,False,True,0.6711087367050605,0.6711087367050605
full_coverage_complete,hyalinepaperfrontface,2629,0,0,5,True,False,True,0.7398812531268177,0.7398812531268177
full_coverage_complete,hyalinepaperfrontface,2630,0,0,1,True,False,True,0.7748529070505555,0.7748529070505555
full_coverage_complete,hyalinepaperfrontface,2633,0,0,1,True,False,True,0.7274978623342699,0.7274978623342699
full_coverage_complete,hyalinepaperfrontface,2649,0,0,5,True,False,True,0.604406446264593,0.604406446264593
full_coverage_complete,hyalinepaperfrontface,2650,0,0,1,True,False,True,0.48831527278112213,0.48831527278112213
full_coverage_complete,hyalinepaperfrontface,2651,0,0,5,True,False,True,0.5425755740860074,0.5425755740860074
full_coverage_complete,hyalinepaperfrontface,2653,0,0,5,True,False,True,0.6400218778449579,0.6400218778449579
full_coverage_complete,hyalinepaperfrontface,2654,0,0,5,True,False,True,0.6090678246228975,0.6090678246228975
full_coverage_complete,hyalinepaperfrontface,2655,0,0,1,True,False,True,0.672229778460723,0.672229778460723
full_coverage_complete,hyalinepaperfrontface,2656,0,0,5,True,False,True,0.7015362218592703,0.7015362218592703
full_coverage_complete,hyalinepaperfrontface,2657,0,0,5,True,False,True,0.7277074812771508,0.7277074812771508
full_coverage_complete,hyalinepaperfrontface,2658,0,0,5,True,False,True,0.7931086707009094,0.7931086707009094
full_coverage_complete,hyalinepaperfrontface,2659,0,0,5,True,False,True,0.8100650782298882,0.8100650782298882
full_coverage_complete,hyalinepaperfrontface,2660,0,0,5,True,False,True,0.86920549494433,0.86920549494433
full_coverage_complete,hyalinepaperfrontface,2661,0,0,1,True,False,True,0.7140736972953513,0.7140736972953513
full_coverage_complete,hyalinepaperfrontface,2662,0,0,1,True,False,True,0.7616878696575566,0.7616878696575566
full_coverage_complete,hyalinepaperfrontface,2663,0,0,1,True,False,True,0.6961971469423562,0.6961971469423562
full_coverage_complete,hyalinepaperfrontface,2664,0,0,1,True,False,True,0.7096653331449406,0.7096653331449406
full_coverage_complete,hyalinepaperfrontface,2665,0,0,1,True,False,True,0.7451811039207746,0.7451811039207746
full_coverage_complete,hyalinepaperfrontface,2667,0,0,5,True,False,True,0.6533800311484123,0.6533800311484123
full_coverage_complete,hyalinepaperfrontface,2668,0,0,5,True,False,True,0.7095609139463345,0.7095609139463345
full_coverage_complete,hyalinepaperfrontface,2669,0,0,1,True,False,True,0.6530532525731425,0.6530532525731425
full_coverage_complete,hyalinepaperfrontface,2691,0,0,1,True,False,True,0.705632857919519,0.705632857919519
full_coverage_complete,hyalinepaperfrontface,2692,0,0,1,True,False,True,0.7119523994784397,0.7119523994784397
full_coverage_complete,hyalinepaperfrontface,2706,0,0,1,True,False,True,0.7474172177115239,0.7474172177115239
full_coverage_complete,hyalinepaperfrontface,2730,0,0,1,True,False,True,0.4582651651136004,0.4582651651136004
full_coverage_complete,hyalinepaperfrontface,2731,0,0,1,True,False,True,0.5873891842703612,0.5873891842703612
full_coverage_complete,hyalinepaperfrontface,2733,0,0,1,True,False,True,0.4906032463407245,0.4906032463407245
full_coverage_complete,hyalinepaperfrontface,2735,0,0,1,True,False,True,0.4806679625413076,0.4806679625413076
full_coverage_complete,hyalinepaperfrontface,2737,0,0,1,True,False,True,0.4518318313602583,0.4518318313602583
full_coverage_complete,hyalinepaperfrontface,2738,0,0,5,True,False,True,0.38070515967956514,0.38070515967956514
full_coverage_complete,hyalinepaperfrontface,2741,0,0,5,True,False,True,0.3026670953562536,0.3026670953562536
full_coverage_complete,hyalinepaperfrontface,2742,0,0,5,True,False,True,0.23790964266630282,0.23790964266630282
full_coverage_complete,hyalinepaperfrontface,2743,5,0,5,True,False,True,0.22783042200123094,0.2344833462876012
full_coverage_complete,hyalinepaperfrontface,2744,0,0,5,True,False,True,0.26062791584004946,0.26062791584004946
full_coverage_complete,hyalinepaperfrontface,2746,0,0,6,True,False,True,0.30911771288129014,0.30911771288129014
full_coverage_complete,hyalinepaperfrontface,2747,0,0,5,True,False,True,0.36031044629197106,0.36031044629197106
full_coverage_complete,hyalinepaperfrontface,2748,0,0,6,True,False,True,0.35004920869570755,0.35004920869570755
full_coverage_complete,hyalinepaperfrontface,2749,0,0,1,True,False,True,0.43885323223913697,0.43885323223913697
full_coverage_complete,hyalinepaperfrontface,2750,0,0,5,True,False,True,0.5846068665275361,0.5846068665275361
full_coverage_complete,hyalinepaperfrontface,2751,0,0,1,True,False,True,0.6839945111479137,0.6839945111479137
full_coverage_complete,hyalinepaperfrontface,2754,0,0,5,True,False,True,0.6089701916964898,0.6089701916964898
full_coverage_complete,hyalinepaperfrontface,2755,0,0,1,True,False,True,0.640930985633714,0.640930985633714
full_coverage_complete,hyalinepaperfrontface,2756,0,0,1,True,False,True,0.5540366824762172,0.5540366824762172
full_coverage_complete,hyalinepaperfrontface,2757,0,0,5,True,False,True,0.5500191692739314,0.5500191692739314
full_coverage_complete,hyalinepaperfrontface,2758,0,0,1,True,False,True,0.6485056662161941,0.6485056662161941
full_coverage_complete,hyalinepaperfrontface,2759,0,0,5,True,False,True,0.5466898706857843,0.5466898706857843
full_coverage_complete,hyalinepaperfrontface,2761,0,0,1,True,False,True,0.5557076098984216,0.5557076098984216
full_coverage_complete,hyalinepaperfrontface,2762,0,0,1,True,False,True,0.40435529950629256,0.40435529950629256
full_coverage_complete,hyalinepaperfrontface,2763,0,0,5,True,False,True,0.4226351896131836,0.4226351896131836
full_coverage_complete,hyalinepaperfrontface,2764,0,0,1,True,False,True,0.3199900425671536,0.3199900425671536
full_coverage_complete,hyalinepaperfrontface,2765,0,0,6,True,False,True,0.41032020821726095,0.41032020821726095
full_coverage_complete,hyalinepaperfrontface,2766,0,0,6,True,False,True,0.5202580653907654,0.5202580653907654
full_coverage_complete,hyalinepaperfrontface,2767,0,0,5,True,False,True,0.5076761819540317,0.5076761819540317
full_coverage_complete,hyalinepaperfrontface,2768,0,0,1,True,False,True,0.4683596563907285,0.4683596563907285
full_coverage_complete,hyalinepaperfrontface,2769,0,0,5,True,False,True,0.46713916751046836,0.46713916751046836
full_coverage_complete,hyalinepaperfrontface,2770,0,0,1,True,False,True,0.27717864457164126,0.27717864457164126
full_coverage_complete,hyalinepaperfrontface,2771,0,0,6,True,False,True,0.44308649227998703,0.44308649227998703
full_coverage_complete,hyalinepaperfrontface,2772,0,0,5,True,False,True,0.3551214413157178,0.3551214413157178
full_coverage_complete,hyalinepaperfrontface,2773,0,0,1,True,False,True,0.44773774326731197,0.44773774326731197
full_coverage_complete,hyalinepaperfrontface,2774,0,0,5,True,False,True,0.3942011852505004,0.3942011852505004
full_coverage_complete,hyalinepaperfrontface,2775,0,0,5,True,False,True,0.449274943333279,0.449274943333279
full_coverage_complete,hyalinepaperfrontface,2776,0,0,1,True,False,True,0.5502865509928682,0.5502865509928682
full_coverage_complete,hyalinepaperfrontface,2778,0,0,1,True,False,True,0.4835496390447544,0.4835496390447544
full_coverage_complete,hyalinepaperfrontface,2779,0,0,1,True,False,True,0.6224554803685043,0.6224554803685043
full_coverage_complete,hyalinepaperfrontface,2783,5,1,5,True,False,True,0.5492782913507807,0.0
full_coverage_complete,hyalinepaperfrontface,2788,1,0,1,True,False,True,0.0,0.0
full_coverage_complete,hyalinepaperfrontface,2789,0,0,1,True,False,True,0.046463314850525426,0.046463314850525426
full_coverage_complete,hyalinepaperfrontface,2790,0,0,5,True,False,True,0.3590564690929688,0.3590564690929688
full_coverage_complete,hyalinepaperfrontface,2791,0,0,5,True,False,True,0.41971521648863536,0.41971521648863536
full_coverage_complete,hyalinepaperfrontface,2792,5,0,5,True,False,True,0.40388694867629854,0.614538773664052
full_coverage_complete,hyalinepaperfrontface,2793,0,0,5,True,False,True,0.561611736586211,0.561611736586211
full_coverage_complete,hyalinepaperfrontface,2795,0,0,1,True,False,True,0.533978955527952,0.533978955527952
full_coverage_complete,hyalinepaperfrontface,2796,0,0,5,True,False,True,0.4260913024490374,0.4260913024490374
full_coverage_complete,hyalinepaperfrontface,2797,0,0,5,True,False,True,0.8031798346871311,0.8031798346871311
full_coverage_complete,hyalinepaperfrontface,2798,0,0,1,True,False,True,0.36189696372903113,0.36189696372903113
full_coverage_complete,hyalinepaperfrontface,2799,0,0,5,True,False,True,0.30138523794201016,0.30138523794201016
full_coverage_complete,hyalinepaperfrontface,2800,5,0,5,True,False,True,0.2779403952219418,0.26069693024366275
full_coverage_complete,hyalinepaperfrontface,2811,0,0,1,True,False,True,0.2586045795738023,0.2586045795738023
full_coverage_complete,hyalinepaperfrontface,2812,1,0,1,True,False,True,0.28589688251506973,0.27186802259308523
full_coverage_complete,hyalinepaperfrontface,2817,0,0,5,True,False,True,0.3123383559942645,0.3123383559942645
full_coverage_complete,hyalinepaperfrontface,2826,0,0,1,True,False,True,0.3360167359351498,0.3360167359351498
full_coverage_complete,hyalinepaperfrontface,2827,0,0,1,True,False,True,0.2512989295523654,0.2512989295523654
full_coverage_complete,hyalinepaperfrontface,2828,0,0,1,True,False,True,0.20761220794345603,0.20761220794345603
full_coverage_complete,hyalinepaperfrontface,2829,0,0,1,True,False,True,0.2257739946976181,0.2257739946976181
full_coverage_complete,hyalinepaperfrontface,2830,0,0,1,True,False,True,0.22036836968890666,0.22036836968890666
full_coverage_complete,hyalinepaperfrontface,2831,0,0,1,True,False,True,0.31792292234850245,0.31792292234850245
full_coverage_complete,hyalinepaperfrontface,2834,0,0,5,True,False,True,0.3936203595966165,0.3936203595966165
full_coverage_complete,hyalinepaperfrontface,2835,0,0,1,True,False,True,0.4387429218617211,0.4387429218617211
full_coverage_complete,hyalinepaperfrontface,2836,0,0,5,True,False,True,0.25493069857819983,0.25493069857819983
full_coverage_complete,hyalinepaperfrontface,2838,5,0,5,True,False,True,0.2404686665147137,0.1342220257693749
full_coverage_complete,hyalinepaperfrontface,2839,0,0,5,True,False,True,0.24721789480583883,0.24721789480583883
full_coverage_complete,hyalinepaperfrontface,2841,0,0,5,True,False,True,0.2145411889673317,0.2145411889673317
full_coverage_complete,hyalinepaperfrontface,2842,0,0,1,True,False,True,0.1559991888634844,0.1559991888634844
full_coverage_complete,hyalinepaperfrontface,2843,0,0,1,True,False,True,0.3056261826214249,0.3056261826214249
full_coverage_complete,hyalinepaperfrontface,2844,0,0,5,True,False,True,0.587998930657482,0.587998930657482
full_coverage_complete,hyalinepaperfrontface,2845,0,0,5,True,False,True,0.3729322684017714,0.3729322684017714
full_coverage_complete,hyalinepaperfrontface,2847,0,0,1,True,False,True,0.14922154634357612,0.14922154634357612
full_coverage_complete,hyalinepaperfrontface,2851,0,0,5,True,False,True,0.18145467639920793,0.18145467639920793
full_coverage_complete,hyalinepaperfrontface,2852,0,0,5,True,False,True,0.1502035799604246,0.1502035799604246
full_coverage_complete,hyalinepaperfrontface,2853,0,0,5,True,False,True,0.10749576545074423,0.10749576545074423
full_coverage_complete,hyalinepaperfrontface,2855,0,0,5,True,False,True,0.18003321103034936,0.18003321103034936
full_coverage_complete,hyalinepaperfrontface,2856,0,0,5,True,False,True,0.23094337005100354,0.23094337005100354
full_coverage_complete,hyalinepaperfrontface,2857,0,0,1,True,False,True,0.4274283041844734,0.4274283041844734
full_coverage_complete,hyalinepaperfrontface,2858,0,0,1,True,False,True,0.447224154324762,0.447224154324762
full_coverage_complete,hyalinepaperfrontface,2859,0,0,1,True,False,True,0.4223313057591652,0.4223313057591652
full_coverage_complete,hyalinepaperfrontface,2865,0,0,1,True,False,True,0.5871401723779263,0.5871401723779263
full_coverage_complete,hyalinepaperfrontface,2866,0,0,1,True,False,True,0.5733875253817926,0.5733875253817926
full_coverage_complete,hyalinepaperfrontface,2867,0,0,1,True,False,True,0.5761296999670887,0.5761296999670887
full_coverage_complete,hyalinepaperfrontface,2868,0,0,5,True,False,True,0.5517930277402875,0.5517930277402875
full_coverage_complete,hyalinepaperfrontface,2870,0,0,5,True,False,True,0.8120096122698865,0.8120096122698865
full_coverage_complete,hyalinepaperfrontface,2871,0,0,5,True,False,True,0.07773392995494004,0.07773392995494004
full_coverage_complete,hyalinepaperfrontface,2872,0,0,5,True,False,True,0.650777169642103,0.650777169642103
full_coverage_complete,hyalinepaperfrontface,2873,0,0,1,True,False,True,0.7310718116165137,0.7310718116165137
full_coverage_complete,hyalinepaperfrontface,2874,0,0,1,True,False,True,0.6338888112155067,0.6338888112155067
full_coverage_complete,hyalinepaperfrontface,2875,0,0,1,True,False,True,0.48949000078962523,0.48949000078962523
full_coverage_complete,hyalinepaperfrontface,2876,0,0,5,True,False,True,0.31640256814758805,0.31640256814758805
full_coverage_complete,hyalinepaperfrontface,2877,0,0,5,True,False,True,0.13794101361752426,0.13794101361752426
full_coverage_complete,hyalinepaperfrontface,2879,0,0,1,True,False,True,0.3960123150774478,0.3960123150774478
full_coverage_complete,hyalinepaperfrontface,2880,0,0,1,True,False,True,0.34491088820583765,0.34491088820583765
full_coverage_complete,hyalinepaperfrontface,2882,0,0,1,True,False,True,0.45857360268906794,0.45857360268906794
full_coverage_complete,hyalinepaperfrontface,2883,0,0,1,True,False,True,0.48791576539053794,0.48791576539053794
full_coverage_complete,hyalinepaperfrontface,2884,0,0,1,True,False,True,0.40451965044935495,0.40451965044935495
full_coverage_complete,hyalinepaperfrontface,2885,0,0,1,True,False,True,0.3107048532778713,0.3107048532778713
full_coverage_complete,hyalinepaperfrontface,2886,0,0,1,True,False,True,0.20393906367107592,0.20393906367107592
full_coverage_complete,hyalinepaperfrontface,2887,0,0,1,True,False,True,0.2848946728295451,0.2848946728295451
full_coverage_complete,hyalinepaperfrontface,2888,0,0,1,True,False,True,0.2568826811190634,0.2568826811190634
full_coverage_complete,hyalinepaperfrontface,2889,0,0,1,True,False,True,0.2029136217471029,0.2029136217471029
full_coverage_complete,hyalinepaperfrontface,2890,0,0,1,True,False,True,0.23787376902750282,0.23787376902750282
full_coverage_complete,hyalinepaperfrontface,2891,0,0,1,True,False,True,0.260172810206234,0.260172810206234
full_coverage_complete,hyalinepaperfrontface,2892,0,0,1,True,False,True,0.3310596355463544,0.3310596355463544
full_coverage_complete,hyalinepaperfrontface,2893,0,0,1,True,False,True,0.3956191991298876,0.3956191991298876
full_coverage_complete,hyalinepaperfrontface,2894,0,0,1,True,False,True,0.4665528921531179,0.4665528921531179
full_coverage_complete,hyalinepaperfrontface,2895,0,0,1,True,False,True,0.5753966490540926,0.5753966490540926
full_coverage_complete,hyalinepaperfrontface,2896,0,0,1,True,False,True,0.6922057065471691,0.6922057065471691
full_coverage_complete,hyalinepaperfrontface,2897,0,0,1,True,False,True,0.794586568056943,0.794586568056943
full_coverage_complete,hyalinepaperfrontface,2898,0,0,1,True,False,True,0.7366767036829344,0.7366767036829344
full_coverage_complete,hyalinepaperfrontface,2899,0,0,1,True,False,True,0.6971443603642954,0.6971443603642954
full_coverage_complete,hyalinepaperfrontface,2900,0,0,1,True,False,True,0.6586852024936977,0.6586852024936977
full_coverage_complete,hyalinepaperfrontface,2902,0,0,5,True,False,True,0.584349358379247,0.584349358379247
full_coverage_complete,hyalinepaperfrontface,2903,0,0,1,True,False,True,0.5473719870049286,0.5473719870049286
full_coverage_complete,hyalinepaperfrontface,2904,0,0,5,True,False,True,0.5286041298181329,0.5286041298181329
full_coverage_complete,hyalinepaperfrontface,2906,0,0,1,True,False,True,0.655703639915083,0.655703639915083
full_coverage_complete,hyalinepaperfrontface,2907,0,0,1,True,False,True,0.48765615269491247,0.48765615269491247
full_coverage_complete,hyalinepaperfrontface,2910,0,0,1,True,False,True,0.42890895297796044,0.42890895297796044
full_coverage_complete,hyalinepaperfrontface,2912,0,0,5,True,False,True,0.4530998014171536,0.4530998014171536
full_coverage_complete,hyalinepaperfrontface,2913,0,0,5,True,False,True,0.4274688567945049,0.4274688567945049
full_coverage_complete,hyalinepaperfrontface,2914,0,0,5,True,False,True,0.4578826976412672,0.4578826976412672
full_coverage_complete,hyalinepaperfrontface,2915,0,0,5,True,False,True,0.48356794288397625,0.48356794288397625
full_coverage_complete,hyalinepaperfrontface,2919,0,0,1,True,False,True,0.49302782269469403,0.49302782269469403
full_coverage_complete,hyalinepaperfrontface,2920,0,0,1,True,False,True,0.5060507119948222,0.5060507119948222
full_coverage_complete,hyalinepaperfrontface,2921,0,0,1,True,False,True,0.5205364789464518,0.5205364789464518
full_coverage_complete,hyalinepaperfrontface,2922,0,0,1,True,False,True,0.5018768544511052,0.5018768544511052
full_coverage_complete,hyalinepaperfrontface,2923,0,0,1,True,False,True,0.48449743615568547,0.48449743615568547
full_coverage_complete,hyalinepaperfrontface,2924,0,0,1,True,False,True,0.46371123760609095,0.46371123760609095
full_coverage_complete,hyalinepaperfrontface,2925,0,0,1,True,False,True,0.4133996350347944,0.4133996350347944
full_coverage_complete,hyalinepaperfrontface,2926,0,0,1,True,False,True,0.4811735951136573,0.4811735951136573
full_coverage_complete,hyalinepaperfrontface,2927,0,0,1,True,False,True,0.5875085248894402,0.5875085248894402
full_coverage_complete,hyalinepaperfrontface,2928,0,0,1,True,False,True,0.5668873142452948,0.5668873142452948
full_coverage_complete,hyalinepaperfrontface,2929,0,0,5,True,False,True,0.61446105129556,0.61446105129556
full_coverage_complete,hyalinepaperfrontface,2931,0,0,1,True,False,True,0.663927402696662,0.663927402696662
full_coverage_complete,hyalinepaperfrontface,2932,0,0,5,True,False,True,0.6546539785270693,0.6546539785270693
full_coverage_complete,hyalinepaperfrontface,2933,0,0,5,True,False,True,0.5909833924422554,0.5909833924422554
full_coverage_complete,hyalinepaperfrontface,2934,0,0,5,True,False,True,0.47744249741815953,0.47744249741815953
full_coverage_complete,hyalinepaperfrontface,2935,0,0,1,True,False,True,0.43136689197424677,0.43136689197424677
full_coverage_complete,hyalinepaperfrontface,2936,0,0,5,True,False,True,0.4005909172930965,0.4005909172930965
full_coverage_complete,hyalinepaperfrontface,2937,0,0,5,True,False,True,0.38857683528717313,0.38857683528717313
full_coverage_complete,hyalinepaperfrontface,2938,0,0,5,True,False,True,0.5140870048338592,0.5140870048338592
full_coverage_complete,hyalinepaperfrontface,2939,0,0,5,True,False,True,0.5747025839979115,0.5747025839979115
full_coverage_complete,hyalinepaperfrontface,2940,0,0,5,True,False,True,0.6670051622353235,0.6670051622353235
full_coverage_complete,hyalinepaperfrontface,2942,0,0,1,True,False,True,0.7606763432165972,0.7606763432165972
full_coverage_complete,hyalinepaperfrontface,2943,0,0,5,True,False,True,0.6355109070350129,0.6355109070350129
full_coverage_complete,hyalinepaperfrontface,2944,0,0,5,True,False,True,0.39650024771715753,0.39650024771715753
full_coverage_complete,hyalinepaperfrontface,2945,0,0,1,True,False,True,0.2939759154457288,0.2939759154457288
full_coverage_complete,hyalinepaperfrontface,2946,0,0,1,True,False,True,0.4316462432226889,0.4316462432226889
full_coverage_complete,hyalinepaperfrontface,2947,0,0,1,True,False,True,0.33471741002782246,0.33471741002782246
full_coverage_complete,hyalinepaperfrontface,2948,0,0,1,True,False,True,0.36882400134994225,0.36882400134994225
full_coverage_complete,hyalinepaperfrontface,2949,0,0,1,True,False,True,0.3867702314910899,0.3867702314910899
full_coverage_complete,hyalinepaperfrontface,2950,0,0,1,True,False,True,0.5138390848774188,0.5138390848774188
full_coverage_complete,hyalinepaperfrontface,2952,0,0,4,True,False,True,0.46338255813903795,0.46338255813903795
full_coverage_complete,hyalinepaperfrontface,2958,5,0,5,True,False,True,0.38178553020528067,0.31702908720554546
full_coverage_complete,hyalinepaperfrontface,2960,5,0,5,True,False,True,0.3158325619032396,0.3251262907421528
full_coverage_complete,hyalinepaperfrontface,2961,1,0,1,True,False,True,0.3662809621516857,0.3302181506127656
full_coverage_complete,hyalinepaperfrontface,2962,1,0,1,True,False,True,0.31349276259997144,0.31668737624411264
full_coverage_complete,hyalinepaperfrontface,2963,1,0,1,True,False,True,0.31114549414542286,0.32220833388942116
full_coverage_complete,hyalinepaperfrontface,2964,5,0,5,True,False,True,0.3164158089755448,0.29638934785327953
full_coverage_complete,hyalinepaperfrontface,2968,0,0,1,True,False,True,0.30228887441085195,0.30228887441085195
full_coverage_complete,hyalinepaperfrontface,2970,0,0,1,True,False,True,0.3875317263302185,0.3875317263302185
full_coverage_complete,hyalinepaperfrontface,2972,0,0,1,True,False,True,0.32129313334596676,0.32129313334596676
full_coverage_complete,hyalinepaperfrontface,2973,0,0,1,True,False,True,0.397558292769409,0.397558292769409
full_coverage_complete,hyalinepaperfrontface,2974,0,0,1,True,False,True,0.368078432227996,0.368078432227996
full_coverage_complete,hyalinepaperfrontface,2975,0,0,1,True,False,True,0.42437955454289955,0.42437955454289955
full_coverage_complete,hyalinepaperfrontface,2985,0,0,1,True,False,True,0.3466408547609083,0.3466408547609083
full_coverage_complete,hyalinepaperfrontface,2986,0,0,1,True,False,True,0.28892009964535775,0.28892009964535775
full_coverage_complete,hyalinepaperfrontface,2987,0,0,1,True,False,True,0.30387911583678,0.30387911583678
full_coverage_complete,hyalinepaperfrontface,2988,0,0,1,True,False,True,0.3205182240589414,0.3205182240589414
full_coverage_complete,hyalinepaperfrontface,2989,0,0,1,True,False,True,0.32096694065999776,0.32096694065999776
full_coverage_complete,hyalinepaperfrontface,2990,0,0,1,True,False,True,0.386857445135724,0.386857445135724
full_coverage_complete,hyalinepaperfrontface,2991,0,0,1,True,False,True,0.38889311449942265,0.38889311449942265
full_coverage_complete,hyalinepaperfrontface,2992,0,0,1,True,False,True,0.38465057553105925,0.38465057553105925
full_coverage_complete,hyalinepaperfrontface,2993,0,0,1,True,False,True,0.3577923141918802,0.3577923141918802
full_coverage_complete,hyalinepaperfrontface,2994,0,0,1,True,False,True,0.5476671274907453,0.5476671274907453
full_coverage_complete,hyalinepaperfrontface,2995,0,0,5,True,False,True,0.5076958927797448,0.5076958927797448
full_coverage_complete,hyalinepaperfrontface,2996,0,0,1,True,False,True,0.5293046499851858,0.5293046499851858
full_coverage_complete,hyalinepaperfrontface,2997,0,0,1,True,False,True,0.48258213631719843,0.48258213631719843
full_coverage_complete,hyalinepaperfrontface,2998,0,0,1,True,False,True,0.44540584592789556,0.44540584592789556
full_coverage_complete,hyalinepaperfrontface,2999,0,0,1,True,False,True,0.2578544333063615,0.2578544333063615
full_coverage_complete,hyalinepaperfrontface,3000,0,0,1,True,False,True,0.266733036057017,0.266733036057017
full_coverage_complete,hyalinepaperfrontface,3002,0,0,1,True,False,True,0.3685943513402019,0.3685943513402019
full_coverage_complete,hyalinepaperfrontface,3003,0,0,5,True,False,True,0.3830667020647754,0.3830667020647754
full_coverage_complete,hyalinepaperfrontface,3004,0,0,1,True,False,True,0.4510664618804938,0.4510664618804938
full_coverage_complete,hyalinepaperfrontface,3005,0,0,1,True,False,True,0.3895397781419062,0.3895397781419062
full_coverage_complete,hyalinepaperfrontface,3006,0,0,1,True,False,True,0.2561564193141486,0.2561564193141486
full_coverage_complete,hyalinepaperfrontface,3007,0,0,1,True,False,True,0.15887272618072568,0.15887272618072568
full_coverage_complete,hyalinepaperfrontface,3012,0,0,1,True,False,True,0.31803561231009314,0.31803561231009314
full_coverage_complete,hyalinepaperfrontface,3014,0,0,1,True,False,True,0.32293605481555765,0.32293605481555765
full_coverage_complete,hyalinepaperfrontface,3016,0,0,1,True,False,True,0.39831571646889047,0.39831571646889047
full_coverage_complete,hyalinepaperfrontface,3023,0,0,5,True,False,True,0.589008021367823,0.589008021367823
full_coverage_complete,hyalinepaperfrontface,3024,0,0,1,True,False,True,0.4522960228849514,0.4522960228849514
full_coverage_complete,hyalinepaperfrontface,3025,0,0,5,True,False,True,0.38059636571985356,0.38059636571985356
full_coverage_complete,hyalinepaperfrontface,3026,0,0,5,True,False,True,0.12378907983985328,0.12378907983985328
full_coverage_complete,hyalinepaperfrontface,3029,1,0,1,True,False,True,0.569024608927912,0.11461184533992226
full_coverage_complete,hyalinepaperfrontface,3033,0,0,1,True,False,True,0.798399678167917,0.798399678167917
full_coverage_complete,hyalinepaperfrontface,3038,0,0,5,True,False,True,0.5886240400829902,0.5886240400829902
full_coverage_complete,hyalinepaperfrontface,3039,0,0,5,True,False,True,0.49945301388929536,0.49945301388929536
full_coverage_complete,hyalinepaperfrontface,3040,0,0,1,True,False,True,0.674233728251069,0.674233728251069
full_coverage_complete,hyalinepaperfrontface,3041,0,0,5,True,False,True,0.6338450938968894,0.6338450938968894
full_coverage_complete,hyalinepaperfrontface,3042,0,0,5,True,False,True,0.5793088963571875,0.5793088963571875
full_coverage_complete,hyalinepaperfrontface,3043,0,0,1,True,False,True,0.4370243828936213,0.4370243828936213
full_coverage_complete,hyalinepaperfrontface,3044,0,0,5,True,False,True,0.6644641188181372,0.6644641188181372
full_coverage_complete,hyalinepaperfrontface,3045,0,0,5,True,False,True,0.5576860231571064,0.5576860231571064
full_coverage_complete,hyalinepaperfrontface,3046,0,0,5,True,False,True,0.40413950747513677,0.40413950747513677
full_coverage_complete,hyalinepaperfrontface,3047,0,0,5,True,False,True,0.1130025581695508,0.1130025581695508
full_coverage_complete,hyalinepaperfrontface,3051,0,0,6,True,False,True,0.02798137641531149,0.02798137641531149
full_coverage_complete,hyalinepaperfrontface,3053,0,0,5,True,False,True,0.6521563341513658,0.6521563341513658
full_coverage_complete,hyalinepaperfrontface,3054,0,0,5,True,False,True,0.8053084178076506,0.8053084178076506
full_coverage_complete,hyalinepaperfrontface,3055,0,0,5,True,False,True,0.80801882067988,0.80801882067988
full_coverage_complete,hyalinepaperfrontface,3056,0,0,5,True,False,True,0.6980687417769552,0.6980687417769552
full_coverage_complete,hyalinepaperfrontface,3057,0,0,1,True,False,True,0.5291720772994253,0.5291720772994253
full_coverage_complete,hyalinepaperfrontface,3058,0,0,1,True,False,True,0.7419882350507633,0.7419882350507633
full_coverage_complete,hyalinepaperfrontface,3060,0,0,1,True,False,True,0.7985041748920216,0.7985041748920216
full_coverage_complete,hyalinepaperfrontface,3068,0,0,1,True,False,True,0.6546524700112687,0.6546524700112687
full_coverage_complete,hyalinepaperfrontface,3076,0,0,1,True,False,True,0.7700975944453885,0.7700975944453885
full_coverage_complete,hyalinepaperfrontface,3077,0,0,5,True,False,True,0.6982713346254333,0.6982713346254333
full_coverage_complete,hyalinepaperfrontface,3078,0,0,5,True,False,True,0.7623185281265235,0.7623185281265235
full_coverage_complete,hyalinepaperfrontface,3079,0,0,5,True,False,True,0.920849056621819,0.920849056621819
full_coverage_complete,hyalinepaperfrontface,3080,0,0,5,True,False,True,0.730715193844664,0.730715193844664
full_coverage_complete,hyalinepaperfrontface,3081,0,0,1,True,False,True,0.748747394469284,0.748747394469284
full_coverage_complete,hyalinepaperfrontface,3082,0,0,1,True,False,True,0.8814902278051214,0.8814902278051214
full_coverage_complete,hyalinepaperfrontface,3083,0,0,5,True,False,True,0.832713335054944,0.832713335054944
full_coverage_complete,hyalinepaperfrontface,3084,0,0,5,True,False,True,0.8479124761017718,0.8479124761017718
full_coverage_complete,hyalinepaperfrontface,3085,0,0,1,True,False,True,0.8548985030307485,0.8548985030307485
full_coverage_complete,hyalinepaperfrontface,3086,0,0,5,True,False,True,0.765394707234732,0.765394707234732
full_coverage_complete,hyalinepaperfrontface,3087,0,0,5,True,False,True,0.8794302732611651,0.8794302732611651
full_coverage_complete,hyalinepaperfrontface,3088,0,0,5,True,False,True,0.9187333758944793,0.9187333758944793
full_coverage_complete,hyalinepaperfrontface,3089,0,0,5,True,False,True,0.6255230989729567,0.6255230989729567
full_coverage_complete,hyalinepaperfrontface,3091,0,0,1,True,False,True,0.6187351652495572,0.6187351652495572
full_coverage_complete,hyalinepaperfrontface,3092,0,0,1,True,False,True,0.6326479934318856,0.6326479934318856
full_coverage_complete,hyalinepaperfrontface,3093,0,0,5,True,False,True,0.7783580903187927,0.7783580903187927
full_coverage_complete,hyalinepaperfrontface,3095,0,0,1,True,False,True,0.47274894737565826,0.47274894737565826
full_coverage_complete,hyalinepaperfrontface,3096,0,0,1,True,False,True,0.41831240176624684,0.41831240176624684
full_coverage_complete,hyalinepaperfrontface,3099,0,0,6,True,False,True,0.16049827857834265,0.16049827857834265
full_coverage_complete,hyalinepaperfrontface,3100,0,0,6,True,False,True,0.2684441021704079,0.2684441021704079
full_coverage_complete,hyalinepaperfrontface,3102,0,0,5,True,False,True,0.17386500974490424,0.17386500974490424
full_coverage_complete,hyalinepaperfrontface,3103,0,0,5,True,False,True,0.18960205109035658,0.18960205109035658
full_coverage_complete,hyalinepaperfrontface,3104,0,0,5,True,False,True,0.16666657404818924,0.16666657404818924
full_coverage_complete,hyalinepaperfrontface,3105,0,0,5,True,False,True,0.19845627291535126,0.19845627291535126
full_coverage_complete,hyalinepaperfrontface,3106,0,0,5,True,False,True,0.7399168528270722,0.7399168528270722
full_coverage_complete,hyalinepaperfrontface,3107,0,0,1,True,False,True,0.7431048561004946,0.7431048561004946
full_coverage_complete,hyalinepaperfrontface,3108,0,0,1,True,False,True,0.5836866661465334,0.5836866661465334
full_coverage_complete,hyalinepaperfrontface,3109,5,0,5,True,False,True,0.6459194083321155,0.6605199415492787
full_coverage_complete,hyalinepaperfrontface,3110,0,0,5,True,False,True,0.6226031025472228,0.6226031025472228
full_coverage_complete,hyalinepaperfrontface,3111,0,0,5,True,False,True,0.7395075884987099,0.7395075884987099
full_coverage_complete,hyalinepaperfrontface,3112,0,0,5,True,False,True,0.6954355798854541,0.6954355798854541
full_coverage_complete,hyalinepaperfrontface,3114,0,0,6,True,False,True,0.7316070754409153,0.7316070754409153
full_coverage_complete,hyalinepaperfrontface,3115,0,0,5,True,False,True,0.7571821675577272,0.7571821675577272
full_coverage_complete,hyalinepaperfrontface,3118,0,0,1,True,False,True,0.5986298696620345,0.5986298696620345
full_coverage_complete,hyalinepaperfrontface,3119,0,0,5,True,False,True,0.5438345794532133,0.5438345794532133
full_coverage_complete,hyalinepaperfrontface,3121,0,0,6,True,False,True,0.4831386417060746,0.4831386417060746
full_coverage_complete,hyalinepaperfrontface,3122,5,0,5,True,False,True,0.6972237085807167,0.6310024039260278
full_coverage_complete,hyalinepaperfrontface,3124,1,1,1,True,False,True,0.32010423287474826,0.0
full_coverage_complete,hyalinepaperfrontface,3125,6,0,6,True,False,True,0.0,0.0
full_coverage_complete,hyalinepaperfrontface,3126,6,0,6,True,False,True,0.0,0.0
full_coverage_complete,hyalinepaperfrontface,3127,0,0,6,True,False,True,0.0,0.0
full_coverage_complete,hyalinepaperfrontface,3128,5,0,5,True,False,True,0.0,0.0
full_coverage_complete,hyalinepaperfrontface,3129,0,0,5,True,False,True,0.0,0.0
full_coverage_complete,hyalinepaperfrontface,3130,5,0,5,True,False,True,0.0,0.0
full_coverage_complete,hyalinepaperfrontface,3131,0,0,5,True,False,True,0.0,0.0
full_coverage_complete,hyalinepaperfrontface,3132,0,0,5,True,False,True,0.0,0.0
full_coverage_complete,hyalinepaperfrontface,3133,0,1,5,True,False,True,0.0,0.0
full_coverage_complete,hyalinepaperfrontface,3134,0,2,5,True,False,True,0.0,0.0
full_coverage_complete,hyalinepaperfrontface,3135,0,0,5,True,False,True,0.0,0.0
full_coverage_complete,hyalinepaperfrontface,3137,0,0,5,True,False,True,0.0,0.0
full_coverage_complete,hyalinepaperfrontface,3138,0,0,5,True,False,True,0.3512773176973297,0.3512773176973297
full_coverage_complete,hyalinepaperfrontface,3139,0,0,5,True,False,True,0.7380562880977956,0.7380562880977956
full_coverage_complete,hyalinepaperfrontface,3140,5,0,5,True,False,True,0.5782690079602731,0.6132109828467828
full_coverage_complete,hyalinepaperfrontface,3141,0,0,1,True,False,True,0.38599068072283405,0.38599068072283405
full_coverage_complete,hyalinepaperfrontface,3142,1,1,1,True,False,True,0.22134517365377457,0.0
full_coverage_complete,hyalinepaperfrontface,3143,0,1,1,True,False,True,0.0,0.0
full_coverage_complete,hyalinepaperfrontface,3144,0,0,5,True,False,True,0.0,0.0
full_coverage_complete,hyalinepaperfrontface,3145,0,1,5,True,False,True,0.0,0.0
full_coverage_complete,hyalinepaperfrontface,3146,0,0,0,False,False,True,0.0,0.4831251145277328
full_coverage_complete,hyalinepaperfrontface,3150,0,0,5,True,False,True,0.6131342832140133,0.6131342832140133
full_coverage_complete,hyalinepaperfrontface,3151,0,1,5,True,False,True,0.6246660978464029,0.0
full_coverage_complete,hyalinepaperfrontface,3152,6,1,6,True,False,True,0.0,0.0
full_coverage_complete,hyalinepaperfrontface,3153,0,0,1,True,False,True,0.0,0.0
full_coverage_complete,hyalinepaperfrontface,3154,5,0,5,True,False,True,0.0,0.0
full_coverage_complete,hyalinepaperfrontface,3155,5,0,5,True,False,True,0.0,0.0
full_coverage_complete,hyalinepaperfrontface,3156,0,0,4,True,False,True,0.0,0.0
full_coverage_complete,hyalinepaperfrontface,3157,5,0,5,True,False,True,0.0,0.0
full_coverage_complete,hyalinepaperfrontface,3158,5,0,5,True,False,True,0.0,0.0
full_coverage_complete,hyalinepaperfrontface,3159,5,0,5,True,False,True,0.0,0.0
full_coverage_complete,hyalinepaperfrontface,3160,5,0,5,True,False,True,0.0,0.0
full_coverage_complete,hyalinepaperfrontface,3161,0,0,5,True,False,True,0.0,0.0
full_coverage_complete,hyalinepaperfrontface,3162,0,0,5,True,False,True,0.0,0.0
full_coverage_complete,hyalinepaperfrontface,3163,0,0,5,True,False,True,0.0,0.0
full_coverage_complete,hyalinepaperfrontface,3164,0,0,6,True,False,True,0.0,0.0
full_coverage_complete,hyalinepaperfrontface,3165,0,1,5,True,False,True,0.0,0.0
full_coverage_complete,hyalinepaperfrontface,3166,0,0,5,True,False,True,0.0,0.0
full_coverage_complete,hyalinepaperfrontface,3167,0,0,5,True,False,True,0.0,0.0
full_coverage_complete,hyalinepaperfrontface,3168,5,0,5,True,False,True,0.06640945770418445,0.10839352667265394
full_coverage_complete,hyalinepaperfrontface,3169,0,0,5,True,False,True,0.3596157529498352,0.3596157529498352
full_coverage_complete,hyalinepaperfrontface,3170,0,0,5,True,False,True,0.6367988803086299,0.6367988803086299
full_coverage_complete,hyalinepaperfrontface,3171,0,0,1,True,False,True,0.7066831705758884,0.7066831705758884
full_coverage_complete,hyalinepaperfrontface,3172,0,0,4,True,False,True,0.816166520424901,0.816166520424901
full_coverage_complete,hyalinepaperfrontface,3174,0,0,5,True,False,True,0.7969789437781237,0.7969789437781237
full_coverage_complete,hyalinepaperfrontface,3176,0,0,5,True,False,True,0.8400120907458702,0.8400120907458702
full_coverage_complete,hyalinepaperfrontface,3177,0,0,5,True,False,True,0.7545791102209694,0.7545791102209694
full_coverage_complete,hyalinepaperfrontface,3178,0,0,5,True,False,True,0.5366470797871515,0.5366470797871515
full_coverage_complete,hyalinepaperfrontface,3179,0,0,5,True,False,True,0.0,0.0
full_coverage_complete,hyalinepaperfrontface,3180,0,0,4,True,False,True,0.0,0.0
full_coverage_complete,hyalinepaperfrontface,3181,0,0,5,True,False,True,0.0,0.0
full_coverage_complete,hyalinepaperfrontface,3182,0,0,4,True,False,True,0.0,0.0
full_coverage_complete,hyalinepaperfrontface,3183,0,0,5,True,False,True,0.0,0.0
full_coverage_complete,hyalinepaperfrontface,3184,0,0,5,True,False,True,0.0,0.0
full_coverage_complete,hyalinepaperfrontface,3185,0,2,5,True,False,True,0.0,0.0
full_coverage_complete,hyalinepaperfrontface,3186,6,1,6,True,False,True,0.0,0.0
full_coverage_complete,hyalinepaperfrontface,3187,6,1,6,True,False,True,0.0,0.0
full_coverage_complete,hyalinepaperfrontface,3188,6,1,6,True,False,True,0.0,0.0
full_coverage_complete,hyalinepaperfrontface,3189,5,0,5,True,False,True,0.0,0.0
full_coverage_complete,hyalinepaperfrontface,3190,0,0,5,True,False,True,0.0,0.0
full_coverage_complete,hyalinepaperfrontface,3191,5,0,5,True,False,True,0.0,0.0
full_coverage_complete,hyalinepaperfrontface,3192,5,0,5,True,False,True,0.0,0.0
full_coverage_complete,hyalinepaperfrontface,3193,5,0,5,True,False,True,0.0,0.0
full_coverage_complete,hyalinepaperfrontface,3194,5,0,5,True,False,True,0.0,0.0
full_coverage_complete,hyalinepaperfrontface,3195,5,0,5,True,False,True,0.0,0.0
full_coverage_complete,hyalinepaperfrontface,3196,5,0,5,True,False,True,0.0,0.0
full_coverage_complete,hyalinepaperfrontface,3197,5,0,5,True,False,True,0.0,0.0
full_coverage_complete,hyalinepaperfrontface,3198,5,0,5,True,False,True,0.0,0.0
full_coverage_complete,hyalinepaperfrontface,3199,5,0,5,True,False,True,0.0,0.0
full_coverage_complete,hyalinepaperfrontface,3200,5,0,5,True,False,True,0.0,0.0
full_coverage_complete,hyalinepaperfrontface,3201,5,0,5,True,False,True,0.0,0.0
full_coverage_complete,hyalinepaperfrontface,3202,0,1,6,True,False,True,0.0,0.27865135235528765
full_coverage_complete,hyalinepaperfrontface,3203,0,0,5,True,False,True,0.6697953571146291,0.6697953571146291
full_coverage_complete,hyalinepaperfrontface,3204,0,0,5,True,False,True,0.5972526653473326,0.5972526653473326
full_coverage_complete,hyalinepaperfrontface,3206,0,0,5,True,False,True,0.5868416484139208,0.5868416484139208
full_coverage_complete,hyalinepaperfrontface,3208,0,0,5,True,False,True,0.34981611281924674,0.34981611281924674
full_coverage_complete,hyalinepaperfrontface,3209,0,0,5,True,False,True,0.3880807147842134,0.3880807147842134
full_coverage_complete,hyalinepaperfrontface,3210,0,0,5,True,False,True,0.288699708018935,0.288699708018935
full_coverage_complete,hyalinepaperfrontface,3212,6,4,6,True,False,True,0.31162780822191805,0.0
full_coverage_complete,hyalinepaperfrontface,3213,6,0,6,True,False,True,0.0,0.0
full_coverage_complete,hyalinepaperfrontface,3214,0,0,6,True,False,True,0.0,0.0
full_coverage_complete,hyalinepaperfrontface,3215,6,0,6,True,False,True,0.0,0.0
full_coverage_complete,hyalinepaperfrontface,3216,0,2,6,True,False,True,0.0,0.37582279223968024
full_coverage_complete,hyalinepaperfrontface,3218,0,0,5,True,False,True,0.6491938201557955,0.6491938201557955
full_coverage_complete,hyalinepaperfrontface,3219,5,0,5,True,False,True,0.7222113633659047,0.7375561425744902
full_coverage_complete,hyalinepaperfrontface,3223,0,0,1,True,False,True,0.0,0.0
full_coverage_complete,hyalinepaperfrontface,3224,5,0,5,True,False,True,0.0,0.0
full_coverage_complete,hyalinepaperfrontface,3225,0,2,5,True,False,True,0.0,0.563410396633265
full_coverage_complete,hyalinepaperfrontface,3227,0,0,5,True,False,True,0.05103357028225669,0.05103357028225669
full_coverage_complete,hyalinepaperfrontface,3228,0,0,1,True,False,True,0.1585526195464389,0.1585526195464389
full_coverage_complete,hyalinepaperfrontface,3229,0,0,1,True,False,True,0.35994595124443357,0.35994595124443357
full_coverage_complete,hyalinepaperfrontface,3230,0,0,5,True,False,True,0.6240823983471754,0.6240823983471754
full_coverage_complete,hyalinepaperfrontface,3233,0,0,1,True,False,True,0.8117052392706241,0.8117052392706241
full_coverage_complete,hyalinepaperfrontface,3234,0,0,1,True,False,True,0.6010044440006626,0.6010044440006626
full_coverage_complete,hyalinepaperfrontface,3235,0,0,1,True,False,True,0.5917852553790595,0.5917852553790595
full_coverage_complete,hyalinepaperfrontface,3236,0,0,1,True,False,True,0.7406990782455524,0.7406990782455524
full_coverage_complete,hyalinepaperfrontface,3239,0,0,4,True,False,True,0.7808552075764267,0.7808552075764267
full_coverage_complete,hyalinepaperfrontface,3240,0,0,4,True,False,True,0.7219423935508329,0.7219423935508329
full_coverage_complete,hyalinepaperfrontface,3241,0,0,1,True,False,True,0.4530620950890423,0.4530620950890423
full_coverage_complete,hyalinepaperfrontface,3242,0,0,1,True,False,True,0.45833625178994064,0.45833625178994064
full_coverage_complete,hyalinepaperfrontface,3243,0,0,5,True,False,True,0.6144452282979521,0.6144452282979521
full_coverage_complete,hyalinepaperfrontface,3246,0,0,5,True,False,True,0.6005767893889079,0.6005767893889079
full_coverage_complete,hyalinepaperfrontface,3247,0,0,5,True,False,True,0.5954283131444691,0.5954283131444691
full_coverage_complete,hyalinepaperfrontface,3248,0,0,5,True,False,True,0.0,0.0
full_coverage_complete,hyalinepaperfrontface,3249,0,1,0,False,False,True,0.0,0.0
full_coverage_complete,hyalinepaperfrontface,3251,0,0,4,True,False,True,0.0,0.0
full_coverage_complete,hyalinepaperfrontface,3252,0,0,4,True,False,True,0.0,0.0
full_coverage_complete,hyalinepaperfrontface,3253,0,0,4,True,False,True,0.0,0.0
full_coverage_complete,hyalinepaperfrontface,3254,0,0,5,True,False,True,0.0,0.0
full_coverage_complete,hyalinepaperfrontface,3255,5,0,5,True,False,True,0.0,0.0
full_coverage_complete,hyalinepaperfrontface,3256,5,0,5,True,False,True,0.0,0.0
full_coverage_complete,hyalinepaperfrontface,3257,5,0,5,True,False,True,0.0,0.0
full_coverage_complete,hyalinepaperfrontface,3258,5,0,5,True,False,True,0.0,0.0
full_coverage_complete,hyalinepaperfrontface,3259,5,0,5,True,False,True,0.0,0.0
full_coverage_complete,hyalinepaperfrontface,3260,5,0,5,True,False,True,0.0,0.0
full_coverage_complete,hyalinepaperfrontface,3261,6,0,6,True,False,True,0.0,0.0
full_coverage_complete,hyalinepaperfrontface,3262,0,1,2,True,False,True,0.0,0.0
full_coverage_complete,hyalinepaperfrontface,3263,0,0,5,True,False,True,0.0035989486484221452,0.0035989486484221452
full_coverage_complete,hyalinepaperfrontface,3264,0,0,5,True,False,True,0.519527281686809,0.519527281686809
full_coverage_complete,hyalinepaperfrontface,3265,5,0,5,True,False,True,0.4146809744451259,0.23828848705188702
full_coverage_complete,hyalinepaperfrontface,3267,0,0,1,True,False,True,0.36881771959260135,0.36881771959260135
full_coverage_complete,hyalinepaperfrontface,3269,0,0,5,True,False,True,0.2876365259823097,0.2876365259823097
full_coverage_complete,hyalinepaperfrontface,3270,5,0,5,True,False,True,0.3581897067155367,0.42902727026828286
full_coverage_complete,hyalinepaperfrontface,3272,5,4,5,True,False,True,0.4963472782156579,0.0
full_coverage_complete,hyalinepaperfrontface,3274,1,0,1,True,False,True,0.0,0.0
full_coverage_complete,hyalinepaperfrontface,3275,6,0,6,True,False,True,0.0,0.0
full_coverage_complete,hyalinepaperfrontface,3276,1,0,1,True,False,True,0.0,0.0
full_coverage_complete,hyalinepaperfrontface,3277,5,0,5,True,False,True,0.0,0.0
full_coverage_complete,hyalinepaperfrontface,3278,5,0,5,True,False,True,0.0,0.0
full_coverage_complete,hyalinepaperfrontface,3279,5,0,5,True,False,True,0.0,0.0
full_coverage_complete,hyalinepaperfrontface,3280,5,0,5,True,False,True,0.0,0.0
full_coverage_complete,hyalinepaperfrontface,3281,5,0,5,True,False,True,0.0,0.0
full_coverage_complete,hyalinepaperfrontface,3282,0,0,5,True,False,True,0.0,0.0
full_coverage_complete,hyalinepaperfrontface,3283,5,0,5,True,False,True,0.0,0.0
full_coverage_complete,hyalinepaperfrontface,3284,0,0,4,True,False,True,0.0,0.0
full_coverage_complete,hyalinepaperfrontface,3285,5,0,5,True,False,True,0.0,0.0
full_coverage_complete,hyalinepaperfrontface,3286,5,0,5,True,False,True,0.0,0.0
full_coverage_complete,hyalinepaperfrontface,3287,5,0,5,True,False,True,0.0,0.0
full_coverage_complete,hyalinepaperfrontface,3288,0,0,4,True,False,True,0.0,0.0
full_coverage_complete,hyalinepaperfrontface,3289,5,0,5,True,False,True,0.0,0.0
full_coverage_complete,hyalinepaperfrontface,3290,0,0,5,True,False,True,0.0,0.0
full_coverage_complete,hyalinepaperfrontface,3291,0,0,5,True,False,True,0.0,0.0
full_coverage_complete,hyalinepaperfrontface,3292,0,0,5,True,False,True,0.0,0.0
full_coverage_complete,hyalinepaperfrontface,3293,0,0,4,True,False,True,0.0,0.0
full_coverage_complete,hyalinepaperfrontface,3295,5,0,5,True,False,True,0.0,0.0
full_coverage_complete,hyalinepaperfrontface,3296,1,0,1,True,False,True,0.0,0.0
full_coverage_complete,hyalinepaperfrontface,3297,0,0,5,True,False,True,0.0,0.0
full_coverage_complete,hyalinepaperfrontface,3298,0,1,0,False,False,True,0.0,0.0
full_coverage_complete,hyalinepaperfrontface,3301,0,1,5,True,False,True,0.5526924419232254,0.0
full_coverage_complete,hyalinepaperfrontface,3302,1,0,1,True,False,True,0.0,0.0
full_coverage_complete,hyalinepaperfrontface,3303,1,0,1,True,False,True,0.0,0.0
full_coverage_complete,hyalinepaperfrontface,3304,1,0,1,True,False,True,0.0,0.0
full_coverage_complete,hyalinepaperfrontface,3305,1,0,1,True,False,True,0.0,0.0
full_coverage_complete,hyalinepaperfrontface,3307,1,0,1,True,False,True,0.0,0.0
full_coverage_complete,hyalinepaperfrontface,3308,6,0,6,True,False,True,0.0,0.0
full_coverage_complete,hyalinepaperfrontface,3311,5,0,5,True,False,True,0.0,0.0
full_coverage_complete,hyalinepaperfrontface,3312,5,0,5,True,False,True,0.0,0.0
full_coverage_complete,hyalinepaperfrontface,3313,5,0,5,True,False,True,0.0,0.0
full_coverage_complete,hyalinepaperfrontface,3314,5,0,5,True,False,True,0.0,0.0
full_coverage_complete,hyalinepaperfrontface,3315,5,0,5,True,False,True,0.0,0.0
full_coverage_complete,hyalinepaperfrontface,3316,5,0,5,True,False,True,0.0,0.0
full_coverage_complete,hyalinepaperfrontface,3317,5,0,5,True,False,True,0.0,0.0
full_coverage_complete,hyalinepaperfrontface,3318,5,0,5,True,False,True,0.0,0.0
full_coverage_complete,hyalinepaperfrontface,3319,0,0,4,True,False,True,0.0,0.0
full_coverage_complete,hyalinepaperfrontface,3320,0,0,4,True,False,True,0.0,0.0
full_coverage_complete,hyalinepaperfrontface,3321,5,0,5,True,False,True,0.0,0.0
full_coverage_complete,hyalinepaperfrontface,3322,5,0,5,True,False,True,0.0,0.0
full_coverage_complete,hyalinepaperfrontface,3323,5,0,5,True,False,True,0.0,0.0
full_coverage_complete,hyalinepaperfrontface,3324,5,0,5,True,False,True,0.0,0.0
full_coverage_complete,hyalinepaperfrontface,3325,5,0,5,True,False,True,0.0,0.0
full_coverage_complete,hyalinepaperfrontface,3326,0,0,4,True,False,True,0.0,0.0
full_coverage_complete,hyalinepaperfrontface,3327,5,0,5,True,False,True,0.0,0.0
full_coverage_complete,hyalinepaperfrontface,3328,5,0,5,True,False,True,0.0,0.0
full_coverage_complete,hyalinepaperfrontface,3329,5,0,5,True,False,True,0.0,0.0
full_coverage_complete,hyalinepaperfrontface,3330,5,0,5,True,False,True,0.0,0.0
full_coverage_complete,hyalinepaperfrontface,3332,5,0,5,True,False,True,0.0,0.0
full_coverage_complete,hyalinepaperfrontface,3333,0,0,4,True,False,True,0.0,0.0
full_coverage_complete,hyalinepaperfrontface,3334,5,0,5,True,False,True,0.0,0.0
full_coverage_complete,hyalinepaperfrontface,3335,5,0,5,True,False,True,0.0,0.0
full_coverage_complete,hyalinepaperfrontface,3336,5,0,5,True,False,True,0.0,0.0
full_coverage_complete,hyalinepaperfrontface,3337,5,0,5,True,False,True,0.0,0.0
full_coverage_complete,hyalinepaperfrontface,3338,5,0,5,True,False,True,0.0,0.0
full_coverage_complete,hyalinepaperfrontface,3339,5,0,5,True,False,True,0.0,0.0
full_coverage_complete,hyalinepaperfrontface,3340,5,0,5,True,False,True,0.0,0.0
full_coverage_complete,hyalinepaperfrontface,3341,5,0,5,True,False,True,0.0,0.0
full_coverage_complete,hyalinepaperfrontface,3342,6,2,6,True,False,True,0.0,0.034374160178825615
full_coverage_complete,hyalinepaperfrontface,3343,0,0,5,True,False,True,0.06921256079971805,0.06921256079971805
full_coverage_complete,hyalinepaperfrontface,3344,0,0,5,True,False,True,0.11914451491173282,0.11914451491173282
full_coverage_complete,hyalinepaperfrontface,3345,0,0,5,True,False,True,0.149363542320137,0.149363542320137
full_coverage_complete,hyalinepaperfrontface,3346,0,0,1,True,False,True,0.21251458821477986,0.21251458821477986
full_coverage_complete,hyalinepaperfrontface,3347,0,0,1,True,False,True,0.3263406999251282,0.3263406999251282
full_coverage_complete,hyalinepaperfrontface,3348,1,1,1,True,False,True,0.5347156112779122,0.0
full_coverage_complete,hyalinepaperfrontface,3349,1,0,1,True,False,True,0.0,0.0
full_coverage_complete,hyalinepaperfrontface,3350,6,0,6,True,False,True,0.0,0.0
full_coverage_complete,hyalinepaperfrontface,3355,5,0,5,True,False,True,0.0,0.0
full_coverage_complete,hyalinepaperfrontface,3356,6,0,6,True,False,True,0.0,0.0
full_coverage_complete,hyalinepaperfrontface,3357,5,0,5,True,False,True,0.0,0.0
full_coverage_complete,hyalinepaperfrontface,3358,5,0,5,True,False,True,0.0,0.0
full_coverage_complete,hyalinepaperfrontface,3359,5,0,5,True,False,True,0.0,0.0
full_coverage_complete,hyalinepaperfrontface,3361,5,0,5,True,False,True,0.0,0.0
full_coverage_complete,hyalinepaperfrontface,3362,5,0,5,True,False,True,0.0,0.0
full_coverage_complete,hyalinepaperfrontface,3363,5,0,5,True,False,True,0.0,0.0
full_coverage_complete,hyalinepaperfrontface,3364,5,0,5,True,False,True,0.0,0.0
full_coverage_complete,hyalinepaperfrontface,3365,5,0,5,True,False,True,0.0,0.0
full_coverage_complete,hyalinepaperfrontface,3366,5,0,5,True,False,True,0.0,0.0
full_coverage_complete,hyalinepaperfrontface,3367,5,0,5,True,False,True,0.0,0.0
full_coverage_complete,hyalinepaperfrontface,3368,5,0,5,True,False,True,0.0,0.0
full_coverage_complete,hyalinepaperfrontface,3369,6,0,6,True,False,True,0.0,0.0
full_coverage_complete,hyalinepaperfrontface,3370,5,0,5,True,False,True,0.0,0.0
full_coverage_complete,hyalinepaperfrontface,3371,5,0,5,True,False,True,0.0,0.0
full_coverage_complete,hyalinepaperfrontface,3372,5,0,5,True,False,True,0.0,0.0
full_coverage_complete,hyalinepaperfrontface,3373,5,0,5,True,False,True,0.0,0.0
full_coverage_complete,hyalinepaperfrontface,3374,5,0,5,True,False,True,0.0,0.0
full_coverage_complete,hyalinepaperfrontface,3375,5,0,5,True,False,True,0.0,0.0
full_coverage_complete,hyalinepaperfrontface,3376,5,0,5,True,False,True,0.0,0.0
full_coverage_complete,hyalinepaperfrontface,3377,6,0,6,True,False,True,0.0,0.0
full_coverage_complete,hyalinepaperfrontface,3378,6,0,6,True,False,True,0.0,0.0
full_coverage_complete,hyalinepaperfrontface,3379,5,0,5,True,False,True,0.0,0.0
full_coverage_complete,hyalinepaperfrontface,3380,5,0,5,True,False,True,0.0,0.0
full_coverage_complete,hyalinepaperfrontface,3381,5,0,5,True,False,True,0.0,0.0
full_coverage_complete,hyalinepaperfrontface,3382,5,0,5,True,False,True,0.0,0.0
full_coverage_complete,hyalinepaperfrontface,3383,5,0,5,True,False,True,0.0,0.0
full_coverage_complete,hyalinepaperfrontface,3384,5,0,5,True,False,True,0.0,0.0
full_coverage_complete,hyalinepaperfrontface,3385,5,0,5,True,False,True,0.0,0.0
full_coverage_complete,hyalinepaperfrontface,3386,5,0,5,True,False,True,0.0,0.0
full_coverage_complete,hyalinepaperfrontface,3387,0,0,4,True,False,True,0.0,0.0
full_coverage_complete,hyalinepaperfrontface,3388,5,0,5,True,False,True,0.0,0.0
full_coverage_complete,hyalinepaperfrontface,3389,0,0,4,True,False,True,0.0,0.0
full_coverage_complete,hyalinepaperfrontface,3390,5,0,5,True,False,True,0.0,0.0
full_coverage_complete,hyalinepaperfrontface,3391,5,0,5,True,False,True,0.0,0.0
full_coverage_complete,hyalinepaperfrontface,3392,5,0,5,True,False,True,0.0,0.0
full_coverage_complete,hyalinepaperfrontface,3393,5,0,5,True,False,True,0.0,0.0
full_coverage_complete,hyalinepaperfrontface,3394,5,0,5,True,False,True,0.0,0.0
full_coverage_complete,hyalinepaperfrontface,3395,5,0,5,True,False,True,0.0,0.0
full_coverage_complete,hyalinepaperfrontface,3396,5,0,5,True,False,True,0.0,0.0
full_coverage_complete,hyalinepaperfrontface,3397,5,0,5,True,False,True,0.0,0.0
full_coverage_complete,hyalinepaperfrontface,3398,6,0,6,True,False,True,0.0,0.0
full_coverage_complete,hyalinepaperfrontface,3399,0,1,6,True,False,True,0.0,0.10257465850487378
full_coverage_complete,hyalinepaperfrontface,3401,0,0,5,True,False,True,0.6752248603736561,0.6752248603736561
full_coverage_complete,hyalinepaperfrontface,3402,0,0,1,True,False,True,0.782121047121475,0.782121047121475
full_coverage_complete,hyalinepaperfrontface,3408,0,0,5,True,False,True,0.33231187906910725,0.33231187906910725
full_coverage_complete,hyalinepaperfrontface,3409,0,0,5,True,False,True,0.16757406195183025,0.16757406195183025
full_coverage_complete,hyalinepaperfrontface,3410,0,0,5,True,False,True,0.7123191637182616,0.7123191637182616
full_coverage_complete,hyalinepaperfrontface,3411,0,0,5,True,False,True,0.6067916229930727,0.6067916229930727
full_coverage_complete,hyalinepaperfrontface,3412,0,0,5,True,False,True,0.6536858593980538,0.6536858593980538
full_coverage_complete,hyalinepaperfrontface,3413,0,0,5,True,False,True,0.7142370107049296,0.7142370107049296
full_coverage_complete,hyalinepaperfrontface,3426,0,0,1,True,False,True,0.26693469105608686,0.26693469105608686
full_coverage_complete,hyalinepaperfrontface,3427,1,1,1,True,False,True,0.33211197823615435,0.0
full_coverage_complete,hyalinepaperfrontface,3428,0,0,6,True,False,True,0.1211295865481505,0.1211295865481505
full_coverage_complete,hyalinepaperfrontface,3429,0,0,6,True,False,True,0.306082419161165,0.306082419161165
full_coverage_complete,hyalinepaperfrontface,3432,0,0,1,True,False,True,0.39192199832609814,0.39192199832609814
full_coverage_complete,hyalinepaperfrontface,3433,0,0,1,True,False,True,0.5560158096378064,0.5560158096378064
full_coverage_complete,hyalinepaperfrontface,3434,0,0,1,True,False,True,0.7975617519696031,0.7975617519696031
full_coverage_complete,hyalinepaperfrontface,3435,0,1,1,True,False,True,0.7684681500087921,0.0
full_coverage_complete,hyalinepaperfrontface,3436,0,0,5,True,False,True,0.0,0.0
full_coverage_complete,hyalinepaperfrontface,3437,0,0,5,True,False,True,0.21108662341823964,0.21108662341823964
full_coverage_complete,hyalinepaperfrontface,3438,0,0,6,True,False,True,0.28732158241563815,0.28732158241563815
full_coverage_complete,hyalinepaperfrontface,3439,0,0,5,True,False,True,0.4097355675264177,0.4097355675264177
full_coverage_complete,hyalinepaperfrontface,3440,0,0,5,True,False,True,0.4557663530926252,0.4557663530926252
full_coverage_complete,hyalinepaperfrontface,3441,0,0,5,True,False,True,0.30372821235108977,0.30372821235108977
full_coverage_complete,hyalinepaperfrontface,3442,0,0,5,True,False,True,0.44937638504846655,0.44937638504846655
full_coverage_complete,hyalinepaperfrontface,3443,0,0,5,True,False,True,0.5608524320857572,0.5608524320857572
full_coverage_complete,hyalinepaperfrontface,3446,5,1,5,True,False,True,0.677285284607356,0.6627798721440032
full_coverage_complete,hyalinepaperfrontface,3447,0,0,5,True,False,True,0.8249724664795911,0.8249724664795911
full_coverage_complete,hyalinepaperfrontface,3449,5,0,5,True,False,True,0.8833475404647146,0.9237003569753963
full_coverage_complete,hyalinepaperfrontface,3454,0,0,5,True,False,True,0.8915921348951245,0.8915921348951245
full_coverage_complete,hyalinepaperfrontface,3456,0,0,1,True,False,True,0.3946783694198121,0.3946783694198121
full_coverage_complete,hyalinepaperfrontface,3457,0,0,1,True,False,True,0.613268412737726,0.613268412737726
full_coverage_complete,hyalinepaperfrontface,3459,0,0,1,True,False,True,0.5252525068963608,0.5252525068963608
full_coverage_complete,hyalinepaperfrontface,3460,0,0,1,True,False,True,0.5811154957108324,0.5811154957108324
full_coverage_complete,hyalinepaperfrontface,3461,0,0,1,True,False,True,0.4809412447156942,0.4809412447156942
full_coverage_complete,hyalinepaperfrontface,3464,0,0,4,True,False,True,0.6690149302001359,0.6690149302001359
full_coverage_complete,hyalinepaperfrontface,3465,0,0,4,True,False,True,0.9635346557078223,0.9635346557078223
full_coverage_complete,hyalinepaperfrontface,3467,5,0,5,True,False,True,0.7597296887615207,0.7540606605118848
full_coverage_complete,hyalinepaperfrontface,3468,0,0,1,True,False,True,0.4164517748353205,0.4164517748353205
full_coverage_complete,hyalinepaperfrontface,3470,5,4,5,True,False,True,0.2004942935647849,0.0
full_coverage_complete,hyalinepaperfrontface,3471,0,0,6,True,False,True,0.06643036814678463,0.06643036814678463
full_coverage_complete,hyalinepaperfrontface,3473,0,0,5,True,False,True,0.24398139245813733,0.24398139245813733
full_coverage_complete,hyalinepaperfrontface,3474,0,0,5,True,False,True,0.3575289893620489,0.3575289893620489
full_coverage_complete,hyalinepaperfrontface,3475,0,0,5,True,False,True,0.36907946602226244,0.36907946602226244
full_coverage_complete,hyalinepaperfrontface,3476,0,0,5,True,False,True,0.4130309386687998,0.4130309386687998
full_coverage_complete,hyalinepaperfrontface,3477,0,0,1,True,False,True,0.549942905048669,0.549942905048669
full_coverage_complete,hyalinepaperfrontface,3478,0,0,1,True,False,True,0.6416759686478963,0.6416759686478963
full_coverage_complete,hyalinepaperfrontface,3479,0,0,5,True,False,True,0.46744275870635743,0.46744275870635743
full_coverage_complete,hyalinepaperfrontface,3480,0,0,5,True,False,True,0.4732102215209623,0.4732102215209623
full_coverage_complete,hyalinepaperfrontface,3481,0,0,5,True,False,True,0.5265935607159218,0.5265935607159218
full_coverage_complete,hyalinepaperfrontface,3482,0,0,5,True,False,True,0.4995352164968985,0.4995352164968985
full_coverage_complete,hyalinepaperfrontface,3483,0,0,5,True,False,True,0.3996323305595302,0.3996323305595302
full_coverage_complete,hyalinepaperfrontface,3484,0,0,1,True,False,True,0.29738891092592146,0.29738891092592146
full_coverage_complete,hyalinepaperfrontface,3485,0,0,5,True,False,True,0.3779651850247025,0.3779651850247025
full_coverage_complete,hyalinepaperfrontface,3486,0,0,1,True,False,True,0.5318504584664492,0.5318504584664492
full_coverage_complete,hyalinepaperfrontface,3487,0,0,1,True,False,True,0.6054235346178711,0.6054235346178711
full_coverage_complete,hyalinepaperfrontface,3488,0,0,5,True,False,True,0.6893697422481342,0.6893697422481342
full_coverage_complete,hyalinepaperfrontface,3489,0,0,5,True,False,True,0.734572396507028,0.734572396507028
full_coverage_complete,hyalinepaperfrontface,3490,0,0,5,True,False,True,0.6912658355563094,0.6912658355563094
full_coverage_complete,hyalinepaperfrontface,3491,0,0,5,True,False,True,0.7067423200793131,0.7067423200793131
full_coverage_complete,hyalinepaperfrontface,3492,0,0,6,True,False,True,0.7490543453841351,0.7490543453841351
full_coverage_complete,hyalinepaperfrontface,3493,0,0,5,True,False,True,0.6799647632084658,0.6799647632084658
full_coverage_complete,hyalinepaperfrontface,3495,0,0,1,True,False,True,0.698555138695809,0.698555138695809
full_coverage_complete,hyalinepaperfrontface,3499,0,0,1,True,False,True,0.7272735989525188,0.7272735989525188
full_coverage_complete,hyalinepaperfrontface,3500,0,0,1,True,False,True,0.774537209538973,0.774537209538973
full_coverage_complete,hyalinepaperfrontface,3502,0,0,1,True,False,True,0.5287603580078739,0.5287603580078739
full_coverage_complete,hyalinepaperfrontface,3503,0,0,1,True,False,True,0.5286676488962937,0.5286676488962937
full_coverage_complete,hyalinepaperfrontface,3504,1,2,1,True,False,True,0.4856058472959615,0.0
full_coverage_complete,hyalinepaperfrontface,3505,1,0,1,True,False,True,0.0,0.0
full_coverage_complete,hyalinepaperfrontface,3508,5,0,5,True,False,True,0.0,0.0
full_coverage_complete,hyalinepaperfrontface,3510,5,0,5,True,False,True,0.0,0.0
full_coverage_complete,hyalinepaperfrontface,3712,1,0,1,True,False,True,0.028134542318059546,0.030703296754624628
full_coverage_complete,hyalinepaperfrontface,3807,5,0,5,True,False,True,0.001365056036293133,0.0
full_coverage_complete,hyalinepaperfrontface,3809,5,0,5,True,False,True,0.0,0.0
full_coverage_complete,hyalinepaperfrontface,3810,5,0,5,True,False,True,0.0,0.0
full_coverage_complete,hyalinepaperfrontface,3811,0,0,5,True,False,True,0.0,0.0
full_coverage_complete,hyalinepaperfrontface,3813,0,1,0,False,False,True,0.0,0.35148477576601644
full_coverage_complete,hyalinepaperfrontface,3814,1,0,1,True,False,True,0.5526408875389178,0.0
full_coverage_complete,hyalinepaperfrontface,3815,5,0,5,True,False,True,0.0,0.0
full_coverage_complete,hyalinepaperfrontface,3816,5,0,5,True,False,True,0.0,0.0
full_coverage_complete,hyalinepaperfrontface,3817,0,0,5,True,False,True,0.0,0.0
full_coverage_complete,hyalinepaperfrontface,3863,0,0,1,True,False,True,0.05778367685922995,0.05778367685922995
full_coverage_complete,hyalinepaperfrontface,3864,0,0,4,True,False,True,0.0359862551944201,0.0359862551944201
full_coverage_complete,hyalinepaperfrontface,3898,0,0,4,True,False,True,0.0,0.0
full_coverage_complete,hyalinepaperfrontface,3900,5,0,5,True,False,True,0.0,0.0
full_coverage_complete,hyalinepaperfrontface,3905,0,0,4,True,False,True,0.0,0.0
full_coverage_complete,hyalinepaperfrontface,3912,0,0,1,True,False,True,0.0,0.0
full_coverage_complete,hyalinepaperfrontface,3914,0,0,5,True,False,True,0.0,0.0
full_coverage_complete,hyalinepaperfrontface,3922,5,0,5,True,False,True,0.0,0.0
full_coverage_complete,hyalinepaperfrontface,3932,5,0,5,True,False,True,0.0,0.0
full_coverage_complete,hyalinepaperfrontface,3945,5,0,5,True,False,True,0.0,0.0
full_coverage_complete,hyalinepaperfrontface,3948,1,0,1,True,False,True,0.0,0.0
full_coverage_complete,hyalinepaperfrontface,3949,1,0,1,True,False,True,0.0,0.0
full_coverage_complete,hyalinepaperfrontface,3975,1,0,1,True,False,True,0.08806127357391273,0.10114766383264424
full_coverage_complete,hyalinepaperfrontface,4119,0,0,1,True,False,True,0.0,0.0
full_coverage_complete,hyalinepaperfrontface,4120,0,0,1,True,False,True,0.0,0.0
full_coverage_complete,hyalinepaperfrontface,4131,0,0,6,True,False,True,0.0,0.0
full_coverage_complete,hyalinepaperfrontface,4133,0,0,5,True,False,True,0.0,0.0
full_coverage_complete,hyalinepaperfrontface,4134,0,0,5,True,False,True,0.0,0.0
full_coverage_complete,hyalinepaperfrontface,4135,0,0,5,True,False,True,0.0,0.0
full_coverage_complete,hyalinepaperfrontface,4144,0,0,5,True,False,True,0.0,0.0
full_coverage_complete,hyalinepaperfrontface,4145,0,0,5,True,False,True,0.0,0.0
full_coverage_complete,hyalinepaperfrontface,4146,0,0,5,True,False,True,0.0,0.0
full_coverage_complete,hyalinepaperfrontface,4147,0,0,5,True,False,True,0.0,0.0
full_coverage_complete,hyalinepaperfrontface,4148,0,0,5,True,False,True,0.0,0.0
full_coverage_complete,hyalinepaperfrontface,4149,0,0,5,True,False,True,0.0,0.0
full_coverage_complete,hyalinepaperfrontface,4150,0,0,5,True,False,True,0.0,0.0
full_coverage_complete,hyalinepaperfrontface,4151,0,0,5,True,False,True,0.0,0.0
full_coverage_complete,hyalinepaperfrontface,4152,0,0,5,True,False,True,0.0,0.0
full_coverage_complete,hyalinepaperfrontface,4153,0,0,5,True,False,True,0.0,0.0
full_coverage_complete,hyalinepaperfrontface,4155,0,0,5,True,False,True,0.0,0.0
full_coverage_complete,hyalinepaperfrontface,4156,0,0,5,True,False,True,0.0,0.0
full_coverage_complete,hyalinepaperfrontface,4159,0,0,4,True,False,True,0.0,0.0
full_coverage_complete,hyalinepaperfrontface,4160,0,0,5,True,False,True,0.0,0.0
full_coverage_complete,hyalinepaperfrontface,4161,0,0,1,True,False,True,0.0,0.0
full_coverage_complete,hyalinepaperfrontface,4166,0,0,5,True,False,True,0.18912032700196113,0.18912032700196113
full_coverage_complete,hyalinepaperfrontface,4168,0,0,4,True,False,True,0.2925687616152382,0.2925687616152382
full_coverage_complete,hyalinepaperfrontface,4184,0,0,5,True,False,True,0.001217474440806516,0.001217474440806516
full_coverage_complete,hyalinepaperfrontface,4185,0,0,5,True,False,True,0.0,0.0
full_coverage_complete,hyalinepaperfrontface,4186,0,0,5,True,False,True,0.0,0.0
full_coverage_complete,hyalinepaperfrontface,4187,0,0,5,True,False,True,0.0,0.0
full_coverage_complete,hyalinepaperfrontface,4188,0,0,4,True,False,True,0.0,0.0
full_coverage_complete,hyalinepaperfrontface,4189,0,0,4,True,False,True,0.0,0.0
full_coverage_complete,hyalinepaperfrontface,4190,0,0,4,True,False,True,0.0,0.0
full_coverage_complete,hyalinepaperfrontface,4191,0,0,5,True,False,True,0.0,0.0
full_coverage_complete,hyalinepaperfrontface,4192,0,0,1,True,False,True,0.0,0.0
full_coverage_complete,hyalinepaperfrontface,4193,0,0,1,True,False,True,0.0,0.0
full_coverage_complete,hyalinepaperfrontface,4227,0,0,1,True,False,True,0.0,0.0
full_coverage_complete,hyalinepaperfrontface,4228,0,0,1,True,False,True,0.0,0.0
full_coverage_complete,hyalinepaperfrontface,4229,0,0,1,True,False,True,0.0,0.0
full_coverage_complete,hyalinepaperfrontface,4230,0,0,1,True,False,True,0.0,0.0
full_coverage_complete,hyalinepaperfrontface,4231,0,0,1,True,False,True,0.0,0.0
full_coverage_complete,hyalinepaperfrontface,4232,0,0,1,True,False,True,0.0,0.0
full_coverage_complete,hyalinepaperfrontface,4233,0,0,5,True,False,True,0.0,0.0
full_coverage_complete,hyalinepaperfrontface,4234,0,0,1,True,False,True,0.0,0.0
full_coverage_complete,hyalinepaperfrontface,4240,0,0,1,True,False,True,0.0,0.0
full_coverage_complete,hyalinepaperfrontface,4241,0,0,1,True,False,True,0.0,0.0
full_coverage_complete,hyalinepaperfrontface,4242,0,0,4,True,False,True,0.0,0.0
full_coverage_complete,hyalinepaperfrontface,4243,0,0,1,True,False,True,0.0,0.0
full_coverage_complete,hyalinepaperfrontface,4256,0,0,5,True,False,True,0.11236988451978486,0.11236988451978486
full_coverage_complete,hyalinepaperfrontface,4257,0,0,5,True,False,True,0.13565827848875175,0.13565827848875175
full_coverage_complete,hyalinepaperfrontface,4258,0,0,5,True,False,True,0.15546008939155112,0.15546008939155112
full_coverage_complete,hyalinepaperfrontface,4259,0,0,5,True,False,True,0.14660920688928708,0.14660920688928708
full_coverage_complete,hyalinepaperfrontface,4260,0,0,5,True,False,True,0.1811278195287438,0.1811278195287438
full_coverage_complete,hyalinepaperfrontface,4261,0,0,5,True,False,True,0.19200248782411045,0.19200248782411045
full_coverage_complete,hyalinepaperfrontface,4262,0,0,5,True,False,True,0.17421822804101258,0.17421822804101258
full_coverage_complete,hyalinepaperfrontface,4274,0,0,1,True,False,True,0.0,0.0
full_coverage_complete,hyalinepaperfrontface,4275,0,0,5,True,False,True,0.0,0.0
full_coverage_complete,hyalinepaperfrontface,4276,0,0,5,True,False,True,0.0,0.0
full_coverage_complete,hyalinepaperfrontface,4280,0,0,5,True,False,True,0.0,0.0
full_coverage_complete,hyalinepaperfrontface,4282,0,0,5,True,False,True,0.0,0.0
full_coverage_complete,hyalinepaperfrontface,4284,0,0,5,True,False,True,0.0,0.0
full_coverage_complete,hyalinepaperfrontface,4285,0,0,5,True,False,True,0.0,0.0
full_coverage_complete,hyalinepaperfrontface,4286,0,0,5,True,False,True,0.0,0.0
full_coverage_complete,hyalinepaperfrontface,4287,0,0,5,True,False,True,0.0,0.0
full_coverage_complete,hyalinepaperfrontface,4288,0,0,5,True,False,True,0.0,0.0
full_coverage_complete,hyalinepaperfrontface,4291,0,0,1,True,False,True,0.0,0.0
full_coverage_complete,hyalinepaperfrontface,4294,0,0,5,True,False,True,0.0,0.0
full_coverage_complete,hyalinepaperfrontface,4295,0,0,5,True,False,True,0.0,0.0
full_coverage_complete,hyalinepaperfrontface,4296,0,0,5,True,False,True,0.0,0.0
full_coverage_complete,hyalinepaperfrontface,4297,0,0,5,True,False,True,0.0,0.0
full_coverage_complete,hyalinepaperfrontface,4298,0,0,5,True,False,True,0.0,0.0
full_coverage_complete,hyalinepaperfrontface,4299,0,0,5,True,False,True,0.0,0.0
full_coverage_complete,hyalinepaperfrontface,4300,0,0,5,True,False,True,0.0,0.0
full_coverage_complete,hyalinepaperfrontface,4301,0,0,5,True,False,True,0.0,0.0
full_coverage_complete,hyalinepaperfrontface,4302,0,0,5,True,False,True,0.0,0.0
full_coverage_complete,hyalinepaperfrontface,4303,0,0,5,True,False,True,0.0,0.0
full_coverage_complete,hyalinepaperfrontface,4304,0,0,5,True,False,True,0.0,0.0
full_coverage_complete,hyalinepaperfrontface,4305,0,0,5,True,False,True,0.0,0.0
full_coverage_complete,hyalinepaperfrontface,4306,0,0,5,True,False,True,0.0,0.0
full_coverage_complete,hyalinepaperfrontface,4307,0,0,5,True,False,True,0.0,0.0
full_coverage_complete,hyalinepaperfrontface,4308,0,0,5,True,False,True,0.0,0.0
full_coverage_complete,hyalinepaperfrontface,4309,0,0,5,True,False,True,0.0,0.0
full_coverage_complete,hyalinepaperfrontface,4310,0,0,5,True,False,True,0.0,0.0
full_coverage_complete,hyalinepaperfrontface,4311,0,0,5,True,False,True,0.0,0.0
full_coverage_complete,hyalinepaperfrontface,4312,0,0,5,True,False,True,0.0,0.0
full_coverage_complete,hyalinepaperfrontface,4313,0,0,5,True,False,True,0.0,0.0
full_coverage_complete,hyalinepaperfrontface,4314,0,2,5,True,False,True,0.0,0.0
full_coverage_complete,hyalinepaperfrontface,4315,5,2,5,True,False,True,0.0,0.0
full_coverage_complete,hyalinepaperfrontface,4316,0,0,5,True,False,True,0.0,0.0
full_coverage_complete,large,16,1,1,1,True,False,True,0.6344580145982264,0.0
full_coverage_complete,large,23,0,2,4,True,False,True,0.01757294865586249,0.19188515144134285
full_coverage_complete,large,25,0,0,5,True,False,True,0.22043105120464787,0.22043105120464787
full_coverage_complete,large,103,5,1,5,True,False,True,0.3786624139173382,0.0
full_coverage_complete,large,107,0,0,1,True,False,True,0.0,0.0
full_coverage_complete,large,108,0,0,4,True,False,True,0.0,0.0
full_coverage_complete,large,109,0,0,5,True,False,True,0.0,0.0
full_coverage_complete,large,110,0,0,5,True,False,True,0.3360199424385806,0.3360199424385806
full_coverage_complete,large,115,0,1,5,True,False,True,0.26779440995195614,0.0
full_coverage_complete,large,116,5,0,5,True,False,True,0.0,0.0
full_coverage_complete,large,117,0,0,1,True,False,True,0.0,0.6058110641706763
full_coverage_complete,large,156,0,0,0,False,False,True,0.7142839746926615,0.0
full_coverage_complete,large,158,5,0,5,True,False,True,0.0,0.0
full_coverage_complete,large,159,0,0,0,False,False,True,0.0,0.7506081358500283
full_coverage_complete,large,245,5,0,5,True,False,True,0.3890422706181137,0.3566798174480474
full_coverage_complete,large,246,0,0,5,True,False,True,0.4420285184126753,0.4420285184126753
full_coverage_complete,large,406,0,0,5,True,False,True,0.0,0.0
full_coverage_complete,large,407,0,0,5,True,False,True,0.0,0.0
full_coverage_complete,large,408,0,0,0,False,False,True,0.0,0.8604870616614467
full_coverage_complete,large,412,0,0,2,True,False,True,0.7827223903298064,0.7827223903298064
full_coverage_complete,large,413,2,1,2,True,False,True,0.7282531127402797,0.0
full_coverage_complete,large,570,5,0,5,True,False,True,0.5866678129721993,0.5557676772429645
full_coverage_complete,large,625,0,0,0,False,False,True,0.7579939408247315,0.09379630467046016
full_coverage_complete,large,646,5,3,5,True,False,True,0.0,0.22584001148578656
full_coverage_complete,large,683,0,0,2,True,False,True,0.0,0.0
full_coverage_complete,large,689,0,0,1,True,False,True,0.0,0.0
full_coverage_complete,large,702,0,0,0,False,False,True,0.8013046867627542,0.026798069936593213
full_coverage_complete,large,734,0,0,6,True,False,True,0.018097986841323323,0.018097986841323323
full_coverage_complete,large,787,0,1,0,False,False,True,0.89290807771446,0.0
full_coverage_complete,large,789,5,0,5,True,False,True,0.0,0.0
full_coverage_complete,large,791,0,0,2,True,False,True,0.003908383996728818,0.003908383996728818
full_coverage_complete,large,792,0,0,1,True,False,True,0.006829016978303704,0.006829016978303704
full_coverage_complete,large,793,0,0,2,True,False,True,0.012450373734937032,0.012450373734937032
full_coverage_complete,large,794,0,0,1,True,False,True,0.02094861270614976,0.02094861270614976
full_coverage_complete,large,795,0,0,6,True,False,True,0.03888066164809386,0.03888066164809386
full_coverage_complete,large,796,1,0,1,True,False,True,0.015026175762444834,0.7247984714477772
full_coverage_complete,large,922,0,1,0,False,False,True,0.32293269787194734,0.0
full_coverage_complete,large,925,0,1,2,True,False,True,0.0,0.8434686075213951
full_coverage_complete,large,975,0,0,2,True,False,True,0.6521107654067072,0.6521107654067072
full_coverage_complete,large,1106,0,0,2,True,False,True,0.7551213578372243,0.7551213578372243
full_coverage_complete,large,1107,2,1,2,True,False,True,0.6041754546406983,0.0
full_coverage_complete,large,1109,0,0,2,True,False,True,0.0,0.0
full_coverage_complete,large,1110,0,0,2,True,False,True,0.0,0.0
full_coverage_complete,large,1111,0,0,2,True,False,True,0.0,0.6500627427674702
full_coverage_complete,lastleftgirl,59,0,0,2,True,False,True,0.6809505266413416,0.6809505266413416
full_coverage_complete,lastleftgirl,60,0,1,2,True,False,True,0.31652643106628325,0.0
full_coverage_complete,lastleftgirl,61,0,0,1,True,False,True,0.32207613242813965,0.32207613242813965
full_coverage_complete,lastleftgirl,71,0,0,2,True,False,True,0.772796420950338,0.772796420950338
full_coverage_complete,lastleftgirl,72,0,0,2,True,False,True,0.6127362399114494,0.6127362399114494
full_coverage_complete,lastleftgirl,73,0,0,2,True,False,True,0.5161709150734699,0.5161709150734699
full_coverage_complete,lastleftgirl,75,0,0,2,True,False,True,0.4792077918712017,0.4792077918712017
full_coverage_complete,lastleftgirl,79,2,0,2,True,False,True,0.7953459580825056,0.0
full_coverage_complete,lastleftgirl,80,0,0,4,True,False,True,0.0,0.0
full_coverage_complete,lastleftgirl,81,0,0,4,True,False,True,0.0,0.0
full_coverage_complete,lastleftgirl,82,0,0,4,True,False,True,0.0,0.0
full_coverage_complete,lastleftgirl,83,4,3,4,True,False,True,0.0,0.0
full_coverage_complete,lastleftgirl,84,5,3,5,True,False,True,0.0,0.0
full_coverage_complete,lastleftgirl,85,0,0,5,True,False,True,0.0,0.0
full_coverage_complete,lastleftgirl,86,0,0,4,True,False,True,0.0,0.0
full_coverage_complete,lastleftgirl,87,0,0,4,True,False,True,0.0,0.0
full_coverage_complete,lastleftgirl,88,0,0,4,True,False,True,0.0,0.0
full_coverage_complete,lastleftgirl,89,0,0,4,True,False,True,0.0,0.0
full_coverage_complete,lastleftgirl,90,0,1,4,True,False,True,0.0,0.8423466241076194
full_coverage_complete,lastleftgirl,91,0,0,5,True,False,True,0.7457163405476107,0.7457163405476107
full_coverage_complete,lastleftgirl,92,0,0,5,True,False,True,0.7063358142915293,0.7063358142915293
full_coverage_complete,lastleftgirl,93,0,0,2,True,False,True,0.8048141421947009,0.8048141421947009
full_coverage_complete,lastleftgirl,94,0,0,2,True,False,True,0.7501376651954127,0.7501376651954127
full_coverage_complete,lastleftgirl,95,0,0,2,True,False,True,0.0,0.0
full_coverage_complete,lastleftgirl,96,0,0,1,True,False,True,0.0031183653193954048,0.0031183653193954048
full_coverage_complete,lastleftgirl,97,4,0,4,True,False,True,0.731033266125246,0.7263011319002151
full_coverage_complete,lastleftgirl,98,5,0,5,True,False,True,0.6815069923809838,0.6139670012318242
full_coverage_complete,lastleftgirl,99,5,0,5,True,False,True,0.6069295404789867,0.7872975910310626
full_coverage_complete,lastleftgirl,102,0,0,2,True,False,True,0.7497927357612011,0.7497927357612011
full_coverage_complete,lastleftgirl,103,0,0,2,True,False,True,0.7889805797252676,0.7889805797252676
full_coverage_complete,lastleftgirl,105,0,0,2,True,False,True,0.7661462616878371,0.7661462616878371
full_coverage_complete,lastleftgirl,107,0,0,2,True,False,True,0.6578239086123249,0.6578239086123249
full_coverage_complete,lastleftgirl,108,0,0,2,True,False,True,0.5840516463708917,0.5840516463708917
full_coverage_complete,lastleftgirl,109,0,0,2,True,False,True,0.5707380776192288,0.5707380776192288
full_coverage_complete,lastleftgirl,110,4,1,4,True,False,True,0.5079739351155333,0.6135515286376546
full_coverage_complete,lastleftgirl,111,0,0,4,True,False,True,0.5200898426319754,0.5200898426319754
full_coverage_complete,lastleftgirl,112,0,0,4,True,False,True,0.4441205052708991,0.4441205052708991
full_coverage_complete,lastleftgirl,113,4,1,4,True,False,True,0.5266035905744665,0.6710953518148033
full_coverage_complete,lastleftgirl,114,0,0,4,True,False,True,0.41860905091406975,0.41860905091406975
full_coverage_complete,lastleftgirl,115,0,0,4,True,False,True,0.32145945326226494,0.32145945326226494
full_coverage_complete,lastleftgirl,116,0,0,4,True,False,True,0.4622649157557206,0.4622649157557206
full_coverage_complete,lastleftgirl,117,0,0,4,True,False,True,0.5773580950054782,0.5773580950054782
full_coverage_complete,lastleftgirl,118,2,0,2,True,False,True,0.41375124640082783,0.34301610362400103
full_coverage_complete,lastleftgirl,119,0,0,5,True,False,True,0.08756720851874099,0.08756720851874099
full_coverage_complete,lastleftgirl,120,5,0,5,True,False,True,0.03738658275403502,0.2691934669306618
full_coverage_complete,lastleftgirl,121,2,0,2,True,False,True,0.25248423038312684,0.46570437836014605
full_coverage_complete,lastleftgirl,122,0,1,5,True,False,True,0.5145999002696929,0.0
full_coverage_complete,lastleftgirl,126,4,0,4,True,False,True,0.0,0.0
full_coverage_complete,lastleftgirl,127,0,0,2,True,False,True,0.0,0.0
full_coverage_complete,lastleftgirl,131,0,0,2,True,False,True,0.0,0.0
full_coverage_complete,lastleftgirl,132,0,0,2,True,False,True,0.0,0.0
full_coverage_complete,lastleftgirl,133,0,0,2,True,False,True,0.0,0.0
full_coverage_complete,lastleftgirl,134,0,0,2,True,False,True,0.0,0.0
full_coverage_complete,lastleftgirl,136,0,0,1,True,False,True,0.0,0.0
full_coverage_complete,lastleftgirl,137,0,0,1,True,False,True,0.0,0.0
full_coverage_complete,lastleftgirl,174,0,0,4,True,False,True,0.0,0.0
full_coverage_complete,lastleftgirl,175,0,0,4,True,False,True,0.0,0.0
full_coverage_complete,lastleftgirl,176,0,0,2,True,False,True,0.0,0.0
full_coverage_complete,lastleftgirl,182,0,0,4,True,False,True,0.0,0.0
full_coverage_complete,lastleftgirl,193,0,0,2,True,False,True,0.0,0.0
full_coverage_complete,lastleftgirl,200,0,0,1,True,False,True,0.0,0.0
full_coverage_complete,lastleftgirl,201,0,0,2,True,False,True,0.0,0.0
full_coverage_complete,lastleftgirl,207,0,0,1,True,False,True,0.0,0.0
full_coverage_complete,lastleftgirl,208,0,0,2,True,False,True,0.0,0.0
full_coverage_complete,lastleftgirl,209,0,0,2,True,False,True,0.0,0.0
full_coverage_complete,lastleftgirl,210,0,0,4,True,False,True,0.0,0.0
full_coverage_complete,lastleftgirl,214,0,0,2,True,False,True,0.0,0.0
full_coverage_complete,lastleftgirl,215,0,0,4,True,False,True,0.0,0.0
full_coverage_complete,lastleftgirl,216,0,0,4,True,False,True,0.0,0.0
full_coverage_complete,lastleftgirl,224,0,0,4,True,False,True,0.0,0.0
full_coverage_complete,lastleftgirl,225,0,0,4,True,False,True,0.0,0.0
full_coverage_complete,lastleftgirl,227,0,0,2,True,False,True,0.0,0.0
full_coverage_complete,lastleftgirl,228,0,0,2,True,False,True,0.0,0.0
full_coverage_complete,lastleftgirl,230,0,0,4,True,False,True,0.0,0.0
full_coverage_complete,lastleftgirl,232,0,0,4,True,False,True,0.0,0.0
full_coverage_complete,lastleftgirl,236,0,0,2,True,False,True,0.0,0.0
full_coverage_complete,lastleftgirl,238,0,0,1,True,False,True,0.0,0.0
full_coverage_complete,lastleftgirl,241,1,0,1,True,False,True,0.0,0.0
full_coverage_complete,lastleftgirl,242,0,0,4,True,False,True,0.0,0.0
full_coverage_complete,lastleftgirl,243,4,0,4,True,False,True,0.0,0.0
full_coverage_complete,lastleftgirl,245,0,0,2,True,False,True,0.0,0.0
full_coverage_complete,lastleftgirl,246,0,0,4,True,False,True,0.0,0.0
full_coverage_complete,lastleftgirl,247,0,0,2,True,False,True,0.0,0.0
full_coverage_complete,lastleftgirl,248,0,0,2,True,False,True,0.0,0.0
full_coverage_complete,lastleftgirl,249,0,0,2,True,False,True,0.0,0.0
full_coverage_complete,lastleftgirl,254,1,0,1,True,False,True,0.0,0.0
full_coverage_complete,lastleftgirl,255,0,0,1,True,False,True,0.0,0.0
full_coverage_complete,lastleftgirl,256,0,0,1,True,False,True,0.0,0.0
full_coverage_complete,lastleftgirl,279,0,0,2,True,False,True,0.0,0.0
full_coverage_complete,lastleftgirl,311,0,0,4,True,False,True,0.0,0.0
full_coverage_complete,lastleftgirl,348,0,0,2,True,False,True,0.0,0.0
full_coverage_complete,lastleftgirl,349,4,0,4,True,False,True,0.0,0.0
full_coverage_complete,lastleftgirl,352,0,0,2,True,False,True,0.0,0.0
full_coverage_complete,lastleftgirl,355,0,0,2,True,False,True,0.0,0.0
full_coverage_complete,lastleftgirl,356,0,0,2,True,False,True,0.0,0.0
full_coverage_complete,lastleftgirl,357,0,0,5,True,False,True,0.0,0.0
full_coverage_complete,lastleftgirl,358,0,0,5,True,False,True,0.0,0.0
full_coverage_complete,lastleftgirl,359,0,0,2,True,False,True,0.0,0.0
full_coverage_complete,lastleftgirl,360,0,0,2,True,False,True,0.0,0.0
full_coverage_complete,lastleftgirl,361,0,0,2,True,False,True,0.0,0.0
full_coverage_complete,lastleftgirl,362,0,0,2,True,False,True,0.0,0.0
full_coverage_complete,lastleftgirl,363,0,0,2,True,False,True,0.0,0.0
full_coverage_complete,lastleftgirl,364,0,0,1,True,False,True,0.0,0.0
full_coverage_complete,lastleftgirl,365,0,0,4,True,False,True,0.0,0.0
full_coverage_complete,lastleftgirl,366,0,0,2,True,False,True,0.0,0.0
full_coverage_complete,lastleftgirl,367,0,0,4,True,False,True,0.0,0.0
full_coverage_complete,lastleftgirl,368,0,0,5,True,False,True,0.0,0.0
full_coverage_complete,lastleftgirl,369,0,0,4,True,False,True,0.0,0.0
full_coverage_complete,lastleftgirl,377,0,0,4,True,False,True,0.0,0.0
full_coverage_complete,lastleftgirl,378,0,0,4,True,False,True,0.0,0.0
full_coverage_complete,lastleftgirl,379,0,0,4,True,False,True,0.0,0.0
full_coverage_complete,lastleftgirl,380,0,0,4,True,False,True,0.0,0.0
full_coverage_complete,lastleftgirl,381,0,0,4,True,False,True,0.0,0.0
full_coverage_complete,lastleftgirl,382,0,0,4,True,False,True,0.0,0.0
full_coverage_complete,lastleftgirl,383,0,0,4,True,False,True,0.0,0.0
full_coverage_complete,lastleftgirl,384,0,1,4,True,False,True,0.0,0.0
full_coverage_complete,lastleftgirl,385,4,0,4,True,False,True,0.0,0.0
full_coverage_complete,lastleftgirl,386,0,0,5,True,False,True,0.0,0.0
full_coverage_complete,lastleftgirl,387,4,0,4,True,False,True,0.0,0.0
full_coverage_complete,lastleftgirl,388,0,0,5,True,False,True,0.0,0.0
full_coverage_complete,lastleftgirl,389,0,0,1,True,False,True,0.0,0.0
full_coverage_complete,lastleftgirl,392,0,0,1,True,False,True,0.0,0.0
full_coverage_complete,lastleftgirl,394,0,0,4,True,False,True,0.0,0.0
full_coverage_complete,lastleftgirl,395,0,0,1,True,False,True,0.0,0.0
full_coverage_complete,lastleftgirl,396,0,0,1,True,False,True,0.0,0.0
full_coverage_complete,lastleftgirl,397,0,0,1,True,False,True,0.0,0.0
full_coverage_complete,lastleftgirl,398,0,0,4,True,False,True,0.0,0.0
full_coverage_complete,lastleftgirl,399,0,0,4,True,False,True,0.0,0.0
full_coverage_complete,lastleftgirl,400,0,0,1,True,False,True,0.0,0.0
full_coverage_complete,lastleftgirl,401,0,0,4,True,False,True,0.0,0.0
full_coverage_complete,lastleftgirl,402,0,0,4,True,False,True,0.0,0.0
full_coverage_complete,lastleftgirl,403,0,0,4,True,False,True,0.0,0.0
full_coverage_complete,lastleftgirl,404,0,0,4,True,False,True,0.0,0.0
full_coverage_complete,lastleftgirl,405,0,0,1,True,False,True,0.0,0.0
full_coverage_complete,lastleftgirl,406,0,0,4,True,False,True,0.0,0.0
full_coverage_complete,lastleftgirl,407,0,0,4,True,False,True,0.0,0.0
full_coverage_complete,lastleftgirl,408,0,0,4,True,False,True,0.0,0.0
full_coverage_complete,lastleftgirl,409,0,0,1,True,False,True,0.0,0.0
full_coverage_complete,lastleftgirl,410,0,0,4,True,False,True,0.0,0.0
full_coverage_complete,lastleftgirl,411,0,0,4,True,False,True,0.0,0.0
full_coverage_complete,lastleftgirl,412,0,0,4,True,False,True,0.0,0.0
full_coverage_complete,lastleftgirl,413,0,0,4,True,False,True,0.0,0.0
full_coverage_complete,lastleftgirl,414,0,0,4,True,False,True,0.0,0.0
full_coverage_complete,lastleftgirl,415,0,0,4,True,False,True,0.0,0.0
full_coverage_complete,lastleftgirl,416,2,3,2,True,False,True,0.0,0.0
full_coverage_complete,lastleftgirl,418,0,0,4,True,False,True,0.0,0.0
full_coverage_complete,lastleftgirl,422,0,0,4,True,False,True,0.0,0.0
full_coverage_complete,lastleftgirl,427,0,0,4,True,False,True,0.0,0.0
full_coverage_complete,lastleftgirl,428,0,0,2,True,False,True,0.0,0.0
full_coverage_complete,lastleftgirl,429,0,0,4,True,False,True,0.0,0.0
full_coverage_complete,lastleftgirl,430,0,0,4,True,False,True,0.0,0.0
full_coverage_complete,lastleftgirl,431,0,0,4,True,False,True,0.0,0.0
full_coverage_complete,lastleftgirl,433,0,0,4,True,False,True,0.0,0.0
full_coverage_complete,lastleftgirl,434,0,0,4,True,False,True,0.0,0.0
full_coverage_complete,lastleftgirl,435,0,0,4,True,False,True,0.0,0.0
full_coverage_complete,lastleftgirl,436,0,0,4,True,False,True,0.0,0.0
full_coverage_complete,lastleftgirl,437,0,0,4,True,False,True,0.0,0.0
full_coverage_complete,lastleftgirl,438,0,0,4,True,False,True,0.0,0.0
full_coverage_complete,lastleftgirl,439,0,0,4,True,False,True,0.0,0.0
full_coverage_complete,lastleftgirl,440,0,0,4,True,False,True,0.0,0.0
full_coverage_complete,lastleftgirl,441,0,0,5,True,False,True,0.0,0.0
full_coverage_complete,lastleftgirl,442,0,0,4,True,False,True,0.0,0.0
full_coverage_complete,lastleftgirl,443,0,0,1,True,False,True,0.0,0.0
full_coverage_complete,lastleftgirl,444,0,0,2,True,False,True,0.0,0.0
full_coverage_complete,lastleftgirl,445,0,0,4,True,False,True,0.0,0.0
full_coverage_complete,lastleftgirl,446,0,0,5,True,False,True,0.0,0.0
full_coverage_complete,lastleftgirl,447,0,0,2,True,False,True,0.0,0.0
full_coverage_complete,lastleftgirl,448,4,0,4,True,False,True,0.0,0.0
full_coverage_complete,lastleftgirl,450,0,0,1,True,False,True,0.0,0.0
full_coverage_complete,lastleftgirl,452,0,0,1,True,False,True,0.0,0.0
full_coverage_complete,lastleftgirl,453,0,0,1,True,False,True,0.0,0.0
full_coverage_complete,lastleftgirl,454,0,0,1,True,False,True,0.0,0.0
full_coverage_complete,lastleftgirl,455,0,0,4,True,False,True,0.0,0.0
full_coverage_complete,lastleftgirl,456,0,0,1,True,False,True,0.0,0.0
full_coverage_complete,lastleftgirl,457,0,0,5,True,False,True,0.0,0.0
full_coverage_complete,lastleftgirl,458,0,0,2,True,False,True,0.0,0.0
full_coverage_complete,lastleftgirl,459,0,0,2,True,False,True,0.0,0.0
full_coverage_complete,lastleftgirl,460,0,0,1,True,False,True,0.0,0.0
full_coverage_complete,lastleftgirl,461,0,0,1,True,False,True,0.0,0.0
full_coverage_complete,lastleftgirl,462,0,0,1,True,False,True,0.0,0.0
full_coverage_complete,lastleftgirl,463,0,0,1,True,False,True,0.0,0.0
full_coverage_complete,lastleftgirl,465,0,0,2,True,False,True,0.0,0.0
full_coverage_complete,lastleftgirl,468,4,0,4,True,False,True,0.0,0.0
full_coverage_complete,lastleftgirl,470,0,0,2,True,False,True,0.0,0.0
full_coverage_complete,lastleftgirl,471,0,0,1,True,False,True,0.0,0.0
full_coverage_complete,lastleftgirl,472,0,0,1,True,False,True,0.0,0.0
full_coverage_complete,lastleftgirl,473,0,0,2,True,False,True,0.0,0.0
full_coverage_complete,lastleftgirl,474,0,0,1,True,False,True,0.0,0.0
full_coverage_complete,lastleftgirl,475,0,0,1,True,False,True,0.0,0.0
full_coverage_complete,lastleftgirl,479,0,0,4,True,False,True,0.0,0.0
full_coverage_complete,lastleftgirl,482,0,0,1,True,False,True,0.0,0.0
full_coverage_complete,lastleftgirl,483,0,0,1,True,False,True,0.0,0.0
full_coverage_complete,lastleftgirl,484,0,0,1,True,False,True,0.0,0.0
full_coverage_complete,lastleftgirl,485,0,0,1,True,False,True,0.0,0.0
full_coverage_complete,lastleftgirl,486,0,0,4,True,False,True,0.0,0.0
full_coverage_complete,lastleftgirl,487,0,0,1,True,False,True,0.0,0.0
full_coverage_complete,lastleftgirl,488,0,0,2,True,False,True,0.0,0.0
full_coverage_complete,lastleftgirl,491,0,0,4,True,False,True,0.0,0.0
full_coverage_complete,lastleftgirl,492,0,0,4,True,False,True,0.0,0.0
full_coverage_complete,lastleftgirl,496,0,0,1,True,False,True,0.0,0.0
full_coverage_complete,lastleftgirl,497,0,0,4,True,False,True,0.0,0.0
full_coverage_complete,lastleftgirl,499,0,0,1,True,False,True,0.0,0.0
full_coverage_complete,lastleftgirl,500,0,0,1,True,False,True,0.0,0.0
full_coverage_complete,lastleftgirl,501,0,0,1,True,False,True,0.0,0.0
full_coverage_complete,lastleftgirl,526,0,0,1,True,False,True,0.0,0.0
full_coverage_complete,lastleftgirl,527,0,0,1,True,False,True,0.0,0.0
full_coverage_complete,lastleftgirl,538,0,0,1,True,False,True,0.0,0.0
full_coverage_complete,lastleftgirl,539,0,0,1,True,False,True,0.0,0.0
full_coverage_complete,lastleftgirl,541,0,0,1,True,False,True,0.0,0.0
full_coverage_complete,lastleftgirl,558,4,0,4,True,False,True,0.0,0.0
full_coverage_complete,lastleftgirl,583,0,0,5,True,False,True,0.0,0.0
full_coverage_complete,lastleftgirl,591,0,0,4,True,False,True,0.0,0.0
full_coverage_complete,lastleftgirl,592,0,0,4,True,False,True,0.0,0.0
full_coverage_complete,lastleftgirl,593,0,0,2,True,False,True,0.0,0.0
full_coverage_complete,lastleftgirl,594,0,0,2,True,False,True,0.0,0.0
full_coverage_complete,lastleftgirl,596,0,0,2,True,False,True,0.0,0.0
full_coverage_complete,lastleftgirl,597,0,0,1,True,False,True,0.0,0.0
full_coverage_complete,lastleftgirl,599,0,0,2,True,False,True,0.0,0.0
full_coverage_complete,lastleftgirl,601,0,0,2,True,False,True,0.0,0.0
full_coverage_complete,lastleftgirl,602,0,0,4,True,False,True,0.0,0.0
full_coverage_complete,lastleftgirl,608,0,0,4,True,False,True,0.0,0.0
full_coverage_complete,lastleftgirl,609,0,0,2,True,False,True,0.0,0.0
full_coverage_complete,lastleftgirl,612,0,0,1,True,False,True,0.0,0.0
full_coverage_complete,lastleftgirl,613,0,0,4,True,False,True,0.0,0.0
full_coverage_complete,lastleftgirl,614,0,0,4,True,False,True,0.0,0.0
full_coverage_complete,lastleftgirl,615,0,0,4,True,False,True,0.0,0.0
full_coverage_complete,lastleftgirl,616,0,2,4,True,False,True,0.0,0.0
full_coverage_complete,lastleftgirl,617,5,0,5,True,False,True,0.0,0.0
full_coverage_complete,lastleftgirl,618,0,0,5,True,False,True,0.0,0.0
full_coverage_complete,lastleftgirl,619,0,0,4,True,False,True,0.0,0.0
full_coverage_complete,lastleftgirl,621,0,0,2,True,False,True,0.0,0.0
full_coverage_complete,lastleftgirl,622,0,0,4,True,False,True,0.0,0.0
full_coverage_complete,lastleftgirl,625,0,0,2,True,False,True,0.0,0.0
full_coverage_complete,lastleftgirl,628,0,0,4,True,False,True,0.0,0.0
full_coverage_complete,lastleftgirl,629,0,0,4,True,False,True,0.0,0.0
full_coverage_complete,lastleftgirl,630,0,0,4,True,False,True,0.0,0.0
full_coverage_complete,lastleftgirl,631,0,1,4,True,False,True,0.0,0.0
full_coverage_complete,lastleftgirl,721,0,0,5,True,False,True,0.0,0.0
full_coverage_complete,lastleftgirl,722,0,0,5,True,False,True,0.0,0.0
full_coverage_complete,lastleftgirl,723,0,0,2,True,False,True,0.0,0.0
full_coverage_complete,lastleftgirl,725,0,0,2,True,False,True,0.0,0.0
full_coverage_complete,lastleftgirl,726,0,0,4,True,False,True,0.0,0.0
full_coverage_complete,lastleftgirl,727,0,0,5,True,False,True,0.0,0.0
full_coverage_complete,lastleftgirl,728,0,0,2,True,False,True,0.0,0.0
full_coverage_complete,lastleftgirl,729,0,0,5,True,False,True,0.0,0.0
full_coverage_complete,lastleftgirl,730,0,0,5,True,False,True,0.0,0.0
full_coverage_complete,lastleftgirl,731,0,0,4,True,False,True,0.0,0.0
full_coverage_complete,lastleftgirl,733,0,0,5,True,False,True,0.0,0.0
full_coverage_complete,lastleftgirl,734,0,0,5,True,False,True,0.0,0.0
full_coverage_complete,lastleftgirl,736,0,0,4,True,False,True,0.0,0.0
full_coverage_complete,lastleftgirl,737,0,0,5,True,False,True,0.0,0.0
full_coverage_complete,lastleftgirl,738,0,0,4,True,False,True,0.0,0.0
full_coverage_complete,lastleftgirl,739,0,0,5,True,False,True,0.0,0.0
full_coverage_complete,lastleftgirl,740,0,0,5,True,False,True,0.0,0.0
full_coverage_complete,lastleftgirl,741,0,0,5,True,False,True,0.0,0.0
full_coverage_complete,lastleftgirl,742,0,0,5,True,False,True,0.0,0.0
full_coverage_complete,lastleftgirl,746,0,0,4,True,False,True,0.0,0.0
full_coverage_complete,lastleftgirl,747,0,0,4,True,False,True,0.0,0.0
full_coverage_complete,lastleftgirl,748,0,0,4,True,False,True,0.0,0.0
full_coverage_complete,lastleftgirl,749,0,1,4,True,False,True,0.0,0.0
full_coverage_complete,lastleftgirl,750,5,0,5,True,False,True,0.0,0.0
full_coverage_complete,lastleftgirl,751,0,0,5,True,False,True,0.0,0.0
full_coverage_complete,lastleftgirl,752,0,0,5,True,False,True,0.0,0.0
full_coverage_complete,lastleftgirl,753,0,0,4,True,False,True,0.0,0.0
full_coverage_complete,lastleftgirl,754,0,0,4,True,False,True,0.0,0.0
full_coverage_complete,lastleftgirl,755,0,0,4,True,False,True,0.0,0.0
full_coverage_complete,lastleftgirl,756,0,0,5,True,False,True,0.0,0.0
full_coverage_complete,lastleftgirl,757,0,0,4,True,False,True,0.0,0.0
full_coverage_complete,lastleftgirl,758,4,0,4,True,False,True,0.0,0.0
full_coverage_complete,lastleftgirl,759,0,0,5,True,False,True,0.0,0.0
full_coverage_complete,lastleftgirl,760,0,1,5,True,False,True,0.0,0.0
full_coverage_complete,lastleftgirl,761,0,0,1,True,False,True,0.0,0.0
full_coverage_complete,lastleftgirl,762,0,0,2,True,False,True,0.0,0.0
full_coverage_complete,lastleftgirl,763,0,0,2,True,False,True,0.0,0.0
full_coverage_complete,lastleftgirl,764,0,0,2,True,False,True,0.0,0.0
full_coverage_complete,lastleftgirl,765,0,0,2,True,False,True,0.0,0.0
full_coverage_complete,lastleftgirl,766,0,0,2,True,False,True,0.0,0.0
full_coverage_complete,lastleftgirl,767,0,0,2,True,False,True,0.0,0.0
full_coverage_complete,lastleftgirl,768,0,0,4,True,False,True,0.0,0.0
full_coverage_complete,lastleftgirl,769,0,0,4,True,False,True,0.0,0.0
full_coverage_complete,lastleftgirl,770,0,0,4,True,False,True,0.0,0.0
full_coverage_complete,lastleftgirl,771,4,0,4,True,False,True,0.0,0.0
full_coverage_complete,lastleftgirl,772,0,0,4,True,False,True,0.0,0.0
full_coverage_complete,lastleftgirl,773,0,0,4,True,False,True,0.0,0.0
full_coverage_complete,lastleftgirl,774,4,0,4,True,False,True,0.0,0.0
full_coverage_complete,lastleftgirl,775,0,0,2,True,False,True,0.0,0.0
full_coverage_complete,lastleftgirl,780,0,0,2,True,False,True,0.0,0.0
full_coverage_complete,lastleftgirl,781,0,0,2,True,False,True,0.0,0.0
full_coverage_complete,lastleftgirl,783,0,0,2,True,False,True,0.0,0.0
full_coverage_complete,lastleftgirl,784,0,0,2,True,False,True,0.0,0.0
full_coverage_complete,lastleftgirl,785,0,0,2,True,False,True,0.0,0.0
full_coverage_complete,lastleftgirl,786,0,0,1,True,False,True,0.0,0.0
full_coverage_complete,lastleftgirl,787,0,0,2,True,False,True,0.0,0.0
full_coverage_complete,lastleftgirl,788,0,0,4,True,False,True,0.0,0.0
full_coverage_complete,lastleftgirl,791,0,0,2,True,False,True,0.0,0.0
full_coverage_complete,lastleftgirl,795,0,0,2,True,False,True,0.0,0.0
full_coverage_complete,lastleftgirl,806,0,0,2,True,False,True,0.0,0.0
full_coverage_complete,lastleftgirl,818,0,0,2,True,False,True,0.0,0.0
full_coverage_complete,lastleftgirl,822,0,0,2,True,False,True,0.0,0.0
full_coverage_complete,lastleftgirl,827,0,0,5,True,False,True,0.0,0.0
full_coverage_complete,lastleftgirl,829,0,0,5,True,False,True,0.0,0.0
full_coverage_complete,lastleftgirl,830,0,0,5,True,False,True,0.0,0.0
full_coverage_complete,lastleftgirl,831,0,0,5,True,False,True,0.0,0.0
full_coverage_complete,lastleftgirl,832,0,0,5,True,False,True,0.0,0.0
full_coverage_complete,lastleftgirl,833,0,0,5,True,False,True,0.0,0.0
full_coverage_complete,lastleftgirl,834,0,0,5,True,False,True,0.0,0.0
full_coverage_complete,lastleftgirl,835,0,0,5,True,False,True,0.0,0.0
full_coverage_complete,lastleftgirl,836,0,0,5,True,False,True,0.0,0.0
full_coverage_complete,lastleftgirl,837,0,0,5,True,False,True,0.0,0.0
full_coverage_complete,lastleftgirl,838,0,0,5,True,False,True,0.0,0.0
full_coverage_complete,lastleftgirl,839,0,0,5,True,False,True,0.0,0.0
full_coverage_complete,lastleftgirl,840,0,0,5,True,False,True,0.0,0.0
full_coverage_complete,lastleftgirl,841,0,0,5,True,False,True,0.0,0.0
full_coverage_complete,lastleftgirl,842,0,0,5,True,False,True,0.0,0.0
full_coverage_complete,lastleftgirl,843,0,0,5,True,False,True,0.0,0.0
full_coverage_complete,lastleftgirl,844,0,0,5,True,False,True,0.0,0.0
full_coverage_complete,lastleftgirl,845,0,0,5,True,False,True,0.0,0.0
full_coverage_complete,lastleftgirl,847,0,0,5,True,False,True,0.0,0.0
full_coverage_complete,lastleftgirl,850,0,0,5,True,False,True,0.0,0.0
full_coverage_complete,lastleftgirl,851,0,0,5,True,False,True,0.0,0.0
full_coverage_complete,lastleftgirl,853,0,0,5,True,False,True,0.0,0.0
full_coverage_complete,lastleftgirl,854,0,0,5,True,False,True,0.0,0.0
full_coverage_complete,lastleftgirl,855,0,0,5,True,False,True,0.0,0.0
full_coverage_complete,lastleftgirl,856,0,0,5,True,False,True,0.0,0.0
full_coverage_complete,lastleftgirl,858,0,0,5,True,False,True,0.0,0.0
full_coverage_complete,lastleftgirl,859,0,0,5,True,False,True,0.0,0.0
full_coverage_complete,lastleftgirl,860,0,0,5,True,False,True,0.0,0.0
full_coverage_complete,lastleftgirl,861,0,0,5,True,False,True,0.0,0.0
full_coverage_complete,lastleftgirl,862,0,0,5,True,False,True,0.0,0.0
full_coverage_complete,lastleftgirl,863,0,0,5,True,False,True,0.0,0.0
full_coverage_complete,lastleftgirl,864,0,0,5,True,False,True,0.0,0.0
full_coverage_complete,lastleftgirl,865,0,0,5,True,False,True,0.0,0.0
full_coverage_complete,lastleftgirl,866,0,0,5,True,False,True,0.0,0.0
full_coverage_complete,lastleftgirl,867,0,0,5,True,False,True,0.0,0.0
full_coverage_complete,lastleftgirl,868,0,0,5,True,False,True,0.0,0.0
full_coverage_complete,lastleftgirl,869,0,0,5,True,False,True,0.0,0.0
full_coverage_complete,lastleftgirl,871,0,0,5,True,False,True,0.0,0.0
full_coverage_complete,lastleftgirl,873,0,0,5,True,False,True,0.0,0.0
full_coverage_complete,lastleftgirl,874,0,0,5,True,False,True,0.0,0.0
full_coverage_complete,lastleftgirl,875,0,0,5,True,False,True,0.0,0.0
full_coverage_complete,lastleftgirl,877,0,0,5,True,False,True,0.0,0.0
full_coverage_complete,lastleftgirl,878,0,0,5,True,False,True,0.0,0.0
full_coverage_complete,lastleftgirl,879,0,0,5,True,False,True,0.0,0.0
full_coverage_complete,lastleftgirl,882,0,0,5,True,False,True,0.0,0.0
full_coverage_complete,lastleftgirl,883,0,0,5,True,False,True,0.0,0.0
full_coverage_complete,lastleftgirl,884,0,0,5,True,False,True,0.0,0.0
full_coverage_complete,lastleftgirl,885,0,0,5,True,False,True,0.0,0.0
full_coverage_complete,lastleftgirl,886,0,0,5,True,False,True,0.0,0.0
full_coverage_complete,lastleftgirl,887,0,0,5,True,False,True,0.0,0.0
full_coverage_complete,lastleftgirl,888,0,0,5,True,False,True,0.0,0.0
full_coverage_complete,lastleftgirl,889,0,0,5,True,False,True,0.0,0.0
full_coverage_complete,lastleftgirl,890,0,0,5,True,False,True,0.0,0.0
full_coverage_complete,lastleftgirl,891,0,0,5,True,False,True,0.0,0.0
full_coverage_complete,lastleftgirl,892,0,0,5,True,False,True,0.0,0.0
full_coverage_complete,lastleftgirl,895,0,0,5,True,False,True,0.0,0.0
full_coverage_complete,lastleftgirl,896,0,0,5,True,False,True,0.0,0.0
full_coverage_complete,lastleftgirl,897,0,0,5,True,False,True,0.0,0.0
full_coverage_complete,lastleftgirl,898,0,0,5,True,False,True,0.0,0.0
full_coverage_complete,lastleftgirl,899,0,0,5,True,False,True,0.0,0.0
full_coverage_complete,lastleftgirl,900,0,0,5,True,False,True,0.0,0.0
full_coverage_complete,lastleftgirl,902,0,0,5,True,False,True,0.0,0.0
full_coverage_complete,lastleftgirl,903,0,0,5,True,False,True,0.0,0.0
full_coverage_complete,lastleftgirl,904,0,0,5,True,False,True,0.0,0.0
full_coverage_complete,lastleftgirl,905,0,0,5,True,False,True,0.0,0.0
full_coverage_complete,lastleftgirl,906,0,0,5,True,False,True,0.0,0.0
full_coverage_complete,lastleftgirl,907,0,0,5,True,False,True,0.0,0.0
full_coverage_complete,lastleftgirl,908,0,0,5,True,False,True,0.0,0.0
full_coverage_complete,lastleftgirl,909,0,0,5,True,False,True,0.0,0.0
full_coverage_complete,lastleftgirl,910,0,0,5,True,False,True,0.0,0.0
full_coverage_complete,lastleftgirl,911,0,0,5,True,False,True,0.0,0.0
full_coverage_complete,lastleftgirl,912,0,0,5,True,False,True,0.0,0.0
full_coverage_complete,lastleftgirl,913,0,0,5,True,False,True,0.0,0.0
full_coverage_complete,lastleftgirl,914,0,0,5,True,False,True,0.0,0.0
full_coverage_complete,lastleftgirl,915,0,0,5,True,False,True,0.0,0.0
full_coverage_complete,lastleftgirl,917,0,0,5,True,False,True,0.0,0.0
full_coverage_complete,lastleftgirl,919,0,0,5,True,False,True,0.0,0.0
full_coverage_complete,lastleftgirl,920,0,0,5,True,False,True,0.0,0.0
full_coverage_complete,lastleftgirl,921,0,0,5,True,False,True,0.0,0.0
full_coverage_complete,lastleftgirl,922,0,0,5,True,False,True,0.0,0.0
full_coverage_complete,lastleftgirl,923,0,0,5,True,False,True,0.0,0.0
full_coverage_complete,lastleftgirl,924,0,0,5,True,False,True,0.0,0.0
full_coverage_complete,lastleftgirl,925,0,0,5,True,False,True,0.0,0.0
full_coverage_complete,lastleftgirl,926,0,0,5,True,False,True,0.0,0.0
full_coverage_complete,lastleftgirl,927,0,0,5,True,False,True,0.0,0.0
full_coverage_complete,lastleftgirl,929,0,0,5,True,False,True,0.0,0.0
full_coverage_complete,lastleftgirl,931,0,0,5,True,False,True,0.0,0.0
full_coverage_complete,lastleftgirl,932,0,0,5,True,False,True,0.0,0.0
full_coverage_complete,lastleftgirl,933,0,0,5,True,False,True,0.0,0.0
full_coverage_complete,lastleftgirl,935,0,0,5,True,False,True,0.0,0.0
full_coverage_complete,lastleftgirl,936,0,0,5,True,False,True,0.0,0.0
full_coverage_complete,lastleftgirl,937,0,0,5,True,False,True,0.0,0.0
full_coverage_complete,lastleftgirl,938,0,0,5,True,False,True,0.0,0.0
full_coverage_complete,lastleftgirl,939,0,0,5,True,False,True,0.0,0.0
full_coverage_complete,lastleftgirl,940,0,0,5,True,False,True,0.0,0.0
full_coverage_complete,lastleftgirl,941,0,0,5,True,False,True,0.0,0.0
full_coverage_complete,lastleftgirl,942,0,0,5,True,False,True,0.0,0.0
full_coverage_complete,lastleftgirl,943,0,0,5,True,False,True,0.0,0.0
full_coverage_complete,lastleftgirl,944,0,0,5,True,False,True,0.0,0.0
full_coverage_complete,lastleftgirl,945,0,0,5,True,False,True,0.0,0.0
full_coverage_complete,lastleftgirl,946,0,0,5,True,False,True,0.0,0.0
full_coverage_complete,lastleftgirl,947,0,0,5,True,False,True,0.0,0.0
full_coverage_complete,lastleftgirl,948,0,0,5,True,False,True,0.0,0.0
full_coverage_complete,lastleftgirl,949,0,0,5,True,False,True,0.0,0.0
full_coverage_complete,lastleftgirl,950,0,0,5,True,False,True,0.0,0.0
full_coverage_complete,lastleftgirl,951,0,0,5,True,False,True,0.0,0.0
full_coverage_complete,lastleftgirl,952,0,0,5,True,False,True,0.0,0.0
full_coverage_complete,lastleftgirl,953,0,0,5,True,False,True,0.0,0.0
full_coverage_complete,lastleftgirl,954,0,0,5,True,False,True,0.0,0.0
full_coverage_complete,lastleftgirl,955,0,0,4,True,False,True,0.0,0.0
full_coverage_complete,lastleftgirl,956,0,0,5,True,False,True,0.0,0.0
full_coverage_complete,lastleftgirl,957,0,0,5,True,False,True,0.0,0.0
full_coverage_complete,lastleftgirl,958,0,0,5,True,False,True,0.0,0.0
full_coverage_complete,lastleftgirl,959,0,0,5,True,False,True,0.0,0.0
full_coverage_complete,lastleftgirl,960,0,0,5,True,False,True,0.0,0.0
full_coverage_complete,lastleftgirl,961,0,0,5,True,False,True,0.0,0.0
full_coverage_complete,lastleftgirl,962,0,0,5,True,False,True,0.0,0.0
full_coverage_complete,lastleftgirl,963,0,0,5,True,False,True,0.0,0.0
full_coverage_complete,lastleftgirl,964,0,0,5,True,False,True,0.0,0.0
full_coverage_complete,lastleftgirl,966,0,0,5,True,False,True,0.0,0.0
full_coverage_complete,lastleftgirl,967,0,0,5,True,False,True,0.0,0.0
full_coverage_complete,lastleftgirl,968,0,0,5,True,False,True,0.0,0.0
full_coverage_complete,lastleftgirl,970,0,0,5,True,False,True,0.0,0.0
full_coverage_complete,lastleftgirl,971,0,0,5,True,False,True,0.0,0.0
full_coverage_complete,lastleftgirl,972,0,0,5,True,False,True,0.0,0.0
full_coverage_complete,lastleftgirl,974,0,0,5,True,False,True,0.0,0.0
full_coverage_complete,lastleftgirl,975,0,0,5,True,False,True,0.0,0.0
full_coverage_complete,lastleftgirl,976,0,0,5,True,False,True,0.0,0.0
full_coverage_complete,lastleftgirl,977,0,0,5,True,False,True,0.0,0.0
full_coverage_complete,lastleftgirl,978,0,0,5,True,False,True,0.0,0.0
full_coverage_complete,lastleftgirl,979,0,0,5,True,False,True,0.0,0.0
full_coverage_complete,lastleftgirl,980,0,0,5,True,False,True,0.0,0.0
full_coverage_complete,lastleftgirl,981,0,0,5,True,False,True,0.0,0.0
full_coverage_complete,lastleftgirl,982,0,0,5,True,False,True,0.0,0.0
full_coverage_complete,lastleftgirl,983,0,0,5,True,False,True,0.0,0.0
full_coverage_complete,lastleftgirl,984,0,0,5,True,False,True,0.0,0.0
full_coverage_complete,lastleftgirl,985,0,0,5,True,False,True,0.0,0.0
full_coverage_complete,lastleftgirl,986,0,0,5,True,False,True,0.0,0.0
full_coverage_complete,lastleftgirl,987,0,0,5,True,False,True,0.0,0.0
full_coverage_complete,lastleftgirl,988,0,0,5,True,False,True,0.0,0.0
full_coverage_complete,lastleftgirl,990,0,0,5,True,False,True,0.0,0.0
full_coverage_complete,lastleftgirl,992,0,0,5,True,False,True,0.0,0.0
full_coverage_complete,lastleftgirl,1033,0,0,2,True,False,True,0.0,0.0
full_coverage_complete,lastleftgirl,1035,0,0,2,True,False,True,0.0,0.0
full_coverage_complete,lastleftgirl,1039,0,0,2,True,False,True,0.0,0.0
full_coverage_complete,lastleftgirl,1042,0,0,2,True,False,True,0.0,0.0
full_coverage_complete,lastleftgirl,1043,0,0,2,True,False,True,0.0,0.0
full_coverage_complete,lastleftgirl,1044,0,0,2,True,False,True,0.0,0.0
full_coverage_complete,lastleftgirl,1045,0,0,2,True,False,True,0.0,0.0
full_coverage_complete,lastleftgirl,1046,0,0,2,True,False,True,0.0,0.0
full_coverage_complete,lastleftgirl,1047,0,0,2,True,False,True,0.0,0.0
full_coverage_complete,lastleftgirl,1048,0,0,2,True,False,True,0.0,0.0
full_coverage_complete,lastleftgirl,1049,0,0,2,True,False,True,0.0,0.0
full_coverage_complete,lastleftgirl,1050,0,0,2,True,False,True,0.0,0.0
full_coverage_complete,lastleftgirl,1051,0,0,2,True,False,True,0.0,0.0
full_coverage_complete,lastleftgirl,1052,0,0,2,True,False,True,0.0,0.0
full_coverage_complete,lastleftgirl,1053,0,0,2,True,False,True,0.0,0.0
full_coverage_complete,lastleftgirl,1054,0,0,2,True,False,True,0.0,0.0
full_coverage_complete,lastleftgirl,1055,0,0,2,True,False,True,0.0,0.0
full_coverage_complete,lastleftgirl,1056,0,0,2,True,False,True,0.0,0.0
full_coverage_complete,lastleftgirl,1057,0,0,2,True,False,True,0.0,0.0
full_coverage_complete,lastleftgirl,1060,0,0,2,True,False,True,0.0,0.0
full_coverage_complete,lastleftgirl,1064,0,0,2,True,False,True,0.0,0.0
full_coverage_complete,lastleftgirl,1065,0,0,2,True,False,True,0.0,0.0
full_coverage_complete,lastleftgirl,1066,0,0,2,True,False,True,0.0,0.0
full_coverage_complete,lastleftgirl,1067,0,0,2,True,False,True,0.0,0.0
full_coverage_complete,lastleftgirl,1068,0,0,2,True,False,True,0.0,0.0
full_coverage_complete,lastleftgirl,1071,0,0,2,True,False,True,0.0,0.0
full_coverage_complete,lastleftgirl,1072,0,0,2,True,False,True,0.0,0.0
full_coverage_complete,lastleftgirl,1080,0,0,2,True,False,True,0.0,0.0
full_coverage_complete,lastleftgirl,1082,0,0,5,True,False,True,0.0,0.0
full_coverage_complete,lastleftgirl,1084,0,0,2,True,False,True,0.0,0.0
full_coverage_complete,lastleftgirl,1086,0,0,5,True,False,True,0.0,0.0
full_coverage_complete,lastleftgirl,1091,0,0,2,True,False,True,0.0,0.0
full_coverage_complete,lastleftgirl,1100,4,0,4,True,False,True,0.0,0.0
full_coverage_complete,leftblkTboy,197,0,0,1,True,False,True,0.8023943248554423,0.8023943248554423
full_coverage_complete,leftblkTboy,199,0,0,6,True,False,True,0.8390204956482825,0.8390204956482825
full_coverage_complete,leftblkTboy,213,0,0,2,True,False,True,0.566659900718075,0.566659900718075
full_coverage_complete,leftblkTboy,232,0,1,0,False,False,True,0.7460044776456671,0.0
full_coverage_complete,leftblkTboy,247,4,0,4,True,False,True,0.0,0.0
full_coverage_complete,leftblkTboy,250,0,0,4,True,False,True,0.0,0.0
full_coverage_complete,leftblkTboy,252,0,0,5,True,False,True,0.0,0.0
full_coverage_complete,leftblkTboy,268,0,0,2,True,False,True,0.0,0.0
full_coverage_complete,leftblkTboy,269,0,1,2,True,False,True,0.0,0.0
full_coverage_complete,leftblkTboy,270,0,1,2,True,False,True,0.0,0.0
full_coverage_complete,leftblkTboy,271,0,1,2,True,False,True,0.0,0.0
full_coverage_complete,leftblkTboy,272,0,0,1,True,False,True,0.0,0.0
full_coverage_complete,leftblkTboy,273,0,0,1,True,False,True,0.0,0.0
full_coverage_complete,leftblkTboy,274,0,1,2,True,False,True,0.0,0.0
full_coverage_complete,leftblkTboy,275,0,0,2,True,False,True,0.0,0.0
full_coverage_complete,leftblkTboy,276,0,1,2,True,False,True,0.0,0.0
full_coverage_complete,leftblkTboy,278,0,0,2,True,False,True,0.0,0.0
full_coverage_complete,leftblkTboy,280,2,1,2,True,False,True,0.0,0.48809519897175835
full_coverage_complete,leftblkTboy,344,0,0,2,True,False,True,0.0005552181319155399,0.0005552181319155399
full_coverage_complete,leftblkTboy,350,0,0,2,True,False,True,0.7215660029167706,0.7215660029167706
full_coverage_complete,leftblkTboy,351,0,0,1,True,False,True,0.6882639207527484,0.6882639207527484
full_coverage_complete,leftblkTboy,354,0,0,2,True,False,True,0.3905749138735223,0.3905749138735223
full_coverage_complete,leftblkTboy,374,0,0,5,True,False,True,0.6357820651656806,0.6357820651656806
full_coverage_complete,leftblkTboy,384,0,0,2,True,False,True,0.0,0.8265667556147434
full_coverage_complete,leftblkTboy,385,0,0,5,True,False,True,0.8512900743353062,0.8512900743353062
full_coverage_complete,leftblkTboy,386,5,0,5,True,False,True,0.8461331530223113,0.0
full_coverage_complete,leftblkTboy,387,0,0,6,True,False,True,0.0,0.0
full_coverage_complete,leftblkTboy,388,0,0,6,True,False,True,0.0,0.8001694485997014
full_coverage_complete,leftblkTboy,389,0,0,5,True,False,True,0.7940510605665817,0.7940510605665817
full_coverage_complete,leftblkTboy,390,0,0,5,True,False,True,0.872404567563194,0.872404567563194
full_coverage_complete,leftblkTboy,391,0,0,2,True,False,True,0.856749245717581,0.856749245717581
full_coverage_complete,leftblkTboy,392,0,0,2,True,False,True,0.8283436018213264,0.8283436018213264
full_coverage_complete,leftblkTboy,393,0,0,2,True,False,True,0.7428875880591522,0.7428875880591522
full_coverage_complete,leftblkTboy,409,0,0,2,True,False,True,0.5929082216514685,0.5929082216514685
full_coverage_complete,leftblkTboy,410,0,0,2,True,False,True,0.5775179284221548,0.5775179284221548
full_coverage_complete,leftblkTboy,411,1,1,1,True,False,True,0.47649966801022386,0.0
full_coverage_complete,leftblkTboy,414,0,0,2,True,False,True,0.0,0.0
full_coverage_complete,leftblkTboy,432,0,0,2,True,False,True,0.0,0.0
full_coverage_complete,leftblkTboy,433,0,0,2,True,False,True,0.0,0.0
full_coverage_complete,leftblkTboy,434,0,0,2,True,False,True,0.0,0.0
full_coverage_complete,leftblkTboy,435,0,1,0,False,False,True,0.0,0.0
full_coverage_complete,leftblkTboy,508,0,0,2,True,False,True,0.0,0.4845216365275229
full_coverage_complete,leftblkTboy,525,0,0,2,True,False,True,0.926168814068449,0.0
full_coverage_complete,leftblkTboy,527,0,0,2,True,False,True,0.0,0.0
full_coverage_complete,leftblkTboy,528,6,0,6,True,False,True,0.0,0.8212024940054761
full_coverage_complete,leftblkTboy,529,0,0,5,True,False,True,0.7793558238407707,0.7793558238407707
full_coverage_complete,leftblkTboy,530,0,1,2,True,False,True,0.8480260907199008,0.0
full_coverage_complete,leftblkTboy,531,0,0,6,True,False,True,0.0,0.0
full_coverage_complete,leftblkTboy,532,0,0,5,True,False,True,0.0,0.0
full_coverage_complete,leftblkTboy,533,0,1,2,True,False,True,0.0,0.7310312151617014
full_coverage_complete,leftblkTboy,626,0,0,2,True,False,False,,
full_coverage_complete,leftblkTboy,627,0,0,2,True,False,False,,
full_coverage_complete,leftblkTboy,628,0,0,2,True,False,False,,
full_coverage_complete,leftblkTboy,629,2,0,2,True,False,False,,
full_coverage_complete,leftblkTboy,650,0,0,2,True,False,False,,
full_coverage_complete,leftblkTboy,671,0,0,0,False,False,False,,
full_coverage_complete,leftblkTboy,682,0,0,2,True,False,True,0.0,0.0
full_coverage_complete,leftblkTboy,684,0,0,1,True,False,True,0.0,0.0
full_coverage_complete,leftblkTboy,692,0,0,4,True,False,True,0.0,0.0
full_coverage_complete,leftblkTboy,693,0,0,5,True,False,True,0.0,0.0
full_coverage_complete,leftblkTboy,700,4,0,4,True,False,True,0.0,0.0
full_coverage_complete,leftblkTboy,701,0,0,4,True,False,True,0.0,0.0
full_coverage_complete,leftblkTboy,702,0,0,4,True,False,True,0.0,0.0
full_coverage_complete,leftblkTboy,704,0,0,4,True,False,True,0.0,0.0
full_coverage_complete,leftblkTboy,705,0,0,4,True,False,True,0.0,0.0
full_coverage_complete,leftblkTboy,706,0,0,1,True,False,True,0.0,0.0
full_coverage_complete,leftblkTboy,707,0,0,4,True,False,True,0.0,0.0
full_coverage_complete,leftblkTboy,708,0,0,2,True,False,True,0.0,0.0
full_coverage_complete,leftblkTboy,709,0,0,4,True,False,True,0.0,0.0
full_coverage_complete,leftblkTboy,710,0,1,2,True,False,True,0.0,0.0
full_coverage_complete,leftblkTboy,714,0,0,2,True,False,True,0.0,0.0
full_coverage_complete,leftblkTboy,715,0,1,2,True,False,True,0.0,0.0
full_coverage_complete,leftblkTboy,716,0,0,5,True,False,True,0.0,0.0
full_coverage_complete,leftblkTboy,718,0,0,5,True,False,True,0.0,0.0
full_coverage_complete,leftblkTboy,719,0,0,4,True,False,True,0.0,0.0
full_coverage_complete,leftblkTboy,720,4,0,4,True,False,True,0.0,0.0
full_coverage_complete,leftblkTboy,721,0,0,4,True,False,True,0.0,0.0
full_coverage_complete,leftblkTboy,722,0,0,4,True,False,True,0.0,0.0
full_coverage_complete,leftblkTboy,723,0,0,5,True,False,True,0.0,0.0
full_coverage_complete,leftblkTboy,724,0,0,4,True,False,True,0.0,0.0
full_coverage_complete,leftblkTboy,725,0,0,5,True,False,True,0.0,0.0
full_coverage_complete,leftblkTboy,726,0,0,4,True,False,True,0.0,0.0
full_coverage_complete,leftblkTboy,728,0,0,4,True,False,True,0.0,0.0
full_coverage_complete,leftblkTboy,729,0,0,1,True,False,True,0.0,0.0
full_coverage_complete,leftblkTboy,730,0,0,5,True,False,True,0.0,0.0
full_coverage_complete,leftblkTboy,731,0,0,4,True,False,True,0.0,0.0
full_coverage_complete,leftblkTboy,732,0,0,2,True,False,True,0.0,0.0
full_coverage_complete,leftblkTboy,733,0,0,4,True,False,True,0.0,0.0
full_coverage_complete,leftblkTboy,734,0,0,4,True,False,True,0.0,0.0
full_coverage_complete,leftblkTboy,735,0,0,5,True,False,True,0.0,0.0
full_coverage_complete,leftblkTboy,736,0,0,1,True,False,True,0.0,0.0
full_coverage_complete,leftblkTboy,737,0,0,5,True,False,True,0.0,0.0
full_coverage_complete,leftblkTboy,738,0,0,4,True,False,True,0.0,0.0
full_coverage_complete,leftblkTboy,739,0,0,5,True,False,True,0.0,0.0
full_coverage_complete,leftblkTboy,740,0,0,5,True,False,True,0.0,0.0
full_coverage_complete,leftblkTboy,741,0,1,1,True,False,True,0.0,0.0
full_coverage_complete,leftblkTboy,742,0,0,5,True,False,True,0.0,0.0
full_coverage_complete,leftblkTboy,743,0,0,5,True,False,True,0.0,0.0
full_coverage_complete,leftblkTboy,744,0,0,5,True,False,True,0.0,0.0
full_coverage_complete,leftblkTboy,745,0,0,5,True,False,True,0.0,0.0
full_coverage_complete,leftblkTboy,746,0,0,2,True,False,True,0.0,0.0
full_coverage_complete,leftblkTboy,747,0,0,5,True,False,True,0.0,0.0
full_coverage_complete,leftblkTboy,748,4,0,4,True,True,True,0.0,0.8403111629163881
full_coverage_complete,leftblkTboy,807,0,0,5,True,False,True,0.780180904828354,0.780180904828354
full_coverage_complete,leftblkTboy,917,5,0,5,True,False,True,0.8052743115659251,0.7386047862939438
full_coverage_complete,leftblkTboy,918,0,0,5,True,False,True,0.7632687645254039,0.7632687645254039
full_coverage_complete,leftblkTboy,923,0,0,2,True,False,True,0.7633518080104058,0.7633518080104058
full_coverage_complete,leftblkTboy,924,0,0,2,True,False,True,0.7968198304777924,0.7968198304777924
full_coverage_complete,leftblkTboy,925,0,0,2,True,False,True,0.7959473322061603,0.7959473322061603
full_coverage_complete,leftblkTboy,926,0,0,2,True,False,True,0.6251128283020262,0.6251128283020262
full_coverage_complete,leftblkTboy,927,2,0,2,True,False,True,0.815911113650112,0.5814649545097045
full_coverage_complete,leftblkTboy,928,0,0,2,True,False,True,0.7466388884816724,0.7466388884816724
full_coverage_complete,leftblkTboy,929,0,0,2,True,False,True,0.7312083942046133,0.7312083942046133
full_coverage_complete,leftblkTboy,930,0,0,2,True,False,True,0.6986932192522936,0.6986932192522936
full_coverage_complete,leftblkTboy,931,0,0,2,True,False,True,0.7055653248542015,0.7055653248542015
full_coverage_complete,leftblkTboy,932,0,0,2,True,False,True,0.7461021363764201,0.7461021363764201
full_coverage_complete,leftblkTboy,933,0,0,2,True,False,True,0.6642881758905786,0.6642881758905786
full_coverage_complete,leftblkTboy,934,0,0,2,True,False,True,0.0,0.0
full_coverage_complete,leftblkTboy,935,6,0,6,True,False,True,0.0,0.0
full_coverage_complete,leftblkTboy,937,0,0,6,True,False,True,0.0,0.0
full_coverage_complete,leftblkTboy,938,0,0,2,True,False,True,0.0,0.3512204090611714
full_coverage_complete,leftblkTboy,940,0,0,2,True,False,True,0.40443087564657504,0.40443087564657504
full_coverage_complete,leftblkTboy,941,0,0,2,True,False,True,0.43315901885797947,0.43315901885797947
full_coverage_complete,leftblkTboy,942,0,0,2,True,False,True,0.386408563944041,0.386408563944041
full_coverage_complete,leftblkTboy,943,1,0,1,True,False,True,0.4605374715328588,0.0
full_coverage_complete,leftblkTboy,944,0,1,0,False,False,True,0.0,0.0
full_coverage_complete,leftblkTboy,951,0,0,2,True,False,True,0.899573070246943,0.899573070246943
full_coverage_complete,leftblkTboy,952,0,0,2,True,False,True,0.631642077596382,0.631642077596382
full_coverage_complete,leftblkTboy,953,0,0,2,True,False,True,0.8041314896036463,0.8041314896036463
full_coverage_complete,leftblkTboy,954,5,0,5,True,False,True,0.0,0.7860863211922766
full_coverage_complete,leftblkTboy,957,0,0,2,True,False,True,0.6646609631720762,0.6646609631720762
full_coverage_complete,leftblkTboy,958,0,0,5,True,False,True,0.7071998427838005,0.7071998427838005
full_coverage_complete,leftblkTboy,959,0,0,5,True,False,True,0.5037924023169567,0.5037924023169567
full_coverage_complete,leftblkTboy,960,0,0,2,True,False,True,0.6886261086536143,0.6886261086536143
full_coverage_complete,leftblkTboy,961,0,0,2,True,False,True,0.505529938724131,0.505529938724131
full_coverage_complete,leftblkTboy,962,0,0,2,True,False,True,0.44864676954083355,0.44864676954083355
full_coverage_complete,leftblkTboy,963,0,0,1,True,False,True,0.4050106026418165,0.4050106026418165
full_coverage_complete,leftblkTboy,964,0,0,1,True,False,True,0.24372410461436284,0.24372410461436284
full_coverage_complete,leftblkTboy,965,0,0,2,True,False,True,0.18893252815265862,0.18893252815265862
full_coverage_complete,leftblkTboy,966,0,0,2,True,False,True,0.23927070965576974,0.23927070965576974
full_coverage_complete,leftblkTboy,967,0,0,2,True,False,True,0.368836778207394,0.368836778207394
full_coverage_complete,leftblkTboy,968,0,0,2,True,False,True,0.298712641089603,0.298712641089603
full_coverage_complete,leftblkTboy,969,0,0,2,True,False,True,0.5091616456540734,0.0
full_coverage_complete,leftblkTboy,971,5,0,5,True,False,True,0.7683804032772471,0.759587845336353
full_coverage_complete,leftblkTboy,973,0,0,2,True,False,True,0.794250643022923,0.794250643022923
full_coverage_complete,leftblkTboy,974,5,0,5,True,False,True,0.0,0.8080974449223713
full_coverage_complete,leftblkTboy,975,0,0,2,True,False,True,0.0,0.0
full_coverage_complete,leftblkTboy,979,1,0,1,True,False,True,0.9147337739399868,0.8904356432220514
full_coverage_complete,leftblkTboy,984,0,0,2,True,False,True,0.1485405418662522,0.1485405418662522
full_coverage_complete,leftblkTboy,996,0,0,5,True,False,True,0.0,0.0
full_coverage_complete,leftblkTboy,998,0,0,5,True,False,True,0.7689826899801163,0.7689826899801163
full_coverage_complete,leftblkTboy,1000,5,0,5,True,False,True,0.8200199141739307,0.828155679511202
full_coverage_complete,leftblkTboy,1011,0,0,2,True,False,True,0.11796782651802563,0.11796782651802563
full_coverage_complete,leftblkTboy,1012,0,0,2,True,False,True,0.15250055985019254,0.15250055985019254
full_coverage_complete,leftblkTboy,1014,0,0,2,True,False,True,0.3868747236906658,0.3868747236906658
full_coverage_complete,leftblkTboy,1015,0,0,2,True,False,True,0.6904864475450452,0.6904864475450452
full_coverage_complete,leftblkTboy,1018,0,0,2,True,False,True,0.7754901795222312,0.7754901795222312
full_coverage_complete,leftblkTboy,1058,0,0,2,True,False,True,0.0,0.0
full_coverage_complete,leftblkTboy,1241,0,0,5,True,False,True,0.23238953444346672,0.23238953444346672
full_coverage_complete,leftblkTboy,1242,0,0,2,True,False,True,0.2118093140960854,0.2118093140960854
full_coverage_complete,leftblkTboy,1243,0,0,2,True,False,True,0.4649441461569045,0.4649441461569045
full_coverage_complete,leftblkTboy,1261,0,0,2,True,False,True,0.8233695724272505,0.8233695724272505
full_coverage_complete,leftblkTboy,1266,0,0,5,True,False,True,0.8572598340571136,0.8572598340571136
full_coverage_complete,leftblkTboy,1267,5,0,5,True,False,True,0.8679730260338296,0.8883298347229031
full_coverage_complete,leftblkTboy,1269,0,0,5,True,False,True,0.7846594162007439,0.7846594162007439
full_coverage_complete,leftblkTboy,1270,5,0,5,True,False,True,0.7654447250312126,0.7372143200480871
full_coverage_complete,leftblkTboy,1271,0,0,5,True,False,True,0.7505430550785902,0.7505430550785902
full_coverage_complete,leftblkTboy,1272,5,0,5,True,False,True,0.7221869807724025,0.7723679438378124
full_coverage_complete,leftblkTboy,1273,5,0,5,True,False,True,0.7851135328874728,0.7500900461208185
full_coverage_complete,leftblkTboy,1279,0,0,5,True,False,True,0.7815867854429275,0.7815867854429275
full_coverage_complete,leftblkTboy,1280,0,0,5,True,False,True,0.8049402894769352,0.8049402894769352
full_coverage_complete,leftblkTboy,1281,5,0,5,True,False,True,0.7777763730258224,0.7816387917780323
full_coverage_complete,leftblkTboy,1282,4,0,4,True,False,True,0.8072559418331107,0.8359396361473805
full_coverage_complete,leftblkTboy,1283,5,0,5,True,False,True,0.7974468301628406,0.7462224026332879
full_coverage_complete,leftblkTboy,1284,5,0,5,True,False,True,0.794846738481306,0.7753339242912344
full_coverage_complete,leftblkTboy,1285,5,0,5,True,False,True,0.7748413454798552,0.6846294640348828
full_coverage_complete,leftblkTboy,1286,0,0,5,True,False,True,0.6481937247886247,0.6481937247886247
full_coverage_complete,leftblkTboy,1287,0,0,5,True,False,True,0.649330179409175,0.649330179409175
full_coverage_complete,leftblkTboy,1288,0,0,5,True,False,True,0.6705792096126503,0.6705792096126503
full_coverage_complete,leftblkTboy,1289,0,0,5,True,False,True,0.6923153400301212,0.6923153400301212
full_coverage_complete,leftblkTboy,1290,0,1,5,True,False,True,0.6832986043694553,0.0
full_coverage_complete,leftblkTboy,1464,0,0,4,True,False,True,0.0,0.0
full_coverage_complete,leftblkTboy,1466,0,0,4,True,False,True,0.0,0.0
full_coverage_complete,leftblkTboy,1470,0,0,5,True,False,True,0.0,0.0
full_coverage_complete,leftblkTboy,1471,0,0,1,True,False,True,0.0,0.0
full_coverage_complete,leftblkTboy,1480,0,0,4,True,False,True,0.0,0.0
full_coverage_complete,leftblkTboy,1482,0,0,5,True,False,True,0.0,0.0
full_coverage_complete,leftblkTboy,1484,0,0,4,True,False,True,0.0,0.0
full_coverage_complete,leftblkTboy,1486,0,1,0,False,False,True,0.0,0.0
full_coverage_complete,leftblkTboy,1487,0,0,5,True,False,True,0.0,0.0
full_coverage_complete,leftblkTboy,1488,5,0,5,True,False,True,0.0,0.0
full_coverage_complete,leftblkTboy,1489,5,1,5,True,False,True,0.0,0.0
full_coverage_complete,leftblkTboy,1490,0,0,2,True,True,True,0.0,0.0
full_coverage_complete,leftblkTboy,1619,0,0,2,True,False,True,0.0,0.0
full_coverage_complete,leftblkTboy,1620,0,1,2,True,False,True,0.0,0.8771518690238512
full_coverage_complete,leftblkTboy,1886,0,0,2,True,False,False,,
full_coverage_complete,leftblkTboy,1887,0,0,2,True,False,False,,
full_coverage_complete,leftblkTboy,1888,0,0,2,True,False,False,,
full_coverage_complete,leftblkTboy,1889,0,0,2,True,False,False,,
full_coverage_complete,leftblkTboy,1891,0,1,4,True,False,False,,
full_coverage_complete,leftblkTboy,1893,0,0,4,True,False,False,,
full_coverage_complete,leftblkTboy,1894,0,0,4,True,False,False,,
full_coverage_complete,leftblkTboy,1905,0,0,5,True,False,False,,
full_coverage_complete,leftblkTboy,2048,0,0,2,True,False,False,,
full_coverage_complete,leftblkTboy,2049,2,4,2,True,False,False,,
full_coverage_complete,leftblkTboy,2488,0,0,1,True,False,False,,
full_coverage_complete,leftblkTboy,2489,0,0,1,True,False,False,,
full_coverage_complete,leftblkTboy,2496,0,0,2,True,False,False,,
full_coverage_complete,leftblkTboy,2514,0,0,2,True,False,False,,
full_coverage_complete,leftblkTboy,2516,0,0,1,True,False,False,,
full_coverage_complete,leftblkTboy,2552,0,0,1,True,False,False,,
full_coverage_complete,leftblkTboy,2555,2,1,2,True,False,True,0.0,0.45740418149150763
full_coverage_complete,leftblkTboy,2811,0,0,5,True,False,True,0.7135920450567913,0.7135920450567913
full_coverage_complete,leftblkTboy,2812,0,0,2,True,False,True,0.8977033133636884,0.8977033133636884
full_coverage_complete,leftblkTboy,2819,0,0,2,True,False,True,0.6069430615472406,0.6069430615472406
full_coverage_complete,leftblkTboy,2825,0,0,5,True,False,True,0.07294914890630037,0.07294914890630037
full_coverage_complete,leftblkTboy,2826,0,0,2,True,False,True,0.0944274236642838,0.0944274236642838
full_coverage_complete,leftblkTboy,2827,0,0,1,True,False,True,0.0,0.0
full_coverage_complete,leftblkTboy,2828,0,0,2,True,False,True,0.06336302437973731,0.06336302437973731
full_coverage_complete,leftblkTboy,2830,0,0,1,True,False,True,0.5424071332144739,0.5424071332144739
full_coverage_complete,leftblkTboy,2831,0,0,2,True,False,True,0.5500330473255539,0.5500330473255539
full_coverage_complete,leftblkTboy,2832,0,0,1,True,False,True,0.4142410808716328,0.4142410808716328
full_coverage_complete,leftblkTboy,2833,0,0,2,True,False,True,0.3870517300141764,0.3870517300141764
full_coverage_complete,leftblkTboy,2834,0,0,2,True,False,True,0.45255844898258607,0.45255844898258607
full_coverage_complete,leftblkTboy,2835,0,0,2,True,False,True,0.34183447685577045,0.34183447685577045
full_coverage_complete,leftblkTboy,2836,0,0,5,True,False,True,0.2725648167165205,0.2725648167165205
full_coverage_complete,leftblkTboy,2840,2,0,2,True,False,True,0.590397302079601,0.8452446913094291
full_coverage_complete,leftblkTboy,2842,0,0,1,True,False,True,0.5256707493644635,0.5256707493644635
full_coverage_complete,leftblkTboy,2843,0,0,5,True,False,True,0.03435118405990737,0.03435118405990737
full_coverage_complete,leftblkTboy,2844,0,0,5,True,False,True,0.0,0.0
full_coverage_complete,leftblkTboy,2846,0,0,1,True,False,True,0.0,0.0
full_coverage_complete,leftblkTboy,2847,0,0,1,True,False,True,0.0,0.0
full_coverage_complete,leftblkTboy,2850,2,0,2,True,False,True,0.0,0.8352242697092902
full_coverage_complete,leftblkTboy,2851,0,2,1,True,False,True,0.46740160653762375,0.0
full_coverage_complete,leftblkTboy,2853,0,1,0,False,False,True,0.0,0.13488504184729852
full_coverage_complete,leftblkTboy,2857,0,0,2,True,False,True,0.17959339899476415,0.17959339899476415
full_coverage_complete,leftblkTboy,2867,2,0,2,True,False,True,0.21133295553664203,0.8394812858105865
full_coverage_complete,leftblkTboy,2868,5,0,5,True,False,True,0.5329010861053289,0.7817426040941869
full_coverage_complete,leftblkTboy,2870,2,0,2,True,True,True,0.43756709106709457,0.8221837931283081
full_coverage_complete,leftblkTboy,2871,5,0,5,True,False,True,0.6638073099409252,0.8735555161138131
full_coverage_complete,leftblkTboy,2872,6,0,6,True,False,True,0.42313550918214893,0.7048513464928682
full_coverage_complete,leftblkTboy,2873,0,0,6,True,False,True,0.22423173880045077,0.22423173880045077
full_coverage_complete,leftblkTboy,2923,0,0,2,True,False,True,0.5553826582664905,0.0
full_coverage_complete,leftblkTboy,2929,2,0,2,True,False,True,0.0,0.8056923633887846
full_coverage_complete,leftblkTboy,3373,0,0,0,False,False,True,0.0,0.0
full_coverage_complete,leftbottle2hang,70,0,0,1,True,False,True,0.5073778829101282,0.5073778829101282
full_coverage_complete,leftbottle2hang,148,0,0,1,True,False,True,0.69285736423777,0.69285736423777
full_coverage_complete,leftbottle2hang,369,0,0,1,True,False,True,0.5533837012340831,0.5533837012340831
full_coverage_complete,leftbottle2hang,370,0,0,1,True,False,True,0.5408538614867552,0.5408538614867552
full_coverage_complete,leftbottle2hang,473,0,0,1,True,False,True,0.5546253205245378,0.5546253205245378
full_coverage_complete,leftbottle2hang,495,0,0,1,True,False,True,0.5123046284867175,0.5123046284867175
full_coverage_complete,leftbottle2hang,496,0,0,4,True,False,True,0.49704925740435046,0.49704925740435046
full_coverage_complete,leftbottle2hang,497,0,0,1,True,False,True,0.32965868572304785,0.32965868572304785
full_coverage_complete,leftbottle2hang,498,0,0,1,True,False,True,0.18993693595977104,0.18993693595977104
full_coverage_complete,leftbottle2hang,526,0,0,1,True,False,True,0.5391789951840308,0.5391789951840308
full_coverage_complete,leftbottle2hang,528,0,0,1,True,False,True,0.5585495115342771,0.5585495115342771
full_coverage_complete,leftbottle2hang,529,0,0,1,True,False,True,0.6641462774108134,0.6641462774108134
full_coverage_complete,leftbottle2hang,551,0,0,1,True,False,True,0.6286031657032383,0.6286031657032383
full_coverage_complete,leftbottle2hang,553,0,0,1,True,False,True,0.6294407135408039,0.6294407135408039
full_coverage_complete,leftbottle2hang,563,0,0,4,True,False,True,0.7594988781690573,0.7594988781690573
full_coverage_complete,leftbottle2hang,565,0,0,4,True,False,True,0.7452125025946229,0.7452125025946229
full_coverage_complete,leftbottle2hang,566,0,0,4,True,False,True,0.46960457541257095,0.46960457541257095
full_coverage_complete,leftbottle2hang,567,0,0,4,True,False,True,0.2460778133001092,0.2460778133001092
full_coverage_complete,leftbottle2hang,568,0,0,5,True,False,True,0.2021728176380886,0.2021728176380886
full_coverage_complete,leftbottle2hang,569,0,0,1,True,False,True,0.10336474581092431,0.10336474581092431
full_coverage_complete,leftbottle2hang,570,0,0,1,True,False,True,0.0,0.0
full_coverage_complete,leftbottle2hang,571,0,0,1,True,False,True,0.0003035479661993787,0.0003035479661993787
full_coverage_complete,leftbottle2hang,572,0,0,5,True,False,True,0.05986399029089044,0.05986399029089044
full_coverage_complete,leftbottle2hang,574,0,0,4,True,False,True,0.0,0.0
full_coverage_complete,leftbottle2hang,575,0,0,4,True,False,True,0.0,0.0
full_coverage_complete,leftbottle2hang,585,0,0,2,True,False,True,0.10037494433577643,0.10037494433577643
full_coverage_complete,leftbottle2hang,586,0,0,1,True,False,True,0.08398577791558878,0.08398577791558878
full_coverage_complete,leftbottle2hang,587,4,0,4,True,False,True,0.13175238806474426,0.18211726517736712
full_coverage_complete,leftbottle2hang,588,0,0,1,True,False,True,0.18801222961776778,0.18801222961776778
full_coverage_complete,leftbottle2hang,589,0,0,1,True,False,True,0.003303367893099421,0.003303367893099421
full_coverage_complete,leftbottle2hang,590,0,0,1,True,False,True,0.11441228788630571,0.11441228788630571
full_coverage_complete,leftbottle2hang,591,0,0,1,True,False,True,0.0,0.0
full_coverage_complete,leftbottle2hang,592,0,0,1,True,False,True,0.11086154684115898,0.11086154684115898
full_coverage_complete,leftbottle2hang,594,0,0,1,True,False,True,0.12860789862135083,0.12860789862135083
full_coverage_complete,leftbottle2hang,595,0,0,1,True,False,True,0.05695978311799539,0.05695978311799539
full_coverage_complete,leftbottle2hang,596,0,0,1,True,False,True,0.0,0.0
full_coverage_complete,leftbottle2hang,597,0,0,1,True,False,True,0.0,0.0
full_coverage_complete,leftbottle2hang,598,0,1,1,True,False,True,0.0,0.3978771514994574
full_coverage_complete,leftbottle2hang,599,0,0,4,True,False,True,0.4914427452709062,0.4914427452709062
full_coverage_complete,leftbottle2hang,606,0,0,4,True,False,True,0.6252503330652973,0.6252503330652973
full_coverage_complete,leftbottle2hang,610,0,0,4,True,False,True,0.6604290763487711,0.6604290763487711
full_coverage_complete,leftbottle2hang,611,0,0,1,True,False,True,0.558831458407136,0.558831458407136
full_coverage_complete,leftbottle2hang,616,0,0,1,True,False,True,0.47065793277818246,0.47065793277818246
full_coverage_complete,leftbottle2hang,617,0,0,4,True,False,True,0.30657959416185077,0.30657959416185077
full_coverage_complete,leftbottle2hang,618,0,0,4,True,False,True,0.14587655388815818,0.14587655388815818
full_coverage_complete,leftbottle2hang,619,0,0,1,True,False,True,0.00845599359205354,0.00845599359205354
full_coverage_complete,leftbottle2hang,620,0,0,1,True,False,True,0.05979888145708754,0.05979888145708754
full_coverage_complete,leftbottle2hang,621,0,0,5,True,False,True,0.05382184500013987,0.05382184500013987
full_coverage_complete,leftbottle2hang,622,0,0,1,True,False,True,0.13304081236740153,0.13304081236740153
full_coverage_complete,leftbottle2hang,623,0,0,1,True,False,True,0.037706131315565,0.037706131315565
full_coverage_complete,leftbottle2hang,624,0,0,1,True,False,True,0.03353642416261482,0.03353642416261482
full_coverage_complete,leftbottle2hang,625,0,0,1,True,False,True,0.030257320016412213,0.030257320016412213
full_coverage_complete,leftbottle2hang,626,0,0,1,True,False,True,0.01347326347980479,0.01347326347980479
full_coverage_complete,leftbottle2hang,627,0,0,1,True,False,True,0.03805058548936066,0.03805058548936066
full_coverage_complete,leftbottle2hang,628,0,0,1,True,False,True,0.0038405871778738484,0.0038405871778738484
full_coverage_complete,leftbottle2hang,629,0,0,1,True,False,True,0.024199590424139873,0.024199590424139873
full_coverage_complete,leftbottle2hang,630,0,0,1,True,False,True,0.06261448117727522,0.06261448117727522
full_coverage_complete,leftbottle2hang,631,0,0,1,True,False,True,0.05224485037186205,0.05224485037186205
full_coverage_complete,leftbottle2hang,632,0,0,1,True,False,True,0.046707622347353324,0.046707622347353324
full_coverage_complete,leftbottle2hang,633,0,0,1,True,False,True,0.09526296268329743,0.09526296268329743
full_coverage_complete,leftbottle2hang,634,0,0,4,True,False,True,0.0,0.0
full_coverage_complete,leftbottle2hang,635,1,0,1,True,False,True,0.0,0.0
full_coverage_complete,leftbottle2hang,636,0,0,1,True,False,True,0.0,0.0
full_coverage_complete,leftbottle2hang,637,0,1,0,False,False,True,0.12015833304238746,0.4612887872407689
full_coverage_complete,leftbottle2hang,639,0,0,1,True,False,True,0.6388703943028208,0.6388703943028208
full_coverage_complete,leftbottle2hang,640,0,0,1,True,False,True,0.6364905739426517,0.6364905739426517
full_coverage_complete,leftbottle2hang,646,0,0,1,True,False,True,0.11129868861316085,0.11129868861316085
full_coverage_complete,leftbottle2hang,648,0,0,1,True,False,True,0.0,0.0
full_coverage_complete,leftbottle2hang,650,0,0,1,True,False,True,0.0,0.0
full_coverage_complete,leftbottle2hang,651,0,0,1,True,False,True,0.0,0.0
full_coverage_complete,leftbottle2hang,654,0,0,1,True,False,True,0.0,0.0
full_coverage_complete,leftbottle2hang,661,0,0,1,True,False,True,0.0,0.0
full_coverage_complete,leftbottle2hang,677,0,0,1,True,False,True,0.5962964910767649,0.5962964910767649
full_coverage_complete,leftbottle2hang,678,0,0,1,True,False,True,0.5828130639204699,0.5828130639204699
full_coverage_complete,leftbottle2hang,680,0,0,1,True,False,True,0.6161655873799913,0.6161655873799913
full_coverage_complete,leftbottle2hang,681,0,0,4,True,False,True,0.5866172416633411,0.5866172416633411
full_coverage_complete,leftbottle2hang,682,0,0,1,True,False,True,0.6290344011027865,0.6290344011027865
full_coverage_complete,leftbottle2hang,685,0,0,1,True,False,True,0.585251495829617,0.585251495829617
full_coverage_complete,leftbottle2hang,687,0,0,4,True,False,True,0.4841684881294389,0.4841684881294389
full_coverage_complete,leftbottle2hang,688,0,0,1,True,False,True,0.4869696943398003,0.4869696943398003
full_coverage_complete,leftbottle2hang,689,0,0,4,True,False,True,0.5583599676110231,0.5583599676110231
full_coverage_complete,leftbottle2hang,693,0,0,1,True,False,True,0.6318128970391923,0.6318128970391923
full_coverage_complete,leftbottle2hang,694,0,0,1,True,False,True,0.6076094263566105,0.6076094263566105
full_coverage_complete,leftbottle2hang,695,0,0,1,True,False,True,0.5830440966069154,0.5830440966069154
full_coverage_complete,leftbottle2hang,701,0,0,1,True,False,True,0.49556687943690336,0.49556687943690336
full_coverage_complete,leftbottle2hang,702,0,0,4,True,False,True,0.4263424538555192,0.4263424538555192
full_coverage_complete,leftbottle2hang,703,0,0,1,True,False,True,0.4552209476559657,0.4552209476559657
full_coverage_complete,leftbottle2hang,704,0,0,1,True,False,True,0.5869891523791604,0.5869891523791604
full_coverage_complete,leftbottle2hang,705,0,0,1,True,False,True,0.5665960335209033,0.5665960335209033
full_coverage_complete,leftbottle2hang,723,0,0,1,True,False,True,0.6466919054833727,0.6466919054833727
full_coverage_complete,leftbottle2hang,724,0,1,1,True,False,True,0.5932501714483596,0.0
full_coverage_complete,leftbottle2hang,725,0,0,1,True,False,True,0.0,0.0
full_coverage_complete,leftbottle2hang,731,0,0,1,True,False,True,0.0,0.0
full_coverage_complete,leftbottle2hang,733,0,0,5,True,False,True,0.0,0.0
full_coverage_complete,leftbottle2hang,734,0,0,5,True,False,True,0.0,0.0
full_coverage_complete,leftbottle2hang,735,0,0,1,True,False,True,0.0,0.0
full_coverage_complete,leftbottle2hang,736,0,0,4,True,False,True,0.0,0.0
full_coverage_complete,leftbottle2hang,737,0,0,4,True,False,True,0.0,0.0
full_coverage_complete,leftbottle2hang,739,0,0,4,True,False,True,0.0,0.0
full_coverage_complete,leftbottle2hang,740,0,0,5,True,False,True,0.0,0.0
full_coverage_complete,leftbottle2hang,741,0,0,5,True,False,True,0.0,0.0
full_coverage_complete,leftbottle2hang,742,0,0,5,True,False,True,0.0,0.0
full_coverage_complete,leftbottle2hang,743,0,0,5,True,False,True,0.0,0.0
full_coverage_complete,leftbottle2hang,744,0,0,5,True,False,True,0.0,0.0
full_coverage_complete,leftbottle2hang,746,0,0,5,True,False,True,0.0,0.0
full_coverage_complete,leftbottle2hang,747,0,1,5,True,False,True,0.0,0.4393935690626094
full_coverage_complete,leftbottle2hang,748,0,0,5,True,False,True,0.7057527472022579,0.7057527472022579
full_coverage_complete,leftbottle2hang,749,0,0,1,True,False,True,0.512393079579166,0.512393079579166
full_coverage_complete,leftbottle2hang,750,0,0,1,True,False,True,0.42236730543149603,0.42236730543149603
full_coverage_complete,leftbottle2hang,753,0,0,1,True,False,True,0.4859441371795117,0.4859441371795117
full_coverage_complete,leftbottle2hang,754,0,0,1,True,False,True,0.4974733875225075,0.4974733875225075
full_coverage_complete,leftbottle2hang,755,0,0,1,True,False,True,0.41518544014107184,0.41518544014107184
full_coverage_complete,leftbottle2hang,757,0,0,2,True,False,True,0.0,0.0
full_coverage_complete,leftbottle2hang,764,0,0,5,True,False,True,0.537731132838204,0.537731132838204
full_coverage_complete,leftbottle2hang,766,0,0,5,True,False,True,0.6089354900384788,0.6089354900384788
full_coverage_complete,leftbottle2hang,768,0,0,5,True,False,True,0.5865411537195642,0.5865411537195642
full_coverage_complete,leftbottle2hang,769,0,0,1,True,False,True,0.5700914170308593,0.5700914170308593
full_coverage_complete,leftbottle2hang,770,0,0,5,True,False,True,0.5309542803247201,0.5309542803247201
full_coverage_complete,leftbottle2hang,771,0,0,1,True,False,True,0.576648124628681,0.576648124628681
full_coverage_complete,leftbottle2hang,772,0,0,1,True,False,True,0.7069477390665473,0.7069477390665473
full_coverage_complete,leftbottle2hang,774,0,0,1,True,False,True,0.7559006317726762,0.7559006317726762
full_coverage_complete,leftbottle2hang,799,0,0,1,True,False,True,0.8572499329443738,0.8572499329443738
full_coverage_complete,leftbottle2hang,805,0,0,1,True,False,True,0.5129069242466398,0.5129069242466398
full_coverage_complete,leftbottle2hang,810,0,0,1,True,False,True,0.7066104794920425,0.7066104794920425
full_coverage_complete,leftbottle2hang,811,0,0,4,True,False,True,0.6505902592442859,0.6505902592442859
full_coverage_complete,leftbottle2hang,812,0,0,1,True,False,True,0.6151545641548668,0.6151545641548668
full_coverage_complete,leftbottle2hang,813,0,0,1,True,False,True,0.5550814347661277,0.5550814347661277
full_coverage_complete,leftbottle2hang,814,0,0,1,True,False,True,0.5093162540242059,0.5093162540242059
full_coverage_complete,leftbottle2hang,815,0,0,4,True,False,True,0.47683160789502016,0.47683160789502016
full_coverage_complete,leftbottle2hang,816,0,0,1,True,False,True,0.4137809634831571,0.4137809634831571
full_coverage_complete,leftbottle2hang,817,0,0,4,True,False,True,0.3442320043248867,0.3442320043248867
full_coverage_complete,leftbottle2hang,818,0,0,4,True,False,True,0.25499053799431987,0.25499053799431987
full_coverage_complete,leftbottle2hang,819,0,0,4,True,False,True,0.2646289784150693,0.2646289784150693
full_coverage_complete,leftbottle2hang,820,0,0,4,True,False,True,0.2739432017488228,0.2739432017488228
full_coverage_complete,leftbottle2hang,821,0,0,4,True,False,True,0.22363531578688578,0.22363531578688578
full_coverage_complete,leftbottle2hang,822,0,0,1,True,False,True,0.22549070885730907,0.22549070885730907
full_coverage_complete,leftbottle2hang,823,0,1,1,True,False,True,0.224222816570445,0.0
full_coverage_complete,leftbottle2hang,826,0,0,4,True,False,True,0.0,0.0
full_coverage_complete,leftbottle2hang,827,0,0,4,True,False,True,0.0,0.0
full_coverage_complete,leftbottle2hang,832,0,0,2,True,False,True,0.0,0.0
full_coverage_complete,leftbottle2hang,833,0,0,1,True,False,True,0.0,0.0
full_coverage_complete,leftbottle2hang,834,1,0,1,True,False,True,0.0,0.0
full_coverage_complete,leftbottle2hang,835,0,0,1,True,False,True,0.0,0.0
full_coverage_complete,leftbottle2hang,839,0,0,1,True,False,True,0.0,0.0
full_coverage_complete,leftbottle2hang,841,0,0,1,True,False,True,0.0,0.0
full_coverage_complete,leftbottle2hang,842,0,1,1,True,False,True,0.0,0.6757580837619513
full_coverage_complete,leftbottle2hang,852,0,0,1,True,False,True,0.8671488946274385,0.8671488946274385
full_coverage_complete,leftbottle2hang,853,0,0,4,True,False,True,0.8153011001501058,0.8153011001501058
full_coverage_complete,leftbottle2hang,854,0,0,4,True,False,True,0.6860040872000462,0.6860040872000462
full_coverage_complete,leftbottle2hang,855,0,0,1,True,False,True,0.5471019115926862,0.5471019115926862
full_coverage_complete,leftbottle2hang,856,0,0,4,True,False,True,0.4559775149041933,0.4559775149041933
full_coverage_complete,leftbottle2hang,857,0,0,4,True,False,True,0.31232206815013636,0.31232206815013636
full_coverage_complete,leftbottle2hang,858,0,0,4,True,False,True,0.2788759449308342,0.2788759449308342
full_coverage_complete,leftbottle2hang,859,0,0,4,True,False,True,0.22830454800857197,0.22830454800857197
full_coverage_complete,leftbottle2hang,860,0,0,4,True,False,True,0.2204106935745774,0.2204106935745774
full_coverage_complete,leftbottle2hang,861,0,0,4,True,False,True,0.19354723962951734,0.19354723962951734
full_coverage_complete,leftbottle2hang,863,0,0,4,True,False,True,0.14268619452355177,0.14268619452355177
full_coverage_complete,leftbottle2hang,864,0,0,1,True,False,True,0.014631448632188272,0.014631448632188272
full_coverage_complete,leftbottle2hang,865,0,0,1,True,False,True,0.0235807641408458,0.0235807641408458
full_coverage_complete,leftbottle2hang,866,0,0,1,True,False,True,0.023239580890132124,0.023239580890132124
full_coverage_complete,leftbottle2hang,867,0,0,1,True,False,True,0.0,0.0
full_coverage_complete,leftbottle2hang,868,1,1,1,True,False,True,0.0,0.0
full_coverage_complete,leftbottle2hang,869,1,0,1,True,False,True,0.0,0.0
full_coverage_complete,leftbottle2hang,870,0,0,4,True,False,True,0.0,0.0
full_coverage_complete,leftbottle2hang,871,1,0,1,True,False,True,0.0,0.0
full_coverage_complete,leftbottle2hang,872,0,0,4,True,False,True,0.0,0.0
full_coverage_complete,leftbottle2hang,873,0,0,4,True,False,True,0.0,0.0
full_coverage_complete,leftbottle2hang,875,0,1,2,True,False,True,0.0,0.6699195187280025
full_coverage_complete,leftbottle2hang,888,0,0,1,True,False,True,0.7658390111375303,0.7658390111375303
full_coverage_complete,leftbottle2hang,889,0,0,1,True,False,True,0.7530797052974503,0.7530797052974503
full_coverage_complete,leftbottle2hang,890,0,0,1,True,False,True,0.6908928899263839,0.6908928899263839
full_coverage_complete,leftbottle2hang,892,4,4,4,True,False,True,0.6980219875177915,0.5703188211690499
full_coverage_complete,leftbottle2hang,893,0,0,4,True,False,True,0.5933304220325789,0.5933304220325789
full_coverage_complete,leftbottle2hang,894,0,0,4,True,False,True,0.4539998052344808,0.4539998052344808
full_coverage_complete,leftbottle2hang,895,0,0,1,True,False,True,0.3858594502868241,0.3858594502868241
full_coverage_complete,leftbottle2hang,896,0,0,1,True,False,True,0.3560698602972589,0.3560698602972589
full_coverage_complete,leftbottle2hang,897,0,0,4,True,False,True,0.3146652639207973,0.3146652639207973
full_coverage_complete,leftbottle2hang,898,0,0,4,True,False,True,0.2800878230043084,0.2800878230043084
full_coverage_complete,leftbottle2hang,899,0,0,4,True,False,True,0.2595121064893292,0.2595121064893292
full_coverage_complete,leftbottle2hang,900,0,1,4,True,False,True,0.22945290660722603,0.0
full_coverage_complete,leftbottle2hang,901,0,0,1,True,False,True,0.011262691480220733,0.011262691480220733
full_coverage_complete,leftbottle2hang,902,0,0,5,True,False,True,0.028057625781927633,0.028057625781927633
full_coverage_complete,leftbottle2hang,903,0,0,1,True,False,True,0.007315171635957403,0.007315171635957403
full_coverage_complete,leftbottle2hang,904,0,0,4,True,False,True,0.018201141570453883,0.018201141570453883
full_coverage_complete,leftbottle2hang,905,0,0,4,True,False,True,0.04099964407228391,0.04099964407228391
full_coverage_complete,leftbottle2hang,906,0,0,1,True,False,True,0.0466657254160801,0.0466657254160801
full_coverage_complete,leftbottle2hang,907,0,0,1,True,False,True,0.03154734072019304,0.03154734072019304
full_coverage_complete,leftbottle2hang,908,0,0,4,True,False,True,0.015151536075420932,0.015151536075420932
full_coverage_complete,leftbottle2hang,909,0,0,4,True,False,True,0.0,0.0
full_coverage_complete,leftbottle2hang,910,0,0,4,True,False,True,0.10437344140878754,0.10437344140878754
full_coverage_complete,leftbottle2hang,911,0,0,1,True,False,True,0.29438105241333784,0.29438105241333784
full_coverage_complete,leftbottle2hang,912,0,0,5,True,False,True,0.3421869194591444,0.3421869194591444
full_coverage_complete,leftbottle2hang,913,0,0,1,True,False,True,0.38757537829493494,0.38757537829493494
full_coverage_complete,leftbottle2hang,914,0,0,4,True,False,True,0.3383363062986075,0.3383363062986075
full_coverage_complete,leftbottle2hang,915,0,0,1,True,False,True,0.40598004599387216,0.40598004599387216
full_coverage_complete,leftbottle2hang,916,0,0,1,True,False,True,0.38568090976924346,0.38568090976924346
full_coverage_complete,leftbottle2hang,918,1,0,1,True,False,True,0.375311311280545,0.4648291620489406
full_coverage_complete,leftbottle2hang,919,0,0,1,True,False,True,0.39858410589195725,0.39858410589195725
full_coverage_complete,leftbottle2hang,920,0,0,1,True,False,True,0.41319870749960497,0.41319870749960497
full_coverage_complete,leftbottle2hang,921,0,0,1,True,False,True,0.4124294648013948,0.4124294648013948
full_coverage_complete,leftbottle2hang,922,0,0,1,True,False,True,0.49456808976586053,0.49456808976586053
full_coverage_complete,leftbottle2hang,923,0,0,1,True,False,True,0.5326175779629355,0.5326175779629355
full_coverage_complete,leftbottle2hang,925,0,0,4,True,False,True,0.6167528830600179,0.6167528830600179
full_coverage_complete,leftbottle2hang,929,0,0,5,True,False,True,0.3555792576772067,0.3555792576772067
full_coverage_complete,leftbottle2hang,930,0,0,4,True,False,True,0.3433601562887166,0.3433601562887166
full_coverage_complete,leftbottle2hang,931,0,0,5,True,False,True,0.4266629704354512,0.4266629704354512
full_coverage_complete,leftbottle2hang,932,0,0,1,True,False,True,0.39418143599781347,0.39418143599781347
full_coverage_complete,leftbottle2hang,933,0,0,4,True,False,True,0.2508522550912741,0.2508522550912741
full_coverage_complete,leftbottle2hang,934,0,0,1,True,False,True,0.2840335080908583,0.2840335080908583
full_coverage_complete,leftbottle2hang,935,0,0,4,True,False,True,0.2110034114387296,0.2110034114387296
full_coverage_complete,leftbottle2hang,937,0,0,1,True,False,True,0.3110410875304409,0.3110410875304409
full_coverage_complete,leftbottle2hang,938,0,0,5,True,False,True,0.3497105489636542,0.3497105489636542
full_coverage_complete,leftbottle2hang,939,0,0,5,True,False,True,0.30293641177677266,0.30293641177677266
full_coverage_complete,leftbottle2hang,943,0,0,5,True,False,True,0.3462168629911182,0.3462168629911182
full_coverage_complete,leftbottle2hang,944,0,0,5,True,False,True,0.3861521677633569,0.3861521677633569
full_coverage_complete,leftbottle2hang,945,0,0,4,True,False,True,0.4048340638151542,0.4048340638151542
full_coverage_complete,leftbottle2hang,946,0,0,4,True,False,True,0.40557650431633435,0.40557650431633435
full_coverage_complete,leftbottle2hang,947,0,1,4,True,False,True,0.3941768757070614,0.0
full_coverage_complete,leftbottle2hang,948,0,0,1,True,False,True,0.0,0.0
full_coverage_complete,leftbottle2hang,949,0,0,1,True,False,True,0.0,0.0
full_coverage_complete,leftbottle2hang,950,0,0,1,True,False,True,0.4058179711247911,0.4058179711247911
full_coverage_complete,leftbottle2hang,954,0,0,1,True,False,True,0.36136612733143625,0.36136612733143625
full_coverage_complete,leftbottle2hang,955,0,0,4,True,False,True,0.38325767939013045,0.38325767939013045
full_coverage_complete,leftbottle2hang,956,0,0,4,True,False,True,0.32123242490152343,0.32123242490152343
full_coverage_complete,leftbottle2hang,957,0,0,4,True,False,True,0.2886151795037796,0.2886151795037796
full_coverage_complete,leftbottle2hang,958,0,0,4,True,False,True,0.30217634754281825,0.30217634754281825
full_coverage_complete,leftbottle2hang,962,0,0,1,True,False,True,0.3489194510867311,0.3489194510867311
full_coverage_complete,leftbottle2hang,965,0,0,1,True,False,True,0.34374246447915086,0.34374246447915086
full_coverage_complete,leftbottle2hang,967,0,0,4,True,False,True,0.25410164433180604,0.25410164433180604
full_coverage_complete,leftbottle2hang,969,0,0,5,True,False,True,0.2985483261182755,0.2985483261182755
full_coverage_complete,leftbottle2hang,970,0,0,1,True,False,True,0.3144300128748636,0.3144300128748636
full_coverage_complete,leftbottle2hang,971,0,0,1,True,False,True,0.31646680339725586,0.31646680339725586
full_coverage_complete,leftbottle2hang,972,0,0,1,True,False,True,0.3293360943885556,0.3293360943885556
full_coverage_complete,leftbottle2hang,973,0,0,1,True,False,True,0.18693480905795365,0.18693480905795365
full_coverage_complete,leftbottle2hang,979,0,0,1,True,False,True,0.18075868500961065,0.18075868500961065
full_coverage_complete,leftbottle2hang,980,0,0,1,True,False,True,0.18380916326833036,0.18380916326833036
full_coverage_complete,leftbottle2hang,981,0,0,1,True,False,True,0.19726548879070518,0.19726548879070518
full_coverage_complete,leftbottle2hang,982,0,0,1,True,False,True,0.18657804328130606,0.18657804328130606
full_coverage_complete,leftbottle2hang,983,0,0,1,True,False,True,0.1719375069627561,0.1719375069627561
full_coverage_complete,leftbottle2hang,984,0,0,1,True,False,True,0.1999053467847438,0.1999053467847438
full_coverage_complete,leftbottle2hang,985,0,0,1,True,False,True,0.18960746748008098,0.18960746748008098
full_coverage_complete,leftbottle2hang,986,0,0,1,True,False,True,0.19659327813806624,0.19659327813806624
full_coverage_complete,leftbottle2hang,987,0,0,1,True,False,True,0.1831278055548865,0.1831278055548865
full_coverage_complete,leftbottle2hang,988,0,0,1,True,False,True,0.1929270611323774,0.1929270611323774
full_coverage_complete,leftbottle2hang,989,0,0,1,True,False,True,0.2438035632946758,0.2438035632946758
full_coverage_complete,leftbottle2hang,990,0,0,1,True,False,True,0.1647065179717606,0.1647065179717606
full_coverage_complete,leftbottle2hang,991,0,0,1,True,False,True,0.13188608796145435,0.13188608796145435
full_coverage_complete,leftbottle2hang,992,0,0,1,True,False,True,0.1637846324678168,0.1637846324678168
full_coverage_complete,leftbottle2hang,993,0,0,1,True,False,True,0.16456244200270195,0.16456244200270195
full_coverage_complete,leftbottle2hang,994,0,0,1,True,False,True,0.12202053068078579,0.12202053068078579
full_coverage_complete,leftbottle2hang,995,0,0,1,True,False,True,0.14615918911637066,0.14615918911637066
full_coverage_complete,leftbottle2hang,996,0,0,1,True,False,True,0.19546903926121592,0.19546903926121592
full_coverage_complete,leftbottle2hang,997,0,0,1,True,False,True,0.19987371717167876,0.19987371717167876
full_coverage_complete,leftbottle2hang,999,0,0,1,True,False,True,0.20036544982192472,0.20036544982192472
full_coverage_complete,leftbottle2hang,1000,0,0,1,True,False,True,0.21326928364340428,0.21326928364340428
full_coverage_complete,leftbottle2hang,1001,0,0,1,True,False,True,0.23116557518300967,0.23116557518300967
full_coverage_complete,leftbottle2hang,1002,0,0,1,True,False,True,0.2585004765405272,0.2585004765405272
full_coverage_complete,leftbottle2hang,1003,0,0,1,True,False,True,0.2708908816282334,0.2708908816282334
full_coverage_complete,leftbottle2hang,1004,0,0,1,True,False,True,0.2884182396263196,0.2884182396263196
full_coverage_complete,leftbottle2hang,1006,0,0,1,True,False,True,0.27508737275162976,0.27508737275162976
full_coverage_complete,leftbottle2hang,1012,0,0,1,True,False,True,0.33554582396199056,0.33554582396199056
full_coverage_complete,leftbottle2hang,1013,0,0,1,True,False,True,0.3206269696852905,0.3206269696852905
full_coverage_complete,leftbottle2hang,1016,0,0,1,True,False,True,0.16834442596304497,0.16834442596304497
full_coverage_complete,leftbottle2hang,1017,0,0,1,True,False,True,0.1773649725624364,0.1773649725624364
full_coverage_complete,leftbottle2hang,1018,0,0,1,True,False,True,0.22512308205835166,0.22512308205835166
full_coverage_complete,leftbottle2hang,1019,0,0,4,True,False,True,0.32086781717024654,0.32086781717024654
full_coverage_complete,leftbottle2hang,1020,0,0,4,True,False,True,0.29640002318298686,0.29640002318298686
full_coverage_complete,leftbottle2hang,1021,0,0,4,True,False,True,0.5113197670596809,0.5113197670596809
full_coverage_complete,leftbottle2hang,1025,0,0,4,True,False,True,0.6414020820718513,0.6414020820718513
full_coverage_complete,leftbottle2hang,1027,0,0,4,True,False,True,0.5427411577582122,0.5427411577582122
full_coverage_complete,leftbottle2hang,1028,0,0,4,True,False,True,0.3725727179967218,0.3725727179967218
full_coverage_complete,leftbottle2hang,1029,0,0,4,True,False,True,0.389110106794017,0.389110106794017
full_coverage_complete,leftbottle2hang,1030,0,0,4,True,False,True,0.25306487843022984,0.25306487843022984
full_coverage_complete,leftbottle2hang,1031,0,0,5,True,False,True,0.2700186223144184,0.2700186223144184
full_coverage_complete,leftbottle2hang,1032,0,0,5,True,False,True,0.2482492103973125,0.2482492103973125
full_coverage_complete,leftbottle2hang,1033,0,0,5,True,False,True,0.2934516022612752,0.2934516022612752
full_coverage_complete,leftbottle2hang,1034,0,0,4,True,False,True,0.2895018336117489,0.2895018336117489
full_coverage_complete,leftbottle2hang,1035,0,0,4,True,False,True,0.23775987172381458,0.23775987172381458
full_coverage_complete,leftbottle2hang,1037,0,0,4,True,False,True,0.26511467878021877,0.26511467878021877
full_coverage_complete,leftbottle2hang,1038,0,0,4,True,False,True,0.19925115251777684,0.19925115251777684
full_coverage_complete,leftbottle2hang,1039,0,0,4,True,False,True,0.1463733728869198,0.1463733728869198
full_coverage_complete,leftbottle2hang,1041,0,0,4,True,False,True,0.11422195720993596,0.11422195720993596
full_coverage_complete,leftbottle2hang,1042,0,0,4,True,False,True,0.15485312335070117,0.15485312335070117
full_coverage_complete,leftbottle2hang,1043,0,0,4,True,False,True,0.06787529947666328,0.06787529947666328
full_coverage_complete,leftbottle2hang,1044,0,0,4,True,False,True,0.09162534805001844,0.09162534805001844
full_coverage_complete,leftbottle2hang,1045,0,0,4,True,False,True,0.29547610581691613,0.29547610581691613
full_coverage_complete,leftbottle2hang,1046,0,0,4,True,False,True,0.37087490799194567,0.37087490799194567
full_coverage_complete,leftbottle2hang,1047,0,0,4,True,False,True,0.49950998155589127,0.49950998155589127
full_coverage_complete,leftbottle2hang,1048,0,0,4,True,False,True,0.5133958476274659,0.5133958476274659
full_coverage_complete,leftbottle2hang,1049,0,0,1,True,False,True,0.620137880104447,0.620137880104447
full_coverage_complete,leftbottle2hang,1050,0,0,1,True,False,True,0.6541261110964767,0.6541261110964767
full_coverage_complete,leftbottle2hang,1051,0,0,4,True,False,True,0.7070009860290438,0.7070009860290438
full_coverage_complete,leftbottle2hang,1052,0,0,4,True,False,True,0.712788551979502,0.712788551979502
full_coverage_complete,leftbottle2hang,1053,0,0,4,True,False,True,0.7022883077349105,0.7022883077349105
full_coverage_complete,leftbottle2hang,1054,0,0,4,True,False,True,0.6912800518788714,0.6912800518788714
full_coverage_complete,leftbottle2hang,1059,0,0,4,True,False,True,0.7205977678307093,0.7205977678307093
full_coverage_complete,leftbottle2hang,1060,0,0,4,True,False,True,0.7565058405094915,0.7565058405094915
full_coverage_complete,leftbottle2hang,1061,0,0,4,True,False,True,0.729287645856752,0.729287645856752
full_coverage_complete,leftbottle2hang,1062,0,0,4,True,False,True,0.46584751497290466,0.46584751497290466
full_coverage_complete,leftbottle2hang,1064,0,0,1,True,False,True,0.24423688416763742,0.24423688416763742
full_coverage_complete,leftbottle2hang,1066,0,0,5,True,False,True,0.20622701778972277,0.20622701778972277
full_coverage_complete,leftbottle2hang,1067,0,0,1,True,False,True,0.1420542917053784,0.1420542917053784
full_coverage_complete,leftbottle2hang,1068,0,0,5,True,False,True,0.23408625472938743,0.23408625472938743
full_coverage_complete,leftbottle2hang,1069,0,0,6,True,False,True,0.13992931683993035,0.13992931683993035
full_coverage_complete,leftbottle2hang,1070,0,0,1,True,False,True,0.08760783426047941,0.08760783426047941
full_coverage_complete,leftbottle2hang,1071,0,0,1,True,False,True,0.244386456645435,0.244386456645435
full_coverage_complete,leftbottle2hang,1072,0,0,1,True,False,True,0.24382396841760146,0.24382396841760146
full_coverage_complete,leftbottle2hang,1073,0,0,1,True,False,True,0.24770255265204935,0.24770255265204935
full_coverage_complete,leftbottle2hang,1074,0,0,4,True,False,True,0.26551049492066153,0.26551049492066153
full_coverage_complete,leftbottle2hang,1075,0,0,5,True,False,True,0.21267347005820375,0.21267347005820375
full_coverage_complete,leftbottle2hang,1076,0,0,5,True,False,True,0.17337328627248044,0.17337328627248044
full_coverage_complete,leftbottle2hang,1077,5,0,5,True,False,True,0.18760767672698,0.15314799831484996
full_coverage_complete,leftbottle2hang,1078,0,0,5,True,False,True,0.14888304030107585,0.14888304030107585
full_coverage_complete,leftbottle2hang,1079,0,0,5,True,False,True,0.1312502304755047,0.1312502304755047
full_coverage_complete,leftbottle2hang,1080,5,0,5,True,False,True,0.1934531252715738,0.16658736558519954
full_coverage_complete,leftbottle2hang,1081,0,0,1,True,False,True,0.26725413265353876,0.26725413265353876
full_coverage_complete,leftbottle2hang,1082,0,0,4,True,False,True,0.39413953982386807,0.39413953982386807
full_coverage_complete,leftbottle2hang,1083,0,0,1,True,False,True,0.4892183191804397,0.4892183191804397
full_coverage_complete,leftbottle2hang,1084,0,0,1,True,False,True,0.5163761048388787,0.5163761048388787
full_coverage_complete,leftbottle2hang,1085,0,0,1,True,False,True,0.5072224018737556,0.5072224018737556
full_coverage_complete,leftbottle2hang,1086,0,0,1,True,False,True,0.49143949133424164,0.49143949133424164
full_coverage_complete,leftbottle2hang,1087,0,0,1,True,False,True,0.5672705211862071,0.5672705211862071
full_coverage_complete,leftbottle2hang,1088,0,0,1,True,False,True,0.5302469357973569,0.5302469357973569
full_coverage_complete,leftbottle2hang,1089,0,0,1,True,False,True,0.5061036480438218,0.5061036480438218
full_coverage_complete,leftbottle2hang,1090,0,0,1,True,False,True,0.5687094727868136,0.5687094727868136
full_coverage_complete,leftbottle2hang,1091,0,0,1,True,False,True,0.6232977485487828,0.6232977485487828
full_coverage_complete,leftbottle2hang,1092,0,0,1,True,False,True,0.6132066491370802,0.6132066491370802
full_coverage_complete,leftbottle2hang,1093,0,0,1,True,False,True,0.6947128676749357,0.6947128676749357
full_coverage_complete,leftbottle2hang,1094,0,0,1,True,False,True,0.6978724841646681,0.6978724841646681
full_coverage_complete,leftbottle2hang,1095,0,0,1,True,False,True,0.6920346806119536,0.6920346806119536
full_coverage_complete,leftbottle2hang,1096,0,0,1,True,False,True,0.7413851225798043,0.7413851225798043
full_coverage_complete,leftbottle2hang,1097,0,0,1,True,False,True,0.7083226179459297,0.7083226179459297
full_coverage_complete,leftbottle2hang,1098,0,0,1,True,False,True,0.6543299726905643,0.6543299726905643
full_coverage_complete,leftbottle2hang,1099,0,0,1,True,False,True,0.6308245359630521,0.6308245359630521
full_coverage_complete,leftbottle2hang,1100,0,0,1,True,False,True,0.5974963420008083,0.5974963420008083
full_coverage_complete,leftbottle2hang,1101,0,0,2,True,False,True,0.5972771293646588,0.5972771293646588
full_coverage_complete,leftbottle2hang,1102,0,0,1,True,False,True,0.6001740779443089,0.6001740779443089
full_coverage_complete,leftbottle2hang,1103,0,0,1,True,False,True,0.616147094855431,0.616147094855431
full_coverage_complete,leftbottle2hang,1104,0,0,1,True,False,True,0.6083552729833545,0.6083552729833545
full_coverage_complete,leftbottle2hang,1105,0,0,1,True,False,True,0.5758505765275604,0.5758505765275604
full_coverage_complete,leftbottle2hang,1106,0,0,1,True,False,True,0.6002601259640953,0.6002601259640953
full_coverage_complete,leftbottle2hang,1107,0,0,1,True,False,True,0.6516850403540981,0.6516850403540981
full_coverage_complete,leftbottle2hang,1108,0,0,1,True,False,True,0.6484925736090292,0.6484925736090292
full_coverage_complete,leftbottle2hang,1109,0,0,1,True,False,True,0.6585537758103203,0.6585537758103203
full_coverage_complete,leftbottle2hang,1110,0,0,1,True,False,True,0.6186029426353788,0.6186029426353788
full_coverage_complete,leftbottle2hang,1111,0,0,1,True,False,True,0.6631681260870642,0.6631681260870642
full_coverage_complete,leftbottle2hang,1112,0,0,1,True,False,True,0.6931984468955983,0.6931984468955983
full_coverage_complete,leftbottle2hang,1113,0,0,1,True,False,True,0.6331771096473702,0.6331771096473702
full_coverage_complete,leftbottle2hang,1114,0,0,1,True,False,True,0.43837220743818484,0.43837220743818484
full_coverage_complete,leftbottle2hang,1115,0,0,1,True,False,True,0.4124959216753329,0.4124959216753329
full_coverage_complete,leftbottle2hang,1116,0,0,1,True,False,True,0.46594022034771587,0.46594022034771587
full_coverage_complete,leftbottle2hang,1117,0,0,1,True,False,True,0.41455105420441335,0.41455105420441335
full_coverage_complete,leftbottle2hang,1118,0,0,1,True,False,True,0.41014134981994643,0.41014134981994643
full_coverage_complete,leftbottle2hang,1119,0,0,1,True,False,True,0.3922689743716677,0.3922689743716677
full_coverage_complete,leftbottle2hang,1120,0,0,1,True,False,True,0.267073699736523,0.267073699736523
full_coverage_complete,leftbottle2hang,1121,0,0,1,True,False,True,0.3676954614716825,0.3676954614716825
full_coverage_complete,leftbottle2hang,1122,0,0,1,True,False,True,0.3514996062639151,0.3514996062639151
full_coverage_complete,leftbottle2hang,1123,0,0,1,True,False,True,0.4340114076091276,0.4340114076091276
full_coverage_complete,leftbottle2hang,1124,0,0,1,True,False,True,0.4701439480910245,0.4701439480910245
full_coverage_complete,leftbottle2hang,1125,0,0,1,True,False,True,0.5849726781920072,0.5849726781920072
full_coverage_complete,leftbottle2hang,1126,0,0,1,True,False,True,0.5536747446189532,0.5536747446189532
full_coverage_complete,leftbottle2hang,1127,0,0,1,True,False,True,0.6410085135028081,0.6410085135028081
full_coverage_complete,leftbottle2hang,1128,0,0,5,True,False,True,0.6180123872399311,0.6180123872399311
full_coverage_complete,leftbottle2hang,1129,0,0,1,True,False,True,0.5300092734682694,0.5300092734682694
full_coverage_complete,leftbottle2hang,1130,0,0,1,True,False,True,0.5034244191760642,0.5034244191760642
full_coverage_complete,leftbottle2hang,1131,0,0,1,True,False,True,0.43341852417480276,0.43341852417480276
full_coverage_complete,leftbottle2hang,1132,0,0,1,True,False,True,0.3331929727159801,0.3331929727159801
full_coverage_complete,leftbottle2hang,1133,0,0,1,True,False,True,0.26555583967420604,0.26555583967420604
full_coverage_complete,leftbottle2hang,1134,0,0,1,True,False,True,0.3006692937120119,0.3006692937120119
full_coverage_complete,leftbottle2hang,1135,0,0,1,True,False,True,0.22863862490714817,0.22863862490714817
full_coverage_complete,leftbottle2hang,1136,0,0,5,True,False,True,0.4323300133730142,0.4323300133730142
full_coverage_complete,leftbottle2hang,1137,0,0,1,True,False,True,0.3911795502532346,0.3911795502532346
full_coverage_complete,leftbottle2hang,1138,0,0,1,True,False,True,0.40614688404734545,0.40614688404734545
full_coverage_complete,leftbottle2hang,1139,0,0,1,True,False,True,0.4153244457100914,0.4153244457100914
full_coverage_complete,leftbottle2hang,1142,0,0,1,True,False,True,0.5849805870352497,0.5849805870352497
full_coverage_complete,leftbottle2hang,1143,0,0,1,True,False,True,0.4932719167714757,0.4932719167714757
full_coverage_complete,leftbottle2hang,1144,0,0,1,True,False,True,0.5824246451267475,0.5824246451267475
full_coverage_complete,leftbottle2hang,1145,0,0,1,True,False,True,0.5489838053566333,0.5489838053566333
full_coverage_complete,leftbottle2hang,1146,0,0,1,True,False,True,0.6004095393789526,0.6004095393789526
full_coverage_complete,leftbottle2hang,1147,0,0,5,True,False,True,0.5259616508449814,0.5259616508449814
full_coverage_complete,leftbottle2hang,1149,0,0,1,True,False,True,0.509197189557755,0.509197189557755
full_coverage_complete,leftbottle2hang,1152,5,0,5,True,False,True,0.5142925935838655,0.5205271712083868
full_coverage_complete,leftbottle2hang,1153,5,0,5,True,False,True,0.5310700454199576,0.49298853584980473
full_coverage_complete,leftbottle2hang,1154,0,0,5,True,False,True,0.5067781753323269,0.5067781753323269
full_coverage_complete,leftbottle2hang,1160,0,0,5,True,False,True,0.5098714524127255,0.5098714524127255
full_coverage_complete,leftbottle2hang,1161,0,0,1,True,False,True,0.5049390112098638,0.5049390112098638
full_coverage_complete,leftbottle2hang,1162,0,0,1,True,False,True,0.5575493442667748,0.5575493442667748
full_coverage_complete,leftbottle2hang,1163,0,0,1,True,False,True,0.5221382741644677,0.5221382741644677
full_coverage_complete,leftbottle2hang,1164,0,0,1,True,False,True,0.542439902162271,0.542439902162271
full_coverage_complete,leftbottle2hang,1166,0,0,1,True,False,True,0.5612233818882285,0.5612233818882285
full_coverage_complete,leftbottle2hang,1167,0,0,1,True,False,True,0.5521670634687091,0.5521670634687091
full_coverage_complete,leftbottle2hang,1168,0,0,1,True,False,True,0.5912562261643812,0.5912562261643812
full_coverage_complete,leftbottle2hang,1169,0,0,5,True,False,True,0.6065277252324156,0.6065277252324156
full_coverage_complete,leftbottle2hang,1170,0,0,1,True,False,True,0.5859688498026181,0.5859688498026181
full_coverage_complete,leftbottle2hang,1171,0,0,1,True,False,True,0.5860308859969099,0.5860308859969099
full_coverage_complete,leftbottle2hang,1172,0,0,1,True,False,True,0.597315733062392,0.597315733062392
full_coverage_complete,leftbottle2hang,1173,0,0,1,True,False,True,0.57973264599287,0.57973264599287
full_coverage_complete,leftbottle2hang,1174,0,0,1,True,False,True,0.5735392258104961,0.5735392258104961
full_coverage_complete,leftbottle2hang,1175,0,0,5,True,False,True,0.5616792140567803,0.5616792140567803
full_coverage_complete,leftbottle2hang,1176,0,0,1,True,False,True,0.5494703962844361,0.5494703962844361
full_coverage_complete,leftbottle2hang,1177,0,0,1,True,False,True,0.5503410184636307,0.5503410184636307
full_coverage_complete,leftbottle2hang,1178,0,0,1,True,False,True,0.603923192433598,0.603923192433598
full_coverage_complete,leftbottle2hang,1179,0,0,1,True,False,True,0.6085716094505567,0.6085716094505567
full_coverage_complete,leftbottle2hang,1180,0,0,5,True,False,True,0.6056295330858953,0.6056295330858953
full_coverage_complete,leftbottle2hang,1181,0,0,1,True,False,True,0.6123402442640241,0.6123402442640241
full_coverage_complete,leftbottle2hang,1182,0,0,1,True,False,True,0.5931700788057186,0.5931700788057186
full_coverage_complete,leftbottle2hang,1183,0,0,1,True,False,True,0.6106923194742238,0.6106923194742238
full_coverage_complete,leftbottle2hang,1184,0,0,5,True,False,True,0.5582326228406824,0.5582326228406824
full_coverage_complete,leftbottle2hang,1185,0,0,1,True,False,True,0.5262136939851308,0.5262136939851308
full_coverage_complete,leftbottle2hang,1186,0,0,1,True,False,True,0.46269480526098583,0.46269480526098583
full_coverage_complete,leftbottle2hang,1187,0,0,1,True,False,True,0.5895609704242518,0.5895609704242518
full_coverage_complete,leftbottle2hang,1188,0,0,1,True,False,True,0.6112683364036166,0.6112683364036166
full_coverage_complete,leftbottle2hang,1189,0,0,1,True,False,True,0.568193807389294,0.568193807389294
full_coverage_complete,leftbottle2hang,1190,0,0,1,True,False,True,0.5793659774433243,0.5793659774433243
full_coverage_complete,leftbottle2hang,1191,0,0,1,True,False,True,0.5633265865391688,0.5633265865391688
full_coverage_complete,leftbottle2hang,1195,0,0,1,True,False,True,0.5749982282577619,0.5749982282577619
full_coverage_complete,leftbottle2hang,1197,0,0,1,True,False,True,0.5144925012850168,0.5144925012850168
full_coverage_complete,leftbottle2hang,1198,0,0,1,True,False,True,0.43711597042896116,0.43711597042896116
full_coverage_complete,leftbottle2hang,1200,0,0,1,True,False,True,0.250886190489542,0.250886190489542
full_coverage_complete,leftbottle2hang,1201,0,0,5,True,False,True,0.1786701339068196,0.1786701339068196
full_coverage_complete,leftbottle2hang,1202,0,0,5,True,False,True,0.2782948252766776,0.2782948252766776
full_coverage_complete,leftbottle2hang,1203,0,0,1,True,False,True,0.2873736498515194,0.2873736498515194
full_coverage_complete,leftbottle2hang,1204,0,0,1,True,False,True,0.42661623213012806,0.42661623213012806
full_coverage_complete,leftbottle2hang,1206,0,0,5,True,False,True,0.410723072368888,0.410723072368888
full_coverage_complete,leftbottle2hang,1207,0,0,5,True,False,True,0.24770768630098558,0.24770768630098558
full_coverage_complete,leftbottle2hang,1208,0,0,6,True,False,True,0.15562262206199395,0.15562262206199395
full_coverage_complete,leftbottle2hang,1209,0,0,1,True,False,True,0.2535884499390843,0.2535884499390843
full_coverage_complete,leftbottle2hang,1210,0,0,5,True,False,True,0.1682413790149483,0.1682413790149483
full_coverage_complete,leftbottle2hang,1211,0,0,1,True,False,True,0.21690932553229583,0.21690932553229583
full_coverage_complete,leftbottle2hang,1212,0,0,1,True,False,True,0.2249272304923356,0.2249272304923356
full_coverage_complete,leftbottle2hang,1213,0,0,1,True,False,True,0.25465627033257926,0.25465627033257926
full_coverage_complete,leftbottle2hang,1214,0,0,1,True,False,True,0.27492412200958033,0.27492412200958033
full_coverage_complete,leftbottle2hang,1217,0,0,5,True,False,True,0.5201611868686794,0.5201611868686794
full_coverage_complete,leftbottle2hang,1220,0,0,1,True,False,True,0.24156708944509692,0.24156708944509692
full_coverage_complete,leftbottle2hang,1221,0,0,1,True,False,True,0.35524433582334375,0.35524433582334375
full_coverage_complete,leftbottle2hang,1222,0,0,1,True,False,True,0.25687422962271805,0.25687422962271805
full_coverage_complete,leftbottle2hang,1223,0,0,1,True,False,True,0.21096097392161295,0.21096097392161295
full_coverage_complete,leftbottle2hang,1224,0,0,5,True,False,True,0.16811103126023075,0.16811103126023075
full_coverage_complete,leftbottle2hang,1225,0,0,5,True,False,True,0.23584887316364433,0.23584887316364433
full_coverage_complete,leftbottle2hang,1226,0,0,1,True,False,True,0.21491352425597318,0.21491352425597318
full_coverage_complete,leftbottle2hang,1227,0,0,5,True,False,True,0.10993000701510136,0.10993000701510136
full_coverage_complete,leftbottle2hang,1228,0,0,5,True,False,True,0.13749918280512569,0.13749918280512569
full_coverage_complete,leftbottle2hang,1230,0,0,1,True,False,True,0.13586533871662557,0.13586533871662557
full_coverage_complete,leftbottle2hang,1233,0,0,1,True,False,True,0.08853220684606687,0.08853220684606687
full_coverage_complete,leftbottle2hang,1241,0,0,1,True,False,True,0.12890984701635863,0.12890984701635863
full_coverage_complete,leftbottle2hang,1243,0,0,1,True,False,True,0.11196897917098542,0.11196897917098542
full_coverage_complete,leftbottle2hang,1245,0,0,1,True,False,True,0.0919163473123874,0.0919163473123874
full_coverage_complete,leftbottle2hang,1246,0,0,1,True,False,True,0.08377034555246897,0.08377034555246897
full_coverage_complete,leftbottle2hang,1248,0,0,1,True,False,True,0.045894446787322886,0.045894446787322886
full_coverage_complete,leftbottle2hang,1249,0,0,1,True,False,True,0.021014729890769898,0.021014729890769898
full_coverage_complete,leftbottle2hang,1251,1,0,1,True,False,True,0.011720557212563813,0.018261731544899223
full_coverage_complete,leftbottle2hang,1252,0,0,1,True,False,True,0.034629272334221556,0.034629272334221556
full_coverage_complete,leftbottle2hang,1256,0,0,1,True,False,True,0.00878744345797465,0.00878744345797465
full_coverage_complete,leftbottle2hang,1259,0,0,1,True,False,True,0.0,0.0
full_coverage_complete,leftbottle2hang,1260,0,0,1,True,False,True,0.00021436840620030664,0.00021436840620030664
full_coverage_complete,leftbottle2hang,1261,0,0,1,True,False,True,0.0,0.0
full_coverage_complete,leftbottle2hang,1262,5,0,5,True,False,True,0.0,0.0
full_coverage_complete,leftbottle2hang,1263,0,0,4,True,False,True,0.0,0.0
full_coverage_complete,leftbottle2hang,1264,0,0,1,True,False,True,0.0,0.0
full_coverage_complete,leftbottle2hang,1265,0,0,1,True,False,True,0.0,0.0
full_coverage_complete,leftbottle2hang,1266,0,0,1,True,False,True,0.0,0.0
full_coverage_complete,leftbottle2hang,1267,0,0,1,True,False,True,0.0,0.0
full_coverage_complete,leftbottle2hang,1268,0,0,1,True,False,True,0.0,0.0
full_coverage_complete,leftbottle2hang,1269,0,0,1,True,False,True,0.0,0.0
full_coverage_complete,leftbottle2hang,1270,0,0,1,True,False,True,0.0,0.0
full_coverage_complete,leftbottle2hang,1271,0,1,1,True,False,True,0.0,0.0047017465890089845
full_coverage_complete,leftbottle2hang,1272,0,0,1,True,False,True,0.0,0.0
full_coverage_complete,leftbottle2hang,1273,0,0,5,True,False,True,0.009627241713636969,0.009627241713636969
full_coverage_complete,leftbottle2hang,1278,0,0,5,True,False,True,0.0,0.0
full_coverage_complete,leftbottle2hang,1279,0,0,1,True,False,True,0.0,0.0
full_coverage_complete,leftbottle2hang,1282,0,0,1,True,False,True,0.0,0.0
full_coverage_complete,leftbottle2hang,1283,0,0,1,True,False,True,0.0,0.0
full_coverage_complete,leftbottle2hang,1284,0,0,4,True,False,True,0.0,0.0
full_coverage_complete,leftbottle2hang,1285,0,0,1,True,False,True,0.0,0.0
full_coverage_complete,leftbottle2hang,1286,0,0,1,True,False,True,0.0,0.0
full_coverage_complete,leftbottle2hang,1287,1,0,1,True,False,True,0.2098415664942419,0.16963676568403077
full_coverage_complete,leftbottle2hang,1288,0,0,1,True,False,True,0.22178507180600754,0.22178507180600754
full_coverage_complete,leftbottle2hang,1289,1,0,1,True,False,True,0.19097088187424205,0.15530355755342776
full_coverage_complete,leftbottle2hang,1290,0,0,1,True,False,True,0.1504634145450471,0.1504634145450471
full_coverage_complete,leftbottle2hang,1291,0,0,1,True,False,True,0.24950022626755397,0.24950022626755397
full_coverage_complete,leftbottle2hang,1292,0,0,1,True,False,True,0.21066451184933813,0.21066451184933813
full_coverage_complete,leftbottle2hang,1294,0,0,1,True,False,True,0.23391028063377808,0.23391028063377808
full_coverage_complete,leftbottle2hang,1295,0,0,1,True,False,True,0.2715625904827375,0.2715625904827375
full_coverage_complete,leftbottle2hang,1296,0,0,1,True,False,True,0.5485669793070673,0.5485669793070673
full_coverage_complete,leftbottle2hang,1298,0,0,1,True,False,True,0.4234873587400812,0.4234873587400812
full_coverage_complete,leftbottle2hang,1299,0,0,1,True,False,True,0.36182122234152164,0.36182122234152164
full_coverage_complete,leftbottle2hang,1300,0,0,1,True,False,True,0.2588762074123421,0.2588762074123421
full_coverage_complete,leftbottle2hang,1301,1,0,1,True,False,True,0.2380173531813229,0.2275453466062051
full_coverage_complete,leftbottle2hang,1302,5,0,5,True,False,True,0.1177771186768255,0.21652387475758866
full_coverage_complete,leftbottle2hang,1303,0,0,1,True,False,True,0.05685370695648452,0.05685370695648452
full_coverage_complete,leftbottle2hang,1304,0,0,5,True,False,True,0.0,0.0
full_coverage_complete,leftbottle2hang,1305,0,0,5,True,False,True,0.024197274490509835,0.024197274490509835
full_coverage_complete,leftbottle2hang,1317,0,0,4,True,False,True,0.18029807016318772,0.18029807016318772
full_coverage_complete,leftbottle2hang,1318,0,0,1,True,False,True,0.3086626437192633,0.3086626437192633
full_coverage_complete,leftbottle2hang,1319,0,0,1,True,False,True,0.4299212740346885,0.4299212740346885
full_coverage_complete,leftbottle2hang,1324,0,0,1,True,False,True,0.24597770018503076,0.24597770018503076
full_coverage_complete,leftbottle2hang,1326,0,0,1,True,False,True,0.2538719248452391,0.2538719248452391
full_coverage_complete,leftbottle2hang,1327,0,0,1,True,False,True,0.16916601915873283,0.16916601915873283
full_coverage_complete,leftbottle2hang,1328,0,0,5,True,False,True,0.020480745616299652,0.020480745616299652
full_coverage_complete,leftbottle2hang,1329,0,0,1,True,False,True,0.011289458433680562,0.011289458433680562
full_coverage_complete,leftbottle2hang,1342,0,0,4,True,False,True,0.0,0.0
full_coverage_complete,leftbottle2hang,1344,0,0,1,True,False,True,0.09405632952629672,0.09405632952629672
full_coverage_complete,leftbottle2hang,1345,0,0,4,True,False,True,0.10967190768875913,0.10967190768875913
full_coverage_complete,leftbottle2hang,1346,5,0,5,True,False,True,0.22830654918583548,0.16945046061785646
full_coverage_complete,leftbottle2hang,1352,0,0,1,True,False,True,0.40720006100727624,0.40720006100727624
full_coverage_complete,leftbottle2hang,1358,0,0,1,True,False,True,0.4160065273418659,0.4160065273418659
full_coverage_complete,leftbottle2hang,1363,0,0,1,True,False,True,0.0024759392493013317,0.0024759392493013317
full_coverage_complete,leftbottle2hang,1364,0,0,1,True,False,True,0.08391451678599617,0.08391451678599617
full_coverage_complete,leftbottle2hang,1365,0,0,1,True,False,True,0.0022143103470428677,0.0022143103470428677
full_coverage_complete,leftbottle2hang,1366,0,0,5,True,False,True,0.0,0.0
full_coverage_complete,leftbottle2hang,1372,0,0,1,True,False,True,0.0,0.0
full_coverage_complete,leftbottle2hang,1373,0,0,1,True,False,True,0.0,0.0
full_coverage_complete,leftbottle2hang,1374,0,0,1,True,False,True,0.0464898505530624,0.0464898505530624
full_coverage_complete,leftbottle2hang,1377,0,0,1,True,False,True,0.02475222032889179,0.02475222032889179
full_coverage_complete,leftbottle2hang,1378,0,0,1,True,False,True,0.0,0.0
full_coverage_complete,leftbottle2hang,1379,0,0,1,True,False,True,0.026543434315010352,0.026543434315010352
full_coverage_complete,leftbottle2hang,1381,0,0,1,True,False,True,0.0,0.0
full_coverage_complete,leftbottle2hang,1382,0,0,1,True,False,True,0.0,0.0
full_coverage_complete,leftbottle2hang,1383,0,0,1,True,False,True,0.06042904046620363,0.06042904046620363
full_coverage_complete,leftbottle2hang,1384,0,0,1,True,False,True,0.06510122344218272,0.06510122344218272
full_coverage_complete,leftbottle2hang,1386,0,0,1,True,False,True,0.12793291946302834,0.12793291946302834
full_coverage_complete,leftbottle2hang,1387,0,0,1,True,False,True,0.08805929739875898,0.08805929739875898
full_coverage_complete,leftbottle2hang,1388,0,0,1,True,False,True,0.0871686190915541,0.0871686190915541
full_coverage_complete,leftbottle2hang,1389,0,0,1,True,False,True,0.08091317472148706,0.08091317472148706
full_coverage_complete,leftbottle2hang,1390,0,0,1,True,False,True,0.11963720030200191,0.11963720030200191
full_coverage_complete,leftbottle2hang,1391,0,0,1,True,False,True,0.10913492151094677,0.10913492151094677
full_coverage_complete,leftbottle2hang,1392,0,0,1,True,False,True,0.12070205234664812,0.12070205234664812
full_coverage_complete,leftbottle2hang,1393,0,0,1,True,False,True,0.23292497199481835,0.23292497199481835
full_coverage_complete,leftbottle2hang,1394,0,0,1,True,False,True,0.2511458399870642,0.2511458399870642
full_coverage_complete,leftbottle2hang,1396,0,0,1,True,False,True,0.27720870538949827,0.27720870538949827
full_coverage_complete,leftbottle2hang,1407,0,0,4,True,False,True,0.48216496920844104,0.48216496920844104
full_coverage_complete,leftbottle2hang,1408,0,0,1,True,False,True,0.48491236644593716,0.48491236644593716
full_coverage_complete,leftbottle2hang,1409,0,0,1,True,False,True,0.4808782761766643,0.4808782761766643
full_coverage_complete,leftbottle2hang,1410,0,0,1,True,False,True,0.4416116380027386,0.4416116380027386
full_coverage_complete,leftbottle2hang,1411,0,0,4,True,False,True,0.4591648954562159,0.4591648954562159
full_coverage_complete,leftbottle2hang,1412,0,0,4,True,False,True,0.4459847073943352,0.4459847073943352
full_coverage_complete,leftbottle2hang,1414,0,0,1,True,False,True,0.61424432921163,0.61424432921163
full_coverage_complete,leftbottle2hang,1415,0,0,1,True,False,True,0.5676748230893424,0.5676748230893424
full_coverage_complete,leftbottle2hang,1416,0,0,5,True,False,True,0.5352684964811775,0.5352684964811775
full_coverage_complete,leftbottle2hang,1417,0,0,1,True,False,True,0.5914526521727044,0.5914526521727044
full_coverage_complete,leftbottle2hang,1418,0,0,1,True,False,True,0.5040821238066181,0.5040821238066181
full_coverage_complete,leftbottle2hang,1421,0,0,4,True,False,True,0.4043480010209895,0.4043480010209895
full_coverage_complete,leftbottle2hang,1422,0,0,4,True,False,True,0.3602712198668652,0.3602712198668652
full_coverage_complete,leftbottle2hang,1423,0,0,4,True,False,True,0.263722598016041,0.263722598016041
full_coverage_complete,leftbottle2hang,1424,0,0,4,True,False,True,0.2757444461882352,0.2757444461882352
full_coverage_complete,leftbottle2hang,1425,0,0,5,True,False,True,0.18953850181799162,0.18953850181799162
full_coverage_complete,leftbottle2hang,1426,0,0,5,True,False,True,0.14169805672232283,0.14169805672232283
full_coverage_complete,leftbottle2hang,1427,5,0,5,True,False,True,0.14868616399067563,0.15179479847549734
full_coverage_complete,leftbottle2hang,1428,0,0,1,True,False,True,0.13488017916865336,0.13488017916865336
full_coverage_complete,leftbottle2hang,1429,0,0,5,True,False,True,0.05362047644733823,0.05362047644733823
full_coverage_complete,leftbottle2hang,1430,0,0,5,True,False,True,0.012894909236086704,0.012894909236086704
full_coverage_complete,leftbottle2hang,1431,0,0,5,True,False,True,0.0,0.0
full_coverage_complete,leftbottle2hang,1432,0,0,5,True,False,True,0.0,0.0
full_coverage_complete,leftbottle2hang,1433,0,0,5,True,False,True,0.008850549992142239,0.008850549992142239
full_coverage_complete,leftbottle2hang,1434,0,0,1,True,False,True,0.051632035057835694,0.051632035057835694
full_coverage_complete,leftbottle2hang,1435,0,0,4,True,False,True,0.05283989312805446,0.05283989312805446
full_coverage_complete,leftbottle2hang,1436,0,0,1,True,False,True,0.2462033509191936,0.2462033509191936
full_coverage_complete,leftbottle2hang,1437,0,0,4,True,False,True,0.3360189067646418,0.3360189067646418
full_coverage_complete,leftbottle2hang,1438,0,0,4,True,False,True,0.3470845303736616,0.3470845303736616
full_coverage_complete,leftbottle2hang,1439,0,0,4,True,False,True,0.24799965264975363,0.24799965264975363
full_coverage_complete,leftbottle2hang,1440,0,0,5,True,False,True,0.2957347922912839,0.2957347922912839
full_coverage_complete,leftbottle2hang,1441,0,0,5,True,False,True,0.16125840776205885,0.16125840776205885
full_coverage_complete,leftbottle2hang,1442,0,2,5,True,False,True,0.03183638377026341,0.0
full_coverage_complete,leftbottle2hang,1443,1,0,1,True,False,True,0.0,0.0
full_coverage_complete,leftbottle2hang,1444,0,0,1,True,False,True,0.0,0.0
full_coverage_complete,leftbottle2hang,1446,0,1,0,False,False,True,0.0,0.07056838741848583
full_coverage_complete,leftbottle2hang,1447,0,2,5,True,False,True,0.15993495169494057,0.0
full_coverage_complete,leftbottle2hang,1448,0,0,6,True,False,True,0.0,0.0
full_coverage_complete,leftbottle2hang,1450,0,0,1,True,False,True,0.0,0.0
full_coverage_complete,leftbottle2hang,1451,0,0,4,True,False,True,0.0,0.0
full_coverage_complete,leftbottle2hang,1452,0,0,1,True,False,True,0.0,0.0
full_coverage_complete,leftbottle2hang,1453,0,0,1,True,False,True,0.0,0.0
full_coverage_complete,leftbottle2hang,1454,0,0,1,True,False,True,0.0,0.0
full_coverage_complete,leftbottle2hang,1456,2,0,2,True,False,True,0.0,0.0
full_coverage_complete,leftbottle2hang,1457,5,0,5,True,False,True,0.0,0.0
full_coverage_complete,leftbottle2hang,1458,5,1,5,True,False,True,0.0,0.0
full_coverage_complete,leftbottle2hang,1459,5,0,5,True,False,True,0.0,0.0
full_coverage_complete,leftbottle2hang,1460,0,0,5,True,False,True,0.0,0.0
full_coverage_complete,leftbottle2hang,1461,0,0,1,True,False,True,0.0,0.0
full_coverage_complete,leftbottle2hang,1466,1,0,1,True,False,True,0.0,0.0
full_coverage_complete,leftbottle2hang,1467,0,0,5,True,False,True,0.0,0.0
full_coverage_complete,leftbottle2hang,1468,0,0,5,True,False,True,0.0,0.0
full_coverage_complete,leftbottle2hang,1470,0,0,5,True,False,True,0.0,0.0
full_coverage_complete,leftbottle2hang,1471,0,0,5,True,False,True,0.0,0.0
full_coverage_complete,leftbottle2hang,1472,0,0,4,True,False,True,0.0,0.0
full_coverage_complete,leftbottle2hang,1473,0,1,4,True,False,True,0.0,0.0
full_coverage_complete,leftbottle2hang,1474,0,0,1,True,False,True,0.0,0.0
full_coverage_complete,leftbottle2hang,1477,0,0,1,True,False,True,0.0,0.0
full_coverage_complete,leftbottle2hang,1478,0,0,1,True,False,True,0.0,0.0
full_coverage_complete,leftbottle2hang,1479,1,0,1,True,False,True,0.0,0.0
full_coverage_complete,leftbottle2hang,1480,0,0,4,True,False,True,0.0,0.0
full_coverage_complete,leftbottle2hang,1481,0,0,4,True,False,True,0.0,0.0
full_coverage_complete,leftbottle2hang,1482,0,0,4,True,False,True,0.0,0.0
full_coverage_complete,leftbottle2hang,1483,0,0,4,True,False,True,0.0,0.0
full_coverage_complete,leftbottle2hang,1484,0,0,4,True,False,True,0.0,0.0
full_coverage_complete,leftbottle2hang,1485,0,0,4,True,False,True,0.0,0.0
full_coverage_complete,leftbottle2hang,1486,0,0,4,True,False,True,0.0,0.0
full_coverage_complete,leftbottle2hang,1487,0,0,5,True,False,True,0.0,0.0
full_coverage_complete,leftbottle2hang,1488,0,0,5,True,False,True,0.0,0.0
full_coverage_complete,leftbottle2hang,1489,0,1,5,True,False,True,0.0,0.12798796130319667
full_coverage_complete,leftbottle2hang,1490,0,0,5,True,False,True,0.06884582062749527,0.06884582062749527
full_coverage_complete,leftbottle2hang,1491,0,0,5,True,False,True,0.350794341102441,0.350794341102441
full_coverage_complete,leftbottle2hang,1492,0,0,5,True,False,True,0.32956610544761245,0.32956610544761245
full_coverage_complete,leftbottle2hang,1493,0,0,5,True,False,True,0.34871910842582965,0.34871910842582965
full_coverage_complete,leftbottle2hang,1494,0,0,5,True,False,True,0.3817203064080029,0.3817203064080029
full_coverage_complete,leftbottle2hang,1495,0,0,1,True,False,True,0.34629573348031123,0.34629573348031123
full_coverage_complete,leftbottle2hang,1496,0,0,4,True,False,True,0.2586434618986425,0.2586434618986425
full_coverage_complete,leftbottle2hang,1497,0,0,1,True,False,True,0.27472527770587246,0.27472527770587246
full_coverage_complete,leftbottle2hang,1498,0,0,1,True,False,True,0.32043097518089925,0.32043097518089925
full_coverage_complete,leftbottle2hang,1499,0,0,1,True,False,True,0.3229105490014389,0.3229105490014389
full_coverage_complete,leftbottle2hang,1500,0,0,1,True,False,True,0.31504215216105563,0.31504215216105563
full_coverage_complete,leftbottle2hang,1501,0,0,1,True,False,True,0.386084220153537,0.386084220153537
full_coverage_complete,leftbottle2hang,1502,0,0,1,True,False,True,0.38748170313782226,0.38748170313782226
full_coverage_complete,leftbottle2hang,1503,0,0,1,True,False,True,0.4261165220537466,0.4261165220537466
full_coverage_complete,leftbottle2hang,1504,0,0,1,True,False,True,0.4587799949788919,0.4587799949788919
full_coverage_complete,leftbottle2hang,1505,0,0,1,True,False,True,0.4646259605521613,0.4646259605521613
full_coverage_complete,leftbottle2hang,1506,0,0,1,True,False,True,0.5165196248008885,0.5165196248008885
full_coverage_complete,leftbottle2hang,1507,0,0,1,True,False,True,0.4964885255943824,0.4964885255943824
full_coverage_complete,leftbottle2hang,1508,0,0,1,True,False,True,0.49403608123373915,0.49403608123373915
full_coverage_complete,leftbottle2hang,1509,0,0,1,True,False,True,0.5141178250711602,0.5141178250711602
full_coverage_complete,leftbottle2hang,1512,0,0,4,True,False,True,0.36237162759553443,0.36237162759553443
full_coverage_complete,leftbottle2hang,1513,0,0,1,True,False,True,0.3666752868047575,0.3666752868047575
full_coverage_complete,leftbottle2hang,1515,0,0,1,True,False,True,0.5098546543298071,0.5098546543298071
full_coverage_complete,leftbottle2hang,1516,0,0,1,True,False,True,0.4985458003157475,0.4985458003157475
full_coverage_complete,leftbottle2hang,1517,0,0,1,True,False,True,0.4861859545501975,0.4861859545501975
full_coverage_complete,leftbottle2hang,1518,0,0,1,True,False,True,0.45387684719625704,0.45387684719625704
full_coverage_complete,leftbottle2hang,1519,0,0,4,True,False,True,0.45175538524107695,0.45175538524107695
full_coverage_complete,leftbottle2hang,1520,0,0,4,True,False,True,0.29275740903735165,0.29275740903735165
full_coverage_complete,leftbottle2hang,1521,0,0,1,True,False,True,0.22500684701394408,0.22500684701394408
full_coverage_complete,leftbottle2hang,1522,0,0,1,True,False,True,0.29200684768559737,0.29200684768559737
full_coverage_complete,leftbottle2hang,1523,0,0,1,True,False,True,0.3225782621951278,0.3225782621951278
full_coverage_complete,leftbottle2hang,1524,0,0,4,True,False,True,0.35494952205954144,0.35494952205954144
full_coverage_complete,leftbottle2hang,1525,0,0,4,True,False,True,0.41933906343565724,0.41933906343565724
full_coverage_complete,leftbottle2hang,1526,0,0,4,True,False,True,0.28833915333072774,0.28833915333072774
full_coverage_complete,leftbottle2hang,1527,0,0,4,True,False,True,0.10363711361762633,0.10363711361762633
full_coverage_complete,leftbottle2hang,1528,0,0,1,True,False,True,0.0330043627508107,0.0330043627508107
full_coverage_complete,leftbottle2hang,1529,1,0,1,True,False,True,0.11733521739032701,0.0
full_coverage_complete,leftbottle2hang,1530,0,0,4,True,False,True,0.037629919639915965,0.037629919639915965
full_coverage_complete,leftbottle2hang,1531,0,0,1,True,False,True,0.011002642226983285,0.011002642226983285
full_coverage_complete,leftbottle2hang,1532,0,0,1,True,False,True,0.2934138607724412,0.2934138607724412
full_coverage_complete,leftbottle2hang,1533,0,0,5,True,False,True,0.25121563835489713,0.25121563835489713
full_coverage_complete,leftbottle2hang,1534,0,0,1,True,False,True,0.35298156411486936,0.35298156411486936
full_coverage_complete,leftbottle2hang,1535,0,0,1,True,False,True,0.380456362299589,0.380456362299589
full_coverage_complete,leftbottle2hang,1536,0,0,1,True,False,True,0.34225528928742904,0.34225528928742904
full_coverage_complete,leftbottle2hang,1537,0,0,1,True,False,True,0.4139400929279436,0.4139400929279436
full_coverage_complete,leftbottle2hang,1538,0,0,5,True,False,True,0.36785932843446895,0.36785932843446895
full_coverage_complete,leftbottle2hang,1539,0,0,1,True,False,True,0.316895356007358,0.316895356007358
full_coverage_complete,leftbottle2hang,1540,0,0,1,True,False,True,0.32719966812774287,0.32719966812774287
full_coverage_complete,leftbottle2hang,1541,0,0,4,True,False,True,0.31006672984463907,0.31006672984463907
full_coverage_complete,leftbottle2hang,1542,0,0,4,True,False,True,0.30017292930639233,0.30017292930639233
full_coverage_complete,leftbottle2hang,1543,0,0,4,True,False,True,0.30500745371252397,0.30500745371252397
full_coverage_complete,leftbottle2hang,1544,0,0,4,True,False,True,0.2878792727774267,0.2878792727774267
full_coverage_complete,leftbottle2hang,1545,0,0,4,True,False,True,0.26136919301373673,0.26136919301373673
full_coverage_complete,leftbottle2hang,1546,0,0,4,True,False,True,0.15258693502084686,0.15258693502084686
full_coverage_complete,leftbottle2hang,1547,0,0,4,True,False,True,0.22268291529154804,0.22268291529154804
full_coverage_complete,leftbottle2hang,1548,0,0,4,True,False,True,0.21862794757881482,0.21862794757881482
full_coverage_complete,leftbottle2hang,1549,0,0,4,True,False,True,0.2555414653326891,0.2555414653326891
full_coverage_complete,leftbottle2hang,1550,0,0,4,True,False,True,0.1870854298413499,0.1870854298413499
full_coverage_complete,leftbottle2hang,1551,0,0,1,True,False,True,0.13324100775352052,0.13324100775352052
full_coverage_complete,leftbottle2hang,1552,0,0,1,True,False,True,0.09337586537297377,0.09337586537297377
full_coverage_complete,leftbottle2hang,1553,0,0,4,True,False,True,0.16134995831765264,0.16134995831765264
full_coverage_complete,leftbottle2hang,1554,0,0,1,True,False,True,0.2062961181849043,0.2062961181849043
full_coverage_complete,leftbottle2hang,1555,0,0,1,True,False,True,0.2337985570326178,0.2337985570326178
full_coverage_complete,leftbottle2hang,1556,0,0,1,True,False,True,0.3010148662511153,0.3010148662511153
full_coverage_complete,leftbottle2hang,1557,0,0,1,True,False,True,0.3795844697226474,0.3795844697226474
full_coverage_complete,leftbottle2hang,1558,0,0,1,True,False,True,0.3221399864158003,0.3221399864158003
full_coverage_complete,leftbottle2hang,1559,0,0,1,True,False,True,0.27259458976489337,0.27259458976489337
full_coverage_complete,leftbottle2hang,1560,0,0,1,True,False,True,0.1891129298795196,0.1891129298795196
full_coverage_complete,leftbottle2hang,1561,0,0,1,True,False,True,0.15001719525246643,0.15001719525246643
full_coverage_complete,leftbottle2hang,1562,1,0,1,True,False,True,0.20276713382603312,0.2528750322561757
full_coverage_complete,leftbottle2hang,1563,0,0,1,True,False,True,0.19167225659836756,0.19167225659836756
full_coverage_complete,leftbottle2hang,1564,0,0,1,True,False,True,0.1344468667973247,0.1344468667973247
full_coverage_complete,leftbottle2hang,1565,0,0,1,True,False,True,0.1617329358264437,0.1617329358264437
full_coverage_complete,leftbottle2hang,1566,0,0,5,True,False,True,0.16304650320203118,0.16304650320203118
full_coverage_complete,leftbottle2hang,1567,0,0,1,True,False,True,0.1889754291661331,0.1889754291661331
full_coverage_complete,leftbottle2hang,1568,0,0,1,True,False,True,0.1359695032819463,0.1359695032819463
full_coverage_complete,leftbottle2hang,1569,0,0,5,True,False,True,0.12506458472233606,0.12506458472233606
full_coverage_complete,leftbottle2hang,1570,5,0,5,True,False,True,0.09484463059909942,0.03616543908781268
full_coverage_complete,leftbottle2hang,1571,0,0,5,True,False,True,0.0027999516982330753,0.0027999516982330753
full_coverage_complete,leftbottle2hang,1572,0,0,1,True,False,True,0.0,0.0
full_coverage_complete,leftbottle2hang,1573,0,0,1,True,False,True,0.0,0.0
full_coverage_complete,leftbottle2hang,1574,5,0,5,True,False,True,0.0,0.09292821322114804
full_coverage_complete,leftbottle2hang,1575,0,0,1,True,False,True,0.25588476705448665,0.25588476705448665
full_coverage_complete,leftbottle2hang,1576,0,0,5,True,False,True,0.2241914233568924,0.2241914233568924
full_coverage_complete,leftbottle2hang,1577,0,0,1,True,False,True,0.15744979950551696,0.15744979950551696
full_coverage_complete,leftbottle2hang,1578,0,0,1,True,False,True,0.29343044600344637,0.29343044600344637
full_coverage_complete,leftbottle2hang,1579,0,0,5,True,False,True,0.30637055908201405,0.30637055908201405
full_coverage_complete,leftbottle2hang,1580,0,0,1,True,False,True,0.3200968141690243,0.3200968141690243
full_coverage_complete,leftbottle2hang,1581,0,0,2,True,False,True,0.26946650901066116,0.26946650901066116
full_coverage_complete,leftbottle2hang,1582,0,0,1,True,False,True,0.2768456925490906,0.2768456925490906
full_coverage_complete,leftbottle2hang,1583,0,0,1,True,False,True,0.24367386584657366,0.24367386584657366
full_coverage_complete,leftbottle2hang,1584,0,0,1,True,False,True,0.2141132694575799,0.2141132694575799
full_coverage_complete,leftbottle2hang,1587,0,0,1,True,False,True,0.0,0.0
full_coverage_complete,leftbottle2hang,1588,0,0,1,True,False,True,0.03825880528904748,0.03825880528904748
full_coverage_complete,leftbottle2hang,1589,0,0,1,True,False,True,0.0,0.0
full_coverage_complete,leftbottle2hang,1590,0,0,1,True,False,True,0.0,0.0
full_coverage_complete,leftbottle2hang,1592,0,0,5,True,False,True,0.30361396919053135,0.30361396919053135
full_coverage_complete,leftbottle2hang,1593,0,0,5,True,False,True,0.3795191713069059,0.3795191713069059
full_coverage_complete,leftbottle2hang,1603,0,0,1,True,False,True,0.24750627741646455,0.24750627741646455
full_coverage_complete,leftbottle2hang,1604,0,0,1,True,False,True,0.16639435714274423,0.16639435714274423
full_coverage_complete,leftbottle2hang,1605,0,0,1,True,False,True,0.18930084083344909,0.18930084083344909
full_coverage_complete,leftbottle2hang,1606,0,0,1,True,False,True,0.1505641964123904,0.1505641964123904
full_coverage_complete,leftbottle2hang,1607,0,0,1,True,False,True,0.1790841548814637,0.1790841548814637
full_coverage_complete,leftbottle2hang,1612,0,0,1,True,False,True,0.17856332247449672,0.17856332247449672
full_coverage_complete,leftbottle2hang,1613,0,0,1,True,False,True,0.2182426813270247,0.2182426813270247
full_coverage_complete,leftbottle2hang,1614,0,0,1,True,False,True,0.18863803563545414,0.18863803563545414
full_coverage_complete,leftbottle2hang,1615,0,0,1,True,False,True,0.1859407370125395,0.1859407370125395
full_coverage_complete,leftbottle2hang,1616,0,0,1,True,False,True,0.129062412074751,0.129062412074751
full_coverage_complete,leftbottle2hang,1617,0,0,1,True,False,True,0.1910786138056659,0.1910786138056659
full_coverage_complete,leftbottle2hang,1621,0,0,1,True,False,True,0.22174919440548915,0.22174919440548915
full_coverage_complete,leftbottle2hang,1622,0,0,1,True,False,True,0.24307434040782425,0.24307434040782425
full_coverage_complete,leftbottle2hang,1623,0,0,1,True,False,True,0.17422300155917186,0.17422300155917186
full_coverage_complete,leftbottle2hang,1624,0,0,1,True,False,True,0.2123379863964477,0.2123379863964477
full_coverage_complete,leftbottle2hang,1625,0,0,5,True,False,True,0.17626740330953156,0.17626740330953156
full_coverage_complete,leftbottle2hang,1626,0,0,5,True,False,True,0.2876692691390496,0.2876692691390496
full_coverage_complete,leftbottle2hang,1627,0,0,1,True,False,True,0.2982522951605964,0.2982522951605964
full_coverage_complete,leftbottle2hang,1633,0,0,1,True,False,True,0.2456268341230368,0.2456268341230368
full_coverage_complete,leftbottle2hang,1634,0,0,1,True,False,True,0.194927890175896,0.194927890175896
full_coverage_complete,leftbottle2hang,1635,0,0,1,True,False,True,0.30579962609392936,0.30579962609392936
full_coverage_complete,leftbottle2hang,1637,0,0,1,True,False,True,0.37984223901246716,0.37984223901246716
full_coverage_complete,leftbottle2hang,1641,0,0,1,True,False,True,0.08173160808126444,0.08173160808126444
full_coverage_complete,leftbottle2hang,1642,0,0,1,True,False,True,0.04794831220224771,0.04794831220224771
full_coverage_complete,leftbottle2hang,1643,0,0,1,True,False,True,0.08858202226632281,0.08858202226632281
full_coverage_complete,leftbottle2hang,1644,0,0,1,True,False,True,0.179684975966516,0.179684975966516
full_coverage_complete,leftbottle2hang,1652,0,0,1,True,False,True,0.3008487462648746,0.3008487462648746
full_coverage_complete,leftbottle2hang,1653,0,0,1,True,False,True,0.32173148779949085,0.32173148779949085
full_coverage_complete,leftbottle2hang,1654,0,0,1,True,False,True,0.2950152615500509,0.2950152615500509
full_coverage_complete,leftbottle2hang,1655,0,0,1,True,False,True,0.3188311986160355,0.3188311986160355
full_coverage_complete,leftbottle2hang,1656,0,0,1,True,False,True,0.2198201008148983,0.2198201008148983
full_coverage_complete,leftbottle2hang,1658,0,0,1,True,False,True,0.39045256318473287,0.39045256318473287
full_coverage_complete,leftbottle2hang,1661,0,0,6,True,False,True,0.3668173738925509,0.3668173738925509
full_coverage_complete,leftbottle2hang,1665,0,0,5,True,False,True,0.33846604312473616,0.33846604312473616
full_coverage_complete,leftbottle2hang,1667,0,0,5,True,False,True,0.2892212854423088,0.2892212854423088
full_coverage_complete,leftbottle2hang,1668,0,0,5,True,False,True,0.3446534543253067,0.3446534543253067
full_coverage_complete,leftbottle2hang,1678,0,0,1,True,False,True,0.21829339663608205,0.21829339663608205
full_coverage_complete,leftbottle2hang,1679,0,0,1,True,False,True,0.2655141465297093,0.2655141465297093
full_coverage_complete,leftbottle2hang,1681,0,0,1,True,False,True,0.32113440850440733,0.32113440850440733
full_coverage_complete,leftbottle2hang,1685,1,0,1,True,False,True,0.48778403316810404,0.6005346972865244
full_coverage_complete,leftbottle2hang,1688,0,0,1,True,False,True,0.41317272560626156,0.41317272560626156
full_coverage_complete,leftbottle2hang,1689,0,0,1,True,False,True,0.3157696433360274,0.3157696433360274
full_coverage_complete,leftbottle2hang,1690,1,0,1,True,False,True,0.34623144850133836,0.3553066260709398
full_coverage_complete,leftbottle2hang,1692,1,0,1,True,False,True,0.309123761479131,0.39982094763398923
full_coverage_complete,leftbottle2hang,1693,0,0,4,True,False,True,0.33885904875094486,0.33885904875094486
full_coverage_complete,leftbottle2hang,1695,0,0,1,True,False,True,0.27791645786209596,0.27791645786209596
full_coverage_complete,leftbottle2hang,1696,0,0,1,True,False,True,0.33081281541655816,0.33081281541655816
full_coverage_complete,leftbottle2hang,1725,0,0,1,True,False,True,0.3028878351857089,0.3028878351857089
full_coverage_complete,leftbottle2hang,1728,0,0,1,True,False,True,0.07699603840761435,0.07699603840761435
full_coverage_complete,leftbottle2hang,1729,0,0,1,True,False,True,0.04246433618689082,0.04246433618689082
full_coverage_complete,leftbottle2hang,1731,0,0,1,True,False,True,0.012049535492712184,0.012049535492712184
full_coverage_complete,leftbottle2hang,1732,0,0,1,True,False,True,0.3468750490664025,0.3468750490664025
full_coverage_complete,leftbottle2hang,1734,0,0,5,True,False,True,0.3266069210744818,0.3266069210744818
full_coverage_complete,leftbottle2hang,1736,0,0,5,True,False,True,0.3144399017991008,0.3144399017991008
full_coverage_complete,leftbottle2hang,1737,0,0,4,True,False,True,0.21675588265953627,0.21675588265953627
full_coverage_complete,leftbottle2hang,1739,0,0,5,True,False,True,0.19445335407087838,0.19445335407087838
full_coverage_complete,leftbottle2hang,1742,0,0,5,True,False,True,0.12472961005482158,0.12472961005482158
full_coverage_complete,leftbottle2hang,1743,0,1,5,True,False,True,0.10829654750332346,0.07227997660306526
full_coverage_complete,leftbottle2hang,1744,0,0,5,True,False,True,0.0,0.0
full_coverage_complete,leftbottle2hang,1745,0,0,5,True,False,True,0.0,0.0
full_coverage_complete,leftbottle2hang,1746,0,0,1,True,False,True,0.05151431406817204,0.05151431406817204
full_coverage_complete,leftbottle2hang,1747,0,0,1,True,False,True,0.1551415033044476,0.1551415033044476
full_coverage_complete,leftbottle2hang,1748,0,0,4,True,False,True,0.24647631345752125,0.24647631345752125
full_coverage_complete,leftbottle2hang,1749,0,0,4,True,False,True,0.2777971825277155,0.2777971825277155
full_coverage_complete,leftbottle2hang,1750,0,0,4,True,False,True,0.3523409867069723,0.3523409867069723
full_coverage_complete,leftbottle2hang,1751,0,0,4,True,False,True,0.30064798738389603,0.30064798738389603
full_coverage_complete,leftbottle2hang,1752,0,0,1,True,False,True,0.36200108229206046,0.36200108229206046
full_coverage_complete,leftbottle2hang,1753,0,0,4,True,False,True,0.3621551682012989,0.3621551682012989
full_coverage_complete,leftbottle2hang,1754,0,0,1,True,False,True,0.35902325776624666,0.35902325776624666
full_coverage_complete,leftbottle2hang,1755,0,0,1,True,False,True,0.4014917757726265,0.4014917757726265
full_coverage_complete,leftbottle2hang,1756,0,0,4,True,False,True,0.39155419962329563,0.39155419962329563
full_coverage_complete,leftbottle2hang,1757,0,0,4,True,False,True,0.3698032681071877,0.3698032681071877
full_coverage_complete,leftbottle2hang,1758,0,0,4,True,False,True,0.412596468419147,0.412596468419147
full_coverage_complete,leftbottle2hang,1759,0,0,4,True,False,True,0.3819869199580739,0.3819869199580739
full_coverage_complete,leftbottle2hang,1760,0,0,1,True,False,True,0.43838732107849254,0.43838732107849254
full_coverage_complete,leftbottle2hang,1761,0,0,4,True,False,True,0.47137167264911406,0.47137167264911406
full_coverage_complete,leftbottle2hang,1762,0,0,4,True,False,True,0.4683588057615156,0.4683588057615156
full_coverage_complete,leftbottle2hang,1763,0,0,1,True,False,True,0.47259973413381684,0.47259973413381684
full_coverage_complete,leftbottle2hang,1764,0,0,1,True,False,True,0.48149056779745847,0.48149056779745847
full_coverage_complete,leftbottle2hang,1765,0,0,1,True,False,True,0.4493130923222424,0.4493130923222424
full_coverage_complete,leftbottle2hang,1766,0,0,4,True,False,True,0.3321689424138004,0.3321689424138004
full_coverage_complete,leftbottle2hang,1767,0,0,4,True,False,True,0.14854506045789753,0.14854506045789753
full_coverage_complete,leftbottle2hang,1768,0,0,1,True,False,True,0.06477441917361221,0.06477441917361221
full_coverage_complete,leftbottle2hang,1769,0,0,4,True,False,True,0.15764636101317728,0.15764636101317728
full_coverage_complete,leftbottle2hang,1770,0,0,4,True,False,True,0.1587164450629059,0.1587164450629059
full_coverage_complete,leftbottle2hang,1771,0,0,4,True,False,True,0.14582632800080642,0.14582632800080642
full_coverage_complete,leftbottle2hang,1772,0,0,4,True,False,True,0.14247183694777077,0.14247183694777077
full_coverage_complete,leftbottle2hang,1773,0,0,4,True,False,True,0.15433662881899513,0.15433662881899513
full_coverage_complete,leftbottle2hang,1774,0,0,5,True,False,True,0.13892699126108793,0.13892699126108793
full_coverage_complete,leftbottle2hang,1775,0,0,1,True,False,True,0.35216177158538,0.35216177158538
full_coverage_complete,leftbottle2hang,1776,0,0,5,True,False,True,0.3144492814973924,0.3144492814973924
full_coverage_complete,leftbottle2hang,1777,0,0,1,True,False,True,0.37041077226006947,0.37041077226006947
full_coverage_complete,leftbottle2hang,1778,0,0,1,True,False,True,0.20483806508729016,0.20483806508729016
full_coverage_complete,leftbottle2hang,1779,0,0,4,True,False,True,0.3020253378155316,0.3020253378155316
full_coverage_complete,leftbottle2hang,1780,0,0,4,True,False,True,0.20774028818003853,0.20774028818003853
full_coverage_complete,leftbottle2hang,1781,0,0,4,True,False,True,0.339009210431091,0.339009210431091
full_coverage_complete,leftbottle2hang,1782,0,0,5,True,False,True,0.22043125634407085,0.22043125634407085
full_coverage_complete,leftbottle2hang,1783,0,0,4,True,False,True,0.281096683061041,0.281096683061041
full_coverage_complete,leftbottle2hang,1784,0,0,5,True,False,True,0.3108027373495816,0.3108027373495816
full_coverage_complete,leftbottle2hang,1785,0,0,4,True,False,True,0.3061224387516228,0.3061224387516228
full_coverage_complete,leftbottle2hang,1786,0,0,4,True,False,True,0.30907935096306416,0.30907935096306416
full_coverage_complete,leftbottle2hang,1787,0,0,5,True,False,True,0.3089131229564935,0.3089131229564935
full_coverage_complete,leftbottle2hang,1788,0,0,5,True,False,True,0.30195501881764897,0.30195501881764897
full_coverage_complete,leftbottle2hang,1789,0,0,5,True,False,True,0.27603044510974967,0.27603044510974967
full_coverage_complete,leftbottle2hang,1790,0,0,4,True,False,True,0.2854487848087227,0.2854487848087227
full_coverage_complete,leftbottle2hang,1791,0,0,5,True,False,True,0.2822521261483269,0.2822521261483269
full_coverage_complete,leftbottle2hang,1792,0,0,4,True,False,True,0.2239058389707301,0.2239058389707301
full_coverage_complete,leftbottle2hang,1793,0,0,1,True,False,True,0.324850185388503,0.324850185388503
full_coverage_complete,leftbottle2hang,1794,0,0,1,True,False,True,0.3740084851314856,0.3740084851314856
full_coverage_complete,leftbottle2hang,1795,0,0,1,True,False,True,0.38723967118827096,0.38723967118827096
full_coverage_complete,leftbottle2hang,1797,0,0,1,True,False,True,0.3525879746315091,0.3525879746315091
full_coverage_complete,leftbottle2hang,1798,0,0,1,True,False,True,0.34328319524561596,0.34328319524561596
full_coverage_complete,leftbottle2hang,1799,0,0,1,True,False,True,0.35906496828459283,0.35906496828459283
full_coverage_complete,leftbottle2hang,1800,0,0,1,True,False,True,0.15923547975847452,0.15923547975847452
full_coverage_complete,leftbottle2hang,1801,0,0,1,True,False,True,0.11567017640734616,0.11567017640734616
full_coverage_complete,leftbottle2hang,1802,0,0,1,True,False,True,0.15636487619250747,0.15636487619250747
full_coverage_complete,leftbottle2hang,1803,0,0,5,True,False,True,0.15145435592328763,0.15145435592328763
full_coverage_complete,leftbottle2hang,1804,0,0,4,True,False,True,0.10355390657443764,0.10355390657443764
full_coverage_complete,leftbottle2hang,1805,0,0,5,True,False,True,0.13292427072050347,0.13292427072050347
full_coverage_complete,leftbottle2hang,1806,0,0,1,True,False,True,0.14815745218846524,0.14815745218846524
full_coverage_complete,leftbottle2hang,1807,0,0,5,True,False,True,0.206405394081545,0.206405394081545
full_coverage_complete,leftbottle2hang,1808,0,0,1,True,False,True,0.17735987955355592,0.17735987955355592
full_coverage_complete,leftbottle2hang,1809,0,0,1,True,False,True,0.17454299000137644,0.17454299000137644
full_coverage_complete,leftbottle2hang,1810,0,0,1,True,False,True,0.024953575943353335,0.024953575943353335
full_coverage_complete,leftbottle2hang,1811,0,0,5,True,False,True,0.14001987806610725,0.14001987806610725
full_coverage_complete,leftbottle2hang,1812,0,0,1,True,False,True,0.0,0.0
full_coverage_complete,leftbottle2hang,1813,0,0,1,True,False,True,0.0,0.0
full_coverage_complete,leftbottle2hang,1817,0,0,1,True,False,True,0.22065788348528692,0.22065788348528692
full_coverage_complete,leftbottle2hang,1819,0,0,5,True,False,True,0.24592169845307807,0.24592169845307807
full_coverage_complete,leftbottle2hang,1820,0,0,1,True,False,True,0.2615428588593949,0.2615428588593949
full_coverage_complete,leftbottle2hang,1821,0,0,1,True,False,True,0.2541966510393358,0.2541966510393358
full_coverage_complete,leftbottle2hang,1822,0,0,1,True,False,True,0.24552396836354523,0.24552396836354523
full_coverage_complete,leftbottle2hang,1823,0,0,1,True,False,True,0.26190928433369315,0.26190928433369315
full_coverage_complete,leftbottle2hang,1824,0,0,1,True,False,True,0.2850345641758399,0.2850345641758399
full_coverage_complete,leftbottle2hang,1825,0,0,1,True,False,True,0.26894832977468114,0.26894832977468114
full_coverage_complete,leftbottle2hang,1826,0,0,1,True,False,True,0.2985295521492559,0.2985295521492559
full_coverage_complete,leftbottle2hang,1827,0,0,1,True,False,True,0.28380168027733493,0.28380168027733493
full_coverage_complete,leftbottle2hang,1828,0,0,1,True,False,True,0.3172136689679416,0.3172136689679416
full_coverage_complete,leftbottle2hang,1829,0,0,1,True,False,True,0.3270493981517716,0.3270493981517716
full_coverage_complete,leftbottle2hang,1830,0,0,1,True,False,True,0.32520040284396157,0.32520040284396157
full_coverage_complete,leftbottle2hang,1831,0,0,1,True,False,True,0.32103786871519613,0.32103786871519613
full_coverage_complete,leftbottle2hang,1832,0,0,1,True,False,True,0.3321206684366325,0.3321206684366325
full_coverage_complete,leftbottle2hang,1833,0,0,1,True,False,True,0.2920682287453757,0.2920682287453757
full_coverage_complete,leftbottle2hang,1834,0,0,5,True,False,True,0.19915610852846805,0.19915610852846805
full_coverage_complete,leftbottle2hang,1836,0,0,1,True,False,True,0.1881608810502345,0.1881608810502345
full_coverage_complete,leftbottle2hang,1837,0,0,1,True,False,True,0.2655223845931918,0.2655223845931918
full_coverage_complete,leftbottle2hang,1838,0,0,5,True,False,True,0.18171466113816817,0.18171466113816817
full_coverage_complete,leftbottle2hang,1839,0,0,1,True,False,True,0.2205339820456611,0.2205339820456611
full_coverage_complete,leftbottle2hang,1840,0,0,5,True,False,True,0.228187494818775,0.228187494818775
full_coverage_complete,leftbottle2hang,1841,0,0,1,True,False,True,0.21427953828736687,0.21427953828736687
full_coverage_complete,leftbottle2hang,1842,0,0,5,True,False,True,0.20679525674841015,0.20679525674841015
full_coverage_complete,leftbottle2hang,1843,0,0,1,True,False,True,0.23524035395486056,0.23524035395486056
full_coverage_complete,leftbottle2hang,1844,0,0,5,True,False,True,0.2105351107856654,0.2105351107856654
full_coverage_complete,leftbottle2hang,1845,0,0,5,True,False,True,0.19082037594885876,0.19082037594885876
full_coverage_complete,leftbottle2hang,1847,0,0,1,True,False,True,0.045502691277361326,0.045502691277361326
full_coverage_complete,leftbottle2hang,1848,0,0,5,True,False,True,0.29821907290556454,0.29821907290556454
full_coverage_complete,leftbottle2hang,1850,0,0,4,True,False,True,0.4696971392441876,0.4696971392441876
full_coverage_complete,leftbottle2hang,1851,0,0,4,True,False,True,0.4341562847785896,0.4341562847785896
full_coverage_complete,leftbottle2hang,1852,0,0,4,True,False,True,0.30962718713141696,0.30962718713141696
full_coverage_complete,leftbottle2hang,1854,0,0,1,True,False,True,0.2571146613384736,0.2571146613384736
full_coverage_complete,leftbottle2hang,1857,0,0,1,True,False,True,0.19751935987981895,0.19751935987981895
full_coverage_complete,leftbottle2hang,1858,0,0,1,True,False,True,0.19250217230401787,0.19250217230401787
full_coverage_complete,leftbottle2hang,1859,0,0,1,True,False,True,0.225637291543365,0.225637291543365
full_coverage_complete,leftbottle2hang,1860,0,0,1,True,False,True,0.23585206177153364,0.23585206177153364
full_coverage_complete,leftbottle2hang,1861,0,0,4,True,False,True,0.21337674399541381,0.21337674399541381
full_coverage_complete,leftbottle2hang,1862,0,0,1,True,False,True,0.24925146954007252,0.24925146954007252
full_coverage_complete,leftbottle2hang,1863,0,0,1,True,False,True,0.2637175966830902,0.2637175966830902
full_coverage_complete,leftbottle2hang,1865,0,0,4,True,False,True,0.5009827795578401,0.5009827795578401
full_coverage_complete,leftbottle2hang,1866,0,0,1,True,False,True,0.6218819717627925,0.6218819717627925
full_coverage_complete,leftbottle2hang,1867,0,0,1,True,False,True,0.6089480528503012,0.6089480528503012
full_coverage_complete,leftbottle2hang,1868,0,0,4,True,False,True,0.3349098809969204,0.3349098809969204
full_coverage_complete,leftbottle2hang,1869,0,0,5,True,False,True,0.22405107453720957,0.22405107453720957
full_coverage_complete,leftbottle2hang,1870,0,0,1,True,False,True,0.16315788760624814,0.16315788760624814
full_coverage_complete,leftbottle2hang,1871,0,0,1,True,False,True,0.3434870509764939,0.3434870509764939
full_coverage_complete,leftbottle2hang,1872,0,0,5,True,False,True,0.36305348589842035,0.36305348589842035
full_coverage_complete,leftbottle2hang,1874,0,0,5,True,False,True,0.3559877879166427,0.3559877879166427
full_coverage_complete,leftbottle2hang,1875,0,0,1,True,False,True,0.33410029611888964,0.33410029611888964
full_coverage_complete,leftbottle2hang,1876,0,0,5,True,False,True,0.31108272478942084,0.31108272478942084
full_coverage_complete,leftbottle2hang,1877,0,0,1,True,False,True,0.31359951567014666,0.31359951567014666
full_coverage_complete,leftbottle2hang,1878,0,0,5,True,False,True,0.2953391453531731,0.2953391453531731
full_coverage_complete,leftbottle2hang,1879,0,0,1,True,False,True,0.11694907718692697,0.11694907718692697
full_coverage_complete,leftbottle2hang,1880,0,0,1,True,False,True,0.1489136982685011,0.1489136982685011
full_coverage_complete,leftbottle2hang,1881,0,0,5,True,False,True,0.24346452725888873,0.24346452725888873
full_coverage_complete,leftbottle2hang,1882,0,0,5,True,False,True,0.19240485487132647,0.19240485487132647
full_coverage_complete,leftbottle2hang,1884,0,0,5,True,False,True,0.34802623219446666,0.34802623219446666
full_coverage_complete,leftbottle2hang,1885,0,0,1,True,False,True,0.41781977444613294,0.41781977444613294
full_coverage_complete,leftbottle2hang,1886,0,0,1,True,False,True,0.47293965400495785,0.47293965400495785
full_coverage_complete,leftbottle2hang,1887,0,0,4,True,False,True,0.3927643132762316,0.3927643132762316
full_coverage_complete,leftbottle2hang,1888,0,0,4,True,False,True,0.2888608949927376,0.2888608949927376
full_coverage_complete,leftbottle2hang,1889,0,0,4,True,False,True,0.3848997446375414,0.3848997446375414
full_coverage_complete,leftbottle2hang,1890,0,0,4,True,False,True,0.31724759856533613,0.31724759856533613
full_coverage_complete,leftbottle2hang,1891,0,0,4,True,False,True,0.19854348423375273,0.19854348423375273
full_coverage_complete,leftbottle2hang,1892,0,0,4,True,False,True,0.15527825586441207,0.15527825586441207
full_coverage_complete,leftbottle2hang,1893,0,0,4,True,False,True,0.6533624665927495,0.6533624665927495
full_coverage_complete,leftbottle2hang,1894,0,0,5,True,False,True,0.4929515723214374,0.4929515723214374
full_coverage_complete,leftbottle2hang,1895,0,0,1,True,False,True,0.4939272446463077,0.4939272446463077
full_coverage_complete,leftbottle2hang,1896,0,0,1,True,False,True,0.513042961132803,0.513042961132803
full_coverage_complete,leftbottle2hang,1897,0,0,4,True,False,True,0.4432803765771174,0.4432803765771174
full_coverage_complete,leftbottle2hang,1898,0,0,4,True,False,True,0.4286792642367618,0.4286792642367618
full_coverage_complete,leftbottle2hang,1899,0,0,4,True,False,True,0.4207477335122698,0.4207477335122698
full_coverage_complete,leftbottle2hang,1900,0,0,1,True,False,True,0.4542871665420312,0.4542871665420312
full_coverage_complete,leftbottle2hang,1901,0,0,1,True,False,True,0.47341685071410755,0.47341685071410755
full_coverage_complete,leftbottle2hang,1902,0,0,1,True,False,True,0.48499948652787,0.48499948652787
full_coverage_complete,leftbottle2hang,1903,0,0,4,True,False,True,0.3818378947257465,0.3818378947257465
full_coverage_complete,leftbottle2hang,1905,0,0,4,True,False,True,0.2557895480646756,0.2557895480646756
full_coverage_complete,leftbottle2hang,1906,0,0,4,True,False,True,0.2663271996709008,0.2663271996709008
full_coverage_complete,leftbottle2hang,1907,0,0,5,True,False,True,0.31938364366143884,0.31938364366143884
full_coverage_complete,leftbottle2hang,1908,0,0,4,True,False,True,0.520120770606784,0.520120770606784
full_coverage_complete,leftbottle2hang,1909,0,0,4,True,False,True,0.39526804759081463,0.39526804759081463
full_coverage_complete,leftbottle2hang,1910,0,0,4,True,False,True,0.30278300321227053,0.30278300321227053
full_coverage_complete,leftbottle2hang,1911,0,0,1,True,False,True,0.4684740775897666,0.4684740775897666
full_coverage_complete,leftbottle2hang,1912,0,0,5,True,False,True,0.5584010885146576,0.5584010885146576
full_coverage_complete,leftbottle2hang,1913,0,0,4,True,False,True,0.491437462161467,0.491437462161467
full_coverage_complete,leftbottle2hang,1914,0,0,4,True,False,True,0.4216078525655099,0.4216078525655099
full_coverage_complete,leftbottle2hang,1915,0,0,4,True,False,True,0.2391067004488316,0.2391067004488316
full_coverage_complete,leftbottle2hang,1916,0,0,1,True,False,True,0.26291668912089244,0.26291668912089244
full_coverage_complete,leftbottle2hang,1917,0,0,5,True,False,True,0.2725270510203266,0.2725270510203266
full_coverage_complete,leftbottle2hang,1918,0,0,1,True,False,True,0.25498718364248885,0.25498718364248885
full_coverage_complete,leftbottle2hang,1919,0,0,1,True,False,True,0.22301079548282746,0.22301079548282746
full_coverage_complete,leftbottle2hang,1920,0,0,1,True,False,True,0.19957736658041725,0.19957736658041725
full_coverage_complete,leftbottle2hang,1921,0,0,1,True,False,True,0.18059714413192374,0.18059714413192374
full_coverage_complete,leftbottle2hang,1922,0,0,1,True,False,True,0.1949503673407094,0.1949503673407094
full_coverage_complete,leftbottle2hang,1923,0,0,1,True,False,True,0.1862442432591299,0.2411061802677408
full_coverage_complete,leftbottle2hang,1925,0,0,4,True,False,True,0.38747954707191407,0.38747954707191407
full_coverage_complete,leftbottle2hang,1926,0,0,4,True,False,True,0.4779364095932483,0.4779364095932483
full_coverage_complete,leftbottle2hang,1927,0,0,1,True,False,True,0.5008579171417382,0.5008579171417382
full_coverage_complete,leftbottle2hang,1928,0,0,1,True,False,True,0.5028610141923299,0.5028610141923299
full_coverage_complete,leftbottle2hang,1929,0,0,1,True,False,True,0.6561420701328418,0.6561420701328418
full_coverage_complete,leftbottle2hang,1930,0,0,1,True,False,True,0.6264729073883639,0.6264729073883639
full_coverage_complete,leftbottle2hang,1931,0,0,1,True,False,True,0.46479762334517166,0.46479762334517166
full_coverage_complete,leftbottle2hang,1932,0,0,1,True,False,True,0.406624838851866,0.406624838851866
full_coverage_complete,leftbottle2hang,1933,0,0,1,True,False,True,0.383626616956611,0.383626616956611
full_coverage_complete,leftbottle2hang,1934,0,0,4,True,False,True,0.26142054443998447,0.26142054443998447
full_coverage_complete,leftbottle2hang,1935,0,0,4,True,False,True,0.27601034207453795,0.27601034207453795
full_coverage_complete,leftbottle2hang,1936,0,0,4,True,False,True,0.2322522960060859,0.2322522960060859
full_coverage_complete,leftbottle2hang,1937,0,0,4,True,False,True,0.2371558149922127,0.2371558149922127
full_coverage_complete,leftbottle2hang,1938,0,0,4,True,False,True,0.171515407486355,0.171515407486355
full_coverage_complete,leftbottle2hang,1939,0,0,1,True,False,True,0.19735618074971284,0.19735618074971284
full_coverage_complete,leftbottle2hang,1940,0,0,1,True,False,True,0.24206152657722824,0.24206152657722824
full_coverage_complete,leftbottle2hang,1941,0,0,1,True,False,True,0.41553713335040093,0.41553713335040093
full_coverage_complete,leftbottle2hang,1942,0,0,1,True,False,True,0.4928586470929009,0.4928586470929009
full_coverage_complete,leftbottle2hang,1943,0,0,1,True,False,True,0.4517808918418908,0.4517808918418908
full_coverage_complete,leftbottle2hang,1944,0,0,4,True,False,True,0.4411959775806739,0.4411959775806739
full_coverage_complete,leftbottle2hang,1945,0,0,4,True,False,True,0.4281540722776652,0.4281540722776652
full_coverage_complete,leftbottle2hang,1946,0,0,4,True,False,True,0.4596439483307552,0.4596439483307552
full_coverage_complete,leftbottle2hang,1947,0,0,1,True,False,True,0.43275129424450576,0.43275129424450576
full_coverage_complete,leftbottle2hang,1948,0,0,4,True,False,True,0.42884274398160377,0.42884274398160377
full_coverage_complete,leftbottle2hang,1949,0,0,5,True,False,True,0.035463709267852944,0.035463709267852944
full_coverage_complete,leftbottle2hang,1950,0,0,4,True,False,True,0.004306480172258867,0.004306480172258867
full_coverage_complete,leftbottle2hang,1951,0,0,4,True,False,True,0.0,0.0
full_coverage_complete,leftbottle2hang,1952,0,0,4,True,False,True,0.02535260308093519,0.02535260308093519
full_coverage_complete,leftbottle2hang,1953,0,0,4,True,False,True,0.021633860464499426,0.021633860464499426
full_coverage_complete,leftbottle2hang,1954,0,0,4,True,False,True,0.015941679545484595,0.015941679545484595
full_coverage_complete,leftbottle2hang,1955,0,0,4,True,False,True,0.12632430927392238,0.12632430927392238
full_coverage_complete,leftbottle2hang,1956,0,0,4,True,False,True,0.2548953678042454,0.2548953678042454
full_coverage_complete,leftbottle2hang,1957,0,0,4,True,False,True,0.42523723921454143,0.42523723921454143
full_coverage_complete,leftbottle2hang,1958,0,0,4,True,False,True,0.4840592813561796,0.4840592813561796
full_coverage_complete,leftbottle2hang,1959,0,0,4,True,False,True,0.4832397924431586,0.4832397924431586
full_coverage_complete,leftbottle2hang,1960,0,0,5,True,False,True,0.4863654180945613,0.4863654180945613
full_coverage_complete,leftbottle2hang,1961,0,1,4,True,False,True,0.3925967626497653,0.3925967626497653
full_coverage_complete,leftbottle2hang,1962,0,0,4,True,False,True,0.2928730879491186,0.2928730879491186
full_coverage_complete,leftbottle2hang,1963,0,0,1,True,False,True,0.3155979573213472,0.3155979573213472
full_coverage_complete,leftbottle2hang,1965,0,0,5,True,False,True,0.4101111826267896,0.4101111826267896
full_coverage_complete,leftbottle2hang,1966,0,0,5,True,False,True,0.44651276937462253,0.44651276937462253
full_coverage_complete,leftbottle2hang,1967,0,0,4,True,False,True,0.4752336459564172,0.4752336459564172
full_coverage_complete,leftbottle2hang,1968,0,0,4,True,False,True,0.4377781845344022,0.4377781845344022
full_coverage_complete,leftbottle2hang,1969,0,0,4,True,False,True,0.46118593220418597,0.46118593220418597
full_coverage_complete,leftbottle2hang,1970,0,0,4,True,False,True,0.44678410784783495,0.44678410784783495
full_coverage_complete,leftbottle2hang,1971,0,0,4,True,False,True,0.4114793290194082,0.4114793290194082
full_coverage_complete,leftbottle2hang,1972,0,0,4,True,False,True,0.34800329270278196,0.34800329270278196
full_coverage_complete,leftbottle2hang,1973,0,0,1,True,False,True,0.34073387447965064,0.34073387447965064
full_coverage_complete,leftbottle2hang,1974,0,0,4,True,False,True,0.31349304775280684,0.31349304775280684
full_coverage_complete,leftbottle2hang,1975,0,0,4,True,False,True,0.19029747606949074,0.19029747606949074
full_coverage_complete,leftbottle2hang,1976,0,0,1,True,False,True,0.2911307559976637,0.2911307559976637
full_coverage_complete,leftbottle2hang,1977,0,0,5,True,False,True,0.44056738932628453,0.44056738932628453
full_coverage_complete,leftbottle2hang,1978,0,0,5,True,False,True,0.5087545066937871,0.5087545066937871
full_coverage_complete,leftbottle2hang,1979,0,0,4,True,False,True,0.39539801466036306,0.39539801466036306
full_coverage_complete,leftbottle2hang,1980,0,0,4,True,False,True,0.1174855687557421,0.1174855687557421
full_coverage_complete,leftbottle2hang,1981,0,0,4,True,False,True,0.05388559280478305,0.05388559280478305
full_coverage_complete,leftbottle2hang,1982,0,0,4,True,False,True,0.04699697491992083,0.04699697491992083
full_coverage_complete,leftbottle2hang,1983,0,0,4,True,False,True,0.05740357660077099,0.05740357660077099
full_coverage_complete,leftbottle2hang,1984,0,0,4,True,False,True,0.1262683546387145,0.1262683546387145
full_coverage_complete,leftbottle2hang,1985,0,0,4,True,False,True,0.028249059043750625,0.028249059043750625
full_coverage_complete,leftbottle2hang,1986,0,0,4,True,False,True,0.0869941775750512,0.0869941775750512
full_coverage_complete,leftbottle2hang,1987,0,0,5,True,False,True,0.13244799524875617,0.13244799524875617
full_coverage_complete,leftbottle2hang,1992,0,2,5,True,False,True,0.35168811278665985,0.0
full_coverage_complete,leftbottle2hang,1993,0,0,1,True,False,True,0.0,0.0
full_coverage_complete,leftbottle2hang,1994,0,1,6,True,False,True,0.0,0.08392039567108552
full_coverage_complete,leftbottle2hang,1996,0,0,4,True,False,True,0.6625022849886035,0.6625022849886035
full_coverage_complete,leftbottle2hang,1997,0,0,4,True,False,True,0.6175049077387333,0.6175049077387333
full_coverage_complete,leftbottle2hang,1998,0,0,4,True,False,True,0.5633440569686635,0.5633440569686635
full_coverage_complete,leftbottle2hang,1999,0,0,4,True,False,True,0.5179425784815097,0.5179425784815097
full_coverage_complete,leftbottle2hang,2000,0,0,4,True,False,True,0.4442360740817316,0.4442360740817316
full_coverage_complete,leftbottle2hang,2001,0,0,4,True,False,True,0.43560765725169054,0.43560765725169054
full_coverage_complete,leftbottle2hang,2002,0,0,4,True,False,True,0.38800293051753343,0.38800293051753343
full_coverage_complete,leftbottle2hang,2003,0,0,4,True,False,True,0.318673394272001,0.318673394272001
full_coverage_complete,leftbottle2hang,2005,0,0,4,True,False,True,0.4388789489095959,0.4388789489095959
full_coverage_complete,leftbottle2hang,2006,0,0,4,True,False,True,0.4798062207268054,0.4798062207268054
full_coverage_complete,leftbottle2hang,2007,0,0,4,True,False,True,0.5726795376691058,0.5726795376691058
full_coverage_complete,leftbottle2hang,2008,0,0,4,True,False,True,0.5434393369878364,0.5434393369878364
full_coverage_complete,leftbottle2hang,2009,0,0,4,True,False,True,0.3581603568237091,0.3581603568237091
full_coverage_complete,leftbottle2hang,2010,0,0,4,True,False,True,0.29116647095950143,0.29116647095950143
full_coverage_complete,leftbottle2hang,2011,0,0,4,True,False,True,0.21628515065075146,0.21628515065075146
full_coverage_complete,leftbottle2hang,2012,0,0,4,True,False,True,0.19300047496454822,0.19300047496454822
full_coverage_complete,leftbottle2hang,2014,0,0,4,True,False,True,0.09230765345376966,0.09230765345376966
full_coverage_complete,leftbottle2hang,2015,0,0,4,True,False,True,0.23884209929787525,0.23884209929787525
full_coverage_complete,leftbottle2hang,2016,0,1,4,True,False,True,0.20881216310370793,0.0
full_coverage_complete,leftbottle2hang,2017,0,0,6,True,False,True,0.0,0.0
full_coverage_complete,leftbottle2hang,2018,0,0,4,True,False,True,0.0,0.0
full_coverage_complete,leftbottle2hang,2019,0,0,5,True,False,True,0.0,0.0
full_coverage_complete,leftbottle2hang,2020,0,2,0,False,False,True,0.0,0.21134868475037963
full_coverage_complete,leftbottle2hang,2021,0,0,5,True,False,True,0.4357013854367375,0.4357013854367375
full_coverage_complete,leftbottle2hang,2022,0,0,5,True,False,True,0.4593480241103851,0.4593480241103851
full_coverage_complete,leftbottle2hang,2023,0,0,4,True,False,True,0.4132720335038425,0.4132720335038425
full_coverage_complete,leftbottle2hang,2024,0,0,4,True,False,True,0.4033802357893302,0.4033802357893302
full_coverage_complete,leftbottle2hang,2025,0,0,4,True,False,True,0.2965934817642698,0.2965934817642698
full_coverage_complete,leftbottle2hang,2026,0,0,5,True,False,True,0.27277899664144883,0.27277899664144883
full_coverage_complete,leftbottle2hang,2029,0,0,5,True,False,True,0.0406209932558123,0.0406209932558123
full_coverage_complete,leftbottle2hang,2030,0,0,4,True,False,True,0.0,0.0
full_coverage_complete,leftbottle2hang,2031,0,0,4,True,False,True,0.0,0.0
full_coverage_complete,leftbottle2hang,2032,0,0,4,True,False,True,0.0,0.0
full_coverage_complete,leftbottle2hang,2033,0,0,4,True,False,True,0.0,0.0
full_coverage_complete,leftbottle2hang,2034,0,0,4,True,False,True,0.0,0.0
full_coverage_complete,leftbottle2hang,2035,0,0,4,True,False,True,0.0,0.0
full_coverage_complete,leftbottle2hang,2036,0,0,4,True,False,True,0.0,0.0
full_coverage_complete,leftbottle2hang,2037,0,0,4,True,False,True,0.08473234564078969,0.08473234564078969
full_coverage_complete,leftbottle2hang,2038,0,0,4,True,False,True,0.18330930858503708,0.18330930858503708
full_coverage_complete,leftbottle2hang,2040,0,0,4,True,False,True,0.4369438354621159,0.4369438354621159
full_coverage_complete,leftbottle2hang,2043,0,0,4,True,False,True,0.5497879074170994,0.5497879074170994
full_coverage_complete,leftbottle2hang,2044,0,0,4,True,False,True,0.47518660197424395,0.47518660197424395
full_coverage_complete,leftbottle2hang,2045,0,0,4,True,False,True,0.2870103638569973,0.2870103638569973
full_coverage_complete,leftbottle2hang,2046,0,0,4,True,False,True,0.219891076945856,0.219891076945856
full_coverage_complete,leftbottle2hang,2048,0,0,5,True,False,True,0.2494955782526192,0.2494955782526192
full_coverage_complete,leftbottle2hang,2049,0,0,5,True,False,True,0.2974470738585898,0.2974470738585898
full_coverage_complete,leftbottle2hang,2050,0,0,4,True,False,True,0.3100444502898591,0.3100444502898591
full_coverage_complete,leftbottle2hang,2051,0,0,4,True,False,True,0.3472602900625226,0.3472602900625226
full_coverage_complete,leftbottle2hang,2052,0,0,4,True,False,True,0.39618033607238934,0.39618033607238934
full_coverage_complete,leftbottle2hang,2053,0,0,4,True,False,True,0.3070589317994752,0.3070589317994752
full_coverage_complete,leftbottle2hang,2054,0,0,4,True,False,True,0.3694469206767581,0.3694469206767581
full_coverage_complete,leftbottle2hang,2055,0,0,4,True,False,True,0.4352091226364689,0.4352091226364689
full_coverage_complete,leftbottle2hang,2056,0,0,4,True,False,True,0.4700387831232767,0.4700387831232767
full_coverage_complete,leftbottle2hang,2057,0,0,4,True,False,True,0.5828363540740988,0.5828363540740988
full_coverage_complete,leftbottle2hang,2058,0,0,4,True,False,True,0.35527432545223686,0.35527432545223686
full_coverage_complete,leftbottle2hang,2059,0,0,4,True,False,True,0.0718962957680845,0.0718962957680845
full_coverage_complete,leftbottle2hang,2060,0,0,4,True,False,True,0.0,0.0
full_coverage_complete,leftbottle2hang,2061,0,0,5,True,False,True,0.0,0.0
full_coverage_complete,leftbottle2hang,2063,0,0,4,True,False,True,0.0,0.0
full_coverage_complete,leftbottle2hang,2065,0,0,1,True,False,True,0.0,0.0
full_coverage_complete,leftbottle2hang,2066,0,0,1,True,False,True,0.0,0.0
full_coverage_complete,leftbottle2hang,2067,0,0,1,True,False,True,0.0,0.0
full_coverage_complete,leftbottle2hang,2068,0,0,1,True,False,True,0.0,0.0
full_coverage_complete,leftbottle2hang,2069,0,0,1,True,False,True,0.0,0.0
full_coverage_complete,leftbottle2hang,2070,0,0,1,True,False,True,0.0,0.0
full_coverage_complete,leftbottle2hang,2071,0,0,4,True,False,True,0.0,0.0
full_coverage_complete,leftbottle2hang,2073,0,0,1,True,False,True,0.12691367405240772,0.12691367405240772
full_coverage_complete,leftbottle2hang,2074,0,0,4,True,False,True,0.35589372979021616,0.35589372979021616
full_coverage_complete,leftbottle2hang,2075,0,0,4,True,False,True,0.47704158634282684,0.47704158634282684
full_coverage_complete,leftbottle2hang,2076,0,0,4,True,False,True,0.5185383876766719,0.5185383876766719
full_coverage_complete,leftbottle2hang,2077,0,0,4,True,False,True,0.47315626356207974,0.47315626356207974
full_coverage_complete,leftbottle2hang,2079,0,0,1,True,False,True,0.45618324000029103,0.45618324000029103
full_coverage_complete,leftbottle2hang,2081,0,0,4,True,False,True,0.4406330037168738,0.4406330037168738
full_coverage_complete,leftbottle2hang,2082,0,0,4,True,False,True,0.4481989299337378,0.4481989299337378
full_coverage_complete,leftbottle2hang,2083,0,0,5,True,False,True,0.39731287543717875,0.39731287543717875
full_coverage_complete,leftbottle2hang,2084,0,0,4,True,False,True,0.43276157494255296,0.43276157494255296
full_coverage_complete,leftbottle2hang,2085,0,0,5,True,False,True,0.4540267403239182,0.4540267403239182
full_coverage_complete,leftbottle2hang,2086,0,0,1,True,False,True,0.4528068641979094,0.4528068641979094
full_coverage_complete,leftbottle2hang,2087,0,0,1,True,False,True,0.4555286566309717,0.4555286566309717
full_coverage_complete,leftbottle2hang,2088,0,0,4,True,False,True,0.4546899765576667,0.4546899765576667
full_coverage_complete,leftbottle2hang,2089,0,0,1,True,False,True,0.47694155893501394,0.47694155893501394
full_coverage_complete,leftbottle2hang,2090,0,0,1,True,False,True,0.25234369873296986,0.25234369873296986
full_coverage_complete,leftbottle2hang,2091,0,0,4,True,False,True,0.09816223326989156,0.09816223326989156
full_coverage_complete,leftbottle2hang,2093,0,0,4,True,False,True,0.0,0.0
full_coverage_complete,leftbottle2hang,2094,0,0,4,True,False,True,0.0,0.0
full_coverage_complete,leftbottle2hang,2095,0,0,4,True,False,True,0.0,0.0
full_coverage_complete,leftbottle2hang,2096,0,0,4,True,False,True,0.0,0.0
full_coverage_complete,leftbottle2hang,2097,0,0,1,True,False,True,0.0,0.0
full_coverage_complete,leftbottle2hang,2098,0,0,4,True,False,True,0.0,0.0
full_coverage_complete,leftbottle2hang,2099,0,0,4,True,False,True,0.0,0.0
full_coverage_complete,leftbottle2hang,2100,0,0,4,True,False,True,0.0,0.0
full_coverage_complete,leftbottle2hang,2101,0,0,4,True,False,True,0.0,0.0
full_coverage_complete,leftbottle2hang,2102,0,0,4,True,False,True,0.0,0.0
full_coverage_complete,leftbottle2hang,2104,0,0,4,True,False,True,0.4072101039378333,0.4072101039378333
full_coverage_complete,leftbottle2hang,2107,0,0,4,True,False,True,0.6001691915545124,0.6001691915545124
full_coverage_complete,leftbottle2hang,2108,0,0,5,True,False,True,0.5227884011988289,0.5227884011988289
full_coverage_complete,leftbottle2hang,2111,0,0,4,True,False,True,0.6291086002985244,0.6291086002985244
full_coverage_complete,leftbottle2hang,2112,0,0,4,True,False,True,0.5428509746751399,0.5428509746751399
full_coverage_complete,leftbottle2hang,2113,0,0,4,True,False,True,0.4440419785223877,0.4440419785223877
full_coverage_complete,leftbottle2hang,2115,0,1,1,True,False,True,0.5251974593767407,0.0
full_coverage_complete,leftbottle2hang,2116,0,0,6,False,False,True,0.0,0.0
full_coverage_complete,leftbottle2hang,2117,0,0,6,True,False,True,0.0,0.0
full_coverage_complete,leftbottle2hang,2118,0,1,0,False,False,True,0.0,0.15541541638959153
full_coverage_complete,leftbottle2hang,2119,0,0,5,True,False,True,0.131007763291768,0.131007763291768
full_coverage_complete,leftbottle2hang,2121,0,0,4,True,False,True,0.053638785621488765,0.053638785621488765
full_coverage_complete,leftbottle2hang,2122,0,0,5,True,False,True,0.085919938607579,0.085919938607579
full_coverage_complete,leftbottle2hang,2123,0,0,4,True,False,True,0.11842482921709994,0.11842482921709994
full_coverage_complete,leftbottle2hang,2124,0,0,5,True,False,True,0.17008440450448684,0.17008440450448684
full_coverage_complete,leftbottle2hang,2125,0,0,4,True,False,True,0.07952766231805816,0.07952766231805816
full_coverage_complete,leftbottle2hang,2126,0,0,4,True,False,True,0.0655255046666656,0.0655255046666656
full_coverage_complete,leftbottle2hang,2127,0,0,4,True,False,True,0.3724244966468629,0.3724244966468629
full_coverage_complete,leftbottle2hang,2128,0,0,4,True,False,True,0.3835341530313277,0.3835341530313277
full_coverage_complete,leftbottle2hang,2129,0,0,4,True,False,True,0.3837929962335048,0.3837929962335048
full_coverage_complete,leftbottle2hang,2135,0,0,4,True,False,True,0.46463164971026005,0.46463164971026005
full_coverage_complete,leftbottle2hang,2136,0,0,4,True,False,True,0.4790893092454587,0.4790893092454587
full_coverage_complete,leftbottle2hang,2137,0,0,4,True,False,True,0.4363469610368204,0.4363469610368204
full_coverage_complete,leftbottle2hang,2138,0,0,4,True,False,True,0.46732937850120176,0.46732937850120176
full_coverage_complete,leftbottle2hang,2140,0,0,4,True,False,True,0.47834532444226563,0.47834532444226563
full_coverage_complete,leftbottle2hang,2143,0,0,1,True,False,True,0.4523138688705344,0.4523138688705344
full_coverage_complete,leftbottle2hang,2144,0,0,4,True,False,True,0.5096560523409528,0.5096560523409528
full_coverage_complete,leftbottle2hang,2145,0,0,4,True,False,True,0.3890391714416224,0.3890391714416224
full_coverage_complete,leftbottle2hang,2146,0,0,4,True,False,True,0.37759271027270935,0.37759271027270935
full_coverage_complete,leftbottle2hang,2147,0,0,4,True,False,True,0.4102636486258817,0.4102636486258817
full_coverage_complete,leftbottle2hang,2148,0,0,4,True,False,True,0.3688322153990295,0.3688322153990295
full_coverage_complete,leftbottle2hang,2149,0,0,4,True,False,True,0.34037168681343777,0.34037168681343777
full_coverage_complete,leftbottle2hang,2150,0,0,4,True,False,True,0.27019208941980705,0.27019208941980705
full_coverage_complete,leftbottle2hang,2151,0,0,4,True,False,True,0.4478631631865437,0.4478631631865437
full_coverage_complete,leftbottle2hang,2152,0,0,4,True,False,True,0.37795847971926866,0.37795847971926866
full_coverage_complete,leftbottle2hang,2153,0,0,4,True,False,True,0.46428839414966355,0.46428839414966355
full_coverage_complete,leftbottle2hang,2154,0,0,4,True,False,True,0.5574759940750482,0.5574759940750482
full_coverage_complete,leftbottle2hang,2155,0,0,4,True,False,True,0.46864048145027437,0.46864048145027437
full_coverage_complete,leftbottle2hang,2156,0,0,4,True,False,True,0.38678238922546143,0.38678238922546143
full_coverage_complete,leftbottle2hang,2157,0,0,4,True,False,True,0.14214316873173333,0.14214316873173333
full_coverage_complete,leftbottle2hang,2158,0,0,4,True,False,True,0.3661514282806765,0.3661514282806765
full_coverage_complete,leftbottle2hang,2159,0,0,4,True,False,True,0.4334453471499711,0.4334453471499711
full_coverage_complete,leftbottle2hang,2160,0,1,4,True,False,True,0.39117761762573455,0.4845378385781448
full_coverage_complete,leftbottle2hang,2161,0,0,4,True,False,True,0.43729483334923414,0.43729483334923414
full_coverage_complete,leftbottle2hang,2162,0,0,4,True,False,True,0.4479339930545037,0.4479339930545037
full_coverage_complete,leftbottle2hang,2163,0,0,4,True,False,True,0.43091935026509454,0.43091935026509454
full_coverage_complete,leftbottle2hang,2164,0,0,4,True,False,True,0.3727819621645512,0.3727819621645512
full_coverage_complete,leftbottle2hang,2165,0,0,4,True,False,True,0.41741749442563986,0.41741749442563986
full_coverage_complete,leftbottle2hang,2166,0,0,4,True,False,True,0.4522715722265259,0.4522715722265259
full_coverage_complete,leftbottle2hang,2167,0,0,4,True,False,True,0.44367071480691517,0.44367071480691517
full_coverage_complete,leftbottle2hang,2168,0,0,4,True,False,True,0.48248485700122595,0.48248485700122595
full_coverage_complete,leftbottle2hang,2169,0,0,4,True,False,True,0.46786836702342993,0.46786836702342993
full_coverage_complete,leftbottle2hang,2170,0,0,4,True,False,True,0.5316131342099281,0.5316131342099281
full_coverage_complete,leftbottle2hang,2171,0,0,4,True,False,True,0.4878526958103745,0.4878526958103745
full_coverage_complete,leftbottle2hang,2172,0,0,4,True,False,True,0.4685904403274893,0.4685904403274893
full_coverage_complete,leftbottle2hang,2173,0,0,4,True,False,True,0.4945917651764699,0.4945917651764699
full_coverage_complete,leftbottle2hang,2174,0,0,4,True,False,True,0.3670204333625637,0.3670204333625637
full_coverage_complete,leftbottle2hang,2175,0,0,4,True,False,True,0.27928938884153337,0.27928938884153337
full_coverage_complete,leftbottle2hang,2176,0,0,4,True,False,True,0.17686449633114673,0.17686449633114673
full_coverage_complete,leftbottle2hang,2177,0,0,4,True,False,True,0.3463826306137598,0.3463826306137598
full_coverage_complete,leftbottle2hang,2179,0,0,4,True,False,True,0.5057365827560139,0.5057365827560139
full_coverage_complete,leftbottle2hang,2180,0,0,4,True,False,True,0.5534298423534365,0.5534298423534365
full_coverage_complete,leftbottle2hang,2181,0,0,4,True,False,True,0.46006013517377814,0.46006013517377814
full_coverage_complete,leftbottle2hang,2182,0,0,4,True,False,True,0.5787686724669523,0.5787686724669523
full_coverage_complete,leftbottle2hang,2183,0,0,4,True,False,True,0.4707122689966471,0.4707122689966471
full_coverage_complete,leftbottle2hang,2184,0,0,4,True,False,True,0.48235047683531623,0.48235047683531623
full_coverage_complete,leftbottle2hang,2185,0,0,4,True,False,True,0.3975368308832115,0.3975368308832115
full_coverage_complete,leftbottle2hang,2186,0,0,4,True,False,True,0.5386657515876084,0.5386657515876084
full_coverage_complete,leftbottle2hang,2187,0,0,4,True,False,True,0.48883619633929665,0.48883619633929665
full_coverage_complete,leftbottle2hang,2188,0,0,4,True,False,True,0.3609556936641423,0.3609556936641423
full_coverage_complete,leftbottle2hang,2189,0,0,4,True,False,True,0.3152666447475941,0.3152666447475941
full_coverage_complete,leftbottle2hang,2190,0,0,4,True,False,True,0.3673922092481185,0.3673922092481185
full_coverage_complete,leftbottle2hang,2191,0,0,4,True,False,True,0.458697718300804,0.458697718300804
full_coverage_complete,leftbottle2hang,2192,0,0,4,True,False,True,0.21628232143775225,0.21628232143775225
full_coverage_complete,leftbottle2hang,2193,0,0,4,True,False,True,0.4599864371034964,0.4599864371034964
full_coverage_complete,leftbottle2hang,2194,0,2,5,True,False,True,0.39900686741717895,0.0
full_coverage_complete,leftbottle2hang,2195,0,0,1,True,False,True,0.0,0.0
full_coverage_complete,leftbottle2hang,2196,0,0,4,True,False,True,0.0,0.0
full_coverage_complete,leftbottle2hang,2197,0,0,4,True,False,True,0.0,0.0
full_coverage_complete,leftbottle2hang,2198,0,1,4,True,False,True,0.0,0.4408907865289107
full_coverage_complete,leftbottle2hang,2204,0,0,5,True,False,True,0.6746496805283723,0.6746496805283723
full_coverage_complete,leftbottle2hang,2205,0,0,5,True,False,True,0.7069213975759866,0.7069213975759866
full_coverage_complete,leftbottle2hang,2214,0,0,4,True,False,True,0.6173780787724337,0.6173780787724337
full_coverage_complete,leftbottle2hang,2215,0,0,4,True,False,True,0.563835872462598,0.563835872462598
full_coverage_complete,leftbottle2hang,2216,0,0,4,True,False,True,0.5784209417817426,0.5784209417817426
full_coverage_complete,leftbottle2hang,2217,0,0,4,True,False,True,0.5128160162423548,0.5128160162423548
full_coverage_complete,leftbottle2hang,2218,0,0,4,True,False,True,0.5751979727790327,0.5751979727790327
full_coverage_complete,leftbottle2hang,2221,0,0,4,True,False,True,0.732593485144457,0.732593485144457
full_coverage_complete,leftbottle2hang,2223,0,0,4,True,False,True,0.7613041071955297,0.7613041071955297
full_coverage_complete,leftbottle2hang,2225,0,0,4,True,False,True,0.7983229407215919,0.7983229407215919
full_coverage_complete,leftbottle2hang,2226,0,0,4,True,False,True,0.8101206807488791,0.8101206807488791
full_coverage_complete,leftbottle2hang,2227,0,0,4,True,False,True,0.7959179328713435,0.7959179328713435
full_coverage_complete,leftbottle2hang,2228,0,0,5,True,False,True,0.7044325001896927,0.7044325001896927
full_coverage_complete,leftbottle2hang,2229,0,0,5,True,False,True,0.4970803353965938,0.4970803353965938
full_coverage_complete,leftbottle2hang,2230,0,0,5,True,False,True,0.49415176590058063,0.49415176590058063
full_coverage_complete,leftbottle2hang,2231,0,0,5,True,False,True,0.5389807182812689,0.5389807182812689
full_coverage_complete,leftbottle2hang,2232,0,0,5,True,False,True,0.02839009922123958,0.02839009922123958
full_coverage_complete,leftbottle2hang,2233,0,0,5,True,False,True,0.09305835971061653,0.09305835971061653
full_coverage_complete,leftbottle2hang,2234,0,0,5,True,False,True,0.34619601778884707,0.34619601778884707
full_coverage_complete,leftbottle2hang,2235,0,0,1,True,False,True,0.5282719530875328,0.5282719530875328
full_coverage_complete,leftbottle2hang,2237,0,0,1,True,False,True,0.5050168523470943,0.5050168523470943
full_coverage_complete,leftbottle2hang,2238,0,0,1,True,False,True,0.4612545646371217,0.4612545646371217
full_coverage_complete,leftbottle2hang,2240,0,0,5,True,False,True,0.39505512574812535,0.39505512574812535
full_coverage_complete,leftbottle2hang,2241,0,0,5,True,False,True,0.36572087876915416,0.36572087876915416
full_coverage_complete,leftbottle2hang,2242,0,0,5,True,False,True,0.341180996441248,0.341180996441248
full_coverage_complete,leftbottle2hang,2243,0,0,5,True,False,True,0.28043206452417224,0.28043206452417224
full_coverage_complete,leftbottle2hang,2244,0,0,5,True,False,True,0.3494109441009508,0.3494109441009508
full_coverage_complete,leftbottle2hang,2245,0,0,5,True,False,True,0.387272947469752,0.387272947469752
full_coverage_complete,leftbottle2hang,2246,0,0,5,True,False,True,0.3088871811762695,0.3088871811762695
full_coverage_complete,leftbottle2hang,2247,0,0,4,True,False,True,0.4080564035143114,0.4080564035143114
full_coverage_complete,leftbottle2hang,2249,0,0,5,True,False,True,0.4991194998913238,0.4991194998913238
full_coverage_complete,leftbottle2hang,2250,0,0,5,True,False,True,0.5221796177528932,0.5221796177528932
full_coverage_complete,leftbottle2hang,2252,0,0,5,True,False,True,0.581075995387441,0.581075995387441
full_coverage_complete,leftbottle2hang,2253,0,0,4,True,False,True,0.6608614783363673,0.6608614783363673
full_coverage_complete,leftbottle2hang,2255,0,0,4,True,False,True,0.637189897136617,0.637189897136617
full_coverage_complete,leftbottle2hang,2256,0,0,4,True,False,True,0.6058854230126492,0.6058854230126492
full_coverage_complete,leftbottle2hang,2267,0,0,1,True,False,True,0.48668621840258736,0.48668621840258736
full_coverage_complete,leftbottle2hang,2268,0,0,4,True,False,True,0.48364307564261727,0.48364307564261727
full_coverage_complete,leftbottle2hang,2271,0,0,4,True,False,True,0.4549388749506219,0.4549388749506219
full_coverage_complete,leftbottle2hang,2272,0,0,5,True,False,True,0.4118976108321407,0.4118976108321407
full_coverage_complete,leftbottle2hang,2273,0,0,5,True,False,True,0.3865344935123522,0.3865344935123522
full_coverage_complete,leftbottle2hang,2274,0,0,5,True,False,True,0.10237416580596781,0.10237416580596781
full_coverage_complete,leftbottle2hang,2275,0,0,1,True,False,True,0.03461790472443646,0.03461790472443646
full_coverage_complete,leftbottle2hang,2276,0,0,1,True,False,True,0.02435429242232444,0.02435429242232444
full_coverage_complete,leftbottle2hang,2277,0,0,4,True,False,True,0.002256751588350853,0.002256751588350853
full_coverage_complete,leftbottle2hang,2278,0,0,4,True,False,True,0.0,0.0
full_coverage_complete,leftbottle2hang,2279,0,0,4,True,False,True,0.0,0.0
full_coverage_complete,leftbottle2hang,2280,0,0,4,True,False,True,0.0,0.0
full_coverage_complete,leftbottle2hang,2281,0,0,4,True,False,True,0.0,0.0
full_coverage_complete,leftbottle2hang,2282,0,0,4,True,False,True,0.0054346521405897645,0.0054346521405897645
full_coverage_complete,leftbottle2hang,2283,0,0,4,True,False,True,0.13560804382649688,0.5310497532031518
full_coverage_complete,leftbottle2hang,2284,0,0,5,True,False,True,0.5278026002781325,0.5278026002781325
full_coverage_complete,leftbottle2hang,2285,0,0,5,True,False,True,0.5447235984097515,0.5447235984097515
full_coverage_complete,leftbottle2hang,2286,0,0,5,True,False,True,0.5762602376121926,0.5762602376121926
full_coverage_complete,leftbottle2hang,2295,0,0,4,True,False,True,0.7039915284254813,0.7039915284254813
full_coverage_complete,leftbottle2hang,2298,0,0,4,True,False,True,0.6196300073591576,0.6196300073591576
full_coverage_complete,leftbottle2hang,2299,0,0,4,True,False,True,0.6152952114089261,0.6152952114089261
full_coverage_complete,leftbottle2hang,2300,0,0,4,True,False,True,0.6097180221518368,0.6097180221518368
full_coverage_complete,leftbottle2hang,2301,0,0,4,True,False,True,0.35248946393184444,0.0
full_coverage_complete,leftbottle2hang,2302,0,0,1,True,False,True,0.0,0.0
full_coverage_complete,leftbottle2hang,2303,0,0,4,True,False,True,0.0,0.0
full_coverage_complete,leftbottle2hang,2304,0,0,1,True,False,True,0.0,0.7956816573563481
full_coverage_complete,leftbottle2hang,2305,0,0,5,True,False,True,0.7607876332585998,0.7607876332585998
full_coverage_complete,leftbottle2hang,2311,0,0,4,True,False,True,0.554839758581273,0.554839758581273
full_coverage_complete,leftbottle2hang,2315,0,0,4,True,False,True,0.6692569339701933,0.6692569339701933
full_coverage_complete,leftbottle2hang,2316,0,0,4,True,False,True,0.6141605608588657,0.6141605608588657
full_coverage_complete,leftbottle2hang,2317,0,0,4,True,False,True,0.5663119669090179,0.5663119669090179
full_coverage_complete,leftbottle2hang,2318,0,0,4,True,False,True,0.6492788984827781,0.6492788984827781
full_coverage_complete,leftbottle2hang,2319,0,0,4,True,False,True,0.6415151318076243,0.6415151318076243
full_coverage_complete,leftbottle2hang,2330,0,0,5,True,False,True,0.4534881041675862,0.4534881041675862
full_coverage_complete,leftbottle2hang,2331,0,0,4,True,False,True,0.4765985027259399,0.4765985027259399
full_coverage_complete,leftbottle2hang,2332,0,0,5,True,False,True,0.52605276244607,0.52605276244607
full_coverage_complete,leftbottle2hang,2333,5,3,5,True,False,True,0.6471185628637354,0.0
full_coverage_complete,leftbottle2hang,2334,0,1,1,True,False,True,0.0,0.6435006605228508
full_coverage_complete,leftbottle2hang,2335,0,0,5,True,False,True,0.6841002101177114,0.6841002101177114
full_coverage_complete,leftbottle2hang,2340,0,0,4,True,False,True,0.5330689081143142,0.5330689081143142
full_coverage_complete,leftbottle2hang,2341,0,0,4,True,False,True,0.7285433535085112,0.7285433535085112
full_coverage_complete,leftbottle2hang,2342,0,0,1,True,False,True,0.7085614557245694,0.7085614557245694
full_coverage_complete,leftbottle2hang,2343,0,0,1,True,False,True,0.6474349086893478,0.6474349086893478
full_coverage_complete,leftbottle2hang,2344,0,0,4,True,False,True,0.5053891765788479,0.5053891765788479
full_coverage_complete,leftbottle2hang,2345,0,0,5,True,False,True,0.48112019143626455,0.48112019143626455
full_coverage_complete,leftbottle2hang,2348,0,0,5,True,False,True,0.32820953915182,0.32820953915182
full_coverage_complete,leftbottle2hang,2349,0,0,4,True,False,True,0.46865072971288696,0.46865072971288696
full_coverage_complete,leftbottle2hang,2350,0,0,1,True,False,True,0.3196252928106363,0.3196252928106363
full_coverage_complete,leftbottle2hang,2351,0,0,4,True,False,True,0.3030764531231483,0.3030764531231483
full_coverage_complete,leftbottle2hang,2352,0,0,4,True,False,True,0.511390248020293,0.511390248020293
full_coverage_complete,leftbottle2hang,2355,0,0,4,True,False,True,0.5205144043044619,0.5205144043044619
full_coverage_complete,leftbottle2hang,2356,0,0,4,True,False,True,0.20981252070539716,0.20981252070539716
full_coverage_complete,leftbottle2hang,2357,0,0,4,True,False,True,0.18744269588074894,0.18744269588074894
full_coverage_complete,leftbottle2hang,2358,0,0,4,True,False,True,0.17817439353115933,0.17817439353115933
full_coverage_complete,leftbottle2hang,2359,0,0,5,True,False,True,0.10319976369873211,0.10319976369873211
full_coverage_complete,leftbottle2hang,2360,0,0,4,True,False,True,0.06211168281043382,0.06211168281043382
full_coverage_complete,leftbottle2hang,2361,0,0,4,True,False,True,0.04778207609274918,0.04778207609274918
full_coverage_complete,leftbottle2hang,2362,0,0,4,True,False,True,0.6340404788950877,0.6340404788950877
full_coverage_complete,leftbottle2hang,2365,0,0,4,True,False,True,0.5622100783910906,0.5622100783910906
full_coverage_complete,leftbottle2hang,2366,0,0,4,True,False,True,0.5523285852857741,0.5523285852857741
full_coverage_complete,leftbottle2hang,2367,0,0,1,True,False,True,0.7250213531008529,0.7250213531008529
full_coverage_complete,leftbottle2hang,2370,0,0,4,True,False,True,0.5577616829335867,0.5577616829335867
full_coverage_complete,leftbottle2hang,2371,0,0,4,True,False,True,0.5566963010838046,0.5566963010838046
full_coverage_complete,leftbottle2hang,2372,0,0,4,True,False,True,0.5588146450122984,0.5588146450122984
full_coverage_complete,leftbottle2hang,2373,0,0,1,True,False,True,0.5424838008296361,0.5424838008296361
full_coverage_complete,leftbottle2hang,2374,0,0,4,True,False,True,0.5742480414929313,0.5742480414929313
full_coverage_complete,leftbottle2hang,2378,0,0,4,True,False,True,0.6347022837513269,0.6347022837513269
full_coverage_complete,leftbottle2hang,2382,0,0,1,True,False,True,0.6608372756881611,0.6608372756881611
full_coverage_complete,leftbottle2hang,2383,0,0,4,True,False,True,0.5527813982898178,0.5527813982898178
full_coverage_complete,leftbottle2hang,2384,0,0,4,True,False,True,0.5171879602848511,0.5171879602848511
full_coverage_complete,leftbottle2hang,2385,0,0,4,True,False,True,0.5048688150189582,0.5048688150189582
full_coverage_complete,leftbottle2hang,2386,0,0,4,True,False,True,0.46788830855083435,0.46788830855083435
full_coverage_complete,leftbottle2hang,2387,0,0,4,True,False,True,0.4453437917852697,0.4453437917852697
full_coverage_complete,leftbottle2hang,2388,0,0,4,True,False,True,0.3995833028734349,0.3995833028734349
full_coverage_complete,leftbottle2hang,2389,0,0,4,True,False,True,0.4452801075259345,0.4452801075259345
full_coverage_complete,leftbottle2hang,2390,0,0,4,True,False,True,0.45000065273769607,0.45000065273769607
full_coverage_complete,leftbottle2hang,2391,0,0,5,True,False,True,0.22050447304887216,0.22050447304887216
full_coverage_complete,leftbottle2hang,2392,0,0,4,True,False,True,0.17650399613220297,0.17650399613220297
full_coverage_complete,leftbottle2hang,2393,0,0,5,True,False,True,0.21320483380015384,0.21320483380015384
full_coverage_complete,leftbottle2hang,2394,0,0,5,True,False,True,0.1952108435626284,0.1952108435626284
full_coverage_complete,leftbottle2hang,2395,0,0,5,True,False,True,0.1429363385560668,0.1429363385560668
full_coverage_complete,leftbottle2hang,2396,0,0,5,True,False,True,0.24007667911462044,0.24007667911462044
full_coverage_complete,leftbottle2hang,2397,0,0,5,True,False,True,0.15981130985285608,0.15981130985285608
full_coverage_complete,leftbottle2hang,2398,0,0,5,True,False,True,0.07689455935935847,0.07689455935935847
full_coverage_complete,leftbottle2hang,2400,0,0,5,True,False,True,0.1048317384464173,0.1048317384464173
full_coverage_complete,leftbottle2hang,2401,0,0,5,True,False,True,0.0373153513840795,0.0373153513840795
full_coverage_complete,leftbottle2hang,2402,0,0,6,True,False,True,0.21172438212314026,0.21172438212314026
full_coverage_complete,leftbottle2hang,2403,0,0,5,True,False,True,0.15803991541955592,0.15803991541955592
full_coverage_complete,leftbottle2hang,2404,0,0,6,True,False,True,0.2549105165197329,0.2549105165197329
full_coverage_complete,leftbottle2hang,2405,0,0,5,True,False,True,0.42277645685284226,0.42277645685284226
full_coverage_complete,leftbottle2hang,2407,0,0,4,True,False,True,0.6126610206522426,0.6126610206522426
full_coverage_complete,leftbottle2hang,2408,0,0,4,True,False,True,0.2010659518072276,0.2010659518072276
full_coverage_complete,leftbottle2hang,2409,0,0,4,True,False,True,0.15690356068836264,0.15690356068836264
full_coverage_complete,leftbottle2hang,2410,0,0,4,True,False,True,0.08864931218930568,0.08864931218930568
full_coverage_complete,leftbottle2hang,2411,0,0,4,True,False,True,0.0746688662374936,0.0746688662374936
full_coverage_complete,leftbottle2hang,2412,0,0,4,True,False,True,0.36158453755389647,0.36158453755389647
full_coverage_complete,leftbottle2hang,2413,0,0,4,True,False,True,0.07215894599111032,0.07215894599111032
full_coverage_complete,leftbottle2hang,2414,0,0,5,True,False,True,0.011208165448775835,0.011208165448775835
full_coverage_complete,leftbottle2hang,2415,0,0,4,True,False,True,0.008725295048349919,0.008725295048349919
full_coverage_complete,leftbottle2hang,2416,5,1,5,True,False,True,0.028358877145071595,0.0
full_coverage_complete,leftbottle2hang,2417,0,0,1,True,False,True,0.0,0.0
full_coverage_complete,leftbottle2hang,2418,0,0,4,True,False,True,0.0,0.0
full_coverage_complete,leftbottle2hang,2419,0,0,4,True,False,True,0.0,0.0
full_coverage_complete,leftbottle2hang,2420,0,0,6,True,False,True,0.0,0.0
full_coverage_complete,leftbottle2hang,2421,0,0,5,True,False,True,0.0,0.0
full_coverage_complete,leftbottle2hang,2422,0,0,5,True,False,True,0.0,0.0
full_coverage_complete,leftbottle2hang,2423,0,0,5,True,False,True,0.0,0.0
full_coverage_complete,leftbottle2hang,2424,0,0,5,True,False,True,0.0,0.0
full_coverage_complete,leftbottle2hang,2425,0,0,5,True,False,True,0.0,0.0
full_coverage_complete,leftbottle2hang,2426,0,0,5,True,False,True,0.0,0.0
full_coverage_complete,leftbottle2hang,2427,5,3,5,True,False,True,0.0,0.23269666274668394
full_coverage_complete,leftbottle2hang,2428,0,0,5,True,False,True,0.19780178782298843,0.19780178782298843
full_coverage_complete,leftbottle2hang,2429,0,0,5,True,False,True,0.03351334571387386,0.03351334571387386
full_coverage_complete,leftbottle2hang,2430,0,0,4,True,False,True,0.0,0.0
full_coverage_complete,leftbottle2hang,2431,0,0,4,True,False,True,0.0,0.0
full_coverage_complete,leftbottle2hang,2432,0,0,4,True,False,True,0.0,0.0
full_coverage_complete,leftbottle2hang,2434,0,0,4,True,False,True,0.0,0.0
full_coverage_complete,leftbottle2hang,2435,0,0,4,True,False,True,0.0,0.0
full_coverage_complete,leftbottle2hang,2436,0,0,1,True,False,True,0.0,0.0
full_coverage_complete,leftbottle2hang,2437,0,0,6,True,False,True,0.0,0.0
full_coverage_complete,leftbottle2hang,2438,0,0,5,True,False,True,0.0,0.0
full_coverage_complete,leftbottle2hang,2439,0,0,1,True,False,True,0.0,0.0
full_coverage_complete,leftbottle2hang,2443,0,0,4,True,False,True,0.0,0.0
full_coverage_complete,leftbottle2hang,2445,0,0,4,True,False,True,0.0,0.0
full_coverage_complete,leftbottle2hang,2447,0,0,4,True,False,True,0.0,0.0
full_coverage_complete,leftbottle2hang,2449,0,1,4,True,False,True,0.0,0.0
full_coverage_complete,leftbottle2hang,2450,0,0,1,True,False,True,0.0,0.0
full_coverage_complete,leftbottle2hang,2452,0,0,5,True,False,True,0.0,0.0
full_coverage_complete,leftbottle2hang,2453,0,0,5,True,False,True,0.0,0.0
full_coverage_complete,leftbottle2hang,2454,0,0,5,True,False,True,0.0,0.0
full_coverage_complete,leftbottle2hang,2455,0,1,5,True,False,True,0.0,0.0
full_coverage_complete,leftbottle2hang,2456,5,3,5,True,False,True,0.0,0.0
full_coverage_complete,leftbottle2hang,2458,0,1,5,True,False,True,0.0,0.0
full_coverage_complete,leftbottle2hang,2459,0,0,1,True,False,True,0.0,0.0
full_coverage_complete,leftbottle2hang,2460,0,0,5,True,False,True,0.0,0.0
full_coverage_complete,leftbottle2hang,2461,0,0,4,True,False,True,0.0,0.0
full_coverage_complete,leftbottle2hang,2462,0,0,5,True,False,True,0.0,0.0
full_coverage_complete,leftbottle2hang,2463,0,0,5,True,False,True,0.0,0.0
full_coverage_complete,leftbottle2hang,2464,0,0,5,True,False,True,0.0,0.0
full_coverage_complete,leftbottle2hang,2465,0,0,4,True,False,True,0.0,0.0
full_coverage_complete,leftbottle2hang,2466,0,0,5,True,False,True,0.0,0.0
full_coverage_complete,leftbottle2hang,2467,0,0,4,True,False,True,0.0,0.0
full_coverage_complete,leftbottle2hang,2468,0,0,4,True,False,True,0.0,0.0
full_coverage_complete,leftbottle2hang,2469,0,0,5,True,False,True,0.0,0.0
full_coverage_complete,leftbottle2hang,2470,0,0,5,True,False,True,0.0,0.0
full_coverage_complete,leftbottle2hang,2471,0,0,4,True,False,True,0.0,0.0
full_coverage_complete,leftbottle2hang,2472,0,0,4,True,False,True,0.0,0.0
full_coverage_complete,leftbottle2hang,2473,0,0,5,True,False,True,0.0,0.0
full_coverage_complete,leftbottle2hang,2474,0,0,5,True,False,True,0.0,0.0
full_coverage_complete,leftbottle2hang,2475,0,0,5,True,False,True,0.0,0.0
full_coverage_complete,leftbottle2hang,2476,0,0,5,True,False,True,0.0,0.0
full_coverage_complete,leftbottle2hang,2477,0,0,5,True,False,True,0.0,0.0
full_coverage_complete,leftbottle2hang,2478,0,0,5,True,False,True,0.0,0.0
full_coverage_complete,leftbottle2hang,2479,0,0,5,True,False,True,0.0,0.0
full_coverage_complete,leftbottle2hang,2480,0,0,5,True,False,True,0.0,0.0
full_coverage_complete,leftbottle2hang,2481,5,3,5,True,False,True,0.0,0.1375599174362906
full_coverage_complete,leftbottle2hang,2482,6,2,6,True,False,True,0.08784446514673457,0.07472463268980553
full_coverage_complete,leftbottle2hang,2483,4,0,4,True,False,True,0.0,0.0
full_coverage_complete,leftbottle2hang,2484,0,0,5,True,False,True,0.0,0.0
full_coverage_complete,leftbottle2hang,2485,0,0,5,True,False,True,0.0,0.0
full_coverage_complete,leftbottle2hang,2486,0,0,5,True,False,True,0.0,0.0
full_coverage_complete,leftbottle2hang,2487,0,1,5,True,False,True,0.0,0.11436206407809828
full_coverage_complete,leftbottle2hang,2488,0,0,1,True,False,True,0.13213983947586708,0.13213983947586708
full_coverage_complete,leftbottle2hang,2489,0,0,4,True,False,True,0.23169378800405402,0.23169378800405402
full_coverage_complete,leftbottle2hang,2490,0,0,4,True,False,True,0.218811942123726,0.218811942123726
full_coverage_complete,leftbottle2hang,2491,0,1,4,True,False,True,0.141358259550069,0.0
full_coverage_complete,leftbottle2hang,2492,0,0,5,True,False,True,0.0,0.0
full_coverage_complete,leftbottle2hang,2493,0,0,5,True,False,True,0.0,0.0
full_coverage_complete,leftbottle2hang,2494,0,0,5,True,False,True,0.0,0.0
full_coverage_complete,leftbottle2hang,2495,0,0,5,True,False,True,0.0,0.0
full_coverage_complete,leftbottle2hang,2496,0,0,6,True,False,True,0.0,0.0
full_coverage_complete,leftbottle2hang,2497,0,0,5,True,False,True,0.0,0.0
full_coverage_complete,leftbottle2hang,2498,0,0,5,True,False,True,0.0,0.0
full_coverage_complete,leftbottle2hang,2499,0,0,5,True,False,True,0.0,0.0
full_coverage_complete,leftbottle2hang,2500,0,0,5,True,False,True,0.0,0.0
full_coverage_complete,leftbottle2hang,2501,0,0,5,True,False,True,0.0,0.0
full_coverage_complete,leftbottle2hang,2502,0,0,5,True,False,True,0.0,0.0
full_coverage_complete,leftbottle2hang,2503,0,0,5,True,False,True,0.0,0.0
full_coverage_complete,leftbottle2hang,2504,0,0,4,True,False,True,0.0,0.0
full_coverage_complete,leftbottle2hang,2505,0,0,6,True,False,True,0.0,0.0
full_coverage_complete,leftbottle2hang,2506,0,0,5,True,False,True,0.0,0.0
full_coverage_complete,leftbottle2hang,2508,0,0,5,True,False,True,0.0,0.0
full_coverage_complete,leftbottle2hang,2511,0,0,4,True,False,True,0.0,0.0
full_coverage_complete,leftbottle2hang,2512,0,0,4,True,False,True,0.0,0.0
full_coverage_complete,leftbottle2hang,2513,0,0,4,True,False,True,0.0,0.0
full_coverage_complete,leftbottle2hang,2514,0,0,5,True,False,True,0.0,0.0
full_coverage_complete,leftbottle2hang,2515,0,0,5,True,False,True,0.0,0.0
full_coverage_complete,leftbottle2hang,2516,0,0,5,True,False,True,0.0,0.0
full_coverage_complete,leftbottle2hang,2517,0,0,5,True,False,True,0.0,0.0
full_coverage_complete,leftbottle2hang,2518,0,0,4,True,False,True,0.0,0.0
full_coverage_complete,leftbottle2hang,2520,0,0,5,True,False,True,0.0,0.0
full_coverage_complete,leftbottle2hang,2521,0,0,5,True,False,True,0.0,0.0
full_coverage_complete,leftbottle2hang,2522,0,0,4,True,False,True,0.0,0.0
full_coverage_complete,leftbottle2hang,2524,0,0,4,True,False,True,0.0,0.0
full_coverage_complete,leftbottle2hang,2525,0,0,4,True,False,True,0.0,0.0
full_coverage_complete,leftbottle2hang,2526,0,0,4,True,False,True,0.0,0.0
full_coverage_complete,leftbottle2hang,2527,0,0,4,True,False,True,0.0,0.0
full_coverage_complete,leftbottle2hang,2528,0,0,4,True,False,True,0.0,0.0
full_coverage_complete,leftbottle2hang,2529,0,0,5,True,False,True,0.0,0.0
full_coverage_complete,leftbottle2hang,2530,0,0,5,True,False,True,0.0,0.0
full_coverage_complete,leftbottle2hang,2531,0,0,5,True,False,True,0.0,0.0
full_coverage_complete,leftbottle2hang,2532,0,0,5,True,False,True,0.0,0.0
full_coverage_complete,leftbottle2hang,2534,0,0,5,True,False,True,0.0,0.0
full_coverage_complete,leftbottle2hang,2535,0,0,4,True,False,True,0.0,0.0
full_coverage_complete,leftbottle2hang,2537,0,0,5,True,False,True,0.0,0.0
full_coverage_complete,leftbottle2hang,2538,0,0,4,True,False,True,0.0,0.0
full_coverage_complete,leftbottle2hang,2539,0,0,1,True,False,True,0.0,0.0
full_coverage_complete,leftbottle2hang,2540,0,0,4,True,False,True,0.0,0.0
full_coverage_complete,leftbottle2hang,2541,0,0,4,True,False,True,0.0,0.0
full_coverage_complete,leftbottle2hang,2542,0,0,1,True,False,True,0.0,0.0
full_coverage_complete,leftbottle2hang,2544,0,0,1,True,False,True,0.0,0.0
full_coverage_complete,leftbottle2hang,2545,0,0,4,True,False,True,0.0,0.0
full_coverage_complete,leftbottle2hang,2546,0,0,1,True,False,True,0.0,0.0
full_coverage_complete,leftbottle2hang,2547,0,0,1,True,False,True,0.0,0.0
full_coverage_complete,leftbottle2hang,2548,0,0,4,True,False,True,0.0,0.0
full_coverage_complete,leftbottle2hang,2549,0,0,1,True,False,True,0.0,0.0
full_coverage_complete,leftbottle2hang,2550,0,0,1,True,False,True,0.0,0.0
full_coverage_complete,leftbottle2hang,2551,0,0,4,True,False,True,0.0,0.0
full_coverage_complete,leftbottle2hang,2552,0,0,4,True,False,True,0.0,0.0
full_coverage_complete,leftbottle2hang,2553,0,0,4,True,False,True,0.0,0.0
full_coverage_complete,leftbottle2hang,2554,0,0,5,True,False,True,0.0,0.0
full_coverage_complete,leftbottle2hang,2555,5,2,5,True,False,True,0.0,0.13051952253570756
full_coverage_complete,leftbottle2hang,2556,0,0,1,True,False,True,0.15020653522233146,0.15020653522233146
full_coverage_complete,leftbottle2hang,2557,0,0,4,True,False,True,0.12125071976169645,0.12125071976169645
full_coverage_complete,leftbottle2hang,2558,0,0,4,True,False,True,0.11540340519970484,0.11540340519970484
full_coverage_complete,leftbottle2hang,2559,0,0,4,True,False,True,0.13409983241071788,0.13409983241071788
full_coverage_complete,leftbottle2hang,2560,0,0,4,True,False,True,0.1566048875469385,0.1566048875469385
full_coverage_complete,leftbottle2hang,2561,0,0,4,True,False,True,0.14090612333626595,0.14090612333626595
full_coverage_complete,leftbottle2hang,2562,0,0,4,True,False,True,0.14071125230305256,0.14071125230305256
full_coverage_complete,leftbottle2hang,2563,0,0,4,True,False,True,0.1684890719666822,0.1684890719666822
full_coverage_complete,leftbottle2hang,2564,0,0,4,True,False,True,0.20032389571460923,0.20032389571460923
full_coverage_complete,leftbottle2hang,2565,0,0,4,True,False,True,0.11566512152543501,0.11566512152543501
full_coverage_complete,leftbottle2hang,2566,0,0,5,True,False,True,0.14611022270897586,0.14611022270897586
full_coverage_complete,leftbottle2hang,2567,0,0,4,True,False,True,0.14402542370177882,0.14402542370177882
full_coverage_complete,leftbottle2hang,2568,0,0,4,True,False,True,0.13238436262578634,0.13238436262578634
full_coverage_complete,leftbottle2hang,2569,0,0,4,True,False,True,0.21585503093159278,0.21585503093159278
full_coverage_complete,leftbottle2hang,2570,4,0,4,True,False,True,0.16603738047299105,0.0
full_coverage_complete,leftbottle2hang,2571,0,0,5,True,False,True,0.0,0.0
full_coverage_complete,leftbottle2hang,2572,0,0,5,True,False,True,0.0,0.0
full_coverage_complete,leftbottle2hang,2573,0,0,5,True,False,True,0.0,0.0
full_coverage_complete,leftbottle2hang,2574,0,0,5,True,False,True,0.0,0.0
full_coverage_complete,leftbottle2hang,2575,0,0,5,True,False,True,0.0,0.0
full_coverage_complete,leftbottle2hang,2576,0,0,4,True,False,True,0.0,0.0
full_coverage_complete,leftbottle2hang,2577,0,0,4,True,False,True,0.0,0.0
full_coverage_complete,leftbottle2hang,2579,0,0,5,True,False,True,0.0,0.0
full_coverage_complete,leftbottle2hang,2580,0,1,4,True,False,True,0.0,0.0
full_coverage_complete,leftbottle2hang,2581,0,0,5,True,False,True,0.0,0.0
full_coverage_complete,leftbottle2hang,2582,0,0,4,True,False,True,0.0,0.0
full_coverage_complete,leftbottle2hang,2583,0,0,5,True,False,True,0.0,0.0
full_coverage_complete,leftbottle2hang,2584,0,0,1,True,False,True,0.0,0.0
full_coverage_complete,leftbottle2hang,2585,0,0,4,True,False,True,0.0,0.0
full_coverage_complete,leftbottle2hang,2586,0,0,5,True,False,True,0.0,0.0
full_coverage_complete,leftbottle2hang,2587,0,0,4,True,False,True,0.0,0.0
full_coverage_complete,leftbottle2hang,2588,0,0,5,True,False,True,0.0,0.0
full_coverage_complete,leftbottle2hang,2589,0,0,4,True,False,True,0.0,0.0
full_coverage_complete,leftbottle2hang,2590,0,0,5,True,False,True,0.0,0.0
full_coverage_complete,leftbottle2hang,2591,0,0,4,True,False,True,0.0,0.0
full_coverage_complete,leftbottle2hang,2592,0,0,1,True,False,True,0.0,0.0
full_coverage_complete,leftbottle2hang,2593,0,0,4,True,False,True,0.0,0.0
full_coverage_complete,leftbottle2hang,2594,0,0,5,True,False,True,0.0,0.0
full_coverage_complete,leftbottle2hang,2595,0,0,4,True,False,True,0.0,0.0
full_coverage_complete,leftbottle2hang,2596,0,0,1,True,False,True,0.0,0.0
full_coverage_complete,leftbottle2hang,2598,0,0,4,True,False,True,0.0,0.0
full_coverage_complete,leftbottle2hang,2599,0,0,4,True,False,True,0.0,0.0
full_coverage_complete,leftbottle2hang,2600,0,0,4,True,False,True,0.0,0.0
full_coverage_complete,leftbottle2hang,2601,0,0,4,True,False,True,0.0,0.0
full_coverage_complete,leftbottle2hang,2602,0,0,4,True,False,True,0.0,0.0
full_coverage_complete,leftbottle2hang,2603,0,0,4,True,False,True,0.0,0.0
full_coverage_complete,leftbottle2hang,2604,0,0,4,True,False,True,0.0,0.0
full_coverage_complete,leftbottle2hang,2605,0,0,4,True,False,True,0.0,0.0
full_coverage_complete,leftbottle2hang,2606,0,0,4,True,False,True,0.0,0.0
full_coverage_complete,leftbottle2hang,2607,0,0,4,True,False,True,0.0,0.0
full_coverage_complete,leftbottle2hang,2608,0,0,4,True,False,True,0.0,0.0
full_coverage_complete,leftbottle2hang,2609,0,0,4,True,False,True,0.0,0.0
full_coverage_complete,leftbottle2hang,2619,0,0,4,True,False,True,0.0,0.0
full_coverage_complete,leftbottle2hang,2620,0,0,5,True,False,True,0.0,0.0
full_coverage_complete,leftbottle2hang,2621,0,0,5,True,False,True,0.0,0.0
full_coverage_complete,leftbottle2hang,2622,0,0,4,True,False,True,0.0,0.0
full_coverage_complete,leftbottle2hang,2623,0,0,4,True,False,True,0.0,0.0
full_coverage_complete,leftbottle2hang,2624,0,0,4,True,False,True,0.0,0.0
full_coverage_complete,leftbottle2hang,2625,0,0,4,True,False,True,0.0,0.0
full_coverage_complete,leftbottle2hang,2626,0,2,4,True,False,True,0.0,0.27703823293876156
full_coverage_complete,leftbottle2hang,2627,0,0,1,True,False,True,0.26199375821845283,0.26199375821845283
full_coverage_complete,leftbottle2hang,2628,0,0,4,True,False,True,0.1208356041349051,0.1208356041349051
full_coverage_complete,leftbottle2hang,2629,0,0,4,True,False,True,0.16586481151646196,0.16586481151646196
full_coverage_complete,leftbottle2hang,2630,0,0,4,True,False,True,0.19960665024192045,0.19960665024192045
full_coverage_complete,leftbottle2hang,2631,0,0,5,True,False,True,0.16574040830256642,0.16574040830256642
full_coverage_complete,leftbottle2hang,2632,0,0,5,True,False,True,0.13917734952178598,0.13917734952178598
full_coverage_complete,leftbottle2hang,2633,0,0,4,True,False,True,0.09053411802491954,0.09053411802491954
full_coverage_complete,leftbottle2hang,2634,0,1,5,True,False,True,0.0,0.0
full_coverage_complete,leftbottle2hang,2635,0,0,5,True,False,True,0.0,0.0
full_coverage_complete,leftbottle2hang,2636,0,0,5,True,False,True,0.0,0.0
full_coverage_complete,leftbottle2hang,2637,0,0,5,True,False,True,0.0,0.0
full_coverage_complete,leftbottle2hang,2638,0,0,5,True,False,True,0.0,0.0
full_coverage_complete,leftbottle2hang,2639,5,2,5,True,False,True,0.0,0.1731276706175667
full_coverage_complete,leftbottle2hang,2640,0,1,1,True,False,True,0.17517281362482442,0.0
full_coverage_complete,leftbottle2hang,2641,0,0,5,True,False,True,0.0,0.0
full_coverage_complete,leftbottle2hang,2642,0,0,4,True,False,True,0.0,0.0
full_coverage_complete,leftbottle2hang,2643,0,0,1,True,False,True,0.0,0.0
full_coverage_complete,leftbottle2hang,2644,0,0,4,True,False,True,0.0,0.0
full_coverage_complete,leftbottle2hang,2645,0,0,4,True,False,True,0.0,0.0
full_coverage_complete,leftbottle2hang,2647,0,0,4,True,False,True,0.029397682288937594,0.029397682288937594
full_coverage_complete,leftbottle2hang,2650,0,0,5,True,False,True,0.0,0.0
full_coverage_complete,leftbottle2hang,2651,0,0,4,True,False,True,0.0,0.0
full_coverage_complete,leftbottle2hang,2652,0,0,4,True,False,True,0.0,0.0
full_coverage_complete,leftbottle2hang,2653,0,0,5,True,False,True,0.0,0.0
full_coverage_complete,leftbottle2hang,2654,0,0,1,True,False,True,0.0,0.0
full_coverage_complete,leftbottle2hang,2655,0,0,4,True,False,True,0.0,0.0
full_coverage_complete,leftbottle2hang,2656,0,0,4,True,False,True,0.0,0.0
full_coverage_complete,leftbottle2hang,2657,0,0,4,True,False,True,0.0,0.0
full_coverage_complete,leftbottle2hang,2658,0,0,1,True,False,True,0.0,0.0
full_coverage_complete,leftbottle2hang,2659,0,0,4,True,False,True,0.0,0.0
full_coverage_complete,leftbottle2hang,2660,0,0,4,True,False,True,0.0,0.0
full_coverage_complete,leftbottle2hang,2661,0,0,5,True,False,True,0.0,0.0
full_coverage_complete,leftbottle2hang,2662,0,0,5,True,False,True,0.0,0.0
full_coverage_complete,leftbottle2hang,2663,0,0,4,True,False,True,0.0,0.0
full_coverage_complete,leftbottle2hang,2664,0,0,5,True,False,True,0.0,0.0
full_coverage_complete,leftbottle2hang,2665,0,0,4,True,False,True,0.0,0.0
full_coverage_complete,leftbottle2hang,2666,0,0,4,True,False,True,0.0,0.0
full_coverage_complete,leftbottle2hang,2667,0,0,4,True,False,True,0.0,0.0
full_coverage_complete,leftbottle2hang,2668,0,0,4,True,False,True,0.0,0.0
full_coverage_complete,leftbottle2hang,2669,0,0,4,True,False,True,0.0,0.0
full_coverage_complete,leftbottle2hang,2670,0,0,4,True,False,True,0.0,0.0
full_coverage_complete,leftbottle2hang,2671,0,0,4,True,False,True,0.0,0.0
full_coverage_complete,leftbottle2hang,2672,0,0,1,True,False,True,0.0,0.0
full_coverage_complete,leftbottle2hang,2673,0,0,4,True,False,True,0.0,0.0
full_coverage_complete,leftbottle2hang,2674,0,0,4,True,False,True,0.0,0.0
full_coverage_complete,leftbottle2hang,2675,0,0,4,True,False,True,0.0,0.0
full_coverage_complete,leftbottle2hang,2676,0,0,1,True,False,True,0.0,0.0
full_coverage_complete,leftbottle2hang,2677,0,0,1,True,False,True,0.0,0.0
full_coverage_complete,leftbottle2hang,2678,0,0,4,True,False,True,0.0,0.0
full_coverage_complete,leftbottle2hang,2679,0,0,4,True,False,True,0.0,0.0
full_coverage_complete,leftbottle2hang,2680,0,0,4,True,False,True,0.0,0.0
full_coverage_complete,leftbottle2hang,2681,0,0,4,True,False,True,0.0,0.0
full_coverage_complete,leftbottle2hang,2682,0,0,4,True,False,True,0.0,0.0
full_coverage_complete,leftbottle2hang,2683,0,0,4,True,False,True,0.0,0.0
full_coverage_complete,leftbottle2hang,2684,0,0,4,True,False,True,0.0,0.0
full_coverage_complete,leftbottle2hang,2685,0,1,1,True,False,True,0.0028161583640796215,0.14944919325811684
full_coverage_complete,leftbottle2hang,2686,0,0,1,True,False,True,0.0,0.0
full_coverage_complete,leftbottle2hang,2689,0,0,1,True,False,True,0.107295793556358,0.107295793556358
full_coverage_complete,leftbottle2hang,2690,0,0,1,True,False,True,0.1273462254117836,0.1273462254117836
full_coverage_complete,leftbottle2hang,2691,0,0,1,True,False,True,0.10988968450494027,0.10988968450494027
full_coverage_complete,leftbottle2hang,2692,0,0,1,True,False,True,0.0949031176051085,0.0949031176051085
full_coverage_complete,leftbottle2hang,2694,0,0,4,True,False,True,0.0,0.0
full_coverage_complete,leftbottle2hang,2695,0,0,5,True,False,True,0.0,0.0
full_coverage_complete,leftbottle2hang,2696,0,0,5,True,False,True,0.0,0.0
full_coverage_complete,leftbottle2hang,2697,0,0,4,True,False,True,0.0,0.0
full_coverage_complete,leftbottle2hang,2698,0,0,4,True,False,True,0.0,0.0
full_coverage_complete,leftbottle2hang,2699,0,0,4,True,False,True,0.0,0.0
full_coverage_complete,leftbottle2hang,2700,0,0,4,True,False,True,0.0,0.0
full_coverage_complete,leftbottle2hang,2701,0,0,1,True,False,True,0.0,0.0
full_coverage_complete,leftbottle2hang,2702,0,0,4,True,False,True,0.0,0.0
full_coverage_complete,leftbottle2hang,2704,0,0,4,True,False,True,0.0,0.0
full_coverage_complete,leftbottle2hang,2706,0,0,4,True,False,True,0.007739038525825893,0.007739038525825893
full_coverage_complete,leftbottle2hang,2708,0,0,4,True,False,True,0.551495457341589,0.551495457341589
full_coverage_complete,leftbottle2hang,2709,0,0,4,True,False,True,0.6093547870136865,0.6093547870136865
full_coverage_complete,leftbottle2hang,2710,0,0,5,True,False,True,0.40066925278359733,0.40066925278359733
full_coverage_complete,leftbottle2hang,2711,0,0,5,True,False,True,0.500759723674889,0.500759723674889
full_coverage_complete,leftbottle2hang,2712,0,1,1,True,False,True,0.28455691959073365,0.09894163321589118
full_coverage_complete,leftbottle2hang,2713,0,0,4,True,False,True,0.018929458256809004,0.018929458256809004
full_coverage_complete,leftbottle2hang,2715,0,0,5,True,False,True,0.041192927725851085,0.041192927725851085
full_coverage_complete,leftbottle2hang,2716,0,0,5,True,False,True,0.0,0.0
full_coverage_complete,leftbottle2hang,2717,5,0,5,True,False,True,0.0,0.0
full_coverage_complete,leftbottle2hang,2718,0,0,4,True,False,True,0.03302715443038935,0.03302715443038935
full_coverage_complete,leftbottle2hang,2719,0,0,5,True,False,True,0.05959027711954359,0.05959027711954359
full_coverage_complete,leftbottle2hang,2720,0,0,4,True,False,True,0.12118379655170104,0.12118379655170104
full_coverage_complete,leftbottle2hang,2721,0,0,4,True,False,True,0.24048354725575552,0.24048354725575552
full_coverage_complete,leftbottle2hang,2722,0,0,1,True,False,True,0.3364698793577255,0.3364698793577255
full_coverage_complete,leftbottle2hang,2724,0,0,4,True,False,True,0.6278970478732657,0.6278970478732657
full_coverage_complete,leftbottle2hang,2725,0,0,1,True,False,True,0.7188612968709029,0.7188612968709029
full_coverage_complete,leftbottle2hang,2728,0,0,4,True,False,True,0.702569204834369,0.702569204834369
full_coverage_complete,leftbottle2hang,2731,0,0,1,True,False,True,0.6082256676691987,0.6082256676691987
full_coverage_complete,leftbottle2hang,2733,0,0,4,True,False,True,0.5627082603566577,0.5627082603566577
full_coverage_complete,leftbottle2hang,2734,0,0,4,True,False,True,0.6051932480184609,0.6051932480184609
full_coverage_complete,leftbottle2hang,2735,0,0,4,True,False,True,0.6223370230946722,0.6223370230946722
full_coverage_complete,leftbottle2hang,2736,0,0,4,True,False,True,0.6725951500511128,0.6725951500511128
full_coverage_complete,leftbottle2hang,2737,0,0,4,True,False,True,0.6374980122251405,0.6374980122251405
full_coverage_complete,leftbottle2hang,2738,0,0,4,True,False,True,0.6174426936315184,0.6174426936315184
full_coverage_complete,leftbottle2hang,2739,0,0,5,True,False,True,0.47726810330430863,0.47726810330430863
full_coverage_complete,leftbottle2hang,2740,0,0,4,True,False,True,0.36374571360717883,0.36374571360717883
full_coverage_complete,leftbottle2hang,2741,0,0,1,True,False,True,0.3605088434843121,0.3605088434843121
full_coverage_complete,leftbottle2hang,2742,0,0,4,True,False,True,0.3527879594469093,0.3527879594469093
full_coverage_complete,leftbottle2hang,2743,0,0,5,True,False,True,0.17093943324906363,0.17093943324906363
full_coverage_complete,leftbottle2hang,2744,0,0,4,True,False,True,0.07866690459120543,0.07866690459120543
full_coverage_complete,leftbottle2hang,2746,0,0,4,True,False,True,0.18896527590462722,0.18896527590462722
full_coverage_complete,leftbottle2hang,2747,0,0,5,True,False,True,0.12362847994797849,0.12362847994797849
full_coverage_complete,leftbottle2hang,2748,0,0,1,True,False,True,0.1398943267642193,0.1398943267642193
full_coverage_complete,leftbottle2hang,2749,0,0,1,True,False,True,0.0950754740160819,0.0950754740160819
full_coverage_complete,leftbottle2hang,2750,0,0,1,True,False,True,0.10196926784357566,0.10196926784357566
full_coverage_complete,leftbottle2hang,2751,0,0,1,True,False,True,0.07261500555305557,0.07261500555305557
full_coverage_complete,leftbottle2hang,2752,0,0,1,True,False,True,0.0888035099312021,0.0888035099312021
full_coverage_complete,leftbottle2hang,2753,0,0,1,True,False,True,0.07462130118951425,0.07462130118951425
full_coverage_complete,leftbottle2hang,2754,0,0,4,True,False,True,0.06547269419127538,0.06547269419127538
full_coverage_complete,leftbottle2hang,2755,0,0,1,True,False,True,0.12276253193248551,0.12276253193248551
full_coverage_complete,leftbottle2hang,2756,0,0,4,True,False,True,0.18792874119535766,0.18792874119535766
full_coverage_complete,leftbottle2hang,2757,0,0,1,True,False,True,0.18560052945702174,0.18560052945702174
full_coverage_complete,leftbottle2hang,2758,0,0,1,True,False,True,0.1569206657421366,0.1569206657421366
full_coverage_complete,leftbottle2hang,2759,0,0,1,True,False,True,0.35363662029385123,0.35363662029385123
full_coverage_complete,leftbottle2hang,2760,0,0,4,True,False,True,0.43434214862559245,0.43434214862559245
full_coverage_complete,leftbottle2hang,2761,0,0,4,True,False,True,0.3423113667600872,0.3423113667600872
full_coverage_complete,leftbottle2hang,2762,0,0,4,True,False,True,0.2125420304997671,0.2125420304997671
full_coverage_complete,leftbottle2hang,2763,0,0,1,True,False,True,0.31460627724677936,0.31460627724677936
full_coverage_complete,leftbottle2hang,2764,0,0,1,True,False,True,0.35189106823547306,0.35189106823547306
full_coverage_complete,leftbottle2hang,2765,0,0,1,True,False,True,0.38322560018141527,0.38322560018141527
full_coverage_complete,leftbottle2hang,2767,0,0,1,True,False,True,0.3601627644191019,0.3601627644191019
full_coverage_complete,leftbottle2hang,2768,0,0,5,True,False,True,0.3604255198658693,0.3604255198658693
full_coverage_complete,leftbottle2hang,2769,0,0,1,True,False,True,0.358753461432122,0.358753461432122
full_coverage_complete,leftbottle2hang,2771,0,0,4,True,False,True,0.4844312474272776,0.4844312474272776
full_coverage_complete,leftbottle2hang,2772,0,0,4,True,False,True,0.551282419359388,0.551282419359388
full_coverage_complete,leftbottle2hang,2773,0,0,1,True,False,True,0.5496976882482738,0.5496976882482738
full_coverage_complete,leftbottle2hang,2774,0,0,4,True,False,True,0.558056380896605,0.558056380896605
full_coverage_complete,leftbottle2hang,2775,0,0,4,True,False,True,0.6119397406156232,0.6119397406156232
full_coverage_complete,leftbottle2hang,2776,0,0,4,True,False,True,0.5072526644006078,0.5072526644006078
full_coverage_complete,leftbottle2hang,2777,0,0,5,True,False,True,0.47958297097110286,0.47958297097110286
full_coverage_complete,leftbottle2hang,2778,0,0,1,True,False,True,0.44783861018475857,0.44783861018475857
full_coverage_complete,leftbottle2hang,2779,0,0,4,True,False,True,0.40730794577579954,0.40730794577579954
full_coverage_complete,leftbottle2hang,2780,0,0,4,True,False,True,0.3346836918882029,0.3346836918882029
full_coverage_complete,leftbottle2hang,2781,0,0,4,True,False,True,0.3751037107523985,0.3751037107523985
full_coverage_complete,leftbottle2hang,2782,0,0,4,True,False,True,0.2689354556526104,0.2689354556526104
full_coverage_complete,leftbottle2hang,2784,0,0,4,True,False,True,0.18016435380307025,0.18016435380307025
full_coverage_complete,leftbottle2hang,2785,0,0,4,True,False,True,0.11024911972201555,0.11024911972201555
full_coverage_complete,leftbottle2hang,2786,0,0,4,True,False,True,0.0956487541702957,0.0956487541702957
full_coverage_complete,leftbottle2hang,2787,0,0,4,True,False,True,0.1279481050448785,0.1279481050448785
full_coverage_complete,leftbottle2hang,2788,0,0,1,True,False,True,0.15653033733308425,0.15653033733308425
full_coverage_complete,leftbottle2hang,2789,0,0,1,True,False,True,0.19806420777438116,0.19806420777438116
full_coverage_complete,leftbottle2hang,2790,0,0,1,True,False,True,0.22782669935977218,0.22782669935977218
full_coverage_complete,leftbottle2hang,2791,0,0,1,True,False,True,0.2070916671684875,0.2070916671684875
full_coverage_complete,leftbottle2hang,2792,0,0,1,True,False,True,0.38972015681778976,0.38972015681778976
full_coverage_complete,leftbottle2hang,2793,0,0,5,True,False,True,0.4154097302967572,0.4154097302967572
full_coverage_complete,leftbottle2hang,2794,0,0,4,True,False,True,0.2793233422377633,0.2793233422377633
full_coverage_complete,leftbottle2hang,2795,0,0,1,True,False,True,0.4581502224872534,0.4581502224872534
full_coverage_complete,leftbottle2hang,2796,0,0,4,True,False,True,0.5591072761270117,0.5591072761270117
full_coverage_complete,leftbottle2hang,2797,0,0,1,True,False,True,0.6196910473528254,0.6196910473528254
full_coverage_complete,leftbottle2hang,2798,0,0,1,True,False,True,0.6164722489342888,0.6164722489342888
full_coverage_complete,leftbottle2hang,2800,0,0,1,True,False,True,0.5034759514522172,0.5034759514522172
full_coverage_complete,leftbottle2hang,2802,0,0,1,True,False,True,0.07252324198408688,0.07252324198408688
full_coverage_complete,leftbottle2hang,2803,0,0,5,True,False,True,0.27907462218230894,0.27907462218230894
full_coverage_complete,leftbottle2hang,2804,0,0,5,True,False,True,0.3015861396589822,0.3015861396589822
full_coverage_complete,leftbottle2hang,2805,0,0,4,True,False,True,0.12722220576769133,0.12722220576769133
full_coverage_complete,leftbottle2hang,2806,0,0,4,True,False,True,0.49866477272452897,0.49866477272452897
full_coverage_complete,leftbottle2hang,2807,0,0,5,True,False,True,0.5097459563269475,0.5097459563269475
full_coverage_complete,leftbottle2hang,2808,0,0,5,True,False,True,0.5150733269575015,0.5150733269575015
full_coverage_complete,leftbottle2hang,2809,0,0,4,True,False,True,0.5012190161793701,0.5012190161793701
full_coverage_complete,leftbottle2hang,2810,0,0,4,True,False,True,0.43403436572019366,0.43403436572019366
full_coverage_complete,leftbottle2hang,2811,0,0,4,True,False,True,0.4420754570597324,0.4420754570597324
full_coverage_complete,leftbottle2hang,2812,0,0,5,True,False,True,0.19062899199621436,0.19062899199621436
full_coverage_complete,leftbottle2hang,2813,0,0,4,True,False,True,0.10541632461414048,0.10541632461414048
full_coverage_complete,leftbottle2hang,2814,0,0,1,True,False,True,0.12867118204950623,0.12867118204950623
full_coverage_complete,leftbottle2hang,2815,0,0,4,True,False,True,0.10210406229299165,0.10210406229299165
full_coverage_complete,leftbottle2hang,2816,0,0,1,True,False,True,0.047262837036980414,0.047262837036980414
full_coverage_complete,leftbottle2hang,2817,0,0,4,True,False,True,0.045005864733989556,0.045005864733989556
full_coverage_complete,leftbottle2hang,2818,0,0,1,True,False,True,0.11293545363623145,0.11293545363623145
full_coverage_complete,leftbottle2hang,2819,0,0,1,True,False,True,0.12066429710121361,0.12066429710121361
full_coverage_complete,leftbottle2hang,2821,0,0,1,True,False,True,0.0549925763677979,0.0549925763677979
full_coverage_complete,leftbottle2hang,2826,0,0,1,True,False,True,0.3608796498966484,0.3608796498966484
full_coverage_complete,leftbottle2hang,2827,0,0,1,True,False,True,0.36440636967176454,0.36440636967176454
full_coverage_complete,leftbottle2hang,2828,0,0,1,True,False,True,0.32910518754591717,0.32910518754591717
full_coverage_complete,leftbottle2hang,2829,0,0,1,True,False,True,0.23145236559178467,0.23145236559178467
full_coverage_complete,leftbottle2hang,2830,0,0,1,True,False,True,0.20126311092888538,0.20126311092888538
full_coverage_complete,leftbottle2hang,2831,0,0,1,True,False,True,0.1499929233299641,0.1499929233299641
full_coverage_complete,leftbottle2hang,2832,0,0,1,True,False,True,0.01935930525577829,0.01935930525577829
full_coverage_complete,leftbottle2hang,2833,0,0,1,True,False,True,0.046706054772844036,0.046706054772844036
full_coverage_complete,leftbottle2hang,2834,0,0,1,True,False,True,0.04646223944151708,0.04646223944151708
full_coverage_complete,leftbottle2hang,2835,0,0,1,True,False,True,0.011103953949976994,0.011103953949976994
full_coverage_complete,leftbottle2hang,2836,0,0,5,True,False,True,0.02574517656377149,0.02574517656377149
full_coverage_complete,leftbottle2hang,2837,0,0,1,True,False,True,0.0,0.0
full_coverage_complete,leftbottle2hang,2838,0,0,5,True,False,True,0.004503376024094808,0.004503376024094808
full_coverage_complete,leftbottle2hang,2839,0,0,1,True,False,True,0.1677996375149802,0.1677996375149802
full_coverage_complete,leftbottle2hang,2840,0,0,5,True,False,True,0.18190658049902197,0.18190658049902197
full_coverage_complete,leftbottle2hang,2841,0,0,1,True,False,True,0.2004451062861015,0.2004451062861015
full_coverage_complete,leftbottle2hang,2842,0,0,5,True,False,True,0.10940676779059601,0.10940676779059601
full_coverage_complete,leftbottle2hang,2843,0,0,1,True,False,True,0.13077121690525895,0.13077121690525895
full_coverage_complete,leftbottle2hang,2844,0,0,1,True,False,True,0.1179945113480559,0.1179945113480559
full_coverage_complete,leftbottle2hang,2845,0,0,5,True,False,True,0.10566126236591245,0.10566126236591245
full_coverage_complete,leftbottle2hang,2847,0,0,1,True,False,True,0.18742002413435788,0.18742002413435788
full_coverage_complete,leftbottle2hang,2848,0,0,4,True,False,True,0.1505222965149262,0.1505222965149262
full_coverage_complete,leftbottle2hang,2849,0,0,1,True,False,True,0.11121181994572804,0.11121181994572804
full_coverage_complete,leftbottle2hang,2850,0,0,1,True,False,True,0.08115768408498693,0.08115768408498693
full_coverage_complete,leftbottle2hang,2851,0,0,4,True,False,True,0.09429042932043866,0.09429042932043866
full_coverage_complete,leftbottle2hang,2852,0,0,1,True,False,True,0.11008425067144992,0.11008425067144992
full_coverage_complete,leftbottle2hang,2853,0,0,1,True,False,True,0.07523737837552806,0.07523737837552806
full_coverage_complete,leftbottle2hang,2854,0,0,1,True,False,True,0.08264631271931844,0.08264631271931844
full_coverage_complete,leftbottle2hang,2855,0,0,4,True,False,True,0.06613829964228236,0.06613829964228236
full_coverage_complete,leftbottle2hang,2856,0,0,4,True,False,True,0.12001771725398544,0.12001771725398544
full_coverage_complete,leftbottle2hang,2857,0,0,1,True,False,True,0.13256763916877534,0.13256763916877534
full_coverage_complete,leftbottle2hang,2858,0,0,1,True,False,True,0.1316423510075777,0.1316423510075777
full_coverage_complete,leftbottle2hang,2859,0,0,1,True,False,True,0.07193342759805096,0.07193342759805096
full_coverage_complete,leftbottle2hang,2860,0,0,1,True,False,True,0.03876588092081178,0.03876588092081178
full_coverage_complete,leftbottle2hang,2861,0,0,1,True,False,True,0.04454952375482061,0.04454952375482061
full_coverage_complete,leftbottle2hang,2862,0,0,5,True,False,True,0.3917020063096268,0.3917020063096268
full_coverage_complete,leftbottle2hang,2863,0,0,1,True,False,True,0.33290929394125335,0.33290929394125335
full_coverage_complete,leftbottle2hang,2864,0,0,5,True,False,True,0.2338114456787789,0.2338114456787789
full_coverage_complete,leftbottle2hang,2865,0,0,5,True,False,True,0.13682363888145158,0.13682363888145158
full_coverage_complete,leftbottle2hang,2868,0,0,6,True,False,True,0.3910754799382711,0.3910754799382711
full_coverage_complete,leftbottle2hang,2869,0,2,0,False,False,True,0.31756045446668907,0.0
full_coverage_complete,leftbottle2hang,2870,0,1,5,True,False,True,0.0,0.3318338012941193
full_coverage_complete,leftbottle2hang,2871,0,0,1,True,False,True,0.37846689529516453,0.37846689529516453
full_coverage_complete,leftbottle2hang,2873,0,2,5,True,False,True,0.16952758941505525,0.0
full_coverage_complete,leftbottle2hang,2875,0,0,5,True,False,True,0.0,0.0
full_coverage_complete,leftbottle2hang,2878,0,0,1,True,False,True,0.0,0.0
full_coverage_complete,leftbottle2hang,2879,0,0,5,True,False,True,0.0,0.0
full_coverage_complete,leftbottle2hang,2880,0,0,5,True,False,True,0.0,0.0
full_coverage_complete,leftbottle2hang,2881,0,0,5,True,False,True,0.0,0.0
full_coverage_complete,leftbottle2hang,2882,0,0,1,True,False,True,0.0,0.7505337772490278
full_coverage_complete,leftbottle2hang,2883,0,0,5,True,False,True,0.5887046270977068,0.5887046270977068
full_coverage_complete,leftbottle2hang,2884,0,0,1,True,False,True,0.5106331139609376,0.5106331139609376
full_coverage_complete,leftbottle2hang,2887,0,0,5,True,False,True,0.23289791009474511,0.23289791009474511
full_coverage_complete,leftbottle2hang,2888,0,0,5,True,False,True,0.24274097563440808,0.24274097563440808
full_coverage_complete,leftbottle2hang,2892,0,0,1,True,False,True,0.41567479350990766,0.41567479350990766
full_coverage_complete,leftbottle2hang,2893,0,0,1,True,False,True,0.30376195443651105,0.30376195443651105
full_coverage_complete,leftbottle2hang,2898,0,0,1,True,False,True,0.4008352175567209,0.4008352175567209
full_coverage_complete,leftbottle2hang,2899,0,0,1,True,False,True,0.3601656777556352,0.3601656777556352
full_coverage_complete,leftbottle2hang,2901,0,0,1,True,False,True,0.28894392322844886,0.28894392322844886
full_coverage_complete,leftbottle2hang,2902,0,0,1,True,False,True,0.3032034419927009,0.3032034419927009
full_coverage_complete,leftbottle2hang,2905,0,0,1,True,False,True,0.2224707190913423,0.2224707190913423
full_coverage_complete,leftbottle2hang,2906,0,0,1,True,False,True,0.22703245973207783,0.22703245973207783
full_coverage_complete,leftbottle2hang,2907,0,0,1,True,False,True,0.1891927884798068,0.1891927884798068
full_coverage_complete,leftbottle2hang,2908,0,0,5,True,False,True,0.19112405745773883,0.19112405745773883
full_coverage_complete,leftbottle2hang,2909,0,0,6,True,False,True,0.16039386386649615,0.16039386386649615
full_coverage_complete,leftbottle2hang,2910,0,0,1,True,False,True,0.04659545821873546,0.04659545821873546
full_coverage_complete,leftbottle2hang,2911,0,0,1,True,False,True,0.1363813702656259,0.1363813702656259
full_coverage_complete,leftbottle2hang,2912,0,0,5,True,False,True,0.04510878178918881,0.3439170970553314
full_coverage_complete,leftbottle2hang,2918,0,0,1,True,False,True,0.3241391864558375,0.3241391864558375
full_coverage_complete,leftbottle2hang,2920,0,0,1,True,False,True,0.2212990272478372,0.2212990272478372
full_coverage_complete,leftbottle2hang,2921,0,0,1,True,False,True,0.16471918412333172,0.16471918412333172
full_coverage_complete,leftbottle2hang,2922,0,0,1,True,False,True,0.2061956707257172,0.2061956707257172
full_coverage_complete,leftbottle2hang,2923,0,0,1,True,False,True,0.40280205775409184,0.40280205775409184
full_coverage_complete,leftbottle2hang,2932,0,0,4,True,False,True,0.4501226032050924,0.4501226032050924
full_coverage_complete,leftbottle2hang,2934,0,0,1,True,False,True,0.46791071261622763,0.46791071261622763
full_coverage_complete,leftbottle2hang,2935,1,0,1,True,False,True,0.42108598114873785,0.386519785234401
full_coverage_complete,leftbottle2hang,2936,0,0,1,True,False,True,0.4839640465491603,0.4839640465491603
full_coverage_complete,leftbottle2hang,2937,0,0,1,True,False,True,0.4536831314451462,0.4536831314451462
full_coverage_complete,leftbottle2hang,2941,0,0,1,True,False,True,0.4581149011398754,0.4581149011398754
full_coverage_complete,leftbottle2hang,2942,0,0,1,True,False,True,0.4019947579104335,0.4019947579104335
full_coverage_complete,leftbottle2hang,2943,0,0,1,True,False,True,0.3034198326304323,0.3034198326304323
full_coverage_complete,leftbottle2hang,2944,0,0,1,True,False,True,0.2947288051199427,0.2947288051199427
full_coverage_complete,leftbottle2hang,2945,0,0,1,True,False,True,0.34287545424748417,0.34287545424748417
full_coverage_complete,leftbottle2hang,2946,0,0,1,True,False,True,0.3747556646214421,0.3747556646214421
full_coverage_complete,leftbottle2hang,2948,0,0,5,True,False,True,0.3915015646798737,0.3915015646798737
full_coverage_complete,leftbottle2hang,2949,0,0,5,True,False,True,0.384125731977431,0.384125731977431
full_coverage_complete,leftbottle2hang,2950,0,0,5,True,False,True,0.36749519443361656,0.36749519443361656
full_coverage_complete,leftbottle2hang,2951,0,0,1,True,False,True,0.30036365990188985,0.30036365990188985
full_coverage_complete,leftbottle2hang,2952,0,0,4,True,False,True,0.22866481786323553,0.22866481786323553
full_coverage_complete,leftbottle2hang,2953,0,0,4,True,False,True,0.1465762697580888,0.1465762697580888
full_coverage_complete,leftbottle2hang,2954,0,1,5,True,False,True,0.05417455535885778,0.05417455535885778
full_coverage_complete,leftbottle2hang,2955,5,0,5,True,False,True,0.053383986592137826,0.08815092061520526
full_coverage_complete,leftbottle2hang,2957,0,0,5,True,False,True,0.04300442540987464,0.04300442540987464
full_coverage_complete,leftbottle2hang,2958,5,0,5,True,False,True,0.09921375230498877,0.08157551552940734
full_coverage_complete,leftbottle2hang,2960,0,0,5,True,False,True,0.10240020693067438,0.10240020693067438
full_coverage_complete,leftbottle2hang,2961,0,0,5,True,False,True,0.10419876002866259,0.10419876002866259
full_coverage_complete,leftbottle2hang,2962,0,0,1,True,False,True,0.11991599933233026,0.11991599933233026
full_coverage_complete,leftbottle2hang,2963,0,0,1,True,False,True,0.11014799729395923,0.11014799729395923
full_coverage_complete,leftbottle2hang,2964,0,0,1,True,False,True,0.12597532201360853,0.12597532201360853
full_coverage_complete,leftbottle2hang,2965,0,0,1,True,False,True,0.12041112670823854,0.12041112670823854
full_coverage_complete,leftbottle2hang,2966,0,0,5,True,False,True,0.10570483473096207,0.10570483473096207
full_coverage_complete,leftbottle2hang,2967,0,0,1,True,False,True,0.1356589477307074,0.1356589477307074
full_coverage_complete,leftbottle2hang,2968,0,0,1,True,False,True,0.11840016283204453,0.11840016283204453
full_coverage_complete,leftbottle2hang,2969,0,0,1,True,False,True,0.18324126355482048,0.18324126355482048
full_coverage_complete,leftbottle2hang,2971,0,0,5,True,False,True,0.12673029037127226,0.12673029037127226
full_coverage_complete,leftbottle2hang,2978,0,0,5,True,False,True,0.14314063112220907,0.14314063112220907
full_coverage_complete,leftbottle2hang,2979,0,0,5,True,False,True,0.16104337672228117,0.16104337672228117
full_coverage_complete,leftbottle2hang,2980,0,0,5,True,False,True,0.14106825749591473,0.14106825749591473
full_coverage_complete,leftbottle2hang,2981,0,0,1,True,False,True,0.16989565897118014,0.16989565897118014
full_coverage_complete,leftbottle2hang,2982,0,0,1,True,False,True,0.19067633149598884,0.19067633149598884
full_coverage_complete,leftbottle2hang,2983,0,0,1,True,False,True,0.13341161486651124,0.13341161486651124
full_coverage_complete,leftbottle2hang,2984,0,0,6,True,False,True,0.29066296888049864,0.29066296888049864
full_coverage_complete,leftbottle2hang,2985,0,0,2,True,False,True,0.2950389019090981,0.2950389019090981
full_coverage_complete,leftbottle2hang,2987,0,0,1,True,False,True,0.0702248963484148,0.0702248963484148
full_coverage_complete,leftbottle2hang,2988,0,0,1,True,False,True,0.08392846137014127,0.08392846137014127
full_coverage_complete,leftbottle2hang,2991,0,0,1,True,False,True,0.025521253686049405,0.025521253686049405
full_coverage_complete,leftbottle2hang,2992,0,0,1,True,False,True,0.04012682237212798,0.04012682237212798
full_coverage_complete,leftbottle2hang,2993,0,0,1,True,False,True,0.1031347794186971,0.1031347794186971
full_coverage_complete,leftbottle2hang,2995,0,0,1,True,False,True,0.4059892128725306,0.4059892128725306
full_coverage_complete,leftbottle2hang,2996,0,0,1,True,False,True,0.442297007178297,0.442297007178297
full_coverage_complete,leftbottle2hang,2997,0,0,1,True,False,True,0.40369388284434815,0.40369388284434815
full_coverage_complete,leftbottle2hang,2999,0,0,6,True,False,True,0.39051960449151923,0.39051960449151923
full_coverage_complete,leftbottle2hang,3000,0,0,1,True,False,True,0.42649357786894304,0.42649357786894304
full_coverage_complete,leftbottle2hang,3001,0,0,5,True,False,True,0.39362194284575797,0.39362194284575797
full_coverage_complete,leftbottle2hang,3002,0,0,5,True,False,True,0.32868292891102674,0.32868292891102674
full_coverage_complete,leftbottle2hang,3003,1,0,1,True,False,True,0.3455922411176576,0.3436497554396184
full_coverage_complete,leftbottle2hang,3004,0,0,1,True,False,True,0.40818803687765304,0.40818803687765304
full_coverage_complete,leftbottle2hang,3007,0,0,1,True,False,True,0.4887469690738427,0.4887469690738427
full_coverage_complete,leftbottle2hang,3008,0,0,1,True,False,True,0.46681620892778963,0.46681620892778963
full_coverage_complete,leftbottle2hang,3009,0,0,1,True,False,True,0.4281188667902969,0.4281188667902969
full_coverage_complete,leftbottle2hang,3010,0,0,1,True,False,True,0.41807048235324945,0.41807048235324945
full_coverage_complete,leftbottle2hang,3011,0,0,4,True,False,True,0.410562886609763,0.410562886609763
full_coverage_complete,leftbottle2hang,3012,0,0,4,True,False,True,0.3574158339464529,0.3574158339464529
full_coverage_complete,leftbottle2hang,3013,0,0,4,True,False,True,0.364915974438781,0.364915974438781
full_coverage_complete,leftbottle2hang,3014,0,0,1,True,False,True,0.31439594243761443,0.31439594243761443
full_coverage_complete,leftbottle2hang,3015,0,0,5,True,False,True,0.321585936272596,0.321585936272596
full_coverage_complete,leftbottle2hang,3016,0,0,4,True,False,True,0.29879068686185994,0.29879068686185994
full_coverage_complete,leftbottle2hang,3017,0,0,4,True,False,True,0.255991352836735,0.255991352836735
full_coverage_complete,leftbottle2hang,3018,0,0,4,True,False,True,0.2504259195513665,0.2504259195513665
full_coverage_complete,leftbottle2hang,3019,0,0,1,True,False,True,0.24207612334651915,0.24207612334651915
full_coverage_complete,leftbottle2hang,3020,0,0,1,True,False,True,0.22928702974822116,0.22928702974822116
full_coverage_complete,leftbottle2hang,3021,0,0,4,True,False,True,0.23393105342601,0.23393105342601
full_coverage_complete,leftbottle2hang,3022,0,0,1,True,False,True,0.22563213132211943,0.22563213132211943
full_coverage_complete,leftbottle2hang,3023,0,0,1,True,False,True,0.17746474913057686,0.17746474913057686
full_coverage_complete,leftbottle2hang,3024,0,0,4,True,False,True,0.20878979527150232,0.20878979527150232
full_coverage_complete,leftbottle2hang,3025,0,0,4,True,False,True,0.16983643442739924,0.16983643442739924
full_coverage_complete,leftbottle2hang,3026,0,0,4,True,False,True,0.169176905462175,0.169176905462175
full_coverage_complete,leftbottle2hang,3027,0,0,5,True,False,True,0.15777195076615005,0.15777195076615005
full_coverage_complete,leftbottle2hang,3028,0,0,4,True,False,True,0.16279142439270253,0.16279142439270253
full_coverage_complete,leftbottle2hang,3029,0,0,5,True,False,True,0.1537677097556717,0.1537677097556717
full_coverage_complete,leftbottle2hang,3030,0,0,5,True,False,True,0.162148703914771,0.162148703914771
full_coverage_complete,leftbottle2hang,3031,0,0,4,True,False,True,0.17327770155962272,0.17327770155962272
full_coverage_complete,leftbottle2hang,3032,0,0,4,True,False,True,0.17256918553882086,0.17256918553882086
full_coverage_complete,leftbottle2hang,3033,0,0,1,True,False,True,0.19969488972897606,0.19969488972897606
full_coverage_complete,leftbottle2hang,3034,0,0,1,True,False,True,0.22793255986583155,0.22793255986583155
full_coverage_complete,leftbottle2hang,3035,0,0,1,True,False,True,0.2618116764462466,0.2618116764462466
full_coverage_complete,leftbottle2hang,3036,0,0,1,True,False,True,0.3130942503953839,0.3130942503953839
full_coverage_complete,leftbottle2hang,3037,0,0,1,True,False,True,0.3282068101792512,0.3282068101792512
full_coverage_complete,leftbottle2hang,3038,0,0,1,True,False,True,0.43965171601034025,0.43965171601034025
full_coverage_complete,leftbottle2hang,3039,0,0,1,True,False,True,0.48003704211055753,0.48003704211055753
full_coverage_complete,leftbottle2hang,3040,0,0,1,True,False,True,0.43809507501885514,0.43809507501885514
full_coverage_complete,leftbottle2hang,3041,0,0,1,True,False,True,0.39428877730967143,0.39428877730967143
full_coverage_complete,leftbottle2hang,3042,0,0,1,True,False,True,0.3763016799673218,0.3763016799673218
full_coverage_complete,leftbottle2hang,3043,0,0,1,True,False,True,0.3683549839569036,0.3683549839569036
full_coverage_complete,leftbottle2hang,3044,0,0,1,True,False,True,0.31231317708075435,0.31231317708075435
full_coverage_complete,leftbottle2hang,3045,0,0,1,True,False,True,0.3179797981318759,0.3179797981318759
full_coverage_complete,leftbottle2hang,3046,0,0,1,True,False,True,0.31552117033914806,0.31552117033914806
full_coverage_complete,leftbottle2hang,3047,0,0,1,True,False,True,0.30354992016492455,0.30354992016492455
full_coverage_complete,leftbottle2hang,3048,0,0,1,True,False,True,0.38315037264819196,0.38315037264819196
full_coverage_complete,leftbottle2hang,3049,1,0,1,True,False,True,0.23291736212790776,0.1580246788188144
full_coverage_complete,leftbottle2hang,3050,0,0,1,True,False,True,0.20472917368751528,0.20472917368751528
full_coverage_complete,leftbottle2hang,3051,0,0,1,True,False,True,0.19104499137759084,0.19104499137759084
full_coverage_complete,leftbottle2hang,3052,0,0,4,True,False,True,0.24801254975211112,0.24801254975211112
full_coverage_complete,leftbottle2hang,3053,0,0,1,True,False,True,0.1759549702880987,0.1759549702880987
full_coverage_complete,leftbottle2hang,3054,0,0,1,True,False,True,0.1418614423922083,0.1418614423922083
full_coverage_complete,leftbottle2hang,3055,0,0,1,True,False,True,0.2242924429826649,0.2242924429826649
full_coverage_complete,leftbottle2hang,3056,0,0,1,True,False,True,0.3308504365108857,0.3308504365108857
full_coverage_complete,leftbottle2hang,3057,0,0,1,True,False,True,0.36062226851828794,0.36062226851828794
full_coverage_complete,leftbottle2hang,3058,0,0,1,True,False,True,0.3228177988302644,0.3228177988302644
full_coverage_complete,leftbottle2hang,3059,0,0,1,True,False,True,0.2989520172222877,0.2989520172222877
full_coverage_complete,leftbottle2hang,3060,0,0,1,True,False,True,0.2841714844135227,0.2841714844135227
full_coverage_complete,leftbottle2hang,3061,0,0,1,True,False,True,0.26633527777966015,0.26633527777966015
full_coverage_complete,leftbottle2hang,3062,0,0,1,True,False,True,0.14543538660481056,0.14543538660481056
full_coverage_complete,leftbottle2hang,3063,0,0,1,True,False,True,0.11646064038829697,0.11646064038829697
full_coverage_complete,leftbottle2hang,3064,0,0,1,True,False,True,0.05003324458693562,0.05003324458693562
full_coverage_complete,leftbottle2hang,3065,0,0,1,True,False,True,0.003696481374538661,0.003696481374538661
full_coverage_complete,leftbottle2hang,3066,0,0,1,True,False,True,0.0,0.0
full_coverage_complete,leftbottle2hang,3067,0,0,1,True,False,True,0.0,0.0
full_coverage_complete,leftbottle2hang,3068,0,0,1,True,False,True,0.0,0.0
full_coverage_complete,leftbottle2hang,3069,0,0,1,True,False,True,0.0,0.0
full_coverage_complete,leftbottle2hang,3070,0,0,1,True,False,True,0.0,0.0
full_coverage_complete,leftbottle2hang,3071,0,0,1,True,False,True,0.0,0.0
full_coverage_complete,leftbottle2hang,3072,1,1,1,True,False,True,0.0,0.039410473378427846
full_coverage_complete,leftbottle2hang,3073,0,1,1,True,False,True,0.4220737407497987,0.4220737407497987
full_coverage_complete,leftbottle2hang,3074,0,0,5,True,False,True,0.4108802599653508,0.4108802599653508
full_coverage_complete,leftbottle2hang,3075,0,0,1,True,False,True,0.2964757669445478,0.0
full_coverage_complete,leftbottle2hang,3076,0,0,1,True,False,True,0.0,0.0
full_coverage_complete,leftbottle2hang,3077,0,0,1,True,False,True,0.0,0.0
full_coverage_complete,leftbottle2hang,3078,0,0,1,True,False,True,0.0,0.0
full_coverage_complete,leftbottle2hang,3079,0,0,1,True,False,True,0.0,0.0
full_coverage_complete,leftbottle2hang,3080,0,0,1,True,False,True,0.0,0.0
full_coverage_complete,leftbottle2hang,3081,0,0,1,True,False,True,0.0,0.0
full_coverage_complete,leftbottle2hang,3082,0,0,2,True,False,True,0.0,0.0
full_coverage_complete,leftbottle2hang,3084,0,0,1,True,False,True,0.0,0.0
full_coverage_complete,leftbottle2hang,3085,0,0,1,True,False,True,0.0,0.0
full_coverage_complete,leftbottle2hang,3087,0,0,1,True,False,True,0.0,0.0
full_coverage_complete,leftbottle2hang,3089,0,0,5,True,False,True,0.0,0.0
full_coverage_complete,leftbottle2hang,3090,0,0,1,True,False,True,0.0,0.0
full_coverage_complete,leftbottle2hang,3091,0,0,5,True,False,True,0.0,0.0
full_coverage_complete,leftbottle2hang,3092,0,0,1,True,False,True,0.0,0.0
full_coverage_complete,leftbottle2hang,3093,5,0,5,True,False,True,0.0,0.0
full_coverage_complete,leftbottle2hang,3094,5,0,5,True,False,True,0.0,0.0
full_coverage_complete,leftbottle2hang,3095,0,1,1,True,False,True,0.0,0.43479381758996877
full_coverage_complete,leftbottle2hang,3096,0,0,5,True,False,True,0.49940724685924975,0.49940724685924975
full_coverage_complete,leftbottle2hang,3097,0,0,4,True,False,True,0.546537208973364,0.546537208973364
full_coverage_complete,leftbottle2hang,3098,0,0,5,True,False,True,0.5042440574732477,0.5042440574732477
full_coverage_complete,leftbottle2hang,3099,0,0,4,True,False,True,0.4172993359370477,0.4172993359370477
full_coverage_complete,leftbottle2hang,3100,0,0,4,True,False,True,0.09611756570229671,0.09611756570229671
full_coverage_complete,leftbottle2hang,3101,0,1,1,True,False,True,0.048613404216147106,0.44069445804534596
full_coverage_complete,leftbottle2hang,3102,0,1,5,True,False,True,0.32673751135301615,0.32673751135301615
full_coverage_complete,leftbottle2hang,3103,0,0,5,True,False,True,0.0,0.0
full_coverage_complete,leftbottle2hang,3104,1,0,1,True,False,True,0.0,0.0
full_coverage_complete,leftbottle2hang,3105,1,0,1,True,False,True,0.0,0.0
full_coverage_complete,leftbottle2hang,3106,0,0,1,True,False,True,0.0,0.0
full_coverage_complete,leftbottle2hang,3107,0,0,1,True,False,True,0.0,0.0
full_coverage_complete,leftbottle2hang,3108,0,0,1,True,False,True,0.0,0.0
full_coverage_complete,leftbottle2hang,3109,0,0,1,True,False,True,0.0,0.0
full_coverage_complete,leftbottle2hang,3110,0,0,4,True,False,True,0.0,0.0
full_coverage_complete,leftbottle2hang,3111,0,0,1,True,False,True,0.0,0.0
full_coverage_complete,leftbottle2hang,3112,0,0,1,True,False,True,0.0,0.0
full_coverage_complete,leftbottle2hang,3113,0,0,1,True,False,True,0.0,0.0
full_coverage_complete,leftbottle2hang,3114,0,0,1,True,False,True,0.0,0.0
full_coverage_complete,leftbottle2hang,3115,0,0,1,True,False,True,0.0,0.0
full_coverage_complete,leftbottle2hang,3116,1,0,1,True,False,True,0.005609525618324119,0.014907404587884391
full_coverage_complete,leftbottle2hang,3117,0,0,1,True,False,True,0.0,0.0
full_coverage_complete,leftbottle2hang,3118,0,0,1,True,False,True,0.04199504569921537,0.04199504569921537
full_coverage_complete,leftbottle2hang,3119,0,0,1,True,False,True,0.0,0.0
full_coverage_complete,leftbottle2hang,3120,0,0,1,True,False,True,0.0,0.0
full_coverage_complete,leftbottle2hang,3121,0,0,1,True,False,True,0.0,0.0
full_coverage_complete,leftbottle2hang,3122,0,0,1,True,False,True,0.0,0.0
full_coverage_complete,leftbottle2hang,3123,5,0,5,True,False,True,0.0,0.0
full_coverage_complete,leftbottle2hang,3124,0,0,5,True,False,True,0.0,0.0
full_coverage_complete,leftbottle2hang,3125,0,0,4,True,False,True,0.0,0.0
full_coverage_complete,leftbottle2hang,3126,0,0,5,True,False,True,0.0,0.0
full_coverage_complete,leftbottle2hang,3127,0,0,1,True,False,True,0.0,0.0
full_coverage_complete,leftbottle2hang,3128,0,0,1,True,False,True,0.0,0.0
full_coverage_complete,leftbottle2hang,3129,0,0,1,True,False,True,0.0,0.0
full_coverage_complete,leftbottle2hang,3130,0,0,1,True,False,True,0.0,0.0
full_coverage_complete,leftbottle2hang,3131,0,0,1,True,False,True,0.0,0.0
full_coverage_complete,leftbottle2hang,3132,0,0,5,True,False,True,0.015679726080053042,0.015679726080053042
full_coverage_complete,leftbottle2hang,3133,0,0,1,True,False,True,0.0,0.0
full_coverage_complete,leftbottle2hang,3134,0,0,1,True,False,True,0.0,0.0
full_coverage_complete,leftbottle2hang,3135,0,0,1,True,False,True,0.0,0.0
full_coverage_complete,leftbottle2hang,3136,0,0,1,True,False,True,0.0,0.0
full_coverage_complete,leftbottle2hang,3137,0,0,1,True,False,True,0.1426256123366654,0.1426256123366654
full_coverage_complete,leftbottle2hang,3138,0,0,5,True,False,True,0.29199261026717915,0.29199261026717915
full_coverage_complete,leftbottle2hang,3139,0,0,2,True,False,True,0.3209979236378514,0.3209979236378514
full_coverage_complete,leftbottle2hang,3140,0,0,5,True,False,True,0.3280341578236946,0.3280341578236946
full_coverage_complete,leftbottle2hang,3141,0,0,1,True,False,True,0.3042440415673879,0.3042440415673879
full_coverage_complete,leftbottle2hang,3143,0,0,1,True,False,True,0.3126531675171095,0.3126531675171095
full_coverage_complete,leftbottle2hang,3144,0,0,5,True,False,True,0.3219627075080458,0.3219627075080458
full_coverage_complete,leftbottle2hang,3145,0,0,5,True,False,True,0.31843281223990244,0.31843281223990244
full_coverage_complete,leftbottle2hang,3146,0,0,1,True,False,True,0.3109911852350909,0.3109911852350909
full_coverage_complete,leftbottle2hang,3149,0,0,1,True,False,True,0.23412178130906885,0.23412178130906885
full_coverage_complete,leftbottle2hang,3150,0,0,1,True,False,True,0.22474261345519153,0.22474261345519153
full_coverage_complete,leftbottle2hang,3151,0,0,4,True,False,True,0.0811132909477189,0.0811132909477189
full_coverage_complete,leftbottle2hang,3152,0,0,4,True,False,True,0.0,0.0
full_coverage_complete,leftbottle2hang,3154,0,0,4,True,False,True,0.0,0.0
full_coverage_complete,leftbottle2hang,3155,0,0,4,True,False,True,0.061738646848296275,0.061738646848296275
full_coverage_complete,leftbottle2hang,3156,4,2,4,True,False,True,0.003047441673288758,0.0
full_coverage_complete,leftbottle2hang,3157,0,0,5,True,False,True,0.0,0.0
full_coverage_complete,leftbottle2hang,3158,5,0,5,True,False,True,0.0,0.0
full_coverage_complete,leftbottle2hang,3159,5,0,5,True,False,True,0.0,0.0
full_coverage_complete,leftbottle2hang,3160,0,0,4,True,False,True,0.0,0.0
full_coverage_complete,leftbottle2hang,3161,5,0,5,True,False,True,0.0,0.0
full_coverage_complete,leftbottle2hang,3162,5,0,5,True,False,True,0.0,0.0
full_coverage_complete,leftbottle2hang,3163,0,0,4,True,False,True,0.0,0.0
full_coverage_complete,leftbottle2hang,3164,5,0,5,True,False,True,0.0,0.0
full_coverage_complete,leftbottle2hang,3165,0,0,4,True,False,True,0.0,0.0
full_coverage_complete,leftbottle2hang,3166,5,0,5,True,False,True,0.0,0.0
full_coverage_complete,leftbottle2hang,3167,0,0,4,True,False,True,0.0,0.0
full_coverage_complete,leftbottle2hang,3168,0,0,4,True,False,True,0.0,0.0
full_coverage_complete,leftbottle2hang,3169,0,0,4,True,False,True,0.0,0.0
full_coverage_complete,leftbottle2hang,3170,0,0,4,True,False,True,0.0,0.0
full_coverage_complete,leftbottle2hang,3171,0,0,4,True,False,True,0.0,0.0
full_coverage_complete,leftbottle2hang,3172,0,0,4,True,False,True,0.0,0.0
full_coverage_complete,leftbottle2hang,3173,0,0,4,True,False,True,0.0,0.0
full_coverage_complete,leftbottle2hang,3174,0,0,4,True,False,True,0.0,0.0
full_coverage_complete,leftbottle2hang,3175,0,0,4,True,False,True,0.0,0.0
full_coverage_complete,leftbottle2hang,3176,0,0,4,True,False,True,0.0,0.0
full_coverage_complete,leftbottle2hang,3178,5,0,5,True,False,True,0.0,0.0
full_coverage_complete,leftbottle2hang,3179,0,0,4,True,False,True,0.0,0.0
full_coverage_complete,leftbottle2hang,3180,0,0,5,True,False,True,0.0,0.0
full_coverage_complete,leftbottle2hang,3181,5,0,5,True,False,True,0.0,0.0
full_coverage_complete,leftbottle2hang,3182,0,0,4,True,False,True,0.0,0.0
full_coverage_complete,leftbottle2hang,3183,0,0,4,True,False,True,0.0,0.0
full_coverage_complete,leftbottle2hang,3184,0,0,4,True,False,True,0.0,0.0
full_coverage_complete,leftbottle2hang,3185,0,0,4,True,False,True,0.0,0.0
full_coverage_complete,leftbottle2hang,3186,0,0,4,True,False,True,0.0,0.0
full_coverage_complete,leftbottle2hang,3187,0,0,4,True,False,True,0.0,0.0
full_coverage_complete,leftbottle2hang,3188,0,0,4,True,False,True,0.0,0.0
full_coverage_complete,leftbottle2hang,3189,0,0,4,True,False,True,0.0,0.0
full_coverage_complete,leftbottle2hang,3190,0,0,4,True,False,True,0.0,0.0
full_coverage_complete,leftbottle2hang,3191,0,0,4,True,False,True,0.0,0.0
full_coverage_complete,leftbottle2hang,3192,0,0,4,True,False,True,0.0,0.0
full_coverage_complete,leftbottle2hang,3193,0,0,4,True,False,True,0.0,0.0
full_coverage_complete,leftbottle2hang,3194,0,0,4,True,False,True,0.0,0.0
full_coverage_complete,leftbottle2hang,3195,0,0,4,True,False,True,0.0,0.0
full_coverage_complete,leftbottle2hang,3196,0,0,4,True,False,True,0.0,0.0
full_coverage_complete,leftbottle2hang,3197,0,0,4,True,False,True,0.0,0.0
full_coverage_complete,leftbottle2hang,3198,0,0,4,True,False,True,0.0,0.0
full_coverage_complete,leftbottle2hang,3199,0,0,1,True,False,True,0.0,0.0
full_coverage_complete,leftbottle2hang,3200,0,0,4,True,False,True,0.0,0.0
full_coverage_complete,leftbottle2hang,3201,0,0,4,True,False,True,0.0,0.0
full_coverage_complete,leftbottle2hang,3202,0,0,4,True,False,True,0.0,0.0
full_coverage_complete,leftbottle2hang,3203,0,0,4,True,False,True,0.0,0.0
full_coverage_complete,leftbottle2hang,3204,0,0,4,True,False,True,0.0,0.0
full_coverage_complete,leftbottle2hang,3205,0,0,4,True,False,True,0.0,0.0
full_coverage_complete,leftbottle2hang,3206,0,0,4,True,False,True,0.0,0.0
full_coverage_complete,leftbottle2hang,3207,5,0,5,True,False,True,0.0,0.0
full_coverage_complete,leftbottle2hang,3208,5,0,5,True,False,True,0.0,0.0
full_coverage_complete,leftbottle2hang,3209,0,0,4,True,False,True,0.0,0.0
full_coverage_complete,leftbottle2hang,3210,0,0,5,True,False,True,0.0,0.0
full_coverage_complete,leftbottle2hang,3212,0,0,4,True,False,True,0.0,0.0
full_coverage_complete,leftbottle2hang,3213,0,0,4,True,False,True,0.0,0.0
full_coverage_complete,leftbottle2hang,3214,0,0,4,True,False,True,0.0,0.0
full_coverage_complete,leftbottle2hang,3215,0,0,5,True,False,True,0.0,0.0
full_coverage_complete,leftbottle2hang,3216,5,0,5,True,False,True,0.0,0.0
full_coverage_complete,leftbottle2hang,3217,0,0,5,True,False,True,0.0,0.0
full_coverage_complete,leftbottle2hang,3218,0,0,4,True,False,True,0.0,0.0
full_coverage_complete,leftbottle2hang,3219,0,0,4,True,False,True,0.0,0.0
full_coverage_complete,leftbottle2hang,3220,5,0,5,True,False,True,0.0,0.0
full_coverage_complete,leftbottle2hang,3221,0,0,4,True,False,True,0.0,0.0
full_coverage_complete,leftbottle2hang,3222,0,0,4,True,False,True,0.0,0.0
full_coverage_complete,leftbottle2hang,3223,0,0,4,True,False,True,0.0,0.0
full_coverage_complete,leftbottle2hang,3224,5,0,5,True,False,True,0.0,0.0
full_coverage_complete,leftbottle2hang,3225,0,0,4,True,False,True,0.0,0.0
full_coverage_complete,leftbottle2hang,3226,0,0,4,True,False,True,0.0,0.0
full_coverage_complete,leftbottle2hang,3227,0,0,4,True,False,True,0.0,0.0
full_coverage_complete,leftbottle2hang,3228,5,0,5,True,False,True,0.0,0.0
full_coverage_complete,leftbottle2hang,3230,0,0,4,True,False,True,0.0,0.0
full_coverage_complete,leftbottle2hang,3231,0,0,4,True,False,True,0.0,0.0
full_coverage_complete,leftbottle2hang,3232,0,0,4,True,False,True,0.0,0.0
full_coverage_complete,leftbottle2hang,3233,0,0,4,True,False,True,0.0,0.0
full_coverage_complete,leftbottle2hang,3234,5,0,5,True,False,True,0.0,0.0
full_coverage_complete,leftbottle2hang,3235,5,0,5,True,False,True,0.0,0.0
full_coverage_complete,leftbottle2hang,3236,5,0,5,True,False,True,0.0,0.0
full_coverage_complete,leftbottle2hang,3238,0,0,4,True,False,True,0.0,0.0
full_coverage_complete,leftbottle2hang,3239,0,0,4,True,False,True,0.0,0.0
full_coverage_complete,leftbottle2hang,3240,0,0,4,True,False,True,0.0,0.0
full_coverage_complete,leftbottle2hang,3241,0,0,5,True,False,True,0.0,0.0
full_coverage_complete,leftbottle2hang,3242,0,0,5,True,False,True,0.0,0.0
full_coverage_complete,leftbottle2hang,3243,0,0,4,True,False,True,0.0,0.0
full_coverage_complete,leftbottle2hang,3244,0,0,4,True,False,True,0.0,0.0
full_coverage_complete,leftbottle2hang,3245,0,0,4,True,False,True,0.0,0.0
full_coverage_complete,leftbottle2hang,3246,0,0,4,True,False,True,0.0,0.0
full_coverage_complete,leftbottle2hang,3247,0,0,4,True,False,True,0.0,0.0
full_coverage_complete,leftbottle2hang,3248,0,0,4,True,False,True,0.0,0.0
full_coverage_complete,leftbottle2hang,3249,0,0,4,True,False,True,0.0,0.0
full_coverage_complete,leftbottle2hang,3250,0,0,4,True,False,True,0.0,0.0
full_coverage_complete,leftbottle2hang,3252,0,0,4,True,False,True,0.0,0.0
full_coverage_complete,leftbottle2hang,3254,0,0,4,True,False,True,0.0,0.0
full_coverage_complete,leftbottle2hang,3255,0,0,5,True,False,True,0.0,0.0
full_coverage_complete,leftbottle2hang,3256,0,0,4,True,False,True,0.0,0.0
full_coverage_complete,leftbottle2hang,3257,0,0,4,True,False,True,0.0,0.0
full_coverage_complete,leftbottle2hang,3258,0,0,4,True,False,True,0.0,0.0
full_coverage_complete,leftbottle2hang,3259,5,0,5,True,False,True,0.0,0.0
full_coverage_complete,leftbottle2hang,3261,0,0,4,True,False,True,0.0,0.0
full_coverage_complete,leftbottle2hang,3262,0,0,4,True,False,True,0.0,0.0
full_coverage_complete,leftbottle2hang,3263,0,0,4,True,False,True,0.0,0.0
full_coverage_complete,leftbottle2hang,3264,5,0,5,True,False,True,0.0,0.0
full_coverage_complete,leftbottle2hang,3265,0,0,4,True,False,True,0.0,0.0
full_coverage_complete,leftbottle2hang,3266,0,0,4,True,False,True,0.0,0.0
full_coverage_complete,leftbottle2hang,3267,5,0,5,True,False,True,0.0,0.0
full_coverage_complete,leftbottle2hang,3269,5,0,5,True,False,True,0.0,0.0
full_coverage_complete,leftbottle2hang,3271,5,0,5,True,False,True,0.0,0.0
full_coverage_complete,leftbottle2hang,3273,5,0,5,True,False,True,0.0,0.0
full_coverage_complete,leftbottle2hang,3277,5,0,5,True,False,True,0.0,0.0
full_coverage_complete,leftbottle2hang,3279,0,0,5,True,False,True,0.0,0.0
full_coverage_complete,leftbottle2hang,3280,0,0,5,True,False,True,0.0,0.0
full_coverage_complete,leftbottle2hang,3281,5,0,5,True,False,True,0.0,0.0
full_coverage_complete,leftbottle2hang,3282,0,0,4,True,False,True,0.0,0.0
full_coverage_complete,leftbottle2hang,3283,0,0,4,True,False,True,0.0,0.0
full_coverage_complete,leftbottle2hang,3284,0,0,4,True,False,True,0.0,0.0
full_coverage_complete,leftbottle2hang,3285,5,0,5,True,False,True,0.0,0.0
full_coverage_complete,leftbottle2hang,3286,0,0,4,True,False,True,0.0,0.0
full_coverage_complete,leftbottle2hang,3287,0,0,4,True,False,True,0.0,0.0
full_coverage_complete,leftbottle2hang,3288,0,0,5,True,False,True,0.0,0.0
full_coverage_complete,leftbottle2hang,3289,0,0,5,True,False,True,0.0,0.0
full_coverage_complete,leftbottle2hang,3290,5,0,5,True,False,True,0.0,0.0
full_coverage_complete,leftbottle2hang,3292,0,0,4,True,False,True,0.0,0.0
full_coverage_complete,leftbottle2hang,3293,0,0,4,True,False,True,0.0,0.0
full_coverage_complete,leftbottle2hang,3294,0,0,4,True,False,True,0.0,0.0
full_coverage_complete,leftbottle2hang,3295,0,0,1,True,False,True,0.0,0.0
full_coverage_complete,leftbottle2hang,3296,0,0,1,True,False,True,0.0,0.0
full_coverage_complete,leftbottle2hang,3297,0,0,1,True,False,True,0.0,0.0
full_coverage_complete,leftbottle2hang,3300,0,0,4,True,False,True,0.0,0.0
full_coverage_complete,leftbottle2hang,3301,0,0,4,True,False,True,0.0,0.0
full_coverage_complete,leftbottle2hang,3302,0,0,4,True,False,True,0.0,0.0
full_coverage_complete,leftbottle2hang,3303,0,0,4,True,False,True,0.0,0.0
full_coverage_complete,leftbottle2hang,3304,0,0,4,True,False,True,0.0,0.0
full_coverage_complete,leftbottle2hang,3305,0,0,4,True,False,True,0.0,0.0
full_coverage_complete,leftbottle2hang,3306,0,0,4,True,False,True,0.0,0.0
full_coverage_complete,leftbottle2hang,3307,0,0,4,True,False,True,0.0,0.0
full_coverage_complete,leftbottle2hang,3308,0,0,1,True,False,True,0.0,0.0
full_coverage_complete,leftbottle2hang,3309,0,0,4,True,False,True,0.0,0.0
full_coverage_complete,leftbottle2hang,3310,0,0,1,True,False,True,0.0,0.0
full_coverage_complete,leftbottle2hang,3311,0,0,4,True,False,True,0.0,0.0
full_coverage_complete,leftbottle2hang,3312,0,0,1,True,False,True,0.0,0.0
full_coverage_complete,leftbottle2hang,3313,0,0,4,True,False,True,0.0,0.0
full_coverage_complete,leftbottle2hang,3314,0,0,4,True,False,True,0.0,0.0
full_coverage_complete,leftbottle2hang,3315,0,0,4,True,False,True,0.0,0.0
full_coverage_complete,leftbottle2hang,3317,0,0,4,True,False,True,0.0,0.0
full_coverage_complete,leftbottle2hang,3318,0,0,4,True,False,True,0.0,0.0
full_coverage_complete,leftbottle2hang,3319,0,0,4,True,False,True,0.0,0.0
full_coverage_complete,leftbottle2hang,3320,5,0,5,True,False,True,0.0,0.0
full_coverage_complete,leftbottle2hang,3321,5,0,5,True,False,True,0.0,0.0
full_coverage_complete,leftbottle2hang,3322,0,0,4,True,False,True,0.0,0.0
full_coverage_complete,leftbottle2hang,3323,0,0,4,True,False,True,0.0,0.0
full_coverage_complete,leftbottle2hang,3324,5,0,5,True,False,True,0.0,0.0
full_coverage_complete,leftbottle2hang,3325,0,0,4,True,False,True,0.0,0.0
full_coverage_complete,leftbottle2hang,3326,5,0,5,True,False,True,0.0,0.0
full_coverage_complete,leftbottle2hang,3327,0,0,4,True,False,True,0.0,0.0
full_coverage_complete,leftbottle2hang,3328,0,0,4,True,False,True,0.0,0.0
full_coverage_complete,leftbottle2hang,3329,0,0,4,True,False,True,0.0,0.0
full_coverage_complete,leftbottle2hang,3330,0,0,5,True,False,True,0.0,0.0
full_coverage_complete,leftbottle2hang,3331,0,0,5,True,False,True,0.0,0.0
full_coverage_complete,leftbottle2hang,3332,0,0,5,True,False,True,0.0,0.0
full_coverage_complete,leftbottle2hang,3335,0,0,5,True,False,True,0.0,0.0
full_coverage_complete,leftbottle2hang,3336,0,0,5,True,False,True,0.0,0.0
full_coverage_complete,leftbottle2hang,3338,0,0,4,True,False,True,0.0,0.0
full_coverage_complete,leftbottle2hang,3339,0,0,5,True,False,True,0.0,0.0
full_coverage_complete,leftbottle2hang,3340,0,0,5,True,False,True,0.0,0.0
full_coverage_complete,leftbottle2hang,3341,0,0,5,True,False,True,0.0,0.0
full_coverage_complete,leftbottle2hang,3342,0,0,5,True,False,True,0.0,0.0
full_coverage_complete,leftbottle2hang,3344,0,0,1,True,False,True,0.0,0.0
full_coverage_complete,leftbottle2hang,3345,0,0,1,True,False,True,0.0,0.0
full_coverage_complete,leftbottle2hang,3347,0,0,4,True,False,True,0.0,0.0
full_coverage_complete,leftbottle2hang,3349,0,0,4,True,False,True,0.0,0.0
full_coverage_complete,leftbottle2hang,3350,0,0,4,True,False,True,0.0,0.0
full_coverage_complete,leftbottle2hang,3351,0,0,4,True,False,True,0.0,0.0
full_coverage_complete,leftbottle2hang,3352,0,1,0,False,False,True,0.0,0.0
full_coverage_complete,leftbottle2hang,3353,0,0,1,True,False,True,0.0,0.0
full_coverage_complete,leftbottle2hang,3354,0,1,0,False,False,True,0.0,0.0
full_coverage_complete,leftbottle2hang,3355,0,0,6,True,False,True,0.0,0.0
full_coverage_complete,leftbottle2hang,3357,0,0,4,True,False,True,0.0,0.0
full_coverage_complete,leftbottle2hang,3358,0,1,0,False,False,True,0.0,0.42134837155353483
full_coverage_complete,leftbottle2hang,3359,0,0,1,True,False,True,0.21748599552072523,0.21748599552072523
full_coverage_complete,leftbottle2hang,3360,0,0,4,True,False,True,0.19588769971733472,0.19588769971733472
full_coverage_complete,leftbottle2hang,3361,0,0,1,True,False,True,0.17094922943330618,0.17094922943330618
full_coverage_complete,leftbottle2hang,3362,4,3,4,True,False,True,0.21837559720543984,0.17890945784652362
full_coverage_complete,leftbottle2hang,3363,0,0,4,True,False,True,0.16220748292264842,0.16220748292264842
full_coverage_complete,leftbottle2hang,3364,0,0,4,True,False,True,0.24684867581791897,0.24684867581791897
full_coverage_complete,leftbottle2hang,3365,0,0,4,True,False,True,0.26437735943843005,0.26437735943843005
full_coverage_complete,leftbottle2hang,3366,1,4,1,True,False,True,0.1987031710594464,0.2504231530219583
full_coverage_complete,leftbottle2hang,3367,1,0,1,True,False,True,0.20751909798529866,0.23979804883085096
full_coverage_complete,leftbottle2hang,3368,0,0,4,True,False,True,0.2568013708769054,0.2568013708769054
full_coverage_complete,leftbottle2hang,3369,0,0,4,True,False,True,0.2763631200941046,0.2763631200941046
full_coverage_complete,leftbottle2hang,3370,0,0,4,True,False,True,0.23928811305074477,0.23928811305074477
full_coverage_complete,leftbottle2hang,3371,0,0,4,True,False,True,0.2760099605550734,0.2760099605550734
full_coverage_complete,leftbottle2hang,3372,0,0,4,True,False,True,0.26548779289815305,0.26548779289815305
full_coverage_complete,leftbottle2hang,3373,0,0,4,True,False,True,0.2196053096052878,0.2196053096052878
full_coverage_complete,leftbottle2hang,3374,0,0,4,True,False,True,0.23752828599643253,0.23752828599643253
full_coverage_complete,leftbottle2hang,3375,0,0,4,True,False,True,0.1347268884826198,0.1347268884826198
full_coverage_complete,leftbottle2hang,3376,1,0,1,True,False,True,0.16733036847636565,0.17799479468599846
full_coverage_complete,leftbottle2hang,3377,1,0,1,True,False,True,0.19728462333882588,0.19324596567444477
full_coverage_complete,leftbottle2hang,3378,1,0,1,True,False,True,0.18848553871300153,0.18355288943899464
full_coverage_complete,leftbottle2hang,3379,1,0,1,True,False,True,0.1832789864171204,0.19049412115357148
full_coverage_complete,leftbottle2hang,3380,0,1,1,True,False,True,0.1925458515190231,0.0
full_coverage_complete,leftbottle2hang,3381,0,0,5,True,False,True,0.0,0.0
full_coverage_complete,leftbottle2hang,3382,0,0,1,True,False,True,0.0,0.0
full_coverage_complete,leftbottle2hang,3383,0,0,1,True,False,True,0.0,0.0
full_coverage_complete,leftbottle2hang,3385,0,0,1,True,False,True,0.0,0.0
full_coverage_complete,leftbottle2hang,3391,0,0,4,True,False,True,0.0,0.0
full_coverage_complete,leftbottle2hang,3392,0,0,4,True,False,True,0.0,0.0
full_coverage_complete,leftbottle2hang,3393,0,0,1,True,False,True,0.0,0.0
full_coverage_complete,leftbottle2hang,3394,0,0,1,True,False,True,0.0,0.0
full_coverage_complete,leftbottle2hang,3395,0,0,1,True,False,True,0.0,0.0
full_coverage_complete,leftbottle2hang,3428,0,0,1,True,False,True,0.0,0.0
full_coverage_complete,leftbottle2hang,3470,0,0,5,True,False,True,0.0,0.0
full_coverage_complete,leftbottle2hang,3471,0,0,5,True,False,True,0.0,0.0
full_coverage_complete,leftbottle2hang,3472,0,0,5,True,False,True,0.0,0.0
full_coverage_complete,leftbottle2hang,3474,0,0,4,True,False,True,0.0,0.0
full_coverage_complete,leftbottle2hang,3475,0,0,1,True,False,True,0.0,0.0
full_coverage_complete,leftbottle2hang,3476,0,0,1,True,False,True,0.0,0.0
full_coverage_complete,leftbottle2hang,3478,0,0,1,True,False,True,0.0,0.0
full_coverage_complete,leftbottle2hang,3479,0,0,1,True,False,True,0.0,0.0
full_coverage_complete,leftbottle2hang,3490,0,0,1,True,False,True,0.020076214546062454,0.020076214546062454
full_coverage_complete,leftbottle2hang,3491,0,0,1,True,False,True,0.008700380248709486,0.008700380248709486
full_coverage_complete,leftbottle2hang,3496,0,0,1,True,False,True,0.06499372350996978,0.06499372350996978
full_coverage_complete,leftbottle2hang,3497,0,0,1,True,False,True,0.043898327260223954,0.043898327260223954
full_coverage_complete,leftbottle2hang,3498,0,0,1,True,False,True,0.027870927105016433,0.027870927105016433
full_coverage_complete,leftbottle2hang,3499,0,0,1,True,False,True,0.028966041510066015,0.028966041510066015
full_coverage_complete,leftbottle2hang,3500,0,0,1,True,False,True,0.03759556761559058,0.03759556761559058
full_coverage_complete,leftbottle2hang,3515,0,0,1,True,False,True,0.13141106248499826,0.13141106248499826
full_coverage_complete,leftbottle2hang,3516,0,0,5,True,False,True,0.27596512379139293,0.27596512379139293
full_coverage_complete,leftbottle2hang,3517,0,0,2,True,False,True,0.10848085426724867,0.10848085426724867
full_coverage_complete,leftbottle2hang,3518,1,0,1,True,False,True,0.09306448352870951,0.0
full_coverage_complete,leftbottle2hang,3519,1,0,1,True,False,True,0.07108374223677837,0.0
full_coverage_complete,leftbottle2hang,3520,1,1,1,True,False,True,0.0005752923131913945,0.0722800934559729
full_coverage_complete,leftbottle2hang,3521,0,1,1,True,False,True,0.164762187910022,0.1387606510100077
full_coverage_complete,leftbottle2hang,3522,0,0,5,True,False,True,0.05582579099510133,0.05582579099510133
full_coverage_complete,leftbottle2hang,3523,0,0,1,True,False,True,0.016494909252078492,0.016494909252078492
full_coverage_complete,leftbottle2hang,3524,0,0,1,True,False,True,0.07505138403641147,0.07505138403641147
full_coverage_complete,leftbottle2hang,3525,0,0,1,True,False,True,0.20009632452973802,0.20009632452973802
full_coverage_complete,leftbottle2hang,3526,0,0,5,True,False,True,0.19717921829718776,0.19717921829718776
full_coverage_complete,leftbottle2hang,3527,0,0,1,True,False,True,0.1926999995327267,0.1926999995327267
full_coverage_complete,leftbottle2hang,3528,0,0,1,True,False,True,0.19406904046913198,0.19406904046913198
full_coverage_complete,leftbottle2hang,3529,0,0,1,True,False,True,0.07981997052035046,0.07981997052035046
full_coverage_complete,leftbottle2hang,3538,0,0,1,True,False,True,0.0,0.0
full_coverage_complete,leftbottle2hang,3539,0,0,1,True,False,True,0.0,0.0
full_coverage_complete,leftbottle2hang,3540,0,0,1,True,False,True,0.0,0.0
full_coverage_complete,leftbottle2hang,3541,0,0,1,True,False,True,0.0,0.0
full_coverage_complete,leftbottle2hang,3544,0,0,4,True,False,True,0.0,0.0
full_coverage_complete,leftbottle2hang,3545,0,0,1,True,False,True,0.0,0.0
full_coverage_complete,leftbottle2hang,3546,0,0,4,True,False,True,0.0,0.0
full_coverage_complete,leftbottle2hang,3547,0,0,1,True,False,True,0.0,0.0
full_coverage_complete,leftbottle2hang,3548,0,0,1,True,False,True,0.0,0.0
full_coverage_complete,leftbottle2hang,3549,0,0,4,True,False,True,0.0,0.0
full_coverage_complete,leftbottle2hang,3550,0,1,4,True,False,True,0.0,0.3026166051183363
full_coverage_complete,leftbottle2hang,3551,0,0,1,True,False,True,0.2434530651099416,0.2434530651099416
full_coverage_complete,leftbottle2hang,3555,0,0,5,True,False,True,0.15592965272585504,0.15592965272585504
full_coverage_complete,leftbottle2hang,3556,0,0,1,True,False,True,0.10297922821836998,0.10297922821836998
full_coverage_complete,leftbottle2hang,3557,1,0,1,True,False,True,0.15605313598818057,0.16011014277040186
full_coverage_complete,leftbottle2hang,3558,0,0,5,True,False,True,0.19091478976231657,0.19091478976231657
full_coverage_complete,leftbottle2hang,3559,0,0,1,True,False,True,0.19073696431714263,0.19073696431714263
full_coverage_complete,leftbottle2hang,3560,0,0,5,True,False,True,0.17101565347552272,0.17101565347552272
full_coverage_complete,leftbottle2hang,3561,5,0,5,True,False,True,0.19907876603472502,0.191221526131175
full_coverage_complete,leftbottle2hang,3562,0,0,1,True,False,True,0.11228729188477188,0.11228729188477188
full_coverage_complete,leftbottle2hang,3563,0,0,5,True,False,True,0.052699173220497914,0.052699173220497914
full_coverage_complete,leftbottle2hang,3564,5,1,5,True,False,True,0.0003755266171635821,0.0
full_coverage_complete,leftbottle2hang,3565,0,0,5,True,False,True,0.0,0.0
full_coverage_complete,leftbottle2hang,3566,1,0,1,True,False,True,0.04543765796482872,0.04522942736268269
full_coverage_complete,leftbottle2hang,3567,5,0,5,True,False,True,0.0,0.0028586055791339285
full_coverage_complete,leftbottle2hang,3568,5,0,5,True,False,True,0.0023883426757923512,0.00565720084358065
full_coverage_complete,leftbottle2hang,3569,1,0,1,True,False,True,0.003389868371662734,0.0
full_coverage_complete,leftbottle2hang,3570,0,0,5,True,False,True,0.04473454399480462,0.04473454399480462
full_coverage_complete,leftbottle2hang,3572,0,0,5,True,False,True,0.0,0.0
full_coverage_complete,leftbottle2hang,3573,0,0,5,True,False,True,0.01519603349803533,0.01519603349803533
full_coverage_complete,leftbottle2hang,3574,0,0,4,True,False,True,0.0841553303119211,0.0841553303119211
full_coverage_complete,leftbottle2hang,3575,0,0,1,True,False,True,0.3147506230806905,0.3147506230806905
full_coverage_complete,leftbottle2hang,3576,0,0,1,True,False,True,0.3767431827554672,0.3767431827554672
full_coverage_complete,leftbottle2hang,3577,0,0,1,True,False,True,0.3981209715306394,0.3981209715306394
full_coverage_complete,leftbottle2hang,3579,0,0,1,True,False,True,0.3674834528456992,0.3674834528456992
full_coverage_complete,leftbottle2hang,3581,0,0,1,True,False,True,0.33205699765182517,0.33205699765182517
full_coverage_complete,leftbottle2hang,3583,0,0,1,True,False,True,0.2765995375185206,0.2765995375185206
full_coverage_complete,leftbottle2hang,3584,0,0,1,True,False,True,0.26541452520570696,0.26541452520570696
full_coverage_complete,leftbottle2hang,3585,0,0,1,True,False,True,0.2594391893653892,0.2594391893653892
full_coverage_complete,leftbottle2hang,3586,0,0,1,True,False,True,0.2574898959959891,0.2574898959959891
full_coverage_complete,leftbottle2hang,3587,0,0,1,True,False,True,0.1986659840661985,0.1986659840661985
full_coverage_complete,leftbottle2hang,3588,0,0,1,True,False,True,0.15347812538321343,0.15347812538321343
full_coverage_complete,leftbottle2hang,3589,0,0,1,True,False,True,0.21761568330076322,0.21761568330076322
full_coverage_complete,leftbottle2hang,3590,0,0,1,True,False,True,0.27756957290151424,0.27756957290151424
full_coverage_complete,leftbottle2hang,3592,0,0,1,True,False,True,0.08899138424447066,0.08899138424447066
full_coverage_complete,leftbottle2hang,3593,0,0,1,True,False,True,0.0,0.0
full_coverage_complete,leftbottle2hang,3594,1,0,1,True,False,True,0.0,0.0
full_coverage_complete,leftbottle2hang,3595,0,0,1,True,False,True,0.0,0.0
full_coverage_complete,leftbottle2hang,3596,0,0,1,True,False,True,0.0,0.0
full_coverage_complete,leftbottle2hang,3597,0,0,1,True,False,True,0.0,0.0
full_coverage_complete,leftbottle2hang,3598,5,3,5,True,False,True,0.0,0.09810101643292865
full_coverage_complete,leftbottle2hang,3599,0,0,5,True,False,True,0.1508237051327077,0.1508237051327077
full_coverage_complete,leftbottle2hang,3600,0,0,1,True,False,True,0.0418741521145551,0.0418741521145551
full_coverage_complete,leftbottle2hang,3601,0,0,1,True,False,True,0.0,0.0
full_coverage_complete,leftbottle2hang,3602,1,1,1,True,False,True,0.0,0.14721330407666336
full_coverage_complete,leftbottle2hang,3603,4,0,4,True,False,True,0.07877962985421784,0.18955902110203332
full_coverage_complete,leftbottle2hang,3605,5,0,5,True,False,True,0.22902072015931235,0.19923900413038317
full_coverage_complete,leftbottle2hang,3606,1,0,1,True,False,True,0.19990094060453786,0.18858750649250278
full_coverage_complete,leftbottle2hang,3607,1,0,1,True,False,True,0.2722792882195818,0.20609809872564516
full_coverage_complete,leftbottle2hang,3608,1,0,1,True,False,True,0.20609624236337892,0.17568342533899234
full_coverage_complete,leftbottle2hang,3611,1,0,1,True,False,True,0.1263290739390242,0.13263521931220293
full_coverage_complete,leftbottle2hang,3612,1,0,1,True,False,True,0.11011186262345375,0.10917887834011866
full_coverage_complete,leftbottle2hang,3613,1,0,1,True,False,True,0.10286909347358508,0.10260621340015584
full_coverage_complete,leftbottle2hang,3614,1,0,1,True,False,True,0.1052420033563249,0.10310065955031153
full_coverage_complete,leftbottle2hang,3615,1,0,1,True,False,True,0.10563872761204833,0.1014338604489416
full_coverage_complete,leftbottle2hang,3617,0,0,1,True,False,True,0.10974009349043297,0.10974009349043297
full_coverage_complete,leftbottle2hang,3618,1,0,1,True,False,True,0.12130688229277123,0.11719558623498219
full_coverage_complete,leftbottle2hang,3619,1,0,1,True,False,True,0.14207320641634077,0.11738281035520853
full_coverage_complete,leftbottle2hang,3620,1,0,1,True,False,True,0.12196350653093066,0.1212665602253816
full_coverage_complete,leftbottle2hang,3621,1,0,1,True,False,True,0.11697586807668743,0.09716082847512678
full_coverage_complete,leftbottle2hang,3622,1,0,1,True,False,True,0.09909270888138594,0.11225106948408138
full_coverage_complete,leftbottle2hang,3626,0,0,1,True,False,True,0.11292921587213547,0.11292921587213547
full_coverage_complete,leftbottle2hang,3627,1,0,1,True,False,True,0.11795144413332238,0.11891643834805656
full_coverage_complete,leftbottle2hang,3628,1,0,1,True,False,True,0.11419587296177601,0.11081556582896022
full_coverage_complete,leftbottle2hang,3629,1,0,1,True,False,True,0.11826325841857317,0.115669579145429
full_coverage_complete,leftbottle2hang,3630,1,0,1,True,False,True,0.12080208799191632,0.1173681393624882
full_coverage_complete,leftbottle2hang,3631,1,0,1,True,False,True,0.14123068180421863,0.11358532308979916
full_coverage_complete,leftbottle2hang,3632,1,0,1,True,False,True,0.12787740754492938,0.11247388903585955
full_coverage_complete,leftbottle2hang,3634,0,0,5,True,False,True,0.0,0.0
full_coverage_complete,leftbottle2hang,3635,0,0,5,True,False,True,0.0,0.0
full_coverage_complete,leftbottle2hang,3638,0,0,1,True,False,True,0.0,0.0
full_coverage_complete,leftbottle2hang,3639,0,0,1,True,False,True,0.0,0.0
full_coverage_complete,leftbottle2hang,3643,0,0,1,True,False,True,0.0,0.0
full_coverage_complete,leftbottle2hang,3645,0,0,1,True,False,True,0.0,0.0
full_coverage_complete,leftbottle2hang,3648,0,0,1,True,False,True,0.0,0.0
full_coverage_complete,leftbottle2hang,3649,0,0,1,True,False,True,0.0,0.0
full_coverage_complete,leftbottle2hang,3650,0,0,1,True,False,True,0.0,0.0
full_coverage_complete,leftbottle2hang,3651,0,0,1,True,False,True,0.0,0.0
full_coverage_complete,leftbottle2hang,3652,0,0,1,True,False,True,0.0,0.0
full_coverage_complete,leftbottle2hang,3653,0,0,1,True,False,True,0.0,0.0
full_coverage_complete,leftbottle2hang,3654,0,0,1,True,False,True,0.0,0.0
full_coverage_complete,leftbottle2hang,3655,0,0,1,True,False,True,0.0,0.0
full_coverage_complete,leftbottle2hang,3656,0,0,1,True,False,True,0.0,0.0
full_coverage_complete,leftbottle2hang,3657,0,0,1,True,False,True,0.0,0.0
full_coverage_complete,leftbottle2hang,3658,0,0,1,True,False,True,0.0,0.0
full_coverage_complete,leftbottle2hang,3659,0,0,1,True,False,True,0.0,0.0
full_coverage_complete,leftbottle2hang,3660,0,0,1,True,False,True,0.0,0.0
full_coverage_complete,leftbottle2hang,3661,0,0,1,True,False,True,0.0,0.0
full_coverage_complete,leftbottle2hang,3662,0,0,1,True,False,True,0.0,0.0
full_coverage_complete,leftbottle2hang,3665,0,0,1,True,False,True,0.07712101787891777,0.07712101787891777
full_coverage_complete,leftbottle2hang,3667,0,0,1,True,False,True,0.3138348595647288,0.3138348595647288
full_coverage_complete,leftbottle2hang,3669,0,0,1,True,False,True,0.3486108267182135,0.3486108267182135
full_coverage_complete,leftbottle2hang,3671,0,0,1,True,False,True,0.14339605740574393,0.14339605740574393
full_coverage_complete,leftbottle2hang,3674,0,0,1,True,False,True,0.46336738913806863,0.46336738913806863
full_coverage_complete,leftbottle2hang,3675,0,0,1,True,False,True,0.48471616234073817,0.48471616234073817
full_coverage_complete,leftbottle2hang,3676,0,0,1,True,False,True,0.30814600911830686,0.30814600911830686
full_coverage_complete,leftbottle2hang,3677,0,0,1,True,False,True,0.37322631920632043,0.37322631920632043
full_coverage_complete,leftbottle2hang,3679,0,0,1,True,False,True,0.0,0.0
full_coverage_complete,leftbottle2hang,3680,0,0,1,True,False,True,0.0,0.0
full_coverage_complete,leftbottle2hang,3681,0,0,1,True,False,True,0.0,0.0
full_coverage_complete,leftbottle2hang,3682,0,0,1,True,False,True,0.0,0.0
full_coverage_complete,leftbottle2hang,3683,0,0,1,True,False,True,0.0,0.0
full_coverage_complete,leftbottle2hang,3684,0,0,1,True,False,True,0.0,0.0
full_coverage_complete,leftbottle2hang,3685,0,0,1,True,False,True,0.0,0.0
full_coverage_complete,leftbottle2hang,3706,0,0,1,True,False,True,0.0,0.0
full_coverage_complete,leftbottle2hang,3707,0,0,1,True,False,True,0.0,0.0
full_coverage_complete,leftbottle2hang,3716,0,0,1,True,False,True,0.0,0.0
full_coverage_complete,leftbottle2hang,3721,0,0,1,True,False,True,0.0,0.0
full_coverage_complete,leftbottle2hang,3723,0,0,1,True,False,True,0.0,0.0
full_coverage_complete,leftbottle2hang,3724,0,0,1,True,False,True,0.0,0.0
full_coverage_complete,leftbottle2hang,3725,0,0,1,True,False,True,0.0,0.0
full_coverage_complete,leftbottle2hang,3726,0,0,1,True,False,True,0.0,0.0
full_coverage_complete,leftbottle2hang,3727,0,0,1,True,False,True,0.0,0.0
full_coverage_complete,leftbottle2hang,3728,0,0,1,True,False,True,0.0,0.0
full_coverage_complete,leftbottle2hang,3729,0,0,1,True,False,True,0.0,0.0
full_coverage_complete,leftbottle2hang,3746,0,0,1,True,False,True,0.0,0.0
full_coverage_complete,leftbottle2hang,3747,0,0,1,True,False,True,0.0,0.0
full_coverage_complete,leftbottle2hang,3752,0,0,4,True,False,True,0.007026181146108402,0.007026181146108402
full_coverage_complete,leftbottle2hang,3754,0,0,5,True,False,True,0.0,0.0
full_coverage_complete,leftbottle2hang,3755,0,0,5,True,False,True,0.0,0.0
full_coverage_complete,leftbottle2hang,3756,0,0,1,True,False,True,0.0,0.0
full_coverage_complete,leftbottle2hang,3757,0,0,1,True,False,True,0.0,0.0
full_coverage_complete,leftbottle2hang,3759,0,0,1,True,False,True,0.0,0.0
full_coverage_complete,leftbottle2hang,3764,0,0,1,True,False,True,0.0,0.0
full_coverage_complete,leftbottle2hang,3777,0,0,1,True,False,True,0.0,0.0
full_coverage_complete,leftbottle2hang,3778,0,0,5,True,False,True,0.0,0.0
full_coverage_complete,leftbottle2hang,3782,0,0,5,True,False,True,0.0,0.0
full_coverage_complete,leftbottle2hang,3783,0,0,1,True,False,True,0.0,0.0
full_coverage_complete,leftbottle2hang,3784,0,0,1,True,False,True,0.0,0.0
full_coverage_complete,leftbottle2hang,3785,0,0,1,True,False,True,0.0,0.0
full_coverage_complete,leftbottle2hang,3786,0,0,1,True,False,True,0.0,0.0
full_coverage_complete,leftbottle2hang,3787,0,0,1,True,False,True,0.0,0.0
full_coverage_complete,leftbottle2hang,3788,0,0,1,True,False,True,0.0,0.0
full_coverage_complete,leftbottle2hang,3789,0,0,1,True,False,True,0.0,0.0
full_coverage_complete,leftbottle2hang,3790,0,0,1,True,False,True,0.0,0.0
full_coverage_complete,leftbottle2hang,3797,0,0,1,True,False,True,0.0,0.0
full_coverage_complete,leftbottle2hang,3798,0,0,1,True,False,True,0.0,0.0
full_coverage_complete,leftbottle2hang,3799,0,0,1,True,False,True,0.0,0.0
full_coverage_complete,leftbottle2hang,3800,0,0,1,True,False,True,0.0,0.0
full_coverage_complete,leftbottle2hang,3801,0,0,1,True,False,True,0.0,0.0
full_coverage_complete,leftbottle2hang,3804,0,0,1,True,False,True,0.0,0.0
full_coverage_complete,leftbottle2hang,3805,0,0,1,True,False,True,0.0,0.0
full_coverage_complete,leftbottle2hang,3809,0,1,0,False,False,True,0.0,0.3656190514404691
full_coverage_complete,leftbottle2hang,3814,0,0,1,True,False,True,0.3166423436946094,0.3166423436946094
full_coverage_complete,leftbottle2hang,3815,0,0,1,True,False,True,0.4504349023225185,0.4504349023225185
full_coverage_complete,leftbottle2hang,3816,1,0,1,True,False,True,0.6343705661049298,0.6742825624824549
full_coverage_complete,leftbottle2hang,3827,0,0,1,True,False,True,0.46970032475923756,0.46970032475923756
full_coverage_complete,leftbottle2hang,3828,0,0,5,True,False,True,0.5675719324571397,0.0
full_coverage_complete,leftbottle2hang,3829,0,0,5,True,False,True,0.0,0.0
full_coverage_complete,leftbottle2hang,3830,0,0,1,True,False,True,0.0,0.0
full_coverage_complete,leftbottle2hang,3831,0,0,1,True,False,True,0.0,0.0
full_coverage_complete,leftbottle2hang,3832,0,0,5,True,False,True,0.0,0.0
full_coverage_complete,leftbottle2hang,3833,0,1,1,True,False,True,0.0011218957756919609,0.0
full_coverage_complete,leftbottle2hang,3834,0,0,1,True,False,True,0.0,0.0
full_coverage_complete,leftbottle2hang,3839,0,0,1,True,False,True,0.0,0.0
full_coverage_complete,leftbottle2hang,3855,0,0,4,True,False,True,0.0,0.0
full_coverage_complete,leftbottle2hang,3856,0,0,5,True,False,True,0.0,0.0
full_coverage_complete,leftbottle2hang,3861,0,0,2,True,False,True,0.0,0.0
full_coverage_complete,leftbottle2hang,3870,0,1,0,False,False,True,0.0,0.7478358771141166
full_coverage_complete,leftbottle2hang,3875,0,0,5,True,False,True,0.9291396425632457,0.9291396425632457
full_coverage_complete,leftbottle2hang,3876,0,1,5,True,False,True,0.5424113084752701,0.0
full_coverage_complete,leftbottle2hang,3879,0,0,1,True,False,True,0.0,0.0
full_coverage_complete,leftbottle2hang,3882,0,0,5,True,False,True,0.0,0.0
full_coverage_complete,leftbottle2hang,3888,0,0,5,True,False,True,0.0,0.0
full_coverage_complete,leftbottle2hang,3889,0,0,5,True,False,True,0.0,0.0
full_coverage_complete,leftbottle2hang,3892,0,0,0,False,False,True,0.0,0.0
full_coverage_complete,leftbottle2hang,3902,0,0,6,True,False,True,0.0,0.0
full_coverage_complete,leftbottle2hang,3905,0,0,5,True,False,True,0.0,0.0
full_coverage_complete,leftbottle2hang,3906,0,1,5,True,False,True,0.0,0.0
full_coverage_complete,leftbottle2hang,3907,0,1,4,True,False,True,0.0,0.0
full_coverage_complete,leftbottle2hang,3913,1,0,1,True,False,True,0.0,0.0
full_coverage_complete,leftbottle2hang,3923,5,0,5,True,False,True,0.0,0.0
full_coverage_complete,leftbottle2hang,3924,5,0,5,True,False,True,0.0,0.0
full_coverage_complete,leftbottle2hang,3925,1,0,1,True,False,True,0.0,0.0
full_coverage_complete,leftbottle2hang,3926,1,0,1,True,False,True,0.0,0.0
full_coverage_complete,leftbottle2hang,3927,0,0,1,True,False,True,0.0,0.0
full_coverage_complete,leftbottle2hang,3928,0,0,4,True,False,True,0.0,0.0
full_coverage_complete,leftbottle2hang,3929,0,0,1,True,False,True,0.0,0.0
full_coverage_complete,leftbottle2hang,3930,0,0,1,True,False,True,0.0,0.0
full_coverage_complete,leftbottle2hang,3945,4,0,4,True,False,True,0.0,0.0
full_coverage_complete,leftbottle2hang,3946,1,0,1,True,False,True,0.0,0.0
full_coverage_complete,leftbottle2hang,3947,0,1,1,True,False,True,0.0,0.504329658052286
full_coverage_complete,leftbottle2hang,3968,0,0,1,True,False,True,0.6524553936047537,0.6524553936047537
full_coverage_complete,leftboy2jointhe4,276,0,0,1,True,False,True,0.20391255604824093,0.20391255604824093
full_coverage_complete,leftboy2jointhe4,277,0,0,2,True,False,True,0.022908611047819934,0.022908611047819934
full_coverage_complete,leftboy2jointhe4,279,0,0,1,True,False,True,0.0,0.0
full_coverage_complete,leftboy2jointhe4,284,0,0,2,True,False,True,0.0,0.0
full_coverage_complete,leftboy2jointhe4,291,0,0,2,True,False,True,0.0,0.0
full_coverage_complete,leftboy2jointhe4,294,0,0,1,True,False,True,0.0,0.0
full_coverage_complete,leftboy2jointhe4,296,0,0,2,True,False,True,0.0,0.0
full_coverage_complete,leftboy2jointhe4,298,1,0,1,True,False,True,0.43384700848326146,0.5149789518602662
full_coverage_complete,leftboy2jointhe4,299,1,0,1,True,False,True,0.0,0.5191733938668625
full_coverage_complete,leftboy2jointhe4,300,0,0,4,True,False,True,0.4450886708236504,0.4450886708236504
full_coverage_complete,leftboy2jointhe4,301,0,0,2,True,False,True,0.31843124294820835,0.31843124294820835
full_coverage_complete,leftboy2jointhe4,304,0,0,2,True,False,True,0.2713260275913891,0.2713260275913891
full_coverage_complete,leftboy2jointhe4,305,0,0,2,True,False,True,0.32006792256611344,0.0
full_coverage_complete,leftboy2jointhe4,312,0,0,2,True,False,True,0.0294872608628984,0.0294872608628984
full_coverage_complete,leftboy2jointhe4,315,0,0,2,True,False,True,0.17461823303115667,0.17461823303115667
full_coverage_complete,leftboy2jointhe4,317,1,0,1,True,False,True,0.6306511140193487,0.5678604523026279
full_coverage_complete,leftboy2jointhe4,318,0,0,2,True,False,True,0.5832684077469731,0.5832684077469731
full_coverage_complete,leftboy2jointhe4,319,0,0,2,True,False,True,0.5717633579373533,0.5717633579373533
full_coverage_complete,leftboy2jointhe4,321,0,0,2,True,False,True,0.6356536651442437,0.0
full_coverage_complete,leftboy2jointhe4,335,4,0,4,True,False,True,0.0,0.0
full_coverage_complete,leftboy2jointhe4,338,1,0,1,True,False,True,0.0,0.0
full_coverage_complete,leftboy2jointhe4,343,0,0,0,False,False,True,0.0,0.0
full_coverage_complete,leftboy2jointhe4,347,0,0,0,False,False,True,0.0,0.0
full_coverage_complete,leftboy2jointhe4,369,0,0,1,True,False,True,0.0,0.0
full_coverage_complete,leftboy2jointhe4,373,0,0,0,False,False,True,0.0,0.0
full_coverage_complete,leftboy2jointhe4,384,0,0,2,True,False,True,0.0,0.0
full_coverage_complete,leftboy2jointhe4,388,0,0,2,True,False,True,0.0,0.0
full_coverage_complete,leftboy2jointhe4,390,1,0,1,True,False,True,0.0,0.0
full_coverage_complete,leftboy2jointhe4,391,0,2,2,True,False,True,0.0,0.03946830270316904
full_coverage_complete,leftboy2jointhe4,392,0,0,1,True,False,True,0.02088988188262704,0.02088988188262704
full_coverage_complete,leftboy2jointhe4,393,0,0,4,True,False,True,0.020812369484864642,0.19627623066845235
full_coverage_complete,leftboy2jointhe4,394,4,4,4,True,False,True,0.0,0.0
full_coverage_complete,leftboy2jointhe4,395,0,0,1,True,False,True,0.0,0.0
full_coverage_complete,leftboy2jointhe4,396,0,0,1,True,False,True,0.0,0.0
full_coverage_complete,leftboy2jointhe4,397,0,0,1,True,False,True,0.15422684750609025,0.15422684750609025
full_coverage_complete,leftboy2jointhe4,398,0,0,2,True,False,True,0.27679501940635987,0.27679501940635987
full_coverage_complete,leftboy2jointhe4,399,0,0,2,True,False,True,0.3191345699868029,0.3191345699868029
full_coverage_complete,leftboy2jointhe4,400,0,0,2,True,False,True,0.46514623422014306,0.46514623422014306
full_coverage_complete,leftboy2jointhe4,402,5,0,5,True,False,True,0.4612669632835075,0.0
full_coverage_complete,leftboy2jointhe4,411,0,1,0,False,False,True,0.0,0.0
full_coverage_complete,leftboy2jointhe4,417,0,0,0,False,False,True,0.0,0.0
full_coverage_complete,leftboy2jointhe4,422,0,1,2,True,False,True,0.0,0.0
full_coverage_complete,leftboy2jointhe4,423,1,0,1,True,False,True,0.0,0.0
full_coverage_complete,leftboy2jointhe4,427,4,0,4,True,False,True,0.0,0.0
full_coverage_complete,leftboy2jointhe4,428,2,0,2,True,False,True,0.0,0.5255338903735663
full_coverage_complete,leftboy2jointhe4,611,0,0,2,True,False,True,0.6732163131015543,0.6732163131015543
full_coverage_complete,leftboy2jointhe4,641,0,0,1,True,False,True,0.8012968901747205,0.8012968901747205
full_coverage_complete,leftboy2jointhe4,643,0,0,2,True,False,True,0.7991902818331809,0.7991902818331809
full_coverage_complete,leftboy2jointhe4,645,0,0,2,True,False,True,0.826407269329891,0.826407269329891
full_coverage_complete,leftboy2jointhe4,1052,0,0,2,True,False,True,0.10523718090561672,0.10523718090561672
full_coverage_complete,leftboy2jointhe4,1069,0,0,2,True,False,True,0.3532820446132254,0.3532820446132254
full_coverage_complete,leftboy2jointhe4,1076,0,0,2,True,False,True,0.2832399910605809,0.2832399910605809
full_coverage_complete,leftboy2jointhe4,1077,0,0,2,True,False,True,0.33155413152265456,0.33155413152265456
full_coverage_complete,leftboy2jointhe4,1078,0,0,2,True,False,True,0.21355675513797842,0.21355675513797842
full_coverage_complete,leftboy2jointhe4,1079,0,0,2,True,False,True,0.011303286685189531,0.011303286685189531
full_coverage_complete,leftboy2jointhe4,1080,0,0,2,True,False,True,0.15784329609236863,0.15784329609236863
full_coverage_complete,leftboy2jointhe4,1082,0,0,2,True,False,True,0.18058789335802167,0.18058789335802167
full_coverage_complete,leftboy2jointhe4,1083,0,0,2,True,False,True,0.39187835951020517,0.39187835951020517
full_coverage_complete,leftboy2jointhe4,1127,0,0,2,True,False,True,0.5605556742389044,0.5605556742389044
full_coverage_complete,leftboy2jointhe4,1144,0,0,2,True,False,True,0.40983402431626775,0.40983402431626775
full_coverage_complete,leftboy2jointhe4,1153,0,0,2,True,False,True,0.0,0.0
full_coverage_complete,leftboy2jointhe4,1161,0,0,2,True,False,True,0.5059920068334121,0.5059920068334121
full_coverage_complete,leftboy2jointhe4,1162,0,0,2,True,False,True,0.5032707157987097,0.5032707157987097
full_coverage_complete,leftboy2jointhe4,1163,0,0,2,True,False,True,0.5071259384946775,0.5071259384946775
full_coverage_complete,leftboy2jointhe4,1164,0,0,2,True,False,True,0.5190275777537768,0.5190275777537768
full_coverage_complete,leftboy2jointhe4,1172,0,0,2,True,False,True,0.3849415363489523,0.3849415363489523
full_coverage_complete,leftboy2jointhe4,1176,0,0,2,True,False,True,0.5832354402959772,0.5832354402959772
full_coverage_complete,leftboy2jointhe4,1177,0,0,2,True,False,True,0.551255472232692,0.551255472232692
full_coverage_complete,leftboy2jointhe4,1178,0,0,2,True,False,True,0.6149712026453439,0.6149712026453439
full_coverage_complete,leftboy2jointhe4,1203,0,0,4,True,False,True,0.6028238659606604,0.6028238659606604
full_coverage_complete,leftboy2jointhe4,1205,0,0,1,True,False,True,0.5771774490387057,0.5771774490387057
full_coverage_complete,leftboy2jointhe4,1206,0,0,4,True,False,True,0.6133276281101143,0.6133276281101143
full_coverage_complete,leftboy2jointhe4,1207,0,0,4,True,False,True,0.6472003376276926,0.6472003376276926
full_coverage_complete,leftboy2jointhe4,1208,0,0,2,True,False,True,0.6365334412827516,0.6365334412827516
full_coverage_complete,leftboy2jointhe4,1209,0,0,4,True,False,True,0.6302506253509828,0.6302506253509828
full_coverage_complete,leftboy2jointhe4,1210,0,0,2,True,False,True,0.0,0.0
full_coverage_complete,leftboy2jointhe4,1211,1,1,1,True,False,True,0.0,0.0
full_coverage_complete,leftboy2jointhe4,1212,0,0,4,True,False,True,0.0,0.6535622462812722
full_coverage_complete,leftboy2jointhe4,1213,0,0,5,True,False,True,0.633950428117845,0.633950428117845
full_coverage_complete,leftboy2jointhe4,1214,0,0,4,True,False,True,0.6616964132607845,0.6616964132607845
full_coverage_complete,leftboy2jointhe4,1215,0,0,4,True,False,True,0.663885222286891,0.663885222286891
full_coverage_complete,leftboy2jointhe4,1216,0,0,1,True,False,True,0.7685757312427419,0.7685757312427419
full_coverage_complete,leftboy2jointhe4,1217,0,0,2,True,False,True,0.7978461798084814,0.7978461798084814
full_coverage_complete,leftboy2jointhe4,1218,0,0,4,True,False,True,0.7488503495805751,0.7488503495805751
full_coverage_complete,leftboy2jointhe4,1219,0,0,2,True,False,True,0.6582007239839359,0.6582007239839359
full_coverage_complete,leftboy2jointhe4,1220,0,0,1,True,False,True,0.7936140403224683,0.0
full_coverage_complete,leftboy2jointhe4,1221,1,0,1,True,False,True,0.0,0.0
full_coverage_complete,leftboy2jointhe4,1222,0,1,1,True,False,True,0.0,0.8153157717259475
full_coverage_complete,leftboy2jointhe4,1223,0,0,5,True,False,True,0.7185613151235957,0.7185613151235957
full_coverage_complete,leftboy2jointhe4,1224,0,0,1,True,False,True,0.789054894746714,0.789054894746714
full_coverage_complete,leftboy2jointhe4,1225,0,0,2,True,False,True,0.8014484518553965,0.0
full_coverage_complete,leftboy2jointhe4,1226,0,0,4,True,False,True,0.0,0.0
full_coverage_complete,leftboy2jointhe4,1227,0,0,4,True,False,True,0.0,0.0
full_coverage_complete,leftboy2jointhe4,1228,4,0,4,True,False,True,0.29521724518211606,0.6466456696251106
full_coverage_complete,leftboy2jointhe4,1232,0,0,2,True,False,True,0.6079152226152993,0.6079152226152993
full_coverage_complete,leftboy2jointhe4,1233,0,0,1,True,False,True,0.30007606392912267,0.30007606392912267
full_coverage_complete,leftboy2jointhe4,1234,1,0,1,True,False,True,0.06675511231699655,0.7372885979749133
full_coverage_complete,leftboy2jointhe4,1237,0,0,1,True,False,True,0.0,0.0
full_coverage_complete,leftboy2jointhe4,1238,0,0,1,True,False,True,0.0,0.0
full_coverage_complete,leftboy2jointhe4,1239,0,0,1,True,False,True,0.0,0.0
full_coverage_complete,leftboy2jointhe4,1240,1,0,1,True,False,True,0.0,0.6795962480301948
full_coverage_complete,leftboy2jointhe4,1241,5,0,5,True,False,True,0.09860302333304088,0.7210349132665284
full_coverage_complete,leftboy2jointhe4,1242,2,0,2,True,False,True,0.527096206307119,0.4431878537051804
full_coverage_complete,leftboyoutofthetroop,561,0,0,4,True,False,True,0.6630735683064249,0.6630735683064249
full_coverage_complete,leftboyoutofthetroop,563,0,0,4,True,False,True,0.698694783930066,0.698694783930066
full_coverage_complete,leftboyoutofthetroop,564,0,0,4,True,False,True,0.747714907016515,0.747714907016515
full_coverage_complete,leftboyoutofthetroop,565,0,0,4,True,False,True,0.7097568079853012,0.7097568079853012
full_coverage_complete,leftboyoutofthetroop,566,0,0,4,True,False,True,0.7718977714660291,0.7718977714660291
full_coverage_complete,leftboyoutofthetroop,567,0,0,4,True,False,True,0.8441650655680261,0.8441650655680261
full_coverage_complete,leftboyoutofthetroop,568,0,0,4,True,False,True,0.8684239216885974,0.8684239216885974
full_coverage_complete,leftboyoutofthetroop,570,0,0,4,True,False,True,0.804337381874604,0.804337381874604
full_coverage_complete,leftboyoutofthetroop,584,0,0,2,True,False,True,0.7653053062538245,0.7653053062538245
full_coverage_complete,leftboyoutofthetroop,586,0,0,4,True,False,True,0.748246089992656,0.748246089992656
full_coverage_complete,leftboyoutofthetroop,588,0,0,4,True,False,True,0.6241834901900699,0.6241834901900699
full_coverage_complete,leftboyoutofthetroop,589,0,0,4,True,False,True,0.6723760497776027,0.6723760497776027
full_coverage_complete,leftboyoutofthetroop,590,0,0,4,True,False,True,0.6659470181806305,0.6659470181806305
full_coverage_complete,leftboyoutofthetroop,591,0,0,4,True,False,True,0.5561171284170364,0.5561171284170364
full_coverage_complete,leftboyoutofthetroop,593,0,0,4,True,False,True,0.6668770728415988,0.6668770728415988
full_coverage_complete,leftboyoutofthetroop,594,0,0,4,True,False,True,0.7158165847564474,0.7158165847564474
full_coverage_complete,leftboyoutofthetroop,596,0,0,4,True,False,True,0.7026422128302438,0.7026422128302438
full_coverage_complete,leftboyoutofthetroop,603,0,0,4,True,False,True,0.754207537770116,0.754207537770116
full_coverage_complete,leftboyoutofthetroop,604,0,0,4,True,False,True,0.7456039336110369,0.7456039336110369
full_coverage_complete,leftboyoutofthetroop,609,0,0,4,True,False,True,0.7814374868232639,0.7814374868232639
full_coverage_complete,leftboyoutofthetroop,614,0,0,4,True,False,True,0.8156906110057607,0.8156906110057607
full_coverage_complete,leftboyoutofthetroop,617,0,0,4,True,False,True,0.6246590188282406,0.6246590188282406
full_coverage_complete,leftboyoutofthetroop,618,0,0,4,True,False,True,0.643822109257474,0.643822109257474
full_coverage_complete,leftboyoutofthetroop,621,0,0,4,True,False,True,0.6108194331092607,0.6108194331092607
full_coverage_complete,leftboyoutofthetroop,622,0,0,4,True,False,True,0.6492763897332766,0.6492763897332766
full_coverage_complete,leftboyoutofthetroop,623,0,0,4,True,False,True,0.5918705967482458,0.5918705967482458
full_coverage_complete,leftboyoutofthetroop,626,0,0,4,True,False,True,0.6419206114055032,0.6419206114055032
full_coverage_complete,leftboyoutofthetroop,630,0,0,4,True,False,True,0.6766421276734722,0.6766421276734722
full_coverage_complete,leftboyoutofthetroop,632,0,0,4,True,False,True,0.6871500976913856,0.6871500976913856
full_coverage_complete,leftboyoutofthetroop,633,0,0,4,True,False,True,0.64688095445137,0.64688095445137
full_coverage_complete,leftboyoutofthetroop,646,0,0,4,True,False,True,0.6892121714405531,0.6892121714405531
full_coverage_complete,leftboyoutofthetroop,647,0,0,4,True,False,True,0.6298872963591975,0.6298872963591975
full_coverage_complete,leftboyoutofthetroop,648,0,0,4,True,False,True,0.6063824551317594,0.6063824551317594
full_coverage_complete,leftboyoutofthetroop,649,0,0,4,True,False,True,0.6091525078440084,0.6091525078440084
full_coverage_complete,leftboyoutofthetroop,650,0,0,4,True,False,True,0.5939526817894862,0.5939526817894862
full_coverage_complete,leftboyoutofthetroop,651,0,0,4,True,False,True,0.5935560342444343,0.5935560342444343
full_coverage_complete,leftboyoutofthetroop,652,0,0,4,True,False,True,0.604406247311133,0.604406247311133
full_coverage_complete,leftboyoutofthetroop,655,0,0,4,True,False,True,0.5845882233293501,0.5845882233293501
full_coverage_complete,leftboyoutofthetroop,656,0,0,4,True,False,True,0.6184062636726166,0.6184062636726166
full_coverage_complete,leftboyoutofthetroop,657,0,0,4,True,False,True,0.6928996507758277,0.6928996507758277
full_coverage_complete,leftboyoutofthetroop,658,0,0,4,True,False,True,0.741516382192929,0.741516382192929
full_coverage_complete,leftboyoutofthetroop,662,0,0,4,True,False,True,0.7312372815701146,0.7312372815701146
full_coverage_complete,leftboyoutofthetroop,666,0,0,4,True,False,True,0.6511804690518854,0.6511804690518854
full_coverage_complete,leftboyoutofthetroop,668,0,0,4,True,False,True,0.6259844730932366,0.6259844730932366
full_coverage_complete,leftboyoutofthetroop,669,0,0,4,True,False,True,0.5969467697465857,0.5969467697465857
full_coverage_complete,leftboyoutofthetroop,670,0,0,4,True,False,True,0.5731589722300245,0.5731589722300245
full_coverage_complete,leftboyoutofthetroop,671,0,0,4,True,False,True,0.5915117048835347,0.5915117048835347
full_coverage_complete,leftboyoutofthetroop,672,0,0,4,True,False,True,0.6074890353179958,0.6074890353179958
full_coverage_complete,leftboyoutofthetroop,673,0,0,4,True,False,True,0.615063109843674,0.615063109843674
full_coverage_complete,leftboyoutofthetroop,674,4,0,4,True,False,True,0.6405857205176467,0.610066399072671
full_coverage_complete,leftboyoutofthetroop,678,0,0,4,True,False,True,0.5985784636167867,0.5985784636167867
full_coverage_complete,leftboyoutofthetroop,683,0,0,4,True,False,True,0.5497634786842047,0.5497634786842047
full_coverage_complete,leftboyoutofthetroop,690,0,0,4,True,False,True,0.5984912550156924,0.5984912550156924
full_coverage_complete,leftchair,73,6,0,6,True,False,True,0.2548499654341384,0.7632631534392508
full_coverage_complete,leftchair,177,0,0,0,False,False,True,0.05860957142406301,0.5027926693345471
full_coverage_complete,leftchair,178,5,0,5,True,False,True,0.6217244367940203,0.7043723711821341
full_coverage_complete,leftchair,180,6,1,6,True,False,True,0.688526954993253,0.5897516490395356
full_coverage_complete,leftchair,182,0,0,6,True,False,True,0.7442102434876224,0.7442102434876224
full_coverage_complete,leftchair,183,5,1,5,True,False,True,0.6766778553792123,0.5624237446116765
full_coverage_complete,leftchair,184,5,0,5,True,False,True,0.6938939865031469,0.7728061732484105
full_coverage_complete,leftchair,186,0,0,0,False,False,True,0.02293459602616298,0.6526959451847122
full_coverage_complete,leftchair,187,0,0,5,True,False,True,0.048768855304855044,0.048768855304855044
full_coverage_complete,leftchair,188,0,0,0,False,False,True,0.015351801988957492,0.5124268794215516
full_coverage_complete,leftchair,190,0,0,0,False,False,True,0.016613453851645497,0.483369183564461
full_coverage_complete,leftchair,191,5,0,5,True,False,True,0.1580434187513387,0.682793901823166
full_coverage_complete,leftchair,515,6,0,6,True,False,True,0.8284232056558002,0.0
full_coverage_complete,leftchair,521,6,0,6,True,False,True,0.8128046464582543,0.0
full_coverage_complete,leftchair,522,6,0,6,True,False,True,0.7705801830386165,0.0
full_coverage_complete,leftchair,613,6,1,6,True,False,True,0.5425067040917739,0.21941174757658033
full_coverage_complete,leftchair,622,0,0,6,True,False,True,0.36093040055381453,0.36093040055381453
full_coverage_complete,lefterbike,52,5,0,5,True,False,True,0.6486519076929069,0.6417889398331621
full_coverage_complete,lefterbike,54,5,0,5,True,False,True,0.6885418657922326,0.6449177554759451
full_coverage_complete,lefterbike,55,5,0,5,True,False,True,0.7155041151234448,0.6506646554980143
full_coverage_complete,lefterbike,56,0,0,5,True,False,True,0.7157323166763511,0.7157323166763511
full_coverage_complete,lefterbike,57,0,0,5,True,False,True,0.732257040116367,0.732257040116367
full_coverage_complete,lefterbike,58,0,0,1,True,False,True,0.39999358675233576,0.39999358675233576
full_coverage_complete,lefterbike,59,0,0,1,True,False,True,0.3460739089972836,0.3460739089972836
full_coverage_complete,lefterbike,60,0,0,1,True,False,True,0.22417637923383027,0.22417637923383027
full_coverage_complete,lefterbike,61,0,0,1,True,False,True,0.45239116574641264,0.45239116574641264
full_coverage_complete,lefterbike,62,0,0,5,True,False,True,0.4903623124598737,0.4903623124598737
full_coverage_complete,lefterbike,63,0,0,4,True,False,True,0.5252808578406021,0.5252808578406021
full_coverage_complete,lefterbike,65,0,0,4,True,False,True,0.5184412932362413,0.5184412932362413
full_coverage_complete,lefterbike,67,0,0,1,True,False,True,0.39038988279131526,0.39038988279131526
full_coverage_complete,lefterbike,70,0,0,1,True,False,True,0.27631710488717676,0.27631710488717676
full_coverage_complete,lefterbike,71,0,0,1,True,False,True,0.29143892483616457,0.29143892483616457
full_coverage_complete,lefterbike,72,0,0,1,True,False,True,0.18910042787673267,0.18910042787673267
full_coverage_complete,lefterbike,75,0,0,1,True,False,True,0.25837884480457185,0.25837884480457185
full_coverage_complete,lefterbike,76,0,0,1,True,False,True,0.31218022761412817,0.31218022761412817
full_coverage_complete,lefterbike,77,0,0,4,True,False,True,0.3104814356479439,0.3104814356479439
full_coverage_complete,lefterbike,78,0,0,5,True,False,True,0.35744831852506553,0.35744831852506553
full_coverage_complete,lefterbike,82,0,0,5,True,False,True,0.1066231090410356,0.1066231090410356
full_coverage_complete,lefterbike,85,0,1,0,False,False,True,0.28139924348731254,0.0
full_coverage_complete,lefterbike,86,5,0,5,True,False,True,0.0,0.0
full_coverage_complete,lefterbike,88,0,0,1,True,False,True,0.0,0.0
full_coverage_complete,lefterbike,93,5,0,5,True,False,True,0.0,0.0
full_coverage_complete,lefterbike,94,5,0,5,True,False,True,0.0,0.0
full_coverage_complete,lefterbike,95,0,0,5,True,False,True,0.0,0.0
full_coverage_complete,lefterbike,96,4,0,4,True,False,True,0.0,0.0
full_coverage_complete,lefterbike,97,5,0,5,True,False,True,0.0,0.0
full_coverage_complete,lefterbike,99,0,0,5,True,False,True,0.0,0.0
full_coverage_complete,lefterbike,100,0,0,5,True,False,True,0.0,0.0
full_coverage_complete,lefterbike,101,0,0,5,True,False,True,0.0,0.0
full_coverage_complete,lefterbike,102,0,0,5,True,False,True,0.0,0.0
full_coverage_complete,lefterbike,103,0,0,5,True,False,True,0.0,0.0
full_coverage_complete,lefterbike,104,0,0,0,False,False,True,0.0,0.3234384548623376
full_coverage_complete,lefterbike,115,6,0,6,True,False,True,0.6554086469307303,0.603418691644403
full_coverage_complete,lefterbike,129,0,0,6,True,False,True,0.7309738144858389,0.7309738144858389
full_coverage_complete,lefterbike,170,0,0,6,True,False,True,0.6824982888034671,0.6824982888034671
full_coverage_complete,lefterbike,171,0,0,5,True,False,True,0.7306189441256906,0.7306189441256906
full_coverage_complete,lefterbike,172,6,0,6,True,False,True,0.7594494322981552,0.663847347193064
full_coverage_complete,lefterbike,175,0,0,1,True,False,True,0.5719699434478214,0.5719699434478214
full_coverage_complete,lefterbike,185,0,0,1,True,False,True,0.4842213122790217,0.4842213122790217
full_coverage_complete,lefterbike,203,0,0,6,True,False,True,0.6494598099794568,0.6494598099794568
full_coverage_complete,lefterbike,204,0,0,5,True,False,True,0.5974002563012889,0.5974002563012889
full_coverage_complete,lefterbike,205,0,0,6,True,False,True,0.5490070781773224,0.5490070781773224
full_coverage_complete,lefterbike,208,0,0,2,True,False,True,0.5633016990123211,0.5633016990123211
full_coverage_complete,lefterbike,209,0,0,5,True,False,True,0.7329974219667006,0.7329974219667006
full_coverage_complete,lefterbike,217,0,0,1,True,False,True,0.4777947371315512,0.4777947371315512
full_coverage_complete,lefterbike,218,0,0,2,True,False,True,0.475320353567544,0.475320353567544
full_coverage_complete,lefterbike,219,0,0,6,True,False,True,0.4877627312528008,0.4877627312528008
full_coverage_complete,lefterbike,220,0,0,5,True,False,True,0.4726693491898802,0.4726693491898802
full_coverage_complete,lefterbike,221,0,0,2,True,False,True,0.5104431293635913,0.5104431293635913
full_coverage_complete,lefterbike,251,0,0,5,True,False,True,0.6975578234483717,0.6975578234483717
full_coverage_complete,lefterbike,259,0,0,1,True,False,True,0.48785260815242765,0.48785260815242765
full_coverage_complete,lefterbike,260,0,0,1,True,False,True,0.46971475981333616,0.46971475981333616
full_coverage_complete,lefterbike,261,0,0,1,True,False,True,0.48170309752727186,0.48170309752727186
full_coverage_complete,lefterbike,262,0,0,1,True,False,True,0.5448829300180259,0.5448829300180259
full_coverage_complete,lefterbike,263,0,0,1,True,False,True,0.5187199193159973,0.5187199193159973
full_coverage_complete,lefterbike,264,0,0,1,True,False,True,0.443133700628844,0.443133700628844
full_coverage_complete,lefterbike,265,0,0,1,True,False,True,0.5340426683000289,0.5340426683000289
full_coverage_complete,lefterbike,266,0,0,1,True,False,True,0.6046640935982709,0.6046640935982709
full_coverage_complete,lefterbike,267,0,0,1,True,False,True,0.5338741724311257,0.5338741724311257
full_coverage_complete,lefterbike,268,0,0,1,True,False,True,0.5142210364441526,0.5142210364441526
full_coverage_complete,lefterbike,269,0,0,1,True,False,True,0.4822194473180907,0.4822194473180907
full_coverage_complete,lefterbike,270,0,0,1,True,False,True,0.48057891243036976,0.48057891243036976
full_coverage_complete,lefterbike,273,0,0,1,True,False,True,0.4598395116680957,0.4598395116680957
full_coverage_complete,lefterbike,288,5,0,5,True,False,True,0.5321991328011378,0.5552179814763178
full_coverage_complete,lefterbike,289,0,0,5,True,False,True,0.5428880768811338,0.5428880768811338
full_coverage_complete,lefterbike,290,0,0,5,True,False,True,0.5688813790337429,0.5688813790337429
full_coverage_complete,lefterbike,291,0,0,5,True,False,True,0.5759945015878545,0.5759945015878545
full_coverage_complete,lefterbike,292,0,0,5,True,False,True,0.5290566307787301,0.5290566307787301
full_coverage_complete,lefterbike,297,0,0,5,True,False,True,0.6380585172509804,0.6380585172509804
full_coverage_complete,lefterbike,307,0,0,1,True,False,True,0.5885425489361114,0.5885425489361114
full_coverage_complete,lefterbike,308,0,0,1,True,False,True,0.6152374141849204,0.6152374141849204
full_coverage_complete,lefterbike,313,0,0,1,True,False,True,0.46184993358369203,0.46184993358369203
full_coverage_complete,lefterbike,315,0,0,5,True,False,True,0.5117390779965406,0.5117390779965406
full_coverage_complete,lefterbike,316,0,0,5,True,False,True,0.4468565234145044,0.4468565234145044
full_coverage_complete,lefterbike,317,0,0,1,True,False,True,0.49964649201911937,0.49964649201911937
full_coverage_complete,lefterbike,319,0,0,1,True,False,True,0.5928026344586258,0.5928026344586258
full_coverage_complete,lefterbike,320,0,0,5,True,False,True,0.5733455536065505,0.5733455536065505
full_coverage_complete,lefterbike,321,0,0,1,True,False,True,0.5872248931256698,0.5872248931256698
full_coverage_complete,lefterbike,322,5,0,5,True,False,True,0.5982164375414268,0.6501084897332519
full_coverage_complete,lefterbike,330,0,0,1,True,False,True,0.6082462922305916,0.6082462922305916
full_coverage_complete,lefterbike,335,5,0,5,True,False,True,0.5281900750060567,0.4904974838748113
full_coverage_complete,lefterbike,336,5,0,5,True,False,True,0.38991009287837675,0.4041777763332526
full_coverage_complete,lefterbike,344,0,0,1,True,False,True,0.829119378247666,0.829119378247666
full_coverage_complete,lefterbike,346,0,0,5,True,False,True,0.703065503853919,0.703065503853919
full_coverage_complete,lefterbike,357,0,0,1,True,False,True,0.5864342863842859,0.5864342863842859
full_coverage_complete,lefterbike,359,0,0,5,True,False,True,0.6067211694537747,0.6067211694537747
full_coverage_complete,lefterbike,360,0,0,5,True,False,True,0.6520519281059141,0.6520519281059141
full_coverage_complete,lefterbike,361,0,0,5,True,False,True,0.673415784446631,0.673415784446631
full_coverage_complete,lefterbike,363,0,0,5,True,False,True,0.6098461196154693,0.6098461196154693
full_coverage_complete,lefterbike,364,0,0,1,True,False,True,0.6258997848134976,0.6258997848134976
full_coverage_complete,lefterbike,375,0,0,1,True,False,True,0.8114469056758066,0.8114469056758066
full_coverage_complete,lefterbike,378,0,0,1,True,False,True,0.5228330490915855,0.5228330490915855
full_coverage_complete,lefterbike,380,0,0,1,True,False,True,0.6094272292945786,0.6094272292945786
full_coverage_complete,lefterbike,382,0,0,5,True,False,True,0.37054278592652684,0.37054278592652684
full_coverage_complete,lefterbike,383,0,0,5,True,False,True,0.37334058152404903,0.37334058152404903
full_coverage_complete,lefterbike,385,0,0,5,True,False,True,0.2946845112373264,0.2946845112373264
full_coverage_complete,lefterbike,392,0,0,1,True,False,True,0.6117520745232154,0.6117520745232154
full_coverage_complete,lefterbike,413,5,0,5,True,False,True,0.5998808351166879,0.7816401412012006
full_coverage_complete,lefterbike,420,0,0,1,True,False,True,0.7070148759727433,0.7070148759727433
full_coverage_complete,lefterbike,421,0,0,1,True,False,True,0.7082958494510685,0.7082958494510685
full_coverage_complete,lefterbike,422,0,0,1,True,False,True,0.22490828502138105,0.22490828502138105
full_coverage_complete,lefterbike,425,0,0,1,True,False,True,0.7235368650491001,0.7235368650491001
full_coverage_complete,lefterbike,426,0,0,1,True,False,True,0.7704554737951043,0.7704554737951043
full_coverage_complete,lefterbike,427,0,0,1,True,False,True,0.7231018066420069,0.7231018066420069
full_coverage_complete,lefterbike,428,0,0,1,True,False,True,0.7671335728568659,0.7671335728568659
full_coverage_complete,lefterbike,429,0,0,1,True,False,True,0.7027692372680249,0.7027692372680249
full_coverage_complete,lefterbike,430,0,0,1,True,False,True,0.36059414193281314,0.36059414193281314
full_coverage_complete,lefterbike,435,0,0,1,True,False,True,0.5951938017391006,0.5951938017391006
full_coverage_complete,lefterbike,436,0,0,1,True,False,True,0.6470294793663163,0.6470294793663163
full_coverage_complete,lefterbike,437,0,0,1,True,False,True,0.5405612064579587,0.5405612064579587
full_coverage_complete,lefterbike,438,0,0,1,True,False,True,0.5108107886146814,0.5108107886146814
full_coverage_complete,lefterbike,439,0,0,1,True,False,True,0.29311900905449384,0.29311900905449384
full_coverage_complete,lefterbike,440,0,0,5,True,False,True,0.1913383406258254,0.1913383406258254
full_coverage_complete,lefterbike,441,0,0,5,True,False,True,0.6050010104774077,0.6050010104774077
full_coverage_complete,lefterbike,442,0,0,1,True,False,True,0.6562205627448289,0.6562205627448289
full_coverage_complete,lefterbike,444,0,0,5,True,False,True,0.8506976705186614,0.8506976705186614
full_coverage_complete,lefterbike,447,0,0,1,True,False,True,0.6037027159871748,0.6037027159871748
full_coverage_complete,lefterbike,448,0,0,1,True,False,True,0.6541756862065373,0.6541756862065373
full_coverage_complete,lefterbike,449,0,0,4,True,False,True,0.6459491393892622,0.6459491393892622
full_coverage_complete,lefterbike,450,0,0,1,True,False,True,0.7132721000443991,0.7132721000443991
full_coverage_complete,lefterbike,452,0,1,4,True,False,True,0.6910299162370835,0.0
full_coverage_complete,lefterbike,453,5,0,5,True,False,True,0.0,0.0
full_coverage_complete,lefterbike,462,4,0,4,True,False,True,0.0,0.0
full_coverage_complete,lefterbike,474,5,0,5,True,False,True,0.0,0.0
full_coverage_complete,lefterbike,475,0,1,5,True,False,True,0.0,0.0
full_coverage_complete,lefterbike,476,0,0,0,False,False,True,0.0,0.0
full_coverage_complete,lefterbike,478,0,0,4,True,False,True,0.0,0.0
full_coverage_complete,lefterbike,487,0,0,4,True,False,True,0.0,0.0
full_coverage_complete,lefterbike,488,0,0,5,True,False,True,0.0,0.0
full_coverage_complete,lefterbike,489,0,0,5,True,False,True,0.0,0.0
full_coverage_complete,lefterbike,490,0,0,5,True,False,True,0.0,0.0
full_coverage_complete,lefterbike,491,0,0,5,True,False,True,0.0,0.0
full_coverage_complete,lefterbike,492,0,0,5,True,False,True,0.0,0.0
full_coverage_complete,lefterbike,493,0,0,5,True,False,True,0.0,0.0
full_coverage_complete,lefterbike,494,0,0,5,True,False,True,0.0,0.0
full_coverage_complete,lefterbike,495,0,0,5,True,False,True,0.0,0.0
full_coverage_complete,lefterbike,497,5,2,5,True,False,True,0.0,0.0
full_coverage_complete,lefterbike,498,5,2,5,True,False,True,0.0,0.0
full_coverage_complete,lefterbike,499,0,0,5,True,False,True,0.0,0.0
full_coverage_complete,lefterbike,500,5,1,5,True,False,True,0.0,0.0
full_coverage_complete,lefterbike,502,0,0,5,True,False,True,0.0,0.0
full_coverage_complete,lefterbike,503,0,0,5,True,False,True,0.0,0.0
full_coverage_complete,lefterbike,504,0,0,5,True,False,True,0.0,0.0
full_coverage_complete,lefterbike,505,5,2,5,True,False,True,0.0,0.0
full_coverage_complete,lefterbike,506,0,0,5,True,False,True,0.0,0.0
full_coverage_complete,lefterbike,507,0,0,5,True,False,True,0.0,0.0
full_coverage_complete,lefterbike,508,5,3,5,True,False,True,0.0,0.0
full_coverage_complete,lefterbike,509,5,0,5,True,False,True,0.0,0.0
full_coverage_complete,lefterbike,531,0,0,4,True,False,True,0.0,0.0
full_coverage_complete,lefterbike,532,0,0,4,True,False,True,0.0,0.0
full_coverage_complete,lefterbike,533,0,0,4,True,False,True,0.0,0.0
full_coverage_complete,lefterbike,534,0,0,4,True,False,True,0.0,0.0
full_coverage_complete,lefterbike,535,0,0,5,True,False,True,0.0,0.0
full_coverage_complete,lefterbike,554,0,0,1,True,False,True,0.0,0.0
full_coverage_complete,lefterbike,555,0,0,1,True,False,True,0.0,0.0
full_coverage_complete,lefterbike,556,0,0,1,True,False,True,0.0,0.0
full_coverage_complete,lefterbike,557,0,0,1,True,False,True,0.0,0.0
full_coverage_complete,lefterbike,558,0,0,1,True,False,True,0.0,0.0
full_coverage_complete,lefterbike,559,0,0,1,True,False,True,0.0,0.0
full_coverage_complete,lefterbike,564,0,0,1,True,False,True,0.0,0.0
full_coverage_complete,lefterbike,565,0,0,4,True,False,True,0.0,0.0
full_coverage_complete,leftexcersicebookyellow,8,0,1,0,False,False,True,0.8776185905212751,0.5986413756385257
full_coverage_complete,leftexcersicebookyellow,148,0,0,0,False,False,True,0.5024603883313833,0.0
full_coverage_complete,leftexcersicebookyellow,188,0,0,0,False,False,True,0.0,0.49856934829255706
full_coverage_complete,leftexcersicebookyellow,212,5,0,5,True,False,True,0.7710129935080908,0.8241809508195939
full_coverage_complete,leftexcersicebookyellow,298,0,0,5,True,False,True,0.6902654520617392,0.6902654520617392
full_coverage_complete,leftexcersicebookyellow,299,5,0,5,True,False,True,0.7454300241974358,0.5704208882295699
full_coverage_complete,leftexcersicebookyellow,301,0,0,5,True,False,True,0.5427028971850247,0.5427028971850247
full_coverage_complete,leftexcersicebookyellow,302,0,0,5,True,False,True,0.5178337790507714,0.5178337790507714
full_coverage_complete,leftexcersicebookyellow,316,0,1,0,False,False,True,0.29071900494838526,0.7247850110179358
full_coverage_complete,leftexcersicebookyellow,324,0,0,5,True,False,True,0.6083274981151249,0.6083274981151249
full_coverage_complete,leftexcersicebookyellow,343,0,0,2,True,False,True,0.27449050012605586,0.27449050012605586
full_coverage_complete,leftexcersicebookyellow,350,0,1,0,False,False,True,0.6750606973277912,0.5913465732990169
full_coverage_complete,leftexcersicebookyellow,385,0,2,0,False,False,True,0.4368816674113859,0.0
full_coverage_complete,leftexcersicebookyellow,443,0,0,0,False,False,True,0.3374032344919716,0.0
full_coverage_complete,leftexcersicebookyellow,476,0,0,5,True,False,True,0.0,0.0
full_coverage_complete,leftexcersicebookyellow,485,0,1,5,True,False,True,0.0,0.26671434866792404
full_coverage_complete,leftexcersicebookyellow,528,0,1,0,False,False,True,0.3758883934550736,0.6304599468339347
full_coverage_complete,leftexcersicebookyellow,601,6,0,6,True,False,True,0.6489799030572435,0.6938223073852928
full_coverage_complete,leftexcersicebookyellow,607,0,0,0,False,False,True,0.17614893735379855,0.31966726571672016
full_coverage_complete,leftexcersicebookyellow,611,0,2,0,False,False,True,0.3735379274665586,0.35198187191477265
full_coverage_complete,leftexcersicebookyellow,614,1,0,1,True,False,True,0.22170019288314075,0.1770614581067045
full_coverage_complete,leftexcersicebookyellow,615,0,0,4,True,False,True,0.30389664703103947,0.30389664703103947
full_coverage_complete,leftexcersicebookyellow,637,0,0,5,True,False,True,0.5489780043291247,0.5489780043291247
full_coverage_complete,leftexcersicebookyellow,638,0,0,5,True,False,True,0.5904328647113667,0.5904328647113667
full_coverage_complete,leftexcersicebookyellow,639,5,4,5,True,False,True,0.6013015602830492,0.0
full_coverage_complete,leftexcersicebookyellow,686,0,0,0,False,False,True,0.0,0.0
full_coverage_complete,leftexcersicebookyellow,740,0,0,5,True,False,True,0.8386781056756907,0.8386781056756907
full_coverage_complete,leftexcersicebookyellow,753,6,0,6,True,False,True,0.5205693814212018,0.4353622158199528
full_coverage_complete,leftexcersicebookyellow,990,0,1,0,False,False,True,0.49358912729705284,0.0
full_coverage_complete,leftexcersicebookyellow,1013,0,0,0,False,False,True,0.8554456755725461,0.0
full_coverage_complete,leftexcersicebookyellow,1015,0,0,6,True,False,True,0.0,0.0
full_coverage_complete,leftexcersicebookyellow,1019,0,0,5,True,False,True,0.0,0.0
full_coverage_complete,leftexcersicebookyellow,1025,0,0,6,True,False,True,0.0,0.0
full_coverage_complete,leftexcersicebookyellow,1026,0,0,0,False,False,True,0.0,0.0
full_coverage_complete,leftexcersicebookyellow,1043,0,1,0,False,False,True,0.0,0.0
full_coverage_complete,leftexcersicebookyellow,1044,0,1,0,False,False,True,0.0,0.7128342688701738
full_coverage_complete,leftexcersicebookyellow,1047,0,0,0,False,False,True,0.766012713428474,0.0
full_coverage_complete,leftexcersicebookyellow,1060,0,1,0,False,False,True,0.0,0.0
full_coverage_complete,leftexcersicebookyellow,1062,6,0,6,True,False,True,0.0,0.0
full_coverage_complete,leftexcersicebookyellow,1070,0,0,5,True,False,True,0.0,0.0
full_coverage_complete,leftexcersicebookyellow,1072,5,1,5,True,False,True,0.0,0.851426060775845
full_coverage_complete,leftexcersicebookyellow,1096,5,0,5,True,False,True,0.601539623984348,0.14476357960693906
full_coverage_complete,leftexcersicebookyellow,1100,0,0,5,True,False,True,0.11518121692921021,0.11518121692921021
full_coverage_complete,leftexcersicebookyellow,1101,0,2,5,True,False,True,0.0,0.6707233106110243
full_coverage_complete,leftfarboycomingpicktheball,12,0,0,4,True,False,True,0.4009704826308408,0.4009704826308408
full_coverage_complete,leftfarboycomingpicktheball,13,0,0,4,True,False,True,0.39884587173271313,0.39884587173271313
full_coverage_complete,leftfarboycomingpicktheball,14,0,0,4,True,False,True,0.14135423525865656,0.14135423525865656
full_coverage_complete,leftfarboycomingpicktheball,15,0,0,2,True,False,True,0.33799111615598276,0.33799111615598276
full_coverage_complete,leftfarboycomingpicktheball,16,0,0,4,True,False,True,0.10482749870380628,0.10482749870380628
full_coverage_complete,leftfarboycomingpicktheball,17,0,0,4,True,False,True,0.1836773190386854,0.1836773190386854
full_coverage_complete,leftfarboycomingpicktheball,18,0,0,4,True,False,True,0.019038283106271717,0.019038283106271717
full_coverage_complete,leftfarboycomingpicktheball,19,0,0,2,True,False,True,0.8382512480427194,0.8382512480427194
full_coverage_complete,leftfarboycomingpicktheball,20,0,0,1,True,False,True,0.760762433107286,0.760762433107286
full_coverage_complete,leftfarboycomingpicktheball,100,0,1,4,True,False,True,0.36271492949853823,0.5888416401289099
full_coverage_complete,leftfarboycomingpicktheball,101,0,0,1,True,False,True,0.525913130327887,0.525913130327887
full_coverage_complete,leftfarboycomingpicktheball,102,0,0,1,True,False,True,0.7090590186376845,0.7090590186376845
full_coverage_complete,leftfarboycomingpicktheball,104,0,0,4,True,False,True,0.423870784798461,0.423870784798461
full_coverage_complete,leftfarboycomingpicktheball,105,0,0,4,True,False,True,0.5289739385939325,0.5289739385939325
full_coverage_complete,leftfarboycomingpicktheball,106,0,0,1,True,False,True,0.6007938858087232,0.6007938858087232
full_coverage_complete,leftfarboycomingpicktheball,107,0,0,4,True,False,True,0.613591207658684,0.613591207658684
full_coverage_complete,leftfarboycomingpicktheball,108,0,0,1,True,False,True,0.5913129232935039,0.5913129232935039
full_coverage_complete,leftfarboycomingpicktheball,110,0,0,4,True,False,True,0.6737324515044665,0.6737324515044665
full_coverage_complete,leftfarboycomingpicktheball,111,0,0,1,True,False,True,0.6403683987181723,0.6403683987181723
full_coverage_complete,leftfarboycomingpicktheball,112,0,0,4,True,False,True,0.6219817173392387,0.6219817173392387
full_coverage_complete,leftfarboycomingpicktheball,113,0,0,1,True,False,True,0.4124186746936766,0.4124186746936766
full_coverage_complete,leftfarboycomingpicktheball,121,0,0,4,True,False,True,0.5321733752607369,0.5321733752607369
full_coverage_complete,leftfarboycomingpicktheball,125,0,0,4,True,False,True,0.4325130722501506,0.4325130722501506
full_coverage_complete,leftfarboycomingpicktheball,126,0,0,4,True,False,True,0.460548047287067,0.460548047287067
full_coverage_complete,leftfarboycomingpicktheball,127,0,0,4,True,False,True,0.43087791884805576,0.43087791884805576
full_coverage_complete,leftfarboycomingpicktheball,128,0,0,4,True,False,True,0.46287597421868126,0.46287597421868126
full_coverage_complete,leftfarboycomingpicktheball,129,0,0,4,True,False,True,0.49787229309780023,0.49787229309780023
full_coverage_complete,leftfarboycomingpicktheball,130,0,0,4,True,False,True,0.5602262701557005,0.5602262701557005
full_coverage_complete,leftfarboycomingpicktheball,131,0,0,4,True,False,True,0.5379366073229277,0.5379366073229277
full_coverage_complete,leftfarboycomingpicktheball,132,0,0,4,True,False,True,0.5678527003627118,0.5678527003627118
full_coverage_complete,leftfarboycomingpicktheball,133,0,0,4,True,False,True,0.5822938998140557,0.5822938998140557
full_coverage_complete,leftfarboycomingpicktheball,134,0,0,4,True,False,True,0.6281941512195005,0.6281941512195005
full_coverage_complete,leftfarboycomingpicktheball,135,0,0,4,True,False,True,0.6652557087889598,0.6652557087889598
full_coverage_complete,leftfarboycomingpicktheball,137,0,0,4,True,False,True,0.7139329245187327,0.7139329245187327
full_coverage_complete,leftfarboycomingpicktheball,149,0,0,4,True,False,True,0.7107195000152111,0.7107195000152111
full_coverage_complete,leftfarboycomingpicktheball,151,0,0,4,True,False,True,0.5656790831225237,0.5656790831225237
full_coverage_complete,leftfarboycomingpicktheball,152,4,0,4,True,False,True,0.6246706509270443,0.7330169883568962
full_coverage_complete,leftfarboycomingpicktheball,154,0,0,1,True,False,True,0.7680217198413238,0.7680217198413238
full_coverage_complete,leftfarboycomingpicktheball,155,0,0,2,True,False,True,0.8502265008100286,0.8502265008100286
full_coverage_complete,leftfarboycomingpicktheball,157,0,0,4,True,False,True,0.5458880064115207,0.5458880064115207
full_coverage_complete,leftfarboycomingpicktheball,158,0,0,4,True,False,True,0.5318981561721587,0.5318981561721587
full_coverage_complete,leftfarboycomingpicktheball,159,0,0,4,True,False,True,0.3652136646539885,0.3652136646539885
full_coverage_complete,leftfarboycomingpicktheball,160,0,0,4,True,False,True,0.6345600608371983,0.6345600608371983
full_coverage_complete,leftfarboycomingpicktheball,161,4,0,4,True,False,True,0.7323608691458907,0.0
full_coverage_complete,leftfarboycomingpicktheball,162,0,0,5,True,False,True,0.0,0.0
full_coverage_complete,leftfarboycomingpicktheball,166,0,0,5,True,False,True,0.0,0.0
full_coverage_complete,leftfarboycomingpicktheball,169,0,0,1,True,False,True,0.0,0.0
full_coverage_complete,leftfarboycomingpicktheball,171,0,0,1,True,False,True,0.0,0.0
full_coverage_complete,leftfarboycomingpicktheball,173,0,0,1,True,False,True,0.0,0.0
full_coverage_complete,leftfarboycomingpicktheball,174,0,0,4,True,False,True,0.0,0.0
full_coverage_complete,leftfarboycomingpicktheball,175,0,0,4,True,False,True,0.0,0.0
full_coverage_complete,leftfarboycomingpicktheball,176,0,0,4,True,False,True,0.0,0.0
full_coverage_complete,leftfarboycomingpicktheball,178,0,0,4,True,False,True,0.0,0.0
full_coverage_complete,leftfarboycomingpicktheball,180,0,0,4,True,False,True,0.0,0.0
full_coverage_complete,leftfarboycomingpicktheball,182,4,0,4,True,False,True,0.0,0.0
full_coverage_complete,leftfarboycomingpicktheball,183,4,0,4,True,False,True,0.0,0.0
full_coverage_complete,leftfarboycomingpicktheball,190,4,1,4,True,False,True,0.021297295887054042,0.010487402305171747
full_coverage_complete,leftfarboycomingpicktheball,191,4,1,4,True,False,True,0.07787280280197117,0.06284317884466953
full_coverage_complete,leftfarboycomingpicktheball,192,0,0,4,True,False,True,0.17648693596954698,0.17648693596954698
full_coverage_complete,leftfarboycomingpicktheball,193,0,0,4,True,False,True,0.29597746403858577,0.29597746403858577
full_coverage_complete,leftfarboycomingpicktheball,194,0,0,4,True,False,True,0.32560127327041594,0.32560127327041594
full_coverage_complete,leftfarboycomingpicktheball,195,0,0,4,True,False,True,0.3533232810030985,0.3533232810030985
full_coverage_complete,leftfarboycomingpicktheball,201,0,0,4,True,False,True,0.5791436864700724,0.5791436864700724
full_coverage_complete,leftfarboycomingpicktheball,206,0,0,4,True,False,True,0.3731134337010293,0.3731134337010293
full_coverage_complete,leftfarboycomingpicktheball,232,0,0,4,True,False,True,0.6341912545921932,0.6341912545921932
full_coverage_complete,leftfarboycomingpicktheball,233,0,0,4,True,False,True,0.6820355369842347,0.6820355369842347
full_coverage_complete,leftfarboycomingpicktheball,234,0,0,4,True,False,True,0.6405459732620312,0.6405459732620312
full_coverage_complete,leftfarboycomingpicktheball,235,0,0,4,True,False,True,0.5042820503604553,0.5042820503604553
full_coverage_complete,leftfarboycomingpicktheball,236,0,0,4,True,False,True,0.46953428723976776,0.46953428723976776
full_coverage_complete,leftfarboycomingpicktheball,237,0,0,4,True,False,True,0.3893889894983103,0.3893889894983103
full_coverage_complete,leftfarboycomingpicktheball,238,4,2,4,True,False,True,0.45167867369041015,0.38873203584326554
full_coverage_complete,leftfarboycomingpicktheball,239,0,0,5,True,False,True,0.4423553050443828,0.4423553050443828
full_coverage_complete,leftfarboycomingpicktheball,241,0,0,1,True,False,True,0.50086172547369,0.50086172547369
full_coverage_complete,leftfarboycomingpicktheball,242,0,0,2,True,False,True,0.5960591394977035,0.5960591394977035
full_coverage_complete,leftfarboycomingpicktheball,243,0,0,2,True,False,True,0.6393699321899411,0.6393699321899411
full_coverage_complete,leftfarboycomingpicktheball,244,0,0,4,True,False,True,0.6398536247950011,0.6398536247950011
full_coverage_complete,leftfarboycomingpicktheball,245,0,0,4,True,False,True,0.6475856011208335,0.6475856011208335
full_coverage_complete,leftfarboycomingpicktheball,246,0,0,4,True,False,True,0.5845776229015114,0.5845776229015114
full_coverage_complete,leftfarboycomingpicktheball,247,0,0,2,True,False,True,0.5645059167849413,0.5645059167849413
full_coverage_complete,leftfarboycomingpicktheball,248,0,0,2,True,False,True,0.5973434063695812,0.5973434063695812
full_coverage_complete,leftfarboycomingpicktheball,249,0,0,2,True,False,True,0.5805289790917588,0.5805289790917588
full_coverage_complete,leftfarboycomingpicktheball,250,0,0,2,True,False,True,0.5736859955515908,0.5736859955515908
full_coverage_complete,leftfarboycomingpicktheball,251,0,0,4,True,False,True,0.6027128602860061,0.6027128602860061
full_coverage_complete,leftfarboycomingpicktheball,252,2,0,2,True,False,True,0.5933320633640674,0.0
full_coverage_complete,leftfarboycomingpicktheball,253,0,0,6,True,False,True,0.5622133387869539,0.5622133387869539
full_coverage_complete,leftfarboycomingpicktheball,255,0,0,4,True,False,True,0.7233489412416944,0.7233489412416944
full_coverage_complete,leftfarboycomingpicktheball,260,0,0,4,True,False,True,0.6878063707332284,0.6878063707332284
full_coverage_complete,leftfarboycomingpicktheball,293,0,0,4,True,False,True,0.6939407319165838,0.6939407319165838
full_coverage_complete,leftfarboycomingpicktheball,308,0,0,2,True,False,True,0.6094427025275326,0.6094427025275326
full_coverage_complete,leftfarboycomingpicktheball,376,0,0,2,True,False,True,0.7663194978295782,0.7663194978295782
full_coverage_complete,leftfarboycomingpicktheball,378,0,0,2,True,False,True,0.7331470063606409,0.7331470063606409
full_coverage_complete,leftfarboycomingpicktheball,380,0,0,1,True,False,True,0.73351172113204,0.73351172113204
full_coverage_complete,leftfarboycomingpicktheball,381,0,0,2,True,False,True,0.7690798268913681,0.7690798268913681
full_coverage_complete,leftfarboycomingpicktheball,396,0,0,2,True,False,True,0.5351206436499077,0.5351206436499077
full_coverage_complete,leftfarboycomingpicktheball,398,0,0,2,True,False,True,0.5432339306003321,0.5432339306003321
full_coverage_complete,leftfarboycomingpicktheball,399,0,0,2,True,False,True,0.588809066501086,0.588809066501086
full_coverage_complete,leftfarboycomingpicktheball,400,0,0,2,True,False,True,0.527737291189056,0.527737291189056
full_coverage_complete,leftfarboycomingpicktheball,401,2,0,2,True,False,True,0.4672477165286053,0.7345367955966072
full_coverage_complete,leftfarboycomingpicktheball,643,0,0,2,True,False,True,0.5868575316262599,0.5868575316262599
full_coverage_complete,leftfarboycomingpicktheball,644,0,0,2,True,False,True,0.4575329533987408,0.4575329533987408
full_coverage_complete,leftfarboycomingpicktheball,646,0,0,5,True,False,True,0.6103999515381693,0.6103999515381693
full_coverage_complete,leftfarboycomingpicktheball,651,0,0,1,True,False,True,0.5864555892512061,0.5864555892512061
full_coverage_complete,leftfarboycomingpicktheball,656,0,0,2,True,False,True,0.6214469229486914,0.6214469229486914
full_coverage_complete,leftgirl'swhitebag,26,0,0,6,True,False,True,0.43746600012755354,0.43746600012755354
full_coverage_complete,leftgirl'swhitebag,27,0,0,6,True,False,True,0.2765552327334989,0.2765552327334989
full_coverage_complete,leftgirl'swhitebag,28,0,0,5,True,False,True,0.15724634021611905,0.15724634021611905
full_coverage_complete,leftgirl'swhitebag,29,0,0,5,True,False,True,0.1577430669673069,0.1577430669673069
full_coverage_complete,leftgirl'swhitebag,30,0,0,1,True,False,True,0.3889267905784223,0.3889267905784223
full_coverage_complete,leftgirl'swhitebag,31,0,0,1,True,False,True,0.4779052388231146,0.4779052388231146
full_coverage_complete,leftgirl'swhitebag,36,0,0,4,True,False,True,0.0695942976185959,0.0695942976185959
full_coverage_complete,leftgirl'swhitebag,39,0,0,4,True,False,True,0.0,0.0
full_coverage_complete,leftgirl'swhitebag,40,5,1,5,True,False,True,0.0457051877739395,0.8025825760267458
full_coverage_complete,leftgirl'swhitebag,41,0,0,4,True,False,True,0.39172228536757414,0.39172228536757414
full_coverage_complete,leftgirl'swhitebag,42,5,3,5,True,False,True,0.522302783741263,0.06296706328294115
full_coverage_complete,leftgirl'swhitebag,44,5,0,5,True,False,True,0.4662556025959423,0.4783629817859086
full_coverage_complete,leftgirl'swhitebag,48,5,0,5,True,False,True,0.34648704455789753,0.41977956716584
full_coverage_complete,leftgirl'swhitebag,50,0,1,5,True,False,True,0.5854577219230688,0.5854577219230688
full_coverage_complete,leftgirl'swhitebag,52,0,0,5,True,False,True,0.11151952854525798,0.11151952854525798
full_coverage_complete,leftgirl'swhitebag,54,0,0,5,True,False,True,0.011476448573055685,0.011476448573055685
full_coverage_complete,leftgirl'swhitebag,56,0,0,5,True,False,True,0.0,0.0
full_coverage_complete,leftgirl'swhitebag,134,0,0,5,True,False,True,0.7140637741118879,0.7140637741118879
full_coverage_complete,leftgirl'swhitebag,136,0,0,4,True,False,True,0.6880391358914613,0.6880391358914613
full_coverage_complete,leftgirl'swhitebag,137,0,0,4,True,False,True,0.6929693015869642,0.6929693015869642
full_coverage_complete,leftgirl'swhitebag,139,0,0,4,True,False,True,0.667065420436624,0.667065420436624
full_coverage_complete,leftgirl'swhitebag,142,0,0,4,True,False,True,0.7001558201870542,0.7001558201870542
full_coverage_complete,leftgirl'swhitebag,145,0,0,4,True,False,True,0.7277872185885917,0.7277872185885917
full_coverage_complete,leftgirl'swhitebag,162,0,0,5,True,False,True,0.32831704336802026,0.32831704336802026
full_coverage_complete,leftgirl'swhitebag,163,0,0,1,True,False,True,0.390040687144853,0.390040687144853
full_coverage_complete,leftgirl'swhitebag,164,0,0,5,True,False,True,0.5119441571375244,0.5119441571375244
full_coverage_complete,leftgirl'swhitebag,166,0,0,5,True,False,True,0.49997098272796375,0.49997098272796375
full_coverage_complete,leftgirl'swhitebag,167,0,0,5,True,False,True,0.4406667687347056,0.4406667687347056
full_coverage_complete,leftgirl'swhitebag,170,0,0,5,True,False,True,0.14330721682935488,0.14330721682935488
full_coverage_complete,leftgirl'swhitebag,171,0,0,5,True,False,True,0.15821882596139217,0.15821882596139217
full_coverage_complete,leftgirl'swhitebag,172,0,1,4,True,False,True,0.33936150098572165,0.4396053429096528
full_coverage_complete,leftgirl'swhitebag,173,0,0,4,True,False,True,0.5700010159921106,0.5700010159921106
full_coverage_complete,leftgirl'swhitebag,218,0,0,4,True,False,True,0.07239248301175269,0.07239248301175269
full_coverage_complete,leftgirl'swhitebag,219,0,0,1,True,False,True,0.029647567776629396,0.029647567776629396
full_coverage_complete,leftgirl'swhitebag,220,0,0,1,True,False,True,0.04269227029681389,0.04269227029681389
full_coverage_complete,leftgirl'swhitebag,222,0,0,1,True,False,True,0.033606429586515184,0.033606429586515184
full_coverage_complete,leftgirl'swhitebag,223,0,1,0,False,False,True,0.03272539102785823,0.1318081172358131
full_coverage_complete,leftgirl'swhitebag,224,5,0,5,True,False,True,0.09588820765148287,0.06612134684803471
full_coverage_complete,leftgirl'swhitebag,226,0,0,6,True,False,True,0.0777315978448911,0.0777315978448911
full_coverage_complete,leftgirl'swhitebag,228,5,0,5,True,False,True,0.10086994185415432,0.12656976603646097
full_coverage_complete,leftgirl'swhitebag,231,5,0,5,True,False,True,0.10046245692085547,0.12634552957053183
full_coverage_complete,leftgirl'swhitebag,232,5,0,5,True,False,True,0.14406657394196967,0.10849420967227733
full_coverage_complete,leftgirl'swhitebag,233,5,0,5,True,False,True,0.14002027674660658,0.1065938956881129
full_coverage_complete,leftgirl'swhitebag,234,0,0,5,True,False,True,0.14286696762764473,0.14286696762764473
full_coverage_complete,leftgirl'swhitebag,235,0,0,5,True,False,True,0.1464045794073623,0.1464045794073623
full_coverage_complete,leftgirl'swhitebag,236,0,0,5,True,False,True,0.1271038493603166,0.1271038493603166
full_coverage_complete,leftgirl'swhitebag,237,0,1,5,True,False,True,0.12427891594537269,0.12427891594537269
full_coverage_complete,leftgirl'swhitebag,238,0,0,5,True,False,True,0.1076789772641796,0.1076789772641796
full_coverage_complete,leftgirl'swhitebag,239,5,4,5,True,False,True,0.045927968794556295,0.0012709967539057386
full_coverage_complete,leftgirl'swhitebag,241,0,0,1,True,False,True,0.0,0.0
full_coverage_complete,leftgirl'swhitebag,244,0,0,5,True,False,True,0.0,0.0
full_coverage_complete,leftgirl'swhitebag,246,6,2,6,True,False,True,0.0,0.07928531574440283
full_coverage_complete,leftgirl'swhitebag,247,0,0,5,True,False,True,0.02795320496489028,0.02795320496489028
full_coverage_complete,leftgirl'swhitebag,248,0,0,5,True,False,True,0.0,0.0
full_coverage_complete,leftgirl'swhitebag,249,6,2,6,True,False,True,0.0,0.0
full_coverage_complete,leftgirl'swhitebag,250,0,0,5,True,False,True,0.0008970229986547707,0.0008970229986547707
full_coverage_complete,lefthyalinepaper2rgb,70,0,0,6,True,False,True,0.6230077541468488,0.6230077541468488
full_coverage_complete,lefthyalinepaper2rgb,71,0,0,5,True,False,True,0.8099071710585171,0.8099071710585171
full_coverage_complete,lefthyalinepaper2rgb,113,0,1,0,False,False,True,0.7934689857351986,0.0
full_coverage_complete,lefthyalinepaper2rgb,121,0,0,6,True,False,True,0.0,0.0
full_coverage_complete,lefthyalinepaper2rgb,122,0,0,5,True,False,True,0.0,0.0
full_coverage_complete,lefthyalinepaper2rgb,123,0,0,6,True,False,True,0.0,0.0
full_coverage_complete,lefthyalinepaper2rgb,124,0,0,6,True,False,True,0.0,0.0
full_coverage_complete,lefthyalinepaper2rgb,125,0,0,6,True,False,True,0.0,0.0
full_coverage_complete,lefthyalinepaper2rgb,126,6,0,6,True,False,True,0.0,0.7043937909173256
full_coverage_complete,lefthyalinepaper2rgb,138,6,0,6,True,False,True,0.2566623017945324,0.23205390572922333
full_coverage_complete,lefthyalinepaper2rgb,139,5,0,5,True,False,True,0.1981379018468492,0.22357841360352423
full_coverage_complete,lefthyalinepaper2rgb,140,5,0,5,True,False,True,0.29376828357169676,0.25663810821724364
full_coverage_complete,lefthyalinepaper2rgb,141,6,0,6,True,False,True,0.15873614372347936,0.14259163765064822
full_coverage_complete,lefthyalinepaper2rgb,150,6,0,6,True,False,True,0.7786628698311642,0.7950937656667477
full_coverage_complete,lefthyalinepaper2rgb,151,5,1,5,True,False,True,0.662007881474431,0.5382834676393945
full_coverage_complete,lefthyalinepaper2rgb,152,0,0,5,True,False,True,0.6893187337914631,0.6893187337914631
full_coverage_complete,lefthyalinepaper2rgb,153,0,0,5,True,False,True,0.6182422871163572,0.6182422871163572
full_coverage_complete,lefthyalinepaper2rgb,161,0,0,5,True,False,True,0.39194210896436993,0.39194210896436993
full_coverage_complete,lefthyalinepaper2rgb,162,5,0,5,True,False,True,0.5109852310090021,0.5273272644461123
full_coverage_complete,lefthyalinepaper2rgb,163,0,0,6,True,False,True,0.6354129630385564,0.6354129630385564
full_coverage_complete,lefthyalinepaper2rgb,164,0,0,6,True,False,True,0.6756833746414611,0.6756833746414611
full_coverage_complete,lefthyalinepaper2rgb,173,0,0,6,True,False,True,0.9082209218591649,0.9082209218591649
full_coverage_complete,lefthyalinepaper2rgb,174,0,0,6,True,False,True,0.7492729204610634,0.7492729204610634
full_coverage_complete,lefthyalinepaper2rgb,176,0,0,6,True,False,True,0.22093357472658334,0.22093357472658334
full_coverage_complete,lefthyalinepaper2rgb,177,5,1,5,True,False,True,0.03387664252334155,0.025432426420431774
full_coverage_complete,lefthyalinepaper2rgb,178,0,0,5,True,False,True,0.0,0.0
full_coverage_complete,lefthyalinepaper2rgb,199,0,0,6,True,False,True,0.4677382948340158,0.4677382948340158
full_coverage_complete,lefthyalinepaper2rgb,200,0,1,6,True,False,True,0.7461017974966067,0.048493971298310755
full_coverage_complete,lefthyalinepaper2rgb,201,0,0,6,True,False,True,0.01943043779500244,0.01943043779500244
full_coverage_complete,lefthyalinepaper2rgb,227,0,0,5,True,False,True,0.44319485849884727,0.44319485849884727
full_coverage_complete,lefthyalinepaper2rgb,228,0,0,5,True,False,True,0.6059009613407101,0.6059009613407101
full_coverage_complete,lefthyalinepaper2rgb,229,5,0,5,True,False,True,0.0,0.0
full_coverage_complete,lefthyalinepaper2rgb,266,1,0,1,True,False,True,0.7776731196002967,0.0
full_coverage_complete,lefthyalinepaper2rgb,283,0,0,5,True,False,True,0.0,0.0
full_coverage_complete,lefthyalinepaper2rgb,301,4,0,4,True,False,True,0.0,0.7583862125806884
full_coverage_complete,lefthyalinepaper2rgb,317,1,3,1,True,False,True,0.9282103070918517,0.6083640693363584
full_coverage_complete,lefthyalinepaper2rgb,318,0,0,1,True,False,True,0.7276919279799522,0.0
full_coverage_complete,lefthyalinepaper2rgb,322,0,0,1,True,False,True,0.6389956642588275,0.6389956642588275
full_coverage_complete,lefthyalinepaper2rgb,335,0,0,6,True,False,True,0.5647177599454911,0.5647177599454911
full_coverage_complete,lefthyalinepaper2rgb,338,0,0,5,True,False,True,0.6613143530817052,0.6613143530817052
full_coverage_complete,lefthyalinepaper2rgb,339,0,1,0,False,False,True,0.2254051720002603,0.005963856004509402
full_coverage_complete,lefthyalinepaper2rgb,341,0,0,5,True,False,True,0.0,0.0
full_coverage_complete,lefthyalinepaper2rgb,342,0,0,1,True,False,True,0.0,0.0
full_coverage_complete,lefthyalinepaper2rgb,354,0,0,6,True,False,True,0.47353277658181225,0.47353277658181225
full_coverage_complete,lefthyalinepaper2rgb,355,0,1,0,False,False,True,0.5321199609924827,0.0
full_coverage_complete,lefthyalinepaper2rgb,359,0,0,5,True,False,True,0.0,0.0
full_coverage_complete,lefthyalinepaper2rgb,360,0,0,5,True,False,True,0.0,0.0
full_coverage_complete,lefthyalinepaper2rgb,361,0,0,1,True,False,True,0.0,0.0
full_coverage_complete,lefthyalinepaper2rgb,364,1,1,1,True,False,True,0.0,0.2277550559338909
full_coverage_complete,lefthyalinepaper2rgb,367,0,0,4,True,False,True,0.7973836422481416,0.7973836422481416
full_coverage_complete,lefthyalinepaper2rgb,368,0,0,4,True,False,True,0.6224791402988264,0.6224791402988264
full_coverage_complete,lefthyalinepaper2rgb,369,0,0,4,True,False,True,0.4080329922907909,0.4080329922907909
full_coverage_complete,lefthyalinepaper2rgb,370,0,0,4,True,False,True,0.32414410978183583,0.32414410978183583
full_coverage_complete,lefthyalinepaper2rgb,371,0,0,5,True,False,True,0.2714405438804006,0.2714405438804006
full_coverage_complete,lefthyalinepaper2rgb,372,0,0,5,True,False,True,0.30942426654938693,0.30942426654938693
full_coverage_complete,lefthyalinepaper2rgb,373,0,0,5,True,False,True,0.46529097989418083,0.46529097989418083
full_coverage_complete,lefthyalinepaper2rgb,374,0,0,5,True,False,True,0.4254960056375958,0.4254960056375958
full_coverage_complete,lefthyalinepaper2rgb,375,0,0,5,True,False,True,0.27560512897553535,0.27560512897553535
full_coverage_complete,lefthyalinepaper2rgb,376,0,0,5,True,False,True,0.4251101347407535,0.4251101347407535
full_coverage_complete,lefthyalinepaper2rgb,377,5,2,5,True,False,True,0.6183924291589491,0.07026118323781258
full_coverage_complete,lefthyalinepaper2rgb,378,0,0,5,True,False,True,0.0,0.0
full_coverage_complete,lefthyalinepaper2rgb,379,0,0,5,True,False,True,0.0,0.0
full_coverage_complete,lefthyalinepaper2rgb,380,0,0,5,True,False,True,0.0,0.0
full_coverage_complete,lefthyalinepaper2rgb,381,0,0,5,True,False,True,0.0,0.0
full_coverage_complete,lefthyalinepaper2rgb,382,0,0,1,True,False,True,0.0,0.0
full_coverage_complete,lefthyalinepaper2rgb,383,0,0,1,True,False,True,0.23958952848666418,0.23958952848666418
full_coverage_complete,lefthyalinepaper2rgb,395,0,0,1,True,False,True,0.5707873374745126,0.5707873374745126
full_coverage_complete,lefthyalinepaper2rgb,407,0,0,1,True,False,True,0.5199353081736793,0.5199353081736793
full_coverage_complete,lefthyalinepaper2rgb,408,0,0,5,True,False,True,0.29665198887192196,0.29665198887192196
full_coverage_complete,lefthyalinepaper2rgb,409,5,0,5,True,False,True,0.3753752085210316,0.0
full_coverage_complete,lefthyalinepaper2rgb,423,1,0,1,True,False,True,0.4277432943094582,0.3670437127575386
full_coverage_complete,lefthyalinepaper2rgb,424,1,0,1,True,False,True,0.5499014804065673,0.468777233413332
full_coverage_complete,lefthyalinepaper2rgb,425,0,0,1,True,False,True,0.26833963363375574,0.26833963363375574
full_coverage_complete,lefthyalinepaper2rgb,426,0,0,6,True,False,True,0.14521577169036737,0.14521577169036737
full_coverage_complete,lefthyalinepaper2rgb,427,0,0,1,True,False,True,0.10182466863184386,0.10182466863184386
full_coverage_complete,lefthyalinepaper2rgb,428,0,0,6,True,False,True,0.0,0.0
full_coverage_complete,lefthyalinepaper2rgb,430,0,1,1,True,False,True,0.0,0.2984941531928726
full_coverage_complete,lefthyalinepaper2rgb,431,0,0,5,True,False,True,0.46791530185038066,0.46791530185038066
full_coverage_complete,lefthyalinepaper2rgb,432,0,0,5,True,False,True,0.5559559039189713,0.5559559039189713
full_coverage_complete,lefthyalinepaper2rgb,434,0,1,0,False,False,True,0.29813236492392303,0.5386402173981193
full_coverage_complete,lefthyalinepaper2rgb,435,0,1,5,True,False,True,0.37101385606048337,0.37101385606048337
full_coverage_complete,lefthyalinepaper2rgb,436,0,0,1,True,False,True,0.3219831566765197,0.3219831566765197
full_coverage_complete,lefthyalinepaper2rgb,438,0,0,1,True,False,True,0.0925158220526571,0.0925158220526571
full_coverage_complete,lefthyalinepaper2rgb,439,0,0,1,True,False,True,0.10699623729939117,0.10699623729939117
full_coverage_complete,lefthyalinepaper2rgb,461,0,0,4,True,False,True,0.6637601791884487,0.6637601791884487
full_coverage_complete,lefthyalinepaper2rgb,482,0,0,0,False,False,True,0.0,0.5808159183402687
full_coverage_complete,lefthyalinepaper2rgb,483,5,0,5,True,False,True,0.7265051939582305,0.7550608749554332
full_coverage_complete,lefthyalinepaper2rgb,502,0,0,1,True,False,True,0.8174472810255495,0.8174472810255495
full_coverage_complete,lefthyalinepaper2rgb,503,0,0,1,True,False,True,0.652288614394748,0.652288614394748
full_coverage_complete,lefthyalinepaper2rgb,504,0,0,1,True,False,True,0.627054863828987,0.627054863828987
full_coverage_complete,lefthyalinepaper2rgb,507,0,1,1,True,False,True,0.6807725561711678,0.0
full_coverage_complete,lefthyalinepaper2rgb,523,1,0,1,True,False,True,0.42543151655311445,0.4247110018967038
full_coverage_complete,lefthyalinepaper2rgb,524,0,0,1,True,False,True,0.5772838226734123,0.5772838226734123
full_coverage_complete,lefthyalinepaper2rgb,547,0,0,5,True,False,True,0.4976898891112501,0.4976898891112501
full_coverage_complete,lefthyalinepaper2rgb,550,0,0,5,True,False,True,0.7383741610390037,0.7383741610390037
full_coverage_complete,lefthyalinepaper2rgb,551,0,0,4,True,False,True,0.8287037378198828,0.8287037378198828
full_coverage_complete,lefthyalinepaper2rgb,552,0,0,6,True,False,True,0.4352142382844993,0.4352142382844993
full_coverage_complete,lefthyalinepaper2rgb,554,0,1,0,False,False,True,0.6185403593781862,0.0
full_coverage_complete,lefthyalinepaper2rgb,555,0,0,5,True,False,True,0.014689821989848601,0.014689821989848601
full_coverage_complete,lefthyalinepaper2rgb,556,0,0,5,True,False,True,0.02160329484250882,0.02160329484250882
full_coverage_complete,lefthyalinepaper2rgb,557,0,0,5,True,False,True,0.04899782510291973,0.04899782510291973
full_coverage_complete,lefthyalinepaper2rgb,559,0,0,1,True,False,True,0.07162948579983895,0.07162948579983895
full_coverage_complete,lefthyalinepaper2rgb,560,0,0,1,True,False,True,0.10718162435480223,0.10718162435480223
full_coverage_complete,lefthyalinepaper2rgb,561,0,0,4,True,False,True,0.2721437708799576,0.2721437708799576
full_coverage_complete,lefthyalinepaper2rgb,562,0,0,4,True,False,True,0.46570594953276645,0.46570594953276645
full_coverage_complete,lefthyalinepaper2rgb,563,0,0,4,True,False,True,0.32553600126397025,0.32553600126397025
full_coverage_complete,lefthyalinepaper2rgb,564,0,0,5,True,False,True,0.26133684974252797,0.26133684974252797
full_coverage_complete,lefthyalinepaper2rgb,571,0,0,5,True,False,True,0.49244933109633315,0.49244933109633315
full_coverage_complete,lefthyalinepaper2rgb,572,0,0,5,True,False,True,0.41720829931650866,0.41720829931650866
full_coverage_complete,lefthyalinepaper2rgb,575,0,0,1,True,False,True,0.40753238786108115,0.40753238786108115
full_coverage_complete,lefthyalinepaper2rgb,578,0,0,1,True,False,True,0.47944287599668006,0.47944287599668006
full_coverage_complete,lefthyalinepaper2rgb,579,0,0,5,True,False,True,0.3416665155487125,0.3416665155487125
full_coverage_complete,lefthyalinepaper2rgb,586,0,0,1,True,False,True,0.20906217678059272,0.20906217678059272
full_coverage_complete,lefthyalinepaper2rgb,587,0,0,4,True,False,True,0.1384966517097066,0.1384966517097066
full_coverage_complete,lefthyalinepaper2rgb,589,0,0,1,True,False,True,0.12250219006847511,0.12250219006847511
full_coverage_complete,lefthyalinepaper2rgb,590,0,0,4,True,False,True,0.061235364666372354,0.061235364666372354
full_coverage_complete,lefthyalinepaper2rgb,591,0,0,4,True,False,True,0.09789895193022823,0.09789895193022823
full_coverage_complete,lefthyalinepaper2rgb,593,0,0,4,True,False,True,0.0,0.0
full_coverage_complete,lefthyalinepaper2rgb,595,0,0,1,True,False,True,0.09148199128050288,0.09148199128050288
full_coverage_complete,lefthyalinepaper2rgb,609,0,0,4,True,False,True,0.6896889010412797,0.6896889010412797
full_coverage_complete,lefthyalinepaper2rgb,610,0,0,5,True,False,True,0.769882089638077,0.769882089638077
full_coverage_complete,lefthyalinepaper2rgb,613,0,0,5,True,False,True,0.6318023261987292,0.6318023261987292
full_coverage_complete,lefthyalinepaper2rgb,616,0,0,5,True,False,True,0.7534993738136202,0.7534993738136202
full_coverage_complete,lefthyalinepaper2rgb,617,0,0,5,True,False,True,0.574122845867026,0.574122845867026
full_coverage_complete,lefthyalinepaper2rgb,619,0,0,5,True,False,True,0.351817632528938,0.351817632528938
full_coverage_complete,lefthyalinepaper2rgb,620,5,4,5,True,False,True,0.2158769426545582,0.19796073227536123
full_coverage_complete,lefthyalinepaper2rgb,621,5,1,5,True,False,True,0.23144686878748869,0.03317408610383861
full_coverage_complete,lefthyalinepaper2rgb,622,0,0,5,True,False,True,0.06925260024470085,0.06925260024470085
full_coverage_complete,lefthyalinepaper2rgb,623,0,0,5,True,False,True,0.07580880660393556,0.07580880660393556
full_coverage_complete,lefthyalinepaper2rgb,624,0,0,4,True,False,True,0.052754608090640184,0.052754608090640184
full_coverage_complete,lefthyalinepaper2rgb,625,5,2,5,True,False,True,0.11869496722775742,0.009920157905368055
full_coverage_complete,lefthyalinepaper2rgb,626,0,0,4,True,False,True,0.029871780552320256,0.029871780552320256
full_coverage_complete,lefthyalinepaper2rgb,628,0,0,5,True,False,True,0.0,0.0
full_coverage_complete,lefthyalinepaper2rgb,629,5,0,5,True,False,True,0.013257456689685173,0.0
full_coverage_complete,lefthyalinepaper2rgb,630,0,0,5,True,False,True,0.02471315320211318,0.02471315320211318
full_coverage_complete,lefthyalinepaper2rgb,631,5,0,5,True,False,True,0.09016241947928677,0.0
full_coverage_complete,lefthyalinepaper2rgb,632,0,0,4,True,False,True,0.08921638392659169,0.08921638392659169
full_coverage_complete,lefthyalinepaper2rgb,633,5,0,5,True,False,True,0.1734142847764484,0.027286753505052695
full_coverage_complete,lefthyalinepaper2rgb,634,0,0,5,True,False,True,0.0,0.0
full_coverage_complete,lefthyalinepaper2rgb,635,5,0,5,True,False,True,0.08153636367178556,0.08659100585072821
full_coverage_complete,lefthyalinepaper2rgb,636,5,0,5,True,False,True,0.0,0.0
full_coverage_complete,lefthyalinepaper2rgb,637,0,0,5,True,False,True,0.0,0.0
full_coverage_complete,lefthyalinepaper2rgb,638,0,0,5,True,False,True,0.0,0.0
full_coverage_complete,lefthyalinepaper2rgb,639,0,0,5,True,False,True,0.0,0.0
full_coverage_complete,lefthyalinepaper2rgb,640,5,0,5,True,False,True,0.0,0.0398436925008501
full_coverage_complete,lefthyalinepaper2rgb,641,0,0,5,True,False,True,0.0,0.0
full_coverage_complete,lefthyalinepaper2rgb,642,0,0,5,True,False,True,0.0,0.0
full_coverage_complete,lefthyalinepaper2rgb,643,5,1,5,True,False,True,0.0,0.0
full_coverage_complete,lefthyalinepaper2rgb,644,0,0,5,True,False,True,0.0,0.0
full_coverage_complete,lefthyalinepaper2rgb,645,5,0,5,True,False,True,0.0,0.0
full_coverage_complete,lefthyalinepaper2rgb,646,5,0,5,True,False,True,0.025545886689147698,0.11634083814850352
full_coverage_complete,lefthyalinepaper2rgb,647,5,1,5,True,False,True,0.06562736021474642,0.059067746252652334
full_coverage_complete,lefthyalinepaper2rgb,648,0,0,5,True,False,True,0.0923189891994538,0.0923189891994538
full_coverage_complete,lefthyalinepaper2rgb,650,0,0,1,True,False,True,0.3211891667248103,0.3211891667248103
full_coverage_complete,lefthyalinepaper2rgb,654,5,3,5,True,False,True,0.2633873884765316,0.0
full_coverage_complete,lefthyalinepaper2rgb,655,0,0,5,True,False,True,0.0,0.0
full_coverage_complete,lefthyalinepaper2rgb,656,0,0,5,True,False,True,0.0,0.0
full_coverage_complete,lefthyalinepaper2rgb,657,0,0,5,True,False,True,0.0,0.0
full_coverage_complete,lefthyalinepaper2rgb,658,0,0,1,True,False,True,0.0,0.0
full_coverage_complete,lefthyalinepaper2rgb,659,0,0,5,True,False,True,0.09096092717385076,0.09096092717385076
full_coverage_complete,lefthyalinepaper2rgb,660,0,0,4,True,False,True,0.19439486650095844,0.19439486650095844
full_coverage_complete,lefthyalinepaper2rgb,662,0,0,5,True,False,True,0.16409311271489713,0.16409311271489713
full_coverage_complete,lefthyalinepaper2rgb,663,5,1,5,True,False,True,0.22837431412587134,0.05761802574963527
full_coverage_complete,lefthyalinepaper2rgb,664,5,0,5,True,False,True,0.002979051649916116,0.13550230134840363
full_coverage_complete,lefthyalinepaper2rgb,665,5,1,5,True,False,True,0.27504533704453327,0.11236463538861832
full_coverage_complete,lefthyalinepaper2rgb,666,5,0,5,True,False,True,0.07132028990524442,0.03138518443487239
full_coverage_complete,lefthyalinepaper2rgb,667,5,1,5,True,False,True,0.14003250467145353,0.048229647998536636
full_coverage_complete,lefthyalinepaper2rgb,668,0,0,5,True,False,True,0.13535476785932057,0.13535476785932057
full_coverage_complete,lefthyalinepaper2rgb,669,0,0,5,True,False,True,0.08945282861565801,0.08945282861565801
full_coverage_complete,lefthyalinepaper2rgb,670,0,0,5,True,False,True,0.00018562335230539988,0.00018562335230539988
full_coverage_complete,lefthyalinepaper2rgb,671,0,0,4,True,False,True,0.0,0.0
full_coverage_complete,lefthyalinepaper2rgb,672,0,0,4,True,False,True,0.0,0.0
full_coverage_complete,lefthyalinepaper2rgb,673,0,0,4,True,False,True,0.0,0.0
full_coverage_complete,lefthyalinepaper2rgb,674,0,0,4,True,False,True,0.0,0.0
full_coverage_complete,lefthyalinepaper2rgb,675,0,0,4,True,False,True,0.0,0.0
full_coverage_complete,lefthyalinepaper2rgb,676,0,1,4,True,False,True,0.0,0.6068397556982237
full_coverage_complete,lefthyalinepaper2rgb,677,0,0,1,True,False,True,0.6029842558265374,0.6029842558265374
full_coverage_complete,lefthyalinepaper2rgb,678,0,0,4,True,False,True,0.6331418822857745,0.6331418822857745
full_coverage_complete,lefthyalinepaper2rgb,679,5,0,5,True,False,True,0.4477087748712518,0.4659756999045448
full_coverage_complete,lefthyalinepaper2rgb,680,0,1,5,True,False,True,0.18544042397382665,0.0002237906698903212
full_coverage_complete,lefthyalinepaper2rgb,681,0,0,5,True,False,True,0.0,0.0
full_coverage_complete,lefthyalinepaper2rgb,682,0,0,4,True,False,True,0.021793804984811444,0.021793804984811444
full_coverage_complete,lefthyalinepaper2rgb,683,0,0,1,True,False,True,0.03505823584434338,0.03505823584434338
full_coverage_complete,lefthyalinepaper2rgb,684,0,0,4,True,False,True,0.05255533779469112,0.05255533779469112
full_coverage_complete,lefthyalinepaper2rgb,685,0,0,4,True,False,True,0.09677638928921997,0.09677638928921997
full_coverage_complete,lefthyalinepaper2rgb,686,0,0,4,True,False,True,0.21610790079625714,0.21610790079625714
full_coverage_complete,lefthyalinepaper2rgb,687,0,0,4,True,False,True,0.21723491249701632,0.21723491249701632
full_coverage_complete,lefthyalinepaper2rgb,688,0,0,4,True,False,True,0.25178179110819543,0.25178179110819543
full_coverage_complete,lefthyalinepaper2rgb,689,0,0,5,True,False,True,0.3365545320169039,0.3365545320169039
full_coverage_complete,lefthyalinepaper2rgb,690,0,0,4,True,False,True,0.2511790805499649,0.2511790805499649
full_coverage_complete,lefthyalinepaper2rgb,691,0,0,4,True,False,True,0.2859591205121932,0.2859591205121932
full_coverage_complete,lefthyalinepaper2rgb,692,0,0,5,True,False,True,0.12030224640142768,0.12030224640142768
full_coverage_complete,lefthyalinepaper2rgb,693,0,0,5,True,False,True,0.17022545205217415,0.17022545205217415
full_coverage_complete,lefthyalinepaper2rgb,694,0,0,5,True,False,True,0.14365751583481945,0.14365751583481945
full_coverage_complete,lefthyalinepaper2rgb,695,0,0,5,True,False,True,0.16283684562655404,0.16283684562655404
full_coverage_complete,lefthyalinepaper2rgb,696,0,0,5,True,False,True,0.13050641181146866,0.13050641181146866
full_coverage_complete,lefthyalinepaper2rgb,697,0,0,4,True,False,True,0.09996011303056636,0.09996011303056636
full_coverage_complete,lefthyalinepaper2rgb,698,0,0,5,True,False,True,0.270618422992959,0.270618422992959
full_coverage_complete,lefthyalinepaper2rgb,699,0,0,5,True,False,True,0.2769420847552199,0.2769420847552199
full_coverage_complete,lefthyalinepaper2rgb,700,0,0,5,True,False,True,0.2878791748936541,0.2878791748936541
full_coverage_complete,lefthyalinepaper2rgb,701,0,0,5,True,False,True,0.20268274124417654,0.20268274124417654
full_coverage_complete,lefthyalinepaper2rgb,702,0,0,4,True,False,True,0.2837410829763777,0.2837410829763777
full_coverage_complete,lefthyalinepaper2rgb,703,0,0,5,True,False,True,0.42697036209218103,0.42697036209218103
full_coverage_complete,lefthyalinepaper2rgb,704,0,0,5,True,False,True,0.5257765014096852,0.5257765014096852
full_coverage_complete,lefthyalinepaper2rgb,705,0,0,5,True,False,True,0.4558426517455552,0.4558426517455552
full_coverage_complete,lefthyalinepaper2rgb,706,0,0,4,True,False,True,0.4856953597492049,0.4856953597492049
full_coverage_complete,lefthyalinepaper2rgb,707,0,0,5,True,False,True,0.3944983665051554,0.3944983665051554
full_coverage_complete,lefthyalinepaper2rgb,708,0,0,5,True,False,True,0.44007325516183154,0.44007325516183154
full_coverage_complete,lefthyalinepaper2rgb,711,0,0,5,True,False,True,0.3682304904035528,0.3682304904035528
full_coverage_complete,lefthyalinepaper2rgb,713,0,0,4,True,False,True,0.328377081389008,0.328377081389008
full_coverage_complete,lefthyalinepaper2rgb,714,0,0,5,True,False,True,0.3128658363007239,0.3128658363007239
full_coverage_complete,lefthyalinepaper2rgb,715,0,0,5,True,False,True,0.3624667649301532,0.3624667649301532
full_coverage_complete,lefthyalinepaper2rgb,716,0,0,1,True,False,True,0.20298610762100258,0.20298610762100258
full_coverage_complete,lefthyalinepaper2rgb,717,5,4,5,True,False,True,0.29398142892277745,0.0
full_coverage_complete,lefthyalinepaper2rgb,718,0,2,5,True,False,True,0.0,0.0
full_coverage_complete,lefthyalinepaper2rgb,719,0,0,1,True,False,True,0.0,0.0
full_coverage_complete,lefthyalinepaper2rgb,720,0,0,6,True,False,True,0.0,0.0
full_coverage_complete,lefthyalinepaper2rgb,721,0,0,6,True,False,True,0.0,0.0
full_coverage_complete,lefthyalinepaper2rgb,722,0,0,5,True,False,True,0.0,0.0
full_coverage_complete,lefthyalinepaper2rgb,723,0,0,4,True,False,True,0.0,0.0
full_coverage_complete,lefthyalinepaper2rgb,724,0,0,5,True,False,True,0.0,0.0
full_coverage_complete,lefthyalinepaper2rgb,725,0,0,5,True,False,True,0.024404314310682,0.024404314310682
full_coverage_complete,lefthyalinepaper2rgb,726,0,0,5,True,False,True,0.0582950046620397,0.0582950046620397
full_coverage_complete,lefthyalinepaper2rgb,727,0,0,4,True,False,True,0.12236696743446257,0.12236696743446257
full_coverage_complete,lefthyalinepaper2rgb,728,0,0,4,True,False,True,0.1940695211617174,0.1940695211617174
full_coverage_complete,lefthyalinepaper2rgb,729,0,0,5,True,False,True,0.1395487047762873,0.1395487047762873
full_coverage_complete,lefthyalinepaper2rgb,730,0,0,5,True,False,True,0.19846556464437826,0.19846556464437826
full_coverage_complete,lefthyalinepaper2rgb,731,0,0,4,True,False,True,0.4385432922938805,0.4385432922938805
full_coverage_complete,lefthyalinepaper2rgb,732,0,0,4,True,False,True,0.3259444403104675,0.3259444403104675
full_coverage_complete,lefthyalinepaper2rgb,733,0,0,5,True,False,True,0.301784491181076,0.301784491181076
full_coverage_complete,lefthyalinepaper2rgb,734,0,0,5,True,False,True,0.2947962445687245,0.2947962445687245
full_coverage_complete,lefthyalinepaper2rgb,735,0,0,5,True,False,True,0.20918795606309776,0.20918795606309776
full_coverage_complete,lefthyalinepaper2rgb,736,0,0,5,True,False,True,0.1522942728581214,0.1522942728581214
full_coverage_complete,lefthyalinepaper2rgb,737,0,0,5,True,False,True,0.14864954461740276,0.14864954461740276
full_coverage_complete,lefthyalinepaper2rgb,738,0,0,5,True,False,True,0.10024949423342006,0.10024949423342006
full_coverage_complete,lefthyalinepaper2rgb,739,0,0,5,True,False,True,0.0,0.0
full_coverage_complete,lefthyalinepaper2rgb,740,0,0,5,True,False,True,0.0,0.0
full_coverage_complete,lefthyalinepaper2rgb,741,0,0,5,True,False,True,0.03286084186154645,0.03286084186154645
full_coverage_complete,lefthyalinepaper2rgb,742,0,0,5,True,False,True,0.028013681989523982,0.028013681989523982
full_coverage_complete,lefthyalinepaper2rgb,743,5,2,5,True,False,True,0.18685915483062956,0.08519756130480777
full_coverage_complete,lefthyalinepaper2rgb,744,5,0,5,True,False,True,0.16661235374165415,0.11180187839648989
full_coverage_complete,lefthyalinepaper2rgb,745,0,0,5,True,False,True,0.21267925883338096,0.21267925883338096
full_coverage_complete,lefthyalinepaper2rgb,747,0,0,5,True,False,True,0.34670778130293073,0.34670778130293073
full_coverage_complete,lefthyalinepaper2rgb,748,0,1,0,False,False,True,0.3018888873709841,0.0
full_coverage_complete,lefthyalinepaper2rgb,749,0,0,5,True,False,True,0.20407925201060145,0.20407925201060145
full_coverage_complete,lefthyalinepaper2rgb,750,1,4,1,True,False,True,0.15583837531573694,0.03292407331783677
full_coverage_complete,lefthyalinepaper2rgb,751,5,0,5,True,False,True,0.12443478602983879,0.09655980034975666
full_coverage_complete,lefthyalinepaper2rgb,752,5,1,5,True,False,True,0.10201072575177882,0.04129354122521256
full_coverage_complete,lefthyalinepaper2rgb,753,5,0,5,True,False,True,0.042558753008363155,0.008797067548282871
full_coverage_complete,lefthyalinepaper2rgb,754,5,4,5,True,False,True,0.08443597499515973,0.0
full_coverage_complete,lefthyalinepaper2rgb,755,0,0,5,True,False,True,0.07097483194895317,0.07097483194895317
full_coverage_complete,lefthyalinepaper2rgb,756,1,3,1,True,False,True,0.08975690445059623,0.04028526164370905
full_coverage_complete,lefthyalinepaper2rgb,757,5,0,5,True,False,True,0.13233800545170743,0.0805883564148405
full_coverage_complete,lefthyalinepaper2rgb,758,0,0,1,True,False,True,0.12638009602951567,0.12638009602951567
full_coverage_complete,lefthyalinepaper2rgb,759,0,0,1,True,False,True,0.08629742100412895,0.08629742100412895
full_coverage_complete,lefthyalinepaper2rgb,760,0,1,4,True,False,True,0.11494607884078147,0.11494607884078147
full_coverage_complete,lefthyalinepaper2rgb,762,0,0,5,True,False,True,0.18351367977441355,0.18351367977441355
full_coverage_complete,lefthyalinepaper2rgb,763,0,0,5,True,False,True,0.29617141006178777,0.29617141006178777
full_coverage_complete,lefthyalinepaper2rgb,764,5,1,5,True,False,True,0.32937298608887605,0.27355096337551993
full_coverage_complete,lefthyalinepaper2rgb,765,0,0,4,True,False,True,0.18637570515653995,0.18637570515653995
full_coverage_complete,lefthyalinepaper2rgb,766,0,0,4,True,False,True,0.20651099250139482,0.20651099250139482
full_coverage_complete,lefthyalinepaper2rgb,767,0,0,4,True,False,True,0.20894651078832593,0.20894651078832593
full_coverage_complete,lefthyalinepaper2rgb,768,5,4,5,True,False,True,0.20869365535869414,0.23214289198639126
full_coverage_complete,lefthyalinepaper2rgb,769,0,0,4,True,False,True,0.2804405577810859,0.2804405577810859
full_coverage_complete,lefthyalinepaper2rgb,770,0,0,4,True,False,True,0.25984607373771884,0.25984607373771884
full_coverage_complete,lefthyalinepaper2rgb,771,0,0,4,True,False,True,0.2463604030105442,0.2463604030105442
full_coverage_complete,lefthyalinepaper2rgb,772,0,0,4,True,False,True,0.31553470267421113,0.31553470267421113
full_coverage_complete,lefthyalinepaper2rgb,773,0,0,5,True,False,True,0.28657891655518486,0.28657891655518486
full_coverage_complete,lefthyalinepaper2rgb,774,0,0,4,True,False,True,0.20709831155355302,0.20709831155355302
full_coverage_complete,lefthyalinepaper2rgb,775,0,1,4,True,False,True,0.18973011397481485,0.13360724015211975
full_coverage_complete,lefthyalinepaper2rgb,776,0,1,5,True,False,True,0.0944481015317309,0.020360159230483836
full_coverage_complete,lefthyalinepaper2rgb,777,0,0,5,True,False,True,0.11576694161267465,0.11576694161267465
full_coverage_complete,lefthyalinepaper2rgb,778,0,0,5,True,False,True,0.10327579980800947,0.10327579980800947
full_coverage_complete,lefthyalinepaper2rgb,779,0,0,5,True,False,True,0.04898185142607099,0.04898185142607099
full_coverage_complete,lefthyalinepaper2rgb,780,5,0,5,True,False,True,0.09094161155056533,0.030548088429446653
full_coverage_complete,lefthyalinepaper2rgb,781,0,0,5,True,False,True,0.011112523866502742,0.011112523866502742
full_coverage_complete,lefthyalinepaper2rgb,782,0,0,4,True,False,True,0.0314745548688901,0.0314745548688901
full_coverage_complete,lefthyalinepaper2rgb,784,0,0,5,True,False,True,0.0010839456979162398,0.0010839456979162398
full_coverage_complete,lefthyalinepaper2rgb,785,0,0,5,True,False,True,0.020615926190814537,0.020615926190814537
full_coverage_complete,lefthyalinepaper2rgb,786,0,0,5,True,False,True,0.0,0.0
full_coverage_complete,lefthyalinepaper2rgb,787,5,1,5,True,False,True,0.0,0.0
full_coverage_complete,lefthyalinepaper2rgb,788,0,0,5,True,False,True,0.0,0.0
full_coverage_complete,lefthyalinepaper2rgb,789,0,0,5,True,False,True,0.008058131459733102,0.008058131459733102
full_coverage_complete,lefthyalinepaper2rgb,791,0,0,4,True,False,True,0.0,0.0
full_coverage_complete,lefthyalinepaper2rgb,792,0,0,4,True,False,True,0.0,0.0
full_coverage_complete,lefthyalinepaper2rgb,793,0,0,5,True,False,True,0.0,0.0
full_coverage_complete,lefthyalinepaper2rgb,794,0,0,5,True,False,True,0.0,0.0
full_coverage_complete,lefthyalinepaper2rgb,795,0,0,4,True,False,True,0.0,0.0
full_coverage_complete,lefthyalinepaper2rgb,796,0,0,5,True,False,True,0.0,0.0
full_coverage_complete,lefthyalinepaper2rgb,797,5,1,5,True,False,True,0.0,0.0
full_coverage_complete,lefthyalinepaper2rgb,798,0,0,5,True,False,True,0.0,0.0
full_coverage_complete,lefthyalinepaper2rgb,799,0,0,4,True,False,True,0.0,0.0
full_coverage_complete,lefthyalinepaper2rgb,800,5,0,5,True,False,True,0.020051312125861042,0.006623208216033868
full_coverage_complete,lefthyalinepaper2rgb,801,5,0,5,True,False,True,0.05851953234331972,0.0
full_coverage_complete,lefthyalinepaper2rgb,802,5,0,5,True,False,True,0.046678374283182854,0.032232529364870866
full_coverage_complete,lefthyalinepaper2rgb,804,0,0,5,True,False,True,0.06999379357814532,0.06999379357814532
full_coverage_complete,lefthyalinepaper2rgb,806,5,1,5,True,False,True,0.09433443985745103,0.0
full_coverage_complete,lefthyalinepaper2rgb,807,0,0,4,True,False,True,0.08491993693464864,0.08491993693464864
full_coverage_complete,lefthyalinepaper2rgb,808,0,0,5,True,False,True,0.08510562197757539,0.08510562197757539
full_coverage_complete,lefthyalinepaper2rgb,809,5,1,5,True,False,True,0.1144824598786408,0.10361473246889294
full_coverage_complete,lefthyalinepaper2rgb,810,0,0,5,True,False,True,0.10121835832028432,0.10121835832028432
full_coverage_complete,lefthyalinepaper2rgb,811,0,0,4,True,False,True,0.12652607170064176,0.12652607170064176
full_coverage_complete,lefthyalinepaper2rgb,812,0,0,4,True,False,True,0.12871250326097564,0.12871250326097564
full_coverage_complete,lefthyalinepaper2rgb,813,0,0,4,True,False,True,0.11175878544126955,0.11175878544126955
full_coverage_complete,lefthyalinepaper2rgb,814,0,0,4,True,False,True,0.13875428891596428,0.13875428891596428
full_coverage_complete,lefthyalinepaper2rgb,815,0,0,5,True,False,True,0.13180964907203604,0.13180964907203604
full_coverage_complete,lefthyalinepaper2rgb,816,0,0,4,True,False,True,0.14007140454913694,0.14007140454913694
full_coverage_complete,lefthyalinepaper2rgb,817,0,0,4,True,False,True,0.17607267935795173,0.17607267935795173
full_coverage_complete,lefthyalinepaper2rgb,818,0,0,4,True,False,True,0.14710679909393018,0.14710679909393018
full_coverage_complete,lefthyalinepaper2rgb,819,0,0,4,True,False,True,0.1623630483905091,0.1623630483905091
full_coverage_complete,lefthyalinepaper2rgb,820,0,0,5,True,False,True,0.17241240244940328,0.17241240244940328
full_coverage_complete,lefthyalinepaper2rgb,821,0,0,4,True,False,True,0.19895244533939327,0.19895244533939327
full_coverage_complete,lefthyalinepaper2rgb,822,0,0,4,True,False,True,0.16000136688374708,0.16000136688374708
full_coverage_complete,lefthyalinepaper2rgb,823,0,0,4,True,False,True,0.15318698561431196,0.15318698561431196
full_coverage_complete,lefthyalinepaper2rgb,824,0,0,4,True,False,True,0.11608861339887486,0.11608861339887486
full_coverage_complete,lefthyalinepaper2rgb,825,0,0,4,True,False,True,0.1636892975000309,0.1636892975000309
full_coverage_complete,lefthyalinepaper2rgb,826,0,0,5,True,False,True,0.17114102724731384,0.17114102724731384
full_coverage_complete,lefthyalinepaper2rgb,827,0,0,5,True,False,True,0.2708896293831218,0.2708896293831218
full_coverage_complete,lefthyalinepaper2rgb,828,0,0,5,True,False,True,0.3128095450601973,0.3128095450601973
full_coverage_complete,lefthyalinepaper2rgb,829,0,0,4,True,False,True,0.2784102176144411,0.2784102176144411
full_coverage_complete,lefthyalinepaper2rgb,830,5,0,5,True,False,True,0.26789145825970584,0.25392020736478466
full_coverage_complete,lefthyalinepaper2rgb,831,0,0,4,True,False,True,0.20539456680887694,0.20539456680887694
full_coverage_complete,lefthyalinepaper2rgb,832,5,0,5,True,False,True,0.24375366371444135,0.19045925159465016
full_coverage_complete,lefthyalinepaper2rgb,833,0,0,5,True,False,True,0.2976600820003969,0.2976600820003969
full_coverage_complete,lefthyalinepaper2rgb,834,0,0,4,True,False,True,0.35257587809856245,0.35257587809856245
full_coverage_complete,lefthyalinepaper2rgb,835,0,0,5,True,False,True,0.3359886365314985,0.3359886365314985
full_coverage_complete,lefthyalinepaper2rgb,836,0,0,4,True,False,True,0.33529761046827283,0.33529761046827283
full_coverage_complete,lefthyalinepaper2rgb,837,0,0,4,True,False,True,0.39867292981923297,0.39867292981923297
full_coverage_complete,lefthyalinepaper2rgb,838,0,0,4,True,False,True,0.3009969870510168,0.3009969870510168
full_coverage_complete,lefthyalinepaper2rgb,839,0,0,5,True,False,True,0.2958266044963846,0.2958266044963846
full_coverage_complete,lefthyalinepaper2rgb,840,0,0,5,True,False,True,0.27283246331474886,0.27283246331474886
full_coverage_complete,lefthyalinepaper2rgb,841,0,0,4,True,False,True,0.2175065924176356,0.2175065924176356
full_coverage_complete,lefthyalinepaper2rgb,842,0,0,4,True,False,True,0.1619434190377003,0.1619434190377003
full_coverage_complete,lefthyalinepaper2rgb,843,0,0,5,True,False,True,0.21297586308641853,0.21297586308641853
full_coverage_complete,lefthyalinepaper2rgb,844,0,0,5,True,False,True,0.2280700806528413,0.2280700806528413
full_coverage_complete,lefthyalinepaper2rgb,845,0,0,5,True,False,True,0.24094675344357805,0.24094675344357805
full_coverage_complete,lefthyalinepaper2rgb,846,0,0,4,True,False,True,0.1544997700930212,0.1544997700930212
full_coverage_complete,lefthyalinepaper2rgb,847,0,0,4,True,False,True,0.34103613902031416,0.34103613902031416
full_coverage_complete,lefthyalinepaper2rgb,848,0,0,5,True,False,True,0.10966999865252766,0.10966999865252766
full_coverage_complete,lefthyalinepaper2rgb,849,0,0,5,True,False,True,0.2643128496845289,0.2643128496845289
full_coverage_complete,lefthyalinepaper2rgb,850,0,0,5,True,False,True,0.3314698912203205,0.3314698912203205
full_coverage_complete,lefthyalinepaper2rgb,851,0,0,5,True,False,True,0.26333967407817405,0.26333967407817405
full_coverage_complete,lefthyalinepaper2rgb,852,0,0,4,True,False,True,0.16800065292323638,0.16800065292323638
full_coverage_complete,lefthyalinepaper2rgb,853,0,0,4,True,False,True,0.14428893554058267,0.14428893554058267
full_coverage_complete,lefthyalinepaper2rgb,854,0,0,4,True,False,True,0.08532808435506262,0.08532808435506262
full_coverage_complete,lefthyalinepaper2rgb,855,5,0,5,True,False,True,0.16464294795269874,0.11123309100040868
full_coverage_complete,lefthyalinepaper2rgb,857,5,0,5,True,False,True,0.14087360080193292,0.11912699033120756
full_coverage_complete,lefthyalinepaper2rgb,858,5,3,5,True,False,True,0.10641255012306294,0.05416678207262749
full_coverage_complete,lefthyalinepaper2rgb,859,5,2,5,True,False,True,0.1046478680408994,0.044320290538544985
full_coverage_complete,lefthyalinepaper2rgb,860,5,0,5,True,False,True,0.10419824903532982,0.08108658171062041
full_coverage_complete,lefthyalinepaper2rgb,861,0,0,5,True,False,True,0.04831823836802848,0.04831823836802848
full_coverage_complete,lefthyalinepaper2rgb,862,5,0,5,True,False,True,0.11567559927971957,0.0848563255496177
full_coverage_complete,lefthyalinepaper2rgb,863,0,1,5,True,False,True,0.08645228187958551,0.06070318840911127
full_coverage_complete,lefthyalinepaper2rgb,864,0,0,5,True,False,True,0.08105410985287982,0.08105410985287982
full_coverage_complete,lefthyalinepaper2rgb,865,0,0,1,True,False,True,0.17950642267297898,0.17950642267297898
full_coverage_complete,lefthyalinepaper2rgb,866,0,1,4,True,False,True,0.28079280776914,0.25178475112238874
full_coverage_complete,lefthyalinepaper2rgb,867,0,0,4,True,False,True,0.22287966765194236,0.22287966765194236
full_coverage_complete,lefthyalinepaper2rgb,868,0,0,4,True,False,True,0.4253860919004516,0.4253860919004516
full_coverage_complete,lefthyalinepaper2rgb,869,0,0,4,True,False,True,0.5948766520377445,0.5948766520377445
full_coverage_complete,lefthyalinepaper2rgb,870,0,0,4,True,False,True,0.49423554098471245,0.49423554098471245
full_coverage_complete,lefthyalinepaper2rgb,871,0,0,4,True,False,True,0.5807243077934345,0.5807243077934345
full_coverage_complete,lefthyalinepaper2rgb,873,0,0,1,True,False,True,0.6340178904162955,0.6340178904162955
full_coverage_complete,lefthyalinepaper2rgb,874,0,0,4,True,False,True,0.8048982278295024,0.8048982278295024
full_coverage_complete,lefthyalinepaper2rgb,875,0,0,5,True,False,True,0.6708553448138259,0.6708553448138259
full_coverage_complete,lefthyalinepaper2rgb,876,0,0,4,True,False,True,0.6553045853678239,0.6553045853678239
full_coverage_complete,lefthyalinepaper2rgb,877,5,0,5,True,False,True,0.5154837793695797,0.0
full_coverage_complete,lefthyalinepaper2rgb,878,0,0,4,True,False,True,0.0,0.0
full_coverage_complete,lefthyalinepaper2rgb,883,0,0,4,True,False,True,0.0,0.0
full_coverage_complete,lefthyalinepaper2rgb,884,0,0,4,True,False,True,0.0,0.0
full_coverage_complete,lefthyalinepaper2rgb,885,0,0,4,True,False,True,0.0,0.0
full_coverage_complete,lefthyalinepaper2rgb,886,0,0,5,True,False,True,0.0,0.0
full_coverage_complete,lefthyalinepaper2rgb,887,0,0,4,True,False,True,0.0,0.0
full_coverage_complete,lefthyalinepaper2rgb,888,0,0,4,True,False,True,0.0,0.0
full_coverage_complete,lefthyalinepaper2rgb,889,0,0,4,True,False,True,0.0,0.0
full_coverage_complete,lefthyalinepaper2rgb,890,0,0,5,True,False,True,0.0,0.0
full_coverage_complete,lefthyalinepaper2rgb,891,0,0,4,True,False,True,0.0,0.0
full_coverage_complete,lefthyalinepaper2rgb,892,0,0,4,True,False,True,0.0,0.0
full_coverage_complete,lefthyalinepaper2rgb,893,0,0,5,True,False,True,0.0,0.0
full_coverage_complete,lefthyalinepaper2rgb,894,0,0,5,True,False,True,0.0,0.0
full_coverage_complete,lefthyalinepaper2rgb,895,0,0,4,True,False,True,0.0,0.0
full_coverage_complete,lefthyalinepaper2rgb,896,0,0,4,True,False,True,0.0,0.0
full_coverage_complete,lefthyalinepaper2rgb,897,0,0,5,True,False,True,0.0,0.0
full_coverage_complete,lefthyalinepaper2rgb,898,0,0,4,True,False,True,0.0,0.0
full_coverage_complete,lefthyalinepaper2rgb,900,0,0,5,True,False,True,0.0,0.0
full_coverage_complete,lefthyalinepaper2rgb,901,0,0,5,True,False,True,0.0,0.0
full_coverage_complete,lefthyalinepaper2rgb,902,0,0,5,True,False,True,0.0,0.0
full_coverage_complete,lefthyalinepaper2rgb,903,0,0,5,True,False,True,0.0,0.0
full_coverage_complete,lefthyalinepaper2rgb,904,0,0,5,True,False,True,0.0,0.0
full_coverage_complete,lefthyalinepaper2rgb,905,0,0,5,True,False,True,0.0,0.0
full_coverage_complete,lefthyalinepaper2rgb,906,0,0,5,True,False,True,0.2047232790489135,0.2047232790489135
full_coverage_complete,lefthyalinepaper2rgb,907,0,1,5,True,False,True,0.2969633572705435,0.0
full_coverage_complete,lefthyalinepaper2rgb,908,0,2,5,True,False,True,0.0,0.0
full_coverage_complete,lefthyalinepaper2rgb,909,0,0,1,True,False,True,0.1943699193084133,0.1943699193084133
full_coverage_complete,lefthyalinepaper2rgb,910,0,1,5,True,False,True,0.343736132504371,0.0
full_coverage_complete,lefthyalinepaper2rgb,911,0,0,5,True,False,True,0.0,0.0
full_coverage_complete,lefthyalinepaper2rgb,912,0,0,4,True,False,True,0.0,0.0
full_coverage_complete,lefthyalinepaper2rgb,913,5,3,5,True,False,True,0.0,0.0
full_coverage_complete,lefthyalinepaper2rgb,915,0,0,5,True,False,True,0.0,0.0
full_coverage_complete,lefthyalinepaper2rgb,916,0,0,5,True,False,True,0.0,0.0
full_coverage_complete,lefthyalinepaper2rgb,917,0,0,5,True,False,True,0.013172110175332341,0.013172110175332341
full_coverage_complete,lefthyalinepaper2rgb,918,0,0,5,True,False,True,0.13581466868089917,0.13581466868089917
full_coverage_complete,lefthyalinepaper2rgb,920,0,0,4,True,False,True,0.11800363580821716,0.11800363580821716
full_coverage_complete,lefthyalinepaper2rgb,921,0,0,5,True,False,True,0.1581522780282148,0.1581522780282148
full_coverage_complete,lefthyalinepaper2rgb,922,0,0,5,True,False,True,0.10672280460609362,0.10672280460609362
full_coverage_complete,lefthyalinepaper2rgb,923,5,0,5,True,False,True,0.09430643281055244,0.09522001959320418
full_coverage_complete,lefthyalinepaper2rgb,924,0,0,5,True,False,True,0.0617752943971995,0.0617752943971995
full_coverage_complete,lefthyalinepaper2rgb,925,0,0,4,True,False,True,0.008666420449189693,0.008666420449189693
full_coverage_complete,lefthyalinepaper2rgb,926,0,0,4,True,False,True,0.05165441660010368,0.05165441660010368
full_coverage_complete,lefthyalinepaper2rgb,927,0,0,5,True,False,True,0.002084865732485444,0.002084865732485444
full_coverage_complete,lefthyalinepaper2rgb,928,0,0,4,True,False,True,0.0,0.0
full_coverage_complete,lefthyalinepaper2rgb,929,0,0,5,True,False,True,0.0,0.0
full_coverage_complete,lefthyalinepaper2rgb,930,5,0,5,True,False,True,0.0,0.0
full_coverage_complete,lefthyalinepaper2rgb,931,0,0,5,True,False,True,0.0,0.0
full_coverage_complete,lefthyalinepaper2rgb,932,0,0,4,True,False,True,0.0,0.0
full_coverage_complete,lefthyalinepaper2rgb,933,0,0,4,True,False,True,0.06272538986897604,0.06272538986897604
full_coverage_complete,lefthyalinepaper2rgb,934,0,0,4,True,False,True,0.0,0.0
full_coverage_complete,lefthyalinepaper2rgb,935,0,0,4,True,False,True,0.0,0.0
full_coverage_complete,lefthyalinepaper2rgb,936,0,0,5,True,False,True,0.0,0.0
full_coverage_complete,lefthyalinepaper2rgb,937,0,0,5,True,False,True,0.3065819757495976,0.3065819757495976
full_coverage_complete,lefthyalinepaper2rgb,939,0,0,4,True,False,True,0.17227487347948062,0.17227487347948062
full_coverage_complete,lefthyalinepaper2rgb,940,0,0,4,True,False,True,0.27098421369917564,0.27098421369917564
full_coverage_complete,lefthyalinepaper2rgb,941,0,0,5,True,False,True,0.315092691235704,0.315092691235704
full_coverage_complete,lefthyalinepaper2rgb,942,0,0,5,True,False,True,0.35405132607796325,0.35405132607796325
full_coverage_complete,lefthyalinepaper2rgb,943,0,0,5,True,False,True,0.28679749538547655,0.28679749538547655
full_coverage_complete,lefthyalinepaper2rgb,944,0,0,4,True,False,True,0.2651169095738759,0.2651169095738759
full_coverage_complete,lefthyalinepaper2rgb,945,0,0,4,True,False,True,0.33954515144623576,0.33954515144623576
full_coverage_complete,lefthyalinepaper2rgb,948,0,0,4,True,False,True,0.32402981137034204,0.32402981137034204
full_coverage_complete,lefthyalinepaper2rgb,949,0,0,5,True,False,True,0.35139747946878747,0.35139747946878747
full_coverage_complete,lefthyalinepaper2rgb,950,0,0,5,True,False,True,0.295968181553732,0.295968181553732
full_coverage_complete,lefthyalinepaper2rgb,951,0,0,4,True,False,True,0.319506732723527,0.319506732723527
full_coverage_complete,lefthyalinepaper2rgb,952,0,0,4,True,False,True,0.25050898736798255,0.25050898736798255
full_coverage_complete,lefthyalinepaper2rgb,955,0,0,1,True,False,True,0.0,0.0
full_coverage_complete,lefthyalinepaper2rgb,956,0,0,1,True,False,True,0.0,0.0
full_coverage_complete,lefthyalinepaper2rgb,958,0,0,4,True,False,True,0.0,0.0
full_coverage_complete,lefthyalinepaper2rgb,960,0,0,1,True,False,True,0.0,0.0
full_coverage_complete,lefthyalinepaper2rgb,962,0,0,1,True,False,True,0.0,0.0
full_coverage_complete,lefthyalinepaper2rgb,963,0,0,1,True,False,True,0.0,0.0
full_coverage_complete,lefthyalinepaper2rgb,964,0,0,1,True,False,True,0.0,0.0
full_coverage_complete,lefthyalinepaper2rgb,965,0,0,4,True,False,True,0.0,0.0
full_coverage_complete,lefthyalinepaper2rgb,966,0,0,4,True,False,True,0.0,0.0
full_coverage_complete,lefthyalinepaper2rgb,967,0,0,4,True,False,True,0.0,0.0
full_coverage_complete,lefthyalinepaper2rgb,968,0,0,4,True,False,True,0.0,0.0
full_coverage_complete,lefthyalinepaper2rgb,969,0,0,5,True,False,True,0.0,0.0
full_coverage_complete,lefthyalinepaper2rgb,970,0,0,4,True,False,True,0.0,0.0
full_coverage_complete,lefthyalinepaper2rgb,971,0,0,5,True,False,True,0.0,0.0
full_coverage_complete,lefthyalinepaper2rgb,973,0,0,4,True,False,True,0.0,0.0
full_coverage_complete,lefthyalinepaper2rgb,974,0,0,1,True,False,True,0.0,0.0
full_coverage_complete,lefthyalinepaper2rgb,975,4,0,4,True,False,True,0.0,0.37737960504167767
full_coverage_complete,lefthyalinepaper2rgb,977,0,0,5,True,False,True,0.5237757453997525,0.5237757453997525
full_coverage_complete,lefthyalinepaper2rgb,978,0,0,5,True,False,True,0.5976267165776481,0.5976267165776481
full_coverage_complete,lefthyalinepaper2rgb,979,0,0,5,True,False,True,0.5061714957099123,0.5061714957099123
full_coverage_complete,lefthyalinepaper2rgb,980,0,0,4,True,False,True,0.21549507480141836,0.21549507480141836
full_coverage_complete,lefthyalinepaper2rgb,981,0,0,5,True,False,True,0.23032211788209359,0.23032211788209359
full_coverage_complete,lefthyalinepaper2rgb,982,0,0,4,True,False,True,0.22401915037130324,0.22401915037130324
full_coverage_complete,lefthyalinepaper2rgb,984,0,0,5,True,False,True,0.20195370794477355,0.20195370794477355
full_coverage_complete,lefthyalinepaper2rgb,985,0,0,5,True,False,True,0.2149715546909037,0.2149715546909037
full_coverage_complete,lefthyalinepaper2rgb,986,0,1,5,True,False,True,0.1621571155945001,0.0
full_coverage_complete,lefthyalinepaper2rgb,987,0,1,5,True,False,True,0.0,0.2956783618084079
full_coverage_complete,lefthyalinepaper2rgb,988,0,0,1,True,False,True,0.40533228313452696,0.40533228313452696
full_coverage_complete,lefthyalinepaper2rgb,990,0,0,5,True,False,True,0.32837064228585244,0.32837064228585244
full_coverage_complete,lefthyalinepaper2rgb,991,0,0,5,True,False,True,0.4545203005954777,0.4545203005954777
full_coverage_complete,lefthyalinepaper2rgb,992,0,0,1,True,False,True,0.28088395311332665,0.28088395311332665
full_coverage_complete,lefthyalinepaper2rgb,993,0,0,1,True,False,True,0.3515207401153147,0.3515207401153147
full_coverage_complete,lefthyalinepaper2rgb,994,0,0,5,True,False,True,0.34076209897480525,0.34076209897480525
full_coverage_complete,lefthyalinepaper2rgb,1004,0,0,4,True,False,True,0.35749645424951365,0.35749645424951365
full_coverage_complete,lefthyalinepaper2rgb,1005,0,0,1,True,False,True,0.45299745540325626,0.45299745540325626
full_coverage_complete,lefthyalinepaper2rgb,1006,0,0,4,True,False,True,0.3755828989799884,0.3755828989799884
full_coverage_complete,lefthyalinepaper2rgb,1007,0,0,5,True,False,True,0.2771041199728699,0.2771041199728699
full_coverage_complete,lefthyalinepaper2rgb,1008,0,0,5,True,False,True,0.18158105234598607,0.18158105234598607
full_coverage_complete,lefthyalinepaper2rgb,1009,0,0,5,True,False,True,0.2386963236746481,0.2386963236746481
full_coverage_complete,lefthyalinepaper2rgb,1010,0,0,5,True,False,True,0.22272918056348423,0.22272918056348423
full_coverage_complete,lefthyalinepaper2rgb,1011,0,0,5,True,False,True,0.2472869992258298,0.2472869992258298
full_coverage_complete,lefthyalinepaper2rgb,1012,0,0,5,True,False,True,0.20946592336201492,0.20946592336201492
full_coverage_complete,lefthyalinepaper2rgb,1013,0,0,5,True,False,True,0.19253811532251386,0.19253811532251386
full_coverage_complete,lefthyalinepaper2rgb,1014,0,0,6,True,False,True,0.11199150221494845,0.11199150221494845
full_coverage_complete,lefthyalinepaper2rgb,1015,0,0,5,True,False,True,0.06690913964732448,0.06690913964732448
full_coverage_complete,lefthyalinepaper2rgb,1016,0,0,5,True,False,True,0.0,0.0
full_coverage_complete,lefthyalinepaper2rgb,1017,6,0,6,True,False,True,0.0,0.0
full_coverage_complete,lefthyalinepaper2rgb,1018,0,1,0,False,False,True,0.0,0.0
full_coverage_complete,lefthyalinepaper2rgb,1019,0,0,5,True,False,True,0.05846644177368014,0.05846644177368014
full_coverage_complete,lefthyalinepaper2rgb,1020,0,0,5,True,False,True,0.21407935861685748,0.21407935861685748
full_coverage_complete,lefthyalinepaper2rgb,1021,0,0,5,True,False,True,0.2505627251631548,0.2505627251631548
full_coverage_complete,lefthyalinepaper2rgb,1022,0,0,5,True,False,True,0.34352890966060406,0.34352890966060406
full_coverage_complete,lefthyalinepaper2rgb,1023,0,0,4,True,False,True,0.4525748535482486,0.4525748535482486
full_coverage_complete,lefthyalinepaper2rgb,1024,0,0,1,True,False,True,0.513763018569576,0.513763018569576
full_coverage_complete,lefthyalinepaper2rgb,1029,0,0,5,True,False,True,0.43266766392381595,0.43266766392381595
full_coverage_complete,lefthyalinepaper2rgb,1030,0,0,1,True,False,True,0.38009659177857,0.38009659177857
full_coverage_complete,lefthyalinepaper2rgb,1032,0,0,4,True,False,True,0.3911141889854088,0.3911141889854088
full_coverage_complete,lefthyalinepaper2rgb,1033,0,0,4,True,False,True,0.5089200885826718,0.5089200885826718
full_coverage_complete,lefthyalinepaper2rgb,1034,0,0,4,True,False,True,0.4944074867657905,0.4944074867657905
full_coverage_complete,lefthyalinepaper2rgb,1035,0,0,4,True,False,True,0.5230441904330754,0.5230441904330754
full_coverage_complete,lefthyalinepaper2rgb,1036,0,0,4,True,False,True,0.700202237941164,0.700202237941164
full_coverage_complete,lefthyalinepaper2rgb,1037,0,0,4,True,False,True,0.736068361321564,0.736068361321564
full_coverage_complete,lefthyalinepaper2rgb,1038,0,0,4,True,False,True,0.700186586043787,0.700186586043787
full_coverage_complete,lefthyalinepaper2rgb,1039,0,0,4,True,False,True,0.6804711561428736,0.6804711561428736
full_coverage_complete,lefthyalinepaper2rgb,1040,0,0,4,True,False,True,0.5425052599891201,0.5425052599891201
full_coverage_complete,lefthyalinepaper2rgb,1041,0,0,4,True,False,True,0.41575386708451256,0.41575386708451256
full_coverage_complete,lefthyalinepaper2rgb,1042,0,0,4,True,False,True,0.39061633488525405,0.39061633488525405
full_coverage_complete,lefthyalinepaper2rgb,1043,0,0,5,True,False,True,0.13567328830989187,0.13567328830989187
full_coverage_complete,lefthyalinepaper2rgb,1044,0,0,5,True,False,True,0.2680674131445945,0.2680674131445945
full_coverage_complete,lefthyalinepaper2rgb,1045,0,0,4,True,False,True,0.1429077697580288,0.1429077697580288
full_coverage_complete,lefthyalinepaper2rgb,1046,5,2,5,True,False,True,0.3313960625455352,0.0
full_coverage_complete,lefthyalinepaper2rgb,1048,0,0,4,True,False,True,0.0,0.0
full_coverage_complete,lefthyalinepaper2rgb,1049,0,0,4,True,False,True,0.0,0.0
full_coverage_complete,lefthyalinepaper2rgb,1050,0,0,6,True,False,True,0.0,0.0
full_coverage_complete,lefthyalinepaper2rgb,1051,0,0,6,True,False,True,0.0,0.0
full_coverage_complete,lefthyalinepaper2rgb,1052,0,0,5,True,False,True,0.0,0.0
full_coverage_complete,lefthyalinepaper2rgb,1053,0,0,5,True,False,True,0.0,0.0
full_coverage_complete,lefthyalinepaper2rgb,1054,0,0,5,True,False,True,0.0,0.0
full_coverage_complete,lefthyalinepaper2rgb,1055,5,2,5,True,False,True,0.0,0.32292689574858496
full_coverage_complete,lefthyalinepaper2rgb,1056,0,0,5,True,False,True,0.7029070448880718,0.7029070448880718
full_coverage_complete,lefthyalinepaper2rgb,1060,5,3,5,True,False,True,0.10292333090325624,0.0546312991945422
full_coverage_complete,lefthyalinepaper2rgb,1061,0,0,5,True,False,True,0.04775845377087217,0.04775845377087217
full_coverage_complete,lefthyalinepaper2rgb,1062,0,0,5,True,False,True,0.30021063283815697,0.30021063283815697
full_coverage_complete,lefthyalinepaper2rgb,1063,0,0,6,True,False,True,0.32747802104922324,0.32747802104922324
full_coverage_complete,lefthyalinepaper2rgb,1064,0,0,5,True,False,True,0.20673430205057022,0.20673430205057022
full_coverage_complete,lefthyalinepaper2rgb,1065,0,0,5,True,False,True,0.28407832681511624,0.28407832681511624
full_coverage_complete,lefthyalinepaper2rgb,1066,0,0,5,True,False,True,0.08304709619178142,0.08304709619178142
full_coverage_complete,lefthyalinepaper2rgb,1067,0,0,5,True,False,True,0.09430478224354953,0.09430478224354953
full_coverage_complete,lefthyalinepaper2rgb,1068,0,0,5,True,False,True,0.21054880177613078,0.21054880177613078
full_coverage_complete,lefthyalinepaper2rgb,1069,0,1,5,True,False,True,0.25765337474072714,0.0
full_coverage_complete,lefthyalinepaper2rgb,1070,0,0,4,True,False,True,0.0,0.0
full_coverage_complete,lefthyalinepaper2rgb,1072,0,0,5,True,False,True,0.0,0.0
full_coverage_complete,lefthyalinepaper2rgb,1073,0,0,4,True,False,True,0.0,0.0
full_coverage_complete,lefthyalinepaper2rgb,1074,0,0,4,True,False,True,0.0,0.0
full_coverage_complete,lefthyalinepaper2rgb,1075,0,0,4,True,False,True,0.0,0.0
full_coverage_complete,lefthyalinepaper2rgb,1076,0,0,4,True,False,True,0.0,0.0
full_coverage_complete,lefthyalinepaper2rgb,1077,0,0,4,True,False,True,0.0,0.0
full_coverage_complete,lefthyalinepaper2rgb,1078,0,0,4,True,False,True,0.0,0.0
full_coverage_complete,lefthyalinepaper2rgb,1079,0,0,5,True,False,True,0.0598792249775364,0.0598792249775364
full_coverage_complete,lefthyalinepaper2rgb,1081,0,0,4,True,False,True,0.0,0.0
full_coverage_complete,lefthyalinepaper2rgb,1082,0,0,4,True,False,True,0.006181343784718841,0.006181343784718841
full_coverage_complete,lefthyalinepaper2rgb,1084,0,0,4,True,False,True,0.10292455951151139,0.10292455951151139
full_coverage_complete,lefthyalinepaper2rgb,1085,5,2,5,True,False,True,0.2814356154389549,0.19217967613329057
full_coverage_complete,lefthyalinepaper2rgb,1086,0,1,4,True,False,True,0.30183723736752427,0.1286127619557463
full_coverage_complete,lefthyalinepaper2rgb,1087,0,0,5,True,False,True,0.0,0.0
full_coverage_complete,lefthyalinepaper2rgb,1088,0,0,5,True,False,True,0.0,0.0
full_coverage_complete,lefthyalinepaper2rgb,1089,0,0,5,True,False,True,0.0,0.0
full_coverage_complete,lefthyalinepaper2rgb,1090,0,0,5,True,False,True,0.0,0.0
full_coverage_complete,lefthyalinepaper2rgb,1091,0,0,5,True,False,True,0.004542126589391931,0.004542126589391931
full_coverage_complete,lefthyalinepaper2rgb,1092,0,0,5,True,False,True,0.0,0.0
full_coverage_complete,lefthyalinepaper2rgb,1093,0,0,5,True,False,True,0.0,0.0
full_coverage_complete,lefthyalinepaper2rgb,1094,0,0,4,True,False,True,0.0,0.0
full_coverage_complete,lefthyalinepaper2rgb,1095,0,0,4,True,False,True,0.0,0.0
full_coverage_complete,lefthyalinepaper2rgb,1096,0,0,5,True,False,True,0.0,0.0
full_coverage_complete,lefthyalinepaper2rgb,1097,0,0,5,True,False,True,0.0,0.0
full_coverage_complete,lefthyalinepaper2rgb,1098,0,0,5,True,False,True,0.0,0.0
full_coverage_complete,lefthyalinepaper2rgb,1099,0,0,5,True,False,True,0.0,0.0
full_coverage_complete,lefthyalinepaper2rgb,1100,0,0,4,True,False,True,0.0,0.0
full_coverage_complete,lefthyalinepaper2rgb,1101,0,0,4,True,False,True,0.0,0.0
full_coverage_complete,lefthyalinepaper2rgb,1102,0,0,5,True,False,True,0.0,0.0
full_coverage_complete,lefthyalinepaper2rgb,1103,0,0,5,True,False,True,0.0,0.0
full_coverage_complete,lefthyalinepaper2rgb,1104,0,0,4,True,False,True,0.002012180386895931,0.002012180386895931
full_coverage_complete,lefthyalinepaper2rgb,1105,0,0,5,True,False,True,0.010201272748357436,0.010201272748357436
full_coverage_complete,lefthyalinepaper2rgb,1107,0,0,4,True,False,True,0.02156332202657719,0.02156332202657719
full_coverage_complete,lefthyalinepaper2rgb,1108,0,0,5,True,False,True,0.0,0.0
full_coverage_complete,lefthyalinepaper2rgb,1109,0,0,5,True,False,True,0.0,0.0
full_coverage_complete,lefthyalinepaper2rgb,1110,0,0,5,True,False,True,0.0,0.0
full_coverage_complete,lefthyalinepaper2rgb,1111,0,0,4,True,False,True,0.0,0.0
full_coverage_complete,lefthyalinepaper2rgb,1112,0,0,5,True,False,True,0.0,0.0
full_coverage_complete,lefthyalinepaper2rgb,1113,0,0,1,True,False,True,0.0,0.0
full_coverage_complete,lefthyalinepaper2rgb,1114,5,0,5,True,False,True,0.0023797381029734815,0.009159362914187414
full_coverage_complete,lefthyalinepaper2rgb,1115,1,0,1,True,False,True,0.019321298062784147,0.021084538689115695
full_coverage_complete,lefthyalinepaper2rgb,1116,0,0,1,True,False,True,0.14687923269269113,0.14687923269269113
full_coverage_complete,lefthyalinepaper2rgb,1117,1,1,1,True,False,True,0.33259867764219847,0.10185850287195115
full_coverage_complete,lefthyalinepaper2rgb,1118,0,0,5,True,False,True,0.3453679750852136,0.3453679750852136
full_coverage_complete,lefthyalinepaper2rgb,1119,1,1,1,True,False,True,0.4357884836227451,0.003641086288808108
full_coverage_complete,lefthyalinepaper2rgb,1120,5,1,5,True,False,True,0.1322547389896385,0.47664146725547146
full_coverage_complete,lefthyalinepaper2rgb,1121,0,0,1,True,False,True,0.5666382248651377,0.5666382248651377
full_coverage_complete,lefthyalinepaper2rgb,1122,0,0,4,True,False,True,0.5227382620586629,0.5227382620586629
full_coverage_complete,lefthyalinepaper2rgb,1123,0,0,4,True,False,True,0.3936288231317341,0.3936288231317341
full_coverage_complete,lefthyalinepaper2rgb,1124,0,0,4,True,False,True,0.44059631743688005,0.44059631743688005
full_coverage_complete,lefthyalinepaper2rgb,1125,0,0,1,True,False,True,0.3816054633204281,0.3816054633204281
full_coverage_complete,lefthyalinepaper2rgb,1126,0,0,4,True,False,True,0.42758774668537286,0.42758774668537286
full_coverage_complete,lefthyalinepaper2rgb,1127,0,0,4,True,False,True,0.4711625663801907,0.4711625663801907
full_coverage_complete,lefthyalinepaper2rgb,1128,0,0,4,True,False,True,0.5415683518741621,0.5415683518741621
full_coverage_complete,lefthyalinepaper2rgb,1129,0,0,5,True,False,True,0.6457255123449055,0.6457255123449055
full_coverage_complete,lefthyalinepaper2rgb,1130,0,0,4,True,False,True,0.584542260068424,0.584542260068424
full_coverage_complete,lefthyalinepaper2rgb,1133,0,0,1,True,False,True,0.4149449003386359,0.4149449003386359
full_coverage_complete,lefthyalinepaper2rgb,1134,0,0,1,True,False,True,0.4529883954137349,0.4529883954137349
full_coverage_complete,lefthyalinepaper2rgb,1135,0,0,4,True,False,True,0.3560198079310979,0.3560198079310979
full_coverage_complete,lefthyalinepaper2rgb,1136,0,0,4,True,False,True,0.37736906044424423,0.37736906044424423
full_coverage_complete,lefthyalinepaper2rgb,1137,0,0,4,True,False,True,0.427410294892572,0.427410294892572
full_coverage_complete,lefthyalinepaper2rgb,1139,0,1,5,True,False,True,0.4086190208467198,0.0
full_coverage_complete,lefthyalinepaper2rgb,1146,0,0,1,True,False,True,0.0,0.0
full_coverage_complete,lefthyalinepaper2rgb,1148,4,0,4,True,False,True,0.0,0.6032369290393538
full_coverage_complete,lefthyalinepaper2rgb,1149,0,0,5,True,False,True,0.538126189945101,0.538126189945101
full_coverage_complete,lefthyalinepaper2rgb,1152,0,0,5,True,False,True,0.6200128646231333,0.6200128646231333
full_coverage_complete,lefthyalinepaper2rgb,1154,0,0,1,True,False,True,0.5859760220131557,0.5859760220131557
full_coverage_complete,lefthyalinepaper2rgb,1157,0,0,1,True,False,True,0.6910994706688174,0.6910994706688174
full_coverage_complete,lefthyalinepaper2rgb,1158,0,0,4,True,False,True,0.5542836167144025,0.5542836167144025
full_coverage_complete,lefthyalinepaper2rgb,1159,0,0,4,True,False,True,0.7511102587676579,0.7511102587676579
full_coverage_complete,lefthyalinepaper2rgb,1160,0,0,4,True,False,True,0.6420170996645127,0.6420170996645127
full_coverage_complete,lefthyalinepaper2rgb,1161,0,0,4,True,False,True,0.6403433936776741,0.6403433936776741
full_coverage_complete,lefthyalinepaper2rgb,1162,0,0,4,True,False,True,0.8304606608471469,0.8304606608471469
full_coverage_complete,lefthyalinepaper2rgb,1163,0,0,4,True,False,True,0.5632304565101572,0.5632304565101572
full_coverage_complete,lefthyalinepaper2rgb,1164,0,0,4,True,False,True,0.37848338724767827,0.37848338724767827
full_coverage_complete,lefthyalinepaper2rgb,1165,0,0,4,True,False,True,0.5038537833757978,0.5038537833757978
full_coverage_complete,lefthyalinepaper2rgb,1166,0,0,4,True,False,True,0.544101173616841,0.544101173616841
full_coverage_complete,lefthyalinepaper2rgb,1167,0,0,5,True,False,True,0.6048071040301912,0.6048071040301912
full_coverage_complete,lefthyalinepaper2rgb,1168,0,0,5,True,False,True,0.7425763827620518,0.7425763827620518
full_coverage_complete,lefthyalinepaper2rgb,1193,0,0,1,True,False,True,0.869312907628838,0.869312907628838
full_coverage_complete,lefthyalinepaper2rgb,1194,1,0,1,True,False,True,0.8349542247058812,0.77386335925365
full_coverage_complete,lefthyalinepaper2rgb,1195,0,0,1,True,False,True,0.7172991287253628,0.7172991287253628
full_coverage_complete,lefthyalinepaper2rgb,1196,0,0,1,True,False,True,0.793198654858642,0.793198654858642
full_coverage_complete,lefthyalinepaper2rgb,1198,0,0,1,True,False,True,0.7486000193454979,0.7486000193454979
full_coverage_complete,lefthyalinepaper2rgb,1199,0,0,1,True,False,True,0.8148720543089844,0.8148720543089844
full_coverage_complete,lefthyalinepaper2rgb,1201,0,0,1,True,False,True,0.5364344975861464,0.5364344975861464
full_coverage_complete,lefthyalinepaper2rgb,1202,0,0,4,True,False,True,0.5129157015647299,0.5129157015647299
full_coverage_complete,lefthyalinepaper2rgb,1203,0,0,4,True,False,True,0.3117770791590374,0.3117770791590374
full_coverage_complete,lefthyalinepaper2rgb,1204,0,0,4,True,False,True,0.2144816744176054,0.2144816744176054
full_coverage_complete,lefthyalinepaper2rgb,1205,0,0,4,True,False,True,0.2793110822693804,0.2793110822693804
full_coverage_complete,lefthyalinepaper2rgb,1206,0,0,1,True,False,True,0.030583944458758255,0.030583944458758255
full_coverage_complete,lefthyalinepaper2rgb,1207,0,0,1,True,False,True,0.23566007064439806,0.23566007064439806
full_coverage_complete,lefthyalinepaper2rgb,1209,0,0,1,True,False,True,0.6631149468044262,0.6631149468044262
full_coverage_complete,lefthyalinepaper2rgb,1212,0,0,1,True,False,True,0.4487808763162922,0.4487808763162922
full_coverage_complete,lefthyalinepaper2rgb,1213,0,0,1,True,False,True,0.5114491504038184,0.5114491504038184
full_coverage_complete,lefthyalinepaper2rgb,1214,0,0,1,True,False,True,0.5856017374152784,0.5856017374152784
full_coverage_complete,lefthyalinepaper2rgb,1215,0,0,1,True,False,True,0.5217073609722076,0.5217073609722076
full_coverage_complete,lefthyalinepaper2rgb,1216,0,1,1,True,False,True,0.48343047642268566,0.0
full_coverage_complete,lefthyalinepaper2rgb,1227,0,2,0,False,False,True,0.0,0.5935607499673348
full_coverage_complete,lefthyalinepaper2rgb,1229,0,0,1,True,False,True,0.5354959639497259,0.5354959639497259
full_coverage_complete,lefthyalinepaper2rgb,1232,0,1,0,False,False,True,0.44253733121676975,0.0031801327737444097
full_coverage_complete,lefthyalinepaper2rgb,1233,0,0,1,True,False,True,0.5556735397195189,0.5556735397195189
full_coverage_complete,lefthyalinepaper2rgb,1234,0,0,5,True,False,True,0.4870145635784677,0.4870145635784677
full_coverage_complete,lefthyalinepaper2rgb,1235,0,0,1,True,False,True,0.6201555758253068,0.6201555758253068
full_coverage_complete,lefthyalinepaper2rgb,1236,0,0,1,True,False,True,0.5614094444178686,0.5614094444178686
full_coverage_complete,lefthyalinepaper2rgb,1237,0,0,1,True,False,True,0.5223333060559634,0.5223333060559634
full_coverage_complete,lefthyalinepaper2rgb,1238,0,0,5,True,False,True,0.3184396290668395,0.3184396290668395
full_coverage_complete,lefthyalinepaper2rgb,1239,0,0,1,True,False,True,0.2964058532666087,0.2964058532666087
full_coverage_complete,lefthyalinepaper2rgb,1240,0,0,1,True,False,True,0.267637562619253,0.267637562619253
full_coverage_complete,lefthyalinepaper2rgb,1241,0,0,1,True,False,True,0.24926022818713892,0.24926022818713892
full_coverage_complete,lefthyalinepaper2rgb,1242,0,0,1,True,False,True,0.31715162552989395,0.31715162552989395
full_coverage_complete,lefthyalinepaper2rgb,1243,0,0,1,True,False,True,0.2797016321301398,0.2797016321301398
full_coverage_complete,lefthyalinepaper2rgb,1244,0,0,1,True,False,True,0.3295284769897367,0.3295284769897367
full_coverage_complete,lefthyalinepaper2rgb,1245,0,0,1,True,False,True,0.31440971655062017,0.31440971655062017
full_coverage_complete,lefthyalinepaper2rgb,1251,0,0,5,True,False,True,0.6605510879763294,0.6605510879763294
full_coverage_complete,lefthyalinepaper2rgb,1253,0,0,5,True,False,True,0.679355386923058,0.679355386923058
full_coverage_complete,lefthyalinepaper2rgb,1254,0,0,5,True,False,True,0.6940318682221508,0.6940318682221508
full_coverage_complete,lefthyalinepaper2rgb,1255,0,0,1,True,False,True,0.7051087075953515,0.7051087075953515
full_coverage_complete,lefthyalinepaper2rgb,1258,0,0,4,True,False,True,0.7384881794123804,0.7384881794123804
full_coverage_complete,lefthyalinepaper2rgb,1259,0,0,4,True,False,True,0.7017517115978668,0.7017517115978668
full_coverage_complete,lefthyalinepaper2rgb,1262,0,0,1,True,False,True,0.7325720207675913,0.7325720207675913
full_coverage_complete,lefthyalinepaper2rgb,1263,0,0,1,True,False,True,0.8144240594406181,0.8144240594406181
full_coverage_complete,lefthyalinepaper2rgb,1267,0,0,5,True,False,True,0.5569003252375424,0.5569003252375424
full_coverage_complete,lefthyalinepaper2rgb,1269,0,0,1,True,False,True,0.5346653067419853,0.5346653067419853
full_coverage_complete,lefthyalinepaper2rgb,1283,0,0,1,True,False,True,0.7445144118727036,0.7445144118727036
full_coverage_complete,lefthyalinepaper2rgb,1287,5,0,5,True,False,True,0.6620707936385215,0.6590596020672033
full_coverage_complete,lefthyalinepaper2rgb,1290,0,0,5,True,False,True,0.637722143714159,0.637722143714159
full_coverage_complete,lefthyalinepaper2rgb,1292,0,0,1,True,False,True,0.6299199706375822,0.6299199706375822
full_coverage_complete,lefthyalinepaper2rgb,1293,0,0,5,True,False,True,0.5513553502056572,0.5513553502056572
full_coverage_complete,lefthyalinepaper2rgb,1296,0,0,5,True,False,True,0.5215251026613387,0.5215251026613387
full_coverage_complete,lefthyalinepaper2rgb,1297,0,0,5,True,False,True,0.37681223538080433,0.37681223538080433
full_coverage_complete,lefthyalinepaper2rgb,1298,0,0,1,True,False,True,0.5540528113523743,0.5540528113523743
full_coverage_complete,lefthyalinepaper2rgb,1299,0,0,1,True,False,True,0.6421364045138954,0.6421364045138954
full_coverage_complete,lefthyalinepaper2rgb,1300,0,0,5,True,False,True,0.5811938945108254,0.5811938945108254
full_coverage_complete,lefthyalinepaper2rgb,1302,0,0,5,True,False,True,0.44458421628580164,0.44458421628580164
full_coverage_complete,lefthyalinepaper2rgb,1303,0,0,1,True,False,True,0.4986326407121174,0.4986326407121174
full_coverage_complete,lefthyalinepaper2rgb,1308,0,0,1,True,False,True,0.36049000078935123,0.36049000078935123
full_coverage_complete,lefthyalinepaper2rgb,1309,0,0,4,True,False,True,0.32977933208727694,0.32977933208727694
full_coverage_complete,lefthyalinepaper2rgb,1310,0,0,1,True,False,True,0.4520028025583197,0.4520028025583197
full_coverage_complete,lefthyalinepaper2rgb,1311,0,0,1,True,False,True,0.4997684984921306,0.4997684984921306
full_coverage_complete,lefthyalinepaper2rgb,1312,0,0,1,True,False,True,0.5161862583625937,0.5161862583625937
full_coverage_complete,lefthyalinepaper2rgb,1314,0,0,1,True,False,True,0.5722364678856374,0.5722364678856374
full_coverage_complete,lefthyalinepaper2rgb,1316,0,0,1,True,False,True,0.33802159543382254,0.33802159543382254
full_coverage_complete,lefthyalinepaper2rgb,1317,0,0,1,True,False,True,0.40500849685046864,0.0
full_coverage_complete,lefthyalinepaper2rgb,1318,0,0,1,True,False,True,0.0,0.0
full_coverage_complete,lefthyalinepaper2rgb,1319,0,0,1,True,False,True,0.09260308727164913,0.09260308727164913
full_coverage_complete,lefthyalinepaper2rgb,1321,0,0,1,True,False,True,0.1469330842611059,0.1469330842611059
full_coverage_complete,lefthyalinepaper2rgb,1322,0,0,4,True,False,True,0.1013326681400444,0.1013326681400444
full_coverage_complete,lefthyalinepaper2rgb,1323,0,0,1,True,False,True,0.17485412697522174,0.17485412697522174
full_coverage_complete,lefthyalinepaper2rgb,1326,0,0,1,True,False,True,0.20735239558354523,0.20735239558354523
full_coverage_complete,lefthyalinepaper2rgb,1327,0,0,1,True,False,True,0.20882629050778773,0.20882629050778773
full_coverage_complete,lefthyalinepaper2rgb,1361,0,0,1,True,False,True,0.19125261174372643,0.19125261174372643
full_coverage_complete,lefthyalinepaper2rgb,1363,5,0,5,True,False,True,0.6752441213501333,0.7211289872153597
full_coverage_complete,lefthyalinepaper2rgb,1375,0,0,1,True,False,True,0.4355309634407054,0.4355309634407054
full_coverage_complete,lefthyalinepaper2rgb,1376,1,3,1,True,False,True,0.5298263671263114,0.0
full_coverage_complete,lefthyalinepaper2rgb,1390,0,0,0,False,False,True,0.0,0.718969104734613
full_coverage_complete,lefthyalinepaper2rgb,1416,0,0,6,True,False,True,0.3701084596773717,0.3701084596773717
full_coverage_complete,lefthyalinepaper2rgb,1417,0,0,5,True,False,True,0.3527898234357631,0.3527898234357631
full_coverage_complete,lefthyalinepaper2rgb,1418,0,0,5,True,False,True,0.46994801215261184,0.46994801215261184
full_coverage_complete,lefthyalinepaper2rgb,1419,1,1,1,True,False,True,0.49420704278952604,0.0
full_coverage_complete,lefthyalinepaper2rgb,1422,0,0,1,True,False,True,0.0,0.0
full_coverage_complete,lefthyalinepaper2rgb,1425,0,0,1,True,False,True,0.0,0.0
full_coverage_complete,lefthyalinepaper2rgb,1436,0,0,1,True,False,True,0.0,0.0
full_coverage_complete,lefthyalinepaper2rgb,1437,0,1,0,False,False,True,0.0,0.6129298904344318
full_coverage_complete,lefthyalinepaper2rgb,1440,6,0,6,True,False,True,0.6240433094864913,0.7251948850195391
full_coverage_complete,lefthyalinepaper2rgb,1442,0,1,0,False,False,True,0.7678366008055374,0.0
full_coverage_complete,lefthyalinepaper2rgb,1448,0,0,4,True,False,True,0.0,0.0
full_coverage_complete,lefthyalinepaper2rgb,1449,0,0,4,True,False,True,0.0,0.0
full_coverage_complete,lefthyalinepaper2rgb,1450,4,0,4,True,False,True,0.0,0.8323067973562489
full_coverage_complete,lefthyalinepaper2rgb,1482,0,0,1,True,False,True,0.6954818006122526,0.6954818006122526
full_coverage_complete,lefthyalinepaper2rgb,1489,0,0,1,True,False,True,0.9431086688913775,0.9431086688913775
full_coverage_complete,lefthyalinepaper2rgb,1490,0,0,4,True,False,True,0.7765611053658718,0.7765611053658718
full_coverage_complete,lefthyalinepaper2rgb,1491,0,0,4,True,False,True,0.6438426486258376,0.6438426486258376
full_coverage_complete,lefthyalinepaper2rgb,1492,0,0,4,True,False,True,0.7664509366912566,0.7664509366912566
full_coverage_complete,lefthyalinepaper2rgb,1493,0,0,4,True,False,True,0.8961230030527738,0.8961230030527738
full_coverage_complete,lefthyalinepaper2rgb,1497,4,0,4,True,False,True,0.657769642801145,0.0
full_coverage_complete,lefthyalinepaper2rgb,1501,0,0,1,True,False,True,0.5953072939577023,0.5953072939577023
full_coverage_complete,lefthyalinepaper2rgb,1502,0,0,1,True,False,True,0.32992177948099477,0.32992177948099477
full_coverage_complete,lefthyalinepaper2rgb,1510,5,0,5,True,False,True,0.005727431762143634,0.009636775956618257
full_coverage_complete,lefthyalinepaper2rgb,1519,0,0,5,True,False,True,0.0,0.0
full_coverage_complete,lefthyalinepaper2rgb,1531,0,0,1,True,False,True,0.0,0.0
full_coverage_complete,lefthyalinepaper2rgb,1532,0,0,1,True,False,True,0.0,0.0
full_coverage_complete,lefthyalinepaper2rgb,1533,0,0,1,True,False,True,0.0,0.0
full_coverage_complete,lefthyalinepaper2rgb,1535,0,0,6,True,False,True,0.3786637437838132,0.3786637437838132
full_coverage_complete,lefthyalinepaper2rgb,1537,0,0,1,True,False,True,0.45508176542265516,0.45508176542265516
full_coverage_complete,lefthyalinepaper2rgb,1544,0,0,1,True,False,True,0.32848859866421753,0.32848859866421753
full_coverage_complete,lefthyalinepaper2rgb,1545,0,0,5,True,False,True,0.3842223096520362,0.3842223096520362
full_coverage_complete,lefthyalinepaper2rgb,1546,0,0,5,True,False,True,0.34872151797351275,0.34872151797351275
full_coverage_complete,lefthyalinepaper2rgb,1547,5,0,5,True,False,True,0.29282346522370006,0.0
full_coverage_complete,lefthyalinepaper2rgb,1548,5,0,5,True,False,True,0.0,0.0
full_coverage_complete,lefthyalinepaper2rgb,1550,0,0,0,False,False,True,0.0,0.4491426714661069
full_coverage_complete,lefthyalinepaper2rgb,1563,0,0,1,True,False,True,0.8701166196866797,0.8701166196866797
full_coverage_complete,lefthyalinepaper2rgb,1564,0,0,4,True,False,True,0.7851869775136123,0.7851869775136123
full_coverage_complete,lefthyalinepaper2rgb,1565,0,0,4,True,False,True,0.8179739711171419,0.8179739711171419
full_coverage_complete,lefthyalinepaper2rgb,1566,0,0,4,True,False,True,0.8852855442816487,0.8852855442816487
full_coverage_complete,lefthyalinepaper2rgb,1575,0,0,5,True,False,True,0.8514604283188136,0.8514604283188136
full_coverage_complete,lefthyalinepaper2rgb,1576,0,0,5,True,False,True,0.8913613370054214,0.8913613370054214
full_coverage_complete,lefthyalinepaper2rgb,1578,0,0,5,True,False,True,0.8558576946902661,0.8558576946902661
full_coverage_complete,lefthyalinepaper2rgb,1586,0,0,1,True,False,True,0.7627187473950875,0.7627187473950875
full_coverage_complete,lefthyalinepaper2rgb,1590,0,0,1,True,False,True,0.694655220905469,0.694655220905469
full_coverage_complete,lefthyalinepaper2rgb,1600,0,1,0,False,False,True,0.8014470833927161,0.0
full_coverage_complete,lefthyalinepaper2rgb,1615,0,0,1,True,False,True,0.0,0.0
full_coverage_complete,lefthyalinepaper2rgb,1616,0,0,1,True,False,True,0.0,0.0
full_coverage_complete,lefthyalinepaper2rgb,1618,0,1,1,True,False,True,0.0,0.795643569144868
full_coverage_complete,lefthyalinepaper2rgb,1620,0,0,5,True,False,True,0.44237466238041506,0.44237466238041506
full_coverage_complete,lefthyalinepaper2rgb,1622,0,0,5,True,False,True,0.369303101411962,0.369303101411962
full_coverage_complete,lefthyalinepaper2rgb,1623,0,0,5,True,False,True,0.43657151581716275,0.43657151581716275
full_coverage_complete,lefthyalinepaper2rgb,1624,0,0,1,True,False,True,0.49266787253014305,0.49266787253014305
full_coverage_complete,lefthyalinepaperfrontpants,57,6,0,6,True,False,True,0.0,0.0
full_coverage_complete,lefthyalinepaperfrontpants,60,0,0,5,True,False,True,0.0,0.0
full_coverage_complete,lefthyalinepaperfrontpants,61,0,0,5,True,False,True,0.0,0.0
full_coverage_complete,lefthyalinepaperfrontpants,63,0,0,4,True,False,True,0.0,0.0
full_coverage_complete,lefthyalinepaperfrontpants,64,4,0,4,True,False,True,0.0,0.7343189786544507
full_coverage_complete,lefthyalinepaperfrontpants,242,0,0,6,True,False,True,0.8649641596632823,0.8649641596632823
full_coverage_complete,lefthyalinepaperfrontpants,288,0,0,0,False,False,True,0.0,0.7663890156494799
full_coverage_complete,lefthyalinepaperfrontpants,290,0,0,2,True,False,True,0.7418655298296082,0.7418655298296082
full_coverage_complete,lefthyalinepaperfrontpants,301,0,0,2,True,False,True,0.0,0.5032593076644619
full_coverage_complete,lefthyalinepaperfrontpants,316,0,0,6,True,False,True,0.24360213191425586,0.24360213191425586
full_coverage_complete,lefthyalinepaperfrontpants,495,0,0,6,True,False,True,0.8292600661424064,0.0
full_coverage_complete,lefthyalinepaperfrontpants,498,0,0,2,True,False,True,0.0,0.0
full_coverage_complete,lefthyalinepaperfrontpants,507,6,0,6,True,False,True,0.591639341689692,0.6275170881929564
full_coverage_complete,lefthyalinepaperfrontpants,609,0,0,6,True,False,True,0.5348791282491435,0.5348791282491435
full_coverage_complete,lefthyalinepaperfrontpants,726,0,0,0,False,False,True,0.15851410421985124,0.329188804260918
full_coverage_complete,lefthyalinepaperfrontpants,836,0,0,6,True,False,True,0.8276040283629664,0.8276040283629664
full_coverage_complete,lefthyalinepaperfrontpants,863,0,0,1,True,False,True,0.0,0.0
full_coverage_complete,lefthyalinepaperfrontpants,1068,6,0,6,True,False,True,0.825960962043965,0.19472296333413266
full_coverage_complete,lefthyalinepaperfrontpants,1074,6,0,6,True,False,True,0.5468818097526531,0.42882089157484166
full_coverage_complete,lefthyalinepaperfrontpants,1075,6,1,6,True,False,True,0.7717759561172834,0.5459943502873855
full_coverage_complete,lefthyalinepaperfrontpants,1076,0,0,6,True,False,True,0.9226089565396186,0.9226089565396186
full_coverage_complete,lefthyalinepaperfrontpants,1150,0,0,6,True,False,True,0.7069912348123533,0.7069912348123533
full_coverage_complete,lefthyalinepaperfrontpants,1152,5,0,5,True,False,True,0.7896913137708236,0.7776497924038592
full_coverage_complete,lefthyalinepaperfrontpants,1207,0,0,2,True,False,True,0.6563033784293038,0.6563033784293038
full_coverage_complete,lefthyalinepaperfrontpants,1261,6,0,6,True,False,True,0.20950557735987307,0.17330156909857425
full_coverage_complete,lefthyalinepaperfrontpants,1262,0,0,5,True,False,True,0.5644853498078065,0.5644853498078065
full_coverage_complete,lefthyalinepaperfrontpants,1266,0,0,4,True,False,True,0.635747005602999,0.635747005602999
full_coverage_complete,lefthyalinepaperfrontpants,1301,1,1,1,True,False,True,0.3978377742760465,0.6141630522614389
full_coverage_complete,lefthyalinepaperfrontpants,1316,0,0,5,True,False,True,0.10143088359093085,0.10143088359093085
full_coverage_complete,lefthyalinepaperfrontpants,1317,0,0,5,True,False,True,0.22607467530288317,0.22607467530288317
full_coverage_complete,lefthyalinepaperfrontpants,1319,6,0,6,True,False,True,0.10053279032191342,0.2079588619184532
full_coverage_complete,lefthyalinepaperfrontpants,1322,0,0,5,True,False,True,0.043466417199981705,0.043466417199981705
full_coverage_complete,lefthyalinepaperfrontpants,1323,0,0,5,True,False,True,0.040932857277992105,0.040932857277992105
full_coverage_complete,lefthyalinepaperfrontpants,1325,0,0,1,True,False,True,0.022216486629687334,0.022216486629687334
full_coverage_complete,lefthyalinepaperfrontpants,1326,0,0,1,True,False,True,0.04846367216369892,0.04846367216369892
full_coverage_complete,lefthyalinepaperfrontpants,1327,0,0,1,True,False,True,0.01645245410202794,0.01645245410202794
full_coverage_complete,lefthyalinepaperfrontpants,1328,1,0,1,True,False,True,0.24458781259462145,0.2137524716059899
full_coverage_complete,lefthyalinepaperfrontpants,1329,0,0,1,True,False,True,0.24854527496745385,0.24854527496745385
full_coverage_complete,lefthyalinepaperfrontpants,1331,0,0,1,True,False,True,0.0,0.0
full_coverage_complete,lefthyalinepaperfrontpants,1332,0,0,2,True,False,True,0.0,0.0
full_coverage_complete,lefthyalinepaperfrontpants,1334,0,0,1,True,False,True,0.0,0.0
full_coverage_complete,lefthyalinepaperfrontpants,1335,0,0,5,True,False,True,0.0,0.0
full_coverage_complete,lefthyalinepaperfrontpants,1336,0,0,1,True,False,True,0.0,0.0
full_coverage_complete,lefthyalinepaperfrontpants,1337,0,0,1,True,False,True,0.0,0.0
full_coverage_complete,lefthyalinepaperfrontpants,1338,0,0,1,True,False,True,0.0,0.0
full_coverage_complete,lefthyalinepaperfrontpants,1339,0,0,1,True,False,True,0.0,0.0
full_coverage_complete,lefthyalinepaperfrontpants,1340,0,0,1,True,False,True,0.0,0.0
full_coverage_complete,lefthyalinepaperfrontpants,1341,0,0,1,True,False,True,0.0015477962945960456,0.0015477962945960456
full_coverage_complete,lefthyalinepaperfrontpants,1342,0,0,1,True,False,True,0.010169431855760677,0.010169431855760677
full_coverage_complete,lefthyalinepaperfrontpants,1343,0,0,1,True,False,True,0.02154764867596672,0.02154764867596672
full_coverage_complete,lefthyalinepaperfrontpants,1344,0,0,1,True,False,True,0.0188288155387715,0.0188288155387715
full_coverage_complete,lefthyalinepaperfrontpants,1345,0,0,1,True,False,True,0.0,0.0
full_coverage_complete,lefthyalinepaperfrontpants,1347,0,0,1,True,False,True,0.027696333937291064,0.027696333937291064
full_coverage_complete,lefthyalinepaperfrontpants,1348,0,0,1,True,False,True,0.025792850561138104,0.025792850561138104
full_coverage_complete,lefthyalinepaperfrontpants,1349,0,0,1,True,False,True,0.034294430787714686,0.034294430787714686
full_coverage_complete,lefthyalinepaperfrontpants,1350,0,0,1,True,False,True,0.04774893429863888,0.04774893429863888
full_coverage_complete,lefthyalinepaperfrontpants,1351,0,0,1,True,False,True,0.06819132296523359,0.06819132296523359
full_coverage_complete,lefthyalinepaperfrontpants,1352,0,0,1,True,False,True,0.05126837380195846,0.05126837380195846
full_coverage_complete,lefthyalinepaperfrontpants,1353,0,0,1,True,False,True,0.23960611834754195,0.23960611834754195
full_coverage_complete,lefthyalinepaperfrontpants,1354,0,0,1,True,False,True,0.15592831583802852,0.15592831583802852
full_coverage_complete,lefthyalinepaperfrontpants,1355,0,0,1,True,False,True,0.11903908411779554,0.11903908411779554
full_coverage_complete,lefthyalinepaperfrontpants,1357,1,0,1,True,False,True,0.10501281933449876,0.2617951118225753
full_coverage_complete,lefthyalinepaperfrontpants,1358,0,0,1,True,False,True,0.05876699492218198,0.05876699492218198
full_coverage_complete,lefthyalinepaperfrontpants,1359,0,0,5,True,False,True,0.0,0.0
full_coverage_complete,lefthyalinepaperfrontpants,1360,0,0,5,True,False,True,0.0,0.0
full_coverage_complete,lefthyalinepaperfrontpants,1361,0,0,5,True,False,True,0.0,0.0
full_coverage_complete,lefthyalinepaperfrontpants,1362,0,0,1,True,False,True,0.02883641627371516,0.02883641627371516
full_coverage_complete,lefthyalinepaperfrontpants,1363,0,0,1,True,False,True,0.0,0.0
full_coverage_complete,lefthyalinepaperfrontpants,1364,0,0,1,True,False,True,0.0,0.0
full_coverage_complete,lefthyalinepaperfrontpants,1365,0,0,1,True,False,True,0.01768399855323767,0.01768399855323767
full_coverage_complete,lefthyalinepaperfrontpants,1366,0,0,1,True,False,True,0.018623298106579474,0.018623298106579474
full_coverage_complete,lefthyalinepaperfrontpants,1367,0,0,1,True,False,True,0.022215560949489576,0.022215560949489576
full_coverage_complete,lefthyalinepaperfrontpants,1368,0,0,1,True,False,True,0.022566471061097056,0.022566471061097056
full_coverage_complete,lefthyalinepaperfrontpants,1369,0,0,1,True,False,True,0.03148865477127565,0.03148865477127565
full_coverage_complete,lefthyalinepaperfrontpants,1370,0,0,1,True,False,True,0.022151947628580547,0.022151947628580547
full_coverage_complete,lefthyalinepaperfrontpants,1371,0,0,1,True,False,True,0.014634125354273806,0.014634125354273806
full_coverage_complete,lefthyalinepaperfrontpants,1372,0,0,1,True,False,True,0.0045676749743690384,0.0045676749743690384
full_coverage_complete,lefthyalinepaperfrontpants,1375,0,0,1,True,False,True,0.0,0.0
full_coverage_complete,lefthyalinepaperfrontpants,1376,0,0,1,True,False,True,0.0,0.0
full_coverage_complete,lefthyalinepaperfrontpants,1377,0,0,1,True,False,True,0.05492156332741234,0.05492156332741234
full_coverage_complete,lefthyalinepaperfrontpants,1378,0,0,1,True,False,True,0.0,0.0
full_coverage_complete,lefthyalinepaperfrontpants,1379,0,0,1,True,False,True,0.08782013501709597,0.08782013501709597
full_coverage_complete,lefthyalinepaperfrontpants,1383,0,0,1,True,False,True,0.043458144843888775,0.043458144843888775
full_coverage_complete,lefthyalinepaperfrontpants,1384,0,0,1,True,False,True,0.04745529787144553,0.04745529787144553
full_coverage_complete,lefthyalinepaperfrontpants,1386,0,0,1,True,False,True,0.07199720123475913,0.07199720123475913
full_coverage_complete,lefthyalinepaperfrontpants,1388,0,0,5,True,False,True,0.04715690546368886,0.04715690546368886
full_coverage_complete,lefthyalinepaperfrontpants,1389,0,0,1,True,False,True,0.08500682090742927,0.08500682090742927
full_coverage_complete,lefthyalinepaperfrontpants,1390,0,0,1,True,False,True,0.037531543725972435,0.037531543725972435
full_coverage_complete,lefthyalinepaperfrontpants,1391,0,0,1,True,False,True,0.044787999284661636,0.044787999284661636
full_coverage_complete,lefthyalinepaperfrontpants,1392,0,0,1,True,False,True,0.034148692688792844,0.034148692688792844
full_coverage_complete,lefthyalinepaperfrontpants,1393,0,0,1,True,False,True,0.04770224115617023,0.04770224115617023
full_coverage_complete,lefthyalinepaperfrontpants,1396,1,4,1,True,False,True,0.03570130301901849,0.0
full_coverage_complete,lefthyalinepaperfrontpants,1397,0,0,1,True,False,True,0.0,0.0
full_coverage_complete,lefthyalinepaperfrontpants,1398,0,0,1,True,False,True,0.0,0.0
full_coverage_complete,lefthyalinepaperfrontpants,1402,0,0,5,True,False,True,0.0,0.0
full_coverage_complete,lefthyalinepaperfrontpants,1403,0,0,5,True,False,True,0.0,0.0
full_coverage_complete,lefthyalinepaperfrontpants,1404,0,0,1,True,False,True,0.0,0.0
full_coverage_complete,lefthyalinepaperfrontpants,1405,0,0,1,True,False,True,0.0,0.0
full_coverage_complete,lefthyalinepaperfrontpants,1406,0,0,5,True,False,True,0.0,0.0
full_coverage_complete,lefthyalinepaperfrontpants,1407,0,0,5,True,False,True,0.0,0.0
full_coverage_complete,lefthyalinepaperfrontpants,1409,0,1,5,True,False,True,0.0,0.0
full_coverage_complete,lefthyalinepaperfrontpants,1410,1,1,1,True,False,True,0.029646701920731447,0.18196229350985652
full_coverage_complete,lefthyalinepaperfrontpants,1411,1,0,1,True,False,True,0.09499351410718952,0.11323535253193255
full_coverage_complete,lefthyalinepaperfrontpants,1412,0,0,6,True,False,True,0.14130404212057227,0.14130404212057227
full_coverage_complete,lefthyalinepaperfrontpants,1413,0,0,6,True,False,True,0.27382698347789386,0.27382698347789386
full_coverage_complete,lefthyalinepaperfrontpants,1414,6,1,6,True,False,True,0.3208336097168408,0.27738865052324796
full_coverage_complete,lefthyalinepaperfrontpants,1415,6,0,6,True,False,True,0.37599538674551314,0.24702364858814457
full_coverage_complete,lefthyalinepaperfrontpants,1416,6,0,6,True,False,True,0.4092788841255993,0.2684411220276332
full_coverage_complete,lefthyalinepaperfrontpants,1417,5,0,5,True,False,True,0.5726818373167978,0.33376975782473756
full_coverage_complete,lefthyalinepaperfrontpants,1418,0,0,6,True,False,True,0.35810937661508646,0.35810937661508646
full_coverage_complete,lefthyalinepaperfrontpants,1420,0,0,1,True,False,True,0.34579343405770663,0.34579343405770663
full_coverage_complete,lefthyalinepaperfrontpants,1431,0,0,6,True,False,True,0.5947575121170525,0.5947575121170525
full_coverage_complete,lefthyalinepaperfrontpants,1432,0,0,6,True,False,True,0.79365303348206,0.79365303348206
full_coverage_complete,lefthyalinepaperfrontpants,1467,6,0,6,True,False,True,0.6788164657565389,0.7758578253253589
full_coverage_complete,lefthyalinepaperfrontpants,1491,0,0,5,True,False,True,0.7215786442421145,0.7215786442421145
full_coverage_complete,lefthyalinepaperfrontpants,1496,0,0,5,True,False,True,0.8125669696264207,0.8125669696264207
full_coverage_complete,lefthyalinepaperfrontpants,1497,5,3,5,True,False,True,0.724202614595852,0.0
full_coverage_complete,lefthyalinepaperfrontpants,1499,0,0,5,True,False,True,0.0,0.0
full_coverage_complete,lefthyalinepaperfrontpants,1500,0,1,5,True,False,True,0.0,0.6952633746898829
full_coverage_complete,lefthyalinepaperfrontpants,1501,0,0,1,True,False,True,0.6947908338196642,0.6947908338196642
full_coverage_complete,lefthyalinepaperfrontpants,1502,0,0,5,True,False,True,0.028463478799845544,0.028463478799845544
full_coverage_complete,lefthyalinepaperfrontpants,1507,0,0,5,True,False,True,0.2737622192154707,0.2737622192154707
full_coverage_complete,lefthyalinepaperfrontpants,1508,5,0,5,True,False,True,0.17821460166693925,0.2363438001980698
full_coverage_complete,lefthyalinepaperfrontpants,1509,0,0,5,True,False,True,0.23617063431204222,0.23617063431204222
full_coverage_complete,lefthyalinepaperfrontpants,1510,0,0,5,True,False,True,0.2875804185224382,0.0
full_coverage_complete,lefthyalinepaperfrontpants,1511,0,0,1,True,False,True,0.0,0.0
full_coverage_complete,lefthyalinepaperfrontpants,1512,0,0,6,True,False,True,0.0,0.0
full_coverage_complete,lefthyalinepaperfrontpants,1515,0,0,1,True,False,True,0.0,0.0
full_coverage_complete,lefthyalinepaperfrontpants,1517,5,2,5,True,False,True,0.0,0.29835138344543816
full_coverage_complete,lefthyalinepaperfrontpants,1518,0,0,5,True,False,True,0.5679619384661709,0.5679619384661709
full_coverage_complete,lefthyalinepaperfrontpants,1519,5,1,5,True,False,True,0.44605856225625296,0.0
full_coverage_complete,lefthyalinepaperfrontpants,1520,0,1,1,True,False,True,0.0,0.0
full_coverage_complete,lefthyalinepaperfrontpants,1521,0,0,5,True,False,True,0.0,0.0
full_coverage_complete,lefthyalinepaperfrontpants,1522,0,0,5,True,False,True,0.006402983859157241,0.006402983859157241
full_coverage_complete,lefthyalinepaperfrontpants,1524,0,0,5,True,False,True,0.29323109942140063,0.29323109942140063
full_coverage_complete,lefthyalinepaperfrontpants,1525,5,0,5,True,False,True,0.37069540614675156,0.3865149523461714
full_coverage_complete,lefthyalinepaperfrontpants,1526,5,0,5,True,False,True,0.3364435828376592,0.38204916777324305
full_coverage_complete,lefthyalinepaperfrontpants,1528,0,0,5,True,False,True,0.28810253780819944,0.28810253780819944
full_coverage_complete,lefthyalinepaperfrontpants,1529,0,0,5,True,False,True,0.23287012925262676,0.23287012925262676
full_coverage_complete,lefthyalinepaperfrontpants,1530,5,0,5,True,False,True,0.21402708681724034,0.19889990141560984
full_coverage_complete,lefthyalinepaperfrontpants,1531,0,0,6,True,False,True,0.2217962877264878,0.2217962877264878
full_coverage_complete,lefthyalinepaperfrontpants,1532,6,1,6,True,False,True,0.146268618360596,0.0
full_coverage_complete,lefthyalinepaperfrontpants,1533,0,0,6,True,False,True,0.0,0.0
full_coverage_complete,lefthyalinepaperfrontpants,1535,0,0,5,True,False,True,0.041510531451131226,0.041510531451131226
full_coverage_complete,lefthyalinepaperfrontpants,1536,0,0,5,True,False,True,0.10709238435083807,0.10709238435083807
full_coverage_complete,lefthyalinepaperfrontpants,1537,5,0,5,True,False,True,0.12534703019863408,0.0791622485661685
full_coverage_complete,lefthyalinepaperfrontpants,1538,0,0,1,True,False,True,0.07578191663460933,0.07578191663460933
full_coverage_complete,lefthyalinepaperfrontpants,1540,0,1,0,False,False,True,0.0,0.5791201018081167
full_coverage_complete,lefthyalinepaperfrontpants,1542,0,0,1,True,False,True,0.0,0.0
full_coverage_complete,lefthyalinepaperfrontpants,1553,4,0,4,True,False,True,0.5592995463075225,0.0
full_coverage_complete,lefthyalinepaperfrontpants,1562,0,1,1,True,False,True,0.0,0.7017968933101353
full_coverage_complete,lefthyalinepaperfrontpants,1571,0,0,2,True,False,True,0.402003699451699,0.402003699451699
full_coverage_complete,lefthyalinepaperfrontpants,1612,0,0,1,True,False,True,0.6008443120517851,0.6008443120517851
full_coverage_complete,lefthyalinepaperfrontpants,1623,0,0,1,True,False,True,0.4847101392332279,0.4847101392332279
full_coverage_complete,lefthyalinepaperfrontpants,1624,0,0,1,True,False,True,0.6741158498913996,0.6741158498913996
full_coverage_complete,lefthyalinepaperfrontpants,1631,0,0,1,True,False,True,0.6759761266256907,0.6759761266256907
full_coverage_complete,lefthyalinepaperfrontpants,1634,0,0,1,True,False,True,0.7225080091974483,0.7225080091974483
full_coverage_complete,lefthyalinepaperfrontpants,1635,0,0,1,True,False,True,0.8085586899023495,0.8085586899023495
full_coverage_complete,lefthyalinepaperfrontpants,1669,0,0,1,True,False,True,0.753174419719299,0.753174419719299
full_coverage_complete,lefthyalinepaperfrontpants,1670,0,0,1,True,False,True,0.7370321127507476,0.7370321127507476
full_coverage_complete,lefthyalinepaperfrontpants,1672,0,0,1,True,False,True,0.796294174828975,0.796294174828975
full_coverage_complete,lefthyalinepaperfrontpants,1673,0,0,4,True,False,True,0.7006286736048057,0.7006286736048057
full_coverage_complete,lefthyalinepaperfrontpants,1674,0,0,1,True,False,True,0.6009366662232357,0.6009366662232357
full_coverage_complete,lefthyalinepaperfrontpants,1675,0,0,1,True,False,True,0.48943243347423593,0.48943243347423593
full_coverage_complete,lefthyalinepaperfrontpants,1676,0,0,1,True,False,True,0.48539950924780983,0.48539950924780983
full_coverage_complete,lefthyalinepaperfrontpants,1677,0,0,1,True,False,True,0.35467024292686433,0.35467024292686433
full_coverage_complete,lefthyalinepaperfrontpants,1678,0,0,1,True,False,True,0.4612153199533827,0.4612153199533827
full_coverage_complete,lefthyalinepaperfrontpants,1679,0,0,1,True,False,True,0.4028389451085379,0.4028389451085379
full_coverage_complete,lefthyalinepaperfrontpants,1680,0,0,1,True,False,True,0.4753993265855095,0.4753993265855095
full_coverage_complete,lefthyalinepaperfrontpants,1681,0,0,1,True,False,True,0.5711365744320639,0.5711365744320639
full_coverage_complete,lefthyalinepaperfrontpants,1682,0,0,1,True,False,True,0.7110685137911956,0.7110685137911956
full_coverage_complete,lefthyalinepaperfrontpants,1684,0,0,1,True,False,True,0.6698222336310309,0.6698222336310309
full_coverage_complete,lefthyalinepaperfrontpants,1685,0,0,1,True,False,True,0.5885337137621592,0.5885337137621592
full_coverage_complete,lefthyalinepaperfrontpants,1703,0,0,1,True,False,True,0.7162673873590161,0.7162673873590161
full_coverage_complete,lefthyalinepaperfrontpants,1704,0,0,1,True,False,True,0.7256007770379541,0.7256007770379541
full_coverage_complete,lefthyalinepaperfrontpants,1705,0,0,1,True,False,True,0.7050939369108744,0.7050939369108744
full_coverage_complete,lefthyalinepaperfrontpants,1707,0,0,1,True,False,True,0.7542553214895727,0.7542553214895727
full_coverage_complete,lefthyalinepaperfrontpants,1708,0,0,1,True,False,True,0.6964800441911557,0.6964800441911557
full_coverage_complete,lefthyalinepaperfrontpants,1709,0,0,1,True,False,True,0.5398625925451533,0.5398625925451533
full_coverage_complete,lefthyalinepaperfrontpants,1711,0,0,1,True,False,True,0.17772676185038902,0.17772676185038902
full_coverage_complete,lefthyalinepaperfrontpants,1712,5,0,5,True,False,True,0.0967083156915014,0.18677987841880395
full_coverage_complete,lefthyalinepaperfrontpants,1713,0,0,1,True,False,True,0.12919787251902834,0.12919787251902834
full_coverage_complete,lefthyalinepaperfrontpants,1714,0,0,1,True,False,True,0.14945421619757182,0.14945421619757182
full_coverage_complete,lefthyalinepaperfrontpants,1715,0,0,1,True,False,True,0.18219608975346707,0.18219608975346707
full_coverage_complete,lefthyalinepaperfrontpants,1716,0,0,1,True,False,True,0.15286389183734492,0.15286389183734492
full_coverage_complete,lefthyalinepaperfrontpants,1718,0,0,1,True,False,True,0.18319624820004188,0.18319624820004188
full_coverage_complete,lefthyalinepaperfrontpants,1719,0,0,1,True,False,True,0.251667135899104,0.251667135899104
full_coverage_complete,lefthyalinepaperfrontpants,1720,0,0,1,True,False,True,0.18327094643635192,0.18327094643635192
full_coverage_complete,lefthyalinepaperfrontpants,1721,0,0,1,True,False,True,0.18936978903316096,0.18936978903316096
full_coverage_complete,lefthyalinepaperfrontpants,1722,0,0,1,True,False,True,0.22112703900834058,0.22112703900834058
full_coverage_complete,lefthyalinepaperfrontpants,1724,0,0,1,True,False,True,0.19469398595969925,0.19469398595969925
full_coverage_complete,lefthyalinepaperfrontpants,1773,0,0,1,True,False,True,0.39332434024104496,0.39332434024104496
full_coverage_complete,lefthyalinepaperfrontpants,1774,0,0,1,True,False,True,0.4614607448212086,0.4614607448212086
full_coverage_complete,lefthyalinepaperfrontpants,1775,0,0,5,True,False,True,0.6451994047927736,0.6451994047927736
full_coverage_complete,lefthyalinepaperfrontpants,1779,0,0,1,True,False,True,0.8137322991036834,0.8137322991036834
full_coverage_complete,lefthyalinepaperfrontpants,1780,0,0,5,True,False,True,0.7320827081379239,0.7320827081379239
full_coverage_complete,lefthyalinepaperfrontpants,1781,5,3,5,True,False,True,0.5730129727005506,0.0
full_coverage_complete,lefthyalinepaperfrontpants,1782,0,0,6,True,False,True,0.0,0.0
full_coverage_complete,lefthyalinepaperfrontpants,1783,1,0,1,True,False,True,0.0,0.0
full_coverage_complete,lefthyalinepaperfrontpants,1784,1,0,1,True,False,True,0.0,0.0
full_coverage_complete,lefthyalinepaperfrontpants,1785,6,0,6,True,False,True,0.0,0.0
full_coverage_complete,lefthyalinepaperfrontpants,1786,0,0,6,True,False,True,0.0,0.0
full_coverage_complete,lefthyalinepaperfrontpants,1787,6,0,6,True,False,True,0.0,0.0
full_coverage_complete,lefthyalinepaperfrontpants,1788,6,0,6,True,False,True,0.0,0.0
full_coverage_complete,lefthyalinepaperfrontpants,1790,0,0,1,True,False,True,0.0,0.0
full_coverage_complete,leftmirror,147,0,0,6,True,False,True,0.8770191083631149,0.8770191083631149
full_coverage_complete,leftmirror,268,0,0,1,True,False,True,0.5108469918976223,0.5108469918976223
full_coverage_complete,leftmirror,269,0,0,1,True,False,True,0.4052160444305473,0.4052160444305473
full_coverage_complete,leftmirror,273,0,0,1,True,False,True,0.30552906237013583,0.30552906237013583
full_coverage_complete,leftmirror,284,0,0,6,True,False,True,0.8361700642719102,0.8361700642719102
full_coverage_complete,leftmirror,292,0,0,1,True,False,True,0.8302267200633734,0.8302267200633734
full_coverage_complete,leftmirror,294,0,0,2,True,False,True,0.876044586903961,0.876044586903961
full_coverage_complete,leftmirror,295,0,0,5,True,False,True,0.8526902835253587,0.8526902835253587
full_coverage_complete,leftmirror,296,0,0,5,True,False,True,0.6867672142799809,0.6867672142799809
full_coverage_complete,leftmirror,297,0,0,1,True,False,True,0.6619599011645602,0.6619599011645602
full_coverage_complete,leftmirror,298,0,0,1,True,False,True,0.6144974531641467,0.6144974531641467
full_coverage_complete,leftmirror,304,0,0,1,True,False,True,0.3736630680381363,0.3736630680381363
full_coverage_complete,leftmirror,367,0,0,5,True,False,True,0.8021368880645738,0.8021368880645738
full_coverage_complete,leftmirror,369,0,0,0,False,False,True,0.9149175999931304,0.0663793332691379
full_coverage_complete,leftmirror,375,0,0,6,True,False,True,0.0,0.0
full_coverage_complete,leftmirror,378,0,0,6,True,False,True,0.019866481377569956,0.019866481377569956
full_coverage_complete,leftmirror,379,6,0,6,True,False,True,0.058602958840824115,0.033993892655941854
full_coverage_complete,leftmirror,383,0,0,0,False,False,True,0.2196540737511982,0.5159097168417349
full_coverage_complete,leftmirror,875,0,0,1,True,False,True,0.6893828404031227,0.6893828404031227
full_coverage_complete,leftmirror,876,1,0,1,True,False,True,0.6849001402816804,0.7761939798326064
full_coverage_complete,leftmirror,877,6,0,6,True,False,True,0.7512371904143164,0.6745736617253215
full_coverage_complete,leftmirror,886,1,0,1,True,False,True,0.8288900517902075,0.46519481383878514
full_coverage_complete,leftmirror,888,0,0,5,True,False,True,0.6262947617081525,0.6262947617081525
full_coverage_complete,leftmirror,976,5,0,5,True,False,True,0.9003046284986894,0.9131015238841685
full_coverage_complete,leftmirror,1032,0,0,0,False,False,True,0.0,0.9293775251228675
full_coverage_complete,leftmirror,1041,6,0,6,True,False,True,0.9187532942178575,0.9307697833144447
full_coverage_complete,leftmirror,1042,0,1,6,True,False,True,0.8826276754356059,0.0
full_coverage_complete,leftmirror,1045,0,0,6,True,False,True,0.0,0.0
full_coverage_complete,leftmirror,1046,0,1,0,False,False,True,0.0,0.7634020499496779
full_coverage_complete,leftmirror,1119,1,0,1,True,False,True,0.2548327862167424,0.6652957538212823
full_coverage_complete,leftmirror,1151,6,0,6,True,False,True,0.5955030062448218,0.6037725541714457
full_coverage_complete,leftmirror,1152,0,0,6,True,False,True,0.4813069904388127,0.4813069904388127
full_coverage_complete,leftmirror,1154,0,0,6,True,False,True,0.3391913676821772,0.3391913676821772
full_coverage_complete,leftmirror,1160,0,1,0,False,False,True,0.35432959420286636,0.8484767211752321
full_coverage_complete,leftmirror,1163,0,0,1,True,False,True,0.8417864877802927,0.8417864877802927
full_coverage_complete,leftmirror,1164,0,0,0,False,False,True,0.8296475476462273,0.060404955957197096
full_coverage_complete,leftmirror,1166,0,0,0,False,False,True,0.03201872041729782,0.9119659078259927
full_coverage_complete,leftmirror,1247,0,0,6,True,False,True,0.33529660653105736,0.33529660653105736
full_coverage_complete,leftmirror,1262,0,0,5,True,False,True,0.8639742618189432,0.8639742618189432
full_coverage_complete,leftmirror,1263,5,0,5,True,False,True,0.8410138472724065,0.8719962273828572
full_coverage_complete,leftmirror,1264,5,0,5,True,False,True,0.7370972446442831,0.7773315889181802
full_coverage_complete,leftmirror,1265,0,0,6,True,False,True,0.8092468717142485,0.8092468717142485
full_coverage_complete,leftmirror,1268,6,0,6,True,False,True,0.8720707023721227,0.8416869059754735
full_coverage_complete,leftmirror,1272,0,0,6,True,False,True,0.8205377870343462,0.8205377870343462
full_coverage_complete,leftmirror,1294,6,0,6,True,False,True,0.877501225166711,0.8664686407227147
full_coverage_complete,leftmirror,1295,6,0,6,True,False,True,0.8828223274266169,0.8646039553714558
full_coverage_complete,leftmirror,1296,6,0,6,True,False,True,0.871569490051164,0.8532924517554107
full_coverage_complete,leftmirror,1297,6,0,6,True,False,True,0.861925402854698,0.8548304194348618
full_coverage_complete,leftmirror,1298,6,0,6,True,False,True,0.8990261923264667,0.870788514897516
full_coverage_complete,leftmirror,1299,0,0,0,False,False,True,0.8545890218448122,0.012404559179891764
full_coverage_complete,leftmirror,1315,6,0,6,True,False,True,0.9338263803107023,0.9138656926265641
full_coverage_complete,leftmirror,1316,6,0,6,True,False,True,0.9283704215472379,0.8850607594930121
full_coverage_complete,leftmirror,1320,1,1,1,True,False,True,0.7177586316520614,0.6290570766432659
full_coverage_complete,leftmirror,1321,1,0,1,True,False,True,0.8744659187531304,0.8563369858798361
full_coverage_complete,leftmirror,1343,6,0,6,True,False,True,0.8399678752415853,0.833727394190811
full_coverage_complete,leftmirror,1347,0,0,6,True,False,True,0.0,0.0
full_coverage_complete,leftmirror,1349,0,0,1,True,False,True,0.0,0.0
full_coverage_complete,leftmirror,1362,6,0,6,True,False,True,0.019695504408973278,0.9145808278648291
full_coverage_complete,leftmirror,1370,0,0,6,True,False,True,0.0,0.0
full_coverage_complete,leftmirror,1377,0,0,1,True,False,True,0.0,0.0
full_coverage_complete,leftmirror,1378,0,0,1,True,False,True,0.0,0.0
full_coverage_complete,leftmirror,1379,0,0,1,True,False,True,0.0,0.0
full_coverage_complete,leftmirror,1380,1,0,1,True,False,True,0.0,0.0
full_coverage_complete,leftmirror,1381,0,0,1,True,False,True,0.0,0.0
full_coverage_complete,leftmirror,1382,0,0,1,True,False,True,0.0,0.0
full_coverage_complete,leftmirror,1383,0,0,1,True,False,True,0.0,0.0
full_coverage_complete,leftmirror,1384,1,0,1,True,False,True,0.0,0.0
full_coverage_complete,leftmirror,1386,0,0,1,True,False,True,0.0,0.0
full_coverage_complete,leftmirror,1387,0,0,1,True,False,True,0.0,0.0
full_coverage_complete,leftmirror,1388,0,0,1,True,False,True,0.0,0.0
full_coverage_complete,leftmirror,1389,0,0,1,True,False,True,0.0,0.0
full_coverage_complete,leftmirror,1390,1,0,1,True,False,True,0.0,0.0
full_coverage_complete,leftmirror,1391,0,0,1,True,False,True,0.0,0.0
full_coverage_complete,leftmirror,1392,0,0,1,True,False,True,0.0,0.0
full_coverage_complete,leftmirror,1420,5,0,5,True,False,True,0.4439906496236831,0.4741077364058604
full_coverage_complete,leftmirror,1421,1,0,1,True,False,True,0.6087177236058595,0.5966397677111537
full_coverage_complete,leftmirror,1427,0,0,1,True,False,True,0.3003922558680317,0.3003922558680317
full_coverage_complete,leftmirror,1428,1,0,1,True,False,True,0.30485091047135865,0.3186223096415934
full_coverage_complete,leftmirror,1434,6,0,6,True,False,True,0.7642143523709686,0.8570052451687834
full_coverage_complete,leftmirror,1436,6,0,6,True,False,True,0.8343270618062,0.8658454299771738
full_coverage_complete,leftmirror,1443,5,0,5,True,False,True,0.8288464785235146,0.8314474993204197
full_coverage_complete,leftmirror,1445,0,0,6,True,False,True,0.8809913949607222,0.8809913949607222
full_coverage_complete,leftmirror,1451,1,0,1,True,False,True,0.8076727464905603,0.801696986733771
full_coverage_complete,leftmirror,1452,1,0,1,True,False,True,0.6762701360830536,0.7310448227821429
full_coverage_complete,leftmirror,1453,6,0,6,True,False,True,0.8934679908301115,0.8653315822568319
full_coverage_complete,leftmirror,1454,6,0,6,True,False,True,0.7946512060550052,0.7693431864152483
full_coverage_complete,leftmirror,1457,6,0,6,True,False,True,0.8867716145646659,0.840105874281184
full_coverage_complete,leftmirror,1462,0,0,0,False,False,True,0.06846614385404119,0.5826810127391421
full_coverage_complete,leftmirror,1465,0,0,0,False,False,True,0.209565501484718,0.5810772668621712
full_coverage_complete,leftmirror,1474,6,0,6,True,False,True,0.5241084929126167,0.8614336453961796
full_coverage_complete,leftmirror,1476,6,0,6,True,False,True,0.7620641093512699,0.8149259432216726
full_coverage_complete,leftmirror,1477,5,0,5,True,False,True,0.7709757838437067,0.8477727863742451
full_coverage_complete,leftmirror,1478,6,0,6,True,False,True,0.7197894978070839,0.745744751712979
full_coverage_complete,leftmirror,1480,0,0,1,True,False,True,0.47003266811698713,0.47003266811698713
full_coverage_complete,leftmirror,1486,0,0,0,False,False,True,0.014094228051221723,0.5913334410400384
full_coverage_complete,leftmirror,1490,6,0,6,True,False,True,0.47201462216341905,0.8370181768209985
full_coverage_complete,leftmirror,1508,0,0,1,True,False,True,0.0,0.0
full_coverage_complete,leftmirror,1509,0,0,1,True,False,True,0.0,0.0
full_coverage_complete,leftmirror,1516,0,0,0,False,False,True,0.08441538908364891,0.8812426636776578
full_coverage_complete,leftmirror,1525,0,0,6,True,False,True,0.6292773688218325,0.6292773688218325
full_coverage_complete,leftmirror,1529,0,0,5,True,False,True,0.8617614773104157,0.8617614773104157
full_coverage_complete,leftmirror,1538,0,0,0,False,False,True,0.0,0.8492156530646223
full_coverage_complete,leftmirror,1543,6,0,6,True,False,True,0.6600144475930501,0.7863020268296518
full_coverage_complete,leftmirror,1562,0,0,6,True,False,True,0.7289854735471507,0.7289854735471507
full_coverage_complete,leftmirror,1564,6,0,6,True,False,True,0.7396369109819108,0.6925044030862761
full_coverage_complete,leftmirror,1585,0,0,6,True,False,True,0.8064220273013651,0.8064220273013651
full_coverage_complete,leftmirror,1586,6,0,6,True,False,True,0.7451653791063232,0.8094433446346712
full_coverage_complete,leftmirror,1598,6,0,6,True,False,True,0.5892736078340731,0.671030301785699
full_coverage_complete,leftmirror,1599,5,0,5,True,False,True,0.7031628327803772,0.7984743152253128
full_coverage_complete,leftmirror,1600,0,0,6,True,False,True,0.05195553937739264,0.05195553937739264
full_coverage_complete,leftmirror,1601,0,0,0,False,False,True,0.018716303608832103,0.8592485517795989
full_coverage_complete,leftmirror,1602,0,0,5,True,False,True,0.8399949210207911,0.8399949210207911
full_coverage_complete,leftmirror,1606,6,0,6,True,False,True,0.8505428437170692,0.8998970554908865
full_coverage_complete,leftmirror,1607,6,0,6,True,False,True,0.8799572968959981,0.8400521748072384
full_coverage_complete,leftmirror,1615,0,0,0,False,False,True,0.14917988846421248,0.8036686458659363
full_coverage_complete,leftmirror,1660,0,0,0,False,False,True,0.06393754404466666,0.8195248809732234
full_coverage_complete,leftmirror,1682,6,0,6,True,False,True,0.8987779765614132,0.8697391926352435
full_coverage_complete,leftmirror,1710,0,0,0,False,False,True,0.15029344647681117,0.8484978190610847
full_coverage_complete,leftmirror,1712,6,0,6,True,False,True,0.8422187267863656,0.8927288717782427
full_coverage_complete,leftmirror,1719,6,0,6,True,False,True,0.8839632010482326,0.874785790038114
full_coverage_complete,leftmirror,1723,0,0,6,True,False,True,0.10007790250703448,0.10007790250703448
full_coverage_complete,leftmirror,1729,0,0,0,False,False,True,0.09822915010188647,0.8759419233740081
full_coverage_complete,leftmirror,1733,6,0,6,True,False,True,0.8483497434766927,0.8252449367674543
full_coverage_complete,leftmirror,1734,6,0,6,True,False,True,0.856269412774685,0.7946825090151415
full_coverage_complete,leftmirror,1735,0,0,2,True,False,True,0.7783822402408151,0.7783822402408151
full_coverage_complete,leftmirror,1736,6,0,6,True,False,True,0.8084172108525175,0.845309047070501
full_coverage_complete,leftmirror,1753,5,0,5,True,False,True,0.8234575573556486,0.7864131723977846
full_coverage_complete,leftmirror,1755,0,0,0,False,False,True,0.025534566160077602,0.848631320400703
full_coverage_complete,leftmirror,1758,0,1,0,False,False,True,0.8570246825948261,0.0
full_coverage_complete,leftmirror,1764,0,0,5,True,False,True,0.8129518972967306,0.8129518972967306
full_coverage_complete,leftmirror,1766,0,0,0,False,False,True,0.07783684854635334,0.8662355406173574
full_coverage_complete,leftmirror,1769,0,0,6,True,False,True,0.4324200874807486,0.4324200874807486
full_coverage_complete,leftmirror,1770,0,0,6,True,False,True,0.48411907911867136,0.48411907911867136
full_coverage_complete,leftmirror,1771,6,0,6,True,False,True,0.4739680655314009,0.7787258118160554
full_coverage_complete,leftmirror,1776,6,1,6,True,False,True,0.3807072103335004,0.5613641524596361
full_coverage_complete,leftmirror,1782,0,0,0,False,False,True,0.009303361874287557,0.8542252234973077
full_coverage_complete,leftmirror,1801,6,0,6,True,False,True,0.8403208259246915,0.7141307618361764
full_coverage_complete,leftmirror,1802,0,0,6,True,False,True,0.8605122679326195,0.8605122679326195
full_coverage_complete,leftmirror,1816,6,0,6,True,False,True,0.8864034353799563,0.8774274643778919
full_coverage_complete,leftmirror,1829,0,0,1,True,False,True,0.8325099160275347,0.8325099160275347
full_coverage_complete,leftmirror,1838,5,0,5,True,False,True,0.8505200961102224,0.9101385726981679
full_coverage_complete,leftmirror,1839,5,0,5,True,False,True,0.9123580402934441,0.8726105686653565
full_coverage_complete,leftmirror,1855,6,0,6,True,False,True,0.7117510584292682,0.7330663725192549
full_coverage_complete,leftmirror,1857,0,0,1,True,False,True,0.6057201859333337,0.6057201859333337
full_coverage_complete,leftmirror,1858,6,0,6,True,False,True,0.7252405456360171,0.8718176402215482
full_coverage_complete,leftmirror,1860,6,1,6,True,False,True,0.5954043629165705,0.8731611954046781
full_coverage_complete,leftmirror,1862,0,0,6,True,False,True,0.6727066585312784,0.6727066585312784
full_coverage_complete,leftmirror,1863,1,0,1,True,False,True,0.7442014181218133,0.7490696400792887
full_coverage_complete,leftmirror,1864,0,0,1,True,False,True,0.7366524746229132,0.7366524746229132
full_coverage_complete,leftmirrorlikesky,2,0,0,6,True,False,True,0.003649153573591537,0.003649153573591537
full_coverage_complete,leftmirrorlikesky,3,0,0,5,True,False,True,0.0,0.0
full_coverage_complete,leftmirrorlikesky,4,0,0,6,True,False,True,0.04259241220543925,0.04259241220543925
full_coverage_complete,leftmirrorlikesky,5,0,0,5,True,False,True,0.13362665463180903,0.13362665463180903
full_coverage_complete,leftmirrorlikesky,7,5,0,5,True,False,True,0.3869224141555444,0.35003075364952296
full_coverage_complete,leftmirrorlikesky,11,0,0,1,True,False,True,0.474666540258616,0.474666540258616
full_coverage_complete,leftmirrorlikesky,12,0,0,6,True,False,True,0.40467667912903127,0.40467667912903127
full_coverage_complete,leftmirrorlikesky,13,0,0,5,True,False,True,0.328127573059165,0.328127573059165
full_coverage_complete,leftmirrorlikesky,14,0,0,6,True,False,True,0.2287407585263135,0.2287407585263135
full_coverage_complete,leftmirrorlikesky,15,5,0,5,True,False,True,0.14077880469501258,0.08653013457395001
full_coverage_complete,leftmirrorlikesky,16,0,0,6,True,False,True,0.1270970433564966,0.1270970433564966
full_coverage_complete,leftmirrorlikesky,17,0,0,6,True,False,True,0.15555590906559671,0.15555590906559671
full_coverage_complete,leftmirrorlikesky,18,0,0,5,True,False,True,0.22491434822549758,0.22491434822549758
full_coverage_complete,leftmirrorlikesky,33,0,0,1,True,False,True,0.7743558237682203,0.7743558237682203
full_coverage_complete,leftmirrorlikesky,34,0,0,4,True,False,True,0.8377585921941785,0.8377585921941785
full_coverage_complete,leftmirrorlikesky,35,4,0,4,True,False,True,0.42322570552512256,0.16166837012114468
full_coverage_complete,leftmirrorlikesky,36,0,0,1,True,False,True,0.4457525447969378,0.4457525447969378
full_coverage_complete,leftmirrorlikesky,37,0,0,4,True,False,True,0.8528984520641535,0.8528984520641535
full_coverage_complete,leftmirrorlikesky,159,1,0,1,True,False,True,0.40664759346537643,0.0
full_coverage_complete,leftmirrorlikesky,194,0,1,0,False,False,True,0.0,0.5230379255273558
full_coverage_complete,leftmirrorlikesky,210,0,0,1,True,False,True,0.5658223341182391,0.5658223341182391
full_coverage_complete,leftmirrorlikesky,212,0,0,5,True,False,True,0.8231924079260619,0.8231924079260619
full_coverage_complete,leftmirrorlikesky,238,1,3,1,True,False,True,0.0,0.5065373681107055
full_coverage_complete,leftmirrorlikesky,248,0,0,1,True,False,True,0.7423287259126531,0.7423287259126531
full_coverage_complete,leftmirrorlikesky,249,0,0,1,True,False,True,0.5667965398544319,0.5667965398544319
full_coverage_complete,leftmirrorlikesky,284,0,0,1,True,False,True,0.6121938279890958,0.6121938279890958
full_coverage_complete,leftmirrorlikesky,285,0,0,1,True,False,True,0.584540427029618,0.584540427029618
full_coverage_complete,leftmirrorlikesky,286,0,0,4,True,False,True,0.519490361104508,0.519490361104508
full_coverage_complete,leftmirrorlikesky,287,0,0,1,True,False,True,0.473832777988437,0.473832777988437
full_coverage_complete,leftmirrorlikesky,288,0,0,4,True,False,True,0.5353876207405156,0.5353876207405156
full_coverage_complete,leftmirrorlikesky,289,0,0,4,True,False,True,0.5083720497591929,0.5083720497591929
full_coverage_complete,leftmirrorlikesky,290,0,0,1,True,False,True,0.21515711129300188,0.21515711129300188
full_coverage_complete,leftmirrorlikesky,291,0,0,4,True,False,True,0.3151104446913782,0.3151104446913782
full_coverage_complete,leftmirrorlikesky,292,0,0,1,True,False,True,0.3673163552269851,0.3673163552269851
full_coverage_complete,leftmirrorlikesky,293,0,0,1,True,False,True,0.4488163923759855,0.4488163923759855
full_coverage_complete,leftmirrorlikesky,294,0,0,1,True,False,True,0.5242976951687434,0.5242976951687434
full_coverage_complete,leftmirrorlikesky,295,0,0,4,True,False,True,0.545801328062496,0.545801328062496
full_coverage_complete,leftmirrorlikesky,297,0,0,4,True,False,True,0.6145415223601906,0.6145415223601906
full_coverage_complete,leftmirrorlikesky,298,0,0,1,True,False,True,0.5339918863369433,0.5339918863369433
full_coverage_complete,leftmirrorlikesky,299,0,0,1,True,False,True,0.5412168886410759,0.5412168886410759
full_coverage_complete,leftmirrorlikesky,324,0,0,1,True,False,True,0.5010787057520433,0.5010787057520433
full_coverage_complete,leftmirrorlikesky,325,0,0,4,True,False,True,0.4547571468948998,0.4547571468948998
full_coverage_complete,leftmirrorlikesky,326,0,0,1,True,False,True,0.4419740850483342,0.4419740850483342
full_coverage_complete,leftmirrorlikesky,327,0,0,1,True,False,True,0.42746071860560164,0.42746071860560164
full_coverage_complete,leftmirrorlikesky,328,0,0,1,True,False,True,0.4547228715251919,0.4547228715251919
full_coverage_complete,leftmirrorlikesky,337,0,0,5,True,False,True,0.7042253826318475,0.7042253826318475
full_coverage_complete,leftmirrorlikesky,344,0,1,6,True,False,True,0.0,0.6943106601493064
full_coverage_complete,leftmirrorlikesky,356,0,0,1,True,False,True,0.6217472603759148,0.6217472603759148
full_coverage_complete,leftmirrorlikesky,380,0,0,0,False,False,True,0.8383482324911593,0.0
full_coverage_complete,leftmirrorlikesky,406,6,4,6,True,False,True,0.0,0.5123810497780389
full_coverage_complete,leftmirrorlikesky,409,0,0,0,False,False,True,0.8108066509827647,0.0
full_coverage_complete,leftmirrorlikesky,428,0,0,5,True,False,True,0.0,0.0
full_coverage_complete,leftmirrorlikesky,432,0,0,1,True,False,True,0.0,0.0
full_coverage_complete,leftmirrorlikesky,442,0,0,1,True,False,True,0.0,0.0
full_coverage_complete,leftmirrorlikesky,447,0,0,6,True,True,True,0.0,0.4650144404144384
full_coverage_complete,leftmirrorlikesky,498,0,0,1,True,False,True,0.5067183696456131,0.5067183696456131
full_coverage_complete,leftmirrorlikesky,499,0,0,1,True,False,True,0.5638355996950242,0.5638355996950242
full_coverage_complete,leftmirrorlikesky,531,0,0,1,True,False,True,0.6522294710291411,0.6522294710291411
full_coverage_complete,leftmirrorlikesky,532,0,0,1,True,False,True,0.419326492436389,0.419326492436389
full_coverage_complete,leftmirrorlikesky,533,0,0,1,True,False,True,0.41089707677493414,0.41089707677493414
full_coverage_complete,leftmirrorlikesky,549,0,0,6,True,False,True,0.6854138763173273,0.6854138763173273
full_coverage_complete,leftmirrorlikesky,594,0,0,5,True,False,True,0.7594334591768169,0.7594334591768169
full_coverage_complete,leftmirrorlikesky,655,6,0,6,True,False,True,0.6187225850593557,0.6468667087161236
full_coverage_complete,leftmirrorlikesky,656,0,0,0,False,False,True,0.7256774922735535,0.0
full_coverage_complete,leftmirrorlikesky,715,0,0,2,True,False,True,0.4692804891104708,0.4692804891104708
full_coverage_complete,leftmirrorlikesky,717,0,0,4,True,False,True,0.4759200278238659,0.4759200278238659
full_coverage_complete,leftmirrorlikesky,718,0,1,4,True,False,True,0.5272786933465542,0.0
full_coverage_complete,leftmirrorlikesky,723,0,0,1,True,False,True,0.0,0.0
full_coverage_complete,leftmirrorlikesky,724,0,0,4,True,False,True,0.0,0.0
full_coverage_complete,leftmirrorlikesky,725,0,0,4,True,False,True,0.0,0.0
full_coverage_complete,leftmirrorlikesky,726,0,1,1,True,False,True,0.0,0.6422884380252423
full_coverage_complete,leftmirrorlikesky,795,0,0,2,True,False,True,0.6956423316192458,0.6956423316192458
full_coverage_complete,leftmirrorlikesky,796,1,0,1,True,False,True,0.0,0.0
full_coverage_complete,leftmirrorlikesky,838,0,0,0,False,False,True,0.0,0.6848727885885666
full_coverage_complete,leftmirrorlikesky,946,0,0,6,True,False,True,0.5810200325177489,0.5810200325177489
full_coverage_complete,leftmirrorlikesky,947,0,0,6,True,False,True,0.7260915261578584,0.7260915261578584
full_coverage_complete,leftmirrorlikesky,962,0,0,6,True,False,True,0.6507798027674021,0.6507798027674021
full_coverage_complete,leftmirrorlikesky,963,0,0,6,True,False,True,0.6859128242428632,0.6859128242428632
full_coverage_complete,leftmirrorlikesky,964,0,0,6,True,False,True,0.5983304000516888,0.5983304000516888
full_coverage_complete,leftmirrorlikesky,965,0,0,6,True,False,True,0.7562625399484464,0.7562625399484464
full_coverage_complete,leftmirrorlikesky,974,0,0,6,True,False,True,0.6038611990744369,0.6038611990744369
full_coverage_complete,leftmirrorlikesky,975,0,0,6,True,False,True,0.6021424612792056,0.6021424612792056
full_coverage_complete,leftmirrorlikesky,976,0,0,6,True,False,True,0.5888870518732324,0.5888870518732324
full_coverage_complete,leftmirrorlikesky,995,0,0,6,True,False,True,0.8226998910100638,0.8226998910100638
full_coverage_complete,leftmirrorlikesky,999,5,0,5,True,False,True,0.0027559633409089943,0.9177969447022165
full_coverage_complete,leftmirrorlikesky,1000,6,0,6,True,False,True,0.860397152643132,0.8762198492326975
full_coverage_complete,leftmirrorlikesky,1002,0,0,6,True,False,True,0.8780067060026077,0.8780067060026077
full_coverage_complete,leftmirrorlikesky,1005,1,0,1,True,False,True,0.793319366942212,0.8330475217265054
full_coverage_complete,leftmirrorlikesky,1011,0,0,2,True,False,True,0.7141539069861109,0.0
full_coverage_complete,leftmirrorlikesky,1019,0,0,1,True,False,True,0.0,0.0
full_coverage_complete,leftmirrorlikesky,1020,0,1,2,True,False,True,0.0,0.5064053634903686
full_coverage_complete,leftmirrorlikesky,1038,0,0,0,False,False,True,0.6572674055827921,0.0
full_coverage_complete,leftmirrorlikesky,1041,0,1,0,False,False,True,0.08172933426122662,0.5794549657407627
full_coverage_complete,leftmirrorlikesky,1087,0,0,2,True,False,True,0.0,0.0
full_coverage_complete,leftmirrorlikesky,1094,0,0,0,False,False,True,0.0,0.7123064481026019
full_coverage_complete,leftmirrorlikesky,1283,0,0,0,False,False,True,0.022385695740194188,0.8363686390332323
full_coverage_complete,leftmirrorlikesky,1286,0,0,0,False,False,True,0.830292309299178,0.033332490932295566
full_coverage_complete,leftmirrorlikesky,1288,0,0,6,True,False,True,0.03776752604155296,0.03776752604155296
full_coverage_complete,leftmirrorlikesky,1289,0,0,4,True,False,True,0.0,0.0
full_coverage_complete,leftmirrorlikesky,1290,0,0,1,True,False,True,0.0,0.0
full_coverage_complete,leftmirrorlikesky,1291,0,0,1,True,False,True,0.0,0.0
full_coverage_complete,leftmirrorlikesky,1292,0,0,1,True,False,True,0.0,0.0
full_coverage_complete,leftmirrorlikesky,1293,0,0,1,True,False,True,0.0,0.0
full_coverage_complete,leftmirrorlikesky,1294,0,0,1,True,False,True,0.0,0.0
full_coverage_complete,leftmirrorlikesky,1295,0,0,1,True,False,True,0.0,0.0
full_coverage_complete,leftmirrorlikesky,1296,0,0,1,True,False,True,0.0,0.0
full_coverage_complete,leftmirrorlikesky,1297,0,0,1,True,False,True,0.0,0.0
full_coverage_complete,leftmirrorlikesky,1298,0,0,1,True,False,True,0.0,0.0
full_coverage_complete,leftmirrorlikesky,1299,0,0,1,True,False,True,0.0,0.0
full_coverage_complete,leftmirrorlikesky,1300,0,0,5,True,False,True,0.0,0.0
full_coverage_complete,leftmirrorlikesky,1301,0,0,5,True,False,True,0.0,0.0
full_coverage_complete,leftmirrorlikesky,1302,0,0,5,True,False,True,0.0,0.0
full_coverage_complete,leftmirrorlikesky,1303,5,0,5,True,False,True,0.0,0.0
full_coverage_complete,leftmirrorlikesky,1304,0,0,1,True,False,True,0.0,0.0
full_coverage_complete,leftmirrorlikesky,1305,1,0,1,True,False,True,0.0,0.0
full_coverage_complete,leftmirrorlikesky,1306,0,0,5,True,False,True,0.0,0.0
full_coverage_complete,leftmirrorlikesky,1307,1,0,1,True,False,True,0.0,0.0
full_coverage_complete,leftmirrorlikesky,1308,0,0,1,True,False,True,0.0,0.0
full_coverage_complete,leftmirrorlikesky,1309,1,0,1,True,False,True,0.0,0.0
full_coverage_complete,leftmirrorlikesky,1310,0,0,1,True,False,True,0.0,0.0
full_coverage_complete,leftmirrorlikesky,1311,0,0,1,True,False,True,0.0,0.0
full_coverage_complete,leftmirrorlikesky,1312,0,0,1,True,False,True,0.0,0.0
full_coverage_complete,leftmirrorlikesky,1313,0,0,1,True,False,True,0.0,0.0
full_coverage_complete,leftmirrorlikesky,1314,0,0,1,True,False,True,0.0,0.0
full_coverage_complete,leftmirrorlikesky,1315,0,0,1,True,False,True,0.0,0.0
full_coverage_complete,leftmirrorlikesky,1316,0,0,1,True,False,True,0.0,0.0
full_coverage_complete,leftmirrorlikesky,1317,0,0,1,True,False,True,0.0,0.0
full_coverage_complete,leftmirrorlikesky,1318,0,0,1,True,False,True,0.0,0.0
full_coverage_complete,leftmirrorlikesky,1319,0,0,1,True,False,True,0.0,0.0
full_coverage_complete,leftmirrorlikesky,1320,1,0,1,True,False,True,0.0,0.0
full_coverage_complete,leftmirrorlikesky,1322,0,0,5,True,False,True,0.0,0.0
full_coverage_complete,leftmirrorlikesky,1323,5,2,5,True,False,True,0.0,0.5602567647206249
full_coverage_complete,leftmirrorlikesky,1324,0,0,5,True,False,True,0.889338056718013,0.889338056718013
full_coverage_complete,leftmirrorlikesky,1325,0,0,5,True,False,True,0.8409089194053894,0.8409089194053894
full_coverage_complete,leftmirrorlikesky,1326,0,0,5,True,False,True,0.637709015024499,0.637709015024499
full_coverage_complete,leftmirrorlikesky,1327,0,0,6,True,False,True,0.6366626924179869,0.6366626924179869
full_coverage_complete,leftmirrorlikesky,1328,0,0,5,True,False,True,0.8016795095241316,0.8016795095241316
full_coverage_complete,leftmirrorlikesky,1329,0,0,5,True,False,True,0.5187436378621528,0.5187436378621528
full_coverage_complete,leftmirrorlikesky,1330,0,0,6,True,False,True,0.6468986090845749,0.6468986090845749
full_coverage_complete,leftmirrorlikesky,1331,0,0,5,True,False,True,0.5965228514372158,0.5965228514372158
full_coverage_complete,leftmirrorlikesky,1332,0,0,6,True,False,True,0.5474158391903887,0.5474158391903887
full_coverage_complete,leftmirrorlikesky,1333,0,0,6,True,False,True,0.5558914805285958,0.5558914805285958
full_coverage_complete,leftmirrorlikesky,1334,0,0,6,True,False,True,0.5274862320615392,0.5274862320615392
full_coverage_complete,leftmirrorlikesky,1335,0,0,6,True,False,True,0.538501733560785,0.538501733560785
full_coverage_complete,leftmirrorlikesky,1336,0,0,6,True,False,True,0.41398472513804807,0.41398472513804807
full_coverage_complete,leftmirrorlikesky,1349,0,0,6,True,False,True,0.5340118860231708,0.5340118860231708
full_coverage_complete,leftmirrorlikesky,1352,0,0,6,True,False,True,0.5253282295958426,0.5253282295958426
full_coverage_complete,leftmirrorlikesky,1353,0,0,6,True,False,True,0.4489906163615929,0.4489906163615929
full_coverage_complete,leftmirrorlikesky,1354,0,0,6,True,False,True,0.3747087852386498,0.3747087852386498
full_coverage_complete,leftmirrorlikesky,1356,0,0,6,True,False,True,0.039188833409633785,0.039188833409633785
full_coverage_complete,leftmirrorlikesky,1358,0,0,5,True,False,True,0.0,0.0
full_coverage_complete,leftmirrorlikesky,1359,0,0,5,True,False,True,0.0,0.0
full_coverage_complete,leftmirrorlikesky,1360,0,1,5,True,False,True,0.0,0.3713686852314904
full_coverage_complete,leftmirrorlikesky,1361,0,0,5,True,False,True,0.0,0.0
full_coverage_complete,leftmirrorlikesky,1369,0,0,5,True,False,True,0.0,0.0
full_coverage_complete,leftmirrorlikesky,1370,0,1,5,True,False,True,0.0,0.604709627445496
full_coverage_complete,leftmirrorlikesky,1383,0,0,1,True,False,True,0.551475982474053,0.551475982474053
full_coverage_complete,leftmirrorlikesky,1384,0,0,4,True,False,True,0.42358167941666186,0.42358167941666186
full_coverage_complete,leftmirrorlikesky,1385,0,0,4,True,False,True,0.38161666396714466,0.38161666396714466
full_coverage_complete,leftmirrorlikesky,1386,0,0,5,True,False,True,0.352844602732196,0.352844602732196
full_coverage_complete,leftmirrorlikesky,1387,0,0,4,True,False,True,0.39914506346451445,0.39914506346451445
full_coverage_complete,leftmirrorlikesky,1388,0,0,4,True,False,True,0.49806070097827293,0.49806070097827293
full_coverage_complete,leftmirrorlikesky,1434,0,0,1,True,False,True,0.4384545038516625,0.4384545038516625
full_coverage_complete,leftmirrorlikesky,1435,0,0,1,True,False,True,0.491007314234016,0.491007314234016
full_coverage_complete,leftmirrorlikesky,1436,0,0,1,True,False,True,0.6077572133644227,0.6077572133644227
full_coverage_complete,leftmirrorlikesky,1450,6,0,6,True,False,True,0.7990522365016747,0.7417264459415912
full_coverage_complete,leftmirrorlikesky,1482,0,0,6,True,False,True,0.5166117392071284,0.5166117392071284
full_coverage_complete,leftmirrorlikesky,1483,0,0,6,True,False,True,0.4845012530229655,0.4845012530229655
full_coverage_complete,leftmirrorlikesky,1486,0,0,5,True,False,True,0.7028386656605325,0.7028386656605325
full_coverage_complete,leftmirrorlikesky,1497,0,0,5,True,False,True,0.5212942193926283,0.5212942193926283
full_coverage_complete,leftmirrorlikesky,1498,0,0,5,True,False,True,0.3295087003295437,0.3295087003295437
full_coverage_complete,leftmirrorlikesky,1499,0,0,6,True,False,True,0.3268484235049509,0.3268484235049509
full_coverage_complete,leftmirrorlikesky,1500,0,0,5,True,False,True,0.39716858243529884,0.39716858243529884
full_coverage_complete,leftmirrorlikesky,1501,0,0,6,True,False,True,0.4562806161769227,0.4562806161769227
full_coverage_complete,leftmirrorlikesky,1502,0,0,6,True,False,True,0.4712425841163284,0.4712425841163284
full_coverage_complete,leftmirrorlikesky,1599,0,0,6,True,False,True,0.17220109441850553,0.17220109441850553
full_coverage_complete,leftmirrorlikesky,1600,6,0,6,True,False,True,0.08962294029799697,0.7870530683622212
full_coverage_complete,leftmirrorlikesky,1605,0,0,0,False,False,True,0.8832864237471437,0.0
full_coverage_complete,leftmirrorlikesky,1610,0,0,1,True,False,True,0.0,0.0
full_coverage_complete,leftmirrorlikesky,1615,0,0,1,True,False,True,0.0,0.0
full_coverage_complete,leftmirrorlikesky,1616,0,0,1,True,False,True,0.0,0.0
full_coverage_complete,leftmirrorlikesky,1617,0,0,4,True,False,True,0.0,0.0
full_coverage_complete,leftmirrorlikesky,1618,0,0,4,True,False,True,0.0,0.0
full_coverage_complete,leftmirrorlikesky,1626,0,0,2,True,False,True,0.0,0.0
full_coverage_complete,leftmirrorlikesky,1812,0,0,1,True,False,True,0.0,0.0
full_coverage_complete,leftmirrorlikesky,1826,0,0,1,True,False,True,0.0,0.0
full_coverage_complete,leftmirrorlikesky,1827,0,0,1,True,False,True,0.0,0.0
full_coverage_complete,leftmirrorlikesky,1830,0,0,1,True,False,True,0.0,0.0
full_coverage_complete,leftmirrorlikesky,1831,0,0,1,True,False,True,0.0,0.0
full_coverage_complete,leftmirrorlikesky,1838,0,0,1,True,False,True,0.0,0.0
full_coverage_complete,leftmirrorlikesky,1843,0,0,4,True,False,True,0.0,0.0
full_coverage_complete,leftmirrorlikesky,1851,0,0,1,True,False,True,0.0,0.0
full_coverage_complete,leftmirrorlikesky,1852,0,0,1,True,False,True,0.0,0.0
full_coverage_complete,leftmirrorlikesky,1853,0,0,1,True,False,True,0.0,0.0
full_coverage_complete,leftmirrorlikesky,1854,0,0,1,True,False,True,0.0,0.0
full_coverage_complete,leftmirrorlikesky,1855,0,0,4,True,False,True,0.0,0.0
full_coverage_complete,leftmirrorlikesky,1856,0,0,4,True,False,True,0.0,0.0
full_coverage_complete,leftmirrorlikesky,1857,0,0,1,True,False,True,0.0,0.0
full_coverage_complete,leftmirrorlikesky,1858,0,0,1,True,False,True,0.0,0.0
full_coverage_complete,leftmirrorlikesky,2124,6,0,6,True,False,True,0.0,0.0
full_coverage_complete,leftmirrorlikesky,2135,0,1,0,False,False,True,0.0,0.6846884529998657
full_coverage_complete,leftmirrorlikesky,2218,0,0,2,True,False,True,0.0,0.0
full_coverage_complete,leftmirrorlikesky,2219,0,0,1,True,False,True,0.0,0.0
full_coverage_complete,leftmirrorlikesky,2220,0,0,1,True,False,True,0.0,0.0
full_coverage_complete,leftmirrorlikesky,2221,0,0,1,True,False,True,0.0,0.0
full_coverage_complete,leftmirrorlikesky,2222,0,0,1,True,False,True,0.0,0.0
full_coverage_complete,leftmirrorlikesky,2223,0,0,1,True,False,True,0.0,0.0
full_coverage_complete,leftmirrorlikesky,2227,0,0,1,True,False,True,0.0,0.0
full_coverage_complete,leftmirrorlikesky,2228,0,0,1,True,False,True,0.0,0.0
full_coverage_complete,leftmirrorlikesky,2254,0,0,4,True,False,True,0.0,0.0
full_coverage_complete,leftmirrorlikesky,2255,0,0,1,True,False,True,0.0,0.0
full_coverage_complete,leftmirrorside,13,0,0,1,True,False,True,0.06902883734247475,0.06902883734247475
full_coverage_complete,leftmirrorside,14,0,1,4,True,False,True,0.328762917832556,0.6663115967800401
full_coverage_complete,leftmirrorside,16,0,0,1,True,False,True,0.705527068444879,0.705527068444879
full_coverage_complete,leftmirrorside,17,0,0,4,True,False,True,0.8036610529044966,0.8036610529044966
full_coverage_complete,leftmirrorside,18,0,0,4,True,False,True,0.11525454577952673,0.11525454577952673
full_coverage_complete,leftmirrorside,22,0,0,4,True,False,True,0.2272213186081056,0.2272213186081056
full_coverage_complete,leftmirrorside,23,0,0,1,True,False,True,0.2951663775675062,0.2951663775675062
full_coverage_complete,leftmirrorside,24,0,0,1,True,False,True,0.385359136672981,0.385359136672981
full_coverage_complete,leftmirrorside,25,0,0,1,True,False,True,0.5740292231657678,0.5740292231657678
full_coverage_complete,leftmirrorside,26,0,0,1,True,False,True,0.5359951143221712,0.5359951143221712
full_coverage_complete,leftmirrorside,27,0,0,1,True,False,True,0.5283979877552135,0.5283979877552135
full_coverage_complete,leftmirrorside,31,0,0,1,True,False,True,0.7373146617637468,0.7373146617637468
full_coverage_complete,leftmirrorside,46,0,0,1,True,False,True,0.8592343722765989,0.8592343722765989
full_coverage_complete,leftmirrorside,52,0,0,5,True,False,True,0.8176981186582546,0.8176981186582546
full_coverage_complete,leftmirrorside,62,0,0,1,True,False,True,0.7739256101185954,0.7739256101185954
full_coverage_complete,leftmirrorside,72,0,0,5,True,False,True,0.8322738061711665,0.8322738061711665
full_coverage_complete,leftmirrorside,76,0,0,1,True,False,True,0.7896217244736451,0.7896217244736451
full_coverage_complete,leftmirrorside,82,0,0,5,True,False,True,0.6978069184646831,0.6978069184646831
full_coverage_complete,leftmirrorside,89,0,0,1,True,False,True,0.9045899788783165,0.9045899788783165
full_coverage_complete,leftmirrorside,131,0,0,4,True,False,True,0.3330269522324725,0.3330269522324725
full_coverage_complete,leftmirrorside,134,0,0,4,True,False,True,0.0,0.0
full_coverage_complete,leftmirrorside,135,0,0,4,True,False,True,0.0,0.0
full_coverage_complete,leftmirrorside,136,4,1,4,True,False,True,0.0,0.0
full_coverage_complete,leftmirrorside,137,5,0,5,True,False,True,0.0,0.0
full_coverage_complete,leftmirrorside,138,0,0,4,True,False,True,0.0,0.0
full_coverage_complete,leftmirrorside,143,5,0,5,True,False,True,0.0,0.0
full_coverage_complete,leftmirrorside,144,0,0,1,True,False,True,0.0,0.0
full_coverage_complete,leftmirrorside,165,0,0,2,True,False,True,0.0,0.0
full_coverage_complete,leftmirrorside,198,0,0,5,True,False,True,0.0,0.0
full_coverage_complete,leftmirrorside,203,0,0,5,True,False,True,0.0,0.0
full_coverage_complete,leftmirrorside,231,0,0,4,True,False,True,0.0,0.0
full_coverage_complete,leftmirrorside,232,0,0,4,True,False,True,0.0,0.0
full_coverage_complete,leftmirrorside,233,0,0,1,True,False,True,0.0,0.0
full_coverage_complete,leftmirrorside,234,0,0,1,True,False,True,0.0,0.0
full_coverage_complete,leftmirrorside,238,0,0,4,True,False,True,0.03020385405503283,0.03020385405503283
full_coverage_complete,leftmirrorside,239,0,0,4,True,False,True,0.09603601748914616,0.09603601748914616
full_coverage_complete,leftmirrorside,240,0,0,4,True,False,True,0.6585901784125131,0.6585901784125131
full_coverage_complete,leftmirrorside,241,0,0,4,True,False,True,0.555986698979729,0.555986698979729
full_coverage_complete,leftmirrorside,242,0,0,1,True,False,True,0.6654130899323305,0.6654130899323305
full_coverage_complete,leftmirrorside,245,0,0,5,True,False,True,0.8162474564783445,0.8162474564783445
full_coverage_complete,leftmirrorside,254,0,0,1,True,False,True,0.7175332208352115,0.7175332208352115
full_coverage_complete,leftmirrorside,370,0,0,5,True,False,True,0.5283851818868208,0.5283851818868208
full_coverage_complete,leftmirrorside,371,0,0,5,True,False,True,0.5241863809194518,0.5241863809194518
full_coverage_complete,leftmirrorside,415,0,0,1,True,False,True,0.7529265415126637,0.7529265415126637
full_coverage_complete,leftmirrorside,479,0,0,5,True,False,True,0.6826855907515776,0.6826855907515776
full_coverage_complete,leftmirrorside,480,0,0,5,True,False,True,0.6490663138719884,0.6490663138719884
full_coverage_complete,leftmirrorside,481,0,0,5,True,False,True,0.4997983559822436,0.4997983559822436
full_coverage_complete,leftmirrorside,482,0,0,5,True,False,True,0.691976254104875,0.691976254104875
full_coverage_complete,leftmirrorside,503,0,0,1,True,False,True,0.7191218239714567,0.7191218239714567
full_coverage_complete,leftmirrorside,504,0,0,1,True,False,True,0.6833727042964861,0.6833727042964861
full_coverage_complete,leftmirrorside,505,0,0,1,True,False,True,0.7107646506129837,0.7107646506129837
full_coverage_complete,leftmirrorside,506,1,1,1,True,False,True,0.6286888851624322,0.039266314980988724
full_coverage_complete,leftmirrorside,510,0,0,1,True,False,True,0.0,0.0
full_coverage_complete,leftmirrorside,512,0,0,5,True,False,True,0.7419930073729082,0.7419930073729082
full_coverage_complete,leftmirrorside,513,0,0,1,True,False,True,0.831772964026818,0.831772964026818
full_coverage_complete,leftmirrorside,514,0,0,5,True,False,True,0.869058661728343,0.869058661728343
full_coverage_complete,leftmirrorside,515,5,0,5,True,False,True,0.8477309524344911,0.8740038870866895
full_coverage_complete,leftmirrorside,516,0,0,4,True,False,True,0.693949797644877,0.693949797644877
full_coverage_complete,leftmirrorside,517,0,0,5,True,False,True,0.5210272296426077,0.5210272296426077
full_coverage_complete,leftmirrorside,519,5,0,5,True,False,True,0.6321809920669453,0.6143978662703505
full_coverage_complete,leftmirrorside,525,0,0,1,True,False,True,0.48414559305071597,0.48414559305071597
full_coverage_complete,leftmirrorside,526,0,0,1,True,False,True,0.5546643971425163,0.5546643971425163
full_coverage_complete,leftmirrorside,527,0,0,4,True,False,True,0.5051501533238776,0.5051501533238776
full_coverage_complete,leftmirrorside,534,0,0,4,True,False,True,0.5690887925725034,0.5690887925725034
full_coverage_complete,leftmirrorside,536,0,0,5,True,False,True,0.0,0.0
full_coverage_complete,leftmirrorside,537,0,0,5,True,False,True,0.0,0.0
full_coverage_complete,leftmirrorside,542,0,0,5,True,False,True,0.0016339256556677714,0.0016339256556677714
full_coverage_complete,leftmirrorside,543,0,0,5,True,False,True,0.4866457441459466,0.4866457441459466
full_coverage_complete,leftmirrorside,544,0,0,6,True,False,True,0.6299196719820273,0.6299196719820273
full_coverage_complete,leftmirrorside,545,0,0,4,True,False,True,0.49135477293351953,0.49135477293351953
full_coverage_complete,leftmirrorside,546,0,0,5,True,False,True,0.5938541229401108,0.5938541229401108
full_coverage_complete,leftmirrorside,590,0,0,1,True,False,True,0.6525787603509736,0.6525787603509736
full_coverage_complete,leftmirrorside,593,0,0,5,True,False,True,0.2774871892248533,0.2774871892248533
full_coverage_complete,leftmirrorside,601,0,0,1,True,False,True,0.46321846896626734,0.46321846896626734
full_coverage_complete,leftmirrorside,602,0,0,1,True,False,True,0.32934536544480636,0.32934536544480636
full_coverage_complete,leftmirrorside,603,0,0,1,True,False,True,0.0,0.0
full_coverage_complete,leftmirrorside,605,0,1,4,True,False,True,0.0,0.0
full_coverage_complete,leftmirrorside,606,5,4,5,True,False,True,0.0,0.0
full_coverage_complete,leftmirrorside,607,0,0,1,True,False,True,0.0,0.0
full_coverage_complete,leftmirrorside,608,0,0,1,True,False,True,0.0,0.0
full_coverage_complete,leftmirrorside,609,0,0,1,True,False,True,0.0,0.0
full_coverage_complete,leftmirrorside,610,0,4,0,False,False,True,0.0,0.0
full_coverage_complete,leftmirrorside,611,0,0,1,True,False,True,0.0,0.0
full_coverage_complete,leftmirrorside,612,0,1,5,True,False,True,0.0,0.0
full_coverage_complete,leftmirrorside,613,0,0,4,True,False,True,0.0,0.0
full_coverage_complete,leftmirrorside,615,5,0,5,True,False,True,0.0,0.0
full_coverage_complete,leftmirrorside,616,0,0,5,True,False,True,0.0,0.0
full_coverage_complete,leftmirrorside,631,5,0,5,True,False,True,0.0,0.0
full_coverage_complete,leftmirrorside,635,0,0,5,True,False,True,0.0,0.0
full_coverage_complete,leftmirrorside,636,0,0,5,True,False,True,0.0,0.0
full_coverage_complete,leftmirrorside,638,0,0,4,True,False,True,0.0,0.0
full_coverage_complete,leftmirrorside,642,0,0,5,True,False,True,0.0,0.0
full_coverage_complete,leftmirrorside,649,0,0,5,True,False,True,0.0,0.0
full_coverage_complete,leftmirrorside,650,0,0,5,True,False,True,0.0,0.0
full_coverage_complete,leftmirrorside,651,0,0,5,True,False,True,0.0,0.0
full_coverage_complete,leftmirrorside,653,0,0,1,True,False,True,0.0,0.0
full_coverage_complete,leftmirrorside,657,0,0,5,True,False,True,0.0,0.0
full_coverage_complete,leftmirrorside,658,0,0,5,True,False,True,0.0,0.0
full_coverage_complete,leftmirrorside,666,0,0,5,True,False,True,0.0,0.0
full_coverage_complete,leftmirrorside,669,5,1,5,True,False,True,0.0,0.37018300519488
full_coverage_complete,leftmirrorside,674,0,0,1,True,False,True,0.6948423799362011,0.6948423799362011
full_coverage_complete,leftmirrorside,678,0,0,5,True,False,True,0.32206274766775156,0.32206274766775156
full_coverage_complete,leftmirrorside,679,0,0,5,True,False,True,0.3660367237823036,0.3660367237823036
full_coverage_complete,leftmirrorside,686,0,0,4,True,False,True,0.3524085054609169,0.3524085054609169
full_coverage_complete,leftmirrorside,687,0,0,1,True,False,True,0.07324745211966704,0.07324745211966704
full_coverage_complete,leftmirrorside,688,0,0,4,True,False,True,0.0696603514925135,0.0696603514925135
full_coverage_complete,leftmirrorside,689,4,2,4,True,False,True,0.014953794204336398,0.2450956209194199
full_coverage_complete,leftmirrorside,690,0,2,5,True,False,True,0.28054577185018276,0.0
full_coverage_complete,leftmirrorside,691,0,0,1,True,False,True,0.0,0.0
full_coverage_complete,leftmirrorside,692,0,0,4,True,False,True,0.0,0.0
full_coverage_complete,leftmirrorside,694,4,0,4,True,False,True,0.0,0.0
full_coverage_complete,leftmirrorside,695,0,0,5,True,False,True,0.07125777475475244,0.07125777475475244
full_coverage_complete,leftmirrorside,699,0,0,5,True,False,True,0.6873577188142609,0.6873577188142609
full_coverage_complete,leftmirrorside,701,0,0,6,True,False,True,0.46264850390231643,0.46264850390231643
full_coverage_complete,leftmirrorside,702,0,0,1,True,False,True,0.011904331014987248,0.011904331014987248
full_coverage_complete,leftmirrorside,703,0,0,4,True,False,True,0.0,0.0
full_coverage_complete,leftmirrorside,705,0,0,5,True,False,True,0.0,0.0
full_coverage_complete,leftmirrorside,706,0,1,0,False,False,True,0.0,0.10459685527575106
full_coverage_complete,leftmirrorside,707,0,0,6,True,False,True,0.0,0.0
full_coverage_complete,leftmirrorside,708,0,1,5,True,False,True,0.1449238077498935,0.01875380848338497
full_coverage_complete,leftmirrorside,709,0,0,5,True,False,True,0.28996501787538587,0.28996501787538587
full_coverage_complete,leftmirrorside,763,0,0,6,True,False,True,0.5132542821128456,0.5132542821128456
full_coverage_complete,leftmirrorside,768,0,0,6,True,False,True,0.5192670489405496,0.5192670489405496
full_coverage_complete,leftmirrorside,769,5,0,5,True,False,True,0.36562428582303697,0.3605903259809522
full_coverage_complete,leftmirrorside,771,0,0,5,True,False,True,0.7771845472069315,0.7771845472069315
full_coverage_complete,leftmirrorside,773,0,0,5,True,False,True,0.5507620106653629,0.5507620106653629
full_coverage_complete,leftmirrorside,793,0,0,1,True,False,True,0.632293444340825,0.632293444340825
full_coverage_complete,leftmirrorside,794,0,0,1,True,False,True,0.4752759201574049,0.4752759201574049
full_coverage_complete,leftmirrorside,795,0,0,1,True,False,True,0.544474889929655,0.544474889929655
full_coverage_complete,leftmirrorside,798,0,0,1,True,False,True,0.41579699206290743,0.41579699206290743
full_coverage_complete,leftmirrorside,800,0,0,1,True,False,True,0.5627317585264674,0.5627317585264674
full_coverage_complete,leftmirrorside,835,0,0,5,True,False,True,0.8852868589414303,0.8852868589414303
full_coverage_complete,leftmirrorside,841,0,0,1,True,False,True,0.629775226474678,0.629775226474678
full_coverage_complete,leftmirrorside,848,0,0,1,True,False,True,0.8648493632331413,0.8648493632331413
full_coverage_complete,leftmirrorside,872,0,0,1,True,False,True,0.7696389967457106,0.7696389967457106
full_coverage_complete,leftmirrorside,896,0,0,5,True,False,True,0.8086891697678988,0.8086891697678988
full_coverage_complete,leftmirrorside,920,0,0,5,True,False,True,0.7235690356539075,0.7235690356539075
full_coverage_complete,leftmirrorside,930,0,0,5,True,False,True,0.7502356802338632,0.7502356802338632
full_coverage_complete,leftmirrorside,936,0,0,5,True,False,True,0.721938488696537,0.721938488696537
full_coverage_complete,leftmirrorside,949,5,1,5,True,False,True,0.895201938628481,0.0
full_coverage_complete,leftmirrorside,959,0,1,5,True,False,True,0.0,0.6474027819952916
full_coverage_complete,leftmirrorside,980,0,0,1,True,False,True,0.48382347562661204,0.48382347562661204
full_coverage_complete,leftmirrorside,981,0,0,1,True,False,True,0.5246114313742753,0.5246114313742753
full_coverage_complete,leftmirrorside,982,0,0,1,True,False,True,0.6401695225013204,0.6401695225013204
full_coverage_complete,leftmirrorside,983,0,0,1,True,False,True,0.5423686015269668,0.5423686015269668
full_coverage_complete,leftmirrorside,986,0,0,4,True,False,True,0.6317338693090552,0.6317338693090552
full_coverage_complete,leftmirrorside,988,0,0,5,True,False,True,0.5386883711540351,0.5386883711540351
full_coverage_complete,leftmirrorside,989,0,0,5,True,False,True,0.6058269594376743,0.6058269594376743
full_coverage_complete,leftmirrorside,990,0,0,5,True,False,True,0.7008812474471268,0.7008812474471268
full_coverage_complete,leftmirrorside,994,0,0,1,True,False,True,0.6395546715244388,0.6395546715244388
full_coverage_complete,leftmirrorside,996,0,0,1,True,False,True,0.5024329374518108,0.5024329374518108
full_coverage_complete,leftmirrorside,997,0,0,1,True,False,True,0.4370406305195872,0.4370406305195872
full_coverage_complete,leftmirrorside,998,0,0,1,True,False,True,0.4117991443281929,0.4117991443281929
full_coverage_complete,leftmirrorside,999,0,0,1,True,False,True,0.38649697936611643,0.38649697936611643
full_coverage_complete,leftmirrorside,1000,0,0,1,True,False,True,0.3446359929702411,0.3446359929702411
full_coverage_complete,leftmirrorside,1001,0,0,1,True,False,True,0.3660247554356869,0.3660247554356869
full_coverage_complete,leftmirrorside,1002,0,0,1,True,False,True,0.36560322396162903,0.36560322396162903
full_coverage_complete,leftmirrorside,1003,0,0,1,True,False,True,0.3560413020683323,0.3560413020683323
full_coverage_complete,leftmirrorside,1004,0,0,5,True,False,True,0.35689202578477336,0.35689202578477336
full_coverage_complete,leftmirrorside,1006,5,0,5,True,False,True,0.3270169807393395,0.609938189507211
full_coverage_complete,leftmirrorside,1007,0,0,1,True,False,True,0.5523958235555713,0.5523958235555713
full_coverage_complete,leftmirrorside,1008,0,0,1,True,False,True,0.268657761641315,0.268657761641315
full_coverage_complete,leftmirrorside,1009,0,0,5,True,False,True,0.2930895783115768,0.2930895783115768
full_coverage_complete,leftmirrorside,1010,0,0,1,True,False,True,0.3237447759438199,0.3237447759438199
full_coverage_complete,leftmirrorside,1015,0,0,5,True,False,True,0.7297535730265846,0.7297535730265846
full_coverage_complete,leftmirrorside,1017,5,0,5,True,False,True,0.6439151635576501,0.8126303475477424
full_coverage_complete,leftmirrorside,1031,0,0,1,True,False,True,0.7385393819031427,0.7385393819031427
full_coverage_complete,leftmirrorside,1034,0,0,5,True,False,True,0.5765057470910167,0.5765057470910167
full_coverage_complete,leftmirrorside,1035,0,0,6,True,False,True,0.639658058044264,0.639658058044264
full_coverage_complete,leftmirrorside,1037,0,0,6,True,False,True,0.6405684603011231,0.6405684603011231
full_coverage_complete,leftmirrorside,1038,0,0,6,True,False,True,0.6716288785589895,0.6716288785589895
full_coverage_complete,leftmirrorside,1039,5,0,5,True,False,True,0.637809302495991,0.710362393187457
full_coverage_complete,leftmirrorside,1041,0,0,5,True,False,True,0.49309797942039524,0.49309797942039524
full_coverage_complete,leftmirrorside,1043,0,0,5,True,False,True,0.7770087245894894,0.7770087245894894
full_coverage_complete,leftmirrorside,1044,5,0,5,True,False,True,0.827241167217368,0.8919600907328884
full_coverage_complete,leftmirrorside,1046,0,0,6,True,False,True,0.8518271693623151,0.8518271693623151
full_coverage_complete,leftmirrorside,1047,0,0,5,True,False,True,0.5863598720655958,0.5863598720655958
full_coverage_complete,leftmirrorside,1048,0,0,6,True,False,True,0.5795746911672662,0.5795746911672662
full_coverage_complete,leftmirrorside,1049,0,0,6,True,False,True,0.6023585717716127,0.6023585717716127
full_coverage_complete,leftmirrorside,1050,0,0,6,True,False,True,0.606463399457853,0.606463399457853
full_coverage_complete,leftmirrorside,1051,0,0,6,True,False,True,0.6636503509098316,0.6636503509098316
full_coverage_complete,leftmirrorside,1052,0,0,1,True,False,True,0.6066973687338562,0.6066973687338562
full_coverage_complete,leftmirrorside,1053,0,0,5,True,False,True,0.5154139838760567,0.5154139838760567
full_coverage_complete,leftmirrorside,1054,0,0,1,True,False,True,0.631470609700614,0.631470609700614
full_coverage_complete,leftmirrorside,1055,0,0,1,True,False,True,0.6940173513854417,0.6940173513854417
full_coverage_complete,leftmirrorside,1056,0,0,5,True,False,True,0.7145951557543131,0.7145951557543131
full_coverage_complete,leftmirrorside,1057,0,0,5,True,False,True,0.7425317235084705,0.7425317235084705
full_coverage_complete,leftmirrorside,1058,0,0,1,True,False,True,0.7506679158213957,0.7506679158213957
full_coverage_complete,leftmirrorside,1059,0,0,5,True,False,True,0.79103779807399,0.79103779807399
full_coverage_complete,leftmirrorside,1060,0,0,5,True,False,True,0.7221638126143606,0.7221638126143606
full_coverage_complete,leftmirrorside,1061,0,0,5,True,False,True,0.6920049131753276,0.6920049131753276
full_coverage_complete,leftmirrorside,1062,0,0,5,True,False,True,0.7617042418913719,0.7617042418913719
full_coverage_complete,leftmirrorside,1063,5,0,5,True,False,True,0.7681062047785829,0.7230311117934322
full_coverage_complete,leftmirrorside,1064,0,0,1,True,False,True,0.839844640011028,0.839844640011028
full_coverage_complete,leftmirrorside,1066,0,0,1,True,False,True,0.8176140256323862,0.8176140256323862
full_coverage_complete,leftmirrorside,1067,0,0,1,True,False,True,0.8166550697772651,0.8166550697772651
full_coverage_complete,leftmirrorside,1068,0,0,5,True,False,True,0.8115839657478675,0.8115839657478675
full_coverage_complete,leftmirrorside,1069,0,0,1,True,False,True,0.7072944323414628,0.7072944323414628
full_coverage_complete,leftmirrorside,1070,0,0,1,True,False,True,0.6066985398432173,0.6066985398432173
full_coverage_complete,leftmirrorside,1071,0,0,5,True,False,True,0.667115661173846,0.667115661173846
full_coverage_complete,leftmirrorside,1072,0,0,5,True,False,True,0.6636982010370548,0.6636982010370548
full_coverage_complete,leftmirrorside,1073,0,0,5,True,False,True,0.7616454746563531,0.7616454746563531
full_coverage_complete,leftmirrorside,1074,5,0,5,True,False,True,0.6532319155221024,0.5999164238538978
full_coverage_complete,leftmirrorside,1075,0,0,5,True,False,True,0.6617999130461352,0.6617999130461352
full_coverage_complete,leftmirrorside,1076,0,0,5,True,False,True,0.6696629638507365,0.6696629638507365
full_coverage_complete,leftmirrorside,1077,0,0,5,True,False,True,0.7161602534699153,0.7161602534699153
full_coverage_complete,leftmirrorside,1078,0,0,5,True,False,True,0.6869213875302008,0.6869213875302008
full_coverage_complete,leftmirrorside,1079,0,0,5,True,False,True,0.81857430648147,0.81857430648147
full_coverage_complete,leftmirrorside,1080,0,0,5,True,False,True,0.6675324492441836,0.6675324492441836
full_coverage_complete,leftmirrorside,1081,0,0,5,True,False,True,0.574577870185872,0.574577870185872
full_coverage_complete,leftmirrorside,1082,0,0,5,True,False,True,0.5624129378791392,0.5624129378791392
full_coverage_complete,leftmirrorside,1083,0,0,1,True,False,True,0.5373232505135179,0.5373232505135179
full_coverage_complete,leftmirrorside,1084,0,0,1,True,False,True,0.4160641758352819,0.4160641758352819
full_coverage_complete,leftmirrorside,1085,0,0,5,True,False,True,0.5694948722930204,0.5694948722930204
full_coverage_complete,leftmirrorside,1087,0,0,5,True,False,True,0.24340497692420776,0.24340497692420776
full_coverage_complete,leftmirrorside,1088,0,0,5,True,False,True,0.2362937652509276,0.2362937652509276
full_coverage_complete,leftmirrorside,1089,0,0,4,True,False,True,0.17680091416086044,0.17680091416086044
full_coverage_complete,leftmirrorside,1090,0,0,5,True,False,True,0.22221851748116334,0.22221851748116334
full_coverage_complete,leftmirrorside,1091,0,0,5,True,False,True,0.28379090643540844,0.28379090643540844
full_coverage_complete,leftmirrorside,1092,0,0,1,True,False,True,0.3895590081746831,0.3895590081746831
full_coverage_complete,leftmirrorside,1093,0,0,1,True,False,True,0.41592735836296796,0.41592735836296796
full_coverage_complete,leftmirrorside,1094,0,0,5,True,False,True,0.35429973455247044,0.35429973455247044
full_coverage_complete,leftmirrorside,1095,0,0,5,True,False,True,0.3850952278325711,0.3850952278325711
full_coverage_complete,leftmirrorside,1096,0,0,1,True,False,True,0.49974856677217105,0.49974856677217105
full_coverage_complete,leftmirrorside,1097,0,0,5,True,False,True,0.35302640044172306,0.35302640044172306
full_coverage_complete,leftmirrorside,1098,0,0,5,True,False,True,0.4171340783767806,0.4171340783767806
full_coverage_complete,leftmirrorside,1100,0,0,4,True,False,True,0.2607640894373045,0.2607640894373045
full_coverage_complete,leftmirrorside,1101,0,0,5,True,False,True,0.41370419622113924,0.41370419622113924
full_coverage_complete,leftmirrorside,1102,0,0,1,True,False,True,0.4086867548763342,0.4086867548763342
full_coverage_complete,leftmirrorside,1103,0,0,1,True,False,True,0.46612469039914867,0.46612469039914867
full_coverage_complete,leftmirrorside,1104,0,0,1,True,False,True,0.5129809091015336,0.5129809091015336
full_coverage_complete,leftmirrorside,1105,0,0,4,True,False,True,0.6571948434976597,0.6571948434976597
full_coverage_complete,leftmirrorside,1106,0,0,1,True,False,True,0.5913818149208909,0.5913818149208909
full_coverage_complete,leftmirrorside,1107,0,0,5,True,False,True,0.522049827411514,0.522049827411514
full_coverage_complete,leftmirrorside,1109,0,0,5,True,False,True,0.5557093086146231,0.5557093086146231
full_coverage_complete,leftmirrorside,1111,0,0,5,True,False,True,0.48069593400343663,0.48069593400343663
full_coverage_complete,leftmirrorside,1118,0,0,5,True,False,True,0.8500415248785728,0.8500415248785728
full_coverage_complete,leftmirrorside,1119,0,0,5,True,False,True,0.7310483254874639,0.7310483254874639
full_coverage_complete,leftmirrorside,1120,0,0,5,True,False,True,0.737814162512811,0.737814162512811
full_coverage_complete,leftmirrorside,1136,0,0,5,True,False,True,0.6821046739493477,0.6821046739493477
full_coverage_complete,leftmirrorside,1137,0,0,5,True,False,True,0.6615240573793479,0.6615240573793479
full_coverage_complete,leftmirrorside,1140,0,0,5,True,False,True,0.394383942473364,0.394383942473364
full_coverage_complete,leftmirrorside,1143,5,0,5,True,False,True,0.544250330167062,0.5985966786659239
full_coverage_complete,leftmirrorside,1144,0,0,5,True,False,True,0.5717659705539418,0.5717659705539418
full_coverage_complete,leftmirrorside,1145,0,0,1,True,False,True,0.6489383986979491,0.6489383986979491
full_coverage_complete,leftmirrorside,1146,0,0,1,True,False,True,0.8040860664938843,0.8040860664938843
full_coverage_complete,leftmirrorside,1166,5,0,5,True,False,True,0.7472299656141083,0.7061631289028717
full_coverage_complete,leftmirrorside,1170,5,0,5,True,False,True,0.6377621117678968,0.6570321803084527
full_coverage_complete,leftmirrorside,1172,0,0,5,True,False,True,0.6601697822961344,0.6601697822961344
full_coverage_complete,leftmirrorside,1176,5,0,5,True,False,True,0.6984138745929674,0.7146878607162478
full_coverage_complete,leftmirrorside,1180,0,0,5,True,False,True,0.7423422058983302,0.7423422058983302
full_coverage_complete,leftmirrorside,1181,0,0,5,True,False,True,0.7906684406838246,0.7906684406838246
full_coverage_complete,leftmirrorside,1183,0,0,5,True,False,True,0.7873100233926136,0.7873100233926136
full_coverage_complete,leftmirrorside,1186,0,0,6,True,False,True,0.7942028762884935,0.7942028762884935
full_coverage_complete,leftmirrorside,1205,5,0,5,True,False,True,0.42700339142698884,0.3563726711064524
full_coverage_complete,leftmirrorside,1226,0,0,5,True,False,True,0.3579033139324586,0.3579033139324586
full_coverage_complete,leftmirrorside,1227,0,0,5,True,False,True,0.3315252375135928,0.3315252375135928
full_coverage_complete,leftmirrorside,1228,0,0,5,True,False,True,0.06320921013990918,0.06320921013990918
full_coverage_complete,leftmirrorside,1229,0,0,5,True,False,True,0.0,0.0
full_coverage_complete,leftmirrorside,1230,0,0,5,True,False,True,0.0,0.0
full_coverage_complete,leftmirrorside,1231,0,0,5,True,False,True,0.0,0.0
full_coverage_complete,leftmirrorside,1232,5,0,5,True,False,True,0.0,0.0
full_coverage_complete,leftmirrorside,1233,5,0,5,True,False,True,0.0,0.0
full_coverage_complete,leftmirrorside,1234,0,0,4,True,False,True,0.0,0.0
full_coverage_complete,leftmirrorside,1235,0,0,5,True,False,True,0.0,0.0
full_coverage_complete,leftmirrorside,1236,0,0,5,True,False,True,0.0,0.0
full_coverage_complete,leftmirrorside,1237,0,0,5,True,False,True,0.0,0.0
full_coverage_complete,leftmirrorside,1238,0,0,5,True,False,True,0.0,0.0
full_coverage_complete,leftmirrorside,1239,0,0,5,True,False,True,0.0,0.0
full_coverage_complete,leftmirrorside,1240,0,0,5,True,False,True,0.0,0.0
full_coverage_complete,leftmirrorside,1241,0,0,5,True,False,True,0.0,0.0
full_coverage_complete,leftmirrorside,1242,0,0,5,True,False,True,0.0,0.0
full_coverage_complete,leftmirrorside,1244,0,0,5,True,False,True,0.0,0.0
full_coverage_complete,leftmirrorside,1245,0,0,5,True,False,True,0.0,0.0
full_coverage_complete,leftmirrorside,1246,0,0,5,True,False,True,0.0,0.0
full_coverage_complete,leftmirrorside,1260,0,0,1,True,False,True,0.0,0.0
full_coverage_complete,leftmirrorside,1261,0,0,1,True,False,True,0.0,0.0
full_coverage_complete,leftmirrorside,1263,0,0,1,True,False,True,0.0,0.0
full_coverage_complete,leftmirrorside,1272,0,0,5,True,False,True,0.0,0.0
full_coverage_complete,leftmirrorside,1273,0,0,5,True,False,True,0.0,0.0
full_coverage_complete,leftmirrorside,1274,0,0,5,True,False,True,0.0,0.0
full_coverage_complete,leftmirrorside,1277,0,0,1,True,False,True,0.0,0.0
full_coverage_complete,leftmirrorside,1279,0,0,1,True,False,True,0.0,0.0
full_coverage_complete,leftmirrorside,1280,0,0,1,True,False,True,0.0,0.0
full_coverage_complete,leftmirrorside,1281,0,0,1,True,False,True,0.0,0.0
full_coverage_complete,leftmirrorside,1283,0,0,5,True,False,True,0.0,0.0
full_coverage_complete,leftmirrorside,1284,0,0,2,True,False,True,0.0,0.0
full_coverage_complete,leftmirrorside,1286,0,0,2,True,False,True,0.0,0.0
full_coverage_complete,leftmirrorside,1287,5,0,5,True,False,True,0.0,0.0
full_coverage_complete,leftmirrorside,1288,0,0,5,True,False,True,0.0,0.0
full_coverage_complete,leftmirrorside,1289,0,0,2,True,False,True,0.0,0.0
full_coverage_complete,leftmirrorside,1292,0,0,1,True,False,True,0.0,0.0
full_coverage_complete,leftmirrorside,1296,0,0,5,True,False,True,0.0,0.0
full_coverage_complete,leftmirrorside,1297,0,0,6,True,False,True,0.0,0.0
full_coverage_complete,leftmirrorside,1299,0,0,6,True,False,True,0.0,0.0
full_coverage_complete,leftmirrorside,1306,0,0,2,True,False,True,0.0,0.0
full_coverage_complete,leftmirrorside,1307,0,0,2,True,False,True,0.0,0.0
full_coverage_complete,leftmirrorside,1308,4,0,4,True,False,True,0.0,0.0
full_coverage_complete,leftmirrorside,1309,0,0,5,True,False,True,0.0,0.0
full_coverage_complete,leftmirrorside,1310,0,0,2,True,False,True,0.0,0.0
full_coverage_complete,leftmirrorside,1311,0,0,1,True,False,True,0.0,0.0
full_coverage_complete,leftmirrorside,1312,0,0,5,True,False,True,0.0,0.0
full_coverage_complete,leftmirrorside,1313,0,0,5,True,False,True,0.0,0.0
full_coverage_complete,leftmirrorside,1315,0,0,5,True,False,True,0.0,0.0
full_coverage_complete,leftmirrorside,1317,0,0,5,True,False,True,0.0,0.0
full_coverage_complete,leftmirrorside,1318,0,0,5,True,False,True,0.0,0.0
full_coverage_complete,leftmirrorside,1319,5,3,5,True,False,True,0.0,0.3068413640424868
full_coverage_complete,leftmirrorside,1320,0,0,1,True,False,True,0.4685434607520564,0.4685434607520564
full_coverage_complete,leftmirrorside,1321,0,0,1,True,False,True,0.6689663540455938,0.6689663540455938
full_coverage_complete,leftmirrorside,1323,0,1,0,False,False,True,0.8055139273076563,0.0
full_coverage_complete,leftmirrorside,1326,0,0,5,True,False,True,0.0,0.0
full_coverage_complete,leftmirrorside,1327,0,0,1,True,False,True,0.0,0.0
full_coverage_complete,leftmirrorside,1328,0,0,5,True,False,True,0.0,0.0
full_coverage_complete,leftmirrorside,1329,0,0,5,True,False,True,0.0,0.0
full_coverage_complete,leftmirrorside,1330,0,0,1,True,False,True,0.0,0.0
full_coverage_complete,leftmirrorside,1341,0,0,1,True,False,True,0.0,0.0
full_coverage_complete,leftmirrorside,1343,0,0,1,True,False,True,0.0,0.0
full_coverage_complete,leftmirrorside,1344,0,0,1,True,False,True,0.0,0.0
full_coverage_complete,leftmirrorside,1345,0,0,1,True,False,True,0.0,0.0
full_coverage_complete,leftmirrorside,1355,0,0,5,True,False,True,0.0,0.0
full_coverage_complete,leftmirrorside,1356,0,0,5,True,False,True,0.0,0.0
full_coverage_complete,leftmirrorside,1369,0,0,5,True,False,True,0.0,0.0
full_coverage_complete,leftmirrorside,1372,0,0,5,True,False,True,0.0,0.0
full_coverage_complete,leftmirrorside,1373,0,0,1,True,False,True,0.0,0.0
full_coverage_complete,leftmirrorside,1405,0,0,5,True,False,True,0.7294836004028247,0.7294836004028247
full_coverage_complete,leftmirrorside,1407,0,0,1,True,False,True,0.7017118314664917,0.7017118314664917
full_coverage_complete,leftmirrorside,1410,0,0,5,True,False,True,0.8993799868289654,0.8993799868289654
full_coverage_complete,leftmirrorside,1411,0,0,5,True,False,True,0.6935576247800597,0.6935576247800597
full_coverage_complete,leftmirrorside,1413,0,0,5,True,False,True,0.6247662527110227,0.6247662527110227
full_coverage_complete,leftmirrorside,1414,0,0,1,True,False,True,0.6297412970291525,0.6297412970291525
full_coverage_complete,leftmirrorside,1419,0,0,1,True,False,True,0.5253446452557314,0.5253446452557314
full_coverage_complete,leftmirrorside,1420,0,0,1,True,False,True,0.04778635509695066,0.04778635509695066
full_coverage_complete,leftmirrorside,1421,0,0,5,True,False,True,0.004268036512099394,0.004268036512099394
full_coverage_complete,leftmirrorside,1422,5,0,5,True,False,True,0.0,0.0
full_coverage_complete,leftmirrorside,1424,0,0,5,True,False,True,0.0,0.0
full_coverage_complete,leftmirrorside,1426,0,0,5,True,False,True,0.0,0.0
full_coverage_complete,leftmirrorside,1435,0,2,0,False,False,True,0.0,0.48349892863267374
full_coverage_complete,leftmirrorside,1438,0,0,5,True,False,True,0.6924491858602144,0.6924491858602144
full_coverage_complete,leftmirrorside,1443,0,0,1,True,False,True,0.22749169579141176,0.22749169579141176
full_coverage_complete,leftmirrorside,1444,0,0,5,True,False,True,0.10229653585551068,0.10229653585551068
full_coverage_complete,leftmirrorside,1446,0,0,1,True,False,True,0.0,0.0
full_coverage_complete,leftmirrorside,1475,5,0,5,True,False,True,0.007859660917619773,0.6083250701165626
full_coverage_complete,leftmirrorside,1476,0,0,4,True,False,True,0.549521517814383,0.549521517814383
full_coverage_complete,leftmirrorside,1477,5,0,5,True,False,True,0.40266351140006834,0.05671593576309409
full_coverage_complete,leftmirrorside,1495,0,0,5,True,False,True,0.0,0.0
full_coverage_complete,leftmirrorside,1496,0,0,5,True,False,True,0.0,0.0
full_coverage_complete,leftmirrorside,1504,0,0,5,True,False,True,0.0,0.0
full_coverage_complete,leftmirrorside,1505,0,0,5,True,False,True,0.0,0.0
full_coverage_complete,leftmirrorside,1512,0,0,1,True,False,True,0.0,0.0
full_coverage_complete,leftmirrorside,1513,0,0,4,True,False,True,0.0,0.0
full_coverage_complete,leftmirrorside,1514,0,0,4,True,False,True,0.0,0.0
full_coverage_complete,leftmirrorside,1523,0,0,1,True,False,True,0.0,0.0
full_coverage_complete,leftmirrorside,1524,0,0,1,True,False,True,0.0,0.0
full_coverage_complete,leftmirrorside,1526,0,0,1,True,False,True,0.0,0.0
full_coverage_complete,leftmirrorside,1534,0,0,1,True,False,True,0.0,0.0
full_coverage_complete,leftmirrorside,1535,5,0,5,True,False,True,0.0,0.0
full_coverage_complete,leftmirrorside,1549,0,0,1,True,False,True,0.0,0.0
full_coverage_complete,leftmirrorside,1564,5,0,5,True,False,True,0.008894489107179606,0.009955430458299627
full_coverage_complete,leftmirrorside,1565,0,0,5,True,False,True,0.100064863562698,0.100064863562698
full_coverage_complete,leftmirrorside,1566,0,0,5,True,False,True,0.3046636324850703,0.3046636324850703
full_coverage_complete,leftmirrorside,1567,0,0,5,True,False,True,0.5995960986236181,0.5995960986236181
full_coverage_complete,leftmirrorside,1570,0,0,5,True,False,True,0.2918989918531641,0.2918989918531641
full_coverage_complete,leftmirrorside,1577,0,0,4,True,False,True,0.0,0.0
full_coverage_complete,leftmirrorside,1580,0,0,4,True,False,True,0.0,0.0
full_coverage_complete,leftmirrorside,1581,0,0,4,True,False,True,0.0,0.0
full_coverage_complete,leftmirrorside,1586,0,0,1,True,False,True,0.0,0.0
full_coverage_complete,leftmirrorside,1588,0,0,1,True,False,True,0.0,0.0
full_coverage_complete,leftmirrorside,1591,0,0,1,True,False,True,0.0,0.0
full_coverage_complete,leftmirrorside,1592,0,0,4,True,False,True,0.0,0.0
full_coverage_complete,leftmirrorside,1601,0,0,1,True,False,True,0.0,0.0
full_coverage_complete,leftmirrorside,1602,0,0,1,True,False,True,0.0,0.0
full_coverage_complete,leftmirrorside,1603,0,0,1,True,False,True,0.0,0.0
full_coverage_complete,leftmirrorside,1604,0,0,5,True,False,True,0.0,0.0
full_coverage_complete,leftmirrorside,1614,0,0,5,True,False,True,0.0,0.0
full_coverage_complete,leftmirrorside,1662,0,0,1,True,False,True,0.0,0.0
full_coverage_complete,leftmirrorside,1664,0,0,4,True,False,True,0.0,0.0
full_coverage_complete,leftmirrorside,1665,0,0,1,True,False,True,0.0,0.0
full_coverage_complete,leftmirrorside,1666,0,0,5,True,False,True,0.0,0.0
full_coverage_complete,leftmirrorside,1673,0,0,4,True,False,True,0.0,0.0
full_coverage_complete,leftmirrorside,1675,0,0,5,True,False,True,0.0,0.0
full_coverage_complete,leftmirrorside,1695,0,0,1,True,False,True,0.0,0.0
full_coverage_complete,leftmirrorside,1701,0,0,1,True,False,True,0.0,0.0
full_coverage_complete,leftmirrorside,1723,0,0,1,True,False,True,0.0,0.0
full_coverage_complete,leftmirrorside,1724,0,0,1,True,False,True,0.0,0.0
full_coverage_complete,leftmirrorside,1725,0,0,4,True,False,True,0.0,0.0
full_coverage_complete,leftmirrorside,1726,0,0,5,True,False,True,0.0,0.0
full_coverage_complete,leftmirrorside,1727,0,0,5,True,False,True,0.0,0.0
full_coverage_complete,leftmirrorside,1728,0,0,4,True,False,True,0.0,0.0
full_coverage_complete,leftmirrorside,1729,0,0,5,True,False,True,0.0,0.0
full_coverage_complete,leftmirrorside,1730,0,0,5,True,False,True,0.0,0.0
full_coverage_complete,leftmirrorside,1731,0,0,5,True,False,True,0.0,0.0
full_coverage_complete,leftpingpongball,6,0,0,5,True,False,True,0.7606788035164511,0.7606788035164511
full_coverage_complete,leftpingpongball,7,5,3,5,True,False,True,0.0,0.03432994410530142
full_coverage_complete,leftpingpongball,8,0,0,5,True,False,True,0.0,0.0
full_coverage_complete,leftpingpongball,9,0,0,4,True,False,True,0.0,0.0
full_coverage_complete,leftpingpongball,10,0,0,4,True,False,True,0.0,0.0
full_coverage_complete,leftpingpongball,11,0,0,5,True,False,True,0.0,0.0
full_coverage_complete,leftpingpongball,12,0,0,5,True,False,True,0.0,0.0
full_coverage_complete,leftpingpongball,13,5,0,5,True,False,True,0.0,0.0
full_coverage_complete,leftpingpongball,14,0,0,5,True,False,True,0.0,0.0
full_coverage_complete,leftpingpongball,15,0,0,5,True,False,True,0.0,0.0
full_coverage_complete,leftpingpongball,16,0,0,5,True,False,True,0.0,0.0
full_coverage_complete,leftpingpongball,17,0,0,5,True,False,True,0.0,0.0
full_coverage_complete,leftpingpongball,18,0,0,5,True,False,True,0.0,0.0
full_coverage_complete,leftpingpongball,19,0,0,5,True,False,True,0.0,0.0
full_coverage_complete,leftpingpongball,20,0,0,5,True,False,True,0.0,0.0
full_coverage_complete,leftpingpongball,21,0,0,5,True,False,True,0.0,0.0
full_coverage_complete,leftpingpongball,22,5,0,5,True,False,True,0.0,0.0
full_coverage_complete,leftpingpongball,23,0,0,5,True,False,True,0.0,0.0
full_coverage_complete,leftpingpongball,24,5,1,5,True,False,True,0.0,0.0
full_coverage_complete,leftpingpongball,25,0,0,5,True,False,True,0.0,0.0
full_coverage_complete,leftpingpongball,26,0,0,5,True,False,True,0.0,0.0
full_coverage_complete,leftpingpongball,27,0,0,5,True,False,True,0.0,0.0
full_coverage_complete,leftpingpongball,28,0,0,5,True,False,True,0.0,0.0
full_coverage_complete,leftpingpongball,29,0,0,5,True,False,True,0.0,0.0
full_coverage_complete,leftpingpongball,30,5,0,5,True,False,True,0.0,0.0
full_coverage_complete,leftpingpongball,31,0,0,5,True,False,True,0.0,0.0
full_coverage_complete,leftpingpongball,32,0,0,5,True,False,True,0.0,0.0
full_coverage_complete,leftpingpongball,33,0,0,5,True,False,True,0.0,0.0
full_coverage_complete,leftpingpongball,34,5,0,5,True,False,True,0.0,0.0
full_coverage_complete,leftpingpongball,35,0,0,5,True,False,True,0.0,0.0
full_coverage_complete,leftpingpongball,36,0,0,5,True,False,True,0.0,0.0
full_coverage_complete,leftpingpongball,37,0,0,5,True,False,True,0.0,0.0
full_coverage_complete,leftpingpongball,38,0,0,0,False,False,True,0.0,0.5680882403336528
full_coverage_complete,leftpingpongball,39,0,1,6,True,False,True,0.0,0.5411049825100197
full_coverage_complete,leftpingpongball,40,0,0,5,True,False,True,0.0,0.0
full_coverage_complete,leftpingpongball,42,1,1,1,True,False,True,0.0,0.0
full_coverage_complete,leftpingpongball,43,0,0,5,True,False,True,0.0,0.0
full_coverage_complete,leftpingpongball,44,0,0,5,True,False,True,0.0,0.0
full_coverage_complete,leftpingpongball,45,0,0,5,True,False,True,0.0,0.0
full_coverage_complete,leftpingpongball,46,0,0,5,True,False,True,0.0,0.0
full_coverage_complete,leftpingpongball,47,0,0,5,True,False,True,0.0,0.0
full_coverage_complete,leftpingpongball,48,0,0,5,True,False,True,0.0,0.0
full_coverage_complete,leftpingpongball,49,0,0,6,True,False,True,0.0,0.0
full_coverage_complete,leftpingpongball,50,0,0,5,True,False,True,0.0,0.0
full_coverage_complete,leftpingpongball,51,0,0,5,True,False,True,0.0,0.0
full_coverage_complete,leftpingpongball,52,0,0,5,True,False,True,0.0,0.0
full_coverage_complete,leftpingpongball,53,0,0,5,True,False,True,0.0,0.0
full_coverage_complete,leftpingpongball,54,0,0,5,True,False,True,0.0,0.0
full_coverage_complete,leftpingpongball,55,0,0,5,True,False,True,0.0,0.0
full_coverage_complete,leftpingpongball,56,0,0,5,True,False,True,0.0,0.0
full_coverage_complete,leftpingpongball,57,0,0,5,True,False,True,0.0,0.0
full_coverage_complete,leftpingpongball,58,0,0,5,True,False,True,0.0,0.0
full_coverage_complete,leftpingpongball,59,0,0,5,True,False,True,0.0,0.0
full_coverage_complete,leftpingpongball,60,0,0,5,True,False,True,0.0,0.0
full_coverage_complete,leftpingpongball,61,0,0,5,True,False,True,0.0,0.0
full_coverage_complete,leftpingpongball,62,0,0,5,True,False,True,0.0,0.0
full_coverage_complete,leftpingpongball,63,0,0,5,True,False,True,0.0,0.0
full_coverage_complete,leftpingpongball,64,0,0,5,True,False,True,0.0,0.0
full_coverage_complete,leftpingpongball,65,0,0,5,True,False,True,0.0,0.0
full_coverage_complete,leftrushingboy,9,0,0,2,True,False,True,0.8116905268578701,0.8116905268578701
full_coverage_complete,leftrushingboy,10,0,0,2,True,False,True,0.7267135912234165,0.7267135912234165
full_coverage_complete,leftrushingboy,16,0,0,2,True,False,True,0.9088193116769603,0.0
full_coverage_complete,leftrushingboy,24,0,0,2,True,False,True,0.9425114442507299,0.9425114442507299
full_coverage_complete,leftrushingboy,43,0,0,2,True,False,True,0.8733160557050518,0.8733160557050518
full_coverage_complete,leftrushingboy,44,0,0,2,True,False,True,0.8083659999134156,0.8083659999134156
full_coverage_complete,leftrushingboy,46,0,0,2,True,False,True,0.6772187172517444,0.6772187172517444
full_coverage_complete,leftrushingboy,47,0,0,2,True,False,True,0.8015436890401663,0.8015436890401663
full_coverage_complete,leftrushingboy,49,0,0,2,True,False,True,0.8502345424014589,0.8502345424014589
full_coverage_complete,leftrushingboy,50,0,0,2,True,False,True,0.8483368063524784,0.8483368063524784
full_coverage_complete,leftrushingboy,51,0,0,2,True,False,True,0.8601194332608605,0.8601194332608605
full_coverage_complete,leftrushingboy,53,0,0,2,True,False,True,0.8396939439746447,0.8396939439746447
full_coverage_complete,leftrushingboy,54,0,0,4,True,False,True,0.8262162168099237,0.8262162168099237
full_coverage_complete,leftrushingboy,55,0,0,2,True,False,True,0.7360578354684673,0.7360578354684673
full_coverage_complete,leftrushingboy,56,0,0,4,True,False,True,0.7456062193185632,0.7456062193185632
full_coverage_complete,leftrushingboy,61,0,0,2,True,False,True,0.8285508026127958,0.8285508026127958
full_coverage_complete,leftrushingboy,66,0,0,4,True,False,True,0.8593730846148468,0.8593730846148468
full_coverage_complete,leftrushingboy,67,0,0,4,True,False,True,0.752082649033752,0.752082649033752
full_coverage_complete,leftrushingboy,68,4,0,4,True,False,True,0.741910020229465,0.0
full_coverage_complete,leftrushingboy,72,5,0,5,True,False,True,0.0,0.0
full_coverage_complete,leftrushingboy,73,0,0,5,True,False,True,0.0,0.0
full_coverage_complete,leftrushingboy,74,0,0,2,True,False,True,0.0,0.0
full_coverage_complete,leftrushingboy,75,0,0,4,True,False,True,0.0,0.0
full_coverage_complete,leftrushingboy,76,0,0,4,True,False,True,0.0,0.0
full_coverage_complete,leftrushingboy,77,0,0,2,True,False,True,0.0,0.0
full_coverage_complete,leftrushingboy,78,0,0,2,True,False,True,0.0,0.0
full_coverage_complete,leftrushingboy,80,0,0,4,True,False,True,0.0,0.0
full_coverage_complete,leftrushingboy,88,0,0,4,True,False,True,0.0,0.0
full_coverage_complete,leftrushingboy,102,0,0,0,False,False,True,0.0,0.0
full_coverage_complete,leftrushingboy,109,0,0,4,True,False,True,0.0,0.0
full_coverage_complete,leftrushingboy,124,0,0,4,True,False,True,0.0,0.0
full_coverage_complete,leftrushingboy,134,0,0,4,True,False,True,0.0,0.0
full_coverage_complete,leftrushingboy,135,0,0,4,True,False,True,0.0,0.0
full_coverage_complete,leftrushingboy,136,0,0,4,True,False,True,0.0,0.0
full_coverage_complete,leftrushingboy,142,4,0,4,True,False,True,0.0,0.0
full_coverage_complete,leftrushingboy,145,0,1,4,True,False,True,0.0,0.0
full_coverage_complete,leftunderbasket,183,0,0,2,True,False,True,0.0,0.0
full_coverage_complete,leftunderbasket,586,0,0,2,True,False,True,0.7794877630279847,0.7794877630279847
full_coverage_complete,leftunderbasket,587,0,0,5,True,False,True,0.7686087949166458,0.7686087949166458
full_coverage_complete,leftunderbasket,588,0,1,5,True,False,True,0.702039081847409,0.0
full_coverage_complete,leftunderbasket,670,0,0,2,True,False,True,0.0,0.0
full_coverage_complete,leftunderbasket,672,0,0,2,True,False,True,0.0,0.0
full_coverage_complete,leftunderbasket,673,0,0,2,True,False,True,0.0,0.0
full_coverage_complete,leftunderbasket,675,0,0,2,True,False,True,0.0,0.0
full_coverage_complete,leftunderbasket,676,0,0,2,True,False,True,0.0,0.0
full_coverage_complete,leftunderbasket,677,0,0,2,True,False,True,0.0,0.0
full_coverage_complete,leftunderbasket,678,0,0,2,True,False,True,0.0,0.0
full_coverage_complete,leftunderbasket,681,0,0,2,True,False,True,0.0,0.0
full_coverage_complete,leftunderbasket,682,0,0,2,True,False,True,0.0,0.0
full_coverage_complete,leftunderbasket,683,0,0,2,True,False,True,0.0,0.0
full_coverage_complete,leftunderbasket,684,0,0,2,True,False,True,0.0,0.0
full_coverage_complete,leftunderbasket,685,0,0,2,True,False,True,0.0,0.0
full_coverage_complete,leftunderbasket,686,0,0,2,True,False,True,0.0,0.0
full_coverage_complete,leftunderbasket,687,0,0,2,True,False,True,0.0,0.0
full_coverage_complete,leftunderbasket,979,0,1,1,True,False,True,0.0,0.0
full_coverage_complete,leftunderbasket,980,0,1,2,True,False,True,0.0,0.0
full_coverage_complete,leftunderbasket,981,0,0,2,True,True,True,0.0,0.0
full_coverage_complete,leftuphand,147,0,0,4,True,False,True,0.766955522816538,0.766955522816538
full_coverage_complete,leftuphand,148,0,0,2,True,False,True,0.7781969260175058,0.7781969260175058
full_coverage_complete,leftuphand,149,2,0,2,True,False,True,0.3910636623337887,0.31252836668953216
full_coverage_complete,leftuphand,1797,0,0,2,True,False,True,0.6735048162722264,0.6735048162722264
full_coverage_complete,leftuphand,1798,0,0,2,True,False,True,0.60013528762954,0.60013528762954
full_coverage_complete,leftuphand,1799,0,0,2,True,False,True,0.4181356412160428,0.4181356412160428
full_coverage_complete,leftuphand,1800,0,0,2,True,False,True,0.5864958216255556,0.5864958216255556
full_coverage_complete,leftuphand,1801,0,0,2,True,False,True,0.5365026962202833,0.5365026962202833
full_coverage_complete,leftuphand,1802,0,0,2,True,False,True,0.5817708306679931,0.5817708306679931
full_coverage_complete,leftuphand,1820,0,0,1,True,False,True,0.44699229330110113,0.44699229330110113
full_coverage_complete,leftuphand,1821,4,0,4,True,False,True,0.5989882041532584,0.0
full_coverage_complete,leftuphand,1822,5,0,5,True,False,True,0.4332579899914683,0.0
full_coverage_complete,leftuphand,1824,0,0,2,True,False,True,0.11091175640570915,0.11091175640570915
full_coverage_complete,leftuphand,1825,5,0,5,True,False,True,0.014929177967637994,0.051717246526892455
full_coverage_complete,leftuphand,1833,0,0,2,True,False,True,0.0,0.0
full_coverage_complete,leftuphand,1834,0,0,0,False,False,True,0.0,0.3717598433257192
full_coverage_complete,leftuphand,1836,0,0,2,True,False,True,0.0,0.0
full_coverage_complete,leftuphand,1837,0,0,2,True,False,True,0.0,0.0
full_coverage_complete,littelbabycryingforahug,263,0,0,4,True,False,True,0.7924966951278088,0.7924966951278088
full_coverage_complete,littelbabycryingforahug,267,5,0,5,True,False,True,0.4729917646087698,0.20958884532488306
full_coverage_complete,littelbabycryingforahug,295,0,0,1,True,False,True,0.6557301933829746,0.6557301933829746
full_coverage_complete,littelbabycryingforahug,296,0,0,1,True,False,True,0.6158508519453026,0.6158508519453026
full_coverage_complete,littelbabycryingforahug,299,0,0,5,True,False,True,0.6285884622857911,0.6285884622857911
full_coverage_complete,littelbabycryingforahug,300,5,0,5,True,False,True,0.6068495715003793,0.6035956452428387
full_coverage_complete,littelbabycryingforahug,302,5,0,5,True,False,True,0.6733202837418591,0.7108242773991202
full_coverage_complete,littelbabycryingforahug,303,5,0,5,True,False,True,0.7088568946174497,0.6870642055495727
full_coverage_complete,littelbabycryingforahug,304,5,0,5,True,False,True,0.7023773387789208,0.6902086154669115
full_coverage_complete,littelbabycryingforahug,305,0,0,5,True,False,True,0.6775709141043746,0.6775709141043746
full_coverage_complete,littelbabycryingforahug,307,0,0,5,True,False,True,0.689056718807789,0.689056718807789
full_coverage_complete,littelbabycryingforahug,308,0,0,5,True,False,True,0.7192728093667246,0.7192728093667246
full_coverage_complete,littelbabycryingforahug,309,5,0,5,True,False,True,0.6856050045796999,0.6005933242318255
full_coverage_complete,littelbabycryingforahug,310,0,0,5,True,False,True,0.7139574637448153,0.7139574637448153
full_coverage_complete,littelbabycryingforahug,421,0,0,2,True,False,True,0.83670764726236,0.83670764726236
full_coverage_complete,littelbabycryingforahug,422,0,0,1,True,False,True,0.77110467833012,0.77110467833012
full_coverage_complete,littelbabycryingforahug,423,0,0,1,True,False,True,0.6618058771418456,0.6618058771418456
full_coverage_complete,littelbabycryingforahug,434,0,0,1,True,False,True,0.7688326801249802,0.7688326801249802
full_coverage_complete,littelbabycryingforahug,435,0,0,1,True,False,True,0.8093206618644652,0.8093206618644652
full_coverage_complete,littelbabycryingforahug,436,0,0,1,True,False,True,0.6838261759404057,0.6838261759404057
full_coverage_complete,littelbabycryingforahug,437,0,0,1,True,False,True,0.8333206754618847,0.8333206754618847
full_coverage_complete,littelbabycryingforahug,439,0,0,2,True,False,True,0.6809587893166827,0.6809587893166827
full_coverage_complete,littelbabycryingforahug,440,0,0,2,True,False,True,0.6611591451389416,0.6611591451389416
full_coverage_complete,littelbabycryingforahug,743,0,0,2,True,False,True,0.3870111646033682,0.3870111646033682
full_coverage_complete,littelbabycryingforahug,800,0,0,1,True,False,True,0.5297760991043112,0.5297760991043112
full_coverage_complete,littelbabycryingforahug,801,0,0,1,True,False,True,0.5521440551535782,0.5521440551535782
full_coverage_complete,littelbabycryingforahug,993,0,0,1,True,False,True,0.699270503227219,0.699270503227219
full_coverage_complete,littelbabycryingforahug,1311,0,0,1,True,False,True,0.710834300711653,0.710834300711653
full_coverage_complete,littelbabycryingforahug,1312,0,0,1,True,False,True,0.777405261998261,0.777405261998261
full_coverage_complete,littelbabycryingforahug,1318,0,0,1,True,False,True,0.6936326167296808,0.6936326167296808
full_coverage_complete,littelbabycryingforahug,1319,0,0,1,True,False,True,0.6263511845171919,0.6263511845171919
full_coverage_complete,littelbabycryingforahug,1320,0,0,1,True,False,True,0.6195067337010309,0.6195067337010309
full_coverage_complete,littelbabycryingforahug,1321,0,1,1,True,False,True,0.620339587217779,0.620339587217779
full_coverage_complete,littelbabycryingforahug,1322,0,0,1,True,False,True,0.8337078570872418,0.8337078570872418
full_coverage_complete,littelbabycryingforahug,1323,0,0,1,True,False,True,0.6604946970393641,0.6604946970393641
full_coverage_complete,littelbabycryingforahug,1325,0,0,1,True,False,True,0.5809674438704882,0.5809674438704882
full_coverage_complete,littelbabycryingforahug,1330,0,0,1,True,False,True,0.7243053440131376,0.7243053440131376
full_coverage_complete,littelbabycryingforahug,1449,0,0,5,True,False,True,0.6415579924877308,0.6415579924877308
full_coverage_complete,littelbabycryingforahug,1450,0,0,4,True,False,True,0.5493549706737755,0.5493549706737755
full_coverage_complete,littelbabycryingforahug,1451,0,0,5,True,False,True,0.2866999890951774,0.2866999890951774
full_coverage_complete,littelbabycryingforahug,1452,5,0,5,True,False,True,0.26853215001733405,0.3930961311505037
full_coverage_complete,littelbabycryingforahug,1453,0,0,5,True,False,True,0.5015592653295531,0.5015592653295531
full_coverage_complete,littelbabycryingforahug,1454,5,0,5,True,False,True,0.34277137072470876,0.5251612497518845
full_coverage_complete,littelbabycryingforahug,1455,0,0,4,True,False,True,0.34129243518486113,0.34129243518486113
full_coverage_complete,littelbabycryingforahug,1456,0,0,5,True,False,True,0.6696141442101653,0.6696141442101653
full_coverage_complete,littelbabycryingforahug,1457,0,0,5,True,False,True,0.6814645193322395,0.6814645193322395
full_coverage_complete,littelbabycryingforahug,1458,0,0,4,True,False,True,0.5524218186198431,0.5524218186198431
full_coverage_complete,littelbabycryingforahug,1459,0,0,4,True,False,True,0.8533279341616078,0.8533279341616078
full_coverage_complete,littelbabycryingforahug,1460,0,0,4,True,False,True,0.8267976169454876,0.8267976169454876
full_coverage_complete,littelbabycryingforahug,1461,0,0,5,True,False,True,0.7981570741648006,0.7981570741648006
full_coverage_complete,littelbabycryingforahug,1462,0,0,5,True,False,True,0.7385786299118021,0.7385786299118021
full_coverage_complete,littelbabycryingforahug,1470,0,0,5,True,False,True,0.7426595632068025,0.7426595632068025
full_coverage_complete,littelbabycryingforahug,1471,0,0,5,True,False,True,0.7380184447295364,0.7380184447295364
full_coverage_complete,littelbabycryingforahug,1472,0,0,5,True,False,True,0.5838485302019935,0.5838485302019935
full_coverage_complete,littelbabycryingforahug,1473,0,0,5,True,False,True,0.6132966108445433,0.6132966108445433
full_coverage_complete,littelbabycryingforahug,1474,0,0,5,True,False,True,0.58023188987506,0.58023188987506
full_coverage_complete,littelbabycryingforahug,1475,0,0,5,True,False,True,0.5264899045837398,0.5264899045837398
full_coverage_complete,littelbabycryingforahug,1481,5,0,5,True,False,True,0.6266405746637808,0.6163855432647308
full_coverage_complete,littelbabycryingforahug,1482,0,0,4,True,False,True,0.6071560962081277,0.6071560962081277
full_coverage_complete,littelbabycryingforahug,1483,0,0,4,True,False,True,0.6345270136720327,0.6345270136720327
full_coverage_complete,littelbabycryingforahug,1484,0,0,4,True,False,True,0.6726829937665275,0.6726829937665275
full_coverage_complete,littelbabycryingforahug,1485,0,0,4,True,False,True,0.8138722687424221,0.8138722687424221
full_coverage_complete,littelbabycryingforahug,1488,0,0,5,True,False,True,0.7373959516077977,0.7373959516077977
full_coverage_complete,littelbabycryingforahug,1489,0,0,4,True,False,True,0.7325899856894268,0.7325899856894268
full_coverage_complete,littelbabycryingforahug,1492,5,0,5,True,False,True,0.6788458341845189,0.6297272493001802
full_coverage_complete,littelbabycryingforahug,1493,5,0,5,True,False,True,0.6130714974449106,0.5471566990014858
full_coverage_complete,littelbabycryingforahug,1495,0,0,5,True,False,True,0.6536021771804144,0.6536021771804144
full_coverage_complete,littelbabycryingforahug,1496,0,0,4,True,False,True,0.6612072070559488,0.6612072070559488
full_coverage_complete,littelbabycryingforahug,1497,0,0,5,True,False,True,0.8402491633635523,0.8402491633635523
full_coverage_complete,littelbabycryingforahug,1498,5,0,5,True,False,True,0.8316997542984683,0.6602603993891142
full_coverage_complete,littelbabycryingforahug,1499,0,0,5,True,False,True,0.6292768126274209,0.6292768126274209
full_coverage_complete,littelbabycryingforahug,1500,5,0,5,True,False,True,0.6771071353820961,0.5819492681844044
full_coverage_complete,littelbabycryingforahug,1501,0,0,5,True,False,True,0.6297838330728857,0.6297838330728857
full_coverage_complete,littelbabycryingforahug,1503,0,0,5,True,False,True,0.6233980377240215,0.6233980377240215
full_coverage_complete,littelbabycryingforahug,1504,0,0,5,True,False,True,0.6796669499371203,0.6796669499371203
full_coverage_complete,littelbabycryingforahug,1506,5,0,5,True,False,True,0.7786705239540356,0.7570255625286987
full_coverage_complete,littelbabycryingforahug,1512,0,0,4,True,False,True,0.5936666418710943,0.5936666418710943
full_coverage_complete,littelbabycryingforahug,1513,0,0,5,True,False,True,0.7619544105524393,0.7619544105524393
full_coverage_complete,littelbabycryingforahug,1514,0,0,4,True,False,True,0.7543340221540072,0.7543340221540072
full_coverage_complete,littelbabycryingforahug,1515,0,0,4,True,False,True,0.8450806080854003,0.8450806080854003
full_coverage_complete,littelbabycryingforahug,1516,0,0,4,True,False,True,0.7858305788422648,0.7858305788422648
full_coverage_complete,littelbabycryingforahug,1518,0,0,4,True,False,True,0.7754984306886015,0.7754984306886015
full_coverage_complete,littelbabycryingforahug,1519,0,0,4,True,False,True,0.6320964778117998,0.6320964778117998
full_coverage_complete,littelbabycryingforahug,1524,5,0,5,True,False,True,0.702371352502084,0.6170579741527462
full_coverage_complete,littelbabycryingforahug,1525,0,0,5,True,False,True,0.5425951707106218,0.5425951707106218
full_coverage_complete,littelbabycryingforahug,1526,0,0,5,True,False,True,0.6348277526287358,0.6348277526287358
full_coverage_complete,littelbabycryingforahug,1527,5,0,5,True,False,True,0.6771476973323104,0.6422844540804846
full_coverage_complete,littelbabycryingforahug,1528,5,0,5,True,False,True,0.6234724695918326,0.5858842446622352
full_coverage_complete,littelbabycryingforahug,1542,5,0,5,True,False,True,0.6210609624162708,0.5987475622549974
full_coverage_complete,lowerfoamboard,4,6,0,6,True,False,True,0.0,0.8572084583475771
full_coverage_complete,lowerfoamboard,23,0,1,5,True,False,True,0.7043423628430319,0.7043423628430319
full_coverage_complete,mandownstair,328,0,0,1,True,False,True,0.8004541082285341,0.8004541082285341
full_coverage_complete,mandownstair,347,0,0,4,True,False,True,0.7939762523355027,0.7939762523355027
full_coverage_complete,mandownstair,1042,0,0,2,True,False,True,0.5912694580491555,0.5912694580491555
full_coverage_complete,mandownstair,1043,0,0,5,True,False,True,0.4658311088841517,0.4658311088841517
full_coverage_complete,mandownstair,1044,0,0,5,True,False,True,0.43499687777448515,0.43499687777448515
full_coverage_complete,mandownstair,1045,0,0,5,True,False,True,0.3824709323303406,0.3824709323303406
full_coverage_complete,mandownstair,1046,0,0,5,True,False,True,0.29677902871553946,0.29677902871553946
full_coverage_complete,mandownstair,1047,0,0,5,True,False,True,0.3910074511406846,0.3910074511406846
full_coverage_complete,mandownstair,1048,0,0,5,True,False,True,0.4850540144865925,0.4850540144865925
full_coverage_complete,mandownstair,1049,0,0,5,True,False,True,0.4983167868808338,0.4983167868808338
full_coverage_complete,mandownstair,1050,0,0,5,True,False,True,0.6440305869780529,0.6440305869780529
full_coverage_complete,mandownstair,1051,0,0,5,True,False,True,0.5761358937841036,0.5761358937841036
full_coverage_complete,mandownstair,1052,0,0,5,True,False,True,0.622469426045232,0.622469426045232
full_coverage_complete,mandownstair,1053,0,0,5,True,False,True,0.6027125680557107,0.6027125680557107
full_coverage_complete,mandownstair,1054,0,0,4,True,False,True,0.598712184323493,0.598712184323493
full_coverage_complete,mandownstair,1055,0,0,5,True,False,True,0.5894681573401488,0.5894681573401488
full_coverage_complete,mandownstair,1056,0,0,5,True,False,True,0.645544040222466,0.645544040222466
full_coverage_complete,mandownstair,1057,0,0,5,True,False,True,0.774274719456326,0.774274719456326
full_coverage_complete,mandownstair,1058,0,0,2,True,False,True,0.7763682309938522,0.7763682309938522
full_coverage_complete,mandownstair,1059,0,0,5,True,False,True,0.8082807901382946,0.8082807901382946
full_coverage_complete,mandownstair,1060,0,0,2,True,False,True,0.6653883604709719,0.6653883604709719
full_coverage_complete,mandownstair,1061,0,0,2,True,False,True,0.6679314072595757,0.6679314072595757
full_coverage_complete,mandownstair,1062,0,0,5,True,False,True,0.630101183507117,0.630101183507117
full_coverage_complete,mandownstair,1065,0,0,5,True,False,True,0.7085865144821114,0.7085865144821114
full_coverage_complete,mandownstair,1066,0,0,5,True,False,True,0.7577209159156785,0.7577209159156785
full_coverage_complete,mandownstair,1067,0,0,5,True,False,True,0.6944357218605289,0.6944357218605289
full_coverage_complete,mandownstair,1068,0,0,5,True,False,True,0.5345568149069503,0.5345568149069503
full_coverage_complete,mandownstair,1069,0,0,5,True,False,True,0.4840302444938756,0.4840302444938756
full_coverage_complete,mandownstair,1070,0,0,1,True,False,True,0.35608229875003505,0.35608229875003505
full_coverage_complete,mandownstair,1071,0,0,5,True,False,True,0.41167726260838927,0.41167726260838927
full_coverage_complete,mandownstair,1072,0,0,2,True,False,True,0.3557708903853526,0.3557708903853526
full_coverage_complete,mandownstair,1073,0,0,1,True,False,True,0.33425605979812356,0.33425605979812356
full_coverage_complete,mandownstair,1074,0,0,5,True,False,True,0.24091192332933786,0.24091192332933786
full_coverage_complete,mandownstair,1076,0,0,2,True,False,True,0.386337953305058,0.386337953305058
full_coverage_complete,mandownstair,1077,0,0,5,True,False,True,0.5743474231909822,0.5743474231909822
full_coverage_complete,mandownstair,1078,0,0,5,True,False,True,0.3224792454968393,0.3224792454968393
full_coverage_complete,mandownstair,1079,0,0,5,True,False,True,0.2774078346503128,0.2774078346503128
full_coverage_complete,mandownstair,1080,0,0,5,True,False,True,0.11359388969399688,0.11359388969399688
full_coverage_complete,mandownstair,1081,0,0,5,True,False,True,0.1255268197924436,0.1255268197924436
full_coverage_complete,mandownstair,1082,0,0,4,True,False,True,0.19152581880968358,0.19152581880968358
full_coverage_complete,mandownstair,1083,0,0,5,True,False,True,0.19610895668645864,0.5599699930728149
full_coverage_complete,mandownstair,1084,0,0,5,True,False,True,0.6950529832442314,0.6950529832442314
full_coverage_complete,mandownstair,1085,0,0,5,True,False,True,0.5794896857748109,0.5794896857748109
full_coverage_complete,mandownstair,1086,0,0,5,True,False,True,0.5779594211909256,0.5779594211909256
full_coverage_complete,mandownstair,1087,0,0,5,True,False,True,0.44169376636046065,0.44169376636046065
full_coverage_complete,mandownstair,1088,0,0,4,True,False,True,0.2378427504599077,0.2378427504599077
full_coverage_complete,mandownstair,1089,0,0,4,True,False,True,0.5780313505707565,0.5780313505707565
full_coverage_complete,mandownstair,1090,0,0,5,True,False,True,0.3699920259609264,0.3699920259609264
full_coverage_complete,mandownstair,1091,0,0,4,True,False,True,0.3580324913677715,0.3580324913677715
full_coverage_complete,mandownstair,1092,0,0,4,True,False,True,0.5240782139620797,0.5240782139620797
full_coverage_complete,mandownstair,1093,0,0,4,True,False,True,0.47499638851204457,0.47499638851204457
full_coverage_complete,mandownstair,1094,0,0,5,True,False,True,0.34073700890514835,0.34073700890514835
full_coverage_complete,mandownstair,1095,0,0,4,True,False,True,0.5325888952408092,0.5325888952408092
full_coverage_complete,mangetsoff,150,0,0,6,True,False,True,0.7142436487545202,0.7142436487545202
full_coverage_complete,mangetsoff,151,0,0,1,True,False,True,0.5780490371545868,0.5780490371545868
full_coverage_complete,mangetsoff,153,0,1,0,False,False,True,0.20920905158393746,0.3263474332747986
full_coverage_complete,mangetsoff,154,0,0,1,True,False,True,0.6311072737919596,0.6311072737919596
full_coverage_complete,mangetsoff,155,0,0,5,True,False,True,0.5774066869024781,0.5774066869024781
full_coverage_complete,mangetsoff,156,0,0,5,True,False,True,0.5351855038164021,0.5351855038164021
full_coverage_complete,mangetsoff,157,0,1,5,True,False,True,0.34332695148800324,0.34332695148800324
full_coverage_complete,mangetsoff,159,0,0,5,True,False,True,0.4589348201703904,0.4589348201703904
full_coverage_complete,mangetsoff,160,0,0,5,True,False,True,0.5815302671062471,0.5815302671062471
full_coverage_complete,mangetsoff,162,0,0,1,True,False,True,0.4775491698837758,0.4775491698837758
full_coverage_complete,mangetsoff,163,0,0,5,True,False,True,0.24132197986427542,0.24132197986427542
full_coverage_complete,mangetsoff,164,0,0,1,True,False,True,0.07548647822223852,0.07548647822223852
full_coverage_complete,mangetsoff,165,0,0,1,True,False,True,0.30706103065471074,0.30706103065471074
full_coverage_complete,mangetsoff,166,0,0,5,True,False,True,0.10521332921483766,0.10521332921483766
full_coverage_complete,mangetsoff,167,0,0,6,True,False,True,0.0,0.0
full_coverage_complete,mangetsoff,169,0,0,5,True,False,True,0.412341836318217,0.412341836318217
full_coverage_complete,mangetsoff,170,0,0,5,True,False,True,0.4140401405205284,0.4140401405205284
full_coverage_complete,mangetsoff,171,5,3,5,True,False,True,0.31059944979705906,0.014192436398034995
full_coverage_complete,mangetsoff,172,0,0,5,True,False,True,0.019254000016768316,0.019254000016768316
full_coverage_complete,mangetsoff,173,0,0,5,True,False,True,0.0,0.0
full_coverage_complete,mangetsoff,174,1,1,1,True,False,True,0.0,0.0
full_coverage_complete,mangetsoff,175,1,0,1,True,False,True,0.0,0.0
full_coverage_complete,mangetsoff,206,6,0,6,True,False,True,0.0,0.0
full_coverage_complete,mangetsoff,207,0,2,6,True,False,True,0.0,0.0
full_coverage_complete,mangetsoff,208,0,0,6,True,False,True,0.0,0.0
full_coverage_complete,mangetsoff,209,0,0,5,True,False,True,0.0,0.0
full_coverage_complete,mangetsoff,210,0,0,5,True,False,True,0.0,0.0
full_coverage_complete,mangetsoff,211,5,0,5,True,False,True,0.15887876155764674,0.4098570272170256
full_coverage_complete,mangetsoff,212,0,0,5,True,False,True,0.5413260437468117,0.5413260437468117
full_coverage_complete,mangetsoff,213,0,0,5,True,False,True,0.5522751433133076,0.5522751433133076
full_coverage_complete,mangetsoff,214,5,4,5,True,False,True,0.5677262414805072,0.659198524015354
full_coverage_complete,mangetsoff,215,0,0,5,True,False,True,0.6712123440096931,0.6712123440096931
full_coverage_complete,mangetsoff,216,0,0,5,True,False,True,0.661784728555902,0.661784728555902
full_coverage_complete,mangetsoff,217,5,1,5,True,False,True,0.5749454272986246,0.5569622907216706
full_coverage_complete,mangetsoff,218,0,0,5,True,False,True,0.4425094321732574,0.4425094321732574
full_coverage_complete,mangetsoff,219,0,0,5,True,False,True,0.8372922716701618,0.8372922716701618
full_coverage_complete,manoncall,284,0,0,5,True,False,True,0.5828997682332655,0.5828997682332655
full_coverage_complete,manoncall,286,0,0,5,True,False,True,0.5693299634315482,0.5693299634315482
full_coverage_complete,manoncall,288,0,0,5,True,False,True,0.5871862134513903,0.5871862134513903
full_coverage_complete,manoncall,300,0,0,5,True,False,True,0.2278636687631972,0.2278636687631972
full_coverage_complete,manoncall,341,0,0,4,True,False,True,0.5796453839597657,0.5796453839597657
full_coverage_complete,manoncall,342,5,0,5,True,False,True,0.7161548183045033,0.6356029536613794
full_coverage_complete,manoncall,350,0,0,1,True,False,True,0.4690248879861429,0.4690248879861429
full_coverage_complete,manoncall,351,0,0,1,True,False,True,0.0,0.0
full_coverage_complete,manoncall,353,0,0,1,True,False,True,0.0,0.0
full_coverage_complete,manoncall,354,0,0,1,True,False,True,0.5209700467986498,0.5209700467986498
full_coverage_complete,manoncall,357,0,0,1,True,False,True,0.5272464341658288,0.5272464341658288
full_coverage_complete,manoncall,364,0,0,1,True,False,True,0.4673991225344304,0.4673991225344304
full_coverage_complete,manoncall,367,0,0,5,True,False,True,0.5115298133214907,0.5115298133214907
full_coverage_complete,manoncall,373,0,0,4,True,False,True,0.37526584382279754,0.37526584382279754
full_coverage_complete,manoncall,374,0,0,4,True,False,True,0.0,0.0
full_coverage_complete,manoncall,375,0,0,4,True,False,True,0.0,0.0
full_coverage_complete,manoncall,376,0,0,5,True,False,True,0.0,0.0
full_coverage_complete,manoncall,377,0,0,4,True,False,True,0.45899740480633644,0.45899740480633644
full_coverage_complete,manoncall,378,4,0,4,True,False,True,0.3097235406225312,0.3254522973614633
full_coverage_complete,manoncall,379,0,0,5,True,False,True,0.3953218836261724,0.3953218836261724
full_coverage_complete,manoncall,380,0,0,5,True,False,True,0.12499833659134989,0.12499833659134989
full_coverage_complete,manoncall,382,0,0,5,True,False,True,0.5155309011177514,0.5155309011177514
full_coverage_complete,manoncall,384,0,0,5,True,False,True,0.5782434550740039,0.5782434550740039
full_coverage_complete,manoncall,385,0,0,5,True,False,True,0.4733826171125993,0.4733826171125993
full_coverage_complete,manoncall,386,0,0,1,True,False,True,0.30662559948797846,0.30662559948797846
full_coverage_complete,manoncall,387,0,0,1,True,False,True,0.4297938731348999,0.4297938731348999
full_coverage_complete,manoncall,388,0,0,4,True,False,True,0.5021035249275061,0.5021035249275061
full_coverage_complete,manoncall,389,0,0,5,True,False,True,0.4495369287999257,0.4495369287999257
full_coverage_complete,manoncall,390,4,0,4,True,False,True,0.148530673552234,0.0
full_coverage_complete,manoncall,391,0,0,5,True,False,True,0.0,0.0
full_coverage_complete,manoncall,392,0,0,5,True,False,True,0.0,0.0
full_coverage_complete,manoncall,393,0,1,5,True,False,True,0.0,0.0
full_coverage_complete,manoncall,394,0,0,1,True,False,True,0.0,0.0
full_coverage_complete,manoncall,395,0,0,4,True,False,True,0.0,0.0
full_coverage_complete,manoncall,396,5,0,5,True,False,True,0.0,0.0
full_coverage_complete,manoncall,397,0,0,4,True,False,True,0.0,0.0
full_coverage_complete,manoncall,399,4,3,4,True,False,True,0.0,0.0
full_coverage_complete,manoncall,400,5,4,5,True,False,True,0.0,0.0
full_coverage_complete,manoncall,401,0,0,5,True,False,True,0.0,0.0
full_coverage_complete,manoncall,402,0,1,5,True,False,True,0.0,0.0
full_coverage_complete,manoncall,403,0,0,1,True,False,True,0.0,0.0
full_coverage_complete,manoncall,404,5,3,5,True,False,True,0.0,0.0
full_coverage_complete,manoncall,405,5,1,5,True,False,True,0.0,0.0
full_coverage_complete,manoncall,406,0,0,5,True,False,True,0.0,0.0
full_coverage_complete,manoncall,407,0,0,0,False,False,True,0.0,0.0
full_coverage_complete,manoncall,408,0,1,1,True,False,True,0.0,0.41279430256412136
full_coverage_complete,manoncall,409,1,0,1,True,False,True,0.5761493405979993,0.5876322239614094
full_coverage_complete,manoncall,413,0,0,4,True,False,True,0.5249872470156247,0.5249872470156247
full_coverage_complete,manoncall,414,0,0,4,True,False,True,0.5338983410502492,0.5338983410502492
full_coverage_complete,manoncall,416,0,1,1,True,False,True,0.4701033223404406,0.0
full_coverage_complete,manoncall,417,0,0,5,True,False,True,0.0,0.0
full_coverage_complete,manoncall,418,0,0,5,True,False,True,0.12920094637198742,0.12920094637198742
full_coverage_complete,manoncall,419,5,2,5,True,False,True,0.0,0.0
full_coverage_complete,manoncall,420,0,0,5,True,False,True,0.24201996471280438,0.24201996471280438
full_coverage_complete,manoncall,421,0,0,5,True,False,True,0.11362836154206425,0.11362836154206425
full_coverage_complete,manoncall,422,5,0,5,True,False,True,0.0,0.0
full_coverage_complete,manoncall,423,5,0,5,True,False,True,0.11649441102349554,0.09174101720681321
full_coverage_complete,manoncall,424,5,0,5,True,False,True,0.3052445943836832,0.29779870937775454
full_coverage_complete,manoncall,425,0,0,5,True,False,True,0.5824358173920129,0.5824358173920129
full_coverage_complete,manoncall,427,0,0,4,True,False,True,0.1986384835998537,0.1986384835998537
full_coverage_complete,manoncall,428,0,0,5,True,False,True,0.0,0.0
full_coverage_complete,manoncall,429,0,0,5,True,False,True,0.434153932215712,0.434153932215712
full_coverage_complete,manoncall,430,0,0,4,True,False,True,0.5113420404992808,0.5113420404992808
full_coverage_complete,manoncall,432,1,0,1,True,False,True,0.7468844263528011,0.7053698657638625
full_coverage_complete,manoncall,434,0,0,1,True,False,True,0.8638412602476644,0.8638412602476644
full_coverage_complete,manoncall,438,0,0,1,True,False,True,0.5464802717525836,0.5464802717525836
full_coverage_complete,manoncall,439,0,0,4,True,False,True,0.6176420974889264,0.6176420974889264
full_coverage_complete,manoncall,440,5,0,5,True,False,True,0.612465692628098,0.5011818968796663
full_coverage_complete,manoncall,441,0,0,5,True,False,True,0.3417770014239277,0.3417770014239277
full_coverage_complete,manoncall,443,5,0,5,True,False,True,0.44075785269591056,0.0
full_coverage_complete,manoncall,444,0,0,4,True,False,True,0.0,0.0
full_coverage_complete,manoncall,445,0,0,4,True,False,True,0.0,0.0
full_coverage_complete,manoncall,446,0,0,4,True,False,True,0.07370286315422866,0.07370286315422866
full_coverage_complete,manoncall,447,0,0,4,True,False,True,0.21165110117496824,0.21165110117496824
full_coverage_complete,manoncall,448,0,0,5,True,False,True,0.07960202290818061,0.07960202290818061
full_coverage_complete,manoncall,449,0,0,4,True,False,True,0.0,0.0
full_coverage_complete,manoncall,450,0,0,4,True,False,True,0.09606543881289352,0.09606543881289352
full_coverage_complete,manoncall,451,5,0,5,True,False,True,0.27967238165004565,0.08794942152484991
full_coverage_complete,manoncall,452,0,0,1,True,False,True,0.36168054283314527,0.36168054283314527
full_coverage_complete,manoncall,453,0,0,2,True,False,True,0.7459247273146627,0.7459247273146627
full_coverage_complete,manoncall,492,0,0,1,True,False,True,0.5608160999508409,0.5608160999508409
full_coverage_complete,manoncall,493,5,3,5,True,False,True,0.5174666764820296,0.2867914872254767
full_coverage_complete,manoncall,494,0,1,4,True,False,True,0.5171203894574419,0.0
full_coverage_complete,manoncall,495,5,0,5,True,False,True,0.0,0.0
full_coverage_complete,manoncall,496,0,0,4,True,False,True,0.007549451158869609,0.007549451158869609
full_coverage_complete,manoncall,497,0,0,1,True,False,True,0.0,0.6990126374958481
full_coverage_complete,manoncall,500,0,0,1,True,False,True,0.7481246268181034,0.7481246268181034
full_coverage_complete,manoncall,501,0,0,5,True,False,True,0.7804092998329221,0.7804092998329221
full_coverage_complete,manoncall,502,0,0,5,True,False,True,0.7158373823420593,0.7158373823420593
full_coverage_complete,manoncall,503,5,0,5,True,False,True,0.7748154150142942,0.7018629050198594
full_coverage_complete,mansimiliar,20,5,0,5,True,False,True,0.7562872983131015,0.7325087299204769
full_coverage_complete,mansimiliar,44,0,0,5,True,False,True,0.3366203263639477,0.3366203263639477
full_coverage_complete,mansimiliar,45,0,0,5,True,False,True,0.8323033783942149,0.8323033783942149
full_coverage_complete,mansimiliar,46,5,0,5,True,False,True,0.7906172354357208,0.8817125949363162
full_coverage_complete,mansimiliar,66,0,0,5,True,False,True,0.10201056412666246,0.10201056412666246
full_coverage_complete,mansimiliar,67,0,0,0,False,False,True,0.0,0.7344913188817821
full_coverage_complete,mansimiliar,71,5,0,5,True,False,True,0.8971339465026417,0.8599502136844093
full_coverage_complete,midboyNo_9,487,0,0,2,True,False,True,0.7976219197151279,0.7976219197151279
full_coverage_complete,midboyNo_9,489,0,0,2,True,False,True,0.8310673898176352,0.8310673898176352
full_coverage_complete,midboyNo_9,490,0,0,2,True,False,True,0.8509461654524616,0.8509461654524616
full_coverage_complete,midboyNo_9,491,0,0,2,True,False,True,0.8734054162958964,0.8734054162958964
full_coverage_complete,midboyNo_9,492,0,0,2,True,False,True,0.8275747830414851,0.8275747830414851
full_coverage_complete,midboyNo_9,493,0,0,2,True,False,True,0.8256719400745175,0.8256719400745175
full_coverage_complete,midboyNo_9,494,0,0,2,True,False,True,0.8257202218519896,0.8257202218519896
full_coverage_complete,midboyNo_9,496,0,0,2,True,False,True,0.7570073087419463,0.7570073087419463
full_coverage_complete,midboyNo_9,499,0,0,2,True,False,True,0.8322952314393899,0.8322952314393899
full_coverage_complete,midboyNo_9,500,0,0,2,True,False,True,0.8908271829132428,0.8908271829132428
full_coverage_complete,midboyNo_9,501,0,0,4,True,False,True,0.5657586245330316,0.5657586245330316
full_coverage_complete,midboyNo_9,502,0,0,2,True,False,True,0.79014873180431,0.79014873180431
full_coverage_complete,midboyNo_9,503,0,0,4,True,False,True,0.7321790045230813,0.7321790045230813
full_coverage_complete,midboyNo_9,504,0,0,4,True,False,True,0.6583573960116257,0.6583573960116257
full_coverage_complete,midboyNo_9,505,0,0,2,True,False,True,0.6968774867434354,0.6968774867434354
full_coverage_complete,midboyNo_9,506,0,0,2,True,False,True,0.7893149016012089,0.7893149016012089
full_coverage_complete,midboyNo_9,507,0,0,2,True,False,True,0.7979724194853239,0.7979724194853239
full_coverage_complete,midboyNo_9,508,2,0,2,True,False,True,0.6560286247819297,0.0
full_coverage_complete,midboyNo_9,510,0,0,5,True,False,True,0.0,0.0
full_coverage_complete,midboyNo_9,511,0,0,4,True,False,True,0.0,0.0
full_coverage_complete,midboyNo_9,512,0,0,4,True,False,True,0.0,0.0
full_coverage_complete,midboyNo_9,514,0,0,2,True,False,True,0.0,0.0
full_coverage_complete,midboyNo_9,515,0,0,2,True,False,True,0.0,0.0
full_coverage_complete,midboyNo_9,516,0,0,2,True,False,True,0.0,0.0
full_coverage_complete,midboyNo_9,518,0,0,2,True,False,True,0.0,0.0
full_coverage_complete,midboyNo_9,519,0,0,2,True,False,True,0.0,0.0
full_coverage_complete,midboyNo_9,679,1,0,1,True,False,True,0.6316277096418267,0.7551884504405145
full_coverage_complete,midboyNo_9,681,0,0,2,True,False,True,0.6522813889320509,0.0
full_coverage_complete,midboyNo_9,685,6,0,6,True,False,True,0.0,0.837761505116078
full_coverage_complete,midboyNo_9,686,0,1,2,True,False,True,0.799456106212862,0.799456106212862
full_coverage_complete,midboyNo_9,687,0,0,2,True,False,True,0.7255404493658186,0.0
full_coverage_complete,midboyNo_9,690,0,1,0,False,False,True,0.0,0.8763445823768892
full_coverage_complete,midboyNo_9,1213,0,0,6,True,False,True,0.7726484181754117,0.7726484181754117
full_coverage_complete,midboyNo_9,1227,0,0,2,True,False,True,0.7784978566510316,0.7784978566510316
full_coverage_complete,midboyNo_9,1228,0,1,1,True,False,True,0.728820365151271,0.728820365151271
full_coverage_complete,midboyNo_9,1230,0,0,2,True,False,True,0.8083385015592853,0.8083385015592853
full_coverage_complete,midboyNo_9,1684,0,0,2,True,False,True,0.7227557550537166,0.7227557550537166
full_coverage_complete,midboyNo_9,1916,0,0,2,True,False,True,0.0,0.0
full_coverage_complete,midboyNo_9,1917,0,0,2,True,False,True,0.13983713413171095,0.13983713413171095
full_coverage_complete,midboyNo_9,1919,0,0,2,True,False,True,0.0,0.0
full_coverage_complete,midboyNo_9,1923,0,0,2,True,False,True,0.0,0.0
full_coverage_complete,midboyNo_9,1925,0,0,2,True,False,True,0.0,0.0
full_coverage_complete,midboyNo_9,2015,0,0,2,True,False,True,0.0,0.0
full_coverage_complete,midboyNo_9,2434,0,0,2,True,False,True,0.0,0.9456331428879539
full_coverage_complete,midboyNo_9,2614,0,0,2,True,False,True,0.8387921011312613,0.8387921011312613
full_coverage_complete,midboyNo_9,2615,5,0,5,True,False,True,0.8832446847519695,0.886795132315788
full_coverage_complete,midboyNo_9,2621,0,1,0,False,False,True,0.5931018413580939,0.07461953547248747
full_coverage_complete,midboyNo_9,2625,0,0,5,True,False,True,0.0,0.0
full_coverage_complete,midboyNo_9,2756,0,0,2,True,False,True,0.6965473412833755,0.6965473412833755
full_coverage_complete,midboyNo_9,2763,0,0,2,True,False,True,0.4489812698003176,0.4489812698003176
full_coverage_complete,midboyNo_9,2990,0,0,2,True,False,True,0.7479916054082594,0.7479916054082594
full_coverage_complete,midboyNo_9,2991,2,1,2,True,False,True,0.649931736516757,0.28557615410394777
full_coverage_complete,midboyNo_9,2996,0,0,0,False,False,True,0.0,0.76927066954159
full_coverage_complete,midboyNo_9,3534,1,0,1,True,False,True,0.44951833259167606,0.8338062144533747
full_coverage_complete,midboyNo_9,3654,5,0,5,True,False,True,0.5866846453143308,0.7840824505018447
full_coverage_complete,midboyNo_9,3656,0,0,2,True,False,True,0.6734130751041185,0.6734130751041185
full_coverage_complete,midboyNo_9,3710,0,0,2,True,False,True,0.6593351966893497,0.6593351966893497
full_coverage_complete,midboyNo_9,3715,0,0,5,True,False,True,0.5144509443079949,0.5144509443079949
full_coverage_complete,midboyNo_9,3716,0,0,2,True,False,True,0.5387431035489577,0.5387431035489577
full_coverage_complete,midboyNo_9,3717,0,0,5,True,False,True,0.2961741114007949,0.2961741114007949
full_coverage_complete,midboyNo_9,3719,0,0,5,True,False,True,0.12491488846789431,0.12491488846789431
full_coverage_complete,midboyNo_9,3720,0,0,6,True,False,True,0.058549004628934455,0.058549004628934455
full_coverage_complete,midboyNo_9,3721,5,0,5,True,False,True,0.0,0.7824690865177121
full_coverage_complete,midboyNo_9,3729,0,0,2,True,False,True,0.8115877045925433,0.8115877045925433
full_coverage_complete,midboyNo_9,3730,0,1,2,True,False,True,0.8154702198551385,0.0
full_coverage_complete,midboyNo_9,3734,0,0,2,True,False,True,0.0,0.8015441493867882
full_coverage_complete,midboyNo_9,3751,0,0,2,True,False,True,0.9629656800930039,0.9629656800930039
full_coverage_complete,midboyNo_9,3752,0,0,2,True,False,True,0.951890499077077,0.951890499077077
full_coverage_complete,midboyNo_9,3753,0,0,2,True,False,True,0.8596073258517141,0.8596073258517141
full_coverage_complete,midboyNo_9,3754,0,0,2,True,False,True,0.8621949143111579,0.8621949143111579
full_coverage_complete,midboyNo_9,3755,0,0,1,True,False,True,0.8109744301824379,0.8109744301824379
full_coverage_complete,midboyNo_9,3756,0,0,2,True,False,True,0.7691764095847149,0.7691764095847149
full_coverage_complete,midboyNo_9,3757,0,0,2,True,False,True,0.8142324708366256,0.8142324708366256
full_coverage_complete,midboyNo_9,3758,1,0,1,True,False,True,0.7722817381802923,0.7419718085866381
full_coverage_complete,midboyNo_9,3762,0,0,2,True,False,True,0.6996296205598748,0.6996296205598748
full_coverage_complete,midboyNo_9,3763,0,0,2,True,False,True,0.5818154317967861,0.5818154317967861
full_coverage_complete,midboyNo_9,3764,0,0,2,True,False,True,0.43330030456623203,0.43330030456623203
full_coverage_complete,midboyNo_9,3765,0,0,2,True,False,True,0.6694536762739545,0.6694536762739545
full_coverage_complete,midboyNo_9,3819,0,0,2,True,False,True,0.526298119231716,0.526298119231716
full_coverage_complete,midboyNo_9,3827,0,0,2,True,False,True,0.7519463976230911,0.7519463976230911
full_coverage_complete,midboyNo_9,3841,0,0,2,True,False,True,0.6520049755729352,0.6520049755729352
full_coverage_complete,midboyNo_9,3842,0,0,2,True,False,True,0.6653036876507392,0.6653036876507392
full_coverage_complete,midboyNo_9,3853,0,0,2,True,False,True,0.701486043713572,0.701486043713572
full_coverage_complete,midboyNo_9,3855,0,0,2,True,False,True,0.6966167889892223,0.6966167889892223
full_coverage_complete,midboyNo_9,3863,0,0,2,True,False,True,0.7081682429535527,0.7081682429535527
full_coverage_complete,midboyNo_9,3864,0,0,2,True,False,True,0.5787361871177048,0.5787361871177048
full_coverage_complete,midboyNo_9,3866,0,0,2,True,False,True,0.7037422511641058,0.7037422511641058
full_coverage_complete,midboyNo_9,3869,0,0,2,True,False,True,0.7315907134803556,0.7315907134803556
full_coverage_complete,midboyNo_9,3872,0,0,2,True,False,True,0.6510409929807459,0.6510409929807459
full_coverage_complete,midboyNo_9,3873,0,0,2,True,False,True,0.6411550112011005,0.6411550112011005
full_coverage_complete,midboyNo_9,3874,0,0,5,True,False,True,0.5254974839453285,0.5254974839453285
full_coverage_complete,midboyNo_9,3878,0,0,2,True,False,True,0.9328600794103745,0.9328600794103745
full_coverage_complete,midboyNo_9,3879,0,0,2,True,False,True,0.6808828801176149,0.6808828801176149
full_coverage_complete,midboyNo_9,3880,0,0,2,True,False,True,0.6614817589055968,0.6614817589055968
full_coverage_complete,midboyNo_9,3881,0,0,2,True,False,True,0.7319275342694196,0.7319275342694196
full_coverage_complete,midboyNo_9,3882,0,0,2,True,False,True,0.8249839572854034,0.8249839572854034
full_coverage_complete,midboyNo_9,3883,0,1,2,True,False,True,0.7906437086606561,0.0
full_coverage_complete,midboyNo_9,3888,0,0,2,True,False,True,0.0,0.0
full_coverage_complete,midboyNo_9,3889,0,0,2,True,False,True,0.0,0.0
full_coverage_complete,midboyNo_9,3890,1,1,1,True,False,True,0.0,0.6567114197433038
full_coverage_complete,midboyNo_9,3893,0,0,5,True,False,True,0.5050373874347638,0.5050373874347638
full_coverage_complete,midboyNo_9,3909,0,0,2,True,False,True,0.7029448944703868,0.7029448944703868
full_coverage_complete,midboyNo_9,3914,0,0,0,False,False,True,0.0,0.0
full_coverage_complete,midboyNo_9,3915,1,1,1,True,False,True,0.0,0.8671564134738838
full_coverage_complete,midboyNo_9,3916,0,0,5,True,False,True,0.8175748780705686,0.0
full_coverage_complete,midboyNo_9,3921,0,0,2,True,False,True,0.0,0.0
full_coverage_complete,midboyNo_9,4345,0,0,6,True,False,True,0.03827672869192939,0.03827672869192939
full_coverage_complete,midboyNo_9,4346,0,0,0,False,False,True,0.016058771243994588,0.5135695080881173
full_coverage_complete,midboyNo_9,4347,0,0,6,True,False,True,0.048864290374792264,0.048864290374792264
full_coverage_complete,midboyNo_9,4348,0,0,0,False,False,True,0.0,0.7020959246629308
full_coverage_complete,midboyNo_9,4439,5,0,5,True,False,True,0.8065924455456948,0.782848522698778
full_coverage_complete,midboyNo_9,4440,0,0,2,True,False,True,0.6929830780103005,0.6929830780103005
full_coverage_complete,midboyNo_9,4441,2,0,2,True,False,True,0.7169744726060621,0.5817707527223868
full_coverage_complete,midboyNo_9,4443,5,0,5,True,False,True,0.7976502987427626,0.6920562591013634
full_coverage_complete,midboyNo_9,4444,6,0,6,True,False,True,0.6732702645144031,0.6114103370620195
full_coverage_complete,midboyNo_9,4446,0,0,5,True,False,True,0.6899784222239275,0.0
full_coverage_complete,midboyNo_9,4453,0,0,6,True,False,True,0.0,0.0
full_coverage_complete,midboyNo_9,4454,0,0,2,True,False,True,0.0,0.0
full_coverage_complete,midboyNo_9,4456,0,0,2,True,False,True,0.0,0.0
full_coverage_complete,midboyNo_9,4590,0,0,1,True,False,True,0.22433287728089144,0.22433287728089144
full_coverage_complete,midboyNo_9,4858,0,0,2,True,False,True,0.0,0.0
full_coverage_complete,midboyNo_9,4860,0,0,2,True,False,True,0.0,0.0
full_coverage_complete,midboyNo_9,4972,0,0,6,True,False,True,0.0,0.0
full_coverage_complete,midboyNo_9,4973,0,0,2,True,False,True,0.0,0.0
full_coverage_complete,midboyNo_9,5183,6,0,6,True,False,True,0.0,0.7082694741594234
full_coverage_complete,midboyNo_9,5184,6,0,6,True,False,True,0.8049829001875307,0.8524572762413088
full_coverage_complete,midboyNo_9,5524,0,0,2,True,False,True,0.7483912465462406,0.7483912465462406
full_coverage_complete,midboyNo_9,5876,0,0,2,True,False,True,0.6781003188718671,0.6781003188718671
full_coverage_complete,midboyNo_9,5878,5,1,5,True,False,True,0.6138363654787111,0.0
full_coverage_complete,midboyNo_9,5916,0,0,1,True,False,True,0.0,0.0
full_coverage_complete,midboyNo_9,5917,0,0,5,True,False,True,0.0,0.0
full_coverage_complete,midboyNo_9,5918,0,0,5,True,False,True,0.0,0.0
full_coverage_complete,midboyNo_9,5920,0,0,5,True,False,True,0.0,0.0
full_coverage_complete,midboyNo_9,5921,0,0,2,True,False,True,0.0,0.0
full_coverage_complete,midboyNo_9,5923,0,0,2,True,False,True,0.0,0.0
full_coverage_complete,midboyNo_9,5926,0,0,2,True,False,True,0.0,0.0
full_coverage_complete,midboyNo_9,5939,0,0,6,True,False,True,0.0,0.0
full_coverage_complete,midboyNo_9,5950,1,0,1,True,False,True,0.0,0.0
full_coverage_complete,midboyNo_9,5951,0,1,2,True,False,True,0.0,0.0
full_coverage_complete,midboyNo_9,6070,0,0,5,True,False,True,0.0,0.0
full_coverage_complete,midboyNo_9,6124,0,0,2,True,False,True,0.0,0.0
full_coverage_complete,midboyNo_9,6125,0,0,2,True,False,True,0.0,0.0
full_coverage_complete,midboyNo_9,6126,0,0,4,True,False,True,0.0,0.0
full_coverage_complete,midboyNo_9,6127,0,0,2,True,False,True,0.0,0.0
full_coverage_complete,midboyNo_9,6128,2,0,2,True,False,True,0.0,0.0
full_coverage_complete,midboyNo_9,6134,0,0,2,True,False,True,0.0,0.0
full_coverage_complete,midboyNo_9,6152,0,0,2,True,False,True,0.0,0.0
full_coverage_complete,midboyNo_9,6153,0,0,2,True,False,True,0.0,0.0
full_coverage_complete,midboyNo_9,6154,2,1,2,True,False,True,0.0,0.5220220248125622
full_coverage_complete,midboyNo_9,6557,0,0,6,True,False,True,0.7573231802110922,0.7573231802110922
full_coverage_complete,midboyNo_9,6559,0,0,5,True,False,True,0.7334150077136593,0.7334150077136593
full_coverage_complete,midboyNo_9,6561,0,0,2,True,False,True,0.8770409077349026,0.8770409077349026
full_coverage_complete,midboyNo_9,6614,2,1,2,True,False,True,0.0,0.3555453820935166
full_coverage_complete,midboyNo_9,6819,0,0,2,True,False,True,0.8099344470810163,0.8099344470810163
full_coverage_complete,middrillmaster,210,0,0,4,True,False,True,0.9043828884836828,0.9043828884836828
full_coverage_complete,middrillmaster,211,0,0,4,True,False,True,0.9183259232871027,0.9183259232871027
full_coverage_complete,middrillmaster,212,0,0,4,True,False,True,0.9544936928693284,0.9544936928693284
full_coverage_complete,middrillmaster,229,0,0,4,True,False,True,0.7379720964563028,0.7379720964563028
full_coverage_complete,middrillmaster,230,0,0,4,True,False,True,0.7510118032270149,0.7510118032270149
full_coverage_complete,middrillmaster,231,0,0,5,True,False,True,0.7035481495909178,0.7035481495909178
full_coverage_complete,middrillmaster,232,0,0,4,True,False,True,0.8010766110791573,0.8010766110791573
full_coverage_complete,middrillmaster,233,0,0,4,True,False,True,0.7607436332383454,0.7607436332383454
full_coverage_complete,middrillmaster,235,0,0,5,True,False,True,0.7218584463105967,0.7218584463105967
full_coverage_complete,middrillmaster,236,0,0,4,True,False,True,0.7547783948417629,0.7547783948417629
full_coverage_complete,middrillmaster,237,0,0,4,True,False,True,0.6748033009480865,0.6748033009480865
full_coverage_complete,middrillmaster,239,0,0,4,True,False,True,0.6724102459927225,0.6724102459927225
full_coverage_complete,middrillmaster,242,0,0,4,True,False,True,0.7688717763950327,0.7688717763950327
full_coverage_complete,middrillmaster,243,0,0,4,True,False,True,0.8180910284152058,0.8180910284152058
full_coverage_complete,middrillmaster,245,0,0,4,True,False,True,0.6768517295286197,0.6768517295286197
full_coverage_complete,middrillmaster,246,0,0,4,True,False,True,0.5672479409568644,0.5672479409568644
full_coverage_complete,middrillmaster,248,0,0,4,True,False,True,0.5361855126457581,0.5361855126457581
full_coverage_complete,middrillmaster,251,0,0,4,True,False,True,0.6490392614785495,0.6490392614785495
full_coverage_complete,middrillmaster,252,0,0,4,True,False,True,0.6845665883275112,0.6845665883275112
full_coverage_complete,middrillmaster,253,0,0,4,True,False,True,0.7726306244970932,0.7726306244970932
full_coverage_complete,middrillmaster,254,0,0,4,True,False,True,0.6710049446571262,0.6710049446571262
full_coverage_complete,middrillmaster,255,0,0,4,True,False,True,0.558879347689474,0.558879347689474
full_coverage_complete,middrillmaster,256,0,0,4,True,False,True,0.5660774560050952,0.5660774560050952
full_coverage_complete,middrillmaster,257,4,0,4,True,False,True,0.7011602138021953,0.0
full_coverage_complete,middrillmaster,401,0,0,4,True,False,True,0.0,0.0
full_coverage_complete,middrillmaster,443,0,0,4,True,False,True,0.0,0.0
full_coverage_complete,middrillmaster,452,0,0,4,True,False,True,0.0,0.0
full_coverage_complete,middrillmaster,462,0,0,4,True,False,True,0.0,0.0
full_coverage_complete,middrillmaster,467,0,0,4,True,False,True,0.0,0.0
full_coverage_complete,middrillmaster,518,0,0,4,True,False,True,0.0,0.0
full_coverage_complete,middrillmaster,519,0,0,4,True,False,True,0.0,0.0
full_coverage_complete,middrillmaster,520,0,0,4,True,False,True,0.0,0.0
full_coverage_complete,middrillmaster,521,0,0,4,True,False,True,0.0,0.0
full_coverage_complete,middrillmaster,525,0,0,4,True,False,True,0.0,0.0
full_coverage_complete,middrillmaster,527,0,0,4,True,False,True,0.0,0.0
full_coverage_complete,middrillmaster,538,0,0,4,True,False,True,0.0,0.0
full_coverage_complete,middrillmaster,539,0,0,4,True,False,True,0.0,0.0
full_coverage_complete,middrillmaster,540,0,0,4,True,False,True,0.0,0.0
full_coverage_complete,middrillmaster,541,0,0,4,True,False,True,0.0,0.0
full_coverage_complete,middrillmaster,557,0,0,4,True,False,True,0.0,0.0
full_coverage_complete,middrillmaster,558,0,0,4,True,False,True,0.0,0.0
full_coverage_complete,middrillmaster,559,0,0,4,True,False,True,0.0,0.0
full_coverage_complete,middrillmaster,562,0,0,4,True,False,True,0.0,0.0
full_coverage_complete,middrillmaster,563,0,0,4,True,False,True,0.0,0.0
full_coverage_complete,middrillmaster,564,0,0,4,True,False,True,0.0,0.0
full_coverage_complete,middrillmaster,565,0,0,4,True,False,True,0.0,0.0
full_coverage_complete,middrillmaster,566,0,0,4,True,False,True,0.0,0.0
full_coverage_complete,middrillmaster,567,0,0,4,True,False,True,0.0,0.0
full_coverage_complete,middrillmaster,568,0,0,4,True,False,True,0.0,0.0
full_coverage_complete,middrillmaster,569,0,0,4,True,False,True,0.0,0.0
full_coverage_complete,middrillmaster,622,0,0,4,True,False,True,0.0,0.0
full_coverage_complete,middrillmaster,625,0,0,4,True,False,True,0.0,0.0
full_coverage_complete,middrillmaster,640,0,0,4,True,False,True,0.0,0.0
full_coverage_complete,middrillmaster,641,0,0,4,True,False,True,0.0,0.0
full_coverage_complete,middrillmaster,643,4,1,4,True,False,True,0.0,0.0
full_coverage_complete,middrillmaster,650,0,0,2,True,False,True,0.0,0.0
full_coverage_complete,middrillmaster,653,0,0,2,True,False,True,0.0,0.0
full_coverage_complete,middrillmaster,655,0,0,2,True,False,True,0.0,0.0
full_coverage_complete,middrillmaster,656,0,0,2,True,False,True,0.0,0.0
full_coverage_complete,middrillmaster,657,0,0,4,True,False,True,0.0,0.0
full_coverage_complete,middrillmaster,658,0,0,1,True,False,True,0.0,0.0
full_coverage_complete,middrillmaster,659,0,0,4,True,False,True,0.0,0.0
full_coverage_complete,middrillmaster,660,0,0,4,True,False,True,0.0,0.0
full_coverage_complete,middrillmaster,661,0,0,2,True,False,True,0.0,0.0
full_coverage_complete,middrillmaster,662,0,0,4,True,False,True,0.0,0.0
full_coverage_complete,midgreyboyrunningcoming,334,0,0,1,True,False,True,0.6992859245487221,0.6992859245487221
full_coverage_complete,midgreyboyrunningcoming,345,0,0,1,True,False,True,0.0,0.0
full_coverage_complete,midgreyboyrunningcoming,346,0,0,5,True,False,True,0.0,0.0
full_coverage_complete,midgreyboyrunningcoming,347,0,0,2,True,False,True,0.0,0.0
full_coverage_complete,midgreyboyrunningcoming,348,0,0,1,True,False,True,0.0,0.0
full_coverage_complete,midgreyboyrunningcoming,349,0,0,2,True,False,True,0.0,0.0
full_coverage_complete,midgreyboyrunningcoming,350,0,0,1,True,False,True,0.0,0.8240850699350469
full_coverage_complete,midgreyboyrunningcoming,480,0,0,2,True,False,True,0.7273886547387673,0.7273886547387673
full_coverage_complete,midgreyboyrunningcoming,485,0,0,2,True,False,True,0.6522969746841717,0.6522969746841717
full_coverage_complete,midgreyboyrunningcoming,497,0,1,2,True,False,True,0.7316953554238851,0.0
full_coverage_complete,midgreyboyrunningcoming,498,0,0,5,True,False,True,0.0,0.7571473267146159
full_coverage_complete,midgreyboyrunningcoming,555,0,0,2,True,False,True,0.5596838319115548,0.5596838319115548
full_coverage_complete,midgreyboyrunningcoming,556,0,0,2,True,False,True,0.532353012600714,0.532353012600714
full_coverage_complete,midgreyboyrunningcoming,566,0,0,2,True,False,True,0.1573906466815516,0.1573906466815516
full_coverage_complete,midgreyboyrunningcoming,567,0,0,2,True,False,True,0.42896066076610395,0.42896066076610395
full_coverage_complete,midgreyboyrunningcoming,570,0,0,6,True,False,True,0.048109829068185235,0.048109829068185235
full_coverage_complete,midgreyboyrunningcoming,579,0,0,1,True,False,True,0.0,0.0
full_coverage_complete,midgreyboyrunningcoming,581,0,0,0,False,False,True,0.7011322754933382,0.0
full_coverage_complete,midgreyboyrunningcoming,582,0,0,1,True,False,True,0.0,0.0
full_coverage_complete,midgreyboyrunningcoming,589,0,0,1,True,False,True,0.06413606910834367,0.06413606910834367
full_coverage_complete,midgreyboyrunningcoming,590,0,0,2,True,False,True,0.6087930422102135,0.6087930422102135
full_coverage_complete,midgreyboyrunningcoming,601,0,0,2,True,False,True,0.0,0.0
full_coverage_complete,midgreyboyrunningcoming,602,0,0,2,True,False,True,0.0,0.0
full_coverage_complete,midgreyboyrunningcoming,604,0,0,2,True,False,True,0.0,0.0
full_coverage_complete,midgreyboyrunningcoming,607,0,0,2,True,False,True,0.0,0.0
full_coverage_complete,midgreyboyrunningcoming,608,0,0,2,True,False,True,0.04952001593566033,0.04952001593566033
full_coverage_complete,midgreyboyrunningcoming,609,1,0,1,True,False,True,0.0,0.0
full_coverage_complete,midgreyboyrunningcoming,830,1,0,1,True,False,True,0.4321951334867318,0.0
full_coverage_complete,midgreyboyrunningcoming,950,0,1,2,True,False,True,0.0,0.0
full_coverage_complete,midgreyboyrunningcoming,951,2,0,2,True,False,True,0.0,0.5002052459377471
full_coverage_complete,midgreyboyrunningcoming,954,0,0,2,True,False,True,0.7936479075331361,0.7936479075331361
full_coverage_complete,midgreyboyrunningcoming,956,2,0,2,True,False,True,0.9281216598893549,0.6144133159996363
full_coverage_complete,midgreyboyrunningcoming,991,0,0,4,True,False,True,0.6107734629499924,0.6107734629499924
full_coverage_complete,midgreyboyrunningcoming,998,0,0,4,True,False,True,0.5243335569361065,0.5243335569361065
full_coverage_complete,midgreyboyrunningcoming,999,0,0,4,True,False,True,0.5855941755428371,0.5855941755428371
full_coverage_complete,midgreyboyrunningcoming,1000,0,0,4,True,False,True,0.5724379761759354,0.5724379761759354
full_coverage_complete,midgreyboyrunningcoming,1002,0,0,4,True,False,True,0.5708689202847885,0.5708689202847885
full_coverage_complete,midgreyboyrunningcoming,1006,0,0,1,True,False,True,0.5654045154690532,0.5654045154690532
full_coverage_complete,midgreyboyrunningcoming,1007,0,0,5,True,False,True,0.49245101298111743,0.0
full_coverage_complete,midgreyboyrunningcoming,1008,0,0,5,True,False,True,0.0,0.0
full_coverage_complete,midgreyboyrunningcoming,1009,0,0,5,True,False,True,0.0,0.0
full_coverage_complete,midgreyboyrunningcoming,1010,0,0,4,True,False,True,0.0,0.0
full_coverage_complete,midgreyboyrunningcoming,1011,0,0,5,True,False,True,0.0,0.0
full_coverage_complete,midgreyboyrunningcoming,1012,0,0,5,True,False,True,0.0,0.0
full_coverage_complete,midgreyboyrunningcoming,1013,0,0,5,True,False,True,0.0,0.0
full_coverage_complete,midgreyboyrunningcoming,1014,0,0,5,True,False,True,0.0,0.0
full_coverage_complete,midgreyboyrunningcoming,1015,0,0,5,True,False,True,0.0,0.0
full_coverage_complete,midgreyboyrunningcoming,1016,0,1,5,True,False,True,0.0,0.5685046599022942
full_coverage_complete,midgreyboyrunningcoming,1021,0,0,4,True,False,True,0.7065451297490483,0.7065451297490483
full_coverage_complete,midgreyboyrunningcoming,1022,0,0,4,True,False,True,0.7016098188656865,0.7016098188656865
full_coverage_complete,midgreyboyrunningcoming,1023,0,0,4,True,False,True,0.6423393600790288,0.6423393600790288
full_coverage_complete,midgreyboyrunningcoming,1024,0,0,4,True,False,True,0.5127982460912552,0.5127982460912552
full_coverage_complete,midgreyboyrunningcoming,1074,0,0,2,True,False,True,0.041855428166288094,0.041855428166288094
full_coverage_complete,midgreyboyrunningcoming,1075,0,0,2,True,False,True,0.30360987754403146,0.30360987754403146
full_coverage_complete,midgreyboyrunningcoming,1080,1,0,1,True,False,True,0.577409404979504,0.6459394000151054
full_coverage_complete,midgreyboyrunningcoming,1081,0,0,1,True,False,True,0.5945636579313285,0.5945636579313285
full_coverage_complete,midgreyboyrunningcoming,1082,0,0,2,True,False,True,0.6177578111291252,0.6177578111291252
full_coverage_complete,midgreyboyrunningcoming,1084,0,0,2,True,False,True,0.5329945180748156,0.5329945180748156
full_coverage_complete,midgreyboyrunningcoming,1085,0,0,5,True,False,True,0.292251998531931,0.292251998531931
full_coverage_complete,midgreyboyrunningcoming,1086,0,0,2,True,False,True,0.25970336312034836,0.25970336312034836
full_coverage_complete,midgreyboyrunningcoming,1090,0,0,2,True,False,True,0.3630601279822905,0.3630601279822905
full_coverage_complete,midgreyboyrunningcoming,1091,0,0,1,True,False,True,0.3301436318094559,0.3301436318094559
full_coverage_complete,midgreyboyrunningcoming,1094,0,0,0,False,False,True,0.2062995221112555,0.3997246998225548
full_coverage_complete,midgreyboyrunningcoming,1095,1,0,1,True,False,True,0.3144671078019026,0.7003530560629928
full_coverage_complete,midgreyboyrunningcoming,1096,0,0,1,True,False,True,0.17181539936872298,0.17181539936872298
full_coverage_complete,midgreyboyrunningcoming,1098,1,0,1,True,False,True,0.0,0.0
full_coverage_complete,midgreyboyrunningcoming,1099,0,0,5,True,False,True,0.0,0.0
full_coverage_complete,midgreyboyrunningcoming,1100,5,0,5,True,False,True,0.0,0.696758890331629
full_coverage_complete,midgreyboyrunningcoming,1107,1,0,1,True,False,True,0.19218252780327674,0.7156946492636118
full_coverage_complete,midgreyboyrunningcoming,1111,0,0,2,True,False,True,0.7357904844065469,0.7357904844065469
full_coverage_complete,midgreyboyrunningcoming,1117,1,0,1,True,False,True,0.0,0.6736427015254923
full_coverage_complete,midgreyboyrunningcoming,1120,0,0,0,False,False,True,0.8267075221871131,0.0
full_coverage_complete,midgreyboyrunningcoming,1267,0,0,2,True,False,True,0.0,0.5576904660739753
full_coverage_complete,midgreyboyrunningcoming,1312,0,0,1,True,False,True,0.9238535285324756,0.9238535285324756
full_coverage_complete,midgreyboyrunningcoming,1321,0,0,4,True,False,True,0.6880518720019605,0.6880518720019605
full_coverage_complete,midgreyboyrunningcoming,1790,0,0,2,True,False,True,0.0,0.0
full_coverage_complete,midgreyboyrunningcoming,1791,0,0,2,True,False,True,0.0,0.0
full_coverage_complete,midgreyboyrunningcoming,1793,0,0,5,True,False,True,0.0,0.0
full_coverage_complete,midgreyboyrunningcoming,1795,0,0,2,True,False,True,0.0,0.0
full_coverage_complete,midgreyboyrunningcoming,1797,0,0,1,True,False,True,0.0,0.0
full_coverage_complete,midgreyboyrunningcoming,1798,0,0,2,True,False,True,0.0,0.0
full_coverage_complete,midgreyboyrunningcoming,1799,1,0,1,True,False,True,0.0,0.0
full_coverage_complete,midgreyboyrunningcoming,1800,0,0,2,True,False,True,0.0,0.0
full_coverage_complete,midgreyboyrunningcoming,1801,0,0,2,True,False,True,0.0,0.0
full_coverage_complete,midgreyboyrunningcoming,1802,0,0,2,True,False,True,0.0,0.0
full_coverage_complete,midgreyboyrunningcoming,1803,0,0,2,True,False,True,0.0,0.0
full_coverage_complete,midgreyboyrunningcoming,1805,0,0,1,True,False,True,0.0,0.0
full_coverage_complete,midgreyboyrunningcoming,1808,0,0,2,True,False,True,0.0,0.0
full_coverage_complete,midgreyboyrunningcoming,1809,0,0,0,False,False,True,0.0,0.0
full_coverage_complete,midgreyboyrunningcoming,1810,0,0,5,True,False,True,0.0,0.0
full_coverage_complete,midgreyboyrunningcoming,1811,0,0,5,True,False,True,0.0,0.0
full_coverage_complete,midgreyboyrunningcoming,1812,0,0,5,True,False,True,0.0,0.0
full_coverage_complete,midgreyboyrunningcoming,1814,0,0,5,True,False,True,0.0,0.0
full_coverage_complete,midgreyboyrunningcoming,1815,0,0,5,True,False,True,0.0,0.0
full_coverage_complete,midgreyboyrunningcoming,1816,0,0,5,True,False,True,0.0,0.0
full_coverage_complete,midgreyboyrunningcoming,1817,0,0,5,True,False,True,0.0,0.0
full_coverage_complete,midgreyboyrunningcoming,1818,0,0,2,True,False,True,0.0,0.0
full_coverage_complete,midgreyboyrunningcoming,1819,0,0,1,True,False,True,0.0,0.0
full_coverage_complete,midgreyboyrunningcoming,1820,0,0,2,True,False,True,0.0,0.0
full_coverage_complete,midgreyboyrunningcoming,1821,0,0,5,True,False,True,0.0,0.0
full_coverage_complete,midgreyboyrunningcoming,1824,0,0,5,True,False,True,0.0,0.0
full_coverage_complete,midgreyboyrunningcoming,1825,0,0,5,True,False,True,0.0,0.0
full_coverage_complete,midgreyboyrunningcoming,1826,0,0,5,True,False,True,0.0,0.0
full_coverage_complete,midgreyboyrunningcoming,1827,0,0,0,False,False,True,0.0,0.0
full_coverage_complete,midgreyboyrunningcoming,1829,0,0,5,True,False,True,0.0,0.0
full_coverage_complete,midgreyboyrunningcoming,1831,0,0,5,True,False,True,0.0,0.0
full_coverage_complete,midgreyboyrunningcoming,1832,0,0,5,True,False,True,0.0,0.0
full_coverage_complete,midgreyboyrunningcoming,1833,0,0,5,True,False,True,0.0,0.0
full_coverage_complete,midgreyboyrunningcoming,1834,0,0,2,True,False,True,0.0,0.0
full_coverage_complete,midgreyboyrunningcoming,1835,0,0,5,True,False,True,0.0,0.0
full_coverage_complete,midgreyboyrunningcoming,1836,0,0,5,True,False,True,0.0,0.0
full_coverage_complete,midgreyboyrunningcoming,1837,0,0,2,True,False,True,0.0,0.0
full_coverage_complete,midgreyboyrunningcoming,1838,0,0,5,True,False,True,0.0,0.0
full_coverage_complete,midgreyboyrunningcoming,1839,0,0,5,True,False,True,0.0,0.0
full_coverage_complete,midgreyboyrunningcoming,1840,0,0,2,True,False,True,0.0,0.0
full_coverage_complete,midgreyboyrunningcoming,1841,0,0,2,True,False,True,0.0,0.0
full_coverage_complete,midgreyboyrunningcoming,1842,0,0,5,True,False,True,0.0,0.0
full_coverage_complete,midgreyboyrunningcoming,1843,0,0,5,True,False,True,0.0,0.0
full_coverage_complete,midgreyboyrunningcoming,1844,0,0,2,True,False,True,0.0,0.0
full_coverage_complete,midgreyboyrunningcoming,1850,0,0,1,True,False,True,0.0,0.0
full_coverage_complete,midgreyboyrunningcoming,1851,0,0,2,True,False,True,0.0,0.0
full_coverage_complete,midgreyboyrunningcoming,1852,0,0,2,True,False,True,0.0,0.0
full_coverage_complete,midgreyboyrunningcoming,1853,0,0,2,True,False,True,0.0,0.0
full_coverage_complete,midgreyboyrunningcoming,1854,0,0,2,True,False,True,0.0,0.0
full_coverage_complete,midgreyboyrunningcoming,1855,0,0,2,True,False,True,0.0,0.0
full_coverage_complete,midgreyboyrunningcoming,1866,0,0,2,True,False,True,0.0,0.0
full_coverage_complete,midgreyboyrunningcoming,1867,0,0,2,True,False,True,0.0,0.0
full_coverage_complete,midgreyboyrunningcoming,1868,0,0,2,True,False,True,0.0,0.0
full_coverage_complete,midgreyboyrunningcoming,1870,0,0,2,True,False,True,0.0,0.0
full_coverage_complete,midgreyboyrunningcoming,1874,2,0,2,True,False,True,0.0,0.5680047763930003
full_coverage_complete,midgreyboyrunningcoming,2101,0,0,5,True,False,True,0.34883186688662227,0.34883186688662227
full_coverage_complete,midgreyboyrunningcoming,2102,0,0,5,True,False,True,0.281346920564854,0.281346920564854
full_coverage_complete,midgreyboyrunningcoming,2103,0,0,2,True,False,True,0.08398562780770419,0.08398562780770419
full_coverage_complete,midgreyboyrunningcoming,2104,0,0,2,True,False,True,0.0,0.0
full_coverage_complete,midgreyboyrunningcoming,2108,0,0,1,True,False,True,0.5627712029415163,0.5627712029415163
full_coverage_complete,midgreyboyrunningcoming,2125,0,0,2,True,False,True,0.6235052962928085,0.6235052962928085
full_coverage_complete,midgreyboyrunningcoming,2138,0,0,2,True,False,True,0.5718719337356624,0.5718719337356624
full_coverage_complete,midgreyboyrunningcoming,2144,1,0,1,True,False,True,0.0,0.8397173637955303
full_coverage_complete,midgreyboyrunningcoming,2145,0,0,2,True,False,True,0.0,0.0
full_coverage_complete,midgreyboyrunningcoming,2148,0,0,2,True,False,True,0.0,0.8681932857435539
full_coverage_complete,midgreyboyrunningcoming,2151,0,0,0,False,False,True,0.6863461032143535,0.0
full_coverage_complete,midgreyboyrunningcoming,2155,0,0,5,True,False,True,0.0,0.0
full_coverage_complete,midgreyboyrunningcoming,2157,0,0,5,True,False,True,0.0,0.0
full_coverage_complete,midgreyboyrunningcoming,2158,2,1,2,True,False,True,0.0,0.35296862766633386
full_coverage_complete,midgreyboyrunningcoming,2546,0,0,2,True,False,True,0.5646828536616714,0.5646828536616714
full_coverage_complete,midgreyboyrunningcoming,2547,0,0,2,True,False,True,0.5369778664846728,0.5369778664846728
full_coverage_complete,midgreyboyrunningcoming,2548,2,0,2,True,False,True,0.5895386260532705,0.3107471134430948
full_coverage_complete,midgreyboyrunningcoming,2549,0,0,2,True,False,True,0.45319518892513877,0.45319518892513877
full_coverage_complete,midgreyboyrunningcoming,2550,0,0,2,True,False,True,0.5608082339685361,0.5608082339685361
full_coverage_complete,midgreyboyrunningcoming,2551,0,0,2,True,False,True,0.6060281203591515,0.6060281203591515
full_coverage_complete,midgreyboyrunningcoming,2553,0,0,2,True,False,True,0.672907185841627,0.672907185841627
full_coverage_complete,midgreyboyrunningcoming,2564,0,0,6,True,False,True,0.42874048097200124,0.42874048097200124
full_coverage_complete,midgreyboyrunningcoming,2568,0,0,2,True,False,True,0.6431080408954049,0.6431080408954049
full_coverage_complete,midgreyboyrunningcoming,2599,0,0,6,True,False,True,0.2846717250445758,0.2846717250445758
full_coverage_complete,midgreyboyrunningcoming,2600,0,0,1,True,False,True,0.2582069955151171,0.2582069955151171
full_coverage_complete,midgreyboyrunningcoming,2601,0,0,1,True,False,True,0.5814887772907802,0.5814887772907802
full_coverage_complete,midgreyboyrunningcoming,2626,0,0,2,True,False,True,0.24220832467508874,0.24220832467508874
full_coverage_complete,midgreyboyrunningcoming,2630,0,0,2,True,False,True,0.32765605832938044,0.32765605832938044
full_coverage_complete,midgreyboyrunningcoming,2631,0,0,2,True,False,True,0.22682486858535036,0.22682486858535036
full_coverage_complete,midgreyboyrunningcoming,2632,0,0,2,True,False,True,0.4945726647220887,0.4945726647220887
full_coverage_complete,midgreyboyrunningcoming,2633,0,0,2,True,False,True,0.24404902063095377,0.24404902063095377
full_coverage_complete,midgreyboyrunningcoming,2634,0,0,2,True,False,True,0.1016314914146863,0.1016314914146863
full_coverage_complete,midgreyboyrunningcoming,2635,0,0,2,True,False,True,0.10919581634859532,0.10919581634859532
full_coverage_complete,midgreyboyrunningcoming,2636,0,0,2,True,False,True,0.24596618831691816,0.24596618831691816
full_coverage_complete,midgreyboyrunningcoming,2637,0,0,2,True,False,True,0.0,0.0
full_coverage_complete,midgreyboyrunningcoming,2638,0,0,2,True,False,True,0.24430740179133073,0.24430740179133073
full_coverage_complete,midgreyboyrunningcoming,2639,0,0,2,True,False,True,0.5213547009750078,0.5213547009750078
full_coverage_complete,midgreyboyrunningcoming,2641,0,0,2,True,False,True,0.5016872602420746,0.5016872602420746
full_coverage_complete,midgreyboyrunningcoming,2642,0,0,2,True,False,True,0.5029761213940496,0.5029761213940496
full_coverage_complete,midgreyboyrunningcoming,2643,0,0,2,True,False,True,0.4748342026506941,0.4748342026506941
full_coverage_complete,midgreyboyrunningcoming,2644,0,0,5,True,False,True,0.4895170656193093,0.4895170656193093
full_coverage_complete,midgreyboyrunningcoming,2645,0,0,2,True,False,True,0.4605917162630102,0.4605917162630102
full_coverage_complete,midgreyboyrunningcoming,2646,0,0,2,True,False,True,0.47517972833818517,0.47517972833818517
full_coverage_complete,midgreyboyrunningcoming,2647,0,0,2,True,False,True,0.4575054072683636,0.4575054072683636
full_coverage_complete,midgreyboyrunningcoming,2650,0,0,2,True,False,True,0.4732732920143426,0.4732732920143426
full_coverage_complete,midgreyboyrunningcoming,2652,0,0,2,True,False,True,0.5429950333436027,0.5429950333436027
full_coverage_complete,midgreyboyrunningcoming,2964,0,0,4,True,False,True,0.655595736858397,0.655595736858397
full_coverage_complete,midgreyboyrunningcoming,2971,0,0,2,True,False,True,0.6369753412987671,0.6369753412987671
full_coverage_complete,midgreyboyrunningcoming,2973,0,0,4,True,False,True,0.6762661333723632,0.6762661333723632
full_coverage_complete,midgreyboyrunningcoming,2974,0,0,4,True,False,True,0.6412930645236002,0.6412930645236002
full_coverage_complete,midgreyboyrunningcoming,3180,0,0,1,True,False,True,0.6557435322689523,0.6557435322689523
full_coverage_complete,midgreyboyrunningcoming,3181,0,0,4,True,False,True,0.619491515958928,0.619491515958928
full_coverage_complete,midgreyboyrunningcoming,3182,0,0,1,True,False,True,0.5284462404043943,0.5284462404043943
full_coverage_complete,midgreyboyrunningcoming,3183,0,0,2,True,False,True,0.5642483003951699,0.5642483003951699
full_coverage_complete,midgreyboyrunningcoming,3186,0,0,1,True,False,True,0.5990867768898042,0.5990867768898042
full_coverage_complete,midgreyboyrunningcoming,3187,5,0,5,True,False,True,0.6097402885485445,0.0757787831448122
full_coverage_complete,midgreyboyrunningcoming,3189,5,0,5,True,False,True,0.5085301268745812,0.026372600851337816
full_coverage_complete,midgreyboyrunningcoming,3193,0,0,1,True,False,True,0.6134100261437548,0.6134100261437548
full_coverage_complete,midgreyboyrunningcoming,3194,0,0,1,True,False,True,0.722629169009078,0.722629169009078
full_coverage_complete,midgreyboyrunningcoming,3195,0,0,2,True,False,True,0.0,0.0
full_coverage_complete,midgreyboyrunningcoming,3196,0,1,1,True,False,True,0.0,0.5569465901937665
full_coverage_complete,midgreyboyrunningcoming,3197,0,1,5,True,False,True,0.5862314146586635,0.5862314146586635
full_coverage_complete,midgreyboyrunningcoming,3198,2,0,2,True,False,True,0.6181869265380321,0.7821472284871934
full_coverage_complete,midgreyboyrunningcoming,3200,0,0,5,True,False,True,0.705805238822931,0.705805238822931
full_coverage_complete,midgreyboyrunningcoming,3201,0,0,2,True,False,True,0.0,0.0
full_coverage_complete,midgreyboyrunningcoming,3203,0,0,2,True,False,True,0.0,0.0
full_coverage_complete,midgreyboyrunningcoming,3204,0,0,2,True,False,True,0.0,0.0
full_coverage_complete,midgreyboyrunningcoming,3205,0,0,1,True,False,True,0.0,0.0
full_coverage_complete,midgreyboyrunningcoming,3206,0,0,2,True,False,True,0.0,0.0
full_coverage_complete,midgreyboyrunningcoming,3207,0,0,2,True,False,True,0.0,0.0
full_coverage_complete,midgreyboyrunningcoming,3208,0,0,6,True,False,True,0.0,0.0
full_coverage_complete,midgreyboyrunningcoming,3209,0,0,2,True,False,True,0.0,0.0
full_coverage_complete,midgreyboyrunningcoming,3212,0,0,5,True,False,True,0.0,0.0
full_coverage_complete,midgreyboyrunningcoming,3213,0,0,5,True,False,True,0.0,0.0
full_coverage_complete,midgreyboyrunningcoming,3214,0,0,5,True,False,True,0.0,0.0
full_coverage_complete,midgreyboyrunningcoming,3220,1,0,1,True,False,True,0.0,0.0
full_coverage_complete,midgreyboyrunningcoming,3221,0,0,5,True,False,True,0.0,0.0
full_coverage_complete,midgreyboyrunningcoming,3222,5,0,5,True,False,True,0.0,0.0
full_coverage_complete,midgreyboyrunningcoming,3224,0,0,1,True,False,True,0.0,0.0
full_coverage_complete,midgreyboyrunningcoming,3225,0,0,2,True,False,True,0.0,0.0
full_coverage_complete,midof3girls,76,0,0,1,True,False,True,0.5100761175283288,0.5100761175283288
full_coverage_complete,midof3girls,77,0,0,5,True,False,True,0.4524690376517266,0.4524690376517266
full_coverage_complete,midof3girls,78,0,0,5,True,False,True,0.24868202430572328,0.24868202430572328
full_coverage_complete,midof3girls,79,0,0,5,True,False,True,0.4604064180991488,0.4604064180991488
full_coverage_complete,midof3girls,80,5,0,5,True,False,True,0.25737973297131683,0.25436821574003377
full_coverage_complete,midof3girls,81,0,0,5,True,False,True,0.6101571857977681,0.6101571857977681
full_coverage_complete,midof3girls,82,0,0,6,True,False,True,0.32783897441549703,0.32783897441549703
full_coverage_complete,midof3girls,268,0,0,2,True,False,True,0.5277014870992561,0.5277014870992561
full_coverage_complete,midof3girls,271,0,0,1,True,False,True,0.5849079470026891,0.5849079470026891
full_coverage_complete,midof3girls,272,0,0,5,True,False,True,0.576658513283259,0.576658513283259
full_coverage_complete,midof3girls,273,0,0,5,True,False,True,0.6488380524951572,0.6488380524951572
full_coverage_complete,midof3girls,274,0,0,5,True,False,True,0.5993206456402517,0.5993206456402517
full_coverage_complete,midof3girls,303,0,0,1,True,False,True,0.8600803057998645,0.8600803057998645
full_coverage_complete,midof3girls,304,0,0,1,True,False,True,0.782209398518204,0.782209398518204
full_coverage_complete,midof3girls,307,0,0,5,True,False,True,0.8378871625399363,0.8378871625399363
full_coverage_complete,midof3girls,308,0,0,5,True,False,True,0.8141360378538555,0.8141360378538555
full_coverage_complete,midof3girls,309,0,0,1,True,False,True,0.8205121382709425,0.8205121382709425
full_coverage_complete,midof3girls,310,0,0,4,True,False,True,0.7368579309607957,0.7368579309607957
full_coverage_complete,midof3girls,311,0,0,1,True,False,True,0.1915738597439901,0.1915738597439901
full_coverage_complete,midof3girls,312,0,0,1,True,False,True,0.1760455858774227,0.1760455858774227
full_coverage_complete,midof3girls,313,0,0,5,True,False,True,0.7203030463364667,0.7203030463364667
full_coverage_complete,midof3girls,314,0,0,5,True,False,True,0.164985843924279,0.164985843924279
full_coverage_complete,midof3girls,315,0,0,1,True,False,True,0.6574732189990972,0.6574732189990972
full_coverage_complete,midof3girls,316,5,0,5,True,False,True,0.47995369036345786,0.7549790242361083
full_coverage_complete,midof3girls,317,0,0,5,True,False,True,0.7555040775524245,0.7555040775524245
full_coverage_complete,midof3girls,318,0,0,5,True,False,True,0.8836693591879629,0.8836693591879629
full_coverage_complete,midof3girls,362,0,0,2,True,False,True,0.0,0.0
full_coverage_complete,midof3girls,363,0,0,5,True,False,True,0.0,0.0
full_coverage_complete,midof3girls,367,0,0,5,True,False,True,0.0,0.0
full_coverage_complete,midof3girls,372,0,0,5,True,False,True,0.014253893091850973,0.014253893091850973
full_coverage_complete,midof3girls,373,1,0,1,True,False,True,0.0,0.0
full_coverage_complete,midof3girls,374,0,0,1,True,False,True,0.0,0.0
full_coverage_complete,midof3girls,376,5,0,5,True,False,True,0.0,0.0
full_coverage_complete,midof3girls,378,0,0,5,True,False,True,0.3718723546713969,0.3718723546713969
full_coverage_complete,midof3girls,379,0,1,1,True,False,True,0.3893281949390383,0.0
full_coverage_complete,midof3girls,380,0,0,5,True,False,True,0.29462097811590227,0.29462097811590227
full_coverage_complete,midof3girls,381,0,0,1,True,False,True,0.027919785600656364,0.027919785600656364
full_coverage_complete,midof3girls,385,0,0,1,True,False,True,0.0,0.0
full_coverage_complete,midof3girls,404,0,0,1,True,False,True,0.0,0.0
full_coverage_complete,midof3girls,406,0,0,1,True,False,True,0.0,0.0
full_coverage_complete,midof3girls,407,0,0,1,True,False,True,0.0,0.0
full_coverage_complete,midof3girls,408,1,0,1,True,False,True,0.06776475645370499,0.13420396702607862
full_coverage_complete,midof3girls,412,0,0,1,True,False,True,0.31268018927141056,0.31268018927141056
full_coverage_complete,midof3girls,414,0,0,1,True,False,True,0.25097694664917103,0.25097694664917103
full_coverage_complete,midof3girls,415,0,0,1,True,False,True,0.2730440821031345,0.2730440821031345
full_coverage_complete,midof3girls,416,0,0,5,True,False,True,0.043852511129885606,0.043852511129885606
full_coverage_complete,midof3girls,418,0,0,5,True,False,True,0.0,0.0
full_coverage_complete,midof3girls,419,0,0,5,True,False,True,0.0,0.0
full_coverage_complete,midof3girls,421,0,0,1,True,False,True,0.0,0.0
full_coverage_complete,midof3girls,422,0,0,4,True,False,True,0.0,0.0
full_coverage_complete,midof3girls,423,0,0,5,True,False,True,0.0,0.0
full_coverage_complete,midof3girls,424,0,0,4,True,False,True,0.0,0.0
full_coverage_complete,midof3girls,425,0,0,5,True,False,True,0.0,0.0
full_coverage_complete,midof3girls,426,0,0,5,True,False,True,0.0,0.0
full_coverage_complete,midof3girls,427,0,0,2,True,False,True,0.25410415392799623,0.25410415392799623
full_coverage_complete,midof3girls,428,0,0,1,True,False,True,0.19253865033669912,0.19253865033669912
full_coverage_complete,midof3girls,429,0,0,1,True,False,True,0.2150491987825901,0.2150491987825901
full_coverage_complete,midof3girls,430,0,0,1,True,False,True,0.20980964115104903,0.20980964115104903
full_coverage_complete,midof3girls,432,0,0,1,True,False,True,0.18273309423153208,0.18273309423153208
full_coverage_complete,midof3girls,433,0,0,2,True,False,True,0.24492317931634364,0.24492317931634364
full_coverage_complete,midof3girls,434,0,0,2,True,False,True,0.22768321821935047,0.22768321821935047
full_coverage_complete,midof3girls,435,0,0,5,True,False,True,0.2559644571175867,0.2559644571175867
full_coverage_complete,midof3girls,436,0,0,1,True,False,True,0.13736207370879358,0.13736207370879358
full_coverage_complete,midof3girls,437,0,0,2,True,False,True,0.23052148358426441,0.23052148358426441
full_coverage_complete,midof3girls,438,0,0,1,True,False,True,0.2575391489254857,0.2575391489254857
full_coverage_complete,midredboy,222,0,0,2,True,False,True,0.0,0.0
full_coverage_complete,midredboy,225,0,0,2,True,False,True,0.0,0.0
full_coverage_complete,midredboy,262,0,0,2,True,False,True,0.0,0.0
full_coverage_complete,midredboy,420,0,0,2,True,False,True,0.0,0.0
full_coverage_complete,midredboy,421,0,1,2,True,False,True,0.0,0.0
full_coverage_complete,midredboy,422,0,0,2,True,False,True,0.0,0.9131752965884985
full_coverage_complete,midredboy,488,0,0,2,True,False,True,0.5668384771218542,0.5668384771218542
full_coverage_complete,midredboy,509,0,0,2,True,False,True,0.6957704233198262,0.6957704233198262
full_coverage_complete,midredboy,511,0,0,2,True,False,True,0.8016366259147696,0.8016366259147696
full_coverage_complete,midredboy,526,0,0,2,True,False,True,0.513076797461068,0.513076797461068
full_coverage_complete,midredboy,528,0,0,6,True,False,True,0.2428135021827867,0.2428135021827867
full_coverage_complete,midredboy,529,0,0,5,True,False,True,0.7468148388425883,0.7468148388425883
full_coverage_complete,midredboy,530,0,0,6,True,False,True,0.19548389332503655,0.19548389332503655
full_coverage_complete,midredboy,531,5,0,5,True,False,True,0.12532885281501624,0.14159438438813157
full_coverage_complete,midredboy,532,0,0,2,True,False,True,0.1019820096783849,0.1019820096783849
full_coverage_complete,midredboy,533,0,0,2,True,False,True,0.16722702901984232,0.16722702901984232
full_coverage_complete,midredboy,534,0,0,2,True,False,True,0.9388708040398498,0.9388708040398498
full_coverage_complete,midredboy,555,0,0,0,False,False,True,0.09948367116798101,0.7865627813435723
full_coverage_complete,midredboy,682,0,0,2,True,False,True,0.7773797277296021,0.7773797277296021
full_coverage_complete,midredboy,684,0,0,2,True,False,True,0.7591562034007375,0.0
full_coverage_complete,midredboy,688,0,0,2,True,False,True,0.0,0.0
full_coverage_complete,midredboy,689,0,0,2,True,False,True,0.0,0.8132625761876172
full_coverage_complete,midredboy,726,6,0,6,True,False,True,0.38600534481831106,0.3115597528342461
full_coverage_complete,midredboy,727,0,0,1,True,False,True,0.3368274477430806,0.3368274477430806
full_coverage_complete,midredboy,728,0,0,2,True,False,True,0.4484183423714606,0.4484183423714606
full_coverage_complete,midredboy,729,0,0,1,True,False,True,0.5262447608287879,0.5262447608287879
full_coverage_complete,midredboy,836,0,0,2,True,False,True,0.7688128344253193,0.7688128344253193
full_coverage_complete,midredboy,857,0,0,2,True,False,True,0.48348289709708164,0.48348289709708164
full_coverage_complete,midredboy,880,0,0,2,True,False,True,0.3744660476158998,0.3744660476158998
full_coverage_complete,midredboy,889,0,0,2,True,False,True,0.5661582264703547,0.5661582264703547
full_coverage_complete,midredboy,890,0,0,2,True,False,True,0.47048933477915095,0.47048933477915095
full_coverage_complete,midredboy,902,0,0,1,True,False,True,0.11238595103012122,0.0
full_coverage_complete,midredboy,903,0,0,6,True,False,True,0.0,0.0
full_coverage_complete,midredboy,904,0,0,5,True,False,True,0.0,0.0
full_coverage_complete,midredboy,1077,5,0,5,True,False,True,0.06599870042304673,0.36901128595595795
full_coverage_complete,midredboy,1078,0,0,5,True,False,True,0.2729919214874534,0.2729919214874534
full_coverage_complete,midredboy,1081,0,0,5,True,False,True,0.5818044083153544,0.5818044083153544
full_coverage_complete,midredboy,1172,0,0,2,True,False,True,0.5974235433545937,0.5974235433545937
full_coverage_complete,midredboy,1173,6,0,6,True,False,True,0.5553128054212941,0.4756253503919072
full_coverage_complete,midredboy,1174,0,0,1,True,False,True,0.6314041083882818,0.6314041083882818
full_coverage_complete,midredboy,1187,0,0,2,True,False,True,0.5476167289872087,0.5476167289872087
full_coverage_complete,midredboy,1190,6,0,6,True,False,True,0.18818424365179323,0.8823222584412813
full_coverage_complete,midredboy,1247,6,0,6,True,False,True,0.6163110467596224,0.5404406104109711
full_coverage_complete,midredboy,1248,6,0,6,True,False,True,0.6432617378041413,0.5960283186816666
full_coverage_complete,midredboy,1270,6,0,6,True,False,True,0.3419027646553769,0.9187711627755104
full_coverage_complete,midredboy,1272,6,0,6,True,False,True,0.17767986475224845,0.7862070940688785
full_coverage_complete,midredboy,1279,0,0,0,False,False,True,0.0,0.8757558193239865
full_coverage_complete,midredboy,1282,0,0,2,True,False,True,0.8837560547685216,0.0
full_coverage_complete,midredboy,1348,0,0,2,True,False,True,0.0,0.0
full_coverage_complete,midredboy,1357,0,0,2,True,False,True,0.0,0.0
full_coverage_complete,midredboy,1358,0,0,2,True,False,True,0.0,0.0
full_coverage_complete,midredboy,1375,0,0,2,True,False,True,0.0,0.0
full_coverage_complete,midredboy,1377,0,0,2,True,False,True,0.0,0.0
full_coverage_complete,midredboy,1379,0,0,2,True,False,True,0.0,0.0
full_coverage_complete,midredboy,1382,0,0,5,True,False,True,0.0,0.0
full_coverage_complete,midredboy,1383,0,0,5,True,False,True,0.0,0.0
full_coverage_complete,midredboy,1384,0,0,2,True,False,True,0.0,0.0
full_coverage_complete,midredboy,1385,0,0,2,True,False,True,0.0,0.0
full_coverage_complete,midredboy,1389,0,0,1,True,False,True,0.0,0.0
full_coverage_complete,midredboy,1390,0,0,4,True,False,True,0.0,0.0
full_coverage_complete,midredboy,1395,0,1,0,False,False,True,0.0,0.0
full_coverage_complete,midredboy,1396,5,0,5,True,False,True,0.0,0.0
full_coverage_complete,midredboy,1397,0,0,5,True,False,True,0.0,0.0
full_coverage_complete,midredboy,1398,0,0,5,True,False,True,0.0,0.0
full_coverage_complete,midredboy,1400,0,0,2,True,False,True,0.0,0.0
full_coverage_complete,midredboy,1405,0,0,2,True,False,True,0.0,0.0
full_coverage_complete,midredboy,1407,0,0,2,True,False,True,0.0,0.0
full_coverage_complete,midredboy,1408,0,0,2,True,False,True,0.0,0.0
full_coverage_complete,midredboy,1409,2,1,2,True,False,True,0.0,0.0
full_coverage_complete,midredboy,1412,0,0,4,True,False,True,0.0,0.0
full_coverage_complete,midredboy,1413,5,0,5,True,False,True,0.0,0.0
full_coverage_complete,midredboy,1418,0,0,2,True,False,True,0.0,0.0
full_coverage_complete,midredboy,1419,0,0,5,True,False,True,0.0,0.0
full_coverage_complete,midredboy,1420,5,2,5,True,False,True,0.0,0.0
full_coverage_complete,midredboy,1421,0,0,1,True,False,True,0.0,0.0
full_coverage_complete,midredboy,1422,0,1,5,True,False,True,0.0,0.0
full_coverage_complete,midredboy,1432,0,1,2,True,False,True,0.0,0.0
full_coverage_complete,midredboy,1433,0,0,1,True,False,True,0.0,0.0
full_coverage_complete,midredboy,1442,0,0,2,True,False,True,0.0,0.0
full_coverage_complete,midredboy,1444,0,0,2,True,False,True,0.0,0.0
full_coverage_complete,midredboy,1474,0,0,2,True,False,True,0.0,0.0
full_coverage_complete,midredboy,1476,0,0,2,True,False,True,0.0,0.0
full_coverage_complete,midredboy,1477,0,0,2,True,False,True,0.0,0.0
full_coverage_complete,midredboy,1478,0,0,2,True,False,True,0.0,0.0
full_coverage_complete,midredboy,1479,0,0,2,True,False,True,0.0,0.0
full_coverage_complete,midredboy,1480,0,1,2,True,False,True,0.0,0.0
full_coverage_complete,midredboy,1483,0,0,2,True,False,True,0.0,0.0
full_coverage_complete,midredboy,1484,0,0,2,True,False,True,0.0,0.0
full_coverage_complete,midredboy,1486,0,0,2,True,False,True,0.0,0.0
full_coverage_complete,midredboy,1490,0,0,2,True,False,True,0.0,0.0
full_coverage_complete,midredboy,1492,0,0,2,True,False,True,0.0,0.0
full_coverage_complete,midredboy,1511,0,0,2,True,False,True,0.0,0.0
full_coverage_complete,midredboy,1514,2,0,2,True,False,True,0.0,0.9428926821278386
full_coverage_complete,midredboy,1538,0,0,2,True,False,True,0.17471784289672362,0.17471784289672362
full_coverage_complete,midredboy,1540,0,0,2,True,False,True,0.5726757032872669,0.5726757032872669
full_coverage_complete,midredboy,1543,0,0,2,True,False,True,0.2872480333014504,0.2872480333014504
full_coverage_complete,midredboy,1546,0,0,6,True,False,True,0.6219635941193463,0.6219635941193463
full_coverage_complete,midredboy,1547,0,0,6,True,False,True,0.023363153154110753,0.023363153154110753
full_coverage_complete,midredboy,1548,0,0,5,True,False,True,0.0,0.0
full_coverage_complete,midredboy,1553,0,0,6,True,False,True,0.564469038591149,0.564469038591149
full_coverage_complete,midredboy,1555,0,0,0,False,False,True,0.7058698188674072,0.0
full_coverage_complete,midredboy,1556,0,0,5,True,False,True,0.0,0.0
full_coverage_complete,midredboy,1557,0,0,5,True,False,True,0.0,0.0
full_coverage_complete,midredboy,1564,0,1,6,True,False,True,0.7935124918515026,0.0
full_coverage_complete,midredboy,1568,0,0,2,True,False,True,0.0,0.0
full_coverage_complete,midredboy,1569,0,0,2,True,False,True,0.0,0.0
full_coverage_complete,midredboy,1570,0,0,2,True,False,True,0.0,0.0
full_coverage_complete,midredboy,1571,0,0,2,True,False,True,0.0,0.0
full_coverage_complete,midredboy,1884,0,0,2,True,False,True,0.0,0.0
full_coverage_complete,midredboy,1887,0,0,2,True,False,True,0.0,0.0
full_coverage_complete,midredboy,1889,1,0,1,True,False,True,0.0,0.0
full_coverage_complete,midredboy,1890,0,0,1,True,False,True,0.0,0.0
full_coverage_complete,midredboy,1891,0,0,2,True,False,True,0.0,0.0
full_coverage_complete,midredboy,1892,0,0,5,True,False,True,0.0,0.0
full_coverage_complete,midredboy,1894,0,0,2,True,False,True,0.0,0.0
full_coverage_complete,midredboy,1895,0,0,2,True,False,True,0.0,0.0
full_coverage_complete,midredboy,1896,0,0,2,True,False,True,0.0,0.0
full_coverage_complete,midredboy,1912,0,0,2,True,False,True,0.0,0.0
full_coverage_complete,midredboy,1914,0,0,2,True,False,True,0.0,0.0
full_coverage_complete,midredboy,1924,0,0,2,True,False,True,0.0,0.0
full_coverage_complete,midredboy,1925,0,0,2,True,False,True,0.0,0.0
full_coverage_complete,midredboy,1926,0,0,2,True,False,True,0.0,0.0
full_coverage_complete,midredboy,1927,2,0,2,True,False,True,0.0,0.8232129786687181
full_coverage_complete,midredboy,2896,0,0,2,True,False,True,0.04323586320653529,0.04323586320653529
full_coverage_complete,midredboy,2897,0,0,4,True,False,True,0.05280628948721949,0.05280628948721949
full_coverage_complete,midredboy,2898,0,0,4,True,False,True,0.04605722476792382,0.04605722476792382
full_coverage_complete,midredboy,2899,0,0,4,True,False,True,0.06800831850231327,0.06800831850231327
full_coverage_complete,midredboy,2900,0,0,4,True,False,True,0.047555034907742315,0.047555034907742315
full_coverage_complete,midredboy,2901,0,1,4,True,False,True,0.07280309038879462,0.0
full_coverage_complete,midredboy,2902,6,1,6,True,False,True,0.0,0.0
full_coverage_complete,midredboy,2903,0,0,6,True,False,True,0.0,0.0
full_coverage_complete,midredboy,2904,0,0,2,True,False,True,0.0,0.0
full_coverage_complete,midredboy,2905,0,0,2,True,False,True,0.0,0.0
full_coverage_complete,midredboy,2908,0,0,1,True,False,True,0.0,0.0
full_coverage_complete,midredboy,2909,2,0,2,True,False,True,0.0,0.0
full_coverage_complete,midredboy,2915,0,0,0,False,False,True,0.0,0.0
full_coverage_complete,midredboy,2917,0,0,5,True,False,True,0.0,0.0
full_coverage_complete,midredboy,2919,0,1,5,True,False,True,0.0,0.04838028564558673
full_coverage_complete,midredboy,2931,0,0,1,True,False,True,0.7977838181759026,0.7977838181759026
full_coverage_complete,midredboy,2979,0,0,2,True,False,True,0.0,0.0
full_coverage_complete,midredboy,2980,0,0,2,True,False,True,0.0,0.0
full_coverage_complete,midredboy,2981,0,0,6,True,False,True,0.0,0.0
full_coverage_complete,midredboy,2982,0,0,2,True,False,True,0.0,0.0
full_coverage_complete,midredboy,2985,0,0,2,True,False,True,0.0,0.0
full_coverage_complete,midredboy,2986,0,0,2,True,False,True,0.0,0.0
full_coverage_complete,midredboy,2987,0,0,2,True,False,True,0.0,0.0
full_coverage_complete,midredboy,3041,0,0,2,True,False,True,0.0,0.0
full_coverage_complete,midredboy,3042,0,1,2,True,False,True,0.0,0.6300282146545159
full_coverage_complete,midredboy,3211,2,0,2,True,False,True,0.0,0.7668791752170866
full_coverage_complete,midredboy,3213,5,0,5,True,False,True,0.8422468196154489,0.8938938738739646
full_coverage_complete,midredboy,3282,2,2,2,True,False,False,,
full_coverage_complete,midredboy,3299,0,0,4,True,False,True,0.0,0.0
full_coverage_complete,midredboy,3300,0,0,4,True,False,True,0.0,0.0
full_coverage_complete,midredboy,3301,0,0,4,True,False,True,0.0,0.0
full_coverage_complete,midredboy,3527,0,0,2,True,False,True,0.02040626193464862,0.02040626193464862
full_coverage_complete,midredboy,3528,0,0,2,True,False,True,0.0209778959766713,0.0209778959766713
full_coverage_complete,midredboy,3529,0,0,2,True,False,True,0.009675920691669905,0.009675920691669905
full_coverage_complete,midredboy,3530,0,0,2,True,False,True,0.0,0.0
full_coverage_complete,midredboy,3532,0,1,2,True,False,True,0.0,0.655598696934903
full_coverage_complete,midredboy,3535,0,0,6,True,False,True,0.8082018862045574,0.8082018862045574
full_coverage_complete,midredboy,3537,0,0,2,True,False,True,0.8052079238213246,0.8052079238213246
full_coverage_complete,midredboy,3538,0,0,2,True,False,True,0.7806630310438122,0.0
full_coverage_complete,midredboy,3539,0,0,2,True,False,True,0.0,0.0
full_coverage_complete,midredboy,3543,0,1,2,True,False,True,0.0,0.0
full_coverage_complete,midredboy,3544,0,1,2,True,False,True,0.0,0.0
full_coverage_complete,midredboy,3729,5,0,5,True,False,True,0.3793221875048719,0.3187282738720498
full_coverage_complete,midredboy,3731,0,0,2,True,False,True,0.3445454373596651,0.3445454373596651
full_coverage_complete,midredboy,3732,0,0,2,True,False,True,0.38009240821133045,0.38009240821133045
full_coverage_complete,midredboy,3733,0,0,1,True,False,True,0.3882132281876948,0.3882132281876948
full_coverage_complete,midredboy,3735,0,0,1,True,False,True,0.4674801967188634,0.4674801967188634
full_coverage_complete,midredboy,3745,0,0,2,True,False,True,0.6988211525092501,0.6988211525092501
full_coverage_complete,midredboy,3748,0,0,5,True,False,True,0.28735880316867496,0.28735880316867496
full_coverage_complete,midredboy,3753,0,0,2,True,False,True,0.658879166133807,0.658879166133807
full_coverage_complete,midredboy,3937,0,0,2,True,False,True,0.7991922402664965,0.7991922402664965
full_coverage_complete,midredboy,4234,6,0,6,True,False,True,0.47822345600334737,0.9211679716844128
full_coverage_complete,midredboy,4235,5,0,5,True,False,True,0.7892797854244545,0.9163584097847526
full_coverage_complete,midredboy,4237,0,0,2,True,False,True,0.712628979169117,0.712628979169117
full_coverage_complete,midredboy,4238,5,0,5,True,False,True,0.0,0.9395848012499776
full_coverage_complete,midredboy,4243,1,0,1,True,False,True,0.64697514567136,0.8431644432505492
full_coverage_complete,midredboy,4244,0,0,2,True,False,True,0.6442379315211263,0.6442379315211263
full_coverage_complete,midredboy,4245,0,0,2,True,False,True,0.4897697548331186,0.4897697548331186
full_coverage_complete,midredboy,4248,0,0,2,True,False,True,0.7092578719319924,0.7092578719319924
full_coverage_complete,midredboy,4251,0,0,2,True,False,True,0.9394478754511889,0.9394478754511889
full_coverage_complete,midredboy,4255,0,0,2,True,False,True,0.8944753759883717,0.8944753759883717
full_coverage_complete,midredboy,4276,0,0,5,True,False,True,0.6126234315137576,0.6126234315137576
full_coverage_complete,midredboy,4279,0,0,6,True,False,True,0.382580577522676,0.382580577522676
full_coverage_complete,midredboy,5263,0,0,2,True,False,True,0.0,0.0
full_coverage_complete,midredboy,5264,0,0,2,True,False,True,0.0,0.0
full_coverage_complete,midredboy,5265,0,1,5,True,False,True,0.0,0.7796016955243453
full_coverage_complete,midredboy,5273,0,0,2,True,False,True,0.8629241305200175,0.8629241305200175
full_coverage_complete,midredboy,6873,0,0,2,True,False,True,0.0,0.0
full_coverage_complete,midredboy,6874,0,0,2,True,True,True,0.0,0.8694420102229198
full_coverage_complete,midredboy,7296,0,0,5,True,False,True,0.7816339284663328,0.7816339284663328
full_coverage_complete,midredboy,7297,0,0,1,True,False,True,0.7737151070892606,0.7737151070892606
full_coverage_complete,midrunboywithwhite,108,0,0,5,True,False,True,0.5985660935243923,0.5985660935243923
full_coverage_complete,midrunboywithwhite,112,0,0,1,True,False,True,0.6609524660597424,0.6609524660597424
full_coverage_complete,midrunboywithwhite,113,0,0,5,True,False,True,0.7658839920962525,0.7658839920962525
full_coverage_complete,midrunboywithwhite,123,0,0,4,True,False,True,0.8095664044795119,0.8095664044795119
full_coverage_complete,midrunboywithwhite,124,0,0,4,True,False,True,0.6714155772820695,0.6714155772820695
full_coverage_complete,midrunboywithwhite,125,0,0,2,True,False,True,0.6253080466466334,0.6253080466466334
full_coverage_complete,midrunboywithwhite,126,0,0,5,True,False,True,0.5293787376697063,0.5293787376697063
full_coverage_complete,midrunboywithwhite,127,0,0,2,True,False,True,0.298982741990029,0.298982741990029
full_coverage_complete,midrunboywithwhite,128,0,0,6,True,False,True,0.5619425064353739,0.5619425064353739
full_coverage_complete,midrunboywithwhite,129,0,0,5,True,False,True,0.349296029435993,0.349296029435993
full_coverage_complete,midrunboywithwhite,130,0,0,6,True,False,True,0.76474617346995,0.76474617346995
full_coverage_complete,midrunboywithwhite,138,0,0,1,True,False,True,0.7651839447293957,0.7651839447293957
full_coverage_complete,midrunboywithwhite,139,0,0,1,True,False,True,0.6672985900099307,0.6672985900099307
full_coverage_complete,midrunboywithwhite,140,0,0,1,True,False,True,0.5992769231844357,0.5992769231844357
full_coverage_complete,midrunboywithwhite,141,0,0,1,True,False,True,0.4849956845759501,0.4849956845759501
full_coverage_complete,midrunboywithwhite,142,0,0,4,True,False,True,0.4814605165426729,0.4814605165426729
full_coverage_complete,midrunboywithwhite,143,0,0,4,True,False,True,0.7804461727463633,0.7804461727463633
full_coverage_complete,midrunboywithwhite,144,0,0,4,True,False,True,0.7378557496446068,0.7378557496446068
full_coverage_complete,midrunboywithwhite,145,0,0,4,True,False,True,0.7839999672888616,0.7839999672888616
full_coverage_complete,midrunboywithwhite,146,0,0,4,True,False,True,0.8205469728197702,0.8205469728197702
full_coverage_complete,midrunboywithwhite,147,0,0,4,True,False,True,0.826383143581302,0.826383143581302
full_coverage_complete,midrunboywithwhite,148,0,0,4,True,False,True,0.7194823652180027,0.7194823652180027
full_coverage_complete,midrunboywithwhite,149,0,0,1,True,False,True,0.6122952256010371,0.6122952256010371
full_coverage_complete,midrunboywithwhite,150,0,0,5,True,False,True,0.6855059860947493,0.6855059860947493
full_coverage_complete,midrunboywithwhite,151,0,0,1,True,False,True,0.7866559720074964,0.7866559720074964
full_coverage_complete,midrunboywithwhite,152,0,0,5,True,False,True,0.7405113921813425,0.7405113921813425
full_coverage_complete,midrunboywithwhite,154,0,0,5,True,False,True,0.6883939516480898,0.6883939516480898
full_coverage_complete,midrunboywithwhite,155,0,0,1,True,False,True,0.7718679500475589,0.7718679500475589
full_coverage_complete,midrunboywithwhite,156,0,0,2,True,False,True,0.7280142713939531,0.7280142713939531
full_coverage_complete,midrunboywithwhite,157,0,0,2,True,False,True,0.8756885095520796,0.8756885095520796
full_coverage_complete,midrunboywithwhite,158,0,0,1,True,False,True,0.7448127821997409,0.7448127821997409
full_coverage_complete,midrunboywithwhite,159,0,0,1,True,False,True,0.8165033980271266,0.8165033980271266
full_coverage_complete,midrunboywithwhite,162,0,0,4,True,False,True,0.7532196858349297,0.7532196858349297
full_coverage_complete,midrunboywithwhite,163,0,0,1,True,False,True,0.7375496652990561,0.7375496652990561
full_coverage_complete,midrunboywithwhite,164,0,0,4,True,False,True,0.8240214622255195,0.8240214622255195
full_coverage_complete,midrunboywithwhite,167,0,0,1,True,False,True,0.7175016240044099,0.7175016240044099
full_coverage_complete,midrunboywithwhite,168,0,0,4,True,False,True,0.5656677654822465,0.5656677654822465
full_coverage_complete,midrunboywithwhite,169,0,0,4,True,False,True,0.5830430422024376,0.5830430422024376
full_coverage_complete,midrunboywithwhite,170,0,0,5,True,False,True,0.5899006857973376,0.5899006857973376
full_coverage_complete,midrunboywithwhite,171,0,0,4,True,False,True,0.6246197444525204,0.6246197444525204
full_coverage_complete,midrunboywithwhite,172,0,0,4,True,False,True,0.6376921015182362,0.6376921015182362
full_coverage_complete,midrunboywithwhite,173,0,0,4,True,False,True,0.6173805798460051,0.6173805798460051
full_coverage_complete,midrunboywithwhite,174,0,0,4,True,False,True,0.5226481819489123,0.5226481819489123
full_coverage_complete,midrunboywithwhite,175,0,0,4,True,False,True,0.6818741774704573,0.6818741774704573
full_coverage_complete,midrunboywithwhite,176,0,0,4,True,False,True,0.6894556353039735,0.6894556353039735
full_coverage_complete,midrunboywithwhite,181,0,0,2,True,False,True,0.6450631647828812,0.6450631647828812
full_coverage_complete,midrunboywithwhite,182,0,0,5,True,False,True,0.7063215185738251,0.7063215185738251
full_coverage_complete,midrunboywithwhite,183,0,0,4,True,False,True,0.7977927314171486,0.7977927314171486
full_coverage_complete,midrunboywithwhite,184,0,0,4,True,False,True,0.8157699899657364,0.8157699899657364
full_coverage_complete,midrunboywithwhite,185,0,0,4,True,False,True,0.8077711590197922,0.8077711590197922
full_coverage_complete,midrunboywithwhite,186,0,0,5,True,False,True,0.7960395196806463,0.7960395196806463
full_coverage_complete,midrunboywithwhite,187,0,0,2,True,False,True,0.7676668128915889,0.7676668128915889
full_coverage_complete,midrunboywithwhite,188,0,0,5,True,False,True,0.5149623229653646,0.5149623229653646
full_coverage_complete,midrunboywithwhite,189,0,0,4,True,False,True,0.513206683841857,0.513206683841857
full_coverage_complete,midrunboywithwhite,190,0,0,5,True,False,True,0.27062289893541436,0.27062289893541436
full_coverage_complete,midrunboywithwhite,191,0,0,5,True,False,True,0.39441335302205394,0.39441335302205394
full_coverage_complete,midrunboywithwhite,192,0,0,5,True,False,True,0.24359891802156414,0.24359891802156414
full_coverage_complete,midrunboywithwhite,193,0,0,2,True,False,True,0.15774816286832022,0.15774816286832022
full_coverage_complete,midrunboywithwhite,194,0,0,2,True,False,True,0.15095709341081617,0.15095709341081617
full_coverage_complete,midrunboywithwhite,195,0,0,5,True,False,True,0.12550835990382306,0.12550835990382306
full_coverage_complete,midrunboywithwhite,196,0,0,2,True,False,True,0.01827779717966172,0.01827779717966172
full_coverage_complete,midrunboywithwhite,197,0,0,1,True,False,True,0.012400184798356252,0.012400184798356252
full_coverage_complete,midrunboywithwhite,198,0,0,4,True,False,True,0.039978939042006056,0.039978939042006056
full_coverage_complete,midrunboywithwhite,199,5,1,5,True,False,True,0.017924174396196785,0.45978391855639417
full_coverage_complete,midrunboywithwhite,200,0,0,5,True,False,True,0.8602785751000138,0.8602785751000138
full_coverage_complete,midrunboywithwhite,201,0,0,5,True,False,True,0.8029261706448054,0.8029261706448054
full_coverage_complete,midrunboywithwhite,202,0,0,5,True,False,True,0.0,0.0
full_coverage_complete,midrunboywithwhite,203,0,0,1,True,False,True,0.0,0.0
full_coverage_complete,midrunboywithwhite,204,0,0,4,True,False,True,0.0,0.0
full_coverage_complete,midrunboywithwhite,205,0,0,4,True,False,True,0.0,0.0
full_coverage_complete,midrunboywithwhite,206,0,0,4,True,False,True,0.0,0.0
full_coverage_complete,midrunboywithwhite,207,0,0,4,True,False,True,0.0,0.0
full_coverage_complete,midrunboywithwhite,208,0,0,4,True,False,True,0.0,0.0
full_coverage_complete,midrunboywithwhite,209,0,0,4,True,False,True,0.0,0.0
full_coverage_complete,midrunboywithwhite,210,0,0,4,True,False,True,0.0,0.0
full_coverage_complete,midrunboywithwhite,211,0,0,2,True,False,True,0.0,0.0
full_coverage_complete,midrunboywithwhite,212,0,0,1,True,False,True,0.0,0.0
full_coverage_complete,midrunboywithwhite,213,0,0,4,True,False,True,0.0,0.0
full_coverage_complete,midrunboywithwhite,214,0,0,2,True,False,True,0.0,0.0
full_coverage_complete,midrunboywithwhite,215,0,0,4,True,False,True,0.0,0.0
full_coverage_complete,midrunboywithwhite,216,0,0,4,True,False,True,0.0,0.0
full_coverage_complete,midrunboywithwhite,217,0,0,4,True,False,True,0.0,0.0
full_coverage_complete,midrunboywithwhite,218,0,0,4,True,False,True,0.0,0.0
full_coverage_complete,midrunboywithwhite,219,0,1,4,True,False,True,0.0,0.0
full_coverage_complete,midrunboywithwhite,220,0,3,4,True,False,True,0.0,0.0
full_coverage_complete,midrunboywithwhite,221,4,0,4,True,False,True,0.0,0.0
full_coverage_complete,midrunboywithwhite,222,0,0,5,True,False,True,0.0,0.0
full_coverage_complete,midrunboywithwhite,223,0,0,4,True,False,True,0.0,0.0
full_coverage_complete,midrunboywithwhite,224,0,0,4,True,False,True,0.0,0.0
full_coverage_complete,midrunboywithwhite,225,0,0,5,True,False,True,0.0,0.0
full_coverage_complete,midrunboywithwhite,226,0,0,5,True,False,True,0.0,0.0
full_coverage_complete,midrunboywithwhite,227,0,0,5,True,False,True,0.0,0.0
full_coverage_complete,midrunboywithwhite,228,0,0,5,True,False,True,0.0,0.0
full_coverage_complete,midrunboywithwhite,229,0,0,5,True,False,True,0.0,0.0
full_coverage_complete,midrunboywithwhite,230,0,0,5,True,False,True,0.0,0.0
full_coverage_complete,midrunboywithwhite,231,0,0,5,True,False,True,0.0,0.0
full_coverage_complete,midrunboywithwhite,232,0,0,4,True,False,True,0.0,0.0
full_coverage_complete,midrunboywithwhite,233,0,0,5,True,False,True,0.0,0.0
full_coverage_complete,midrunboywithwhite,234,0,0,4,True,False,True,0.0,0.0
full_coverage_complete,midrunboywithwhite,236,0,0,4,True,False,True,0.0,0.0
full_coverage_complete,midrunboywithwhite,237,0,0,4,True,False,True,0.0,0.0
full_coverage_complete,midrunboywithwhite,238,0,0,4,True,False,True,0.0,0.0
full_coverage_complete,midrunboywithwhite,239,0,0,4,True,False,True,0.0,0.0
full_coverage_complete,midrunboywithwhite,240,0,0,5,True,False,True,0.0,0.0
full_coverage_complete,midrunboywithwhite,241,0,0,4,True,False,True,0.0,0.0
full_coverage_complete,midrunboywithwhite,242,0,0,4,True,False,True,0.0,0.0
full_coverage_complete,midrunboywithwhite,243,0,0,5,True,False,True,0.0,0.0
full_coverage_complete,midrunboywithwhite,244,0,0,5,True,False,True,0.0,0.0
full_coverage_complete,midrunboywithwhite,245,5,0,5,True,False,True,0.0,0.0
full_coverage_complete,midrunboywithwhite,246,0,0,4,True,False,True,0.0,0.0
full_coverage_complete,midrunboywithwhite,247,5,1,5,True,False,True,0.0,0.0
full_coverage_complete,midrunboywithwhite,248,0,0,4,True,False,True,0.0,0.0
full_coverage_complete,midrunboywithwhite,249,0,0,5,True,False,True,0.0,0.0
full_coverage_complete,midrunboywithwhite,250,0,0,4,True,False,True,0.0,0.0
full_coverage_complete,midrunboywithwhite,251,0,0,4,True,False,True,0.0,0.0
full_coverage_complete,midrunboywithwhite,252,0,0,5,True,False,True,0.0,0.0
full_coverage_complete,midrunboywithwhite,253,0,0,4,True,False,True,0.0,0.0
full_coverage_complete,midrunboywithwhite,254,0,0,4,True,False,True,0.0,0.0
full_coverage_complete,midrunboywithwhite,255,0,0,5,True,False,True,0.0,0.0
full_coverage_complete,midrunboywithwhite,256,0,0,5,True,False,True,0.0,0.0
full_coverage_complete,midrunboywithwhite,257,0,0,5,True,False,True,0.0,0.0
full_coverage_complete,midrunboywithwhite,258,0,0,5,True,False,True,0.0,0.0
full_coverage_complete,midrunboywithwhite,259,0,0,5,True,False,True,0.0,0.0
full_coverage_complete,midrunboywithwhite,260,0,0,5,True,False,True,0.0,0.0
full_coverage_complete,midrunboywithwhite,261,0,0,4,True,False,True,0.0,0.0
full_coverage_complete,midrunboywithwhite,262,0,0,5,True,False,True,0.0,0.0
full_coverage_complete,midrunboywithwhite,263,0,0,4,True,False,True,0.0,0.0
full_coverage_complete,midrunboywithwhite,264,0,0,5,True,False,True,0.0,0.0
full_coverage_complete,midrunboywithwhite,265,0,0,4,True,False,True,0.0,0.0
full_coverage_complete,midrunboywithwhite,266,0,1,4,True,False,True,0.0,0.7518952485892181
full_coverage_complete,midrunboywithwhite,267,0,0,5,True,False,True,0.7939901316774666,0.7939901316774666
full_coverage_complete,midrunboywithwhite,268,0,0,5,True,False,True,0.8644180406506841,0.8644180406506841
full_coverage_complete,midrunboywithwhite,269,0,0,5,True,False,True,0.8665668604356509,0.8665668604356509
full_coverage_complete,midrunboywithwhite,270,5,0,5,True,False,True,0.8828496381898013,0.9046794494005583
full_coverage_complete,midrunboywithwhite,271,0,0,5,True,False,True,0.8511379093809245,0.8511379093809245
full_coverage_complete,midrunboywithwhite,272,0,0,5,True,False,True,0.7263516632003116,0.7263516632003116
full_coverage_complete,midrunboywithwhite,273,5,2,5,True,False,True,0.7970832455615219,0.0
full_coverage_complete,midrunboywithwhite,274,0,0,1,True,False,True,0.0,0.0
full_coverage_complete,midrunboywithwhite,275,0,0,1,True,False,True,0.0,0.0
full_coverage_complete,midrunboywithwhite,276,0,0,4,True,False,True,0.0,0.0
full_coverage_complete,midrunboywithwhite,277,0,0,4,True,False,True,0.0,0.0
full_coverage_complete,midrunboywithwhite,278,0,0,4,True,False,True,0.0,0.0
full_coverage_complete,midrunboywithwhite,279,0,0,4,True,False,True,0.0,0.0
full_coverage_complete,midrunboywithwhite,280,0,0,4,True,False,True,0.0,0.0
full_coverage_complete,midrunboywithwhite,281,0,0,4,True,False,True,0.0,0.0
full_coverage_complete,midrunboywithwhite,282,0,0,4,True,False,True,0.0,0.0
full_coverage_complete,midrunboywithwhite,283,0,0,2,True,False,True,0.0,0.0
full_coverage_complete,midrunboywithwhite,284,0,0,4,True,False,True,0.0,0.0
full_coverage_complete,midrunboywithwhite,285,0,0,1,True,False,True,0.0,0.0
full_coverage_complete,midrunboywithwhite,286,0,0,1,True,False,True,0.0,0.0
full_coverage_complete,midrunboywithwhite,287,0,0,5,True,False,True,0.0,0.0
full_coverage_complete,midrunboywithwhite,288,0,0,4,True,False,True,0.0,0.0
full_coverage_complete,midrunboywithwhite,289,0,0,5,True,False,True,0.0,0.0
full_coverage_complete,midrunboywithwhite,290,0,0,1,True,False,True,0.0,0.0
full_coverage_complete,midrunboywithwhite,291,0,0,4,True,False,True,0.0,0.0
full_coverage_complete,midrunboywithwhite,292,0,0,4,True,False,True,0.0,0.0
full_coverage_complete,midrunboywithwhite,293,0,0,4,True,False,True,0.0,0.0
full_coverage_complete,midrunboywithwhite,294,0,0,1,True,False,True,0.0,0.0
full_coverage_complete,midrunboywithwhite,295,0,0,1,True,False,True,0.0,0.0
full_coverage_complete,midrunboywithwhite,296,0,0,1,True,False,True,0.0,0.0
full_coverage_complete,midrunboywithwhite,297,0,0,1,True,False,True,0.0,0.0
full_coverage_complete,midrunboywithwhite,298,0,0,2,True,False,True,0.0,0.0
full_coverage_complete,midrunboywithwhite,299,0,0,2,True,False,True,0.0,0.0
full_coverage_complete,midrunboywithwhite,300,0,0,2,True,False,True,0.0,0.0
full_coverage_complete,midrunboywithwhite,301,0,0,4,True,False,True,0.0,0.0
full_coverage_complete,midrunboywithwhite,302,0,0,1,True,False,True,0.0,0.0
full_coverage_complete,midrunboywithwhite,303,0,0,1,True,False,True,0.0,0.0
full_coverage_complete,midrunboywithwhite,304,0,0,1,True,False,True,0.0,0.0
full_coverage_complete,midrunboywithwhite,305,0,1,4,True,False,True,0.0,0.0
full_coverage_complete,midrunboywithwhite,306,0,0,5,True,False,True,0.0,0.0
full_coverage_complete,midrunboywithwhite,307,0,0,5,True,False,True,0.007721387815959737,0.007721387815959737
full_coverage_complete,midrunboywithwhite,308,0,0,4,True,False,True,0.0,0.0
full_coverage_complete,midrunboywithwhite,309,0,0,4,True,False,True,0.0,0.0
full_coverage_complete,midrunboywithwhite,310,0,0,5,True,False,True,0.0,0.0
full_coverage_complete,midrunboywithwhite,311,0,0,4,True,False,True,0.07986870710746474,0.07986870710746474
full_coverage_complete,midrunboywithwhite,312,0,0,1,True,False,True,0.07043506755197221,0.07043506755197221
full_coverage_complete,midrunboywithwhite,313,0,0,4,True,False,True,0.02736875616267999,0.02736875616267999
full_coverage_complete,midrunboywithwhite,314,0,0,4,True,False,True,0.046539836685333444,0.046539836685333444
full_coverage_complete,midrunboywithwhite,315,0,0,4,True,False,True,0.1452427608635467,0.1452427608635467
full_coverage_complete,midrunboywithwhite,316,0,0,4,True,False,True,0.11418533611527029,0.11418533611527029
full_coverage_complete,midrunboywithwhite,317,0,0,1,True,False,True,0.11951403448766038,0.11951403448766038
full_coverage_complete,midrunboywithwhite,318,0,0,1,True,False,True,0.6849632592179759,0.6849632592179759
full_coverage_complete,midrunboywithwhite,319,0,0,5,True,False,True,0.6564632532198764,0.6564632532198764
full_coverage_complete,midrunboywithwhite,320,0,0,5,True,False,True,0.5647633399530424,0.5647633399530424
full_coverage_complete,midrunboywithwhite,321,0,0,1,True,False,True,0.48792555617913674,0.48792555617913674
full_coverage_complete,midrunboywithwhite,322,0,0,1,True,False,True,0.6405821693130928,0.6405821693130928
full_coverage_complete,midrunboywithwhite,323,0,0,1,True,False,True,0.6225186724652971,0.6225186724652971
full_coverage_complete,midrunboywithwhite,325,0,0,1,True,False,True,0.7117015839125606,0.7117015839125606
full_coverage_complete,midrunboywithwhite,326,0,0,4,True,False,True,0.7399662108144831,0.7399662108144831
full_coverage_complete,midrunboywithwhite,328,0,0,4,True,False,True,0.7751179186128724,0.7751179186128724
full_coverage_complete,midrunboywithwhite,329,0,0,5,True,False,True,0.6174733238146792,0.6174733238146792
full_coverage_complete,midrunboywithwhite,330,0,0,5,True,False,True,0.8130309327337217,0.8130309327337217
full_coverage_complete,midrunboywithwhite,331,0,0,4,True,False,True,0.8064944744043674,0.8064944744043674
full_coverage_complete,midrunboywithwhite,332,0,0,5,True,False,True,0.7716765108766107,0.7716765108766107
full_coverage_complete,midrunboywithwhite,333,0,0,5,True,False,True,0.6770517803413955,0.6770517803413955
full_coverage_complete,midrunboywithwhite,334,0,0,4,True,False,True,0.71217056784935,0.71217056784935
full_coverage_complete,midrunboywithwhite,335,0,0,4,True,False,True,0.7543511145100262,0.7543511145100262
full_coverage_complete,midrunboywithwhite,336,0,0,4,True,False,True,0.7833629568514934,0.7833629568514934
full_coverage_complete,midrunboywithwhite,337,0,0,4,True,False,True,0.7386255354889318,0.7386255354889318
full_coverage_complete,midrunboywithwhite,338,0,0,4,True,False,True,0.728177876599593,0.728177876599593
full_coverage_complete,midrunboywithwhite,340,0,0,5,True,False,True,0.7988849317149189,0.7988849317149189
full_coverage_complete,midrunboywithwhite,341,0,0,4,True,False,True,0.8503080535382069,0.8503080535382069
full_coverage_complete,midrunboywithwhite,342,0,0,5,True,False,True,0.7779484679975477,0.7779484679975477
full_coverage_complete,midrunboywithwhite,343,0,0,5,True,False,True,0.746946496483898,0.746946496483898
full_coverage_complete,midrunboywithwhite,344,0,0,5,True,False,True,0.684686805260352,0.684686805260352
full_coverage_complete,midrunboywithwhite,345,0,0,5,True,False,True,0.6645382712107555,0.6645382712107555
full_coverage_complete,midrunboywithwhite,346,0,0,5,True,False,True,0.5675060921448911,0.5675060921448911
full_coverage_complete,midrunboywithwhite,347,0,0,5,True,False,True,0.5068152715251683,0.5068152715251683
full_coverage_complete,midrunboywithwhite,348,0,0,5,True,False,True,0.6525235491823232,0.6525235491823232
full_coverage_complete,midrunboywithwhite,349,0,0,4,True,False,True,0.5281973518934984,0.5281973518934984
full_coverage_complete,midrunboywithwhite,350,0,0,5,True,False,True,0.32820734154135656,0.32820734154135656
full_coverage_complete,midrunboywithwhite,351,0,0,5,True,False,True,0.4698246140939555,0.4698246140939555
full_coverage_complete,midrunboywithwhite,352,0,0,4,True,False,True,0.46127926424919147,0.46127926424919147
full_coverage_complete,midrunboywithwhite,353,0,0,2,True,False,True,0.5136698315294383,0.5136698315294383
full_coverage_complete,midrunboywithwhite,354,0,0,2,True,False,True,0.5794156888592846,0.5794156888592846
full_coverage_complete,midrunboywithwhite,355,0,0,5,True,False,True,0.5911926102253778,0.5911926102253778
full_coverage_complete,midrunboywithwhite,356,0,0,4,True,False,True,0.743919657718438,0.743919657718438
full_coverage_complete,midrunboywithwhite,357,0,0,4,True,False,True,0.7895765792384388,0.7895765792384388
full_coverage_complete,midrunboywithwhite,358,0,0,4,True,False,True,0.5641185233602942,0.5641185233602942
full_coverage_complete,midrunboywithwhite,359,0,0,4,True,False,True,0.6612037352038204,0.6612037352038204
full_coverage_complete,midrunboywithwhite,360,0,0,4,True,False,True,0.755700665541324,0.755700665541324
full_coverage_complete,midrunboywithwhite,361,0,0,4,True,False,True,0.6857370436107532,0.6857370436107532
full_coverage_complete,midrunboywithwhite,362,0,0,4,True,False,True,0.30365955750818024,0.30365955750818024
full_coverage_complete,midrunboywithwhite,364,0,0,4,True,False,True,0.786496266716947,0.786496266716947
full_coverage_complete,midrunboywithwhite,365,0,0,5,True,False,True,0.0,0.0
full_coverage_complete,midrunboywithwhite,366,0,0,4,True,False,True,0.0,0.0
full_coverage_complete,midrunboywithwhite,367,0,0,4,True,False,True,0.0,0.0
full_coverage_complete,midrunboywithwhite,368,0,0,4,True,False,True,0.0,0.0
full_coverage_complete,midrunboywithwhite,369,0,0,5,True,False,True,0.0,0.0
full_coverage_complete,midrunboywithwhite,370,0,0,4,True,False,True,0.0,0.0
full_coverage_complete,midrunboywithwhite,371,0,0,4,True,False,True,0.0,0.0
full_coverage_complete,midrunboywithwhite,372,0,0,5,True,False,True,0.0,0.0
full_coverage_complete,midrunboywithwhite,373,0,0,5,True,False,True,0.0,0.0
full_coverage_complete,midrunboywithwhite,374,0,0,5,True,False,True,0.0,0.0
full_coverage_complete,midrunboywithwhite,375,0,0,5,True,False,True,0.0,0.0
full_coverage_complete,midrunboywithwhite,376,0,0,4,True,False,True,0.0,0.0
full_coverage_complete,midrunboywithwhite,377,0,0,4,True,False,True,0.0,0.0
full_coverage_complete,midrunboywithwhite,378,0,0,5,True,False,True,0.0,0.0
full_coverage_complete,midrunboywithwhite,379,0,0,4,True,False,True,0.0,0.0
full_coverage_complete,midrunboywithwhite,380,0,0,5,True,False,True,0.0,0.0
full_coverage_complete,midrunboywithwhite,381,0,0,5,True,False,True,0.0,0.0
full_coverage_complete,midrunboywithwhite,382,0,0,5,True,False,True,0.0,0.0
full_coverage_complete,midrunboywithwhite,383,0,0,5,True,False,True,0.0,0.0
full_coverage_complete,midrunboywithwhite,384,0,0,4,True,False,True,0.0,0.0
full_coverage_complete,midrunboywithwhite,385,0,0,4,True,False,True,0.0,0.0
full_coverage_complete,midrunboywithwhite,386,0,0,4,True,False,True,0.0,0.0
full_coverage_complete,midrunboywithwhite,387,5,0,5,True,False,True,0.0,0.0
full_coverage_complete,midrunboywithwhite,388,0,0,5,True,False,True,0.0,0.0
full_coverage_complete,midrunboywithwhite,389,0,0,5,True,False,True,0.0,0.0
full_coverage_complete,midrunboywithwhite,390,0,0,4,True,False,True,0.0,0.0
full_coverage_complete,midrunboywithwhite,391,0,0,4,True,False,True,0.0,0.0
full_coverage_complete,midrunboywithwhite,392,0,0,4,True,False,True,0.0,0.0
full_coverage_complete,midrunboywithwhite,393,0,0,4,True,False,True,0.0,0.0
full_coverage_complete,midrunboywithwhite,394,0,0,5,True,False,True,0.0,0.0
full_coverage_complete,midrunboywithwhite,395,0,0,5,True,False,True,0.0,0.0
full_coverage_complete,midrunboywithwhite,396,0,0,5,True,False,True,0.0,0.0
full_coverage_complete,midrunboywithwhite,397,0,0,4,True,False,True,0.0,0.0
full_coverage_complete,midrunboywithwhite,398,0,0,4,True,False,True,0.0,0.0
full_coverage_complete,midrunboywithwhite,399,0,0,4,True,False,True,0.0,0.0
full_coverage_complete,midrunboywithwhite,400,0,0,4,True,False,True,0.0,0.0
full_coverage_complete,midrunboywithwhite,401,0,0,4,True,False,True,0.0,0.0
full_coverage_complete,midrunboywithwhite,402,0,0,4,True,False,True,0.0,0.0
full_coverage_complete,midrunboywithwhite,403,0,0,4,True,False,True,0.0,0.0
full_coverage_complete,midrunboywithwhite,404,0,0,4,True,False,True,0.0,0.0
full_coverage_complete,midrunboywithwhite,405,0,0,4,True,False,True,0.0,0.0
full_coverage_complete,midrunboywithwhite,406,0,0,4,True,False,True,0.0,0.0
full_coverage_complete,midrunboywithwhite,407,0,0,4,True,False,True,0.0,0.0
full_coverage_complete,midrunboywithwhite,408,0,0,4,True,False,True,0.0,0.0
full_coverage_complete,midrunboywithwhite,409,0,0,4,True,False,True,0.0,0.0
full_coverage_complete,midrunboywithwhite,410,0,0,4,True,False,True,0.0,0.0
full_coverage_complete,midrunboywithwhite,411,4,2,4,True,False,True,0.0,0.0
full_coverage_complete,midrunboywithwhite,412,5,4,5,True,False,True,0.0,0.0
full_coverage_complete,midrunboywithwhite,413,0,0,5,True,False,True,0.0,0.0
full_coverage_complete,midrunboywithwhite,414,0,0,4,True,False,True,0.0,0.0
full_coverage_complete,midrunboywithwhite,415,5,4,5,True,False,True,0.0,0.0
full_coverage_complete,midrunboywithwhite,416,0,0,4,True,False,True,0.0,0.0
full_coverage_complete,midrunboywithwhite,417,0,0,5,True,False,True,0.0,0.0
full_coverage_complete,midrunboywithwhite,418,4,0,4,True,False,True,0.0,0.0
full_coverage_complete,midrunboywithwhite,419,0,0,5,True,False,True,0.0,0.0
full_coverage_complete,midrunboywithwhite,420,0,0,5,True,False,True,0.0,0.0
full_coverage_complete,midrunboywithwhite,421,0,0,5,True,False,True,0.11036650729262239,0.11036650729262239
full_coverage_complete,midrunboywithwhite,422,0,0,5,True,False,True,0.6091305410336959,0.6091305410336959
full_coverage_complete,midrunboywithwhite,423,0,0,5,True,False,True,0.3199089285251246,0.3199089285251246
full_coverage_complete,midrunboywithwhite,424,0,0,5,True,False,True,0.7256694092723687,0.7256694092723687
full_coverage_complete,midrunboywithwhite,425,0,0,5,True,False,True,0.44893713283895126,0.44893713283895126
full_coverage_complete,midrunboywithwhite,426,0,0,4,True,False,True,0.48832018644826597,0.48832018644826597
full_coverage_complete,midrunboywithwhite,427,0,0,4,True,False,True,0.2053067531563834,0.2053067531563834
full_coverage_complete,midrunboywithwhite,428,0,0,5,True,False,True,0.0,0.0
full_coverage_complete,midrunboywithwhite,429,0,0,4,True,False,True,0.0,0.0
full_coverage_complete,midrunboywithwhite,430,0,0,5,True,False,True,0.0,0.0
full_coverage_complete,midrunboywithwhite,431,0,0,4,True,False,True,0.0,0.0
full_coverage_complete,midrunboywithwhite,432,0,0,5,True,False,True,0.0,0.0
full_coverage_complete,midrunboywithwhite,433,0,0,5,True,False,True,0.0,0.0
full_coverage_complete,midrunboywithwhite,434,0,0,5,True,False,True,0.0,0.0
full_coverage_complete,midrunboywithwhite,435,0,0,5,True,False,True,0.0,0.0
full_coverage_complete,midrunboywithwhite,436,0,0,5,True,False,True,0.0,0.0
full_coverage_complete,midrunboywithwhite,437,0,0,5,True,False,True,0.0,0.0
full_coverage_complete,midrunboywithwhite,438,0,0,4,True,False,True,0.0,0.0
full_coverage_complete,midrunboywithwhite,439,0,0,5,True,False,True,0.024091510514992052,0.024091510514992052
full_coverage_complete,midrunboywithwhite,440,0,0,5,True,False,True,0.0,0.0
full_coverage_complete,midrunboywithwhite,441,0,0,5,True,False,True,0.0,0.0
full_coverage_complete,minibusgoes2left,171,0,0,6,True,False,True,0.5308338736782422,0.5308338736782422
full_coverage_complete,minibusgoes2left,174,5,0,5,True,False,True,0.45036919692091015,0.34236009940857
full_coverage_complete,minibusgoes2left,175,5,1,5,True,False,True,0.31238576389357264,0.08924210640955303
full_coverage_complete,minibusgoes2left,176,0,0,1,True,False,True,0.1647259912995488,0.1647259912995488
full_coverage_complete,minibusgoes2left,177,0,0,5,True,False,True,0.1436378405380407,0.1436378405380407
full_coverage_complete,minibusgoes2left,179,1,1,1,True,False,True,0.515846315649612,0.5572770477022043
full_coverage_complete,minibusgoes2left,180,5,1,5,True,False,True,0.5756745472937402,0.5106184275414478
full_coverage_complete,minibusgoes2left,181,0,0,5,True,False,True,0.5388530798344637,0.5388530798344637
full_coverage_complete,minibusgoes2left,183,0,0,1,True,False,True,0.5738680027567274,0.5738680027567274
full_coverage_complete,minibusgoes2left,186,0,0,5,True,False,True,0.5189527285688075,0.5189527285688075
full_coverage_complete,minibusgoes2left,187,0,0,1,True,False,True,0.24993365540524812,0.24993365540524812
full_coverage_complete,minibusgoes2left,213,0,0,6,True,False,True,0.23301387683322475,0.23301387683322475
full_coverage_complete,mototaking2boys306,38,0,0,5,True,False,True,0.6713037412521105,0.6713037412521105
full_coverage_complete,mototaking2boys306,49,0,0,5,True,False,True,0.6676477755632109,0.6676477755632109
full_coverage_complete,mototaking2boys306,211,0,0,1,True,False,True,0.35797383040514885,0.35797383040514885
full_coverage_complete,mototaking2boys306,223,0,0,4,True,False,True,0.3684717714309357,0.3684717714309357
full_coverage_complete,mototaking2boys306,224,0,0,4,True,False,True,0.24088686887965083,0.24088686887965083
full_coverage_complete,mototaking2boys306,225,0,0,1,True,False,True,0.7428603722352624,0.7428603722352624
full_coverage_complete,mototaking2boys306,226,0,0,1,True,False,True,0.6277821121709202,0.6277821121709202
full_coverage_complete,mototaking2boys306,231,0,0,1,True,False,True,0.23330822673024365,0.23330822673024365
full_coverage_complete,mototaking2boys306,244,0,0,5,True,False,True,0.1823879476652103,0.1823879476652103
full_coverage_complete,mototaking2boys306,245,0,0,5,True,False,True,0.2548953397381586,0.2548953397381586
full_coverage_complete,mototaking2boys306,246,0,0,5,True,False,True,0.3166568350541248,0.3166568350541248
full_coverage_complete,mototaking2boys306,265,0,0,5,True,False,True,0.041440365871112175,0.041440365871112175
full_coverage_complete,mototaking2boys306,266,5,0,5,True,False,True,0.2688407974781797,0.26449829397744795
full_coverage_complete,mototaking2boys306,269,4,0,4,True,False,True,0.40494758232820427,0.0
full_coverage_complete,mototaking2boys306,291,0,0,6,True,False,True,0.0436686310191937,0.0436686310191937
full_coverage_complete,mototaking2boys306,292,0,0,1,True,False,True,0.00901336382747711,0.00901336382747711
full_coverage_complete,mototaking2boys306,293,0,0,1,True,False,True,0.0,0.0
full_coverage_complete,mototaking2boys306,294,0,0,1,True,False,True,0.0,0.0
full_coverage_complete,mototaking2boys306,295,0,0,1,True,False,True,0.0,0.0
full_coverage_complete,mototaking2boys306,296,0,0,1,True,False,True,0.0,0.0
full_coverage_complete,mototaking2boys306,297,0,0,1,True,False,True,0.0,0.31117506821298496
full_coverage_complete,pingpingpad3,312,0,0,6,True,False,True,0.5648852015099347,0.5648852015099347
full_coverage_complete,pingpingpad3,482,6,0,6,True,False,True,0.7707862001619012,0.8090332719630416
full_coverage_complete,pingpingpad3,493,0,0,5,True,False,True,0.5751421637223054,0.5751421637223054
full_coverage_complete,pingpingpad3,523,0,0,5,True,False,True,0.5130895868937406,0.5130895868937406
full_coverage_complete,pingpingpad3,524,0,0,6,True,False,True,0.5257058715214843,0.5257058715214843
full_coverage_complete,pingpingpad3,525,0,0,5,True,False,True,0.34781987959859056,0.34781987959859056
full_coverage_complete,pingpingpad3,526,0,0,5,True,False,True,0.22442005061219705,0.22442005061219705
full_coverage_complete,pingpingpad3,527,0,0,5,True,False,True,0.037080601237627984,0.037080601237627984
full_coverage_complete,pingpingpad3,528,0,0,5,True,False,True,0.0,0.0
full_coverage_complete,pingpingpad3,529,0,0,5,True,False,True,0.0,0.0
full_coverage_complete,pingpingpad3,530,0,0,5,True,False,True,0.040934085519361015,0.040934085519361015
full_coverage_complete,pingpingpad3,531,5,0,5,True,False,True,0.0,0.0
full_coverage_complete,pingpingpad3,532,0,0,5,True,False,True,0.07348859933522878,0.07348859933522878
full_coverage_complete,pingpingpad3,533,5,0,5,True,False,True,0.08870419156450658,0.512567485276634
full_coverage_complete,pingpingpad3,739,0,0,5,True,False,True,0.7637848627393828,0.7637848627393828
full_coverage_complete,pingpingpad3,740,0,0,1,True,False,True,0.4173806002509901,0.4173806002509901
full_coverage_complete,pingpingpad3,747,0,0,5,True,False,True,0.5257507030034523,0.5257507030034523
full_coverage_complete,pingpingpad3,777,0,0,1,True,False,True,0.0,0.0
full_coverage_complete,pingpingpad3,778,5,3,5,True,False,True,0.0,0.0
full_coverage_complete,pingpingpad3,779,0,1,5,False,False,True,0.0,0.0
full_coverage_complete,pingpingpad3,780,0,0,5,True,False,True,0.0,0.0
full_coverage_complete,pingpingpad3,781,0,0,4,True,False,True,0.0,0.0
full_coverage_complete,pingpingpad3,782,0,0,5,True,False,True,0.0,0.0
full_coverage_complete,pingpingpad3,783,0,0,5,True,False,True,0.0,0.0
full_coverage_complete,pingpingpad3,784,0,0,5,True,False,True,0.0,0.0
full_coverage_complete,pingpingpad3,785,5,2,5,True,False,True,0.0,0.0
full_coverage_complete,pingpingpad3,786,0,0,1,True,False,True,0.0,0.0
full_coverage_complete,pingpingpad3,791,0,0,5,True,False,True,0.35742303730345104,0.35742303730345104
full_coverage_complete,pingpingpad3,792,0,0,5,True,False,True,0.7483398248480696,0.7483398248480696
full_coverage_complete,pingpingpad3,793,0,0,5,True,False,True,0.7641409997047836,0.7641409997047836
full_coverage_complete,pinkwithblktopcup,129,0,0,1,True,False,True,0.704531344773824,0.704531344773824
full_coverage_complete,pinkwithblktopcup,132,0,0,4,True,False,True,0.5671767976425984,0.5671767976425984
full_coverage_complete,pinkwithblktopcup,133,0,0,4,True,False,True,0.6302291829474129,0.6302291829474129
full_coverage_complete,pinkwithblktopcup,134,0,0,4,True,False,True,0.6018039699085582,0.6018039699085582
full_coverage_complete,pinkwithblktopcup,135,4,2,4,True,False,True,0.4249772144518217,0.0
full_coverage_complete,pinkwithblktopcup,136,0,0,5,True,False,True,0.0,0.0
full_coverage_complete,pinkwithblktopcup,137,0,0,5,True,False,True,0.0,0.0
full_coverage_complete,pinkwithblktopcup,138,0,0,4,True,False,True,0.0,0.0
full_coverage_complete,pinkwithblktopcup,139,4,1,4,True,False,True,0.0,0.0
full_coverage_complete,pinkwithblktopcup,140,0,0,5,True,False,True,0.0,0.0
full_coverage_complete,pinkwithblktopcup,141,0,0,5,True,False,True,0.0,0.0
full_coverage_complete,pinkwithblktopcup,142,0,0,5,True,False,True,0.0,0.0
full_coverage_complete,pinkwithblktopcup,143,0,0,5,True,False,True,0.0,0.0
full_coverage_complete,pinkwithblktopcup,144,0,0,5,True,False,True,0.0,0.0
full_coverage_complete,pinkwithblktopcup,145,4,3,4,True,False,True,0.0,0.0
full_coverage_complete,pinkwithblktopcup,146,0,0,5,True,False,True,0.0,0.0
full_coverage_complete,pinkwithblktopcup,147,0,0,1,True,False,True,0.0,0.0
full_coverage_complete,pinkwithblktopcup,148,0,0,1,True,False,True,0.0,0.0
full_coverage_complete,pinkwithblktopcup,151,0,0,4,True,False,True,0.0,0.0
full_coverage_complete,pinkwithblktopcup,152,0,0,4,True,False,True,0.0,0.0
full_coverage_complete,pinkwithblktopcup,153,0,1,4,True,False,True,0.0,0.0
full_coverage_complete,pinkwithblktopcup,154,0,0,4,True,False,True,0.0,0.0
full_coverage_complete,pinkwithblktopcup,155,0,0,4,True,False,True,0.0,0.0
full_coverage_complete,pinkwithblktopcup,156,0,0,4,True,False,True,0.0,0.0
full_coverage_complete,pinkwithblktopcup,157,0,0,4,True,False,True,0.0,0.0
full_coverage_complete,pinkwithblktopcup,158,4,1,4,True,False,True,0.0,0.0
full_coverage_complete,pinkwithblktopcup,170,0,0,2,True,False,True,0.0,0.0
full_coverage_complete,pinkwithblktopcup,171,0,0,1,True,False,True,0.0,0.0
full_coverage_complete,pinkwithblktopcup,172,0,0,4,True,False,True,0.0,0.0
full_coverage_complete,pinkwithblktopcup,202,0,0,1,True,False,True,0.0,0.0
full_coverage_complete,pinkwithblktopcup,218,0,0,1,True,False,True,0.0,0.0
full_coverage_complete,pinkwithblktopcup,279,0,0,1,True,False,True,0.0,0.0
full_coverage_complete,pinkwithblktopcup,294,0,0,1,True,False,True,0.0,0.0
full_coverage_complete,pinkwithblktopcup,299,0,0,4,True,False,True,0.0,0.0
full_coverage_complete,pinkwithblktopcup,300,0,0,1,True,False,True,0.0,0.0
full_coverage_complete,pinkwithblktopcup,301,0,0,1,True,False,True,0.0,0.0
full_coverage_complete,pinkwithblktopcup,302,0,0,1,True,False,True,0.0,0.0
full_coverage_complete,pinkwithblktopcup,305,0,0,4,True,False,True,0.0,0.0
full_coverage_complete,pinkwithblktopcup,311,0,1,1,True,False,True,0.002134886953635728,0.6850061201677234
full_coverage_complete,pinkwithblktopcup,353,0,0,2,True,False,True,0.9417511867725129,0.9417511867725129
full_coverage_complete,pinkwithblktopcup,448,0,0,4,True,False,True,0.665233420196454,0.0912063557977462
full_coverage_complete,pinkwithblktopcup,451,0,0,4,True,False,True,0.6858200960439844,0.6858200960439844
full_coverage_complete,pinkwithblktopcup,452,0,0,4,True,False,True,0.7249969536783321,0.7249969536783321
full_coverage_complete,pinkwithblktopcup,453,0,0,4,True,False,True,0.7244774544751655,0.7244774544751655
full_coverage_complete,pinkwithblktopcup,473,0,0,2,True,False,True,0.7986140684661078,0.7986140684661078
full_coverage_complete,pinkwithblktopcup,475,0,0,5,True,False,True,0.8114962523009119,0.8114962523009119
full_coverage_complete,pinkwithblktopcup,476,5,0,5,True,False,True,0.8162296641674532,0.8195699550257296
full_coverage_complete,pinkwithblktopcup,526,0,0,4,True,False,True,0.8934261742203519,0.8934261742203519
full_coverage_complete,pinkwithblktopcup,548,0,0,4,True,False,True,0.468096195685308,0.468096195685308
full_coverage_complete,pinkwithblktopcup,549,0,0,1,True,False,True,0.2534532887404682,0.2534532887404682
full_coverage_complete,pinkwithblktopcup,567,0,0,1,True,False,True,0.14300943835319715,0.14300943835319715
full_coverage_complete,pinkwithblktopcup,568,0,0,4,True,False,True,0.3016787705100416,0.3016787705100416
full_coverage_complete,pinkwithblktopcup,569,0,0,5,True,False,True,0.30017248976275723,0.30017248976275723
full_coverage_complete,pinkwithblktopcup,570,5,0,5,True,False,True,0.41645655166050405,0.3830375617988483
full_coverage_complete,pinkwithblktopcup,571,0,0,1,True,False,True,0.04180603683377929,0.04180603683377929
full_coverage_complete,pinkwithblktopcup,594,0,0,4,True,False,True,0.0,0.0
full_coverage_complete,pinkwithblktopcup,595,0,0,5,True,False,True,0.0,0.0
full_coverage_complete,pinkwithblktopcup,597,4,0,4,True,False,True,0.0,0.0
full_coverage_complete,pinkwithblktopcup,602,4,0,4,True,False,True,0.0,0.0
full_coverage_complete,pinkwithblktopcup,603,0,0,5,True,False,True,0.0,0.0
full_coverage_complete,pinkwithblktopcup,605,0,0,1,True,False,True,0.0,0.0
full_coverage_complete,pinkwithblktopcup,608,0,0,2,True,False,True,0.0,0.0
full_coverage_complete,pinkwithblktopcup,609,0,0,1,True,False,True,0.0,0.0
full_coverage_complete,pinkwithblktopcup,610,0,0,1,True,False,True,0.0,0.0
full_coverage_complete,pinkwithblktopcup,611,0,0,1,True,False,True,0.0,0.0
full_coverage_complete,pinkwithblktopcup,612,0,0,1,True,False,True,0.0,0.0
full_coverage_complete,pinkwithblktopcup,613,0,0,1,True,False,True,0.0,0.0
full_coverage_complete,pinkwithblktopcup,615,4,0,4,True,False,True,0.0,0.0
full_coverage_complete,pinkwithblktopcup,616,0,1,2,True,False,True,0.0,0.7079129043788086
full_coverage_complete,pinkwithblktopcup,638,0,0,4,True,False,True,0.7805675284310871,0.7805675284310871
full_coverage_complete,pinkwithblktopcup,639,0,0,4,True,False,True,0.8380732426485722,0.8380732426485722
full_coverage_complete,pinkwithblktopcup,640,0,0,2,True,False,True,0.8100264654954926,0.8100264654954926
full_coverage_complete,pinkwithblktopcup,641,0,0,4,True,False,True,0.7236994944265599,0.7236994944265599
full_coverage_complete,pinkwithblktopcup,655,0,0,4,True,False,True,0.6780712222577179,0.6780712222577179
full_coverage_complete,pinkwithblktopcup,656,0,1,4,True,False,True,0.7358844063516249,0.0
full_coverage_complete,pinkwithblktopcup,663,0,1,0,False,False,True,0.0,0.8145169658724282
full_coverage_complete,pinkwithblktopcup,664,0,0,5,True,False,True,0.8299091700434227,0.8299091700434227
full_coverage_complete,pinkwithblktopcup,666,0,0,4,True,False,True,0.827890651106255,0.827890651106255
full_coverage_complete,pinkwithblktopcup,668,0,0,5,True,False,True,0.6384547016999671,0.6384547016999671
full_coverage_complete,pinkwithblktopcup,679,0,1,4,True,False,True,0.8965110871497182,0.0
full_coverage_complete,pinkwithblktopcup,683,0,0,4,True,False,True,0.0,0.0
full_coverage_complete,pinkwithblktopcup,684,0,0,4,True,False,True,0.0,0.0
full_coverage_complete,pinkwithblktopcup,685,0,0,4,True,False,True,0.0,0.0
full_coverage_complete,pinkwithblktopcup,687,0,0,0,False,False,True,0.0,0.9077772787222544
full_coverage_complete,pinkwithblktopcup,688,0,0,5,True,False,True,0.8945269165086003,0.8945269165086003
full_coverage_complete,pinkwithblktopcup,689,5,0,5,True,False,True,0.7971578974003548,0.0
full_coverage_complete,pinkwithblktopcup,693,0,0,1,True,False,True,0.0,0.7860050470434009
full_coverage_complete,pinkwithblktopcup,698,0,1,4,True,False,True,0.7980989276714674,0.0
full_coverage_complete,pinkwithblktopcup,701,0,0,0,False,False,True,0.0,0.803098295513022
full_coverage_complete,pinkwithblktopcup,707,0,0,2,True,False,True,0.5792553785646918,0.5792553785646918
full_coverage_complete,pinkwithblktopcup,708,0,0,4,True,False,True,0.564781711712335,0.564781711712335
full_coverage_complete,pinkwithblktopcup,710,0,0,4,True,False,True,0.5816528111674748,0.5816528111674748
full_coverage_complete,pinkwithblktopcup,712,0,0,5,True,False,True,0.5947468958108326,0.5947468958108326
full_coverage_complete,pinkwithblktopcup,714,0,0,5,True,False,True,0.6412643555956105,0.6412643555956105
full_coverage_complete,pinkwithblktopcup,715,0,0,2,True,False,True,0.6257427205565287,0.6257427205565287
full_coverage_complete,pinkwithblktopcup,717,0,0,2,True,False,True,0.5502294829053279,0.5502294829053279
full_coverage_complete,pinkwithblktopcup,718,0,0,2,True,False,True,0.6447343754854734,0.6447343754854734
full_coverage_complete,pinkwithblktopcup,719,5,0,5,True,False,True,0.6016397431483104,0.5810360560216157
full_coverage_complete,pinkwithblktopcup,720,5,0,5,True,False,True,0.6589536908121298,0.680234453606368
full_coverage_complete,pinkwithblktopcup,722,5,0,5,True,False,True,0.5607308705706159,0.5790636551036196
full_coverage_complete,pinkwithblktopcup,723,0,0,5,True,False,True,0.5722743400675547,0.5722743400675547
full_coverage_complete,pinkwithblktopcup,724,2,0,2,True,False,True,0.6078500989436104,0.0
full_coverage_complete,pinkwithblktopcup,725,0,0,5,True,False,True,0.0,0.0
full_coverage_complete,pinkwithblktopcup,726,0,1,2,True,False,True,0.0,0.0
full_coverage_complete,pinkwithblktopcup,728,0,0,0,False,False,True,0.0,0.6452776198349095
full_coverage_complete,pinkwithblktopcup,737,0,0,4,True,False,True,0.6249290534028198,0.6249290534028198
full_coverage_complete,pinkwithblktopcup,738,0,0,5,True,False,True,0.6260577838967171,0.6260577838967171
full_coverage_complete,pinkwithblktopcup,739,0,0,4,True,False,True,0.6853555122180982,0.6853555122180982
full_coverage_complete,pinkwithblktopcup,740,0,0,4,True,False,True,0.7298227753486979,0.7298227753486979
full_coverage_complete,pinkwithblktopcup,741,0,1,4,True,False,True,0.764430035814272,0.0
full_coverage_complete,pinkwithblktopcup,755,0,0,4,True,False,True,0.0,0.0
full_coverage_complete,pinkwithblktopcup,757,0,0,4,True,False,True,0.0,0.0
full_coverage_complete,pinkwithblktopcup,759,0,0,4,True,False,True,0.0,0.0
full_coverage_complete,pinkwithblktopcup,760,0,0,4,True,False,True,0.0,0.0
full_coverage_complete,pinkwithblktopcup,762,0,0,4,True,False,True,0.0,0.0
full_coverage_complete,pinkwithblktopcup,764,0,0,4,True,False,True,0.0,0.0
full_coverage_complete,pinkwithblktopcup,765,0,0,4,True,False,True,0.0,0.0
full_coverage_complete,pinkwithblktopcup,766,0,1,1,True,False,True,0.0,0.0
full_coverage_complete,pinkwithblktopcup,767,1,0,1,True,False,True,0.0,0.5565187778692186
full_coverage_complete,pinkwithblktopcup,774,0,0,2,True,False,True,0.4726495084079136,0.4726495084079136
full_coverage_complete,pinkwithblktopcup,776,0,0,4,True,False,True,0.5012067111858798,0.5012067111858798
full_coverage_complete,pinkwithblktopcup,777,0,0,2,True,False,True,0.5312626432104557,0.5312626432104557
full_coverage_complete,pinkwithblktopcup,778,0,0,4,True,False,True,0.5337824271549924,0.5337824271549924
full_coverage_complete,pinkwithblktopcup,779,0,0,4,True,False,True,0.5670207766016898,0.5670207766016898
full_coverage_complete,pinkwithblktopcup,780,0,0,2,True,False,True,0.5635608930036138,0.5635608930036138
full_coverage_complete,pinkwithblktopcup,781,0,0,2,True,False,True,0.5473337564616826,0.5473337564616826
full_coverage_complete,pinkwithblktopcup,786,0,0,2,True,False,True,0.3958511567291896,0.3958511567291896
full_coverage_complete,pinkwithblktopcup,787,0,0,4,True,False,True,0.38824826907136367,0.38824826907136367
full_coverage_complete,pinkwithblktopcup,788,0,0,2,True,False,True,0.371179852781536,0.371179852781536
full_coverage_complete,pinkwithblktopcup,790,0,0,2,True,False,True,0.34004827228607837,0.34004827228607837
full_coverage_complete,pinkwithblktopcup,791,0,0,2,True,False,True,0.3034602464694726,0.3034602464694726
full_coverage_complete,pinkwithblktopcup,804,0,0,4,True,False,True,0.518847226594085,0.518847226594085
full_coverage_complete,pinkwithblktopcup,809,0,0,2,True,False,True,0.4945610576490159,0.4945610576490159
full_coverage_complete,pinkwithblktopcup,810,0,0,2,True,False,True,0.45743992811719936,0.45743992811719936
full_coverage_complete,pinkwithblktopcup,811,0,0,2,True,False,True,0.501999458134142,0.501999458134142
full_coverage_complete,pinkwithblktopcup,812,5,0,5,True,False,True,0.4370400803123048,0.396801558485056
full_coverage_complete,pinkwithblktopcup,814,0,0,2,True,False,True,0.5309945756224895,0.5309945756224895
full_coverage_complete,pinkwithblktopcup,815,0,0,2,True,False,True,0.5485316057810821,0.5485316057810821
full_coverage_complete,pinkwithblktopcup,816,5,0,5,True,False,True,0.469947534836873,0.43999497639650204
full_coverage_complete,pinkwithblktopcup,817,0,0,2,True,False,True,0.3839707176974044,0.3839707176974044
full_coverage_complete,pinkwithblktopcup,820,5,0,5,True,False,True,0.28909839252178365,0.26889728478598357
full_coverage_complete,pinkwithblktopcup,821,0,0,5,True,False,True,0.17626651758757775,0.17626651758757775
full_coverage_complete,pinkwithblktopcup,822,0,0,2,True,False,True,0.20888739022691283,0.20888739022691283
full_coverage_complete,pinkwithblktopcup,823,2,0,2,True,False,True,0.25905433565183883,0.2160797800166803
full_coverage_complete,pinkwithblktopcup,824,0,0,5,True,False,True,0.272478633741529,0.272478633741529
full_coverage_complete,pinkwithblktopcup,825,5,0,5,True,False,True,0.4140075453855688,0.0
full_coverage_complete,pinkwithblktopcup,858,0,0,0,False,False,True,0.0,0.6604255229869229
full_coverage_complete,pinkwithblktopcup,867,0,0,5,True,False,True,0.4830698945941262,0.4830698945941262
full_coverage_complete,pinkwithblktopcup,868,0,0,5,True,False,True,0.40867153100778625,0.40867153100778625
full_coverage_complete,pinkwithblktopcup,869,0,0,5,True,False,True,0.47218143792326056,0.47218143792326056
full_coverage_complete,pinkwithblktopcup,870,0,0,5,True,False,True,0.487061308414638,0.487061308414638
full_coverage_complete,pinkwithblktopcup,871,0,0,5,True,False,True,0.405887482262863,0.405887482262863
full_coverage_complete,pinkwithblktopcup,873,0,0,5,True,False,True,0.4457982105727865,0.4457982105727865
full_coverage_complete,pinkwithblktopcup,875,0,0,5,True,False,True,0.5261581175813023,0.5261581175813023
full_coverage_complete,pinkwithblktopcup,876,0,0,5,True,False,True,0.5088891887846038,0.5088891887846038
full_coverage_complete,pinkwithblktopcup,877,0,0,5,True,False,True,0.49622085355424356,0.49622085355424356
full_coverage_complete,pinkwithblktopcup,878,0,0,5,True,False,True,0.5757999043186914,0.5757999043186914
full_coverage_complete,pinkwithblktopcup,879,0,0,5,True,False,True,0.5721309866122399,0.5721309866122399
full_coverage_complete,pinkwithblktopcup,880,0,0,5,True,False,True,0.4796535430212903,0.4796535430212903
full_coverage_complete,pinkwithblktopcup,881,0,0,5,True,False,True,0.5530893684930974,0.5530893684930974
full_coverage_complete,pinkwithblktopcup,882,0,0,5,True,False,True,0.5231666434189267,0.5231666434189267
full_coverage_complete,pinkwithblktopcup,883,0,0,5,True,False,True,0.4348017568025825,0.4348017568025825
full_coverage_complete,pinkwithblktopcup,884,0,0,5,True,False,True,0.5464166352621502,0.5464166352621502
full_coverage_complete,pinkwithblktopcup,885,0,0,5,True,False,True,0.5599262515693859,0.5599262515693859
full_coverage_complete,pinkwithblktopcup,886,0,0,5,True,False,True,0.5268274077913048,0.5268274077913048
full_coverage_complete,pinkwithblktopcup,887,0,0,5,True,False,True,0.5678268630164541,0.5678268630164541
full_coverage_complete,pinkwithblktopcup,888,0,0,5,True,False,True,0.5843119315831807,0.5843119315831807
full_coverage_complete,pinkwithblktopcup,889,0,0,5,True,False,True,0.597192110011398,0.597192110011398
full_coverage_complete,pinkwithblktopcup,890,0,0,5,True,False,True,0.5990306209564359,0.5990306209564359
full_coverage_complete,pinkwithblktopcup,891,0,0,5,True,False,True,0.6068185358951546,0.6068185358951546
full_coverage_complete,pinkwithblktopcup,892,0,0,5,True,False,True,0.652076466296399,0.652076466296399
full_coverage_complete,pinkwithblktopcup,893,0,0,5,True,False,True,0.6566832732025507,0.6566832732025507
full_coverage_complete,pinkwithblktopcup,894,0,0,4,True,False,True,0.5316002867195504,0.5316002867195504
full_coverage_complete,pinkwithblktopcup,895,0,0,4,True,False,True,0.49732504000589994,0.49732504000589994
full_coverage_complete,pinkwithblktopcup,896,0,0,5,True,False,True,0.5269783628108328,0.5269783628108328
full_coverage_complete,pinkwithblktopcup,897,0,0,4,True,False,True,0.49101245249149117,0.49101245249149117
full_coverage_complete,pinkwithblktopcup,899,0,0,4,True,False,True,0.4635252745792145,0.4635252745792145
full_coverage_complete,pinkwithblktopcup,900,0,0,1,True,False,True,0.40076406224817607,0.40076406224817607
full_coverage_complete,pinkwithblktopcup,901,0,0,1,True,False,True,0.34978268151059944,0.34978268151059944
full_coverage_complete,pinkwithblktopcup,902,0,0,4,True,False,True,0.2612412951963618,0.2612412951963618
full_coverage_complete,pinkwithblktopcup,906,5,0,5,True,False,True,0.2868621628228076,0.4755366811978851
full_coverage_complete,pinkwithblktopcup,907,0,0,1,True,False,True,0.42466909261231156,0.42466909261231156
full_coverage_complete,pinkwithblktopcup,908,0,0,5,True,False,True,0.5790650495083044,0.5790650495083044
full_coverage_complete,pinkwithblktopcup,909,0,0,1,True,False,True,0.47886464456420264,0.47886464456420264
full_coverage_complete,pinkwithblktopcup,910,0,0,1,True,False,True,0.22408021535702424,0.22408021535702424
full_coverage_complete,pinkwithblktopcup,911,0,0,5,True,False,True,0.22922701060023176,0.22922701060023176
full_coverage_complete,pinkwithblktopcup,912,0,0,4,True,False,True,0.24293883098702634,0.24293883098702634
full_coverage_complete,pinkwithblktopcup,913,0,0,4,True,False,True,0.250139156982827,0.250139156982827
full_coverage_complete,pinkwithblktopcup,914,0,0,4,True,False,True,0.30689574026496,0.30689574026496
full_coverage_complete,pinkwithblktopcup,915,0,0,5,True,False,True,0.23971140396596144,0.23971140396596144
full_coverage_complete,pinkwithblktopcup,916,0,0,4,True,False,True,0.32056783744056755,0.32056783744056755
full_coverage_complete,pinkwithblktopcup,917,0,0,4,True,False,True,0.3076577569672914,0.3076577569672914
full_coverage_complete,pinkwithblktopcup,918,0,0,4,True,False,True,0.29210987008369055,0.29210987008369055
full_coverage_complete,pinkwithblktopcup,919,0,0,4,True,False,True,0.33698391972028896,0.33698391972028896
full_coverage_complete,pinkwithblktopcup,920,0,0,1,True,False,True,0.263520254570967,0.263520254570967
full_coverage_complete,pinkwithblktopcup,921,0,0,5,True,False,True,0.1952269022923152,0.1952269022923152
full_coverage_complete,pinkwithblktopcup,922,0,0,5,True,False,True,0.134460691348821,0.134460691348821
full_coverage_complete,pinkwithblktopcup,923,0,0,5,True,False,True,0.03307630883178485,0.03307630883178485
full_coverage_complete,pinkwithblktopcup,924,0,0,5,True,False,True,0.0,0.0
full_coverage_complete,pinkwithblktopcup,925,0,0,2,True,False,True,0.0,0.0
full_coverage_complete,pinkwithblktopcup,926,0,0,5,True,False,True,0.0,0.0
full_coverage_complete,pinkwithblktopcup,928,0,0,5,True,False,True,0.06557746450756335,0.06557746450756335
full_coverage_complete,pinkwithblktopcup,929,0,0,5,True,False,True,0.016300088540586483,0.016300088540586483
full_coverage_complete,pinkwithblktopcup,930,4,0,4,True,False,True,0.002321725722289513,0.0
full_coverage_complete,pinkwithblktopcup,931,0,0,5,True,False,True,0.0,0.0
full_coverage_complete,pinkwithblktopcup,932,0,0,5,True,False,True,0.0,0.0
full_coverage_complete,pinkwithblktopcup,933,5,0,5,True,False,True,0.0,0.0
full_coverage_complete,pinkwithblktopcup,934,0,0,0,False,False,True,0.0,0.8206968986059195
full_coverage_complete,pinkwithblktopcup,942,0,0,5,True,False,True,0.6438527830781887,0.6438527830781887
full_coverage_complete,pinkwithblktopcup,943,0,0,5,True,False,True,0.7171287437367285,0.7171287437367285
full_coverage_complete,pinkwithblktopcup,944,0,0,5,True,False,True,0.70221603913535,0.70221603913535
full_coverage_complete,pinkwithblktopcup,947,0,0,4,True,False,True,0.4273988874727867,0.4273988874727867
full_coverage_complete,pinkwithblktopcup,948,0,0,4,True,False,True,0.46488810918175133,0.46488810918175133
full_coverage_complete,pinkwithblktopcup,949,0,0,5,True,False,True,0.3777361053184889,0.3777361053184889
full_coverage_complete,pinkwithblktopcup,950,0,0,4,True,False,True,0.5272405193575888,0.5272405193575888
full_coverage_complete,pinkwithblktopcup,951,0,0,5,True,False,True,0.2875268403657372,0.2875268403657372
full_coverage_complete,pinkwithblktopcup,956,0,0,4,True,False,True,0.6483141709973427,0.6483141709973427
full_coverage_complete,pinkwithblktopcup,957,0,0,5,True,False,True,0.6384014695934364,0.6384014695934364
full_coverage_complete,pinkwithblktopcup,958,0,0,2,True,False,True,0.5803941403019541,0.5803941403019541
full_coverage_complete,pinkwithblktopcup,959,0,0,2,True,False,True,0.6383114046328868,0.6383114046328868
full_coverage_complete,pinkwithblktopcup,960,0,0,2,True,False,True,0.6825653482220623,0.6825653482220623
full_coverage_complete,pinkwithblktopcup,961,0,0,5,True,False,True,0.7333739810178204,0.7333739810178204
full_coverage_complete,pinkwithblktopcup,987,0,0,1,True,False,True,0.03725994714200202,0.03725994714200202
full_coverage_complete,pinkwithblktopcup,989,4,0,4,True,False,True,0.0,0.7865845891201363
full_coverage_complete,pinkwithblktopcup,1006,0,0,1,True,False,True,0.8488674146606229,0.8488674146606229
full_coverage_complete,pinkwithblktopcup,1027,0,0,4,True,False,True,0.6596734039459639,0.6596734039459639
full_coverage_complete,pinkwithblktopcup,1031,0,0,1,True,False,True,0.7691893340847437,0.7691893340847437
full_coverage_complete,pinkwithblktopcup,1033,0,1,4,True,False,True,0.9199560301353559,0.0
full_coverage_complete,pinkwithblktopcup,1056,0,0,1,True,False,True,0.0,0.0
full_coverage_complete,pinkwithblktopcup,1057,0,0,1,True,False,True,0.0,0.0
full_coverage_complete,pinkwithblktopcup,1064,0,0,4,True,False,True,0.0,0.0
full_coverage_complete,pinkwithblktopcup,1065,4,1,4,True,False,True,0.0,0.0
full_coverage_complete,pinkwithblktopcup,1066,0,0,2,True,False,True,0.0,0.0
full_coverage_complete,pinkwithblktopcup,1069,0,0,1,True,False,True,0.0,0.0
full_coverage_complete,pinkwithblktopcup,1070,0,0,1,True,False,True,0.0,0.0
full_coverage_complete,pinkwithblktopcup,1071,1,1,1,True,False,True,0.0,0.6604029213638943
full_coverage_complete,pinkwithblktopcup,1081,0,0,5,True,False,True,0.7310947530941273,0.7310947530941273
full_coverage_complete,pinkwithblktopcup,1082,5,1,5,True,False,True,0.7926276940443053,0.0
full_coverage_complete,pinkwithblktopcup,1083,0,0,5,True,False,True,0.6697182540454946,0.6697182540454946
full_coverage_complete,pinkwithblktopcup,1084,0,1,1,True,False,True,0.8122717138425791,0.0
full_coverage_complete,pinkwithblktopcup,1121,0,0,2,True,False,True,0.808705402708046,0.0
full_coverage_complete,pinkwithblktopcup,1123,0,0,1,True,False,True,0.0,0.0
full_coverage_complete,pinkwithblktopcup,1124,0,0,1,True,False,True,0.0,0.0
full_coverage_complete,pinkwithblktopcup,1125,0,0,1,True,False,True,0.0,0.0
full_coverage_complete,pinkwithblktopcup,1127,1,0,1,True,False,True,0.0,0.8180300106727343
full_coverage_complete,pinkwithblktopcup,1240,0,0,4,True,False,True,0.15693863027302168,0.15693863027302168
full_coverage_complete,pinkwithblktopcup,1242,4,0,4,True,False,True,0.0,0.07090871639372388
full_coverage_complete,pinkwithblktopcup,1248,0,0,4,True,False,True,0.0,0.0
full_coverage_complete,pinkwithblktopcup,1249,0,0,4,True,False,True,0.0,0.0
full_coverage_complete,pinkwithblktopcup,1251,0,0,0,False,False,True,0.0,0.7565612596669722
full_coverage_complete,pinkwithblktopcup,1258,0,0,1,True,False,True,0.8871204527728542,0.8871204527728542
full_coverage_complete,pinkwithblktopcup,1259,0,0,1,True,False,True,0.6230257715707498,0.6230257715707498
full_coverage_complete,pinkwithblktopcup,1260,0,0,1,True,False,True,0.8487487731979538,0.8487487731979538
full_coverage_complete,pinkwithblktopcup,1261,0,0,4,True,False,True,0.6402195117002929,0.6402195117002929
full_coverage_complete,pinkwithblktopcup,1262,0,0,4,True,False,True,0.7041808876216169,0.7041808876216169
full_coverage_complete,pinkwithblktopcup,1269,0,0,4,True,False,True,0.7201825652969378,0.7201825652969378
full_coverage_complete,redboygoright,132,0,0,5,True,False,True,0.45044107393837574,0.45044107393837574
full_coverage_complete,redboygoright,133,0,2,4,True,False,True,0.646549205027285,0.0
full_coverage_complete,redboygoright,134,0,0,6,True,False,True,0.0,0.0
full_coverage_complete,redboygoright,135,0,0,1,True,False,True,0.0,0.0
full_coverage_complete,redboygoright,136,0,0,1,True,False,True,0.0,0.0
full_coverage_complete,redboygoright,140,0,0,2,True,False,True,0.2653385129445448,0.2653385129445448
full_coverage_complete,redboygoright,141,0,0,1,True,False,True,0.24707882931389427,0.24707882931389427
full_coverage_complete,redboygoright,143,0,0,4,True,False,True,0.3024024413295608,0.3024024413295608
full_coverage_complete,redboygoright,144,0,0,4,True,False,True,0.5559308696481314,0.5559308696481314
full_coverage_complete,redboygoright,145,0,0,5,True,False,True,0.4180475054971894,0.4180475054971894
full_coverage_complete,redboygoright,146,0,0,4,True,False,True,0.605843616344878,0.605843616344878
full_coverage_complete,redmidboy,26,0,0,2,True,False,True,0.3741303492776523,0.3741303492776523
full_coverage_complete,redmidboy,27,0,0,2,True,False,True,0.25351629839179846,0.25351629839179846
full_coverage_complete,redmidboy,29,0,0,2,True,False,True,0.4543443447033675,0.4543443447033675
full_coverage_complete,redmidboy,30,0,0,2,True,False,True,0.550639080714607,0.550639080714607
full_coverage_complete,redmidboy,31,0,0,1,True,False,True,0.4713368232761538,0.4713368232761538
full_coverage_complete,redmidboy,32,0,0,2,True,False,True,0.3655319694212897,0.3655319694212897
full_coverage_complete,redmidboy,33,0,0,2,True,False,True,0.3284553925101697,0.3284553925101697
full_coverage_complete,redmidboy,35,0,0,2,True,False,True,0.2979625790418673,0.2979625790418673
full_coverage_complete,redmidboy,36,0,0,2,True,False,True,0.44430109209193575,0.44430109209193575
full_coverage_complete,redmidboy,40,0,0,2,True,False,True,0.4400654280138731,0.4400654280138731
full_coverage_complete,redmidboy,41,0,0,2,True,False,True,0.4261589554130381,0.4261589554130381
full_coverage_complete,redmidboy,42,0,0,2,True,False,True,0.527697223593189,0.527697223593189
full_coverage_complete,redmidboy,43,0,0,2,True,False,True,0.5401993399685616,0.5401993399685616
full_coverage_complete,redmidboy,44,0,0,1,True,False,True,0.5558899814917891,0.5558899814917891
full_coverage_complete,redmidboy,46,0,0,2,True,False,True,0.769159076106635,0.769159076106635
full_coverage_complete,redmidboy,47,0,0,2,True,False,True,0.8326319607526859,0.8326319607526859
full_coverage_complete,redmidboy,48,0,0,2,True,False,True,0.6803433347741072,0.6803433347741072
full_coverage_complete,redmidboy,49,0,0,2,True,False,True,0.6754396289719807,0.6754396289719807
full_coverage_complete,redmidboy,50,0,0,4,True,False,True,0.7067062312746365,0.7067062312746365
full_coverage_complete,redmidboy,52,0,0,2,True,False,True,0.7280538131100308,0.7280538131100308
full_coverage_complete,redmidboy,53,0,0,4,True,False,True,0.8118971767458009,0.8118971767458009
full_coverage_complete,redmidboy,54,0,0,2,True,False,True,0.7848541420384626,0.7848541420384626
full_coverage_complete,redmidboy,55,0,0,2,True,False,True,0.7058748090025779,0.7058748090025779
full_coverage_complete,redmidboy,60,0,0,2,True,False,True,0.7029686199042947,0.7029686199042947
full_coverage_complete,redmidboy,61,0,0,2,True,False,True,0.6631897421221558,0.6631897421221558
full_coverage_complete,redmidboy,62,0,0,2,True,False,True,0.5035408880128345,0.5035408880128345
full_coverage_complete,redmidboy,85,0,0,2,True,False,True,0.7605440316677187,0.7605440316677187
full_coverage_complete,redmidboy,86,0,0,2,True,False,True,0.7259493538523828,0.7259493538523828
full_coverage_complete,redmidboy,87,0,0,1,True,False,True,0.8761499066117509,0.8761499066117509
full_coverage_complete,redmidboy,88,0,0,2,True,False,True,0.8136693471079057,0.8136693471079057
full_coverage_complete,redmidboy,98,0,0,2,True,False,True,0.7995297090270854,0.7995297090270854
full_coverage_complete,redmidboy,100,0,0,2,True,False,True,0.8344370753512891,0.8344370753512891
full_coverage_complete,redmidboy,101,0,0,2,True,False,True,0.7110969264671867,0.7110969264671867
full_coverage_complete,redmidboy,102,0,0,2,True,False,True,0.8087514159835765,0.8087514159835765
full_coverage_complete,redmidboy,103,0,0,2,True,False,True,0.8541536359446982,0.8541536359446982
full_coverage_complete,redmidboy,104,0,0,2,True,False,True,0.7497885609151774,0.7497885609151774
full_coverage_complete,redmidboy,105,0,0,2,True,False,True,0.8388662776775248,0.8388662776775248
full_coverage_complete,redmidboy,106,0,0,2,True,False,True,0.8732521801958821,0.8732521801958821
full_coverage_complete,redmidboy,107,0,0,1,True,False,True,0.903995677815836,0.903995677815836
full_coverage_complete,redmidboy,122,0,0,2,True,False,True,0.9130466131610596,0.9130466131610596
full_coverage_complete,redmidboy,123,0,0,4,True,False,True,0.7328052726720626,0.7328052726720626
full_coverage_complete,redmidboy,124,0,0,2,True,False,True,0.5678331228832086,0.5678331228832086
full_coverage_complete,redmidboy,125,0,0,4,True,False,True,0.36878839629006394,0.36878839629006394
full_coverage_complete,redmidboy,126,0,0,4,True,False,True,0.42111147478212996,0.42111147478212996
full_coverage_complete,redmidboy,127,0,0,2,True,False,True,0.2510991890100462,0.2510991890100462
full_coverage_complete,redmidboy,128,0,0,4,True,False,True,0.18837648483578928,0.18837648483578928
full_coverage_complete,redmidboy,129,0,0,4,True,False,True,0.18789563867503872,0.18789563867503872
full_coverage_complete,redmidboy,130,0,0,2,True,False,True,0.17874861269029035,0.17874861269029035
full_coverage_complete,redmidboy,131,0,0,1,True,False,True,0.19219219911195373,0.19219219911195373
full_coverage_complete,redmidboy,132,0,0,4,True,False,True,0.07581015074043237,0.07581015074043237
full_coverage_complete,redmidboy,133,0,0,2,True,False,True,0.3734632407264669,0.3734632407264669
full_coverage_complete,redmidboy,134,0,0,4,True,False,True,0.3164785014440994,0.3164785014440994
full_coverage_complete,redmidboy,135,0,0,2,True,False,True,0.3505588694236829,0.3505588694236829
full_coverage_complete,redmidboy,136,0,0,4,True,False,True,0.3400566507822044,0.3400566507822044
full_coverage_complete,redmidboy,137,0,0,4,True,False,True,0.2988977697582931,0.2988977697582931
full_coverage_complete,redmidboy,139,0,0,4,True,False,True,0.24043400662593087,0.24043400662593087
full_coverage_complete,redmidboy,140,0,0,4,True,False,True,0.24238686140126917,0.24238686140126917
full_coverage_complete,redmidboy,141,0,0,2,True,False,True,0.2611542337006024,0.2611542337006024
full_coverage_complete,redmidboy,142,0,0,2,True,False,True,0.27516258962374707,0.27516258962374707
full_coverage_complete,redmidboy,143,0,0,2,True,False,True,0.2701105234071605,0.2701105234071605
full_coverage_complete,redmidboy,144,0,0,2,True,False,True,0.2807096084907002,0.2807096084907002
full_coverage_complete,redmidboy,145,0,0,2,True,False,True,0.33226387543085195,0.33226387543085195
full_coverage_complete,redmidboy,146,0,0,4,True,False,True,0.2578731564587169,0.2578731564587169
full_coverage_complete,redmidboy,147,0,0,4,True,False,True,0.3257591094256597,0.3257591094256597
full_coverage_complete,redmidboy,148,0,0,4,True,False,True,0.3383178137152148,0.3383178137152148
full_coverage_complete,redmidboy,149,0,0,4,True,False,True,0.3246213815496291,0.3246213815496291
full_coverage_complete,redmidboy,150,0,0,2,True,False,True,0.5349821572428645,0.5349821572428645
full_coverage_complete,redmidboy,151,0,0,5,True,False,True,0.5338749998030508,0.5338749998030508
full_coverage_complete,redmidboy,152,0,0,2,True,False,True,0.4678672537730007,0.4678672537730007
full_coverage_complete,redmidboy,153,0,0,4,True,False,True,0.6133124039301598,0.6133124039301598
full_coverage_complete,redmidboy,154,0,0,2,True,False,True,0.5269452178086445,0.5269452178086445
full_coverage_complete,redmidboy,155,0,0,4,True,False,True,0.5593285614212388,0.5593285614212388
full_coverage_complete,redmidboy,156,0,0,2,True,False,True,0.34686502426897725,0.34686502426897725
full_coverage_complete,redmidboy,157,0,0,4,True,False,True,0.31060768846312253,0.31060768846312253
full_coverage_complete,redmidboy,158,0,0,2,True,False,True,0.38987189801876276,0.38987189801876276
full_coverage_complete,redmidboy,159,0,0,2,True,False,True,0.6829386959037276,0.6829386959037276
full_coverage_complete,redmidboy,161,0,0,2,True,False,True,0.7229117457305685,0.7229117457305685
full_coverage_complete,redmidboy,162,0,0,2,True,False,True,0.7918000643723658,0.7918000643723658
full_coverage_complete,redmidboy,172,0,0,2,True,False,True,0.6899275582132108,0.6899275582132108
full_coverage_complete,redmidboy,173,0,0,2,True,False,True,0.738914812702858,0.738914812702858
full_coverage_complete,redmidboy,174,0,0,2,True,False,True,0.7397222405127407,0.7397222405127407
full_coverage_complete,redmidboy,175,0,0,4,True,False,True,0.6695749588063383,0.6695749588063383
full_coverage_complete,redmidboy,176,0,0,2,True,False,True,0.7247969995838812,0.7247969995838812
full_coverage_complete,redmidboy,177,0,0,2,True,False,True,0.7415008933361797,0.7415008933361797
full_coverage_complete,redmidboy,178,0,0,1,True,False,True,0.805045811195562,0.805045811195562
full_coverage_complete,redmidboy,179,0,0,2,True,False,True,0.6893814824369726,0.6893814824369726
full_coverage_complete,redmidboy,180,0,0,4,True,False,True,0.6293758006070901,0.6293758006070901
full_coverage_complete,redmidboy,181,0,0,2,True,False,True,0.567918118484592,0.567918118484592
full_coverage_complete,redmidboy,182,0,0,2,True,False,True,0.4534994948752888,0.4534994948752888
full_coverage_complete,redmidboy,183,0,0,2,True,False,True,0.4133239809282586,0.4133239809282586
full_coverage_complete,redmidboy,184,0,0,1,True,False,True,0.7733292423778915,0.7733292423778915
full_coverage_complete,redmidboy,185,0,0,2,True,False,True,0.7066680799976081,0.7066680799976081
full_coverage_complete,redmidboy,186,0,0,2,True,False,True,0.4387724027591286,0.4387724027591286
full_coverage_complete,redmidboy,187,0,0,1,True,False,True,0.4520436342430829,0.4520436342430829
full_coverage_complete,redmidboy,188,0,0,1,True,False,True,0.6893462161864222,0.6893462161864222
full_coverage_complete,redmidboy,189,0,0,2,True,False,True,0.5557189974907774,0.5557189974907774
full_coverage_complete,redmidboy,190,0,0,2,True,False,True,0.6312427521456656,0.6312427521456656
full_coverage_complete,redmidboy,191,0,0,1,True,False,True,0.7790805815846292,0.7790805815846292
full_coverage_complete,redmidboy,192,0,0,2,True,False,True,0.8641583357963044,0.8641583357963044
full_coverage_complete,redmidboy,193,0,0,2,True,False,True,0.6469330141354602,0.6469330141354602
full_coverage_complete,redmidboy,197,0,0,2,True,False,True,0.7309291320979944,0.7309291320979944
full_coverage_complete,redmidboy,199,0,0,2,True,False,True,0.7801036777492953,0.7801036777492953
full_coverage_complete,redmidboy,201,0,0,2,True,False,True,0.6155088974644077,0.6155088974644077
full_coverage_complete,redmidboy,203,0,0,1,True,False,True,0.8311835918255286,0.8311835918255286
full_coverage_complete,redmidboy,205,0,0,2,True,False,True,0.7968860897014739,0.7968860897014739
full_coverage_complete,redmidboy,207,0,0,2,True,False,True,0.6699165251391581,0.6699165251391581
full_coverage_complete,redmidboy,208,0,0,2,True,False,True,0.7356987700667522,0.7356987700667522
full_coverage_complete,redmidboy,209,0,0,2,True,False,True,0.8699621152695781,0.8699621152695781
full_coverage_complete,redmidboy,210,0,0,2,True,False,True,0.5778197404650053,0.5778197404650053
full_coverage_complete,redmidboy,211,0,0,2,True,False,True,0.7416037859625685,0.7416037859625685
full_coverage_complete,redmidboy,212,0,0,2,True,False,True,0.6384394776140517,0.6384394776140517
full_coverage_complete,redmidboy,213,0,0,4,True,False,True,0.7987976065246071,0.7987976065246071
full_coverage_complete,redmidboy,214,0,0,2,True,False,True,0.6334917654951909,0.6334917654951909
full_coverage_complete,redmidboy,215,0,0,2,True,False,True,0.5333572616288221,0.5333572616288221
full_coverage_complete,redmidboy,216,0,0,2,True,False,True,0.676745330302873,0.676745330302873
full_coverage_complete,redmidboy,217,0,0,2,True,False,True,0.5420868007168549,0.5420868007168549
full_coverage_complete,redmidboy,218,0,0,2,True,False,True,0.9026914337462887,0.9026914337462887
full_coverage_complete,redmidboy,219,0,0,2,True,False,True,0.8200458780049901,0.8200458780049901
full_coverage_complete,redmidboy,220,0,0,2,True,False,True,0.8601309272731287,0.8601309272731287
full_coverage_complete,redmidboy,223,0,0,2,True,False,True,0.7264552717985092,0.7264552717985092
full_coverage_complete,redmidboy,224,0,0,2,True,False,True,0.7514171972380923,0.7514171972380923
full_coverage_complete,redmidboy,225,0,0,2,True,False,True,0.7455283636460103,0.7455283636460103
full_coverage_complete,redmidboy,226,0,0,2,True,False,True,0.7714143850028903,0.7714143850028903
full_coverage_complete,redmidboy,228,0,0,2,True,False,True,0.6801042126692882,0.6801042126692882
full_coverage_complete,redmidboy,230,0,0,2,True,False,True,0.7799540924078412,0.7799540924078412
full_coverage_complete,redmidboy,231,0,0,1,True,False,True,0.7240227273001415,0.7240227273001415
full_coverage_complete,redmidboy,237,0,0,4,True,False,True,0.7637748471107488,0.7637748471107488
full_coverage_complete,redmidboy,239,0,0,1,True,False,True,0.8054220681143032,0.8054220681143032
full_coverage_complete,redmidboy,240,0,0,1,True,False,True,0.8514546908136085,0.8514546908136085
full_coverage_complete,redmidboy,241,0,0,1,True,False,True,0.8461559930158736,0.8461559930158736
full_coverage_complete,redmidboy,242,0,0,2,True,False,True,0.7985340007430859,0.7985340007430859
full_coverage_complete,redmidboy,243,0,0,2,True,False,True,0.8397064482603491,0.8397064482603491
full_coverage_complete,redmidboy,245,0,0,2,True,False,True,0.7920561713493,0.7920561713493
full_coverage_complete,redmidboy,246,0,0,2,True,False,True,0.8709099057161621,0.8709099057161621
full_coverage_complete,redmidboy,247,0,0,2,True,False,True,0.8636090041507062,0.8636090041507062
full_coverage_complete,redmidboy,248,4,0,4,True,False,True,0.8487306585148766,0.780231401609912
full_coverage_complete,redmidboy,249,0,0,2,True,False,True,0.7922292747656,0.7922292747656
full_coverage_complete,redmidboy,250,0,0,2,True,False,True,0.7068092939578487,0.7068092939578487
full_coverage_complete,redmidboy,251,0,0,2,True,False,True,0.7363833107261627,0.7363833107261627
full_coverage_complete,redmidboy,252,0,0,2,True,False,True,0.6805701363782851,0.6805701363782851
full_coverage_complete,redmidboy,253,0,0,2,True,False,True,0.6086573776179838,0.6086573776179838
full_coverage_complete,redmidboy,254,0,0,2,True,False,True,0.5666459665086794,0.5666459665086794
full_coverage_complete,redmidboy,255,0,0,2,True,False,True,0.8242304922442392,0.8242304922442392
full_coverage_complete,redmidboy,259,0,0,2,True,False,True,0.6759601353232518,0.6759601353232518
full_coverage_complete,redmidboy,261,0,0,2,True,False,True,0.7395369015193359,0.7395369015193359
full_coverage_complete,redmidboy,262,0,0,2,True,False,True,0.7673082767302302,0.7673082767302302
full_coverage_complete,redmidboy,263,0,0,2,True,False,True,0.6979861670145371,0.6979861670145371
full_coverage_complete,redmidboy,264,0,0,2,True,False,True,0.6453305901375183,0.6453305901375183
full_coverage_complete,redmidboy,265,0,0,2,True,False,True,0.693248668260902,0.693248668260902
full_coverage_complete,redmidboy,266,0,0,5,True,False,True,0.6049108661878883,0.6049108661878883
full_coverage_complete,redmidboy,267,0,0,2,True,False,True,0.4959165806129896,0.4959165806129896
full_coverage_complete,redmidboy,268,0,0,2,True,False,True,0.17088646714055566,0.17088646714055566
full_coverage_complete,redmidboy,269,0,0,6,True,False,True,0.3594356838792315,0.3594356838792315
full_coverage_complete,redmidboy,270,0,0,5,True,False,True,0.441254330349846,0.441254330349846
full_coverage_complete,redmidboy,271,0,0,2,True,False,True,0.5603360772198154,0.5603360772198154
full_coverage_complete,redmidboy,272,0,0,2,True,False,True,0.6328172911801735,0.6328172911801735
full_coverage_complete,redmidboy,273,0,0,2,True,False,True,0.5896240257766556,0.5896240257766556
full_coverage_complete,redmidboy,274,0,0,2,True,False,True,0.0246944491074944,0.0246944491074944
full_coverage_complete,redmidboy,275,0,0,2,True,False,True,0.6775257878674078,0.6775257878674078
full_coverage_complete,redmidboy,276,0,0,2,True,False,True,0.5910763125292118,0.5910763125292118
full_coverage_complete,redmidboy,277,0,0,2,True,False,True,0.7171724991483504,0.7171724991483504
full_coverage_complete,redmidboy,278,0,0,2,True,False,True,0.7992383829318077,0.7992383829318077
full_coverage_complete,redmidboy,279,0,0,2,True,False,True,0.8662103561795881,0.8662103561795881
full_coverage_complete,redmidboy,280,0,0,2,True,False,True,0.8895798211084526,0.8895798211084526
full_coverage_complete,redmidboy,281,0,0,2,True,False,True,0.7283760533216234,0.7283760533216234
full_coverage_complete,redmidboy,282,0,0,2,True,False,True,0.7901144909902571,0.7901144909902571
full_coverage_complete,redmidboy,283,0,0,2,True,False,True,0.7059599855860884,0.7059599855860884
full_coverage_complete,redmidboy,284,0,0,2,True,False,True,0.7451029821220525,0.7451029821220525
full_coverage_complete,redmidboy,285,0,0,2,True,False,True,0.0,0.0
full_coverage_complete,redmidboy,286,0,0,2,True,False,True,0.7251786733035648,0.7251786733035648
full_coverage_complete,redmidboy,287,0,0,2,True,False,True,0.8031420886381359,0.8031420886381359
full_coverage_complete,redmidboy,288,0,0,2,True,False,True,0.7581884237404993,0.7581884237404993
full_coverage_complete,redmidboy,289,0,0,2,True,False,True,0.7117700072847546,0.7117700072847546
full_coverage_complete,redmidboy,290,0,0,2,True,False,True,0.6364906073547675,0.6364906073547675
full_coverage_complete,redmidboy,291,0,0,2,True,False,True,0.6048545107430191,0.6048545107430191
full_coverage_complete,redmidboy,292,0,0,2,True,False,True,0.6525656717123028,0.6525656717123028
full_coverage_complete,redmidboy,293,0,0,2,True,False,True,0.6145886525740883,0.6145886525740883
full_coverage_complete,redmidboy,294,0,0,2,True,False,True,0.7955903048171918,0.7955903048171918
full_coverage_complete,redmidboy,295,0,0,2,True,False,True,0.8458269861284431,0.8458269861284431
full_coverage_complete,redmidboy,297,0,0,2,True,False,True,0.7212021269772818,0.7212021269772818
full_coverage_complete,redmidboy,298,2,1,2,True,False,True,0.5818982500737871,0.4493241526400788
full_coverage_complete,redmidboy,299,5,0,5,True,False,True,0.7109915075460939,0.7097681652114696
full_coverage_complete,redmidboy,300,5,0,5,True,False,True,0.7519399779545115,0.7805005692639886
full_coverage_complete,redmidboy,301,0,0,5,True,False,True,0.8339026349557114,0.8339026349557114
full_coverage_complete,redmidboy,302,5,0,5,True,False,True,0.8275340724473648,0.7805453426565944
full_coverage_complete,redmidboy,303,0,0,2,True,False,True,0.8426220034816287,0.8426220034816287
full_coverage_complete,redmidboy,304,0,0,2,True,False,True,0.8420594160201799,0.8420594160201799
full_coverage_complete,redmidboy,306,0,0,2,True,False,True,0.8333834628286241,0.8333834628286241
full_coverage_complete,redmidboy,307,2,1,2,True,False,True,0.8171035559644303,0.5473932830246024
full_coverage_complete,redmidboy,308,0,0,5,True,False,True,0.7389228179640075,0.7389228179640075
full_coverage_complete,redmidboy,309,0,0,2,True,False,True,0.7603094758996842,0.7603094758996842
full_coverage_complete,redmidboy,310,0,0,2,True,False,True,0.8899562684238727,0.8899562684238727
full_coverage_complete,redmidboy,311,0,0,2,True,False,True,0.7897199801721102,0.7897199801721102
full_coverage_complete,redmidboy,313,0,0,4,True,False,True,0.6013532594634593,0.6013532594634593
full_coverage_complete,redmidboy,315,0,0,5,True,False,True,0.710328418296412,0.710328418296412
full_coverage_complete,redmidboy,316,0,0,4,True,False,True,0.7868391791614904,0.7868391791614904
full_coverage_complete,redmidboy,317,0,0,2,True,False,True,0.6910433173538083,0.6910433173538083
full_coverage_complete,redmidboy,319,0,0,4,True,False,True,0.6269619887368758,0.6269619887368758
full_coverage_complete,redmidboy,320,0,0,4,True,False,True,0.7644457311375409,0.7644457311375409
full_coverage_complete,redmidboy,322,0,0,2,True,False,True,0.8266515014958191,0.8266515014958191
full_coverage_complete,redmidboy,323,0,0,1,True,False,True,0.748532870696558,0.748532870696558
full_coverage_complete,redmidboy,343,0,0,2,True,False,True,0.5897464227544694,0.5897464227544694
full_coverage_complete,redmidboy,400,4,0,4,True,False,True,0.7418461528192879,0.7096510510022884
full_coverage_complete,redmidboy,403,0,0,2,True,False,True,0.7602925839403126,0.7602925839403126
full_coverage_complete,redmidboy,404,0,0,2,True,False,True,0.6777375475246629,0.6777375475246629
full_coverage_complete,redmidboy,405,0,0,2,True,False,True,0.8450811370780479,0.8450811370780479
full_coverage_complete,redmidboy,406,0,0,2,True,False,True,0.8357694753194296,0.8357694753194296
full_coverage_complete,redmidboy,407,0,1,2,True,False,True,0.7594801387895922,0.0
full_coverage_complete,redmidboy,408,0,0,6,True,False,True,0.0,0.0
full_coverage_complete,redmidboy,410,0,0,2,True,False,True,0.0,0.0
full_coverage_complete,redmidboy,411,0,0,2,True,False,True,0.0,0.0
full_coverage_complete,redmidboy,412,0,0,2,True,False,True,0.0,0.0
full_coverage_complete,redmidboy,413,0,0,2,True,False,True,0.0,0.0
full_coverage_complete,redmidboy,414,0,0,2,True,False,True,0.0,0.0
full_coverage_complete,redmidboy,415,0,0,2,True,False,True,0.0,0.0
full_coverage_complete,redmidboy,416,0,0,2,True,False,True,0.0,0.0
full_coverage_complete,redmidboy,417,0,0,2,True,False,True,0.0,0.0
full_coverage_complete,redmidboy,418,0,0,2,True,False,True,0.0,0.0
full_coverage_complete,redmidboy,419,0,0,2,True,False,True,0.0,0.0
full_coverage_complete,redmidboy,420,0,0,2,True,False,True,0.0,0.0
full_coverage_complete,redmidboy,421,0,0,2,True,False,True,0.0,0.0
full_coverage_complete,redmidboy,422,0,0,2,True,False,True,0.0,0.0
full_coverage_complete,redmidboy,423,0,0,2,True,False,True,0.0,0.0
full_coverage_complete,redmidboy,424,0,0,2,True,False,True,0.0,0.0
full_coverage_complete,redmidboy,425,0,0,2,True,False,True,0.0,0.0
full_coverage_complete,redmidboy,426,0,0,2,True,False,True,0.0,0.0
full_coverage_complete,redmidboy,427,0,0,4,True,False,True,0.0,0.0
full_coverage_complete,redmidboy,428,0,0,2,True,False,True,0.0,0.0
full_coverage_complete,redmidboy,429,2,1,2,True,False,True,0.0,0.7700644280618686
full_coverage_complete,redmidboy,430,0,0,5,True,False,True,0.53186733047802,0.0
full_coverage_complete,redmidboy,431,4,0,4,True,False,True,0.0,0.7249261515480471
full_coverage_complete,redmidboy,432,0,0,5,True,False,True,0.6403266252590151,0.6403266252590151
full_coverage_complete,redmidboy,477,0,0,2,True,False,True,0.8872752596830494,0.8872752596830494
full_coverage_complete,redmidboy,478,0,0,2,True,False,True,0.8519342404368453,0.8519342404368453
full_coverage_complete,redmidboy,479,0,0,2,True,False,True,0.8708489547873706,0.8708489547873706
full_coverage_complete,redmidboy,480,0,0,2,True,False,True,0.8543436388603785,0.8543436388603785
full_coverage_complete,redmidboy,482,0,0,4,True,False,True,0.8668375786151317,0.8668375786151317
full_coverage_complete,redmidboy,484,0,0,4,True,False,True,0.7213641797870413,0.7213641797870413
full_coverage_complete,redmidboy,485,4,0,4,True,False,True,0.6944942820722396,0.6924134700005813
full_coverage_complete,redmidboy,486,0,0,1,True,False,True,0.6605447547248388,0.6605447547248388
full_coverage_complete,redmidboy,487,0,0,2,True,False,True,0.7681324530350702,0.7681324530350702
full_coverage_complete,redmidboy,490,0,0,2,True,False,True,0.7575006710046692,0.7575006710046692
full_coverage_complete,redmidboy,493,0,0,4,True,False,True,0.700487091503255,0.700487091503255
full_coverage_complete,redmidboy,494,0,0,4,True,False,True,0.7580563714607051,0.7580563714607051
full_coverage_complete,redmidboy,495,0,0,4,True,False,True,0.7056610012590082,0.7056610012590082
full_coverage_complete,redmidboy,497,0,0,4,True,False,True,0.7339165753875553,0.7339165753875553
full_coverage_complete,redmidboy,498,4,1,4,True,False,True,0.8208902080367351,0.0
full_coverage_complete,redmidboy,499,0,0,5,True,False,True,0.0,0.0
full_coverage_complete,redmidboy,500,0,0,5,True,False,True,0.0,0.0
full_coverage_complete,redmidboy,501,0,0,4,True,False,True,0.0,0.0
full_coverage_complete,redmidboy,502,0,1,4,True,False,True,0.0,0.7999030818057511
full_coverage_complete,redmidboy,503,0,0,4,True,False,True,0.8893219720673241,0.8893219720673241
full_coverage_complete,redmidboy,504,0,0,2,True,False,True,0.8378039501551275,0.8378039501551275
full_coverage_complete,redmidboy,505,0,0,4,True,False,True,0.9406857891599513,0.9406857891599513
full_coverage_complete,redmidboy,506,0,0,2,True,False,True,0.8686006444788467,0.8686006444788467
full_coverage_complete,redmidboy,507,0,0,2,True,False,True,0.7952777180791674,0.7952777180791674
full_coverage_complete,redmidboy,508,0,0,4,True,False,True,0.8613464264130475,0.8613464264130475
full_coverage_complete,redmidboy,509,0,0,2,True,False,True,0.8622021851398852,0.8622021851398852
full_coverage_complete,redmidboy,510,0,0,2,True,False,True,0.8166987032042973,0.8166987032042973
full_coverage_complete,redmidboy,511,0,0,2,True,False,True,0.8876871893208144,0.8876871893208144
full_coverage_complete,redmidboy,512,0,0,2,True,False,True,0.9250900627902229,0.9250900627902229
full_coverage_complete,redmidboy,513,0,0,2,True,False,True,0.9162122328998696,0.9162122328998696
full_coverage_complete,redmidboy,514,0,0,2,True,False,True,0.9004048374043124,0.9004048374043124
full_coverage_complete,redmidboy,515,0,0,1,True,False,True,0.8556728468974605,0.8556728468974605
full_coverage_complete,redmidboy,516,0,0,1,True,False,True,0.8741426263692464,0.8741426263692464
full_coverage_complete,redmidboy,517,0,0,1,True,False,True,0.8769479219584614,0.8769479219584614
full_coverage_complete,redmidboy,518,0,0,1,True,False,True,0.8549020619628463,0.8549020619628463
full_coverage_complete,redmidboy,519,0,0,1,True,False,True,0.7841332685642761,0.7841332685642761
full_coverage_complete,redmidboy,520,0,0,2,True,False,True,0.7440593687009983,0.7440593687009983
full_coverage_complete,redmidboy,521,0,0,2,True,False,True,0.6497131851326742,0.6497131851326742
full_coverage_complete,redmidboy,522,0,0,1,True,False,True,0.5761791555520452,0.5761791555520452
full_coverage_complete,redmidboy,523,0,0,1,True,False,True,0.5031105847441062,0.5031105847441062
full_coverage_complete,redmidboy,524,0,0,4,True,False,True,0.5611509648698262,0.5611509648698262
full_coverage_complete,redmidboy,525,0,0,4,True,False,True,0.5434365501476186,0.5434365501476186
full_coverage_complete,redmidboy,526,0,0,1,True,False,True,0.7799678072094901,0.7799678072094901
full_coverage_complete,redmidboy,527,0,0,2,True,False,True,0.6911476055418619,0.6911476055418619
full_coverage_complete,redmidboy,528,0,0,2,True,False,True,0.6977633679363211,0.6977633679363211
full_coverage_complete,redmidboy,529,0,0,2,True,False,True,0.6980149943773125,0.6980149943773125
full_coverage_complete,redmidboy,530,0,0,1,True,False,True,0.8208735168262983,0.8208735168262983
full_coverage_complete,redmidboy,531,0,0,2,True,False,True,0.750078579217657,0.750078579217657
full_coverage_complete,redmidboy,532,0,0,4,True,False,True,0.8226031669817713,0.8226031669817713
full_coverage_complete,redmidboy,533,0,0,2,True,False,True,0.7713863246053235,0.7713863246053235
full_coverage_complete,redmidboy,534,0,0,2,True,False,True,0.7134856459012755,0.7134856459012755
full_coverage_complete,redmidboy,535,0,0,1,True,False,True,0.8439526740363864,0.8439526740363864
full_coverage_complete,redmidboy,536,0,0,1,True,False,True,0.7413672143169224,0.7413672143169224
full_coverage_complete,redmidboy,537,0,0,2,True,False,True,0.8773007148816517,0.8773007148816517
full_coverage_complete,redmidboy,538,0,0,4,True,False,True,0.7536129239587684,0.7536129239587684
full_coverage_complete,redmidboy,539,0,0,4,True,False,True,0.7206826974231215,0.7206826974231215
full_coverage_complete,redmidboy,540,0,0,2,True,False,True,0.6412322664676077,0.6412322664676077
full_coverage_complete,redmidboy,541,0,1,4,True,False,True,0.6451512903492201,0.0
full_coverage_complete,redmidboy,542,0,0,1,True,False,True,0.0,0.0
full_coverage_complete,redmidboy,543,0,0,2,True,False,True,0.0,0.0
full_coverage_complete,redmidboy,545,0,0,2,True,False,True,0.0,0.0
full_coverage_complete,redmidboy,546,0,0,1,True,False,True,0.0,0.0
full_coverage_complete,redmidboy,547,0,0,2,True,False,True,0.0,0.0
full_coverage_complete,redmidboy,548,0,0,2,True,False,True,0.0,0.0
full_coverage_complete,redmidboy,549,0,0,2,True,False,True,0.0,0.0
full_coverage_complete,redmidboy,550,0,0,2,True,False,True,0.0,0.0
full_coverage_complete,redmidboy,551,0,0,2,True,False,True,0.0,0.0
full_coverage_complete,redmidboy,552,1,4,1,True,False,True,0.0,0.05556415580922655
full_coverage_complete,redmidboy,553,5,0,5,True,False,True,0.44134337001942997,0.6216947734944985
full_coverage_complete,redmidboy,554,0,0,5,True,False,True,0.6580476888276455,0.6580476888276455
full_coverage_complete,redmidboy,555,0,0,1,True,False,True,0.3403055436180007,0.3403055436180007
full_coverage_complete,redmidboy,556,0,0,5,True,False,True,0.2878832593346598,0.2878832593346598
full_coverage_complete,redmidboy,557,0,0,4,True,False,True,0.26826508460799947,0.26826508460799947
full_coverage_complete,redmidboy,558,0,0,5,True,False,True,0.0,0.0
full_coverage_complete,redmidboy,559,0,0,5,True,False,True,0.0,0.0
full_coverage_complete,redmidboy,560,0,0,2,True,False,True,0.0,0.0
full_coverage_complete,redmidboy,561,0,0,1,True,False,True,0.0,0.0
full_coverage_complete,redmidboy,562,0,0,2,True,False,True,0.0,0.0
full_coverage_complete,redmidboy,563,0,0,1,True,False,True,0.0,0.0
full_coverage_complete,redmidboy,564,0,0,1,True,False,True,0.0,0.0
full_coverage_complete,redmidboy,565,0,0,1,True,False,True,0.0,0.0
full_coverage_complete,redmidboy,566,0,0,1,True,False,True,0.0,0.0
full_coverage_complete,redmidboy,567,0,0,4,True,False,True,0.0,0.0
full_coverage_complete,redmidboy,568,0,1,4,True,False,True,0.0,0.7957137201624241
full_coverage_complete,redmidboy,569,0,0,4,True,False,True,0.7223012889208011,0.7223012889208011
full_coverage_complete,redmidboy,570,0,0,4,True,False,True,0.72630557896963,0.72630557896963
full_coverage_complete,redmidboy,571,0,0,4,True,False,True,0.6982440624763459,0.6982440624763459
full_coverage_complete,redmidboy,572,0,0,4,True,False,True,0.7773381297465028,0.7773381297465028
full_coverage_complete,redmidboy,573,0,0,4,True,False,True,0.7152325159311579,0.7152325159311579
full_coverage_complete,redmidboy,574,0,0,2,True,False,True,0.7251578025264663,0.7251578025264663
full_coverage_complete,redmidboy,575,0,0,4,True,False,True,0.7630835172030429,0.7630835172030429
full_coverage_complete,redmidboy,576,0,0,4,True,False,True,0.6374793955827164,0.6374793955827164
full_coverage_complete,redmidboy,577,0,0,4,True,False,True,0.6986362937812813,0.6986362937812813
full_coverage_complete,redmidboy,579,0,0,4,True,False,True,0.8192189839475731,0.8192189839475731
full_coverage_complete,redmidboy,580,0,0,4,True,False,True,0.828737031560171,0.828737031560171
full_coverage_complete,redmidboy,581,0,0,4,True,False,True,0.7691690543382287,0.7691690543382287
full_coverage_complete,redmidboy,582,0,0,2,True,False,True,0.7986101152749124,0.7986101152749124
full_coverage_complete,redmidboy,583,0,0,4,True,False,True,0.8278805951918256,0.8278805951918256
full_coverage_complete,redmidboy,585,0,0,2,True,False,True,0.7083124356979578,0.7083124356979578
full_coverage_complete,redmidboy,590,0,0,2,True,False,True,0.8294729948545274,0.8294729948545274
full_coverage_complete,redmidboy,591,0,0,2,True,False,True,0.884974823612896,0.884974823612896
full_coverage_complete,redmidboy,592,0,0,2,True,False,True,0.8771892650322936,0.8771892650322936
full_coverage_complete,redmidboy,593,0,0,2,True,False,True,0.8688598183128886,0.8688598183128886
full_coverage_complete,redmidboy,594,0,0,2,True,False,True,0.8686977758812572,0.8686977758812572
full_coverage_complete,redmidboy,597,0,0,2,True,False,True,0.714498490300181,0.714498490300181
full_coverage_complete,redmidboy,598,0,0,2,True,False,True,0.7398132737644973,0.7398132737644973
full_coverage_complete,redmidboy,600,0,0,4,True,False,True,0.7436869431538145,0.7436869431538145
full_coverage_complete,redmidboy,601,0,0,4,True,False,True,0.6879102985153561,0.6879102985153561
full_coverage_complete,redmidboy,602,0,0,4,True,False,True,0.6308028990912977,0.6308028990912977
full_coverage_complete,redmidboy,603,0,0,4,True,False,True,0.6228063332159861,0.6228063332159861
full_coverage_complete,redmidboy,604,0,0,4,True,False,True,0.6191685984300667,0.6191685984300667
full_coverage_complete,redmidboy,605,0,0,4,True,False,True,0.6755982614400307,0.6755982614400307
full_coverage_complete,redmidboy,606,0,0,4,True,False,True,0.6970842911921535,0.6970842911921535
full_coverage_complete,redmidboy,607,0,0,4,True,False,True,0.7253764942513262,0.7253764942513262
full_coverage_complete,redmidboy,608,0,0,4,True,False,True,0.6277826675945337,0.6277826675945337
full_coverage_complete,redmidboy,609,0,0,4,True,False,True,0.7830831635411124,0.7830831635411124
full_coverage_complete,redmidboy,610,0,0,4,True,False,True,0.6845411933713718,0.6845411933713718
full_coverage_complete,redmidboy,611,0,0,2,True,False,True,0.6518444669626338,0.6518444669626338
full_coverage_complete,redmidboy,612,0,0,4,True,False,True,0.7215436679094629,0.7215436679094629
full_coverage_complete,redmidboy,613,0,0,4,True,False,True,0.6847205223056673,0.6847205223056673
full_coverage_complete,redmidboy,615,0,0,2,True,False,True,0.7433748294860882,0.7433748294860882
full_coverage_complete,redmidboy,616,0,0,4,True,False,True,0.7263908875990835,0.7263908875990835
full_coverage_complete,redmidboy,617,0,0,4,True,False,True,0.6446558572547424,0.6446558572547424
full_coverage_complete,redmidboy,618,0,0,4,True,False,True,0.686887468214831,0.686887468214831
full_coverage_complete,redmidboy,619,0,0,4,True,False,True,0.7865683653228457,0.7865683653228457
full_coverage_complete,redmidboy,620,0,0,2,True,False,True,0.7460517645953519,0.7460517645953519
full_coverage_complete,redmidboy,621,0,0,4,True,False,True,0.7555991133983179,0.7555991133983179
full_coverage_complete,redmidboy,622,0,0,4,True,False,True,0.8311853196513157,0.8311853196513157
full_coverage_complete,redmidboy,623,0,0,4,True,False,True,0.7867075879709181,0.7867075879709181
full_coverage_complete,redmidboy,624,0,0,4,True,False,True,0.7775857587019261,0.7775857587019261
full_coverage_complete,redmidboy,625,0,0,4,True,False,True,0.8213697462894783,0.8213697462894783
full_coverage_complete,redmidboy,626,0,0,2,True,False,True,0.7567474617367741,0.7567474617367741
full_coverage_complete,redmidboy,627,0,0,2,True,False,True,0.82401975466344,0.82401975466344
full_coverage_complete,redmidboy,628,0,0,4,True,False,True,0.7980538440606569,0.7980538440606569
full_coverage_complete,redmidboy,629,4,0,4,True,False,True,0.7649070144033223,0.7937018022204337
full_coverage_complete,redmidboy,630,0,0,4,True,False,True,0.7999305188933368,0.7999305188933368
full_coverage_complete,redmidboy,631,0,0,2,True,False,True,0.8734015647236432,0.8734015647236432
full_coverage_complete,redmidboy,632,0,0,2,True,False,True,0.8663973684427408,0.8663973684427408
full_coverage_complete,redmidboy,633,0,0,2,True,False,True,0.824279272771465,0.824279272771465
full_coverage_complete,redmidboy,634,0,0,2,True,False,True,0.8486610060448048,0.8486610060448048
full_coverage_complete,redmidboy,635,0,0,2,True,False,True,0.8066163164660214,0.8066163164660214
full_coverage_complete,redmidboy,636,0,0,2,True,False,True,0.8028479306222606,0.8028479306222606
full_coverage_complete,redmidboy,637,0,0,4,True,False,True,0.8227282008952413,0.8227282008952413
full_coverage_complete,redmidboy,638,0,0,4,True,False,True,0.864370269053839,0.864370269053839
full_coverage_complete,redmidboy,639,0,0,2,True,False,True,0.8403396759934865,0.8403396759934865
full_coverage_complete,redmidboy,640,0,0,2,True,False,True,0.747372549076655,0.747372549076655
full_coverage_complete,redmidboy,641,0,0,2,True,False,True,0.7983396590659451,0.7983396590659451
full_coverage_complete,redmidboy,642,0,0,2,True,False,True,0.7998098282218072,0.7998098282218072
full_coverage_complete,redmidboy,643,0,0,2,True,False,True,0.8319729112339616,0.8319729112339616
full_coverage_complete,redmidboy,644,0,0,4,True,False,True,0.7782902451697554,0.7782902451697554
full_coverage_complete,redmidboy,645,0,0,4,True,False,True,0.8578431470709211,0.8578431470709211
full_coverage_complete,redmidboy,646,0,0,4,True,False,True,0.8028873830551321,0.8028873830551321
full_coverage_complete,redmidboy,647,0,0,2,True,False,True,0.7903400308934796,0.7903400308934796
full_coverage_complete,redmidboy,649,0,0,4,True,False,True,0.8462787087541016,0.8462787087541016
full_coverage_complete,redmidboy,650,0,0,4,True,False,True,0.7855118847014968,0.7855118847014968
full_coverage_complete,redmidboy,651,0,0,2,True,False,True,0.7705170068358895,0.7705170068358895
full_coverage_complete,redmidboy,652,0,0,2,True,False,True,0.7558164573259889,0.7558164573259889
full_coverage_complete,redmidboy,653,0,0,2,True,False,True,0.7241298395836173,0.7241298395836173
full_coverage_complete,redmidboy,654,0,0,4,True,False,True,0.7841806897598912,0.7841806897598912
full_coverage_complete,redmidboy,655,4,2,4,True,False,True,0.732784866418887,0.0
full_coverage_complete,redmidboy,656,0,0,5,True,False,True,0.0,0.0
full_coverage_complete,redmidboy,657,0,0,4,True,False,True,0.12509485698702985,0.12509485698702985
full_coverage_complete,redmidboy,658,0,0,4,True,False,True,0.3756084169640812,0.3756084169640812
full_coverage_complete,redmidboy,659,4,1,4,True,False,True,0.1375912832383714,0.16181673982837405
full_coverage_complete,redmidboy,660,0,0,2,True,False,True,0.2847670609881764,0.2847670609881764
full_coverage_complete,redmidboy,661,0,0,4,True,False,True,0.3079372041174743,0.3079372041174743
full_coverage_complete,redroadlatboy,261,0,0,4,True,False,True,0.9057646450056436,0.9057646450056436
full_coverage_complete,redroadlatboy,263,0,0,2,True,False,True,0.8417283119773258,0.8417283119773258
full_coverage_complete,redroadlatboy,273,0,0,4,True,False,True,0.6571219814266703,0.6571219814266703
full_coverage_complete,redroadlatboy,274,0,0,4,True,False,True,0.7438566085862468,0.7438566085862468
full_coverage_complete,redroadlatboy,276,0,0,4,True,False,True,0.8108684267252916,0.8108684267252916
full_coverage_complete,redroadlatboy,286,0,0,2,True,False,True,0.7936181385029771,0.7936181385029771
full_coverage_complete,redroadlatboy,287,0,0,4,True,False,True,0.67158326791302,0.67158326791302
full_coverage_complete,redroadlatboy,289,0,0,2,True,False,True,0.7972434035792648,0.7972434035792648
full_coverage_complete,redroadlatboy,290,0,0,2,True,False,True,0.9012582707833019,0.9012582707833019
full_coverage_complete,redroadlatboy,291,0,0,4,True,False,True,0.9179948158955131,0.9179948158955131
full_coverage_complete,redroadlatboy,292,0,0,2,True,False,True,0.7272055566833121,0.7272055566833121
full_coverage_complete,redroadlatboy,293,0,0,4,True,False,True,0.7895681763847616,0.7895681763847616
full_coverage_complete,redroadlatboy,294,0,0,4,True,False,True,0.8853671560975273,0.8853671560975273
full_coverage_complete,redroadlatboy,295,0,0,4,True,False,True,0.8769993000584133,0.8769993000584133
full_coverage_complete,redroadlatboy,296,0,0,4,True,False,True,0.8393498238988127,0.8393498238988127
full_coverage_complete,redroadlatboy,297,0,0,4,True,False,True,0.8917207671715969,0.8917207671715969
full_coverage_complete,redroadlatboy,298,0,0,4,True,False,True,0.8757184946212141,0.8757184946212141
full_coverage_complete,redroadlatboy,299,4,1,4,True,False,True,0.9303236512355909,0.8805118542652959
full_coverage_complete,redroadlatboy,300,0,0,2,True,False,True,0.8577475678023871,0.8577475678023871
full_coverage_complete,redroadlatboy,301,0,0,5,True,False,True,0.8388607370201447,0.8388607370201447
full_coverage_complete,redroadlatboy,302,0,0,4,True,False,True,0.9041248515531205,0.9041248515531205
full_coverage_complete,redroadlatboy,303,0,0,4,True,False,True,0.9096366078352051,0.9096366078352051
full_coverage_complete,redroadlatboy,304,4,1,4,True,False,True,0.9175894336566869,0.8527661430099015
full_coverage_complete,redroadlatboy,340,0,0,4,True,False,True,0.881227129543317,0.881227129543317
full_coverage_complete,redroadlatboy,351,0,0,1,True,False,True,0.9225135997983918,0.9225135997983918
full_coverage_complete,redroadlatboy,352,1,0,1,True,False,True,0.835714805478829,0.0
full_coverage_complete,redroadlatboy,353,0,2,1,True,False,True,0.0,0.8470228440001425
full_coverage_complete,redroadlatboy,354,0,0,5,True,False,True,0.8599433399000588,0.0
full_coverage_complete,redroadlatboy,355,1,0,1,True,False,True,0.0,0.0
full_coverage_complete,redroadlatboy,356,1,0,1,True,False,True,0.0,0.0
full_coverage_complete,redroadlatboy,357,0,0,2,True,False,True,0.0,0.0
full_coverage_complete,redroadlatboy,358,0,0,2,True,False,True,0.0,0.0
full_coverage_complete,redroadlatboy,359,0,0,2,True,False,True,0.0,0.0
full_coverage_complete,redroadlatboy,360,0,0,2,True,False,True,0.0,0.0
full_coverage_complete,redroadlatboy,361,0,0,2,True,False,True,0.0,0.0
full_coverage_complete,redroadlatboy,362,0,0,2,True,False,True,0.0,0.0
full_coverage_complete,redroadlatboy,364,0,0,2,True,False,True,0.0,0.0
full_coverage_complete,redroadlatboy,365,0,0,2,True,False,True,0.0,0.0
full_coverage_complete,redroadlatboy,366,0,0,2,True,False,True,0.0,0.0
full_coverage_complete,redroadlatboy,367,4,1,4,True,False,True,0.0,0.0
full_coverage_complete,redroadlatboy,370,0,1,4,True,False,True,0.0,0.0
full_coverage_complete,redroadlatboy,371,4,0,4,True,False,True,0.0,0.0
full_coverage_complete,redroadlatboy,372,5,1,5,True,False,True,0.0,0.0
full_coverage_complete,redroadlatboy,376,0,0,2,True,False,True,0.0,0.0
full_coverage_complete,redroadlatboy,377,4,1,4,True,False,True,0.0,0.0
full_coverage_complete,redroadlatboy,379,0,0,2,True,False,True,0.0,0.0
full_coverage_complete,redroadlatboy,380,4,0,4,True,False,True,0.0,0.0
full_coverage_complete,redroadlatboy,381,0,0,2,True,False,True,0.0,0.0
full_coverage_complete,redroadlatboy,382,4,0,4,True,False,True,0.0,0.0
full_coverage_complete,redroadlatboy,383,5,0,5,True,False,True,0.0,0.0
full_coverage_complete,redroadlatboy,384,0,0,2,True,False,True,0.0,0.0
full_coverage_complete,redroadlatboy,385,0,0,2,True,False,True,0.0,0.0
full_coverage_complete,redroadlatboy,386,0,0,2,True,False,True,0.0,0.0
full_coverage_complete,redroadlatboy,387,4,3,4,True,False,True,0.0,0.0
full_coverage_complete,redroadlatboy,388,5,0,5,True,False,True,0.0,0.0
full_coverage_complete,redroadlatboy,389,0,0,2,True,False,True,0.0,0.0
full_coverage_complete,redroadlatboy,390,0,0,2,True,False,True,0.0,0.0
full_coverage_complete,redroadlatboy,391,0,3,2,True,False,True,0.0,0.8492366691008227
full_coverage_complete,redroadlatboy,396,0,0,4,True,False,True,0.8243014050628192,0.8243014050628192
full_coverage_complete,redroadlatboy,397,0,0,4,True,False,True,0.7678385248474059,0.7678385248474059
full_coverage_complete,redroadlatboy,398,0,2,4,True,False,True,0.8242667103432889,0.0
full_coverage_complete,redroadlatboy,399,0,1,0,False,False,True,0.0,0.7842206851972505
full_coverage_complete,redroadlatboy,400,0,0,5,True,False,True,0.8109241371632642,0.8109241371632642
full_coverage_complete,redroadlatboy,401,0,0,4,True,False,True,0.7766911099070715,0.7766911099070715
full_coverage_complete,redroadlatboy,402,0,0,4,True,False,True,0.7969352455091133,0.7969352455091133
full_coverage_complete,redroadlatboy,403,0,0,4,True,False,True,0.6727419125345339,0.6727419125345339
full_coverage_complete,redroadlatboy,404,0,1,2,True,False,True,0.6811014763786633,0.0
full_coverage_complete,redroadlatboy,406,4,0,4,True,False,True,0.0,0.0
full_coverage_complete,redroadlatboy,407,0,0,2,True,False,True,0.0,0.0
full_coverage_complete,redroadlatboy,408,0,0,2,True,False,True,0.0,0.0
full_coverage_complete,redroadlatboy,409,4,0,4,True,False,True,0.0,0.0
full_coverage_complete,redroadlatboy,410,0,1,2,True,False,True,0.0,0.0
full_coverage_complete,redroadlatboy,411,1,0,1,True,False,True,0.0,0.0
full_coverage_complete,redroadlatboy,412,0,0,4,True,False,True,0.0,0.0
full_coverage_complete,redroadlatboy,413,0,1,4,True,False,True,0.0,0.0
full_coverage_complete,redroadlatboy,414,6,0,6,True,False,True,0.0,0.0
full_coverage_complete,redroadlatboy,416,4,0,4,True,False,True,0.0,0.0
full_coverage_complete,redroadlatboy,417,4,1,4,True,False,True,0.0,0.0
full_coverage_complete,redroadlatboy,418,0,0,4,True,False,True,0.0,0.0
full_coverage_complete,redroadlatboy,419,0,0,4,True,False,True,0.0,0.0
full_coverage_complete,redroadlatboy,420,0,0,5,True,False,True,0.0,0.0
full_coverage_complete,redroadlatboy,421,0,0,5,True,False,True,0.0,0.0
full_coverage_complete,redroadlatboy,422,0,0,5,True,False,True,0.0,0.0
full_coverage_complete,redroadlatboy,423,0,1,5,True,False,True,0.0,0.0
full_coverage_complete,redroadlatboy,427,5,0,5,True,False,True,0.0,0.0
full_coverage_complete,redroadlatboy,428,0,1,0,False,False,True,0.0,0.0
full_coverage_complete,redroadlatboy,450,0,1,2,True,False,True,0.0,0.0
full_coverage_complete,redroadlatboy,454,0,0,2,True,False,True,0.0,0.0
full_coverage_complete,redroadlatboy,455,6,3,6,True,False,True,0.0,0.0
full_coverage_complete,redroadlatboy,490,0,0,4,True,False,True,0.0,0.0
full_coverage_complete,redroadlatboy,497,0,0,4,True,False,True,0.0,0.0
full_coverage_complete,redroadlatboy,511,0,0,2,True,False,True,0.0,0.0
full_coverage_complete,redroadlatboy,512,0,0,5,True,False,True,0.0,0.0
full_coverage_complete,redroadlatboy,513,0,1,5,True,False,True,0.0,0.0
full_coverage_complete,redroadlatboy,516,0,1,2,True,False,True,0.0,0.0
full_coverage_complete,redroadlatboy,517,0,0,5,True,False,True,0.0,0.0
full_coverage_complete,redroadlatboy,518,0,0,5,True,False,True,0.0,0.0
full_coverage_complete,redroadlatboy,519,0,0,5,True,False,True,0.0,0.0
full_coverage_complete,redroadlatboy,520,5,0,5,True,False,True,0.0,0.0
full_coverage_complete,redroadlatboy,521,0,0,5,True,False,True,0.0,0.0
full_coverage_complete,redroadlatboy,522,0,0,4,True,False,True,0.0,0.0
full_coverage_complete,redroadlatboy,523,4,2,4,True,False,True,0.0,0.0
full_coverage_complete,redroadlatboy,532,0,0,1,True,False,True,0.0,0.0
full_coverage_complete,redroadlatboy,533,0,0,4,True,False,True,0.0,0.0
full_coverage_complete,redroadlatboy,535,0,1,0,False,False,True,0.0,0.0
full_coverage_complete,redroadlatboy,536,0,1,5,True,False,True,0.0,0.0
full_coverage_complete,redroadlatboy,538,0,1,0,False,False,True,0.0,0.0
full_coverage_complete,redroadlatboy,542,0,0,4,True,False,True,0.0,0.0
full_coverage_complete,redroadlatboy,544,0,0,4,True,False,True,0.0,0.0
full_coverage_complete,redroadlatboy,545,0,0,5,True,False,True,0.0,0.0
full_coverage_complete,redroadlatboy,546,0,0,4,True,False,True,0.0,0.0
full_coverage_complete,redroadlatboy,548,0,0,4,True,False,True,0.0,0.0
full_coverage_complete,redroadlatboy,549,0,0,4,True,False,True,0.0,0.0
full_coverage_complete,redroadlatboy,550,0,0,4,True,False,True,0.0,0.0
full_coverage_complete,redroadlatboy,551,0,0,4,True,False,True,0.0,0.0
full_coverage_complete,redroadlatboy,552,0,0,4,True,False,True,0.0,0.0
full_coverage_complete,redroadlatboy,553,0,0,4,True,False,True,0.0,0.0
full_coverage_complete,redroadlatboy,554,0,0,4,True,False,True,0.0,0.0
full_coverage_complete,redroadlatboy,555,0,0,4,True,False,True,0.0,0.0
full_coverage_complete,redroadlatboy,556,0,0,4,True,False,True,0.0,0.0
full_coverage_complete,redroadlatboy,557,0,0,5,True,False,True,0.0,0.0
full_coverage_complete,redroadlatboy,565,0,0,5,True,False,True,0.0,0.0
full_coverage_complete,redroadlatboy,566,0,0,4,True,False,True,0.0,0.0
full_coverage_complete,redroadlatboy,567,0,0,4,True,False,True,0.0,0.0
full_coverage_complete,redroadlatboy,573,0,0,4,True,False,True,0.0,0.0
full_coverage_complete,redroadlatboy,574,0,0,4,True,False,True,0.0,0.0
full_coverage_complete,redroadlatboy,575,0,0,5,True,False,True,0.0,0.0
full_coverage_complete,redroadlatboy,578,4,3,4,True,False,True,0.0,0.0
full_coverage_complete,redroadlatboy,581,0,0,4,True,False,True,0.0,0.0
full_coverage_complete,redroadlatboy,582,0,0,4,True,False,True,0.0,0.0
full_coverage_complete,redroadlatboy,584,0,0,4,True,False,True,0.0,0.0
full_coverage_complete,redroadlatboy,588,0,1,0,False,False,True,0.0,0.0
full_coverage_complete,redroadlatboy,589,0,1,5,True,False,True,0.0,0.0
full_coverage_complete,redroadlatboy,590,5,0,5,True,False,True,0.0,0.0
full_coverage_complete,redroadlatboy,591,0,0,5,True,False,True,0.0,0.9483261795015953
full_coverage_complete,redroadlatboy,592,0,0,5,True,False,True,0.7897115936313962,0.0
full_coverage_complete,redroadlatboy,593,0,0,4,True,False,True,0.0,0.8087311961165854
full_coverage_complete,redroadlatboy,594,0,0,5,True,False,True,0.0,0.0
full_coverage_complete,redroadlatboy,595,0,0,4,True,False,True,0.0,0.0
full_coverage_complete,redroadlatboy,596,0,0,4,True,False,True,0.0,0.0
full_coverage_complete,redroadlatboy,597,4,1,4,True,False,True,0.10664054531878354,0.025711531130818872
full_coverage_complete,redroadlatboy,598,0,0,4,True,False,True,0.6812037214781815,0.6812037214781815
full_coverage_complete,redroadlatboy,599,0,1,2,True,False,True,0.018719512870867833,0.0
full_coverage_complete,redroadlatboy,601,0,0,4,True,False,True,0.0,0.0
full_coverage_complete,redroadlatboy,602,0,0,4,True,False,True,0.0,0.0
full_coverage_complete,redroadlatboy,603,0,0,4,True,False,True,0.0,0.0
full_coverage_complete,redroadlatboy,604,0,1,4,True,False,True,0.0,0.0
full_coverage_complete,redroadlatboy,605,0,0,4,True,False,True,0.0,0.0
full_coverage_complete,redroadlatboy,606,0,1,2,True,False,True,0.0,0.0
full_coverage_complete,redroadlatboy,607,0,0,5,True,False,True,0.0,0.0
full_coverage_complete,redroadlatboy,608,0,0,4,True,False,True,0.0,0.0
full_coverage_complete,redroadlatboy,609,0,0,4,True,False,True,0.0,0.0
full_coverage_complete,redroadlatboy,610,0,0,4,True,False,True,0.0,0.0
full_coverage_complete,redroadlatboy,611,0,0,4,True,False,True,0.0,0.0
full_coverage_complete,redroadlatboy,612,0,0,4,True,False,True,0.0,0.0
full_coverage_complete,redroadlatboy,613,0,0,4,True,False,True,0.0,0.0
full_coverage_complete,redroadlatboy,614,0,0,4,True,False,True,0.0,0.0
full_coverage_complete,redroadlatboy,615,0,1,4,True,False,True,0.0,0.0
full_coverage_complete,redroadlatboy,616,0,0,1,True,False,True,0.0,0.0
full_coverage_complete,redroadlatboy,617,0,0,4,True,False,True,0.0,0.0
full_coverage_complete,redroadlatboy,618,4,1,4,True,False,True,0.0,0.0
full_coverage_complete,redroadlatboy,620,0,0,5,True,False,True,0.0,0.0
full_coverage_complete,redroadlatboy,621,0,1,0,False,False,True,0.0,0.0
full_coverage_complete,redroadlatboy,635,0,0,4,True,False,True,0.0,0.0
full_coverage_complete,redroadlatboy,636,0,0,5,True,False,True,0.0,0.0
full_coverage_complete,redroadlatboy,637,0,1,0,False,False,True,0.0,0.0
full_coverage_complete,redroadlatboy,640,0,0,4,True,False,True,0.0,0.0
full_coverage_complete,redroadlatboy,641,0,0,5,True,False,True,0.0,0.0
full_coverage_complete,redroadlatboy,643,4,1,4,True,False,True,0.0,0.0
full_coverage_complete,redroadlatboy,650,0,0,4,True,False,True,0.0,0.0
full_coverage_complete,redroadlatboy,651,0,0,4,True,False,True,0.0,0.0
full_coverage_complete,redroadlatboy,652,0,0,4,True,False,True,0.0,0.0
full_coverage_complete,redroadlatboy,653,0,0,4,True,False,True,0.0,0.0
full_coverage_complete,redroadlatboy,655,4,1,4,True,False,True,0.0,0.0
full_coverage_complete,redroadlatboy,656,0,0,5,True,False,True,0.0,0.0
full_coverage_complete,redroadlatboy,663,0,0,4,True,False,True,0.0,0.0
full_coverage_complete,redroadlatboy,664,0,0,4,True,False,True,0.0,0.0
full_coverage_complete,redroadlatboy,665,0,0,4,True,False,True,0.0,0.0
full_coverage_complete,redroadlatboy,667,0,0,4,True,False,True,0.0,0.0
full_coverage_complete,redroadlatboy,672,0,1,5,True,False,True,0.0,0.0
full_coverage_complete,redroadlatboy,673,0,0,5,True,False,True,0.0,0.0
full_coverage_complete,redroadlatboy,674,0,1,2,True,False,True,0.0,0.0
full_coverage_complete,redroadlatboy,680,0,0,4,True,False,True,0.0,0.0
full_coverage_complete,redroadlatboy,681,0,0,4,True,False,True,0.0,0.0
full_coverage_complete,redroadlatboy,682,4,1,4,True,False,True,0.0,0.0
full_coverage_complete,redroadlatboy,684,5,1,5,True,False,True,0.0,0.0
full_coverage_complete,redroadlatboy,685,4,2,4,True,False,True,0.0,0.0
full_coverage_complete,redroadlatboy,687,1,0,1,True,False,True,0.0,0.0
full_coverage_complete,redroadlatboy,688,5,0,5,True,False,True,0.0,0.0
full_coverage_complete,redroadlatboy,689,0,0,5,True,False,True,0.0,0.0
full_coverage_complete,redroadlatboy,690,0,1,4,True,False,True,0.0,0.0
full_coverage_complete,redroadlatboy,691,0,0,5,True,False,True,0.0,0.0
full_coverage_complete,redroadlatboy,692,0,0,5,True,False,True,0.0,0.0
full_coverage_complete,redroadlatboy,693,0,1,4,True,False,True,0.0,0.0
full_coverage_complete,redroadlatboy,694,1,2,1,True,False,True,0.0,0.0
full_coverage_complete,redroadlatboy,695,0,0,5,True,False,True,0.0,0.0
full_coverage_complete,redroadlatboy,696,0,0,4,True,False,True,0.0,0.0
full_coverage_complete,redroadlatboy,697,0,0,4,True,False,True,0.0,0.0
full_coverage_complete,redroadlatboy,698,0,0,4,True,False,True,0.0,0.0
full_coverage_complete,redroadlatboy,699,0,0,4,True,False,True,0.0,0.0
full_coverage_complete,redroadlatboy,700,0,0,4,True,False,True,0.0,0.0
full_coverage_complete,redroadlatboy,701,0,0,4,True,False,True,0.0,0.0
full_coverage_complete,redroadlatboy,702,0,0,4,True,False,True,0.0,0.0
full_coverage_complete,redroadlatboy,703,0,0,4,True,False,True,0.0,0.0
full_coverage_complete,redroadlatboy,704,0,0,4,True,False,True,0.0,0.0
full_coverage_complete,redroadlatboy,706,0,0,4,True,False,True,0.0,0.0
full_coverage_complete,redroadlatboy,707,4,1,4,True,False,True,0.0,0.0
full_coverage_complete,redroadlatboy,708,4,0,4,True,False,True,0.0,0.0
full_coverage_complete,redroadlatboy,709,0,0,5,True,False,True,0.0,0.0
full_coverage_complete,redroadlatboy,713,0,1,5,True,False,True,0.0,0.0
full_coverage_complete,redroadlatboy,714,0,0,5,True,False,True,0.0,0.0
full_coverage_complete,redroadlatboy,715,0,0,4,True,False,True,0.0,0.0
full_coverage_complete,redroadlatboy,716,0,0,4,True,False,True,0.0,0.0
full_coverage_complete,redroadlatboy,717,0,0,4,True,False,True,0.0,0.0
full_coverage_complete,redroadlatboy,718,0,0,5,True,False,True,0.0,0.0
full_coverage_complete,redroadlatboy,719,0,0,4,True,False,True,0.0,0.0
full_coverage_complete,redroadlatboy,720,0,0,4,True,False,True,0.0,0.0
full_coverage_complete,redroadlatboy,722,4,2,4,True,False,True,0.0,0.0
full_coverage_complete,redroadlatboy,723,0,0,4,True,False,True,0.0,0.0
full_coverage_complete,redroadlatboy,724,0,0,4,True,False,True,0.0,0.0
full_coverage_complete,redroadlatboy,725,0,0,4,True,False,True,0.0,0.0
full_coverage_complete,right2ndflagformath,152,0,0,1,True,False,True,0.0,0.0
full_coverage_complete,right2ndflagformath,153,0,0,2,True,False,True,0.0,0.0
full_coverage_complete,right2ndflagformath,154,2,0,2,True,False,True,0.0,0.3465156301187131
full_coverage_complete,right2ndflagformath,155,0,0,1,True,False,True,0.558626122853033,0.558626122853033
full_coverage_complete,right2ndflagformath,156,0,0,1,True,False,True,0.7098913424838292,0.7098913424838292
full_coverage_complete,right2ndflagformath,157,0,0,0,False,False,True,0.791387924625891,0.0
full_coverage_complete,right2ndflagformath,181,0,0,2,True,False,True,0.0,0.0
full_coverage_complete,right2ndflagformath,183,0,0,1,True,False,True,0.7165802820600014,0.0
full_coverage_complete,right2ndflagformath,184,0,0,5,True,False,True,0.0,0.0
full_coverage_complete,right2ndflagformath,185,0,0,2,True,False,True,0.0,0.0
full_coverage_complete,right2ndflagformath,189,0,0,2,True,False,True,0.0,0.0
full_coverage_complete,right2ndflagformath,190,0,0,4,True,False,True,0.0,0.0
full_coverage_complete,right2ndflagformath,191,0,0,1,True,False,True,0.0,0.0
full_coverage_complete,right2ndflagformath,192,5,0,5,True,False,True,0.0,0.0
full_coverage_complete,right2ndflagformath,193,0,0,5,True,False,True,0.0,0.0
full_coverage_complete,right2ndflagformath,194,0,0,4,True,False,True,0.0,0.0
full_coverage_complete,right2ndflagformath,196,0,0,0,False,False,True,0.0,0.6110908775730115
full_coverage_complete,right2ndflagformath,217,0,0,2,True,False,True,0.6873878459382081,0.0
full_coverage_complete,right2ndflagformath,285,0,0,2,True,False,True,0.0,0.0
full_coverage_complete,right2ndflagformath,286,0,0,2,True,False,True,0.0,0.0
full_coverage_complete,right2ndflagformath,290,0,0,2,True,False,True,0.0,0.0
full_coverage_complete,right2ndflagformath,298,0,0,5,True,False,True,0.08428494021868335,0.08428494021868335
full_coverage_complete,right2ndflagformath,299,0,0,5,True,False,True,0.08687025498448657,0.08687025498448657
full_coverage_complete,right2ndflagformath,300,0,0,5,True,False,True,0.1531744481558479,0.1531744481558479
full_coverage_complete,right2ndflagformath,302,0,0,2,True,False,True,0.17075600614595646,0.17075600614595646
full_coverage_complete,right2ndflagformath,303,0,0,5,True,False,True,0.27965055620889817,0.27965055620889817
full_coverage_complete,right2ndflagformath,305,0,0,5,True,False,True,0.2559479740868492,0.2559479740868492
full_coverage_complete,right2ndflagformath,306,0,0,5,True,False,True,0.2539983198389285,0.2539983198389285
full_coverage_complete,right2ndflagformath,307,0,0,5,True,False,True,0.3554852990936779,0.3554852990936779
full_coverage_complete,right2ndflagformath,308,0,0,1,True,False,True,0.3418483989195025,0.3418483989195025
full_coverage_complete,right2ndflagformath,309,0,0,2,True,False,True,0.37655505061957256,0.37655505061957256
full_coverage_complete,right2ndflagformath,310,0,0,5,True,False,True,0.39956085275716935,0.39956085275716935
full_coverage_complete,right2ndflagformath,311,0,0,1,True,False,True,0.3256056890925365,0.3256056890925365
full_coverage_complete,right2ndflagformath,312,0,0,2,True,False,True,0.40917707164931855,0.40917707164931855
full_coverage_complete,right2ndflagformath,314,0,0,1,True,False,True,0.38836823506182383,0.38836823506182383
full_coverage_complete,right2ndflagformath,315,0,0,5,True,False,True,0.4415415740969361,0.4415415740969361
full_coverage_complete,right2ndflagformath,317,0,0,5,True,False,True,0.31153664612134263,0.31153664612134263
full_coverage_complete,right2ndflagformath,318,5,0,5,True,False,True,0.33947746186420913,0.433549030156926
full_coverage_complete,right2ndflagformath,320,0,0,1,True,False,True,0.29508589974575633,0.29508589974575633
full_coverage_complete,right2ndflagformath,325,0,0,2,True,False,True,0.15831026802279063,0.15831026802279063
full_coverage_complete,right2ndflagformath,326,0,0,2,True,False,True,0.09426280690156222,0.09426280690156222
full_coverage_complete,right2ndflagformath,327,0,0,2,True,False,True,0.04597559687542327,0.04597559687542327
full_coverage_complete,right2ndflagformath,628,1,0,1,True,False,True,0.8162371922685066,0.838526231888113
full_coverage_complete,right2ndflagformath,629,0,0,0,False,False,True,0.820865654903431,0.11139695873453312
full_coverage_complete,right2ndflagformath,630,0,0,1,True,False,True,0.0,0.0
full_coverage_complete,right2ndflagformath,641,1,0,1,True,False,True,0.0,0.7751241220349158
full_coverage_complete,right2ndflagformath,649,0,0,1,True,False,True,0.7927586659186295,0.7927586659186295
full_coverage_complete,right2ndflagformath,661,0,0,2,True,False,True,0.8615215332207964,0.8615215332207964
full_coverage_complete,right2ndflagformath,662,0,0,2,True,False,True,0.8768054430857218,0.8768054430857218
full_coverage_complete,right2ndflagformath,680,0,1,2,True,False,True,0.7942981620983862,0.7942981620983862
full_coverage_complete,right2ndflagformath,683,0,0,2,True,False,True,0.9255763306281494,0.9255763306281494
full_coverage_complete,right2ndflagformath,698,0,0,2,True,False,True,0.5551569308722705,0.5551569308722705
full_coverage_complete,right2ndflagformath,726,0,0,2,True,False,True,0.6195423430085354,0.6195423430085354
full_coverage_complete,right2ndflagformath,727,0,0,2,True,False,True,0.5513456162360181,0.5513456162360181
full_coverage_complete,right2ndflagformath,728,0,0,2,True,False,True,0.5353545313563326,0.5353545313563326
full_coverage_complete,right2ndflagformath,729,0,0,2,True,False,True,0.500310041376028,0.500310041376028
full_coverage_complete,right2ndflagformath,730,0,0,2,True,False,True,0.5241197227574265,0.5241197227574265
full_coverage_complete,right2ndflagformath,748,0,0,2,True,False,True,0.5936511429358414,0.5936511429358414
full_coverage_complete,right2ndflagformath,750,0,0,2,True,False,True,0.5842793792529541,0.5842793792529541
full_coverage_complete,right2ndflagformath,751,0,0,2,True,False,True,0.5848658709021981,0.5848658709021981
full_coverage_complete,right2ndflagformath,752,5,0,5,True,False,True,0.5832041775198333,0.5945391626302966
full_coverage_complete,right2ndflagformath,753,0,0,2,True,False,True,0.5666019735680202,0.5666019735680202
full_coverage_complete,right2ndflagformath,755,2,1,2,True,False,True,0.6085839516582282,0.3378014414632503
full_coverage_complete,right2ndflagformath,756,0,0,5,True,False,True,0.4985032003599453,0.4985032003599453
full_coverage_complete,right2ndflagformath,757,0,0,4,True,False,True,0.5334492390890117,0.0
full_coverage_complete,right2ndflagformath,789,0,0,1,True,False,True,0.0,0.0
full_coverage_complete,right2ndflagformath,790,0,0,4,True,False,True,0.0,0.0
full_coverage_complete,right2ndflagformath,791,0,0,1,True,False,True,0.0,0.0
full_coverage_complete,right2ndflagformath,795,0,0,1,True,False,True,0.0,0.0
full_coverage_complete,right2ndflagformath,801,0,0,2,True,False,True,0.0,0.0
full_coverage_complete,right2ndflagformath,802,0,0,1,True,False,True,0.0,0.0
full_coverage_complete,right2ndflagformath,806,0,0,2,True,False,True,0.0,0.0
full_coverage_complete,right2ndflagformath,807,0,0,2,True,False,True,0.0,0.0
full_coverage_complete,right2ndflagformath,809,0,0,2,True,False,True,0.0,0.0
full_coverage_complete,right2ndflagformath,810,0,0,2,True,False,True,0.0,0.4900182535320078
full_coverage_complete,right2ndflagformath,812,0,0,5,True,False,True,0.5764184056420878,0.5764184056420878
full_coverage_complete,right2ndflagformath,813,5,0,5,True,False,True,0.6999509800261163,0.6625633014261266
full_coverage_complete,right2ndflagformath,814,5,0,5,True,False,True,0.8421078275413527,0.7356731058348194
full_coverage_complete,right2ndflagformath,825,0,0,4,True,False,True,0.8575518065812078,0.8575518065812078
full_coverage_complete,right2ndflagformath,834,4,1,4,True,False,True,0.6753755441416622,0.7389400617049242
full_coverage_complete,right2ndflagformath,835,4,1,4,True,False,True,0.6121154101706494,0.6652926422465286
full_coverage_complete,right2ndflagformath,836,0,0,4,True,False,True,0.6835961074673715,0.6835961074673715
full_coverage_complete,right2ndflagformath,837,0,0,5,True,False,True,0.5902635719014409,0.5902635719014409
full_coverage_complete,right2ndflagformath,838,0,0,4,True,False,True,0.7728193496049147,0.7728193496049147
full_coverage_complete,right2ndflagformath,839,5,0,5,True,False,True,0.6929562573424309,0.7493719645512478
full_coverage_complete,right2ndflagformath,840,0,0,4,True,False,True,0.7695912904745367,0.7695912904745367
full_coverage_complete,right2ndflagformath,841,0,0,5,True,False,True,0.639467018634277,0.639467018634277
full_coverage_complete,right2ndflagformath,842,0,0,4,True,False,True,0.20149283224908376,0.20149283224908376
full_coverage_complete,right2ndflagformath,849,0,0,4,True,False,True,0.0,0.0
full_coverage_complete,right2ndflagformath,850,0,0,1,True,False,True,0.0,0.0
full_coverage_complete,right2ndflagformath,853,0,1,1,True,False,True,0.0,0.0
full_coverage_complete,right2ndflagformath,854,0,0,1,True,False,True,0.0,0.0
full_coverage_complete,right2ndflagformath,866,0,0,5,True,False,True,0.0,0.0
full_coverage_complete,right2ndflagformath,867,0,0,2,True,False,True,0.0,0.6438171703047972
full_coverage_complete,right2ndflagformath,868,5,0,5,True,False,True,0.6407327423900673,0.0
full_coverage_complete,right2ndflagformath,869,0,0,5,True,False,True,0.0,0.0
full_coverage_complete,right2ndflagformath,870,2,0,2,True,False,True,0.0,0.8024254545796778
full_coverage_complete,right2ndflagformath,874,0,0,5,True,False,True,0.8090429257575739,0.8090429257575739
full_coverage_complete,right2ndflagformath,877,0,0,4,True,False,True,0.9194735335583267,0.9194735335583267
full_coverage_complete,right2ndflagformath,886,0,0,2,True,False,True,0.9156096757543233,0.9156096757543233
full_coverage_complete,right2ndflagformath,888,0,0,4,True,False,True,0.8787409910856201,0.8787409910856201
full_coverage_complete,right2ndflagformath,889,4,0,4,True,False,True,0.8081652076986161,0.8795761750153215
full_coverage_complete,right2ndflagformath,890,0,0,2,True,False,True,0.7709541367183923,0.7709541367183923
full_coverage_complete,right2ndflagformath,892,4,1,4,True,False,True,0.8254398028775054,0.8385195125561028
full_coverage_complete,right2ndflagformath,894,2,1,2,True,False,True,0.7455779380305972,0.5597464122960423
full_coverage_complete,right2ndflagformath,914,0,0,2,True,False,True,0.06398544751807306,0.06398544751807306
full_coverage_complete,right2ndflagformath,915,0,0,4,True,False,True,0.07628749269009898,0.07628749269009898
full_coverage_complete,right2ndflagformath,917,0,0,4,True,False,True,0.14906613910358604,0.14906613910358604
full_coverage_complete,right2ndflagformath,918,0,0,1,True,False,True,0.18246824770590045,0.18246824770590045
full_coverage_complete,right2ndflagformath,919,0,0,4,True,False,True,0.2389448097184743,0.2389448097184743
full_coverage_complete,right2ndflagformath,920,0,0,4,True,False,True,0.22046152415858414,0.22046152415858414
full_coverage_complete,right2ndflagformath,921,5,4,5,True,False,True,0.3136858079945598,0.6857158336398976
full_coverage_complete,right2ndflagformath,922,0,0,1,True,False,True,0.6323911194158466,0.6323911194158466
full_coverage_complete,right2ndflagformath,923,0,0,2,True,False,True,0.541003066415808,0.541003066415808
full_coverage_complete,right2ndflagformath,924,4,1,4,True,False,True,0.5408616083420861,0.49730728471410646
full_coverage_complete,right2ndflagformath,925,0,0,2,True,False,True,0.5028668978386701,0.5028668978386701
full_coverage_complete,right2ndflagformath,926,0,0,4,True,False,True,0.4486240338051741,0.4486240338051741
full_coverage_complete,right2ndflagformath,927,0,0,4,True,False,True,0.45298143754331716,0.45298143754331716
full_coverage_complete,right2ndflagformath,928,1,0,1,True,False,True,0.5106494674969843,0.6026299196457934
full_coverage_complete,right2ndflagformath,929,4,0,4,True,False,True,0.42292464655997764,0.6772749214356945
full_coverage_complete,right2ndflagformath,930,0,0,2,True,False,True,0.546409964667875,0.546409964667875
full_coverage_complete,right2ndflagformath,931,0,0,5,True,False,True,0.6076976291783346,0.6076976291783346
full_coverage_complete,right2ndflagformath,932,4,1,4,True,False,True,0.5911924545694904,0.7148204968421202
full_coverage_complete,right2ndflagformath,933,0,0,1,True,False,True,0.5597404901898111,0.5597404901898111
full_coverage_complete,right2ndflagformath,934,2,0,2,True,False,True,0.7457431027409052,0.6899687777248029
full_coverage_complete,right2ndflagformath,935,0,0,2,True,False,True,0.8001213675466685,0.8001213675466685
full_coverage_complete,right2ndflagformath,936,2,2,2,True,False,True,0.8801077101036058,0.4565420924557154
full_coverage_complete,right2ndflagformath,939,1,2,1,True,False,True,0.840262269129572,0.8055025464408356
full_coverage_complete,right2ndflagformath,941,0,0,1,True,False,True,0.7268604396685887,0.7268604396685887
full_coverage_complete,right2ndflagformath,942,4,0,4,True,False,True,0.6055442605886133,0.6716345804800218
full_coverage_complete,right2ndflagformath,943,0,0,2,True,False,True,0.5866519535147057,0.5866519535147057
full_coverage_complete,right2ndflagformath,949,4,0,4,True,False,True,0.790802217011101,0.8766607991075273
full_coverage_complete,right2ndflagformath,951,0,0,2,True,False,True,0.7527743833816708,0.7527743833816708
full_coverage_complete,right2ndflagformath,953,0,0,2,True,False,True,0.7134034988279718,0.7134034988279718
full_coverage_complete,right2ndflagformath,955,2,3,2,True,False,True,0.6668431244931138,0.47964739924706784
full_coverage_complete,right2ndflagformath,957,0,0,4,True,False,True,0.5893223601372664,0.0
full_coverage_complete,right2ndflagformath,958,1,1,1,True,False,True,0.0,0.0
full_coverage_complete,right2ndflagformath,969,0,0,4,True,False,True,0.0,0.0
full_coverage_complete,right2ndflagformath,971,1,0,1,True,False,True,0.0,0.0
full_coverage_complete,right2ndflagformath,976,1,0,1,True,False,True,0.0,0.0
full_coverage_complete,right2ndflagformath,977,0,0,2,True,False,True,0.0,0.0
full_coverage_complete,right2ndflagformath,978,0,1,2,True,False,True,0.0,0.0
full_coverage_complete,right2ndflagformath,979,5,0,5,True,False,True,0.0,0.0
full_coverage_complete,right2ndflagformath,980,0,0,5,True,False,True,0.0,0.0
full_coverage_complete,right2ndflagformath,995,0,0,2,True,False,True,0.0,0.0
full_coverage_complete,right2ndflagformath,996,0,0,2,True,False,True,0.0,0.0
full_coverage_complete,right2ndflagformath,997,0,0,2,True,False,True,0.0,0.0
full_coverage_complete,right2ndflagformath,998,0,0,2,True,False,True,0.0,0.0
full_coverage_complete,right2ndflagformath,1000,0,0,2,True,False,True,0.0,0.0
full_coverage_complete,right2ndflagformath,1001,0,0,2,True,False,True,0.0,0.0
full_coverage_complete,right2ndflagformath,1005,0,0,2,True,False,True,0.0,0.0
full_coverage_complete,right2ndflagformath,1006,0,0,4,True,False,True,0.0,0.0
full_coverage_complete,right2ndflagformath,1010,0,0,4,True,False,True,0.0,0.0
full_coverage_complete,right2ndflagformath,1011,0,0,4,True,False,True,0.0,0.0
full_coverage_complete,right2ndflagformath,1023,0,1,2,True,False,True,0.0,0.05381211243689189
full_coverage_complete,right2ndflagformath,1024,0,0,5,True,False,True,0.0,0.0
full_coverage_complete,right2ndflagformath,1025,6,0,6,True,False,True,0.0,0.0
full_coverage_complete,right2ndflagformath,1026,4,0,4,True,False,True,0.0,0.0
full_coverage_complete,right2ndflagformath,1028,0,0,1,True,False,True,0.0,0.0
full_coverage_complete,right2ndflagformath,1029,0,0,1,True,False,True,0.0,0.0
full_coverage_complete,right2ndflagformath,1040,0,0,2,True,False,True,0.0,0.0
full_coverage_complete,right2ndflagformath,1041,0,0,2,True,False,True,0.0,0.0
full_coverage_complete,right2ndflagformath,1043,2,0,2,True,False,True,0.0,0.7027247500318569
full_coverage_complete,right2ndflagformath,1044,5,0,5,True,False,True,0.753522795777707,0.8386387666134498
full_coverage_complete,right2ndflagformath,1045,0,0,5,True,False,True,0.005935101557416306,0.005935101557416306
full_coverage_complete,right2ndflagformath,1046,0,0,1,True,False,True,0.01629631455458152,0.01629631455458152
full_coverage_complete,right2ndflagformath,1047,2,0,2,True,False,True,0.002412657802236124,0.7874361153579312
full_coverage_complete,right2ndflagformath,1048,0,0,5,True,False,True,0.09523491438161927,0.09523491438161927
full_coverage_complete,right2ndflagformath,1049,0,0,1,True,False,True,0.020118153177026046,0.020118153177026046
full_coverage_complete,right2ndflagformath,1050,2,0,2,True,False,True,0.01430976016686729,0.8136045734448382
full_coverage_complete,right2ndflagformath,1051,5,0,5,True,False,True,0.7945498261503048,0.7478876487363565
full_coverage_complete,right2ndflagformath,1052,5,0,5,True,False,True,0.8188410781546754,0.7861392121343728
full_coverage_complete,right2ndflagformath,1053,2,0,2,True,False,True,0.6924268378306734,0.7778350738316308
full_coverage_complete,right2ndflagformath,1054,0,0,5,True,False,True,0.034146380407882704,0.034146380407882704
full_coverage_complete,right2ndflagformath,1056,0,0,2,True,False,True,0.0,0.0
full_coverage_complete,right2ndflagformath,1057,0,0,1,True,False,True,0.0,0.0
full_coverage_complete,right2ndflagformath,1058,0,0,1,True,False,True,0.0,0.0
full_coverage_complete,right2ndflagformath,1059,1,1,1,True,False,True,0.0,0.0
full_coverage_complete,right2ndflagformath,1060,0,1,5,True,False,True,0.0,0.0
full_coverage_complete,right2ndflagformath,1061,0,1,1,True,False,True,0.0,0.0
full_coverage_complete,right2ndflagformath,1062,0,0,5,True,False,True,0.0,0.0
full_coverage_complete,right2ndflagformath,1063,0,0,4,True,False,True,0.0,0.0
full_coverage_complete,right2ndflagformath,1064,0,0,2,True,False,True,0.0,0.0
full_coverage_complete,right2ndflagformath,1065,0,0,1,True,False,True,0.0,0.0
full_coverage_complete,right2ndflagformath,1068,0,0,4,True,False,True,0.0,0.0
full_coverage_complete,right2ndflagformath,1069,0,0,4,True,False,True,0.0,0.0
full_coverage_complete,right2ndflagformath,1070,0,0,2,True,False,True,0.0,0.0
full_coverage_complete,right2ndflagformath,1073,0,0,2,True,False,True,0.0,0.0
full_coverage_complete,right2ndflagformath,1077,0,0,2,True,False,True,0.008197878509618733,0.008197878509618733
full_coverage_complete,right2ndflagformath,1079,0,0,2,True,False,True,0.0,0.0
full_coverage_complete,right2ndflagformath,1152,0,0,1,True,False,True,0.16801900548897633,0.16801900548897633
full_coverage_complete,right2ndflagformath,1153,0,0,5,True,False,True,0.20230108535888414,0.20230108535888414
full_coverage_complete,right2ndflagformath,1154,0,0,5,True,False,True,0.18527921200718475,0.18527921200718475
full_coverage_complete,right2ndflagformath,1155,0,0,1,True,False,True,0.10327531448045313,0.10327531448045313
full_coverage_complete,right2ndflagformath,1159,0,0,1,True,False,True,0.19892304115068943,0.19892304115068943
full_coverage_complete,right2ndflagformath,1163,0,0,5,True,False,True,0.07104282631308044,0.07104282631308044
full_coverage_complete,right2ndflagformath,1165,0,0,5,True,False,True,0.08733685928269262,0.08733685928269262
full_coverage_complete,right2ndflagformath,1169,0,0,5,True,False,True,0.01611804243158694,0.01611804243158694
full_coverage_complete,right2ndflagformath,1170,0,0,5,True,False,True,0.04556332440122885,0.04556332440122885
full_coverage_complete,right2ndflagformath,1171,0,0,5,True,False,True,0.0814434380085121,0.0814434380085121
full_coverage_complete,right2ndflagformath,1172,5,0,5,True,False,True,0.11372423305217728,0.03942035914286672
full_coverage_complete,right2ndflagformath,1174,0,0,5,True,False,True,0.025372102153988163,0.025372102153988163
full_coverage_complete,right2ndflagformath,1176,0,0,4,True,False,True,0.0,0.0
full_coverage_complete,right2ndflagformath,1177,0,0,5,True,False,True,0.0,0.0
full_coverage_complete,right2ndflagformath,1178,0,0,5,True,False,True,0.0,0.0
full_coverage_complete,right2ndflagformath,1179,5,0,5,True,False,True,0.0,0.0
full_coverage_complete,right2ndflagformath,1180,0,0,5,True,False,True,0.0,0.0
full_coverage_complete,right2ndflagformath,1183,0,0,5,True,False,True,0.0,0.0
full_coverage_complete,right2ndflagformath,1204,0,0,2,True,False,True,0.0,0.0
full_coverage_complete,right2ndflagformath,1209,0,0,4,True,False,True,0.0,0.0
full_coverage_complete,right2ndflagformath,1214,0,1,1,True,False,True,0.0,0.0
full_coverage_complete,right2ndflagformath,1216,0,0,1,True,False,True,0.0,0.0
full_coverage_complete,right2ndflagformath,1217,0,0,5,True,False,True,0.0,0.0
full_coverage_complete,right2ndflagformath,1218,0,0,2,True,False,True,0.0,0.0
full_coverage_complete,right2ndflagformath,1220,0,0,1,True,False,True,0.0,0.0
full_coverage_complete,right2ndflagformath,1222,0,0,1,True,False,True,0.0,0.0
full_coverage_complete,right2ndflagformath,1224,0,0,1,True,False,True,0.0,0.0
full_coverage_complete,right2ndflagformath,1225,4,0,4,True,False,True,0.0,0.4262653573052799
full_coverage_complete,right2ndflagformath,1226,5,0,5,True,False,True,0.2193389115340071,0.5839057975805505
full_coverage_complete,right2ndflagformath,1227,0,0,5,True,False,True,0.5301935101066149,0.5301935101066149
full_coverage_complete,right2ndflagformath,1228,2,0,2,True,False,True,0.23405516173354807,0.32958947925615906
full_coverage_complete,right2ndflagformath,1230,0,0,5,True,False,True,0.0,0.0
full_coverage_complete,right2ndflagformath,1242,0,0,4,True,False,True,0.0,0.0
full_coverage_complete,right2ndflagformath,1244,4,3,4,True,False,True,0.0,0.0
full_coverage_complete,right2ndflagformath,1245,5,0,5,True,False,True,0.0,0.0
full_coverage_complete,right2ndflagformath,1247,0,0,2,True,False,True,0.0,0.0
full_coverage_complete,right2ndflagformath,1248,4,0,4,True,False,True,0.0,0.0
full_coverage_complete,right2ndflagformath,1253,0,0,2,True,False,True,0.0,0.0
full_coverage_complete,right2ndflagformath,1254,0,0,1,True,False,True,0.0,0.0
full_coverage_complete,right2ndflagformath,1255,0,0,1,True,False,True,0.0,0.0
full_coverage_complete,right2ndflagformath,1256,4,0,4,True,False,True,0.0,0.0
full_coverage_complete,right2ndflagformath,1257,0,1,5,True,False,True,0.0,0.0
full_coverage_complete,right2ndflagformath,1258,0,0,1,True,False,True,0.0,0.0
full_coverage_complete,right2ndflagformath,1259,0,0,1,True,False,True,0.0,0.0
full_coverage_complete,right2ndflagformath,1261,0,0,1,True,False,True,0.0,0.0
full_coverage_complete,right2ndflagformath,1262,0,0,1,True,False,True,0.0,0.0
full_coverage_complete,right2ndflagformath,1266,0,0,1,True,False,True,0.0,0.0
full_coverage_complete,right2ndflagformath,1267,4,0,4,True,False,True,0.0,0.0
full_coverage_complete,right2ndflagformath,1268,0,0,5,True,False,True,0.0,0.0
full_coverage_complete,right2ndflagformath,1269,0,0,1,True,False,True,0.0,0.0
full_coverage_complete,right2ndflagformath,1270,1,0,1,True,False,True,0.0,0.0
full_coverage_complete,right2ndflagformath,1271,0,0,1,True,False,True,0.0,0.0
full_coverage_complete,right2ndflagformath,1272,5,0,5,True,False,True,0.0,0.0
full_coverage_complete,right2ndflagformath,1277,0,0,4,True,False,True,0.0,0.0
full_coverage_complete,right2ndflagformath,1278,2,0,2,True,False,True,0.0,0.0
full_coverage_complete,right2ndflagformath,1286,0,0,2,True,False,True,0.0,0.0
full_coverage_complete,right2ndflagformath,1291,4,0,4,True,False,True,0.0,0.0
full_coverage_complete,right2ndflagformath,1292,0,0,5,True,False,True,0.0,0.0
full_coverage_complete,right2ndflagformath,1293,0,0,5,True,False,True,0.0,0.0
full_coverage_complete,right2ndflagformath,1294,0,0,1,True,False,True,0.0,0.0
full_coverage_complete,right2ndflagformath,1295,0,0,2,True,False,True,0.0,0.0
full_coverage_complete,right2ndflagformath,1297,0,0,2,True,False,True,0.0,0.0
full_coverage_complete,right2ndflagformath,1299,0,0,4,True,False,True,0.0,0.0
full_coverage_complete,right2ndflagformath,1300,0,0,2,True,False,True,0.0,0.0
full_coverage_complete,right2ndflagformath,1301,0,0,2,True,False,True,0.0,0.0
full_coverage_complete,right2ndflagformath,1302,0,0,2,True,False,True,0.0,0.0
full_coverage_complete,right2ndflagformath,1303,0,0,2,True,False,True,0.0,0.0
full_coverage_complete,right2ndflagformath,1307,0,0,2,True,False,True,0.0,0.0
full_coverage_complete,right2ndflagformath,1310,0,0,1,True,False,True,0.0,0.0
full_coverage_complete,right2ndflagformath,1311,0,0,1,True,False,True,0.0,0.0
full_coverage_complete,right2ndflagformath,1312,0,0,2,True,False,True,0.0,0.0
full_coverage_complete,right2ndflagformath,1313,0,0,1,True,False,True,0.0,0.0
full_coverage_complete,right2ndflagformath,1314,0,0,1,True,False,True,0.0,0.0
full_coverage_complete,right2ndflagformath,1315,0,0,1,True,False,True,0.0,0.0
full_coverage_complete,right2ndflagformath,1316,0,0,1,True,False,True,0.0,0.0
full_coverage_complete,right2ndflagformath,1317,0,0,1,True,False,True,0.0,0.0
full_coverage_complete,right2ndflagformath,1318,0,0,4,True,False,True,0.0,0.0
full_coverage_complete,right2ndflagformath,1319,0,0,2,True,False,True,0.0,0.0
full_coverage_complete,right2ndflagformath,1320,0,0,2,True,False,True,0.0,0.0
full_coverage_complete,right2ndflagformath,1321,0,0,2,True,False,True,0.0,0.0
full_coverage_complete,right2ndflagformath,1322,0,0,2,True,False,True,0.0,0.0
full_coverage_complete,right2ndflagformath,1323,0,0,2,True,False,True,0.0,0.0
full_coverage_complete,right2ndflagformath,1325,0,0,2,True,False,True,0.0,0.0
full_coverage_complete,right2ndflagformath,1326,0,0,2,True,False,True,0.0,0.0
full_coverage_complete,right2ndflagformath,1328,0,1,2,True,False,True,0.0,0.07369533023033395
full_coverage_complete,right2ndflagformath,1348,0,0,4,True,False,True,0.04862937982872701,0.04862937982872701
full_coverage_complete,right2ndflagformath,1349,0,0,1,True,False,True,0.0754834711347409,0.0754834711347409
full_coverage_complete,right2ndflagformath,1352,0,0,4,True,False,True,0.09784022047373876,0.09784022047373876
full_coverage_complete,right2ndflagformath,1354,0,0,5,True,False,True,0.12470759575680594,0.12470759575680594
full_coverage_complete,right2ndflagformath,1355,0,0,5,True,False,True,0.124188086401751,0.124188086401751
full_coverage_complete,right2ndflagformath,1356,0,0,5,True,False,True,0.12952074253557289,0.12952074253557289
full_coverage_complete,right2ndflagformath,1357,0,0,1,True,False,True,0.13246375278409903,0.13246375278409903
full_coverage_complete,right2ndflagformath,1359,0,0,5,True,False,True,0.16947211842082205,0.16947211842082205
full_coverage_complete,right2ndflagformath,1360,0,0,1,True,False,True,0.18453770300669695,0.18453770300669695
full_coverage_complete,right2ndflagformath,1361,5,2,5,True,False,True,0.20561505157323498,0.1897549182499065
full_coverage_complete,right2ndflagformath,1362,0,0,1,True,False,True,0.21072440484966187,0.21072440484966187
full_coverage_complete,right2ndflagformath,1363,5,1,5,True,False,True,0.24409995080576544,0.24272780295842894
full_coverage_complete,right2ndflagformath,1364,2,0,2,True,False,True,0.25839421406604235,0.0
full_coverage_complete,right2ndflagformath,1365,0,0,1,True,False,True,0.0,0.0
full_coverage_complete,right2ndflagformath,1374,0,0,5,True,False,True,0.0,0.0
full_coverage_complete,right2ndflagformath,1375,0,0,4,True,False,True,0.0,0.0
full_coverage_complete,right2ndflagformath,1377,0,0,2,True,False,True,0.0,0.0
full_coverage_complete,right2ndflagformath,1379,0,1,2,True,False,True,0.0,0.14442740734918755
full_coverage_complete,right2ndflagformath,1382,0,0,2,True,False,True,0.1656130395570415,0.1656130395570415
full_coverage_complete,right2ndflagformath,1383,0,0,5,True,False,True,0.21175047937326913,0.21175047937326913
full_coverage_complete,right2ndflagformath,1384,0,0,5,True,False,True,0.24148893710623867,0.24148893710623867
full_coverage_complete,right2ndflagformath,1385,0,0,5,True,False,True,0.2777762033769661,0.2777762033769661
full_coverage_complete,right2ndflagformath,1398,5,0,5,True,False,True,0.6989261765559871,0.6496316927189708
full_coverage_complete,right2ndflagformath,1399,0,0,5,True,False,True,0.6646488709512519,0.6646488709512519
full_coverage_complete,right2ndflagformath,1401,0,0,1,True,False,True,0.5460119535754367,0.5460119535754367
full_coverage_complete,right2ndflagformath,1402,2,0,2,True,False,True,0.5726181025022016,0.7738673795572888
full_coverage_complete,right2ndflagformath,1423,0,0,6,True,False,True,0.5602582854762125,0.5602582854762125
full_coverage_complete,right5thflag,541,0,0,1,True,False,True,0.6075901071621865,0.6075901071621865
full_coverage_complete,right5thflag,542,0,0,4,True,False,True,0.6214980052352858,0.6214980052352858
full_coverage_complete,right5thflag,543,0,0,4,True,False,True,0.5346635264404772,0.5346635264404772
full_coverage_complete,right5thflag,544,0,0,4,True,False,True,0.4101514192846774,0.4101514192846774
full_coverage_complete,right5thflag,545,0,0,4,True,False,True,0.5802811585583161,0.5802811585583161
full_coverage_complete,right5thflag,546,0,0,1,True,False,True,0.3789014717654346,0.3789014717654346
full_coverage_complete,right5thflag,547,2,0,2,True,False,True,0.40049400536339536,0.0
full_coverage_complete,right5thflag,699,5,0,5,True,False,True,0.13374006721682075,0.46047650718394034
full_coverage_complete,right5thflag,702,0,0,0,False,False,True,0.0,0.508275430484183
full_coverage_complete,right5thflag,715,0,0,0,False,False,True,0.7033285536630959,0.0
full_coverage_complete,right5thflag,716,5,0,5,True,False,True,0.637589584285767,0.0
full_coverage_complete,right5thflag,717,0,0,2,True,False,True,0.0,0.0
full_coverage_complete,right5thflag,718,0,0,2,True,False,True,0.004676005074696289,0.004676005074696289
full_coverage_complete,right5thflag,719,0,0,2,True,False,True,0.052619556431301236,0.052619556431301236
full_coverage_complete,right5thflag,738,0,0,2,True,False,True,0.0,0.0
full_coverage_complete,right5thflag,739,0,0,2,True,False,True,0.0,0.0
full_coverage_complete,right5thflag,740,0,0,2,True,False,True,0.0,0.0
full_coverage_complete,right5thflag,741,0,0,0,False,False,True,0.0,0.7663954988020927
full_coverage_complete,right5thflag,765,0,1,0,False,False,True,0.663353025518447,0.0
full_coverage_complete,right5thflag,767,1,0,1,True,False,True,0.7231703526834641,0.0
full_coverage_complete,right5thflag,774,0,0,2,True,False,True,0.0,0.7442481666425365
full_coverage_complete,right5thflag,928,0,0,0,False,False,True,0.7165629113209592,0.120294596767972
full_coverage_complete,right5thflag,986,0,0,1,True,False,True,0.3312746699183579,0.3312746699183579
full_coverage_complete,right5thflag,987,0,0,5,True,False,True,0.14912874059011869,0.14912874059011869
full_coverage_complete,right5thflag,988,0,0,5,True,False,True,0.18432171981048648,0.18432171981048648
full_coverage_complete,right5thflag,989,0,0,2,True,False,True,0.3424593950933703,0.3424593950933703
full_coverage_complete,right5thflag,990,0,0,2,True,False,True,0.45911918181943084,0.45911918181943084
full_coverage_complete,right5thflag,991,0,0,0,False,False,True,0.816335109523243,0.36073985755637655
full_coverage_complete,right5thflag,992,0,0,2,True,False,True,0.2113913288631856,0.2113913288631856
full_coverage_complete,right5thflag,993,0,0,5,True,False,True,0.2222258436724078,0.2222258436724078
full_coverage_complete,right5thflag,995,0,0,5,True,False,True,0.23993894833517043,0.23993894833517043
full_coverage_complete,right5thflag,996,0,0,2,True,False,True,0.7967791939190111,0.7967791939190111
full_coverage_complete,right5thflag,998,0,0,0,False,False,True,0.6974754823682026,0.22442507998815733
full_coverage_complete,right5thflag,999,0,0,5,True,False,True,0.15222539455284448,0.15222539455284448
full_coverage_complete,right5thflag,1037,0,0,2,True,False,True,0.6527774379790888,0.6527774379790888
full_coverage_complete,right5thflag,1038,0,0,2,True,False,True,0.7163565074927731,0.7163565074927731
full_coverage_complete,right5thflag,1039,0,0,2,True,False,True,0.703317456662474,0.703317456662474
full_coverage_complete,right5thflag,1040,0,0,2,True,False,True,0.7191260432391152,0.7191260432391152
full_coverage_complete,right5thflag,1041,0,0,2,True,False,True,0.7117945215968001,0.7117945215968001
full_coverage_complete,right5thflag,1042,0,0,2,True,False,True,0.48293093515907753,0.48293093515907753
full_coverage_complete,right5thflag,1043,0,0,2,True,False,True,0.5121222209190598,0.5121222209190598
full_coverage_complete,right5thflag,1044,0,0,2,True,False,True,0.6352065367644669,0.6352065367644669
full_coverage_complete,right5thflag,1045,0,0,2,True,False,True,0.6077516793819117,0.6077516793819117
full_coverage_complete,right5thflag,1046,0,0,2,True,False,True,0.569539780234844,0.569539780234844
full_coverage_complete,right5thflag,1047,0,0,1,True,False,True,0.7559342113213053,0.7559342113213053
full_coverage_complete,right5thflag,1074,0,0,2,True,False,True,0.8256269336341551,0.8256269336341551
full_coverage_complete,right5thflag,1081,0,0,1,True,False,True,0.7002196568545879,0.7002196568545879
full_coverage_complete,right5thflag,1083,4,0,4,True,False,True,0.7718782928825046,0.0
full_coverage_complete,right5thflag,1138,0,0,2,True,False,True,0.0,0.0
full_coverage_complete,right5thflag,1139,0,0,2,True,False,True,0.0,0.0
full_coverage_complete,right5thflag,1140,1,1,1,True,False,True,0.0,0.0
full_coverage_complete,right5thflag,1141,0,0,5,True,False,True,0.0,0.0
full_coverage_complete,right5thflag,1142,0,1,6,True,False,True,0.0,0.0
full_coverage_complete,right5thflag,1143,0,0,5,True,False,True,0.0,0.0
full_coverage_complete,right5thflag,1144,0,0,0,False,False,True,0.0,0.0
full_coverage_complete,right5thflag,1145,0,0,1,True,False,True,0.0,0.0
full_coverage_complete,right5thflag,1146,0,0,5,True,False,True,0.0,0.0
full_coverage_complete,right5thflag,1147,0,1,2,True,False,True,0.0,0.0
full_coverage_complete,right5thflag,1150,0,0,2,True,False,True,0.0,0.0
full_coverage_complete,right5thflag,1151,0,0,2,True,False,True,0.0,0.0
full_coverage_complete,right5thflag,1152,0,0,2,True,False,True,0.0,0.0
full_coverage_complete,right5thflag,1153,0,0,2,True,False,True,0.0,0.0
full_coverage_complete,right5thflag,1154,0,0,2,True,False,True,0.0,0.0
full_coverage_complete,right5thflag,1155,0,0,2,True,False,True,0.0,0.0
full_coverage_complete,right5thflag,1158,0,0,2,True,False,True,0.0,0.0
full_coverage_complete,right5thflag,1159,0,0,2,True,False,True,0.0,0.0
full_coverage_complete,right5thflag,1160,0,0,2,True,False,True,0.0,0.0
full_coverage_complete,right5thflag,1161,0,0,2,True,False,True,0.0,0.0
full_coverage_complete,right5thflag,1162,0,0,2,True,False,True,0.0,0.0
full_coverage_complete,right5thflag,1163,0,0,2,True,False,True,0.0,0.0
full_coverage_complete,right5thflag,1164,0,0,2,True,False,True,0.0,0.0
full_coverage_complete,right5thflag,1165,0,0,2,True,False,True,0.0,0.0
full_coverage_complete,right5thflag,1179,0,0,5,True,False,True,0.3809360975818224,0.3809360975818224
full_coverage_complete,right5thflag,1180,0,0,2,True,False,True,0.6831021763620537,0.6831021763620537
full_coverage_complete,right5thflag,1234,0,0,2,True,False,True,0.6780609831222786,0.6780609831222786
full_coverage_complete,right5thflag,1240,0,0,5,True,False,True,0.5287404361342841,0.5287404361342841
full_coverage_complete,right5thflag,1241,0,0,5,True,False,True,0.5911448463645237,0.5911448463645237
full_coverage_complete,right5thflag,1244,0,0,5,True,False,True,0.4483527462757013,0.4483527462757013
full_coverage_complete,right5thflag,1245,0,0,5,True,False,True,0.7038159696917397,0.7038159696917397
full_coverage_complete,right5thflag,1246,0,0,5,True,False,True,0.6659642465556503,0.6659642465556503
full_coverage_complete,right5thflag,1247,0,0,5,True,False,True,0.5320035164478251,0.5320035164478251
full_coverage_complete,right5thflag,1248,0,0,5,True,False,True,0.3053584467300177,0.3053584467300177
full_coverage_complete,right5thflag,1249,0,0,5,True,False,True,0.4649430419265867,0.4649430419265867
full_coverage_complete,right5thflag,1250,0,0,5,True,False,True,0.5862088316229765,0.5862088316229765
full_coverage_complete,right5thflag,1253,5,0,5,True,False,True,0.4596413360988151,0.16918608951878905
full_coverage_complete,right5thflag,1254,0,0,5,True,False,True,0.7150033131837125,0.7150033131837125
full_coverage_complete,right5thflag,1257,0,0,5,True,False,True,0.7020619842904446,0.7020619842904446
full_coverage_complete,right5thflag,1259,0,0,5,True,False,True,0.2927269632187393,0.2927269632187393
full_coverage_complete,right5thflag,1260,0,0,6,True,False,True,0.18133149713514635,0.18133149713514635
full_coverage_complete,right5thflag,1261,0,0,1,True,False,True,0.8871717399457502,0.8871717399457502
full_coverage_complete,right5thflag,1265,0,0,2,True,False,True,0.5058781559042864,0.5058781559042864
full_coverage_complete,right5thflag,1266,0,0,5,True,False,True,0.7581502768212599,0.7581502768212599
full_coverage_complete,right5thflag,1271,0,0,2,True,False,True,0.8106801390715708,0.8106801390715708
full_coverage_complete,right5thflag,1274,0,0,2,True,False,True,0.7817088280458061,0.7817088280458061
full_coverage_complete,right5thflag,1276,0,0,2,True,False,True,0.7335947036202501,0.7335947036202501
full_coverage_complete,right5thflag,1277,0,0,5,True,False,True,0.7541268439317271,0.7541268439317271
full_coverage_complete,right5thflag,1278,0,0,2,True,False,True,0.7313694926475518,0.7313694926475518
full_coverage_complete,right5thflag,1280,0,0,2,True,False,True,0.7219080300726614,0.7219080300726614
full_coverage_complete,right5thflag,1281,0,0,2,True,False,True,0.7527690379997138,0.7527690379997138
full_coverage_complete,right5thflag,1282,0,0,2,True,False,True,0.7534226362947404,0.7534226362947404
full_coverage_complete,right5thflag,1283,0,0,5,True,False,True,0.6207741508032424,0.6207741508032424
full_coverage_complete,right5thflag,1284,0,0,2,True,False,True,0.5906174310061761,0.5906174310061761
full_coverage_complete,right5thflag,1285,0,0,2,True,False,True,0.6787958350588132,0.6787958350588132
full_coverage_complete,right5thflag,1287,0,0,2,True,False,True,0.6579257917565943,0.6579257917565943
full_coverage_complete,right5thflag,1289,0,0,6,True,False,True,0.23105544637390316,0.23105544637390316
full_coverage_complete,right5thflag,1291,0,0,5,True,False,True,0.4457400409050503,0.4457400409050503
full_coverage_complete,right5thflag,1293,0,0,6,True,False,True,0.5245653030672871,0.5245653030672871
full_coverage_complete,right5thflag,1295,6,3,6,True,False,True,0.3447565522605308,0.20176847382818752
full_coverage_complete,right5thflag,1296,0,1,0,False,False,True,0.402351871600721,0.0
full_coverage_complete,right5thflag,1297,0,0,5,True,False,True,0.0,0.0
full_coverage_complete,right5thflag,1298,0,0,5,True,False,True,0.0,0.0
full_coverage_complete,right5thflag,1299,0,1,0,False,False,True,0.0,0.45360955895920146
full_coverage_complete,right5thflag,1301,0,0,0,False,False,True,0.35534000726262294,0.0
full_coverage_complete,right5thflag,1302,0,0,5,True,False,True,0.0,0.0
full_coverage_complete,right5thflag,1304,6,0,6,True,False,True,0.0,0.0
full_coverage_complete,right5thflag,1305,0,0,0,False,False,True,0.0,0.0
full_coverage_complete,right5thflag,1306,0,0,5,True,False,True,0.0,0.0
full_coverage_complete,right5thflag,1307,0,0,5,True,False,True,0.0,0.0
full_coverage_complete,right5thflag,1308,0,0,1,True,False,True,0.0,0.0
full_coverage_complete,right5thflag,1310,1,0,1,True,False,True,0.0,0.0
full_coverage_complete,right5thflag,1327,4,0,4,True,False,True,0.0,0.0
full_coverage_complete,right5thflag,1330,0,0,5,True,False,True,0.0,0.17941293204083678
full_coverage_complete,right5thflag,1331,0,0,6,True,False,True,0.2129498133456363,0.2129498133456363
full_coverage_complete,right5thflag,1332,0,0,5,True,False,True,0.33128711228829205,0.33128711228829205
full_coverage_complete,right5thflag,1333,0,0,6,True,False,True,0.18815712554343247,0.18815712554343247
full_coverage_complete,right5thflag,1335,0,0,5,True,False,True,0.36973969912806237,0.36973969912806237
full_coverage_complete,right5thflag,1338,0,0,5,True,False,True,0.40488161439546766,0.40488161439546766
full_coverage_complete,right5thflag,1339,0,1,0,False,False,True,0.4022807384247568,0.0
full_coverage_complete,right5thflag,1343,0,1,1,True,False,True,0.0,0.5613609370016827
full_coverage_complete,right5thflag,1350,0,0,2,True,False,True,0.6681638351569252,0.6681638351569252
full_coverage_complete,right5thflag,1351,0,0,2,True,False,True,0.6635174896599317,0.6635174896599317
full_coverage_complete,right5thflag,1352,0,0,5,True,False,True,0.692425353918562,0.692425353918562
full_coverage_complete,right5thflag,1357,0,0,2,True,False,True,0.5593117804445866,0.5593117804445866
full_coverage_complete,right5thflag,1359,5,0,5,True,False,True,0.5995973956798564,0.6059882339932385
full_coverage_complete,right5thflag,1360,0,0,5,True,False,True,0.6039674614720152,0.6039674614720152
full_coverage_complete,right5thflag,1361,0,0,5,True,False,True,0.582583109343981,0.582583109343981
full_coverage_complete,right5thflag,1362,5,2,5,True,False,True,0.5679079878189427,0.7071067571139904
full_coverage_complete,right5thflag,1365,0,0,5,True,False,True,0.4855973916494016,0.4855973916494016
full_coverage_complete,right5thflag,1366,5,0,5,True,False,True,0.5792356506963985,0.573296456361964
full_coverage_complete,right5thflag,1369,5,2,5,True,False,True,0.32260886637212116,0.5021193474578047
full_coverage_complete,right5thflag,1370,0,0,5,True,False,True,0.42603820950435345,0.42603820950435345
full_coverage_complete,right5thflag,1371,0,0,0,False,False,True,0.2949350698780627,0.0
full_coverage_complete,right5thflag,1372,0,0,5,True,False,True,0.0,0.0
full_coverage_complete,right5thflag,1384,0,0,2,True,False,True,0.0,0.0
full_coverage_complete,right5thflag,1385,0,0,2,True,False,True,0.0,0.0
full_coverage_complete,right5thflag,1387,0,0,1,True,False,True,0.0,0.0
full_coverage_complete,right5thflag,1390,0,0,2,True,False,True,0.0,0.0
full_coverage_complete,right5thflag,1407,0,0,2,True,False,True,0.0,0.0
full_coverage_complete,right5thflag,1410,0,0,5,True,False,True,0.0,0.0
full_coverage_complete,right5thflag,1422,0,0,1,True,False,True,0.0,0.0
full_coverage_complete,right5thflag,1424,0,1,5,True,False,True,0.0,0.0
full_coverage_complete,right5thflag,1542,0,0,4,True,False,True,0.0,0.0
full_coverage_complete,right5thflag,1544,0,0,4,True,False,True,0.0,0.0
full_coverage_complete,right5thflag,1547,0,0,2,True,False,True,0.0,0.0
full_coverage_complete,right5thflag,1549,0,0,2,True,False,True,0.0,0.0
full_coverage_complete,right5thflag,1550,0,1,2,True,False,True,0.0,0.4713512655089895
full_coverage_complete,right5thflag,1551,0,0,1,True,False,True,0.6011512842220873,0.6011512842220873
full_coverage_complete,right5thflag,1552,4,0,4,True,False,True,0.7048755994001997,0.0
full_coverage_complete,right5thflag,1553,0,0,5,True,False,True,0.0,0.0
full_coverage_complete,right5thflag,1554,5,0,5,True,False,True,0.0,0.0
full_coverage_complete,right5thflag,1555,0,1,2,True,False,True,0.0,0.5540286823271787
full_coverage_complete,right5thflag,1556,0,0,1,True,False,True,0.6905141669380666,0.6905141669380666
full_coverage_complete,right5thflag,1560,0,0,4,True,False,True,0.6340000037174812,0.6340000037174812
full_coverage_complete,right5thflag,1563,4,1,4,True,False,True,0.5745072748204874,0.7639773558441739
full_coverage_complete,right5thflag,1564,0,1,2,True,False,True,0.6472634263763557,0.0
full_coverage_complete,right5thflag,1565,0,0,5,True,False,True,0.0,0.0
full_coverage_complete,right5thflag,1572,5,0,5,True,False,True,0.0,0.0
full_coverage_complete,right5thflag,1573,0,0,5,True,False,True,0.0,0.0
full_coverage_complete,right5thflag,1576,0,0,2,True,False,True,0.0,0.0
full_coverage_complete,right5thflag,1577,0,0,2,True,False,True,0.0,0.0
full_coverage_complete,right5thflag,1578,0,0,5,True,False,True,0.0,0.0
full_coverage_complete,right5thflag,1579,0,0,2,True,False,True,0.0,0.0
full_coverage_complete,right5thflag,1580,0,0,2,True,False,True,0.0,0.0
full_coverage_complete,right5thflag,1581,0,0,2,True,False,True,0.0,0.0
full_coverage_complete,right5thflag,1582,0,1,5,True,False,True,0.0,0.4978549416344886
full_coverage_complete,right5thflag,1583,0,0,1,True,False,True,0.620914879278434,0.620914879278434
full_coverage_complete,right5thflag,1585,0,0,1,True,False,True,0.5967074134584078,0.5967074134584078
full_coverage_complete,right5thflag,1587,0,0,2,True,False,True,0.5949931192575572,0.5949931192575572
full_coverage_complete,right5thflag,1589,0,0,2,True,False,True,0.6354292351244165,0.6354292351244165
full_coverage_complete,right5thflag,1591,0,0,2,True,False,True,0.6140567479444208,0.6140567479444208
full_coverage_complete,right5thflag,1600,0,0,1,True,False,True,0.6930664412895721,0.6930664412895721
full_coverage_complete,right5thflag,1603,0,0,2,True,False,True,0.597207818268542,0.597207818268542
full_coverage_complete,right5thflag,1606,0,0,1,True,False,True,0.8766454682393631,0.8766454682393631
full_coverage_complete,right5thflag,1612,0,0,2,True,False,True,0.5806939374279183,0.5806939374279183
full_coverage_complete,right5thflag,1615,0,0,1,True,False,True,0.5745008544104333,0.5745008544104333
full_coverage_complete,right5thflag,1617,0,0,4,True,False,True,0.5579494981620347,0.5579494981620347
full_coverage_complete,right5thflag,1621,0,0,4,True,False,True,0.6196144043974204,0.6196144043974204
full_coverage_complete,right5thflag,1625,0,0,2,True,False,True,0.7101029248200674,0.7101029248200674
full_coverage_complete,right5thflag,1626,0,0,2,True,False,True,0.6413999716152435,0.6413999716152435
full_coverage_complete,right5thflag,1628,0,0,1,True,False,True,0.6381928539603583,0.6381928539603583
full_coverage_complete,right5thflag,1640,0,0,1,True,False,True,0.49870765214609225,0.49870765214609225
full_coverage_complete,right5thflag,1642,0,0,1,True,False,True,0.4816878129819672,0.4816878129819672
full_coverage_complete,right5thflag,1643,1,2,1,True,False,True,0.5185710210914348,0.3769434402524231
full_coverage_complete,right5thflag,1645,0,0,2,True,False,True,0.48362714067264495,0.48362714067264495
full_coverage_complete,right5thflag,1646,0,0,5,True,False,True,0.541795982570269,0.541795982570269
full_coverage_complete,right5thflag,1647,1,2,1,True,False,True,0.46988528477441155,0.42213530623233436
full_coverage_complete,right5thflag,1648,0,0,1,True,False,True,0.5528849642148576,0.5528849642148576
full_coverage_complete,right5thflag,1649,0,0,2,True,False,True,0.490222819412742,0.490222819412742
full_coverage_complete,right5thflag,1650,0,0,1,True,False,True,0.5672665411032196,0.5672665411032196
full_coverage_complete,right5thflag,1651,0,0,1,True,False,True,0.6793852433502735,0.6793852433502735
full_coverage_complete,right5thflag,1657,0,0,1,True,False,True,0.6067637237149685,0.6067637237149685
full_coverage_complete,right5thflag,1658,0,0,1,True,False,True,0.4948728054769356,0.4948728054769356
full_coverage_complete,right5thflag,1661,0,0,1,True,False,True,0.5699439356222193,0.5699439356222193
full_coverage_complete,right5thflag,1662,0,0,2,True,False,True,0.49519876192287526,0.49519876192287526
full_coverage_complete,right5thflag,1663,4,0,4,True,False,True,0.6209530092706994,0.664858857961028
full_coverage_complete,right5thflag,1664,0,0,2,True,False,True,0.6235244092966996,0.6235244092966996
full_coverage_complete,right5thflag,1665,4,1,4,True,False,True,0.5709815889657917,0.5855472817616213
full_coverage_complete,right5thflag,1666,0,0,2,True,False,True,0.5281526420126523,0.5281526420126523
full_coverage_complete,right5thflag,1667,4,1,4,True,False,True,0.5233886032348813,0.5280152374575122
full_coverage_complete,right5thflag,1668,0,0,4,True,False,True,0.5921184193800982,0.5921184193800982
full_coverage_complete,right5thflag,1669,0,0,1,True,False,True,0.526197031655143,0.526197031655143
full_coverage_complete,right5thflag,1670,0,0,2,True,False,True,0.6763463968390361,0.6763463968390361
full_coverage_complete,right5thflag,1671,0,0,1,True,False,True,0.6489699673620348,0.6489699673620348
full_coverage_complete,right5thflag,1672,0,0,4,True,False,True,0.6188180623878082,0.6188180623878082
full_coverage_complete,right5thflag,1674,4,1,4,True,False,True,0.6037040650864338,0.6298438037343573
full_coverage_complete,right5thflag,1675,0,0,2,True,False,True,0.6828733363737672,0.6828733363737672
full_coverage_complete,right5thflag,1676,0,0,1,True,False,True,0.6770569224765854,0.6770569224765854
full_coverage_complete,right5thflag,1677,0,0,4,True,False,True,0.5810717546722635,0.5810717546722635
full_coverage_complete,right5thflag,1678,0,0,4,True,False,True,0.5878029720668457,0.5878029720668457
full_coverage_complete,right5thflag,1679,4,0,4,True,False,True,0.6985237305667731,0.7142922220262893
full_coverage_complete,right5thflag,1681,4,0,4,True,False,True,0.6431974256809522,0.8001769710621343
full_coverage_complete,right5thflag,1684,0,0,2,True,False,True,0.6183232786562437,0.6183232786562437
full_coverage_complete,right5thflag,1685,4,0,4,True,False,True,0.6540001026184715,0.8025315480624134
full_coverage_complete,right5thflag,1686,5,0,5,True,False,True,0.647801563287123,0.7371284757310843
full_coverage_complete,right5thflag,1687,4,2,4,True,False,True,0.7019296735422179,0.8413946156890498
full_coverage_complete,right5thflag,1690,0,0,5,True,False,True,0.6937051737606973,0.6937051737606973
full_coverage_complete,right5thflag,1691,0,0,2,True,False,True,0.7407968621266937,0.7407968621266937
full_coverage_complete,right5thflag,1692,4,0,4,True,False,True,0.7480631705322325,0.8753378233441571
full_coverage_complete,right5thflag,1695,4,0,4,True,False,True,0.8296016583660215,0.8192440104492592
full_coverage_complete,right5thflag,1698,0,0,2,True,False,True,0.6510229451932121,0.6510229451932121
full_coverage_complete,right5thflag,1699,0,0,5,True,False,True,0.6818099963594766,0.6818099963594766
full_coverage_complete,right5thflag,1700,4,0,4,True,False,True,0.7198551267429874,0.8939282338759017
full_coverage_complete,right5thflag,1703,0,0,2,True,False,True,0.6822260091596656,0.6822260091596656
full_coverage_complete,right5thflag,1704,4,0,4,True,False,True,0.6764142541193093,0.779599418412111
full_coverage_complete,right5thflag,1707,0,0,2,True,False,True,0.6526319895166515,0.6526319895166515
full_coverage_complete,right5thflag,1708,0,0,5,True,False,True,0.6469424115485125,0.6469424115485125
full_coverage_complete,right5thflag,1709,0,0,4,True,False,True,0.7948415967032595,0.7948415967032595
full_coverage_complete,right5thflag,1712,0,0,4,True,False,True,0.6669930461721804,0.6669930461721804
full_coverage_complete,right5thflag,1714,0,0,5,True,False,True,0.6835974273970984,0.6835974273970984
full_coverage_complete,right5thflag,1715,5,0,5,True,False,True,0.8217076473317637,0.7463520800446858
full_coverage_complete,right5thflag,1716,0,0,5,True,False,True,0.722753203413011,0.722753203413011
full_coverage_complete,right5thflag,1717,0,0,2,True,False,True,0.607026304232683,0.607026304232683
full_coverage_complete,right5thflag,1718,0,0,4,True,False,True,0.7096055394807815,0.7096055394807815
full_coverage_complete,right5thflag,1719,0,0,1,True,False,True,0.6885352411379981,0.6885352411379981
full_coverage_complete,right5thflag,1720,0,2,2,True,False,True,0.3797750059884352,0.0
full_coverage_complete,right5thflag,1726,0,0,1,True,False,True,0.0,0.0
full_coverage_complete,right5thflag,1731,0,0,4,True,False,True,0.0,0.0
full_coverage_complete,right5thflag,1732,1,2,1,True,False,True,0.0,0.2900879598192335
full_coverage_complete,right5thflag,1733,0,0,5,True,False,True,0.612739386249696,0.612739386249696
full_coverage_complete,right5thflag,1746,0,0,4,True,False,True,0.6174893596396649,0.6174893596396649
full_coverage_complete,right5thflag,1749,0,0,5,True,False,True,0.5332549914392911,0.5332549914392911
full_coverage_complete,right5thflag,1757,0,0,2,True,False,True,0.4896084450394461,0.4896084450394461
full_coverage_complete,right5thflag,1760,0,0,5,True,False,True,0.5792233875672136,0.5792233875672136
full_coverage_complete,right5thflag,1761,0,0,2,True,False,True,0.7235398834333587,0.7235398834333587
full_coverage_complete,right5thflag,1783,0,0,5,True,False,True,0.5192126085517355,0.5192126085517355
full_coverage_complete,right5thflag,1802,4,0,4,True,False,True,0.008605951629886765,0.0
full_coverage_complete,right5thflag,1815,0,0,2,True,False,True,0.0,0.0
full_coverage_complete,right5thflag,1816,0,0,2,True,False,True,0.0,0.0
full_coverage_complete,right5thflag,1817,0,0,2,True,False,True,0.0,0.0
full_coverage_complete,right5thflag,1818,0,0,2,True,False,True,0.0,0.6805575061832796
full_coverage_complete,right5thflag,1819,0,0,6,True,False,True,0.7460181764800156,0.0
full_coverage_complete,right5thflag,1825,0,1,4,True,False,True,0.0,0.43232884855877673
full_coverage_complete,right5thflag,1826,6,0,6,True,False,True,0.6183284558538182,0.8272551918580402
full_coverage_complete,right5thflag,1865,0,0,5,True,False,True,0.48247410016154585,0.48247410016154585
full_coverage_complete,right5thflag,1866,0,1,5,True,False,True,0.5359094663629906,0.0
full_coverage_complete,right5thflag,1867,0,0,5,True,False,True,0.0,0.0
full_coverage_complete,right5thflag,1868,0,0,5,True,False,True,0.0,0.0
full_coverage_complete,right5thflag,1870,0,0,5,True,False,True,0.0,0.0
full_coverage_complete,right5thflag,1871,0,0,5,True,False,True,0.0,0.0
full_coverage_complete,right5thflag,1872,5,0,5,True,False,True,0.0,0.0
full_coverage_complete,right5thflag,1874,0,0,5,True,False,True,0.0,0.0
full_coverage_complete,right5thflag,1875,0,0,5,True,False,True,0.0,0.0
full_coverage_complete,right5thflag,1876,0,0,5,True,False,True,0.0,0.8507579204514075
full_coverage_complete,right5thflag,1877,0,0,6,True,False,True,0.7526835724812307,0.7526835724812307
full_coverage_complete,right5thflag,1886,0,0,4,True,False,True,0.806159036818199,0.806159036818199
full_coverage_complete,right5thflag,1887,0,0,4,True,False,True,0.5918045420291764,0.5918045420291764
full_coverage_complete,right5thflag,1893,0,0,2,True,False,True,0.7552261657929962,0.7552261657929962
full_coverage_complete,right5thflag,1898,0,0,5,True,False,True,0.3087873908677378,0.3087873908677378
full_coverage_complete,right5thflag,1899,0,0,5,True,False,False,,
full_coverage_complete,right5thflag,1900,0,0,5,True,False,False,,
full_coverage_complete,right5thflag,1901,5,2,5,True,False,False,,
full_coverage_complete,right5thflag,1902,0,1,5,True,False,False,,
full_coverage_complete,right5thflag,1903,0,0,1,True,False,False,,
full_coverage_complete,right5thflag,1904,0,0,5,True,False,False,,
full_coverage_complete,right5thflag,1905,0,0,5,True,False,False,,
full_coverage_complete,right5thflag,1906,5,0,5,True,False,False,,
full_coverage_complete,right5thflag,1907,0,0,5,True,False,False,,
full_coverage_complete,right5thflag,1910,0,0,5,True,False,False,,
full_coverage_complete,right5thflag,1911,0,0,5,True,False,False,,
full_coverage_complete,right5thflag,1912,0,0,5,True,False,False,,
full_coverage_complete,right5thflag,1913,0,0,4,True,False,False,,
full_coverage_complete,right5thflag,1914,0,0,5,True,False,False,,
full_coverage_complete,right5thflag,1915,0,0,4,True,False,False,,
full_coverage_complete,rightbike,51,0,0,4,True,False,True,0.6357342389746763,0.6357342389746763
full_coverage_complete,rightbike,52,0,0,5,True,False,True,0.3811470593719493,0.3811470593719493
full_coverage_complete,rightbike,53,0,0,5,True,False,True,0.24666651684736002,0.24666651684736002
full_coverage_complete,rightbike,54,0,1,5,True,False,True,0.09375525442257018,0.0
full_coverage_complete,rightbike,55,6,0,6,True,False,True,0.0,0.0
full_coverage_complete,rightbike,56,6,0,6,True,False,True,0.0,0.0
full_coverage_complete,rightbike,57,0,0,6,True,False,True,0.0,0.0
full_coverage_complete,rightbike,58,0,0,5,True,False,True,0.0,0.0
full_coverage_complete,rightbike,59,0,1,5,True,False,True,0.0,0.0
full_coverage_complete,rightbike,60,5,0,5,True,False,True,0.0,0.7890235329863924
full_coverage_complete,rightbike,96,0,0,5,True,False,True,0.7192237538512861,0.7192237538512861
full_coverage_complete,rightbike,97,0,0,4,True,False,True,0.7379390435128224,0.7379390435128224
full_coverage_complete,rightbike,98,0,0,5,True,False,True,0.613308113491461,0.613308113491461
full_coverage_complete,rightbike,99,0,0,1,True,False,True,0.6214447484807184,0.6214447484807184
full_coverage_complete,rightbike,100,0,0,5,True,False,True,0.7586182078533161,0.7586182078533161
full_coverage_complete,rightbike,101,0,0,5,True,False,True,0.5588709340597208,0.5588709340597208
full_coverage_complete,rightbike,102,0,1,1,True,False,True,0.7865613866657689,0.0
full_coverage_complete,rightbike,103,0,0,5,True,False,True,0.0,0.0
full_coverage_complete,rightbike,104,0,0,5,True,False,True,0.0,0.818029941633138
full_coverage_complete,rightbike,105,6,0,6,True,False,True,0.7623979744973505,0.0
full_coverage_complete,rightbike,148,0,0,2,True,False,True,0.0,0.0
full_coverage_complete,rightbike,149,0,0,5,True,False,True,0.0,0.0
full_coverage_complete,rightbike,150,0,0,1,True,False,True,0.0,0.0
full_coverage_complete,rightbike,151,0,0,5,True,False,True,0.0,0.0
full_coverage_complete,rightbike,152,4,0,4,True,True,True,0.0,0.8564707043130454
full_coverage_complete,rightbike-gai,40,0,0,5,True,False,True,0.706394101660827,0.706394101660827
full_coverage_complete,rightbike-gai,41,0,0,5,True,False,True,0.5723581317863533,0.5723581317863533
full_coverage_complete,rightbike-gai,42,0,0,5,True,False,True,0.5438509921224909,0.5438509921224909
full_coverage_complete,rightbike-gai,43,0,0,5,True,False,True,0.700766500028491,0.700766500028491
full_coverage_complete,rightbike-gai,44,0,0,5,True,False,True,0.7418018920867931,0.7418018920867931
full_coverage_complete,rightbike-gai,45,0,0,5,True,False,True,0.7010800443238562,0.7010800443238562
full_coverage_complete,rightbike-gai,46,0,0,5,True,False,True,0.7070097090690183,0.7070097090690183
full_coverage_complete,rightbike-gai,47,0,0,5,True,False,True,0.6248718449531083,0.6248718449531083
full_coverage_complete,rightbike-gai,113,0,0,6,True,False,True,0.7915740714666624,0.7915740714666624
full_coverage_complete,rightbike-gai,114,5,0,5,True,False,True,0.7492566181611792,0.8808195400895039
full_coverage_complete,rightbike-gai,115,5,0,5,True,False,True,0.8330050217833018,0.8021630395403249
full_coverage_complete,rightbike-gai,117,6,0,6,True,False,True,0.7765504249213142,0.5189939123330862
full_coverage_complete,rightbike-gai,118,0,0,2,True,False,True,0.23161721760376092,0.23161721760376092
full_coverage_complete,rightbike-gai,129,0,0,2,True,False,True,0.710006973998343,0.710006973998343
full_coverage_complete,rightbike-gai,343,0,0,1,True,False,True,0.8424853123091526,0.8424853123091526
full_coverage_complete,rightbike-gai,346,1,0,1,True,False,True,0.7723489469539181,0.1136894790858176
full_coverage_complete,rightbike-gai,377,0,0,1,True,False,True,0.5813961862696054,0.5813961862696054
full_coverage_complete,rightbike-gai,378,0,0,1,True,False,True,0.5556076127851147,0.5556076127851147
full_coverage_complete,rightbike-gai,385,0,0,1,True,False,True,0.5353587768676352,0.5353587768676352
full_coverage_complete,rightbike-gai,399,1,0,1,True,False,True,0.598206494526432,0.581114643291049
full_coverage_complete,rightblkboy4386,40,0,0,2,True,False,True,0.7478578727320757,0.7478578727320757
full_coverage_complete,rightblkboy4386,58,0,0,6,True,False,True,0.6438494481401079,0.6438494481401079
full_coverage_complete,rightblkboy4386,409,0,0,2,True,False,True,0.4334615850285995,0.4334615850285995
full_coverage_complete,rightblkboy4386,666,0,0,2,True,False,True,0.8799820320159046,0.8799820320159046
full_coverage_complete,rightblkboy4386,668,0,1,2,True,False,True,0.8191978896185501,0.0
full_coverage_complete,rightblkboy4386,669,0,0,5,True,False,True,0.0,0.9222793430690231
full_coverage_complete,rightblkboy4386,2222,0,0,0,False,False,True,0.9153164865204398,0.0
full_coverage_complete,rightblkboy4386,2264,6,0,6,True,False,True,0.5669329014773379,0.0
full_coverage_complete,rightblkboy4386,2265,6,0,6,True,False,True,0.5947214074782665,0.0
full_coverage_complete,rightblkboy4386,2650,0,0,6,True,False,True,0.7008355218230468,0.7008355218230468
full_coverage_complete,rightblkboy4386,2657,0,0,6,True,False,True,0.8389912218059937,0.8389912218059937
full_coverage_complete,rightblkboy4386,2658,0,0,2,True,False,True,0.86703417289696,0.86703417289696
full_coverage_complete,rightblkboy4386,3200,0,0,2,True,False,True,0.7491881395130782,0.7491881395130782
full_coverage_complete,rightblkboy4386,3201,0,0,2,True,False,True,0.6992433223711215,0.6992433223711215
full_coverage_complete,rightblkboy4386,3203,0,0,2,True,False,True,0.6664259776765314,0.6664259776765314
full_coverage_complete,rightblkboy4386,3204,0,0,4,True,False,True,0.858497842106576,0.858497842106576
full_coverage_complete,rightblkboy4386,3206,0,1,0,False,False,True,0.11412072613625372,0.0
full_coverage_complete,rightblkboy4386,3207,0,0,1,True,False,True,0.0,0.0
full_coverage_complete,rightblkboy4386,3211,0,0,2,True,False,True,0.0,0.0
full_coverage_complete,rightblkboy4386,3217,0,0,2,True,False,True,0.0,0.0
full_coverage_complete,rightblkboy4386,3218,0,0,2,True,False,True,0.0,0.0
full_coverage_complete,rightblkboy4386,3219,0,1,2,True,False,True,0.0,0.8740862072558249
full_coverage_complete,rightblkboy4386,3220,5,0,5,True,False,True,0.8309468334748771,0.8474823286935492
full_coverage_complete,rightblkboy4386,3221,0,0,2,True,False,True,0.8340842093929959,0.8340842093929959
full_coverage_complete,rightblkboy4386,3222,0,0,2,True,False,True,0.8264618994259079,0.8264618994259079
full_coverage_complete,rightblkboy4386,3223,0,0,2,True,False,True,0.8661996136778761,0.8661996136778761
full_coverage_complete,rightblkboy4386,3224,0,0,2,True,False,True,0.8158161355591047,0.8158161355591047
full_coverage_complete,rightblkboy4386,3225,0,0,2,True,False,True,0.8745533285995464,0.8745533285995464
full_coverage_complete,rightblkboy4386,3226,0,0,2,True,False,True,0.8335472451300591,0.8335472451300591
full_coverage_complete,rightblkboy4386,3228,0,0,2,True,False,True,0.7963596234881543,0.7963596234881543
full_coverage_complete,rightblkboy4386,3229,0,0,2,True,False,True,0.7028864369318844,0.7028864369318844
full_coverage_complete,rightblkboy4386,3230,0,0,2,True,False,True,0.7188772242886204,0.7188772242886204
full_coverage_complete,rightblkboy4386,3234,0,0,2,True,False,True,0.5602037605134357,0.5602037605134357
full_coverage_complete,rightblkboy4386,3238,0,0,2,True,False,True,0.7426755249828632,0.7426755249828632
full_coverage_complete,rightblkboy4386,3245,0,0,2,True,False,True,0.6825445059698053,0.6825445059698053
full_coverage_complete,rightblkboy4386,3252,0,1,0,False,False,True,0.7521622136134487,0.0
full_coverage_complete,rightblkboy4386,3253,6,0,6,True,False,True,0.0,0.0
full_coverage_complete,rightblkboy4386,3254,6,0,6,True,False,True,0.0,0.0
full_coverage_complete,rightblkboy4386,3260,0,0,5,True,False,True,0.0,0.0
full_coverage_complete,rightblkboy4386,3261,0,0,2,True,False,True,0.0,0.0
full_coverage_complete,rightblkboy4386,3262,0,0,6,True,False,True,0.0,0.0
full_coverage_complete,rightblkboy4386,3265,6,0,6,True,False,True,0.0,0.0
full_coverage_complete,rightblkboy4386,3270,6,0,6,True,False,True,0.22920548758864395,0.20618127897193983
full_coverage_complete,rightblkboy4386,3279,0,0,6,True,False,True,0.18783755671609292,0.18783755671609292
full_coverage_complete,rightblkboy4386,3281,0,0,6,True,False,True,0.3018059738985625,0.3018059738985625
full_coverage_complete,rightblkboy4386,3283,0,0,6,True,False,True,0.2663227950595355,0.2663227950595355
full_coverage_complete,rightblkboy4386,3284,0,0,2,True,False,True,0.21702019679304385,0.21702019679304385
full_coverage_complete,rightblkboy4386,3286,6,0,6,True,False,True,0.3849798816185693,0.3968696573309185
full_coverage_complete,rightblkboy4386,3288,0,0,2,True,False,True,0.2455942305730658,0.2455942305730658
full_coverage_complete,rightblkboy4386,3289,6,0,6,True,False,True,0.2928254023727629,0.42219507890531904
full_coverage_complete,rightblkboy4386,3293,0,0,2,True,False,True,0.5217274798879429,0.5217274798879429
full_coverage_complete,rightblkboy4386,3294,0,0,2,True,False,True,0.3465359595079719,0.3465359595079719
full_coverage_complete,rightblkboy4386,3295,6,0,6,True,False,True,0.18844632455683455,0.7316446710707604
full_coverage_complete,rightblkboy4386,3297,6,0,6,True,False,True,0.6952053119257474,0.8863971202995745
full_coverage_complete,rightblkboy4386,3300,6,2,6,True,False,True,0.9087918519921906,0.9241866724706165
full_coverage_complete,rightblkboy4386,3301,6,0,6,True,False,True,0.03890520066486741,0.93340762340398
full_coverage_complete,rightblkboy4386,3302,6,0,6,True,False,True,0.0,0.0
full_coverage_complete,rightblkboy4386,3303,0,0,6,True,False,True,0.0,0.0
full_coverage_complete,rightblkboy4386,3304,0,0,6,True,False,True,0.0,0.0
full_coverage_complete,rightblkboy4386,3305,6,0,6,True,False,True,0.0,0.8520871725592152
full_coverage_complete,rightblkboystand,276,0,0,2,True,False,True,0.299407598447256,0.299407598447256
full_coverage_complete,rightblkfatboyleftwhite,58,0,0,2,True,False,True,0.702807711462882,0.702807711462882
full_coverage_complete,rightblkfatboyleftwhite,63,0,0,2,True,False,True,0.6249496316613532,0.6249496316613532
full_coverage_complete,rightblkfatboyleftwhite,88,0,0,2,True,False,True,0.6656465784190383,0.6656465784190383
full_coverage_complete,rightblkfatboyleftwhite,116,0,0,2,True,False,True,0.6917390859714391,0.6917390859714391
full_coverage_complete,rightblkfatboyleftwhite,118,0,0,2,True,False,True,0.7051263282854305,0.7051263282854305
full_coverage_complete,rightblkfatboyleftwhite,120,0,0,2,True,False,True,0.7728062558923302,0.7728062558923302
full_coverage_complete,rightblkfatboyleftwhite,121,0,0,2,True,False,True,0.8389959652508723,0.8389959652508723
full_coverage_complete,rightblkfatboyleftwhite,122,2,0,2,True,False,True,0.8506850529954036,0.0
full_coverage_complete,rightblkfatboyleftwhite,123,0,0,5,True,False,True,0.0,0.0
full_coverage_complete,rightblkfatboyleftwhite,124,0,0,5,True,False,True,0.0,0.0
full_coverage_complete,rightblkfatboyleftwhite,125,5,0,5,True,False,True,0.0,0.0
full_coverage_complete,rightblkfatboyleftwhite,126,0,0,4,True,False,True,0.0,0.0
full_coverage_complete,rightblkfatboyleftwhite,127,0,0,4,True,False,True,0.0,0.0
full_coverage_complete,rightblkfatboyleftwhite,128,0,0,4,True,False,True,0.0,0.0
full_coverage_complete,rightblkfatboyleftwhite,130,0,0,4,True,False,True,0.0,0.0
full_coverage_complete,rightblkfatboyleftwhite,131,0,0,4,True,False,True,0.0,0.0
full_coverage_complete,rightblkfatboyleftwhite,132,0,0,4,True,False,True,0.0,0.0
full_coverage_complete,rightblkfatboyleftwhite,134,0,0,4,True,False,True,0.0,0.0
full_coverage_complete,rightblkfatboyleftwhite,135,0,0,4,True,False,True,0.0,0.0
full_coverage_complete,rightblkfatboyleftwhite,136,0,1,4,True,False,True,0.0,0.7454288003248067
full_coverage_complete,rightblkfatboyleftwhite,140,0,0,2,True,False,True,0.7267376936939978,0.7267376936939978
full_coverage_complete,rightblkfatboyleftwhite,145,0,0,2,True,False,True,0.8773960117926701,0.8773960117926701
full_coverage_complete,rightblkfatboyleftwhite,147,2,0,2,True,False,True,0.7097073362824836,0.0
full_coverage_complete,rightblkfatboyleftwhite,148,5,3,5,True,False,True,0.0,0.0
full_coverage_complete,rightblkfatboyleftwhite,149,0,0,5,True,False,True,0.0,0.0
full_coverage_complete,rightblkfatboyleftwhite,150,0,0,5,True,False,True,0.0,0.0
full_coverage_complete,rightblkfatboyleftwhite,151,0,0,1,True,False,True,0.0,0.0
full_coverage_complete,rightblkfatboyleftwhite,152,0,0,4,True,False,True,0.0,0.0
full_coverage_complete,rightblkfatboyleftwhite,153,0,0,4,True,False,True,0.0,0.0
full_coverage_complete,rightblkfatboyleftwhite,154,0,0,4,True,False,True,0.0,0.0
full_coverage_complete,rightblkfatboyleftwhite,155,0,0,4,True,False,True,0.0,0.0
full_coverage_complete,rightblkfatboyleftwhite,156,0,0,4,True,False,True,0.0,0.0
full_coverage_complete,rightblkfatboyleftwhite,157,0,0,4,True,False,True,0.0,0.0
full_coverage_complete,rightblkfatboyleftwhite,158,0,0,4,True,False,True,0.0,0.0
full_coverage_complete,rightblkfatboyleftwhite,159,0,0,4,True,False,True,0.0,0.0
full_coverage_complete,rightblkfatboyleftwhite,160,0,0,4,True,False,True,0.0,0.0
full_coverage_complete,rightblkfatboyleftwhite,161,0,0,4,True,False,True,0.0,0.0
full_coverage_complete,rightblkfatboyleftwhite,162,0,0,4,True,False,True,0.0,0.0
full_coverage_complete,rightblkfatboyleftwhite,163,0,0,4,True,False,True,0.0,0.0
full_coverage_complete,rightblkfatboyleftwhite,164,0,0,4,True,False,True,0.0,0.0
full_coverage_complete,rightblkfatboyleftwhite,165,4,0,4,True,False,True,0.0,0.0
full_coverage_complete,rightblkfatboyleftwhite,166,0,0,5,True,False,True,0.0,0.0
full_coverage_complete,rightblkfatboyleftwhite,167,0,0,5,True,False,True,0.0,0.0
full_coverage_complete,rightblkfatboyleftwhite,168,0,0,4,True,False,True,0.0,0.0
full_coverage_complete,rightblkfatboyleftwhite,169,0,0,4,True,False,True,0.0,0.0
full_coverage_complete,rightblkfatboyleftwhite,170,0,0,4,True,False,True,0.0,0.0
full_coverage_complete,rightblkfatboyleftwhite,171,0,0,4,True,False,True,0.0,0.0
full_coverage_complete,rightblkfatboyleftwhite,172,4,4,4,True,False,True,0.0,0.0
full_coverage_complete,rightblkfatboyleftwhite,173,0,0,4,True,False,True,0.0,0.0
full_coverage_complete,rightblkfatboyleftwhite,174,4,0,4,True,False,True,0.0,0.0
full_coverage_complete,rightblkfatboyleftwhite,175,0,0,4,True,False,True,0.0,0.0
full_coverage_complete,rightblkfatboyleftwhite,176,4,0,4,True,False,True,0.0,0.0
full_coverage_complete,rightblkfatboyleftwhite,177,0,0,4,True,False,True,0.0,0.0
full_coverage_complete,rightblkfatboyleftwhite,178,4,2,4,True,False,True,0.0,0.0
full_coverage_complete,rightblkfatboyleftwhite,179,0,0,4,True,False,True,0.0,0.0
full_coverage_complete,rightblkfatboyleftwhite,180,4,3,4,True,False,True,0.0,0.0
full_coverage_complete,rightblkfatboyleftwhite,181,0,0,4,True,False,True,0.0,0.0
full_coverage_complete,rightblkfatboyleftwhite,182,4,0,4,True,False,True,0.0,0.0
full_coverage_complete,rightblkfatboyleftwhite,183,0,0,4,True,False,True,0.0,0.0
full_coverage_complete,rightblkfatboyleftwhite,184,0,0,4,True,False,True,0.0,0.0
full_coverage_complete,rightblkfatboyleftwhite,185,4,0,4,True,False,True,0.0,0.0
full_coverage_complete,rightblkfatboyleftwhite,186,4,0,4,True,False,True,0.0,0.0
full_coverage_complete,rightblkfatboyleftwhite,187,0,0,4,True,False,True,0.0,0.0
full_coverage_complete,rightblkfatboyleftwhite,188,0,0,1,True,False,True,0.0,0.0
full_coverage_complete,rightblkfatboyleftwhite,189,4,0,4,True,False,True,0.0,0.0
full_coverage_complete,rightblkfatboyleftwhite,190,0,0,4,True,False,True,0.0,0.0
full_coverage_complete,rightblkfatboyleftwhite,191,0,0,4,True,False,True,0.0,0.0
full_coverage_complete,rightblkfatboyleftwhite,192,0,0,4,True,False,True,0.0,0.0
full_coverage_complete,rightblkfatboyleftwhite,193,4,4,4,True,False,True,0.0,0.0
full_coverage_complete,rightblkfatboyleftwhite,194,0,0,4,True,False,True,0.0,0.0
full_coverage_complete,rightblkfatboyleftwhite,195,4,1,4,True,False,True,0.0,0.0
full_coverage_complete,rightblkfatboyleftwhite,196,4,1,4,True,False,True,0.0,0.0
full_coverage_complete,rightblkfatboyleftwhite,197,4,3,4,True,False,True,0.0,0.0
full_coverage_complete,rightblkfatboyleftwhite,198,0,0,4,True,False,True,0.0,0.0
full_coverage_complete,rightblkfatboyleftwhite,199,0,0,4,True,False,True,0.0,0.0
full_coverage_complete,rightblkfatboyleftwhite,200,4,4,4,True,False,True,0.0,0.0
full_coverage_complete,rightblkfatboyleftwhite,201,0,0,4,True,False,True,0.0,0.0
full_coverage_complete,rightblkfatboyleftwhite,202,4,1,4,True,False,True,0.0,0.0
full_coverage_complete,rightblkfatboyleftwhite,203,0,0,4,True,False,True,0.0,0.0
full_coverage_complete,rightblkfatboyleftwhite,204,4,3,4,True,False,True,0.0,0.0
full_coverage_complete,rightblkfatboyleftwhite,205,4,2,4,True,False,True,0.0,0.0
full_coverage_complete,rightblkfatboyleftwhite,206,4,3,4,True,False,True,0.0,0.0
full_coverage_complete,rightblkfatboyleftwhite,207,0,0,4,True,False,True,0.0,0.0
full_coverage_complete,rightblkfatboyleftwhite,208,0,0,4,True,False,True,0.0,0.0
full_coverage_complete,rightblkfatboyleftwhite,209,0,0,4,True,False,True,0.0,0.0
full_coverage_complete,rightblkfatboyleftwhite,210,4,1,4,True,False,True,0.0,0.0
full_coverage_complete,rightblkfatboyleftwhite,211,0,0,4,True,False,True,0.0,0.0
full_coverage_complete,rightblkfatboyleftwhite,212,4,0,4,True,False,True,0.0,0.0
full_coverage_complete,rightblkfatboyleftwhite,213,0,0,4,True,False,True,0.0,0.0
full_coverage_complete,rightblkfatboyleftwhite,215,4,0,4,True,False,True,0.0,0.0
full_coverage_complete,rightblkfatboyleftwhite,216,4,0,4,True,False,True,0.0,0.0
full_coverage_complete,rightblkfatboyleftwhite,217,4,0,4,True,False,True,0.0,0.0
full_coverage_complete,rightblkfatboyleftwhite,218,4,0,4,True,False,True,0.0,0.0
full_coverage_complete,rightblkfatboyleftwhite,219,0,0,4,True,False,True,0.0,0.0
full_coverage_complete,rightblkfatboyleftwhite,220,0,0,4,True,False,True,0.0,0.0
full_coverage_complete,rightblkfatboyleftwhite,221,0,0,4,True,False,True,0.0,0.0
full_coverage_complete,rightblkfatboyleftwhite,222,0,0,4,True,False,True,0.0,0.0
full_coverage_complete,rightblkfatboyleftwhite,223,0,0,4,True,False,True,0.0,0.0
full_coverage_complete,rightblkfatboyleftwhite,224,4,1,4,True,False,True,0.0,0.0
full_coverage_complete,rightblkfatboyleftwhite,225,0,0,4,True,False,True,0.0,0.0
full_coverage_complete,rightblkfatboyleftwhite,226,0,0,4,True,False,True,0.0,0.0
full_coverage_complete,rightblkfatboyleftwhite,227,4,0,4,True,False,True,0.0,0.0
full_coverage_complete,rightblkfatboyleftwhite,228,0,0,4,True,False,True,0.0,0.0
full_coverage_complete,rightblkfatboyleftwhite,229,0,0,4,True,False,True,0.0,0.0
full_coverage_complete,rightblkfatboyleftwhite,230,4,2,4,True,False,True,0.0,0.0
full_coverage_complete,rightblkfatboyleftwhite,231,4,0,4,True,False,True,0.0,0.0
full_coverage_complete,rightblkfatboyleftwhite,232,0,0,4,True,False,True,0.0,0.0
full_coverage_complete,rightblkfatboyleftwhite,233,0,0,4,True,False,True,0.0,0.0
full_coverage_complete,rightblkfatboyleftwhite,234,4,2,4,True,False,True,0.0,0.0
full_coverage_complete,rightblkfatboyleftwhite,235,0,0,4,True,False,True,0.0,0.0
full_coverage_complete,rightblkfatboyleftwhite,236,0,0,4,True,False,True,0.0,0.0
full_coverage_complete,rightblkfatboyleftwhite,237,0,0,4,True,False,True,0.0,0.0
full_coverage_complete,rightblkfatboyleftwhite,238,0,0,4,True,False,True,0.0,0.0
full_coverage_complete,rightblkfatboyleftwhite,239,0,0,4,True,False,True,0.0,0.0
full_coverage_complete,rightblkfatboyleftwhite,241,0,0,4,True,False,True,0.0,0.0
full_coverage_complete,rightblkfatboyleftwhite,242,0,0,4,True,False,True,0.0,0.0
full_coverage_complete,rightblkfatboyleftwhite,243,0,0,4,True,False,True,0.0,0.0
full_coverage_complete,rightblkfatboyleftwhite,244,4,1,4,True,False,True,0.0,0.0
full_coverage_complete,rightblkfatboyleftwhite,245,0,0,4,True,False,True,0.0,0.0
full_coverage_complete,rightblkfatboyleftwhite,246,0,0,4,True,False,True,0.0,0.0
full_coverage_complete,rightblkfatboyleftwhite,247,4,1,4,True,False,True,0.0,0.0
full_coverage_complete,rightblkfatboyleftwhite,248,0,0,4,True,False,True,0.0,0.0
full_coverage_complete,rightblkfatboyleftwhite,249,4,0,4,True,False,True,0.0,0.0
full_coverage_complete,rightblkfatboyleftwhite,250,4,2,4,True,False,True,0.0,0.0
full_coverage_complete,rightblkfatboyleftwhite,251,4,4,4,True,False,True,0.0,0.0
full_coverage_complete,rightblkfatboyleftwhite,252,4,1,4,True,False,True,0.0,0.0
full_coverage_complete,rightblkfatboyleftwhite,253,0,0,4,True,False,True,0.0,0.0
full_coverage_complete,rightblkfatboyleftwhite,254,4,2,4,True,False,True,0.0,0.0
full_coverage_complete,rightblkfatboyleftwhite,255,4,0,4,True,False,True,0.0,0.0
full_coverage_complete,rightblkfatboyleftwhite,256,0,0,2,True,False,True,0.0,0.0
full_coverage_complete,rightblkfatboyleftwhite,257,0,0,1,True,False,True,0.0,0.0
full_coverage_complete,rightblkfatboyleftwhite,258,4,0,4,True,False,True,0.0,0.0
full_coverage_complete,rightblkfatboyleftwhite,259,5,0,5,True,False,True,0.0,0.0
full_coverage_complete,rightblkfatboyleftwhite,260,5,0,5,True,False,True,0.0,0.0
full_coverage_complete,rightblkfatboyleftwhite,261,4,0,4,True,False,True,0.0,0.0
full_coverage_complete,rightblkfatboyleftwhite,262,0,0,4,True,False,True,0.0,0.0
full_coverage_complete,rightblkfatboyleftwhite,263,0,0,4,True,False,True,0.0,0.0
full_coverage_complete,rightblkfatboyleftwhite,264,4,2,4,True,False,True,0.0,0.0
full_coverage_complete,rightblkfatboyleftwhite,265,0,0,4,True,False,True,0.0,0.0
full_coverage_complete,rightblkfatboyleftwhite,266,0,0,4,True,False,True,0.0,0.0
full_coverage_complete,rightblkfatboyleftwhite,267,0,0,4,True,False,True,0.0,0.0
full_coverage_complete,rightblkfatboyleftwhite,268,4,4,4,True,False,True,0.0,0.0
full_coverage_complete,rightblkfatboyleftwhite,269,0,0,5,True,False,True,0.0,0.0
full_coverage_complete,rightblkfatboyleftwhite,270,4,3,4,True,False,True,0.0,0.0
full_coverage_complete,rightblkfatboyleftwhite,271,0,0,5,True,False,True,0.0,0.0
full_coverage_complete,rightblkfatboyleftwhite,272,0,0,4,True,False,True,0.0,0.0
full_coverage_complete,rightblkfatboyleftwhite,273,4,1,4,True,False,True,0.0,0.0
full_coverage_complete,rightblkfatboyleftwhite,274,4,2,4,True,False,True,0.0,0.0
full_coverage_complete,rightblkfatboyleftwhite,275,0,0,4,True,False,True,0.0,0.0
full_coverage_complete,rightblkfatboyleftwhite,276,0,0,4,True,False,True,0.0,0.0
full_coverage_complete,rightblkfatboyleftwhite,277,0,0,5,True,False,True,0.0,0.0
full_coverage_complete,rightblkfatboyleftwhite,278,4,3,4,True,False,True,0.0,0.0
full_coverage_complete,rightblkfatboyleftwhite,279,0,1,5,True,False,True,0.0,0.0
full_coverage_complete,rightblkfatboyleftwhite,280,0,0,4,True,False,True,0.0,0.0
full_coverage_complete,rightblkfatboyleftwhite,281,0,0,4,True,False,True,0.0,0.0
full_coverage_complete,rightblkfatboyleftwhite,282,0,0,4,True,False,True,0.0,0.0
full_coverage_complete,rightblkfatboyleftwhite,283,0,0,4,True,False,True,0.0,0.0
full_coverage_complete,rightblkfatboyleftwhite,284,0,0,4,True,False,True,0.0,0.0
full_coverage_complete,rightblkfatboyleftwhite,285,0,0,4,True,False,True,0.0,0.0
full_coverage_complete,rightblkfatboyleftwhite,286,0,0,4,True,False,True,0.0,0.0
full_coverage_complete,rightblkfatboyleftwhite,287,0,0,4,True,False,True,0.0,0.0
full_coverage_complete,rightblkfatboyleftwhite,288,0,0,4,True,False,True,0.0,0.0
full_coverage_complete,rightblkfatboyleftwhite,289,0,0,4,True,False,True,0.0,0.0
full_coverage_complete,rightblkfatboyleftwhite,290,0,0,4,True,False,True,0.0,0.0
full_coverage_complete,rightblkfatboyleftwhite,291,4,1,4,True,False,True,0.0,0.0
full_coverage_complete,rightblkfatboyleftwhite,292,0,0,5,True,False,True,0.0,0.0
full_coverage_complete,rightblkfatboyleftwhite,293,0,0,4,True,False,True,0.0,0.0
full_coverage_complete,rightblkfatboyleftwhite,294,0,0,4,True,False,True,0.0,0.0
full_coverage_complete,rightblkfatboyleftwhite,295,0,0,4,True,False,True,0.0,0.0
full_coverage_complete,rightblkfatboyleftwhite,296,4,0,4,True,False,True,0.0,0.0
full_coverage_complete,rightblkfatboyleftwhite,297,4,1,4,True,False,True,0.0,0.0
full_coverage_complete,rightblkfatboyleftwhite,298,4,0,4,True,False,True,0.0,0.0
full_coverage_complete,rightblkfatboyleftwhite,301,0,0,4,True,False,True,0.0,0.0
full_coverage_complete,rightblkfatboyleftwhite,302,4,0,4,True,False,True,0.0,0.0
full_coverage_complete,rightblkfatboyleftwhite,303,4,0,4,True,False,True,0.0,0.0
full_coverage_complete,rightblkfatboyleftwhite,304,0,0,4,True,False,True,0.0,0.0
full_coverage_complete,rightblkfatboyleftwhite,305,4,0,4,True,False,True,0.0,0.0
full_coverage_complete,rightblkfatboyleftwhite,306,0,0,4,True,False,True,0.0,0.0
full_coverage_complete,rightblkfatboyleftwhite,307,4,0,4,True,False,True,0.0,0.0
full_coverage_complete,rightblkfatboyleftwhite,308,0,0,4,True,False,True,0.0,0.0
full_coverage_complete,rightblkfatboyleftwhite,309,0,0,4,True,False,True,0.0,0.0
full_coverage_complete,rightblkfatboyleftwhite,310,0,0,4,True,False,True,0.0,0.0
full_coverage_complete,rightblkfatboyleftwhite,311,4,0,4,True,False,True,0.0,0.0
full_coverage_complete,rightblkfatboyleftwhite,314,0,0,4,True,False,True,0.0,0.0
full_coverage_complete,rightblkfatboyleftwhite,315,4,0,4,True,False,True,0.0,0.0
full_coverage_complete,rightblkfatboyleftwhite,316,0,0,4,True,False,True,0.0,0.0
full_coverage_complete,rightblkfatboyleftwhite,317,4,0,4,True,False,True,0.0,0.0
full_coverage_complete,rightblkfatboyleftwhite,318,0,0,4,True,False,True,0.0,0.0
full_coverage_complete,rightblkfatboyleftwhite,319,4,0,4,True,False,True,0.0,0.0
full_coverage_complete,rightblkfatboyleftwhite,320,0,0,4,True,False,True,0.0,0.0
full_coverage_complete,rightblkfatboyleftwhite,321,4,1,4,True,False,True,0.0,0.0
full_coverage_complete,rightblkfatboyleftwhite,322,0,0,4,True,False,True,0.0,0.0
full_coverage_complete,rightblkfatboyleftwhite,323,4,2,4,True,False,True,0.0,0.0
full_coverage_complete,rightblkfatboyleftwhite,324,0,0,4,True,False,True,0.0,0.0
full_coverage_complete,rightblkfatboyleftwhite,325,0,0,2,True,False,True,0.0,0.0
full_coverage_complete,rightblkfatboyleftwhite,326,0,0,4,True,False,True,0.0,0.0
full_coverage_complete,rightblkfatboyleftwhite,327,0,0,4,True,False,True,0.0,0.0
full_coverage_complete,rightblkfatboyleftwhite,328,0,0,4,True,False,True,0.0,0.0
full_coverage_complete,rightblkfatboyleftwhite,329,4,0,4,True,False,True,0.0,0.0
full_coverage_complete,rightblkfatboyleftwhite,330,0,0,4,True,False,True,0.0,0.0
full_coverage_complete,rightblkfatboyleftwhite,331,0,0,4,True,False,True,0.0,0.0
full_coverage_complete,rightblkfatboyleftwhite,332,4,0,4,True,False,True,0.0,0.0
full_coverage_complete,rightblkfatboyleftwhite,333,4,1,4,True,False,True,0.0,0.0
full_coverage_complete,rightblkfatboyleftwhite,334,4,3,4,True,False,True,0.0,0.0
full_coverage_complete,rightblkfatboyleftwhite,335,0,0,4,True,False,True,0.0,0.0
full_coverage_complete,rightblkfatboyleftwhite,336,4,0,4,True,False,True,0.0,0.0
full_coverage_complete,rightblkfatboyleftwhite,337,0,0,4,True,False,True,0.0,0.0
full_coverage_complete,rightblkfatboyleftwhite,342,0,0,2,True,False,True,0.0,0.0
full_coverage_complete,rightblkfatboyleftwhite,343,4,0,4,True,False,True,0.0,0.0
full_coverage_complete,rightblkfatboyleftwhite,344,0,0,4,True,False,True,0.0,0.0
full_coverage_complete,rightblkfatboyleftwhite,345,0,0,4,True,False,True,0.0,0.0
full_coverage_complete,rightblkfatboyleftwhite,346,0,0,4,True,False,True,0.0,0.0
full_coverage_complete,rightblkfatboyleftwhite,347,0,1,4,True,False,True,0.0,0.0
full_coverage_complete,rightblkfatboyleftwhite,348,0,0,1,True,False,True,0.0,0.0
full_coverage_complete,rightblkfatboyleftwhite,349,0,0,4,True,False,True,0.0,0.0
full_coverage_complete,rightblkfatboyleftwhite,350,0,0,4,True,False,True,0.0,0.0
full_coverage_complete,rightblkfatboyleftwhite,351,0,0,4,True,False,True,0.0,0.0
full_coverage_complete,rightblkfatboyleftwhite,352,0,0,4,True,False,True,0.0,0.0
full_coverage_complete,rightblkfatboyleftwhite,353,0,0,4,True,False,True,0.0,0.0
full_coverage_complete,rightblkfatboyleftwhite,354,0,0,4,True,False,True,0.0,0.0
full_coverage_complete,rightblkfatboyleftwhite,355,4,1,4,True,False,True,0.0,0.0
full_coverage_complete,rightblkfatboyleftwhite,356,0,0,4,True,False,True,0.0,0.0
full_coverage_complete,rightblkfatboyleftwhite,357,0,0,4,True,False,True,0.0,0.0
full_coverage_complete,rightblkfatboyleftwhite,358,4,1,4,True,False,True,0.0,0.0
full_coverage_complete,rightblkfatboyleftwhite,359,4,0,4,True,False,True,0.0,0.0
full_coverage_complete,rightblkfatboyleftwhite,360,4,0,4,True,False,True,0.0,0.0
full_coverage_complete,rightblkfatboyleftwhite,361,0,0,4,True,False,True,0.0,0.0
full_coverage_complete,rightblkfatboyleftwhite,362,0,0,4,True,False,True,0.0,0.0
full_coverage_complete,rightblkfatboyleftwhite,363,0,0,4,True,False,True,0.0,0.0
full_coverage_complete,rightblkfatboyleftwhite,364,0,0,1,True,False,True,0.0,0.0
full_coverage_complete,rightblkfatboyleftwhite,365,0,0,4,True,False,True,0.0,0.0
full_coverage_complete,rightblkfatboyleftwhite,366,0,0,4,True,False,True,0.0,0.0
full_coverage_complete,rightblkfatboyleftwhite,367,5,0,5,True,False,True,0.0,0.0
full_coverage_complete,rightblkfatboyleftwhite,368,0,0,1,True,False,True,0.0,0.0
full_coverage_complete,rightblkfatboyleftwhite,369,0,0,4,True,False,True,0.0,0.0
full_coverage_complete,rightblkfatboyleftwhite,370,0,0,4,True,False,True,0.0,0.0
full_coverage_complete,rightblkfatboyleftwhite,371,0,0,4,True,False,True,0.0,0.0
full_coverage_complete,rightblkfatboyleftwhite,372,0,0,4,True,False,True,0.0,0.0
full_coverage_complete,rightblkfatboyleftwhite,373,0,0,4,True,False,True,0.0,0.0
full_coverage_complete,rightblkfatboyleftwhite,374,0,0,4,True,False,True,0.0,0.0
full_coverage_complete,rightblkfatboyleftwhite,375,0,0,1,True,False,True,0.0,0.0
full_coverage_complete,rightblkfatboyleftwhite,376,0,0,4,True,False,True,0.0,0.0
full_coverage_complete,rightblkfatboyleftwhite,377,0,0,5,True,False,True,0.0,0.0
full_coverage_complete,rightblkfatboyleftwhite,378,0,0,4,True,False,True,0.0,0.0
full_coverage_complete,rightblkfatboyleftwhite,379,0,0,4,True,False,True,0.0,0.0
full_coverage_complete,rightblkfatboyleftwhite,380,0,0,4,True,False,True,0.0,0.0
full_coverage_complete,rightblkfatboyleftwhite,381,0,0,4,True,False,True,0.0,0.0
full_coverage_complete,rightblkfatboyleftwhite,382,0,0,4,True,False,True,0.0,0.0
full_coverage_complete,rightblkfatboyleftwhite,383,0,0,4,True,False,True,0.0,0.0
full_coverage_complete,rightblkfatboyleftwhite,384,0,0,4,True,False,True,0.0,0.0
full_coverage_complete,rightblkfatboyleftwhite,385,0,1,4,True,False,True,0.0,0.0
full_coverage_complete,rightbottlecomes,37,0,0,1,True,False,True,0.7414450524906652,0.7414450524906652
full_coverage_complete,rightbottlecomes,38,0,0,4,True,False,True,0.717224458898661,0.717224458898661
full_coverage_complete,rightbottlecomes,44,0,0,1,True,False,True,0.07640881092367766,0.07640881092367766
full_coverage_complete,rightbottlecomes,45,0,0,1,True,False,True,0.0,0.0
full_coverage_complete,rightbottlecomes,54,0,0,1,True,False,True,0.381614779525062,0.381614779525062
full_coverage_complete,rightbottlecomes,57,0,0,1,True,False,True,0.4303605423005455,0.4303605423005455
full_coverage_complete,rightbottlecomes,58,0,0,1,True,False,True,0.4510118560154329,0.4510118560154329
full_coverage_complete,rightbottlecomes,65,0,0,1,True,False,True,0.5094388668602581,0.5094388668602581
full_coverage_complete,rightbottlecomes,66,0,0,1,True,False,True,0.553102598246996,0.553102598246996
full_coverage_complete,rightbottlecomes,67,0,0,1,True,False,True,0.6918922881236141,0.6918922881236141
full_coverage_complete,rightbottlecomes,89,0,0,6,True,False,True,0.6739600876512079,0.6739600876512079
full_coverage_complete,rightbottlecomes,90,0,0,1,True,False,True,0.7455170850854882,0.7455170850854882
full_coverage_complete,rightbottlecomes,91,0,0,1,True,False,True,0.8033147168811637,0.8033147168811637
full_coverage_complete,rightbottlecomes,92,0,0,5,True,False,True,0.7853410138926262,0.7853410138926262
full_coverage_complete,rightbottlecomes,93,5,2,5,True,False,True,0.5660967727909505,0.4625786067368112
full_coverage_complete,rightbottlecomes,95,4,0,4,True,False,True,0.5245502479507248,0.0
full_coverage_complete,rightbottlecomes,96,0,0,5,True,False,True,0.0,0.0
full_coverage_complete,rightbottlecomes,98,0,0,1,True,False,True,0.0,0.0
full_coverage_complete,rightbottlecomes,99,0,0,1,True,False,True,0.0,0.0
full_coverage_complete,rightbottlecomes,100,0,0,1,True,False,True,0.0,0.0
full_coverage_complete,rightbottlecomes,101,0,0,1,True,False,True,0.0,0.0
full_coverage_complete,rightbottlecomes,103,0,0,1,True,False,True,0.0,0.0
full_coverage_complete,rightbottlecomes,104,0,2,1,True,False,True,0.0,0.8287824438319964
full_coverage_complete,rightbottlecomes,116,0,0,4,True,False,True,0.3051561902199653,0.3051561902199653
full_coverage_complete,rightbottlecomes,121,0,0,2,True,False,True,0.7322021139220728,0.7322021139220728
full_coverage_complete,rightbottlecomes,122,0,0,4,True,False,True,0.6421641872162144,0.6421641872162144
full_coverage_complete,rightbottlecomes,123,0,0,1,True,False,True,0.6369634840718956,0.6369634840718956
full_coverage_complete,rightbottlecomes,124,0,0,1,True,False,True,0.7123457578905479,0.7123457578905479
full_coverage_complete,rightbottlecomes,132,0,1,0,False,False,True,0.7160101200318676,0.0
full_coverage_complete,rightbottlecomes,145,0,0,1,True,False,True,0.0,0.0
full_coverage_complete,rightbottlecomes,147,0,1,0,False,False,True,0.0,0.7665946338475643
full_coverage_complete,rightbottlecomes,158,0,0,1,True,False,True,0.7705903627128938,0.7705903627128938
full_coverage_complete,rightbottlecomes,159,0,1,5,True,False,True,0.41871341142455537,0.0
full_coverage_complete,rightbottlecomes,160,5,0,5,True,False,True,0.0,0.0
full_coverage_complete,rightbottlecomes,161,0,0,5,True,False,True,0.0076990327252426695,0.0076990327252426695
full_coverage_complete,rightbottlecomes,162,0,0,1,True,False,True,0.0,0.0
full_coverage_complete,rightbottlecomes,163,1,2,1,True,False,True,0.0,0.6787477902761551
full_coverage_complete,rightbottlecomes,164,5,2,5,True,False,True,0.39659148785477755,0.3460726448300584
full_coverage_complete,rightbottlecomes,165,0,0,4,True,False,True,0.5634569682738939,0.5634569682738939
full_coverage_complete,rightbottlecomes,166,5,0,5,True,False,True,0.3562904917194694,0.0
full_coverage_complete,rightbottlecomes,168,0,0,1,True,False,True,0.0,0.0
full_coverage_complete,rightbottlecomes,169,0,0,1,True,False,True,0.0,0.0
full_coverage_complete,rightbottlecomes,170,0,0,1,True,False,True,0.0,0.0
full_coverage_complete,rightbottlecomes,173,0,1,0,False,False,True,0.0,0.9006989836071905
full_coverage_complete,rightbottlecomes,177,5,0,5,True,False,True,0.7314161796643975,0.763404484561972
full_coverage_complete,rightbottlecomes,178,4,4,4,True,False,True,0.4748194913538727,0.0
full_coverage_complete,rightbottlecomes,179,0,0,5,True,False,True,0.0,0.0
full_coverage_complete,rightbottlecomes,185,0,0,1,True,False,True,0.0,0.0
full_coverage_complete,rightbottlecomes,186,0,0,1,True,False,True,0.0,0.0
full_coverage_complete,rightbottlecomes,187,0,0,1,True,False,True,0.0,0.0
full_coverage_complete,rightbottlecomes,188,0,0,1,True,False,True,0.0,0.0
full_coverage_complete,rightbottlecomes,189,0,0,1,True,False,True,0.0,0.0
full_coverage_complete,rightbottlecomes,204,0,0,1,True,False,True,0.0,0.0
full_coverage_complete,rightbottlecomes,205,0,0,1,True,False,True,0.0,0.0
full_coverage_complete,rightbottlecomes,206,0,0,2,True,False,True,0.0,0.0
full_coverage_complete,rightbottlecomes,207,0,0,2,True,False,True,0.0,0.0
full_coverage_complete,rightbottlecomes,213,0,0,5,True,False,True,0.826160868492229,0.826160868492229
full_coverage_complete,rightbottlecomes,216,0,0,6,True,False,True,0.8374778668787457,0.8374778668787457
full_coverage_complete,rightbottlecomes,217,0,0,6,True,False,True,0.7675526058259022,0.7675526058259022
full_coverage_complete,rightbottlecomes,218,0,1,6,True,False,True,0.5929827881500461,0.0
full_coverage_complete,rightbottlecomes,219,0,0,5,True,False,True,0.0,0.0
full_coverage_complete,rightbottlecomes,221,0,0,1,True,False,True,0.0,0.0
full_coverage_complete,rightbottlecomes,222,0,0,1,True,False,True,0.0,0.0
full_coverage_complete,rightbottlecomes,223,0,0,1,True,False,True,0.0,0.0
full_coverage_complete,rightbottlecomes,224,0,0,1,True,False,True,0.0,0.0
full_coverage_complete,rightbottlecomes,225,1,1,1,True,False,True,0.0,0.6424068644822858
full_coverage_complete,rightbottlecomes,226,0,0,1,True,False,True,0.7323862183156551,0.7323862183156551
full_coverage_complete,rightbottlecomes,227,0,1,0,False,False,True,0.770263797449877,0.0
full_coverage_complete,rightbottlecomes,228,5,0,5,True,False,True,0.0,0.0
full_coverage_complete,rightbottlecomes,229,0,0,4,True,False,True,0.0,0.0
full_coverage_complete,rightbottlecomes,233,6,0,6,True,False,True,0.6358687616416879,0.53511125119237
full_coverage_complete,rightbottlecomes,235,5,0,5,True,False,True,0.29559287618211433,0.2754487520604577
full_coverage_complete,rightbottlecomes,236,0,0,5,True,False,True,0.4564391642373857,0.4564391642373857
full_coverage_complete,rightbottlecomes,237,6,0,6,True,False,True,0.7538472999797097,0.23638303297889193
full_coverage_complete,rightbottlecomes,238,0,0,5,True,False,True,0.13717655742644944,0.13717655742644944
full_coverage_complete,rightbottlecomes,239,0,0,5,True,False,True,0.0,0.697786156431641
full_coverage_complete,rightbottlecomes,240,0,0,1,True,False,True,0.5494509260469957,0.5494509260469957
full_coverage_complete,rightbottlecomes,242,0,0,6,True,False,True,0.657257417305969,0.657257417305969
full_coverage_complete,rightbottlecomes,243,0,0,6,True,False,True,0.6093725678247555,0.6093725678247555
full_coverage_complete,rightbottlecomes,244,0,0,6,True,False,True,0.42142256984267357,0.42142256984267357
full_coverage_complete,rightbottlecomes,245,0,0,5,True,False,True,0.3238233254952517,0.3238233254952517
full_coverage_complete,rightbottlecomes,246,0,0,6,True,False,True,0.4055312045158281,0.4055312045158281
full_coverage_complete,rightbottlecomes,247,0,0,6,True,False,True,0.568919152333534,0.568919152333534
full_coverage_complete,rightbottlecomes,249,0,0,5,True,False,True,0.7389184672221204,0.7389184672221204
full_coverage_complete,rightbottlecomes,255,5,0,5,True,False,True,0.7936452132245868,0.0
full_coverage_complete,rightbottlecomes,256,0,0,6,True,False,True,0.0040948493808322635,0.0040948493808322635
full_coverage_complete,rightbottlecomes,257,0,0,6,True,False,True,0.005324216875807276,0.005324216875807276
full_coverage_complete,rightbottlecomes,258,0,0,0,False,False,True,0.010232221641952262,0.6835474842429756
full_coverage_complete,rightbottlecomes,261,0,0,6,True,False,True,0.682700879838441,0.682700879838441
full_coverage_complete,rightbottlecomes,262,0,0,6,True,False,True,0.4546442641644762,0.4546442641644762
full_coverage_complete,rightbottlecomes,266,0,0,5,True,False,True,0.0,0.0
full_coverage_complete,rightbottlecomes,268,0,0,5,True,False,True,0.005559201937329254,0.005559201937329254
full_coverage_complete,rightbottlecomes,269,0,0,5,True,False,True,0.020045442915735144,0.020045442915735144
full_coverage_complete,rightbottlecomes,270,0,0,6,True,False,True,0.00803400545829135,0.00803400545829135
full_coverage_complete,rightbottlecomes,271,0,0,5,True,False,True,0.012773839112446396,0.012773839112446396
full_coverage_complete,rightbottlecomes,272,0,0,6,True,False,True,0.02369822558673844,0.02369822558673844
full_coverage_complete,rightbottlecomes,273,0,0,2,True,False,True,0.07953445630014955,0.07953445630014955
full_coverage_complete,rightbottlecomes,274,0,0,6,True,False,True,0.043470927436865106,0.043470927436865106
full_coverage_complete,rightbottlecomes,275,5,0,5,True,False,True,0.12491935434559136,0.1259392152153605
full_coverage_complete,rightbottlecomes,276,6,0,6,True,False,True,0.7726667246457585,0.7818702350618425
full_coverage_complete,rightbottlecomes,277,0,0,6,True,False,True,0.6638895713033757,0.6638895713033757
full_coverage_complete,rightbottlecomes,278,0,0,1,True,False,True,0.5776814818402956,0.5776814818402956
full_coverage_complete,rightbottlecomes,279,0,0,1,True,False,True,0.4958772954519076,0.4958772954519076
full_coverage_complete,rightbottlecomes,280,0,0,1,True,False,True,0.5237239117182646,0.5237239117182646
full_coverage_complete,rightbottlecomes,281,0,0,1,True,False,True,0.49605524475703316,0.49605524475703316
full_coverage_complete,rightbottlecomes,282,0,0,1,True,False,True,0.5012119597208824,0.5012119597208824
full_coverage_complete,rightbottlecomes,283,0,0,1,True,False,True,0.5109076890501797,0.5109076890501797
full_coverage_complete,rightbottlecomes,284,0,0,1,True,False,True,0.4658653954131027,0.4658653954131027
full_coverage_complete,rightbottlecomes,285,0,0,1,True,False,True,0.7145937841409918,0.7145937841409918
full_coverage_complete,rightbottlecomes,286,0,0,1,True,False,True,0.8218263820534087,0.8218263820534087
full_coverage_complete,rightbottlecomes,288,0,0,4,True,False,True,0.894278836131253,0.6548621384718399
full_coverage_complete,rightbottlecomes,289,0,0,1,True,False,True,0.7934186896795238,0.7934186896795238
full_coverage_complete,rightbottlecomes,290,0,0,1,True,False,True,0.7312429411976124,0.7312429411976124
full_coverage_complete,rightbottlecomes,292,0,0,1,True,False,True,0.6167339684251607,0.6167339684251607
full_coverage_complete,rightbottlecomes,294,5,0,5,True,False,True,0.3255934971137987,0.010252735770012724
full_coverage_complete,rightbottlecomes,298,4,4,4,True,False,True,0.4071283928382899,0.05664955070643086
full_coverage_complete,rightbottlecomes,299,0,0,5,True,False,True,0.19472461010110478,0.19472461010110478
full_coverage_complete,rightbottlecomes,303,0,0,2,True,False,True,0.7100094149257605,0.0
full_coverage_complete,rightbottlecomes,304,6,0,6,True,False,True,0.0,0.0
full_coverage_complete,rightbottlecomes,306,0,0,6,True,False,True,0.0,0.0
full_coverage_complete,rightbottlecomes,309,5,2,5,True,False,True,0.0,0.29075471154915034
full_coverage_complete,rightbottlecomes,312,0,0,1,True,False,True,0.6916477808527133,0.6916477808527133
full_coverage_complete,rightbottlecomes,314,0,0,1,True,False,True,0.7443553177653528,0.7443553177653528
full_coverage_complete,rightbottlecomes,315,0,0,1,True,False,True,0.009313975945436913,0.009313975945436913
full_coverage_complete,rightbottlecomes,318,0,0,5,True,False,True,0.006190427647519064,0.006190427647519064
full_coverage_complete,rightbottlecomes,319,0,0,6,True,False,True,0.015359536456091304,0.015359536456091304
full_coverage_complete,rightbottlecomes,320,5,0,5,True,False,True,0.02243091207896267,0.017147309355017605
full_coverage_complete,rightbottlecomes,325,0,0,5,True,False,True,0.041086485671475506,0.041086485671475506
full_coverage_complete,rightbottlecomes,327,0,0,1,True,False,True,0.03770544600526347,0.03770544600526347
full_coverage_complete,rightbottlecomes,328,0,0,1,True,False,True,0.09452020547529008,0.09452020547529008
full_coverage_complete,rightbottlecomes,329,0,0,1,True,False,True,0.14661589973487332,0.14661589973487332
full_coverage_complete,rightbottlecomes,330,0,0,0,False,False,True,0.014635206553326136,0.5310358618987354
full_coverage_complete,rightbottlecomes,331,0,0,6,True,False,True,0.6286105024824231,0.6286105024824231
full_coverage_complete,rightbottlecomes,332,0,0,6,True,False,True,0.5972116434247386,0.5972116434247386
full_coverage_complete,rightbottlecomes,333,0,0,6,True,False,True,0.5388159906759044,0.5388159906759044
full_coverage_complete,rightbottlecomes,335,0,0,1,True,False,True,0.5065376665784912,0.5065376665784912
full_coverage_complete,rightbottlecomes,338,0,0,2,True,False,True,0.03645059586776737,0.03645059586776737
full_coverage_complete,rightbottlecomes,339,0,0,1,True,False,True,0.023458689411688594,0.023458689411688594
full_coverage_complete,rightbottlecomes,341,0,0,1,True,False,True,0.5928540436020142,0.5928540436020142
full_coverage_complete,rightbottlecomes,347,0,0,1,True,False,True,0.38846262325377495,0.38846262325377495
full_coverage_complete,rightbottlecomes,350,0,0,4,True,False,True,0.024878516362914212,0.024878516362914212
full_coverage_complete,rightbottlecomes,353,6,0,6,True,False,True,0.0,0.0
full_coverage_complete,rightbottlecomes,356,0,0,5,True,False,True,0.0,0.0
full_coverage_complete,rightbottlecomes,358,0,0,5,True,False,True,0.0,0.0
full_coverage_complete,rightbottlecomes,359,0,0,5,True,False,True,0.0,0.0
full_coverage_complete,rightbottlecomes,360,0,0,6,True,False,True,0.0,0.0
full_coverage_complete,rightbottlecomes,361,0,0,6,True,False,True,0.0,0.0
full_coverage_complete,rightbottlecomes,362,6,0,6,True,False,True,0.0,0.0
full_coverage_complete,rightbottlecomes,363,6,0,6,True,False,True,0.0,0.0
full_coverage_complete,rightbottlecomes,368,0,0,1,True,False,True,0.0,0.0
full_coverage_complete,rightbottlecomes,369,5,1,5,True,False,True,0.0891501484551124,0.7256945937450587
full_coverage_complete,rightbottlecomes,370,0,0,5,True,False,True,0.8175418722099288,0.8175418722099288
full_coverage_complete,rightbottlecomes,373,1,4,1,True,False,True,0.38773392030298964,0.09695393959181077
full_coverage_complete,rightbottlecomes,385,1,1,1,True,False,True,0.0,0.7946414469276307
full_coverage_complete,rightbottlecomes,386,0,0,6,True,False,True,0.0,0.6888819750200234
full_coverage_complete,rightbottlecomes,388,0,0,1,True,False,True,0.0,0.0
full_coverage_complete,rightbottlecomes,390,5,4,5,True,False,True,0.0,0.28302468657299257
full_coverage_complete,rightbottlecomes,391,0,0,1,True,False,True,0.3260521217264343,0.3260521217264343
full_coverage_complete,rightbottlecomes,392,0,1,0,False,False,True,0.45165236738139003,0.0
full_coverage_complete,rightbottlecomes,401,1,3,1,True,False,True,0.14402163985552946,0.617715028898558
full_coverage_complete,rightbottlecomes,402,0,0,6,True,False,True,0.7357705321747154,0.0
full_coverage_complete,rightbottlecomes,403,0,0,1,True,False,True,0.0,0.0
full_coverage_complete,rightbottlecomes,405,0,0,1,True,False,True,0.0,0.0
full_coverage_complete,rightbottlecomes,407,0,0,1,True,False,True,0.0,0.0
full_coverage_complete,rightbottlecomes,408,0,0,1,True,False,True,0.0,0.0
full_coverage_complete,rightbottlecomes,409,1,0,1,True,False,True,0.0,0.0
full_coverage_complete,rightbottlecomes,410,1,0,1,True,False,True,0.0,0.0
full_coverage_complete,rightbottlecomes,411,0,0,4,True,False,True,0.0,0.0
full_coverage_complete,rightbottlecomes,415,0,0,4,True,False,True,0.0,0.0
full_coverage_complete,rightbottlecomes,417,0,0,4,True,False,True,0.0,0.0
full_coverage_complete,rightbottlecomes,420,0,0,4,True,False,True,0.0,0.0
full_coverage_complete,rightbottlecomes,426,0,0,4,True,False,True,0.008765043380623653,0.008765043380623653
full_coverage_complete,rightbottlecomes,428,0,0,4,True,False,True,0.2187797789366182,0.2187797789366182
full_coverage_complete,rightbottlecomes,429,0,0,4,True,False,True,0.3016831107580186,0.3016831107580186
full_coverage_complete,rightbottlecomes,430,0,0,1,True,False,True,0.26394478087696926,0.26394478087696926
full_coverage_complete,rightbottlecomes,431,0,0,1,True,False,True,0.0,0.520382242431172
full_coverage_complete,rightbottlecomes,432,5,0,5,True,False,True,0.4914073333713118,0.5362134071757252
full_coverage_complete,rightbottlecomes,443,0,0,1,True,False,True,0.7550128503311181,0.7550128503311181
full_coverage_complete,rightbottlecomes,444,0,0,1,True,False,True,0.5295842719713741,0.5295842719713741
full_coverage_complete,rightbottlecomes,445,0,0,1,True,False,True,0.5109364005857168,0.5109364005857168
full_coverage_complete,rightbottlecomes,446,0,1,1,True,False,True,0.5013361317609922,0.0
full_coverage_complete,rightbottlecomes,447,5,0,5,True,False,True,0.0,0.0
full_coverage_complete,rightbottlecomes,464,0,0,1,True,False,True,0.41868278094906247,0.41868278094906247
full_coverage_complete,rightbottlecomes,465,0,0,1,True,False,True,0.2149121276452531,0.2149121276452531
full_coverage_complete,rightbottlecomes,466,0,0,1,True,False,True,0.0,0.0
full_coverage_complete,rightbottlecomes,467,1,3,1,True,False,True,0.0,0.15037383864437756
full_coverage_complete,rightbottlecomes,468,5,0,5,True,False,True,0.0,0.7780982737271163
full_coverage_complete,rightbottlecomes,469,0,0,5,True,False,True,0.7228421944703974,0.7228421944703974
full_coverage_complete,rightbottlecomes,470,0,0,1,True,False,True,0.6018845227108108,0.6018845227108108
full_coverage_complete,rightbottlecomes,471,0,0,1,True,False,True,0.0,0.0
full_coverage_complete,rightbottlecomes,475,0,1,1,True,False,True,0.0,0.8929502119891597
full_coverage_complete,rightbottlecomes,487,0,0,6,True,False,True,0.5698969089466165,0.5698969089466165
full_coverage_complete,rightbottlecomes,488,0,0,6,True,False,True,0.6700262289603479,0.6700262289603479
full_coverage_complete,rightbottlecomes,490,0,0,6,True,False,True,0.6524341483898212,0.6524341483898212
full_coverage_complete,rightbottlecomes,491,0,0,6,True,False,True,0.39946733310527416,0.39946733310527416
full_coverage_complete,rightbottlecomes,492,0,0,6,True,False,True,0.2192789591913238,0.2192789591913238
full_coverage_complete,rightbottlecomes,493,0,0,5,True,False,True,0.17048796749477516,0.17048796749477516
full_coverage_complete,rightbottlecomes,499,0,0,4,True,False,True,0.07495010425977187,0.07495010425977187
full_coverage_complete,rightbottlecomes,500,0,0,5,True,False,True,0.15504381506839365,0.15504381506839365
full_coverage_complete,rightbottlecomes,501,1,0,1,True,False,True,0.16751998524038475,0.15022464334584376
full_coverage_complete,rightbottlecomes,502,1,1,1,True,False,True,0.05642074438873984,0.13492511410648655
full_coverage_complete,rightbottlecomes,503,0,0,1,True,False,True,0.1907515115225083,0.1907515115225083
full_coverage_complete,rightbottlecomes,509,0,0,1,True,False,True,0.21603533882619816,0.21603533882619816
full_coverage_complete,rightbottlecomes,514,0,0,0,False,False,True,0.0,0.759579477023508
full_coverage_complete,rightbottlecomes,519,5,0,5,True,False,True,0.6453758884657754,0.6835846720492431
full_coverage_complete,rightbottlecomes,520,0,0,5,True,False,True,0.71747624294519,0.71747624294519
full_coverage_complete,rightbottlecomes,521,5,1,5,True,False,True,0.6475418838993154,0.13448311681520433
full_coverage_complete,rightbottlecomes,522,0,0,0,False,False,True,0.10208570598447889,0.7542140756523726
full_coverage_complete,rightbottlecomes,523,5,0,5,True,False,True,0.6963907098214732,0.7250748716321013
full_coverage_complete,rightbottlecomes,524,0,0,6,True,False,True,0.7338725542229102,0.7338725542229102
full_coverage_complete,rightbottlecomes,527,0,0,5,True,False,True,0.7987511600608156,0.7987511600608156
full_coverage_complete,rightbottlecomes,529,0,0,1,True,False,True,0.52061994499696,0.52061994499696
full_coverage_complete,rightbottlecomes,531,0,0,5,True,False,True,0.54485703178943,0.54485703178943
full_coverage_complete,rightbottlecomes,532,0,0,5,True,False,True,0.44315795305236194,0.44315795305236194
full_coverage_complete,rightbottlecomes,533,0,0,1,True,False,True,0.3958504601804953,0.3958504601804953
full_coverage_complete,rightbottlecomes,536,0,0,1,True,False,True,0.6839183786103425,0.6839183786103425
full_coverage_complete,rightbottlecomes,537,0,0,1,True,False,True,0.5496409335305668,0.5496409335305668
full_coverage_complete,rightbottlecomes,538,0,0,5,True,False,True,0.5193608744151322,0.5193608744151322
full_coverage_complete,rightbottlecomes,539,0,0,6,True,False,True,0.5822702876343203,0.5822702876343203
full_coverage_complete,rightbottlecomes,540,0,0,5,True,False,True,0.5007447471380682,0.5007447471380682
full_coverage_complete,rightbottlecomes,541,0,0,5,True,False,True,0.20520394377160936,0.20520394377160936
full_coverage_complete,rightbottlecomes,542,0,0,1,True,False,True,0.009014978352891136,0.009014978352891136
full_coverage_complete,rightbottlecomes,547,0,0,1,True,False,True,0.0,0.0
full_coverage_complete,rightbottlecomes,548,0,0,1,True,False,True,0.1624200103881568,0.1624200103881568
full_coverage_complete,rightbottlecomes,549,0,0,1,True,False,True,0.5391699635880968,0.5391699635880968
full_coverage_complete,rightbottlecomes,550,0,0,1,True,False,True,0.5964309374898384,0.5964309374898384
full_coverage_complete,rightbottlecomes,551,0,0,1,True,False,True,0.37456536573126514,0.37456536573126514
full_coverage_complete,rightbottlecomes,553,0,0,1,True,False,True,0.8130657830208067,0.8130657830208067
full_coverage_complete,rightbottlecomes,563,0,0,1,True,False,True,0.02998906213504018,0.02998906213504018
full_coverage_complete,rightbottlecomes,565,0,0,5,True,False,True,0.0,0.0
full_coverage_complete,rightbottlecomes,568,0,0,5,True,False,True,0.1075200989493176,0.1075200989493176
full_coverage_complete,rightbottlecomes,571,0,0,1,True,False,True,0.08562310876846072,0.08562310876846072
full_coverage_complete,rightbottlecomes,576,0,0,1,True,False,True,0.1512529678964938,0.1512529678964938
full_coverage_complete,rightbottlecomes,577,0,0,1,True,False,True,0.19148490720297617,0.19148490720297617
full_coverage_complete,rightbottlecomes,592,0,0,1,True,False,True,0.05992932655820349,0.05992932655820349
full_coverage_complete,rightbottlecomes,597,0,0,5,True,False,True,0.0,0.0
full_coverage_complete,rightbottlecomes,600,0,0,1,True,False,True,0.0,0.0
full_coverage_complete,rightbottlecomes,602,0,1,1,True,False,True,0.0,0.8142350024404984
full_coverage_complete,rightbottlecomes,603,0,0,5,True,False,True,0.5834262244041196,0.5834262244041196
full_coverage_complete,rightbottlecomes,604,0,0,1,True,False,True,0.5406282159931002,0.5406282159931002
full_coverage_complete,rightbottlecomes,605,0,0,1,True,False,True,0.6649610264876294,0.6649610264876294
full_coverage_complete,rightbottlecomes,616,6,0,6,True,False,True,0.6614887486859606,0.7706610998550416
full_coverage_complete,rightbottlecomes,618,0,0,1,True,False,True,0.5710519583885704,0.5710519583885704
full_coverage_complete,rightbottlecomes,620,0,0,1,True,False,True,0.5911526151731888,0.5911526151731888
full_coverage_complete,rightbottlecomes,628,0,0,1,True,False,True,0.20793419502375254,0.20793419502375254
full_coverage_complete,rightbottlecomes,645,0,0,4,True,False,True,0.19650937663527093,0.19650937663527093
full_coverage_complete,rightbottlecomes,648,0,0,4,True,False,True,0.2119084902166488,0.2119084902166488
full_coverage_complete,rightbottlecomes,649,0,0,4,True,False,True,0.2511925537536375,0.2511925537536375
full_coverage_complete,rightbottlecomes,650,0,0,4,True,False,True,0.22167177192780604,0.22167177192780604
full_coverage_complete,rightbottlecomes,651,0,0,4,True,False,True,0.2809554784314328,0.2809554784314328
full_coverage_complete,rightbottlecomes,652,4,0,4,True,False,True,0.23536250455052848,0.0
full_coverage_complete,rightbottlecomes,653,0,0,5,True,False,True,0.0,0.0
full_coverage_complete,rightbottlecomes,654,0,0,5,True,False,True,0.0,0.0
full_coverage_complete,rightbottlecomes,656,0,0,5,True,False,True,0.0,0.0
full_coverage_complete,rightbottlecomes,657,0,0,5,True,False,True,0.0,0.0
full_coverage_complete,rightbottlecomes,660,0,0,4,True,False,True,0.0,0.0
full_coverage_complete,rightbottlecomes,661,0,0,4,True,False,True,0.0,0.0
full_coverage_complete,rightbottlecomes,662,0,0,4,True,False,True,0.0,0.0
full_coverage_complete,rightbottlecomes,663,0,0,4,True,False,True,0.0,0.0
full_coverage_complete,rightbottlecomes,664,0,0,4,True,False,True,0.0,0.0
full_coverage_complete,rightbottlecomes,665,0,0,4,True,False,True,0.0,0.0
full_coverage_complete,rightbottlecomes,666,0,0,4,True,False,True,0.0,0.0
full_coverage_complete,rightbottlecomes,667,0,0,1,True,False,True,0.0,0.0
full_coverage_complete,rightbottlecomes,671,0,0,1,True,False,True,0.0,0.0
full_coverage_complete,rightbottlecomes,672,0,0,1,True,False,True,0.0,0.0
full_coverage_complete,rightbottlecomes,673,0,0,1,True,False,True,0.0,0.0
full_coverage_complete,rightbottlecomes,674,0,0,4,True,False,True,0.0,0.0
full_coverage_complete,rightbottlecomes,682,0,0,5,True,False,True,0.04413194552272076,0.04413194552272076
full_coverage_complete,rightbottlecomes,684,0,0,5,True,False,True,0.12101903144993954,0.12101903144993954
full_coverage_complete,rightbottlecomes,685,0,0,4,True,False,True,0.22089474119733435,0.22089474119733435
full_coverage_complete,rightbottlecomes,686,4,1,4,True,False,True,0.2813705964283586,0.0
full_coverage_complete,rightbottlecomes,687,5,0,5,True,False,True,0.0,0.0
full_coverage_complete,rightbottlecomes,690,0,0,1,True,False,True,0.0,0.0
full_coverage_complete,rightbottlecomes,691,0,0,5,True,False,True,0.0,0.0
full_coverage_complete,rightbottlecomes,692,0,0,1,True,False,True,0.0,0.0
full_coverage_complete,rightbottlecomes,696,0,0,1,True,False,True,0.0,0.0
full_coverage_complete,rightbottlecomes,697,0,0,1,True,False,True,0.0,0.0
full_coverage_complete,rightbottlecomes,699,0,0,4,True,False,True,0.0,0.0
full_coverage_complete,rightbottlecomes,702,0,0,6,True,False,True,0.25049191986715885,0.25049191986715885
full_coverage_complete,rightbottlecomes,703,0,0,1,True,False,True,0.3495452342666441,0.3495452342666441
full_coverage_complete,rightbottlecomes,704,0,0,6,True,False,True,0.35686503231577255,0.35686503231577255
full_coverage_complete,rightbottlecomes,706,0,0,5,True,False,True,0.4300779400827789,0.4300779400827789
full_coverage_complete,rightbottlecomes,708,0,0,1,True,False,True,0.3905287190176167,0.3905287190176167
full_coverage_complete,rightbottlecomes,710,0,0,1,True,False,True,0.23136011104124443,0.23136011104124443
full_coverage_complete,rightbottlecomes,712,5,0,5,True,False,True,0.0636354515456406,0.09190539762854463
full_coverage_complete,rightbottlecomes,714,0,0,1,True,False,True,0.07300215523634847,0.07300215523634847
full_coverage_complete,rightbottlecomes,715,0,0,1,True,False,True,0.08832538327538406,0.08832538327538406
full_coverage_complete,rightbottlecomes,716,0,0,5,True,False,True,0.14603640506564175,0.14603640506564175
full_coverage_complete,rightbottlecomes,717,0,0,1,True,False,True,0.08406724017701797,0.08406724017701797
full_coverage_complete,rightbottlecomes,718,0,0,1,True,False,True,0.15462132434009368,0.15462132434009368
full_coverage_complete,rightbottlecomes,720,0,0,5,True,False,True,0.0,0.0
full_coverage_complete,rightbottlecomes,721,0,0,5,True,False,True,0.0,0.0
full_coverage_complete,rightbottlecomes,722,0,0,1,True,False,True,0.0,0.0
full_coverage_complete,rightbottlecomes,723,0,0,5,True,False,True,0.0,0.0
full_coverage_complete,rightbottlecomes,724,0,0,1,True,False,True,0.0,0.0
full_coverage_complete,rightbottlecomes,725,0,0,2,True,False,True,0.0,0.0
full_coverage_complete,rightbottlecomes,742,0,0,1,True,False,True,0.0,0.0
full_coverage_complete,rightbottlecomes,743,0,0,1,True,False,True,0.0,0.0
full_coverage_complete,rightbottlecomes,744,0,0,1,True,False,True,0.0,0.0
full_coverage_complete,rightbottlecomes,745,0,0,1,True,False,True,0.0,0.0
full_coverage_complete,rightbottlecomes,746,0,0,1,True,False,True,0.0,0.0
full_coverage_complete,rightbottlecomes,747,0,0,1,True,False,True,0.0,0.0
full_coverage_complete,rightbottlecomes,748,0,0,1,True,False,True,0.0,0.0
full_coverage_complete,rightbottlecomes,749,0,0,1,True,False,True,0.0,0.0
full_coverage_complete,rightbottlecomes,751,0,0,1,True,False,True,0.0,0.0
full_coverage_complete,rightbottlecomes,752,0,0,4,True,False,True,0.0,0.0
full_coverage_complete,rightbottlecomes,753,0,0,4,True,False,True,0.0,0.0
full_coverage_complete,rightbottlecomes,754,1,2,1,True,False,True,0.0,0.3379364305562244
full_coverage_complete,rightbottlecomes,757,0,0,6,True,False,True,0.372674194016864,0.372674194016864
full_coverage_complete,rightbottlecomes,758,0,0,6,True,False,True,0.38222483499574167,0.38222483499574167
full_coverage_complete,rightbottlecomes,759,0,0,6,True,False,True,0.433693167997567,0.433693167997567
full_coverage_complete,rightbottlecomes,761,6,1,6,True,False,True,0.276500741020501,0.25825386817559526
full_coverage_complete,rightbottlecomes,762,5,0,5,True,False,True,0.24122348831763032,0.21683499637533596
full_coverage_complete,rightbottlecomes,763,0,0,5,True,False,True,0.172511222911906,0.172511222911906
full_coverage_complete,rightbottlecomes,764,0,0,5,True,False,True,0.14940949937861414,0.14940949937861414
full_coverage_complete,rightbottlecomes,765,0,0,5,True,False,True,0.2698382090957619,0.2698382090957619
full_coverage_complete,rightbottlecomes,766,5,0,5,True,False,True,0.19196219876381967,0.1616967229270057
full_coverage_complete,rightbottlecomes,767,0,0,5,True,False,True,0.23034169017965414,0.23034169017965414
full_coverage_complete,rightbottlecomes,768,5,0,5,True,False,True,0.27450580784054723,0.4432151141937049
full_coverage_complete,rightbottlecomes,769,0,0,5,True,False,True,0.17241071897419255,0.17241071897419255
full_coverage_complete,rightbottlecomes,770,0,0,5,True,False,True,0.2587983923810886,0.2587983923810886
full_coverage_complete,rightbottlecomes,771,0,0,5,True,False,True,0.578373087388569,0.578373087388569
full_coverage_complete,rightbottlecomes,772,0,0,5,True,False,True,0.5587181683267978,0.5587181683267978
full_coverage_complete,rightbottlecomes,773,0,0,5,True,False,True,0.6556099803196818,0.6556099803196818
full_coverage_complete,rightbottlecomes,774,0,0,5,True,False,True,0.34974204240884976,0.34974204240884976
full_coverage_complete,rightbottlecomes,775,6,0,6,True,False,True,0.35771368989628444,0.3601413233931629
full_coverage_complete,rightbottlecomes,777,0,0,1,True,False,True,0.25468485496819115,0.25468485496819115
full_coverage_complete,rightbottlecomes,779,0,0,5,True,False,True,0.0,0.0
full_coverage_complete,rightbottlecomes,780,0,0,5,True,False,True,0.0,0.0
full_coverage_complete,rightbottlecomes,781,0,0,5,True,False,True,0.0,0.0
full_coverage_complete,rightbottlecomes,782,0,0,5,True,False,True,0.0,0.0
full_coverage_complete,rightbottlecomes,784,0,1,5,True,False,True,0.0,0.5794662343440422
full_coverage_complete,rightbottlecomes,785,5,4,5,True,False,True,0.440793288314269,0.5395155705232393
full_coverage_complete,rightbottlecomes,786,0,0,1,True,False,True,0.6015294934269653,0.6015294934269653
full_coverage_complete,rightbottlecomes,787,5,0,5,True,False,True,0.40975054197367633,0.5466581869351953
full_coverage_complete,rightbottlecomes,788,0,0,1,True,False,True,0.5528777131528636,0.5528777131528636
full_coverage_complete,rightbottlecomes,789,0,0,1,True,False,True,0.6131388918900554,0.6131388918900554
full_coverage_complete,rightbottlecomes,790,0,0,1,True,False,True,0.6500834985904179,0.6500834985904179
full_coverage_complete,rightbottlecomes,808,0,0,1,True,False,True,0.7204858097078768,0.7204858097078768
full_coverage_complete,rightbottlecomes,813,0,0,1,True,False,True,0.7349144128624511,0.7349144128624511
full_coverage_complete,rightbottlecomes,823,0,0,1,True,False,True,0.7042567809559999,0.7042567809559999
full_coverage_complete,rightbottlecomes,824,0,0,1,True,False,True,0.7356197657833027,0.7356197657833027
full_coverage_complete,rightbottlecomes,825,0,1,1,True,False,True,0.7976691987603488,0.0
full_coverage_complete,rightbottlecomes,826,5,0,5,True,False,True,0.0,0.0
full_coverage_complete,rightbottlecomes,827,0,0,1,True,False,True,0.0,0.0
full_coverage_complete,rightbottlecomes,829,0,0,1,True,False,True,0.042030212742753245,0.042030212742753245
full_coverage_complete,rightbottlecomes,830,0,0,1,True,False,True,0.2620238702794098,0.2620238702794098
full_coverage_complete,rightbottlecomes,831,0,0,1,True,False,True,0.48796360997812865,0.48796360997812865
full_coverage_complete,rightbottlecomes,837,0,0,1,True,False,True,0.1928268159450726,0.1928268159450726
full_coverage_complete,rightbottlecomes,838,0,0,5,True,False,True,0.10526398729893695,0.10526398729893695
full_coverage_complete,rightbottlecomes,839,0,0,1,True,False,True,0.04821278004306826,0.04821278004306826
full_coverage_complete,rightbottlecomes,843,0,0,1,True,False,True,0.3845754105760356,0.3845754105760356
full_coverage_complete,rightbottlecomes,844,0,0,1,True,False,True,0.03888659346433772,0.03888659346433772
full_coverage_complete,rightbottlecomes,845,0,0,1,True,False,True,0.0,0.0
full_coverage_complete,rightbottlecomes,848,0,1,0,False,False,True,0.0,0.6698682910460362
full_coverage_complete,rightbottlecomes,860,0,0,1,True,False,True,0.7646290090700933,0.7646290090700933
full_coverage_complete,rightbottlecomes,861,0,0,1,True,False,True,0.8004626366951773,0.8004626366951773
full_coverage_complete,rightbottlecomes,866,0,0,1,True,False,True,0.7225712535862553,0.7225712535862553
full_coverage_complete,rightbottlecomes,867,0,0,1,True,False,True,0.817631139762003,0.817631139762003
full_coverage_complete,rightbottlecomes,868,0,0,1,True,False,True,0.5719562937454998,0.5719562937454998
full_coverage_complete,rightbottlecomes,869,0,0,1,True,False,True,0.5218679379084952,0.5218679379084952
full_coverage_complete,rightbottlecomes,874,0,0,1,True,False,True,0.7359702544729534,0.7359702544729534
full_coverage_complete,rightbottlecomes,887,0,0,1,True,False,True,0.43886570278406484,0.43886570278406484
full_coverage_complete,rightbottlecomes,888,0,0,0,False,False,True,0.5397237302751612,0.3339143671025832
full_coverage_complete,rightbottlecomes,889,0,0,1,True,False,True,0.4759137959995836,0.4759137959995836
full_coverage_complete,rightbottlecomes,924,4,0,4,True,False,True,0.0,0.6339509898059169
full_coverage_complete,rightbottlecomes,939,0,0,1,True,False,True,0.6177549345951563,0.6177549345951563
full_coverage_complete,rightbottlecomes,940,0,0,1,True,False,True,0.6175431376773085,0.6175431376773085
full_coverage_complete,rightbottlecomes,941,0,0,1,True,False,True,0.592529775732131,0.592529775732131
full_coverage_complete,rightbottlecomes,942,0,0,1,True,False,True,0.632891300205443,0.632891300205443
full_coverage_complete,rightbottlecomes,943,0,0,1,True,False,True,0.5971462437720529,0.5971462437720529
full_coverage_complete,rightbottlecomes,959,0,0,5,True,False,True,0.19402823065642774,0.19402823065642774
full_coverage_complete,rightbottlecomes,960,0,0,1,True,False,True,0.4599410668363643,0.4599410668363643
full_coverage_complete,rightbottlecomes,969,5,0,5,True,False,True,0.402866683485175,0.7395260008644858
full_coverage_complete,rightbottlecomes,970,0,0,6,True,False,True,0.8128354725851799,0.8128354725851799
full_coverage_complete,rightbottlecomes,971,0,1,1,True,False,True,0.5500252555372716,0.0
full_coverage_complete,rightbottlecomes,972,0,0,5,True,False,True,0.0,0.0
full_coverage_complete,rightbottlecomes,973,0,0,5,True,False,True,0.0,0.0
full_coverage_complete,rightbottlecomes,976,0,0,5,True,False,True,0.0,0.0
full_coverage_complete,rightbottlecomes,977,5,0,5,True,False,True,0.0,0.0
full_coverage_complete,rightbottlecomes,978,5,0,5,True,False,True,0.0,0.0
full_coverage_complete,rightbottlecomes,982,0,0,1,True,False,True,0.0,0.0
full_coverage_complete,rightbottlecomes,983,0,0,1,True,False,True,0.0,0.0
full_coverage_complete,rightbottlecomes,984,0,0,1,True,False,True,0.0,0.0
full_coverage_complete,rightbottlecomes,985,0,0,1,True,False,True,0.0,0.0
full_coverage_complete,rightbottlecomes,995,0,0,1,True,False,True,0.6097035770174226,0.6097035770174226
full_coverage_complete,rightbottlecomes,996,0,0,1,True,False,True,0.6983190151712503,0.6983190151712503
full_coverage_complete,rightbottlecomes,999,0,0,1,True,False,True,0.6763804630322556,0.6763804630322556
full_coverage_complete,rightbottlecomes,1000,0,0,1,True,False,True,0.47056903847373943,0.47056903847373943
full_coverage_complete,rightbottlecomes,1001,0,0,1,True,False,True,0.420999516979516,0.420999516979516
full_coverage_complete,rightbottlecomes,1002,0,0,5,True,False,True,0.4043324247160955,0.4043324247160955
full_coverage_complete,rightbottlecomes,1003,0,0,5,True,False,True,0.40885140418749727,0.40885140418749727
full_coverage_complete,rightbottlecomes,1004,5,0,5,True,False,True,0.45298516112032816,0.4942021967409741
full_coverage_complete,rightbottlecomes,1005,5,0,5,True,False,True,0.4315211651118395,0.4472795118522281
full_coverage_complete,rightbottlecomes,1006,0,0,5,True,False,True,0.417291874291514,0.417291874291514
full_coverage_complete,rightbottlecomes,1007,0,0,5,True,False,True,0.5430819494918847,0.5430819494918847
full_coverage_complete,rightbottlecomes,1008,0,0,5,True,False,True,0.6176224736658841,0.6176224736658841
full_coverage_complete,rightbottlecomes,1011,0,0,1,True,False,True,0.5720966880892073,0.5720966880892073
full_coverage_complete,rightbottlecomes,1022,0,0,1,True,False,True,0.372240006595276,0.372240006595276
full_coverage_complete,rightbottlecomes,1023,0,0,6,True,False,True,0.3454495375134892,0.3454495375134892
full_coverage_complete,rightbottlecomes,1030,0,0,2,True,False,True,0.3585855436193297,0.3585855436193297
full_coverage_complete,rightbottlecomes,1035,0,0,2,True,False,True,0.3371847809413328,0.3371847809413328
full_coverage_complete,rightbottlecomes,1036,0,0,5,True,False,True,0.31055704963844943,0.31055704963844943
full_coverage_complete,rightbottlecomes,1039,0,0,5,True,False,True,0.24995200635648182,0.24995200635648182
full_coverage_complete,rightbottlecomes,1041,5,0,5,True,False,True,0.23716006368949244,0.3422525108740702
full_coverage_complete,rightbottlecomes,1042,0,0,5,True,False,True,0.20955983291448838,0.20955983291448838
full_coverage_complete,rightbottlecomes,1044,0,0,5,True,False,True,0.33456439964523205,0.33456439964523205
full_coverage_complete,rightbottlecomes,1045,0,0,1,True,False,True,0.454855818320118,0.454855818320118
full_coverage_complete,rightbottlecomes,1049,0,0,1,True,False,True,0.39025609798995836,0.39025609798995836
full_coverage_complete,rightbottlecomes,1052,0,0,1,True,False,True,0.09794900072263188,0.09794900072263188
full_coverage_complete,rightbottlecomes,1053,5,0,5,True,False,True,0.0,0.0
full_coverage_complete,rightbottlecomes,1054,5,0,5,True,False,True,0.0,0.0
full_coverage_complete,rightbottlecomes,1055,5,0,5,True,False,True,0.0,0.0
full_coverage_complete,rightbottlecomes,1062,0,0,1,True,False,True,0.0,0.0
full_coverage_complete,rightbottlecomes,1066,0,0,1,True,False,True,0.0,0.0
full_coverage_complete,rightbottlecomes,1069,0,0,1,True,False,True,0.0,0.0
full_coverage_complete,rightbottlecomes,1071,0,0,1,True,False,True,0.0892501711470542,0.0892501711470542
full_coverage_complete,rightbottlecomes,1072,0,0,1,True,False,True,0.26045978749983084,0.26045978749983084
full_coverage_complete,rightbottlecomes,1073,0,0,1,True,False,True,0.44741228948007045,0.44741228948007045
full_coverage_complete,rightbottlecomes,1090,0,0,1,True,False,True,0.18319032928615664,0.18319032928615664
full_coverage_complete,rightbottlecomes,1091,0,0,1,True,False,True,0.1346661468503075,0.1346661468503075
full_coverage_complete,rightbottlecomes,1092,0,0,2,True,False,True,0.11692773154220566,0.11692773154220566
full_coverage_complete,rightbottlecomes,1094,0,0,2,True,False,True,0.27550210493810884,0.27550210493810884
full_coverage_complete,rightbottlecomes,1096,0,0,1,True,False,True,0.4542596604483208,0.4542596604483208
full_coverage_complete,rightbottlecomes,1102,0,0,1,True,False,True,0.15791333466012233,0.15791333466012233
full_coverage_complete,rightbottlecomes,1103,0,0,5,True,False,True,0.051122266305889646,0.051122266305889646
full_coverage_complete,rightbottlecomes,1104,5,0,5,True,False,True,0.1003265671195156,0.06322600917242525
full_coverage_complete,rightbottlecomes,1106,0,0,1,True,False,True,0.4509339331415036,0.4509339331415036
full_coverage_complete,rightbottlecomes,1107,0,0,1,True,False,True,0.5656098970265911,0.5656098970265911
full_coverage_complete,rightbottlecomes,1108,0,0,1,True,False,True,0.6393650639696207,0.6393650639696207
full_coverage_complete,rightbottlecomes,1110,0,0,1,True,False,True,0.44666773026605433,0.44666773026605433
full_coverage_complete,rightbottlecomes,1111,0,0,4,True,False,True,0.2006714612822686,0.2006714612822686
full_coverage_complete,rightbottlecomes,1112,0,0,1,True,False,True,0.06385710302839943,0.06385710302839943
full_coverage_complete,rightbottlecomes,1113,1,1,1,True,False,True,0.03813077282753261,0.357736551776507
full_coverage_complete,rightbottlecomes,1116,0,0,1,True,False,True,0.3541544473516324,0.3541544473516324
full_coverage_complete,rightbottlecomes,1117,0,0,1,True,False,True,0.3761674263616133,0.3761674263616133
full_coverage_complete,rightbottlecomes,1119,0,0,1,True,False,True,0.29886062812896563,0.29886062812896563
full_coverage_complete,rightbottlecomes,1120,0,0,1,True,False,True,0.23939750383393024,0.23939750383393024
full_coverage_complete,rightbottlecomes,1126,0,0,1,True,False,True,0.6017510829088395,0.6017510829088395
full_coverage_complete,rightbottlecomes,1127,0,0,1,True,False,True,0.5853257872778755,0.5853257872778755
full_coverage_complete,rightbottlecomes,1128,0,0,1,True,False,True,0.5651132714420766,0.5651132714420766
full_coverage_complete,rightbottlecomes,1130,0,0,1,True,False,True,0.2974073943724535,0.2974073943724535
full_coverage_complete,rightbottlecomes,1131,0,0,1,True,False,True,0.1472572271225633,0.1472572271225633
full_coverage_complete,rightbottlecomes,1132,1,1,1,True,False,True,0.10778275898709377,0.33525129224331024
full_coverage_complete,rightbottlecomes,1133,0,0,2,True,False,True,0.1976774025035658,0.1976774025035658
full_coverage_complete,rightbottlecomes,1135,5,0,5,True,False,True,0.3065093282633511,0.2960519329966359
full_coverage_complete,rightbottlecomes,1136,0,0,1,True,False,True,0.3178961805977003,0.3178961805977003
full_coverage_complete,rightbottlecomes,1137,0,0,1,True,False,True,0.27391209957510937,0.27391209957510937
full_coverage_complete,rightbottlecomes,1138,0,0,1,True,False,True,0.20976719362874963,0.20976719362874963
full_coverage_complete,rightbottlecomes,1139,5,0,5,True,False,True,0.14458266143428203,0.1574546541272968
full_coverage_complete,rightbottlecomes,1143,0,0,1,True,False,True,0.11672091619447503,0.11672091619447503
full_coverage_complete,rightbottlecomes,1144,0,0,1,True,False,True,0.30378841677846286,0.30378841677846286
full_coverage_complete,rightbottlecomes,1145,0,0,1,True,False,True,0.45428601277206243,0.45428601277206243
full_coverage_complete,rightbottlecomes,1146,0,0,4,True,False,True,0.4506899284726551,0.4506899284726551
full_coverage_complete,rightbottlecomes,1147,0,0,4,True,False,True,0.4079435741201687,0.4079435741201687
full_coverage_complete,rightbottlecomes,1148,0,0,1,True,False,True,0.4010438545898452,0.4010438545898452
full_coverage_complete,rightbottlecomes,1149,0,0,1,True,False,True,0.2641114308521729,0.2641114308521729
full_coverage_complete,rightbottlecomes,1150,0,0,1,True,False,True,0.26747126449161723,0.26747126449161723
full_coverage_complete,rightbottlecomes,1151,0,0,1,True,False,True,0.3240472594876991,0.3240472594876991
full_coverage_complete,rightbottlecomes,1152,0,0,1,True,False,True,0.3005910120560186,0.3005910120560186
full_coverage_complete,rightbottlecomes,1153,0,0,5,True,False,True,0.2703384333035069,0.2703384333035069
full_coverage_complete,rightbottlecomes,1154,5,0,5,True,False,True,0.2677121522327897,0.28042143900326105
full_coverage_complete,rightbottlecomes,1155,0,0,1,True,False,True,0.2480280843511962,0.2480280843511962
full_coverage_complete,rightbottlecomes,1156,0,0,2,True,False,True,0.0937233732262817,0.0937233732262817
full_coverage_complete,rightbottlecomes,1157,0,0,2,True,False,True,0.032887958108236144,0.032887958108236144
full_coverage_complete,rightbottlecomes,1159,0,0,1,True,False,True,0.042852443403528444,0.042852443403528444
full_coverage_complete,rightbottlecomes,1160,0,0,1,True,False,True,0.1735596540429941,0.1735596540429941
full_coverage_complete,rightbottlecomes,1161,0,0,1,True,False,True,0.3355577569969112,0.3355577569969112
full_coverage_complete,rightbottlecomes,1162,0,0,6,True,False,True,0.40457809108086296,0.40457809108086296
full_coverage_complete,rightbottlecomes,1164,0,0,5,True,False,True,0.45712155292697615,0.45712155292697615
full_coverage_complete,rightbottlecomes,1165,0,0,5,True,False,True,0.2880481995975697,0.2880481995975697
full_coverage_complete,rightbottlecomes,1166,0,0,6,True,False,True,0.2866856882719729,0.2866856882719729
full_coverage_complete,rightbottlecomes,1167,0,0,5,True,False,True,0.21749874974312353,0.21749874974312353
full_coverage_complete,rightbottlecomes,1169,0,0,5,True,False,True,0.13144517918614904,0.13144517918614904
full_coverage_complete,rightbottlecomes,1170,5,0,5,True,False,True,0.2995045763423519,0.2993943352854489
full_coverage_complete,rightbottlecomes,1171,4,0,4,True,False,True,0.3700372150638632,0.0
full_coverage_complete,rightbottlecomes,1176,0,0,1,True,False,True,0.0,0.0
full_coverage_complete,rightbottlecomes,1178,0,0,1,True,False,True,0.0,0.0
full_coverage_complete,rightbottlecomes,1179,0,0,1,True,False,True,0.0,0.0
full_coverage_complete,rightbottlecomes,1180,0,0,6,True,False,True,0.2753708808894674,0.2753708808894674
full_coverage_complete,rightbottlecomes,1181,0,0,1,True,False,True,0.34376341923355985,0.34376341923355985
full_coverage_complete,rightbottlecomes,1182,0,0,1,True,False,True,0.24096807976415066,0.24096807976415066
full_coverage_complete,rightbottlecomes,1186,0,0,5,True,False,True,0.2937777098220745,0.2937777098220745
full_coverage_complete,rightbottlecomes,1188,0,0,5,True,False,True,0.06794176679863691,0.06794176679863691
full_coverage_complete,rightbottlecomes,1189,0,0,5,True,False,True,0.04854933954457156,0.04854933954457156
full_coverage_complete,rightbottlecomes,1190,0,1,5,True,False,True,0.16537163596496016,0.0
full_coverage_complete,rightbottlecomes,1191,0,1,5,True,False,True,0.0,0.0
full_coverage_complete,rightbottlecomes,1192,0,0,1,True,False,True,0.0,0.0
full_coverage_complete,rightbottlecomes,1193,0,0,5,True,False,True,0.0,0.0
full_coverage_complete,rightbottlecomes,1194,1,3,1,True,False,True,0.0,0.0
full_coverage_complete,rightbottlecomes,1197,0,0,2,True,False,True,0.0,0.0
full_coverage_complete,rightbottlecomes,1198,0,0,1,True,False,True,0.0,0.0
full_coverage_complete,rightbottlecomes,1199,0,0,1,True,False,True,0.0,0.0
full_coverage_complete,rightbottlecomes,1200,0,1,1,True,False,True,0.0,0.0
full_coverage_complete,rightbottlecomes,1215,0,0,4,True,False,True,0.0,0.0
full_coverage_complete,rightbottlecomes,1216,0,0,5,True,False,True,0.0,0.0
full_coverage_complete,rightbottlecomes,1217,0,0,5,True,False,True,0.0,0.0
full_coverage_complete,rightbottlecomes,1218,0,0,5,True,False,True,0.0,0.0
full_coverage_complete,rightbottlecomes,1219,0,0,5,True,False,True,0.0,0.0
full_coverage_complete,rightbottlecomes,1220,0,1,0,False,False,True,0.0,0.3594751991855391
full_coverage_complete,rightbottlecomes,1221,0,0,1,True,False,True,0.5794332470566977,0.5794332470566977
full_coverage_complete,rightbottlecomes,1222,0,0,4,True,False,True,0.5092372893542388,0.5092372893542388
full_coverage_complete,rightbottlecomes,1223,0,0,4,True,False,True,0.5726234944052149,0.5726234944052149
full_coverage_complete,rightbottlecomes,1225,0,1,0,False,False,True,0.5134221655575095,0.0
full_coverage_complete,rightbottlecomes,1226,0,0,5,True,False,True,0.0,0.0
full_coverage_complete,rightbottlecomes,1227,0,0,5,True,False,True,0.0,0.0
full_coverage_complete,rightbottlecomes,1228,0,0,5,True,False,True,0.0,0.0
full_coverage_complete,rightbottlecomes,1229,0,0,4,True,False,True,0.09735149973528968,0.09735149973528968
full_coverage_complete,rightbottlecomes,1230,0,0,4,True,False,True,0.10562384697476432,0.10562384697476432
full_coverage_complete,rightbottlecomes,1231,0,0,5,True,False,True,0.11920523172543876,0.11920523172543876
full_coverage_complete,rightbottlecomes,1232,0,0,5,True,False,True,0.2890181671723372,0.2890181671723372
full_coverage_complete,rightbottlecomes,1233,0,0,5,True,False,True,0.19048270735454442,0.19048270735454442
full_coverage_complete,rightbottlecomes,1234,5,0,5,True,False,True,0.14070912030324634,0.11244530445661799
full_coverage_complete,rightbottlecomes,1235,5,0,5,True,False,True,0.22768523030770457,0.0
full_coverage_complete,rightbottlecomes,1236,0,0,5,True,False,True,0.0,0.0
full_coverage_complete,rightbottlecomes,1237,0,0,5,True,False,True,0.0,0.0
full_coverage_complete,rightbottlecomes,1238,0,0,1,True,False,True,0.0,0.0
full_coverage_complete,rightbottlecomes,1239,0,0,1,True,False,True,0.0,0.0
full_coverage_complete,rightbottlecomes,1240,5,0,5,True,False,True,0.0,0.0
full_coverage_complete,rightbottlecomes,1241,0,0,4,True,False,True,0.0,0.0
full_coverage_complete,rightbottlecomes,1242,0,0,4,True,False,True,0.0,0.0
full_coverage_complete,rightbottlecomes,1243,0,0,1,True,False,True,0.0,0.0
full_coverage_complete,rightbottlecomes,1247,0,0,1,True,False,True,0.0,0.0
full_coverage_complete,rightbottlecomes,1248,0,0,1,True,False,True,0.0,0.0
full_coverage_complete,rightbottlecomes,1249,0,0,1,True,False,True,0.0,0.0
full_coverage_complete,rightbottlecomes,1250,0,0,1,True,False,True,0.0,0.0
full_coverage_complete,rightbottlecomes,1251,0,0,1,True,False,True,0.0,0.0
full_coverage_complete,rightbottlecomes,1252,0,0,1,True,False,True,0.0,0.0
full_coverage_complete,rightbottlecomes,1253,0,0,1,True,False,True,0.0,0.0
full_coverage_complete,rightbottlecomes,1254,0,0,1,True,False,True,0.0729775202332436,0.0729775202332436
full_coverage_complete,rightbottlecomes,1255,1,2,1,True,False,True,0.21884917557893002,0.35350954369726967
full_coverage_complete,rightbottlecomes,1256,0,0,1,True,False,True,0.19864730091178853,0.19864730091178853
full_coverage_complete,rightbottlecomes,1258,0,0,6,True,False,True,0.22545734375622198,0.22545734375622198
full_coverage_complete,rightbottlecomes,1259,0,0,1,True,False,True,0.2208017995289438,0.2208017995289438
full_coverage_complete,rightbottlecomes,1261,0,0,6,True,False,True,0.0831079828113918,0.0831079828113918
full_coverage_complete,rightbottlecomes,1262,0,0,5,True,False,True,0.1314103716517417,0.1314103716517417
full_coverage_complete,rightbottlecomes,1265,0,0,1,True,False,True,0.0,0.0
full_coverage_complete,rightbottlecomes,1266,1,2,1,True,False,True,0.0,0.4290246444482574
full_coverage_complete,rightbottlecomes,1267,0,0,4,True,False,True,0.4369721381731878,0.4369721381731878
full_coverage_complete,rightbottlecomes,1268,0,0,1,True,False,True,0.0,0.0
full_coverage_complete,rightbottlecomes,1269,5,0,5,True,False,True,0.0,0.0
full_coverage_complete,rightbottlecomes,1270,0,0,1,True,False,True,0.0,0.0
full_coverage_complete,rightbottlecomes,1271,0,1,1,True,False,True,0.008350233816070134,0.6281928371754509
full_coverage_complete,rightbottlecomes,1272,0,0,1,True,False,True,0.3911157906722381,0.3911157906722381
full_coverage_complete,rightbottlecomes,1273,0,0,5,True,False,True,0.5220458171478681,0.5220458171478681
full_coverage_complete,rightbottlecomes,1274,0,0,1,True,False,True,0.28244062774047485,0.28244062774047485
full_coverage_complete,rightbottlecomes,1275,0,0,1,True,False,True,0.3260037177129512,0.3260037177129512
full_coverage_complete,rightbottlecomes,1276,0,0,1,True,False,True,0.42729279319811775,0.42729279319811775
full_coverage_complete,rightbottlecomes,1277,0,0,1,True,False,True,0.36066634956066357,0.36066634956066357
full_coverage_complete,rightbottlecomes,1278,0,0,1,True,False,True,0.35441370450313453,0.35441370450313453
full_coverage_complete,rightbottlecomes,1283,0,0,5,True,False,True,0.3407259098678005,0.3407259098678005
full_coverage_complete,rightbottlecomes,1290,0,0,5,True,False,True,0.16471810405045645,0.16471810405045645
full_coverage_complete,rightbottlecomes,1291,5,0,5,True,False,True,0.01580328143862524,0.0
full_coverage_complete,rightbottlecomes,1292,0,0,1,True,False,True,0.0,0.0
full_coverage_complete,rightbottlecomes,1293,0,0,1,True,False,True,0.0,0.0
full_coverage_complete,rightbottlecomes,1294,0,0,1,True,False,True,0.0,0.0
full_coverage_complete,rightbottlecomes,1295,0,0,1,True,False,True,0.0,0.0
full_coverage_complete,rightbottlecomes,1296,0,0,1,True,False,True,0.0,0.0
full_coverage_complete,rightbottlecomes,1297,0,0,1,True,False,True,0.0,0.0
full_coverage_complete,rightbottlecomes,1299,0,0,1,True,False,True,0.0,0.0
full_coverage_complete,rightbottlecomes,1302,0,0,1,True,False,True,0.0,0.0
full_coverage_complete,rightbottlecomes,1303,0,0,1,True,False,True,0.0,0.0
full_coverage_complete,rightbottlecomes,1304,1,2,1,True,False,True,0.0,0.32812956858962594
full_coverage_complete,rightbottlecomes,1305,0,0,1,True,False,True,0.680172007786622,0.680172007786622
full_coverage_complete,rightbottlecomes,1306,0,0,4,True,False,True,0.5954941154819532,0.5954941154819532
full_coverage_complete,rightbottlecomes,1307,4,0,4,True,False,True,0.5351169862980438,0.0
full_coverage_complete,rightbottlecomes,1318,0,0,1,True,False,True,0.0,0.0
full_coverage_complete,rightbottlecomes,1319,0,0,4,True,False,True,0.0,0.0
full_coverage_complete,rightbottlecomes,1320,0,0,1,True,False,True,0.0,0.0
full_coverage_complete,rightbottlecomes,1332,0,0,1,True,False,True,0.0,0.0
full_coverage_complete,rightbottlecomes,1334,0,0,4,True,False,True,0.0,0.0
full_coverage_complete,rightbottlecomes,1335,0,0,1,True,False,True,0.0,0.0
full_coverage_complete,rightbottlecomes,1337,0,0,1,True,False,True,0.0,0.0
full_coverage_complete,rightbottlecomes,1339,0,0,1,True,False,True,0.0,0.0
full_coverage_complete,rightbottlecomes,1341,0,0,5,True,False,True,0.0,0.0
full_coverage_complete,rightbottlecomes,1351,0,0,1,True,False,True,0.0,0.0
full_coverage_complete,rightbottlecomes,1352,0,0,1,True,False,True,0.0,0.0
full_coverage_complete,rightbottlecomes,1353,0,0,1,True,False,True,0.0,0.0
full_coverage_complete,rightbottlecomes,1358,0,0,1,True,False,True,0.0,0.0
full_coverage_complete,rightbottlecomes,1360,0,0,1,True,False,True,0.0,0.0
full_coverage_complete,rightbottlecomes,1362,0,0,1,True,False,True,0.0,0.0
full_coverage_complete,rightbottlecomes,1366,0,0,1,True,False,True,0.0,0.0
full_coverage_complete,rightbottlecomes,1367,0,0,1,True,False,True,0.0,0.0
full_coverage_complete,rightbottlecomes,1368,0,0,1,True,False,True,0.0,0.0
full_coverage_complete,rightbottlecomes,1369,0,0,1,True,False,True,0.0,0.0
full_coverage_complete,rightbottlecomes,1370,0,0,1,True,False,True,0.0,0.0
full_coverage_complete,rightbottlecomes,1371,0,0,1,True,False,True,0.0,0.0
full_coverage_complete,rightbottlecomes,1372,0,0,1,True,False,True,0.0,0.0
full_coverage_complete,rightbottlecomes,1373,0,0,1,True,False,True,0.0,0.0
full_coverage_complete,rightbottlecomes,1378,0,0,1,True,False,True,0.0,0.0
full_coverage_complete,rightboy504,249,0,0,4,True,False,True,0.7952073125515664,0.7952073125515664
full_coverage_complete,rightboy504,250,0,0,4,True,False,True,0.6649702344251524,0.6649702344251524
full_coverage_complete,rightboy504,251,0,0,4,True,False,True,0.5374374265427464,0.5374374265427464
full_coverage_complete,rightboy504,252,1,0,1,True,False,True,0.8219561780024052,0.7827419526330113
full_coverage_complete,rightboy504,363,0,0,1,True,False,True,0.5260015255012097,0.5260015255012097
full_coverage_complete,rightboy504,364,0,0,1,True,False,True,0.5172088803781963,0.5172088803781963
full_coverage_complete,rightboy504,365,0,0,1,True,False,True,0.6263962237676279,0.6263962237676279
full_coverage_complete,rightboy504,366,0,0,1,True,False,True,0.6617614186964245,0.6617614186964245
full_coverage_complete,rightboy504,367,0,0,1,True,False,True,0.39325724099754406,0.39325724099754406
full_coverage_complete,rightboy504,403,0,0,1,True,False,True,0.7817588806718784,0.7817588806718784
full_coverage_complete,rightboy504,408,0,1,0,False,False,True,0.04290940458650221,0.7016081054148924
full_coverage_complete,rightcameraman,603,0,0,4,True,False,True,0.5957727968722486,0.5957727968722486
full_coverage_complete,rightcameraman,604,0,0,4,True,False,True,0.518211833287842,0.518211833287842
full_coverage_complete,rightcameraman,605,0,0,4,True,False,True,0.5033281970582352,0.5033281970582352
full_coverage_complete,rightcameraman,606,0,0,4,True,False,True,0.5908547890840785,0.5908547890840785
full_coverage_complete,rightcameraman,607,0,0,4,True,False,True,0.5355222677140664,0.5355222677140664
full_coverage_complete,rightcameraman,608,0,0,4,True,False,True,0.6050454270281317,0.6050454270281317
full_coverage_complete,rightcameraman,609,0,0,4,True,False,True,0.5406874543291634,0.5406874543291634
full_coverage_complete,rightcameraman,610,0,0,4,True,False,True,0.4719778968999354,0.4719778968999354
full_coverage_complete,rightcameraman,611,0,0,4,True,False,True,0.4318060821092618,0.4318060821092618
full_coverage_complete,rightcameraman,612,0,0,4,True,False,True,0.58546276972212,0.58546276972212
full_coverage_complete,rightcameraman,613,0,0,4,True,False,True,0.4667302228020748,0.4667302228020748
full_coverage_complete,rightcameraman,614,0,0,4,True,False,True,0.3480032906371814,0.3480032906371814
full_coverage_complete,rightcameraman,615,0,0,4,True,False,True,0.3731438143685084,0.3731438143685084
full_coverage_complete,rightcameraman,616,0,0,4,True,False,True,0.3340209492122638,0.3340209492122638
full_coverage_complete,rightcameraman,617,1,0,1,True,False,True,0.5562931244284917,0.0934612648790117
full_coverage_complete,rightcameraman,618,0,0,2,True,False,True,0.3289675835264817,0.3289675835264817
full_coverage_complete,rightcameraman,619,0,1,1,True,False,True,0.3614255540616322,0.0
full_coverage_complete,rightcameraman,620,0,0,5,True,False,True,0.0,0.0
full_coverage_complete,rightcameraman,621,0,0,4,True,False,True,0.0,0.0
full_coverage_complete,rightcameraman,622,0,0,5,True,False,True,0.0,0.0
full_coverage_complete,rightcameraman,623,0,0,4,True,False,True,0.0,0.0
full_coverage_complete,rightcameraman,624,0,0,4,True,False,True,0.0,0.0
full_coverage_complete,rightcameraman,625,4,0,4,True,False,True,0.052649875725874824,0.0
full_coverage_complete,rightcameraman,626,5,2,5,True,False,True,0.0,0.0
full_coverage_complete,rightcameraman,627,5,0,5,True,False,True,0.0,0.0
full_coverage_complete,rightcameraman,628,4,0,4,True,False,True,0.0,0.0
full_coverage_complete,rightcameraman,629,4,3,4,True,False,True,0.0,0.0
full_coverage_complete,rightcameraman,630,0,0,5,True,False,True,0.0,0.0
full_coverage_complete,rightcameraman,631,0,0,4,True,False,True,0.0,0.0
full_coverage_complete,rightcameraman,632,0,0,4,True,False,True,0.0,0.0
full_coverage_complete,rightcameraman,633,0,0,4,True,False,True,0.0,0.0
full_coverage_complete,rightcameraman,634,0,0,4,True,False,True,0.0,0.0
full_coverage_complete,rightcameraman,635,0,0,4,True,False,True,0.0,0.0
full_coverage_complete,rightcameraman,636,0,0,4,True,False,True,0.0,0.0
full_coverage_complete,rightcameraman,637,0,0,4,True,False,True,0.30505705317003384,0.30505705317003384
full_coverage_complete,rightcameraman,638,0,0,4,True,False,True,0.3323115659975766,0.3323115659975766
full_coverage_complete,rightcameraman,639,0,0,4,True,False,True,0.36280126603051244,0.36280126603051244
full_coverage_complete,rightcameraman,640,0,0,4,True,False,True,0.4355663495091355,0.4355663495091355
full_coverage_complete,rightcameraman,641,0,1,4,True,False,True,0.5257634475967655,0.0
full_coverage_complete,rightcameraman,642,0,0,4,True,False,True,0.0,0.0
full_coverage_complete,rightcameraman,643,0,0,4,True,False,True,0.0,0.0
full_coverage_complete,rightcameraman,644,4,2,4,True,False,True,0.0,0.0
full_coverage_complete,rightcameraman,645,0,0,4,True,False,True,0.0,0.0
full_coverage_complete,rightcameraman,646,5,0,5,True,False,True,0.050771964661363064,0.0
full_coverage_complete,rightcameraman,647,5,0,5,True,False,True,0.1362596576501091,0.03554557450320121
full_coverage_complete,rightcameraman,648,5,0,5,True,False,True,0.195487888215163,0.07209019999622948
full_coverage_complete,rightcameraman,649,0,0,5,True,False,True,0.18142377180116942,0.18142377180116942
full_coverage_complete,rightcameraman,650,0,0,5,True,False,True,0.16743971057321594,0.16743971057321594
full_coverage_complete,rightcameraman,651,5,0,5,True,False,True,0.19485003998623934,0.0
full_coverage_complete,rightcameraman,652,0,0,4,True,False,True,0.0,0.0
full_coverage_complete,rightcameraman,653,0,0,4,True,False,True,0.0,0.0
full_coverage_complete,rightcameraman,654,0,0,1,True,False,True,0.0,0.0
full_coverage_complete,rightcameraman,655,0,0,1,True,False,True,0.0,0.0
full_coverage_complete,rightcameraman,656,0,0,1,True,False,True,0.0,0.0
full_coverage_complete,rightcameraman,657,0,0,1,True,False,True,0.0,0.0
full_coverage_complete,rightcameraman,658,0,0,1,True,False,True,0.0,0.0
full_coverage_complete,rightcameraman,659,0,0,4,True,False,True,0.0,0.0
full_coverage_complete,rightcameraman,660,0,0,4,True,False,True,0.0,0.0
full_coverage_complete,rightcameraman,661,0,0,4,True,False,True,0.0,0.0
full_coverage_complete,rightcameraman,662,0,0,4,True,False,True,0.0,0.0
full_coverage_complete,rightcameraman,663,0,0,4,True,False,True,0.0,0.0
full_coverage_complete,rightcameraman,664,0,0,1,True,False,True,0.0,0.0
full_coverage_complete,rightcameraman,665,0,0,4,True,False,True,0.0,0.0
full_coverage_complete,rightcameraman,666,0,0,1,True,False,True,0.0,0.0
full_coverage_complete,rightcameraman,667,0,0,4,True,False,True,0.0,0.0
full_coverage_complete,rightcameraman,668,0,0,4,True,False,True,0.0,0.0
full_coverage_complete,rightcameraman,669,0,0,4,True,False,True,0.0,0.0
full_coverage_complete,rightcameraman,670,0,0,4,True,False,True,0.0,0.0
full_coverage_complete,rightcameraman,671,4,1,4,True,False,True,0.0,0.0
full_coverage_complete,rightcameraman,672,0,0,2,True,False,True,0.0,0.0
full_coverage_complete,rightcameraman,673,0,1,4,True,False,True,0.0,0.0
full_coverage_complete,rightcameraman,674,5,0,5,True,False,True,0.0,0.0
full_coverage_complete,rightcameraman,675,5,0,5,True,False,True,0.0,0.0
full_coverage_complete,rightcameraman,676,0,0,5,True,False,True,0.0,0.0
full_coverage_complete,rightcameraman,677,0,0,1,True,False,True,0.0,0.0
full_coverage_complete,rightcameraman,678,4,0,4,True,False,True,0.0,0.030869864496972994
full_coverage_complete,rightcameraman,679,5,0,5,True,False,True,0.4112222803597665,0.0
full_coverage_complete,rightcameraman,680,5,1,5,True,False,True,0.0,0.0
full_coverage_complete,rightcameraman,681,5,1,5,True,False,True,0.0,0.0
full_coverage_complete,rightcameraman,682,5,0,5,True,False,True,0.0,0.0
full_coverage_complete,rightcameraman,683,5,2,5,True,False,True,0.0,0.0
full_coverage_complete,rightcameraman,684,0,0,4,True,False,True,0.0,0.0
full_coverage_complete,rightcameraman,685,0,0,4,True,False,True,0.250161059611538,0.250161059611538
full_coverage_complete,rightcameraman,686,0,0,1,True,False,True,0.3544005268211718,0.3544005268211718
full_coverage_complete,rightcameraman,687,0,0,4,True,False,True,0.4234504055298613,0.4234504055298613
full_coverage_complete,rightcameraman,688,0,0,4,True,False,True,0.3097455348864828,0.3097455348864828
full_coverage_complete,rightcameraman,689,0,0,4,True,False,True,0.2075756198132918,0.2075756198132918
full_coverage_complete,rightcameraman,690,0,0,4,True,False,True,0.31347442284449994,0.31347442284449994
full_coverage_complete,rightcameraman,691,0,0,5,True,False,True,0.20073059942816646,0.20073059942816646
full_coverage_complete,rightcameraman,692,0,0,4,True,False,True,0.1958176388201891,0.1958176388201891
full_coverage_complete,rightcameraman,693,0,0,4,True,False,True,0.17493957967474735,0.17493957967474735
full_coverage_complete,rightcameraman,694,4,0,4,True,False,True,0.14139587371540388,0.0
full_coverage_complete,rightcameraman,695,0,2,5,True,False,True,0.0,0.500847564812083
full_coverage_complete,rightcameraman,696,0,0,4,True,False,True,0.5995895644801279,0.5995895644801279
full_coverage_complete,rightcameraman,697,0,0,4,True,False,True,0.5625251015395699,0.5625251015395699
full_coverage_complete,rightcameraman,698,0,0,4,True,False,True,0.6275433378552652,0.6275433378552652
full_coverage_complete,rightcameraman,699,0,0,4,True,False,True,0.7076224924655742,0.7076224924655742
full_coverage_complete,rightcameraman,700,0,0,4,True,False,True,0.6574066103118426,0.6574066103118426
full_coverage_complete,rightcameraman,701,0,0,4,True,False,True,0.6103219270537106,0.6103219270537106
full_coverage_complete,rightcameraman,702,0,0,4,True,False,True,0.45612295045789675,0.45612295045789675
full_coverage_complete,rightcameraman,703,0,0,4,True,False,True,0.0,0.0
full_coverage_complete,rightcameraman,704,0,0,4,True,False,True,0.0,0.0
full_coverage_complete,rightcameraman,705,0,0,4,True,False,True,0.0,0.0
full_coverage_complete,rightcameraman,706,0,0,4,True,False,True,0.0,0.0
full_coverage_complete,rightcameraman,707,0,0,4,True,False,True,0.31892518262716285,0.31892518262716285
full_coverage_complete,rightcameraman,708,0,0,5,True,False,True,0.27956697909947065,0.27956697909947065
full_coverage_complete,rightcameraman,709,0,0,4,True,False,True,0.26298407901529774,0.26298407901529774
full_coverage_complete,rightcameraman,710,0,0,4,True,False,True,0.24487757342897953,0.24487757342897953
full_coverage_complete,rightcameraman,711,0,0,4,True,False,True,0.20975771865389065,0.20975771865389065
full_coverage_complete,rightcameraman,712,0,0,4,True,False,True,0.22730247214266924,0.22730247214266924
full_coverage_complete,rightcameraman,713,0,0,4,True,False,True,0.24027448962850015,0.24027448962850015
full_coverage_complete,rightcameraman,714,0,0,4,True,False,True,0.30164141580251586,0.30164141580251586
full_coverage_complete,rightcameraman,715,0,0,4,True,False,True,0.1591469511775707,0.1591469511775707
full_coverage_complete,rightcameraman,716,0,0,4,True,False,True,0.013451656168792974,0.013451656168792974
full_coverage_complete,rightcameraman,717,0,0,4,True,False,True,0.0,0.0
full_coverage_complete,rightcameraman,718,0,0,4,True,False,True,0.0,0.0
full_coverage_complete,rightcameraman,719,0,0,4,True,False,True,0.0,0.0
full_coverage_complete,rightcameraman,720,0,0,4,True,False,True,0.0,0.0
full_coverage_complete,rightcameraman,721,0,0,4,True,False,True,0.0,0.0
full_coverage_complete,rightcameraman,722,0,2,4,True,False,True,0.0,0.0
full_coverage_complete,rightcameraman,723,0,0,1,True,False,True,0.0,0.0
full_coverage_complete,rightcameraman,724,0,0,4,True,False,True,0.0,0.0
full_coverage_complete,rightcameraman,725,0,0,4,True,False,True,0.0,0.0
full_coverage_complete,rightcameraman,726,0,0,4,True,False,True,0.0,0.0
full_coverage_complete,rightcameraman,727,0,0,4,True,False,True,0.0,0.0
full_coverage_complete,rightcameraman,728,0,0,4,True,False,True,0.0,0.0
full_coverage_complete,rightcameraman,729,4,0,4,True,False,True,0.0,0.0
full_coverage_complete,rightcameraman,730,5,0,5,True,False,True,0.0,0.0
full_coverage_complete,rightcameraman,731,5,1,5,True,False,True,0.0,0.0
full_coverage_complete,rightcameraman,732,5,0,5,True,False,True,0.07138656032039878,0.0
full_coverage_complete,rightcameraman,733,4,1,4,True,False,True,0.10203069918941086,0.0
full_coverage_complete,rightcameraman,734,0,0,4,True,False,True,0.22411559753087934,0.22411559753087934
full_coverage_complete,rightcameraman,735,0,0,4,True,False,True,0.4554172624344689,0.4554172624344689
full_coverage_complete,rightcameraman,736,0,0,4,True,False,True,0.6048102062207242,0.6048102062207242
full_coverage_complete,rightcameraman,737,0,0,4,True,False,True,0.37787626842760724,0.37787626842760724
full_coverage_complete,rightcameraman,738,0,0,4,True,False,True,0.44999698018115897,0.44999698018115897
full_coverage_complete,rightcameraman,739,0,0,4,True,False,True,0.5668516371104723,0.5668516371104723
full_coverage_complete,rightcameraman,740,0,0,4,True,False,True,0.7009680052531693,0.7009680052531693
full_coverage_complete,rightcameraman,741,0,0,4,True,False,True,0.750942424183764,0.750942424183764
full_coverage_complete,rightcameraman,742,0,0,4,True,False,True,0.6980857117189024,0.6980857117189024
full_coverage_complete,rightcameraman,743,0,0,4,True,False,True,0.7714562915711528,0.7714562915711528
full_coverage_complete,rightcameraman,744,0,0,4,True,False,True,0.7776303053161385,0.7776303053161385
full_coverage_complete,rightcameraman,745,0,0,4,True,False,True,0.7383044233389369,0.7383044233389369
full_coverage_complete,rightcameraman,746,0,0,4,True,False,True,0.7436099718649215,0.7436099718649215
full_coverage_complete,rightcameraman,747,0,0,5,True,False,True,0.7395244981503496,0.7395244981503496
full_coverage_complete,rightcameraman,748,0,0,4,True,False,True,0.7726112778434899,0.7726112778434899
full_coverage_complete,rightcameraman,752,0,0,4,True,False,True,0.5656950775122042,0.5656950775122042
full_coverage_complete,rightcameraman,755,0,0,4,True,False,True,0.5844929466594856,0.5844929466594856
full_coverage_complete,rightcameraman,816,0,0,5,True,False,True,0.7239444322357056,0.7239444322357056
full_coverage_complete,rightcameraman,835,0,0,4,True,False,True,0.6863473312303131,0.6863473312303131
full_coverage_complete,rightcameraman,837,0,0,4,True,False,True,0.6475718764173441,0.6475718764173441
full_coverage_complete,rightcameraman,838,0,0,4,True,False,True,0.6741482306649067,0.6741482306649067
full_coverage_complete,rightcameraman,839,0,0,4,True,False,True,0.6692185404605342,0.6692185404605342
full_coverage_complete,rightcameraman,840,0,0,4,True,False,True,0.6548148294056002,0.6548148294056002
full_coverage_complete,rightcameraman,841,0,0,4,True,False,True,0.6600937332880535,0.6600937332880535
full_coverage_complete,rightcameraman,842,0,0,4,True,False,True,0.6675055104660814,0.6675055104660814
full_coverage_complete,rightcameraman,843,0,0,4,True,False,True,0.6719935263330808,0.6719935263330808
full_coverage_complete,rightcameraman,844,0,0,1,True,False,True,0.6744758178531363,0.6744758178531363
full_coverage_complete,rightcameraman,845,0,0,4,True,False,True,0.6932567540290335,0.6932567540290335
full_coverage_complete,rightcameraman,847,0,0,4,True,False,True,0.731304554141857,0.731304554141857
full_coverage_complete,rightcameraman,850,0,0,1,True,False,True,0.6802657803325776,0.6802657803325776
full_coverage_complete,rightcameraman,851,0,0,4,True,False,True,0.6776312208242796,0.6776312208242796
full_coverage_complete,rightcameraman,852,0,0,4,True,False,True,0.6863153247910683,0.6863153247910683
full_coverage_complete,rightcameraman,864,0,0,5,True,False,True,0.679503062134085,0.679503062134085
full_coverage_complete,rightcameraman,868,0,0,1,True,False,True,0.6850254624036477,0.6850254624036477
full_coverage_complete,rightcameraman,869,0,0,1,True,False,True,0.7151067896420776,0.7151067896420776
full_coverage_complete,rightcameraman,926,0,0,1,True,False,True,0.6685467749450262,0.6685467749450262
full_coverage_complete,rightcameraman,928,0,0,1,True,False,True,0.6602957761549538,0.6602957761549538
full_coverage_complete,rightcameraman,931,0,0,1,True,False,True,0.6160355355545186,0.6160355355545186
full_coverage_complete,rightcameraman,935,0,0,1,True,False,True,0.6333975344137402,0.6333975344137402
full_coverage_complete,rightcameraman,976,0,0,5,True,False,True,0.711964749949736,0.711964749949736
full_coverage_complete,rightcameraman,978,0,0,4,True,False,True,0.8223205009722947,0.8223205009722947
full_coverage_complete,rightcameraman,979,0,0,4,True,False,True,0.7680196181143456,0.7680196181143456
full_coverage_complete,rightcameraman,980,0,0,4,True,False,True,0.6729355814468181,0.6729355814468181
full_coverage_complete,rightcameraman,981,0,0,4,True,False,True,0.7511013457169612,0.7511013457169612
full_coverage_complete,rightcameraman,982,0,0,5,True,False,True,0.7444556601200908,0.7444556601200908
full_coverage_complete,rightcameraman,983,0,0,4,True,False,True,0.7431524811568759,0.7431524811568759
full_coverage_complete,rightcameraman,984,0,0,2,True,False,True,0.6828357492232979,0.6828357492232979
full_coverage_complete,rightcameraman,988,0,0,5,True,False,True,0.7714913462855295,0.7714913462855295
full_coverage_complete,rightcameraman,989,0,0,4,True,False,True,0.7575548177848036,0.7575548177848036
full_coverage_complete,rightcameraman,990,0,0,5,True,False,True,0.6580454205066053,0.6580454205066053
full_coverage_complete,rightcameraman,991,0,0,4,True,False,True,0.6565769084326681,0.6565769084326681
full_coverage_complete,rightcameraman,992,0,0,5,True,False,True,0.6251979897237852,0.6251979897237852
full_coverage_complete,rightcameraman,994,0,0,5,True,False,True,0.6136281770700035,0.6136281770700035
full_coverage_complete,rightcameraman,995,0,0,5,True,False,True,0.6902876313482889,0.6902876313482889
full_coverage_complete,rightcameraman,996,0,0,4,True,False,True,0.6986004768416045,0.6986004768416045
full_coverage_complete,rightcameraman,997,0,0,4,True,False,True,0.6613710749498091,0.6613710749498091
full_coverage_complete,rightcameraman,998,0,0,4,True,False,True,0.6362582155445778,0.6362582155445778
full_coverage_complete,rightcameraman,999,0,0,5,True,False,True,0.6210504164761926,0.6210504164761926
full_coverage_complete,rightcameraman,1000,0,0,4,True,False,True,0.6405398615549628,0.6405398615549628
full_coverage_complete,rightcameraman,1002,0,0,2,True,False,True,0.7026342456696242,0.7026342456696242
full_coverage_complete,rightcameraman,1012,0,0,4,True,False,True,0.8106573305612967,0.8106573305612967
full_coverage_complete,rightcameraman,1031,0,0,4,True,False,True,0.7463468758832191,0.7463468758832191
full_coverage_complete,rightcameraman,1032,0,0,4,True,False,True,0.7569552204967567,0.7569552204967567
full_coverage_complete,rightcameraman,1033,0,0,4,True,False,True,0.8104593191100492,0.8104593191100492
full_coverage_complete,rightcar-chongT,18,0,0,5,True,False,True,0.553301839854815,0.553301839854815
full_coverage_complete,rightcar-chongT,20,0,0,5,True,False,True,0.47391429289046294,0.47391429289046294
full_coverage_complete,rightcar-chongT,21,0,0,5,True,False,True,0.4645614229501082,0.4645614229501082
full_coverage_complete,rightcar-chongT,22,0,0,5,True,False,True,0.5031853949544488,0.5031853949544488
full_coverage_complete,rightcar-chongT,25,0,0,6,True,False,True,0.6917564262407985,0.6917564262407985
full_coverage_complete,rightcar-chongT,38,0,0,5,True,False,True,0.6935241100174795,0.6935241100174795
full_coverage_complete,rightcar-chongT,39,5,0,5,True,False,True,0.5222102759062304,0.4956501086494595
full_coverage_complete,rightcar-chongT,40,0,0,5,True,False,True,0.4027868703917998,0.14566603659611377
full_coverage_complete,rightcar-chongT,41,0,0,5,True,False,True,0.5313247018160375,0.5313247018160375
full_coverage_complete,rightcar-chongT,42,6,0,6,True,False,True,0.521222346669087,0.4006330096002815
full_coverage_complete,rightcar-chongT,43,5,1,5,True,False,True,0.6113882058875804,0.42340701266427344
full_coverage_complete,rightcar-chongT,44,0,0,6,True,False,True,0.42371691809015727,0.42371691809015727
full_coverage_complete,rightcar-chongT,45,0,0,5,True,False,True,0.404356493094567,0.404356493094567
full_coverage_complete,rightcar-chongT,47,0,0,6,True,False,True,0.37246087532543976,0.37246087532543976
full_coverage_complete,rightcar-chongT,49,0,0,1,True,False,True,0.3584265143362701,0.3584265143362701
full_coverage_complete,rightcar-chongT,52,0,0,5,True,False,True,0.5642965365246624,0.5642965365246624
full_coverage_complete,rightcar-chongT,54,0,0,5,True,False,True,0.596372951685665,0.596372951685665
full_coverage_complete,rightcar-chongT,55,0,0,5,True,False,True,0.6042032811920169,0.6042032811920169
full_coverage_complete,rightcar-chongT,56,0,0,5,True,False,True,0.5280444201826826,0.5280444201826826
full_coverage_complete,rightcar-chongT,58,0,0,5,True,False,True,0.44028966952724996,0.44028966952724996
full_coverage_complete,rightcar-chongT,59,0,0,5,True,False,True,0.3548636459814553,0.3548636459814553
full_coverage_complete,rightcar-chongT,60,4,1,4,True,False,True,0.24287482539840172,0.0
full_coverage_complete,rightcar-chongT,61,0,1,5,True,False,True,0.0,0.0
full_coverage_complete,rightcar-chongT,62,0,0,5,True,False,True,0.0,0.0
full_coverage_complete,rightcar-chongT,63,0,0,5,True,False,True,0.0,0.0
full_coverage_complete,rightcar-chongT,64,5,4,5,True,False,True,0.0,0.0
full_coverage_complete,rightcar-chongT,65,0,0,5,True,False,True,0.0,0.0
full_coverage_complete,rightcar-chongT,70,5,0,5,True,False,True,0.0,0.0
full_coverage_complete,rightcar-chongT,71,0,1,5,True,False,True,0.0,0.0
full_coverage_complete,rightcar-chongT,73,0,0,5,True,False,True,0.0,0.0
full_coverage_complete,rightcar-chongT,75,0,0,5,True,False,True,0.0,0.0
full_coverage_complete,rightcar-chongT,80,0,0,5,True,False,True,0.16793664840098144,0.16793664840098144
full_coverage_complete,rightcar-chongT,81,0,0,5,True,False,True,0.28335031536347527,0.28335031536347527
full_coverage_complete,rightcar-chongT,83,0,0,5,True,False,True,0.31995763384573056,0.31995763384573056
full_coverage_complete,rightcar-chongT,84,5,0,5,True,False,True,0.20386162327297755,0.11717634870875739
full_coverage_complete,rightcar-chongT,85,0,0,1,True,False,True,0.14622925468758227,0.14622925468758227
full_coverage_complete,rightcar-chongT,90,0,0,5,True,False,True,0.7496340760647461,0.7496340760647461
full_coverage_complete,rightcar-chongT,91,0,0,5,True,False,True,0.7676655871234574,0.7676655871234574
full_coverage_complete,rightcar-chongT,92,5,1,5,True,False,True,0.6983967709804102,0.48123886525682913
full_coverage_complete,rightcar-chongT,93,5,1,5,True,False,True,0.6507056293082067,0.4322212057045441
full_coverage_complete,rightcar-chongT,97,0,0,5,True,False,True,0.5163165576679792,0.5163165576679792
full_coverage_complete,rightcar-chongT,98,0,0,5,True,False,True,0.11589949607503074,0.11589949607503074
full_coverage_complete,rightcar-chongT,103,0,0,5,True,False,True,0.06272551074853909,0.06272551074853909
full_coverage_complete,rightcar-chongT,108,0,1,5,True,False,True,0.11557298335830131,0.0
full_coverage_complete,rightcar-chongT,109,0,0,5,True,False,True,0.0,0.0
full_coverage_complete,rightcar-chongT,110,0,1,5,True,False,True,0.0,0.11497010582793304
full_coverage_complete,rightcar-chongT,111,1,0,1,True,False,True,0.1555568862731674,0.1402952431443566
full_coverage_complete,rightcar-chongT,112,0,0,5,True,False,True,0.17158371658955088,0.17158371658955088
full_coverage_complete,rightcar-chongT,116,0,0,6,True,False,True,0.15891632443852466,0.15891632443852466
full_coverage_complete,rightcar-chongT,122,0,0,5,True,False,True,0.0,0.13197338828272623
full_coverage_complete,rightcar-chongT,123,0,0,5,True,False,True,0.1782745484776979,0.1782745484776979
full_coverage_complete,rightcar-chongT,124,5,0,5,True,False,True,0.1443343567042009,0.0
full_coverage_complete,rightcar-chongT,125,5,0,5,True,False,True,0.0,0.18510208060040786
full_coverage_complete,rightcar-chongT,126,0,0,1,True,False,True,0.0,0.0
full_coverage_complete,rightcar-chongT,127,0,0,5,True,False,True,0.0,0.20805620843055425
full_coverage_complete,rightcar-chongT,128,0,0,6,True,False,True,0.22707584037075698,0.22707584037075698
full_coverage_complete,rightcar-chongT,296,0,0,5,True,False,True,0.0,0.0
full_coverage_complete,rightcar-chongT,298,0,1,5,True,False,True,0.0,0.0
full_coverage_complete,rightcar-chongT,299,0,0,5,True,False,True,0.0,0.0
full_coverage_complete,rightcar-chongT,300,0,0,5,True,False,True,0.0,0.0
full_coverage_complete,rightcar-chongT,301,0,0,5,True,False,True,0.0,0.0
full_coverage_complete,rightcar-chongT,302,0,0,5,True,False,True,0.0,0.0
full_coverage_complete,rightcar-chongT,303,0,0,5,True,False,True,0.0,0.0
full_coverage_complete,rightcar-chongT,304,0,0,5,True,False,True,0.0,0.0
full_coverage_complete,rightcar-chongT,305,0,0,5,True,False,True,0.0,0.0
full_coverage_complete,rightcar-chongT,306,0,0,5,True,False,True,0.0,0.0
full_coverage_complete,rightcar-chongT,307,0,0,5,True,False,True,0.0,0.0
full_coverage_complete,rightcar-chongT,308,0,0,5,True,False,True,0.0,0.0
full_coverage_complete,rightcar-chongT,309,0,0,5,True,False,True,0.0,0.0
full_coverage_complete,rightcar-chongT,310,0,0,5,True,False,True,0.0,0.0
full_coverage_complete,rightcar-chongT,311,0,0,5,True,False,True,0.0,0.0
full_coverage_complete,rightcar-chongT,312,0,0,5,True,False,True,0.0,0.0
full_coverage_complete,rightcar-chongT,313,0,0,5,True,False,True,0.0,0.0
full_coverage_complete,rightcar-chongT,314,0,0,5,True,False,True,0.0,0.0
full_coverage_complete,rightcar-chongT,315,0,0,5,True,False,True,0.0,0.0
full_coverage_complete,rightcar-chongT,316,0,0,5,True,False,True,0.0,0.0
full_coverage_complete,rightcar-chongT,317,0,0,5,True,False,True,0.0,0.0
full_coverage_complete,rightcar-chongT,318,0,0,5,True,False,True,0.0,0.0
full_coverage_complete,rightcar-chongT,319,0,0,5,True,False,True,0.0,0.0
full_coverage_complete,rightcar-chongT,320,0,0,5,True,False,True,0.0,0.0
full_coverage_complete,rightcar-chongT,321,0,1,5,True,False,True,0.0,0.0
full_coverage_complete,rightcar-chongT,322,0,0,6,True,False,True,0.0,0.0
full_coverage_complete,rightcar-chongT,324,0,0,5,True,False,True,0.0,0.0
full_coverage_complete,rightcar-chongT,325,0,0,5,True,False,True,0.0,0.0
full_coverage_complete,rightcar-chongT,326,0,0,5,True,False,True,0.0,0.0
full_coverage_complete,rightcar-chongT,327,5,2,5,True,False,True,0.0,0.0
full_coverage_complete,rightcar-chongT,328,0,0,5,True,False,True,0.0,0.0
full_coverage_complete,rightcar-chongT,329,0,1,5,True,False,True,0.0,0.0
full_coverage_complete,rightcar-chongT,330,0,0,5,True,False,True,0.0,0.0
full_coverage_complete,rightcar-chongT,331,0,0,5,True,False,True,0.0,0.0
full_coverage_complete,rightcar-chongT,332,0,0,5,True,False,True,0.0,0.0
full_coverage_complete,rightcar-chongT,336,0,0,1,True,False,True,0.0,0.0
full_coverage_complete,rightcar-chongT,338,0,0,1,True,False,True,0.0,0.0
full_coverage_complete,rightcar-chongT,343,0,0,4,True,False,True,0.0,0.0
full_coverage_complete,rightcar-chongT,352,0,0,4,True,False,True,0.0,0.0
full_coverage_complete,rightcar-chongT,353,0,0,4,True,False,True,0.0,0.0
full_coverage_complete,rightcar-chongT,354,0,0,4,True,False,True,0.0,0.0
full_coverage_complete,rightcar-chongT,355,0,0,5,True,False,True,0.0,0.0
full_coverage_complete,rightcar-chongT,356,0,0,5,True,False,True,0.0,0.0
full_coverage_complete,rightcar-chongT,357,0,0,5,True,False,True,0.0,0.0
full_coverage_complete,rightcar-chongT,358,0,0,5,True,False,True,0.0,0.0
full_coverage_complete,rightcar-chongT,359,0,0,5,True,False,True,0.0,0.0
full_coverage_complete,rightcar-chongT,360,0,0,5,True,False,True,0.0,0.0
full_coverage_complete,rightcar-chongT,361,0,0,5,True,False,True,0.0,0.0
full_coverage_complete,rightcar-chongT,369,0,0,1,True,False,True,0.0,0.0
full_coverage_complete,rightcar-chongT,370,0,0,1,True,False,True,0.0,0.0
full_coverage_complete,rightcar-chongT,371,0,0,5,True,False,True,0.0,0.0
full_coverage_complete,rightcar-chongT,372,0,0,5,True,False,True,0.0,0.0
full_coverage_complete,rightcar-chongT,373,0,0,5,True,False,True,0.0,0.0
full_coverage_complete,rightcar-chongT,374,0,0,5,True,False,True,0.0,0.0
full_coverage_complete,rightcar-chongT,375,0,0,5,True,False,True,0.0,0.0
full_coverage_complete,rightcar-chongT,377,0,0,5,True,False,True,0.0,0.0
full_coverage_complete,rightcar-chongT,378,0,0,5,True,False,True,0.0,0.0
full_coverage_complete,rightcar-chongT,385,0,0,5,True,False,True,0.0,0.0
full_coverage_complete,rightcar-chongT,386,0,0,5,True,False,True,0.0,0.0
full_coverage_complete,rightcar-chongT,387,0,0,5,True,False,True,0.0,0.0
full_coverage_complete,rightcar-chongT,388,0,0,5,True,False,True,0.0,0.0
full_coverage_complete,rightcar-chongT,389,0,0,5,True,False,True,0.0,0.0
full_coverage_complete,rightcar-chongT,390,5,3,5,True,False,True,0.0,0.0
full_coverage_complete,rightcar-chongT,391,0,0,1,True,False,True,0.0,0.0
full_coverage_complete,rightcar-chongT,392,0,0,5,True,False,True,0.0,0.0
full_coverage_complete,rightcar-chongT,393,0,0,5,True,False,True,0.0,0.0
full_coverage_complete,rightcar-chongT,394,0,0,5,True,False,True,0.0,0.0
full_coverage_complete,rightcar-chongT,395,0,0,5,True,False,True,0.0,0.0
full_coverage_complete,rightcar-chongT,396,5,3,5,True,False,True,0.0,0.42709108910211263
full_coverage_complete,rightcar-chongT,404,0,0,5,True,False,True,0.7782186545035163,0.7782186545035163
full_coverage_complete,rightcar-chongT,414,0,0,5,True,False,True,0.6172246093022666,0.6172246093022666
full_coverage_complete,rightcar-chongT,415,0,0,5,True,False,True,0.5532124792602643,0.5532124792602643
full_coverage_complete,rightcar-chongT,417,0,0,5,True,False,True,0.6052750774560749,0.6052750774560749
full_coverage_complete,rightcar-chongT,418,0,0,5,True,False,True,0.4328228339949174,0.4328228339949174
full_coverage_complete,rightcar-chongT,443,0,0,5,True,False,True,0.374628034892613,0.374628034892613
full_coverage_complete,rightcar-chongT,450,0,0,1,True,False,True,0.1327178430943791,0.1327178430943791
full_coverage_complete,rightcar-chongT,452,0,0,5,True,False,True,0.14582493797754797,0.14582493797754797
full_coverage_complete,rightcar-chongT,461,0,0,5,True,False,True,0.04284862883071607,0.04284862883071607
full_coverage_complete,rightcar-chongT,465,0,0,5,True,False,True,0.012273970363050044,0.012273970363050044
full_coverage_complete,rightcar-chongT,466,5,0,5,True,False,True,0.02847234706364589,0.0
full_coverage_complete,rightcar-chongT,467,0,0,5,True,False,True,0.0,0.0
full_coverage_complete,rightcar-chongT,469,5,3,5,True,False,True,0.026500147180104114,0.29003941426349444
full_coverage_complete,rightcar-chongT,470,0,0,5,True,False,True,0.0,0.0
full_coverage_complete,rightcar-chongT,472,0,0,5,True,False,True,0.01453581178805653,0.01453581178805653
full_coverage_complete,rightcar-chongT,473,5,0,5,True,False,True,0.010611432283605213,0.0
full_coverage_complete,rightcar-chongT,476,0,0,5,True,False,True,0.0,0.0
full_coverage_complete,rightcar-chongT,478,5,2,5,True,False,True,0.0,0.0
full_coverage_complete,rightcar-chongT,479,5,0,5,True,False,True,0.0,0.606211424520444
full_coverage_complete,rightcar-chongT,480,0,0,5,True,False,True,0.676306732627338,0.676306732627338
full_coverage_complete,rightcar-chongT,481,0,0,5,True,False,True,0.3990568995688475,0.3990568995688475
full_coverage_complete,rightcar-chongT,483,5,2,5,True,False,True,0.43372892858811435,0.34482810779331763
full_coverage_complete,rightcar-chongT,485,0,0,5,True,False,True,0.4066588885039624,0.4066588885039624
full_coverage_complete,rightcar-chongT,486,5,0,5,True,False,True,0.42883386323532974,0.0
full_coverage_complete,rightcar-chongT,487,6,1,6,True,False,True,0.0,0.0
full_coverage_complete,rightcar-chongT,488,6,2,6,True,False,True,0.0,0.0
full_coverage_complete,rightcar-chongT,489,4,1,4,True,False,True,0.0,0.0
full_coverage_complete,rightcar-chongT,490,0,0,5,True,False,True,0.0,0.0
full_coverage_complete,rightcar-chongT,491,5,3,5,True,False,True,0.0,0.045323777420865026
full_coverage_complete,rightcar-chongT,492,0,0,5,True,False,True,0.14385466912168143,0.14385466912168143
full_coverage_complete,rightcar-chongT,493,5,1,5,True,False,True,0.17604773047920574,0.20204994223048994
full_coverage_complete,rightcar-chongT,494,0,1,5,True,False,True,0.20313279765952444,0.0
full_coverage_complete,rightcar-chongT,497,0,1,5,True,False,True,0.0,0.0
full_coverage_complete,rightcar-chongT,498,0,0,5,True,False,True,0.13588024976567045,0.13588024976567045
full_coverage_complete,rightcar-chongT,499,0,0,5,True,False,True,0.2046486199343339,0.2046486199343339
full_coverage_complete,rightcar-chongT,500,0,0,5,True,False,True,0.2963333161183764,0.2963333161183764
full_coverage_complete,rightcar-chongT,501,5,0,5,True,False,True,0.27407514582544235,0.4354319393091685
full_coverage_complete,rightcar-chongT,502,0,0,5,True,False,True,0.1470825064815669,0.1470825064815669
full_coverage_complete,rightcar-chongT,503,0,0,1,True,False,True,0.0,0.0
full_coverage_complete,rightcar-chongT,504,6,0,6,True,False,True,0.0,0.0
full_coverage_complete,rightcar-chongT,505,1,2,1,True,False,True,0.0,0.0
full_coverage_complete,rightcar-chongT,506,5,1,5,True,False,True,0.0,0.0
full_coverage_complete,rightcar-chongT,507,5,0,5,True,False,True,0.0,0.0
full_coverage_complete,rightcar-chongT,512,5,0,5,True,False,True,0.0,0.0
full_coverage_complete,rightcar-chongT,513,0,1,0,False,False,True,0.0,0.0
full_coverage_complete,rightcar-chongT,514,5,0,5,True,False,True,0.0,0.026020644179856552
full_coverage_complete,rightcar-chongT,515,5,0,5,True,False,True,0.0,0.0
full_coverage_complete,rightcar-chongT,516,0,0,5,True,False,True,0.0,0.0
full_coverage_complete,rightcar-chongT,517,0,0,5,True,False,True,0.0,0.0
full_coverage_complete,rightcar-chongT,518,5,4,5,True,False,True,0.0,0.0
full_coverage_complete,rightcar-chongT,519,0,0,1,True,False,True,0.0,0.0
full_coverage_complete,rightcar-chongT,529,5,2,5,True,False,True,0.0,0.23671289237007573
full_coverage_complete,rightcar-chongT,531,0,0,5,True,False,True,0.2077036879291481,0.2077036879291481
full_coverage_complete,rightcar-chongT,532,0,0,5,True,False,True,0.12238261469515074,0.12238261469515074
full_coverage_complete,rightcar-chongT,533,0,0,4,True,False,True,0.3523999024730301,0.3523999024730301
full_coverage_complete,rightcar-chongT,536,0,0,1,True,False,True,0.7451792364862682,0.7451792364862682
full_coverage_complete,rightcar-chongT,537,0,0,4,True,False,True,0.7610947761350169,0.7610947761350169
full_coverage_complete,rightcar-chongT,538,0,0,4,True,False,True,0.8130840787559226,0.8130840787559226
full_coverage_complete,rightcar-chongT,539,0,0,4,True,False,True,0.6363556412087211,0.6363556412087211
full_coverage_complete,rightcar-chongT,541,0,0,4,True,False,True,0.7037796876016775,0.7037796876016775
full_coverage_complete,rightcar-chongT,542,0,0,4,True,False,True,0.7863415323175091,0.7863415323175091
full_coverage_complete,rightcar-chongT,545,0,0,5,True,False,True,0.43339610974162657,0.43339610974162657
full_coverage_complete,rightcar-chongT,551,0,0,1,True,False,True,0.6244989887126896,0.6244989887126896
full_coverage_complete,rightcomingstrongboy,134,0,0,4,True,False,True,0.6472656496661506,0.6472656496661506
full_coverage_complete,rightcomingstrongboy,136,0,0,4,True,False,True,0.7560521621166397,0.7560521621166397
full_coverage_complete,rightcomingstrongboy,137,0,0,2,True,False,True,0.6179564632467831,0.6179564632467831
full_coverage_complete,rightcomingstrongboy,139,0,0,4,True,False,True,0.7576063600009595,0.7576063600009595
full_coverage_complete,rightcomingstrongboy,142,0,0,4,True,False,True,0.7066617778778259,0.7066617778778259
full_coverage_complete,rightcomingstrongboy,143,0,0,4,True,False,True,0.7440336238319134,0.7440336238319134
full_coverage_complete,rightcomingstrongboy,146,0,0,2,True,False,True,0.805405644969688,0.805405644969688
full_coverage_complete,rightcomingstrongboy,149,0,0,4,True,False,True,0.7745689159886693,0.0
full_coverage_complete,rightcomingstrongboy,150,0,0,5,True,False,True,0.0,0.0
full_coverage_complete,rightcomingstrongboy,151,0,0,2,True,False,True,0.8718957813177952,0.8718957813177952
full_coverage_complete,rightcomingstrongboy,153,0,0,4,True,False,True,0.7857346508156461,0.7857346508156461
full_coverage_complete,rightcomingstrongboy,156,1,0,1,True,False,True,0.0,0.8400612237337309
full_coverage_complete,rightcomingstrongboy,180,0,0,2,True,False,True,0.7521885112171177,0.7521885112171177
full_coverage_complete,rightcomingstrongboy,201,0,0,4,True,False,True,0.7485369521257501,0.7485369521257501
full_coverage_complete,rightcomingstrongboy,231,0,0,2,True,False,True,0.8692885423011775,0.8692885423011775
full_coverage_complete,rightcomingstrongboy,234,0,0,4,True,False,True,0.6748795177909584,0.6748795177909584
full_coverage_complete,rightcomingstrongboy,235,0,0,4,True,False,True,0.842216683692991,0.842216683692991
full_coverage_complete,rightcomingstrongboy,236,0,0,4,True,False,True,0.7185469852592956,0.7185469852592956
full_coverage_complete,rightcomingstrongboy,239,0,0,4,True,False,True,0.6854113145688522,0.6854113145688522
full_coverage_complete,rightcomingstrongboy,248,0,0,4,True,False,True,0.8325861463915374,0.8325861463915374
full_coverage_complete,rightcomingstrongboy,256,0,0,4,True,False,True,0.6048971039798201,0.6048971039798201
full_coverage_complete,rightcomingstrongboy,259,0,0,4,True,False,True,0.7147984369561103,0.7147984369561103
full_coverage_complete,rightcomingstrongboy,260,0,0,4,True,False,True,0.7519107108906447,0.7519107108906447
full_coverage_complete,rightcomingstrongboy,261,0,0,4,True,False,True,0.6442039978517168,0.6442039978517168
full_coverage_complete,rightcomingstrongboy,263,0,0,4,True,False,True,0.7775995202509961,0.7775995202509961
full_coverage_complete,rightcomingstrongboy,264,0,0,4,True,False,True,0.7570959980501119,0.7570959980501119
full_coverage_complete,rightcomingstrongboy,265,0,0,4,True,False,True,0.1637216971026164,0.1637216971026164
full_coverage_complete,rightcomingstrongboy,266,4,1,4,True,False,True,0.0,0.2898053686428807
full_coverage_complete,rightcomingstrongboy,267,0,1,4,True,False,True,0.13760051098336648,0.13760051098336648
full_coverage_complete,rightcomingstrongboy,268,0,0,4,True,False,True,0.738330233305696,0.738330233305696
full_coverage_complete,rightcomingstrongboy,276,0,0,2,True,False,True,0.8763773628428426,0.8763773628428426
full_coverage_complete,rightcomingstrongboy,283,0,0,1,True,False,True,0.9002955018743137,0.9002955018743137
full_coverage_complete,rightcomingstrongboy,285,0,0,4,True,False,True,0.8927865655612288,0.8927865655612288
full_coverage_complete,rightcomingstrongboy,286,0,0,4,True,False,True,0.9147713943610265,0.9147713943610265
full_coverage_complete,rightcomingstrongboy,287,0,0,4,True,False,True,0.8683290127377447,0.8683290127377447
full_coverage_complete,rightcomingstrongboy,289,0,0,4,True,False,True,0.8213263975807544,0.8213263975807544
full_coverage_complete,rightcomingstrongboy,291,0,0,5,True,False,True,0.8726588609430485,0.8726588609430485
full_coverage_complete,rightcomingstrongboy,297,0,0,4,True,False,True,0.7319489975740481,0.7319489975740481
full_coverage_complete,rightcomingstrongboy,299,0,0,4,True,False,True,0.7427446115803034,0.7427446115803034
full_coverage_complete,rightcomingstrongboy,300,0,1,4,True,False,True,0.5447337661492118,0.29678216763711723
full_coverage_complete,rightcomingstrongboy,301,0,0,1,True,False,True,0.1777151899592356,0.1777151899592356
full_coverage_complete,rightcomingstrongboy,302,0,2,4,True,False,True,0.20239154528149028,0.0
full_coverage_complete,rightcomingstrongboy,304,0,0,4,True,False,True,0.0,0.0
full_coverage_complete,rightcomingstrongboy,305,0,0,4,True,False,True,0.0,0.0
full_coverage_complete,rightcomingstrongboy,307,0,0,4,True,False,True,0.0,0.0
full_coverage_complete,rightcomingstrongboy,308,0,0,4,True,False,True,0.0,0.0
full_coverage_complete,rightcomingstrongboy,309,0,0,4,True,False,True,0.0,0.0
full_coverage_complete,rightcomingstrongboy,310,0,0,4,True,False,True,0.0,0.0
full_coverage_complete,rightcomingstrongboy,311,0,0,4,True,False,True,0.0,0.0
full_coverage_complete,rightcomingstrongboy,312,0,0,4,True,False,True,0.0,0.0
full_coverage_complete,rightcomingstrongboy,314,0,0,4,True,False,True,0.0,0.0
full_coverage_complete,rightcomingstrongboy,315,0,0,4,True,False,True,0.0,0.0
full_coverage_complete,rightcomingstrongboy,316,0,0,4,True,False,True,0.0,0.0
full_coverage_complete,rightcomingstrongboy,317,0,0,4,True,False,True,0.0,0.0
full_coverage_complete,rightcomingstrongboy,318,0,0,4,True,False,True,0.0,0.0
full_coverage_complete,rightcomingstrongboy,320,0,0,4,True,False,True,0.0,0.0
full_coverage_complete,rightcomingstrongboy,321,0,0,4,True,False,True,0.0,0.0
full_coverage_complete,rightcomingstrongboy,322,0,0,4,True,False,True,0.0,0.0
full_coverage_complete,rightcomingstrongboy,324,0,0,4,True,False,True,0.0,0.0
full_coverage_complete,rightcomingstrongboy,326,0,0,4,True,False,True,0.0,0.0
full_coverage_complete,rightcomingstrongboy,328,0,0,4,True,False,True,0.01963795713103147,0.01963795713103147
full_coverage_complete,rightcomingstrongboy,329,0,0,4,True,False,True,0.0,0.0
full_coverage_complete,rightcomingstrongboy,330,5,0,5,True,False,True,0.0,0.0
full_coverage_complete,rightcomingstrongboy,339,0,0,4,True,False,True,0.0,0.0
full_coverage_complete,rightcomingstrongboy,343,0,0,4,True,False,True,0.007804148188640355,0.007804148188640355
full_coverage_complete,rightcomingstrongboy,344,0,0,4,True,False,True,0.007301211682747575,0.007301211682747575
full_coverage_complete,rightcomingstrongboy,345,0,0,4,True,False,True,0.0005298462570862432,0.0005298462570862432
full_coverage_complete,rightcomingstrongboy,346,0,0,4,True,False,True,0.009132513437318697,0.009132513437318697
full_coverage_complete,rightcomingstrongboy,347,4,1,4,True,False,True,0.009715421887623492,0.0038752496761823
full_coverage_complete,rightcomingstrongboy,348,0,0,4,True,False,True,0.0065113434352020985,0.0065113434352020985
full_coverage_complete,rightcomingstrongboy,349,0,0,4,True,False,True,0.004510719630277456,0.004510719630277456
full_coverage_complete,rightcomingstrongboy,350,0,0,4,True,False,True,0.006089455535142024,0.006089455535142024
full_coverage_complete,rightcomingstrongboy,351,0,0,4,True,False,True,0.01076112983410868,0.01076112983410868
full_coverage_complete,rightcomingstrongboy,352,0,0,4,True,False,True,0.013586472586207926,0.013586472586207926
full_coverage_complete,rightcomingstrongboy,353,0,0,4,True,False,True,0.006100932867521251,0.006100932867521251
full_coverage_complete,rightcomingstrongboy,354,0,0,4,True,False,True,0.008186549460510959,0.008186549460510959
full_coverage_complete,rightcomingstrongboy,355,0,0,4,True,False,True,0.017506971897891566,0.017506971897891566
full_coverage_complete,rightcomingstrongboy,356,0,0,4,True,False,True,0.007104943941813053,0.007104943941813053
full_coverage_complete,rightcomingstrongboy,357,0,0,4,True,False,True,0.009348694441128272,0.009348694441128272
full_coverage_complete,rightcomingstrongboy,358,0,0,4,True,False,True,0.014832703934809515,0.014832703934809515
full_coverage_complete,rightcomingstrongboy,359,4,0,4,True,False,True,0.0,0.0
full_coverage_complete,rightcomingstrongboy,360,0,1,5,True,False,True,0.0,0.026828886307676617
full_coverage_complete,rightcomingstrongboy,361,4,0,4,True,False,True,0.05510051434663449,0.06538951981640898
full_coverage_complete,rightcomingstrongboy,362,0,0,4,True,False,True,0.04656164929347874,0.04656164929347874
full_coverage_complete,rightcomingstrongboy,363,0,0,4,True,False,True,0.04440348261764434,0.04440348261764434
full_coverage_complete,rightcomingstrongboy,364,0,0,4,True,False,True,0.017137846115711824,0.017137846115711824
full_coverage_complete,rightcomingstrongboy,365,0,0,4,True,False,True,0.025334965068267955,0.025334965068267955
full_coverage_complete,rightcomingstrongboy,366,0,0,4,True,False,True,0.050528893648220725,0.050528893648220725
full_coverage_complete,rightcomingstrongboy,367,0,0,4,True,False,True,0.04995643821143184,0.04995643821143184
full_coverage_complete,rightcomingstrongboy,368,0,0,4,True,False,True,0.04299346455291467,0.04299346455291467
full_coverage_complete,rightcomingstrongboy,369,0,0,4,True,False,True,0.0430172258664337,0.0430172258664337
full_coverage_complete,rightcomingstrongboy,370,0,0,4,True,False,True,0.03353332010218098,0.03353332010218098
full_coverage_complete,rightcomingstrongboy,371,0,0,4,True,False,True,0.04522436052677646,0.04522436052677646
full_coverage_complete,rightcomingstrongboy,372,0,0,4,True,False,True,0.02840851955991752,0.02840851955991752
full_coverage_complete,rightcomingstrongboy,373,0,0,4,True,False,True,0.019067999260342017,0.019067999260342017
full_coverage_complete,rightcomingstrongboy,374,0,0,4,True,False,True,0.008726660950242323,0.008726660950242323
full_coverage_complete,rightcomingstrongboy,375,0,0,4,True,False,True,0.004984397091082555,0.004984397091082555
full_coverage_complete,rightcomingstrongboy,376,0,0,4,True,False,True,0.009645572498749946,0.009645572498749946
full_coverage_complete,rightcomingstrongboy,377,0,0,4,True,False,True,0.0028586210825819825,0.0028586210825819825
full_coverage_complete,rightcomingstrongboy,378,0,0,4,True,False,True,0.0015943801623998846,0.0015943801623998846
full_coverage_complete,rightcomingstrongboy,379,0,0,4,True,False,True,0.0014758349402768773,0.0014758349402768773
full_coverage_complete,rightcomingstrongboy,380,0,0,4,True,False,True,0.00843645636356861,0.00843645636356861
full_coverage_complete,rightcomingstrongboy,381,0,0,4,True,False,True,0.013287289049129047,0.013287289049129047
full_coverage_complete,rightcomingstrongboy,382,0,0,4,True,False,True,0.023446589588143083,0.023446589588143083
full_coverage_complete,rightcomingstrongboy,383,0,0,4,True,False,True,0.014946000312565256,0.014946000312565256
full_coverage_complete,rightcomingstrongboy,384,0,0,4,True,False,True,0.062305800169130995,0.062305800169130995
full_coverage_complete,rightcomingstrongboy,385,0,0,4,True,False,True,0.015992994205535307,0.015992994205535307
full_coverage_complete,rightcomingstrongboy,386,0,0,4,True,False,True,0.0005055362994214884,0.0005055362994214884
full_coverage_complete,rightcomingstrongboy,387,0,0,4,True,False,True,0.04911903899629921,0.04911903899629921
full_coverage_complete,rightcomingstrongboy,388,0,0,4,True,False,True,0.011654955666265643,0.0
full_coverage_complete,rightcomingstrongboy,389,0,0,5,True,False,True,0.0,0.0
full_coverage_complete,rightcomingstrongboy,390,4,0,4,True,False,True,0.0,0.0
full_coverage_complete,rightcomingstrongboy,391,0,0,4,True,False,True,0.0,0.0
full_coverage_complete,rightcomingstrongboy,392,0,0,4,True,False,True,0.0,0.0
full_coverage_complete,rightcomingstrongboy,393,0,0,4,True,False,True,0.0,0.0
full_coverage_complete,rightcomingstrongboy,394,0,0,4,True,False,True,0.0,0.0
full_coverage_complete,rightcomingstrongboy,395,0,0,4,True,False,True,0.0,0.0
full_coverage_complete,rightcomingstrongboy,396,0,0,4,True,False,True,0.0,0.0
full_coverage_complete,rightcomingstrongboy,397,0,0,4,True,False,True,0.0,0.0
full_coverage_complete,rightcomingstrongboy,398,4,0,4,True,False,True,0.0,0.0
full_coverage_complete,rightcomingstrongboy,399,0,0,5,True,False,True,0.0,0.0
full_coverage_complete,rightcomingstrongboy,400,0,0,4,True,False,True,0.0,0.0
full_coverage_complete,rightcomingstrongboy,401,0,0,4,True,False,True,0.0,0.0
full_coverage_complete,rightcomingstrongboy,402,0,0,4,True,False,True,0.0,0.0
full_coverage_complete,rightcomingstrongboy,403,0,0,4,True,False,True,0.0,0.0
full_coverage_complete,rightcomingstrongboy,404,0,0,4,True,False,True,0.0,0.0
full_coverage_complete,rightcomingstrongboy,406,0,0,4,True,False,True,0.0,0.0
full_coverage_complete,rightcomingstrongboy,407,0,0,4,True,False,True,0.0,0.0
full_coverage_complete,rightcomingstrongboy,408,0,0,4,True,False,True,0.0,0.0
full_coverage_complete,rightcomingstrongboy,409,0,0,4,True,False,True,0.0,0.0
full_coverage_complete,rightcomingstrongboy,410,4,1,4,True,False,True,0.0,0.0
full_coverage_complete,rightcomingstrongboy,411,0,0,4,True,False,True,0.0,0.0
full_coverage_complete,rightcomingstrongboy,412,4,0,4,True,False,True,0.0,0.0
full_coverage_complete,rightcomingstrongboy,413,0,0,4,True,False,True,0.0,0.0
full_coverage_complete,rightcomingstrongboy,414,0,0,4,True,False,True,0.0,0.0
full_coverage_complete,rightcomingstrongboy,415,0,0,4,True,False,True,0.0,0.0
full_coverage_complete,rightcomingstrongboy,416,0,0,4,True,False,True,0.0,0.0
full_coverage_complete,rightcomingstrongboy,417,4,0,4,True,False,True,0.0,0.0
full_coverage_complete,rightcomingstrongboy,418,0,0,4,True,False,True,0.0,0.0
full_coverage_complete,rightcomingstrongboy,419,0,0,4,True,False,True,0.0,0.0
full_coverage_complete,rightcomingstrongboy,420,4,0,4,True,False,True,0.0,0.0
full_coverage_complete,rightcomingstrongboy,422,0,0,4,True,False,True,0.0,0.0
full_coverage_complete,rightcomingstrongboy,423,0,0,4,True,False,True,0.0,0.0
full_coverage_complete,rightcomingstrongboy,429,0,0,4,True,False,True,0.0,0.0
full_coverage_complete,rightcomingstrongboy,431,4,2,4,True,False,True,0.0,0.0
full_coverage_complete,rightcomingstrongboy,432,0,0,5,True,False,True,0.0,0.0
full_coverage_complete,rightcomingstrongboy,433,0,0,4,True,False,True,0.0,0.0
full_coverage_complete,rightcomingstrongboy,434,0,0,5,True,False,True,0.0,0.0
full_coverage_complete,rightcomingstrongboy,435,0,0,4,True,False,True,0.0,0.0
full_coverage_complete,rightcomingstrongboy,436,0,0,5,True,False,True,0.0,0.0
full_coverage_complete,rightcomingstrongboy,437,0,0,4,True,False,True,0.0,0.0
full_coverage_complete,rightcomingstrongboy,438,0,0,4,True,False,True,0.0,0.0
full_coverage_complete,rightcomingstrongboy,439,0,0,4,True,False,True,0.0,0.0
full_coverage_complete,rightcomingstrongboy,440,0,0,4,True,False,True,0.0,0.0
full_coverage_complete,rightcomingstrongboy,441,0,0,4,True,False,True,0.0,0.0
full_coverage_complete,rightcomingstrongboy,442,0,0,4,True,False,True,0.0,0.0
full_coverage_complete,rightcomingstrongboy,443,0,0,4,True,False,True,0.0,0.0
full_coverage_complete,rightcomingstrongboy,444,0,0,4,True,False,True,0.0,0.0
full_coverage_complete,rightcomingstrongboy,445,0,0,4,True,False,True,0.0,0.0
full_coverage_complete,rightcomingstrongboy,446,0,0,4,True,False,True,0.0,0.0
full_coverage_complete,rightcomingstrongboy,447,0,0,4,True,False,True,0.0,0.0
full_coverage_complete,rightcomingstrongboy,448,0,1,4,True,False,True,0.0,0.0
full_coverage_complete,rightcomingstrongboy,449,4,0,4,True,False,True,0.0,0.0
full_coverage_complete,rightcomingstrongboy,450,4,0,4,True,False,True,0.0,0.0
full_coverage_complete,rightcomingstrongboy,452,0,0,4,True,False,True,0.0,0.0
full_coverage_complete,rightcomingstrongboy,453,4,1,4,True,False,True,0.0,0.0
full_coverage_complete,rightcomingstrongboy,454,4,0,4,True,False,True,0.0,0.0
full_coverage_complete,rightcomingstrongboy,455,0,0,4,True,False,True,0.0,0.0
full_coverage_complete,rightcomingstrongboy,456,0,0,4,True,False,True,0.0,0.0
full_coverage_complete,rightcomingstrongboy,457,0,0,4,True,False,True,0.0,0.0
full_coverage_complete,rightcomingstrongboy,458,0,0,4,True,False,True,0.0,0.0
full_coverage_complete,rightcomingstrongboy,459,0,0,4,True,False,True,0.0,0.0
full_coverage_complete,rightcomingstrongboy,460,0,0,4,True,False,True,0.0,0.0
full_coverage_complete,rightcomingstrongboy,461,0,0,4,True,False,True,0.0,0.0
full_coverage_complete,rightcomingstrongboy,462,0,0,4,True,False,True,0.0,0.0
full_coverage_complete,rightcomingstrongboy,463,4,3,4,True,False,True,0.0,0.0
full_coverage_complete,rightcomingstrongboy,464,0,0,4,True,False,True,0.0,0.0
full_coverage_complete,rightcomingstrongboy,465,4,1,4,True,False,True,0.0,0.0
full_coverage_complete,rightcomingstrongboy,466,4,0,4,True,False,True,0.0,0.0
full_coverage_complete,rightcomingstrongboy,467,0,0,4,True,False,True,0.0,0.0
full_coverage_complete,rightcomingstrongboy,468,0,0,4,True,False,True,0.0,0.0
full_coverage_complete,rightcomingstrongboy,469,0,0,4,True,False,True,0.0,0.0
full_coverage_complete,rightcomingstrongboy,470,0,0,4,True,False,True,0.0,0.0
full_coverage_complete,rightcomingstrongboy,471,0,0,4,True,False,True,0.0,0.0
full_coverage_complete,rightcomingstrongboy,472,4,0,4,True,False,True,0.0,0.0
full_coverage_complete,rightcomingstrongboy,473,0,0,4,True,False,True,0.0,0.0
full_coverage_complete,rightcomingstrongboy,477,0,0,2,True,False,True,0.0,0.0
full_coverage_complete,rightcomingstrongboy,478,0,0,4,True,False,True,0.0,0.0
full_coverage_complete,rightcomingstrongboy,479,0,0,4,True,False,True,0.0,0.0
full_coverage_complete,rightcomingstrongboy,480,0,0,4,True,False,True,0.0,0.0
full_coverage_complete,rightcomingstrongboy,481,0,0,4,True,False,True,0.0,0.0
full_coverage_complete,rightcomingstrongboy,482,0,0,4,True,False,True,0.0,0.0
full_coverage_complete,rightcomingstrongboy,483,0,0,4,True,False,True,0.0,0.0
full_coverage_complete,rightcomingstrongboy,484,0,0,4,True,False,True,0.0,0.0
full_coverage_complete,rightcomingstrongboy,486,0,0,4,True,False,True,0.0,0.0
full_coverage_complete,rightcomingstrongboy,490,0,0,4,True,False,True,0.0,0.0
full_coverage_complete,rightcomingstrongboy,492,0,0,4,True,False,True,0.0,0.0
full_coverage_complete,rightcomingstrongboy,493,0,0,1,True,False,True,0.0,0.0
full_coverage_complete,rightcomingstrongboy,494,0,0,4,True,False,True,0.0,0.0
full_coverage_complete,rightcomingstrongboy,497,0,0,1,True,False,True,0.0,0.0
full_coverage_complete,rightcomingstrongboy,498,0,0,4,True,False,True,0.0,0.0
full_coverage_complete,rightcomingstrongboy,499,0,0,4,True,False,True,0.0,0.0
full_coverage_complete,rightcomingstrongboy,500,0,0,4,True,False,True,0.0,0.0
full_coverage_complete,rightcomingstrongboy,501,0,0,4,True,False,True,0.0,0.0
full_coverage_complete,rightcomingstrongboy,502,0,0,4,True,False,True,0.0,0.0
full_coverage_complete,rightcomingstrongboy,503,0,0,4,True,False,True,0.0,0.0
full_coverage_complete,rightcomingstrongboy,505,0,0,4,True,False,True,0.0,0.0
full_coverage_complete,rightcomingstrongboy,506,0,0,4,True,False,True,0.0,0.0
full_coverage_complete,rightcomingstrongboy,507,0,0,4,True,False,True,0.0,0.0
full_coverage_complete,rightcomingstrongboy,508,0,0,4,True,False,True,0.0,0.0
full_coverage_complete,rightcomingstrongboy,509,0,0,4,True,False,True,0.0,0.0
full_coverage_complete,rightcomingstrongboy,510,0,0,2,True,False,True,0.0,0.0
full_coverage_complete,rightcomingstrongboy,511,0,0,2,True,False,True,0.0,0.0
full_coverage_complete,rightcomingstrongboy,512,0,0,2,True,False,True,0.0,0.0
full_coverage_complete,rightcomingstrongboy,513,0,0,4,True,False,True,0.0,0.0
full_coverage_complete,rightcomingstrongboy,514,0,0,4,True,False,True,0.0,0.0
full_coverage_complete,rightcomingstrongboy,515,0,0,4,True,False,True,0.0,0.0
full_coverage_complete,rightcomingstrongboy,516,0,0,4,True,False,True,0.0,0.0
full_coverage_complete,rightcomingstrongboy,517,0,0,4,True,False,True,0.0,0.0
full_coverage_complete,rightcomingstrongboy,518,0,0,4,True,False,True,0.0,0.0
full_coverage_complete,rightcomingstrongboy,519,0,0,4,True,False,True,0.0,0.0
full_coverage_complete,rightcomingstrongboy,520,0,0,4,True,False,True,0.0,0.0
full_coverage_complete,rightcomingstrongboy,521,0,0,4,True,False,True,0.0,0.0
full_coverage_complete,rightcomingstrongboy,522,0,0,4,True,False,True,0.0,0.0
full_coverage_complete,rightcomingstrongboy,523,0,0,4,True,False,True,0.0,0.0
full_coverage_complete,rightcomingstrongboy,524,0,0,4,True,False,True,0.0,0.0
full_coverage_complete,rightcomingstrongboy,525,0,0,4,True,False,True,0.0,0.0
full_coverage_complete,rightcomingstrongboy,526,0,0,4,True,False,True,0.0,0.0
full_coverage_complete,rightcomingstrongboy,527,0,0,4,True,False,True,0.0,0.0
full_coverage_complete,rightcomingstrongboy,528,0,0,4,True,False,True,0.0,0.0
full_coverage_complete,rightcomingstrongboy,529,0,0,4,True,False,True,0.0,0.0
full_coverage_complete,rightcomingstrongboy,530,0,0,4,True,False,True,0.0,0.0
full_coverage_complete,rightcomingstrongboy,531,0,0,4,True,False,True,0.0,0.0
full_coverage_complete,rightcomingstrongboy,532,0,0,4,True,False,True,0.0,0.0
full_coverage_complete,rightcomingstrongboy,533,0,0,4,True,False,True,0.0,0.0
full_coverage_complete,rightcomingstrongboy,534,0,0,4,True,False,True,0.0,0.0
full_coverage_complete,rightcomingstrongboy,535,0,0,4,True,False,True,0.0,0.0
full_coverage_complete,rightcomingstrongboy,536,4,2,4,True,False,True,0.0,0.0
full_coverage_complete,rightcomingstrongboy,537,0,3,5,True,False,True,0.0,0.0
full_coverage_complete,rightcomingstrongboy,538,0,0,5,True,False,True,0.0,0.0
full_coverage_complete,rightcomingstrongboy,539,0,0,4,True,False,True,0.0,0.0
full_coverage_complete,rightcomingstrongboy,540,0,0,4,True,False,True,0.0,0.0
full_coverage_complete,rightcomingstrongboy,541,0,0,4,True,False,True,0.0,0.0
full_coverage_complete,rightcomingstrongboy,542,0,0,4,True,False,True,0.0,0.0
full_coverage_complete,rightcomingstrongboy,543,0,0,4,True,False,True,0.0,0.0
full_coverage_complete,rightcomingstrongboy,544,4,0,4,True,False,True,0.0,0.0
full_coverage_complete,rightcomingstrongboy,545,0,0,5,True,False,True,0.0,0.0
full_coverage_complete,rightcomingstrongboy,546,0,0,4,True,False,True,0.0,0.0
full_coverage_complete,rightcomingstrongboy,547,0,0,4,True,False,True,0.0,0.0
full_coverage_complete,rightcomingstrongboy,548,0,0,4,True,False,True,0.0,0.0
full_coverage_complete,rightcomingstrongboy,549,0,0,5,True,False,True,0.0,0.0
full_coverage_complete,rightcomingstrongboy,550,0,0,4,True,False,True,0.0,0.0
full_coverage_complete,rightcomingstrongboy,551,0,0,4,True,False,True,0.0,0.0
full_coverage_complete,rightcomingstrongboy,552,0,0,4,True,False,True,0.0,0.0
full_coverage_complete,rightcomingstrongboy,553,0,0,4,True,False,True,0.0,0.0
full_coverage_complete,rightcomingstrongboy,554,0,0,4,True,False,True,0.0,0.0
full_coverage_complete,rightcomingstrongboy,555,0,0,4,True,False,True,0.0,0.0
full_coverage_complete,rightcomingstrongboy,556,0,0,4,True,False,True,0.0,0.0
full_coverage_complete,rightcomingstrongboy,557,0,0,4,True,False,True,0.0,0.0
full_coverage_complete,rightcomingstrongboy,558,0,0,4,True,False,True,0.0,0.0
full_coverage_complete,rightcomingstrongboy,559,0,0,4,True,False,True,0.0,0.0
full_coverage_complete,rightcomingstrongboy,560,0,0,4,True,False,True,0.0,0.0
full_coverage_complete,rightcomingstrongboy,561,0,0,4,True,False,True,0.0,0.0
full_coverage_complete,rightcomingstrongboy,562,0,0,4,True,False,True,0.0,0.0
full_coverage_complete,rightcomingstrongboy,563,0,0,4,True,False,True,0.0,0.0
full_coverage_complete,rightcomingstrongboy,564,0,0,4,True,False,True,0.0,0.0
full_coverage_complete,rightcomingstrongboy,565,0,0,4,True,False,True,0.0,0.0
full_coverage_complete,rightcomingstrongboy,566,0,0,4,True,False,True,0.0,0.0
full_coverage_complete,rightcomingstrongboy,567,0,0,4,True,False,True,0.0,0.0
full_coverage_complete,rightcomingstrongboy,568,0,0,4,True,False,True,0.0,0.0
full_coverage_complete,rightcomingstrongboy,569,0,0,4,True,False,True,0.0,0.0
full_coverage_complete,rightcomingstrongboy,570,0,0,4,True,False,True,0.0,0.0
full_coverage_complete,rightcomingstrongboy,571,0,0,4,True,False,True,0.0,0.0
full_coverage_complete,rightcomingstrongboy,572,0,0,4,True,False,True,0.0,0.0
full_coverage_complete,rightcomingstrongboy,573,0,0,4,True,False,True,0.0,0.0
full_coverage_complete,rightcomingstrongboy,574,0,0,4,True,False,True,0.0,0.0
full_coverage_complete,rightcomingstrongboy,575,0,0,4,True,False,True,0.0,0.0
full_coverage_complete,rightcomingstrongboy,576,0,0,4,True,False,True,0.0,0.0
full_coverage_complete,rightcomingstrongboy,577,0,0,4,True,False,True,0.0,0.0
full_coverage_complete,rightcomingstrongboy,578,4,0,4,True,False,True,0.0,0.0
full_coverage_complete,rightcomingstrongboy,579,5,2,5,True,False,True,0.0,0.0
full_coverage_complete,rightcomingstrongboy,580,0,0,5,True,False,True,0.0,0.0
full_coverage_complete,rightcomingstrongboy,581,0,0,4,True,False,True,0.0,0.0
full_coverage_complete,rightcomingstrongboy,582,0,0,5,True,False,True,0.0,0.0
full_coverage_complete,rightcomingstrongboy,583,0,0,4,True,False,True,0.0,0.0
full_coverage_complete,rightcomingstrongboy,584,5,0,5,True,False,True,0.0,0.0
full_coverage_complete,rightcomingstrongboy,585,0,0,4,True,False,True,0.0,0.0
full_coverage_complete,rightcomingstrongboy,586,0,0,4,True,False,True,0.0,0.0
full_coverage_complete,rightcomingstrongboy,587,0,0,4,True,False,True,0.0,0.0
full_coverage_complete,rightcomingstrongboy,588,0,0,5,True,False,True,0.0,0.0
full_coverage_complete,rightcomingstrongboy,589,0,0,4,True,False,True,0.0,0.0
full_coverage_complete,rightcomingstrongboy,590,0,0,4,True,False,True,0.0,0.0
full_coverage_complete,rightcomingstrongboy,591,0,0,4,True,False,True,0.0,0.0
full_coverage_complete,rightcomingstrongboy,592,0,0,4,True,False,True,0.0,0.0
full_coverage_complete,rightcomingstrongboy,593,0,0,4,True,False,True,0.0,0.0
full_coverage_complete,rightcomingstrongboy,594,0,0,4,True,False,True,0.0,0.0
full_coverage_complete,rightcomingstrongboy,595,0,0,5,True,False,True,0.0,0.0
full_coverage_complete,rightcomingstrongboy,596,0,0,1,True,False,True,0.0,0.0
full_coverage_complete,rightcomingstrongboy,597,0,0,4,True,False,True,0.0,0.0
full_coverage_complete,rightcomingstrongboy,598,0,0,4,True,False,True,0.0,0.0
full_coverage_complete,rightcomingstrongboy,599,0,0,4,True,False,True,0.0,0.0
full_coverage_complete,rightcomingstrongboy,600,0,0,4,True,False,True,0.0,0.0
full_coverage_complete,rightcomingstrongboy,601,0,0,4,True,False,True,0.0,0.0
full_coverage_complete,rightcomingstrongboy,602,0,0,4,True,False,True,0.0,0.0
full_coverage_complete,rightcomingstrongboy,603,0,0,4,True,False,True,0.0,0.0
full_coverage_complete,rightdarksingleman,210,0,0,4,True,False,True,0.7288630717261025,0.7288630717261025
full_coverage_complete,rightdarksingleman,337,0,0,1,True,False,True,0.5576278799617497,0.5576278799617497
full_coverage_complete,rightdarksingleman,563,0,0,1,True,False,True,0.5281319998120778,0.5281319998120778
full_coverage_complete,rightdarksingleman,564,0,0,1,True,False,True,0.4744500598931866,0.4744500598931866
full_coverage_complete,rightdarksingleman,565,0,0,1,True,False,True,0.5296275272953641,0.5296275272953641
full_coverage_complete,rightdarksingleman,566,0,0,1,True,False,True,0.5706522923820769,0.5706522923820769
full_coverage_complete,rightdarksingleman,614,0,0,4,True,False,True,0.3142582820666222,0.3142582820666222
full_coverage_complete,rightdarksingleman,615,0,0,4,True,False,True,0.5430203453690544,0.5430203453690544
full_coverage_complete,rightdarksingleman,616,0,0,4,True,False,True,0.3382673513622488,0.3382673513622488
full_coverage_complete,rightdarksingleman,617,0,0,4,True,False,True,0.2581552963019332,0.2581552963019332
full_coverage_complete,rightdarksingleman,618,0,0,4,True,False,True,0.15498567966110596,0.15498567966110596
full_coverage_complete,rightdarksingleman,619,0,0,4,True,False,True,0.0,0.0
full_coverage_complete,rightdarksingleman,620,0,0,4,True,False,True,0.0,0.0
full_coverage_complete,rightdarksingleman,621,0,0,4,True,False,True,0.17264581513404975,0.17264581513404975
full_coverage_complete,rightdarksingleman,622,0,0,4,True,False,True,0.15812168010793806,0.15812168010793806
full_coverage_complete,rightdarksingleman,627,0,0,1,True,False,True,0.29889682367442116,0.29889682367442116
full_coverage_complete,rightdarksingleman,629,0,0,1,True,False,True,0.36918818808515375,0.36918818808515375
full_coverage_complete,rightdarksingleman,630,0,0,4,True,False,True,0.44220492300838765,0.44220492300838765
full_coverage_complete,rightdarksingleman,631,0,0,4,True,False,True,0.5483007497844429,0.5483007497844429
full_coverage_complete,rightdarksingleman,632,0,0,4,True,False,True,0.46953782901662583,0.46953782901662583
full_coverage_complete,rightdarksingleman,633,0,0,1,True,False,True,0.400310926513254,0.400310926513254
full_coverage_complete,rightdarksingleman,707,0,0,1,True,False,True,0.7143028055282558,0.7143028055282558
full_coverage_complete,rightdarksingleman,712,0,0,1,True,False,True,0.7686481739922699,0.7686481739922699
full_coverage_complete,rightdarksingleman,732,0,0,1,True,False,True,0.5368581177576104,0.5368581177576104
full_coverage_complete,rightdarksingleman,734,0,0,5,True,False,True,0.7939314439281796,0.7939314439281796
full_coverage_complete,rightdarksingleman,761,0,0,1,True,False,True,0.6936937766906847,0.6936937766906847
full_coverage_complete,rightdarksingleman,768,0,0,1,True,False,True,0.6548776767021236,0.6548776767021236
full_coverage_complete,rightdarksingleman,769,0,0,4,True,False,True,0.48682783343448366,0.48682783343448366
full_coverage_complete,rightdarksingleman,770,0,0,5,True,False,True,0.5985304531330448,0.5985304531330448
full_coverage_complete,rightdarksingleman,771,0,0,1,True,False,True,0.7009340325918775,0.7009340325918775
full_coverage_complete,rightdarksingleman,772,0,0,4,True,False,True,0.6280083435566032,0.6280083435566032
full_coverage_complete,rightdarksingleman,773,0,0,1,True,False,True,0.5393536015059281,0.5393536015059281
full_coverage_complete,rightdarksingleman,776,0,0,1,True,False,True,0.6369953475603823,0.6369953475603823
full_coverage_complete,rightdarksingleman,778,0,0,1,True,False,True,0.6016900759987942,0.6016900759987942
full_coverage_complete,rightdarksingleman,779,0,0,1,True,False,True,0.33359701937023994,0.33359701937023994
full_coverage_complete,rightdarksingleman,780,0,0,1,True,False,True,0.383126357104244,0.383126357104244
full_coverage_complete,rightdarksingleman,781,0,0,4,True,False,True,0.50015157431818,0.50015157431818
full_coverage_complete,rightdarksingleman,782,0,0,4,True,False,True,0.3055808532285778,0.3055808532285778
full_coverage_complete,rightdarksingleman,783,4,0,4,True,False,True,0.40376528883828067,0.22020049457040777
full_coverage_complete,rightdarksingleman,784,0,0,1,True,False,True,0.32703907184908504,0.32703907184908504
full_coverage_complete,rightdarksingleman,785,0,0,1,True,False,True,0.643167166589826,0.643167166589826
full_coverage_complete,rightdarksingleman,786,0,0,1,True,False,True,0.5410474174689968,0.5410474174689968
full_coverage_complete,rightdarksingleman,787,0,0,4,True,False,True,0.3225245856065944,0.3225245856065944
full_coverage_complete,rightdarksingleman,788,0,0,4,True,False,True,0.23410824589421023,0.23410824589421023
full_coverage_complete,rightdarksingleman,789,0,0,5,True,False,True,0.19461162500903842,0.19461162500903842
full_coverage_complete,rightdarksingleman,790,0,0,5,True,False,True,0.24358144515644664,0.24358144515644664
full_coverage_complete,rightdarksingleman,791,0,0,5,True,False,True,0.20416398211475403,0.20416398211475403
full_coverage_complete,rightdarksingleman,792,0,0,5,True,False,True,0.32894469171068996,0.32894469171068996
full_coverage_complete,rightdarksingleman,793,0,0,5,True,False,True,0.2410633447059448,0.2410633447059448
full_coverage_complete,rightdarksingleman,794,5,0,5,True,False,True,0.31813610396594955,0.3212429127677062
full_coverage_complete,rightdarksingleman,795,5,0,5,True,False,True,0.338500699564738,0.2312620361192948
full_coverage_complete,rightdarksingleman,796,0,0,1,True,False,True,0.4265893343209505,0.4265893343209505
full_coverage_complete,rightdarksingleman,797,0,0,4,True,False,True,0.4070523972002789,0.4070523972002789
full_coverage_complete,rightdarksingleman,798,0,0,4,True,False,True,0.3000579013839108,0.3000579013839108
full_coverage_complete,rightdarksingleman,799,5,1,5,True,False,True,0.24413261830744018,0.26627664562802894
full_coverage_complete,rightdarksingleman,800,0,0,5,True,False,True,0.5468864761276679,0.5468864761276679
full_coverage_complete,rightdarksingleman,801,0,0,1,True,False,True,0.36118110432324896,0.36118110432324896
full_coverage_complete,rightdarksingleman,802,4,1,4,True,False,True,0.07988802026192564,0.0
full_coverage_complete,rightdarksingleman,803,0,2,4,True,False,True,0.04505941330533558,0.0
full_coverage_complete,rightdarksingleman,804,0,0,1,True,False,True,0.0,0.0
full_coverage_complete,rightdarksingleman,805,4,0,4,True,False,True,0.0,0.0
full_coverage_complete,rightdarksingleman,806,5,0,5,True,False,True,0.0,0.0
full_coverage_complete,rightdarksingleman,807,0,0,5,True,False,True,0.0,0.0
full_coverage_complete,rightdarksingleman,808,0,0,5,True,False,True,0.0,0.0
full_coverage_complete,rightdarksingleman,809,0,0,5,True,False,True,0.015263011340642918,0.015263011340642918
full_coverage_complete,rightdarksingleman,810,0,0,5,True,False,True,0.06007213710784973,0.06007213710784973
full_coverage_complete,rightdarksingleman,811,0,0,4,True,False,True,0.0,0.0
full_coverage_complete,rightdarksingleman,812,4,2,4,True,False,True,0.0,0.0
full_coverage_complete,rightdarksingleman,813,0,0,5,True,False,True,0.0,0.0
full_coverage_complete,rightdarksingleman,814,0,0,5,True,False,True,0.0,0.0
full_coverage_complete,rightdarksingleman,816,0,0,5,True,False,True,0.0,0.0
full_coverage_complete,rightdarksingleman,817,0,0,5,True,False,True,0.0,0.0
full_coverage_complete,rightdarksingleman,818,0,0,5,True,False,True,0.0,0.0
full_coverage_complete,rightdarksingleman,819,5,0,5,True,False,True,0.0,0.0
full_coverage_complete,rightdarksingleman,820,0,0,5,True,False,True,0.0,0.0
full_coverage_complete,rightdarksingleman,821,0,0,5,True,False,True,0.0,0.0
full_coverage_complete,rightdarksingleman,823,0,0,5,True,False,True,0.0,0.0
full_coverage_complete,rightdarksingleman,824,5,0,5,True,False,True,0.0,0.0
full_coverage_complete,rightdarksingleman,825,0,0,5,True,False,True,0.0,0.0
full_coverage_complete,rightdarksingleman,826,0,0,5,True,False,True,0.0,0.0
full_coverage_complete,rightdarksingleman,827,4,2,4,True,False,True,0.0,0.0
full_coverage_complete,rightdarksingleman,828,0,0,5,True,False,True,0.0,0.0
full_coverage_complete,rightdarksingleman,829,0,0,5,True,False,True,0.0,0.0
full_coverage_complete,rightdarksingleman,830,0,0,5,True,False,True,0.0,0.0
full_coverage_complete,rightdarksingleman,831,0,0,5,True,False,True,0.0,0.0
full_coverage_complete,rightdarksingleman,832,0,0,5,True,False,True,0.0,0.0
full_coverage_complete,rightdarksingleman,833,5,0,5,True,False,True,0.0,0.0
full_coverage_complete,rightdarksingleman,834,4,3,4,True,False,True,0.0,0.0
full_coverage_complete,rightdarksingleman,835,5,1,5,True,False,True,0.0,0.0
full_coverage_complete,rightdarksingleman,837,0,0,5,True,False,True,0.0,0.0
full_coverage_complete,rightdarksingleman,838,0,0,5,True,False,True,0.0,0.0
full_coverage_complete,rightdarksingleman,839,0,0,5,True,False,True,0.0,0.0
full_coverage_complete,rightdarksingleman,842,0,0,5,True,False,True,0.0,0.0
full_coverage_complete,rightdarksingleman,856,0,0,5,True,False,True,0.0,0.0
full_coverage_complete,rightdarksingleman,857,0,0,5,True,False,True,0.0,0.0
full_coverage_complete,rightdarksingleman,858,5,4,5,True,False,True,0.0,0.0
full_coverage_complete,rightdarksingleman,859,5,2,5,True,False,True,0.0,0.0
full_coverage_complete,rightdarksingleman,860,5,0,5,True,False,True,0.0,0.0
full_coverage_complete,rightdarksingleman,861,0,0,5,True,False,True,0.0,0.0
full_coverage_complete,rightdarksingleman,862,5,3,5,True,False,True,0.0,0.0
full_coverage_complete,rightdarksingleman,864,0,1,5,True,False,True,0.0,0.0
full_coverage_complete,rightdarksingleman,865,1,2,1,True,False,True,0.0,0.0
full_coverage_complete,rightdarksingleman,866,5,0,5,True,False,True,0.0,0.0
full_coverage_complete,rightdarksingleman,868,4,0,4,True,False,True,0.0,0.0
full_coverage_complete,rightdarksingleman,870,0,0,4,True,False,True,0.0,0.0
full_coverage_complete,rightdarksingleman,880,0,0,5,True,False,True,0.0,0.0
full_coverage_complete,rightdarksingleman,882,0,0,5,True,False,True,0.0,0.0
full_coverage_complete,rightdarksingleman,885,5,0,5,True,False,True,0.0,0.0
full_coverage_complete,rightdarksingleman,886,0,0,5,True,False,True,0.0,0.0
full_coverage_complete,rightdarksingleman,887,4,1,4,True,False,True,0.0,0.0
full_coverage_complete,rightdarksingleman,888,0,0,4,True,False,True,0.0,0.0
full_coverage_complete,rightdarksingleman,889,0,1,5,True,False,True,0.0,0.0
full_coverage_complete,rightdarksingleman,894,0,0,1,True,False,True,0.0,0.0
full_coverage_complete,rightdarksingleman,898,0,0,1,True,False,True,0.0,0.0
full_coverage_complete,rightdarksingleman,900,0,0,5,True,False,True,0.0,0.0
full_coverage_complete,rightdarksingleman,902,0,0,5,True,False,True,0.0,0.0
full_coverage_complete,rightdarksingleman,903,0,0,5,True,False,True,0.0,0.0
full_coverage_complete,rightdarksingleman,904,0,1,5,True,False,True,0.0,0.0
full_coverage_complete,rightdarksingleman,906,5,0,5,True,False,True,0.0,0.0
full_coverage_complete,rightdarksingleman,907,0,0,5,True,False,True,0.0,0.0
full_coverage_complete,rightdarksingleman,908,0,0,5,True,False,True,0.0,0.0
full_coverage_complete,rightdarksingleman,909,0,0,4,True,False,True,0.0,0.0
full_coverage_complete,rightdarksingleman,913,0,0,1,True,False,True,0.0,0.0
full_coverage_complete,rightdarksingleman,914,5,2,5,True,False,True,0.0,0.0
full_coverage_complete,rightdarksingleman,915,0,0,1,True,False,True,0.0,0.0
full_coverage_complete,rightdarksingleman,916,0,0,1,True,False,True,0.0,0.0
full_coverage_complete,rightdarksingleman,919,0,1,4,True,False,True,0.0,0.0
full_coverage_complete,rightdarksingleman,920,0,0,5,True,False,True,0.0,0.0
full_coverage_complete,rightdarksingleman,921,0,0,5,True,False,True,0.0,0.0
full_coverage_complete,rightdarksingleman,922,0,0,5,True,False,True,0.0,0.0
full_coverage_complete,rightdarksingleman,923,0,0,5,True,False,True,0.0,0.0
full_coverage_complete,rightdarksingleman,925,5,0,5,True,False,True,0.0,0.0
full_coverage_complete,rightdarksingleman,926,0,0,5,True,False,True,0.0,0.0
full_coverage_complete,rightdarksingleman,927,0,0,5,True,False,True,0.0,0.0
full_coverage_complete,rightdarksingleman,929,4,0,4,True,False,True,0.0,0.0
full_coverage_complete,rightdarksingleman,930,5,0,5,True,False,True,0.0,0.0
full_coverage_complete,rightdarksingleman,934,0,0,5,True,False,True,0.0,0.0
full_coverage_complete,rightdarksingleman,935,0,0,4,True,False,True,0.0,0.0
full_coverage_complete,rightdarksingleman,936,0,0,4,True,False,True,0.0,0.0
full_coverage_complete,rightdarksingleman,937,0,0,4,True,False,True,0.0,0.0
full_coverage_complete,rightdarksingleman,938,0,0,4,True,False,True,0.0,0.0
full_coverage_complete,rightdarksingleman,939,0,0,4,True,False,True,0.0,0.0
full_coverage_complete,rightdarksingleman,941,0,0,4,True,False,True,0.0,0.0
full_coverage_complete,rightdarksingleman,942,0,0,4,True,False,True,0.0,0.0
full_coverage_complete,rightdarksingleman,943,4,1,4,True,False,True,0.0,0.0
full_coverage_complete,rightdarksingleman,944,4,2,4,True,False,True,0.0,0.0
full_coverage_complete,rightdarksingleman,945,0,0,5,True,False,True,0.0,0.0
full_coverage_complete,rightdarksingleman,946,0,0,4,True,False,True,0.0,0.0
full_coverage_complete,rightdarksingleman,947,0,0,5,True,False,True,0.0,0.0
full_coverage_complete,rightdarksingleman,948,0,0,5,True,False,True,0.0,0.0
full_coverage_complete,rightdarksingleman,949,5,3,5,True,False,True,0.0,0.0
full_coverage_complete,rightdarksingleman,950,0,0,5,True,False,True,0.0,0.0
full_coverage_complete,rightdarksingleman,951,0,0,5,True,False,True,0.0,0.0
full_coverage_complete,rightdarksingleman,952,0,0,5,True,False,True,0.0,0.0
full_coverage_complete,rightdarksingleman,953,0,0,5,True,False,True,0.0,0.0
full_coverage_complete,rightdarksingleman,954,0,0,5,True,False,True,0.0,0.0
full_coverage_complete,rightdarksingleman,955,0,0,5,True,False,True,0.0,0.0
full_coverage_complete,rightdarksingleman,958,5,0,5,True,False,True,0.0,0.0
full_coverage_complete,rightdarksingleman,959,5,0,5,True,False,True,0.0,0.0
full_coverage_complete,rightdarksingleman,960,0,0,5,True,False,True,0.0,0.0
full_coverage_complete,rightdarksingleman,961,0,0,5,True,False,True,0.0,0.0
full_coverage_complete,rightdarksingleman,962,0,0,5,True,False,True,0.0,0.0
full_coverage_complete,rightdarksingleman,963,0,0,5,True,False,True,0.0,0.0
full_coverage_complete,rightdarksingleman,964,0,0,5,True,False,True,0.0,0.0
full_coverage_complete,rightdarksingleman,965,0,0,5,True,False,True,0.0,0.0
full_coverage_complete,rightdarksingleman,966,0,0,5,True,False,True,0.0,0.0
full_coverage_complete,rightdarksingleman,967,0,0,5,True,False,True,0.0,0.0
full_coverage_complete,rightdarksingleman,968,0,0,5,True,False,True,0.0,0.0
full_coverage_complete,rightdarksingleman,969,0,0,5,True,False,True,0.0,0.0
full_coverage_complete,rightdarksingleman,970,5,0,5,True,False,True,0.0,0.0
full_coverage_complete,rightdarksingleman,971,0,0,5,True,False,True,0.0,0.0
full_coverage_complete,rightdarksingleman,972,0,0,5,True,False,True,0.0,0.0
full_coverage_complete,rightdarksingleman,973,0,0,5,True,False,True,0.0,0.0
full_coverage_complete,rightdarksingleman,974,0,0,5,True,False,True,0.0,0.0
full_coverage_complete,rightdarksingleman,975,0,0,5,True,False,True,0.0,0.0
full_coverage_complete,rightdarksingleman,976,0,0,5,True,False,True,0.0,0.0
full_coverage_complete,rightdarksingleman,977,0,0,5,True,False,True,0.0,0.0
full_coverage_complete,rightdarksingleman,978,0,0,5,True,False,True,0.0,0.0
full_coverage_complete,rightdarksingleman,979,0,0,5,True,False,True,0.0,0.0
full_coverage_complete,rightdarksingleman,980,5,1,5,True,False,True,0.0,0.0
full_coverage_complete,rightdarksingleman,981,0,0,5,True,False,True,0.0,0.0
full_coverage_complete,rightdarksingleman,982,0,0,5,True,False,True,0.0,0.0
full_coverage_complete,rightdarksingleman,983,0,0,5,True,False,True,0.0,0.0
full_coverage_complete,rightdarksingleman,984,0,0,5,True,False,True,0.0,0.0
full_coverage_complete,rightdarksingleman,985,0,0,5,True,False,True,0.0,0.0
full_coverage_complete,rightdarksingleman,986,5,0,5,True,False,True,0.0,0.0
full_coverage_complete,rightdarksingleman,987,0,0,5,True,False,True,0.0,0.0
full_coverage_complete,rightdarksingleman,988,0,0,5,True,False,True,0.0,0.0
full_coverage_complete,rightdarksingleman,989,5,0,5,True,False,True,0.0,0.0
full_coverage_complete,rightdarksingleman,990,4,1,4,True,False,True,0.0,0.0
full_coverage_complete,rightdarksingleman,991,0,0,5,True,False,True,0.0,0.0
full_coverage_complete,rightdarksingleman,992,0,0,5,True,False,True,0.0,0.0
full_coverage_complete,rightdarksingleman,993,0,0,5,True,False,True,0.0,0.0
full_coverage_complete,rightdarksingleman,997,5,0,5,True,False,True,0.0,0.0
full_coverage_complete,rightdarksingleman,999,0,0,5,True,False,True,0.0,0.0
full_coverage_complete,rightdarksingleman,1000,5,0,5,True,False,True,0.0,0.0
full_coverage_complete,rightdarksingleman,1001,0,0,5,True,False,True,0.0,0.0
full_coverage_complete,rightdarksingleman,1002,0,3,5,True,False,True,0.0,0.0
full_coverage_complete,rightdarksingleman,1003,5,0,5,True,False,True,0.0,0.0
full_coverage_complete,rightdarksingleman,1004,5,0,5,True,False,True,0.0,0.0
full_coverage_complete,rightdarksingleman,1007,0,0,5,True,False,True,0.0,0.0
full_coverage_complete,rightdarksingleman,1008,0,0,5,True,False,True,0.0,0.0
full_coverage_complete,rightdarksingleman,1009,0,0,5,True,False,True,0.0,0.0
full_coverage_complete,rightdarksingleman,1011,0,0,5,True,False,True,0.0,0.0
full_coverage_complete,rightdarksingleman,1012,0,0,5,True,False,True,0.0,0.0
full_coverage_complete,rightdarksingleman,1013,0,1,0,False,False,True,0.0,0.0
full_coverage_complete,rightdarksingleman,1014,0,0,1,True,False,True,0.0,0.0
full_coverage_complete,rightdarksingleman,1016,0,0,4,True,False,True,0.0,0.0
full_coverage_complete,rightdarksingleman,1018,0,0,5,True,False,True,0.0,0.0
full_coverage_complete,rightdarksingleman,1019,0,0,5,True,False,True,0.0,0.0
full_coverage_complete,rightdarksingleman,1020,5,2,5,True,False,True,0.0,0.04323320221921112
full_coverage_complete,rightdarksingleman,1047,0,0,4,True,False,True,0.684325824457396,0.684325824457396
full_coverage_complete,rightdarksingleman,1048,0,0,4,True,False,True,0.7721597013206094,0.7721597013206094
full_coverage_complete,rightdarksingleman,1049,0,0,4,True,False,True,0.6399136130065574,0.6399136130065574
full_coverage_complete,rightdarksingleman,1050,0,0,5,True,False,True,0.7704823153680569,0.7704823153680569
full_coverage_complete,rightdarksingleman,1051,0,0,4,True,False,True,0.7633056436236809,0.7633056436236809
full_coverage_complete,rightdarksingleman,1053,0,0,4,True,False,True,0.6343680371936398,0.6343680371936398
full_coverage_complete,rightdarksingleman,1054,0,0,4,True,False,True,0.6341169240488543,0.6341169240488543
full_coverage_complete,rightdarksingleman,1055,0,0,4,True,False,True,0.5414818452574167,0.5414818452574167
full_coverage_complete,rightdarksingleman,1056,0,0,4,True,False,True,0.3930362220991311,0.3930362220991311
full_coverage_complete,rightdarksingleman,1057,0,0,4,True,False,True,0.22222186423538995,0.22222186423538995
full_coverage_complete,rightdarksingleman,1058,0,1,5,True,False,True,0.14438579616982986,0.0
full_coverage_complete,rightdarksingleman,1059,6,0,6,True,False,True,0.0,0.0
full_coverage_complete,rightdarksingleman,1060,0,0,4,True,False,True,0.0,0.0
full_coverage_complete,rightdarksingleman,1061,0,0,4,True,False,True,0.0,0.0
full_coverage_complete,rightdarksingleman,1062,0,0,5,True,False,True,0.0,0.0
full_coverage_complete,rightdarksingleman,1063,0,0,5,True,False,True,0.0,0.0
full_coverage_complete,rightdarksingleman,1064,0,0,5,True,False,True,0.0,0.0
full_coverage_complete,rightdarksingleman,1065,0,0,5,True,False,True,0.0,0.0
full_coverage_complete,rightdarksingleman,1066,0,0,5,True,False,True,0.0,0.0
full_coverage_complete,rightdarksingleman,1067,0,0,5,True,False,True,0.0,0.0
full_coverage_complete,rightdarksingleman,1068,0,0,4,True,False,True,0.0,0.0
full_coverage_complete,rightdarksingleman,1069,0,0,5,True,False,True,0.0,0.0
full_coverage_complete,rightdarksingleman,1070,0,0,4,True,False,True,0.0,0.0
full_coverage_complete,rightdarksingleman,1071,0,0,4,True,False,True,0.0,0.0
full_coverage_complete,rightdarksingleman,1072,0,0,4,True,False,True,0.0,0.0
full_coverage_complete,rightdarksingleman,1073,4,3,4,True,False,True,0.0,0.0
full_coverage_complete,rightdarksingleman,1074,0,0,4,True,False,True,0.0,0.0
full_coverage_complete,rightdarksingleman,1075,0,0,5,True,False,True,0.0,0.0
full_coverage_complete,rightdarksingleman,1076,0,0,4,True,False,True,0.0,0.0
full_coverage_complete,rightdarksingleman,1077,0,0,5,True,False,True,0.0,0.0
full_coverage_complete,rightdarksingleman,1078,0,0,5,True,False,True,0.0,0.0
full_coverage_complete,rightdarksingleman,1079,0,0,5,True,False,True,0.0,0.0
full_coverage_complete,rightdarksingleman,1080,0,0,5,True,False,True,0.0,0.0
full_coverage_complete,rightdarksingleman,1081,0,0,4,True,False,True,0.0,0.0
full_coverage_complete,rightdarksingleman,1082,0,0,4,True,False,True,0.0,0.0
full_coverage_complete,rightdarksingleman,1083,0,1,4,True,False,True,0.0,0.0
full_coverage_complete,rightdarksingleman,1084,0,1,6,True,False,True,0.0,0.4388146840195128
full_coverage_complete,rightdarksingleman,1104,0,0,4,True,False,True,0.5637065449991456,0.5637065449991456
full_coverage_complete,rightdarksingleman,1105,0,0,4,True,False,True,0.6320431324606324,0.6320431324606324
full_coverage_complete,rightgirltakingcup,9,0,0,2,True,False,True,0.7829256795231951,0.7829256795231951
full_coverage_complete,rightgirltakingcup,10,0,0,5,True,False,True,0.0,0.0
full_coverage_complete,rightgirltakingcup,11,0,0,5,True,False,True,0.0,0.0
full_coverage_complete,rightgirltakingcup,12,0,0,5,True,False,True,0.0,0.0
full_coverage_complete,rightgirltakingcup,13,5,0,5,True,False,True,0.0,0.0
full_coverage_complete,rightgirltakingcup,14,1,0,1,True,False,True,0.0,0.0
full_coverage_complete,rightgirltakingcup,15,5,0,5,True,False,True,0.0,0.0
full_coverage_complete,rightgirltakingcup,16,0,0,5,True,False,True,0.0,0.0
full_coverage_complete,rightgirltakingcup,17,0,0,5,True,False,True,0.0,0.0
full_coverage_complete,rightgirltakingcup,18,0,0,5,True,False,True,0.6445267562420861,0.6445267562420861
full_coverage_complete,rightgirltakingcup,19,0,0,1,True,False,True,0.7801436813215474,0.7801436813215474
full_coverage_complete,rightgirltakingcup,22,0,0,2,True,False,True,0.7001546979234557,0.7001546979234557
full_coverage_complete,rightgirltakingcup,23,0,0,2,True,False,True,0.7027705619174792,0.7027705619174792
full_coverage_complete,rightgirltakingcup,25,0,0,4,True,False,True,0.8045833742689364,0.8045833742689364
full_coverage_complete,rightgirltakingcup,30,0,0,4,True,False,True,0.7832804517922152,0.7832804517922152
full_coverage_complete,rightgirltakingcup,31,0,0,5,True,False,True,0.8015881182728802,0.8015881182728802
full_coverage_complete,rightgirltakingcup,32,5,3,5,True,False,True,0.7049656034845756,0.0
full_coverage_complete,rightgirltakingcup,33,5,0,5,True,False,True,0.0,0.0
full_coverage_complete,rightgirltakingcup,35,0,0,2,True,False,True,0.0,0.0
full_coverage_complete,rightgirltakingcup,36,0,0,2,True,False,True,0.0,0.0
full_coverage_complete,rightgirltakingcup,37,0,1,2,True,False,True,0.0,0.0
full_coverage_complete,rightgirltakingcup,38,0,0,1,True,False,True,0.0,0.0
full_coverage_complete,rightgirltakingcup,40,0,0,4,True,False,True,0.0,0.0
full_coverage_complete,rightgirltakingcup,41,0,1,4,True,False,True,0.0,0.7473585035349313
full_coverage_complete,rightgirltakingcup,42,0,0,5,True,False,True,0.7998193338750644,0.7998193338750644
full_coverage_complete,rightgirltakingcup,43,0,0,4,True,False,True,0.8198549281303685,0.8198549281303685
full_coverage_complete,rightgirltakingcup,44,5,0,5,True,False,True,0.0,0.0
full_coverage_complete,rightgirltakingcup,46,4,0,4,True,False,True,0.7417329958766075,0.0
full_coverage_complete,rightgirltakingcup,47,0,0,5,True,False,True,0.6121482232503133,0.6121482232503133
full_coverage_complete,rightgirltakingcup,48,0,1,1,True,False,True,0.8278897876646029,0.0
full_coverage_complete,rightgirltakingcup,49,6,1,6,True,False,True,0.0,0.0
full_coverage_complete,rightgirltakingcup,50,0,1,0,False,False,True,0.0,0.8546408078316345
full_coverage_complete,rightgirltakingcup,58,0,0,5,True,False,True,0.8014816711178309,0.8014816711178309
full_coverage_complete,rightgirltakingcup,59,0,0,5,True,False,True,0.8109191615379291,0.8109191615379291
full_coverage_complete,rightgirltakingcup,60,0,0,2,True,False,True,0.8270726684778897,0.8270726684778897
full_coverage_complete,rightgirltakingcup,61,5,0,5,True,False,True,0.7905331180652964,0.8246218722012504
full_coverage_complete,rightgirltakingcup,62,0,0,5,True,False,True,0.7935052242627044,0.7935052242627044
full_coverage_complete,rightgirltakingcup,63,0,0,5,True,False,True,0.238686496798349,0.238686496798349
full_coverage_complete,rightgirltakingcup,64,0,0,2,True,False,True,0.8452740509211645,0.8452740509211645
full_coverage_complete,rightgirltakingcup,65,0,0,4,True,False,True,0.46801949700985696,0.46801949700985696
full_coverage_complete,rightgirltakingcup,66,5,0,5,True,False,True,0.7386170923939707,0.7578264508180289
full_coverage_complete,rightgirltakingcup,67,0,0,4,True,False,True,0.8513235395025021,0.8513235395025021
full_coverage_complete,rightgirltakingcup,68,0,0,4,True,False,True,0.8887175928917012,0.8887175928917012
full_coverage_complete,rightgirltakingcup,69,0,0,4,True,False,True,0.23925769573441846,0.23925769573441846
full_coverage_complete,rightgirltakingcup,71,0,0,2,True,False,True,0.6295461352815352,0.6295461352815352
full_coverage_complete,rightgirltakingcup,77,1,0,1,True,False,True,0.17864130656114355,0.18394501581220346
full_coverage_complete,rightgirltakingcup,78,1,0,1,True,False,True,0.1839501621407855,0.1624549826394031
full_coverage_complete,rightgirltakingcup,80,0,0,1,True,False,True,0.14865819646487666,0.14865819646487666
full_coverage_complete,rightgirltakingcup,84,0,0,4,True,False,True,0.08030911010744822,0.08030911010744822
full_coverage_complete,rightgirltakingcup,85,0,0,4,True,False,True,0.2190052640026402,0.2190052640026402
full_coverage_complete,rightgirltakingcup,98,5,0,5,True,False,True,0.15637733581441343,0.0853920549319026
full_coverage_complete,rightgirltakingcup,101,5,0,5,True,False,True,0.019637812654104806,0.0
full_coverage_complete,rightgirltakingcup,102,0,0,2,True,False,True,0.0,0.0
full_coverage_complete,rightgirltakingcup,103,5,0,5,True,False,True,0.0,0.0
full_coverage_complete,rightgirltakingcup,104,1,0,1,True,False,True,0.0,0.0
full_coverage_complete,rightgirltakingcup,105,0,0,5,True,False,True,0.0,0.0
full_coverage_complete,rightgirltakingcup,106,0,0,5,True,False,True,0.0,0.0
full_coverage_complete,rightgirltakingcup,107,0,0,4,True,False,True,0.0,0.0
full_coverage_complete,rightgirltakingcup,108,4,0,4,True,False,True,0.0,0.30526916959140776
full_coverage_complete,rightgirltakingcup,109,0,1,5,True,False,True,0.17812541610091168,0.17812541610091168
full_coverage_complete,rightgirltakingcup,110,0,0,2,True,False,True,0.03476314818416955,0.03476314818416955
full_coverage_complete,rightgirltakingcup,111,5,0,5,True,False,True,0.0,0.0
full_coverage_complete,rightgirltakingcup,112,0,0,2,True,False,True,0.0,0.0
full_coverage_complete,rightgirltakingcup,116,0,0,4,True,False,True,0.0,0.0
full_coverage_complete,rightgirltakingcup,119,0,0,5,True,False,True,0.0,0.0
full_coverage_complete,rightgirltakingcup,120,0,0,4,True,False,True,0.0,0.0
full_coverage_complete,rightgirltakingcup,121,0,0,4,True,False,True,0.0,0.0
full_coverage_complete,rightgirltakingcup,122,0,0,4,True,False,True,0.0,0.0
full_coverage_complete,rightgirltakingcup,123,4,1,4,True,False,True,0.0,0.0
full_coverage_complete,rightgirltakingcup,124,0,0,1,True,False,True,0.0,0.0
full_coverage_complete,rightgirltakingcup,125,0,0,1,True,False,True,0.0,0.0
full_coverage_complete,rightgirltakingcup,126,0,0,4,True,False,True,0.0,0.0
full_coverage_complete,rightgirltakingcup,127,0,1,4,True,False,True,0.0,0.01566616489574518
full_coverage_complete,rightgirltakingcup,128,0,0,5,True,False,True,0.01649645029953223,0.01649645029953223
full_coverage_complete,rightgirltakingcup,129,0,0,5,True,False,True,0.0,0.0
full_coverage_complete,rightgirltakingcup,130,0,0,5,True,False,True,0.024145339078915383,0.024145339078915383
full_coverage_complete,rightgirltakingcup,131,0,0,4,True,False,True,0.027725472545202575,0.027725472545202575
full_coverage_complete,rightgirltakingcup,132,4,0,4,True,False,True,0.03701124448146649,0.07463002808304453
full_coverage_complete,rightgirltakingcup,134,4,1,4,True,False,True,0.07276092633363276,0.07652456052611264
full_coverage_complete,rightgirltakingcup,135,0,0,4,True,False,True,0.0,0.0
full_coverage_complete,rightgirltakingcup,137,0,0,4,True,False,True,0.0,0.0
full_coverage_complete,rightgirltakingcup,138,4,2,4,True,False,True,0.0,0.0
full_coverage_complete,rightgirltakingcup,144,0,0,2,True,False,True,0.0,0.0
full_coverage_complete,rightgirltakingcup,145,0,0,2,True,False,True,0.0,0.0
full_coverage_complete,rightgirltakingcup,146,0,0,5,True,False,True,0.0,0.0
full_coverage_complete,rightgirltakingcup,147,0,0,5,True,False,True,0.0,0.0
full_coverage_complete,rightgirltakingcup,148,0,0,2,True,False,True,0.0,0.0
full_coverage_complete,rightgirltakingcup,149,0,0,2,True,False,True,0.0,0.0
full_coverage_complete,rightgirltakingcup,150,0,0,5,True,False,True,0.0,0.0
full_coverage_complete,rightgirltakingcup,152,0,0,2,True,False,True,0.0,0.0
full_coverage_complete,rightgirltakingcup,153,0,0,4,True,False,True,0.0,0.0
full_coverage_complete,rightgirltakingcup,154,0,0,2,True,False,True,0.0,0.0
full_coverage_complete,rightgirltakingcup,155,0,0,2,True,False,True,0.0,0.0
full_coverage_complete,rightgirltakingcup,157,0,0,5,True,False,True,0.0,0.0
full_coverage_complete,rightgirltakingcup,158,0,0,2,True,False,True,0.0,0.0
full_coverage_complete,rightgirltakingcup,159,0,0,4,True,False,True,0.0,0.0
full_coverage_complete,rightgirltakingcup,160,0,0,4,True,False,True,0.0,0.0
full_coverage_complete,rightgirltakingcup,162,0,0,4,True,False,True,0.0,0.0
full_coverage_complete,rightgirltakingcup,163,0,0,5,True,False,True,0.0,0.0
full_coverage_complete,rightgirltakingcup,164,0,0,2,True,False,True,0.0,0.0
full_coverage_complete,rightgirltakingcup,165,0,0,2,True,False,True,0.0,0.0
full_coverage_complete,rightgirltakingcup,167,5,0,5,True,False,True,0.0,0.0
full_coverage_complete,rightgirltakingcup,168,0,0,1,True,False,True,0.0,0.0
full_coverage_complete,rightgirltakingcup,169,0,0,2,True,False,True,0.0,0.0
full_coverage_complete,rightgirltakingcup,170,0,0,2,True,False,True,0.0,0.0
full_coverage_complete,rightgirltakingcup,171,0,0,2,True,False,True,0.0,0.0
full_coverage_complete,rightgirltakingcup,173,0,0,2,True,False,True,0.0,0.0
full_coverage_complete,rightgirltakingcup,179,0,0,4,True,False,True,0.0,0.0
full_coverage_complete,rightgirltakingcup,180,4,0,4,True,False,True,0.0,0.0
full_coverage_complete,rightgirltakingcup,181,5,0,5,True,False,True,0.0,0.0
full_coverage_complete,rightgirltakingcup,182,0,0,2,True,False,True,0.0,0.0
full_coverage_complete,rightgirltakingcup,184,0,0,2,True,False,True,0.0,0.0
full_coverage_complete,rightgirltakingcup,185,0,0,4,True,False,True,0.0,0.0
full_coverage_complete,rightgirltakingcup,186,5,0,5,True,False,True,0.0,0.0
full_coverage_complete,rightgirltakingcup,187,1,1,1,True,False,True,0.0,0.0
full_coverage_complete,rightgirltakingcup,191,0,0,1,True,False,True,0.0,0.0
full_coverage_complete,rightgirltakingcup,193,0,0,2,True,False,True,0.0,0.0
full_coverage_complete,rightgirltakingcup,194,0,0,2,True,False,True,0.0,0.0
full_coverage_complete,rightgirltakingcup,195,0,0,2,True,False,True,0.0,0.0
full_coverage_complete,rightgirltakingcup,196,0,2,5,True,False,True,0.0,0.0
full_coverage_complete,rightgirltakingcup,197,0,0,1,True,False,True,0.0,0.0
full_coverage_complete,rightgirltakingcup,204,1,0,1,True,False,True,0.0,0.0
full_coverage_complete,rightgirltakingcup,208,0,0,4,True,False,True,0.0,0.0
full_coverage_complete,rightgirltakingcup,209,4,0,4,True,False,True,0.0,0.0
full_coverage_complete,rightgirltakingcup,210,0,0,5,True,False,True,0.0,0.0
full_coverage_complete,rightgirltakingcup,212,5,0,5,True,False,True,0.0,0.0
full_coverage_complete,rightgirltakingcup,213,0,0,5,True,False,True,0.0,0.0
full_coverage_complete,rightgirltakingcup,214,0,0,5,True,False,True,0.0,0.0
full_coverage_complete,rightgirltakingcup,215,0,0,5,True,False,True,0.0,0.0
full_coverage_complete,rightgirltakingcup,218,0,0,4,True,False,True,0.0,0.0
full_coverage_complete,rightgirltakingcup,219,0,0,5,True,False,True,0.0,0.0
full_coverage_complete,rightgirltakingcup,220,0,0,4,True,False,True,0.0,0.0
full_coverage_complete,rightgirltakingcup,222,0,1,2,True,False,True,0.0,0.0
full_coverage_complete,rightgirltakingcup,223,0,0,4,True,False,True,0.0,0.0
full_coverage_complete,rightgirltakingcup,224,0,0,4,True,False,True,0.0,0.0
full_coverage_complete,rightgirltakingcup,225,4,0,4,True,False,True,0.0,0.0
full_coverage_complete,rightgirltakingcup,227,0,0,4,True,False,True,0.0,0.5707763273177303
full_coverage_complete,rightgirltakingcup,229,0,0,1,True,False,True,0.0,0.0
full_coverage_complete,rightgirltakingcup,230,0,2,4,True,False,True,0.03643104881412598,0.0
full_coverage_complete,rightgirltakingcup,233,0,0,4,True,False,True,0.0,0.0
full_coverage_complete,rightgirltakingcup,238,1,1,1,True,False,True,0.0,0.0
full_coverage_complete,rightgirltakingcup,241,5,0,5,True,False,True,0.0,0.0
full_coverage_complete,rightgirltakingcup,242,0,0,1,True,False,True,0.0,0.0
full_coverage_complete,rightgirltakingcup,244,0,0,4,True,False,True,0.0,0.0
full_coverage_complete,rightgirltakingcup,248,0,0,1,True,False,True,0.0,0.0
full_coverage_complete,rightgirltakingcup,249,1,0,1,True,False,True,0.0,0.0
full_coverage_complete,rightgirltakingcup,255,0,0,2,True,False,True,0.0,0.0
full_coverage_complete,rightgirltakingcup,276,0,1,0,False,False,True,0.0,0.0
full_coverage_complete,rightgirltakingcup,277,0,0,5,True,False,True,0.0,0.0
full_coverage_complete,rightgirltakingcup,278,0,0,2,True,False,True,0.0,0.0
full_coverage_complete,rightgirltakingcup,279,0,0,5,True,False,True,0.0,0.0
full_coverage_complete,rightgirltakingcup,282,0,0,2,True,False,True,0.0,0.0
full_coverage_complete,rightgirltakingcup,283,0,0,2,True,False,True,0.0,0.0
full_coverage_complete,rightgirltakingcup,285,0,0,2,True,False,True,0.0,0.0
full_coverage_complete,rightgirltakingcup,286,0,0,2,True,False,True,0.0,0.0
full_coverage_complete,rightgirltakingcup,287,2,1,2,True,False,True,0.0,0.0
full_coverage_complete,rightgirltakingcup,288,0,0,5,True,False,True,0.0,0.0
full_coverage_complete,rightgirltakingcup,289,0,0,4,True,False,True,0.0,0.0
full_coverage_complete,rightgirltakingcup,290,0,0,2,True,False,True,0.0,0.0
full_coverage_complete,rightgirltakingcup,291,0,0,4,True,False,True,0.0,0.0
full_coverage_complete,rightgirltakingcup,292,0,0,2,True,False,True,0.0,0.0
full_coverage_complete,rightgirltakingcup,332,0,0,0,False,False,True,0.0,0.0
full_coverage_complete,rightgirltakingcup,334,0,0,2,True,False,True,0.0,0.0
full_coverage_complete,rightgirltakingcup,343,0,0,2,True,False,True,0.0,0.0
full_coverage_complete,rightgirltakingcup,344,0,0,2,True,False,True,0.0,0.0
full_coverage_complete,rightgirltakingcup,345,0,0,1,True,False,True,0.0,0.0
full_coverage_complete,rightgirltakingcup,346,1,1,1,True,False,True,0.0,0.0
full_coverage_complete,rightgirltakingcup,348,5,0,5,True,False,True,0.0,0.0
full_coverage_complete,rightgirltakingcup,349,5,0,5,True,False,True,0.0,0.0
full_coverage_complete,rightgirltakingcup,352,0,0,2,True,False,True,0.0,0.0
full_coverage_complete,rightgirltakingcup,353,0,0,2,True,False,True,0.0,0.0
full_coverage_complete,rightgirltakingcup,354,0,0,2,True,False,True,0.0,0.0
full_coverage_complete,rightgirltakingcup,355,0,0,1,True,False,True,0.0,0.0
full_coverage_complete,rightgirltakingcup,356,0,0,2,True,False,True,0.0,0.0
full_coverage_complete,rightgirltakingcup,358,4,0,4,True,False,True,0.0,0.0
full_coverage_complete,rightgirltakingcup,359,4,0,4,True,False,True,0.0,0.0
full_coverage_complete,rightgirltakingcup,360,5,0,5,True,False,True,0.0,0.0
full_coverage_complete,rightgirltakingcup,361,0,0,4,True,False,True,0.0,0.0
full_coverage_complete,rightgirltakingcup,362,0,0,1,True,False,True,0.0,0.0
full_coverage_complete,rightgirltakingcup,363,0,0,4,True,False,True,0.0,0.0
full_coverage_complete,rightgirltakingcup,364,0,0,4,True,False,True,0.0,0.0
full_coverage_complete,rightgirltakingcup,365,0,0,4,True,False,True,0.0,0.0
full_coverage_complete,rightgirltakingcup,366,0,0,4,True,False,True,0.0,0.0
full_coverage_complete,rightgirltakingcup,367,0,0,4,True,False,True,0.0,0.0
full_coverage_complete,rightgirltakingcup,368,0,0,2,True,False,True,0.0,0.0
full_coverage_complete,rightgirltakingcup,369,0,0,4,True,False,True,0.0,0.0
full_coverage_complete,rightgirltakingcup,374,0,0,2,True,False,True,0.0,0.0
full_coverage_complete,rightgirltakingcup,375,0,0,2,True,False,True,0.0,0.0
full_coverage_complete,rightgirltakingcup,376,0,0,2,True,False,True,0.0,0.0
full_coverage_complete,rightgirltakingcup,379,0,0,2,True,False,True,0.0,0.0
full_coverage_complete,rightgirltakingcup,381,0,0,2,True,False,True,0.0,0.0
full_coverage_complete,rightgirltakingcup,382,0,0,5,True,False,True,0.0,0.0
full_coverage_complete,rightgirltakingcup,383,0,0,4,True,False,True,0.0,0.0
full_coverage_complete,rightgirltakingcup,387,0,0,1,True,False,True,0.0,0.0
full_coverage_complete,rightgirltakingcup,388,0,0,1,True,False,True,0.0,0.0
full_coverage_complete,rightgirltakingcup,391,0,0,2,True,False,True,0.0,0.0
full_coverage_complete,rightgirltakingcup,397,0,0,1,True,False,True,0.0,0.0
full_coverage_complete,rightgirltakingcup,407,0,0,4,True,False,True,0.0,0.0
full_coverage_complete,rightgirltakingcup,408,0,0,4,True,False,True,0.0,0.0
full_coverage_complete,rightgirltakingcup,410,0,0,1,True,False,True,0.0,0.0
full_coverage_complete,rightgirltakingcup,411,0,0,4,True,False,True,0.0,0.0
full_coverage_complete,rightgirltakingcup,412,0,0,4,True,False,True,0.0,0.0
full_coverage_complete,rightgirltakingcup,413,0,1,1,True,False,True,0.0,0.0
full_coverage_complete,rightgirltakingcup,414,0,0,5,True,False,True,0.0,0.0
full_coverage_complete,rightgirltakingcup,415,0,0,5,True,False,True,0.0,0.0
full_coverage_complete,rightgirltakingcup,416,0,0,5,True,False,True,0.0,0.0
full_coverage_complete,rightgirltakingcup,417,0,0,5,True,False,True,0.0,0.0
full_coverage_complete,rightgirltakingcup,418,0,0,5,True,False,True,0.0,0.0
full_coverage_complete,rightgirltakingcup,419,2,0,2,True,False,True,0.0,0.0
full_coverage_complete,rightgirltakingcup,420,0,0,1,True,False,True,0.0,0.0
full_coverage_complete,rightgirltakingcup,421,0,0,6,True,False,True,0.0,0.0
full_coverage_complete,rightgirltakingcup,422,0,0,2,True,False,True,0.0,0.0
full_coverage_complete,rightgirltakingcup,424,0,0,2,True,False,True,0.0,0.0
full_coverage_complete,rightgirltakingcup,425,4,0,4,True,False,True,0.0,0.0
full_coverage_complete,rightgirltakingcup,426,0,0,5,True,False,True,0.0,0.0
full_coverage_complete,rightgirltakingcup,427,0,0,5,True,False,True,0.0,0.0
full_coverage_complete,rightgirltakingcup,428,0,0,5,True,False,True,0.0,0.0
full_coverage_complete,rightgirltakingcup,429,0,0,4,True,False,True,0.0,0.0
full_coverage_complete,rightgirltakingcup,430,5,0,5,True,False,True,0.0,0.0
full_coverage_complete,rightgirltakingcup,431,0,0,5,True,False,True,0.0,0.0
full_coverage_complete,rightgirltakingcup,432,5,0,5,True,False,True,0.0,0.0
full_coverage_complete,rightgirltakingcup,433,0,0,5,True,False,True,0.0,0.0
full_coverage_complete,rightgirltakingcup,434,0,0,2,True,False,True,0.0,0.0
full_coverage_complete,rightgirltakingcup,435,5,0,5,True,False,True,0.0,0.0
full_coverage_complete,rightgirltakingcup,436,0,0,2,True,False,True,0.0,0.0
full_coverage_complete,rightgirltakingcup,437,0,0,5,True,False,True,0.0,0.0
full_coverage_complete,rightgirltakingcup,438,0,0,2,True,False,True,0.0,0.0
full_coverage_complete,rightgirltakingcup,439,4,0,4,True,False,True,0.0,0.0
full_coverage_complete,rightgirltakingcup,440,5,0,5,True,False,True,0.0,0.0
full_coverage_complete,rightgirltakingcup,441,0,0,2,True,False,True,0.0,0.0
full_coverage_complete,rightgirltakingcup,442,0,0,2,True,False,True,0.0,0.0
full_coverage_complete,rightgirltakingcup,443,0,0,4,True,False,True,0.0,0.0
full_coverage_complete,rightgirltakingcup,444,0,0,5,True,False,True,0.0,0.0
full_coverage_complete,rightgirltakingcup,445,0,0,2,True,False,True,0.0,0.0
full_coverage_complete,rightgirltakingcup,446,0,0,4,True,False,True,0.0,0.0
full_coverage_complete,rightgirltakingcup,447,5,4,5,True,False,True,0.0,0.0
full_coverage_complete,rightgirltakingcup,448,0,0,4,True,False,True,0.0,0.0
full_coverage_complete,rightgirltakingcup,449,0,0,4,True,False,True,0.0,0.0
full_coverage_complete,rightgirltakingcup,450,0,0,4,True,False,True,0.0,0.0
full_coverage_complete,rightgirltakingcup,451,0,0,2,True,False,True,0.0,0.0
full_coverage_complete,rightgirltakingcup,452,0,0,2,True,False,True,0.0,0.0
full_coverage_complete,rightgirltakingcup,453,0,0,2,True,False,True,0.0,0.0
full_coverage_complete,rightgirltakingcup,454,0,0,2,True,False,True,0.0,0.0
full_coverage_complete,rightgirltakingcup,455,0,0,2,True,False,True,0.0,0.0
full_coverage_complete,rightgirltakingcup,457,0,0,2,True,False,True,0.0,0.0
full_coverage_complete,rightgirltakingcup,459,0,0,2,True,False,True,0.0,0.0
full_coverage_complete,rightgirltakingcup,460,0,0,2,True,False,True,0.0,0.0
full_coverage_complete,rightgirltakingcup,461,0,0,2,True,False,True,0.0,0.0
full_coverage_complete,rightgirltakingcup,462,0,0,2,True,False,True,0.0,0.0
full_coverage_complete,rightgirltakingcup,463,4,0,4,True,False,True,0.0,0.0
full_coverage_complete,rightgirltakingcup,464,0,0,5,True,False,True,0.0,0.0
full_coverage_complete,rightgirltakingcup,465,0,0,5,True,False,True,0.0,0.0
full_coverage_complete,rightgirltakingcup,466,0,0,4,True,False,True,0.0,0.0
full_coverage_complete,rightgirltakingcup,467,0,0,4,True,False,True,0.0,0.0
full_coverage_complete,rightgirltakingcup,468,0,0,2,True,False,True,0.0,0.0
full_coverage_complete,rightgirltakingcup,477,0,0,2,True,False,True,0.0,0.0
full_coverage_complete,rightgirltakingcup,478,0,0,2,True,False,True,0.0,0.0
full_coverage_complete,rightgirltakingcup,499,4,0,4,True,False,True,0.0,0.0
full_coverage_complete,rightgirltakingcup,509,0,0,4,True,False,True,0.0,0.0
full_coverage_complete,rightgirltakingcup,510,0,0,4,True,False,True,0.0,0.0
full_coverage_complete,rightgirltakingcup,511,0,0,4,True,False,True,0.0,0.0
full_coverage_complete,rightgirltakingcup,513,0,0,2,True,False,True,0.0,0.0
full_coverage_complete,rightgirltakingcup,514,0,0,5,True,False,True,0.0,0.0
full_coverage_complete,rightgirltakingcup,515,0,0,5,True,False,True,0.0,0.0
full_coverage_complete,rightgirltakingcup,517,0,0,2,True,False,True,0.0,0.0
full_coverage_complete,rightgirltakingcup,521,0,0,2,True,False,True,0.0,0.0
full_coverage_complete,rightgirltakingcup,522,0,0,2,True,False,True,0.0,0.0
full_coverage_complete,rightgirltakingcup,524,0,0,2,True,False,True,0.0,0.0
full_coverage_complete,rightgirltakingcup,526,0,0,4,True,False,True,0.0,0.0
full_coverage_complete,rightgirltakingcup,527,0,0,4,True,False,True,0.0,0.0
full_coverage_complete,rightgirltakingcup,528,0,1,5,True,False,True,0.0,0.0
full_coverage_complete,rightgirltakingcup,529,5,0,5,True,False,True,0.0,0.0
full_coverage_complete,rightgirltakingcup,530,5,0,5,True,False,True,0.0,0.0
full_coverage_complete,rightgirltakingcup,531,0,0,5,True,False,True,0.0,0.0
full_coverage_complete,rightgirltakingcup,532,0,0,5,True,False,True,0.0,0.0
full_coverage_complete,rightgirltakingcup,533,0,0,5,True,False,True,0.0,0.0
full_coverage_complete,rightgirltakingcup,534,0,0,5,True,False,True,0.0,0.0
full_coverage_complete,rightgirltakingcup,535,2,0,2,True,False,True,0.0,0.0
full_coverage_complete,rightgirltakingcup,536,0,0,6,True,False,True,0.0,0.0
full_coverage_complete,rightgirltakingcup,543,4,0,4,True,False,True,0.0,0.0
full_coverage_complete,rightgirltakingcup,544,0,0,5,True,False,True,0.0,0.0
full_coverage_complete,rightgirltakingcup,545,0,0,5,True,False,True,0.0,0.0
full_coverage_complete,rightgirltakingcup,546,0,1,5,True,False,True,0.0,0.0
full_coverage_complete,rightgirltakingcup,547,0,0,1,True,False,True,0.0,0.0
full_coverage_complete,rightgirltakingcup,548,0,1,1,True,False,True,0.0,0.0
full_coverage_complete,rightgirltakingcup,551,0,0,4,True,False,True,0.0,0.0
full_coverage_complete,rightgirltakingcup,552,0,0,4,True,False,True,0.0,0.0
full_coverage_complete,rightgirltakingcup,553,0,1,0,False,False,True,0.0,0.0
full_coverage_complete,rightgirltakingcup,554,0,0,5,True,False,True,0.0,0.0
full_coverage_complete,rightgirltakingcup,555,0,0,5,True,False,True,0.0,0.0
full_coverage_complete,rightgirltakingcup,556,0,0,6,True,False,True,0.0,0.0
full_coverage_complete,rightgirltakingcup,557,0,0,5,True,False,True,0.0,0.0
full_coverage_complete,rightgirltakingcup,558,0,0,2,True,False,True,0.0,0.0
full_coverage_complete,rightgirltakingcup,559,0,0,5,True,False,True,0.0,0.0
full_coverage_complete,rightgirltakingcup,560,0,0,2,True,False,True,0.0,0.0
full_coverage_complete,rightgirltakingcup,561,0,0,2,True,False,True,0.0,0.0
full_coverage_complete,rightgirltakingcup,562,0,0,2,True,False,True,0.0,0.0
full_coverage_complete,rightgirltakingcup,563,5,0,5,True,False,True,0.0,0.0
full_coverage_complete,rightgirltakingcup,564,1,0,1,True,False,True,0.0,0.0
full_coverage_complete,rightgirltakingcup,565,0,0,1,True,False,True,0.0,0.0
full_coverage_complete,rightgirltakingcup,566,0,0,5,True,False,True,0.0,0.0
full_coverage_complete,rightgirltakingcup,567,0,0,5,True,False,True,0.0,0.0
full_coverage_complete,rightgirltakingcup,569,0,0,1,True,False,True,0.0,0.0
full_coverage_complete,rightgirltakingcup,570,0,0,5,True,False,True,0.0,0.0
full_coverage_complete,rightgirltakingcup,571,0,0,1,True,False,True,0.0,0.0
full_coverage_complete,rightgirltakingcup,572,5,0,5,True,False,True,0.0,0.0
full_coverage_complete,rightgirltakingcup,573,1,0,1,True,False,True,0.0,0.0
full_coverage_complete,rightgirltakingcup,574,4,0,4,True,False,True,0.0,0.0
full_coverage_complete,rightgirltakingcup,575,4,0,4,True,False,True,0.0,0.0
full_coverage_complete,rightgirltakingcup,579,0,1,2,True,False,True,0.0,0.0
full_coverage_complete,rightgirltakingcup,582,0,0,4,True,False,True,0.0,0.0
full_coverage_complete,rightgirltakingcup,583,0,0,4,True,False,True,0.0,0.0
full_coverage_complete,rightgirltakingcup,584,0,0,4,True,False,True,0.0,0.0
full_coverage_complete,rightgirltakingcup,585,0,0,4,True,False,True,0.0,0.0
full_coverage_complete,rightgirltakingcup,586,0,0,4,True,False,True,0.0,0.0
full_coverage_complete,rightgirltakingcup,587,0,0,4,True,False,True,0.0,0.0
full_coverage_complete,rightgirltakingcup,588,0,0,4,True,False,True,0.0,0.0
full_coverage_complete,rightgirltakingcup,600,4,1,4,True,False,True,0.0,0.0
full_coverage_complete,rightgirltakingcup,601,1,0,1,True,False,True,0.0,0.0
full_coverage_complete,rightgirltakingcup,602,0,0,5,True,False,True,0.0,0.0
full_coverage_complete,rightgirltakingcup,603,0,1,5,True,False,True,0.0,0.0
full_coverage_complete,rightgirltakingcup,604,0,0,5,True,False,True,0.0,0.0
full_coverage_complete,rightgirltakingcup,605,5,0,5,True,False,True,0.0,0.0
full_coverage_complete,rightgirltakingcup,606,5,0,5,True,False,True,0.0,0.0
full_coverage_complete,rightgirltakingcup,607,5,1,5,True,False,True,0.0,0.0
full_coverage_complete,rightgirltakingcup,608,0,0,1,True,False,True,0.0,0.0
full_coverage_complete,rightgirltakingcup,609,0,1,2,True,False,True,0.0,0.0
full_coverage_complete,rightgirltakingcup,610,5,1,5,True,False,True,0.0,0.0
full_coverage_complete,rightgirltakingcup,611,0,1,2,True,False,True,0.0,0.0
full_coverage_complete,rightgirltakingcup,612,0,0,5,True,False,True,0.0,0.0
full_coverage_complete,rightgirltakingcup,613,0,0,5,True,False,True,0.0,0.0
full_coverage_complete,rightgirltakingcup,615,0,0,2,True,False,True,0.0,0.0
full_coverage_complete,rightgirltakingcup,616,0,0,2,True,False,True,0.0,0.0
full_coverage_complete,rightgirltakingcup,617,0,0,5,True,False,True,0.0,0.0
full_coverage_complete,rightgirltakingcup,618,0,0,5,True,False,True,0.0,0.0
full_coverage_complete,rightgirltakingcup,619,0,0,5,True,False,True,0.0,0.0
full_coverage_complete,rightgirltakingcup,620,0,0,2,True,False,True,0.0,0.0
full_coverage_complete,rightgirltakingcup,621,0,0,5,True,False,True,0.0,0.0
full_coverage_complete,rightgirltakingcup,622,0,0,4,True,False,True,0.0,0.0
full_coverage_complete,rightgirltakingcup,623,0,0,5,True,False,True,0.0,0.0
full_coverage_complete,rightgirltakingcup,624,0,0,5,True,False,True,0.0,0.0
full_coverage_complete,rightgirltakingcup,625,0,0,5,True,False,True,0.0,0.0
full_coverage_complete,rightgirltakingcup,626,0,0,2,True,False,True,0.0,0.0
full_coverage_complete,rightgirltakingcup,627,0,0,4,True,False,True,0.0,0.0
full_coverage_complete,rightgirltakingcup,628,0,0,4,True,False,True,0.0,0.0
full_coverage_complete,rightgirltakingcup,629,0,0,4,True,False,True,0.0,0.0
full_coverage_complete,rightgirltakingcup,630,4,1,4,True,False,True,0.0,0.0
full_coverage_complete,rightgirltakingcup,631,0,0,4,True,False,True,0.0,0.0
full_coverage_complete,rightgirltakingcup,632,5,2,5,True,False,True,0.0,0.0
full_coverage_complete,rightgirltakingcup,633,0,0,1,True,False,True,0.0,0.0
full_coverage_complete,rightwaiter1_quezhen,96,5,0,5,True,False,True,0.6525102582048057,0.6496985059795719
full_coverage_complete,rightwaiter1_quezhen,97,5,0,5,True,False,True,0.5650908778037916,0.5535177792664444
full_coverage_complete,rightwaiter1_quezhen,98,0,0,0,False,False,True,0.694961448943628,0.0
full_coverage_complete,rightwaiter1_quezhen,100,0,0,5,True,False,True,0.0,0.0
full_coverage_complete,rightwaiter1_quezhen,101,0,0,2,True,False,True,0.0,0.6842122888518569
full_coverage_complete,rightwaiter1_quezhen,129,0,0,2,True,False,True,0.621173945058188,0.621173945058188
full_coverage_complete,rightwaiter1_quezhen,130,0,0,2,True,False,True,0.761803951518821,0.761803951518821
full_coverage_complete,rightwaiter1_quezhen,132,1,0,1,True,False,True,0.765801900018782,0.6166558973365046
full_coverage_complete,rightwaiter1_quezhen,134,2,0,2,True,False,True,0.5847469807009081,0.4634139285221082
full_coverage_complete,rightwaiter1_quezhen,208,2,0,2,True,False,True,0.13623192607602286,0.41586128123265825
full_coverage_complete,rightwaiter1_quezhen,209,6,0,6,True,False,True,0.6185261272080657,0.4652695395377319
full_coverage_complete,rightwaiter1_quezhen,210,5,0,5,True,False,True,0.7062522647796248,0.4767544845124125
full_coverage_complete,rightwaiter1_quezhen,211,5,0,5,True,False,True,0.6766698511323735,0.522671649156733
full_coverage_complete,rightwaiter1_quezhen,212,5,0,5,True,False,True,0.2769310946140505,0.3547718372019292
full_coverage_complete,rightwaiter1_quezhen,213,5,0,5,True,False,True,0.0,0.16051222006020344
full_coverage_complete,rightwaiter1_quezhen,214,6,0,6,True,False,True,0.0,0.1547096690533207
full_coverage_complete,rightwaiter1_quezhen,215,6,0,6,True,False,True,0.0,0.08090718440486006
full_coverage_complete,rightwaiter1_quezhen,216,5,0,5,True,False,True,0.04157247803285341,0.05125223935112271
full_coverage_complete,rightwaiter1_quezhen,217,5,0,5,True,False,True,0.08440360668740284,0.06019816317202435
full_coverage_complete,rightwaiter1_quezhen,218,5,0,5,True,False,True,0.038703482865304596,0.001573941167938083
full_coverage_complete,rightwaiter1_quezhen,222,1,0,1,True,False,True,0.48267030128321314,0.4332257655729546
full_coverage_complete,rightwaiter1_quezhen,224,5,0,5,True,False,True,0.5168882573564458,0.5315637369541355
full_coverage_complete,rightwaiter1_quezhen,225,1,0,1,True,False,True,0.6899448042304684,0.5791804809829572
full_coverage_complete,rightwaiter1_quezhen,226,6,0,6,True,False,True,0.6250283303707224,0.4743304740816794
full_coverage_complete,rightwaiter1_quezhen,227,5,0,5,True,False,True,0.6244408177966065,0.4309422909881688
full_coverage_complete,rightwaiter1_quezhen,228,6,0,6,True,False,True,0.5749545465883381,0.3805308369341234
full_coverage_complete,rightwaiter1_quezhen,245,4,0,4,True,False,True,0.5155662199769921,0.41030844881622286
full_coverage_complete,rightwaiter1_quezhen,246,0,0,0,False,False,True,0.5595192084706332,0.0
full_coverage_complete,rightwaiter1_quezhen,247,5,0,5,True,False,True,0.0,0.0
full_coverage_complete,rightwaiter1_quezhen,248,5,0,5,True,False,True,0.0,0.0
full_coverage_complete,rightwaiter1_quezhen,249,5,0,5,True,False,True,0.0,0.0
full_coverage_complete,rightwaiter1_quezhen,251,4,0,4,True,False,True,0.0,0.0
full_coverage_complete,rightwaiter1_quezhen,253,0,0,0,False,False,True,0.0,0.0
full_coverage_complete,rightwaiter1_quezhen,254,0,1,5,True,False,True,0.0,0.0
full_coverage_complete,rightwaiter1_quezhen,276,0,0,2,True,False,True,0.0,0.0
full_coverage_complete,rightwaiter1_quezhen,277,0,0,4,True,False,True,0.0,0.590499069657483
full_coverage_complete,rightwaiter1_quezhen,284,0,0,4,True,False,True,0.6637673504454568,0.6637673504454568
full_coverage_complete,rightwaiter1_quezhen,288,0,0,4,True,False,True,0.5827266874267101,0.5827266874267101
full_coverage_complete,rightwaiter1_quezhen,290,0,0,4,True,False,True,0.5303216843620823,0.5303216843620823
full_coverage_complete,runningcameragirl,89,0,0,1,True,False,True,0.6520535042461832,0.6520535042461832
full_coverage_complete,runningcameragirl,90,0,0,4,True,False,True,0.6335992067344628,0.6335992067344628
full_coverage_complete,runningcameragirl,91,0,0,4,True,False,True,0.7197301422397722,0.7197301422397722
full_coverage_complete,runningcameragirl,92,1,0,1,True,False,True,0.7291369002572211,0.7456657673757101
full_coverage_complete,runningcameragirl,93,0,0,4,True,False,True,0.7181732451013421,0.7181732451013421
full_coverage_complete,runningcameragirl,94,0,0,4,True,False,True,0.7234768749882639,0.7234768749882639
full_coverage_complete,runningcameragirl,95,0,0,4,True,False,True,0.6686594412885126,0.6686594412885126
full_coverage_complete,runningcameragirl,96,0,0,4,True,False,True,0.709177287990658,0.709177287990658
full_coverage_complete,runningcameragirl,97,0,1,4,True,False,True,0.7320942075416178,0.0
full_coverage_complete,runningcameragirl,103,0,0,4,True,False,True,0.0,0.0
full_coverage_complete,runningcameragirl,104,0,0,4,True,False,True,0.0,0.0
full_coverage_complete,runningcameragirl,105,0,0,4,True,False,True,0.0,0.0
full_coverage_complete,runningcameragirl,106,0,0,2,True,False,True,0.0,0.8370661873788973
full_coverage_complete,runningcameragirl,107,0,0,5,True,False,True,0.854199012762936,0.854199012762936
full_coverage_complete,runningcameragirl,108,0,0,2,True,False,True,0.6925736866110103,0.6925736866110103
full_coverage_complete,runningcameragirl,109,0,0,4,True,False,True,0.7560408037480125,0.7560408037480125
full_coverage_complete,runningcameragirl,110,0,0,2,True,False,True,0.773639277678645,0.773639277678645
full_coverage_complete,runningcameragirl,111,0,0,4,True,False,True,0.8819186011883453,0.8819186011883453
full_coverage_complete,runningcameragirl,112,0,0,2,True,False,True,0.7803979947465922,0.7803979947465922
full_coverage_complete,runningcameragirl,113,0,0,2,True,False,True,0.8440292628813353,0.8440292628813353
full_coverage_complete,runningcameragirl,114,0,0,2,True,False,True,0.8507313240559785,0.8507313240559785
full_coverage_complete,runningcameragirl,115,0,0,2,True,False,True,0.8031115160769838,0.8031115160769838
full_coverage_complete,runningcameragirl,116,0,0,2,True,False,True,0.0,0.0
full_coverage_complete,runningcameragirl,117,0,0,1,True,False,True,0.0,0.0
full_coverage_complete,runningcameragirl,118,0,0,1,True,False,True,0.9605699753870002,0.9605699753870002
full_coverage_complete,runningcameragirl,119,0,0,2,True,False,True,0.7913118487209356,0.7913118487209356
full_coverage_complete,runningcameragirl,120,0,0,2,True,False,True,0.7465081339143343,0.7465081339143343
full_coverage_complete,runningcameragirl,121,0,0,2,True,False,True,0.056740295017650544,0.056740295017650544
full_coverage_complete,runningcameragirl,122,0,0,1,True,False,True,0.0681499963686677,0.0681499963686677
full_coverage_complete,runningcameragirl,123,0,0,2,True,False,True,0.8289769038502597,0.8289769038502597
full_coverage_complete,runningcameragirl,124,0,0,5,True,False,True,0.4606021391991181,0.4606021391991181
full_coverage_complete,runningcameragirl,125,0,0,2,True,False,True,0.1667124759530812,0.1667124759530812
full_coverage_complete,runningcameragirl,126,0,0,4,True,False,True,0.09390710534860874,0.09390710534860874
full_coverage_complete,runningcameragirl,127,0,0,4,True,False,True,0.16627725145134184,0.16627725145134184
full_coverage_complete,runningcameragirl,128,0,0,2,True,False,True,0.19975753396448742,0.19975753396448742
full_coverage_complete,runningcameragirl,129,0,0,2,True,False,True,0.20261992294135944,0.20261992294135944
full_coverage_complete,runningcameragirl,130,0,0,4,True,False,True,0.3954683302973311,0.3954683302973311
full_coverage_complete,runningcameragirl,131,0,0,4,True,False,True,0.48994495323186443,0.48994495323186443
full_coverage_complete,runningcameragirl,132,0,0,4,True,False,True,0.0,0.3622033994030407
full_coverage_complete,runningcameragirl,133,0,0,4,True,False,True,0.32807710989049627,0.32807710989049627
full_coverage_complete,runningcameragirl,134,0,0,2,True,False,True,0.25561845916128584,0.25561845916128584
full_coverage_complete,runningcameragirl,135,0,0,4,True,False,True,0.0,0.29761341897122423
full_coverage_complete,runningcameragirl,136,1,0,1,True,False,True,0.0,0.7662001213395409
full_coverage_complete,runningcameragirl,137,0,0,4,True,False,True,0.7539163044711621,0.7539163044711621
full_coverage_complete,runningcameragirl,138,0,0,1,True,False,True,0.7981083702310244,0.7981083702310244
full_coverage_complete,runningcameragirl,139,0,0,4,True,False,True,0.10893850269631843,0.10893850269631843
full_coverage_complete,runningcameragirl,140,6,0,6,True,False,True,0.0,0.0
full_coverage_complete,runningcameragirl,141,0,0,2,True,False,True,0.022905871747247272,0.022905871747247272
full_coverage_complete,runningcameragirl,143,0,0,4,True,False,True,0.06713944077622008,0.06713944077622008
full_coverage_complete,runningcameragirl,148,0,0,2,True,False,True,0.22941889231093546,0.22941889231093546
full_coverage_complete,runningcameragirl,149,0,0,2,True,False,True,0.3144621333947922,0.3144621333947922
full_coverage_complete,runningcameragirl,150,0,0,2,True,False,True,0.416157584706247,0.416157584706247
full_coverage_complete,runningcameragirl,151,0,0,2,True,False,True,0.5002965798503484,0.5002965798503484
full_coverage_complete,runningcameragirl,153,0,0,2,True,False,True,0.7614011587057751,0.7614011587057751
full_coverage_complete,runningcameragirl,160,0,0,4,True,False,True,0.7799171146545595,0.7799171146545595
full_coverage_complete,runningcameragirl,161,0,0,1,True,False,True,0.48360693936860416,0.48360693936860416
full_coverage_complete,runningcameragirl,162,0,0,1,True,False,True,0.11114212436572483,0.11114212436572483
full_coverage_complete,runningcameragirl,165,0,0,1,True,False,True,0.04028107951113415,0.04028107951113415
full_coverage_complete,runningcameragirl,166,0,0,2,True,False,True,0.0,0.0
full_coverage_complete,runningcameragirl,167,0,0,2,True,False,True,0.0,0.0
full_coverage_complete,runningcameragirl,168,0,0,1,True,False,True,0.0,0.0
full_coverage_complete,runningcameragirl,169,0,0,1,True,False,True,0.0,0.0
full_coverage_complete,runningcameragirl,170,0,0,2,True,False,True,0.0,0.0
full_coverage_complete,runningcameragirl,171,0,0,1,True,False,True,0.0,0.0
full_coverage_complete,runningcameragirl,172,0,0,4,True,False,True,0.0,0.0
full_coverage_complete,runningcameragirl,173,0,0,4,True,False,True,0.0,0.0
full_coverage_complete,runningcameragirl,174,0,0,4,True,False,True,0.0,0.0
full_coverage_complete,runningcameragirl,175,0,0,4,True,False,True,0.0,0.0
full_coverage_complete,runningcameragirl,176,0,0,4,True,False,True,0.0,0.0
full_coverage_complete,runningcameragirl,177,0,0,4,True,False,True,0.0,0.0
full_coverage_complete,runningcameragirl,178,0,1,4,True,False,True,0.6884541112287043,0.6884541112287043
full_coverage_complete,runningcameragirl,179,0,0,4,True,False,True,0.41271708367152354,0.0
full_coverage_complete,runningcameragirl,180,0,0,5,True,False,True,0.0,0.0
full_coverage_complete,runningcameragirl,181,0,0,4,True,False,True,0.0,0.0
full_coverage_complete,runningcameragirl,182,0,0,4,True,False,True,0.0,0.0
full_coverage_complete,runningcameragirl,183,0,0,4,True,False,True,0.0,0.0
full_coverage_complete,runningcameragirl,184,0,0,4,True,False,True,0.0,0.0
full_coverage_complete,runningcameragirl,185,0,0,4,True,False,True,0.0,0.0
full_coverage_complete,runningcameragirl,186,0,0,4,True,False,True,0.0,0.0
full_coverage_complete,runningcameragirl,187,0,0,4,True,False,True,0.0,0.0
full_coverage_complete,runningcameragirl,188,2,0,2,True,False,True,0.0,0.6941805876703112
full_coverage_complete,runningcameragirl,204,0,0,2,True,False,True,0.7569106730266022,0.7569106730266022
full_coverage_complete,runningcameragirl,205,0,0,2,True,False,True,0.6536417519402654,0.6536417519402654
full_coverage_complete,runningcameragirl,206,2,0,2,True,True,True,0.5163972466216386,0.9456449315001435
full_coverage_complete,runningcameragirl,207,0,0,2,True,False,True,0.7071058418554469,0.0
full_coverage_complete,runningcameragirl,208,0,0,5,True,False,True,0.0,0.0
full_coverage_complete,runningcameragirl,214,0,0,4,True,False,True,0.0,0.0
full_coverage_complete,runningcameragirl,215,0,0,4,True,False,True,0.0,0.0
full_coverage_complete,runningcameragirl,216,4,1,4,True,False,True,0.0,0.0
full_coverage_complete,runningcameragirl,217,0,0,4,True,False,True,0.0,0.0
full_coverage_complete,runningcameragirl,218,0,0,4,True,False,True,0.0,0.0
full_coverage_complete,runningcameragirl,220,0,0,4,True,False,True,0.0,0.0
full_coverage_complete,runningcameragirl,221,0,0,4,True,False,True,0.0,0.0
full_coverage_complete,runningcameragirl,222,0,0,4,True,False,True,0.0,0.0
full_coverage_complete,runningcameragirl,240,4,0,4,True,False,True,0.0,0.0
full_coverage_complete,runningcameragirl,241,4,0,4,True,False,True,0.0,0.0
full_coverage_complete,runningcameragirl,242,4,0,4,True,False,True,0.0,0.0
full_coverage_complete,runningcameragirl,243,4,0,4,True,False,True,0.0,0.0
full_coverage_complete,runningcameragirl,244,0,0,4,True,False,True,0.0,0.0
full_coverage_complete,runningcameragirl,296,0,0,1,True,False,True,0.0,0.0
full_coverage_complete,runningcameragirl,297,0,0,2,True,False,True,0.0,0.0
full_coverage_complete,runningcameragirl,298,0,0,4,True,False,True,0.0,0.0
full_coverage_complete,runningcameragirl,299,0,0,4,True,False,True,0.0,0.0
full_coverage_complete,runningcameragirl,300,0,0,2,True,False,True,0.0,0.0
full_coverage_complete,runningcameragirl,301,0,0,1,True,False,True,0.0,0.0
full_coverage_complete,runningcameragirl,302,0,0,4,True,False,True,0.0,0.0
full_coverage_complete,runningcameragirl,303,0,0,4,True,False,True,0.0,0.0
full_coverage_complete,runningcameragirl,304,0,0,4,True,False,True,0.0,0.0
full_coverage_complete,runningcameragirl,305,0,0,4,True,False,True,0.0,0.0
full_coverage_complete,runningcameragirl,306,0,0,5,True,False,True,0.0,0.0
full_coverage_complete,runningcameragirl,307,0,0,5,True,False,True,0.0,0.0
full_coverage_complete,runningcameragirl,308,0,0,4,True,False,True,0.0,0.0
full_coverage_complete,runningcameragirl,309,0,0,4,True,False,True,0.0,0.0
full_coverage_complete,runningcameragirl,310,0,0,4,True,False,True,0.0,0.0
full_coverage_complete,runningcameragirl,311,0,0,4,True,False,True,0.0,0.0
full_coverage_complete,runningcameragirl,312,0,0,4,True,False,True,0.0,0.0
full_coverage_complete,runningcameragirl,313,0,0,4,True,False,True,0.0,0.0
full_coverage_complete,runningcameragirl,314,0,0,4,True,False,True,0.0,0.0
full_coverage_complete,runningcameragirl,315,0,0,4,True,False,True,0.0,0.0
full_coverage_complete,runningcameragirl,316,0,0,2,True,False,True,0.0,0.0
full_coverage_complete,runningcameragirl,317,0,0,4,True,False,True,0.0,0.0
full_coverage_complete,runningcameragirl,318,0,0,4,True,False,True,0.0,0.0
full_coverage_complete,runningcameragirl,356,0,0,4,True,False,True,0.0,0.0
full_coverage_complete,runningcameragirl,365,0,0,4,True,False,True,0.0,0.0
full_coverage_complete,runningcameragirl,366,0,0,4,True,False,True,0.0,0.0
full_coverage_complete,runningcameragirl,378,0,0,4,True,False,True,0.0,0.0
full_coverage_complete,runningcameragirl,379,0,0,4,True,False,True,0.0,0.0
full_coverage_complete,runningcameragirl,380,0,0,4,True,False,True,0.0,0.0
full_coverage_complete,runningcameragirl,381,0,0,4,True,False,True,0.0,0.0
full_coverage_complete,runningcameragirl,382,0,0,4,True,False,True,0.0,0.0
full_coverage_complete,runningcameragirl,383,0,0,4,True,False,True,0.0,0.0
full_coverage_complete,runningcameragirl,384,0,0,4,True,False,True,0.0,0.0
full_coverage_complete,runningcameragirl,385,0,0,4,True,False,True,0.0,0.0
full_coverage_complete,shinybikeboy2left,86,0,0,4,True,False,True,0.3578595403615471,0.3578595403615471
full_coverage_complete,shinybikeboy2left,87,0,0,4,True,False,True,0.3662672882138339,0.3662672882138339
full_coverage_complete,shinybikeboy2left,88,5,0,5,True,False,True,0.2428766820760454,0.2818917538448821
full_coverage_complete,shinybikeboy2left,89,5,0,5,True,False,True,0.21940013527240787,0.24121162829258688
full_coverage_complete,shinybikeboy2left,90,0,0,4,True,False,True,0.1815596079902014,0.1815596079902014
full_coverage_complete,shinybikeboy2left,91,0,0,4,True,False,True,0.2796448591807031,0.2796448591807031
full_coverage_complete,shinybikeboy2left,92,0,0,4,True,False,True,0.3061670141541228,0.3061670141541228
full_coverage_complete,shinybikeboy2left,93,0,0,1,True,False,True,0.19721889270838655,0.19721889270838655
full_coverage_complete,shinybikeboy2left,94,0,0,1,True,False,True,0.3079176981990378,0.3079176981990378
full_coverage_complete,shinybikeboy2left,95,0,0,4,True,False,True,0.3972865380834888,0.3972865380834888
full_coverage_complete,shinybikeboy2left,96,0,0,1,True,False,True,0.27636195676149505,0.27636195676149505
full_coverage_complete,shinybikeboy2left,101,0,0,4,True,False,True,0.34653395750965527,0.34653395750965527
full_coverage_complete,shinybikeboy2left,102,0,0,4,True,False,True,0.33651453254583,0.33651453254583
full_coverage_complete,shinybikeboy2left,103,0,0,4,True,False,True,0.26387275999427867,0.26387275999427867
full_coverage_complete,shinybikeboy2left,104,0,0,4,True,False,True,0.37036471509043284,0.37036471509043284
full_coverage_complete,shinybikeboy2left,105,0,1,4,True,False,True,0.3835744849721126,0.3835744849721126
full_coverage_complete,shinybikeboy2left,106,0,0,4,True,False,True,0.32282044237546387,0.32282044237546387
full_coverage_complete,shinybikeboy2left,107,0,0,4,True,False,True,0.19527893561498755,0.19527893561498755
full_coverage_complete,shinybikeboy2left,108,0,0,1,True,False,True,0.10494716068822339,0.10494716068822339
full_coverage_complete,shinybikeboy2left,109,0,0,4,True,False,True,0.31870803616356136,0.31870803616356136
full_coverage_complete,shinybikeboy2left,110,0,0,4,True,False,True,0.4587349256168563,0.4587349256168563
full_coverage_complete,shinybikeboy2left,111,0,0,4,True,False,True,0.3341789202625329,0.3341789202625329
full_coverage_complete,shinybikeboy2left,112,4,4,4,True,False,True,0.0,0.0
full_coverage_complete,shinybikeboy2left,113,0,0,5,True,False,True,0.0,0.0
full_coverage_complete,shinybikeboy2left,114,0,0,5,True,False,True,0.0,0.0
full_coverage_complete,shinybikeboy2left,115,0,0,4,True,False,True,0.0,0.0
full_coverage_complete,shinybikeboy2left,116,0,0,4,True,False,True,0.0,0.0
full_coverage_complete,shinybikeboy2left,117,0,0,4,True,False,True,0.0,0.0
full_coverage_complete,shinybikeboy2left,118,0,0,4,True,False,True,0.0,0.0
full_coverage_complete,shinybikeboy2left,119,0,0,4,True,False,True,0.0,0.0
full_coverage_complete,shinybikeboy2left,120,0,0,4,True,False,True,0.0,0.0
full_coverage_complete,shinybikeboy2left,121,0,0,5,True,False,True,0.0,0.0
full_coverage_complete,shinybikeboy2left,122,4,0,4,True,False,True,0.0,0.0
full_coverage_complete,shinybikeboy2left,123,0,0,5,True,False,True,0.0,0.0
full_coverage_complete,shinybikeboy2left,124,0,0,4,True,False,True,0.0,0.0
full_coverage_complete,shinybikeboy2left,125,0,0,1,True,False,True,0.0,0.0
full_coverage_complete,shinybikeboy2left,126,0,0,5,True,False,True,0.0,0.0
full_coverage_complete,shinybikeboy2left,127,0,0,4,True,False,True,0.0,0.0
full_coverage_complete,shinybikeboy2left,128,0,0,5,True,False,True,0.0,0.0
full_coverage_complete,shinybikeboy2left,129,0,0,4,True,False,True,0.0,0.0
full_coverage_complete,shinybikeboy2left,130,0,0,5,True,False,True,0.0,0.0
full_coverage_complete,shinybikeboy2left,131,0,0,5,True,False,True,0.0,0.0
full_coverage_complete,shinybikeboy2left,132,0,0,5,True,False,True,0.0,0.0
full_coverage_complete,shinybikeboy2left,133,5,1,5,True,False,True,0.0,0.0
full_coverage_complete,shinybikeboy2left,134,5,0,5,True,False,True,0.0,0.0
full_coverage_complete,shinybikeboy2left,135,0,0,4,True,False,True,0.0,0.0
full_coverage_complete,shinybikeboy2left,136,0,0,4,True,False,True,0.0,0.0
full_coverage_complete,shinybikeboy2left,137,0,0,4,True,False,True,0.0,0.0
full_coverage_complete,shinybikeboy2left,138,0,0,4,True,False,True,0.0,0.0
full_coverage_complete,shinybikeboy2left,140,0,0,5,True,False,True,0.0,0.0
full_coverage_complete,shinybikeboy2left,141,0,0,4,True,False,True,0.0,0.0
full_coverage_complete,shinybikeboy2left,142,0,0,4,True,False,True,0.0,0.0
full_coverage_complete,shinybikeboy2left,143,0,0,4,True,False,True,0.0,0.0
full_coverage_complete,shinybikeboy2left,144,0,0,4,True,False,True,0.0,0.0
full_coverage_complete,shinybikeboy2left,146,0,0,4,True,False,True,0.0,0.0
full_coverage_complete,shinybikeboy2left,147,0,0,4,True,False,True,0.0,0.0
full_coverage_complete,shinybikeboy2left,148,0,0,1,True,False,True,0.0,0.0
full_coverage_complete,shinybikeboy2left,149,0,0,4,True,False,True,0.0,0.0
full_coverage_complete,shinybikeboy2left,150,0,0,4,True,False,True,0.0,0.0
full_coverage_complete,shinybikeboy2left,151,0,0,4,True,False,True,0.0,0.0
full_coverage_complete,shinybikeboy2left,152,0,0,4,True,False,True,0.0,0.0
full_coverage_complete,shinybikeboy2left,153,0,0,4,True,False,True,0.0,0.0
full_coverage_complete,shinybikeboy2left,154,0,0,4,True,False,True,0.0,0.0
full_coverage_complete,shinybikeboy2left,155,0,0,4,True,False,True,0.0,0.0
full_coverage_complete,shinybikeboy2left,156,0,0,4,True,False,True,0.0,0.0
full_coverage_complete,shinybikeboy2left,157,0,0,4,True,False,True,0.0,0.0
full_coverage_complete,shinybikeboy2left,158,0,0,4,True,False,True,0.0,0.0
full_coverage_complete,shinybikeboy2left,159,0,0,4,True,False,True,0.0,0.0
full_coverage_complete,shinybikeboy2left,160,0,0,4,True,False,True,0.0,0.0
full_coverage_complete,shinybikeboy2left,161,0,0,5,True,False,True,0.0,0.0
full_coverage_complete,shinybikeboy2left,162,0,0,4,True,False,True,0.0,0.0
full_coverage_complete,shinybikeboy2left,163,0,0,4,True,False,True,0.0,0.0
full_coverage_complete,shinybikeboy2left,164,0,0,5,True,False,True,0.0,0.0
full_coverage_complete,shinybikeboy2left,165,0,0,4,True,False,True,0.0,0.0
full_coverage_complete,shinybikeboy2left,166,0,0,5,True,False,True,0.0,0.0
full_coverage_complete,shinybikeboy2left,167,0,0,4,True,False,True,0.0,0.0
full_coverage_complete,shinybikeboy2left,168,0,0,4,True,False,True,0.0,0.0
full_coverage_complete,shinybikeboy2left,169,4,3,4,True,False,True,0.0,0.0
full_coverage_complete,shinybikeboy2left,170,0,0,5,True,False,True,0.0,0.0
full_coverage_complete,shinybikeboy2left,171,0,0,4,True,False,True,0.0,0.0
full_coverage_complete,shinybikeboy2left,172,0,0,4,True,False,True,0.0,0.0
full_coverage_complete,shinybikeboy2left,173,5,0,5,True,False,True,0.0,0.0
full_coverage_complete,shinybikeboy2left,174,0,0,5,True,False,True,0.0,0.0
full_coverage_complete,shinybikeboy2left,175,0,0,4,True,False,True,0.0,0.0
full_coverage_complete,shinybikeboy2left,176,0,0,4,True,False,True,0.0,0.0
full_coverage_complete,shinybikeboy2left,177,0,0,5,True,False,True,0.0,0.0
full_coverage_complete,shinybikeboy2left,178,0,0,4,True,False,True,0.0,0.0
full_coverage_complete,shinybikeboy2left,179,0,0,4,True,False,True,0.0,0.0
full_coverage_complete,shinybikeboy2left,180,0,0,4,True,False,True,0.0,0.0
full_coverage_complete,shinybikeboy2left,181,0,1,4,True,False,True,0.0,0.0
full_coverage_complete,shinybikeboy2left,182,0,0,5,True,False,True,0.0,0.0
full_coverage_complete,shinybikeboy2left,183,0,1,4,True,False,True,0.0,0.0
full_coverage_complete,shinybikeboy2left,184,0,0,5,True,False,True,0.0,0.0
full_coverage_complete,shinybikeboy2left,185,0,0,5,True,False,True,0.0,0.0
full_coverage_complete,shinybikeboy2left,186,0,0,4,True,False,True,0.0,0.0
full_coverage_complete,shinybikeboy2left,187,0,0,5,True,False,True,0.0,0.0
full_coverage_complete,shinybikeboy2left,188,0,0,5,True,False,True,0.0,0.0
full_coverage_complete,shinybikeboy2left,189,0,0,4,True,False,True,0.0,0.0
full_coverage_complete,shinybikeboy2left,190,0,0,4,True,False,True,0.0,0.0
full_coverage_complete,shinybikeboy2left,191,0,0,4,True,False,True,0.0,0.0
full_coverage_complete,shinybikeboy2left,192,0,0,5,True,False,True,0.0,0.0
full_coverage_complete,shinybikeboy2left,193,0,0,4,True,False,True,0.0,0.0
full_coverage_complete,shinybikeboy2left,194,0,0,5,True,False,True,0.0,0.0
full_coverage_complete,shinybikeboy2left,195,0,0,4,True,False,True,0.0,0.0
full_coverage_complete,shinybikeboy2left,196,0,0,4,True,False,True,0.0,0.0
full_coverage_complete,shinybikeboy2left,197,0,0,4,True,False,True,0.0,0.0
full_coverage_complete,shinybikeboy2left,198,0,0,5,True,False,True,0.0,0.0
full_coverage_complete,shinybikeboy2left,199,0,0,4,True,False,True,0.0,0.0
full_coverage_complete,shinybikeboy2left,200,0,0,4,True,False,True,0.0,0.0
full_coverage_complete,shinybikeboy2left,201,0,1,4,True,False,True,0.0,0.0
full_coverage_complete,shinybikeboy2left,202,0,0,6,True,False,True,0.0,0.0
full_coverage_complete,shinybikeboy2left,203,0,0,4,True,False,True,0.0,0.0
full_coverage_complete,shinybikeboy2left,204,0,0,4,True,False,True,0.0,0.0
full_coverage_complete,shinybikeboy2left,205,0,0,5,True,False,True,0.0,0.0
full_coverage_complete,shinybikeboy2left,206,0,0,5,True,False,True,0.0,0.0
full_coverage_complete,shinybikeboy2left,207,0,0,1,True,False,True,0.0,0.0
full_coverage_complete,shinybikeboy2left,208,0,0,5,True,False,True,0.0,0.0
full_coverage_complete,shinybikeboy2left,209,0,0,5,True,False,True,0.0,0.0
full_coverage_complete,shinybikeboy2left,210,5,3,5,True,False,True,0.0,0.0
full_coverage_complete,shinybikeboy2left,211,0,0,1,True,False,True,0.0,0.0
full_coverage_complete,shinybikeboy2left,212,0,0,4,True,False,True,0.0,0.0
full_coverage_complete,shinybikeboy2left,213,0,0,5,True,False,True,0.0,0.0
full_coverage_complete,shinybikeboy2left,214,0,0,5,True,False,True,0.0,0.0
full_coverage_complete,shinybikeboy2left,215,0,3,5,True,False,True,0.0,0.0
full_coverage_complete,shinybikeboy2left,216,0,0,5,True,False,True,0.0,0.0
full_coverage_complete,shinybikeboy2left,217,0,0,5,True,False,True,0.0,0.0
full_coverage_complete,shinybikeboy2left,218,5,0,5,True,False,True,0.0,0.6349780220027996
full_coverage_complete,shinybikeboy2left,223,0,0,4,True,False,True,0.5557431433202955,0.5557431433202955
full_coverage_complete,shinybikeboy2left,224,0,0,2,True,False,True,0.569594125448837,0.569594125448837
full_coverage_complete,shinybikeboy2left,225,0,0,4,True,False,True,0.5415429506428459,0.5415429506428459
full_coverage_complete,shinybikeboy2left,226,0,0,1,True,False,True,0.545823558341406,0.545823558341406
full_coverage_complete,shinybikeboy2left,227,0,0,2,True,False,True,0.43117583236165774,0.43117583236165774
full_coverage_complete,shinybikeboy2left,228,0,0,4,True,False,True,0.483936469802948,0.483936469802948
full_coverage_complete,shinybikeboy2left,229,0,0,4,True,False,True,0.47774565693461496,0.47774565693461496
full_coverage_complete,shinybikeboy2left,230,0,0,1,True,False,True,0.5168821567691367,0.5168821567691367
full_coverage_complete,shinybikeboy2left,231,0,0,1,True,False,True,0.4842950417132589,0.4842950417132589
full_coverage_complete,shinybikeboy2left,233,5,0,5,True,False,True,0.4317501541400002,0.4434290691278647
full_coverage_complete,shinybikeboy2left,235,0,0,5,True,False,True,0.3628246134401011,0.3628246134401011
full_coverage_complete,shinybikeboy2left,236,0,0,5,True,False,True,0.33075785681452735,0.33075785681452735
full_coverage_complete,shinybikeboy2left,239,0,0,1,True,False,True,0.28290704004103906,0.28290704004103906
full_coverage_complete,shinybikeboy2left,240,0,0,4,True,False,True,0.2945790073580755,0.2945790073580755
full_coverage_complete,shinybikeboy2left,241,0,0,1,True,False,True,0.2925365601499645,0.2925365601499645
full_coverage_complete,shinybikeboy2left,242,4,0,4,True,False,True,0.35121705189114166,0.28626383382919596
full_coverage_complete,shinybikeboy2left,243,0,0,5,True,False,True,0.28576158339413554,0.28576158339413554
full_coverage_complete,shinybikeboy2left,244,0,0,5,True,False,True,0.3091840061608056,0.3091840061608056
full_coverage_complete,shinybikeboy2left,245,0,0,5,True,False,True,0.26565840444766947,0.26565840444766947
full_coverage_complete,shinybikeboy2left,248,2,0,2,True,False,True,0.29880988172378803,0.5891484306333586
full_coverage_complete,shinybikeboy2left,249,0,0,5,True,False,True,0.5053647912318643,0.5053647912318643
full_coverage_complete,shinybikeboy2left,250,0,0,5,True,False,True,0.4859357981585899,0.4859357981585899
full_coverage_complete,shinybikeboy2left,251,0,0,5,True,False,True,0.3746041440187107,0.3746041440187107
full_coverage_complete,shinybikeboy2left,252,0,0,5,True,False,True,0.33111863470688035,0.33111863470688035
full_coverage_complete,shinybikeboy2left,253,5,0,5,True,False,True,0.30092148951164704,0.281184782538761
full_coverage_complete,shinybikeboy2left,254,0,0,5,True,False,True,0.25497021636730205,0.25497021636730205
full_coverage_complete,shinybikeboy2left,255,0,0,4,True,False,True,0.275341329549221,0.275341329549221
full_coverage_complete,shinybikeboy2left,256,5,0,5,True,False,True,0.2721748939719772,0.28478401315224633
full_coverage_complete,shinybikeboy2left,257,5,0,5,True,False,True,0.30727499930371815,0.308675333097327
full_coverage_complete,shinybikeboy2left,268,0,0,4,True,False,True,0.3425130729582987,0.3425130729582987
full_coverage_complete,shinybikeboy2left,269,0,0,5,True,False,True,0.32830663231061935,0.32830663231061935
full_coverage_complete,shinybikeboy2left,270,5,0,5,True,False,True,0.30757598569453,0.29272844002705506
full_coverage_complete,shinybikeboy2left,271,4,0,4,True,False,True,0.2931442411485802,0.0
full_coverage_complete,shinybikeboy2left,272,0,0,5,True,False,True,0.0,0.0
full_coverage_complete,shinybikeboy2left,273,0,0,5,True,False,True,0.0,0.0
full_coverage_complete,shinybikeboy2left,275,0,0,4,True,False,True,0.0,0.0
full_coverage_complete,shinybikeboy2left,276,0,0,4,True,False,True,0.0,0.0
full_coverage_complete,shinybikeboy2left,277,5,0,5,True,False,True,0.0,0.0
full_coverage_complete,shinybikeboy2left,278,1,2,1,True,False,True,0.030169401073869367,0.40124636586142165
full_coverage_complete,shinybikeboy2left,280,0,0,1,True,False,True,0.3618621647122459,0.3618621647122459
full_coverage_complete,shinybikeboy2left,281,0,0,4,True,False,True,0.2257706613460101,0.2257706613460101
full_coverage_complete,shinybikeboy2left,282,0,0,4,True,False,True,0.21326021347786214,0.21326021347786214
full_coverage_complete,shinybikeboy2left,283,0,0,4,True,False,True,0.2512098816155449,0.2512098816155449
full_coverage_complete,shinybikeboy2left,287,0,0,1,True,False,True,0.2668272817098026,0.2668272817098026
full_coverage_complete,shinybikeboy2left,290,0,0,1,True,False,True,0.1559705253748083,0.1559705253748083
full_coverage_complete,shinybikeboy2left,296,0,0,4,True,False,True,0.1305300837260826,0.1305300837260826
full_coverage_complete,shinybikeboy2left,297,0,0,4,True,False,True,0.1251207159600691,0.1251207159600691
full_coverage_complete,shinybikeboy2left,298,0,0,4,True,False,True,0.16343968939036538,0.16343968939036538
full_coverage_complete,shinybikeboy2left,299,0,0,5,True,False,True,0.182037211950064,0.182037211950064
full_coverage_complete,shinybikeboy2left,300,0,0,1,True,False,True,0.1899487160974106,0.1899487160974106
full_coverage_complete,shinybikeboy2left,301,0,0,4,True,False,True,0.2841877739145777,0.2841877739145777
full_coverage_complete,shinybikeboy2left,302,0,0,4,True,False,True,0.26858340492496185,0.26858340492496185
full_coverage_complete,shinybikeboy2left,303,0,0,4,True,False,True,0.402834522481264,0.402834522481264
full_coverage_complete,shinybikeboy2left,304,5,0,5,True,False,True,0.4123374769732397,0.3749969325210286
full_coverage_complete,shinybikeboy2left,306,0,0,4,True,False,True,0.4048537037752532,0.4048537037752532
full_coverage_complete,shinybikeboy2left,307,0,0,5,True,False,True,0.3683920357066772,0.3683920357066772
full_coverage_complete,shinybikeboy2left,308,0,0,4,True,False,True,0.24148831432916149,0.24148831432916149
full_coverage_complete,shinybikeboy2left,309,0,0,4,True,False,True,0.2349885427595611,0.2349885427595611
full_coverage_complete,shinybikeboy2left,313,0,0,4,True,False,True,0.22635735431028964,0.22635735431028964
full_coverage_complete,shinybikeboy2left,314,0,0,4,True,False,True,0.1650083259500284,0.1650083259500284
full_coverage_complete,shinybikeboy2left,315,0,0,4,True,False,True,0.19243993709426072,0.19243993709426072
full_coverage_complete,shinybikeboy2left,317,0,0,1,True,False,True,0.22802802237185213,0.22802802237185213
full_coverage_complete,shinybikeboy2left,318,0,0,4,True,False,True,0.2887776287908516,0.2887776287908516
full_coverage_complete,shinybikeboy2left,319,0,0,5,True,False,True,0.2622383650817869,0.2622383650817869
full_coverage_complete,shinybikeboy2left,320,0,0,1,True,False,True,0.22808472444808398,0.22808472444808398
full_coverage_complete,shinybikeboy2left,321,0,0,4,True,False,True,0.11685055618267513,0.11685055618267513
full_coverage_complete,shinybikeboy2left,322,0,0,1,True,False,True,0.38205756212998726,0.38205756212998726
full_coverage_complete,shinybikeboy2left,324,5,0,5,True,False,True,0.5082522790387644,0.3924531007797168
full_coverage_complete,shinybikeboy2left,329,0,0,2,True,False,True,0.42690864402048573,0.42690864402048573
full_coverage_complete,shinybikeboy2left,330,0,0,1,True,False,True,0.35394984983687827,0.35394984983687827
full_coverage_complete,shinybikeboy2left,331,0,0,4,True,False,True,0.356247240652315,0.356247240652315
full_coverage_complete,shinybikeboy2left,332,4,0,4,True,False,True,0.3891962119109754,0.0
full_coverage_complete,shinybikeboy2left,333,0,0,5,True,False,True,0.0,0.0
full_coverage_complete,shinybikeboy2left,334,0,0,5,True,False,True,0.0,0.0
full_coverage_complete,shinybikeboy2left,335,0,0,4,True,False,True,0.0,0.0
full_coverage_complete,shinybikeboy2left,336,0,0,4,True,False,True,0.0,0.0
full_coverage_complete,shinybikeboy2left,337,0,0,5,True,False,True,0.0,0.0
full_coverage_complete,shinybikeboy2left,338,0,0,4,True,False,True,0.0,0.0
full_coverage_complete,shinybikeboy2left,339,0,0,4,True,False,True,0.0,0.0
full_coverage_complete,shinybikeboy2left,340,0,0,1,True,False,True,0.0,0.0
full_coverage_complete,shinybikeboy2left,341,0,1,1,True,False,True,0.0,0.5666390299697044
full_coverage_complete,shinybikeboy2left,342,0,0,1,True,False,True,0.541622901367509,0.541622901367509
full_coverage_complete,shinybikeboy2left,343,0,0,4,True,False,True,0.45325354840295573,0.45325354840295573
full_coverage_complete,shinybikeboy2left,345,0,0,4,True,False,True,0.3977518263612425,0.3977518263612425
full_coverage_complete,shinybikeboy2left,355,0,0,4,True,False,True,0.18995346220576936,0.18995346220576936
full_coverage_complete,shinybikeboy2left,356,0,0,4,True,False,True,0.27962435069039865,0.27962435069039865
full_coverage_complete,shinybikeboy2left,357,0,0,1,True,False,True,0.20203737500053115,0.20203737500053115
full_coverage_complete,shinybikeboy2left,358,0,0,1,True,False,True,0.3114981885172585,0.3114981885172585
full_coverage_complete,shinybikeboy2left,361,0,0,1,True,False,True,0.30336112759736444,0.30336112759736444
full_coverage_complete,shinybikeboy2left,362,0,0,1,True,False,True,0.2788613058281875,0.2788613058281875
full_coverage_complete,shinybikeboy2left,363,0,0,1,True,False,True,0.23703976294000412,0.23703976294000412
full_coverage_complete,shinybikeboy2left,365,0,0,1,True,False,True,0.18400681582759995,0.18400681582759995
full_coverage_complete,shinybikeboy2left,366,0,0,1,True,False,True,0.1680806291810771,0.1680806291810771
full_coverage_complete,shinybikeboy2left,367,0,0,1,True,False,True,0.22771416387342308,0.22771416387342308
full_coverage_complete,shinybikeboy2left,368,0,0,1,True,False,True,0.25087305838497087,0.25087305838497087
full_coverage_complete,shinybikeboy2left,369,0,0,5,True,False,True,0.27029368624381106,0.27029368624381106
full_coverage_complete,shinybikeboy2left,372,0,0,1,True,False,True,0.2683844752305755,0.2683844752305755
full_coverage_complete,shinybikeboy2left,378,2,0,2,True,False,True,0.3552885164486819,0.6775874559277089
full_coverage_complete,shinybikeboy2left,380,5,0,5,True,False,True,0.4858170962644802,0.4294889639155276
full_coverage_complete,shinybikeboy2left,391,5,0,5,True,False,True,0.4629441958356098,0.46355253621694037
full_coverage_complete,shinybikeboy2left,399,0,0,5,True,False,True,0.38864979917460174,0.38864979917460174
full_coverage_complete,shinybikeboy2left,408,0,0,4,True,False,True,0.2787912458193957,0.2787912458193957
full_coverage_complete,shinybikeboy2left,409,0,0,1,True,False,True,0.2581508027412492,0.2581508027412492
full_coverage_complete,shinybikeboy2left,410,0,0,4,True,False,True,0.25444870691487775,0.25444870691487775
full_coverage_complete,shinybikeboy2left,411,0,1,4,True,False,True,0.24173500304165538,0.24173500304165538
full_coverage_complete,shinybikeboy2left,412,0,0,5,True,False,True,0.1701010145896317,0.1701010145896317
full_coverage_complete,shinybikeboy2left,413,0,0,1,True,False,True,0.18553092614344083,0.18553092614344083
full_coverage_complete,shinybikeboy2left,414,0,0,1,True,False,True,0.2246657476849183,0.2246657476849183
full_coverage_complete,shinybikeboy2left,418,0,0,5,True,False,True,0.28143099850896997,0.28143099850896997
full_coverage_complete,shinybikeboy2left,445,0,0,4,True,False,True,0.2531739055055108,0.2531739055055108
full_coverage_complete,shinybikeboy2left,446,0,0,4,True,False,True,0.23752625965528557,0.23752625965528557
full_coverage_complete,shinybikeboy2left,447,4,0,4,True,False,True,0.3084038559191216,0.25542404129935864
full_coverage_complete,shinybikeboy2left,448,0,0,5,True,False,True,0.2574200157223618,0.2574200157223618
full_coverage_complete,shinybikeboy2left,449,0,0,5,True,False,True,0.31007205325873954,0.31007205325873954
full_coverage_complete,shinybikeboy2left,450,0,0,5,True,False,True,0.344818994758515,0.344818994758515
full_coverage_complete,shinybikeboy2left,451,0,0,1,True,False,True,0.39429251321509584,0.39429251321509584
full_coverage_complete,shinybikeboy2left,490,5,0,5,True,False,True,0.38515264493617324,0.38408926872755655
full_coverage_complete,shinybikeboy2left,491,5,0,5,True,False,True,0.407061921455301,0.40910281684170113
full_coverage_complete,shinybikeboy2left,525,0,0,1,True,False,True,0.4811114102500879,0.4811114102500879
full_coverage_complete,shinybikeboy2left,526,4,1,4,True,False,True,0.47741342651131174,0.0
full_coverage_complete,shinybikeboy2left,527,0,1,5,True,False,True,0.0,0.18076099682585337
full_coverage_complete,shinybikeboy2left,528,0,0,1,True,False,True,0.2685593362053204,0.2685593362053204
full_coverage_complete,shinybikeboy2left,530,0,0,5,True,False,True,0.3257803469709176,0.3257803469709176
full_coverage_complete,shinybikeboy2left,532,5,0,5,True,False,True,0.37860567848746884,0.3915292074440892
full_coverage_complete,shinybikeboy2left,539,5,0,5,True,False,True,0.3106371340308491,0.27181917545647305
full_coverage_complete,shinybikeboy2left,540,0,0,5,True,False,True,0.3658798673224862,0.3658798673224862
full_coverage_complete,shinybikeboy2left,573,0,0,1,True,False,True,0.361401833223673,0.361401833223673
full_coverage_complete,shinybikeboy2left,590,0,0,4,True,False,True,0.5170155965406661,0.5170155965406661
full_coverage_complete,shinybikeboy2left,612,2,0,2,True,False,True,0.5339496928845079,0.810262597425682
full_coverage_complete,shinybikeboy2left,619,0,0,2,True,False,True,0.44342807481896124,0.02019333023882815
full_coverage_complete,shinybikeboy2left,622,5,0,5,True,False,True,0.36281222937490526,0.3942455771012464
full_coverage_complete,shinybikeboy2left,661,1,1,1,True,False,True,0.5072717362056097,0.0
full_coverage_complete,shinybikeboy2left,662,0,0,4,True,False,True,0.0,0.0
full_coverage_complete,shinybikeboy2left,663,0,0,4,True,False,True,0.0,0.0
full_coverage_complete,shinybikeboy2left,664,4,2,4,True,False,True,0.0,0.27165073306186605
full_coverage_complete,shinybikeboy2left,665,0,0,5,True,False,True,0.49218306609758505,0.49218306609758505
full_coverage_complete,shinybikeboy2left,666,0,0,5,True,False,True,0.4768771165785648,0.4768771165785648
full_coverage_complete,shinybikeboy2left,667,5,2,5,True,False,True,0.4558783520187943,0.4311078559315344
full_coverage_complete,shinybikeboy2left,668,0,0,5,True,False,True,0.413459947585724,0.413459947585724
full_coverage_complete,shinybikeboy2left,669,0,0,5,True,False,True,0.4027623416852296,0.4027623416852296
full_coverage_complete,shinybikeboy2left,670,0,0,5,True,False,True,0.38843395923274393,0.38843395923274393
full_coverage_complete,shinybikeboy2left,671,0,0,5,True,False,True,0.3535075650755173,0.3535075650755173
full_coverage_complete,shinybikeboy2left,672,0,0,5,True,False,True,0.2983827462698437,0.2983827462698437
full_coverage_complete,shinybikeboy2left,673,0,0,5,True,False,True,0.49844310770071565,0.49844310770071565
full_coverage_complete,shinybikeboy2left,674,0,0,5,True,False,True,0.6037864038772864,0.6037864038772864
full_coverage_complete,shinybikeboy2left,675,0,0,5,True,False,True,0.6087881001650206,0.6087881001650206
full_coverage_complete,shinybikeboy2left,676,0,0,4,True,False,True,0.6710618853984976,0.6710618853984976
full_coverage_complete,shinybikeboy2left,677,0,0,4,True,False,True,0.46612118950169096,0.46612118950169096
full_coverage_complete,shinybikeboy2left,678,0,0,4,True,False,True,0.2625507776694999,0.2625507776694999
full_coverage_complete,shinybikeboy2left,679,0,0,4,True,False,True,0.0596258899212866,0.0596258899212866
full_coverage_complete,shinybikeboy2left,680,0,0,4,True,False,True,0.0,0.0
full_coverage_complete,shinybikeboy2left,681,0,0,4,True,False,True,0.00945074506358524,0.00945074506358524
full_coverage_complete,shinybikeboy2left,682,0,0,5,True,False,True,0.07466912604137947,0.07466912604137947
full_coverage_complete,shinybikeboy2left,683,0,0,4,True,False,True,0.0,0.0
full_coverage_complete,shinybikeboy2left,684,0,0,4,True,False,True,0.0,0.0
full_coverage_complete,shinybikeboy2left,685,0,0,4,True,False,True,0.0,0.0
full_coverage_complete,shinybikeboy2left,686,0,0,4,True,False,True,0.0,0.0
full_coverage_complete,shinybikeboy2left,688,0,0,4,True,False,True,0.0,0.0
full_coverage_complete,shinybikeboy2left,690,1,1,1,True,False,True,0.0,0.7450994647927508
full_coverage_complete,shinybikeboy2left,715,0,0,2,True,False,True,0.545805801777961,0.545805801777961
full_coverage_complete,shinybikeboy2left,716,0,0,5,True,False,True,0.5685712948764937,0.5685712948764937
full_coverage_complete,shinybikeboy2left,717,0,0,5,True,False,True,0.5249754848840604,0.5249754848840604
full_coverage_complete,shinybikeboy2left,720,0,0,2,True,False,True,0.045045183387649505,0.045045183387649505
full_coverage_complete,shinybikeboy2left,721,0,1,0,False,False,True,0.0,0.6221387901599815
full_coverage_complete,shinybikeboy2left,723,0,0,5,True,False,True,0.5807865740326412,0.5807865740326412
full_coverage_complete,shinybikeboy2left,724,0,0,1,True,False,True,0.3954863829691749,0.3954863829691749
full_coverage_complete,shinybikeboy2left,725,0,0,1,True,False,True,0.5694321572224118,0.5694321572224118
full_coverage_complete,shinybikeboy2left,726,0,0,1,True,False,True,0.45371304903365606,0.45371304903365606
full_coverage_complete,shinybikeboy2left,762,0,0,1,True,False,True,0.807835140938229,0.807835140938229
full_coverage_complete,shinybikeboy2left,775,0,0,5,True,False,True,0.777489500850863,0.777489500850863
full_coverage_complete,shinybikeboy2left,776,0,0,1,True,False,True,0.5730915939133105,0.5730915939133105
full_coverage_complete,shinybikeboy2left,777,0,0,1,True,False,True,0.3592649174505966,0.3592649174505966
full_coverage_complete,shinybikeboy2left,778,0,0,1,True,False,True,0.47425392541135547,0.47425392541135547
full_coverage_complete,shinybikeboy2left,780,0,0,1,True,False,True,0.623486959364689,0.623486959364689
full_coverage_complete,shinybikeboy2left,781,5,0,5,True,False,True,0.5560752685082365,0.5918406521657144
full_coverage_complete,shinybikeboy2left,788,0,0,2,True,False,True,0.06279008935023021,0.06279008935023021
full_coverage_complete,shinybikeboy2left,790,0,0,1,True,False,True,0.1453542409687851,0.1453542409687851
full_coverage_complete,shinybikeboy2left,791,0,0,1,True,False,True,0.18695251664976265,0.18695251664976265
full_coverage_complete,shinybikeboy2left,794,0,0,1,True,False,True,0.2055044005698463,0.2055044005698463
full_coverage_complete,shinybikeboy2left,795,0,0,1,True,False,True,0.18525507888423687,0.38954836446677954
full_coverage_complete,shinybikeboy2left,796,0,0,5,True,False,True,0.4267330848975186,0.4267330848975186
full_coverage_complete,shinybikeboy2left,797,0,0,5,True,False,True,0.5404988019326893,0.5404988019326893
full_coverage_complete,shinybikeboy2left,798,0,0,1,True,False,True,0.623598100079667,0.623598100079667
full_coverage_complete,shinybikeboy2left,801,1,1,1,True,False,True,0.4200930316849081,0.782085148889919
full_coverage_complete,shinybikeboy2left,802,0,1,1,True,False,True,0.5790443610295938,0.5790443610295938
full_coverage_complete,shinybikeboy2left,803,0,0,1,True,False,True,0.5149958174835109,0.5149958174835109
full_coverage_complete,shinybikeboy2left,804,0,0,1,True,False,True,0.41661659616256114,0.41661659616256114
full_coverage_complete,shinybikeboy2left,810,0,1,1,True,False,True,0.0,0.0
full_coverage_complete,shinybikeboy2left,811,0,0,1,True,False,True,0.0,0.0
full_coverage_complete,shinybikeboy2left,812,0,0,1,True,False,True,0.0,0.0
full_coverage_complete,shinybikeboy2left,813,0,0,0,False,False,True,0.0,0.6333804211408681
full_coverage_complete,shinybikeboy2left,815,4,0,4,True,False,True,0.5588365499205092,0.5738027750181376
full_coverage_complete,shinybikeboy2left,817,0,0,1,True,False,True,0.5196019532321184,0.5196019532321184
full_coverage_complete,shinybikeboy2left,818,0,0,1,True,False,True,0.4954592680266241,0.4954592680266241
full_coverage_complete,shinycarcoming,229,0,0,5,True,False,True,0.3200476581007008,0.3200476581007008
full_coverage_complete,shinycarcoming,230,0,0,5,True,False,True,0.5742284553114161,0.5742284553114161
full_coverage_complete,shinycarcoming,253,5,0,5,True,False,True,0.5803753120500218,0.6641214699687191
full_coverage_complete,shinycarcoming,255,5,0,5,True,False,True,0.7149653426150216,0.665349277606442
full_coverage_complete,shinycarcoming,256,5,4,5,True,False,True,0.7681787952034088,0.044638598389587184
full_coverage_complete,shinycarcoming,257,6,0,6,True,False,True,0.1189225221276877,0.01474770319362498
full_coverage_complete,shinycarcoming,258,0,0,0,False,False,True,0.08074782748086008,0.7000015934898199
full_coverage_complete,shinycarcoming,259,0,0,5,True,False,True,0.787490735251491,0.787490735251491
full_coverage_complete,shinycarcoming,262,0,0,5,True,False,True,0.7578542898018877,0.7578542898018877
full_coverage_complete,shinycarcoming,281,5,0,5,True,False,True,0.28332707308435384,0.22536514363306068
full_coverage_complete,shinycarcoming,282,0,0,5,True,False,True,0.5697870766328378,0.5697870766328378
full_coverage_complete,shinycarcoming,283,0,1,5,True,False,True,0.48568575608357056,0.48568575608357056
full_coverage_complete,shinycarcoming,284,0,0,5,True,False,True,0.498306727540894,0.498306727540894
full_coverage_complete,shinycarcoming,285,0,0,5,True,False,True,0.3509516924473948,0.3509516924473948
full_coverage_complete,shinycarcoming,286,0,0,5,True,False,True,0.21308021754284498,0.21308021754284498
full_coverage_complete,shinycarcoming,287,0,0,5,True,False,True,0.10339840330172888,0.10339840330172888
full_coverage_complete,shinycarcoming,288,0,0,5,True,False,True,0.19513742581379007,0.19513742581379007
full_coverage_complete,shinycarcoming,289,5,0,5,True,False,True,0.3400712919087093,0.01671272378326547
full_coverage_complete,shinycarcoming,290,0,0,5,True,False,True,0.03434895938826682,0.40964404338915955
full_coverage_complete,shinycarcoming,291,0,0,1,True,False,True,0.08851316404366852,0.08851316404366852
full_coverage_complete,shinycarcoming,294,0,0,5,True,False,True,0.17464571792298966,0.17464571792298966
full_coverage_complete,shinycarcoming,310,6,4,6,True,False,True,0.3594580201665117,0.0
full_coverage_complete,shinycarcoming,312,0,0,1,True,False,True,0.0,0.0
full_coverage_complete,shinycarcoming,323,5,0,5,True,False,True,0.0,0.0
full_coverage_complete,shinycarcoming,328,0,0,5,True,False,True,0.0,0.0
full_coverage_complete,shinycarcoming,329,5,1,5,True,False,True,0.0,0.5143960926602996
full_coverage_complete,shinycarcoming,331,5,0,5,True,False,True,0.5489624448194871,0.6024579357990675
full_coverage_complete,shinycarcoming,341,0,0,5,True,False,True,0.319457632941023,0.319457632941023
full_coverage_complete,shinycarcoming,342,5,1,5,True,False,True,0.2134555037536688,0.04195483677224581
full_coverage_complete,shinycarcoming,343,0,0,5,True,False,True,0.08519120775011317,0.08519120775011317
full_coverage_complete,shinycarcoming,344,0,0,0,False,False,True,0.1928747902170641,0.05283427259763183
full_coverage_complete,shinycarcoming,350,5,0,5,True,False,True,0.15954718848813718,0.07415500088068072
full_coverage_complete,shinycarcoming,351,0,0,5,True,False,True,0.1834281852786304,0.1834281852786304
full_coverage_complete,shinycarcoming,352,0,0,5,True,False,True,0.11240705476812696,0.11240705476812696
full_coverage_complete,shinycarcoming,353,6,0,6,True,False,True,0.18019533497252496,0.10015492035045986
full_coverage_complete,shinycarcoming,354,6,0,6,True,False,True,0.14125195149417574,0.061613280686587384
full_coverage_complete,shinycarcoming2,13,0,0,5,True,False,True,0.5312352784144845,0.5312352784144845
full_coverage_complete,shinycarcoming2,14,0,0,5,True,False,True,0.4367601913642103,0.4367601913642103
full_coverage_complete,shinycarcoming2,18,0,0,5,True,False,True,0.4721218935005331,0.4721218935005331
full_coverage_complete,shinycarcoming2,19,0,0,5,True,False,True,0.45464042566297935,0.45464042566297935
full_coverage_complete,shinycarcoming2,20,0,0,5,True,False,True,0.4762926843298938,0.4762926843298938
full_coverage_complete,shinycarcoming2,21,5,0,5,True,False,True,0.43747780299185235,0.4532785403952636
full_coverage_complete,shinycarcoming2,22,0,0,5,True,False,True,0.407475922896011,0.407475922896011
full_coverage_complete,shinycarcoming2,24,0,0,5,True,False,True,0.5333203354281496,0.5333203354281496
full_coverage_complete,shinycarcoming2,25,5,0,5,True,False,True,0.6226090164261343,0.540492557510029
full_coverage_complete,shinycarcoming2,26,0,0,5,True,False,True,0.55051908914852,0.55051908914852
full_coverage_complete,shinycarcoming2,27,0,0,5,True,False,True,0.5429912687294415,0.5429912687294415
full_coverage_complete,shinycarcoming2,28,5,0,5,True,False,True,0.6504443996736747,0.6588714192034986
full_coverage_complete,shinycarcoming2,29,0,0,5,True,False,True,0.6000590005585295,0.6000590005585295
full_coverage_complete,shinycarcoming2,30,0,0,5,True,False,True,0.8527482213522188,0.8527482213522188
full_coverage_complete,shinycarcoming2,31,5,0,5,True,False,True,0.7098436513938193,0.8023850909296613
full_coverage_complete,shinycarcoming2,32,0,0,5,True,False,True,0.840501899138848,0.840501899138848
full_coverage_complete,shinycarcoming2,33,0,0,5,True,False,True,0.727039088866272,0.727039088866272
full_coverage_complete,shinycarcoming2,34,0,0,5,True,False,True,0.6596204815211464,0.6596204815211464
full_coverage_complete,shinycarcoming2,35,0,0,5,True,False,True,0.6271107847511879,0.6271107847511879
full_coverage_complete,shinycarcoming2,36,5,0,5,True,False,True,0.6128967557050329,0.726284068422209
full_coverage_complete,shinycarcoming2,38,0,0,5,True,False,True,0.7347728182681267,0.7347728182681267
full_coverage_complete,shinycarcoming2,39,0,0,5,True,False,True,0.6745222076489252,0.6745222076489252
full_coverage_complete,shinycarcoming2,40,0,0,5,True,False,True,0.7248243221393637,0.7248243221393637
full_coverage_complete,shinycarcoming2,41,5,0,5,True,False,True,0.8118717467441667,0.8660282274861274
full_coverage_complete,shinycarcoming2,90,0,0,5,True,False,True,0.5828030815439591,0.5828030815439591
full_coverage_complete,shinycarcoming2,96,5,0,5,True,False,True,0.6570280494698119,0.6898460781369705
full_coverage_complete,shinycarcoming2,97,5,0,5,True,False,True,0.6291149144677954,0.6428091162075869
full_coverage_complete,shinycarcoming2,98,0,0,5,True,False,True,0.7010030960973885,0.7010030960973885
full_coverage_complete,shinycarcoming2,99,5,0,5,True,False,True,0.7540858569088075,0.7223403030996207
full_coverage_complete,shinycarcoming2,101,0,0,5,True,False,True,0.7220691913243787,0.7220691913243787
full_coverage_complete,shinycarcoming2,103,0,0,5,True,False,True,0.6422535537830961,0.6422535537830961
full_coverage_complete,shinycarcoming2,106,5,1,5,True,False,True,0.6275209915576083,0.4951739126906636
full_coverage_complete,shinycarcoming2,107,0,0,6,True,False,True,0.6130133108929854,0.6130133108929854
full_coverage_complete,shinycarcoming2,108,0,0,5,True,False,True,0.7037917753014087,0.7037917753014087
full_coverage_complete,shinycarcoming2,111,0,0,5,True,False,True,0.7342691051505075,0.7342691051505075
full_coverage_complete,shinycarcoming2,112,0,0,5,True,False,True,0.7982845274781251,0.7982845274781251
full_coverage_complete,shinycarcoming2,131,0,0,5,True,False,True,0.6317849909867591,0.6317849909867591
full_coverage_complete,shinycarcoming2,132,0,0,6,True,False,True,0.5956918305233504,0.5956918305233504
full_coverage_complete,shinycarcoming2,133,0,0,5,True,False,True,0.6958931473547526,0.6958931473547526
full_coverage_complete,shinycarcoming2,134,0,0,5,True,False,True,0.7760107134825212,0.7760107134825212
full_coverage_complete,shinycarcoming2,135,0,0,6,True,False,True,0.6338765170632691,0.6338765170632691
full_coverage_complete,shinycarcoming2,137,0,0,5,True,False,True,0.8008246029098856,0.8008246029098856
full_coverage_complete,shinycarcoming2,138,0,0,5,True,False,True,0.7959943568384561,0.7959943568384561
full_coverage_complete,shinycarcoming2,139,0,0,5,True,False,True,0.6250155263455568,0.6250155263455568
full_coverage_complete,shinycarcoming2,140,0,0,5,True,False,True,0.7449916441219344,0.7449916441219344
full_coverage_complete,shinycarcoming2,141,0,0,5,True,False,True,0.803564251354127,0.803564251354127
full_coverage_complete,shinycarcoming2,142,0,0,5,True,False,True,0.665112153580886,0.665112153580886
full_coverage_complete,shinycarcoming2,143,0,0,5,True,False,True,0.6781589649640328,0.6781589649640328
full_coverage_complete,shinycarcoming2,144,0,0,5,True,False,True,0.5039438207610804,0.5039438207610804
full_coverage_complete,shinycarcoming2,201,0,0,6,True,False,True,0.8358461643067852,0.8358461643067852
full_coverage_complete,shinycarcoming2,202,0,0,6,True,False,True,0.6805121333841155,0.6805121333841155
full_coverage_complete,shinycarcoming2,208,0,0,5,True,False,True,0.5828777684812417,0.5828777684812417
full_coverage_complete,shinycarcoming2,209,0,0,6,True,False,True,0.5609075629201834,0.5609075629201834
full_coverage_complete,shinycarcoming2,210,0,0,5,True,False,True,0.6277170501994234,0.6277170501994234
full_coverage_complete,shinycarcoming2,253,0,0,5,True,False,True,0.0,0.0
full_coverage_complete,shinycarcoming2,254,0,0,5,True,False,True,0.0,0.0
full_coverage_complete,shinycarcoming2,255,0,0,5,True,False,True,0.0,0.0
full_coverage_complete,shinycarcoming2,256,0,0,5,True,False,True,0.0,0.0
full_coverage_complete,shinycarcoming2,257,5,0,5,True,False,True,0.0,0.17480351673022115
full_coverage_complete,shinycarcoming2,432,0,0,5,True,False,True,0.5614516971814575,0.5614516971814575
full_coverage_complete,shinycarcoming2,434,0,0,6,True,False,True,0.48167394363793753,0.48167394363793753
full_coverage_complete,shinycarcoming2,437,0,0,6,True,False,True,0.6010764316890032,0.6010764316890032
full_coverage_complete,shinycarcoming2,471,0,0,5,True,False,True,0.7611616503927899,0.7611616503927899
full_coverage_complete,shinycarcoming2,484,6,0,6,True,False,True,0.7424304967140652,0.8097368630112268
full_coverage_complete,shinycarcoming2,496,0,0,6,True,False,True,0.40943415513726517,0.40943415513726517
full_coverage_complete,shinycarcoming2,497,0,0,6,True,False,True,0.42967092413908325,0.42967092413908325
full_coverage_complete,shinycarcoming2,498,0,0,6,True,False,True,0.38412720899021546,0.38412720899021546
full_coverage_complete,shinycarcoming2,500,5,0,5,True,False,True,0.17650607748728278,0.0
full_coverage_complete,shinycarcoming2,501,0,0,5,True,False,True,0.7149326173276565,0.7149326173276565
full_coverage_complete,shinycarcoming2,503,0,0,6,True,False,True,0.5791082303962921,0.5791082303962921
full_coverage_complete,shinycarcoming2,507,0,0,5,True,False,True,0.6058909385365847,0.6058909385365847
full_coverage_complete,shinycarcoming2,514,0,0,6,True,False,True,0.6081928788632318,0.6081928788632318
full_coverage_complete,shinycarcoming2,515,0,0,6,True,False,True,0.5873196987949654,0.5873196987949654
full_coverage_complete,shinycarcoming2,517,5,0,5,True,False,True,0.5072546363995004,0.5354746698299466
full_coverage_complete,shinycarcoming2,520,0,0,6,True,False,True,0.5564128617638648,0.5564128617638648
full_coverage_complete,shinycarcoming2,530,0,0,5,True,False,True,0.5175690690455567,0.5175690690455567
full_coverage_complete,shinycarcoming2,561,0,0,5,True,False,True,0.49768816233828694,0.49768816233828694
full_coverage_complete,shinycarcoming2,562,0,0,5,True,False,True,0.3726818403737144,0.3726818403737144
full_coverage_complete,shinycarcoming2,563,0,0,5,True,False,True,0.33844707348671954,0.33844707348671954
full_coverage_complete,shinycarcoming2,564,0,0,5,True,False,True,0.3507444020626665,0.3507444020626665
full_coverage_complete,shinycarcoming2,565,0,0,5,True,False,True,0.37299442105943303,0.37299442105943303
full_coverage_complete,shinycarcoming2,566,0,0,5,True,False,True,0.39706079030764346,0.39706079030764346
full_coverage_complete,shinycarcoming2,567,0,0,5,True,False,True,0.39026686369765784,0.39026686369765784
full_coverage_complete,shinycarcoming2,568,0,0,5,True,False,True,0.3797526690793667,0.3797526690793667
full_coverage_complete,shinycarcoming2,569,0,0,5,True,False,True,0.2659417468422804,0.2659417468422804
full_coverage_complete,shinycarcoming2,570,0,0,5,True,False,True,0.0,0.0
full_coverage_complete,shinycarcoming2,571,0,0,5,True,False,True,0.0,0.0
full_coverage_complete,shinycarcoming2,572,0,0,5,True,False,True,0.0,0.0
full_coverage_complete,shinycarcoming2,573,0,0,5,True,False,True,0.0,0.0
full_coverage_complete,shinycarcoming2,574,0,0,5,True,False,True,0.0,0.0
full_coverage_complete,shinycarcoming2,575,0,0,5,True,False,True,0.0,0.0
full_coverage_complete,shinycarcoming2,576,0,0,5,True,False,True,0.0,0.0
full_coverage_complete,shinycarcoming2,577,0,0,5,True,False,True,0.0,0.0
full_coverage_complete,shinycarcoming2,583,0,0,5,True,False,True,0.0,0.0
full_coverage_complete,shinycarcoming2,584,0,0,5,True,False,True,0.0,0.0
full_coverage_complete,shinycarcoming2,585,0,0,5,True,False,True,0.0,0.0
full_coverage_complete,shinycarcoming2,586,0,0,5,True,False,True,0.0,0.0
full_coverage_complete,shinycarcoming2,587,0,0,5,True,False,True,0.0,0.0
full_coverage_complete,shinycarcoming2,588,0,0,5,True,False,True,0.0,0.0
full_coverage_complete,shinycarcoming2,589,0,0,5,True,False,True,0.0,0.0
full_coverage_complete,shinycarcoming2,590,0,0,5,True,False,True,0.0,0.0
full_coverage_complete,shinycarcoming2,591,0,0,5,True,False,True,0.0,0.0
full_coverage_complete,shinycarcoming2,592,0,0,5,True,False,True,0.0,0.0
full_coverage_complete,shinycarcoming2,594,5,0,5,True,False,True,0.0,0.0
full_coverage_complete,shinycarcoming2,595,0,0,5,True,False,True,0.0,0.0
full_coverage_complete,small-gai,140,5,2,5,True,False,True,0.4320669103543883,0.0
full_coverage_complete,small-gai,141,0,0,5,True,False,True,0.0,0.0
full_coverage_complete,small-gai,142,0,2,5,True,False,True,0.025724522464373196,0.0
full_coverage_complete,small-gai,143,0,0,5,True,False,True,0.0002470712500085623,0.0002470712500085623
full_coverage_complete,small-gai,144,0,0,5,True,False,True,0.06959004466852363,0.06959004466852363
full_coverage_complete,small-gai,145,0,0,5,True,False,True,0.16699575064059774,0.16699575064059774
full_coverage_complete,small-gai,146,0,0,6,True,False,True,0.13428869624985637,0.13428869624985637
full_coverage_complete,small-gai,147,6,0,6,True,False,True,0.12621677899943035,0.13139941940604974
full_coverage_complete,small-gai,148,5,1,5,True,False,True,0.1436607271895959,0.14120223492954484
full_coverage_complete,small-gai,149,0,0,5,True,False,True,0.3454287048366076,0.3454287048366076
full_coverage_complete,small-gai,306,0,0,1,True,False,True,0.6680543188217613,0.6680543188217613
full_coverage_complete,small-gai,646,0,0,5,True,False,True,0.7515054621273725,0.7515054621273725
full_coverage_complete,standblkboy,86,0,0,6,True,False,True,0.4441856533552639,0.4441856533552639
full_coverage_complete,standblkboy,87,0,0,2,True,False,True,0.6879668434674042,0.6879668434674042
full_coverage_complete,standblkboy,88,0,0,1,True,False,True,0.6615354087412278,0.6615354087412278
full_coverage_complete,standblkboy,90,0,0,1,True,False,True,0.6400030601025253,0.6400030601025253
full_coverage_complete,swan_0109,287,0,0,1,True,False,True,0.9451701461296229,0.9451701461296229
full_coverage_complete,swan_0109,357,0,0,5,True,False,True,0.597551838752515,0.597551838752515
full_coverage_complete,swan_0109,360,0,0,5,True,False,True,0.6644250509528047,0.6644250509528047
full_coverage_complete,swan_0109,366,0,0,5,True,False,True,0.7905337079602989,0.7905337079602989
full_coverage_complete,swan_0109,368,0,0,1,True,False,True,0.8652001827542624,0.8652001827542624
full_coverage_complete,swan_0109,369,0,0,1,True,False,True,0.8389997006036625,0.8389997006036625
full_coverage_complete,swan_0109,370,0,0,1,True,False,True,0.7626397344593961,0.7626397344593961
full_coverage_complete,swan_0109,371,0,0,5,True,False,True,0.8047932979315062,0.8047932979315062
full_coverage_complete,swan_0109,372,0,0,5,True,False,True,0.7195618618077411,0.7195618618077411
full_coverage_complete,swan_0109,373,0,0,5,True,False,True,0.6837240704734147,0.6837240704734147
full_coverage_complete,swan_0109,441,0,0,5,True,False,True,0.8464714645382783,0.8464714645382783
full_coverage_complete,swan_0109,531,0,0,1,True,False,True,0.7124359168961448,0.7124359168961448
full_coverage_complete,swan_0109,551,0,0,1,True,False,True,0.4104957075574141,0.4104957075574141
full_coverage_complete,swan_0109,553,0,0,1,True,False,True,0.4785768124462889,0.4785768124462889
full_coverage_complete,swan_0109,555,0,0,1,True,False,True,0.502505308482494,0.502505308482494
full_coverage_complete,swan_0109,556,0,0,1,True,False,True,0.4753552368468181,0.4753552368468181
full_coverage_complete,swan_0109,558,0,0,1,True,False,True,0.587060910989142,0.587060910989142
full_coverage_complete,swan_0109,560,0,0,4,True,False,True,0.4858786896305008,0.4858786896305008
full_coverage_complete,swan_0109,561,0,0,4,True,False,True,0.5085983881373237,0.5085983881373237
full_coverage_complete,swan_0109,562,0,0,4,True,False,True,0.5678910401022123,0.5678910401022123
full_coverage_complete,swan_0109,563,0,0,4,True,False,True,0.48478482865812483,0.48478482865812483
full_coverage_complete,swan_0109,564,0,0,4,True,False,True,0.45912379620101773,0.45912379620101773
full_coverage_complete,swan_0109,565,0,0,1,True,False,True,0.524080312328095,0.524080312328095
full_coverage_complete,swan_0109,566,0,0,4,True,False,True,0.43992876462416053,0.43992876462416053
full_coverage_complete,swan_0109,567,0,0,1,True,False,True,0.4293275089806667,0.4293275089806667
full_coverage_complete,swan_0109,568,0,0,1,True,False,True,0.40758147111790954,0.40758147111790954
full_coverage_complete,swan_0109,569,0,0,1,True,False,True,0.4105251225553774,0.4105251225553774
full_coverage_complete,swan_0109,570,0,0,1,True,False,True,0.459875705170035,0.459875705170035
full_coverage_complete,swan_0109,575,0,0,4,True,False,True,0.4019517001276002,0.4019517001276002
full_coverage_complete,swan_0109,576,0,0,4,True,False,True,0.3986133348658899,0.3986133348658899
full_coverage_complete,swan_0109,578,0,0,4,True,False,True,0.405811740286803,0.405811740286803
full_coverage_complete,swan_0109,579,0,0,4,True,False,True,0.3828567546556194,0.3828567546556194
full_coverage_complete,swan_0109,580,0,0,1,True,False,True,0.4086003710998664,0.4086003710998664
full_coverage_complete,swan_0109,581,0,0,1,True,False,True,0.3835524732793223,0.3835524732793223
full_coverage_complete,swan_0109,582,0,0,4,True,False,True,0.37257973822296725,0.37257973822296725
full_coverage_complete,swan_0109,583,0,0,1,True,False,True,0.4260575943731382,0.4260575943731382
full_coverage_complete,swan_0109,584,0,0,4,True,False,True,0.4030685352108863,0.4030685352108863
full_coverage_complete,swan_0109,585,0,0,1,True,False,True,0.37912532833184054,0.37912532833184054
full_coverage_complete,swan_0109,586,0,0,1,True,False,True,0.45617656632683645,0.45617656632683645
full_coverage_complete,swan_0109,587,0,0,1,True,False,True,0.4436764182789056,0.4436764182789056
full_coverage_complete,swan_0109,588,0,0,1,True,False,True,0.4378531645626564,0.4378531645626564
full_coverage_complete,swan_0109,590,0,0,1,True,False,True,0.4460695413598481,0.4460695413598481
full_coverage_complete,swan_0109,591,0,0,1,True,False,True,0.4974539406772387,0.4974539406772387
full_coverage_complete,swan_0109,634,0,0,1,True,False,True,0.491184214700917,0.491184214700917
full_coverage_complete,truckgonorth,134,6,0,6,True,False,True,0.4860062031558601,0.6258943600584777
full_coverage_complete,truckgonorth,136,0,0,6,True,False,True,0.3631230573034579,0.3631230573034579
full_coverage_complete,truckgonorth,137,0,0,6,True,False,True,0.4256862826574325,0.4256862826574325
full_coverage_complete,truckgonorth,138,6,0,6,True,False,True,0.15367028449629178,0.6436503671040029
full_coverage_complete,truckgonorth,139,5,0,5,True,False,True,0.3500281332700204,0.6451832311425879
full_coverage_complete,truckgonorth,142,0,0,6,True,False,True,0.6135508565128098,0.6135508565128098
full_coverage_complete,truckgonorth,143,5,0,5,True,False,True,0.5485409519339403,0.7240946132255068
full_coverage_complete,truckgonorth,147,5,0,5,True,False,True,0.5669984944318186,0.7496631362109916
full_coverage_complete,turning1strowleft2ndboy,38,0,0,2,True,False,True,0.6568617390012015,0.6568617390012015
full_coverage_complete,turning1strowleft2ndboy,39,0,0,2,True,False,True,0.8737407076447261,0.8737407076447261
full_coverage_complete,turning1strowleft2ndboy,57,0,0,2,True,False,True,0.7222311409041563,0.7222311409041563
full_coverage_complete,turning1strowleft2ndboy,58,0,0,2,True,False,True,0.7432322167712022,0.7432322167712022
full_coverage_complete,turning1strowleft2ndboy,59,0,0,1,True,False,True,0.6983225397725036,0.6983225397725036
full_coverage_complete,turning1strowleft2ndboy,60,0,0,2,True,False,True,0.643433652777124,0.643433652777124
full_coverage_complete,turning1strowleft2ndboy,61,0,0,2,True,False,True,0.7666832866982874,0.7666832866982874
full_coverage_complete,turning1strowleft2ndboy,62,0,1,1,True,False,True,0.7917575328179415,0.053071849695903665
full_coverage_complete,turning1strowleft2ndboy,63,0,0,4,True,False,True,0.11562068728253536,0.11562068728253536
full_coverage_complete,turning1strowleft2ndboy,64,0,0,1,True,False,True,0.09884044545604112,0.09884044545604112
full_coverage_complete,turning1strowleft2ndboy,65,0,0,4,True,False,True,0.10361208812486981,0.10361208812486981
full_coverage_complete,turning1strowleft2ndboy,66,1,0,1,True,False,True,0.3707379584951297,0.7504860156204262
full_coverage_complete,turning1strowleft2ndboy,70,0,0,2,True,False,True,0.7048958712578163,0.7048958712578163
full_coverage_complete,turning1strowleft2ndboy,71,0,0,2,True,False,True,0.6809383665729354,0.6809383665729354
full_coverage_complete,turning1strowleft2ndboy,73,0,0,2,True,False,True,0.7062744518716266,0.7062744518716266
full_coverage_complete,turning1strowleft2ndboy,74,0,0,2,True,False,True,0.7279611533781033,0.7279611533781033
full_coverage_complete,turning1strowleft2ndboy,78,0,0,2,True,False,True,0.6573639561852024,0.6573639561852024
full_coverage_complete,turning1strowleft2ndboy,79,0,0,2,True,False,True,0.5859226379898238,0.5859226379898238
full_coverage_complete,turning1strowleft2ndboy,80,4,1,4,True,False,True,0.5137154322662095,0.660810968204722
full_coverage_complete,turning1strowleft2ndboy,81,4,1,4,True,False,True,0.635834987607122,0.8130123032539671
full_coverage_complete,turning1strowleft2ndboy,82,0,0,2,True,False,True,0.5885466932764603,0.5885466932764603
full_coverage_complete,turning1strowleft2ndboy,83,4,0,4,True,False,True,0.4845833295106847,0.7910443910323266
full_coverage_complete,turning1strowleft2ndboy,84,0,0,2,True,False,True,0.5719399318309383,0.5719399318309383
full_coverage_complete,turning1strowleft2ndboy,85,0,0,4,True,False,True,0.43806855794797556,0.43806855794797556
full_coverage_complete,turning1strowleft2ndboy,86,0,0,4,True,False,True,0.48908083195095103,0.48908083195095103
full_coverage_complete,turning1strowleft2ndboy,87,0,0,2,True,False,True,0.4941110581254834,0.4941110581254834
full_coverage_complete,turning1strowleft2ndboy,88,0,0,2,True,False,True,0.6177753714966381,0.6177753714966381
full_coverage_complete,turning1strowleft2ndboy,89,0,0,2,True,False,True,0.8116797418697417,0.8116797418697417
full_coverage_complete,turning1strowleft2ndboy,90,0,0,2,True,False,True,0.7606503841008082,0.7606503841008082
full_coverage_complete,turning1strowleft2ndboy,94,0,0,2,True,False,True,0.6878045150616947,0.6878045150616947
full_coverage_complete,turning1strowleft2ndboy,95,0,0,2,True,False,True,0.6848661509026027,0.6848661509026027
full_coverage_complete,turning1strowleft2ndboy,97,0,0,2,True,False,True,0.8298810934442523,0.8298810934442523
full_coverage_complete,turning1strowleft2ndboy,98,0,0,2,True,False,True,0.739554627514443,0.739554627514443
full_coverage_complete,turning1strowleft2ndboy,99,0,0,2,True,False,True,0.7852258256430519,0.7852258256430519
full_coverage_complete,turning1strowleft2ndboy,100,0,0,4,True,False,True,0.8093806955245136,0.8093806955245136
full_coverage_complete,turning1strowleft2ndboy,101,0,0,2,True,False,True,0.798155190649761,0.798155190649761
full_coverage_complete,turning1strowleft2ndboy,102,0,0,2,True,False,True,0.7870032858466878,0.7870032858466878
full_coverage_complete,turning1strowleft2ndboy,104,0,0,2,True,False,True,0.7555243510156149,0.7555243510156149
full_coverage_complete,turning1strowleft2ndboy,105,0,0,2,True,False,True,0.7375495821257075,0.7375495821257075
full_coverage_complete,turning1strowleft2ndboy,109,0,0,2,True,False,True,0.6203562397657235,0.6203562397657235
full_coverage_complete,turning1strowleft2ndboy,110,0,0,4,True,False,True,0.6565230351996826,0.6565230351996826
full_coverage_complete,turning1strowleft2ndboy,111,0,0,2,True,False,True,0.0,0.0
full_coverage_complete,turning1strowleft2ndboy,112,4,0,4,True,False,True,0.0,0.0
full_coverage_complete,turning1strowleft2ndboy,113,4,0,4,True,False,True,0.0,0.0
full_coverage_complete,turning1strowleft2ndboy,114,0,0,5,True,False,True,0.0,0.0
full_coverage_complete,turning1strowleft2ndboy,115,0,0,4,True,False,True,0.0,0.0
full_coverage_complete,turning1strowleft2ndboy,116,1,0,1,True,False,True,0.0,0.0
full_coverage_complete,turning1strowleft2ndboy,117,2,2,2,True,False,True,0.0,0.01168132992658912
full_coverage_complete,turning1strowleft2ndboy,118,0,0,5,True,False,True,0.026703875469466756,0.026703875469466756
full_coverage_complete,turning1strowleft2ndboy,119,1,4,1,True,False,True,0.02750705688554099,0.002183925704716592
full_coverage_complete,turning1strowleft2ndboy,120,1,0,1,True,False,True,0.0,0.044366115955363265
full_coverage_complete,turning1strowleft2ndboy,121,0,0,5,True,False,True,0.037399637765464774,0.037399637765464774
full_coverage_complete,turning1strowleft2ndboy,122,0,0,4,True,False,True,0.036224232857056296,0.036224232857056296
full_coverage_complete,turning1strowleft2ndboy,123,0,2,4,True,False,True,0.022934232903144315,0.0
full_coverage_complete,turning1strowleft2ndboy,125,2,0,2,True,False,True,0.0227824246076309,0.021368573536098317
full_coverage_complete,turning1strowleft2ndboy,126,0,0,5,True,False,True,0.03906487052122805,0.03906487052122805
full_coverage_complete,turning1strowleft2ndboy,127,0,0,2,True,False,True,0.03301036967676015,0.03301036967676015
full_coverage_complete,turning1strowleft2ndboy,128,0,0,4,True,False,True,0.006347114900362946,0.006347114900362946
full_coverage_complete,turning1strowleft2ndboy,129,2,1,2,True,False,True,0.033908629182923096,0.018053305903227516
full_coverage_complete,turning1strowleft2ndboy,130,0,0,2,True,False,True,0.03890371173115326,0.03890371173115326
full_coverage_complete,turning1strowleft2ndboy,131,0,0,2,True,False,True,0.016757096954275245,0.016757096954275245
full_coverage_complete,turning1strowleft2ndboy,132,2,1,2,True,False,True,0.014647047217818534,0.009635619128713411
full_coverage_complete,turning1strowleft2ndboy,134,0,0,2,True,False,True,0.014202772212642356,0.6831196224070466
full_coverage_complete,turning1strowleft2ndboy,135,0,0,1,True,False,True,0.8251142709670403,0.8251142709670403
full_coverage_complete,turning1strowleft2ndboy,136,0,0,4,True,False,True,0.7983992976946277,0.7983992976946277
full_coverage_complete,turning1strowleft2ndboy,137,2,0,2,True,False,True,0.8015063405031522,0.009840688097917345
full_coverage_complete,turning1strowleft2ndboy,138,5,0,5,True,False,True,0.004076323296164123,0.0
full_coverage_complete,turning1strowleft2ndboy,139,4,0,4,True,False,True,0.0,0.0030777156556814297
full_coverage_complete,turning1strowleft2ndboy,140,5,0,5,True,False,True,0.0,0.0
full_coverage_complete,turning1strowleft2ndboy,141,5,0,5,True,False,True,0.0,0.0
full_coverage_complete,turning1strowleft2ndboy,142,0,0,4,True,False,True,0.0,0.0
full_coverage_complete,turning1strowleft2ndboy,143,0,0,4,True,False,True,0.0,0.0
full_coverage_complete,turning1strowleft2ndboy,144,4,0,4,True,False,True,0.0,0.0
full_coverage_complete,turning1strowleft2ndboy,145,0,0,5,True,False,True,0.0,0.0
full_coverage_complete,turning1strowleft2ndboy,146,0,0,1,True,False,True,0.0,0.0
full_coverage_complete,turning1strowleft2ndboy,147,0,1,1,True,False,True,0.0,0.8564218350933813
full_coverage_complete,turning1strowleft2ndboy,148,0,0,1,True,False,True,0.8216609009341299,0.8216609009341299
full_coverage_complete,turning1strowleft2ndboy,149,4,0,4,True,False,True,0.8424224714072484,0.0
full_coverage_complete,turning1strowleft2ndboy,150,0,0,5,True,False,True,0.0,0.0
full_coverage_complete,turning1strowleft2ndboy,151,0,0,4,True,False,True,0.0,0.0
full_coverage_complete,turning1strowleft2ndboy,152,0,0,4,True,False,True,0.0,0.0
full_coverage_complete,turning1strowleft2ndboy,153,2,0,2,True,False,True,0.7928927768465653,0.0
full_coverage_complete,turning1strowleft2ndboy,154,0,0,0,False,False,True,0.0,0.7538621596941306
full_coverage_complete,turning1strowleft2ndboy,155,0,0,5,True,False,True,0.7824606043264815,0.7824606043264815
full_coverage_complete,turning1strowleft2ndboy,156,0,0,2,True,False,True,0.7913702986360561,0.7913702986360561
full_coverage_complete,turning1strowleft2ndboy,159,0,0,2,True,False,True,0.7981364504166617,0.7981364504166617
full_coverage_complete,turning1strowleft2ndboy,164,0,0,2,True,False,True,0.7987388313247421,0.7987388313247421
full_coverage_complete,turning1strowleft2ndboy,168,0,0,4,True,False,True,0.8231574833792275,0.8231574833792275
full_coverage_complete,turning1strowleft2ndboy,169,0,0,4,True,False,True,0.7187060214083797,0.7187060214083797
full_coverage_complete,turning1strowleft2ndboy,170,0,0,4,True,False,True,0.7600088870579388,0.7600088870579388
full_coverage_complete,turning1strowleft2ndboy,171,4,1,4,True,False,True,0.8425343941756681,0.5822054354585272
full_coverage_complete,turning1strowleft2ndboy,172,0,0,2,True,False,True,0.6856509436964174,0.6856509436964174
full_coverage_complete,turning1strowleft2ndboy,173,0,0,4,True,False,True,0.6738015092741322,0.6738015092741322
full_coverage_complete,turning1strowleft2ndboy,174,0,0,2,True,False,True,0.0,0.0
full_coverage_complete,turning1strowleft2ndboy,175,5,3,5,True,False,True,0.0,0.707009301262841
full_coverage_complete,turning1strowleft2ndboy,176,0,0,2,True,False,True,0.6697782765632513,0.6697782765632513
full_coverage_complete,turning1strowleft2ndboy,177,0,0,2,True,False,True,0.8734029265511649,0.8734029265511649
full_coverage_complete,turning1strowleft2ndboy,179,0,0,2,True,False,True,0.9212155208374998,0.9212155208374998
full_coverage_complete,turning1strowleft2ndboy,180,0,0,4,True,False,True,0.7828085953467394,0.7828085953467394
full_coverage_complete,turning1strowleft2ndboy,181,0,0,2,True,False,True,0.7539000286501661,0.7539000286501661
full_coverage_complete,turning1strowleft2ndboy,182,0,0,2,True,False,True,0.821754235195972,0.821754235195972
full_coverage_complete,turning1strowleft2ndboy,183,0,0,2,True,False,True,0.8540899227936248,0.8540899227936248
full_coverage_complete,turning1strowleft2ndboy,185,0,0,4,True,False,True,0.930174085749162,0.930174085749162
full_coverage_complete,turning1strowleft2ndboy,186,0,0,2,True,False,True,0.8702666199208319,0.8702666199208319
full_coverage_complete,turning1strowleft2ndboy,187,0,0,2,True,False,True,0.8341180479081683,0.8341180479081683
full_coverage_complete,turning1strowleft2ndboy,188,0,0,4,True,False,True,0.785916382556705,0.785916382556705
full_coverage_complete,turning1strowleft2ndboy,192,0,0,2,True,False,True,0.8955287332374897,0.8955287332374897
full_coverage_complete,turning1strowleft2ndboy,193,0,0,2,True,False,True,0.8071538711579007,0.8071538711579007
full_coverage_complete,turning1strowleft2ndboy,194,0,0,2,True,False,True,0.7943903284554187,0.7943903284554187
full_coverage_complete,turning1strowleft2ndboy,195,0,0,2,True,False,True,0.7949113775893282,0.7949113775893282
full_coverage_complete,turning1strowleft2ndboy,196,4,1,4,True,False,True,0.7825677958659055,0.8189130369522724
full_coverage_complete,turning1strowleft2ndboy,197,0,0,2,True,False,True,0.0,0.0
full_coverage_complete,turning1strowleft2ndboy,198,1,2,1,True,False,True,0.0,0.005365591684202363
full_coverage_complete,turning1strowleft2ndboy,199,0,0,5,True,False,True,0.0,0.0
full_coverage_complete,turning1strowleft2ndboy,200,0,0,2,True,False,True,0.0,0.0
full_coverage_complete,turning1strowleft2ndboy,201,0,0,4,True,False,True,0.0,0.0
full_coverage_complete,turning1strowleft2ndboy,202,0,0,1,True,False,True,0.0,0.0
full_coverage_complete,turning1strowleft2ndboy,203,0,0,2,True,False,True,0.7317457050989375,0.7317457050989375
full_coverage_complete,turning1strowleft2ndboy,204,0,0,4,True,False,True,0.7258594375095121,0.7258594375095121
full_coverage_complete,turning1strowleft2ndboy,209,0,0,2,True,False,True,0.7053268994635705,0.7053268994635705
full_coverage_complete,turning1strowleft2ndboy,210,0,0,2,True,False,True,0.7315361863364034,0.7315361863364034
full_coverage_complete,turning1strowleft2ndboy,211,0,0,2,True,False,True,0.7716933165110537,0.7716933165110537
full_coverage_complete,turning1strowleft2ndboy,212,0,0,2,True,False,True,0.6905796867992031,0.6905796867992031
full_coverage_complete,turning1strowleft2ndboy,213,0,0,2,True,False,True,0.6697981550969792,0.6697981550969792
full_coverage_complete,turning1strowleft2ndboy,214,0,0,2,True,False,True,0.6581693529819386,0.6581693529819386
full_coverage_complete,turning1strowleft2ndboy,215,0,0,4,True,False,True,0.6543487957975275,0.6543487957975275
full_coverage_complete,turning1strowleft2ndboy,216,0,0,4,True,False,True,0.66036332451119,0.66036332451119
full_coverage_complete,turning1strowleft2ndboy,217,0,0,4,True,False,True,0.6201031964855637,0.6201031964855637
full_coverage_complete,turning1strowleft2ndboy,218,0,0,4,True,False,True,0.6127807540997793,0.6127807540997793
full_coverage_complete,turning1strowleft2ndboy,219,0,0,2,True,False,True,0.6478697349122099,0.6478697349122099
full_coverage_complete,turning1strowleft2ndboy,220,0,0,2,True,False,True,0.7040673422301992,0.7040673422301992
full_coverage_complete,turning1strowleft2ndboy,222,0,0,2,True,False,True,0.6253432023070143,0.6253432023070143
full_coverage_complete,turning1strowleft2ndboy,224,0,0,2,True,False,True,0.5945642813216688,0.5945642813216688
full_coverage_complete,turning1strowleft2ndboy,225,0,0,1,True,False,True,0.49824274147756675,0.49824274147756675
full_coverage_complete,turning1strowleft2ndboy,226,0,0,2,True,False,True,0.7852399585939491,0.7852399585939491
full_coverage_complete,turning1strowleft2ndboy,227,0,0,2,True,False,True,0.4106694525385564,0.4106694525385564
full_coverage_complete,turning1strowleft2ndboy,228,0,0,2,True,False,True,0.25328150041494896,0.25328150041494896
full_coverage_complete,turning1strowleft2ndboy,229,0,1,2,True,False,True,0.13665824037742003,0.6166827550379405
full_coverage_complete,turning1strowleft2ndboy,230,0,0,4,True,False,True,0.643278284296867,0.643278284296867
full_coverage_complete,turning1strowleft2ndboy,231,4,1,4,True,False,True,0.6782695029545109,0.7642466210468059
full_coverage_complete,turning1strowleft2ndboy,232,0,0,4,True,False,True,0.6779595708020846,0.6779595708020846
full_coverage_complete,turning1strowleft2ndboy,233,0,0,4,True,False,True,0.8506951262913584,0.8506951262913584
full_coverage_complete,turning1strowleft2ndboy,235,0,0,2,True,False,True,0.8895698988630636,0.8895698988630636
full_coverage_complete,turning1strowleft2ndboy,237,0,0,4,True,False,True,0.8885897223909679,0.8885897223909679
full_coverage_complete,turning1strowleft2ndboy,239,0,0,4,True,False,True,0.9210158652610492,0.9210158652610492
full_coverage_complete,turning1strowleft2ndboy,240,0,0,4,True,False,True,0.8429173018554771,0.8429173018554771
full_coverage_complete,turning1strowleft2ndboy,241,0,0,2,True,False,True,0.7393972455317404,0.7393972455317404
full_coverage_complete,turning1strowleft2ndboy,243,0,0,2,True,False,True,0.7286199097374461,0.7286199097374461
full_coverage_complete,turning1strowleft2ndboy,244,0,0,2,True,False,True,0.7067407701323248,0.7067407701323248
full_coverage_complete,turning1strowleft2ndboy,245,0,0,2,True,False,True,0.5987091385681916,0.5987091385681916
full_coverage_complete,turning1strowleft2ndboy,246,0,0,2,True,False,True,0.6693690447861063,0.6693690447861063
full_coverage_complete,turning1strowleft2ndboy,247,0,0,2,True,False,True,0.6978746881734578,0.6978746881734578
full_coverage_complete,turning1strowleft2ndboy,248,0,0,2,True,False,True,0.7921483705793405,0.7921483705793405
full_coverage_complete,turning1strowleft2ndboy,249,0,0,2,True,False,True,0.5569223766745287,0.5569223766745287
full_coverage_complete,turning1strowleft2ndboy,250,0,0,4,True,False,True,0.46185209832985524,0.46185209832985524
full_coverage_complete,turning1strowleft2ndboy,251,0,0,2,True,False,True,0.6274146125263594,0.6274146125263594
full_coverage_complete,turning1strowleft2ndboy,252,0,0,4,True,False,True,0.766045556141206,0.766045556141206
full_coverage_complete,turning1strowleft2ndboy,253,0,0,4,True,False,True,0.7092851813153179,0.7092851813153179
full_coverage_complete,turning1strowleft2ndboy,254,0,0,4,True,False,True,0.7664237588581564,0.7664237588581564
full_coverage_complete,turning1strowleft2ndboy,255,0,0,2,True,False,True,0.7206344192339691,0.7206344192339691
full_coverage_complete,turning1strowleft2ndboy,256,0,0,2,True,False,True,0.5373467025459883,0.5373467025459883
full_coverage_complete,turning1strowleft2ndboy,257,0,0,2,True,False,True,0.4140364266066577,0.4140364266066577
full_coverage_complete,turning1strowleft2ndboy,258,0,0,2,True,False,True,0.4367513211246315,0.4367513211246315
full_coverage_complete,turning1strowleft2ndboy,260,0,0,2,True,False,True,0.5589884302951131,0.5589884302951131
full_coverage_complete,turning1strowleft2ndboy,261,0,0,2,True,False,True,0.5236734024727686,0.5236734024727686
full_coverage_complete,turning1strowleft2ndboy,262,0,0,2,True,False,True,0.6374765897569511,0.6374765897569511
full_coverage_complete,turning1strowleft2ndboy,263,0,0,2,True,False,True,0.4810049806203076,0.4810049806203076
full_coverage_complete,turning1strowleft2ndboy,267,0,0,2,True,False,True,0.38495458771993146,0.38495458771993146
full_coverage_complete,turning1strowleft2ndboy,268,0,0,2,True,False,True,0.3812974318606609,0.3812974318606609
full_coverage_complete,turning1strowleft2ndboy,269,0,0,4,True,False,True,0.6277862790171834,0.6277862790171834
full_coverage_complete,turning1strowleft2ndboy,270,0,0,4,True,False,True,0.3257475482617483,0.3257475482617483
full_coverage_complete,turning1strowleft2ndboy,271,0,0,4,True,False,True,0.4058571473748072,0.4058571473748072
full_coverage_complete,turning1strowleft2ndboy,272,0,0,2,True,False,True,0.3907413361221923,0.3907413361221923
full_coverage_complete,turning1strowleft2ndboy,274,0,0,2,True,False,True,0.5103935519340437,0.5103935519340437
full_coverage_complete,turning1strowleft2ndboy,275,0,0,2,True,False,True,0.7267187622166666,0.7267187622166666
full_coverage_complete,turning1strowleft2ndboy,276,0,0,2,True,False,True,0.8129584833698928,0.8129584833698928
full_coverage_complete,turning1strowleft2ndboy,277,0,0,2,True,False,True,0.7585836130266402,0.7585836130266402
full_coverage_complete,turning1strowleft2ndboy,281,0,0,4,True,False,True,0.6918586031637473,0.6918586031637473
full_coverage_complete,turning1strowleft2ndboy,282,0,0,4,True,False,True,0.8462508509096488,0.8462508509096488
full_coverage_complete,turning1strowleft2ndboy,283,0,0,4,True,False,True,0.8480195953489819,0.8480195953489819
full_coverage_complete,turning1strowleft2ndboy,284,0,0,4,True,False,True,0.9391221019081549,0.9391221019081549
full_coverage_complete,turning1strowleft2ndboy,285,0,0,4,True,False,True,0.8257719489828702,0.8257719489828702
full_coverage_complete,turning1strowleft2ndboy,286,0,0,2,True,False,True,0.818525390243982,0.818525390243982
full_coverage_complete,turning1strowleft2ndboy,287,0,0,2,True,False,True,0.8215904014535307,0.8215904014535307
full_coverage_complete,turning1strowleft2ndboy,288,0,0,4,True,False,True,0.8494615950152528,0.8494615950152528
full_coverage_complete,turning1strowleft2ndboy,289,0,0,2,True,False,True,0.8830994104168235,0.8830994104168235
full_coverage_complete,turning1strowleft2ndboy,290,0,0,4,True,False,True,0.9229019593030002,0.9229019593030002
full_coverage_complete,turning1strowleft2ndboy,291,0,0,4,True,False,True,0.8541050651058175,0.8541050651058175
full_coverage_complete,turning1strowleft2ndboy,292,0,0,2,True,False,True,0.903259567873307,0.903259567873307
full_coverage_complete,turning1strowleft2ndboy,293,0,0,2,True,False,True,0.8708657889188205,0.8708657889188205
full_coverage_complete,turning1strowleft2ndboy,294,0,0,2,True,False,True,0.8582669445303054,0.8582669445303054
full_coverage_complete,turning1strowleft2ndboy,295,0,0,2,True,False,True,0.9263642337314832,0.9263642337314832
full_coverage_complete,turning1strowleft2ndboy,296,0,0,2,True,False,True,0.8832040653852176,0.8832040653852176
full_coverage_complete,turning1strowleft2ndboy,297,0,0,4,True,False,True,0.7625382483149129,0.7625382483149129
full_coverage_complete,turning1strowleft2ndboy,298,0,0,2,True,False,True,0.6973085703394819,0.6973085703394819
full_coverage_complete,turning1strowleft2ndboy,299,0,0,2,True,False,True,0.8766874478740027,0.8766874478740027
full_coverage_complete,turning1strowleft2ndboy,300,0,0,2,True,False,True,0.8209045661278785,0.8209045661278785
full_coverage_complete,turning1strowleft2ndboy,301,0,0,2,True,False,True,0.7610381302278687,0.7610381302278687
full_coverage_complete,turning1strowleft2ndboy,302,0,0,4,True,False,True,0.7574991302544762,0.7574991302544762
full_coverage_complete,turning1strowleft2ndboy,303,0,0,4,True,False,True,0.8238901970267821,0.8238901970267821
full_coverage_complete,turning1strowleft2ndboy,304,0,0,4,True,False,True,0.8668505090384457,0.8668505090384457
full_coverage_complete,turning1strowleft2ndboy,305,0,0,4,True,False,True,0.8554798290700849,0.8554798290700849
full_coverage_complete,turning1strowleft2ndboy,306,0,0,2,True,False,True,0.8250472160636898,0.8250472160636898
full_coverage_complete,turning1strowleft2ndboy,307,0,0,4,True,False,True,0.7423732563550053,0.7423732563550053
full_coverage_complete,turning1strowleft2ndboy,308,0,0,2,True,False,True,0.6638493876171473,0.6638493876171473
full_coverage_complete,turning1strowleft2ndboy,309,0,0,2,True,False,True,0.6095592598516214,0.6095592598516214
full_coverage_complete,turning1strowleft2ndboy,310,0,0,2,True,False,True,0.5740192004767377,0.5740192004767377
full_coverage_complete,turning1strowleft2ndboy,311,0,0,2,True,False,True,0.565253428132413,0.565253428132413
full_coverage_complete,turning1strowleft2ndboy,312,0,0,4,True,False,True,0.7166818935052339,0.7166818935052339
full_coverage_complete,turning1strowleft2ndboy,313,0,0,4,True,False,True,0.683176965971528,0.683176965971528
full_coverage_complete,turning1strowleft2ndboy,314,0,0,2,True,False,True,0.6433123429305704,0.6433123429305704
full_coverage_complete,turning1strowleft2ndboy,315,0,0,2,True,False,True,0.6843139398149648,0.6843139398149648
full_coverage_complete,turning1strowleft2ndboy,316,0,0,2,True,False,True,0.6563482132570753,0.6563482132570753
full_coverage_complete,turning1strowleft2ndboy,317,0,1,2,True,False,True,0.4459990501551885,0.14136827013694972
full_coverage_complete,turning1strowleft2ndboy,318,0,0,2,True,False,True,0.16030674608333337,0.16030674608333337
full_coverage_complete,turning1strowleft2ndboy,319,0,0,2,True,False,True,0.558457501275319,0.558457501275319
full_coverage_complete,turning1strowleft2ndboy,320,0,0,2,True,False,True,0.5357624007618113,0.5357624007618113
full_coverage_complete,turning1strowleft2ndboy,321,0,0,2,True,False,True,0.6055707372870784,0.6055707372870784
full_coverage_complete,turning1strowleft2ndboy,322,0,0,2,True,False,True,0.6271719915719682,0.6271719915719682
full_coverage_complete,turning1strowleft2ndboy,323,0,0,2,True,False,True,0.6527434488572232,0.6527434488572232
full_coverage_complete,turning1strowleft2ndboy,324,0,0,2,True,False,True,0.7040324614626186,0.7040324614626186
full_coverage_complete,turning1strowleft2ndboy,325,0,0,2,True,False,True,0.6682299277110567,0.6682299277110567
full_coverage_complete,turning1strowleft2ndboy,326,0,0,2,True,False,True,0.6138748989379585,0.6138748989379585
full_coverage_complete,turning1strowleft2ndboy,327,0,0,4,True,False,True,0.622287285390413,0.622287285390413
full_coverage_complete,turning1strowleft2ndboy,328,0,0,2,True,False,True,0.650801750868083,0.650801750868083
full_coverage_complete,turning1strowleft2ndboy,329,0,0,2,True,False,True,0.6452490811969546,0.6452490811969546
full_coverage_complete,turning1strowleft2ndboy,330,0,0,4,True,False,True,0.632888056920682,0.632888056920682
full_coverage_complete,turning1strowleft2ndboy,331,0,0,4,True,False,True,0.6257662359215745,0.6257662359215745
full_coverage_complete,turning1strowleft2ndboy,332,0,1,4,True,False,True,0.5953090143897225,0.0
full_coverage_complete,turning1strowleft2ndboy,333,5,2,5,True,False,True,0.0,0.08252105895263387
full_coverage_complete,turning1strowleft2ndboy,334,0,0,2,True,False,True,0.6891399263375244,0.6891399263375244
full_coverage_complete,turning1strowleft2ndboy,335,0,0,1,True,False,True,0.0,0.0
full_coverage_complete,turning1strowleft2ndboy,336,5,0,5,True,False,True,0.1943577992400108,0.0
full_coverage_complete,turning1strowleft2ndboy,337,0,1,4,True,False,True,0.08820153438873765,0.7175610796567902
full_coverage_complete,turning1strowleft2ndboy,338,0,0,4,True,False,True,0.7478243014526423,0.7478243014526423
full_coverage_complete,turning1strowleft2ndboy,339,0,0,2,True,False,True,0.6951284663170817,0.6951284663170817
full_coverage_complete,turning1strowleft2ndboy,340,0,0,2,True,False,True,0.6631134030943914,0.6631134030943914
full_coverage_complete,turning1strowleft2ndboy,341,0,0,2,True,False,True,0.7753955172226225,0.7753955172226225
full_coverage_complete,turning1strowleft2ndboy,342,0,0,2,True,False,True,0.6590635288568799,0.6590635288568799
full_coverage_complete,turning1strowleft2ndboy,343,0,0,2,True,False,True,0.7202242789610647,0.7202242789610647
full_coverage_complete,turning1strowleft2ndboy,344,0,0,2,True,False,True,0.6416957667354275,0.6416957667354275
full_coverage_complete,turning1strowleft2ndboy,345,0,0,2,True,False,True,0.5366021002777863,0.5366021002777863
full_coverage_complete,turning1strowleft2ndboy,346,0,0,2,True,False,True,0.4881489430150801,0.4881489430150801
full_coverage_complete,turning1strowleft2ndboy,347,0,0,5,True,False,True,0.7199865194338801,0.7199865194338801
full_coverage_complete,turning1strowleft2ndboy,348,0,0,4,True,False,True,0.5059475419500122,0.5059475419500122
full_coverage_complete,turning1strowleft2ndboy,349,0,0,2,True,False,True,0.5166485549890935,0.5166485549890935
full_coverage_complete,turning1strowleft2ndboy,350,0,0,5,True,False,True,0.37058496402633295,0.37058496402633295
full_coverage_complete,turning1strowleft2ndboy,351,0,0,5,True,False,True,0.35495372645638346,0.35495372645638346
full_coverage_complete,turning1strowleft2ndboy,352,5,1,5,True,False,True,0.7040800384359329,0.0
full_coverage_complete,turning1strowleft2ndboy,353,0,0,5,True,False,True,0.10030541152256883,0.10030541152256883
full_coverage_complete,turning1strowleft2ndboy,354,0,0,2,True,False,True,0.0,0.0
full_coverage_complete,turning1strowleft2ndboy,355,0,0,5,True,False,True,0.0,0.0
full_coverage_complete,turning1strowleft2ndboy,356,0,0,2,True,False,True,0.21055136777848293,0.21055136777848293
full_coverage_complete,turning1strowleft2ndboy,357,0,0,2,True,False,True,0.7035801981063823,0.7035801981063823
full_coverage_complete,turning1strowleft2ndboy,358,0,0,4,True,False,True,0.050635187395194535,0.050635187395194535
full_coverage_complete,turning1strowleft2ndboy,359,0,0,5,True,False,True,0.37258722876602907,0.37258722876602907
full_coverage_complete,turning1strowleft2ndboy,360,0,1,2,True,False,True,0.7686947578631297,0.45665166965688814
full_coverage_complete,turning1strowleft2ndboy,361,4,0,4,True,False,True,0.21965459528211564,0.0
full_coverage_complete,turning1strowleft2ndboy,362,0,0,5,True,False,True,0.0,0.0
full_coverage_complete,turning1strowleft2ndboy,363,0,0,2,True,False,True,0.15478198364461276,0.15478198364461276
full_coverage_complete,turning1strowleft2ndboy,364,0,0,5,True,False,True,0.35812394883364373,0.35812394883364373
full_coverage_complete,turning1strowleft2ndboy,365,0,0,2,True,False,True,0.7463874939585544,0.7463874939585544
full_coverage_complete,turning1strowleft2ndboy,366,0,0,4,True,False,True,0.005680049465463146,0.005680049465463146
full_coverage_complete,turning1strowleft2ndboy,367,5,0,5,True,False,True,0.4366788588155305,0.0
full_coverage_complete,turning1strowleft2ndboy,368,5,0,5,True,False,True,0.01873429836856375,0.0
full_coverage_complete,turning1strowleft2ndboy,369,0,0,2,True,False,True,0.692133053504972,0.692133053504972
full_coverage_complete,turning1strowleft2ndboy,370,0,0,4,True,False,True,0.6110706038663798,0.6110706038663798
full_coverage_complete,turning1strowleft2ndboy,371,0,0,4,True,False,True,0.6195122422472659,0.6195122422472659
full_coverage_complete,turning1strowleft2ndboy,372,0,0,4,True,False,True,0.6031457677084713,0.6031457677084713
full_coverage_complete,turning1strowleft2ndboy,373,0,0,5,True,False,True,0.036782262352665095,0.036782262352665095
full_coverage_complete,turning1strowleft2ndboy,374,0,0,5,True,False,True,0.3444609596899348,0.3444609596899348
full_coverage_complete,turning1strowleft2ndboy,375,0,0,5,True,False,True,0.21101202766916832,0.21101202766916832
full_coverage_complete,turning1strowleft2ndboy,376,0,0,5,True,False,True,0.5534396179915997,0.5534396179915997
full_coverage_complete,turning1strowleft2ndboy,377,0,0,4,True,False,True,0.5288806332071382,0.5288806332071382
full_coverage_complete,turning1strowleft2ndboy,378,0,0,2,True,False,True,0.5721701576692279,0.5721701576692279
full_coverage_complete,turning1strowleft2ndboy,379,0,0,2,True,False,True,0.0,0.0
full_coverage_complete,turning1strowleft2ndboy,380,0,0,5,True,False,True,0.0,0.0
full_coverage_complete,turning1strowleft2ndboy,381,0,0,2,True,False,True,0.0,0.0
full_coverage_complete,turning1strowleft2ndboy,382,4,0,4,True,False,True,0.0,0.0
full_coverage_complete,turning1strowleft2ndboy,383,0,0,2,True,False,True,0.0,0.0
full_coverage_complete,turning1strowleft2ndboy,384,0,1,4,True,False,True,0.6377032745168904,0.6377032745168904
full_coverage_complete,turning1strowleft2ndboy,385,0,0,4,True,False,True,0.0,0.0
full_coverage_complete,turning1strowleft2ndboy,386,0,0,5,True,False,True,0.00795466795118936,0.00795466795118936
full_coverage_complete,turning1strowleft2ndboy,387,0,0,4,True,False,True,0.28978200287127315,0.28978200287127315
full_coverage_complete,turning1strowleft2ndboy,388,0,0,4,True,False,True,0.6017475556237176,0.6017475556237176
full_coverage_complete,turning1strowleft2ndboy,389,0,0,4,True,False,True,0.6699783488863357,0.6699783488863357
full_coverage_complete,turning1strowleft2ndboy,390,0,0,2,True,False,True,0.7418877871780896,0.7418877871780896
full_coverage_complete,turning1strowleft2ndboy,391,0,0,2,True,False,True,0.7389615093156685,0.7389615093156685
full_coverage_complete,turning1strowleft2ndboy,392,0,0,4,True,False,True,0.7087742884593635,0.7087742884593635
full_coverage_complete,turning1strowleft2ndboy,393,0,0,2,True,False,True,0.0,0.0
full_coverage_complete,turning1strowleft2ndboy,394,0,0,5,True,False,True,0.0,0.0
full_coverage_complete,turning1strowleft2ndboy,395,0,0,2,True,False,True,0.006875153962922096,0.006875153962922096
full_coverage_complete,turning1strowleft2ndboy,396,0,0,2,True,False,True,0.0,0.0
full_coverage_complete,turning1strowleft2ndboy,397,0,0,2,True,False,True,0.0,0.0
full_coverage_complete,turning1strowleft2ndboy,398,0,0,2,True,False,True,0.0,0.0
full_coverage_complete,turning1strowleft2ndboy,399,0,0,2,True,False,True,0.005489302254082404,0.005489302254082404
full_coverage_complete,turning1strowleft2ndboy,400,0,0,2,True,False,True,0.04777606206458923,0.04777606206458923
full_coverage_complete,turning1strowleft2ndboy,401,0,0,4,True,False,True,0.4284847502037873,0.4284847502037873
full_coverage_complete,turning1strowleft2ndboy,402,0,0,4,True,False,True,0.09763803622592845,0.09763803622592845
full_coverage_complete,turning1strowleft2ndboy,403,0,0,5,True,False,True,0.62224081950908,0.62224081950908
full_coverage_complete,turning1strowleft2ndboy,404,0,0,4,True,False,True,0.02805443916341202,0.02805443916341202
full_coverage_complete,turning1strowleft2ndboy,405,0,0,5,True,False,True,0.3130297988039905,0.3130297988039905
full_coverage_complete,turning1strowleft2ndboy,406,4,1,4,True,False,True,0.007739732122186247,0.7178452244264618
full_coverage_complete,turning1strowleft2ndboy,407,0,0,4,True,False,True,0.7312240319404567,0.7312240319404567
full_coverage_complete,turning1strowleft2ndboy,408,0,0,4,True,False,True,0.7408108675536395,0.7408108675536395
full_coverage_complete,turning1strowleft2ndboy,409,0,0,2,True,False,True,0.6351692260183824,0.6351692260183824
full_coverage_complete,turning1strowleft2ndboy,410,0,0,4,True,False,True,0.8550317833743288,0.8550317833743288
full_coverage_complete,turning1strowleft2ndboy,411,0,0,2,True,False,True,0.8331592672120902,0.8331592672120902
full_coverage_complete,turning1strowleft2ndboy,412,0,0,2,True,False,True,0.7044348100946003,0.7044348100946003
full_coverage_complete,turning1strowleft2ndboy,413,0,0,4,True,False,True,0.7885273963900715,0.7885273963900715
full_coverage_complete,turning1strowleft2ndboy,414,0,0,4,True,False,True,0.7698190604781191,0.7698190604781191
full_coverage_complete,turning1strowleft2ndboy,415,0,0,4,True,False,True,0.7882608604859029,0.7882608604859029
full_coverage_complete,turning1strowleft2ndboy,416,0,0,2,True,False,True,0.7443084965747492,0.7443084965747492
full_coverage_complete,turning1strowleft2ndboy,417,0,0,4,True,False,True,0.7190698924625645,0.7190698924625645
full_coverage_complete,turning1strowleft2ndboy,418,0,0,4,True,False,True,0.7446693221311025,0.7446693221311025
full_coverage_complete,turning1strowleft2ndboy,419,0,0,4,True,False,True,0.7232363678518123,0.7232363678518123
full_coverage_complete,turning1strowleft2ndboy,420,0,0,2,True,False,True,0.7040399806261969,0.7040399806261969
full_coverage_complete,turning1strowleft2ndboy,421,0,0,2,True,False,True,0.009635625553326482,0.009635625553326482
full_coverage_complete,turning1strowleft2ndboy,422,0,0,5,True,False,True,0.0,0.0
full_coverage_complete,turning1strowleft2ndboy,423,0,0,2,True,False,True,0.0,0.0
full_coverage_complete,turning1strowleft2ndboy,424,0,0,2,True,False,True,0.020329318923865445,0.020329318923865445
full_coverage_complete,turning1strowleft2ndboy,425,0,0,2,True,False,True,0.12730730030001897,0.12730730030001897
full_coverage_complete,turning1strowleft2ndboy,426,0,0,2,True,False,True,0.6413255979095098,0.6413255979095098
full_coverage_complete,turning1strowleft2ndboy,427,0,0,4,True,False,True,0.6966693023337671,0.6966693023337671
full_coverage_complete,turning1strowleft2ndboy,428,4,0,4,True,False,True,0.04714329600870923,0.0
full_coverage_complete,turning1strowleft2ndboy,429,0,0,5,True,False,True,0.6886729953050742,0.6886729953050742
full_coverage_complete,turning1strowleft2ndboy,430,4,0,4,True,False,True,0.685168803356498,0.7259933666813433
full_coverage_complete,turning1strowleft2ndboy,431,0,0,4,True,False,True,0.6903977785144507,0.6903977785144507
full_coverage_complete,turning1strowleft2ndboy,432,0,0,4,True,False,True,0.7006288305998022,0.7006288305998022
full_coverage_complete,turning1strowleft2ndboy,433,4,0,4,True,False,True,0.7213988824222489,0.0
full_coverage_complete,turning1strowleft2ndboy,434,0,0,5,True,False,True,0.0,0.0
full_coverage_complete,turning1strowleft2ndboy,436,0,0,2,True,False,True,0.0,0.0
full_coverage_complete,turning1strowleft2ndboy,437,0,0,2,True,False,True,0.0,0.0
full_coverage_complete,turning1strowleft2ndboy,438,0,0,4,True,False,True,0.0,0.0
full_coverage_complete,turning1strowleft2ndboy,439,0,0,2,True,False,True,0.0,0.0
full_coverage_complete,turning1strowleft2ndboy,440,0,0,2,True,False,True,0.0,0.0
full_coverage_complete,turning1strowleft2ndboy,441,0,0,2,True,False,True,0.0,0.0
full_coverage_complete,turning1strowleft2ndboy,442,0,0,4,True,False,True,0.0,0.0
full_coverage_complete,turning1strowleft2ndboy,443,0,0,4,True,False,True,0.0,0.0
full_coverage_complete,turning1strowleft2ndboy,444,0,0,4,True,False,True,0.0,0.0
full_coverage_complete,turning1strowleft2ndboy,445,0,0,4,True,False,True,0.0,0.0
full_coverage_complete,turning1strowleft2ndboy,446,0,0,2,True,False,True,0.7500736300974705,0.7500736300974705
full_coverage_complete,turning1strowleft2ndboy,447,0,0,4,True,False,True,0.6763990044608076,0.6763990044608076
full_coverage_complete,turning1strowleft2ndboy,448,0,0,4,True,False,True,0.6831366963021032,0.6831366963021032
full_coverage_complete,turning1strowleft2ndboy,449,0,0,4,True,False,True,0.6668366620689912,0.6668366620689912
full_coverage_complete,turning1strowleft2ndboy,450,0,0,4,True,False,True,0.6688761413991205,0.6688761413991205
full_coverage_complete,turning1strowleft2ndboy,451,0,0,4,True,False,True,0.654018686126094,0.654018686126094
full_coverage_complete,turning1strowleft2ndboy,452,0,0,4,True,False,True,0.6585414816168371,0.6585414816168371
full_coverage_complete,turning1strowleft2ndboy,453,0,0,4,True,False,True,0.6887096558964972,0.6887096558964972
full_coverage_complete,turning1strowleft2ndboy,454,0,0,4,True,False,True,0.6981413719293069,0.6981413719293069
full_coverage_complete,turning1strowleft2ndboy,455,0,0,2,True,False,True,0.6879381826570978,0.6879381826570978
full_coverage_complete,turning1strowleft2ndboy,456,0,0,2,True,False,True,0.664064665870005,0.664064665870005
full_coverage_complete,turning1strowleft2ndboy,457,4,1,4,True,False,True,0.6747252136195635,0.7212823515196619
full_coverage_complete,turning1strowleft2ndboy,458,0,0,4,True,False,True,0.7051737472528319,0.7051737472528319
full_coverage_complete,turning1strowleft2ndboy,459,0,0,2,True,False,True,0.6947369351540624,0.6947369351540624
full_coverage_complete,turning1strowleft2ndboy,460,0,0,4,True,False,True,0.707803918418632,0.707803918418632
full_coverage_complete,turning1strowleft2ndboy,461,0,0,4,True,False,True,0.7393646463219664,0.7393646463219664
full_coverage_complete,turning1strowleft2ndboy,462,0,0,2,True,False,True,0.7545556507188673,0.7545556507188673
full_coverage_complete,turning1strowleft2ndboy,463,0,0,4,True,False,True,0.7490513648033017,0.7490513648033017
full_coverage_complete,turning1strowleft2ndboy,464,0,0,4,True,False,True,0.7642349471043192,0.7642349471043192
full_coverage_complete,turning1strowleft2ndboy,465,0,0,4,True,False,True,0.745091052024064,0.745091052024064
full_coverage_complete,turning1strowleft2ndboy,466,0,0,2,True,False,True,0.7741474019151198,0.7741474019151198
full_coverage_complete,turning1strowleft2ndboy,467,0,0,4,True,False,True,0.0,0.0
full_coverage_complete,turning1strowleft2ndboy,468,0,0,5,True,False,True,0.0,0.0
full_coverage_complete,turning1strowleft2ndboy,471,0,0,2,True,False,True,0.0,0.0
full_coverage_complete,turning1strowleft2ndboy,472,0,0,2,True,False,True,0.0,0.0
full_coverage_complete,turning1strowleft2ndboy,473,0,0,4,True,False,True,0.0,0.0
full_coverage_complete,turning1strowleft2ndboy,474,0,0,4,True,False,True,0.0,0.0
full_coverage_complete,turning1strowleft2ndboy,475,0,0,2,True,False,True,0.0,0.0
full_coverage_complete,turning1strowleft2ndboy,476,0,0,2,True,False,True,0.0,0.0
full_coverage_complete,turning1strowleft2ndboy,477,0,0,4,True,False,True,0.0,0.0
full_coverage_complete,turning1strowleft2ndboy,478,0,0,2,True,False,True,0.0,0.0
full_coverage_complete,turning1strowleft2ndboy,479,0,0,4,True,False,True,0.0,0.0
full_coverage_complete,turning1strowleft2ndboy,480,0,0,2,True,False,True,0.7578027396222273,0.7578027396222273
full_coverage_complete,turning1strowleft2ndboy,481,0,0,4,True,False,True,0.7680670669636367,0.7680670669636367
full_coverage_complete,turning1strowleft2ndboy,482,0,0,2,True,False,True,0.7195408807688476,0.7195408807688476
full_coverage_complete,turning1strowleft2ndboy,483,0,0,4,True,False,True,0.7426743184064085,0.7426743184064085
full_coverage_complete,turning1strowleft2ndboy,484,0,0,2,True,False,True,0.736023706436959,0.736023706436959
full_coverage_complete,turning1strowleft2ndboy,485,4,0,4,True,False,True,0.7214458593783133,0.829128279562422
full_coverage_complete,turning1strowleft2ndboy,486,0,0,4,True,False,True,0.7571020513000977,0.7571020513000977
full_coverage_complete,turning1strowleft2ndboy,487,0,0,4,True,False,True,0.8155409533774358,0.8155409533774358
full_coverage_complete,turning1strowleft2ndboy,488,0,0,4,True,False,True,0.8040562937933793,0.8040562937933793
full_coverage_complete,turning1strowleft2ndboy,489,0,0,4,True,False,True,0.8396776674688449,0.8396776674688449
full_coverage_complete,turning1strowleft2ndboy,490,0,0,4,True,False,True,0.8284926743355229,0.8284926743355229
full_coverage_complete,turning1strowleft2ndboy,491,0,0,4,True,False,True,0.8150924346663284,0.8150924346663284
full_coverage_complete,turning1strowleft2ndboy,492,0,0,4,True,False,True,0.7532022788988036,0.7532022788988036
full_coverage_complete,turning1strowleft2ndboy,493,0,0,4,True,False,True,0.8824321132754586,0.8824321132754586
full_coverage_complete,turning1strowleft2ndboy,494,0,0,4,True,False,True,0.7622492333381171,0.7622492333381171
full_coverage_complete,turning1strowleft2ndboy,495,0,0,4,True,False,True,0.761987331556984,0.761987331556984
full_coverage_complete,turning1strowleft2ndboy,496,0,0,4,True,False,True,0.8413750158425283,0.8413750158425283
full_coverage_complete,turning1strowleft2ndboy,497,0,0,4,True,False,True,0.7668377022010058,0.7668377022010058
full_coverage_complete,turning1strowleft2ndboy,498,0,0,4,True,False,True,0.8169415248629969,0.8169415248629969
full_coverage_complete,turning1strowleft2ndboy,499,0,0,4,True,False,True,0.8217355338596666,0.8217355338596666
full_coverage_complete,turning1strowleft2ndboy,500,0,0,4,True,False,True,0.8150735922950658,0.8150735922950658
full_coverage_complete,turning1strowleft2ndboy,501,0,0,4,True,False,True,0.80124763926798,0.80124763926798
full_coverage_complete,turning1strowleft2ndboy,502,0,0,4,True,False,True,0.8388303451542587,0.8388303451542587
full_coverage_complete,turning1strowleft2ndboy,503,0,0,4,True,False,True,0.7966821733957153,0.7966821733957153
full_coverage_complete,turning1strowleft2ndboy,504,0,0,4,True,False,True,0.805247154408063,0.805247154408063
full_coverage_complete,turning1strowleft2ndboy,505,0,2,4,True,False,True,0.8128301333614549,0.2203287709332964
full_coverage_complete,turning1strowleft2ndboy,506,0,0,5,True,False,True,0.021349380895889315,0.021349380895889315
full_coverage_complete,turning1strowleft2ndboy,507,0,0,5,True,False,True,0.8289743741857112,0.8289743741857112
full_coverage_complete,turning1strowleft2ndboy,508,0,0,4,True,False,True,0.8263892945619317,0.8263892945619317
full_coverage_complete,turning1strowleft2ndboy,509,4,0,4,True,False,True,0.8083241557746914,0.8088572701293356
full_coverage_complete,turning1strowleft2ndboy,510,0,0,4,True,False,True,0.7677216910497533,0.7677216910497533
full_coverage_complete,turning1strowleft2ndboy,511,0,0,4,True,False,True,0.788816662665985,0.788816662665985
full_coverage_complete,turning1strowleft2ndboy,512,0,0,4,True,False,True,0.8133662646808908,0.8133662646808908
full_coverage_complete,turning1strowleft2ndboy,513,0,0,4,True,False,True,0.8089214542986896,0.8089214542986896
full_coverage_complete,turning1strowleft2ndboy,514,0,0,4,True,False,True,0.8205249630282313,0.8205249630282313
full_coverage_complete,turning1strowleft2ndboy,515,0,0,4,True,False,True,0.8181889226847653,0.8181889226847653
full_coverage_complete,turning1strowleft2ndboy,516,0,0,4,True,False,True,0.7786444163295758,0.7786444163295758
full_coverage_complete,turning1strowleft2ndboy,517,0,0,4,True,False,True,0.5140856821797339,0.5140856821797339
full_coverage_complete,turning1strowleft2ndboy,518,4,0,4,True,False,True,0.6511794024077964,0.07529673597316561
full_coverage_complete,turning1strowleft2ndboy,519,0,0,5,True,False,True,0.020138109138702755,0.020138109138702755
full_coverage_complete,turning1strowleft2ndboy,520,0,0,5,True,False,True,0.05797071181415348,0.05797071181415348
full_coverage_complete,turning1strowleft2ndboy,521,0,0,5,True,False,True,0.8540710266527773,0.8540710266527773
full_coverage_complete,turning1strowleft2ndboy,522,0,0,4,True,False,True,0.9056151904627925,0.9056151904627925
full_coverage_complete,turning1strowleft2ndboy,523,0,0,4,True,False,True,0.7545259637948333,0.7545259637948333
full_coverage_complete,turning1strowleft2ndboy,524,0,0,4,True,False,True,0.7789772922050372,0.7789772922050372
full_coverage_complete,turning1strowleft2ndboy,525,0,0,4,True,False,True,0.05383979507886488,0.05383979507886488
full_coverage_complete,turning1strowleft2ndboy,526,0,0,2,True,False,True,0.0,0.0
full_coverage_complete,turning1strowleft2ndboy,527,0,0,4,True,False,True,0.0,0.0
full_coverage_complete,turning1strowleft2ndboy,528,0,0,4,True,False,True,0.0,0.0
full_coverage_complete,turning1strowleft2ndboy,529,0,0,2,True,False,True,0.6650974588895081,0.6650974588895081
full_coverage_complete,turning1strowleft2ndboy,530,0,0,4,True,False,True,0.9243199839719087,0.9243199839719087
full_coverage_complete,turning1strowleft2ndboy,531,0,0,4,True,False,True,0.0,0.0
full_coverage_complete,turning1strowleft2ndboy,532,0,0,5,True,False,True,0.0,0.0
full_coverage_complete,turning1strowleft2ndboy,533,0,0,4,True,False,True,0.0,0.0
full_coverage_complete,turning1strowleft2ndboy,534,0,0,4,True,False,True,0.0,0.0
full_coverage_complete,turning1strowleft2ndboy,535,0,0,4,True,False,True,0.0,0.0
full_coverage_complete,turning1strowleft2ndboy,536,4,4,4,True,False,True,0.0,0.0
full_coverage_complete,turning1strowleft2ndboy,537,0,0,4,True,False,True,0.020935165176310427,0.020935165176310427
full_coverage_complete,turning1strowleft2ndboy,538,0,0,4,True,False,True,0.8949944951170281,0.8949944951170281
full_coverage_complete,turning1strowleft2ndboy,539,0,0,4,True,False,True,0.6518685705179309,0.6518685705179309
full_coverage_complete,turning1strowleft2ndboy,540,0,0,4,True,False,True,0.5612142384824104,0.5612142384824104
full_coverage_complete,turning1strowleft2ndboy,541,4,0,4,True,False,True,0.6996419375749652,0.0
full_coverage_complete,turning1strowleft2ndboy,542,0,0,5,True,False,True,0.0,0.0
full_coverage_complete,turning1strowleft2ndboy,543,0,0,4,True,False,True,0.0,0.0
full_coverage_complete,turning1strowleft2ndboy,544,0,0,4,True,False,True,0.0,0.0
full_coverage_complete,turning1strowleft2ndboy,545,4,4,4,True,False,True,0.0,0.0
full_coverage_complete,turning1strowleft2ndboy,546,0,0,4,True,False,True,0.0,0.0
full_coverage_complete,turning1strowleft2ndboy,547,0,0,1,True,False,True,0.0,0.0
full_coverage_complete,turning1strowleft2ndboy,549,0,0,4,True,False,True,0.0,0.0
full_coverage_complete,turning1strowleft2ndboy,550,0,0,4,True,False,True,0.0,0.0
full_coverage_complete,turning1strowleft2ndboy,551,0,0,4,True,False,True,0.0,0.0
full_coverage_complete,turning1strowleft2ndboy,552,0,0,2,True,False,True,0.0,0.0
full_coverage_complete,turning1strowleft2ndboy,553,0,0,2,True,False,True,0.7857392688214053,0.7857392688214053
full_coverage_complete,turning1strowleft2ndboy,554,0,0,1,True,False,True,0.528822726525519,0.528822726525519
full_coverage_complete,turning1strowleft2ndboy,555,0,0,4,True,False,True,0.513665724733181,0.513665724733181
full_coverage_complete,turning1strowleft2ndboy,556,0,0,4,True,False,True,0.6770317481466318,0.6770317481466318
full_coverage_complete,turning1strowleft2ndboy,557,0,0,4,True,False,True,0.06703021762819066,0.06703021762819066
full_coverage_complete,turning1strowleft2ndboy,558,0,0,5,True,False,True,0.05671882697664017,0.05671882697664017
full_coverage_complete,turning1strowleft2ndboy,559,0,0,1,True,False,True,0.7938288687109936,0.7938288687109936
full_coverage_complete,turning1strowleft2ndboy,560,0,0,4,True,False,True,0.8346059949456767,0.8346059949456767
full_coverage_complete,turning1strowleft2ndboy,561,0,0,4,True,False,True,0.8631760099049137,0.8631760099049137
full_coverage_complete,turning1strowleft2ndboy,562,0,0,4,True,False,True,0.7122849558912605,0.7122849558912605
full_coverage_complete,turning1strowleft2ndboy,564,0,0,4,True,False,True,0.8561034200541512,0.8561034200541512
full_coverage_complete,turning1strowleft2ndboy,565,0,0,4,True,False,True,0.735950643774194,0.735950643774194
full_coverage_complete,turning1strowleft2ndboy,567,0,0,4,True,False,True,0.7098712286941377,0.7098712286941377
full_coverage_complete,turning1strowleft2ndboy,568,0,0,4,True,False,True,0.71888883487002,0.71888883487002
full_coverage_complete,turning1strowleft2ndboy,569,0,0,4,True,False,True,0.7627838438248633,0.7627838438248633
full_coverage_complete,turning1strowleft2ndboy,570,0,0,4,True,False,True,0.6923539808995345,0.6923539808995345
full_coverage_complete,turning1strowleft2ndboy,571,0,0,2,True,False,True,0.7486888571923991,0.7486888571923991
full_coverage_complete,turning1strowleft2ndboy,572,0,0,2,True,False,True,0.6525923386358911,0.6525923386358911
full_coverage_complete,turning1strowleft2ndboy,573,0,0,4,True,False,True,0.6378151605361851,0.6378151605361851
full_coverage_complete,turning1strowleft2ndboy,574,0,0,4,True,False,True,0.6342328990222256,0.6342328990222256
full_coverage_complete,turning1strowleft2ndboy,577,0,0,2,True,False,True,0.6588203232003408,0.6588203232003408
full_coverage_complete,turning1strowleft2ndboy,578,0,0,4,True,False,True,0.621855734850009,0.621855734850009
full_coverage_complete,turning1strowleft2ndboy,579,0,0,4,True,False,True,0.724893822010364,0.724893822010364
full_coverage_complete,turning1strowleft2ndboy,580,0,0,4,True,False,True,0.7298669274614308,0.7298669274614308
full_coverage_complete,turning1strowleft2ndboy,581,0,0,4,True,False,True,0.7206327814531575,0.7206327814531575
full_coverage_complete,turning1strowleft2ndboy,582,0,0,4,True,False,True,0.7514213572443774,0.7514213572443774
full_coverage_complete,turning1strowleft2ndboy,583,0,0,4,True,False,True,0.7592229437257668,0.7592229437257668
full_coverage_complete,turning1strowleft2ndboy,584,0,0,4,True,False,True,0.7020924600054506,0.7020924600054506
full_coverage_complete,turning1strowleft2ndboy,585,0,0,2,True,False,True,0.6881552628665617,0.6881552628665617
full_coverage_complete,turning1strowleft2ndboy,586,0,0,4,True,False,True,0.8842663504536661,0.8842663504536661
full_coverage_complete,turning1strowleft2ndboy,587,0,0,4,True,False,True,0.8512813585454794,0.8512813585454794
full_coverage_complete,turning1strowleft2ndboy,588,0,0,4,True,False,True,0.8496797529072256,0.8496797529072256
full_coverage_complete,turning1strowleft2ndboy,589,0,0,4,True,False,True,0.8458107874002074,0.8458107874002074
full_coverage_complete,turning1strowleft2ndboy,590,0,0,4,True,False,True,0.8183427493327765,0.8183427493327765
full_coverage_complete,turning1strowleft2ndboy,591,0,0,4,True,False,True,0.7582176043245904,0.7582176043245904
full_coverage_complete,turning1strowleft2ndboy,592,0,0,4,True,False,True,0.7673516924434072,0.7673516924434072
full_coverage_complete,turning1strowleft2ndboy,593,0,0,4,True,False,True,0.7309615710766646,0.7309615710766646
full_coverage_complete,turning1strowleft2ndboy,594,0,0,4,True,False,True,0.7628928219621908,0.7628928219621908
full_coverage_complete,turning1strowleft2ndboy,595,0,0,2,True,False,True,0.721420757566671,0.721420757566671
full_coverage_complete,turning1strowleft2ndboy,597,0,0,2,True,False,True,0.7732982971738236,0.7732982971738236
full_coverage_complete,turning1strowleft2ndboy,598,0,0,2,True,False,True,0.7794474894079709,0.7794474894079709
full_coverage_complete,turning1strowleft2ndboy,599,0,0,2,True,False,True,0.731167286350535,0.731167286350535
full_coverage_complete,turning1strowleft2ndboy,600,0,0,2,True,False,True,0.7619633732385503,0.7619633732385503
full_coverage_complete,turning1strowleft2ndboy,601,0,0,2,True,False,True,0.755672375417433,0.755672375417433
full_coverage_complete,turning1strowleft2ndboy,602,0,0,4,True,False,True,0.7571431924695287,0.7571431924695287
full_coverage_complete,turning1strowleft2ndboy,603,0,0,4,True,False,True,0.7532945884696278,0.7532945884696278
full_coverage_complete,turning1strowleft2ndboy,604,0,0,4,True,False,True,0.8093073896503716,0.8093073896503716
full_coverage_complete,turning1strowleft2ndboy,605,0,0,4,True,False,True,0.7507374903169792,0.7507374903169792
full_coverage_complete,turning1strowleft2ndboy,606,0,0,4,True,False,True,0.796690673161875,0.796690673161875
full_coverage_complete,turning1strowleft2ndboy,607,0,0,4,True,False,True,0.7368923114265624,0.7368923114265624
full_coverage_complete,turning1strowleft2ndboy,608,0,0,4,True,False,True,0.7815074130347301,0.7815074130347301
full_coverage_complete,turning1strowleft2ndboy,609,0,0,4,True,False,True,0.7461819955561709,0.7461819955561709
full_coverage_complete,turning1strowleft2ndboy,610,0,0,4,True,False,True,0.7249603625091611,0.7249603625091611
full_coverage_complete,turning1strowleft2ndboy,611,0,0,4,True,False,True,0.7386353935582127,0.7386353935582127
full_coverage_complete,turning1strowleft2ndboy,612,0,0,4,True,False,True,0.7023957947869394,0.7023957947869394
full_coverage_complete,turning1strowleft2ndboy,613,0,0,2,True,False,True,0.6659824153609966,0.6659824153609966
full_coverage_complete,turning1strowleft2ndboy,614,0,0,4,True,False,True,0.6739139530025915,0.6739139530025915
full_coverage_complete,turning1strowleft2ndboy,615,0,0,4,True,False,True,0.6526573534294932,0.6526573534294932
full_coverage_complete,turning1strowleft2ndboy,616,0,0,4,True,False,True,0.6987152451480289,0.6987152451480289
full_coverage_complete,turning1strowleft2ndboy,617,0,0,4,True,False,True,0.7034535767093232,0.7034535767093232
full_coverage_complete,turning1strowleft2ndboy,618,0,0,4,True,False,True,0.7148468561282068,0.7148468561282068
full_coverage_complete,turning1strowleft2ndboy,619,0,0,4,True,False,True,0.7369581332499697,0.7369581332499697
full_coverage_complete,turning1strowleft2ndboy,620,0,0,4,True,False,True,0.7943695215857385,0.7943695215857385
full_coverage_complete,turning1strowleft2ndboy,621,0,0,4,True,False,True,0.7437218941481073,0.7437218941481073
full_coverage_complete,turning1strowleft2ndboy,622,0,0,4,True,False,True,0.7721488152367764,0.7721488152367764
full_coverage_complete,turning1strowleft2ndboy,623,4,0,4,True,False,True,0.7584094692704362,0.676990070702283
full_coverage_complete,turning1strowleft2ndboy,624,4,0,4,True,False,True,0.8153452667208753,0.0
full_coverage_complete,turning1strowleft2ndboy,625,0,0,5,True,False,True,0.0,0.0
full_coverage_complete,turning1strowleft2ndboy,626,0,0,4,True,False,True,0.0,0.6896118701756714
full_coverage_complete,turning1strowleft2ndboy,627,0,0,4,True,False,True,0.6694984292546464,0.6694984292546464
full_coverage_complete,turning1strowleft2ndboy,628,0,0,4,True,False,True,0.6829646172939359,0.6829646172939359
full_coverage_complete,turning1strowleft2ndboy,629,4,0,4,True,False,True,0.7513791962900471,0.0
full_coverage_complete,turning1strowleft2ndboy,630,0,0,5,True,False,True,0.0,0.0
full_coverage_complete,turning1strowleft2ndboy,631,0,0,4,True,False,True,0.0,0.0
full_coverage_complete,turning1strowleft2ndboy,632,0,0,4,True,False,True,0.0,0.0
full_coverage_complete,turning1strowleft2ndboy,633,4,0,4,True,False,True,0.0,0.0
full_coverage_complete,turning1strowleft2ndboy,634,0,0,5,True,False,True,0.0,0.0
full_coverage_complete,turning1strowleft2ndboy,635,0,0,4,True,False,True,0.0,0.0
full_coverage_complete,turning1strowleft2ndboy,636,0,0,4,True,False,True,0.0,0.0
full_coverage_complete,turning1strowleft2ndboy,637,0,0,4,True,False,True,0.0,0.0
full_coverage_complete,turning1strowleft2ndboy,638,0,1,2,True,False,True,0.0,0.7250827017015344
full_coverage_complete,turning1strowleft2ndboy,639,0,0,4,True,False,True,0.790129451757819,0.790129451757819
full_coverage_complete,turning1strowleft2ndboy,640,0,0,4,True,False,True,0.7499513689191052,0.7499513689191052
full_coverage_complete,turning1strowleft2ndboy,641,0,0,4,True,False,True,0.7464116333886657,0.7464116333886657
full_coverage_complete,turning1strowleft2ndboy,642,0,0,4,True,False,True,0.8291254491096736,0.8291254491096736
full_coverage_complete,turning1strowleft2ndboy,643,0,0,4,True,False,True,0.8503659100842293,0.8503659100842293
full_coverage_complete,turning1strowleft2ndboy,644,0,0,4,True,False,True,0.7819082354529089,0.7819082354529089
full_coverage_complete,turning1strowleft2ndboy,645,0,0,4,True,False,True,0.7904876363864801,0.7904876363864801
full_coverage_complete,turning1strowleft2ndboy,646,0,0,4,True,False,True,0.7761064539613536,0.7761064539613536
full_coverage_complete,turning1strowleft2ndboy,647,0,0,4,True,False,True,0.8619248307041415,0.8619248307041415
full_coverage_complete,turning1strowleft2ndboy,648,0,0,4,True,False,True,0.8116551850229913,0.8116551850229913
full_coverage_complete,turning1strowleft2ndboy,649,0,0,4,True,False,True,0.8439005572421651,0.8439005572421651
full_coverage_complete,turning1strowleft2ndboy,650,0,0,2,True,False,True,0.8048329776477205,0.8048329776477205
full_coverage_complete,turning1strowleft2ndboy,651,0,0,4,True,False,True,0.8430441787214245,0.8430441787214245
full_coverage_complete,turning1strowleft2ndboy,652,0,0,4,True,False,True,0.8288918316887677,0.8288918316887677
full_coverage_complete,turning1strowleft2ndboy,653,0,0,4,True,False,True,0.8414395820101209,0.8414395820101209
full_coverage_complete,turning1strowleft2ndboy,654,0,0,4,True,False,True,0.0,0.0
full_coverage_complete,turning1strowleft2ndboy,655,5,0,5,True,False,True,0.0,0.8155726008673222
full_coverage_complete,turning1strowleft2ndboy,656,0,0,4,True,False,True,0.0,0.0
full_coverage_complete,turning1strowleft2ndboy,657,0,0,5,True,False,True,0.0,0.0
full_coverage_complete,turning1strowleft2ndboy,658,0,0,4,True,False,True,0.0,0.0
full_coverage_complete,turning1strowleft2ndboy,659,5,1,5,True,False,True,0.0,0.7771811136974713
full_coverage_complete,turning1strowleft2ndboy,660,0,0,4,True,False,True,0.8485188510409901,0.0
full_coverage_complete,turning1strowleft2ndboy,661,0,0,2,True,False,True,0.7310264015666275,0.7310264015666275
full_coverage_complete,turning1strowleft2ndboy,662,0,0,4,True,False,True,0.0,0.0
full_coverage_complete,turning1strowleft2ndboy,663,0,0,5,True,False,True,0.7303654506391287,0.7303654506391287
full_coverage_complete,turning1strowleft2ndboy,664,0,0,4,True,False,True,0.0,0.0
full_coverage_complete,turning1strowleft2ndboy,665,5,1,5,True,False,True,0.0,0.6972287532104862
full_coverage_complete,turning1strowleft2ndboy,666,0,0,4,True,False,True,0.0,0.0
full_coverage_complete,turning1strowleft2ndboy,668,0,0,4,True,False,True,0.7042532392344654,0.7042532392344654
full_coverage_complete,turning1strowleft2ndboy,669,0,0,4,True,False,True,0.7072838300199624,0.7072838300199624
full_coverage_complete,turning1strowleft2ndboy,670,4,0,4,True,False,True,0.7383464013831553,0.6796333027320294
full_coverage_complete,turning1strowleft2ndboy,671,0,0,4,True,False,True,0.8368298921661073,0.8368298921661073
full_coverage_complete,turning1strowleft2ndboy,672,4,0,4,True,False,True,0.8107006094700955,0.8850555689184991
full_coverage_complete,turning1strowleft2ndboy,673,0,0,4,True,False,True,0.0,0.0
full_coverage_complete,turning1strowleft2ndboy,675,0,0,4,True,False,True,0.0,0.0
full_coverage_complete,turning1strowleft2ndboy,677,0,0,4,True,False,True,0.8345473064162416,0.8345473064162416
full_coverage_complete,turning1strowleft2ndboy,678,0,0,4,True,False,True,0.0,0.0
full_coverage_complete,turning1strowleft2ndboy,679,0,0,5,True,False,True,0.0,0.824802434627017
full_coverage_complete,turning1strowleft2ndboy,680,0,0,4,True,False,True,0.0,0.0
full_coverage_complete,turning1strowleft2ndboy,681,5,0,5,True,False,True,0.0,0.0
full_coverage_complete,turning1strowleft2ndboy,682,0,0,2,True,False,True,0.0,0.0
full_coverage_complete,turning1strowleft2ndboy,683,0,0,2,True,False,True,0.0,0.0
full_coverage_complete,turning1strowleft2ndboy,684,1,1,1,True,False,True,0.0,0.8636365252670948
full_coverage_complete,turning1strowleft2ndboy,685,0,0,4,True,False,True,0.0,0.0
full_coverage_complete,turning1strowleft2ndboy,686,5,0,5,True,False,True,0.0,0.0
full_coverage_complete,turning1strowleft2ndboy,687,0,0,4,True,False,True,0.891192426866553,0.891192426866553
full_coverage_complete,turning1strowleft2ndboy,688,4,0,4,True,False,True,0.7792675826008166,0.0
full_coverage_complete,turning1strowleft2ndboy,690,4,0,4,True,False,True,0.7825923395085062,0.0
full_coverage_complete,turning1strowleft2ndboy,691,5,1,5,True,False,True,0.03345787581903707,0.6737904449745793
full_coverage_complete,turning1strowleft2ndboy,692,0,0,4,True,False,True,0.6886500311333187,0.6886500311333187
full_coverage_complete,turning1strowleft2ndboy,693,0,0,4,True,False,True,0.011430259129930249,0.011430259129930249
full_coverage_complete,turning1strowleft2ndboy,694,0,0,5,True,False,True,0.6094170749535989,0.6094170749535989
full_coverage_complete,turning1strowleft2ndboy,695,4,0,4,True,False,True,0.5876877745075304,0.7492697728276834
full_coverage_complete,turning1strowleft2ndboy,696,0,0,2,True,False,True,0.7422109389745135,0.7422109389745135
full_coverage_complete,turning1strowleft2ndboy,697,0,0,4,True,False,True,0.8086039785667676,0.8086039785667676
full_coverage_complete,turning1strowleft2ndboy,698,4,2,4,True,False,True,0.7008274499271941,0.7743158816447868
full_coverage_complete,turning1strowleft2ndboy,699,5,0,5,True,False,True,0.7581334010828903,0.0
full_coverage_complete,turning1strowleft2ndboy,700,0,0,5,True,False,True,0.0,0.0
full_coverage_complete,turning1strowleft2ndboy,701,0,0,2,True,False,True,0.0,0.0
full_coverage_complete,turning1strowleft2ndboy,702,0,0,4,True,False,True,0.6846220996772774,0.6846220996772774
full_coverage_complete,turning1strowleft2ndboy,703,4,0,4,True,False,True,0.6504318927730782,0.5662873228332441
full_coverage_complete,turning1strowleft2ndboy,704,0,0,4,True,False,True,0.07045953159850171,0.07045953159850171
full_coverage_complete,turning1strowleft2ndboy,705,0,0,5,True,False,True,0.0036595843019879937,0.0036595843019879937
full_coverage_complete,turning1strowleft2ndboy,706,0,0,4,True,False,True,0.022589914514817195,0.022589914514817195
full_coverage_complete,turning1strowleft2ndboy,707,0,0,5,True,False,True,0.8217560302380423,0.8217560302380423
full_coverage_complete,turning1strowleft2ndboy,708,4,0,4,True,False,True,0.7132301298728384,0.0
full_coverage_complete,turning1strowleft2ndboy,709,5,0,5,True,False,True,0.0,0.0
full_coverage_complete,turning1strowleft2ndboy,710,0,0,4,True,False,True,0.0,0.0
full_coverage_complete,turning1strowleft2ndboy,711,0,0,2,True,False,True,0.0,0.0
full_coverage_complete,turning1strowleft2ndboy,712,0,1,4,True,False,True,0.0,0.7694911773534303
full_coverage_complete,turning1strowleft2ndboy,713,0,0,4,True,False,True,0.6792846020142883,0.6792846020142883
full_coverage_complete,turning1strowleft2ndboy,714,4,0,4,True,False,True,0.8309124801680157,0.0
full_coverage_complete,turning1strowleft2ndboy,715,0,0,5,True,False,True,0.8971168354541822,0.8971168354541822
full_coverage_complete,turning1strowleft2ndboy,716,0,0,4,True,False,True,0.9209887531467242,0.9209887531467242
full_coverage_complete,turning1strowleft2ndboy,717,0,0,1,True,False,True,0.0,0.0
full_coverage_complete,turning1strowleft2ndboy,718,0,0,5,True,False,True,0.0,0.0
full_coverage_complete,turning1strowleft2ndboy,719,0,0,2,True,False,True,0.0,0.0
full_coverage_complete,turning1strowleft2ndboy,720,0,0,4,True,False,True,0.0,0.0
full_coverage_complete,turning1strowleft2ndboy,721,2,0,2,True,False,True,0.0,0.6223921000819497
full_coverage_complete,turning1strowleft2ndboy,722,0,0,4,True,False,True,0.8233249596928794,0.8233249596928794
full_coverage_complete,turning1strowleft2ndboy,723,4,0,4,True,False,True,0.8642666912813359,0.0
full_coverage_complete,turning1strowleft2ndboy,724,0,0,5,True,False,True,0.0,0.0
full_coverage_complete,turning1strowleft2ndboy,725,0,0,2,True,False,True,0.0871429820805478,0.0871429820805478
full_coverage_complete,turning1strowleft2ndboy,726,0,0,2,True,False,True,0.7226229986634815,0.7226229986634815
full_coverage_complete,turning1strowleft2ndboy,727,0,0,4,True,False,True,0.7836117084196047,0.7836117084196047
full_coverage_complete,turning1strowleft2ndboy,728,0,0,2,True,False,True,0.8828189393122051,0.8828189393122051
full_coverage_complete,turning1strowleft2ndboy,729,0,0,2,True,False,True,0.883385079168741,0.883385079168741
full_coverage_complete,turning1strowleft2ndboy,730,0,0,4,True,False,True,0.0,0.0
full_coverage_complete,turning1strowleft2ndboy,731,5,2,5,True,False,True,0.0,0.43701267965362045
full_coverage_complete,turning1strowleft2ndboy,732,0,0,2,True,False,True,0.7517481170870892,0.7517481170870892
full_coverage_complete,turning1strowleft2ndboy,733,0,0,2,True,False,True,0.0,0.0
full_coverage_complete,turning1strowleft2ndboy,734,0,0,5,True,False,True,0.0,0.0
full_coverage_complete,turning1strowleft2ndboy,735,0,0,2,True,False,True,0.0,0.0
full_coverage_complete,turning1strowleft2ndboy,736,0,0,2,True,False,True,0.0,0.0
full_coverage_complete,turning1strowleft2ndboy,737,0,0,2,True,False,True,0.0,0.0
full_coverage_complete,turning1strowleft2ndboy,738,0,0,2,True,False,True,0.0,0.0
full_coverage_complete,turning1strowleft2ndboy,739,0,0,2,True,False,True,0.0,0.0
full_coverage_complete,turning1strowleft2ndboy,740,0,0,2,True,False,True,0.0,0.0
full_coverage_complete,turning1strowleft2ndboy,741,0,0,2,True,False,True,0.0,0.0
full_coverage_complete,turning1strowleft2ndboy,742,0,0,2,True,False,True,0.0,0.0
full_coverage_complete,turning1strowleft2ndboy,743,0,0,2,True,False,True,0.0,0.0
full_coverage_complete,turning1strowleft2ndboy,744,0,0,2,True,False,True,0.0,0.0
full_coverage_complete,turning1strowleft2ndboy,745,0,0,2,True,False,True,0.0,0.0
full_coverage_complete,turning1strowleft2ndboy,746,0,0,2,True,False,True,0.0,0.0
full_coverage_complete,turning1strowleft2ndboy,747,0,0,2,True,False,True,0.0,0.0
full_coverage_complete,turning1strowleft2ndboy,748,0,0,2,True,False,True,0.0,0.0
full_coverage_complete,turning1strowleft2ndboy,749,0,0,2,True,False,True,0.0,0.0
full_coverage_complete,turning1strowleft2ndboy,750,0,0,2,True,False,True,0.8194608919226595,0.8194608919226595
full_coverage_complete,turning1strowleft2ndboy,751,0,0,1,True,False,True,0.3912302542075674,0.3912302542075674
full_coverage_complete,turning1strowleft2ndboy,752,0,0,2,True,False,True,0.0,0.0
full_coverage_complete,turning1strowleft2ndboy,753,5,0,5,True,False,True,0.0,0.0
full_coverage_complete,turning1strowleft2ndboy,754,0,0,4,True,False,True,0.0,0.0
full_coverage_complete,turning1strowleft2ndboy,755,0,0,4,True,False,True,0.0,0.0
full_coverage_complete,turning1strowleft2ndboy,756,0,0,2,True,False,True,0.0,0.0
full_coverage_complete,turning1strowleft2ndboy,757,0,0,2,True,False,True,0.0,0.0
full_coverage_complete,turning1strowleft2ndboy,758,0,0,2,True,False,True,0.0,0.0
full_coverage_complete,turning1strowleft2ndboy,759,0,0,2,True,False,True,0.0,0.6492436367857023
full_coverage_complete,turning1strowleft2ndboy,760,0,0,1,True,False,True,0.7256103845421843,0.7256103845421843
full_coverage_complete,turning1strowleft2ndboy,761,0,0,4,True,False,True,0.8028111605708349,0.8028111605708349
full_coverage_complete,turning1strowleft2ndboy,762,0,0,4,True,False,True,0.8012469348460147,0.8012469348460147
full_coverage_complete,turning1strowleft2ndboy,763,0,0,4,True,False,True,0.8403498608886081,0.8403498608886081
full_coverage_complete,turning1strowleft2ndboy,764,0,0,4,True,False,True,0.8598664532427508,0.8598664532427508
full_coverage_complete,turning1strowleft2ndboy,765,0,0,4,True,False,True,0.8457164693537447,0.8457164693537447
full_coverage_complete,turning1strowleft2ndboy,766,0,0,4,True,False,True,0.8560446003482609,0.8560446003482609
full_coverage_complete,turning1strowleft2ndboy,767,4,0,4,True,False,True,0.8339550245452134,0.0
full_coverage_complete,turning1strowleft2ndboy,768,0,1,5,True,False,True,0.0,0.8645186512937595
full_coverage_complete,turning1strowleft2ndboy,769,0,0,4,True,False,True,0.8268918371435708,0.8268918371435708
full_coverage_complete,turning1strowleft2ndboy,771,0,0,4,True,False,True,0.718317087220438,0.718317087220438
full_coverage_complete,turning1strowleft2ndboy,774,0,0,4,True,False,True,0.8745897272310538,0.8745897272310538
full_coverage_complete,turning1strowleft2ndboy,775,0,0,2,True,False,True,0.8931806973939088,0.8931806973939088
full_coverage_complete,turning1strowleft2ndboy,776,0,0,1,True,False,True,0.8614531030237255,0.8614531030237255
full_coverage_complete,turning1strowleft2ndboy,777,0,0,4,True,False,True,0.8885236264049955,0.8885236264049955
full_coverage_complete,turning1strowleft2ndboy,778,0,0,4,True,False,True,0.7916369609482844,0.7916369609482844
full_coverage_complete,turning1strowleft2ndboy,779,0,0,4,True,False,True,0.909002360628195,0.909002360628195
full_coverage_complete,turning1strowleft2ndboy,780,0,0,4,True,False,True,0.8038142410204007,0.8038142410204007
full_coverage_complete,turning1strowleft2ndboy,781,0,0,4,True,False,True,0.9359951563533054,0.9359951563533054
full_coverage_complete,turning1strowleft2ndboy,782,0,0,4,True,False,True,0.8565464907012744,0.8565464907012744
full_coverage_complete,turning1strowleft2ndboy,783,0,0,4,True,False,True,0.8248817172952819,0.8248817172952819
full_coverage_complete,turning1strowleft2ndboy,784,4,0,4,True,False,True,0.7940517711747206,0.0
full_coverage_complete,turning1strowleft2ndboy,785,0,0,5,True,False,True,0.8629687853324742,0.8629687853324742
full_coverage_complete,turning1strowleft2ndboy,787,0,0,2,True,False,True,0.8222811891170324,0.8222811891170324
full_coverage_complete,turning1strowleft2ndboy,788,0,0,4,True,False,True,0.8321554530113289,0.8321554530113289
full_coverage_complete,turning1strowleft2ndboy,789,0,0,2,True,False,True,0.9164986093622431,0.9164986093622431
full_coverage_complete,turning1strowleft2ndboy,790,4,0,4,True,False,True,0.9468556634815891,0.0
full_coverage_complete,turning1strowleft2ndboy,791,0,0,5,True,False,True,0.0,0.0
full_coverage_complete,turning1strowleft2ndboy,792,4,0,4,True,False,True,0.0,0.0
full_coverage_complete,turning1strowleft2ndboy,793,5,0,5,True,False,True,0.0,0.0
full_coverage_complete,turning1strowleft2ndboy,794,0,0,2,True,False,True,0.0,0.0
full_coverage_complete,turning1strowleft2ndboy,795,0,2,4,True,False,True,0.0,0.0
full_coverage_complete,turning1strowleft2ndboy,796,1,0,1,True,False,True,0.0,0.8538538631493358
full_coverage_complete,turning1strowleft2ndboy,797,0,0,5,True,False,True,0.9545571827226621,0.9545571827226621
full_coverage_complete,turning1strowleft2ndboy,798,0,0,4,True,False,True,0.7873552844684361,0.7873552844684361
full_coverage_complete,turning1strowleft2ndboy,799,0,0,4,True,False,True,0.8364596658808252,0.8364596658808252
full_coverage_complete,turning1strowleft2ndboy,800,0,0,2,True,False,True,0.7674201046695686,0.7674201046695686
full_coverage_complete,turning1strowleft2ndboy,801,0,0,4,True,False,True,0.689337830878949,0.689337830878949
full_coverage_complete,turning1strowleft2ndboy,802,0,0,2,True,False,True,0.9271920432122275,0.9271920432122275
full_coverage_complete,turning1strowleft2ndboy,803,0,0,2,True,False,True,0.7679345515654808,0.7679345515654808
full_coverage_complete,turning1strowleft2ndboy,804,0,0,4,True,False,True,0.8100577170405711,0.8100577170405711
full_coverage_complete,turning1strowleft2ndboy,805,0,0,4,True,False,True,0.7625631880540501,0.7625631880540501
full_coverage_complete,turning1strowleft2ndboy,806,0,0,4,True,False,True,0.9329674045476121,0.9329674045476121
full_coverage_complete,turning1strowleft2ndboy,807,0,0,4,True,False,True,0.7780094429323896,0.7780094429323896
full_coverage_complete,turning1strowleft2ndboy,808,0,0,4,True,False,True,0.0,0.0
full_coverage_complete,turning1strowleft2ndboy,809,5,1,5,True,False,True,0.0,0.9013255107606484
full_coverage_complete,turning1strowleft2ndboy,810,4,1,4,True,False,True,0.8494285099694929,0.6022273436903175
full_coverage_complete,turning1strowleft2ndboy,811,0,0,4,True,False,True,0.7938390474914001,0.7938390474914001
full_coverage_complete,turning1strowleft2ndboy,812,4,1,4,True,False,True,0.9463035783048386,0.7972726688894559
full_coverage_complete,turning1strowleft2ndboy,813,0,0,4,True,False,True,0.9343939557598466,0.9343939557598466
full_coverage_complete,turning1strowleft2ndboy,814,4,2,4,True,False,True,0.8432208716979971,0.4322800354099884
full_coverage_complete,turning1strowleft2ndboy,815,0,0,2,True,False,True,0.7183190779869845,0.7183190779869845
full_coverage_complete,turning1strowleft2ndboy,816,4,0,4,True,False,True,0.9116699786078301,0.0
full_coverage_complete,turning1strowleft2ndboy,817,0,0,5,True,False,True,0.0,0.0
full_coverage_complete,turning1strowleft2ndboy,818,0,0,5,True,False,True,0.0,0.0
full_coverage_complete,turning1strowleft2ndboy,819,0,0,4,True,False,True,0.0,0.0
full_coverage_complete,turning1strowleft2ndboy,820,0,0,2,True,False,True,0.0,0.0
full_coverage_complete,turning1strowleft2ndboy,821,5,0,5,True,False,True,0.0,0.7736511042231127
full_coverage_complete,turning1strowleft2ndboy,822,0,0,4,True,False,True,0.0,0.0
full_coverage_complete,turning1strowleft2ndboy,823,0,1,5,True,False,True,0.9312354293974009,0.9312354293974009
full_coverage_complete,turning1strowleft2ndboy,824,0,0,4,True,False,True,0.9029645403795719,0.9029645403795719
full_coverage_complete,turning1strowleft2ndboy,825,0,0,2,True,False,True,0.8822547021479474,0.8822547021479474
full_coverage_complete,turning1strowleft2ndboy,826,0,0,2,True,False,True,0.8747616119027329,0.8747616119027329
full_coverage_complete,turning1strowleft2ndboy,827,0,0,2,True,False,True,0.8799210197674714,0.8799210197674714
full_coverage_complete,turning1strowleft2ndboy,828,0,0,2,True,False,True,0.881066579221963,0.881066579221963
full_coverage_complete,turning1strowleft2ndboy,829,0,0,2,True,False,True,0.8753745054864929,0.8753745054864929
full_coverage_complete,turning1strowleft2ndboy,830,0,0,2,True,False,True,0.8358115495853891,0.8358115495853891
full_coverage_complete,turning1strowleft2ndboy,831,0,0,2,True,False,True,0.8410659547915948,0.8410659547915948
full_coverage_complete,turning1strowleft2ndboy,832,0,0,2,True,False,True,0.8297901233015621,0.8297901233015621
full_coverage_complete,turning1strowleft2ndboy,833,0,0,2,True,False,True,0.8583647843083138,0.8583647843083138
full_coverage_complete,turning1strowleft2ndboy,834,0,0,4,True,False,True,0.8138868479659692,0.8138868479659692
full_coverage_complete,turning1strowleft2ndboy,835,4,0,4,True,False,True,0.7953860724995244,0.727079064362532
full_coverage_complete,turning1strowleft2ndboy,836,0,0,5,True,False,True,0.8641990838636078,0.8641990838636078
full_coverage_complete,turning1strowleft2ndboy,837,0,0,4,True,False,True,0.8581539696669863,0.8581539696669863
full_coverage_complete,turning1strowleft2ndboy,838,0,0,4,True,False,True,0.8671219284291228,0.8671219284291228
full_coverage_complete,turning1strowleft2ndboy,839,0,0,4,True,False,True,0.8719668320972238,0.8719668320972238
full_coverage_complete,turning1strowleft2ndboy,840,0,0,4,True,False,True,0.8831458950774194,0.8831458950774194
full_coverage_complete,turning1strowleft2ndboy,841,0,0,2,True,False,True,0.8833261122550808,0.8833261122550808
full_coverage_complete,turning1strowleft2ndboy,842,4,0,4,True,False,True,0.7512604139806601,0.874743323144015
full_coverage_complete,turning1strowleft2ndboy,843,4,0,4,True,False,True,0.7871542719392308,0.8442069947807732
full_coverage_complete,turning1strowleft2ndboy,844,0,0,4,True,False,True,0.8727969234364541,0.8727969234364541
full_coverage_complete,turning1strowleft2ndboy,845,4,1,4,True,False,True,0.8818965732114967,0.6098629995601571
full_coverage_complete,turning1strowleft2ndboy,846,0,0,4,True,False,True,0.9056998063234318,0.9056998063234318
full_coverage_complete,turning1strowleft2ndboy,847,4,0,4,True,False,True,0.9476713451106743,0.7306568494346678
full_coverage_complete,turning1strowleft2ndboy,848,0,0,4,True,False,True,0.8976485704350596,0.8976485704350596
full_coverage_complete,turning1strowleft2ndboy,849,0,0,4,True,False,True,0.9128028579351669,0.012172568203902364
full_coverage_complete,turning1strowleft2ndboy,850,0,0,4,True,False,True,0.8573806382454939,0.8573806382454939
full_coverage_complete,turning1strowleft2ndboy,851,0,0,5,True,False,True,0.90124156200393,0.0
full_coverage_complete,turning1strowleft2ndboy,852,0,0,4,True,False,True,0.8342411179228535,0.8342411179228535
full_coverage_complete,turning1strowleft2ndboy,853,0,0,5,True,False,True,0.9105752641581798,0.9105752641581798
full_coverage_complete,turning1strowleft2ndboy,854,4,0,4,True,False,True,0.9156420129831293,0.9115857224886629
full_coverage_complete,turning1strowleft2ndboy,855,0,0,4,True,False,True,0.8660035097481537,0.8660035097481537
full_coverage_complete,turning1strowleft2ndboy,856,0,0,4,True,False,True,0.8972615980625321,0.8972615980625321
full_coverage_complete,turning1strowleft2ndboy,857,0,0,4,True,False,True,0.9097550917861523,0.9097550917861523
full_coverage_complete,turning1strowleft2ndboy,858,4,0,4,True,False,True,0.8945207881821534,0.9178368238964583
full_coverage_complete,turning1strowleft2ndboy,859,0,1,4,True,False,True,0.8636084376124697,0.0
full_coverage_complete,turning1strowleft2ndboy,860,0,0,5,True,False,True,0.8671975523489226,0.8671975523489226
full_coverage_complete,turning1strowleft2ndboy,861,0,0,4,True,False,True,0.09452108487058028,0.09452108487058028
full_coverage_complete,turning1strowleft2ndboy,862,0,0,4,True,False,True,0.10252969404737244,0.10252969404737244
full_coverage_complete,turning1strowleft2ndboy,863,0,0,2,True,False,True,0.7644299204500188,0.7644299204500188
full_coverage_complete,turning1strowleft2ndboy,864,0,0,5,True,False,True,0.8764844812226031,0.8764844812226031
full_coverage_complete,turning1strowleft2ndboy,865,0,0,2,True,False,True,0.8499150387496021,0.8499150387496021
full_coverage_complete,turning1strowleft2ndboy,866,4,1,4,True,False,True,0.641940422897307,0.47135202918170693
full_coverage_complete,turning1strowleft2ndboy,867,0,0,4,True,False,True,0.2821763290563635,0.2821763290563635
full_coverage_complete,turning1strowleft2ndboy,868,0,0,4,True,False,True,0.8875404596520743,0.8875404596520743
full_coverage_complete,turning1strowleft2ndboy,870,0,0,2,True,False,True,0.8025062522042109,0.8025062522042109
full_coverage_complete,turning1strowleft2ndboy,871,0,0,4,True,False,True,0.8479358037066539,0.8479358037066539
full_coverage_complete,turning1strowleft2ndboy,872,4,0,4,True,False,True,0.8135331424385766,0.8132281882779888
full_coverage_complete,turning1strowleft2ndboy,873,0,0,4,True,False,True,0.824552267237742,0.824552267237742
full_coverage_complete,turning1strowleft2ndboy,874,0,0,4,True,False,True,0.17897716920167805,0.0
full_coverage_complete,turning1strowleft2ndboy,875,5,0,5,True,False,True,0.0,0.0
full_coverage_complete,turning1strowleft2ndboy,877,0,0,4,True,False,True,0.0,0.0
full_coverage_complete,turning1strowleft2ndboy,878,0,0,5,True,False,True,0.5048116249323649,0.5048116249323649
full_coverage_complete,turning1strowleft2ndboy,879,4,0,4,True,False,True,0.895078099871597,0.0
full_coverage_complete,turning1strowleft2ndboy,880,0,0,5,True,False,True,0.0,0.0
full_coverage_complete,turning1strowleft2ndboy,881,0,0,4,True,False,True,0.0,0.0
full_coverage_complete,turning1strowleft2ndboy,882,0,0,4,True,False,True,0.6788128362060677,0.6788128362060677
full_coverage_complete,turning1strowleft2ndboy,883,4,0,4,True,False,True,0.7646448798865814,0.9224083706846853
full_coverage_complete,turning1strowleft2ndboy,884,4,0,4,True,False,True,0.9138480211795018,0.9171336208735222
full_coverage_complete,turning1strowleft2ndboy,885,0,0,4,True,False,True,0.6917782767455448,0.6917782767455448
full_coverage_complete,turning1strowleft2ndboy,886,4,0,4,True,False,True,0.2043348693632835,0.860475227863527
full_coverage_complete,turning1strowleft2ndboy,887,0,0,4,True,False,True,0.8237892739426469,0.8237892739426469
full_coverage_complete,turning1strowleft2ndboy,888,4,1,4,True,False,True,0.8601759548702805,0.8939589250362454
full_coverage_complete,turning1strowleft2ndboy,889,4,0,4,True,False,True,0.8182860379250193,0.0
full_coverage_complete,turning1strowleft2ndboy,890,5,0,5,True,False,True,0.0,0.8230982062360356
full_coverage_complete,turning1strowleft2ndboy,891,4,0,4,True,False,True,0.8809800093308574,0.8582959067532229
full_coverage_complete,turning1strowleft2ndboy,892,4,1,4,True,False,True,0.8155559255207588,0.84986848555045
full_coverage_complete,turning1strowleft2ndboy,893,0,0,2,True,False,True,0.7974729662925749,0.7974729662925749
full_coverage_complete,turning1strowleft2ndboy,894,0,0,4,True,False,True,0.784481015000438,0.784481015000438
full_coverage_complete,turning1strowleft2ndboy,895,0,0,4,True,False,True,0.8350370252856172,0.8350370252856172
full_coverage_complete,turning1strowleft2ndboy,896,0,0,4,True,False,True,0.8577289910426121,0.8577289910426121
full_coverage_complete,turning1strowleft2ndboy,897,5,0,5,True,False,True,0.0,0.0
full_coverage_complete,turning1strowleft2ndboy,898,0,0,5,True,False,True,0.0,0.0
full_coverage_complete,turning1strowleft2ndboy,899,0,0,4,True,False,True,0.0,0.0
full_coverage_complete,turning1strowleft2ndboy,900,4,1,4,True,False,True,0.0,0.012034464864122055
full_coverage_complete,turning1strowleft2ndboy,901,4,0,4,True,False,True,0.0,0.0
full_coverage_complete,turning1strowleft2ndboy,902,5,0,5,True,False,True,0.0,0.0
full_coverage_complete,turning1strowleft2ndboy,903,0,0,4,True,False,True,0.0021999241487174618,0.0021999241487174618
full_coverage_complete,turning1strowleft2ndboy,904,0,0,4,True,False,True,0.0106326494763547,0.0106326494763547
full_coverage_complete,turning1strowleft2ndboy,905,4,0,4,True,False,True,0.0,0.004437700067979004
full_coverage_complete,turning1strowleft2ndboy,906,4,0,4,True,False,True,0.0,0.0
full_coverage_complete,turning1strowleft2ndboy,907,0,0,2,True,False,True,0.019150033968995207,0.019150033968995207
full_coverage_complete,turning1strowleft2ndboy,908,0,0,4,True,False,True,0.0,0.0
full_coverage_complete,turning1strowleft2ndboy,909,0,0,4,True,False,True,0.017567754449956504,0.017567754449956504
full_coverage_complete,turning1strowleft2ndboy,910,0,0,4,True,False,True,0.0,0.0
full_coverage_complete,turning1strowleft2ndboy,911,0,0,4,True,False,True,0.004594372789408338,0.004594372789408338
full_coverage_complete,turning1strowleft2ndboy,912,0,0,4,True,False,True,0.024501136749980234,0.024501136749980234
full_coverage_complete,turning1strowleft2ndboy,913,0,0,4,True,False,True,0.8430872567841778,0.8430872567841778
full_coverage_complete,turning1strowleft2ndboy,914,0,0,4,True,False,True,0.7815157275466558,0.7815157275466558
full_coverage_complete,turning1strowleft2ndboy,915,0,0,4,True,False,True,0.775012591014711,0.775012591014711
full_coverage_complete,turning1strowleft2ndboy,916,0,0,4,True,False,True,0.0,0.0
full_coverage_complete,turning1strowleft2ndboy,917,5,0,5,True,False,True,0.0,0.0
full_coverage_complete,turning1strowleft2ndboy,918,0,0,4,True,False,True,0.0,0.0
full_coverage_complete,turning1strowleft2ndboy,919,5,0,5,True,False,True,0.0,0.8244584668248621
full_coverage_complete,turning1strowleft2ndboy,920,0,0,1,True,False,True,0.0,0.0
full_coverage_complete,turning1strowleft2ndboy,921,5,1,5,True,False,True,0.0,0.7492126333560156
full_coverage_complete,turning1strowleft2ndboy,922,0,0,4,True,False,True,0.0,0.0
full_coverage_complete,turning1strowleft2ndboy,923,0,0,5,True,False,True,0.0,0.0
full_coverage_complete,turning1strowleft2ndboy,924,0,0,4,True,False,True,0.0,0.0
full_coverage_complete,turning1strowleft2ndboy,925,0,0,4,True,False,True,0.0,0.0
full_coverage_complete,turning1strowleft2ndboy,926,0,0,4,True,False,True,0.0,0.0
full_coverage_complete,turning1strowleft2ndboy,927,0,0,4,True,False,True,0.0,0.0
full_coverage_complete,turning1strowleft2ndboy,928,0,0,4,True,False,True,0.0677047222406594,0.0677047222406594
full_coverage_complete,turning1strowleft2ndboy,929,0,0,4,True,False,True,0.014712319554412864,0.014712319554412864
full_coverage_complete,turning1strowleft2ndboy,930,0,0,5,True,False,True,0.0,0.0
full_coverage_complete,turning1strowleft2ndboy,931,0,0,4,True,False,True,0.05645130149372128,0.05645130149372128
full_coverage_complete,turning1strowleft2ndboy,932,5,0,5,True,False,True,0.1784950936262513,0.09674792170034262
full_coverage_complete,turning1strowleft2ndboy,933,0,0,4,True,False,True,0.10307925527529524,0.10307925527529524
full_coverage_complete,turning1strowleft2ndboy,934,0,0,4,True,False,True,0.4209820266933638,0.4209820266933638
full_coverage_complete,turning1strowleft2ndboy,935,0,0,4,True,False,True,0.12195741316334009,0.12195741316334009
full_coverage_complete,turning1strowleft2ndboy,936,4,3,4,True,False,True,0.23312088334425185,0.05462112493419812
full_coverage_complete,turning1strowleft2ndboy,937,5,2,5,True,False,True,0.11245448225710379,0.2857024476195315
full_coverage_complete,turning1strowleft2ndboy,938,0,0,4,True,False,True,0.4863914383186102,0.4863914383186102
full_coverage_complete,turning1strowleft2ndboy,939,0,0,5,True,False,True,0.22294047622127516,0.22294047622127516
full_coverage_complete,turning1strowleft2ndboy,941,0,0,5,True,False,True,0.8163919209450109,0.8163919209450109
full_coverage_complete,turning1strowleft2ndboy,942,0,0,5,True,False,True,0.491546884006806,0.491546884006806
full_coverage_complete,turning1strowleft2ndboy,943,5,0,5,True,False,True,0.36791953272454836,0.6674581434453517
full_coverage_complete,turning1strowleft2ndboy,944,0,0,5,True,False,True,0.8619545632084391,0.8619545632084391
full_coverage_complete,turning1strowleft2ndboy,945,0,0,5,True,False,True,0.9104855014354672,0.9104855014354672
full_coverage_complete,turning1strowleft2ndboy,946,0,0,5,True,False,True,0.7011680439224826,0.7011680439224826
full_coverage_complete,turning1strowleft2ndboy,947,0,0,5,True,False,True,0.8176081522073434,0.8176081522073434
full_coverage_complete,turning1strowleft2ndboy,948,0,0,2,True,False,True,0.8644486183890764,0.8644486183890764
full_coverage_complete,turning1strowleft2ndboy,949,4,0,4,True,False,True,0.47902022441526887,0.013983532337254608
full_coverage_complete,turning1strowleft2ndboy,950,5,0,5,True,False,True,0.20770606615236714,0.09715176835606533
full_coverage_complete,turning1strowleft2ndboy,951,0,0,5,True,False,True,0.6938698079992065,0.6938698079992065
full_coverage_complete,turning1strowleft2ndboy,952,0,0,4,True,False,True,0.8123331457015212,0.8123331457015212
full_coverage_complete,turning1strowleft2ndboy,953,0,0,4,True,False,True,0.8656023471568285,0.8656023471568285
full_coverage_complete,turning1strowleft2ndboy,954,0,0,2,True,False,True,0.9377856870484281,0.9377856870484281
full_coverage_complete,turning1strowleft2ndboy,955,0,0,2,True,False,True,0.8738488493885621,0.8738488493885621
full_coverage_complete,turning1strowleft2ndboy,956,0,0,2,True,False,True,0.8436368987989342,0.8436368987989342
full_coverage_complete,turning1strowleft2ndboy,957,0,0,2,True,False,True,0.8635044564568931,0.8635044564568931
full_coverage_complete,turning1strowleft2ndboy,960,0,0,2,True,False,True,0.8369875904898272,0.8369875904898272
full_coverage_complete,turning1strowleft2ndboy,961,0,0,1,True,False,True,0.8430537370978424,0.8430537370978424
full_coverage_complete,turning1strowleft2ndboy,963,0,0,2,True,False,True,0.7435905684652909,0.7435905684652909
full_coverage_complete,turning1strowleft2ndboy,964,0,0,2,True,False,True,0.7108717240999056,0.7108717240999056
full_coverage_complete,turning1strowleft2ndboy,965,0,0,2,True,False,True,0.626263554047515,0.626263554047515
full_coverage_complete,turning1strowleft2ndboy,966,0,0,2,True,False,True,0.7756431053427544,0.7756431053427544
full_coverage_complete,turning1strowleft2ndboy,967,0,0,1,True,False,True,0.6979037648206584,0.6979037648206584
full_coverage_complete,turning1strowleft2ndboy,968,0,0,2,True,False,True,0.8792211778356331,0.8792211778356331
full_coverage_complete,turning1strowleft2ndboy,969,0,0,2,True,False,True,0.7822410898262102,0.7822410898262102
full_coverage_complete,turning1strowleft2ndboy,970,0,0,2,True,False,True,0.8130513889892523,0.8130513889892523
full_coverage_complete,turning1strowleft2ndboy,971,0,0,2,True,False,True,0.7935645869070354,0.7935645869070354
full_coverage_complete,turning1strowleft2ndboy,972,0,0,2,True,False,True,0.8460353364486984,0.8460353364486984
full_coverage_complete,turning1strowleft2ndboy,974,0,0,2,True,False,True,0.853507937238171,0.853507937238171
full_coverage_complete,turning1strowleft2ndboy,975,0,0,2,True,False,True,0.8009925599185296,0.8009925599185296
full_coverage_complete,turning1strowleft2ndboy,976,0,0,4,True,False,True,0.8610323934585266,0.8610323934585266
full_coverage_complete,turning1strowleft2ndboy,977,0,0,4,True,False,True,0.8334874207751493,0.8334874207751493
full_coverage_complete,turning1strowleft2ndboy,978,4,0,4,True,False,True,0.8617448432402546,0.7969367950991681
full_coverage_complete,turning1strowleft2ndboy,979,0,0,4,True,False,True,0.8051308000158581,0.8051308000158581
full_coverage_complete,turning1strowleft2ndboy,980,0,0,4,True,False,True,0.6799648034263379,0.6799648034263379
full_coverage_complete,turning1strowleft2ndboy,981,0,0,4,True,False,True,0.40023104273108095,0.40023104273108095
full_coverage_complete,turning1strowleft2ndboy,982,0,0,1,True,False,True,0.8329058773410788,0.8329058773410788
full_coverage_complete,turning1strowleft2ndboy,983,0,0,5,True,False,True,0.87060949794952,0.87060949794952
full_coverage_complete,turning1strowleft2ndboy,984,0,0,4,True,False,True,0.7382512843527376,0.7382512843527376
full_coverage_complete,turning1strowleft2ndboy,985,0,0,1,True,False,True,0.8363579504085888,0.8363579504085888
full_coverage_complete,turning1strowleft2ndboy,986,0,0,2,True,False,True,0.8083351137568028,0.8083351137568028
full_coverage_complete,turning1strowleft2ndboy,988,0,0,4,True,False,True,0.9067509371253168,0.9067509371253168
full_coverage_complete,turning1strowleft2ndboy,989,0,0,1,True,False,True,0.9005473211721019,0.9005473211721019
full_coverage_complete,turning1strowleft2ndboy,991,0,0,1,True,False,True,0.845356523881223,0.845356523881223
full_coverage_complete,turning1strowleft2ndboy,992,4,0,4,True,False,True,0.8780474233095293,0.8275842533659553
full_coverage_complete,turning1strowleft2ndboy,993,0,0,4,True,False,True,0.8536907165390324,0.8536907165390324
full_coverage_complete,turning1strowleft2ndboy,994,0,0,1,True,False,True,0.8272745843115741,0.8272745843115741
full_coverage_complete,turning1strowleft2ndboy,996,0,0,1,True,False,True,0.8598647436195183,0.8598647436195183
full_coverage_complete,turning1strowleft2ndboy,998,0,0,2,True,False,True,0.8433432470859338,0.8433432470859338
full_coverage_complete,turning1strowleft2ndboy,1000,0,0,2,True,False,True,0.8039038616051482,0.8039038616051482
full_coverage_complete,turning1strowleft2ndboy,1002,0,0,4,True,False,True,0.8169827324055076,0.8169827324055076
full_coverage_complete,turning1strowleft2ndboy,1004,0,0,4,True,False,True,0.8428272396100488,0.8428272396100488
full_coverage_complete,turning1strowleft2ndboy,1005,0,0,4,True,False,True,0.8340716169117081,0.8340716169117081
full_coverage_complete,turning1strowleft2ndboy,1006,0,0,4,True,False,True,0.8059063985768923,0.8059063985768923
full_coverage_complete,turning1strowleft2ndboy,1007,0,0,5,True,False,True,0.8883431503753791,0.8883431503753791
full_coverage_complete,turning1strowleft2ndboy,1008,0,0,4,True,False,True,0.8135643377269126,0.8135643377269126
full_coverage_complete,turning1strowleft2ndboy,1009,0,0,4,True,False,True,0.8942263725509811,0.8942263725509811
full_coverage_complete,turning1strowleft2ndboy,1010,0,0,2,True,False,True,0.8690198806584971,0.8690198806584971
full_coverage_complete,turning1strowleft2ndboy,1011,0,0,2,True,False,True,0.6822987670503617,0.6822987670503617
full_coverage_complete,turning1strowleft2ndboy,1012,0,0,4,True,False,True,0.3028775839066999,0.3028775839066999
full_coverage_complete,turning1strowleft2ndboy,1013,0,1,4,True,False,True,0.6885128385761158,0.08823666532327888
full_coverage_complete,turning1strowleft2ndboy,1014,0,1,5,True,False,True,0.008586986336457927,0.008586986336457927
full_coverage_complete,turning1strowleft2ndboy,1015,0,0,5,True,False,True,0.10390154013874149,0.10390154013874149
full_coverage_complete,turning1strowleft2ndboy,1016,0,0,4,True,False,True,0.7321749804892209,0.7321749804892209
full_coverage_complete,turning1strowleft2ndboy,1018,0,0,4,True,False,True,0.7182249700011561,0.7182249700011561
full_coverage_complete,turning1strowleft2ndboy,1019,0,0,4,True,False,True,0.017966942349900743,0.017966942349900743
full_coverage_complete,turning1strowleft2ndboy,1020,1,0,1,True,False,True,0.0,0.8844650278491794
full_coverage_complete,turning1strowleft2ndboy,1021,0,0,2,True,False,True,0.8527874466621241,0.8527874466621241
full_coverage_complete,turning1strowleft2ndboy,1022,0,0,4,True,False,True,0.8802946470536861,0.8802946470536861
full_coverage_complete,turning1strowleft2ndboy,1023,0,0,2,True,False,True,0.8163579561060745,0.8163579561060745
full_coverage_complete,turning1strowleft2ndboy,1024,0,0,4,True,False,True,0.848789578997127,0.848789578997127
full_coverage_complete,turning1strowleft2ndboy,1025,0,0,2,True,False,True,0.8569345360659683,0.8569345360659683
full_coverage_complete,turning1strowleft2ndboy,1026,0,0,4,True,False,True,0.8243964090179152,0.8243964090179152
full_coverage_complete,turning1strowleft2ndboy,1028,0,0,2,True,False,True,0.7611134792223646,0.7611134792223646
full_coverage_complete,turning1strowleft2ndboy,1030,0,0,4,True,False,True,0.7354886803051802,0.7354886803051802
full_coverage_complete,turning1strowleft2ndboy,1031,0,0,2,True,False,True,0.701409221904834,0.701409221904834
full_coverage_complete,turning1strowleft2ndboy,1032,0,0,4,True,False,True,0.7267619625771751,0.7267619625771751
full_coverage_complete,turning1strowleft2ndboy,1034,0,0,2,True,False,True,0.7237215284263232,0.7237215284263232
full_coverage_complete,turning1strowleft2ndboy,1035,0,0,4,True,False,True,0.7334063150238602,0.7334063150238602
full_coverage_complete,turning1strowleft2ndboy,1036,0,0,4,True,False,True,0.6706123281736208,0.6706123281736208
full_coverage_complete,turning1strowleft2ndboy,1037,0,0,4,True,False,True,0.642277383049839,0.642277383049839
full_coverage_complete,turning1strowleft2ndboy,1038,0,0,4,True,False,True,0.05134620416726666,0.05134620416726666
full_coverage_complete,turning1strowleft2ndboy,1039,0,0,5,True,False,True,0.04879140974825567,0.04879140974825567
full_coverage_complete,turning1strowleft2ndboy,1040,0,0,5,True,False,True,0.059264254321831376,0.059264254321831376
full_coverage_complete,turning1strowleft2ndboy,1041,5,0,5,True,False,True,0.03709982207171693,0.0386204535308916
full_coverage_complete,turning1strowleft2ndboy,1042,0,0,5,True,False,True,0.01799235352970406,0.01799235352970406
full_coverage_complete,turning1strowleft2ndboy,1043,0,1,2,True,False,True,0.10083044658190018,0.021089201455505413
full_coverage_complete,turning1strowleft2ndboy,1044,0,0,4,True,False,True,0.6479147799944053,0.6479147799944053
full_coverage_complete,turning1strowleft2ndboy,1045,0,0,5,True,False,True,0.6864147636564393,0.6864147636564393
full_coverage_complete,turning1strowleft2ndboy,1046,0,0,4,True,False,True,0.6961233615758929,0.6961233615758929
full_coverage_complete,turning1strowleft2ndboy,1047,0,0,2,True,False,True,0.05816331781477167,0.05816331781477167
full_coverage_complete,turning1strowleft2ndboy,1048,0,0,4,True,False,True,0.015307343486535833,0.015307343486535833
full_coverage_complete,turning1strowleft2ndboy,1049,0,0,4,True,False,True,0.7608843161535565,0.7608843161535565
full_coverage_complete,turning1strowleft2ndboy,1050,0,0,5,True,False,True,0.8239010245595072,0.8239010245595072
full_coverage_complete,turning1strowleft2ndboy,1051,4,0,4,True,False,True,0.6577957209926585,0.0311012686106824
full_coverage_complete,turning1strowleft2ndboy,1052,0,0,5,True,False,True,0.0,0.0
full_coverage_complete,turning1strowleft2ndboy,1053,0,0,2,True,False,True,0.0,0.0
full_coverage_complete,turning1strowleft2ndboy,1054,0,0,2,True,False,True,0.0,0.8934608632807157
full_coverage_complete,turning1strowleft2ndboy,1055,4,0,4,True,False,True,0.8141999066881799,0.8371879421322173
full_coverage_complete,turning1strowleft2ndboy,1056,0,0,4,True,False,True,0.7568312998289237,0.7568312998289237
full_coverage_complete,turning1strowleft2ndboy,1057,0,0,4,True,False,True,0.7428027770818895,0.7428027770818895
full_coverage_complete,turning1strowleft2ndboy,1058,0,0,2,True,False,True,0.841909428610299,0.841909428610299
full_coverage_complete,turning1strowleft2ndboy,1059,0,0,5,True,False,True,0.8023864607259321,0.8023864607259321
full_coverage_complete,turning1strowleft2ndboy,1060,0,0,4,True,False,True,0.7972693061619509,0.7972693061619509
full_coverage_complete,turning1strowleft2ndboy,1061,0,0,2,True,False,True,0.7327540943693028,0.7327540943693028
full_coverage_complete,turning1strowleft2ndboy,1062,0,0,4,True,False,True,0.7529817841678988,0.7529817841678988
full_coverage_complete,turning1strowleft2ndboy,1063,4,0,4,True,False,True,0.7360295517265943,0.025673322715776728
full_coverage_complete,turning1strowleft2ndboy,1067,5,0,5,True,False,True,0.07237502336239506,0.034853740667077734
full_coverage_complete,turning1strowleft2ndboy,1068,0,0,5,True,False,True,0.050956371864538476,0.050956371864538476
full_coverage_complete,turning1strowleft2ndboy,1069,0,0,2,True,False,True,0.024496129257134003,0.024496129257134003
full_coverage_complete,turning1strowleft2ndboy,1070,5,0,5,True,False,True,0.0352720401631567,0.02398332328398145
full_coverage_complete,turning1strowleft2ndboy,1071,0,0,2,True,False,True,0.024464630027121625,0.024464630027121625
full_coverage_complete,turning1strowleft2ndboy,1072,5,0,5,True,False,True,0.0,0.0
full_coverage_complete,turning1strowleft2ndboy,1073,0,0,4,True,False,True,0.04161617753314724,0.04161617753314724
full_coverage_complete,turning1strowleft2ndboy,1074,0,0,2,True,False,True,0.0,0.0
full_coverage_complete,turning1strowleft2ndboy,1075,0,0,5,True,False,True,0.0034629313571293294,0.0034629313571293294
full_coverage_complete,turning1strowleft2ndboy,1076,0,0,2,True,False,True,0.0,0.0
full_coverage_complete,turning1strowleft2ndboy,1077,0,0,4,True,False,True,0.0,0.0
full_coverage_complete,turning1strowleft2ndboy,1078,0,0,5,True,False,True,0.023694487818305607,0.023694487818305607
full_coverage_complete,turning1strowleft2ndboy,1079,0,0,2,True,False,True,0.0,0.0
full_coverage_complete,turning1strowleft2ndboy,1080,0,0,2,True,False,True,0.0,0.0
full_coverage_complete,turning1strowleft2ndboy,1081,0,0,5,True,False,True,0.02044087610287514,0.02044087610287514
full_coverage_complete,turning1strowleft2ndboy,1082,0,0,5,True,False,True,0.02071836280229971,0.02071836280229971
full_coverage_complete,turning1strowleft2ndboy,1083,0,0,5,True,False,True,0.009603018682022764,0.009603018682022764
full_coverage_complete,turning1strowleft2ndboy,1084,0,0,2,True,False,True,0.0,0.0
full_coverage_complete,turning1strowleft2ndboy,1085,0,0,2,True,False,True,0.02440245546057491,0.02440245546057491
full_coverage_complete,turning1strowleft2ndboy,1086,0,0,5,True,False,True,0.0,0.0
full_coverage_complete,turning1strowleft2ndboy,1087,0,0,5,True,False,True,0.02355594515005915,0.02355594515005915
full_coverage_complete,turning1strowleft2ndboy,1088,5,0,5,True,False,True,0.0,0.0
full_coverage_complete,turning1strowleft2ndboy,1089,5,3,5,True,False,True,0.015016314378533978,0.7120225112309795
full_coverage_complete,turning1strowleft2ndboy,1090,4,0,4,True,False,True,0.7546382394238931,0.01851335239184972
full_coverage_complete,turning1strowleft2ndboy,1091,5,0,5,True,False,True,0.04162681346737819,0.02807695577627893
full_coverage_complete,turning1strowleft2ndboy,1092,0,0,4,True,False,True,0.06737413996401345,0.06737413996401345
full_coverage_complete,turning1strowleft2ndboy,1093,4,2,4,True,False,True,0.06854587474642417,0.07486830248572807
full_coverage_complete,turning1strowleft2ndboy,1094,0,0,4,True,False,True,0.07550147996915191,0.07550147996915191
full_coverage_complete,turning1strowleft2ndboy,1095,5,0,5,True,False,True,0.06910694847304813,0.07343418640889693
full_coverage_complete,turning1strowleft2ndboy,1096,5,4,5,True,False,True,0.14527631875274885,0.0200567377204391
full_coverage_complete,turning1strowleft2ndboy,1097,5,0,5,True,False,True,0.11281122472835695,0.09033391233371847
full_coverage_complete,turning1strowleft2ndboy,1098,0,0,4,True,False,True,0.15078527469413144,0.15078527469413144
full_coverage_complete,turning1strowleft2ndboy,1099,0,0,4,True,False,True,0.08604622934064889,0.08604622934064889
full_coverage_complete,turning1strowleft2ndboy,1100,0,1,4,True,False,True,0.20243373187262542,0.6684327105788012
full_coverage_complete,turning1strowleft2ndboy,1101,4,0,4,True,False,True,0.8836180714576187,0.1290389093378953
full_coverage_complete,turning1strowleft2ndboy,1102,5,0,5,True,False,True,0.07175381721655905,0.10170945683602307
full_coverage_complete,turning1strowleft2ndboy,1103,0,0,4,True,False,True,0.012618388889613152,0.012618388889613152
full_coverage_complete,turning1strowleft2ndboy,1104,5,1,5,True,False,True,0.0,0.7100225468822159
full_coverage_complete,turning1strowleft2ndboy,1105,4,2,4,True,False,True,0.8768472904437,0.6495566003000359
full_coverage_complete,turning1strowleft2ndboy,1106,0,0,4,True,False,True,0.8088241417767963,0.8088241417767963
full_coverage_complete,turning1strowleft2ndboy,1107,4,0,4,True,False,True,0.06133745581399832,0.026918928562389494
full_coverage_complete,turning1strowleft2ndboy,1108,5,0,5,True,False,True,0.05590921987212814,0.058326537834841964
full_coverage_complete,turning1strowleft2ndboy,1109,0,0,5,True,False,True,0.0,0.0
full_coverage_complete,turning1strowleft2ndboy,1110,0,0,5,True,False,True,0.024903474780409947,0.024903474780409947
full_coverage_complete,turning1strowleft2ndboy,1111,5,0,5,True,False,True,0.0024726434277093806,0.02550623528905076
full_coverage_complete,turning1strowleft2ndboy,1112,0,0,5,True,False,True,0.012156939601378204,0.012156939601378204
full_coverage_complete,turning1strowleft2ndboy,1113,5,0,5,True,False,True,0.013183595526453895,0.04496662696457863
full_coverage_complete,turning1strowleft2ndboy,1114,0,0,5,True,False,True,0.0024674970898282307,0.0024674970898282307
full_coverage_complete,turning1strowleft2ndboy,1115,0,0,2,True,False,True,0.0,0.6955252191921549
full_coverage_complete,turning1strowleft2ndboy,1116,4,0,4,True,False,True,0.6712748133721183,0.6675485310569657
full_coverage_complete,turning1strowleft2ndboy,1117,0,0,2,True,False,True,0.7375282396580694,0.7375282396580694
full_coverage_complete,turning1strowleft2ndboy,1118,0,0,2,True,False,True,0.8111884225822065,0.8111884225822065
full_coverage_complete,turning1strowleft2ndboy,1119,0,0,5,True,False,True,0.8963990436802205,0.8963990436802205
full_coverage_complete,turning1strowleft2ndboy,1121,4,0,4,True,False,True,0.8829846715493855,0.04975350382351968
full_coverage_complete,turning1strowleft2ndboy,1123,0,0,5,True,False,True,0.0645230641440601,0.0645230641440601
full_coverage_complete,turning1strowleft2ndboy,1124,0,0,4,True,False,True,0.06276819453537828,0.06276819453537828
full_coverage_complete,turning1strowleft2ndboy,1126,0,0,5,True,False,True,0.8169513319260006,0.8169513319260006
full_coverage_complete,turning1strowleft2ndboy,1127,0,0,4,True,False,True,0.7920897841076086,0.7920897841076086
full_coverage_complete,turning1strowleft2ndboy,1128,0,0,4,True,False,True,0.8573170508212491,0.8573170508212491
full_coverage_complete,turning1strowleft2ndboy,1129,4,1,4,True,False,True,0.8044702876497996,0.7958293986964448
full_coverage_complete,turning1strowleft2ndboy,1130,4,0,4,True,False,True,0.6910777210440119,0.07552678530073492
full_coverage_complete,turning1strowleft2ndboy,1131,0,0,5,True,False,True,0.8570171110660212,0.8570171110660212
full_coverage_complete,turning1strowleft2ndboy,1132,0,0,4,True,False,True,0.789150466874537,0.789150466874537
full_coverage_complete,turning1strowleft2ndboy,1133,4,1,4,True,False,True,0.7278460285491793,0.8474461813286057
full_coverage_complete,turning1strowleft2ndboy,1134,5,0,5,True,False,True,0.711347156877054,0.8423217452765044
full_coverage_complete,turning1strowleft2ndboy,1135,4,0,4,True,False,True,0.8895870452991419,0.013916291002098497
full_coverage_complete,turning1strowleft2ndboy,1136,0,0,5,True,False,True,0.6759141715986456,0.6759141715986456
full_coverage_complete,turning1strowleft2ndboy,1137,0,0,4,True,False,True,0.6758312027168396,0.6758312027168396
full_coverage_complete,turning1strowleft2ndboy,1138,0,0,5,True,False,True,0.06238585709432843,0.06238585709432843
full_coverage_complete,turning1strowleft2ndboy,1139,0,0,5,True,False,True,0.0,0.8373669594906709
full_coverage_complete,turning1strowleft2ndboy,1140,0,0,6,True,False,True,0.8294954732403376,0.8294954732403376
full_coverage_complete,turning1strowleft2ndboy,1142,4,0,4,True,False,True,0.7877975967309497,0.7770232056519611
full_coverage_complete,turning1strowleft2ndboy,1143,0,0,4,True,False,True,0.7906993350576897,0.7906993350576897
full_coverage_complete,turning1strowleft2ndboy,1144,4,0,4,True,False,True,0.7391629736282505,0.03441422298685492
full_coverage_complete,turning1strowleft2ndboy,1146,5,0,5,True,False,True,0.65840126055423,0.03150140791519336
full_coverage_complete,turning1strowleft2ndboy,1148,0,0,5,True,False,True,0.672990586794365,0.672990586794365
full_coverage_complete,turning1strowleft2ndboy,1149,4,0,4,True,False,True,0.7018172036831531,0.008646281293203073
full_coverage_complete,turning1strowleft2ndboy,1150,0,0,5,True,False,True,0.10963614144216695,0.10963614144216695
full_coverage_complete,turning1strowleft2ndboy,1151,0,0,5,True,False,True,0.801398895813884,0.801398895813884
full_coverage_complete,turning1strowleft2ndboy,1152,4,0,4,True,False,True,0.8024989413542154,0.07149870587767836
full_coverage_complete,turning1strowleft2ndboy,1153,5,0,5,True,False,True,0.1361802573712755,0.03468143329101244
full_coverage_complete,turning1strowleft2ndboy,1154,0,0,5,True,False,True,0.1755850267522064,0.1755850267522064
full_coverage_complete,turning1strowleft2ndboy,1155,4,1,4,True,False,True,0.04372046365157434,0.02706268790408632
full_coverage_complete,turning1strowleft2ndboy,1156,0,0,5,True,False,True,0.05644820495535422,0.05644820495535422
full_coverage_complete,turning1strowleft2ndboy,1157,5,0,5,True,False,True,0.10259069162494017,0.08202839249927689
full_coverage_complete,turning1strowleft2ndboy,1158,0,0,4,True,False,True,0.18010798073244516,0.18010798073244516
full_coverage_complete,turning1strowleft2ndboy,1160,0,0,4,True,False,True,0.06002631492525966,0.06002631492525966
full_coverage_complete,turning1strowleft2ndboy,1161,5,0,5,True,False,True,0.07673060414388654,0.08500514823421723
full_coverage_complete,turning1strowleft2ndboy,1162,0,0,5,True,False,True,0.041890420757544684,0.041890420757544684
full_coverage_complete,turning1strowleft2ndboy,1163,0,0,4,True,False,True,0.04415087250051358,0.04415087250051358
full_coverage_complete,turning1strowleft2ndboy,1164,5,4,5,True,False,True,0.08057175212691751,0.7452838032479201
full_coverage_complete,turning1strowleft2ndboy,1165,0,0,6,True,False,True,0.307627700097925,0.307627700097925
full_coverage_complete,turning1strowleft2ndboy,1166,0,0,5,True,False,True,0.24533168225988544,0.24533168225988544
full_coverage_complete,turning1strowleft2ndboy,1167,0,0,5,True,False,True,0.0,0.0
full_coverage_complete,turning1strowleft2ndboy,1168,5,4,5,True,False,True,0.0,0.0
full_coverage_complete,turning1strowleft2ndboy,1169,5,0,5,True,False,True,0.0,0.0
full_coverage_complete,turning1strowleft2ndboy,1170,0,0,5,True,False,True,0.0,0.0
full_coverage_complete,umbrella,17,0,0,1,True,False,True,0.7328244027080554,0.7328244027080554
full_coverage_complete,umbrella,27,5,0,5,True,False,True,0.7152090471174657,0.6587345208950518
full_coverage_complete,umbrella,28,0,0,5,True,False,True,0.6660267564596243,0.6660267564596243
full_coverage_complete,umbrella,29,5,0,5,True,False,True,0.7303142348987591,0.7808749631232452
full_coverage_complete,umbrella,34,0,0,5,True,False,True,0.6848713747560647,0.6848713747560647
full_coverage_complete,umbrella,35,0,0,5,True,False,True,0.03742580859566607,0.03742580859566607
full_coverage_complete,umbrella,36,0,0,1,True,False,True,0.0,0.0
full_coverage_complete,umbrella,38,4,0,4,True,False,True,0.0,0.033539810145776075
full_coverage_complete,umbrella,39,0,0,5,True,False,True,0.7022472244752899,0.7022472244752899
full_coverage_complete,umbrella,48,0,0,5,True,False,True,0.6942649002496939,0.6942649002496939
full_coverage_complete,umbrella,49,0,1,5,True,False,True,0.8293007387775555,0.0
full_coverage_complete,umbrella,50,0,0,1,True,False,True,0.0,0.0
full_coverage_complete,umbrella,51,0,0,5,True,False,True,0.0,0.0
full_coverage_complete,umbrella,52,0,0,5,True,False,True,0.0,0.0
full_coverage_complete,umbrella,53,5,0,5,True,False,True,0.0,0.767841145125418
full_coverage_complete,umbrella,56,5,0,5,True,False,True,0.708742242482565,0.7098315598200631
full_coverage_complete,umbrella,57,5,1,5,True,False,True,0.8121825983875574,0.0
full_coverage_complete,umbrella,58,0,0,1,True,False,True,0.0,0.0
full_coverage_complete,umbrella,59,0,0,5,True,False,True,0.0,0.0
full_coverage_complete,umbrella,60,0,0,5,True,False,True,0.03159947980197928,0.03159947980197928
full_coverage_complete,umbrella,61,5,0,5,True,False,True,0.01995609102803542,0.014503936488320898
full_coverage_complete,umbrella,66,0,0,1,True,False,True,0.8088569735265165,0.8088569735265165
full_coverage_complete,umbrella,68,0,0,5,True,False,True,0.7957132522306214,0.7957132522306214
full_coverage_complete,umbrella,91,0,0,4,True,False,True,0.7293991333739385,0.7293991333739385
full_coverage_complete,umbrella,92,0,0,1,True,False,True,0.5895089727496708,0.5895089727496708
full_coverage_complete,umbrella,93,0,0,1,True,False,True,0.6654284693905694,0.6654284693905694
full_coverage_complete,umbrella,94,0,0,5,True,False,True,0.7157341014185001,0.7157341014185001
full_coverage_complete,umbrella,96,0,0,5,True,False,True,0.7626970616389632,0.7626970616389632
full_coverage_complete,umbrella,97,0,0,5,True,False,True,0.7500301402326681,0.7500301402326681
full_coverage_complete,umbrella,98,0,0,5,True,False,True,0.8572977338802557,0.8572977338802557
full_coverage_complete,umbrella,100,0,0,1,True,False,True,0.782120678002695,0.782120678002695
full_coverage_complete,umbrella,103,0,0,4,True,False,True,0.7827880767578487,0.7827880767578487
full_coverage_complete,umbrella,109,5,0,5,True,False,True,0.7300006206308286,0.7131005776542554
full_coverage_complete,umbrella,110,0,0,5,True,False,True,0.6082271017060449,0.6082271017060449
full_coverage_complete,umbrella,111,0,0,5,True,False,True,0.6809715965000771,0.6809715965000771
full_coverage_complete,umbrella,114,0,0,4,True,False,True,0.6962338216993691,0.6962338216993691
full_coverage_complete,umbrella,116,0,0,5,True,False,True,0.5867460044944253,0.5867460044944253
full_coverage_complete,umbrella,118,0,0,4,True,False,True,0.5080055842637424,0.5080055842637424
full_coverage_complete,umbrella,119,0,0,5,True,False,True,0.514917420900393,0.514917420900393
full_coverage_complete,umbrella,120,0,0,5,True,False,True,0.5550888753540324,0.5550888753540324
full_coverage_complete,umbrella,123,0,0,5,True,False,True,0.5552318011968567,0.5552318011968567
full_coverage_complete,umbrella,124,0,0,4,True,False,True,0.6299935232834932,0.6299935232834932
full_coverage_complete,umbrella,125,0,2,5,True,False,True,0.5031933961052227,0.0
full_coverage_complete,umbrella,126,0,0,4,True,False,True,0.043676767865542906,0.043676767865542906
full_coverage_complete,umbrella,127,0,0,4,True,False,True,0.0,0.0
full_coverage_complete,umbrella,128,0,0,5,True,False,True,0.6111849974131988,0.6111849974131988
full_coverage_complete,umbrella,136,0,0,4,True,False,True,0.6977911211998126,0.6977911211998126
full_coverage_complete,umbrella,137,0,0,5,True,False,True,0.6872461329880493,0.6872461329880493
full_coverage_complete,umbrella,138,0,0,5,True,False,True,0.5821632671374763,0.5821632671374763
full_coverage_complete,umbrella,140,0,0,5,True,False,True,0.8168930957955772,0.8168930957955772
full_coverage_complete,umbrella,142,0,0,4,True,False,True,0.6287542624360614,0.6287542624360614
full_coverage_complete,umbrella,143,0,0,4,True,False,True,0.7742684012442121,0.7742684012442121
full_coverage_complete,umbrella,144,0,0,5,True,False,True,0.6847189740735025,0.6847189740735025
full_coverage_complete,umbrella,145,0,0,5,True,False,True,0.6139376449007031,0.6139376449007031
full_coverage_complete,umbrella,146,0,0,1,True,False,True,0.5460525593593691,0.5460525593593691
full_coverage_complete,umbrella,147,5,0,5,True,False,True,0.6107037079859076,0.7364243956218216
full_coverage_complete,umbrella,148,0,0,5,True,False,True,0.6978750613403308,0.6978750613403308
full_coverage_complete,umbrella,149,0,0,5,True,False,True,0.2830770520862894,0.2830770520862894
full_coverage_complete,umbrella,150,5,0,5,True,False,True,0.8049861006057123,0.7963185895847743
full_coverage_complete,umbrella,151,0,0,5,True,False,True,0.45592633601758104,0.45592633601758104
full_coverage_complete,umbrella,153,0,0,1,True,False,True,0.27632388893112525,0.27632388893112525
full_coverage_complete,umbrella,154,0,1,4,True,False,True,0.2144074816908757,0.37155058889383435
full_coverage_complete,umbrella,155,0,0,1,True,False,True,0.1778763252041401,0.1778763252041401
full_coverage_complete,umbrella,156,0,0,4,True,False,True,0.08220608243339642,0.08220608243339642
full_coverage_complete,umbrella,158,0,0,4,True,False,True,0.6096766082653975,0.6096766082653975
full_coverage_complete,umbrella,159,0,0,4,True,False,True,0.4717781751801916,0.4717781751801916
full_coverage_complete,umbrella,160,0,1,4,True,False,True,0.41433636617185565,0.0
full_coverage_complete,umbrella,161,0,0,1,True,False,True,0.0,0.0
full_coverage_complete,umbrella,162,0,0,4,True,False,True,0.0,0.0
full_coverage_complete,umbrella,163,0,0,1,True,False,True,0.0,0.0
full_coverage_complete,umbrella,164,5,0,5,True,False,True,0.0,0.0
full_coverage_complete,umbrella,165,5,0,5,True,False,True,0.0,0.0
full_coverage_complete,umbrella,166,0,0,4,True,False,True,0.0,0.0
full_coverage_complete,umbrella,167,0,0,4,True,False,True,0.0,0.0
full_coverage_complete,umbrella,168,0,0,1,True,False,True,0.0,0.0
full_coverage_complete,umbrella,170,0,0,4,True,False,True,0.0,0.0
full_coverage_complete,umbrella,172,0,0,5,True,False,True,0.0,0.0
full_coverage_complete,umbrella,173,0,0,5,True,False,True,0.0,0.0
full_coverage_complete,umbrella,174,5,0,5,True,False,True,0.0,0.0
full_coverage_complete,umbrella,175,0,0,5,True,False,True,0.0,0.0
full_coverage_complete,umbrella,177,0,0,1,True,False,True,0.0,0.0
full_coverage_complete,umbrella,179,0,0,1,True,False,True,0.0,0.0
full_coverage_complete,umbrella,181,0,0,4,True,False,True,0.0,0.0
full_coverage_complete,umbrella,183,5,0,5,True,False,True,0.0,0.0
full_coverage_complete,umbrella,184,0,0,4,True,False,True,0.0,0.0
full_coverage_complete,umbrella,185,0,0,5,True,False,True,0.0,0.0
full_coverage_complete,umbrella,186,5,4,5,True,False,True,0.0,0.0
full_coverage_complete,umbrella,187,0,0,5,True,False,True,0.0,0.0
full_coverage_complete,umbrella,188,0,0,5,True,False,True,0.0,0.0
full_coverage_complete,umbrella,189,0,0,5,True,False,True,0.0,0.0
full_coverage_complete,umbrella,190,0,0,5,True,False,True,0.0,0.0
full_coverage_complete,umbrella,191,0,0,1,True,False,True,0.6433059539566136,0.6433059539566136
full_coverage_complete,umbrella,192,0,0,5,True,False,True,0.7533488114837598,0.7533488114837598
full_coverage_complete,umbrella,193,0,0,5,True,False,True,0.6867626958954465,0.6867626958954465
full_coverage_complete,umbrella,194,5,0,5,True,False,True,0.43206509829271217,0.46821598458689434
full_coverage_complete,umbrella,195,0,0,4,True,False,True,0.2309715293736547,0.2309715293736547
full_coverage_complete,umbrella,196,0,0,4,True,False,True,0.0440123638438447,0.0440123638438447
full_coverage_complete,umbrella,197,0,0,4,True,False,True,0.11144256877906518,0.11144256877906518
full_coverage_complete,umbrella,198,0,0,5,True,False,True,0.78702343457424,0.78702343457424
full_coverage_complete,umbrella,199,0,0,5,True,False,True,0.7925881774917057,0.7925881774917057
full_coverage_complete,umbrella,200,0,0,5,True,False,True,0.8491700703497108,0.8491700703497108
full_coverage_complete,umbrella,202,0,0,4,True,False,True,0.8056870997764236,0.8056870997764236
full_coverage_complete,umbrella,203,0,0,5,True,False,True,0.7413399062800452,0.7413399062800452
full_coverage_complete,umbrella,204,5,0,5,True,False,True,0.5191816169115778,0.5929056499626616
full_coverage_complete,umbrella,205,0,0,5,True,False,True,0.7493820495264713,0.7493820495264713
full_coverage_complete,umbrella,206,0,0,1,True,False,True,0.8465750283756002,0.8465750283756002
full_coverage_complete,umbrella,207,5,0,5,True,False,True,0.7242250376945127,0.6699111768013586
full_coverage_complete,umbrella,208,0,0,1,True,False,True,0.7244191003006799,0.7244191003006799
full_coverage_complete,umbrella,213,0,0,1,True,False,True,0.8531280803159519,0.8531280803159519
full_coverage_complete,umbrella,215,6,0,6,True,False,True,0.40057379022608647,0.6428715990069411
full_coverage_complete,umbrella,221,0,0,1,True,False,True,0.8092256491162525,0.8092256491162525
full_coverage_complete,umbrella,222,0,0,1,True,False,True,0.8295427023841032,0.8295427023841032
full_coverage_complete,umbrella,223,0,0,1,True,False,True,0.7397545584755194,0.7397545584755194
full_coverage_complete,umbrella,224,0,0,1,True,False,True,0.6562966160798669,0.6562966160798669
full_coverage_complete,umbrella,226,0,0,1,True,False,True,0.8840366919107379,0.8840366919107379
full_coverage_complete,umbrella,228,0,0,1,True,False,True,0.7863613149532036,0.7863613149532036
full_coverage_complete,umbrella,234,0,0,5,True,False,True,0.7345050625256977,0.7345050625256977
full_coverage_complete,umbrella,237,5,0,5,True,False,True,0.7475272823813289,0.7492248326451246
full_coverage_complete,umbrella,240,0,0,5,True,False,True,0.8566754454406919,0.8566754454406919
full_coverage_complete,umbrella,253,4,0,4,True,False,True,0.665004725124863,0.0
full_coverage_complete,umbrella,254,0,0,5,True,False,True,0.0,0.0
full_coverage_complete,umbrella,257,0,0,1,True,False,True,0.0,0.0
full_coverage_complete,umbrella,266,0,1,0,False,False,True,0.0,0.2370681209311017
full_coverage_complete,umbrella,269,5,0,5,True,False,True,0.7550727692421715,0.7791534588088429
full_coverage_complete,umbrella,270,0,1,5,True,False,True,0.4087137219269577,0.0
full_coverage_complete,umbrella,271,0,1,1,True,False,True,0.0,0.7106665434383438
full_coverage_complete,umbrella,272,0,0,5,True,False,True,0.7215747529609656,0.7215747529609656
full_coverage_complete,umbrella,273,0,0,4,True,False,True,0.09528730930966557,0.09528730930966557
full_coverage_complete,umbrella,274,4,3,4,True,False,True,0.4038981266390643,0.4396926553797134
full_coverage_complete,umbrella,277,5,0,5,True,False,True,0.6160469279020283,0.5621571263846178
full_coverage_complete,umbrella,282,0,0,5,True,False,True,0.830845150677343,0.830845150677343
full_coverage_complete,umbrella,291,1,4,1,True,False,True,0.6515851622126031,0.0
full_coverage_complete,umbrella,292,0,0,4,True,False,True,0.0,0.0
full_coverage_complete,umbrella,293,4,0,4,True,False,True,0.0,0.8286729892475398
full_coverage_complete,umbrella,294,5,3,5,True,False,True,0.6504456708431644,0.41399512801423977
full_coverage_complete,umbrella,295,0,0,5,True,False,True,0.7423782548119294,0.7423782548119294
full_coverage_complete,umbrella,297,5,0,5,True,False,True,0.6083608634218007,0.6491041483050353
full_coverage_complete,umbrella,299,0,0,5,True,False,True,0.8024552871286839,0.8024552871286839
full_coverage_complete,umbrella,310,0,0,1,True,False,True,0.7772580052816049,0.7772580052816049
full_coverage_complete,umbrella,313,0,0,5,True,False,True,0.8835561279358688,0.8835561279358688
full_coverage_complete,umbrella,314,1,1,1,True,False,True,0.719967432730258,0.0
full_coverage_complete,umbrella,315,0,0,1,True,False,True,0.0,0.0
full_coverage_complete,umbrella,316,1,4,1,True,False,True,0.0,0.5892551316309625
full_coverage_complete,umbrellabyboy,48,5,0,5,True,False,True,0.7825203565361253,0.8744890391580462
full_coverage_complete,umbrellabyboy,54,0,0,5,True,False,True,0.6453500375520707,0.6453500375520707
full_coverage_complete,umbrellabyboy,55,5,0,5,True,False,True,0.7355521015468462,0.7331077961278265
full_coverage_complete,umbrellabyboy,56,5,0,5,True,False,True,0.6445563457928726,0.6839824453456874
full_coverage_complete,umbrellabyboy,61,0,0,6,True,False,True,0.48846665053556776,0.48846665053556776
full_coverage_complete,umbrellabyboy,63,0,0,6,True,False,True,0.8603952317101377,0.8603952317101377
full_coverage_complete,umbrellabyboy,89,0,0,5,True,False,True,0.5296627305528704,0.5296627305528704
full_coverage_complete,umbrellabyboy,90,0,0,1,True,False,True,0.0,0.0
full_coverage_complete,umbrellabyboy,91,0,0,5,True,False,True,0.5502063316970058,0.5502063316970058
full_coverage_complete,umbrellabyboy,120,0,0,4,True,False,True,0.6441062234356317,0.6441062234356317
full_coverage_complete,umbrellabyboy,181,0,0,5,True,False,True,0.5390033223189584,0.5390033223189584
full_coverage_complete,umbrellabyboy,185,0,0,1,True,False,True,0.5367485009159791,0.5367485009159791
full_coverage_complete,umbrellabyboy,187,5,0,5,True,False,True,0.4157956263703417,0.3707158510115288
full_coverage_complete,umbrellabyboy,305,0,0,4,True,False,True,0.011222620103140497,0.011222620103140497
full_coverage_complete,umbrellabyboy,306,0,0,1,True,False,True,0.0,0.0
full_coverage_complete,umbrellabyboy,310,0,0,1,True,False,True,0.6376319253675438,0.6376319253675438
full_coverage_complete,umbrellabyboy,312,1,0,1,True,False,True,0.6115653146090253,0.41121439680316874
full_coverage_complete,umbrellabyboy,316,0,0,5,True,False,True,0.8952630346955939,0.8952630346955939
full_coverage_complete,umbrellabyboy,317,0,1,5,True,False,True,0.5579354295214274,0.0
full_coverage_complete,umbrellabyboy,413,0,0,5,True,False,True,0.6599965833438669,0.6599965833438669
full_coverage_complete,umbrellabyboy,415,0,0,4,True,False,True,0.8212242398523667,0.8212242398523667
full_coverage_complete,umbrellabyboy,416,0,0,1,True,False,True,0.5860181941830047,0.5860181941830047
full_coverage_complete,umbrellabyboy,417,0,0,4,True,False,True,0.5143978177530041,0.5143978177530041
full_coverage_complete,umbrellawillbefold,76,0,0,5,True,False,True,0.6570599840261645,0.6570599840261645
full_coverage_complete,umbrellawillbefold,313,0,0,5,True,False,True,0.38440962299049247,0.38440962299049247
full_coverage_complete,umbrellawillbefold,314,0,0,4,True,False,True,0.23205625377889955,0.23205625377889955
full_coverage_complete,umbrellawillbefold,315,0,0,4,True,False,True,0.31684704053244045,0.31684704053244045
full_coverage_complete,umbrellawillbefold,316,0,0,5,True,False,True,0.18891126647566436,0.18891126647566436
full_coverage_complete,umbrellawillbefold,321,5,0,5,True,False,True,0.4586308297921317,0.09849765540848093
full_coverage_complete,umbrellawillbefold,322,0,0,1,True,False,True,0.43892399608935656,0.43892399608935656
full_coverage_complete,umbrellawillbefold,348,0,0,5,True,False,True,0.40633067270865636,0.40633067270865636
full_coverage_complete,umbrellawillbefold,349,0,0,5,True,False,True,0.4724765567650722,0.4724765567650722
full_coverage_complete,umbrellawillbefold,429,0,0,5,True,False,True,0.0,0.0
full_coverage_complete,umbrellawillbefold,430,0,1,0,False,False,True,0.0,0.6757882223248624
full_coverage_complete,umbrellawillbefold,522,0,0,5,True,False,True,0.47886966745170806,0.47886966745170806
full_coverage_complete,umbrellawillopen,74,5,4,5,True,False,True,0.36400334382150146,0.01529691551101516
full_coverage_complete,umbrellawillopen,75,0,0,5,True,False,True,0.042620674404580575,0.042620674404580575
full_coverage_complete,umbrellawillopen,76,0,0,5,True,False,True,0.0036163452175223066,0.0036163452175223066
full_coverage_complete,umbrellawillopen,77,0,0,5,True,False,True,0.01313007903042224,0.01313007903042224
full_coverage_complete,umbrellawillopen,78,0,0,1,True,False,True,0.08399923649968004,0.08399923649968004
full_coverage_complete,umbrellawillopen,79,0,0,1,True,False,True,0.06811283679761379,0.06811283679761379
full_coverage_complete,umbrellawillopen,80,0,1,1,True,False,True,0.08613065465703666,0.09845956113523821
full_coverage_complete,umbrellawillopen,90,4,0,4,True,False,True,0.12071734798924999,0.0
full_coverage_complete,umbrellawillopen,91,0,0,5,True,False,True,0.0,0.0
full_coverage_complete,umbrellawillopen,141,0,0,6,True,False,True,0.7276386405866087,0.7276386405866087
full_coverage_complete,umbrellawillopen,142,0,0,6,True,False,True,0.7658891009454637,0.7658891009454637
full_coverage_complete,umbrellawillopen,143,0,0,6,True,False,True,0.7338308568577003,0.7338308568577003
full_coverage_complete,waitresscoming,581,0,0,2,True,False,True,0.6668614002522791,0.6668614002522791
full_coverage_complete,waitresscoming,602,0,0,2,True,False,True,0.7356499762304362,0.7356499762304362
full_coverage_complete,whitebikebelow,138,0,0,5,True,False,True,0.5160136454502845,0.5160136454502845
full_coverage_complete,whitebikebelow,139,0,0,5,True,False,True,0.505489337801797,0.505489337801797
full_coverage_complete,whitebikebelow,224,0,0,4,True,False,True,0.6936426186905779,0.6936426186905779
full_coverage_complete,whitebikebelow,225,0,0,4,True,False,True,0.6542195485970411,0.6542195485970411
full_coverage_complete,whitebikebelow,226,0,0,5,True,False,True,0.5871154400843829,0.5871154400843829
full_coverage_complete,whitebikebelow,227,5,2,5,True,False,True,0.7607823618913165,0.0
full_coverage_complete,whitebikebelow,228,0,0,5,True,False,True,0.0,0.0
full_coverage_complete,whitebikebelow,229,0,0,5,True,False,True,0.8323221207161681,0.8323221207161681
full_coverage_complete,whitebikebelow,263,0,0,4,True,False,True,0.5848948020614523,0.5848948020614523
full_coverage_complete,whitebikebelow,264,0,0,4,True,False,True,0.6419891672854066,0.6419891672854066
full_coverage_complete,whitebikebelow,269,0,0,4,True,False,True,0.6660201678923673,0.6660201678923673
full_coverage_complete,whitebikebelow,270,0,0,4,True,False,True,0.7054050061724357,0.7054050061724357
full_coverage_complete,whitebikebelow,271,0,0,5,True,False,True,0.7111668926237287,0.7111668926237287
full_coverage_complete,whitebikebelow,272,0,0,4,True,False,True,0.7427463208811159,0.7427463208811159
full_coverage_complete,whitebikebelow,276,0,0,4,True,False,True,0.6396239165483248,0.6396239165483248
full_coverage_complete,whitebikebelow,285,0,0,4,True,False,True,0.5945061752587718,0.5945061752587718
full_coverage_complete,whitebikebelow,297,0,0,5,True,False,True,0.6974477015118772,0.6974477015118772
full_coverage_complete,whitebikebelow,310,0,0,5,True,False,True,0.5323947730906334,0.5323947730906334
full_coverage_complete,whitebikebelow,311,0,0,4,True,False,True,0.5303159397961923,0.5303159397961923
full_coverage_complete,whitebikebelow,312,0,0,4,True,False,True,0.5292811950115307,0.5292811950115307
full_coverage_complete,whitebikebelow,338,0,0,5,True,False,True,0.7198318156319686,0.7198318156319686
full_coverage_complete,whitebikebelow,343,0,0,5,True,False,True,0.5854842031833669,0.5854842031833669
full_coverage_complete,whitebikebelow,353,1,3,1,True,False,True,0.7148320995602336,0.0
full_coverage_complete,whitebikebelow,354,1,0,1,True,False,True,0.0,0.0
full_coverage_complete,whitebikebelow,355,1,0,1,True,False,True,0.0,0.0
full_coverage_complete,whitebikebelow,360,5,0,5,True,False,True,0.0,0.0
full_coverage_complete,whitebikebelow,364,0,0,5,True,False,True,0.49618730436567976,0.49618730436567976
full_coverage_complete,whitebikebelow,365,0,0,5,True,False,True,0.5212908631791999,0.5212908631791999
full_coverage_complete,whitebikebelow,366,0,0,5,True,False,True,0.5780717241292068,0.5780717241292068
full_coverage_complete,whitebikebelow,367,0,0,5,True,False,True,0.5726210361640733,0.5726210361640733
full_coverage_complete,whitebikebelow,368,0,0,5,True,False,True,0.590629492181071,0.590629492181071
full_coverage_complete,whitebikebelow,369,0,0,4,True,False,True,0.5514660893602702,0.5514660893602702
full_coverage_complete,whitebikebelow,370,0,0,5,True,False,True,0.5687614832342567,0.5687614832342567
full_coverage_complete,whitebikebelow,371,0,0,4,True,False,True,0.6342035414348397,0.6342035414348397
full_coverage_complete,whitebikebelow,372,0,0,5,True,False,True,0.6461756669323344,0.6461756669323344
full_coverage_complete,whitebikebelow,373,0,0,1,True,False,True,0.6750096485563042,0.6750096485563042
full_coverage_complete,whitebikebelow,374,0,0,1,True,False,True,0.7694094241420124,0.7694094241420124
full_coverage_complete,whitebikebelow,376,5,3,5,True,False,True,0.724670021506837,0.0
full_coverage_complete,whitebikebelow,377,1,0,1,True,False,True,0.0,0.0
full_coverage_complete,whitebikebelow,382,5,2,5,True,False,True,0.0,0.0
full_coverage_complete,whitebikebelow,383,0,0,5,True,False,True,0.0,0.705855138508501
full_coverage_complete,whitebikebelow,384,0,0,5,True,False,True,0.6440910010465545,0.6440910010465545
full_coverage_complete,whitebikebelow,385,0,0,5,True,False,True,0.5590417930027445,0.5590417930027445
full_coverage_complete,whitebikebelow,386,0,0,5,True,False,True,0.7016332195475561,0.7016332195475561
full_coverage_complete,whitebikebelow,387,0,0,5,True,False,True,0.7220799340810421,0.7220799340810421
full_coverage_complete,whitebikebelow,388,0,0,5,True,False,True,0.7290506930871669,0.7290506930871669
full_coverage_complete,whitebikebelow,389,0,0,5,True,False,True,0.5893722248536291,0.5893722248536291
full_coverage_complete,whitebikebelow,390,0,0,5,True,False,True,0.6851495346304355,0.6851495346304355
full_coverage_complete,whitebikebelow,391,0,0,5,True,False,True,0.7495867039330586,0.7495867039330586
full_coverage_complete,whitebikebelow,392,0,0,5,True,False,True,0.7784199514169204,0.7784199514169204
full_coverage_complete,whitebikebelow,393,0,0,5,True,False,True,0.8151473429212377,0.8151473429212377
full_coverage_complete,whitebikebelow,394,0,0,4,True,False,True,0.8051318497533855,0.8051318497533855
full_coverage_complete,whitebikebelow,395,0,0,4,True,False,True,0.7265380873087021,0.7265380873087021
full_coverage_complete,whitebikebelow,396,5,2,5,True,False,True,0.6490288404483043,0.0
full_coverage_complete,whitebikebelow,397,0,0,1,True,False,True,0.0,0.0
full_coverage_complete,whitebikebelow,398,0,0,4,True,False,True,0.0,0.0
full_coverage_complete,whitebikebelow,399,0,0,4,True,False,True,0.0,0.0
full_coverage_complete,whitebikebelow,400,5,0,5,True,False,True,0.0,0.0
full_coverage_complete,whitebikebelow,401,0,0,5,True,False,True,0.0900739463669188,0.0900739463669188
full_coverage_complete,whitebikebelow,402,0,1,5,True,False,True,0.37195303894861187,0.37195303894861187
full_coverage_complete,whitebikebelow,403,0,0,5,True,False,True,0.3145151804080747,0.3145151804080747
full_coverage_complete,whitebikebelow,404,0,0,4,True,False,True,0.3483034853113751,0.3483034853113751
full_coverage_complete,whitebikebelow,405,0,0,5,True,False,True,0.38925990074384853,0.38925990074384853
full_coverage_complete,whitebikebelow,406,0,0,5,True,False,True,0.3928793263435292,0.3928793263435292
full_coverage_complete,whitebikebelow,407,0,0,5,True,False,True,0.32810746991953016,0.32810746991953016
full_coverage_complete,whitebikebelow,408,0,0,4,True,False,True,0.2679904532770691,0.2679904532770691
full_coverage_complete,whitebikebelow,409,0,0,4,True,False,True,0.1930644871208317,0.1930644871208317
full_coverage_complete,whitebikebelow,410,0,0,5,True,False,True,0.11963739183757242,0.11963739183757242
full_coverage_complete,whitebikebelow,411,0,0,5,True,False,True,0.20230513364442312,0.20230513364442312
full_coverage_complete,whitebikebelow,412,0,0,5,True,False,True,0.24223694446526142,0.24223694446526142
full_coverage_complete,whitebikebelow,413,0,0,5,True,False,True,0.3245648398492478,0.3245648398492478
full_coverage_complete,whitebikebelow,414,0,0,5,True,False,True,0.3776782967275081,0.3776782967275081
full_coverage_complete,whitebikebelow,415,0,0,5,True,False,True,0.25292461420762496,0.25292461420762496
full_coverage_complete,whitebikebelow,416,0,0,5,True,False,True,0.2504012105987283,0.2504012105987283
full_coverage_complete,whitebikebelow,417,0,0,5,True,False,True,0.3385392223120018,0.3385392223120018
full_coverage_complete,whitebikebelow,418,0,0,5,True,False,True,0.44184151967768476,0.44184151967768476
full_coverage_complete,whitebikebelow,419,0,0,5,True,False,True,0.5127674711146181,0.5127674711146181
full_coverage_complete,whitebikebelow,420,0,0,5,True,False,True,0.5028273894679122,0.5028273894679122
full_coverage_complete,whitebikebelow,421,0,0,5,True,False,True,0.48026485056119117,0.48026485056119117
full_coverage_complete,whitebikebelow,422,4,1,4,True,False,True,0.41797489545366884,0.414294573136484
full_coverage_complete,whitebikebelow,423,0,0,4,True,False,True,0.46002450173422244,0.46002450173422244
full_coverage_complete,whitebikebelow,424,0,0,5,True,False,True,0.500531612482953,0.500531612482953
full_coverage_complete,whitebikebelow,425,0,0,5,True,False,True,0.4440182097866771,0.4440182097866771
full_coverage_complete,whitebikebelow,426,0,0,5,True,False,True,0.4028568561056998,0.4028568561056998
full_coverage_complete,whitebikebelow,427,0,0,4,True,False,True,0.4747677259797709,0.4747677259797709
full_coverage_complete,whitebikebelow,428,0,0,4,True,False,True,0.5517961682016788,0.5517961682016788
full_coverage_complete,whitebikebelow,429,0,0,4,True,False,True,0.49443511880539676,0.49443511880539676
full_coverage_complete,whitebikebelow,430,0,0,4,True,False,True,0.49418339712460196,0.49418339712460196
full_coverage_complete,whitebikebelow,432,5,0,5,True,False,True,0.47921369476334263,0.5997406436607067
full_coverage_complete,whitebikebelow,433,4,1,4,True,False,True,0.5309449708740863,0.5876466476060364
full_coverage_complete,whitebikebelow,434,0,0,5,True,False,True,0.47743753454383553,0.47743753454383553
full_coverage_complete,whitebikebelow,435,0,0,4,True,False,True,0.39092107866871234,0.39092107866871234
full_coverage_complete,whitebikebelow,436,0,0,5,True,False,True,0.3744622733124752,0.3744622733124752
full_coverage_complete,whitebikebelow,437,0,0,4,True,False,True,0.46503091969793553,0.46503091969793553
full_coverage_complete,whitebikebelow,438,0,0,5,True,False,True,0.4747165616597112,0.4747165616597112
full_coverage_complete,whitebikebelow,439,0,0,5,True,False,True,0.3912831503622331,0.3912831503622331
full_coverage_complete,whitebikebelow,440,0,0,5,True,False,True,0.45231045044728296,0.45231045044728296
full_coverage_complete,whitebikebelow,441,0,0,5,True,False,True,0.4696002533818635,0.4696002533818635
full_coverage_complete,whitebikebelow,442,0,0,5,True,False,True,0.4366753859536987,0.4366753859536987
full_coverage_complete,whitebikebelow,443,0,0,5,True,False,True,0.4813725334915762,0.4813725334915762
full_coverage_complete,whitebikebelow,444,0,0,5,True,False,True,0.5602126188699543,0.5602126188699543
full_coverage_complete,whitebikebelow,445,0,0,5,True,False,True,0.6586248573840202,0.6586248573840202
full_coverage_complete,whitebikebelow,446,0,0,4,True,False,True,0.7149097233782914,0.7149097233782914
full_coverage_complete,whitebikebelow,447,0,0,4,True,False,True,0.6705429310515022,0.6705429310515022
full_coverage_complete,whitebikebelow,448,0,0,5,True,False,True,0.7065701542632293,0.7065701542632293
full_coverage_complete,whitebikebelow,449,0,0,5,True,False,True,0.6343483763644082,0.6343483763644082
full_coverage_complete,whitebikebelow,450,0,0,4,True,False,True,0.7537426969565509,0.7537426969565509
full_coverage_complete,whitebikebelow,451,0,0,4,True,False,True,0.8015666356711659,0.8015666356711659
full_coverage_complete,whitebikebelow,452,4,1,4,True,False,True,0.6997977647813325,0.6705763324781394
full_coverage_complete,whitebikebelow,453,0,0,5,True,False,True,0.6367968214189322,0.6367968214189322
full_coverage_complete,whitebikebelow,454,0,0,4,True,False,True,0.6699773269972576,0.6699773269972576
full_coverage_complete,whitebikebelow,468,0,0,5,True,False,True,0.6480232970897889,0.6480232970897889
full_coverage_complete,whitebikebelow,469,0,0,4,True,False,True,0.6648187692611791,0.6648187692611791
full_coverage_complete,whitebikebelow,470,0,0,5,True,False,True,0.68606969314934,0.68606969314934
full_coverage_complete,whitebikebelow,477,0,0,1,True,False,True,0.7253766262727159,0.7253766262727159
full_coverage_complete,whitebikebelow,478,0,0,4,True,False,True,0.7610300771050516,0.7610300771050516
full_coverage_complete,whitebikebelow,484,0,0,4,True,False,True,0.7376404793599058,0.7376404793599058
full_coverage_complete,whitebikebelow,486,0,0,4,True,False,True,0.6883402692141586,0.6883402692141586
full_coverage_complete,whitebikebelow,489,0,0,4,True,False,True,0.775929664710426,0.775929664710426
full_coverage_complete,whitebikebelow,491,0,0,4,True,False,True,0.6465140174210221,0.6465140174210221
full_coverage_complete,whitebikebelow,492,0,0,4,True,False,True,0.6269462371120176,0.6269462371120176
full_coverage_complete,whitebikebelow,493,0,0,4,True,False,True,0.6117506968254534,0.6117506968254534
full_coverage_complete,whitebikebelow,494,0,0,5,True,False,True,0.5883171628024776,0.5883171628024776
full_coverage_complete,whitebikebelow,495,0,0,5,True,False,True,0.5573974197384655,0.5573974197384655
full_coverage_complete,whitebikebelow,496,0,0,5,True,False,True,0.5195416071872041,0.5195416071872041
full_coverage_complete,whitebikebelow,497,0,0,5,True,False,True,0.4968418985689986,0.4968418985689986
full_coverage_complete,whitebikebelow,498,0,0,4,True,False,True,0.502848743818956,0.502848743818956
full_coverage_complete,whitebikebelow,499,0,0,5,True,False,True,0.5513835298329574,0.5513835298329574
full_coverage_complete,whitebikebelow,500,0,0,4,True,False,True,0.5505200593530041,0.5505200593530041
full_coverage_complete,whitebikebelow,501,0,0,4,True,False,True,0.5475792983345811,0.5475792983345811
full_coverage_complete,whitebikebelow,502,0,0,4,True,False,True,0.4985058592668153,0.4985058592668153
full_coverage_complete,whitebikebelow,503,0,0,5,True,False,True,0.37458995454235355,0.37458995454235355
full_coverage_complete,whitebikebelow,504,0,0,5,True,False,True,0.36412113219449155,0.36412113219449155
full_coverage_complete,whitebikebelow,505,0,0,5,True,False,True,0.3510564456419252,0.3510564456419252
full_coverage_complete,whitebikebelow,506,0,0,5,True,False,True,0.32408166505184166,0.32408166505184166
full_coverage_complete,whitebikebelow,507,0,0,5,True,False,True,0.38028337484034136,0.38028337484034136
full_coverage_complete,whitebikebelow,508,0,0,5,True,False,True,0.4101516998127845,0.4101516998127845
full_coverage_complete,whitebikebelow,509,0,0,5,True,False,True,0.4390793376613803,0.4390793376613803
full_coverage_complete,whitebikebelow,510,0,0,4,True,False,True,0.456931652288181,0.456931652288181
full_coverage_complete,whitebikebelow,511,0,0,4,True,False,True,0.417840244954802,0.417840244954802
full_coverage_complete,whitebikebelow,512,0,0,4,True,False,True,0.31567049864758123,0.31567049864758123
full_coverage_complete,whitebikebelow,513,0,0,5,True,False,True,0.2575358137952841,0.2575358137952841
full_coverage_complete,whitebikebelow,514,0,0,4,True,False,True,0.239512088099513,0.239512088099513
full_coverage_complete,whitebikebelow,515,0,0,5,True,False,True,0.2744171941865761,0.2744171941865761
full_coverage_complete,whitebikebelow,516,0,0,5,True,False,True,0.30636504571680157,0.30636504571680157
full_coverage_complete,whitebikebelow,517,0,0,5,True,False,True,0.3855432929472567,0.3855432929472567
full_coverage_complete,whitebikebelow,518,0,0,5,True,False,True,0.4815465117791735,0.4815465117791735
full_coverage_complete,whitebikebelow,519,0,0,4,True,False,True,0.5116829905417318,0.5116829905417318
full_coverage_complete,whitebikebelow,520,0,0,4,True,False,True,0.3477889351181475,0.3477889351181475
full_coverage_complete,whitebikebelow,521,0,0,4,True,False,True,0.23600862328003192,0.23600862328003192
full_coverage_complete,whitebikebelow,523,0,0,4,True,False,True,0.17907824020083699,0.17907824020083699
full_coverage_complete,whitebikebelow,524,0,0,4,True,False,True,0.10410927875805748,0.10410927875805748
full_coverage_complete,whitebikebelow,525,0,1,0,False,False,True,0.14374775647109467,0.0
full_coverage_complete,whitebikebelow,526,0,0,5,True,False,True,0.0,0.0
full_coverage_complete,whitebikebelow,527,0,1,5,True,False,True,0.0,0.0
full_coverage_complete,whitebikebelow,528,0,1,5,True,False,True,0.0,0.0
full_coverage_complete,whitebikebelow,529,0,0,5,True,False,True,0.0,0.0
full_coverage_complete,whitebikebelow,530,0,0,5,True,False,True,0.0,0.0
full_coverage_complete,whitebikebelow,531,0,0,5,True,False,True,0.0,0.0
full_coverage_complete,whitebikebelow,532,0,0,5,True,False,True,0.0,0.0
full_coverage_complete,whitebikebelow,534,0,0,1,True,False,True,0.0,0.0
full_coverage_complete,whitebikebelow,537,0,0,5,True,False,True,0.0,0.0
full_coverage_complete,whitebikebelow,538,0,0,5,True,False,True,0.0,0.0
full_coverage_complete,whitebikebelow,539,0,0,5,True,False,True,0.0,0.0
full_coverage_complete,whitebikebelow,540,0,0,5,True,False,True,0.0,0.0
full_coverage_complete,whitebikebelow,541,0,0,5,True,False,True,0.0,0.0
full_coverage_complete,whitebikebelow,542,0,0,5,True,False,True,0.0,0.0
full_coverage_complete,whitebikebelow,543,0,0,5,True,False,True,0.0,0.0
full_coverage_complete,whitebikebelow,544,0,1,5,True,False,True,0.0,0.0
full_coverage_complete,whitebikebelow,545,0,0,4,True,False,True,0.0,0.0
full_coverage_complete,whitebikebelow,546,0,0,5,True,False,True,0.0,0.0
full_coverage_complete,whitebikebelow,547,0,0,4,True,False,True,0.0,0.0
full_coverage_complete,whitebikebelow,548,0,0,5,True,False,True,0.0,0.0
full_coverage_complete,whitebikebelow,549,0,0,5,True,False,True,0.0,0.0
full_coverage_complete,whitebikebelow,550,0,0,5,True,False,True,0.0,0.0
full_coverage_complete,whitebikebelow,551,0,0,5,True,False,True,0.0,0.0
full_coverage_complete,whitebikebelow,552,0,0,5,True,False,True,0.0,0.0
full_coverage_complete,whitebikebelow,553,0,0,5,True,False,True,0.0,0.0
full_coverage_complete,whitebikebelow,554,5,3,5,True,False,True,0.0,0.0
full_coverage_complete,whitebikebelow,555,0,0,6,True,False,True,0.0,0.0
full_coverage_complete,whitebikebelow,556,0,0,1,True,False,True,0.0,0.0
full_coverage_complete,whitebikebelow,557,4,0,4,True,False,True,0.0,0.0
full_coverage_complete,whitebikebelow,558,0,0,5,True,False,True,0.0,0.0
full_coverage_complete,whitebikebelow,560,0,0,1,True,False,True,0.0,0.0
full_coverage_complete,whitebikebelow,561,5,0,5,True,False,True,0.0,0.0
full_coverage_complete,whitebikebelow,562,5,0,5,True,False,True,0.0,0.0
full_coverage_complete,whitebikebelow,563,5,0,5,True,False,True,0.0,0.0
full_coverage_complete,whitebikebelow,564,5,0,5,True,False,True,0.0,0.0
full_coverage_complete,whitebikebelow,565,5,0,5,True,False,True,0.0,0.0
full_coverage_complete,whiteboyrightcoccergoal,210,0,0,2,True,False,True,0.9260553882910063,0.9260553882910063
full_coverage_complete,whiteboyrightcoccergoal,304,0,0,2,True,False,True,0.9146936721500976,0.9146936721500976
full_coverage_complete,whiteboyrightcoccergoal,305,0,0,4,True,False,True,0.8860805496109816,0.8860805496109816
full_coverage_complete,whiteboyrightcoccergoal,306,0,0,4,True,False,True,0.8274986647789041,0.8274986647789041
full_coverage_complete,whiteboyrightcoccergoal,307,0,0,2,True,False,True,0.8902220094578432,0.8902220094578432
full_coverage_complete,whiteboyrightcoccergoal,308,4,0,4,True,False,True,0.8348700896265365,0.8081470435254062
full_coverage_complete,whiteboyrightcoccergoal,309,0,0,4,True,False,True,0.8170640498117988,0.8170640498117988
full_coverage_complete,whiteboyrightcoccergoal,311,4,0,4,True,False,True,0.8916694198362265,0.8414246249971344
full_coverage_complete,whiteboyrightcoccergoal,312,4,0,4,True,False,True,0.862354841480702,0.8852258057871362
full_coverage_complete,whiteboyrightcoccergoal,313,4,0,4,True,False,True,0.8668757349346946,0.7047046754569576
full_coverage_complete,whiteboyrightcoccergoal,315,0,0,4,True,False,True,0.8484838785483131,0.8484838785483131
full_coverage_complete,whiteboyrightcoccergoal,316,4,0,4,True,False,True,0.8441747567204969,0.7642688193350742
full_coverage_complete,whiteboyrightcoccergoal,317,0,0,4,True,False,True,0.7760505145059783,0.7760505145059783
full_coverage_complete,whiteboyrightcoccergoal,318,0,0,4,True,False,True,0.7609545863865117,0.7609545863865117
full_coverage_complete,whiteboyrightcoccergoal,319,0,0,4,True,False,True,0.8859321400542493,0.8859321400542493
full_coverage_complete,whiteboyrightcoccergoal,320,4,1,4,True,False,True,0.8923465211461752,0.8075498186604503
full_coverage_complete,whiteboyrightcoccergoal,321,4,0,4,True,False,True,0.8418793357320813,0.8238660864039776
full_coverage_complete,whiteboyrightcoccergoal,322,0,0,4,True,False,True,0.8894242426808102,0.8894242426808102
full_coverage_complete,whiteboyrightcoccergoal,323,0,0,4,True,False,True,0.5405772772756674,0.5405772772756674
full_coverage_complete,whiteboyrightcoccergoal,324,0,1,4,True,False,True,0.6026828698370703,0.0
full_coverage_complete,whiteboyrightcoccergoal,325,0,0,1,True,False,True,0.0,0.0
full_coverage_complete,whiteboyrightcoccergoal,326,0,0,4,True,False,True,0.0,0.0
full_coverage_complete,whiteboyrightcoccergoal,327,0,0,4,True,False,True,0.0,0.0
full_coverage_complete,whiteboyrightcoccergoal,328,0,0,2,True,False,True,0.0,0.0
full_coverage_complete,whiteboyrightcoccergoal,329,0,0,4,True,False,True,0.0,0.0
full_coverage_complete,whiteboyrightcoccergoal,331,0,0,4,True,False,True,0.0,0.0
full_coverage_complete,whiteboyrightcoccergoal,332,0,0,4,True,False,True,0.0,0.0
full_coverage_complete,whiteboyrightcoccergoal,333,0,0,4,True,False,True,0.0,0.0
full_coverage_complete,whiteboyrightcoccergoal,334,0,0,4,True,False,True,0.0,0.0
full_coverage_complete,whiteboyrightcoccergoal,335,5,0,5,True,False,True,0.0,0.0
full_coverage_complete,whiteboyrightcoccergoal,337,0,0,2,True,False,True,0.0,0.0
full_coverage_complete,whiteboyrightcoccergoal,338,0,1,2,True,False,True,0.0,0.0
full_coverage_complete,whiteboyrightcoccergoal,343,0,0,4,True,False,True,0.0,0.0
full_coverage_complete,whiteboyrightcoccergoal,347,0,0,2,True,False,True,0.0,0.0
full_coverage_complete,whiteboyrightcoccergoal,352,0,0,4,True,False,True,0.0,0.0
full_coverage_complete,whiteboyrightcoccergoal,375,0,0,2,True,False,True,0.0,0.0
full_coverage_complete,whiteboyrightcoccergoal,376,0,0,2,True,False,True,0.0,0.0
full_coverage_complete,whiteboyrightcoccergoal,377,5,2,5,True,False,True,0.0,0.0
full_coverage_complete,whiteboyrightcoccergoal,378,5,1,5,True,False,True,0.0,0.7071145657015442
full_coverage_complete,whiteboyrightcoccergoal,380,0,0,5,True,False,True,0.7652017007482813,0.7652017007482813
full_coverage_complete,whiteboyrightcoccergoal,452,0,0,2,True,False,True,0.8381618837029868,0.8381618837029868
full_coverage_complete,whiteboyrightcoccergoal,453,0,0,2,True,False,True,0.8194623127174038,0.8194623127174038
full_coverage_complete,whiteboyrightcoccergoal,457,0,0,4,True,False,True,0.838120413815632,0.838120413815632
full_coverage_complete,whiteboyrightcoccergoal,458,0,0,2,True,False,True,0.7787791773542962,0.7787791773542962
full_coverage_complete,whiteboyrightcoccergoal,459,0,0,4,True,False,True,0.7900418425976455,0.7900418425976455
full_coverage_complete,whiteboyrightcoccergoal,466,0,1,2,True,False,True,0.8456401383136914,0.0
full_coverage_complete,whiteboyrightcoccergoal,467,1,0,1,True,False,True,0.0,0.0
full_coverage_complete,whiteboyrightcoccergoal,468,4,0,4,True,False,True,0.0,0.7949482748205107
full_coverage_complete,whiteboyrightcoccergoal,469,5,0,5,True,False,True,0.7648551583903502,0.8117570393656212
full_coverage_complete,whiteboyrightcoccergoal,473,4,0,4,True,False,True,0.7955862782669721,0.8287264629235375
full_coverage_complete,whiteboyrightcoccergoal,474,0,0,2,True,False,True,0.6827622424146187,0.6827622424146187
full_coverage_complete,whiteboyrightcoccergoal,475,0,0,2,True,False,True,0.5164819021461633,0.5164819021461633
full_coverage_complete,whiteboyrightcoccergoal,476,0,0,2,True,False,True,0.32216019621427644,0.32216019621427644
full_coverage_complete,whiteboyrightcoccergoal,478,0,0,5,True,False,True,0.3751986939249832,0.3751986939249832
full_coverage_complete,whiteboyrightcoccergoal,479,0,0,4,True,False,True,0.560239988153555,0.560239988153555
full_coverage_complete,whiteboyrightcoccergoal,481,0,0,5,True,False,True,0.6397142295023818,0.6397142295023818
full_coverage_complete,whiteboyrightcoccergoal,482,0,0,5,True,False,True,0.748214393983801,0.748214393983801
full_coverage_complete,whiteboyrightcoccergoal,483,5,0,5,True,False,True,0.9291950049885981,0.9105203676891382
full_coverage_complete,whiteboyrightcoccergoal,489,0,0,2,True,False,True,0.9126050084233047,0.9126050084233047
full_coverage_complete,whiteboyrightcoccergoal,490,0,0,2,True,False,True,0.8983827547558834,0.8983827547558834
full_coverage_complete,whiteboyrightcoccergoal,491,0,0,4,True,False,True,0.7445645653048562,0.7445645653048562
full_coverage_complete,whiteboyrightcoccergoal,511,4,0,4,True,False,True,0.7311849734963262,0.7445199209928912
full_coverage_complete,whiteboyrightcoccergoal,513,4,0,4,True,False,True,0.7928610946624985,0.7906540938330964
full_coverage_complete,whiteboyrightcoccergoal,514,0,0,2,True,False,True,0.7600611910075991,0.7600611910075991
full_coverage_complete,whiteboyrightcoccergoal,528,0,0,5,True,False,True,0.8458263714735896,0.8458263714735896
full_coverage_complete,whiteboyrightcoccergoal,529,4,0,4,True,False,True,0.7748881909930971,0.8175773793594958
full_coverage_complete,whiteboyrightcoccergoal,531,0,0,4,True,False,True,0.9086241211569631,0.9086241211569631
full_coverage_complete,whiteboyrightcoccergoal,533,0,0,5,True,False,True,0.8707924746373906,0.8707924746373906
full_coverage_complete,whiteboyrightcoccergoal,534,0,0,4,True,False,True,0.8787378853668129,0.8787378853668129
full_coverage_complete,whiteboyrightcoccergoal,535,0,0,5,True,False,True,0.9126267278110713,0.9126267278110713
full_coverage_complete,whiteboyrightcoccergoal,538,0,0,1,True,False,True,0.90451198463297,0.90451198463297
full_coverage_complete,whiteboyrightcoccergoal,541,4,0,4,True,False,True,0.7850295649549497,0.8489492504115005
full_coverage_complete,whiteboyrightcoccergoal,543,4,2,4,True,False,True,0.7569949707836874,0.6094277467968784
full_coverage_complete,whiteboyrightcoccergoal,545,0,0,5,True,False,True,0.8039119179615476,0.8039119179615476
full_coverage_complete,whiteboyrightcoccergoal,546,5,1,5,True,False,True,0.7609697735253617,0.5794751727863137
full_coverage_complete,whiteboyrightcoccergoal,547,0,0,4,True,False,True,0.8540942749466585,0.8540942749466585
full_coverage_complete,whiteboyrightcoccergoal,548,5,1,5,True,False,True,0.76194043421793,0.5089301069583744
full_coverage_complete,whiteboyrightcoccergoal,550,5,0,5,True,False,True,0.8162588468212975,0.8550347526333838
full_coverage_complete,whiteboyrightcoccergoal,551,5,0,5,True,False,True,0.7939138455322273,0.7070072748854844
full_coverage_complete,whiteboyrightcoccergoal,553,0,0,4,True,False,True,0.6726408494310684,0.6726408494310684
full_coverage_complete,whiteboyrightcoccergoal,554,4,0,4,True,False,True,0.7177313419619838,0.9033083496713636
full_coverage_complete,whiteboyrightcoccergoal,574,0,0,5,True,False,True,0.8663847093510494,0.8663847093510494
full_coverage_complete,whitecarturn683,265,0,0,6,True,False,True,0.0,0.0
full_coverage_complete,whitecarturn683,276,5,3,5,True,False,True,0.06371926728338402,0.0
full_coverage_complete,whitecarturn683,277,0,1,6,True,False,True,0.0,0.0
full_coverage_complete,whitecarturn683,278,0,0,5,True,False,True,0.0,0.0
full_coverage_complete,whitecarturn683,279,0,0,5,True,False,True,0.0,0.0
full_coverage_complete,whitecarturn683,285,0,0,6,True,False,True,0.0,0.0
full_coverage_complete,whitecarturn683,304,0,0,4,True,False,True,0.0,0.0
full_coverage_complete,whitecarturn683,305,0,0,1,True,False,True,0.0,0.0
full_coverage_complete,whitecarturn683,307,0,0,5,True,False,True,0.0,0.0
full_coverage_complete,whitecarturn683,309,0,0,5,True,False,True,0.0,0.0
full_coverage_complete,whitecarturn683,313,0,0,5,True,False,True,0.0,0.0
full_coverage_complete,whitecarturn683,314,0,0,5,True,False,True,0.0,0.0
full_coverage_complete,whitecarturn683,315,0,0,5,True,False,True,0.0,0.0
full_coverage_complete,whitecarturn683,316,0,0,6,True,False,True,0.0,0.0
full_coverage_complete,whitecarturn683,317,5,2,5,True,False,True,0.0,0.0
full_coverage_complete,whitecarturn683,318,5,0,5,True,False,True,0.0,0.0
full_coverage_complete,whitecarturn683,319,0,0,5,True,False,True,0.0,0.0
full_coverage_complete,whitecarturn683,320,5,0,5,True,False,True,0.0,0.0
full_coverage_complete,whitecarturn683,321,0,0,5,True,False,True,0.0,0.0
full_coverage_complete,whitecarturn683,322,0,0,5,True,False,True,0.0,0.0
full_coverage_complete,whitecarturn683,323,5,0,5,True,False,True,0.0,0.0
full_coverage_complete,whitecarturn683,324,5,4,5,True,False,True,0.0,0.0
full_coverage_complete,whitecarturn683,325,5,3,5,True,False,True,0.0,0.0
full_coverage_complete,whitecarturn683,326,5,0,5,True,False,True,0.0,0.0
full_coverage_complete,whitecarturn683,374,0,0,1,True,False,True,0.0,0.0
full_coverage_complete,whitecarturn683,377,0,0,5,True,False,True,0.0,0.0
full_coverage_complete,whitecarturn683,378,0,0,5,True,False,True,0.0,0.0
full_coverage_complete,whitecarturn683,379,0,0,5,True,False,True,0.0,0.0
full_coverage_complete,whitecarturn683,380,0,0,5,True,False,True,0.0,0.0
full_coverage_complete,whitecarturn683,381,0,0,5,True,False,True,0.0,0.0
full_coverage_complete,whitecarturn683,382,0,0,5,True,False,True,0.0,0.0
full_coverage_complete,whitecarturn683,383,0,0,5,True,False,True,0.0,0.0
full_coverage_complete,whitecarturn683,384,0,0,5,True,False,True,0.0,0.0
full_coverage_complete,whitecarturn683,385,0,0,5,True,False,True,0.0,0.0
full_coverage_complete,whitecarturn683,386,0,0,5,True,False,True,0.0,0.0
full_coverage_complete,whitecarturn683,387,0,0,5,True,False,True,0.0,0.0
full_coverage_complete,whitecarturn683,388,0,0,5,True,False,True,0.0,0.0
full_coverage_complete,whitecarturn683,389,0,0,5,True,False,True,0.0,0.0
full_coverage_complete,whitecarturn683,390,0,0,5,True,False,True,0.0,0.0
full_coverage_complete,whitecarturn683,391,0,0,5,True,False,True,0.0,0.0
full_coverage_complete,whitecarturn683,392,0,0,5,True,False,True,0.0,0.0
full_coverage_complete,whitecarturn683,393,0,0,5,True,False,True,0.0,0.0
full_coverage_complete,whitecarturn683,394,0,0,5,True,False,True,0.0,0.0
full_coverage_complete,whitecarturn683,395,0,0,5,True,False,True,0.0,0.0
full_coverage_complete,whitecarturn683,396,0,0,5,True,False,True,0.0,0.0
full_coverage_complete,whitecarturn683,397,0,0,5,True,False,True,0.0,0.0
full_coverage_complete,whitecarturn683,398,0,0,5,True,False,True,0.0,0.0
full_coverage_complete,whitecarturn683,399,0,0,5,True,False,True,0.0,0.0
full_coverage_complete,whitecarturn683,401,0,0,5,True,False,True,0.0,0.0
full_coverage_complete,whitecarturn683,402,0,0,5,True,False,True,0.0,0.0
full_coverage_complete,whitecarturn683,403,0,0,5,True,False,True,0.0,0.0
full_coverage_complete,whitecarturn683,404,0,0,5,True,False,True,0.0,0.0
full_coverage_complete,whitecarturn683,405,0,0,5,True,False,True,0.0,0.0
full_coverage_complete,whitecarturn683,406,0,0,5,True,False,True,0.0,0.0
full_coverage_complete,whitecarturn683,407,0,0,5,True,False,True,0.0,0.0
full_coverage_complete,whitecarturn683,408,0,0,5,True,False,True,0.0,0.0
full_coverage_complete,whitecarturn683,409,0,0,5,True,False,True,0.0,0.0
full_coverage_complete,whitecarturn683,410,0,0,5,True,False,True,0.0,0.0
full_coverage_complete,whitecarturn683,411,0,0,5,True,False,True,0.0,0.0
full_coverage_complete,whitecarturn683,412,0,0,5,True,False,True,0.0,0.0
full_coverage_complete,whitecarturn683,413,0,0,5,True,False,True,0.0,0.0
full_coverage_complete,whitecarturn683,414,0,0,5,True,False,True,0.0,0.0
full_coverage_complete,whitecarturn683,415,0,0,5,True,False,True,0.0,0.0
full_coverage_complete,whitecarturn683,416,0,0,5,True,False,True,0.0,0.0
full_coverage_complete,whitecarturn683,417,0,0,5,True,False,True,0.0,0.0
full_coverage_complete,whitecarturn683,418,0,0,5,True,False,True,0.0,0.0
full_coverage_complete,whitecarturn683,419,0,0,5,True,False,True,0.0,0.0
full_coverage_complete,whitecarturn683,420,0,0,5,True,False,True,0.0,0.0
full_coverage_complete,whitecarturn683,421,0,0,5,True,False,True,0.0,0.0
full_coverage_complete,whitecarturn683,422,0,0,5,True,False,True,0.0,0.0
full_coverage_complete,whitecarturn683,423,0,0,5,True,False,True,0.0,0.0
full_coverage_complete,whitecarturn683,424,0,0,5,True,False,True,0.0,0.0
full_coverage_complete,whitecarturn683,425,0,0,5,True,False,True,0.0,0.0
full_coverage_complete,whitecarturn683,426,0,0,5,True,False,True,0.0,0.0
full_coverage_complete,whitecarturn683,427,0,1,5,True,False,True,0.0,0.0762127224311271
full_coverage_complete,whitecarturn683,428,0,0,5,True,False,True,0.4965624571459587,0.4965624571459587
full_coverage_complete,whitecarturn683,435,0,0,5,True,False,True,0.6119666981654723,0.6119666981654723
full_coverage_complete,whitecarturn683,436,5,3,5,True,False,True,0.1586728985813242,0.0
full_coverage_complete,whitecarturn683,437,0,0,1,True,False,True,0.0,0.0
full_coverage_complete,whitecarturn683,438,0,0,4,True,False,True,0.0,0.0
full_coverage_complete,whitecarturn683,439,5,1,5,True,False,True,0.0,0.0
full_coverage_complete,whitecarturn683,441,0,0,5,True,False,True,0.0,0.0
full_coverage_complete,whitecarturn683,442,0,0,5,True,False,True,0.0,0.0
full_coverage_complete,whitecarturn683,443,0,0,5,True,False,True,0.0,0.0
full_coverage_complete,whitecarturn683,444,5,2,5,True,False,True,0.0,0.0
full_coverage_complete,whitecarturn683,445,0,1,5,True,False,True,0.0,0.0
full_coverage_complete,whitecarturn683,446,5,0,5,True,False,True,0.0,0.0
full_coverage_complete,whitecarturn683,447,0,0,5,True,False,True,0.0,0.0
full_coverage_complete,whitecarturn683,448,0,0,5,True,False,True,0.0,0.0
full_coverage_complete,whitecarturn683,449,0,0,5,True,False,True,0.0,0.0
full_coverage_complete,whitecarturn683,450,5,0,5,True,False,True,0.0,0.0
full_coverage_complete,whitecarturn683,451,0,0,5,True,False,True,0.0,0.0
full_coverage_complete,whitecarturn683,452,0,0,5,True,False,True,0.0,0.0
full_coverage_complete,whitecarturn683,453,0,0,4,True,False,True,0.0,0.0
full_coverage_complete,whitecarturn683,454,0,0,5,True,False,True,0.0,0.0
full_coverage_complete,whitecarturn683,455,0,0,5,True,False,True,0.0,0.0
full_coverage_complete,whitecarturn683,456,5,0,5,True,False,True,0.0,0.0
full_coverage_complete,whitecarturn683,457,5,0,5,True,False,True,0.0,0.0
full_coverage_complete,whitecarturn683,458,0,1,5,True,False,True,0.0,0.0
full_coverage_complete,whitecarturn683,459,0,0,6,True,False,True,0.0,0.0
full_coverage_complete,whitecarturn683,460,0,0,5,True,False,True,0.0,0.0
full_coverage_complete,whitecarturn683,461,0,0,5,True,False,True,0.0,0.0
full_coverage_complete,whitecarturn683,462,5,2,5,True,False,True,0.0,0.4958773261677989
full_coverage_complete,whitecarturn683,463,0,0,5,True,False,True,0.4134900048454457,0.4134900048454457
full_coverage_complete,whitecarturn683,464,0,1,5,True,False,True,0.23030778318332035,0.0
full_coverage_complete,whitecarturn683,465,0,0,6,True,False,True,0.0,0.0
full_coverage_complete,whitecarturn683,466,0,0,5,True,False,True,0.0,0.0
full_coverage_complete,whitecarturn683,467,0,0,5,True,False,True,0.0,0.0
full_coverage_complete,whitecarturn683,468,0,0,5,True,False,True,0.0,0.0
full_coverage_complete,whitecarturn683,469,5,2,5,True,False,True,0.0,0.0
full_coverage_complete,whitecarturn683,470,0,0,5,True,False,True,0.0,0.0
full_coverage_complete,whitecarturn683,471,5,0,5,True,False,True,0.0,0.0
full_coverage_complete,whitecarturn683,472,0,0,5,True,False,True,0.0,0.0
full_coverage_complete,whitecarturn683,473,0,0,5,True,False,True,0.0,0.0
full_coverage_complete,whitecarturn683,474,0,0,5,True,False,True,0.0,0.0
full_coverage_complete,whitecarturn683,475,0,0,5,True,False,True,0.0,0.0
full_coverage_complete,whitecarturn683,476,0,0,6,True,False,True,0.0,0.0
full_coverage_complete,whitecarturn683,477,0,0,5,True,False,True,0.0,0.0
full_coverage_complete,whitecarturn683,478,0,0,5,True,False,True,0.0,0.0
full_coverage_complete,whitecarturn683,479,0,1,5,True,False,True,0.0,0.39237820915417493
full_coverage_complete,whitefardown,51,0,0,4,True,False,True,0.1466868142698752,0.1466868142698752
full_coverage_complete,whitefardown,52,0,0,1,True,False,True,0.3251696663692276,0.3251696663692276
full_coverage_complete,whitefardown,55,0,0,1,True,False,True,0.3578162389754492,0.3578162389754492
full_coverage_complete,whitefardown,57,0,0,1,True,False,True,0.34633166610514926,0.34633166610514926
full_coverage_complete,whitefardown,58,0,0,5,True,False,True,0.39102950407358256,0.39102950407358256
full_coverage_complete,whitefardown,59,0,0,1,True,False,True,0.5233742142358349,0.5233742142358349
full_coverage_complete,whitefardown,60,0,0,4,True,False,True,0.43636779214643984,0.43636779214643984
full_coverage_complete,whitefardown,61,4,3,4,True,False,True,0.4537133663023052,0.0
full_coverage_complete,whitefardown,62,0,0,5,True,False,True,0.0,0.0
full_coverage_complete,whitefardown,63,0,0,5,True,False,True,0.0,0.0
full_coverage_complete,whitefardown,64,0,0,5,True,False,True,0.0,0.0
full_coverage_complete,whitefardown,65,0,0,4,True,False,True,0.0,0.0
full_coverage_complete,whitefardown,66,0,0,5,True,False,True,0.0,0.0
full_coverage_complete,whitefargirl,46,0,0,1,True,False,True,0.6654386615646809,0.6654386615646809
full_coverage_complete,whitefargirl,88,0,0,4,True,False,True,0.7949220678466553,0.7949220678466553
full_coverage_complete,whitefargirl,91,4,0,4,True,False,True,0.765099726687989,0.7071044606092354
full_coverage_complete,whitefargirl,92,0,0,5,True,False,True,0.7431760270835793,0.7431760270835793
full_coverage_complete,whitefargirl,94,0,0,5,True,False,True,0.5712661340051892,0.5712661340051892
full_coverage_complete,whitefargirl,95,0,0,4,True,False,True,0.8001318964035206,0.8001318964035206
full_coverage_complete,whitefargirl,96,0,0,5,True,False,True,0.4437982728672711,0.4437982728672711
full_coverage_complete,whitefargirl,99,5,0,5,True,False,True,0.7432850201823424,0.5936757856760159
full_coverage_complete,whitefargirl,101,5,2,5,True,False,True,0.6171354715401137,0.6048026182638949
full_coverage_complete,whitefargirl,102,0,0,1,True,False,True,0.153367664536205,0.153367664536205
full_coverage_complete,whitefargirl,103,0,0,5,True,False,True,0.1937878744250412,0.1937878744250412
full_coverage_complete,whitefargirl,104,0,0,5,True,False,True,0.17982590611721957,0.17982590611721957
full_coverage_complete,whitefargirl,107,0,0,5,True,False,True,0.7934228795187803,0.7934228795187803
full_coverage_complete,whitefargirl,109,0,0,5,True,False,True,0.050553188263878765,0.050553188263878765
full_coverage_complete,whitefargirl,110,0,0,5,True,False,True,0.00836950566168093,0.00836950566168093
full_coverage_complete,whitefargirl,112,0,0,5,True,False,True,0.0,0.0
full_coverage_complete,whitefargirl,113,5,0,5,True,False,True,0.0008779039994947997,0.0
full_coverage_complete,whitefargirl,114,4,0,4,True,False,True,0.0,0.0
full_coverage_complete,whitefargirl,115,0,0,1,True,False,True,0.8490552751246184,0.8490552751246184
full_coverage_complete,whitefargirl,118,0,0,1,True,False,True,0.8327946897889327,0.8327946897889327
full_coverage_complete,whitefargirl,126,4,0,4,True,False,True,0.7811461470053686,0.7797770946653679
full_coverage_complete,whitefargirl,128,4,0,4,True,False,True,0.7726091665012724,0.7714788043387713
full_coverage_complete,whitefargirl,129,5,0,5,True,False,True,0.7563107281766354,0.8025867773658134
full_coverage_complete,whitefargirl,130,0,0,4,True,False,True,0.7790991954970473,0.7790991954970473
full_coverage_complete,whitefargirl,133,0,0,4,True,False,True,0.7249996046900128,0.7249996046900128
full_coverage_complete,whitefargirl,134,4,0,4,True,False,True,0.802202869517001,0.0
full_coverage_complete,whitegirlinlight,13,0,0,4,True,False,True,0.4313963470876225,0.4313963470876225
full_coverage_complete,whitegirlinlight,14,0,0,5,True,False,True,0.4807052495735556,0.4807052495735556
full_coverage_complete,whitegirlinlight,15,0,0,4,True,False,True,0.39299311390937136,0.39299311390937136
full_coverage_complete,whitegirlinlight,16,0,0,4,True,False,True,0.46759074256126715,0.46759074256126715
full_coverage_complete,whitegirlinlight,44,0,0,5,True,False,True,0.5428425234768016,0.5428425234768016
full_coverage_complete,whitegirlinlight,47,0,0,5,True,False,True,0.5584619592906861,0.5584619592906861
full_coverage_complete,whitegirlinlight,50,0,0,4,True,False,True,0.610097761385657,0.610097761385657
full_coverage_complete,whitegirlinlight,55,0,0,4,True,False,True,0.5270480689998471,0.5270480689998471
full_coverage_complete,whitegirlinlight,56,0,0,5,True,False,True,0.5031206389494636,0.5031206389494636
full_coverage_complete,whitegirlinlight,57,0,0,5,True,False,True,0.5037310307369741,0.5037310307369741
full_coverage_complete,whitegirlinlight,58,0,0,1,True,False,True,0.5056697880490597,0.5056697880490597
full_coverage_complete,whitegirlinlight,59,1,2,1,True,False,True,0.4954245637321776,0.0
full_coverage_complete,whitegirlinlight,60,0,0,5,True,False,True,0.0,0.0
full_coverage_complete,whitegirlinlight,61,0,1,5,True,False,True,0.0,0.470840455786642
full_coverage_complete,whitegirlinlight,62,0,0,4,True,False,True,0.4763196243182978,0.4763196243182978
full_coverage_complete,whitegirlinlight,63,0,0,1,True,False,True,0.4747044825181642,0.4747044825181642
full_coverage_complete,whitegirlinlight,65,0,0,4,True,False,True,0.5586006781260796,0.5586006781260796
full_coverage_complete,whitegirlinlight,380,0,0,5,True,False,True,0.33753918055105947,0.33753918055105947
full_coverage_complete,whitegirlinlight,381,0,0,4,True,False,True,0.3351516505619235,0.3351516505619235
full_coverage_complete,whitegirlinlight,382,0,0,4,True,False,True,0.28417930183341805,0.28417930183341805
full_coverage_complete,whitegirlinlight,383,0,0,4,True,False,True,0.3444023764403851,0.3444023764403851
full_coverage_complete,whitegirlinlight,384,0,0,5,True,False,True,0.20100319921886436,0.20100319921886436
full_coverage_complete,whitegirlinlight,385,5,4,5,True,False,True,0.096488861531377,0.0
full_coverage_complete,whitegirlinlight,512,1,0,1,True,False,True,0.0,0.0
full_coverage_complete,whitegirlinlight,513,1,0,1,True,False,True,0.0,0.0
full_coverage_complete,whitegirlinlight,518,0,0,5,True,False,True,0.0,0.0
full_coverage_complete,whitegirlinlight,519,0,0,5,True,False,True,0.0,0.0
full_coverage_complete,whitegirlinlight,520,0,0,5,True,False,True,0.0,0.0
full_coverage_complete,whitegirlinlight,521,0,0,5,True,False,True,0.0,0.0
full_coverage_complete,whitegirlinlight,522,0,0,4,True,False,True,0.0,0.0
full_coverage_complete,whitegirlinlight,523,0,0,1,True,False,True,0.0,0.0
full_coverage_complete,whitegirlinlight,525,1,0,1,True,False,True,0.0,0.0
full_coverage_complete,whitegirlinlight,530,1,0,1,True,False,True,0.0,0.0
full_coverage_complete,whitegirlinlight,536,0,0,1,True,False,True,0.0,0.0
full_coverage_complete,whitegirlinlight,537,0,0,4,True,False,True,0.0,0.0
full_coverage_complete,whitegirlinlight,538,1,0,1,True,False,True,0.0,0.0
full_coverage_complete,whitegirlinlight,539,0,0,4,True,False,True,0.0,0.0
full_coverage_complete,whitegirlinlight,540,5,0,5,True,False,True,0.0,0.0
full_coverage_complete,whitegirlinlight,542,0,0,1,True,False,True,0.0,0.0
full_coverage_complete,whitegirlinlight,543,1,0,1,True,False,True,0.0,0.0
full_coverage_complete,whitegirlinlight,546,0,0,4,True,False,True,0.0,0.0
full_coverage_complete,whitegirlinlight,549,0,0,4,True,False,True,0.0,0.0
full_coverage_complete,whitegirlinlight,550,0,0,4,True,False,True,0.0,0.0
full_coverage_complete,whitegirlinlight,551,0,0,1,True,False,True,0.0,0.0
full_coverage_complete,whitegirlinlight,552,0,0,1,True,False,True,0.0,0.0
full_coverage_complete,whitegirlinlight,553,1,0,1,True,False,True,0.0,0.0
full_coverage_complete,whitegirlinlight,588,0,0,1,True,False,True,0.0,0.0
full_coverage_complete,whitegirltakingchopsticks,177,0,0,5,True,False,True,0.6245754242378728,0.6245754242378728
full_coverage_complete,whitegirltakingchopsticks,178,5,1,5,True,False,True,0.6399119239042299,0.11120886414748882
full_coverage_complete,whitegirltakingchopsticks,180,5,0,5,True,False,True,0.5847298729482084,0.4545642355624455
full_coverage_complete,whitegirltakingchopsticks,202,0,0,4,True,False,True,0.0,0.0
full_coverage_complete,whitegirltakingchopsticks,203,0,0,5,True,False,True,0.0,0.0
full_coverage_complete,whitegirltakingchopsticks,204,0,0,5,True,False,True,0.0,0.0
full_coverage_complete,whitegirltakingchopsticks,205,0,0,5,True,False,True,0.0,0.0
full_coverage_complete,whitegirltakingchopsticks,206,0,0,5,True,False,True,0.0,0.0
full_coverage_complete,whitegirltakingchopsticks,207,0,0,5,True,False,True,0.0,0.0
full_coverage_complete,whitegirltakingchopsticks,208,0,0,5,True,False,True,0.0,0.0
full_coverage_complete,whitegirltakingchopsticks,209,0,0,5,True,False,True,0.0,0.0
full_coverage_complete,whitegirltakingchopsticks,210,0,0,5,True,False,True,0.0,0.0
full_coverage_complete,whitegirltakingchopsticks,211,0,0,5,True,False,True,0.0,0.0
full_coverage_complete,whitegirltakingchopsticks,212,0,0,5,True,False,True,0.0,0.0
full_coverage_complete,whitegirltakingchopsticks,213,0,0,5,True,False,True,0.0,0.0
full_coverage_complete,whitegirltakingchopsticks,214,0,0,5,True,False,True,0.0,0.0
full_coverage_complete,whitegirltakingchopsticks,215,0,0,5,True,False,True,0.0,0.0
full_coverage_complete,whitegirltakingchopsticks,216,0,0,5,True,False,True,0.0,0.0
full_coverage_complete,whitegirltakingchopsticks,217,0,0,5,True,False,True,0.0,0.0
full_coverage_complete,whitegirltakingchopsticks,218,0,0,5,True,False,True,0.0,0.0
full_coverage_complete,whitegirltakingchopsticks,221,0,0,5,True,False,True,0.0,0.0
full_coverage_complete,whitegirltakingchopsticks,222,0,0,5,True,False,True,0.0,0.0
full_coverage_complete,whitegirltakingchopsticks,223,0,0,5,True,False,True,0.0,0.0
full_coverage_complete,whitegirltakingchopsticks,224,0,0,5,True,False,True,0.0,0.0
full_coverage_complete,whitegirltakingchopsticks,225,0,0,5,True,False,True,0.0,0.0
full_coverage_complete,whitegirltakingchopsticks,227,0,0,5,True,False,True,0.0,0.0
full_coverage_complete,whitegirltakingchopsticks,228,0,0,5,True,False,True,0.0,0.0
full_coverage_complete,whitegirltakingchopsticks,229,0,0,5,True,False,True,0.0,0.0
full_coverage_complete,whitegirltakingchopsticks,230,0,0,5,True,False,True,0.0,0.0
full_coverage_complete,whitegirltakingchopsticks,231,0,0,5,True,False,True,0.0,0.0
full_coverage_complete,whitegirltakingchopsticks,232,0,0,5,True,False,True,0.0,0.0
full_coverage_complete,whitegirltakingchopsticks,233,0,0,5,True,False,True,0.0,0.0
full_coverage_complete,whitegirltakingchopsticks,234,0,0,5,True,False,True,0.0,0.0
full_coverage_complete,whitegirltakingchopsticks,235,0,0,5,True,False,True,0.0,0.0
full_coverage_complete,whitegirltakingchopsticks,236,0,0,5,True,False,True,0.0,0.0
full_coverage_complete,whitegirltakingchopsticks,237,0,0,5,True,False,True,0.0,0.0
full_coverage_complete,whitegirltakingchopsticks,238,0,0,5,True,False,True,0.0,0.0
full_coverage_complete,whitegirltakingchopsticks,239,5,3,5,True,False,True,0.0,0.0
full_coverage_complete,whitegirltakingchopsticks,240,5,0,5,True,False,True,0.0,0.791688965306168
full_coverage_complete,whitegirltakingchopsticks,291,0,0,5,True,False,True,0.7885497142360314,0.7885497142360314
full_coverage_complete,whitegirltakingchopsticks,528,0,0,5,True,False,True,0.42752975191945436,0.42752975191945436
full_coverage_complete,whitegirltakingchopsticks,529,0,0,5,True,False,True,0.4794966352843631,0.4794966352843631
full_coverage_complete,whiteofboys,6,0,0,2,True,False,True,0.6723202303980879,0.6723202303980879
full_coverage_complete,whiteofboys,8,0,0,5,True,False,True,0.035009631622521645,0.035009631622521645
full_coverage_complete,whiteofboys,9,0,0,5,True,False,True,0.7978547196858028,0.7978547196858028
full_coverage_complete,whiteofboys,16,0,1,5,True,False,True,0.7529796798043734,0.7529796798043734
full_coverage_complete,whiteofboys,17,0,0,2,True,False,True,0.0,0.0
full_coverage_complete,whiteofboys,18,0,0,1,True,False,True,0.0,0.0
full_coverage_complete,whiteofboys,19,0,2,5,True,False,True,0.0,0.812760178646348
full_coverage_complete,whiteofboys,21,0,0,5,True,False,True,0.7494215264780884,0.7494215264780884
full_coverage_complete,whiteofboys,51,0,1,1,True,False,True,0.0,0.8533232407628227
full_coverage_complete,whiteofboys,52,1,2,1,True,False,True,0.0,0.5395436849078036
full_coverage_complete,whiteofboys,61,0,0,2,True,False,True,0.7673680334625143,0.7673680334625143
full_coverage_complete,whiteofboys,64,0,0,2,True,False,True,0.38894443056908495,0.38894443056908495
full_coverage_complete,whiteofboys,67,0,0,1,True,False,True,0.7033201620558908,0.7033201620558908
full_coverage_complete,whiteofboys,68,0,0,5,True,False,True,0.0,0.0
full_coverage_complete,whiteofboys,73,0,0,2,True,False,True,0.489482068722372,0.489482068722372
full_coverage_complete,whiteofboys,75,0,0,1,True,False,True,0.0,0.0
full_coverage_complete,whiteofboys,86,4,0,4,True,False,True,0.8465770635033889,0.8380242463994824
full_coverage_complete,whiteofboys,88,5,0,5,True,False,True,0.9210986261685438,0.8587885252623092
full_coverage_complete,whiteofboys,91,0,0,4,True,False,True,0.7535425795648419,0.7535425795648419
full_coverage_complete,whiteofboys,92,0,0,4,True,False,True,0.8071560305788152,0.8071560305788152
full_coverage_complete,whiteofboys,93,0,0,4,True,False,True,0.8366358328206899,0.8366358328206899
full_coverage_complete,whiteofboys,99,0,0,1,True,False,True,0.9019003796148551,0.9019003796148551
full_coverage_complete,whiteofboys,100,0,0,2,True,False,True,0.9293157481511378,0.9293157481511378
full_coverage_complete,whiteofboys,101,0,0,5,True,False,True,0.9106738731364625,0.9106738731364625
full_coverage_complete,whiteofboys,102,0,0,4,True,False,True,0.8635586868375658,0.8635586868375658
full_coverage_complete,whiteofboys,103,4,0,4,True,False,True,0.8628776501430367,0.7680566434557604
full_coverage_complete,whiteofboys,106,4,1,4,True,False,True,0.900296615667989,0.9332059897173725
full_coverage_complete,whiteofboys,112,0,0,4,True,False,True,0.6711911015333338,0.0
full_coverage_complete,whiteofboys,113,0,0,1,True,False,True,0.0,0.8067774731304089
full_coverage_complete,whiteofboys,117,0,0,1,True,False,True,0.8466310297999127,0.8466310297999127
full_coverage_complete,whiteofboys,119,0,0,1,True,False,True,0.8426664995576776,0.8426664995576776
full_coverage_complete,whiteofboys,120,0,0,5,True,False,True,0.8822241755066819,0.8822241755066819
full_coverage_complete,whiteofboys,138,0,0,1,True,False,True,0.8163287651991105,0.8163287651991105
full_coverage_complete,whiteofboys,139,0,0,1,True,False,True,0.7930460944897878,0.7930460944897878
full_coverage_complete,whiteofboys,140,6,0,6,True,False,True,0.8389097495460851,0.0
full_coverage_complete,whiteofboys,142,0,0,0,False,False,True,0.0,0.9048044945769739
full_coverage_complete,whiteofboys,143,0,0,5,True,False,True,0.8983415225431467,0.8983415225431467
full_coverage_complete,whiteofboys,144,0,0,1,True,False,True,0.8763039714895136,0.8763039714895136
full_coverage_complete,whiteofboys,146,0,0,2,True,False,True,0.9176361960662076,0.9176361960662076
full_coverage_complete,whiteofboys,150,1,0,1,True,False,True,0.8494944567252589,0.0
full_coverage_complete,whiteofboys,151,0,1,0,False,False,True,0.0,0.812176024661146
full_coverage_complete,whiteofboys,153,0,0,1,True,False,True,0.6790182066323441,0.6790182066323441
full_coverage_complete,whiteofboys,155,0,0,1,True,False,True,0.81793173600505,0.81793173600505
full_coverage_complete,whiteofboys,156,5,0,5,True,False,True,0.2591131409027435,0.2264672582425174
full_coverage_complete,whiteofboys,157,5,0,5,True,False,True,0.7945991317563875,0.7721951272468227
full_coverage_complete,whiteofboys,158,0,0,1,True,False,True,0.0,0.0
full_coverage_complete,whiteofboys,159,5,0,5,True,False,True,0.0,0.0
full_coverage_complete,whiteofboys,164,0,0,2,True,False,True,0.7823186528379527,0.7823186528379527
full_coverage_complete,whiteofboys,166,0,0,5,True,False,True,0.7884053616908105,0.7884053616908105
full_coverage_complete,whiteofboys,167,5,1,5,True,False,True,0.8297390168593852,0.8269526665066572
full_coverage_complete,whiteofboys,169,5,0,5,True,False,True,0.852030756950661,0.7741355686151752
full_coverage_complete,whiteofboys,172,0,0,2,True,False,True,0.7371608526777313,0.7371608526777313
full_coverage_complete,whiteofboys,173,0,0,2,True,False,True,0.812796245728677,0.812796245728677
full_coverage_complete,whiteofboys,174,5,0,5,True,False,True,0.8272979440081238,0.7682407150449984
full_coverage_complete,whiteofboys,176,5,0,5,True,False,True,0.8110196902322843,0.8155801341844265
full_coverage_complete,whiteofboys,181,0,0,2,True,False,True,0.7595152193759921,0.7595152193759921
full_coverage_complete,whiteofboys,182,0,0,2,True,False,True,0.6401018975596711,0.0
full_coverage_complete,whiteofboys,184,5,0,5,True,False,True,0.0,0.0
full_coverage_complete,whiteridingbike,74,0,0,5,True,False,True,0.6670848903507998,0.6670848903507998
full_coverage_complete,whiteridingbike,75,0,0,5,True,False,True,0.650726150793259,0.650726150793259
full_coverage_complete,whiteridingbike,76,0,0,5,True,False,True,0.5883526743724675,0.5883526743724675
full_coverage_complete,whiteridingbike,77,0,0,5,True,False,True,0.7209963970285753,0.7209963970285753
full_coverage_complete,whiteridingbike,78,0,0,5,True,False,True,0.7683590268135769,0.7683590268135769
full_coverage_complete,whiteridingbike,81,0,1,5,True,False,True,0.5169342300429415,0.0
full_coverage_complete,whiteridingbike,82,0,0,4,True,False,True,0.0,0.0
full_coverage_complete,whiteridingbike,83,0,0,5,True,False,True,0.0,0.0
full_coverage_complete,whiteridingbike,84,0,0,4,True,False,True,0.0,0.0
full_coverage_complete,whiteridingbike,85,0,0,5,True,False,True,0.0,0.0
full_coverage_complete,whiteridingbike,86,5,3,5,True,False,True,0.0,0.0
full_coverage_complete,whiteridingbike,87,0,1,6,True,False,True,0.0,0.0
full_coverage_complete,whiteridingbike,88,0,0,4,True,False,True,0.0,0.0
full_coverage_complete,whiteridingbike,90,0,0,4,True,False,True,0.0,0.0
full_coverage_complete,whiteridingbike,91,0,0,4,True,False,True,0.0,0.0
full_coverage_complete,whiteridingbike,92,0,0,5,True,False,True,0.0,0.0
full_coverage_complete,whiteridingbike,93,0,0,5,True,False,True,0.0,0.0
full_coverage_complete,whiteridingbike,94,0,0,5,True,False,True,0.0,0.0
full_coverage_complete,whiteridingbike,95,0,0,5,True,False,True,0.0,0.0
full_coverage_complete,whiteridingbike,96,0,0,5,True,False,True,0.0,0.0
full_coverage_complete,whiteridingbike,97,0,0,4,True,False,True,0.0,0.0
full_coverage_complete,whiteridingbike,98,5,0,5,True,False,True,0.0,0.0
full_coverage_complete,whiteridingbike,99,0,0,5,True,False,True,0.0,0.0
full_coverage_complete,whiteridingbike,100,0,0,5,True,False,True,0.0,0.0
full_coverage_complete,whiteridingbike,101,0,0,5,True,False,True,0.0,0.0
full_coverage_complete,whiteridingbike,102,0,0,5,True,False,True,0.0,0.0
full_coverage_complete,whiteridingbike,103,0,1,5,True,False,True,0.0,0.0
full_coverage_complete,whiteridingbike,104,5,4,5,True,False,True,0.0,0.0
full_coverage_complete,whiteridingbike,105,5,3,5,True,False,True,0.0,0.0
full_coverage_complete,whiteridingbike,106,0,0,5,True,False,True,0.0,0.0
full_coverage_complete,whiteridingbike,107,0,0,5,True,False,True,0.0,0.0
full_coverage_complete,whiteridingbike,108,0,0,5,True,False,True,0.0,0.0
full_coverage_complete,whiteridingbike,109,0,0,5,True,False,True,0.0,0.0
full_coverage_complete,whiteridingbike,110,0,0,5,True,False,True,0.0,0.0
full_coverage_complete,whiteridingbike,111,0,0,5,True,False,True,0.0,0.0
full_coverage_complete,whiteridingbike,112,0,0,5,True,False,True,0.0,0.0
full_coverage_complete,whiteridingbike,113,0,0,5,True,False,True,0.0,0.0
full_coverage_complete,whiteridingbike,114,0,0,5,True,False,True,0.0,0.0
full_coverage_complete,whiteridingbike,115,0,0,5,True,False,True,0.0,0.0
full_coverage_complete,whiteridingbike,116,0,0,5,True,False,True,0.0,0.0
full_coverage_complete,whiteridingbike,117,0,0,5,True,False,True,0.0,0.0
full_coverage_complete,whiteridingbike,118,0,0,5,True,False,True,0.0,0.0
full_coverage_complete,whiteridingbike,119,0,0,5,True,False,True,0.0,0.0
full_coverage_complete,whiteridingbike,120,0,0,5,True,False,True,0.0,0.0
full_coverage_complete,whiteridingbike,121,0,0,5,True,False,True,0.0,0.0
full_coverage_complete,whiteridingbike,122,0,0,5,True,False,True,0.0,0.0
full_coverage_complete,whiteridingbike,123,0,0,4,True,False,True,0.0,0.0
full_coverage_complete,whiteridingbike,124,5,2,5,True,False,True,0.0,0.25450753973284285
full_coverage_complete,whiteridingbike,126,4,1,4,True,False,True,0.28476680496162976,0.6057860571558747
full_coverage_complete,whiteridingbike,127,5,0,5,True,False,True,0.4894975835263147,0.4725480841762098
full_coverage_complete,whiteridingbike,128,0,0,4,True,False,True,0.34209290514587976,0.34209290514587976
full_coverage_complete,whiteridingbike,129,4,3,4,True,False,True,0.1879696063608608,0.0
full_coverage_complete,whiteridingbike,130,6,2,6,True,False,True,0.0,0.0
full_coverage_complete,whiteridingbike,134,0,0,5,True,False,True,0.0,0.0
full_coverage_complete,whiteridingbike,135,0,0,5,True,False,True,0.0,0.0
full_coverage_complete,whiteridingbike,136,0,0,5,True,False,True,0.0,0.0
full_coverage_complete,whiteridingbike,137,0,0,5,True,False,True,0.0,0.0
full_coverage_complete,whiteridingbike,146,0,0,5,True,False,True,0.0,0.0
full_coverage_complete,whiteridingbike,147,0,0,5,True,False,True,0.0,0.0
full_coverage_complete,whiteridingbike,148,0,0,1,True,False,True,0.0,0.0
full_coverage_complete,whiteridingbike,149,5,4,5,True,False,True,0.0,0.0
full_coverage_complete,whiteridingbike,150,0,0,5,True,False,True,0.0,0.0
full_coverage_complete,whiteridingbike,151,0,0,5,True,False,True,0.0,0.0
full_coverage_complete,whiteridingbike,152,0,0,5,True,False,True,0.0,0.0
full_coverage_complete,whiteridingbike,153,5,2,5,True,False,True,0.0,0.0
full_coverage_complete,whiteridingbike,155,5,2,5,True,False,True,0.0,0.0
full_coverage_complete,whiteridingbike,156,0,0,5,True,False,True,0.0,0.0
full_coverage_complete,whiteridingbike,157,0,0,5,True,False,True,0.0,0.0
full_coverage_complete,whiteridingbike,158,0,0,5,True,False,True,0.0,0.0
full_coverage_complete,whiteridingbike,159,5,1,5,True,False,True,0.0,0.0
full_coverage_complete,whiteridingbike,160,0,0,1,True,False,True,0.0,0.0
full_coverage_complete,whiteridingbike,161,5,3,5,True,False,True,0.0,0.0
full_coverage_complete,whiteridingbike,162,0,0,1,True,False,True,0.0,0.0
full_coverage_complete,whiteridingbike,163,0,0,4,True,False,True,0.0,0.0
full_coverage_complete,whiteridingbike,164,4,2,4,True,False,True,0.0,0.0
full_coverage_complete,whiteridingbike,165,0,0,5,True,False,True,0.0,0.0
full_coverage_complete,whiteridingbike,166,1,2,1,True,False,True,0.0,0.0
full_coverage_complete,whiteridingbike,167,0,0,5,True,False,True,0.0,0.0
full_coverage_complete,whiteridingbike,168,0,0,1,True,False,True,0.0,0.0
full_coverage_complete,whiteridingbike,169,0,0,5,True,False,True,0.0,0.0
full_coverage_complete,whiteridingbike,170,0,0,5,True,False,True,0.0,0.0
full_coverage_complete,whiteridingbike,171,5,1,5,True,False,True,0.0,0.0
full_coverage_complete,whiteridingbike,172,0,0,5,True,False,True,0.0,0.0
full_coverage_complete,whiteridingbike,173,0,0,5,True,False,True,0.0,0.0
full_coverage_complete,whiteridingbike,175,0,1,5,True,False,True,0.0,0.44104998664854017
full_coverage_complete,whiteridingbike,180,0,0,1,True,False,True,0.6510282236531205,0.6510282236531205
full_coverage_complete,whiteridingbike,181,0,0,1,True,False,True,0.6856908589913302,0.6856908589913302
full_coverage_complete,whiteridingbike,182,0,0,1,True,False,True,0.5736918278332963,0.5736918278332963
full_coverage_complete,whiteridingbike,185,0,0,1,True,False,True,0.4343787938658451,0.4343787938658451
full_coverage_complete,whiteridingbike,188,0,0,1,True,False,True,0.29202826638034135,0.29202826638034135
full_coverage_complete,whiteridingbike,194,0,0,5,True,False,True,0.4457998195147738,0.4457998195147738
full_coverage_complete,whiteridingbike,196,0,0,4,True,False,True,0.3802022691758034,0.3802022691758034
full_coverage_complete,whiteridingbike,197,0,0,4,True,False,True,0.2655930165609633,0.2655930165609633
full_coverage_complete,whiteridingbike,198,0,0,5,True,False,True,0.2364054249369783,0.2364054249369783
full_coverage_complete,whiteridingbike,199,0,0,1,True,False,True,0.38323235276844086,0.38323235276844086
full_coverage_complete,whiteridingbike,200,0,0,4,True,False,True,0.4550654270135142,0.4550654270135142
full_coverage_complete,whiteridingbike,201,0,0,4,True,False,True,0.6238093336104283,0.6238093336104283
full_coverage_complete,whiteridingbike,203,0,0,1,True,False,True,0.7965731814513959,0.7965731814513959
full_coverage_complete,whiteridingbike,206,0,0,4,True,False,True,0.8499197994521933,0.8499197994521933
full_coverage_complete,whiteridingbike,213,0,0,4,True,False,True,0.7778079501823681,0.7778079501823681
full_coverage_complete,whiteridingbike,214,0,0,5,True,False,True,0.7388168569182326,0.7388168569182326
full_coverage_complete,whiteridingbike,215,0,0,4,True,False,True,0.8041275510565129,0.8041275510565129
full_coverage_complete,whiteridingbike,216,0,0,5,True,False,True,0.6922092229951431,0.6922092229951431
full_coverage_complete,whiteridingbike,217,0,0,5,True,False,True,0.645739984684922,0.645739984684922
full_coverage_complete,whiteridingbike,218,0,0,1,True,False,True,0.633360233145219,0.633360233145219
full_coverage_complete,whiteridingbike,220,0,0,4,True,False,True,0.6492222645865103,0.6492222645865103
full_coverage_complete,whiteridingbike,221,0,0,1,True,False,True,0.7940180338116103,0.7940180338116103
full_coverage_complete,whiteridingbike,262,0,0,4,True,False,True,0.7893053574093101,0.7893053574093101
full_coverage_complete,whiteridingbike,263,0,0,5,True,False,True,0.7686581175593457,0.7686581175593457
full_coverage_complete,whiteridingbike,265,0,0,4,True,False,True,0.7345066240557232,0.7345066240557232
full_coverage_complete,whiteridingbike,267,0,0,5,True,False,True,0.7740299098904713,0.7740299098904713
full_coverage_complete,whiteridingbike,269,0,0,4,True,False,True,0.8296031841422251,0.8296031841422251
full_coverage_complete,whiteridingbike,270,0,0,5,True,False,True,0.7933155770520137,0.7933155770520137
full_coverage_complete,whiteridingbike,272,0,0,4,True,False,True,0.7902974226941247,0.7902974226941247
full_coverage_complete,whiteridingbike,273,0,0,4,True,False,True,0.8102302662667342,0.8102302662667342
full_coverage_complete,whiteridingbike,274,0,0,4,True,False,True,0.8299427512649261,0.8299427512649261
full_coverage_complete,whiteridingbike,275,0,0,4,True,False,True,0.7635437704943364,0.7635437704943364
full_coverage_complete,whiteridingbike,277,0,0,5,True,False,True,0.7423147538284357,0.7423147538284357
full_coverage_complete,whiteridingbike,278,0,0,5,True,False,True,0.7595130100012635,0.7595130100012635
full_coverage_complete,whiteridingbike,279,0,0,5,True,False,True,0.6806807502150515,0.6806807502150515
full_coverage_complete,whiteridingbike,280,0,0,4,True,False,True,0.6974808958341773,0.6974808958341773
full_coverage_complete,whiteridingbike,281,0,0,5,True,False,True,0.7086895405312356,0.7086895405312356
full_coverage_complete,whiteridingbike,282,0,0,5,True,False,True,0.6785832292435288,0.6785832292435288
full_coverage_complete,whiteridingbike,283,0,0,5,True,False,True,0.7414235701887993,0.7414235701887993
full_coverage_complete,whiteridingbike,284,0,0,5,True,False,True,0.7337673564601642,0.7337673564601642
full_coverage_complete,whiteridingbike,285,0,0,1,True,False,True,0.7554138852887174,0.7554138852887174
full_coverage_complete,whiteridingbike,286,0,0,4,True,False,True,0.7866812831364647,0.7866812831364647
full_coverage_complete,whiteridingbike,287,0,0,5,True,False,True,0.8157772860883564,0.8157772860883564
full_coverage_complete,whiteridingbike,288,0,0,5,True,False,True,0.8788211847271571,0.8788211847271571
full_coverage_complete,whiteridingbike,289,0,0,5,True,False,True,0.8302516475345016,0.8302516475345016
full_coverage_complete,whiteridingbike,290,0,0,5,True,False,True,0.7859005750873608,0.7859005750873608
full_coverage_complete,whiteridingbike,291,0,0,5,True,False,True,0.8317183063891415,0.8317183063891415
full_coverage_complete,whiteridingbike,292,0,0,5,True,False,True,0.8090322915910272,0.8090322915910272
full_coverage_complete,whiteridingbike,293,0,0,5,True,False,True,0.8605585908358651,0.8605585908358651
full_coverage_complete,whiteridingbike,294,0,0,5,True,False,True,0.8941496442620143,0.8941496442620143
full_coverage_complete,whiteridingbike,295,0,0,5,True,False,True,0.8391425563259274,0.8391425563259274
full_coverage_complete,whiteridingbike,296,0,0,5,True,False,True,0.8285472548457928,0.8285472548457928
full_coverage_complete,whiteridingbike,299,0,0,4,True,False,True,0.6368023859887324,0.6368023859887324
full_coverage_complete,whiteridingbike,300,0,0,4,True,False,True,0.6797750701892189,0.6797750701892189
full_coverage_complete,whiteridingbike,301,0,0,4,True,False,True,0.7267609556128191,0.7267609556128191
full_coverage_complete,whiteridingbike,302,0,0,4,True,False,True,0.8538881366789283,0.8538881366789283
full_coverage_complete,whiteridingbike,304,0,0,4,True,False,True,0.7980105530700933,0.7980105530700933
full_coverage_complete,whiteridingbike,305,5,0,5,True,False,True,0.7400720658089989,0.7531767151909035
full_coverage_complete,whiteridingbike,306,4,1,4,True,False,True,0.7122941218207935,0.7054514143568544
full_coverage_complete,whiteridingbike,307,5,0,5,True,False,True,0.7889601116587603,0.7769567579186037
full_coverage_complete,whiteridingbike,308,5,0,5,True,False,True,0.7805543287497297,0.7494458210632812
full_coverage_complete,whiteridingbike,309,5,0,5,True,False,True,0.7077682072285955,0.6925934533898006
full_coverage_complete,whiteridingbike,310,0,0,5,True,False,True,0.7026596901040019,0.7026596901040019
full_coverage_complete,whiteridingbike,311,0,0,4,True,False,True,0.6159203479659291,0.6159203479659291
full_coverage_complete,whiteridingbike,312,0,0,4,True,False,True,0.6619499901431848,0.6619499901431848
full_coverage_complete,whiteridingbike,313,0,0,4,True,False,True,0.6246160487658946,0.6246160487658946
full_coverage_complete,whiteridingbike,315,0,0,1,True,False,True,0.6373191916665691,0.6373191916665691
full_coverage_complete,whiteridingbike,317,1,0,1,True,False,True,0.5807959943100124,0.57891152475985
full_coverage_complete,whiteridingbike,319,0,0,4,True,False,True,0.6074337717404829,0.6074337717404829
full_coverage_complete,whiteridingbike,320,0,0,4,True,False,True,0.5988983820473064,0.5988983820473064
full_coverage_complete,whiteridingbike,321,0,0,4,True,False,True,0.5993408464879011,0.5993408464879011
full_coverage_complete,whiteridingbike,323,1,0,1,True,False,True,0.5987225204881466,0.5737491051205841
full_coverage_complete,whiteridingbike,324,0,0,4,True,False,True,0.5722526948015403,0.5722526948015403
full_coverage_complete,whiteridingbike,325,5,0,5,True,False,True,0.5780964044268522,0.5482880077764778
full_coverage_complete,whiteridingbike,327,0,0,4,True,False,True,0.5735316017503451,0.5735316017503451
full_coverage_complete,whiteridingbike,329,1,0,1,True,False,True,0.49398585063758793,0.4819966025048533
full_coverage_complete,whiteridingbike,330,0,0,4,True,False,True,0.5629633078705285,0.5629633078705285
full_coverage_complete,whiteridingbike,331,0,0,4,True,False,True,0.5715491679348429,0.5715491679348429
full_coverage_complete,whiteridingbike,332,4,0,4,True,False,True,0.5384129978979518,0.49322777843942545
full_coverage_complete,whiteridingbike,333,0,0,4,True,False,True,0.5683142479912034,0.5683142479912034
full_coverage_complete,whiteridingbike,334,4,0,4,True,False,True,0.5733954752619986,0.5468092597528015
full_coverage_complete,whiteridingbike,336,0,0,4,True,False,True,0.5461480922578574,0.5461480922578574
full_coverage_complete,whiteridingbike,337,4,0,4,True,False,True,0.590496846683413,0.6010604665369774
full_coverage_complete,whiteridingbike,338,4,0,4,True,False,True,0.5732973268365305,0.5654949483209649
full_coverage_complete,whiteridingbike,339,4,0,4,True,False,True,0.5677965014582883,0.5834548972733293
full_coverage_complete,whiteridingbike,340,4,0,4,True,False,True,0.5541337524205826,0.5786731862365045
full_coverage_complete,whiteridingbike,341,4,0,4,True,False,True,0.5816008191327249,0.5753192880740721
full_coverage_complete,whiteridingbike,343,4,0,4,True,False,True,0.6150987333762853,0.5929402876891992
full_coverage_complete,whiteridingbike,344,0,0,4,True,False,True,0.6200937133700954,0.6200937133700954
full_coverage_complete,whiteridingbike,345,0,0,4,True,False,True,0.6196734231740779,0.6196734231740779
full_coverage_complete,whiteridingbike,346,0,0,4,True,False,True,0.571661396538378,0.571661396538378
full_coverage_complete,whiteridingbike,348,0,0,4,True,False,True,0.5334437358184924,0.5334437358184924
full_coverage_complete,whiteridingbike,349,4,0,4,True,False,True,0.5297391605421621,0.5644038747634872
full_coverage_complete,whiteridingbike,352,1,0,1,True,False,True,0.5586883456095955,0.5404236135031916
full_coverage_complete,whiteridingbike,353,4,0,4,True,False,True,0.5687104999479419,0.6402527735164552
full_coverage_complete,whiteridingbike,357,4,0,4,True,False,True,0.577534707080273,0.5909108866384328
full_coverage_complete,whiteridingbike,358,1,0,1,True,False,True,0.5521951281894069,0.5455609885645484
full_coverage_complete,whiteridingbike,359,0,0,1,True,False,True,0.5876805868365673,0.5876805868365673
full_coverage_complete,whiteridingbike,360,0,0,1,True,False,True,0.5865068519351156,0.5865068519351156
full_coverage_complete,whiteridingbike,361,0,0,1,True,False,True,0.6012525543244334,0.6012525543244334
full_coverage_complete,whiteridingbike,362,0,0,4,True,False,True,0.627222163123831,0.627222163123831
full_coverage_complete,whiteridingbike,363,4,0,4,True,False,True,0.5768419025394966,0.5484518707961769
full_coverage_complete,whiteridingbike,364,0,0,4,True,False,True,0.615095172114755,0.615095172114755
full_coverage_complete,whiteridingbike,365,0,0,4,True,False,True,0.49756864527098216,0.49756864527098216
full_coverage_complete,whiteridingbike,366,4,0,4,True,False,True,0.49473155652679884,0.43310193313238793
full_coverage_complete,whiteridingbike,368,0,0,4,True,False,True,0.45612290556740875,0.45612290556740875
full_coverage_complete,whiteridingbike,369,0,0,4,True,False,True,0.49258127510989524,0.49258127510989524
full_coverage_complete,whiteridingbike,371,0,0,4,True,False,True,0.5004919973140685,0.5004919973140685
full_coverage_complete,whiteridingbike,373,0,0,1,True,False,True,0.4267477120084643,0.4267477120084643
full_coverage_complete,whiteridingbike,375,0,0,1,True,False,True,0.4058501940847365,0.4058501940847365
full_coverage_complete,whiteridingbike,376,0,0,1,True,False,True,0.38292519821557663,0.38292519821557663
full_coverage_complete,whiteridingbike,377,0,0,1,True,False,True,0.3432252180497915,0.3432252180497915
full_coverage_complete,whiteridingbike,378,0,0,1,True,False,True,0.3336007317807265,0.3336007317807265
full_coverage_complete,whiteridingbike,379,0,0,4,True,False,True,0.3204139922732086,0.3204139922732086
full_coverage_complete,whiteridingbike,385,0,0,4,True,False,True,0.2251916251957599,0.2251916251957599
full_coverage_complete,whiteridingbike,387,0,0,4,True,False,True,0.2661975389036629,0.2661975389036629
full_coverage_complete,whiteridingbike,388,0,0,1,True,False,True,0.26691851322702453,0.26691851322702453
full_coverage_complete,whiteridingbike,389,0,0,4,True,False,True,0.31162541157948637,0.31162541157948637
full_coverage_complete,whiteridingbike,395,0,0,1,True,False,True,0.35858513914719603,0.35858513914719603
full_coverage_complete,whiteridingbike,396,0,0,1,True,False,True,0.34225067528883407,0.34225067528883407
full_coverage_complete,whiteridingbike,397,0,0,1,True,False,True,0.3493252942895887,0.3493252942895887
full_coverage_complete,whiteridingbike,399,0,0,5,True,False,True,0.38943819485092107,0.38943819485092107
full_coverage_complete,whiteridingbike,400,0,0,1,True,False,True,0.39520903598410506,0.39520903598410506
full_coverage_complete,whiteridingbike,401,0,0,1,True,False,True,0.3865363521836438,0.3865363521836438
full_coverage_complete,whiteridingbike,410,0,0,5,True,False,True,0.3622620938358832,0.3622620938358832
full_coverage_complete,whiteridingbike,411,0,0,5,True,False,True,0.31560264013618033,0.31560264013618033
full_coverage_complete,whiteridingbike,412,0,0,5,True,False,True,0.30101707272023853,0.30101707272023853
full_coverage_complete,whiteridingbike,413,0,0,1,True,False,True,0.3206215679315725,0.3206215679315725
full_coverage_complete,whiteridingbike,414,0,0,4,True,False,True,0.28791709216116285,0.28791709216116285
full_coverage_complete,whiteridingbike,415,0,0,4,True,False,True,0.2666085840703855,0.2666085840703855
full_coverage_complete,whiteridingbike,416,0,0,4,True,False,True,0.24736283393030847,0.24736283393030847
full_coverage_complete,whiteridingbike,417,0,0,5,True,False,True,0.25769218066750293,0.25769218066750293
full_coverage_complete,whiteridingbike,418,0,0,4,True,False,True,0.31556976082048477,0.31556976082048477
full_coverage_complete,whiteridingbike,419,0,0,5,True,False,True,0.3142515348751489,0.3142515348751489
full_coverage_complete,whiteridingbike,420,0,0,5,True,False,True,0.2717199717214057,0.2717199717214057
full_coverage_complete,whiteridingbike,421,0,0,5,True,False,True,0.2548438382803595,0.2548438382803595
full_coverage_complete,whiteridingbike,422,0,0,5,True,False,True,0.2685030860124396,0.2685030860124396
full_coverage_complete,whiteridingbike,423,0,0,5,True,False,True,0.24954880343082336,0.24954880343082336
full_coverage_complete,whiteridingbike,424,0,0,5,True,False,True,0.23030816643360377,0.23030816643360377
full_coverage_complete,whiterunningboy,222,0,0,1,True,False,True,0.8108623148316846,0.8108623148316846
full_coverage_complete,whiterunningboy,225,0,0,2,True,False,True,0.0,0.0
full_coverage_complete,whiterunningboy,234,0,1,0,False,False,True,0.0,0.6402458211870423
full_coverage_complete,whiterunningboy,238,0,0,1,True,False,True,0.6093166076960191,0.6093166076960191
full_coverage_complete,whiterunningboy,239,0,0,5,True,False,True,0.0,0.0
full_coverage_complete,whiterunningboy,242,0,0,1,True,False,True,0.0,0.0
full_coverage_complete,whiterunningboy,244,0,0,5,True,False,True,0.0,0.0
full_coverage_complete,whiterunningboy,245,0,0,1,True,False,True,0.7120224570279029,0.7120224570279029
full_coverage_complete,whiterunningboy,246,5,0,5,True,False,True,0.7139827765342276,0.6943708221231588
full_coverage_complete,whiterunningboy,247,0,0,5,True,False,True,0.7263353926116765,0.0
full_coverage_complete,whiterunningboy,249,0,0,5,True,False,True,0.0,0.0
full_coverage_complete,whiterunningboy,250,0,0,4,True,False,True,0.0,0.0
full_coverage_complete,whiterunningboy,251,0,0,5,True,False,True,0.0,0.0
full_coverage_complete,whiterunningboy,253,0,0,5,True,False,True,0.0,0.0
full_coverage_complete,whiterunningboy,254,0,0,5,True,False,True,0.0,0.0
full_coverage_complete,whiterunningboy,255,0,0,5,True,False,True,0.0,0.0
full_coverage_complete,whiterunningboy,256,0,0,5,True,False,True,0.0,0.0
full_coverage_complete,whiterunningboy,258,5,1,5,True,False,True,0.0,0.0
full_coverage_complete,whiterunningboy,259,0,0,5,True,False,True,0.7811704336310539,0.7811704336310539
full_coverage_complete,whiterunningboy,260,0,0,1,True,False,True,0.8363682869081845,0.8363682869081845
full_coverage_complete,whiterunningboy,261,0,0,5,True,False,True,0.8558599757566113,0.8558599757566113
full_coverage_complete,whiterunningboy,270,0,0,5,True,False,True,0.0,0.0
full_coverage_complete,whiterunningboy,271,0,1,1,True,False,True,0.0,0.5428483000761739
full_coverage_complete,whiterunningboy,272,0,0,5,True,False,True,0.7378702651121753,0.7378702651121753
full_coverage_complete,whiterunningboy,273,0,0,5,True,False,True,0.7203122759680878,0.7203122759680878
full_coverage_complete,whiterunningboy,274,0,0,5,True,False,True,0.407767459754104,0.407767459754104
full_coverage_complete,whiterunningboy,275,0,0,5,True,False,True,0.6787037998769551,0.6787037998769551
full_coverage_complete,whiterunningboy,276,0,0,1,True,False,True,0.7412255217541353,0.7412255217541353
full_coverage_complete,whiterunningboy,278,0,0,1,True,False,True,0.7633651081167986,0.7633651081167986
full_coverage_complete,whiterunningboy,279,1,0,1,True,False,True,0.6984086712346731,0.0
full_coverage_complete,whiterunningboy,280,0,0,1,True,False,True,0.7810127239334638,0.7810127239334638
full_coverage_complete,whiterunningboy,282,0,0,5,True,False,True,0.7799344370375572,0.7799344370375572
full_coverage_complete,whiterunningboy,283,0,0,5,True,False,True,0.8230736015539305,0.8230736015539305
full_coverage_complete,whiterunningboy,295,0,0,5,True,False,True,0.7016855066430325,0.7016855066430325
full_coverage_complete,whiterunningboy,296,0,0,5,True,False,True,0.7036497450085142,0.7036497450085142
full_coverage_complete,whiterunningboy,304,0,0,5,True,False,True,0.7010870327194894,0.7010870327194894
full_coverage_complete,whiterunningboy,305,0,0,5,True,False,True,0.7447360631481756,0.7447360631481756
full_coverage_complete,whiterunningboy,309,0,0,1,True,False,True,0.6755228876449171,0.6755228876449171
full_coverage_complete,whiterunningboy,311,0,0,5,True,False,True,0.7328569908014898,0.7328569908014898
full_coverage_complete,whiterunningboy,327,0,0,1,True,False,True,0.5453093827901463,0.5453093827901463
full_coverage_complete,whiterunningboy,329,0,0,5,True,False,True,0.8409610400268989,0.8409610400268989
full_coverage_complete,whiterunningboy,331,0,1,0,False,False,True,0.0,0.758925098698512
full_coverage_complete,whiteskirtgirlcomingfromgoal,183,0,0,4,True,False,True,0.5059590596673137,0.5059590596673137
full_coverage_complete,whiteskirtgirlcomingfromgoal,184,0,0,4,True,False,True,0.5987648874036615,0.5987648874036615
full_coverage_complete,whiteskirtgirlcomingfromgoal,185,0,0,4,True,False,True,0.5080137756019919,0.5080137756019919
full_coverage_complete,whiteskirtgirlcomingfromgoal,186,0,0,2,True,False,True,0.6070495617531276,0.6070495617531276
full_coverage_complete,whiteskirtgirlcomingfromgoal,187,0,0,4,True,False,True,0.007100280493172903,0.007100280493172903
full_coverage_complete,whiteskirtgirlcomingfromgoal,188,0,0,5,True,False,True,0.15886646562837728,0.15886646562837728
full_coverage_complete,whiteskirtgirlcomingfromgoal,189,0,0,4,True,False,True,0.0,0.0
full_coverage_complete,whiteskirtgirlcomingfromgoal,190,0,0,4,True,False,True,0.08570024300047087,0.08570024300047087
full_coverage_complete,whiteskirtgirlcomingfromgoal,191,0,0,2,True,False,True,0.1296398792332868,0.1296398792332868
full_coverage_complete,whiteskirtgirlcomingfromgoal,192,0,0,4,True,False,True,0.5290018818233632,0.5290018818233632
full_coverage_complete,whiteskirtgirlcomingfromgoal,193,0,0,4,True,False,True,0.7870112107958805,0.7870112107958805
full_coverage_complete,whiteskirtgirlcomingfromgoal,194,0,0,4,True,False,True,0.07253679169155366,0.07253679169155366
full_coverage_complete,whiteskirtgirlcomingfromgoal,195,0,0,2,True,False,True,0.10579118669950335,0.10579118669950335
full_coverage_complete,whiteskirtgirlcomingfromgoal,196,0,0,4,True,False,True,0.40816851298397494,0.40816851298397494
full_coverage_complete,whiteskirtgirlcomingfromgoal,197,0,0,4,True,False,True,0.4922553969056542,0.4922553969056542
full_coverage_complete,whiteskirtgirlcomingfromgoal,198,0,0,4,True,False,True,0.5353679615574567,0.5353679615574567
full_coverage_complete,whiteskirtgirlcomingfromgoal,199,0,0,4,True,False,True,0.6966712951368955,0.6966712951368955
full_coverage_complete,whiteskirtgirlcomingfromgoal,201,0,0,1,True,False,True,0.7185956411361855,0.7185956411361855
full_coverage_complete,whiteskirtgirlcomingfromgoal,203,0,0,4,True,False,True,0.7611835930130779,0.7611835930130779
full_coverage_complete,whiteskirtgirlcomingfromgoal,204,0,0,4,True,False,True,0.5923726219898926,0.5923726219898926
full_coverage_complete,whiteskirtgirlcomingfromgoal,205,0,0,4,True,False,True,0.7204686307968592,0.7204686307968592
full_coverage_complete,whiteskirtgirlcomingfromgoal,206,0,0,4,True,False,True,0.6417481716712655,0.6417481716712655
full_coverage_complete,whiteskirtgirlcomingfromgoal,207,0,0,4,True,False,True,0.6967355193766807,0.6967355193766807
full_coverage_complete,whiteskirtgirlcomingfromgoal,208,0,0,4,True,False,True,0.7366506752927011,0.7366506752927011
full_coverage_complete,whiteskirtgirlcomingfromgoal,211,0,0,4,True,False,True,0.7878597231929144,0.7878597231929144
full_coverage_complete,whiteskirtgirlcomingfromgoal,212,0,0,4,True,False,True,0.5663559678808334,0.5663559678808334
full_coverage_complete,whiteskirtgirlcomingfromgoal,213,0,0,4,True,False,True,0.7541649767391936,0.7541649767391936
full_coverage_complete,whiteskirtgirlcomingfromgoal,214,0,0,4,True,False,True,0.6550935429910886,0.6550935429910886
full_coverage_complete,whiteskirtgirlcomingfromgoal,215,0,0,4,True,False,True,0.4779021822535504,0.4779021822535504
full_coverage_complete,whiteskirtgirlcomingfromgoal,216,0,0,4,True,False,True,0.3200657615827352,0.3200657615827352
full_coverage_complete,whiteskirtgirlcomingfromgoal,217,0,0,4,True,False,True,0.6460415708736025,0.6460415708736025
full_coverage_complete,whiteskirtgirlcomingfromgoal,218,0,0,4,True,False,True,0.25754089773828315,0.25754089773828315
full_coverage_complete,whiteskirtgirlcomingfromgoal,219,0,0,4,True,False,True,0.11123821952036286,0.11123821952036286
full_coverage_complete,whiteskirtgirlcomingfromgoal,220,0,0,4,True,False,True,0.0,0.0
full_coverage_complete,whiteskirtgirlcomingfromgoal,221,0,0,4,True,False,True,0.0,0.0
full_coverage_complete,whiteskirtgirlcomingfromgoal,222,0,0,4,True,False,True,0.0,0.0
full_coverage_complete,whiteskirtgirlcomingfromgoal,223,0,0,4,True,False,True,0.15211535597741316,0.15211535597741316
full_coverage_complete,whiteskirtgirlcomingfromgoal,224,0,0,4,True,False,True,0.06265573990805005,0.06265573990805005
full_coverage_complete,whiteskirtgirlcomingfromgoal,225,0,0,4,True,False,True,0.4084539535140983,0.4084539535140983
full_coverage_complete,whiteskirtgirlcomingfromgoal,226,0,0,5,True,False,True,0.03436974731632742,0.03436974731632742
full_coverage_complete,whiteskirtgirlcomingfromgoal,227,0,0,4,True,False,True,0.027908298714374277,0.027908298714374277
full_coverage_complete,whiteskirtgirlcomingfromgoal,228,0,0,4,True,False,True,0.0,0.0
full_coverage_complete,whiteskirtgirlcomingfromgoal,229,0,0,4,True,False,True,0.0,0.0
full_coverage_complete,whiteskirtgirlcomingfromgoal,230,0,0,4,True,False,True,0.0,0.0
full_coverage_complete,whiteskirtgirlcomingfromgoal,231,0,0,4,True,False,True,0.0,0.0
full_coverage_complete,whiteskirtgirlcomingfromgoal,232,0,0,4,True,False,True,0.0,0.0
full_coverage_complete,whiteskirtgirlcomingfromgoal,233,0,0,4,True,False,True,0.0,0.0
full_coverage_complete,whiteskirtgirlcomingfromgoal,234,0,0,4,True,False,True,0.0,0.0
full_coverage_complete,whiteskirtgirlcomingfromgoal,235,0,0,4,True,False,True,0.0,0.0
full_coverage_complete,whiteskirtgirlcomingfromgoal,236,0,0,4,True,False,True,0.0,0.0
full_coverage_complete,whiteskirtgirlcomingfromgoal,237,0,0,4,True,False,True,0.0,0.0
full_coverage_complete,whiteskirtgirlcomingfromgoal,238,0,1,4,True,False,True,0.0,0.7111117035578826
full_coverage_complete,whiteskirtgirlcomingfromgoal,239,0,0,5,True,False,True,0.6553556477426704,0.6553556477426704
full_coverage_complete,whiteskirtgirlcomingfromgoal,240,0,0,4,True,False,True,0.7909847273567258,0.7909847273567258
full_coverage_complete,whiteskirtgirlcomingfromgoal,289,0,0,4,True,False,True,0.7737161236821545,0.7737161236821545
full_coverage_complete,whiteskirtgirlcomingfromgoal,290,0,0,4,True,False,True,0.7999390784960997,0.7999390784960997
full_coverage_complete,whiteskirtgirlcomingfromgoal,291,0,0,4,True,False,True,0.13352016648957288,0.13352016648957288
full_coverage_complete,whiteskirtgirlcomingfromgoal,292,0,0,4,True,False,True,0.5419641676710586,0.5419641676710586
full_coverage_complete,whiteskirtgirlcomingfromgoal,293,0,0,2,True,False,True,0.9054925506834568,0.9054925506834568
full_coverage_complete,whiteskirtgirlcomingfromgoal,294,0,0,4,True,False,True,0.7925843109691475,0.7925843109691475
full_coverage_complete,whiteskirtgirlcomingfromgoal,295,0,0,4,True,False,True,0.8994830824170701,0.8994830824170701
full_coverage_complete,whiteskirtgirlcomingfromgoal,297,0,0,4,True,False,True,0.81922047024133,0.81922047024133
full_coverage_complete,whiteskirtgirlcomingfromgoal,298,0,0,4,True,False,True,0.8345835221930906,0.8345835221930906
full_coverage_complete,whiteskirtgirlcomingfromgoal,299,0,0,4,True,False,True,0.9117613639973319,0.9117613639973319
full_coverage_complete,whiteskirtgirlcomingfromgoal,300,0,0,4,True,False,True,0.8532544942066101,0.8532544942066101
full_coverage_complete,whiteskirtgirlcomingfromgoal,301,0,0,4,True,False,True,0.7212531204672197,0.7212531204672197
full_coverage_complete,whiteskirtgirlcomingfromgoal,302,0,0,2,True,False,True,0.7543081249242883,0.7543081249242883
full_coverage_complete,whiteskirtgirlcomingfromgoal,303,0,1,4,True,False,True,0.6946864362947487,0.6946864362947487
full_coverage_complete,whiteskirtgirlcomingfromgoal,304,0,0,4,True,False,True,0.5926965944078054,0.0
full_coverage_complete,whiteskirtgirlcomingfromgoal,305,0,0,2,True,False,True,0.0,0.0
full_coverage_complete,whiteskirtgirlcomingfromgoal,306,0,0,4,True,False,True,0.0,0.0
full_coverage_complete,whiteskirtgirlcomingfromgoal,307,0,0,4,True,False,True,0.0,0.0
full_coverage_complete,whiteskirtgirlcomingfromgoal,308,0,0,4,True,False,True,0.0,0.0
full_coverage_complete,whiteskirtgirlcomingfromgoal,309,0,0,4,True,False,True,0.42111921563802307,0.42111921563802307
full_coverage_complete,whiteskirtgirlcomingfromgoal,310,0,0,4,True,False,True,0.0,0.0
full_coverage_complete,whiteskirtgirlcomingfromgoal,311,0,0,5,True,False,True,0.0,0.0
full_coverage_complete,whiteskirtgirlcomingfromgoal,312,0,0,4,True,False,True,0.0,0.0
full_coverage_complete,whiteskirtgirlcomingfromgoal,313,0,1,2,True,False,True,0.0,0.532951437699549
full_coverage_complete,whiteskirtgirlcomingfromgoal,314,0,0,1,True,False,True,0.0,0.0
full_coverage_complete,whiteskirtgirlcomingfromgoal,315,0,0,5,True,False,True,0.0,0.0
full_coverage_complete,whiteskirtgirlcomingfromgoal,316,0,0,4,True,False,True,0.0,0.0
full_coverage_complete,whiteskirtgirlcomingfromgoal,317,0,0,4,True,False,True,0.0,0.0
full_coverage_complete,whiteskirtgirlcomingfromgoal,318,0,1,4,True,False,True,0.0,0.608019557001251
full_coverage_complete,whiteskirtgirlcomingfromgoal,319,0,0,1,True,False,True,0.7486083544003943,0.7486083544003943
full_coverage_complete,whiteskirtgirlcomingfromgoal,321,0,0,2,True,False,True,0.716683938114788,0.716683938114788
full_coverage_complete,whiteskirtgirlcomingfromgoal,322,0,0,4,True,False,True,0.6954509201136848,0.6954509201136848
full_coverage_complete,whiteskirtgirlcomingfromgoal,323,0,0,2,True,False,True,0.807219861762334,0.807219861762334
full_coverage_complete,whiteskirtgirlcomingfromgoal,324,0,0,4,True,False,True,0.7293690947772875,0.7293690947772875
full_coverage_complete,whiteskirtgirlcomingfromgoal,325,0,0,4,True,False,True,0.7202364000772744,0.7202364000772744
full_coverage_complete,whiteskirtgirlcomingfromgoal,326,0,0,2,True,False,True,0.7147659335291537,0.7147659335291537
full_coverage_complete,whiteskirtgirlcomingfromgoal,327,0,0,4,True,False,True,0.728110688900449,0.728110688900449
full_coverage_complete,whiteskirtgirlcomingfromgoal,328,0,0,4,True,False,True,0.6026007551461908,0.6026007551461908
full_coverage_complete,whiteskirtgirlcomingfromgoal,329,0,0,4,True,False,True,0.8323787863383741,0.8323787863383741
full_coverage_complete,whiteskirtgirlcomingfromgoal,330,0,0,4,True,False,True,0.7465599117869802,0.7465599117869802
full_coverage_complete,whiteskirtgirlcomingfromgoal,331,0,0,2,True,False,True,0.7432030333978188,0.7432030333978188
full_coverage_complete,whiteskirtgirlcomingfromgoal,332,0,0,4,True,False,True,0.24272882532461376,0.24272882532461376
full_coverage_complete,whiteskirtgirlcomingfromgoal,333,0,0,4,True,False,True,0.16666468554366257,0.16666468554366257
full_coverage_complete,whiteskirtgirlcomingfromgoal,334,0,0,4,True,False,True,0.2567121949421234,0.2567121949421234
full_coverage_complete,whiteskirtgirlcomingfromgoal,335,0,1,4,True,False,True,0.2307803319353725,0.2307803319353725
full_coverage_complete,whiteskirtgirlcomingfromgoal,336,0,0,4,True,False,True,0.17121154422257703,0.17121154422257703
full_coverage_complete,whiteskirtgirlcomingfromgoal,337,0,0,4,True,False,True,0.1527993569852213,0.1527993569852213
full_coverage_complete,whiteskirtgirlcomingfromgoal,338,0,0,4,True,False,True,0.0,0.0
full_coverage_complete,whiteskirtgirlcomingfromgoal,339,0,0,4,True,False,True,0.12940829228865966,0.12940829228865966
full_coverage_complete,whiteskirtgirlcomingfromgoal,340,0,0,5,True,False,True,0.10641718371230911,0.10641718371230911
full_coverage_complete,whiteskirtgirlcomingfromgoal,341,0,0,4,True,False,True,0.1341205892980244,0.1341205892980244
full_coverage_complete,whiteskirtgirlcomingfromgoal,342,0,0,4,True,False,True,0.1038498387947217,0.1038498387947217
full_coverage_complete,whiteskirtgirlcomingfromgoal,343,0,0,4,True,False,True,0.0,0.0
full_coverage_complete,whiteskirtgirlcomingfromgoal,344,0,0,4,True,False,True,0.060391400120372696,0.060391400120372696
full_coverage_complete,whiteskirtgirlcomingfromgoal,345,0,0,5,True,False,True,0.0,0.0
full_coverage_complete,whiteskirtgirlcomingfromgoal,346,0,1,4,True,False,True,0.0,0.18550309697261186
full_coverage_complete,whiteskirtgirlcomingfromgoal,348,0,1,4,True,False,True,0.07142785448398152,0.07142785448398152
full_coverage_complete,whiteskirtgirlcomingfromgoal,349,0,1,4,True,False,True,0.1033464717068311,0.1033464717068311
full_coverage_complete,whiteskirtgirlcomingfromgoal,350,0,0,4,True,False,True,0.0,0.0
full_coverage_complete,whiteskirtgirlcomingfromgoal,351,0,0,1,True,False,True,0.10395022273803285,0.10395022273803285
full_coverage_complete,whiteskirtgirlcomingfromgoal,352,0,0,4,True,False,True,0.1289873719682693,0.1289873719682693
full_coverage_complete,whiteskirtgirlcomingfromgoal,353,0,0,4,True,False,True,0.18849855530568857,0.18849855530568857
full_coverage_complete,whiteskirtgirlcomingfromgoal,354,0,0,4,True,False,True,0.2545937942808083,0.2545937942808083
full_coverage_complete,whiteskirtgirlcomingfromgoal,355,0,0,4,True,False,True,0.544901665420853,0.544901665420853
full_coverage_complete,whiteskirtgirlcomingfromgoal,357,0,0,4,True,False,True,0.17012460114018446,0.17012460114018446
full_coverage_complete,whiteskirtgirlcomingfromgoal,358,0,0,4,True,False,True,0.15882298936436767,0.15882298936436767
full_coverage_complete,whiteskirtgirlcomingfromgoal,359,0,0,4,True,False,True,0.08793810292538112,0.08793810292538112
full_coverage_complete,whiteskirtgirlcomingfromgoal,360,0,0,4,True,False,True,0.07952864172030084,0.07952864172030084
full_coverage_complete,whiteskirtgirlcomingfromgoal,361,0,0,4,True,False,True,0.14502849186777503,0.14502849186777503
full_coverage_complete,whiteskirtgirlcomingfromgoal,362,0,0,4,True,False,True,0.16467658011294906,0.16467658011294906
full_coverage_complete,whiteskirtgirlcomingfromgoal,363,0,0,4,True,False,True,0.1490886961874564,0.1490886961874564
full_coverage_complete,whiteskirtgirlcomingfromgoal,364,0,0,4,True,False,True,0.1603873323964252,0.1603873323964252
full_coverage_complete,whiteskirtgirlcomingfromgoal,365,0,0,4,True,False,True,0.16948463101480885,0.16948463101480885
full_coverage_complete,whiteskirtgirlcomingfromgoal,366,0,0,4,True,False,True,0.13370312180654878,0.13370312180654878
full_coverage_complete,whiteskirtgirlcomingfromgoal,367,0,0,4,True,False,True,0.3006925608769291,0.3006925608769291
full_coverage_complete,whiteskirtgirlcomingfromgoal,368,0,0,4,True,False,True,0.22550715779656466,0.22550715779656466
full_coverage_complete,whiteskirtgirlcomingfromgoal,369,0,0,4,True,False,True,0.09035796857225291,0.09035796857225291
full_coverage_complete,whiteskirtgirlcomingfromgoal,370,0,0,4,True,False,True,0.25244041085181074,0.25244041085181074
full_coverage_complete,whiteskirtgirlcomingfromgoal,371,0,0,4,True,False,True,0.05137948355469947,0.05137948355469947
full_coverage_complete,whiteskirtgirlcomingfromgoal,372,0,0,4,True,False,True,0.0,0.0
full_coverage_complete,whiteskirtgirlcomingfromgoal,373,0,0,4,True,False,True,0.011272634735323268,0.011272634735323268
full_coverage_complete,whiteskirtgirlcomingfromgoal,374,0,0,4,True,False,True,0.0,0.0
full_coverage_complete,whiteskirtgirlcomingfromgoal,375,0,0,4,True,False,True,0.0,0.0
full_coverage_complete,whiteskirtgirlcomingfromgoal,380,0,0,4,True,False,True,0.05050956579807788,0.05050956579807788
full_coverage_complete,whiteskirtgirlcomingfromgoal,381,0,0,4,True,False,True,0.0,0.0
full_coverage_complete,whiteskirtgirlcomingfromgoal,382,0,0,5,True,False,True,0.0,0.0
full_coverage_complete,whiteskirtgirlcomingfromgoal,383,0,0,5,True,False,True,0.05753479283700409,0.05753479283700409
full_coverage_complete,whiteskirtgirlcomingfromgoal,384,0,0,4,True,False,True,0.20485861446639597,0.20485861446639597
full_coverage_complete,whiteskirtgirlcomingfromgoal,385,0,0,5,True,False,True,0.0,0.0
full_coverage_complete,whiteskirtgirlcomingfromgoal,386,0,0,4,True,False,True,0.0,0.0
full_coverage_complete,whiteskirtgirlcomingfromgoal,387,0,0,2,True,False,True,0.0,0.0
full_coverage_complete,whiteskirtgirlcomingfromgoal,388,0,0,5,True,False,True,0.0,0.0
full_coverage_complete,whiteskirtgirlcomingfromgoal,389,0,0,2,True,False,True,0.0,0.0
full_coverage_complete,whiteskirtgirlcomingfromgoal,390,0,0,5,True,False,True,0.0,0.0
full_coverage_complete,whiteskirtgirlcomingfromgoal,391,0,0,5,True,False,True,0.1261480037014337,0.1261480037014337
full_coverage_complete,whiteskirtgirlcomingfromgoal,392,0,0,5,True,False,True,0.3067872010879986,0.3067872010879986
full_coverage_complete,whiteskirtgirlcomingfromgoal,393,0,0,5,True,False,True,0.2883551603605641,0.2883551603605641
full_coverage_complete,whiteskirtgirlcomingfromgoal,394,0,0,5,True,False,True,0.4979665390082138,0.4979665390082138
full_coverage_complete,whiteskirtgirlcomingfromgoal,395,0,0,5,True,False,True,0.48789016824939413,0.48789016824939413
full_coverage_complete,whiteskirtgirlcomingfromgoal,396,0,0,4,True,False,True,0.41780583637725854,0.41780583637725854
full_coverage_complete,whiteskirtgirlcomingfromgoal,397,0,1,5,True,False,True,0.4752888426844715,0.0
full_coverage_complete,whiteskirtgirlcomingfromgoal,398,0,0,1,True,False,True,0.0,0.0
full_coverage_complete,whiteskirtgirlcomingfromgoal,399,0,0,4,True,False,True,0.0,0.0
full_coverage_complete,whiteskirtgirlcomingfromgoal,400,0,0,5,True,False,True,0.0,0.0
full_coverage_complete,whiteskirtgirlcomingfromgoal,401,0,0,4,True,False,True,0.0,0.0
full_coverage_complete,whiteskirtgirlcomingfromgoal,402,0,0,4,True,False,True,0.0,0.0
full_coverage_complete,whiteskirtgirlcomingfromgoal,403,0,0,4,True,False,True,0.0,0.0
full_coverage_complete,whiteskirtgirlcomingfromgoal,404,0,0,4,True,False,True,0.0,0.0
full_coverage_complete,whiteskirtgirlcomingfromgoal,405,0,0,4,True,False,True,0.0,0.0
full_coverage_complete,whiteskirtgirlcomingfromgoal,406,2,0,2,True,False,True,0.0,0.0
full_coverage_complete,whiteskirtgirlcomingfromgoal,407,0,0,5,True,False,True,0.4219086858854391,0.4219086858854391
full_coverage_complete,whiteskirtgirlcomingfromgoal,408,0,0,1,True,False,True,0.6875649338383236,0.6875649338383236
full_coverage_complete,whiteskirtgirlcomingfromgoal,409,0,0,4,True,False,True,0.4896196160280116,0.4896196160280116
full_coverage_complete,whiteskirtgirlcomingfromgoal,410,0,0,4,True,False,True,0.5871723675521442,0.5871723675521442
full_coverage_complete,whiteskirtgirlcomingfromgoal,411,0,0,4,True,False,True,0.6393302381608484,0.6393302381608484
full_coverage_complete,whiteskirtgirlcomingfromgoal,412,0,0,4,True,False,True,0.31583108795229137,0.31583108795229137
full_coverage_complete,whiteskirtgirlcomingfromgoal,413,0,0,4,True,False,True,0.5646299152075651,0.5646299152075651
full_coverage_complete,whiteskirtgirlcomingfromgoal,421,0,0,4,True,False,True,0.945389977175469,0.945389977175469
full_coverage_complete,whiteskirtgirlcomingfromgoal,423,0,0,4,True,False,True,0.8593953369698485,0.8593953369698485
full_coverage_complete,whiteskirtgirlcomingfromgoal,424,0,0,4,True,False,True,0.7298465776645171,0.7298465776645171
full_coverage_complete,whiteskirtgirlcomingfromgoal,425,0,0,4,True,False,True,0.560372012355731,0.560372012355731
full_coverage_complete,whiteskirtgirlcomingfromgoal,426,0,0,4,True,False,True,0.019433602177749545,0.019433602177749545
full_coverage_complete,whiteskirtgirlcomingfromgoal,427,0,0,5,True,False,True,0.0,0.0
full_coverage_complete,whiteskirtgirlcomingfromgoal,428,0,0,4,True,False,True,0.3042104710794535,0.3042104710794535
full_coverage_complete,whiteskirtgirlcomingfromgoal,430,0,0,1,True,False,True,0.1301369017176956,0.1301369017176956
full_coverage_complete,whiteskirtgirlcomingfromgoal,431,0,0,4,True,False,True,0.5326349663943997,0.5326349663943997
full_coverage_complete,whiteskirtgirlcomingfromgoal,432,0,0,1,True,False,True,0.7690343068249452,0.7690343068249452
full_coverage_complete,whiteskirtgirlcomingfromgoal,433,0,0,1,True,False,True,0.0,0.0
full_coverage_complete,whiteskirtgirlcomingfromgoal,435,0,0,1,True,False,True,0.0,0.0
full_coverage_complete,whiteskirtgirlcomingfromgoal,437,0,0,1,True,False,True,0.5630865134308026,0.5630865134308026
full_coverage_complete,whiteskirtgirlcomingfromgoal,438,0,0,4,True,False,True,0.8810893036467119,0.8810893036467119
full_coverage_complete,whiteskirtgirlcomingfromgoal,439,0,0,4,True,False,True,0.7043959607471777,0.7043959607471777
full_coverage_complete,whiteskirtgirlcomingfromgoal,441,0,0,4,True,False,True,0.7334468426393415,0.7334468426393415
full_coverage_complete,whiteskirtgirlcomingfromgoal,445,0,0,4,True,False,True,0.5957713416680857,0.5957713416680857
full_coverage_complete,whiteskirtgirlcomingfromgoal,450,0,0,4,True,False,True,0.6491712394903438,0.6491712394903438
full_coverage_complete,whiteskirtgirlcomingfromgoal,452,0,0,4,True,False,True,0.7541153838140401,0.7541153838140401
full_coverage_complete,whiteskirtgirlcomingfromgoal,457,0,0,4,True,False,True,0.6674475900793485,0.6674475900793485
full_coverage_complete,whiteskirtgirlcomingfromgoal,463,0,0,2,True,False,True,0.685897285131916,0.685897285131916
full_coverage_complete,whiteskirtgirlcomingfromgoal,479,0,0,4,True,False,True,0.6333557269147073,0.6333557269147073
full_coverage_complete,whiteskirtgirlcomingfromgoal,480,0,0,4,True,False,True,0.6044981681879658,0.6044981681879658
full_coverage_complete,whiteskirtgirlcomingfromgoal,481,0,0,4,True,False,True,0.5573456715923923,0.5573456715923923
full_coverage_complete,whiteskirtgirlcomingfromgoal,482,0,0,4,True,False,True,0.5521623741453399,0.5521623741453399
full_coverage_complete,whiteskirtgirlcomingfromgoal,483,0,0,4,True,False,True,0.612781163554724,0.612781163554724
full_coverage_complete,whiteskirtgirlcomingfromgoal,485,0,0,4,True,False,True,0.3998578131262731,0.3998578131262731
full_coverage_complete,whiteskirtgirlcomingfromgoal,486,0,0,4,True,False,True,0.6730869853473436,0.6730869853473436
full_coverage_complete,whiteskirtgirlcomingfromgoal,487,0,0,4,True,False,True,0.32606562678717377,0.32606562678717377
full_coverage_complete,whiteskirtgirlcomingfromgoal,488,0,0,4,True,False,True,0.0,0.0
full_coverage_complete,whiteskirtgirlcomingfromgoal,489,0,0,4,True,False,True,0.0,0.0
full_coverage_complete,whiteskirtgirlcomingfromgoal,490,0,0,4,True,False,True,0.0,0.0
full_coverage_complete,whiteskirtgirlcomingfromgoal,491,0,1,4,True,False,True,0.0,0.7541014618119845
full_coverage_complete,whiteskirtgirlcomingfromgoal,492,0,0,5,True,False,True,0.5584859208818123,0.5584859208818123
full_coverage_complete,whiteskirtgirlcomingfromgoal,493,0,0,4,True,False,True,0.6081035968977772,0.6081035968977772
full_coverage_complete,whiteskirtgirlcomingfromgoal,494,0,0,4,True,False,True,0.6126227684447427,0.6126227684447427
full_coverage_complete,whiteskirtgirlcomingfromgoal,495,0,0,4,True,False,True,0.6309517557608216,0.6309517557608216
full_coverage_complete,whiteskirtgirlcomingfromgoal,510,0,0,4,True,False,True,0.8896748335260067,0.8896748335260067
full_coverage_complete,whiteskirtgirlcomingfromgoal,512,0,0,4,True,False,True,0.905542385398262,0.905542385398262
full_coverage_complete,whiteskirtgirlcomingfromgoal,513,0,0,4,True,False,True,0.8909278742723145,0.8909278742723145
full_coverage_complete,whiteskirtgirlcomingfromgoal,515,0,0,4,True,False,True,0.8977128153202807,0.8977128153202807
full_coverage_complete,whiteskirtgirlcomingfromgoal,516,0,0,4,True,False,True,0.8329907388525876,0.8329907388525876
full_coverage_complete,whiteskirtgirlcomingfromgoal,517,0,0,4,True,False,True,0.867700657515623,0.867700657515623
full_coverage_complete,whiteskirtgirlcomingfromgoal,518,0,0,4,True,False,True,0.7049967290968187,0.7049967290968187
full_coverage_complete,whiteskirtgirlcomingfromgoal,522,0,0,4,True,False,True,0.6283199112164674,0.6283199112164674
full_coverage_complete,whiteskirtgirlcomingfromgoal,523,0,0,4,True,False,True,0.6379477352010351,0.6379477352010351
full_coverage_complete,whiteskirtgirlcomingfromgoal,524,0,0,4,True,False,True,0.4012026751627046,0.4012026751627046
full_coverage_complete,whiteskirtgirlcomingfromgoal,525,0,0,4,True,False,True,0.4683449756980163,0.4683449756980163
full_coverage_complete,whiteskirtgirlcomingfromgoal,526,0,0,4,True,False,True,0.5711392649844507,0.5711392649844507
full_coverage_complete,whiteskirtgirlcomingfromgoal,527,0,0,4,True,False,True,0.31444081982385236,0.31444081982385236
full_coverage_complete,whiteskirtgirlcomingfromgoal,528,0,0,4,True,False,True,0.5280509191627645,0.5280509191627645
full_coverage_complete,whiteskirtgirlcomingfromgoal,529,0,2,4,True,False,True,0.34511486561525745,0.0
full_coverage_complete,whiteskirtgirlcomingfromgoal,530,0,0,4,True,False,True,0.0,0.0
full_coverage_complete,whiteskirtgirlcomingfromgoal,531,0,0,4,True,False,True,0.0,0.0
full_coverage_complete,whiteskirtgirlcomingfromgoal,532,0,0,4,True,False,True,0.0,0.0
full_coverage_complete,whiteskirtgirlcomingfromgoal,533,0,0,4,True,False,True,0.0,0.0
full_coverage_complete,whiteskirtgirlcomingfromgoal,534,0,0,4,True,False,True,0.0,0.0
full_coverage_complete,whiteskirtgirlcomingfromgoal,535,0,0,4,True,False,True,0.0,0.0
full_coverage_complete,whiteskirtgirlcomingfromgoal,536,0,0,4,True,False,True,0.0,0.0
full_coverage_complete,whiteskirtgirlcomingfromgoal,537,0,0,4,True,False,True,0.0,0.0
full_coverage_complete,whiteskirtgirlcomingfromgoal,538,0,0,4,True,False,True,0.0,0.0
full_coverage_complete,whiteskirtgirlcomingfromgoal,539,0,0,4,True,False,True,0.0,0.0
full_coverage_complete,whiteskirtgirlcomingfromgoal,540,0,0,4,True,False,True,0.0,0.0
full_coverage_complete,whiteskirtgirlcomingfromgoal,541,0,0,4,True,False,True,0.0,0.0
full_coverage_complete,whiteskirtgirlcomingfromgoal,542,0,0,5,True,False,True,0.0,0.0
full_coverage_complete,whiteskirtgirlcomingfromgoal,543,0,0,4,True,False,True,0.0,0.0
full_coverage_complete,whiteskirtgirlcomingfromgoal,546,0,0,4,True,False,True,0.0,0.0
full_coverage_complete,whiteskirtgirlcomingfromgoal,547,0,0,4,True,False,True,0.0,0.0
full_coverage_complete,whiteskirtgirlcomingfromgoal,548,0,0,4,True,False,True,0.0,0.0
full_coverage_complete,whiteskirtgirlcomingfromgoal,549,0,0,4,True,False,True,0.0031289086226204948,0.0031289086226204948
full_coverage_complete,whiteskirtgirlcomingfromgoal,550,0,0,4,True,False,True,0.03077763315717202,0.03077763315717202
full_coverage_complete,whiteskirtgirlcomingfromgoal,551,0,0,4,True,False,True,0.012706444982740244,0.012706444982740244
full_coverage_complete,whiteskirtgirlcomingfromgoal,552,0,0,4,True,False,True,0.14374861267475816,0.14374861267475816
full_coverage_complete,whiteskirtgirlcomingfromgoal,553,0,0,4,True,False,True,0.14578692467765264,0.14578692467765264
full_coverage_complete,whiteskirtgirlcomingfromgoal,554,0,0,4,True,False,True,0.3669281676444109,0.3669281676444109
full_coverage_complete,whiteskirtgirlcomingfromgoal,555,0,0,5,True,False,True,0.13629040206915508,0.13629040206915508
full_coverage_complete,whiteskirtgirlcomingfromgoal,556,0,0,4,True,False,True,0.3556694440377365,0.3556694440377365
full_coverage_complete,whiteskirtgirlcomingfromgoal,557,0,0,4,True,False,True,0.1395590833012688,0.1395590833012688
full_coverage_complete,whiteskirtgirlcomingfromgoal,558,0,0,4,True,False,True,0.07971619354990969,0.07971619354990969
full_coverage_complete,whiteskirtgirlcomingfromgoal,559,0,0,4,True,False,True,0.0063074967418914885,0.0063074967418914885
full_coverage_complete,whiteskirtgirlcomingfromgoal,560,0,0,4,True,False,True,0.06626242215391015,0.06626242215391015
full_coverage_complete,whiteskirtgirlcomingfromgoal,561,0,0,4,True,False,True,0.0,0.0
full_coverage_complete,whiteskirtgirlcomingfromgoal,562,0,0,4,True,False,True,0.0,0.0
full_coverage_complete,whiteskirtgirlcomingfromgoal,563,0,0,4,True,False,True,7.116233225541642e-05,7.116233225541642e-05
full_coverage_complete,whiteskirtgirlcomingfromgoal,564,0,0,4,True,False,True,0.0,0.0
full_coverage_complete,whiteskirtgirlcomingfromgoal,565,0,0,4,True,False,True,0.005764699733005432,0.005764699733005432
full_coverage_complete,whiteskirtgirlcomingfromgoal,566,0,0,4,True,False,True,0.0,0.0
full_coverage_complete,whiteskirtgirlcomingfromgoal,567,0,0,4,True,False,True,0.05562594801876056,0.05562594801876056
full_coverage_complete,whiteskirtgirlcomingfromgoal,568,0,0,4,True,False,True,0.0,0.0
full_coverage_complete,whiteskirtgirlcomingfromgoal,569,0,0,4,True,False,True,0.014504888174360452,0.014504888174360452
full_coverage_complete,whiteskirtgirlcomingfromgoal,570,0,0,4,True,False,True,0.0,0.0
full_coverage_complete,whiteskirtgirlcomingfromgoal,571,0,0,4,True,False,True,0.03461152654804673,0.03461152654804673
full_coverage_complete,whiteskirtgirlcomingfromgoal,572,0,0,4,True,False,True,0.0,0.0
full_coverage_complete,whiteskirtgirlcomingfromgoal,573,0,0,4,True,False,True,0.0742682667263039,0.0742682667263039
full_coverage_complete,whiteskirtgirlcomingfromgoal,574,0,0,5,True,False,True,0.03601546156863781,0.03601546156863781
full_coverage_complete,whiteskirtgirlcomingfromgoal,575,0,0,4,True,False,True,0.01420705045754359,0.01420705045754359
full_coverage_complete,whiteskirtgirlcomingfromgoal,576,0,0,4,True,False,True,0.005272349272534754,0.005272349272534754
full_coverage_complete,whiteskirtgirlcomingfromgoal,577,0,0,4,True,False,True,0.22804962347639507,0.22804962347639507
full_coverage_complete,whiteskirtgirlcomingfromgoal,578,0,0,5,True,False,True,0.04088002257938392,0.04088002257938392
full_coverage_complete,whiteskirtgirlcomingfromgoal,579,0,0,4,True,False,True,0.0,0.0
full_coverage_complete,whiteskirtgirlcomingfromgoal,580,0,0,4,True,False,True,0.0,0.0
full_coverage_complete,whiteskirtgirlcomingfromgoal,581,0,0,4,True,False,True,0.0,0.0
full_coverage_complete,whiteskirtgirlcomingfromgoal,582,0,0,4,True,False,True,0.0,0.0
full_coverage_complete,whiteskirtgirlcomingfromgoal,583,0,0,4,True,False,True,0.0,0.0
full_coverage_complete,whiteskirtgirlcomingfromgoal,584,0,0,4,True,False,True,0.0,0.0
full_coverage_complete,whiteskirtgirlcomingfromgoal,585,0,0,4,True,False,True,0.0,0.0
full_coverage_complete,whiteskirtgirlcomingfromgoal,586,0,0,4,True,False,True,0.0,0.0
full_coverage_complete,whiteskirtgirlcomingfromgoal,587,0,0,4,True,False,True,0.0,0.0
full_coverage_complete,whiteskirtgirlcomingfromgoal,588,0,0,4,True,False,True,0.0,0.0
full_coverage_complete,whiteskirtgirlcomingfromgoal,589,0,0,4,True,False,True,0.0,0.0
full_coverage_complete,whiteskirtgirlcomingfromgoal,590,0,0,4,True,False,True,0.0,0.0
full_coverage_complete,whiteskirtgirlcomingfromgoal,591,0,0,4,True,False,True,0.0,0.0
full_coverage_complete,whiteskirtgirlcomingfromgoal,592,0,0,4,True,False,True,0.0,0.0
full_coverage_complete,whiteskirtgirlcomingfromgoal,593,0,0,4,True,False,True,0.0,0.0
full_coverage_complete,whiteskirtgirlcomingfromgoal,594,0,0,4,True,False,True,0.0,0.0
full_coverage_complete,whiteskirtgirlcomingfromgoal,595,0,0,4,True,False,True,0.0,0.0
full_coverage_complete,whiteskirtgirlcomingfromgoal,596,0,0,4,True,False,True,0.0,0.0
full_coverage_complete,whiteskirtgirlcomingfromgoal,597,0,0,4,True,False,True,0.0,0.0
full_coverage_complete,whiteskirtgirlcomingfromgoal,598,0,1,4,True,False,True,0.0,0.24996487100782916
full_coverage_complete,whiteskirtgirlcomingfromgoal,599,0,0,5,True,False,True,0.23461380326900658,0.23461380326900658
full_coverage_complete,whiteskirtgirlcomingfromgoal,600,0,0,4,True,False,True,0.41828225667231805,0.41828225667231805
full_coverage_complete,whiteskirtgirlcomingfromgoal,601,0,0,5,True,False,True,0.6144715394495496,0.6144715394495496
full_coverage_complete,whiteskirtgirlcomingfromgoal,602,0,0,5,True,False,True,0.2643638276970773,0.2643638276970773
full_coverage_complete,whiteskirtgirlcomingfromgoal,603,0,0,4,True,False,True,0.1070719465401976,0.1070719465401976
full_coverage_complete,whiteskirtgirlcomingfromgoal,604,0,0,4,True,False,True,0.0028319780284233576,0.0028319780284233576
full_coverage_complete,whiteskirtgirlcomingfromgoal,605,0,0,4,True,False,True,0.028430092534110454,0.028430092534110454
full_coverage_complete,whiteskirtgirlcomingfromgoal,606,0,0,5,True,False,True,0.120455008484486,0.120455008484486
full_coverage_complete,whiteskirtgirlcomingfromgoal,607,0,0,5,True,False,True,0.0083001497745235,0.0083001497745235
full_coverage_complete,whiteskirtgirlcomingfromgoal,608,0,0,4,True,False,True,0.09549258379557635,0.09549258379557635
full_coverage_complete,whiteskirtgirlcomingfromgoal,609,0,0,4,True,False,True,0.0,0.0
full_coverage_complete,whiteskirtgirlcomingfromgoal,610,0,3,4,True,False,True,0.0,0.0
full_coverage_complete,whiteskirtgirlcomingfromgoal,611,0,0,4,True,False,True,0.0,0.0
full_coverage_complete,whiteskirtgirlcomingfromgoal,612,0,0,4,True,False,True,0.0,0.0
full_coverage_complete,whiteskirtgirlcomingfromgoal,613,0,0,4,True,False,True,0.0,0.0
full_coverage_complete,whiteskirtgirlcomingfromgoal,614,4,0,4,True,False,True,0.0,0.0
full_coverage_complete,whiteskirtgirlcomingfromgoal,615,0,0,2,True,False,True,0.0,0.0
full_coverage_complete,whiteskirtgirlcomingfromgoal,616,0,0,5,True,False,True,0.0,0.0
full_coverage_complete,whiteskirtgirlcomingfromgoal,617,0,0,4,True,False,True,0.0,0.0
full_coverage_complete,whiteskirtgirlcomingfromgoal,618,0,0,4,True,False,True,0.0,0.0
full_coverage_complete,whiteskirtgirlcomingfromgoal,619,0,0,4,True,False,True,0.0,0.0
full_coverage_complete,whiteskirtgirlcomingfromgoal,620,0,0,4,True,False,True,0.0,0.0
full_coverage_complete,whiteskirtgirlcomingfromgoal,621,0,0,4,True,False,True,0.0,0.0
full_coverage_complete,whiteskirtgirlcomingfromgoal,622,0,0,4,True,False,True,0.0,0.0
full_coverage_complete,whiteskirtgirlcomingfromgoal,623,0,0,4,True,False,True,0.0,0.0
full_coverage_complete,whiteskirtgirlcomingfromgoal,624,0,0,4,True,False,True,0.0,0.0
full_coverage_complete,whiteskirtgirlcomingfromgoal,625,0,0,4,True,False,True,0.0,0.0
full_coverage_complete,whiteskirtgirlcomingfromgoal,626,0,0,4,True,False,True,0.0,0.0
full_coverage_complete,whiteskirtgirlcomingfromgoal,627,0,0,4,True,False,True,0.0,0.0
full_coverage_complete,whiteskirtgirlcomingfromgoal,628,0,0,4,True,False,True,0.0,0.0
full_coverage_complete,whiteskirtgirlcomingfromgoal,629,0,0,4,True,False,True,0.0,0.0
full_coverage_complete,whiteskirtgirlcomingfromgoal,630,0,0,4,True,False,True,0.0,0.0
full_coverage_complete,whiteskirtgirlcomingfromgoal,633,0,0,4,True,False,True,0.0,0.0
full_coverage_complete,whiteskirtgirlcomingfromgoal,634,0,0,4,True,False,True,0.0,0.0
full_coverage_complete,whiteskirtgirlcomingfromgoal,635,0,0,4,True,False,True,0.0,0.0
full_coverage_complete,whiteskirtgirlcomingfromgoal,637,0,0,4,True,False,True,0.0,0.0
full_coverage_complete,whiteskirtgirlcomingfromgoal,638,0,0,4,True,False,True,0.0,0.0
full_coverage_complete,whiteskirtgirlcomingfromgoal,639,0,0,4,True,False,True,0.0,0.0
full_coverage_complete,whiteskirtgirlcomingfromgoal,641,0,0,4,True,False,True,0.0,0.0
full_coverage_complete,whiteskirtgirlcomingfromgoal,642,0,0,4,True,False,True,0.0,0.0
full_coverage_complete,whiteskirtgirlcomingfromgoal,644,0,0,4,True,False,True,0.0,0.0
full_coverage_complete,whiteskirtgirlcomingfromgoal,645,0,0,4,True,False,True,0.0,0.0
full_coverage_complete,whiteskirtgirlcomingfromgoal,646,0,0,4,True,False,True,0.0,0.0
full_coverage_complete,whiteskirtgirlcomingfromgoal,647,0,0,4,True,False,True,0.0,0.0
full_coverage_complete,whiteskirtgirlcomingfromgoal,648,0,0,4,True,False,True,0.0,0.0
full_coverage_complete,whiteskirtgirlcomingfromgoal,649,0,0,4,True,False,True,0.0,0.0
full_coverage_complete,whiteskirtgirlcomingfromgoal,650,0,0,4,True,False,True,0.0,0.0
full_coverage_complete,whiteskirtgirlcomingfromgoal,651,0,0,4,True,False,True,0.0,0.0
full_coverage_complete,whiteskirtgirlcomingfromgoal,652,0,0,4,True,False,True,0.0,0.0
full_coverage_complete,whiteskirtgirlcomingfromgoal,653,0,0,5,True,False,True,0.0,0.0
full_coverage_complete,whiteskirtgirlcomingfromgoal,654,0,0,4,True,False,True,0.0,0.0
full_coverage_complete,whiteskirtgirlcomingfromgoal,655,0,0,4,True,False,True,0.0,0.0
full_coverage_complete,whiteskirtgirlcomingfromgoal,656,0,0,4,True,False,True,0.0,0.0
full_coverage_complete,whiteskirtgirlcomingfromgoal,657,0,0,4,True,False,True,0.0,0.0
full_coverage_complete,whiteskirtgirlcomingfromgoal,658,4,1,4,True,False,True,0.0,0.0
full_coverage_complete,whiteskirtgirlcomingfromgoal,659,0,1,4,True,False,True,0.0,0.0
full_coverage_complete,whiteskirtgirlcomingfromgoal,660,0,0,5,True,False,True,0.0,0.0
full_coverage_complete,whiteskirtgirlcomingfromgoal,661,0,0,4,True,False,True,0.0,0.0
full_coverage_complete,whiteskirtgirlcomingfromgoal,662,0,0,4,True,False,True,0.0,0.0
full_coverage_complete,whiteskirtgirlcomingfromgoal,663,0,1,4,True,False,True,0.0,0.000743192813435643
full_coverage_complete,whiteskirtgirlcomingfromgoal,664,0,0,5,True,False,True,0.0,0.0
full_coverage_complete,whiteskirtgirlcomingfromgoal,665,0,0,4,True,False,True,0.0,0.0
full_coverage_complete,whiteskirtgirlcomingfromgoal,666,0,0,4,True,False,True,0.0,0.0
full_coverage_complete,whiteskirtgirlcomingfromgoal,667,0,0,4,True,False,True,0.0,0.0
full_coverage_complete,whiteskirtgirlcomingfromgoal,668,0,0,4,True,False,True,0.0,0.0
full_coverage_complete,whiteskirtgirlcomingfromgoal,669,0,0,4,True,False,True,0.0,0.0
full_coverage_complete,whiteskirtgirlcomingfromgoal,670,0,0,4,True,False,True,0.0,0.0
full_coverage_complete,whiteskirtgirlcomingfromgoal,671,0,0,4,True,False,True,0.0,0.0
full_coverage_complete,whiteskirtgirlcomingfromgoal,672,0,0,4,True,False,True,0.0,0.0
full_coverage_complete,whiteskirtgirlcomingfromgoal,673,0,0,4,True,False,True,0.0,0.0
full_coverage_complete,whiteskirtgirlcomingfromgoal,674,0,0,4,True,False,True,0.0,0.0
full_coverage_complete,whiteskirtgirlcomingfromgoal,675,0,0,5,True,False,True,0.0,0.0
full_coverage_complete,whiteskirtgirlcomingfromgoal,676,0,0,5,True,False,True,0.0,0.0
full_coverage_complete,whiteskirtgirlcomingfromgoal,677,0,0,4,True,False,True,0.0,0.0
full_coverage_complete,whiteskirtgirlcomingfromgoal,678,0,0,4,True,False,True,0.0,0.0
full_coverage_complete,whiteskirtgirlcomingfromgoal,679,0,0,4,True,False,True,0.0,0.0
full_coverage_complete,whiteskirtgirlcomingfromgoal,680,0,0,4,True,False,True,0.0,0.0
full_coverage_complete,whiteskirtgirlcomingfromgoal,681,0,0,4,True,False,True,0.0,0.0
full_coverage_complete,whiteskirtgirlcomingfromgoal,682,0,0,4,True,False,True,0.0,0.0
full_coverage_complete,whiteskirtgirlcomingfromgoal,683,0,0,4,True,False,True,0.0,0.0
full_coverage_complete,whiteskirtgirlcomingfromgoal,684,0,1,4,True,False,True,0.0,0.0
full_coverage_complete,whiteskirtgirlcomingfromgoal,685,0,0,4,True,False,True,0.0,0.0
full_coverage_complete,whiteskirtgirlcomingfromgoal,686,0,0,4,True,False,True,0.0,0.0
full_coverage_complete,whiteskirtgirlcomingfromgoal,687,0,0,4,True,False,True,0.0,0.0
full_coverage_complete,whiteskirtgirlcomingfromgoal,688,0,0,4,True,False,True,0.0,0.0
full_coverage_complete,whiteskirtgirlcomingfromgoal,689,0,0,4,True,False,True,0.0,0.0
full_coverage_complete,whiteskirtgirlcomingfromgoal,690,0,0,4,True,False,True,0.0,0.0
full_coverage_complete,whiteskirtgirlcomingfromgoal,691,0,0,4,True,False,True,0.0,0.0
full_coverage_complete,whiteskirtgirlcomingfromgoal,692,0,0,4,True,False,True,0.0,0.0
full_coverage_complete,whiteskirtgirlcomingfromgoal,693,0,0,4,True,False,True,0.0,0.0
full_coverage_complete,whiteskirtgirlcomingfromgoal,694,0,0,4,True,False,True,0.0,0.0
full_coverage_complete,whiteskirtgirlcomingfromgoal,695,4,0,4,True,False,True,0.0,0.0
full_coverage_complete,whiteskirtgirlcomingfromgoal,696,0,0,4,True,False,True,0.0,0.0
full_coverage_complete,whiteskirtgirlcomingfromgoal,697,4,0,4,True,False,True,0.0,0.0
full_coverage_complete,whiteskirtgirlcomingfromgoal,698,0,1,5,True,False,True,0.0,0.0
full_coverage_complete,whiteskirtgirlcomingfromgoal,699,0,0,4,True,False,True,0.0,0.0
full_coverage_complete,whiteskirtgirlcomingfromgoal,700,4,0,4,True,False,True,0.0,0.0
full_coverage_complete,whiteskirtgirlcomingfromgoal,701,0,0,5,True,False,True,0.0,0.0
full_coverage_complete,whiteskirtgirlcomingfromgoal,702,0,0,4,True,False,True,0.0,0.0
full_coverage_complete,whiteskirtgirlcomingfromgoal,703,0,0,4,True,False,True,0.0,0.0
full_coverage_complete,whiteskirtgirlcomingfromgoal,704,0,0,4,True,False,True,0.0,0.0
full_coverage_complete,whiteskirtgirlcomingfromgoal,705,0,0,4,True,False,True,0.0,0.0
full_coverage_complete,whiteskirtgirlcomingfromgoal,706,0,0,4,True,False,True,0.0,0.0
full_coverage_complete,whiteskirtgirlcomingfromgoal,707,0,0,4,True,False,True,0.0,0.0
full_coverage_complete,whiteskirtgirlcomingfromgoal,708,0,0,5,True,False,True,0.0,0.0
full_coverage_complete,whiteskirtgirlcomingfromgoal,709,0,0,4,True,False,True,0.0,0.0
full_coverage_complete,whiteskirtgirlcomingfromgoal,710,0,1,4,True,False,True,0.0,0.0
full_coverage_complete,whiteskirtgirlcomingfromgoal,711,0,0,5,True,False,True,0.0,0.0
full_coverage_complete,whiteskirtgirlcomingfromgoal,712,0,0,4,True,False,True,0.0,0.0
full_coverage_complete,whiteskirtgirlcomingfromgoal,713,0,1,4,True,False,True,0.0,0.0
full_coverage_complete,whiteskirtgirlcomingfromgoal,714,0,0,5,True,False,True,0.0,0.0
full_coverage_complete,whiteskirtgirlcomingfromgoal,715,0,0,5,True,False,True,0.0,0.0
full_coverage_complete,whiteskirtgirlcomingfromgoal,716,0,0,4,True,False,True,0.0,0.0
full_coverage_complete,whiteskirtgirlcomingfromgoal,717,0,0,4,True,False,True,0.0,0.0
full_coverage_complete,whiteskirtgirlcomingfromgoal,718,0,0,4,True,False,True,0.0,0.0
full_coverage_complete,whiteskirtgirlcomingfromgoal,719,0,0,4,True,False,True,0.0,0.0
full_coverage_complete,whiteskirtgirlcomingfromgoal,720,0,0,4,True,False,True,0.0,0.0
full_coverage_complete,whiteskirtgirlcomingfromgoal,721,0,0,4,True,False,True,0.0,0.0
full_coverage_complete,whiteskirtgirlcomingfromgoal,722,0,0,4,True,False,True,0.0,0.0
full_coverage_complete,whiteskirtgirlcomingfromgoal,723,0,0,4,True,False,True,0.0,0.0
full_coverage_complete,whiteskirtgirlcomingfromgoal,724,0,0,4,True,False,True,0.0,0.0
full_coverage_complete,whiteskirtgirlcomingfromgoal,725,0,0,4,True,False,True,0.0,0.0
full_coverage_complete,whiteskirtgirlcomingfromgoal,726,0,0,4,True,False,True,0.0,0.0
full_coverage_complete,whiteskirtgirlcomingfromgoal,727,0,0,5,True,False,True,0.0,0.0
full_coverage_complete,whiteskirtgirlcomingfromgoal,728,0,0,4,True,False,True,0.0,0.0
full_coverage_complete,whiteskirtgirlcomingfromgoal,729,0,0,4,True,False,True,0.0,0.0
full_coverage_complete,whiteskirtgirlcomingfromgoal,730,0,0,4,True,False,True,0.0,0.0
full_coverage_complete,whiteskirtgirlcomingfromgoal,731,0,0,4,True,False,True,0.0,0.0
full_coverage_complete,whiteskirtgirlcomingfromgoal,732,0,0,2,True,False,True,0.0,0.0
full_coverage_complete,whiteskirtgirlcomingfromgoal,733,0,0,4,True,False,True,0.0,0.0
full_coverage_complete,whiteskirtgirlcomingfromgoal,734,0,0,4,True,False,True,0.0,0.0
full_coverage_complete,whiteskirtgirlcomingfromgoal,736,0,0,4,True,False,True,0.0,0.0
full_coverage_complete,whiteskirtgirlcomingfromgoal,737,0,0,4,True,False,True,0.0,0.0
full_coverage_complete,whiteskirtgirlcomingfromgoal,738,0,0,4,True,False,True,0.0,0.0
full_coverage_complete,whiteskirtgirlcomingfromgoal,739,0,0,4,True,False,True,0.0,0.0
full_coverage_complete,whiteskirtgirlcomingfromgoal,740,0,0,4,True,False,True,0.0,0.0
full_coverage_complete,whiteskirtgirlcomingfromgoal,741,0,0,4,True,False,True,0.0,0.0
full_coverage_complete,whiteskirtgirlcomingfromgoal,742,0,0,4,True,False,True,0.0,0.0
full_coverage_complete,whiteskirtgirlcomingfromgoal,743,0,0,4,True,False,True,0.0,0.0
full_coverage_complete,whiteskirtgirlcomingfromgoal,744,0,0,5,True,False,True,0.0,0.0
full_coverage_complete,whiteskirtgirlcomingfromgoal,745,0,0,4,True,False,True,0.0,0.0
full_coverage_complete,whiteskirtgirlcomingfromgoal,746,0,0,4,True,False,True,0.0,0.0
full_coverage_complete,whiteskirtgirlcomingfromgoal,747,0,0,5,True,False,True,0.0,0.0
full_coverage_complete,whiteskirtgirlcomingfromgoal,748,0,0,4,True,False,True,0.0,0.0
full_coverage_complete,whiteskirtgirlcomingfromgoal,749,0,0,4,True,False,True,0.0,0.0
full_coverage_complete,whiteskirtgirlcomingfromgoal,750,0,0,4,True,False,True,0.0,0.0
full_coverage_complete,whiteskirtgirlcomingfromgoal,751,0,0,4,True,False,True,0.0,0.0
full_coverage_complete,whiteskirtgirlcomingfromgoal,752,0,0,4,True,False,True,0.0,0.0
full_coverage_complete,whiteskirtgirlcomingfromgoal,753,0,0,4,True,False,True,0.0,0.0
full_coverage_complete,whiteskirtgirlcomingfromgoal,754,0,0,5,True,False,True,0.0,0.0
full_coverage_complete,whiteskirtgirlcomingfromgoal,755,0,0,4,True,False,True,0.0,0.0
full_coverage_complete,whiteskirtgirlcomingfromgoal,756,0,0,5,True,False,True,0.0,0.0
full_coverage_complete,whiteskirtgirlcomingfromgoal,757,0,0,4,True,False,True,0.0,0.0
full_coverage_complete,whiteskirtgirlcomingfromgoal,758,0,0,5,True,False,True,0.0,0.0
full_coverage_complete,whiteskirtgirlcomingfromgoal,759,0,0,4,True,False,True,0.0,0.0
full_coverage_complete,whiteskirtgirlcomingfromgoal,760,0,0,4,True,False,True,0.0,0.0
full_coverage_complete,whiteskirtgirlcomingfromgoal,761,0,0,4,True,False,True,0.0,0.0
full_coverage_complete,whiteskirtgirlcomingfromgoal,762,0,0,4,True,False,True,0.0,0.0
full_coverage_complete,whiteskirtgirlcomingfromgoal,763,0,0,4,True,False,True,0.0,0.0
full_coverage_complete,whiteskirtgirlcomingfromgoal,764,0,0,4,True,False,True,0.0,0.0
full_coverage_complete,whiteskirtgirlcomingfromgoal,765,0,0,4,True,False,True,0.0,0.0
full_coverage_complete,whiteskirtgirlcomingfromgoal,766,0,0,4,True,False,True,0.0,0.0
full_coverage_complete,whiteskirtgirlcomingfromgoal,767,0,0,4,True,False,True,0.0,0.0
full_coverage_complete,whiteskirtgirlcomingfromgoal,768,0,0,4,True,False,True,0.0,0.0
full_coverage_complete,whiteskirtgirlcomingfromgoal,769,0,0,4,True,False,True,0.0,0.0
full_coverage_complete,whiteskirtgirlcomingfromgoal,770,0,0,4,True,False,True,0.0,0.0
full_coverage_complete,whiteskirtgirlcomingfromgoal,771,0,0,4,True,False,True,0.0,0.0
full_coverage_complete,whiteskirtgirlcomingfromgoal,772,0,0,4,True,False,True,0.0,0.0
full_coverage_complete,whiteskirtgirlcomingfromgoal,773,0,1,5,True,False,True,0.0,0.0
full_coverage_complete,whiteskirtgirlcomingfromgoal,774,0,0,4,True,False,True,0.0,0.0
full_coverage_complete,whiteskirtgirlcomingfromgoal,775,4,0,4,True,False,True,0.0,0.0
full_coverage_complete,whiteskirtgirlcomingfromgoal,776,0,0,5,True,False,True,0.0,0.0
full_coverage_complete,whiteskirtgirlcomingfromgoal,777,0,0,5,True,False,True,0.0,0.0
full_coverage_complete,whiteskirtgirlcomingfromgoal,778,0,0,4,True,False,True,0.0,0.0
full_coverage_complete,whiteskirtgirlcomingfromgoal,779,0,0,4,True,False,True,0.0,0.0
full_coverage_complete,whiteskirtgirlcomingfromgoal,780,0,0,4,True,False,True,0.0,0.0
full_coverage_complete,whiteskirtgirlcomingfromgoal,781,0,0,4,True,False,True,0.0,0.0
full_coverage_complete,whiteskirtgirlcomingfromgoal,782,0,0,4,True,False,True,0.0,0.0
full_coverage_complete,whiteskirtgirlcomingfromgoal,783,0,0,4,True,False,True,0.0,0.0
full_coverage_complete,whiteskirtgirlcomingfromgoal,784,0,0,4,True,False,True,0.0,0.0
full_coverage_complete,whiteskirtgirlcomingfromgoal,785,0,0,4,True,False,True,0.0,0.0
full_coverage_complete,whiteskirtgirlcomingfromgoal,786,0,0,4,True,False,True,0.0,0.0
full_coverage_complete,whiteskirtgirlcomingfromgoal,787,0,0,4,True,False,True,0.0,0.0
full_coverage_complete,whiteskirtgirlcomingfromgoal,788,0,0,4,True,False,True,0.0,0.0
full_coverage_complete,whiteskirtgirlcomingfromgoal,789,0,0,4,True,False,True,0.0,0.0
full_coverage_complete,whiteskirtgirlcomingfromgoal,790,0,0,4,True,False,True,0.0,0.0
full_coverage_complete,whiteskirtgirlcomingfromgoal,791,0,0,4,True,False,True,0.0,0.0
full_coverage_complete,whiteskirtgirlcomingfromgoal,792,0,0,4,True,False,True,0.0,0.0
full_coverage_complete,whiteskirtgirlcomingfromgoal,793,0,0,4,True,False,True,0.0,0.0
full_coverage_complete,whiteskirtgirlcomingfromgoal,794,0,0,4,True,False,True,0.0,0.0
full_coverage_complete,whiteskirtgirlcomingfromgoal,795,0,0,4,True,False,True,0.0,0.0
full_coverage_complete,whiteskirtgirlcomingfromgoal,796,0,0,4,True,False,True,0.0,0.0
full_coverage_complete,whiteskirtgirlcomingfromgoal,797,0,0,4,True,False,True,0.0,0.0
full_coverage_complete,whiteskirtgirlcomingfromgoal,798,0,0,4,True,False,True,0.0,0.0
full_coverage_complete,whiteskirtgirlcomingfromgoal,799,0,0,4,True,False,True,0.0,0.0
full_coverage_complete,whiteskirtgirlcomingfromgoal,801,0,0,4,True,False,True,0.0,0.0
full_coverage_complete,whiteskirtgirlcomingfromgoal,802,0,0,4,True,False,True,0.0,0.0
full_coverage_complete,whiteskirtgirlcomingfromgoal,803,5,0,5,True,False,True,0.0,0.0
full_coverage_complete,whiteskirtgirlcomingfromgoal,804,0,0,4,True,False,True,0.0,0.0
full_coverage_complete,whiteskirtgirlcomingfromgoal,805,0,0,4,True,False,True,0.0,0.0
full_coverage_complete,whiteskirtgirlcomingfromgoal,806,0,0,4,True,False,True,0.0,0.0
full_coverage_complete,whiteskirtgirlcomingfromgoal,807,0,0,4,True,False,True,0.0,0.0
full_coverage_complete,whiteskirtgirlcomingfromgoal,808,0,0,4,True,False,True,0.0,0.0
full_coverage_complete,whiteskirtgirlcomingfromgoal,809,0,0,4,True,False,True,0.0,0.0
full_coverage_complete,whiteskirtgirlcomingfromgoal,810,0,0,4,True,False,True,0.0,0.0
full_coverage_complete,whiteskirtgirlcomingfromgoal,811,0,0,4,True,False,True,0.0,0.0
full_coverage_complete,whiteskirtgirlcomingfromgoal,812,0,0,4,True,False,True,0.0,0.0
full_coverage_complete,whiteskirtgirlcomingfromgoal,813,0,0,4,True,False,True,0.0,0.0
full_coverage_complete,whiteskirtgirlcomingfromgoal,814,0,0,4,True,False,True,0.0,0.0
full_coverage_complete,whiteskirtgirlcomingfromgoal,815,0,0,4,True,False,True,0.0,0.0
full_coverage_complete,whiteskirtgirlcomingfromgoal,816,0,0,4,True,False,True,0.0,0.0
full_coverage_complete,whiteskirtgirlcomingfromgoal,817,4,2,4,True,False,True,0.0,0.0
full_coverage_complete,womanback2car,40,5,4,5,True,False,True,0.5718475330667938,0.0
full_coverage_complete,womanback2car,41,0,1,1,True,False,True,0.0,0.22736208447054873
full_coverage_complete,womanback2car,47,0,0,5,True,False,True,0.5151632889986262,0.5151632889986262
full_coverage_complete,womanback2car,48,0,0,5,True,False,True,0.5916178703734586,0.5916178703734586
full_coverage_complete,womanback2car,49,0,0,5,True,False,True,0.5091592271076009,0.5091592271076009
full_coverage_complete,womanback2car,50,0,0,5,True,False,True,0.5868443362057717,0.5868443362057717
full_coverage_complete,womanback2car,51,0,0,5,True,False,True,0.7653432916304729,0.7653432916304729
full_coverage_complete,womanback2car,88,0,0,1,True,False,True,0.8122694530361466,0.8122694530361466
full_coverage_complete,womanback2car,92,0,0,1,True,False,True,0.8055112565414859,0.8055112565414859
full_coverage_complete,womanback2car,93,0,0,1,True,False,True,0.8402029362921098,0.8402029362921098
full_coverage_complete,yellowgirl118,35,0,0,4,True,False,True,0.3471575099445716,0.3471575099445716
full_coverage_complete,yellowgirl118,36,0,0,4,True,False,True,0.2543276954005618,0.2543276954005618
full_coverage_complete,yellowgirl118,37,0,0,4,True,False,True,0.3637011734694247,0.3637011734694247
full_coverage_complete,yellowgirl118,38,0,0,4,True,False,True,0.34620625923664505,0.34620625923664505
full_coverage_complete,yellowgirl118,39,0,0,4,True,False,True,0.2987393431379517,0.2987393431379517
full_coverage_complete,yellowgirl118,40,0,0,5,True,False,True,0.24104984990850947,0.24104984990850947
full_coverage_complete,yellowgirl118,41,0,0,4,True,False,True,0.15310128591172667,0.15310128591172667
full_coverage_complete,yellowgirl118,42,0,0,1,True,False,True,0.20023576546212654,0.20023576546212654
full_coverage_complete,yellowgirl118,43,0,0,4,True,False,True,0.39866320695609764,0.39866320695609764
full_coverage_complete,yellowgirl118,44,0,0,1,True,False,True,0.21422506312607842,0.21422506312607842
full_coverage_complete,yellowgirl118,45,0,0,1,True,False,True,0.44774913548078854,0.44774913548078854
full_coverage_complete,yellowgirl118,46,0,0,4,True,False,True,0.43973387894697313,0.43973387894697313
full_coverage_complete,yellowgirl118,67,0,0,1,True,False,True,0.023321694664733987,0.023321694664733987
full_coverage_complete,yellowgirl118,68,0,0,5,True,False,True,0.046403299596205635,0.046403299596205635
full_coverage_complete,yellowgirl118,69,0,0,5,True,False,True,0.6505811705795163,0.6505811705795163
full_coverage_complete,yellowgirl118,70,0,0,5,True,False,True,0.41429250242786336,0.41429250242786336
full_coverage_complete,yellowgirl118,71,0,0,5,True,False,True,0.0,0.0
full_coverage_complete,yellowgirl118,72,4,2,4,True,False,True,0.0,0.7721159924853768
full_coverage_complete,yellowgirl118,73,0,0,5,True,False,True,0.4515653047588123,0.4515653047588123
full_coverage_complete,yellowgirl118,74,0,0,5,True,False,True,0.19504002401900244,0.19504002401900244
full_coverage_complete,yellowgirl118,75,5,2,5,True,False,True,0.0,0.0
full_coverage_complete,yellowgirl118,76,4,0,4,True,False,True,0.08753530101216242,0.3314355794588977
full_coverage_complete,yellowgirl118,77,5,0,5,True,False,True,0.21659939783846963,0.15309784653428415
full_coverage_complete,yellowgirl118,78,4,0,4,True,False,True,0.02984515268676029,0.03261272057869421
full_coverage_complete,yellowgirl118,79,0,0,4,True,False,True,0.020288175885397292,0.020288175885397292
full_coverage_complete,yellowgirl118,80,0,0,4,True,False,True,0.0090647447357389,0.0090647447357389
full_coverage_complete,yellowgirl118,81,0,0,4,True,False,True,0.16371557274399404,0.16371557274399404
full_coverage_complete,yellowgirl118,85,0,0,4,True,False,True,0.4817250643181538,0.4817250643181538
full_coverage_complete,yellowgirl118,86,0,0,4,True,False,True,0.4722610310838289,0.4722610310838289
full_coverage_complete,yellowgirl118,87,0,0,5,True,False,True,0.41708034836636376,0.41708034836636376
full_coverage_complete,yellowgirl118,88,0,0,4,True,False,True,0.4600947609210782,0.4600947609210782
full_coverage_complete,yellowgirl118,89,5,1,5,True,False,True,0.30058197708972034,0.0
full_coverage_complete,yellowgirl118,90,0,0,6,True,False,True,0.0,0.0
full_coverage_complete,yellowgirl118,91,0,0,4,True,False,True,0.0,0.0
full_coverage_complete,yellowgirl118,92,0,0,4,True,False,True,0.0,0.0
full_coverage_complete,yellowgirl118,93,0,0,6,True,False,True,0.0,0.0
full_coverage_complete,yellowgirl118,94,0,0,5,True,False,True,0.0,0.0
full_coverage_complete,yellowgirl118,95,0,0,6,True,False,True,0.0,0.0
full_coverage_complete,yellowgirl118,96,0,0,5,True,False,True,0.0,0.0
full_coverage_complete,yellowgirl118,97,5,1,5,True,False,True,0.0,0.0
full_coverage_complete,yellowgirl118,98,0,0,5,True,False,True,0.0,0.0
full_coverage_complete,yellowgirl118,99,5,0,5,True,False,True,0.0,0.0
full_coverage_complete,yellowgirl118,100,0,0,4,True,False,True,0.04896363869474114,0.04896363869474114
full_coverage_complete,yellowgirl118,101,0,0,5,True,False,True,0.002760855457837176,0.002760855457837176
full_coverage_complete,yellowgirl118,102,5,0,5,True,False,True,0.029364793639153158,0.04709680539106429
full_coverage_complete,yellowgirl118,103,0,0,1,True,False,True,0.1810518155068813,0.1810518155068813
full_coverage_complete,yellowgirl118,104,0,0,5,True,False,True,0.15882697240162758,0.15882697240162758
full_coverage_complete,yellowgirl118,105,0,0,4,True,False,True,0.31431155550887657,0.31431155550887657
full_coverage_complete,yellowgirl118,106,0,0,2,True,False,True,0.4028183399942387,0.4028183399942387
full_coverage_complete,yellowgirl118,110,0,0,1,True,False,True,0.48064113200925435,0.48064113200925435
full_coverage_complete,yellowgirl118,111,0,0,5,True,False,True,0.4714558516379427,0.4714558516379427
full_coverage_complete,yellowgirl118,112,0,0,1,True,False,True,0.27931761592836146,0.27931761592836146
full_coverage_complete,yellowgirl118,113,5,0,5,True,False,True,0.2707176250474413,0.28495077876570163
full_coverage_complete,yellowgirl118,114,0,0,5,True,False,True,0.2313370308482928,0.2313370308482928
full_coverage_complete,yellowgirl118,115,0,0,5,True,False,True,0.07470750203714592,0.07470750203714592
full_coverage_complete,yellowgirl118,116,5,0,5,True,False,True,0.024015649447950104,0.0
full_coverage_complete,yellowgirl118,117,0,0,5,True,False,True,0.0010858786528465272,0.0010858786528465272
full_coverage_complete,yellowskirt,75,0,0,1,True,False,True,0.5257112785046024,0.5257112785046024
full_coverage_complete,yellowskirt,88,0,0,1,True,False,True,0.7237753700939771,0.7237753700939771
full_coverage_complete,yellowskirt,89,0,0,2,True,False,True,0.7110431465185275,0.7110431465185275
full_coverage_complete,yellowskirt,90,0,0,1,True,False,True,0.7040995909790976,0.7040995909790976
full_coverage_complete,yellowskirt,91,0,0,1,True,False,True,0.6554078116508533,0.6554078116508533
full_coverage_complete,yellowskirt,94,0,0,2,True,False,True,0.8329434192720674,0.8329434192720674
