144.000	266.000	47.000	104.000
146.731	264.459	46.752	106.317
148.102	264.790	48.375	105.405
148.401	264.803	49.617	104.363
150.818	265.668	48.707	103.883
152.136	265.861	48.474	102.811
153.619	264.496	48.853	102.476
154.968	263.523	49.040	103.596
156.914	262.212	48.914	102.564
158.594	260.789	47.852	103.109
163.895	260.130	44.710	105.469
166.161	260.090	44.894	105.826
168.415	259.284	45.643	107.507
172.139	259.693	44.295	106.975
173.458	259.384	44.063	106.427
176.247	259.044	43.041	104.876
178.722	257.821	41.810	105.315
180.007	256.993	41.542	104.408
181.520	255.783	40.609	103.171
183.296	255.330	39.139	104.771
184.961	254.898	38.654	105.250
187.416	254.236	37.631	106.265
191.002	254.934	35.363	105.687
192.576	255.178	34.898	105.457
194.717	254.960	33.754	103.798
197.249	254.589	32.039	103.994
197.821	254.421	32.597	103.642
199.311	253.557	31.794	102.205
201.307	253.084	31.039	102.533
203.227	251.118	30.556	104.105
205.021	249.349	31.139	103.793
205.256	249.009	32.261	104.600
206.896	249.201	36.919	102.307
206.543	249.367	44.502	101.798
207.511	250.205	47.341	102.308
208.212	250.791	47.240	102.749
211.058	249.705	44.651	104.797
213.259	249.044	43.845	106.210
213.791	249.344	44.472	104.583
220.570	248.285	37.800	104.294
223.169	246.819	35.292	104.071
225.326	245.576	33.823	106.366
229.797	244.944	30.075	105.080
231.329	244.208	29.964	105.917
232.419	244.324	32.285	105.424
233.947	244.668	34.083	107.900
235.221	244.930	33.290	109.881
236.550	244.695	34.293	106.789
236.277	243.987	36.591	105.034
236.555	243.696	38.565	102.102
237.827	242.582	40.951	99.086
238.449	241.279	41.569	100.993
241.146	240.753	41.151	100.735
242.045	240.759	42.649	100.539
243.288	240.905	43.071	101.298
244.691	241.191	43.354	99.692
244.931	241.496	43.984	99.325
247.164	241.268	42.274	99.518
247.790	240.615	40.819	99.451
248.993	239.371	40.761	98.247
250.048	238.232	40.608	97.181
250.289	236.954	41.060	97.913
250.121	235.959	43.278	96.642
251.062	236.198	45.051	96.044
250.486	236.871	46.455	93.981
251.638	236.276	46.692	94.231
252.962	236.525	46.040	91.316
256.838	233.267	44.113	92.842
260.325	233.824	42.774	94.301
262.162	233.660	40.817	92.769
264.001	233.151	40.481	91.225
264.747	231.586	40.537	91.825
265.722	229.971	40.294	92.812
265.869	229.151	42.136	92.617
266.133	228.810	42.153	92.280
266.454	229.584	42.511	88.886
266.456	230.010	43.482	87.549
267.294	229.436	43.269	87.032
267.813	228.284	43.630	87.294
269.593	226.775	43.023	89.873
270.691	225.534	41.433	90.417
272.274	224.799	41.505	92.379
272.938	224.441	41.191	92.042
274.553	225.337	40.877	89.462
276.014	225.490	40.855	90.745
278.088	224.432	40.064	91.382
278.598	223.518	40.007	89.447
279.175	222.341	40.649	86.562
278.933	220.956	41.162	88.419
279.237	220.298	41.434	88.887
280.494	221.325	41.427	85.713
281.216	221.471	41.555	84.125
281.418	221.513	41.528	83.064
280.819	220.556	42.230	82.663
281.905	219.572	41.726	85.069
282.183	218.276	42.181	86.185
284.345	217.300	40.875	86.172
285.882	216.557	40.180	88.271
286.689	216.706	39.690	87.862
288.290	217.366	39.204	87.039
289.499	216.576	38.756	85.355
290.595	216.270	39.662	84.473
291.019	215.162	39.399	84.115
290.578	214.235	41.143	83.056
291.133	213.544	41.174	83.743
292.441	213.606	40.988	84.232
293.636	214.211	40.342	83.421
294.312	214.592	40.845	80.228
294.633	214.254	41.159	79.253
295.543	213.782	41.727	79.868
296.653	212.472	40.725	81.069
298.226	210.572	40.184	85.079
299.441	209.727	39.185	85.498
301.296	210.303	39.032	85.871
302.685	210.790	38.506	85.047
303.935	210.903	38.637	83.916
305.199	209.546	38.957	82.967
305.409	207.711	39.250	82.920
306.185	207.075	39.387	82.408
306.910	207.486	39.662	80.913
308.221	207.518	39.034	80.413
308.376	207.668	40.268	77.499
308.606	207.043	40.418	76.953
309.653	205.455	39.516	79.222
310.187	204.518	38.639	81.096
312.504	204.103	37.578	81.881
312.267	204.068	38.397	82.023
313.420	204.356	37.452	81.542
315.057	204.443	36.257	79.373
315.588	203.889	36.257	78.131
316.724	202.033	35.765	80.062
316.824	202.027	36.333	78.518
316.638	200.491	36.939	79.731
316.105	200.685	38.952	79.739
316.999	201.002	38.577	79.199
317.577	201.043	38.273	77.262
317.974	200.534	37.818	77.582
317.805	200.027	38.589	77.302
318.373	197.878	37.230	78.856
319.149	197.502	36.364	77.335
319.336	197.398	36.808	78.869
319.785	198.047	37.468	77.763
320.568	198.454	36.011	78.038
321.418	198.549	35.600	76.299
322.782	198.299	34.397	75.184
323.688	196.530	33.698	75.912
323.724	195.221	34.763	75.588
323.613	194.745	34.815	76.212
324.335	194.461	34.210	77.355
323.975	194.971	35.449	74.998
324.458	195.290	35.411	73.476
324.906	195.057	34.913	72.742
324.737	194.727	34.754	72.665
324.737	193.113	34.549	73.596
324.155	192.749	35.333	74.929
324.691	191.576	35.120	75.919
325.162	191.709	34.383	75.819
325.496	192.428	34.259	75.968
326.099	192.562	34.207	74.504
327.012	192.231	34.455	73.372
327.724	191.165	34.878	72.943
328.362	190.646	33.833	72.824
328.591	189.720	33.580	73.499
328.733	189.217	33.886	75.254
328.944	189.301	34.620	73.968
329.215	189.794	34.228	72.340
329.591	190.202	33.702	71.036
329.927	190.248	33.332	69.374
329.524	189.408	33.974	69.699
330.449	187.132	32.770	73.326
329.882	186.457	33.711	73.919
330.647	186.490	33.469	73.199
330.798	185.890	33.413	75.060
331.202	186.828	33.782	73.097
331.751	187.467	33.700	71.776
332.301	187.245	33.695	71.673
333.824	186.066	33.719	70.237
334.835	186.173	32.129	69.360
335.500	184.223	32.400	70.166
335.779	183.559	32.278	70.924
336.461	183.343	32.017	72.592
336.888	183.158	31.587	73.279
336.913	183.850	32.925	70.188
337.467	184.155	32.913	69.258
337.805	183.786	32.950	68.009
337.946	183.578	32.804	68.329
338.033	181.844	33.179	70.488
338.696	181.326	32.847	72.611
338.768	180.675	33.326	72.881
339.344	181.040	33.776	72.336
339.778	181.931	33.468	71.747
341.092	182.016	32.124	70.304
341.639	180.799	32.141	70.853
342.358	179.751	31.961	69.185
342.741	178.485	32.233	70.443
342.554	178.179	32.726	70.885
342.727	178.518	32.791	69.255
343.321	178.653	33.042	68.380
343.671	179.511	33.025	66.785
344.405	179.170	32.457	67.172
344.450	177.903	32.395	68.370
344.818	176.843	32.693	69.486
345.075	176.211	31.930	69.558
344.842	175.916	32.125	70.548
345.167	176.090	32.874	70.354
345.323	176.161	33.057	71.053
346.429	176.621	32.532	68.795
347.676	176.067	32.102	67.296
348.340	175.149	31.466	66.940
348.520	174.806	31.286	67.776
349.097	173.777	31.049	68.757
349.035	173.223	32.006	69.450
349.384	172.971	32.120	69.337
349.950	173.731	32.303	67.774
350.212	174.343	32.097	66.758
350.175	174.663	31.817	65.541
350.031	174.516	32.910	64.505
350.296	173.393	32.958	65.305
350.280	172.074	33.225	67.511
350.558	171.546	32.835	68.431
350.633	171.731	33.681	68.913
350.622	171.828	33.837	69.037
352.545	170.048	33.279	69.206
353.461	169.567	32.876	69.700
354.044	170.398	33.448	67.650
353.658	170.397	34.292	68.144
353.602	169.728	34.635	68.529
354.020	169.380	35.056	67.737
353.741	168.026	34.698	69.411
353.953	167.408	34.212	69.507
354.089	167.206	34.782	69.637
354.585	167.359	33.633	68.821
354.984	167.525	33.232	68.790
355.709	167.843	33.612	67.702
357.692	167.353	32.208	67.210
358.357	166.370	32.081	67.420
359.205	165.191	31.060	68.589
359.052	164.865	31.949	67.002
358.866	165.246	32.947	65.876
359.192	165.277	32.819	65.686
359.861	165.733	33.744	65.594
359.983	165.550	33.136	66.745
360.168	165.044	32.831	65.693
360.754	164.632	33.153	65.638
360.509	163.291	35.024	67.567
361.628	162.764	33.740	67.764
364.421	163.232	32.459	65.548
366.709	161.259	30.797	66.424
367.665	160.499	30.537	66.199
368.318	160.246	30.578	66.851
368.072	160.850	32.182	64.782
368.923	160.788	32.060	65.591
369.666	160.424	32.214	64.662
369.917	160.185	32.170	64.586
370.477	159.063	32.152	64.936
370.826	157.871	31.921	66.928
370.736	158.063	32.722	65.765
371.440	158.246	32.254	65.830
372.409	158.698	31.858	66.515
372.843	158.973	32.424	66.168
373.933	159.001	31.840	65.379
375.214	157.840	30.571	65.858
375.845	156.693	31.159	67.128
375.825	156.182	31.433	66.119
376.413	155.994	31.567	67.057
376.949	156.300	31.352	66.381
377.346	156.485	31.830	65.279
376.973	156.758	33.399	64.806
377.168	156.208	33.578	64.832
377.239	155.638	33.297	66.526
377.362	154.031	33.341	68.220
377.509	152.948	34.475	69.650
377.871	153.076	34.125	70.369
378.272	154.184	33.934	68.873
378.175	154.187	33.543	69.439
379.150	154.572	32.932	68.746
379.493	153.916	33.001	67.993
379.781	152.939	32.770	68.460
380.033	152.233	32.862	68.261
379.825	151.555	33.548	69.944
380.030	151.486	33.350	70.072
380.085	152.735	32.933	67.898
380.137	152.578	32.558	67.982
380.214	152.563	32.442	67.839
380.704	151.931	31.681	67.216
380.736	151.602	31.611	66.868
380.931	151.166	31.175	66.979
381.173	150.182	31.391	66.448
381.528	149.167	31.609	66.937
381.629	150.094	31.478	65.158
382.400	150.603	30.464	64.205
384.172	150.666	29.124	63.538
384.817	149.872	29.162	63.003
385.371	149.800	28.254	63.022
385.965	148.891	28.030	62.938
385.950	148.497	28.538	61.390
386.488	147.859	28.609	61.871
386.879	148.429	28.387	61.631
387.332	148.299	28.101	61.523
387.354	148.326	28.918	60.701
387.671	147.532	28.880	60.248
388.069	146.082	28.860	60.507
389.294	146.597	27.842	59.985
390.557	147.233	27.804	58.154
390.894	147.188	27.671	58.068
391.275	146.182	28.422	59.182
392.212	145.115	28.042	59.160
392.870	144.266	27.649	60.028
393.200	144.477	27.960	60.946
393.271	145.039	28.797	60.433
393.354	145.278	29.634	58.414
393.625	144.115	30.236	59.114
393.947	143.418	30.150	59.985
394.482	142.628	29.302	59.594
395.204	142.770	28.812	60.381
395.525	142.750	28.849	61.202
396.212	142.969	28.187	59.630
396.788	143.274	28.429	58.435
397.580	143.024	28.150	58.290
398.190	141.947	27.955	59.519
398.804	141.575	27.542	59.966
398.569	141.078	28.208	60.824
398.658	141.309	28.346	60.051
398.410	141.646	28.464	58.970
397.941	141.789	28.727	58.370
398.158	141.459	28.544	57.842
398.120	140.446	27.854	58.459
398.091	139.555	28.584	60.123
397.894	139.394	29.600	59.352
397.353	139.445	30.442	59.230
397.557	139.280	30.070	58.957
397.880	139.335	29.042	58.458
398.264	139.880	28.303	57.758
398.894	139.749	27.768	57.943
398.464	139.263	27.963	58.349
398.628	138.836	27.347	58.523
398.604	138.649	27.755	58.418
398.257	138.588	27.763	59.211
398.382	138.652	28.010	58.699
398.086	138.813	28.495	58.213
398.093	138.785	29.175	57.690
397.499	137.959	28.655	58.503
397.804	137.286	28.306	59.082
397.819	137.624	28.137	58.231
398.417	137.560	28.363	58.176
398.728	137.480	28.606	59.489
399.292	137.192	28.572	60.132
400.081	137.264	28.508	58.852
400.603	137.245	28.609	58.529
401.182	136.698	28.210	58.913
401.990	136.075	28.369	58.913
402.529	135.844	29.007	58.453
402.981	134.620	29.427	58.889
403.496	134.946	29.572	57.950
403.599	135.533	30.185	56.878
403.908	135.750	29.877	55.691
404.268	135.842	29.877	54.868
405.226	134.957	29.887	56.618
405.097	134.318	30.136	57.070
405.298	134.327	30.132	56.287
405.560	134.042	31.059	57.778
406.209	134.345	31.452	57.986
406.991	134.439	30.657	59.649
408.033	133.969	30.275	58.709
408.996	133.110	29.862	58.218
409.885	132.282	29.721	59.644
409.258	132.138	30.155	57.982
410.060	132.826	29.863	58.665
410.175	133.019	29.167	57.971
410.075	133.511	29.075	56.848
409.735	133.547	29.594	57.166
409.632	133.217	29.831	57.259
409.099	132.349	29.164	57.375
408.648	131.920	29.716	56.786
408.507	131.291	30.226	56.419
408.222	132.455	30.069	56.831
407.885	132.109	29.681	56.127
408.268	133.367	29.509	55.724
409.225	131.901	29.002	55.608
408.841	131.983	29.255	54.846
408.923	132.216	27.804	54.341
410.013	132.129	28.376	54.765
408.986	132.361	29.296	53.748
408.375	133.094	29.440	53.568
407.820	131.293	29.275	56.725
406.718	132.763	28.230	55.697
406.073	131.059	28.659	55.571
405.627	130.570	28.920	54.785
404.525	128.974	28.592	57.695
403.957	128.855	28.516	57.744
403.683	129.201	28.689	56.360
403.145	129.894	27.967	56.036
403.341	129.240	28.161	54.986
403.044	128.095	27.750	56.864
402.491	127.086	28.472	57.958
402.403	127.217	27.703	57.632
401.234	126.520	28.262	58.704
400.707	128.409	27.779	56.028
400.795	128.596	28.269	55.239
399.839	126.546	29.325	57.385
398.409	124.965	30.816	57.684
397.956	124.307	29.874	59.654
398.282	126.434	28.978	56.625
396.982	127.570	29.284	57.105
397.338	127.453	28.473	54.758
397.907	126.173	28.213	54.809
396.929	125.590	28.126	55.371
396.645	125.590	28.386	55.923
395.871	126.216	28.979	56.764
395.658	126.680	29.259	54.878
394.933	126.045	29.282	54.764
395.522	125.726	28.601	55.299
395.372	125.804	28.099	53.755
395.150	124.873	27.999	54.728
394.494	124.257	27.498	55.077
394.717	124.897	28.697	54.419
394.163	124.076	27.924	55.164
395.787	124.943	27.858	55.449
394.591	124.199	28.724	54.783
394.144	123.356	28.753	54.213
394.363	123.131	28.945	54.088
394.443	123.150	29.901	54.733
393.914	123.293	29.217	54.376
394.095	124.219	28.922	53.000
393.592	124.424	28.492	53.954
393.180	123.924	28.617	54.486
392.320	123.226	28.929	53.972
392.198	123.024	28.831	54.049
391.993	122.566	29.024	54.176
392.363	122.412	28.418	54.194
392.065	122.937	28.846	52.871
392.590	122.673	28.071	53.388
392.750	122.637	27.624	52.871
392.481	121.547	27.465	53.929
392.035	121.030	27.378	54.237
392.197	120.820	27.662	54.074
391.584	120.947	27.854	54.734
391.150	121.611	27.517	54.134
391.101	121.972	28.123	53.052
390.021	122.726	28.051	52.376
389.485	121.241	27.820	53.501
389.290	121.073	27.985	53.858
388.567	120.566	26.867	53.835
388.059	119.658	27.567	53.814
388.172	120.457	27.664	55.491
387.512	120.095	27.260	56.322
388.074	120.261	26.528	54.914
387.604	119.775	26.560	54.091
387.350	119.749	26.084	53.401
386.457	118.751	26.306	53.067
385.866	119.247	26.139	53.517
385.674	119.260	25.666	53.708
384.305	120.075	24.766	51.690
383.051	119.515	26.015	51.602
383.022	119.410	25.039	50.142
382.020	118.935	25.912	49.056
381.593	118.311	26.325	48.987
381.367	118.669	25.240	48.832
380.167	118.150	24.943	47.623
379.814	116.914	25.483	47.415
378.744	117.846	24.096	47.312
378.940	118.273	24.960	45.988
377.354	117.778	25.615	47.627
377.186	116.501	25.243	47.415
376.084	116.800	25.936	46.220
375.542	116.554	25.725	46.599
376.066	116.412	26.365	47.866
375.333	116.953	27.303	47.421
375.283	116.553	25.457	49.284
375.929	116.011	25.952	47.361
375.234	114.864	24.931	51.047
375.326	114.835	24.113	49.560
373.031	115.646	24.915	48.225
371.184	114.311	25.368	46.880
371.684	115.368	25.857	47.461
370.489	115.305	26.820	46.394
370.057	114.852	26.342	47.091
370.174	115.269	26.272	46.365
370.612	115.002	27.107	46.550
369.771	113.813	26.618	48.058
369.183	113.886	26.887	49.675
368.475	113.221	26.742	48.814
368.349	114.105	26.896	47.113
368.038	114.161	25.209	48.542
366.876	113.928	25.764	47.142
366.169	114.316	24.818	48.605
365.968	113.933	26.244	46.444
365.253	114.021	26.379	46.328
365.120	113.118	27.697	46.829
366.198	113.472	27.410	48.263
364.603	112.926	27.971	48.850
365.224	114.187	27.068	47.690
364.860	113.164	26.757	48.542
365.582	113.488	27.230	46.839
364.943	111.966	26.275	47.120
365.128	112.322	26.411	45.370
365.695	112.403	26.296	45.230
364.866	112.144	26.424	47.028
364.466	112.864	26.551	45.550
364.176	113.431	26.850	44.765
363.376	112.752	25.514	47.452
362.935	112.946	27.444	45.882
