243.000	314.000	43.000	137.000
203.457	315.402	40.701	140.552
146.705	316.762	43.570	142.241
106.784	317.610	41.785	140.552
79.357	318.258	39.388	141.238
82.063	320.918	43.493	138.770
85.915	324.447	44.895	135.121
88.849	326.817	46.918	133.183
90.046	326.798	46.822	133.196
91.925	326.680	47.249	133.320
93.756	327.916	49.265	131.940
95.518	326.908	47.691	132.167
96.283	328.339	49.310	131.661
100.371	305.436	44.540	148.167
105.922	253.882	37.610	151.769
106.642	218.057	36.310	147.865
109.612	182.845	36.351	148.121
109.946	161.163	35.512	146.872
111.688	125.332	38.663	146.541
112.050	92.637	42.613	148.008
115.276	93.097	45.015	151.247
116.506	96.773	44.549	149.213
119.160	97.939	43.485	150.419
121.962	98.559	44.554	151.443
125.391	97.585	42.941	153.332
126.909	97.585	42.615	153.265
131.094	98.586	40.719	154.951
133.474	102.842	41.569	155.771
134.593	106.206	43.022	152.485
137.371	108.407	42.562	154.215
138.936	107.955	43.459	154.528
139.930	108.320	45.025	154.528
142.770	108.137	44.275	154.196
147.130	109.262	45.184	153.798
149.405	112.842	49.442	155.703
152.541	116.037	50.597	156.506
153.157	117.702	55.050	157.653
154.102	115.982	58.984	160.161
156.388	115.852	59.040	161.549
158.951	116.138	61.418	161.468
159.974	114.889	63.241	160.779
161.307	114.939	64.772	165.069
163.302	117.134	67.831	167.144
165.162	119.926	68.765	164.869
169.475	122.243	66.140	166.563
171.207	123.842	66.162	166.628
174.272	124.006	64.315	166.538
178.716	123.017	61.019	167.287
181.608	121.119	60.934	169.614
184.456	123.922	62.513	171.351
187.597	127.720	66.819	173.180
190.880	132.494	67.035	170.953
195.900	133.369	64.211	172.187
201.324	134.137	62.611	171.104
204.945	131.411	62.895	174.788
207.182	128.578	63.869	178.355
208.005	127.926	66.022	181.235
210.056	130.331	65.686	183.417
212.112	137.038	69.200	178.136
214.314	143.206	71.279	174.891
217.591	145.316	69.412	175.710
220.555	144.896	67.739	176.219
224.156	145.134	65.344	176.041
227.715	147.408	65.855	174.855
232.039	151.005	67.709	178.322
237.993	156.179	65.339	179.755
243.203	157.825	63.177	181.366
246.406	158.477	63.652	180.746
248.697	158.900	63.397	180.840
251.090	160.015	65.252	184.296
252.720	162.897	67.864	185.895
254.806	164.598	70.336	186.998
255.872	168.292	72.456	185.084
258.305	169.842	72.514	185.749
261.748	170.767	70.278	185.593
265.834	170.991	68.249	185.634
269.327	172.979	68.190	183.290
273.352	174.412	69.838	187.675
277.486	178.319	70.053	189.970
281.663	181.899	68.230	193.304
284.594	183.601	66.337	193.262
287.174	184.015	67.675	192.661
290.631	183.897	68.966	192.649
292.967	185.402	72.310	193.245
292.516	187.972	75.541	192.355
293.383	189.919	77.432	197.332
294.807	194.399	79.924	197.050
296.663	198.569	81.093	196.298
297.308	200.959	80.923	195.263
302.093	201.707	75.602	195.339
305.386	202.504	73.545	196.412
308.769	205.856	74.261	201.258
305.971	211.854	71.929	200.906
280.160	214.914	68.894	204.334
246.844	216.039	67.598	205.615
210.555	219.968	67.233	205.089
172.987	220.285	67.579	203.347
140.718	224.191	69.083	201.353
144.492	225.599	75.676	199.992
146.724	229.076	78.271	192.934
148.441	232.641	80.324	189.313
153.296	237.309	79.499	186.750
157.047	237.950	77.730	184.826
161.233	238.288	75.766	184.628
165.128	237.813	75.097	184.184
171.104	241.177	75.520	183.061
175.335	246.274	77.766	178.962
180.902	249.983	77.888	174.699
184.539	253.135	78.377	170.144
190.564	253.989	75.181	169.268
197.590	255.000	73.485	167.572
203.539	255.746	72.135	165.287
209.157	257.307	70.791	163.331
215.084	263.215	70.778	158.007
221.714	270.737	70.883	150.856
226.502	274.158	69.464	147.045
232.403	275.544	65.626	147.029
238.570	275.405	64.996	145.451
248.533	277.331	62.501	142.199
258.631	280.186	61.191	139.127
263.829	284.095	61.429	134.522
274.467	290.880	58.282	129.784
284.539	293.052	53.841	129.816
292.891	292.440	52.107	129.798
297.908	292.097	51.396	129.811
303.716	292.405	51.240	129.766
