262.000	166.000	32.000	79.000
262.377	166.147	33.726	79.098
262.962	165.791	34.467	77.558
263.833	164.755	34.477	78.452
264.637	164.087	35.237	80.374
265.132	164.536	35.228	79.802
266.187	164.562	34.683	80.094
267.402	165.689	36.570	78.631
269.396	165.939	35.673	77.392
271.260	165.820	35.203	77.621
272.741	165.680	35.178	76.493
273.474	165.379	35.429	75.022
274.701	163.282	36.533	76.359
276.724	161.324	35.196	78.694
277.597	161.555	35.626	76.185
278.227	161.105	37.047	77.066
279.042	162.152	35.372	75.726
280.596	162.812	35.299	74.359
281.816	162.535	37.229	71.498
283.617	161.357	34.621	71.771
284.344	160.650	36.047	71.660
285.791	159.735	33.741	72.264
286.598	159.624	33.525	72.137
287.301	158.946	33.118	72.843
288.284	159.095	33.004	72.432
290.032	159.518	32.928	71.442
291.368	159.466	32.545	71.551
292.580	159.261	32.462	71.446
293.395	158.592	34.242	71.299
294.670	158.246	35.760	71.061
295.176	157.002	34.088	71.971
296.861	156.524	35.439	70.799
297.891	156.194	34.567	70.064
299.661	156.111	32.335	69.628
300.610	156.780	32.781	68.186
301.496	156.718	31.908	68.450
302.597	156.112	32.405	66.903
303.189	155.889	32.803	66.407
305.073	155.420	32.066	66.732
305.933	154.438	32.280	67.408
306.679	153.588	31.826	66.974
307.544	152.956	31.875	67.227
308.487	154.244	30.409	65.824
309.613	154.191	31.861	65.769
310.014	155.209	31.615	64.457
312.392	154.791	30.708	63.868
313.556	155.207	30.656	62.412
314.829	153.992	30.856	61.161
316.050	154.820	31.190	56.900
316.893	153.502	30.813	58.385
317.692	153.426	29.803	56.527
318.628	151.836	29.905	58.416
319.613	151.728	30.695	57.627
320.134	152.064	30.255	57.253
321.264	151.185	30.693	58.944
322.078	151.360	30.693	58.836
323.660	154.139	30.052	61.444
323.217	189.912	28.806	64.572
327.345	222.955	30.705	88.731
330.931	262.938	39.869	82.759
328.666	308.363	31.202	70.724
327.787	306.544	31.679	60.165
330.357	309.691	31.486	58.088
329.599	306.370	31.079	61.499
329.577	308.281	32.249	57.301
332.454	308.554	30.329	56.478
332.173	305.845	31.416	58.098
333.567	307.807	30.974	58.808
333.242	304.325	31.468	59.159
334.928	307.061	30.979	56.293
335.072	304.551	30.630	56.873
335.676	306.700	30.617	55.279
336.738	304.917	30.319	57.016
337.569	307.843	31.307	54.069
338.284	306.404	30.703	56.129
339.050	305.644	31.292	56.292
339.231	304.999	30.890	57.575
339.977	302.391	30.438	59.014
340.048	304.677	30.928	54.613
340.739	301.351	31.385	58.208
341.265	302.308	31.447	56.549
342.441	301.908	30.519	57.762
343.170	301.947	30.227	57.860
344.307	302.197	29.037	57.727
344.434	301.267	29.261	58.169
346.652	301.064	28.269	59.229
346.804	300.637	29.451	59.083
347.848	299.541	29.082	60.791
348.421	297.213	29.534	62.204
349.493	296.385	29.993	62.941
349.757	297.056	29.588	62.232
351.391	297.618	29.167	60.876
352.320	298.482	29.390	60.446
352.636	298.030	28.637	60.774
353.852	298.618	29.789	59.659
354.963	296.865	29.575	61.300
356.706	297.490	28.665	61.108
357.521	297.431	28.147	60.679
357.064	297.332	29.067	60.306
357.996	295.713	29.351	61.287
358.574	295.677	29.447	60.625
358.016	296.054	30.781	60.281
359.177	296.215	30.917	60.258
359.897	296.878	31.378	59.725
360.311	297.080	30.472	60.690
361.420	296.908	31.962	60.555
363.059	294.799	28.991	62.258
363.830	294.361	29.949	61.999
364.947	294.598	28.793	61.786
365.437	294.293	29.493	61.092
366.371	292.256	30.093	62.543
367.406	293.245	28.928	61.519
368.213	292.878	28.556	61.793
368.980	293.222	28.119	61.464
370.145	291.727	28.602	63.430
370.749	293.162	29.159	61.660
371.970	292.964	28.491	61.907
372.879	293.138	28.731	62.298
372.963	291.188	29.301	63.200
373.575	291.265	30.045	62.826
373.947	290.360	30.184	63.862
374.694	291.161	31.863	62.701
374.538	291.031	31.190	63.043
373.217	290.649	30.045	64.081
355.764	278.191	47.420	100.359
329.982	234.014	51.106	118.545
304.635	244.103	52.972	116.003
188.184	285.847	49.418	77.679
199.153	285.207	35.709	73.276
207.365	288.147	30.750	70.047
209.042	288.316	28.247	65.844
210.981	291.147	28.065	63.389
209.633	289.508	30.551	61.302
212.544	291.100	28.216	62.321
212.057	288.821	29.748	61.760
214.025	290.953	29.324	62.723
213.073	288.160	30.293	63.211
214.772	290.468	28.573	62.814
214.622	287.705	29.623	61.997
214.757	287.592	29.918	62.788
215.350	288.309	28.856	63.271
215.360	288.644	29.825	63.822
217.112	288.916	30.760	63.804
217.028	288.710	29.660	64.339
218.370	288.453	29.922	63.792
218.671	287.835	28.183	63.685
219.357	286.805	30.109	65.190
220.757	286.637	30.493	68.469
221.417	286.271	29.706	66.365
222.185	285.949	30.613	68.512
222.953	283.233	29.597	67.309
224.595	285.382	30.499	68.694
224.544	284.210	28.282	66.906
226.128	283.675	28.317	66.704
225.772	284.106	29.076	65.003
227.010	284.204	29.497	67.687
227.894	283.025	28.277	67.097
227.652	284.041	29.400	65.611
227.152	282.957	29.828	65.826
228.219	284.665	31.296	64.813
229.309	281.151	29.284	64.847
231.043	283.053	29.964	64.838
231.878	281.868	27.563	64.955
232.421	282.251	28.595	63.311
234.956	280.160	28.373	67.472
235.631	279.385	28.715	68.431
237.792	278.990	27.168	69.865
239.831	280.182	28.718	68.549
240.977	281.565	28.281	65.343
241.546	280.484	29.493	65.268
243.116	281.063	28.639	65.768
243.117	284.218	29.355	62.752
243.494	282.169	29.431	65.513
243.842	283.658	29.482	63.235
248.982	283.944	29.207	59.697
255.104	282.886	27.388	60.532
255.951	282.780	29.825	58.367
257.668	283.783	28.940	62.001
258.316	283.642	27.078	60.906
260.748	282.118	29.536	60.606
260.818	285.212	26.254	58.963
265.000	283.608	29.412	61.868
263.697	285.796	28.224	62.697
266.334	285.012	31.011	63.002
270.169	284.270	28.618	66.067
271.474	285.905	28.878	62.743
273.893	281.936	28.015	67.398
275.321	279.447	27.886	65.766
278.998	282.581	27.664	63.428
281.437	283.513	25.773	65.147
282.279	283.211	26.491	65.788
285.183	282.345	27.163	65.270
282.930	283.406	27.522	63.618
287.445	283.383	27.037	64.973
289.287	283.122	25.835	63.628
290.325	282.735	27.919	66.247
293.236	281.637	33.219	67.534
292.201	283.050	31.228	63.400
297.594	281.780	31.285	66.868
296.619	281.300	28.912	65.972
299.296	281.666	35.005	66.689
298.831	281.638	30.870	66.545
302.636	280.085	33.228	68.603
303.356	277.649	30.620	71.436
303.356	277.804	31.378	70.507
305.509	278.307	31.876	70.393
313.203	278.631	32.179	69.684
308.921	277.277	30.454	71.554
321.123	276.171	32.583	72.726
322.470	277.684	31.612	71.708
323.680	277.932	34.454	71.528
324.809	277.506	37.613	70.786
323.487	278.603	33.704	70.163
325.443	278.293	36.469	69.560
326.379	278.495	31.877	69.607
330.652	276.860	40.231	70.205
336.147	273.829	36.628	71.861
340.590	271.350	34.568	74.054
337.549	274.971	31.156	72.873
340.118	275.063	37.146	71.456
338.775	275.340	34.873	71.092
340.043	276.516	32.228	69.441
340.645	278.827	30.974	67.744
341.031	277.899	30.845	67.250
342.766	276.372	31.325	68.543
346.518	276.635	30.153	68.168
348.639	276.682	28.805	67.737
350.727	275.753	26.795	68.338
351.917	275.923	26.800	69.650
353.458	274.907	25.686	69.245
354.941	274.836	27.920	69.490
357.535	275.132	25.778	70.914
358.167	275.585	26.431	68.876
360.952	275.737	25.919	68.777
361.584	275.985	27.738	65.467
363.576	274.250	27.179	65.590
366.262	272.295	29.229	67.150
367.518	272.087	27.687	67.560
369.353	272.120	27.059	67.435
369.951	273.003	28.146	67.448
371.719	272.791	31.105	67.410
372.817	272.628	31.058	68.034
372.966	273.087	30.733	67.394
375.939	271.737	32.195	67.959
377.867	273.275	31.642	65.135
380.291	272.513	30.104	65.652
384.806	270.251	26.428	68.172
386.233	270.144	27.057	67.644
387.575	270.536	26.435	66.675
388.634	270.337	26.051	67.965
390.076	270.615	27.510	68.338
392.204	270.290	27.936	68.928
393.335	270.073	29.088	69.127
395.137	269.828	28.780	68.647
399.206	266.949	27.682	69.899
400.196	268.454	27.160	66.643
402.295	268.036	27.473	68.203
403.950	269.433	27.840	67.666
405.890	268.971	28.123	67.590
407.400	269.022	28.518	66.812
408.998	268.301	27.978	68.455
410.822	267.800	29.736	69.221
412.124	267.947	28.375	68.449
414.451	267.502	27.776	68.016
418.474	266.397	25.206	69.051
419.542	266.329	25.923	67.752
420.788	266.961	25.235	67.508
422.815	267.259	24.064	66.206
423.912	269.164	24.831	64.390
425.865	268.557	24.909	65.427
427.841	269.096	25.242	65.351
428.878	268.394	25.685	63.666
429.709	267.375	26.633	63.012
430.843	266.660	26.906	63.697
432.590	267.055	26.215	62.888
433.929	266.830	25.799	63.153
434.629	266.129	26.575	64.700
436.211	266.181	28.767	64.403
437.341	266.325	27.831	64.602
438.247	266.735	27.452	64.826
440.659	266.168	27.374	65.893
441.676	267.596	27.282	63.297
444.803	265.183	25.351	63.555
445.473	265.621	25.645	61.278
446.104	263.801	26.221	62.290
446.685	265.166	25.777	61.179
448.561	264.849	25.391	61.902
449.274	265.816	24.849	60.996
451.535	265.651	24.390	61.808
451.984	265.218	25.185	61.459
453.857	264.338	26.434	61.538
453.488	263.061	27.120	62.076
454.221	263.387	26.240	62.288
455.760	262.292	25.593	62.830
457.113	261.037	25.207	63.354
457.083	260.960	25.770	64.654
457.567	261.114	25.945	64.207
459.365	262.368	25.684	62.190
460.872	262.622	26.536	62.428
461.342	261.523	25.660	63.357
463.008	261.104	26.357	62.840
463.642	259.752	25.556	62.939
464.864	258.826	25.121	64.084
464.187	259.507	27.220	64.140
466.325	259.063	29.522	66.676
467.684	260.752	25.050	63.528
467.833	260.466	26.086	63.208
468.781	260.821	27.585	62.080
469.100	258.951	26.183	63.935
470.694	258.793	27.137	64.754
471.212	259.034	26.465	62.788
473.171	258.974	25.717	63.204
473.275	258.611	25.182	63.934
473.552	258.029	24.842	64.055
474.593	258.993	25.784	62.788
475.424	260.199	25.896	61.928
476.572	259.660	25.130	63.050
478.172	260.227	24.703	61.770
478.501	259.935	25.506	61.413
479.696	257.331	25.493	65.018
480.113	256.713	25.509	62.126
481.029	256.445	25.881	62.699
481.329	256.283	25.447	62.847
481.992	256.241	27.542	63.790
482.376	256.269	27.135	63.331
482.868	256.371	27.427	62.594
483.574	256.929	25.689	61.368
484.120	257.018	24.814	61.585
484.485	257.073	24.757	62.106
484.894	256.566	25.790	60.243
484.940	256.011	25.282	60.099
485.492	255.675	25.069	60.369
485.357	255.217	23.648	61.315
486.095	254.756	25.753	62.066
486.009	255.172	24.998	61.404
486.439	255.998	24.045	61.066
486.869	255.886	23.905	61.148
486.705	255.412	23.863	60.753
486.763	254.822	24.013	61.959
487.236	254.584	23.299	61.848
486.860	254.352	25.106	61.046
487.208	255.202	25.243	59.624
488.197	254.785	25.500	60.197
487.983	254.541	25.331	60.836
489.352	255.058	24.284	59.850
489.733	255.023	24.814	60.851
490.465	255.765	24.833	59.461
490.546	255.271	27.823	60.718
490.110	255.564	26.434	60.070
489.782	254.752	25.918	57.939
490.369	253.540	24.995	58.371
492.090	253.354	25.030	58.237
491.916	253.943	23.860	58.238
493.013	253.957	24.233	56.742
493.170	253.494	24.509	58.259
493.188	253.545	25.225	58.600
493.573	253.465	24.884	57.969
493.943	252.589	23.793	59.531
494.756	252.764	23.499	57.980
494.957	252.733	23.213	59.018
495.390	252.346	23.102	58.301
495.741	251.502	23.662	60.141
495.344	251.167	24.203	59.766
495.917	250.919	24.271	61.483
496.534	251.328	23.935	60.938
496.444	252.249	24.370	59.405
496.624	251.540	23.983	60.479
497.279	251.217	25.268	60.212
497.106	250.552	24.514	59.280
497.699	250.546	24.650	59.145
498.190	250.357	24.082	59.641
498.128	250.465	24.766	59.492
498.754	250.870	24.812	57.306
500.035	250.782	23.738	57.818
500.362	250.896	23.919	57.411
500.191	250.818	23.687	57.568
500.258	251.104	23.933	56.927
501.779	250.814	23.652	57.927
503.387	249.733	23.057	59.336
502.947	249.217	23.589	59.001
503.530	249.017	24.493	60.352
503.987	249.331	25.909	59.080
505.282	250.111	24.323	57.425
505.623	250.665	24.114	55.713
506.622	250.751	23.992	55.182
507.529	250.034	24.729	56.144
507.912	248.894	23.803	59.658
508.255	249.194	24.031	57.961
508.672	249.010	23.730	56.785
508.680	248.441	23.492	57.240
509.252	248.390	23.484	57.162
