176.000	226.000	127.000	78.000
174.681	224.940	128.887	79.335
173.839	225.322	129.946	78.347
172.328	224.901	131.609	78.317
172.572	224.897	130.215	77.124
172.362	224.824	131.069	75.591
171.079	225.038	132.198	74.875
170.944	224.891	131.394	75.153
168.726	224.862	133.264	76.287
168.646	224.721	132.856	78.060
167.621	224.784	132.599	78.327
165.972	224.784	133.560	78.782
164.735	224.676	133.889	80.038
163.850	224.999	133.416	80.793
162.703	224.698	134.416	80.842
160.825	224.271	135.441	81.541
160.317	224.289	135.734	81.369
159.973	224.485	135.487	81.923
157.328	224.824	138.239	81.536
156.455	224.472	138.543	81.846
153.773	224.675	140.275	81.367
153.592	224.478	139.620	81.580
153.442	224.429	138.654	81.113
150.696	224.436	140.958	81.087
148.202	223.961	143.412	81.024
146.908	223.813	143.951	81.313
145.057	224.012	146.050	80.603
144.595	224.102	145.731	80.615
142.547	223.779	148.263	80.942
142.326	223.757	147.373	81.005
140.596	224.018	148.827	80.246
141.075	224.236	148.399	79.519
136.913	223.693	151.722	80.477
135.841	224.413	152.829	79.613
133.931	224.505	154.800	79.427
132.069	224.617	156.656	79.437
130.727	224.387	157.479	79.304
129.407	224.375	158.489	79.814
129.195	224.023	158.742	79.833
125.922	223.978	161.650	80.070
123.763	223.999	163.588	79.763
124.281	224.003	162.833	79.852
123.929	224.361	163.922	79.657
124.999	224.092	161.550	79.667
121.466	224.220	165.218	79.350
121.240	224.388	165.207	79.208
119.158	224.171	167.823	79.522
120.411	224.319	165.683	79.722
119.742	223.665	167.392	80.304
121.424	224.018	164.848	79.730
121.298	224.215	165.378	79.478
120.495	224.215	166.334	79.381
120.821	224.072	166.038	79.704
121.568	223.756	165.291	80.020
123.490	223.711	163.826	79.970
122.751	223.865	164.438	79.731
124.728	224.041	162.159	79.652
123.140	223.900	163.994	79.795
123.717	223.997	163.095	79.503
123.595	224.316	163.838	79.415
122.762	223.958	164.391	79.705
121.599	223.909	165.590	79.881
122.817	223.801	164.346	79.879
121.772	223.732	165.191	80.252
121.568	223.892	165.443	80.077
119.600	223.801	168.021	80.361
119.431	223.585	167.934	80.458
119.108	224.078	167.545	79.965
118.138	224.190	168.414	79.168
115.578	223.931	171.160	79.622
114.203	223.281	171.850	80.451
109.935	223.492	176.574	80.206
108.804	222.894	179.498	80.941
107.588	222.592	179.396	81.335
106.854	222.524	180.170	81.559
108.297	222.416	179.723	82.020
108.406	222.973	178.302	81.070
106.953	222.943	181.097	80.805
109.927	222.756	178.040	80.986
106.695	222.504	180.761	81.344
108.133	222.272	180.761	81.570
107.807	222.671	180.613	81.233
108.406	222.228	180.364	81.614
109.389	222.581	179.703	81.361
108.892	222.543	181.063	82.091
109.198	222.628	180.844	82.537
108.023	222.430	182.820	83.118
109.451	222.849	183.288	82.559
109.975	222.242	182.393	83.258
108.021	222.452	185.278	82.255
109.585	222.331	185.821	82.652
110.966	222.231	184.729	82.846
112.443	222.431	184.578	82.506
114.818	222.647	184.280	82.761
116.339	222.647	183.370	82.945
119.341	222.647	182.912	82.853
118.604	222.344	182.995	83.202
121.120	222.242	183.589	83.166
120.544	222.748	185.273	82.706
123.242	221.829	184.947	83.675
122.817	221.829	187.183	83.867
124.784	221.232	188.625	83.739
124.593	221.915	191.855	82.947
123.770	221.829	195.145	83.633
126.723	221.331	195.639	83.625
130.552	220.814	195.685	84.142
130.954	220.769	197.235	83.911
132.802	220.475	199.204	83.777
135.429	220.303	198.937	83.717
140.026	220.350	198.358	83.260
141.100	219.657	199.721	83.650
146.905	219.589	199.426	83.891
149.743	219.880	200.405	83.282
153.487	219.465	201.858	84.152
152.903	218.495	204.382	84.968
157.005	218.730	205.007	85.016
157.142	219.308	207.539	84.438
163.553	218.375	206.284	86.092
166.138	219.629	207.006	84.303
170.450	219.442	208.080	84.492
174.360	219.144	207.517	84.363
179.323	218.237	207.583	85.376
181.138	217.448	209.940	86.154
182.744	217.197	210.712	85.669
187.798	217.094	209.710	85.822
189.926	217.056	210.351	85.994
195.108	216.627	209.901	86.503
197.876	216.985	208.785	85.932
204.762	216.617	207.338	86.240
207.055	216.831	208.297	85.250
211.628	215.752	205.629	86.874
214.602	215.719	204.213	87.100
218.314	214.829	201.644	86.986
220.665	215.138	201.185	86.583
224.714	215.376	198.709	86.269
226.941	215.343	197.303	85.312
231.496	215.303	194.533	85.918
233.419	216.210	194.009	84.507
236.881	215.371	191.771	85.624
239.650	215.323	190.783	85.360
241.104	214.611	189.246	85.840
244.089	215.048	186.914	85.299
247.256	214.135	183.096	85.989
250.247	214.004	179.890	85.496
252.572	213.764	180.454	85.138
254.259	213.893	177.645	84.486
256.803	213.928	174.155	84.523
259.594	214.209	171.080	84.114
261.537	214.583	169.172	83.452
263.632	214.555	165.896	83.281
265.997	214.460	164.028	83.255
268.311	214.634	161.408	83.123
268.146	214.209	160.530	83.482
269.832	214.306	158.330	83.039
270.377	214.376	156.057	83.130
271.338	214.388	153.981	82.526
271.851	214.052	152.482	83.182
271.239	214.232	152.670	83.125
270.455	213.993	153.546	83.610
270.261	213.926	153.202	83.165
270.656	213.911	152.328	83.373
270.747	213.945	151.888	84.004
270.246	213.655	152.755	84.245
270.405	213.975	153.531	83.310
271.195	213.679	152.636	83.120
271.103	214.041	152.220	83.611
270.672	213.993	152.237	83.413
270.818	213.849	152.551	83.606
270.943	213.945	152.093	83.707
270.800	214.184	153.285	83.172
270.994	213.673	152.390	83.709
270.297	213.411	151.654	83.945
270.031	213.655	152.292	83.849
270.657	213.704	151.797	83.702
270.818	213.945	152.026	83.510
270.676	213.752	152.694	83.950
270.345	213.580	152.936	83.803
270.640	213.721	151.589	83.562
270.905	213.460	151.381	83.651
270.478	213.704	152.028	83.506
270.604	213.558	151.927	83.799
270.676	213.606	151.388	84.046
270.318	213.849	152.057	83.410
270.604	213.704	151.719	83.801
270.604	213.752	151.460	83.950
270.533	213.849	151.687	83.508
271.613	213.528	150.779	84.002
271.337	213.726	151.015	83.511
270.926	213.923	151.490	83.266
271.424	213.825	150.992	83.364
270.875	213.677	151.568	83.172
271.494	214.020	152.128	83.510
270.102	214.437	153.437	83.461
270.693	214.461	152.352	82.873
270.837	214.408	151.618	82.732
269.782	214.775	153.840	81.725
269.155	214.909	154.245	82.729
269.333	215.080	154.292	81.817
269.311	214.610	153.691	82.404
268.792	214.421	153.872	82.592
267.765	214.564	154.983	82.670
266.925	214.524	156.524	82.002
266.991	214.484	155.907	82.309
263.887	214.524	158.905	82.100
264.746	214.516	157.687	81.565
262.846	214.618	160.678	81.266
263.004	214.380	160.852	80.846
261.118	214.195	162.243	80.954
260.400	213.831	162.566	81.148
258.589	214.390	164.322	80.512
256.787	214.292	165.965	80.632
255.850	214.106	167.020	81.080
253.741	214.054	169.709	80.866
253.718	214.323	172.261	80.322
250.665	214.193	175.577	79.582
249.829	214.037	176.791	79.968
248.152	213.769	178.854	79.365
246.547	213.481	182.785	79.312
243.101	213.013	186.646	79.478
241.435	213.280	187.310	79.487
239.497	214.314	188.431	78.058
236.180	214.370	192.070	77.692
233.927	214.029	192.567	78.100
232.333	213.864	192.382	78.265
230.510	213.905	192.855	77.930
229.270	214.395	192.968	77.832
226.050	214.600	193.888	78.461
226.405	214.797	192.844	78.182
223.139	214.260	193.928	78.801
223.136	214.232	192.215	79.346
219.096	214.978	194.775	79.168
217.508	214.778	193.799	79.643
218.337	214.481	192.812	80.743
215.508	214.609	192.442	81.943
214.279	214.832	193.826	82.567
212.676	215.271	194.347	83.371
213.136	215.055	193.105	83.891
211.623	215.158	193.484	83.928
211.546	216.075	194.150	84.696
211.164	216.617	193.304	83.101
210.543	215.941	192.021	85.086
210.102	216.033	189.334	86.014
211.206	216.351	190.987	85.017
210.425	216.047	190.879	83.640
206.822	215.949	190.724	85.756
208.715	215.836	184.618	86.072
209.405	216.543	184.125	85.101
208.890	216.288	176.379	85.493
207.884	216.894	168.894	84.732
209.699	216.195	154.744	86.148
207.934	216.855	157.033	84.821
209.592	216.362	154.152	85.867
208.557	216.161	157.483	85.624
209.136	215.980	156.177	85.415
207.303	215.960	158.863	85.007
208.469	215.783	158.942	85.255
208.100	215.879	156.548	85.608
208.297	216.059	158.516	85.058
208.724	216.131	158.886	85.308
207.800	215.783	159.898	85.405
208.956	216.108	156.450	85.228
208.122	216.255	158.802	84.662
208.804	215.883	158.723	84.806
208.725	215.836	158.105	84.816
209.318	215.705	157.458	84.853
209.789	215.705	157.419	85.304
209.684	215.803	156.042	85.307
209.303	215.811	157.794	85.156
209.022	215.950	158.296	84.959
208.427	216.122	158.133	84.378
210.228	215.820	156.534	84.939
208.228	215.561	159.914	85.306
209.562	216.060	157.320	84.566
208.825	215.611	157.590	85.356
208.536	215.558	158.172	85.201
208.359	215.836	157.593	85.119
208.091	215.558	158.509	85.151
208.400	215.884	157.500	85.173
210.301	215.526	157.007	85.598
211.009	215.820	156.483	85.569
208.637	215.761	158.815	86.010
208.596	215.335	158.178	85.748
208.433	215.184	158.438	86.252
208.347	215.534	158.545	85.549
207.800	214.982	159.300	86.050
208.753	215.867	158.169	84.557
208.758	215.607	157.679	85.302
208.314	216.027	158.232	84.877
209.275	215.754	157.542	85.004
208.606	215.656	158.331	85.102
210.276	215.563	157.368	85.682
209.873	216.095	157.365	85.318
209.610	215.901	157.881	85.361
211.349	215.624	156.360	85.606
210.418	215.561	158.452	86.412
210.778	215.732	158.529	85.806
212.029	215.600	157.451	85.679
210.530	215.739	157.380	85.419
212.301	215.705	156.734	85.405
212.125	215.705	157.596	85.607
212.244	215.691	157.316	85.518
213.055	215.459	157.371	85.501
213.789	215.754	157.082	86.372
214.910	215.573	156.799	86.222
215.276	215.459	158.192	86.158
215.926	215.682	157.944	85.451
216.835	215.788	155.923	85.117
218.206	215.309	153.858	85.160
218.483	215.410	153.309	85.356
221.344	214.944	151.526	84.903
221.086	215.188	152.211	85.106
223.603	214.925	150.808	84.626
223.751	215.009	151.699	84.212
225.729	214.499	151.169	83.962
225.286	214.885	153.245	84.279
228.210	214.872	150.385	84.361
229.584	214.581	151.354	85.100
230.992	214.399	150.967	84.552
233.846	213.895	148.114	85.451
235.049	213.697	148.772	85.210
237.703	213.337	148.202	85.102
237.755	213.988	149.934	84.102
239.944	213.741	149.466	83.191
241.391	213.792	148.069	83.368
244.400	213.114	145.286	84.395
245.974	213.265	144.801	83.614
248.417	212.634	142.344	83.705
249.875	211.982	143.855	83.864
251.640	211.396	143.839	84.217
253.941	211.176	143.615	83.431
255.709	210.884	142.215	84.203
257.832	210.397	141.047	83.960
258.991	210.455	142.619	83.334
261.437	210.274	140.714	84.004
263.554	209.870	138.661	83.303
265.834	209.539	138.510	82.393
267.816	209.445	136.676	81.867
270.122	208.608	136.003	82.166
272.492	208.017	133.085	81.983
275.006	207.960	128.188	80.049
277.006	207.708	125.919	80.124
279.349	207.598	123.658	80.254
281.829	207.338	122.167	79.465
283.849	206.937	120.994	79.717
285.936	206.936	121.568	79.788
287.736	206.883	119.746	78.599
290.700	206.785	116.816	79.032
293.143	206.341	115.978	78.917
297.333	205.993	110.767	78.847
298.439	206.091	111.114	77.743
299.566	205.953	110.689	77.579
301.948	205.342	108.888	77.014
302.469	205.063	110.226	76.011
305.608	204.244	110.078	75.249
306.255	204.617	112.354	73.379
309.058	202.953	111.772	72.148
311.267	203.445	110.825	67.921
313.399	203.376	106.807	67.414
315.151	202.354	103.218	67.293
315.844	202.504	102.541	66.689
316.695	202.174	101.119	66.936
317.723	201.914	100.792	67.750
318.655	201.371	100.371	68.103
320.039	201.362	98.515	67.812
322.758	201.383	96.232	67.428
324.778	200.744	93.086	67.068
326.931	200.855	91.059	66.840
327.651	199.882	89.835	67.384
330.054	199.911	86.967	66.647
329.646	199.871	87.709	65.783
329.980	199.799	87.324	66.190
331.278	199.147	86.490	67.012
330.160	200.262	87.148	65.544
331.808	199.367	84.918	65.503
331.693	199.570	84.190	65.090
332.027	199.203	83.963	65.892
332.759	199.556	81.578	64.783
333.261	199.231	80.329	64.953
333.136	199.604	79.595	65.741
333.811	199.047	79.089	67.622
333.229	198.987	79.041	67.645
333.977	199.309	78.659	67.278
333.181	198.823	78.415	67.148
333.086	198.396	78.868	67.756
334.090	197.987	76.921	67.953
333.367	198.057	77.377	66.902
333.080	197.567	78.070	66.565
332.962	197.170	77.769	66.886
332.411	196.731	78.424	67.543
333.312	196.314	77.425	68.098
333.632	196.003	76.949	68.194
333.086	195.713	77.807	68.861
333.291	195.479	77.921	68.355
333.992	195.278	76.802	68.356
333.091	195.080	77.858	68.322
333.252	195.006	77.542	69.151
332.859	195.132	77.265	68.932
331.860	194.688	78.824	67.927
333.185	193.907	76.661	70.039
332.186	193.931	77.928	70.210
332.119	193.917	77.843	69.450
332.028	193.496	77.356	70.154
331.791	193.459	77.799	69.677
331.712	192.969	77.672	69.676
331.817	193.335	77.661	69.237
332.168	192.838	77.257	69.754
331.581	192.816	77.585	69.176
330.067	192.725	78.892	69.013
330.396	191.698	78.504	69.048
330.831	191.516	77.502	68.584
331.079	190.779	77.343	68.871
331.079	190.870	76.979	69.578
330.977	190.653	76.742	68.469
329.655	190.533	78.140	68.572
330.135	189.931	77.349	69.371
330.135	190.222	77.297	68.083
330.710	189.713	76.358	68.427
330.080	189.408	76.880	68.571
329.602	188.801	77.554	68.625
329.098	188.297	77.857	68.788
329.056	188.252	77.686	68.798
329.643	187.746	76.686	68.731
328.138	187.578	77.778	68.598
328.135	187.479	77.555	68.176
328.282	187.006	77.248	68.284
328.671	186.713	76.397	68.391
328.275	186.544	76.940	67.865
328.070	186.819	76.931	67.526
328.296	185.496	76.647	68.292
328.880	186.081	75.507	67.766
329.094	185.646	75.124	67.217
327.904	185.374	75.603	67.242
327.522	184.795	76.412	67.048
327.851	184.139	75.396	67.463
328.208	184.197	74.910	66.996
327.481	183.727	75.324	66.190
327.456	183.389	74.968	66.017
328.026	182.787	74.068	66.281
327.608	182.274	74.553	66.768
328.060	182.357	73.965	65.435
329.242	181.776	72.067	65.005
328.519	181.394	72.833	65.429
328.324	181.357	72.968	64.771
328.588	180.509	72.588	65.085
328.771	180.121	71.923	64.440
328.116	179.869	72.320	65.260
327.440	179.252	73.076	65.017
327.324	178.702	72.630	64.985
327.955	178.971	71.740	63.122
327.892	178.679	71.850	63.306
328.572	177.768	70.783	63.612
328.127	177.347	71.121	63.533
328.415	177.030	70.738	63.302
328.297	176.481	69.992	63.113
327.450	176.778	70.581	62.590
327.877	176.325	69.996	62.386
327.765	176.425	69.821	61.604
326.708	175.839	70.895	62.200
326.160	175.655	70.871	61.248
327.206	175.343	69.121	61.978
326.345	174.587	69.952	61.764
326.856	174.708	69.378	61.418
325.847	174.900	70.078	60.738
325.269	174.005	69.615	60.092
326.592	173.907	67.853	60.332
324.746	173.745	69.529	59.757
325.606	173.679	68.207	59.881
324.486	173.284	69.154	59.542
325.578	172.943	67.741	59.748
324.227	172.980	68.689	58.554
324.174	172.440	68.383	58.972
323.550	172.292	68.508	58.610
324.332	171.622	67.593	58.821
321.851	171.563	69.890	58.482
323.066	171.021	68.345	58.367
323.184	170.716	67.557	57.960
322.427	170.603	68.502	57.364
321.755	170.102	68.444	57.326
322.213	170.022	67.352	56.616
320.928	169.453	68.006	57.279
322.189	169.248	66.287	57.051
320.451	169.145	67.685	56.526
320.711	168.377	66.866	56.817
320.716	168.070	66.494	55.984
318.990	167.378	67.124	56.306
318.274	166.687	67.751	56.314
318.270	166.127	67.042	56.037
317.983	166.060	66.997	56.177
317.308	165.762	66.610	55.191
317.586	165.474	66.302	55.480
316.416	164.832	66.456	56.456
316.450	164.378	66.439	56.277
315.274	164.465	66.775	55.419
314.753	164.692	66.866	55.263
314.110	164.032	66.330	54.907
314.393	163.375	65.171	55.972
313.923	163.004	65.316	55.061
313.403	162.859	65.026	55.493
311.423	162.917	66.381	55.056
311.223	162.775	66.190	55.424
310.557	162.583	66.250	53.900
309.939	161.751	66.008	54.957
309.433	161.557	65.931	54.738
308.593	161.100	66.187	54.787
308.460	160.954	65.494	54.082
308.237	160.474	64.602	54.133
308.392	160.231	64.200	53.965
308.114	160.247	63.911	53.246
308.167	159.688	63.394	53.685
307.227	159.757	63.365	53.105
305.402	159.232	64.766	53.441
304.332	158.525	64.863	52.853
302.277	158.178	66.327	53.494
301.437	157.935	66.293	52.908
301.971	157.653	65.099	52.891
299.358	156.997	66.373	53.496
299.993	156.672	66.021	53.575
298.776	156.322	66.320	52.792
298.217	155.860	66.073	53.421
297.412	155.688	65.684	52.460
296.771	155.812	65.552	51.760
295.659	155.508	65.438	51.933
294.857	155.542	65.539	51.677
293.791	154.456	65.734	52.054
293.398	154.117	65.054	51.819
292.632	153.509	64.746	52.684
290.546	152.985	65.762	52.488
291.243	153.219	64.381	51.911
290.892	153.743	63.643	50.866
290.492	153.951	63.143	50.057
289.135	153.455	63.234	49.778
287.971	153.587	63.464	49.251
287.614	153.068	62.896	50.041
285.909	152.580	63.641	49.650
285.605	152.296	63.039	49.515
284.038	151.646	63.719	50.088
283.679	151.624	63.392	49.965
282.715	151.936	62.819	48.954
282.215	151.160	62.684	49.411
281.067	150.193	62.808	49.667
279.716	149.415	63.405	50.132
280.030	148.977	62.633	50.518
278.811	148.363	62.884	50.766
277.997	148.488	62.908	50.197
277.035	148.198	62.499	50.387
276.982	148.651	61.875	49.292
276.121	148.156	62.119	49.409
275.868	147.935	61.617	49.553
275.291	147.804	61.722	48.944
274.530	147.667	61.642	48.971
274.329	147.095	61.129	48.810
274.511	147.980	60.598	47.214
273.497	147.715	60.939	47.152
272.545	147.561	60.845	46.902
272.017	147.355	60.698	46.980
270.956	146.986	60.679	46.971
269.956	146.837	60.960	46.526
269.721	146.446	60.517	46.939
268.928	146.415	60.824	46.292
268.326	146.354	60.316	46.147
267.586	146.362	60.495	45.949
267.092	145.634	59.954	46.509
266.394	144.899	60.165	46.920
265.906	144.535	60.150	46.394
265.062	144.331	60.220	46.265
265.199	144.598	59.561	45.515
264.234	143.951	59.293	45.877
263.765	144.030	59.356	45.748
262.756	143.813	59.537	46.104
262.543	143.492	59.698	45.991
261.737	143.273	60.264	45.448
262.565	143.030	59.076	45.306
261.709	142.923	59.448	44.556
261.066	142.768	59.280	44.512
260.517	142.693	59.349	44.030
259.629	142.693	59.079	43.370
259.567	142.231	58.313	43.867
258.322	141.591	59.961	44.319
