285.000	206.000	35.000	75.000
284.896	205.865	33.626	74.467
283.303	203.978	32.253	75.020
282.296	201.659	31.646	76.885
280.531	201.806	32.584	76.014
277.583	200.190	33.532	76.391
276.416	201.349	34.140	75.152
273.618	200.101	33.051	75.638
271.989	200.952	33.345	74.231
269.556	200.218	34.570	72.621
268.693	198.599	34.174	74.289
266.127	198.035	34.367	74.069
265.194	196.912	32.473	74.922
263.020	195.364	31.973	75.571
261.502	195.030	32.023	74.837
260.203	194.545	30.772	74.486
258.267	194.062	31.850	73.889
256.074	193.119	30.950	73.245
254.489	190.913	30.094	74.026
253.772	191.139	30.090	72.666
252.078	190.399	30.939	73.281
251.525	189.320	30.825	73.420
249.776	189.232	30.946	72.482
248.942	188.385	30.329	72.421
248.344	187.719	30.398	71.682
247.141	187.448	30.606	71.507
258.646	186.080	31.604	72.020
265.463	184.254	35.844	73.633
282.545	183.454	32.458	72.397
298.614	183.065	31.938	71.383
313.415	181.715	33.069	71.831
328.797	181.784	32.949	70.891
338.747	180.533	32.656	71.310
354.605	179.792	32.184	70.264
362.070	178.591	33.637	71.717
377.953	178.395	34.492	69.914
388.245	177.556	32.251	72.028
402.590	177.093	33.376	70.691
419.426	175.589	35.982	70.462
429.642	176.187	32.034	68.732
445.629	175.916	32.403	69.152
467.843	173.661	34.980	69.586
486.178	172.515	32.127	69.694
519.082	170.742	33.186	69.758
552.835	170.895	32.577	67.064
551.255	169.706	31.102	67.183
551.263	169.276	29.284	65.421
550.112	167.551	30.104	66.407
550.727	166.878	29.030	66.152
549.676	165.830	28.579	66.261
550.127	165.213	27.634	65.570
549.548	165.083	28.134	65.319
549.664	164.790	27.874	65.286
549.285	164.361	28.491	64.102
549.210	163.489	28.809	63.557
549.279	162.760	28.542	62.917
549.824	162.818	28.482	62.494
549.963	162.187	28.099	62.258
551.091	161.556	28.039	62.025
552.213	160.446	28.249	62.051
553.795	159.650	27.319	62.190
554.638	158.570	27.274	62.309
555.740	157.830	28.278	61.965
557.062	157.342	27.570	61.854
558.473	156.104	27.687	62.217
559.312	156.043	27.984	60.637
560.075	155.348	27.719	60.459
561.165	155.769	27.952	60.707
544.579	154.129	28.396	60.554
533.491	155.168	31.042	59.699
518.307	153.324	28.849	60.676
504.173	152.772	29.516	60.652
492.966	153.001	32.004	60.048
469.307	152.163	33.965	59.267
453.292	151.663	32.898	59.631
430.994	150.897	30.589	59.168
414.536	150.618	28.594	59.631
395.565	151.357	31.801	58.090
388.123	151.521	28.166	58.062
372.673	151.281	27.885	57.891
362.821	150.749	27.397	57.650
346.217	150.239	28.228	57.839
320.388	150.561	29.478	56.129
304.582	149.973	27.696	56.264
285.821	149.766	29.556	56.318
269.905	149.967	29.430	55.307
254.770	149.031	25.536	54.739
255.474	148.299	25.408	55.189
256.634	147.675	24.314	54.547
257.745	147.375	24.204	54.165
258.118	146.601	24.398	53.943
258.553	146.399	24.295	53.310
259.431	145.619	24.907	52.637
260.318	144.799	24.872	52.504
261.047	143.973	25.102	53.141
262.133	143.968	24.761	52.742
262.718	144.038	24.422	52.498
263.497	143.148	24.456	52.809
246.119	142.201	27.099	52.875
211.712	141.115	28.366	54.280
186.668	141.876	27.576	52.143
153.654	142.218	27.142	50.810
155.089	142.130	25.001	51.294
156.212	140.773	25.553	51.509
158.319	139.965	24.464	51.659
159.034	140.402	24.183	50.886
159.484	139.845	24.252	50.703
160.829	139.226	23.614	51.336
161.119	139.036	23.793	50.782
161.251	138.209	24.788	50.994
162.561	138.204	24.231	50.428
163.172	137.733	23.972	50.084
163.575	138.266	24.201	50.252
164.232	137.863	23.621	50.193
165.054	137.593	23.431	49.216
165.877	138.051	23.382	47.794
166.871	136.324	22.863	49.512
167.657	136.333	23.730	49.424
168.650	135.775	23.885	49.432
169.869	135.358	24.139	49.133
170.902	135.092	24.801	49.219
172.023	134.737	24.782	49.130
173.806	134.289	23.823	48.374
174.696	133.517	23.565	48.535
177.108	161.942	21.914	49.667
178.377	187.452	22.603	49.834
178.988	198.395	22.506	49.410
179.794	217.379	22.144	51.119
180.701	220.758	21.276	48.528
180.370	221.275	22.322	46.511
181.140	220.857	21.239	46.895
181.267	221.068	21.594	46.539
181.216	220.612	22.278	46.571
181.970	220.435	22.604	45.761
182.806	220.090	22.136	45.450
183.852	219.910	21.915	45.654
184.763	219.632	21.649	45.458
186.456	219.025	21.971	45.568
187.798	218.265	22.123	45.810
189.740	218.334	22.312	45.447
191.654	217.481	22.635	45.488
193.538	216.830	22.499	45.203
195.702	217.106	21.611	45.439
197.898	216.097	21.397	45.342
199.725	215.635	21.675	45.159
200.880	215.668	22.099	45.199
