474.000	161.000	15.000	26.000
474.469	159.627	13.244	27.975
473.569	159.870	13.335	27.245
473.281	159.763	13.106	27.262
472.567	159.791	13.320	27.691
471.956	160.126	13.324	26.654
471.714	160.063	12.732	27.762
470.758	160.026	12.526	27.704
470.453	160.033	12.536	28.139
469.519	160.245	13.017	27.523
468.600	160.367	12.795	27.658
468.364	160.104	12.566	27.765
467.651	160.309	12.766	27.762
466.749	160.674	12.703	28.119
466.170	160.804	13.154	27.211
465.945	160.913	12.879	27.962
465.221	161.078	13.326	28.031
463.934	161.118	13.394	28.405
463.616	161.121	13.085	28.553
462.951	161.384	13.483	28.062
462.130	161.278	13.764	28.503
461.145	161.505	14.090	27.982
460.565	161.557	14.144	27.721
460.502	161.436	13.799	27.188
459.520	162.193	13.441	27.269
459.249	162.150	13.247	27.707
458.068	162.358	13.584	27.641
457.666	162.317	13.618	28.347
457.116	162.025	13.670	28.379
455.814	162.122	14.080	28.843
455.749	162.796	13.745	27.350
455.072	162.512	14.382	28.074
454.249	163.263	13.588	28.034
453.586	162.948	13.827	28.815
452.458	163.142	14.345	28.675
451.632	163.081	14.775	28.804
451.633	162.786	14.400	29.254
450.765	163.254	14.208	28.673
449.991	163.175	15.022	27.703
449.532	163.621	14.760	28.609
448.894	163.565	14.502	28.361
448.784	163.721	14.330	28.626
448.267	163.853	14.366	28.087
447.328	163.707	14.412	29.029
446.785	163.980	14.764	28.671
446.598	163.960	14.573	29.034
446.170	164.135	14.505	28.869
445.394	164.001	14.669	29.153
445.350	163.873	14.317	29.772
444.709	164.267	14.454	29.919
444.249	164.501	14.737	29.644
443.562	164.222	15.490	30.034
443.353	164.037	15.490	30.111
442.438	164.175	15.672	30.173
442.335	164.179	15.399	30.182
441.984	164.342	15.295	30.006
441.431	164.489	15.302	29.955
440.496	165.002	15.459	29.462
440.021	165.152	15.488	28.908
439.842	165.199	14.910	29.436
439.255	165.250	14.476	29.671
438.925	165.281	14.303	29.764
438.686	165.447	14.192	29.461
437.725	165.456	14.172	29.884
437.585	165.520	14.423	29.403
436.684	165.926	14.522	29.982
435.809	166.109	15.064	29.298
435.381	165.996	14.751	30.472
435.062	166.340	14.862	29.907
433.747	166.647	14.862	30.139
433.258	166.474	15.023	30.291
432.972	166.951	14.592	30.099
431.547	166.747	15.549	29.851
430.787	167.304	15.563	28.626
429.968	167.280	15.661	29.512
429.700	167.108	15.876	29.550
428.953	167.754	15.395	29.636
428.077	167.340	16.297	30.298
427.790	167.539	16.039	30.360
426.748	167.692	16.084	29.992
423.333	168.012	16.048	31.032
421.140	168.497	16.243	31.266
420.378	168.792	16.617	31.279
419.869	168.972	16.785	31.250
419.023	168.917	16.651	31.644
418.288	168.927	17.046	31.247
417.576	168.885	17.258	31.379
416.716	168.741	17.664	31.304
415.935	169.421	17.657	31.107
415.578	169.353	17.375	31.468
414.294	169.283	17.910	31.799
414.040	169.397	17.673	31.857
413.789	169.121	17.844	32.176
412.826	168.835	18.010	32.290
412.365	169.476	18.310	31.381
412.218	169.456	18.171	32.203
411.509	169.469	18.231	32.639
410.896	169.285	18.084	33.136
410.895	169.490	17.847	33.228
410.489	168.984	18.208	33.526
410.001	169.143	18.079	33.710
409.232	169.085	18.107	33.721
409.278	169.235	17.470	33.985
408.603	168.956	17.398	34.513
408.002	169.108	17.092	34.500
408.305	169.003	16.777	34.410
407.261	169.211	17.164	34.696
407.237	169.803	17.223	34.542
406.998	170.096	17.122	34.382
405.908	170.349	17.478	34.324
405.397	170.516	17.782	34.500
404.769	170.585	17.613	34.528
404.668	171.565	16.649	33.657
404.071	171.835	17.082	33.592
403.278	172.342	16.681	33.265
402.904	172.375	16.950	33.729
402.298	172.387	17.397	33.517
401.443	172.636	17.101	33.538
400.559	172.948	16.892	33.115
400.246	172.789	17.259	33.248
399.133	173.225	17.042	33.357
398.534	173.296	17.802	32.848
397.828	173.399	17.812	33.068
397.521	173.948	16.943	33.221
395.608	174.061	17.932	33.444
395.574	174.154	17.066	33.494
394.570	174.535	17.452	33.417
392.786	174.736	17.438	33.215
391.648	175.206	18.217	33.010
387.454	175.597	17.297	33.528
385.213	175.770	17.053	33.784
383.719	175.715	17.455	33.572
382.802	175.604	17.507	34.257
382.475	175.684	17.794	34.418
381.206	176.179	17.707	34.263
380.715	175.952	18.157	34.614
379.897	176.207	18.440	34.271
378.930	176.633	18.797	33.176
378.343	176.246	18.516	34.222
377.462	176.461	18.204	34.308
376.921	176.527	17.837	35.198
376.328	176.449	17.496	34.922
375.660	176.936	17.258	34.534
374.891	176.840	17.052	35.179
373.769	177.198	17.267	35.327
373.351	176.774	16.958	35.565
372.377	176.607	17.251	35.902
372.182	176.378	17.216	36.305
370.527	176.735	18.481	36.184
369.656	176.229	18.746	36.951
368.770	176.277	18.932	37.371
368.066	176.522	19.214	37.196
366.795	176.547	19.592	37.048
366.094	177.195	19.613	36.862
365.384	176.893	19.691	37.352
364.551	177.038	19.867	37.521
363.085	177.352	20.061	37.748
362.142	176.938	20.077	38.215
361.423	177.262	20.049	37.627
360.730	177.308	19.934	37.977
354.230	178.487	19.378	38.297
351.811	179.441	19.605	38.126
349.749	179.742	19.397	37.950
348.751	179.834	19.360	38.553
347.538	180.223	19.659	38.055
346.630	180.814	19.375	37.313
345.161	180.935	19.355	37.907
344.303	181.351	20.152	37.599
343.315	180.715	19.610	38.600
341.468	180.821	19.611	38.717
340.348	181.431	20.376	38.118
339.443	181.405	20.281	38.922
338.825	182.249	19.954	38.008
337.010	182.366	19.642	37.987
336.065	182.466	20.058	38.192
335.154	182.768	19.807	37.942
333.264	183.364	19.690	37.522
331.981	183.223	20.152	37.843
331.250	183.415	20.209	37.436
330.276	183.352	20.093	37.999
328.558	183.379	19.903	38.747
327.865	183.396	20.267	39.143
326.420	183.656	20.149	39.549
325.551	183.989	20.328	38.743
324.631	184.211	20.115	38.736
324.025	184.211	19.725	38.974
322.486	184.342	19.877	39.269
321.445	184.529	20.551	39.541
320.646	184.698	20.697	39.336
319.866	184.892	20.595	39.739
318.649	184.806	20.190	39.897
317.554	184.994	20.884	39.916
312.452	185.547	20.776	40.377
309.343	185.821	21.083	40.853
307.975	186.134	21.683	41.173
306.204	186.235	22.254	41.556
305.775	186.647	21.788	41.607
305.711	186.773	21.071	41.501
304.252	186.818	21.442	42.180
303.123	186.923	21.629	42.469
302.449	187.009	21.864	42.219
300.350	187.380	23.271	42.452
299.914	187.589	23.057	42.761
298.792	187.648	23.168	42.562
297.247	188.039	22.984	42.654
295.910	188.168	23.073	42.872
294.885	188.753	23.460	42.975
294.425	188.968	22.920	43.075
292.861	188.972	23.270	43.715
292.125	189.280	23.018	43.110
291.669	189.524	22.547	43.162
290.870	189.707	23.023	42.967
289.393	189.823	22.677	43.299
288.440	189.898	22.828	43.542
287.657	189.764	22.985	43.964
286.117	190.086	23.731	43.731
285.101	190.106	22.809	44.099
284.184	190.250	22.450	44.020
283.454	190.913	22.557	43.733
282.174	191.496	21.992	43.962
281.030	191.600	23.046	43.615
280.627	191.619	22.633	44.173
278.202	192.280	23.611	43.969
277.683	192.211	23.196	44.119
276.473	192.648	23.136	44.184
275.563	192.901	23.849	44.077
274.553	192.986	23.774	44.115
273.410	193.166	24.023	44.457
272.082	193.671	23.830	44.492
271.724	194.116	23.235	44.162
270.695	194.285	23.629	43.744
270.019	194.181	23.569	43.548
269.035	194.235	23.395	43.766
267.196	194.693	23.489	42.811
266.181	194.794	23.538	40.015
265.755	194.722	22.935	40.645
263.618	194.875	23.134	40.548
262.919	195.463	22.494	40.045
262.280	196.181	22.217	40.029
260.094	196.501	22.400	40.793
259.062	196.997	22.378	40.609
258.454	197.375	21.889	41.036
251.934	199.401	21.630	40.609
249.008	199.322	21.525	42.658
247.294	200.002	21.256	42.827
246.281	200.633	21.616	41.206
244.901	201.060	20.607	40.493
243.543	201.508	20.875	39.589
242.803	201.314	20.769	41.575
241.135	201.380	21.959	42.270
238.945	201.302	22.266	43.794
238.533	201.403	21.376	44.531
237.734	201.919	20.788	44.575
235.395	202.556	20.605	43.777
235.328	202.891	19.784	42.909
233.778	202.821	20.892	43.351
232.443	203.039	20.971	42.346
230.050	203.472	21.005	42.450
228.630	203.858	21.714	42.949
227.732	204.286	21.791	42.969
226.060	204.118	22.154	42.515
224.849	204.229	21.623	42.679
224.038	204.403	21.193	42.436
222.526	204.470	20.809	41.030
221.268	204.860	21.180	40.538
220.410	204.873	21.557	41.277
217.960	205.139	21.747	40.083
217.410	205.590	21.823	39.598
215.087	205.467	22.241	41.012
214.312	206.046	22.989	41.108
211.938	206.058	22.941	41.073
211.092	206.601	22.118	40.995
211.614	207.292	21.403	39.575
208.791	207.320	22.502	42.020
206.908	207.554	22.474	43.239
205.645	208.125	23.124	43.660
203.431	209.011	23.302	44.526
203.588	210.015	21.043	43.989
202.175	210.088	22.227	45.312
199.350	210.467	22.910	46.117
198.098	210.892	23.012	46.535
196.413	211.026	23.940	47.948
195.993	211.239	22.603	47.470
195.135	211.596	23.187	47.260
193.224	211.962	23.860	47.944
192.461	211.695	23.510	48.460
191.739	211.828	22.623	49.280
191.130	211.722	22.309	49.396
189.447	212.364	22.837	48.820
188.565	212.545	23.006	49.472
187.510	212.926	23.342	49.765
185.745	213.327	24.571	48.694
184.710	213.377	24.554	49.731
183.266	214.032	24.994	49.788
182.365	214.351	25.489	50.732
180.608	214.649	25.654	52.069
179.287	215.523	26.434	50.828
178.679	215.496	26.310	52.253
177.196	215.718	26.030	52.684
176.467	216.284	24.873	52.343
174.546	216.766	25.051	52.860
173.352	216.957	25.709	53.094
172.749	217.444	25.617	52.976
171.003	218.249	25.153	53.225
170.765	218.912	25.083	53.416
168.480	219.648	25.566	53.053
167.810	219.222	25.859	53.926
166.027	219.179	26.602	54.821
165.813	219.806	26.444	54.444
164.777	220.085	26.933	54.853
164.357	220.493	24.976	55.169
163.705	220.771	25.636	54.343
162.297	221.509	25.788	55.214
161.919	221.279	25.606	55.352
161.059	221.638	24.600	56.417
160.631	222.165	24.380	56.056
160.448	222.454	24.109	56.609
159.918	223.298	23.993	56.573
159.110	224.604	24.459	55.955
158.381	225.026	23.768	56.063
158.914	224.840	22.919	56.315
158.307	225.815	22.439	55.293
158.096	225.975	22.252	55.577
158.033	226.937	21.912	55.680
157.089	227.886	22.690	55.252
156.693	228.000	23.018	55.940
155.883	229.038	23.571	55.920
155.493	229.939	23.679	55.215
154.422	230.058	24.115	56.667
154.181	230.665	23.904	56.737
152.503	231.919	24.933	56.506
151.722	231.969	25.448	56.128
151.681	232.052	24.160	57.388
150.493	233.382	24.550	56.645
150.683	233.086	26.777	56.576
149.028	234.357	26.061	57.586
148.883	234.586	25.242	57.148
148.077	234.738	26.492	57.218
147.235	235.431	25.725	57.947
146.169	235.786	26.126	58.450
146.209	235.244	26.338	60.026
146.609	236.699	25.771	58.391
146.561	237.430	24.844	59.278
145.399	237.330	26.386	60.350
144.960	237.652	26.505	59.793
144.494	239.188	26.206	59.509
144.758	238.519	27.649	61.135
143.928	239.427	27.120	61.095
143.136	239.467	27.658	61.928
142.287	240.659	27.420	61.771
142.405	240.511	27.822	63.619
141.217	242.076	28.121	63.335
141.177	240.980	29.407	65.134
140.959	243.220	27.569	62.815
139.846	242.336	29.088	65.516
139.198	244.455	29.373	64.253
138.262	243.292	30.546	66.233
138.832	244.763	28.627	64.868
137.808	244.768	30.080	65.818
137.863	245.033	30.414	66.537
137.444	246.533	30.222	66.230
136.799	246.903	31.092	67.464
136.008	249.110	31.064	65.992
135.369	247.809	31.770	67.617
134.959	250.478	31.026	65.879
133.017	249.506	32.212	68.069
132.753	251.539	30.322	67.169
131.599	251.461	31.558	68.258
131.370	251.565	31.667	68.602
129.620	253.471	30.900	67.851
128.994	253.301	29.933	69.054
126.962	254.627	30.373	69.272
126.797	254.548	29.594	71.556
126.564	255.220	29.838	69.905
125.135	256.840	30.011	70.278
124.457	257.351	30.818	71.436
123.490	257.194	30.391	72.960
122.341	259.461	31.621	71.943
120.997	260.152	31.843	72.307
119.711	260.457	32.910	73.221
119.094	260.897	33.217	73.102
118.626	261.917	32.280	73.750
117.525	263.120	33.115	73.457
116.841	264.136	33.391	74.192
115.405	265.755	34.758	74.062
114.620	266.079	34.842	75.002
113.974	267.537	34.842	73.454
112.680	268.025	35.609	74.729
110.259	268.657	37.746	74.746
109.058	268.709	39.379	76.446
108.832	268.614	39.008	77.847
107.895	269.940	40.723	78.262
107.743	271.155	40.858	78.551
108.254	270.656	39.991	81.708
108.151	270.260	40.433	82.725
108.646	271.873	40.531	82.774
109.181	272.800	40.855	82.985
109.929	272.854	40.440	83.135
111.067	273.407	40.208	84.556
111.658	274.301	40.122	84.141
111.997	275.778	39.086	84.099
112.766	276.251	38.780	84.252
113.177	276.565	40.259	85.836
