469.000	104.000	18.000	42.000
469.516	104.296	18.513	43.678
469.163	103.979	19.168	42.727
469.129	103.310	18.606	42.918
469.198	103.752	17.772	40.481
468.800	103.681	18.267	41.449
468.653	104.645	18.467	42.195
468.358	104.631	18.138	43.429
468.289	104.956	17.795	44.762
468.002	104.840	17.902	43.921
467.266	104.558	18.107	43.587
466.483	104.547	18.995	44.713
466.462	105.470	19.597	45.180
466.527	106.112	19.623	43.412
466.951	106.130	19.177	42.561
467.099	106.025	19.431	42.829
467.233	105.544	19.217	43.228
467.555	105.162	18.993	44.008
467.329	105.908	19.113	43.752
467.142	106.549	19.552	44.058
467.200	106.664	18.614	44.306
466.848	106.640	18.867	44.050
466.369	105.928	19.254	44.500
465.781	106.188	20.043	44.621
465.645	106.619	20.480	44.585
465.715	106.949	20.410	44.650
465.784	107.464	20.691	44.406
465.691	107.321	21.011	44.642
465.619	107.837	18.141	45.652
464.024	106.853	19.009	47.104
462.499	107.731	19.752	45.543
461.874	107.991	19.090	46.240
461.651	108.533	19.418	46.311
461.633	109.423	19.424	43.914
461.151	109.132	19.282	44.159
460.804	108.948	19.540	44.194
460.873	108.742	18.527	45.223
460.296	110.110	17.798	44.816
459.658	110.439	18.036	45.405
456.942	110.143	19.423	46.948
457.862	111.343	18.288	47.396
457.236	110.690	18.932	48.286
457.355	110.825	19.056	48.252
457.663	110.775	18.498	49.227
457.312	110.808	18.008	50.039
457.237	111.159	18.506	50.081
457.178	111.919	18.043	50.234
455.908	111.362	18.464	50.586
455.706	111.109	17.598	50.262
455.219	110.971	18.026	52.043
454.522	111.847	19.167	50.331
453.056	112.829	19.629	48.226
453.482	113.179	19.901	47.862
452.518	113.358	20.000	47.968
451.982	112.938	21.007	48.363
452.723	111.831	19.232	50.375
452.623	111.777	18.811	49.079
449.357	112.589	19.821	49.297
448.589	112.527	19.788	49.246
448.372	113.223	19.749	48.166
447.816	113.460	19.755	48.093
447.816	114.325	19.795	47.816
447.189	114.524	19.941	48.181
446.891	114.171	19.699	48.392
446.562	113.835	20.412	49.617
446.412	114.206	19.773	48.306
445.959	114.590	19.441	48.951
445.037	114.973	19.633	48.956
444.278	114.661	19.830	48.298
444.165	114.386	19.852	48.256
444.239	114.459	19.504	48.740
443.485	114.656	20.227	49.336
444.042	115.780	19.875	49.104
444.318	115.982	20.002	49.732
444.077	116.387	20.483	49.067
443.674	115.799	20.417	48.911
444.066	115.592	20.094	49.372
443.515	116.197	19.553	49.588
442.515	117.756	20.042	50.086
442.420	117.093	19.527	52.099
441.335	117.199	20.921	52.407
441.212	115.998	20.246	53.714
441.109	116.600	20.803	52.146
441.186	118.006	20.889	51.993
442.598	117.696	19.987	52.392
441.882	118.240	21.150	51.383
441.722	118.705	21.046	51.798
441.704	119.566	20.287	50.417
441.602	119.347	20.298	51.608
441.612	118.939	20.671	51.009
441.482	118.526	20.283	51.022
441.770	119.127	20.389	48.449
441.563	119.266	20.546	51.010
441.745	119.997	20.460	50.072
441.524	121.069	20.846	50.281
441.986	121.263	20.620	48.969
441.832	120.840	21.017	49.310
442.278	120.847	21.071	48.370
442.846	120.049	20.852	47.909
442.356	120.223	20.896	49.088
442.149	120.989	20.891	48.975
442.281	121.537	20.643	48.513
442.194	121.484	21.013	48.463
441.910	121.440	21.250	48.914
441.705	121.252	20.484	49.253
441.464	120.594	21.575	49.445
442.922	121.180	21.531	51.315
442.958	121.828	21.501	49.686
443.133	122.042	22.558	51.048
443.245	122.841	21.254	50.407
443.137	123.376	21.620	50.427
442.894	123.101	21.229	51.540
442.934	123.074	22.791	51.569
443.236	122.804	21.905	52.430
443.315	123.896	21.962	51.640
443.601	124.773	21.773	52.118
444.203	125.288	22.543	50.049
444.561	123.541	21.132	52.496
444.519	123.985	21.979	51.673
444.245	124.312	21.875	50.754
445.167	124.309	21.840	51.242
444.151	125.212	21.027	51.731
443.794	125.659	21.249	53.245
443.616	125.582	21.424	53.160
443.725	124.674	21.327	51.165
443.829	124.305	21.203	51.715
444.369	124.426	21.394	52.518
443.862	124.600	21.456	53.489
443.906	125.815	21.423	50.976
444.404	126.563	21.672	51.513
444.410	126.939	21.338	52.045
444.107	126.325	21.792	53.099
444.342	125.804	21.875	53.615
444.360	126.363	21.267	52.513
444.135	127.543	21.546	52.179
443.724	127.962	21.353	51.163
442.591	129.177	20.914	51.979
442.255	129.473	22.231	50.786
443.160	129.613	21.997	51.891
442.807	129.671	22.012	50.351
442.615	129.055	22.633	52.780
443.040	128.564	21.964	50.913
442.490	129.327	22.512	50.833
441.770	130.790	22.043	52.785
441.487	130.381	21.992	52.630
440.867	129.730	21.957	54.646
440.667	129.765	22.070	53.502
440.637	130.745	22.797	54.753
441.485	131.564	22.139	53.799
441.786	131.211	21.944	56.902
441.430	130.009	21.696	56.421
441.358	130.373	21.925	56.424
441.316	131.424	21.629	56.370
440.433	132.862	21.603	57.882
439.740	132.776	21.842	57.087
439.401	132.200	22.302	57.680
439.574	132.548	21.740	57.123
439.288	132.121	21.902	57.191
439.712	133.077	22.181	57.720
439.717	134.229	22.300	56.895
440.110	135.049	22.185	57.811
440.492	134.359	22.224	58.035
440.864	133.647	22.221	58.522
441.230	133.914	21.790	59.152
441.276	134.336	22.004	60.987
440.849	135.114	21.800	60.832
440.979	135.896	21.848	59.764
440.607	135.653	23.504	60.219
440.483	134.893	23.708	59.203
440.471	134.568	23.996	59.205
440.961	135.242	24.178	59.484
441.202	136.372	23.795	58.115
441.684	137.131	24.027	56.694
442.018	137.358	23.674	56.836
442.685	136.929	24.334	54.808
443.168	136.137	23.921	52.399
443.261	136.476	23.246	52.079
444.409	136.626	22.697	53.322
443.426	138.415	22.850	53.338
443.702	138.229	21.961	52.816
443.656	137.755	22.476	53.196
445.511	138.662	22.756	55.364
444.612	138.494	22.533	53.402
446.380	139.098	23.750	51.822
446.882	138.811	23.610	51.792
447.282	138.219	23.561	52.208
448.555	139.066	22.840	54.124
448.353	140.095	22.518	51.808
448.725	139.981	21.773	52.121
449.146	139.743	22.836	53.439
449.688	139.257	23.229	55.948
450.231	139.551	22.781	55.526
451.169	140.746	23.257	53.916
451.862	141.884	23.516	55.200
452.498	142.024	24.114	54.341
453.288	140.880	23.252	53.946
454.197	141.000	23.695	53.698
454.487	141.140	22.632	53.784
454.516	142.572	24.006	51.382
454.349	142.531	23.209	53.192
454.733	142.454	23.363	53.643
454.441	141.728	23.637	55.497
454.573	142.079	23.703	54.910
454.566	142.771	23.402	54.956
455.452	144.139	23.607	54.743
455.849	144.024	23.408	55.897
456.174	144.477	22.515	53.954
456.243	144.257	23.348	53.969
456.459	144.313	23.114	54.636
456.207	143.951	24.152	55.074
456.280	146.072	23.661	52.899
456.151	146.307	22.788	53.084
455.929	145.597	22.835	53.907
456.002	145.479	22.913	53.553
456.408	145.423	22.386	55.118
456.403	146.195	23.156	54.679
457.027	147.184	23.192	54.685
457.116	148.306	23.653	53.647
458.129	148.050	24.290	54.402
458.705	146.749	24.056	58.022
459.199	146.636	22.755	56.216
459.003	147.501	23.917	57.224
459.419	147.985	23.414	57.912
459.233	148.908	23.424	54.154
459.024	148.973	23.774	56.699
459.459	148.151	23.307	58.435
459.435	148.295	23.130	57.239
459.880	149.166	24.012	58.063
461.439	150.693	23.241	58.458
462.735	151.333	23.553	56.639
463.517	151.203	22.919	58.580
463.208	151.174	23.454	58.906
463.955	151.954	22.844	59.470
463.448	153.613	22.505	61.235
463.597	151.960	22.980	62.524
463.594	150.930	22.272	63.351
463.365	152.847	23.257	62.992
464.148	153.842	22.611	63.284
464.013	154.223	23.286	63.240
463.364	153.565	24.616	64.170
462.114	155.067	25.220	64.530
462.630	157.964	25.462	64.109
462.909	157.100	24.300	64.864
463.917	158.765	24.236	64.283
463.714	158.126	24.854	64.785
463.327	157.917	24.623	64.397
463.128	157.577	25.295	64.696
463.275	159.284	25.566	64.003
463.877	159.735	24.773	64.307
464.710	162.101	24.055	65.441
464.068	160.802	24.352	67.535
464.816	161.666	24.173	67.561
465.166	161.682	25.063	67.903
465.857	160.735	26.037	68.977
465.431	160.957	26.222	68.275
465.869	161.426	25.565	67.849
465.776	163.081	26.093	66.938
466.311	164.038	25.497	67.977
465.750	163.727	26.774	66.763
466.313	163.508	26.050	66.124
466.636	163.380	26.417	67.686
466.675	163.592	27.142	69.084
467.334	164.669	27.637	69.252
467.376	165.727	27.759	68.368
468.033	166.184	26.957	69.103
469.283	166.189	26.733	68.907
469.729	165.620	26.583	69.648
469.902	166.085	26.868	70.233
470.597	168.413	26.271	68.882
471.138	168.105	25.879	70.032
470.733	167.494	25.964	70.537
470.265	167.064	27.510	70.567
469.215	168.074	29.102	70.296
469.811	168.515	29.037	70.592
470.554	169.683	29.673	70.391
471.601	170.667	29.205	70.341
471.522	170.770	30.629	70.607
471.862	169.078	30.415	71.654
471.745	169.038	31.416	71.401
471.692	168.916	31.697	72.665
471.905	169.456	31.675	72.929
472.687	169.942	32.180	72.909
474.747	170.701	30.233	72.251
475.299	170.961	29.498	72.808
475.062	171.196	29.584	72.806
474.150	170.465	29.698	71.647
475.426	170.779	30.404	71.597
476.055	171.657	29.846	73.094
477.031	172.799	29.780	73.479
479.479	172.842	28.406	73.249
480.556	172.675	28.207	73.531
481.168	172.761	28.160	74.022
482.027	173.445	28.024	74.332
481.904	174.469	28.945	73.603
481.720	175.296	30.093	73.239
481.948	175.850	30.014	73.442
483.059	175.239	29.674	73.869
483.451	174.794	30.975	74.363
485.772	174.642	28.992	75.716
487.383	175.538	30.109	75.577
488.779	177.743	30.600	73.355
491.526	177.917	29.231	74.726
492.207	177.681	29.621	74.087
492.664	176.743	30.026	74.382
493.788	176.627	29.017	75.105
495.459	179.133	29.166	74.268
495.443	180.439	30.329	73.508
496.415	179.911	29.365	75.177
497.568	180.488	29.738	74.769
497.762	179.820	30.232	75.334
499.507	179.485	29.069	75.126
501.560	180.392	29.565	75.975
502.965	182.743	29.770	74.616
503.378	183.232	30.391	75.631
504.363	182.674	30.265	76.074
505.498	181.648	30.999	76.606
507.060	181.294	30.555	78.465
507.305	182.647	30.791	77.767
507.956	184.546	30.809	76.121
508.500	185.089	31.179	76.836
509.134	184.739	31.028	77.883
509.143	184.512	32.569	77.103
512.832	182.871	30.224	78.349
514.545	183.609	29.199	77.146
516.072	184.585	29.323	76.795
517.114	185.933	28.481	74.431
521.296	185.088	28.604	78.510
523.525	185.549	29.117	82.013
524.160	187.174	30.090	80.857
524.280	188.335	30.259	80.621
525.239	188.492	30.940	80.512
527.332	187.991	30.882	80.504
528.837	188.169	30.573	81.290
529.997	190.210	31.914	80.795
532.938	192.131	30.108	80.388
534.331	192.133	30.712	80.653
536.283	191.261	30.267	81.963
537.995	191.142	29.614	83.441
539.245	192.977	28.650	82.986
540.020	193.740	30.037	83.491
540.580	192.766	31.446	84.863
541.278	193.201	31.675	82.687
542.059	194.461	31.657	82.533
543.050	195.539	32.151	82.662
544.554	196.898	32.517	82.330
545.824	197.714	31.804	82.858
548.193	196.948	31.786	83.960
549.881	195.899	30.983	84.976
551.465	195.552	30.127	85.872
552.822	198.122	30.102	85.152
552.287	199.420	31.166	84.840
552.554	199.479	32.264	85.118
552.182	199.841	34.594	84.172
552.292	200.842	35.819	83.948
552.610	202.382	36.877	84.474
552.684	205.327	37.951	84.029
553.396	205.133	38.046	83.140
555.454	203.251	36.937	85.369
555.971	204.113	36.640	85.695
557.108	205.574	36.015	86.024
558.176	207.282	35.596	85.390
559.793	206.610	34.776	87.385
560.658	206.475	34.293	86.352
561.586	206.276	33.316	85.264
562.641	205.902	32.315	86.116
563.365	207.577	32.521	86.207
564.157	209.552	32.342	85.259
564.822	210.046	32.132	86.537
565.427	210.062	32.522	87.226
565.578	209.515	32.917	87.475
566.486	208.709	31.689	88.001
567.061	208.484	31.532	91.117
566.790	209.980	32.270	91.064
566.666	211.391	32.910	91.139
566.745	212.012	33.311	91.551
566.994	211.894	32.881	91.037
567.685	211.508	32.723	91.139
568.443	211.249	33.956	91.991
569.631	212.279	34.186	92.851
570.598	215.029	34.646	90.299
572.871	215.609	34.533	90.897
575.801	215.556	34.193	90.894
576.840	214.810	34.701	91.076
578.788	215.558	34.758	91.608
580.040	218.233	34.645	90.588
580.764	219.373	33.479	91.588
581.113	218.000	33.594	93.314
581.716	217.336	33.829	94.112
581.512	217.667	34.258	94.201
581.859	218.080	34.924	95.888
581.319	220.957	37.453	93.903
582.768	222.828	36.855	93.407
585.008	222.932	36.478	93.742
