532.000	196.000	34.000	93.000
530.183	196.352	34.121	92.226
526.992	195.781	35.568	93.533
525.560	195.943	36.877	93.363
525.908	196.094	34.673	92.117
529.124	196.320	31.631	91.228
531.444	196.348	29.812	92.347
531.594	196.469	30.683	92.156
530.117	195.739	31.789	93.583
528.509	196.009	32.948	93.952
525.147	196.315	35.716	93.575
521.970	196.101	34.694	91.556
521.240	195.398	34.807	89.252
521.240	195.962	35.331	85.667
520.306	196.417	34.961	83.149
518.717	195.711	34.452	85.130
505.770	196.175	35.618	82.827
490.901	194.916	34.992	84.211
470.670	195.598	35.362	82.259
452.780	196.508	34.677	81.118
428.260	195.745	34.517	82.453
411.200	196.097	32.271	80.082
396.041	196.953	27.391	75.964
376.449	196.616	28.093	76.342
358.969	196.956	27.973	76.509
339.744	198.291	27.784	72.154
337.038	200.331	29.117	75.052
336.424	201.089	29.222	73.813
336.473	200.373	28.978	75.654
335.119	200.230	30.244	74.979
334.988	200.540	30.544	72.953
335.455	200.065	29.551	74.352
335.295	199.390	29.176	75.213
335.443	198.776	29.028	75.467
335.258	199.286	29.456	73.772
336.227	198.718	28.153	77.335
335.507	198.724	28.877	78.199
334.407	199.060	29.661	80.292
333.663	198.570	29.489	82.824
333.931	199.588	28.053	81.135
333.683	199.722	28.698	80.731
333.782	199.578	28.863	82.001
334.672	199.771	28.483	81.634
335.169	200.278	28.082	78.025
335.254	199.795	28.432	79.528
335.324	199.847	28.507	78.842
335.324	199.814	29.261	79.280
336.063	199.765	28.597	77.355
336.104	199.933	28.643	75.985
336.064	199.538	28.621	78.570
336.338	199.461	30.046	78.977
336.542	199.830	30.927	78.852
337.523	200.186	31.948	79.288
338.145	199.677	32.220	80.595
338.814	200.123	32.245	79.300
339.328	199.359	31.525	81.635
339.965	199.832	31.134	81.618
340.072	199.768	30.563	80.216
340.140	199.467	30.669	81.127
339.655	200.494	31.107	76.699
339.952	199.924	30.615	79.378
339.486	199.882	30.402	79.325
337.979	199.963	30.290	78.744
336.186	199.454	29.896	78.152
333.344	199.148	30.702	80.695
328.784	200.152	31.162	81.329
321.614	202.167	32.526	73.122
315.517	200.998	31.501	73.931
311.997	199.373	31.743	76.565
308.376	198.545	33.204	79.611
307.484	199.467	33.062	82.683
306.627	199.899	32.241	80.732
305.782	199.977	31.373	79.286
305.195	200.335	31.170	76.305
304.335	200.044	32.067	74.546
304.864	199.960	31.157	77.638
304.008	199.965	32.614	77.950
303.664	199.753	33.591	75.615
304.503	199.974	31.360	78.425
304.262	200.315	30.939	77.792
304.081	200.566	31.231	78.101
302.743	200.610	33.035	73.716
302.088	200.396	33.144	74.346
303.370	199.840	32.121	75.814
303.030	200.130	32.213	73.001
302.607	199.642	32.869	74.742
305.130	200.531	30.775	75.545
306.522	200.649	32.525	73.151
308.868	200.338	31.832	75.040
312.640	200.875	31.803	75.611
317.778	201.431	31.589	75.700
323.687	201.320	32.317	78.655
329.767	200.673	32.292	82.119
336.331	200.697	31.973	81.022
340.209	201.521	32.183	77.493
342.938	201.682	32.113	78.792
347.660	201.722	32.120	82.176
353.097	201.138	32.396	85.618
356.630	200.953	33.527	85.069
361.655	201.007	38.745	87.468
366.651	200.951	36.900	85.813
372.777	200.704	34.855	89.329
377.821	200.717	32.250	89.572
381.105	200.643	33.420	90.635
384.608	200.577	31.310	89.983
386.672	199.880	31.210	91.434
387.407	199.943	30.352	91.229
389.117	199.957	29.646	90.635
389.993	199.658	30.897	90.897
391.318	199.442	31.106	91.179
391.727	199.635	32.606	91.584
392.641	199.096	31.191	92.327
391.772	199.833	32.978	91.510
391.851	199.453	31.449	92.589
391.417	199.413	31.365	92.746
391.353	199.287	31.464	92.259
391.643	199.192	30.794	92.231
391.602	199.664	31.164	91.706
392.327	198.995	31.408	92.709
392.518	198.712	31.254	93.369
392.926	199.231	31.186	93.144
392.998	198.958	31.691	93.068
393.682	199.422	30.734	91.632
393.747	199.554	30.566	91.602
393.687	199.343	30.981	92.025
393.713	199.440	29.695	91.896
393.690	198.970	30.353	92.279
393.929	198.622	30.426	92.927
394.047	198.879	30.404	92.720
393.837	199.091	30.792	91.878
393.889	199.002	31.183	92.465
394.406	199.163	31.494	92.643
394.600	199.032	31.232	92.186
394.886	198.847	31.398	92.340
394.916	198.657	31.157	92.325
395.039	200.116	30.814	91.291
395.661	200.321	31.163	90.769
396.091	200.321	31.565	90.209
396.249	199.565	30.159	90.432
395.817	198.878	30.228	91.504
395.610	199.532	29.046	91.244
395.839	199.663	28.460	91.366
394.624	199.978	28.108	91.602
392.847	200.606	27.896	90.878
391.187	200.678	28.299	90.464
390.428	200.115	28.278	90.234
389.753	199.802	26.523	91.425
388.508	200.463	26.990	89.395
388.386	201.534	26.796	90.355
387.827	201.229	28.505	90.711
386.806	200.955	29.583	90.679
386.973	200.444	29.653	91.530
386.773	200.186	30.400	92.291
385.778	200.345	29.649	92.812
384.440	201.317	30.641	90.967
382.499	201.379	29.560	91.503
379.896	201.943	30.999	92.351
377.959	201.816	33.615	92.949
376.362	201.431	33.886	93.129
374.366	200.996	32.831	94.523
373.088	201.828	33.182	93.185
372.139	201.781	32.984	92.612
371.289	202.618	32.639	92.446
372.079	201.774	34.495	93.169
371.135	202.464	34.624	92.478
370.569	201.262	35.570	93.983
369.817	201.741	35.282	93.970
369.285	201.746	34.100	94.328
368.130	202.080	34.213	94.516
366.255	203.768	33.613	93.131
363.754	207.445	33.012	90.177
361.027	211.262	33.194	88.642
360.537	210.035	34.919	91.089
360.543	209.274	38.890	92.892
359.237	210.804	44.416	93.724
358.421	212.428	45.522	93.477
359.242	214.946	39.961	91.209
359.235	216.930	38.145	89.670
358.736	216.527	39.212	90.419
359.249	216.537	44.337	87.607
358.318	216.914	48.895	85.346
357.378	217.278	48.600	87.345
355.183	220.078	50.841	82.041
352.828	224.651	52.029	78.271
351.953	225.390	50.560	76.474
349.693	226.012	45.203	75.557
349.491	224.599	47.015	76.665
347.719	226.690	37.648	73.694
349.004	229.812	33.676	70.578
350.238	232.708	31.699	70.345
350.381	233.068	32.338	70.145
350.023	232.146	34.098	71.223
350.082	232.203	37.600	71.021
347.144	233.666	38.611	72.624
344.468	235.886	37.012	74.948
344.344	240.337	33.128	73.386
342.414	240.406	32.678	78.511
341.285	239.784	30.823	75.120
339.053	239.301	32.896	74.059
338.911	239.306	32.448	74.764
337.549	239.887	31.245	74.274
336.946	239.192	33.886	72.579
334.575	240.450	34.836	76.918
335.842	239.521	32.746	79.909
334.240	239.489	34.886	79.747
333.182	239.554	36.663	84.254
334.333	238.966	34.956	82.176
333.775	239.069	35.349	85.809
335.529	238.580	34.030	81.721
335.030	239.260	34.338	84.778
334.134	239.180	35.879	79.778
334.498	239.437	35.138	78.336
336.125	238.272	33.258	79.954
334.703	238.658	34.748	79.110
335.262	238.009	34.676	79.892
334.490	237.963	35.866	80.275
335.734	238.356	34.095	81.443
335.627	238.648	33.688	80.654
336.146	238.595	33.628	78.651
336.185	238.684	32.661	79.310
335.301	239.060	33.660	77.041
335.703	237.848	33.704	84.433
334.709	238.406	34.542	83.998
333.664	239.016	35.315	81.945
333.564	238.389	34.708	82.040
334.373	238.322	33.569	78.900
334.189	237.927	34.585	84.071
334.318	238.806	34.695	83.009
334.249	238.596	34.635	79.558
334.521	238.718	33.992	82.017
334.373	239.139	34.629	86.304
334.028	239.081	34.866	81.598
333.966	240.648	34.751	80.494
333.684	238.467	31.742	79.699
333.775	237.403	33.251	83.979
332.084	241.045	33.996	79.940
334.500	238.254	34.494	77.481
333.778	240.256	32.199	80.476
333.834	238.547	34.106	74.577
332.750	239.155	33.369	76.157
333.101	238.530	34.123	77.718
334.640	238.143	32.826	79.425
333.976	239.247	32.641	71.775
332.430	239.614	34.909	79.528
333.717	239.057	35.282	74.996
334.245	239.250	34.259	78.965
336.172	239.087	35.520	76.091
339.452	240.973	33.510	74.940
339.226	245.600	35.265	75.178
340.073	246.394	37.517	78.144
350.465	246.715	33.416	68.225
351.572	246.426	34.402	69.594
354.295	246.277	36.015	70.892
355.616	245.902	34.865	72.020
355.882	246.896	36.223	69.272
355.614	246.694	35.662	69.862
357.345	247.050	32.589	70.259
355.648	247.412	30.736	73.130
356.295	246.834	31.909	76.602
359.627	248.061	31.768	71.298
360.903	248.016	32.431	79.146
363.616	247.937	34.652	85.425
367.211	248.146	32.941	83.827
367.086	247.200	34.297	89.279
368.263	248.074	35.195	82.713
368.890	247.394	38.717	80.871
368.822	248.295	35.567	86.315
368.258	248.050	33.475	85.588
368.662	248.619	32.616	83.539
367.411	250.137	34.351	88.472
367.657	255.170	33.870	93.346
368.240	255.155	35.097	95.424
367.989	255.900	34.467	96.351
368.103	255.154	33.380	98.448
368.428	255.428	35.318	96.885
368.082	255.945	40.450	99.450
369.855	255.682	38.157	100.952
372.039	256.155	39.252	99.345
371.368	255.898	42.550	102.895
372.234	255.145	45.092	104.123
378.172	254.659	40.143	106.225
381.828	254.702	36.487	106.959
383.409	254.490	36.454	108.458
383.603	254.688	37.210	107.447
384.068	255.178	37.383	107.328
384.588	255.227	37.068	108.425
383.968	255.651	37.707	107.102
384.491	255.337	37.349	107.495
383.353	256.792	37.840	106.281
382.618	259.311	37.074	105.632
381.725	260.517	36.666	104.616
381.057	261.562	36.522	103.587
380.710	262.329	37.445	103.694
379.534	262.464	38.925	103.352
379.225	261.669	38.820	103.392
379.194	261.595	37.443	103.586
378.915	261.357	36.370	103.229
379.274	261.907	37.147	102.964
380.129	262.888	36.233	102.437
381.361	266.447	34.941	100.534
382.856	269.772	35.817	97.113
384.377	270.856	36.016	96.606
385.680	271.372	35.697	96.231
386.003	271.987	35.716	94.982
386.624	273.151	34.812	93.500
386.266	276.940	34.497	88.272
384.788	280.963	35.757	84.201
383.569	281.479	36.863	85.193
383.683	280.878	36.327	86.332
383.871	280.963	36.191	89.007
383.556	281.600	36.937	88.483
383.602	281.299	36.911	89.743
384.341	282.939	36.914	87.715
385.644	285.695	37.193	85.748
387.560	287.431	36.169	83.710
391.244	289.372	35.140	81.629
392.205	288.589	35.082	82.250
393.415	288.955	35.762	81.521
391.734	290.372	36.269	81.090
390.365	291.287	36.889	78.530
389.663	291.135	36.281	78.802
389.155	291.323	35.133	77.854
389.824	290.278	34.450	78.412
391.344	289.324	32.968	81.007
388.913	282.147	34.548	88.397
389.729	277.908	34.950	91.194
389.364	289.341	34.953	80.038
390.031	289.399	34.529	80.591
390.575	289.852	34.725	80.842
391.445	289.451	34.622	80.486
392.945	290.154	32.744	79.221
393.623	292.529	32.401	77.031
393.182	290.603	33.002	78.618
393.937	292.374	32.636	77.996
393.774	290.095	33.071	80.436
391.939	288.203	35.309	82.386
390.383	289.891	34.798	81.339
387.428	290.863	35.763	80.627
385.948	290.067	35.812	81.838
384.060	290.255	36.240	81.820
383.394	290.506	36.101	82.402
382.404	291.057	35.931	80.384
381.817	290.548	35.716	82.252
380.755	290.861	35.905	82.894
379.951	290.873	36.271	83.865
379.125	291.678	37.382	83.093
379.984	293.185	36.224	82.414
380.131	293.016	35.547	82.244
379.349	296.755	36.729	78.320
379.020	293.700	39.162	81.820
378.321	293.647	38.223	81.311
379.291	289.998	44.305	83.086
378.265	290.680	38.527	83.069
376.867	302.582	37.179	72.483
371.247	302.539	42.160	73.951
369.192	310.622	41.578	67.349
371.969	310.984	37.520	66.655
372.118	310.670	36.624	65.426
372.199	311.455	35.914	66.560
372.384	313.062	35.963	65.634
371.886	316.415	36.186	65.745
371.848	319.051	35.361	64.138
371.834	317.840	35.560	64.455
372.952	318.154	35.086	65.520
373.554	318.748	35.151	64.925
372.996	319.517	35.795	63.167
371.804	319.473	35.763	63.044
369.457	319.602	37.246	64.674
367.661	321.846	36.924	70.674
362.865	326.922	38.099	81.047
363.867	327.794	35.346	90.675
361.999	331.913	36.910	91.347
361.160	331.840	37.160	84.365
360.389	330.496	37.145	89.241
359.611	331.429	37.012	89.460
350.870	321.197	37.927	84.595
356.493	331.831	34.569	84.984
357.815	337.906	32.916	81.699
356.005	339.430	34.056	95.251
355.980	341.269	32.545	94.181
353.461	338.265	33.089	90.786
350.401	343.682	34.577	94.244
339.403	313.515	39.178	80.289
317.932	279.411	56.777	110.569
273.089	251.854	49.014	124.216
251.424	239.320	55.536	127.759
228.718	242.543	56.106	126.528
211.561	247.888	62.444	123.165
224.012	248.855	50.451	128.110
233.984	246.460	50.232	129.251
258.548	236.009	50.010	132.649
269.691	292.548	59.542	103.955
253.470	260.545	52.209	124.207
263.566	214.315	49.055	120.572
270.309	198.944	40.313	109.999
275.774	184.175	36.868	110.290
274.448	174.594	38.735	104.665
276.709	163.213	36.092	99.643
280.153	152.495	32.893	98.254
279.193	142.093	32.264	95.251
279.300	130.602	32.543	102.841
280.892	121.595	31.915	99.456
280.206	114.541	31.953	99.893
278.080	172.245	43.580	103.456
298.213	268.397	41.263	102.224
299.082	257.662	40.549	117.908
295.619	251.730	41.060	115.272
292.970	232.955	40.454	126.031
287.253	231.423	44.426	112.012
283.488	220.452	44.071	112.854
281.359	210.919	47.496	115.557
282.059	196.512	42.229	117.675
280.876	186.186	39.296	118.367
280.633	181.099	38.841	112.583
280.905	182.672	40.392	106.785
281.656	180.424	43.057	107.735
282.381	182.210	45.986	106.815
284.046	175.996	50.418	111.815
296.305	177.464	45.433	106.941
304.721	178.380	51.313	111.201
313.196	183.156	48.821	106.285
318.713	185.765	44.749	103.136
323.538	190.140	40.013	98.610
330.800	178.501	41.660	112.897
337.052	176.697	41.894	122.069
340.445	179.111	44.801	119.348
346.724	179.466	41.765	109.524
348.257	180.664	39.288	109.384
353.846	180.262	45.377	108.397
361.022	181.968	47.250	113.938
366.371	181.147	47.902	121.979
369.449	183.972	48.331	119.992
379.280	184.782	43.115	122.023
375.158	183.308	49.254	125.402
364.836	183.562	45.430	125.363
354.716	184.450	52.849	127.915
337.718	186.472	47.043	124.801
325.561	187.173	40.732	126.439
312.994	189.718	40.360	120.723
298.406	190.498	43.417	126.836
277.640	190.247	48.494	127.733
267.037	198.260	47.859	124.860
253.439	197.342	41.208	128.879
240.145	198.500	38.794	124.397
224.823	199.484	39.992	126.701
209.212	200.926	41.877	128.826
195.515	203.538	40.379	124.093
179.887	204.445	40.845	133.547
164.633	206.532	40.585	126.866
150.810	206.819	37.299	126.900
131.404	207.422	38.902	132.094
113.018	210.551	40.458	136.980
109.213	215.058	49.689	134.470
107.321	216.290	45.436	133.775
107.150	217.753	42.952	131.412
107.537	218.888	41.552	129.184
106.802	219.329	40.377	134.656
107.326	222.069	38.943	138.531
106.920	224.265	41.350	134.757
107.261	223.341	40.520	135.963
106.463	224.738	40.627	133.134
105.711	225.924	42.056	137.616
103.609	229.694	44.116	134.917
101.147	229.934	45.636	138.581
99.407	230.397	46.106	136.939
98.697	231.037	46.569	135.096
97.543	231.925	46.572	140.740
95.324	234.309	47.765	137.970
95.421	235.937	47.160	135.579
96.210	237.452	46.419	133.979
96.902	238.122	48.040	132.280
98.571	239.196	48.374	137.501
99.001	240.517	48.311	138.842
97.230	242.228	50.059	138.642
95.030	241.309	48.831	139.880
94.699	240.686	48.339	141.865
94.627	240.375	46.856	144.346
94.290	243.133	47.624	141.405
94.396	244.039	46.886	142.531
92.972	248.031	49.777	141.457
95.234	250.846	49.683	143.268
94.862	251.181	51.569	146.965
96.133	251.449	53.925	145.499
97.155	254.037	52.925	142.543
94.722	256.984	51.994	138.826
94.453	258.738	52.788	139.136
91.738	257.383	54.718	139.825
90.955	254.832	52.626	142.546
89.929	253.196	47.950	146.730
86.778	254.734	48.479	147.070
85.954	257.731	48.962	145.236
86.060	259.557	49.582	149.781
84.876	259.546	53.488	151.625
84.917	256.044	58.134	156.386
85.724	256.060	61.201	156.059
86.157	258.833	64.324	151.231
87.964	260.606	62.713	152.680
88.699	261.513	58.573	152.544
87.413	261.759	55.771	152.745
86.381	261.740	55.216	154.574
86.506	260.806	54.457	155.856
85.695	261.862	53.434	159.610
85.691	263.238	60.381	157.835
87.330	266.819	61.798	154.378
90.720	267.268	54.622	158.396
94.482	266.908	53.463	161.714
97.881	267.068	55.003	160.486
102.437	267.750	55.695	162.109
107.506	269.336	57.067	161.748
112.261	269.772	56.125	163.121
111.996	273.780	56.087	165.359
113.806	275.123	57.579	167.033
117.438	274.831	57.679	166.735
120.626	276.074	59.826	165.194
126.781	275.624	56.455	169.108
129.226	277.198	58.544	168.130
131.674	279.593	59.078	166.320
133.659	281.147	57.247	165.119
135.468	279.745	57.324	165.302
136.023	280.865	57.325	160.881
135.905	279.972	55.150	162.402
130.225	281.430	59.385	170.654
126.479	284.080	57.652	171.537
120.683	284.337	61.078	174.005
115.965	284.378	63.405	175.218
109.772	284.199	58.991	176.694
105.545	278.881	58.123	178.995
102.856	269.756	59.264	178.726
100.701	262.778	60.797	178.366
99.982	250.955	61.652	183.194
99.090	239.004	61.843	182.870
99.791	228.221	60.606	181.382
94.665	221.736	64.163	181.460
90.523	214.486	63.501	183.115
84.823	205.841	65.987	186.080
81.844	201.900	66.104	187.628
81.641	189.598	62.401	188.201
79.868	179.996	60.488	181.535
77.973	170.589	60.919	182.212
76.926	161.710	62.134	180.671
79.044	150.039	60.253	182.968
81.367	132.979	60.193	188.873
80.053	121.131	63.813	184.362
82.419	110.282	63.649	184.171
80.070	105.987	66.640	183.996
81.360	103.770	64.790	191.633
80.504	103.868	63.252	192.096
79.404	104.327	64.781	192.200
78.919	105.318	68.661	190.065
80.046	103.347	67.241	193.969
80.745	101.668	67.984	196.654
83.419	102.017	67.838	195.602
84.045	102.000	68.275	195.495
84.308	102.541	67.724	195.997
83.362	103.570	69.361	194.917
84.848	103.322	68.611	194.680
85.576	101.813	67.759	196.848
85.473	102.424	68.758	194.677
85.528	101.184	68.303	195.103
80.683	101.441	73.556	193.777
76.557	102.595	76.188	189.999
73.971	104.978	75.207	189.822
71.400	104.889	75.868	190.971
65.884	106.258	75.937	191.572
63.683	107.885	74.046	189.661
60.388	109.315	69.703	185.576
56.960	109.143	68.128	183.981
55.256	113.108	65.235	178.827
44.621	116.120	71.801	180.892
36.407	121.254	79.309	181.404
28.307	122.824	87.224	188.753
25.502	121.045	85.154	191.015
33.330	122.115	73.931	190.398
43.457	120.481	74.940	189.037
56.792	118.841	74.178	189.507
71.010	122.169	73.733	190.020
82.987	125.762	77.351	190.732
101.208	125.588	73.818	193.099
120.956	124.702	73.904	194.169
138.871	124.982	72.468	192.941
157.136	127.591	75.129	192.517
166.825	129.103	76.950	196.008
193.850	132.306	79.540	197.280
212.165	130.414	82.456	200.297
236.263	129.467	71.849	200.391
246.237	128.610	67.979	200.250
250.899	129.350	69.632	204.087
255.280	132.602	71.488	204.935
260.284	135.182	72.204	207.472
266.928	136.243	69.987	207.596
274.733	137.438	69.181	206.825
277.458	136.926	70.838	204.745
281.624	139.381	77.336	204.791
282.247	142.814	93.138	204.495
286.687	144.728	92.305	209.766
298.879	145.526	83.269	211.224
306.756	143.010	80.324	214.404
320.467	144.457	75.609	210.832
333.585	147.544	74.043	214.307
336.037	150.585	79.955	216.556
340.481	155.099	80.163	218.599
349.952	156.155	73.894	219.875
354.766	158.500	70.738	217.007
361.053	160.855	67.722	212.451
365.209	165.339	72.803	211.385
368.788	167.357	74.710	218.592
373.513	170.753	74.267	224.651
379.118	170.646	75.522	228.403
383.948	170.741	77.712	228.017
387.377	170.741	78.733	228.320
388.976	175.132	80.275	231.787
388.495	180.731	81.881	234.943
386.851	186.214	85.998	237.263
385.415	187.528	84.881	236.710
383.024	191.549	84.366	233.766
384.827	195.609	79.556	234.278
391.690	199.704	76.867	240.941
398.240	203.882	77.215	245.796
402.708	205.733	78.417	246.629
407.359	207.997	81.452	242.745
416.903	209.256	81.427	243.777
421.882	213.379	81.683	247.157
425.184	217.732	83.808	250.891
429.954	219.958	81.111	252.604
432.620	222.399	81.554	246.971
436.739	224.895	76.546	248.035
441.904	226.901	75.193	246.897
445.926	232.575	83.588	242.049
450.601	234.685	87.180	239.588
455.673	234.476	86.438	241.219
462.396	235.129	85.723	239.808
472.043	238.858	78.308	235.997
474.319	240.680	82.039	232.459
475.356	241.986	87.522	231.944
477.543	243.761	87.788	227.961
478.201	245.273	87.843	226.512
478.115	247.996	86.133	224.243
478.907	247.973	84.605	224.910
481.369	249.118	82.960	223.011
486.405	249.865	78.037	220.154
490.256	251.210	81.252	224.782
496.427	251.826	80.954	224.932
501.896	253.122	83.481	223.850
511.174	256.028	81.935	219.218
516.416	255.404	81.445	217.367
503.858	255.040	90.261	221.585
502.801	259.586	83.134	216.870
494.530	263.906	80.792	214.785
484.605	274.782	75.160	200.860
474.526	277.976	75.695	194.305
462.602	275.924	76.329	194.860
452.767	275.841	76.879	195.390
441.914	274.278	76.527	196.221
430.099	278.152	80.593	188.895
418.544	281.167	83.364	182.352
399.800	284.075	85.005	172.121
383.631	284.691	87.303	175.226
365.769	289.936	88.794	168.591
346.563	293.465	84.727	168.230
324.488	296.256	84.488	171.965
302.081	299.119	85.757	173.778
291.118	303.653	85.877	173.632
283.829	306.795	86.422	171.396
279.711	307.638	87.419	172.434
272.983	311.777	88.427	167.290
263.047	320.862	91.222	158.067
256.987	324.413	88.695	152.789
248.526	327.768	89.851	148.560
243.409	329.060	88.916	145.177
236.283	333.151	86.486	142.510
228.450	339.021	86.523	136.527
216.601	342.141	86.332	133.567
202.827	334.853	85.927	140.773
192.059	326.867	85.473	150.148
185.967	321.925	86.556	153.007
180.035	313.244	86.540	161.487
174.405	310.335	88.277	163.189
171.194	307.015	89.710	166.856
169.028	296.885	89.116	177.758
166.342	287.056	91.656	189.179
166.116	279.101	90.182	198.517
162.777	274.223	93.720	204.170
159.624	269.210	96.801	209.109
155.997	265.350	99.325	213.678
149.992	259.940	102.808	218.124
147.799	253.951	101.983	226.106
145.245	248.022	102.506	232.978
144.334	243.395	100.935	237.605
146.556	240.098	97.661	240.340
147.125	236.830	100.087	244.001
152.988	226.489	100.941	251.957
156.020	221.156	104.059	255.521
158.227	214.372	106.808	259.363
159.024	209.381	110.568	263.678
158.968	203.146	112.087	270.836
158.508	196.380	111.377	278.316
157.897	193.656	111.836	282.310
157.944	186.512	110.836	290.293
158.134	180.626	110.012	296.898
159.256	172.618	112.319	304.089
158.284	158.419	113.497	320.910
151.272	152.519	122.115	323.456
132.979	148.164	139.108	329.586
120.574	146.536	144.152	328.396
111.991	144.798	145.900	330.380
97.994	138.384	153.134	338.256
87.733	130.979	131.662	342.401
80.404	127.174	115.141	349.568
79.808	137.028	116.918	343.781
78.472	145.078	116.737	335.922
77.639	154.167	118.843	324.984
80.716	157.525	121.496	319.632
82.539	163.674	126.267	311.379
85.848	174.996	130.216	299.543
88.315	186.210	131.185	292.910
89.307	202.151	132.452	277.920
90.795	208.375	124.877	271.674
90.975	213.859	126.625	265.097
94.609	219.624	122.915	259.852
101.474	229.556	121.967	248.755
110.733	247.809	124.098	232.679
121.350	261.531	125.843	216.704
141.273	279.962	126.803	197.770
164.924	286.958	123.613	187.809
175.424	281.402	125.146	192.533
178.746	274.758	131.711	201.107
184.540	268.056	141.589	206.604
186.538	268.379	147.221	212.621
187.624	264.499	148.527	210.548
184.495	268.417	140.322	212.583
184.029	258.592	134.290	216.958
185.728	261.672	127.806	211.062
191.008	262.994	122.478	213.489
198.213	265.043	123.573	212.215
206.515	265.994	125.974	211.796
213.561	266.341	130.475	208.631
224.248	259.501	128.747	214.512
232.255	253.906	129.985	221.712
236.686	253.808	132.750	220.067
241.031	255.930	133.392	218.837
246.031	265.146	132.596	207.534
249.567	278.202	131.024	194.196
253.488	286.384	124.269	188.786
257.744	286.751	122.075	189.199
257.282	286.346	124.965	186.920
258.214	286.793	121.330	186.511
258.198	285.314	118.377	187.647
257.199	272.565	123.138	198.766
256.867	270.680	136.941	203.421
258.941	268.554	142.410	203.815
262.733	269.253	141.611	203.381
