435.000	127.000	15.000	38.000
433.858	133.866	17.023	38.767
434.044	139.103	16.531	38.257
433.702	145.368	16.857	36.835
432.640	152.091	16.995	36.809
431.937	151.771	17.588	36.844
431.009	145.929	18.105	38.613
430.120	142.850	17.980	37.899
429.419	139.201	18.347	37.695
428.723	136.447	18.395	38.896
427.781	132.122	19.058	38.473
427.080	128.629	18.766	39.237
426.432	125.263	19.292	39.353
425.144	121.144	19.868	38.049
424.327	119.287	19.903	37.450
422.842	121.336	20.987	37.039
421.613	129.276	21.072	38.485
419.686	133.535	21.938	38.685
417.344	140.517	23.736	35.944
415.495	146.380	23.464	38.855
413.478	149.396	24.555	38.554
410.177	160.593	26.812	37.129
408.780	164.233	27.276	38.049
405.668	169.695	27.781	37.693
401.670	172.520	30.059	36.714
399.312	174.131	30.459	35.378
395.064	176.246	30.774	34.501
392.883	175.768	32.351	35.813
389.469	175.698	33.552	37.139
386.907	177.222	34.499	36.287
383.518	179.008	31.542	35.462
380.676	179.558	33.048	34.566
377.383	180.229	33.665	34.266
373.849	181.029	33.535	35.323
371.300	181.109	34.248	36.105
368.381	181.992	34.365	36.050
365.295	183.261	32.945	34.985
362.947	183.762	33.208	34.694
360.423	184.762	33.448	34.622
356.589	184.471	33.470	35.046
354.199	184.912	34.006	35.971
351.115	185.368	33.372	36.496
349.141	186.186	32.678	35.841
346.274	187.233	32.531	35.121
342.442	187.507	32.736	35.607
340.683	187.389	32.581	36.412
337.352	189.740	33.317	35.116
334.679	189.912	33.733	36.201
332.593	190.212	34.573	36.460
329.506	191.047	33.609	36.171
326.544	191.967	34.202	35.806
324.181	192.399	34.436	35.983
321.092	193.327	35.398	36.076
318.145	193.224	36.344	37.453
316.139	193.975	36.484	37.450
311.666	195.857	36.216	36.094
309.588	196.803	36.354	35.412
306.681	196.409	36.095	35.990
302.862	197.707	36.419	36.660
300.451	197.956	37.024	36.362
298.167	198.236	37.489	37.215
295.314	199.294	37.609	37.078
293.462	199.674	36.646	37.545
290.211	201.696	35.370	35.895
287.587	202.192	36.016	35.777
284.884	203.163	35.911	35.787
282.592	203.261	35.763	37.205
280.168	203.856	37.195	37.093
278.365	204.932	34.917	37.046
275.660	205.284	34.835	37.452
272.055	206.384	35.356	36.778
269.117	207.150	34.985	37.486
266.614	208.255	35.187	37.322
263.365	208.412	36.425	38.035
261.056	208.826	36.050	38.424
258.112	209.769	35.446	37.734
254.419	210.966	36.651	36.931
252.025	211.240	36.928	37.300
256.168	211.693	39.343	37.836
260.273	212.243	39.375	38.819
263.244	212.557	38.375	38.740
270.950	214.385	39.112	37.803
274.559	214.954	38.117	37.280
279.691	215.470	36.961	36.894
282.921	216.199	37.573	36.588
287.978	216.783	40.237	38.298
292.837	217.154	41.305	39.253
297.963	218.357	39.500	38.908
306.285	220.257	39.069	36.247
308.821	220.243	39.253	37.046
312.851	220.573	38.418	37.845
316.509	220.691	37.825	38.491
322.355	221.918	39.183	38.788
324.188	222.813	39.989	38.171
329.821	224.408	40.960	37.357
333.372	224.701	41.158	36.658
337.903	223.583	43.049	39.272
340.911	224.597	43.211	40.132
348.286	226.013	44.717	39.589
350.109	226.622	44.603	38.901
353.949	227.415	42.749	38.106
358.251	227.900	45.741	38.094
361.502	228.094	44.568	39.265
365.421	228.603	43.750	39.871
368.871	229.440	46.388	40.200
372.606	230.099	46.077	40.112
377.942	230.710	44.471	39.694
381.031	232.263	44.586	38.449
385.243	232.565	44.921	37.816
389.479	232.646	46.286	41.038
392.190	233.404	44.679	41.467
396.942	233.827	44.563	41.681
401.066	234.315	44.618	41.826
404.406	235.103	43.120	41.207
409.814	236.684	43.969	40.582
412.684	236.998	44.308	41.184
418.419	238.122	43.596	42.788
421.284	239.102	43.077	41.868
425.847	240.103	43.255	41.563
430.222	240.913	40.929	41.897
432.770	241.887	42.482	41.410
435.475	242.279	42.399	41.731
441.392	243.045	41.256	42.785
444.747	244.215	41.183	43.223
446.575	244.621	42.879	43.131
452.399	247.155	43.572	41.989
454.685	248.143	43.202	41.459
458.381	247.564	42.953	42.422
460.519	249.498	45.589	42.878
463.478	250.078	45.478	43.698
468.872	251.043	46.444	43.564
471.560	251.890	45.309	41.863
469.086	253.451	45.341	42.233
465.547	253.771	45.065	42.041
457.953	254.350	46.457	42.567
456.303	255.549	44.766	43.761
451.004	256.797	46.832	43.754
445.810	257.741	46.349	43.379
443.104	258.413	45.959	43.616
438.683	258.101	46.970	44.327
432.490	258.451	48.126	44.855
429.439	258.884	47.090	45.791
424.006	260.081	46.190	47.177
422.819	260.700	44.499	47.358
421.164	261.693	41.635	46.895
417.546	262.644	41.306	46.389
415.501	263.208	39.780	44.767
413.160	263.926	36.722	44.276
414.736	264.197	29.985	43.873
413.211	263.672	28.486	44.188
402.808	264.435	32.765	43.591
395.336	262.987	36.839	47.753
376.316	264.047	43.403	47.979
372.064	272.413	39.545	43.346
368.277	276.623	36.357	40.334
363.682	279.165	34.168	39.338
360.634	280.464	35.741	37.986
356.811	280.204	38.667	37.861
352.222	281.539	40.741	38.504
350.239	279.870	43.026	40.016
346.579	280.070	45.345	41.843
343.527	277.141	46.912	47.270
341.929	276.190	46.248	48.333
340.818	277.691	43.572	45.517
341.037	277.664	47.038	46.903
340.141	277.364	51.254	49.243
341.729	279.389	51.431	47.747
345.177	279.539	53.155	48.887
347.983	280.066	54.465	49.737
350.675	281.943	54.205	48.438
355.274	283.552	55.920	47.543
356.807	284.163	57.095	48.143
359.855	291.128	49.501	42.277
362.919	289.521	52.701	45.757
364.659	287.910	55.186	47.958
367.732	286.137	54.384	49.937
370.213	286.602	54.388	49.914
372.045	290.029	56.138	46.401
374.754	290.794	56.988	47.104
377.647	290.474	54.528	49.657
379.130	290.701	55.192	49.960
381.621	290.960	56.152	50.009
384.805	291.451	54.275	50.585
386.847	292.141	53.965	50.132
389.626	294.205	53.294	47.485
393.679	294.082	51.943	50.896
396.428	294.706	50.644	52.255
400.631	296.194	48.256	50.525
403.648	298.380	48.826	48.414
405.659	298.528	48.980	50.050
407.744	302.002	49.620	47.546
409.988	303.225	50.908	48.813
411.999	302.816	50.819	51.171
415.996	303.036	49.935	51.835
418.067	301.978	51.610	54.304
420.063	304.280	51.169	53.706
423.895	308.408	51.589	49.698
426.287	309.148	51.443	49.747
427.565	308.713	51.137	51.321
431.249	309.326	50.014	53.013
433.748	311.195	49.884	52.025
435.008	313.557	49.170	50.994
437.336	317.107	52.695	48.193
438.673	317.990	54.028	48.737
440.184	317.105	52.888	49.925
441.368	317.352	54.708	52.759
442.938	318.665	55.537	50.140
444.476	321.444	55.610	47.384
445.025	322.723	57.212	46.364
447.000	323.236	58.941	47.936
449.406	322.626	57.073	49.661
450.447	322.679	55.905	51.645
451.829	324.287	59.047	50.718
453.277	325.157	58.997	51.302
454.909	326.698	60.374	52.223
455.991	327.858	62.189	51.110
459.058	328.101	59.223	53.890
460.216	329.215	58.887	54.713
461.796	331.309	59.953	51.092
463.341	332.966	59.678	50.912
464.475	334.114	59.817	51.022
465.110	334.929	61.644	51.094
467.256	333.929	60.860	54.684
469.093	334.962	60.017	55.672
471.299	335.833	59.877	54.382
471.986	337.597	60.783	54.045
474.599	339.651	60.330	54.140
476.988	340.630	61.233	53.097
477.349	341.012	60.126	55.193
478.955	341.683	60.195	56.575
480.648	343.809	60.155	54.267
480.810	345.477	60.337	53.155
481.554	347.654	60.939	52.592
483.032	349.059	62.992	52.351
483.622	349.123	62.020	52.757
482.839	349.347	61.297	52.786
484.790	351.187	61.966	50.091
485.786	352.938	61.343	50.065
486.027	355.723	62.990	49.212
487.364	356.069	63.079	48.446
488.240	354.315	61.907	53.618
487.731	355.616	63.455	53.812
487.124	356.421	65.260	51.987
488.324	356.884	63.569	53.742
487.259	358.238	65.683	53.047
486.373	359.218	66.751	52.120
486.763	358.576	65.980	53.427
486.796	359.334	66.961	53.670
486.823	361.035	67.809	52.487
486.581	362.306	67.544	52.044
486.510	363.565	69.063	51.774
476.488	362.933	70.072	53.660
468.118	365.138	69.159	52.451
462.517	365.296	69.374	52.592
451.460	366.722	69.537	52.893
447.762	369.430	67.389	49.957
437.024	370.347	70.840	50.533
430.284	370.286	70.936	49.995
418.442	371.155	66.437	51.456
412.441	371.007	69.547	51.958
400.653	372.596	67.459	51.696
396.097	374.042	67.100	51.065
384.286	373.834	68.893	50.981
376.938	374.443	68.529	51.424
366.161	374.409	68.677	53.846
359.211	375.258	69.535	53.485
352.312	376.450	68.826	53.049
342.836	377.318	72.132	52.412
335.369	377.047	74.249	52.929
324.461	377.131	68.833	54.882
316.427	376.843	70.906	55.998
309.305	377.155	71.740	57.360
298.710	379.850	71.507	54.847
290.948	381.369	73.415	54.660
278.471	380.724	75.063	53.471
270.435	377.710	75.387	53.695
264.730	373.155	73.630	56.778
256.240	369.723	70.229	54.000
249.770	367.018	69.737	53.285
237.794	361.039	73.094	53.012
231.028	357.070	71.167	54.455
221.393	352.451	71.039	55.911
210.280	347.032	74.740	56.166
203.925	343.116	70.504	58.342
190.732	340.237	71.607	53.723
184.824	337.614	72.053	53.693
172.936	328.744	68.811	56.208
165.979	326.172	69.643	55.161
156.445	323.588	73.833	56.104
145.148	321.066	70.759	55.141
137.268	322.355	73.056	54.449
124.729	323.054	75.833	54.249
117.364	322.761	75.344	55.745
110.476	322.359	73.851	55.847
98.278	322.806	75.332	57.064
94.703	325.299	70.597	56.922
79.504	329.379	75.883	53.065
71.882	330.316	76.586	52.773
63.823	329.085	75.130	55.098
61.922	328.581	73.362	56.949
61.273	329.183	73.744	57.388
58.334	330.116	75.962	54.674
57.314	333.119	76.970	53.323
55.417	332.868	74.897	53.929
55.408	332.395	72.875	55.213
53.246	333.837	73.976	54.856
51.716	334.610	73.678	55.017
49.202	335.914	74.989	53.031
49.480	336.176	75.507	53.329
43.907	336.059	78.485	53.742
45.580	335.259	72.235	55.803
46.466	335.964	72.633	55.619
44.453	336.206	71.466	55.844
40.403	337.501	74.759	53.060
41.926	338.824	74.857	52.624
40.052	337.236	72.380	53.986
37.795	337.037	70.961	55.301
36.656	337.003	72.360	56.755
35.296	338.227	70.663	55.386
31.874	339.367	72.904	54.475
29.700	340.226	76.065	54.673
28.412	339.993	74.280	55.305
27.398	340.981	72.896	55.240
25.187	342.053	73.187	56.537
23.517	343.274	73.450	54.622
24.193	343.712	73.879	53.857
21.041	343.974	74.594	53.408
20.070	344.192	71.674	53.409
18.116	344.648	72.826	53.404
15.306	344.883	75.182	54.078
12.643	346.130	76.039	51.921
13.326	346.860	76.351	50.888
11.529	346.718	77.239	51.285
8.954	345.838	76.750	51.572
8.056	345.152	76.820	52.107
9.582	343.575	76.086	53.429
7.217	344.718	76.994	51.465
6.309	345.158	77.094	50.347
5.061	345.197	80.101	49.088
4.418	345.268	78.884	49.062
5.403	343.412	74.503	51.198
5.272	343.102	76.121	51.206
4.924	342.851	75.782	50.466
4.792	342.326	75.166	50.374
4.377	342.960	76.135	49.302
6.255	341.541	73.389	51.037
5.497	340.191	72.457	52.947
