248.000	135.000	56.000	61.000
253.695	133.258	55.512	64.870
256.053	133.154	57.418	65.194
258.454	132.566	55.583	66.086
259.840	132.647	56.642	65.999
261.855	132.924	56.796	65.794
262.669	133.146	57.459	65.605
263.345	133.427	60.573	65.489
265.662	133.692	61.809	64.920
266.020	133.238	63.724	65.001
267.259	132.722	63.535	65.824
268.569	132.711	63.216	65.562
268.578	132.841	63.483	65.096
268.250	132.897	65.931	65.085
267.187	133.119	70.347	63.981
267.226	132.862	71.589	64.814
270.573	132.249	74.290	66.042
275.028	132.657	69.933	65.280
281.717	133.174	66.884	64.582
285.003	132.644	65.113	64.821
286.661	133.823	64.325	63.306
287.813	133.775	65.613	63.159
288.780	133.400	65.135	62.928
293.404	133.108	63.356	62.627
292.358	133.185	64.292	61.650
294.196	132.933	65.109	62.531
295.333	132.977	64.337	62.494
295.826	132.896	64.741	61.766
297.417	132.394	64.189	62.541
298.540	132.680	64.518	62.104
298.992	132.478	63.951	62.780
299.156	132.352	64.000	62.454
299.548	132.478	63.780	61.565
300.290	131.892	63.498	62.767
301.033	131.977	63.124	63.569
303.248	129.710	60.032	67.462
303.068	131.314	61.284	64.883
303.919	132.144	61.824	63.798
304.053	131.798	61.933	64.780
303.936	131.629	62.048	64.445
303.580	131.543	63.406	64.928
303.283	130.987	63.273	65.126
303.936	131.521	62.247	64.465
303.839	132.014	62.392	64.060
303.156	130.529	62.584	65.842
303.556	130.877	60.690	65.848
305.140	128.197	56.953	69.313
307.852	123.808	52.851	75.057
307.659	124.880	53.238	73.232
311.971	125.596	50.896	72.409
316.078	125.678	48.391	73.054
313.840	125.064	53.392	73.610
344.746	123.505	35.152	69.979
301.221	132.590	54.482	65.174
300.677	132.161	54.720	66.394
300.746	133.003	55.422	66.003
299.697	132.748	57.076	65.053
298.723	132.998	58.810	64.694
298.481	132.883	58.336	65.568
297.457	132.512	59.243	64.238
296.952	132.407	58.978	66.246
295.867	132.380	60.029	65.109
294.601	133.224	60.950	64.654
293.015	131.892	62.644	64.872
291.720	132.145	64.013	65.017
291.923	131.971	62.431	65.842
292.065	131.943	61.913	65.938
291.983	131.714	61.836	65.447
292.337	131.871	62.901	65.227
293.006	132.222	62.987	64.299
295.154	131.915	62.993	64.918
295.846	131.877	63.803	65.076
296.994	131.359	62.649	64.882
299.466	131.068	61.686	64.665
300.831	130.516	62.729	65.758
304.068	130.769	60.945	65.518
306.632	130.954	60.284	65.320
310.041	130.254	57.497	65.928
313.495	129.066	55.918	67.084
316.460	131.602	57.984	65.159
316.773	131.110	62.479	65.257
319.436	131.331	63.829	64.863
324.182	130.048	63.628	66.867
327.265	127.344	63.915	69.047
328.117	125.358	65.730	70.906
328.625	124.110	66.560	72.169
332.870	124.523	65.911	71.343
338.483	128.632	65.640	67.780
342.142	130.101	65.282	66.357
345.067	130.582	66.546	65.857
348.352	133.460	66.340	62.719
353.338	135.255	64.868	61.251
359.423	135.871	64.090	60.539
363.614	135.179	64.437	61.586
370.667	133.428	61.574	64.349
376.191	131.801	59.053	65.778
382.299	132.934	57.591	65.320
388.830	133.384	52.903	65.432
394.359	132.955	51.962	64.959
400.071	133.389	46.454	65.000
402.882	134.089	43.512	64.529
405.493	133.346	41.820	64.969
408.839	132.768	39.919	65.297
412.146	132.155	39.186	65.831
413.920	133.037	41.467	67.881
416.855	133.583	38.830	67.711
420.373	133.275	35.910	67.841
422.361	133.923	38.501	69.235
424.680	135.397	40.046	68.639
426.880	135.121	35.703	71.042
428.210	134.180	38.937	70.179
431.101	137.479	35.356	65.802
435.035	138.493	32.014	68.056
436.681	140.076	33.834	70.196
439.788	141.325	30.919	70.384
440.170	142.099	30.047	68.971
440.464	143.353	29.770	69.393
441.274	144.508	29.877	68.340
441.312	145.638	30.253	69.093
441.205	145.099	32.553	70.306
442.514	145.923	33.913	69.086
444.903	145.729	34.796	69.397
444.712	148.106	35.419	69.254
447.042	147.066	32.966	68.920
448.420	151.071	34.953	63.995
447.058	152.165	36.357	65.684
447.804	150.333	35.737	66.796
449.260	146.298	37.270	70.820
449.918	148.290	38.696	69.207
449.055	147.002	39.344	71.811
450.446	150.050	39.895	69.456
450.717	151.488	38.965	70.589
455.791	151.215	36.119	71.887
456.344	150.991	36.265	71.774
456.677	153.466	38.789	71.543
460.033	152.984	34.353	76.658
459.199	155.578	39.679	74.843
462.116	156.776	37.491	77.850
463.627	157.592	38.650	76.191
463.146	158.023	38.342	75.776
463.238	159.371	41.278	74.451
467.485	160.059	40.533	71.812
467.895	159.817	42.803	68.221
470.400	161.685	42.364	72.119
475.918	163.379	40.204	73.334
480.723	160.091	40.690	78.048
484.302	162.076	40.687	72.634
469.065	148.886	55.988	87.353
488.097	154.751	44.703	85.105
472.253	147.783	53.850	87.322
491.515	159.379	46.537	91.043
493.184	163.356	50.217	84.699
488.853	152.416	49.166	91.745
492.518	154.083	53.196	92.974
496.224	151.148	49.488	93.263
502.079	153.263	46.251	89.745
511.511	155.714	50.046	93.628
515.583	155.306	50.234	89.709
517.658	167.297	50.345	87.143
521.647	168.181	56.259	83.894
523.142	166.655	49.114	82.190
529.737	161.906	51.067	86.241
529.652	165.332	43.094	89.563
531.105	168.693	42.711	82.688
529.322	170.585	42.013	82.865
508.320	169.103	57.969	86.090
489.967	171.733	53.565	91.527
462.286	168.822	64.534	97.659
444.665	169.395	76.160	90.679
454.143	168.539	53.791	103.047
508.881	212.056	55.280	92.689
496.633	219.198	50.147	96.692
477.690	221.957	59.280	99.541
469.168	220.947	48.567	103.706
445.133	221.159	57.557	105.676
430.593	223.595	53.799	104.685
419.371	223.889	51.053	103.064
397.034	223.015	57.722	103.651
384.280	224.388	54.334	109.683
363.388	221.271	58.383	105.334
355.266	227.136	48.637	96.545
234.014	190.672	37.873	82.355
227.464	189.961	46.809	82.381
229.531	190.316	42.817	89.510
230.237	190.777	42.549	88.797
230.259	191.625	45.090	84.134
233.708	193.318	40.940	79.738
235.106	194.078	39.694	76.110
239.473	194.686	40.428	76.876
238.346	195.278	42.464	78.267
242.308	195.189	44.314	78.887
245.449	195.572	45.882	82.510
249.050	197.197	47.244	80.337
246.735	195.983	50.771	76.408
252.836	197.568	47.995	77.751
254.395	198.488	47.451	78.894
258.506	195.945	49.163	78.597
264.394	197.224	46.096	76.239
266.893	196.194	43.760	76.344
273.614	197.993	39.546	69.969
277.303	200.029	39.298	80.366
278.308	201.549	40.299	82.556
279.138	203.722	43.004	80.543
281.027	203.107	42.363	88.163
282.517	201.940	44.083	94.738
282.873	203.637	44.671	101.460
284.668	205.421	44.708	100.998
290.419	205.328	41.767	97.284
293.149	207.876	43.254	94.155
296.704	210.098	44.337	100.615
303.645	207.640	47.024	94.969
306.973	208.967	44.873	97.851
310.601	212.491	47.988	93.665
316.216	213.027	46.488	95.818
320.894	213.881	45.671	97.825
323.026	213.558	45.016	97.264
325.096	213.470	46.310	92.422
329.373	214.693	47.802	88.731
337.040	215.102	53.019	93.264
343.306	214.332	47.580	90.783
352.877	216.876	65.183	95.375
331.803	216.392	76.717	99.819
315.759	217.239	82.408	100.662
288.211	217.948	87.279	103.873
286.054	216.942	88.410	102.505
293.369	218.073	87.668	105.297
297.699	217.276	90.525	106.233
311.635	218.233	86.676	106.224
322.379	219.174	82.944	104.851
339.453	220.537	97.352	105.520
351.368	219.706	96.563	106.199
363.620	221.561	96.369	105.378
373.009	222.784	99.115	104.023
380.411	223.611	99.535	103.499
387.449	223.854	100.265	104.144
395.471	223.823	100.652	104.501
398.568	223.078	102.697	105.938
406.345	223.346	101.723	106.033
413.019	224.087	102.400	105.080
423.700	224.482	102.064	104.640
431.708	224.558	100.671	104.051
438.306	225.839	102.081	102.970
442.790	226.373	99.211	102.856
451.618	227.658	97.672	102.607
459.546	228.105	97.560	102.839
462.361	229.679	100.245	101.353
470.660	230.314	97.528	101.730
480.663	230.888	95.362	102.354
483.114	231.583	96.414	101.402
