173.000	109.000	30.000	29.000
172.946	110.011	29.756	27.713
173.337	110.236	29.427	27.601
173.203	110.247	30.134	27.586
173.382	110.181	29.540	27.713
173.247	110.344	29.577	27.493
173.137	110.247	29.951	27.487
173.397	110.218	29.525	27.648
173.337	110.379	29.349	27.428
173.560	110.203	29.144	27.480
173.590	110.240	29.036	27.804
173.545	110.185	29.178	27.699
173.264	110.402	29.772	27.296
173.863	110.308	29.203	27.703
173.889	110.152	29.093	27.907
173.829	110.209	28.981	27.694
173.516	110.348	29.091	27.522
173.516	110.420	29.346	27.566
173.824	110.379	29.287	27.468
174.186	110.276	28.912	27.666
174.548	110.203	28.921	27.638
174.036	110.348	29.532	27.798
174.171	110.397	29.130	27.628
173.844	110.384	29.810	27.616
173.835	110.379	29.657	27.428
173.963	110.266	29.489	27.808
173.912	110.379	29.638	27.529
173.799	110.486	29.574	27.408
173.934	110.509	29.559	27.508
174.450	110.360	28.863	27.771
174.232	110.402	29.492	27.715
174.292	110.509	29.355	27.651
174.436	110.190	28.957	27.713
174.456	110.294	29.287	27.793
174.919	110.114	28.929	27.945
175.112	110.330	28.928	27.598
175.590	110.203	28.652	27.928
175.545	110.057	28.945	28.016
174.960	110.152	29.511	27.822
175.231	109.850	29.299	28.249
174.988	109.961	29.835	27.918
175.095	110.035	29.689	27.946
175.095	109.887	29.748	28.153
175.186	109.642	29.756	28.471
175.038	108.841	30.182	29.293
174.769	108.334	30.342	30.116
174.877	107.739	30.547	31.259
176.327	106.534	29.103	33.307
176.577	105.713	28.856	34.079
177.001	105.332	28.678	34.714
176.764	104.909	28.821	35.270
177.029	104.044	28.430	35.891
176.354	103.551	29.024	36.320
175.970	102.072	28.883	37.554
175.834	100.604	28.875	39.130
175.344	99.775	29.121	39.955
175.015	98.587	29.054	41.087
174.790	97.862	28.886	42.263
175.069	96.149	27.877	43.669
175.274	95.398	28.368	44.267
175.162	94.286	28.173	45.468
174.765	93.865	28.153	45.337
175.460	93.647	27.716	46.119
175.506	93.142	27.489	46.514
176.103	92.431	26.542	47.163
176.006	91.972	25.740	47.100
175.793	91.344	25.458	47.977
175.408	91.656	25.398	47.835
175.361	91.409	24.449	47.450
175.268	91.001	22.613	47.613
175.063	90.650	22.022	47.405
174.407	90.440	21.743	47.715
173.950	90.726	21.754	47.138
173.933	90.614	21.607	47.508
172.383	90.857	21.796	46.975
172.613	90.135	20.772	45.899
171.318	90.798	20.941	43.370
170.477	90.396	21.643	41.851
169.184	90.630	22.328	38.555
168.776	89.649	20.889	35.077
168.515	90.069	20.378	35.835
167.120	89.492	21.219	37.422
166.143	89.200	22.035	36.030
166.183	88.842	21.222	33.333
165.811	89.133	21.091	36.775
165.436	88.842	21.228	40.161
164.915	88.469	21.509	45.652
164.807	88.589	21.054	44.522
164.922	88.888	21.057	45.212
163.837	88.668	21.549	44.974
163.397	88.397	21.186	46.978
163.093	88.047	21.167	45.653
162.455	87.784	20.994	43.500
161.226	88.719	21.825	43.418
159.293	88.218	22.682	46.079
157.846	87.571	23.513	45.569
157.511	87.506	23.216	45.757
157.055	87.805	23.635	46.285
156.426	87.711	23.345	46.279
156.553	87.906	22.974	48.300
156.151	87.793	23.031	48.727
156.759	87.956	22.456	49.353
156.797	88.143	22.946	47.428
156.878	87.473	22.418	48.878
157.148	87.535	22.626	48.118
157.794	88.033	23.180	47.260
157.878	88.106	22.874	47.178
158.141	88.282	22.638	47.534
157.633	89.185	23.811	46.510
156.433	89.758	24.428	46.280
155.888	90.269	24.691	45.638
155.837	91.054	24.272	44.022
155.955	91.631	23.352	42.720
155.641	93.313	22.731	40.806
155.238	94.500	22.759	39.440
154.972	96.745	21.455	37.082
155.168	98.095	22.080	34.778
154.973	98.845	21.352	34.429
154.680	99.889	21.091	33.687
154.359	100.689	21.867	33.624
153.970	101.182	21.959	32.507
153.898	101.168	22.092	32.716
153.811	101.489	22.304	32.422
153.762	101.416	21.827	32.223
153.569	101.556	21.994	33.017
153.210	101.640	22.243	33.113
153.932	101.264	21.590	32.960
153.549	101.416	21.534	32.116
153.343	101.649	22.160	32.045
153.560	101.649	22.037	32.281
153.389	101.585	22.364	32.552
153.709	101.652	21.808	32.019
153.474	101.880	22.081	31.342
153.772	102.061	21.943	31.904
153.758	102.014	22.051	31.477
153.579	102.187	22.528	32.234
153.412	102.292	22.204	31.436
153.664	102.273	21.960	31.158
153.454	102.274	22.074	30.954
153.661	102.016	22.112	32.580
153.730	102.368	22.446	32.101
153.039	102.175	23.020	32.062
153.260	101.913	26.245	33.106
153.689	102.414	26.103	32.089
149.783	102.491	26.218	30.814
146.117	102.121	30.209	34.474
149.268	102.237	27.433	34.633
152.986	102.234	24.179	33.393
153.249	102.313	23.484	31.990
153.754	102.263	22.918	32.737
153.697	102.126	23.271	32.316
153.438	102.234	23.030	32.293
153.394	102.380	23.074	31.700
153.725	102.241	22.130	31.756
154.085	102.371	21.987	32.755
153.562	102.439	22.158	31.986
153.450	102.628	22.161	32.035
153.956	102.649	21.903	32.139
153.637	102.735	22.524	32.053
153.322	102.607	22.465	31.545
153.555	102.756	22.292	31.502
153.462	102.628	22.121	31.723
153.431	102.735	22.794	31.943
153.702	102.540	22.661	31.612
176.589	101.298	28.569	28.487
199.061	103.643	23.367	29.783
240.151	100.929	23.822	25.193
271.265	100.714	26.045	33.398
271.950	98.970	25.655	33.028
271.072	99.650	25.329	33.702
271.085	99.265	24.622	35.155
271.809	100.108	24.651	33.603
271.506	100.390	23.502	34.261
270.712	99.398	24.069	34.315
270.676	100.110	23.795	33.922
270.941	99.488	23.159	34.546
271.112	100.449	23.014	32.963
271.487	100.092	22.634	34.185
271.142	99.813	23.173	33.765
271.209	100.551	23.447	33.284
270.790	100.034	23.064	33.576
271.461	100.399	22.419	33.260
271.261	99.836	23.005	34.145
271.471	100.378	22.418	33.341
271.096	100.467	23.076	33.546
271.217	100.034	22.417	32.841
271.561	100.380	22.317	33.340
270.989	99.941	23.128	34.418
271.162	100.245	22.814	33.231
271.039	100.201	22.904	32.941
270.516	100.134	22.689	32.527
270.921	100.248	22.636	33.276
271.010	100.264	22.544	33.376
270.917	99.576	22.541	34.899
271.105	99.970	22.551	33.932
270.807	99.778	23.151	33.832
270.738	100.114	23.266	33.472
270.967	99.731	22.808	33.750
271.147	99.482	22.772	34.210
270.437	99.685	23.340	33.735
271.047	99.663	22.730	33.463
270.917	99.476	22.393	33.699
271.108	99.933	22.473	33.535
271.224	99.774	22.293	34.040
271.336	99.601	22.156	34.287
270.891	99.434	22.326	34.454
271.266	99.594	22.278	33.843
270.802	99.088	22.273	34.314
271.174	99.172	22.268	34.497
271.435	99.163	21.717	34.274
270.850	98.993	22.179	34.133
270.695	98.790	22.595	34.644
271.065	100.774	22.617	37.982
271.600	106.020	22.456	34.928
270.912	106.081	22.285	33.961
271.422	105.981	22.186	34.986
270.568	105.756	22.694	34.321
271.331	106.117	22.498	34.795
270.738	105.972	22.630	33.991
270.638	105.849	23.086	34.729
270.370	105.877	23.062	34.795
270.486	105.813	23.031	34.785
270.723	105.716	22.650	35.491
270.457	105.837	22.854	34.594
270.409	105.548	22.648	34.762
270.318	105.854	22.834	34.801
270.292	105.666	22.915	34.685
270.596	105.277	22.386	35.427
270.292	105.413	22.887	34.780
270.538	105.807	22.951	34.984
270.596	105.915	22.649	35.406
270.801	109.457	23.407	35.859
271.254	111.816	22.679	35.509
271.196	112.017	21.897	33.955
