503.000	142.000	19.000	36.000
503.578	142.983	17.051	37.882
503.412	141.263	16.621	38.865
504.291	142.934	16.001	37.928
503.319	141.752	16.451	38.567
503.412	141.385	16.257	39.559
502.946	142.431	16.636	39.023
503.060	140.269	16.410	39.508
503.240	141.871	16.335	38.417
503.302	141.399	16.421	37.310
502.568	141.096	16.593	37.891
502.258	141.812	17.268	38.294
502.208	141.782	17.283	37.231
501.261	141.733	16.901	37.565
501.196	141.130	16.835	39.419
500.355	141.097	16.522	38.078
500.314	141.565	16.842	38.889
499.202	140.988	17.557	38.678
499.369	140.977	17.413	39.479
499.287	140.995	17.420	39.741
498.774	140.700	17.470	38.877
498.910	141.685	17.199	38.392
498.465	141.125	17.492	38.179
498.959	141.628	16.532	38.872
497.846	140.599	17.014	39.930
498.066	140.288	17.611	38.656
498.159	140.662	17.014	38.596
497.736	140.193	16.865	37.940
497.178	140.396	17.494	37.855
496.977	140.739	17.286	36.901
496.153	139.849	17.348	38.363
495.202	140.595	17.245	38.401
495.551	140.097	17.003	38.258
495.082	140.623	16.875	38.020
494.125	140.257	17.503	38.972
493.646	140.388	17.191	37.717
492.902	140.221	17.687	38.543
492.699	139.350	17.667	38.965
491.810	139.237	18.577	39.586
491.549	140.016	18.734	37.959
491.270	140.099	18.458	36.876
491.026	140.347	17.765	37.120
490.590	140.850	17.978	36.654
490.001	141.158	17.161	35.617
490.006	140.522	16.660	37.696
489.358	139.645	16.906	37.751
489.188	139.408	17.275	38.307
488.463	140.046	16.056	36.106
488.518	139.687	15.805	37.543
487.880	139.473	15.551	37.582
487.258	139.342	15.941	38.038
487.037	139.525	15.754	37.894
486.465	140.026	16.365	38.102
486.233	140.216	16.349	38.175
485.668	139.862	15.818	37.888
484.731	139.206	16.762	37.894
484.346	139.164	17.014	38.369
484.209	139.004	15.767	37.064
483.518	139.165	16.283	37.758
483.446	140.034	16.056	37.625
483.203	139.560	16.171	37.644
482.532	139.613	16.656	36.905
482.159	139.647	16.593	38.216
482.086	139.431	16.798	38.237
482.016	139.163	16.213	37.982
481.748	139.092	16.399	37.592
481.474	138.909	16.835	37.470
481.323	138.746	16.279	36.468
481.468	138.887	15.834	35.688
481.049	138.816	16.050	36.728
480.594	139.334	16.304	36.619
480.707	139.317	15.711	37.660
480.446	138.872	15.523	38.229
479.992	138.330	15.568	36.925
479.792	137.625	15.409	38.683
479.216	137.560	16.003	38.125
478.788	137.840	16.457	38.338
478.557	138.624	16.095	35.687
478.072	138.788	16.281	37.116
478.207	138.499	15.926	36.308
477.938	138.644	15.959	36.740
477.969	138.331	15.871	37.364
477.974	138.292	15.992	37.702
477.289	138.583	16.443	36.216
477.322	137.902	16.080	37.614
476.968	137.436	15.706	37.968
477.111	137.209	15.733	35.095
476.583	136.656	15.199	36.809
476.018	137.376	15.827	36.477
475.983	137.508	15.284	36.689
475.811	137.916	15.688	36.226
475.079	137.883	16.110	37.389
474.382	137.170	16.124	37.156
473.920	136.945	15.933	37.079
473.063	136.637	16.319	36.701
472.470	135.937	16.176	38.147
472.214	136.599	15.953	38.424
471.284	137.199	16.112	35.063
470.951	136.818	16.016	36.547
470.303	136.297	15.966	36.387
470.481	137.897	15.720	34.982
469.688	137.002	16.121	37.412
469.128	136.637	16.391	37.248
468.745	136.151	16.483	37.740
468.397	135.857	16.238	38.467
467.886	135.385	15.936	36.534
467.192	135.325	16.245	36.566
466.058	135.143	16.285	36.859
464.856	135.820	17.152	37.769
464.037	135.746	17.390	37.672
463.618	136.052	17.256	36.991
462.711	135.077	17.495	37.912
462.578	134.927	16.976	39.179
461.693	135.120	16.753	37.911
460.902	135.393	16.431	37.624
461.002	134.874	15.730	38.677
460.358	135.127	15.848	39.038
459.108	135.679	16.708	36.305
459.138	136.693	16.414	34.918
458.370	136.459	16.729	35.096
458.029	137.383	16.435	35.366
457.688	136.899	16.472	36.915
457.417	136.745	16.771	36.225
456.953	136.280	16.732	36.247
456.249	135.135	16.796	37.437
455.818	135.317	16.369	36.417
455.202	135.701	16.973	36.683
454.596	135.917	16.566	37.078
453.857	136.351	17.071	36.197
453.640	136.401	16.696	36.258
453.352	136.250	16.723	36.660
452.967	135.396	16.193	37.376
452.808	136.168	15.692	36.801
451.496	135.065	16.057	37.688
451.221	134.665	16.114	37.389
450.495	135.351	16.494	37.151
450.407	135.169	16.248	37.401
449.751	135.799	16.526	35.863
449.670	136.066	16.426	35.168
449.457	136.748	16.408	34.673
448.931	136.747	16.552	34.779
448.688	136.524	16.834	35.613
448.623	135.790	16.413	35.870
447.914	134.889	16.744	36.653
447.801	135.300	16.379	36.371
447.518	134.568	16.128	36.771
447.464	134.568	15.852	37.281
446.378	134.945	16.089	36.491
446.220	134.937	16.279	37.491
445.873	135.187	16.265	36.085
445.594	135.375	16.110	36.043
445.182	134.841	16.019	36.784
444.632	134.109	16.149	37.407
443.609	133.996	16.533	36.606
443.276	134.216	16.700	36.073
442.868	134.433	17.348	36.224
442.599	134.367	16.855	36.644
442.358	134.866	16.850	35.387
442.665	135.066	16.315	35.414
442.165	135.229	16.895	36.214
441.967	134.757	16.329	36.325
442.062	134.911	16.185	35.820
442.060	134.178	16.060	35.947
441.545	133.816	16.654	36.463
441.166	134.219	16.607	35.808
440.825	134.693	16.268	35.039
440.368	134.127	16.040	36.303
440.174	134.242	15.526	36.102
439.681	134.294	16.447	36.238
438.893	134.628	16.166	34.755
438.866	133.673	15.810	36.490
438.136	133.192	16.722	36.561
437.432	132.694	17.061	36.589
436.921	132.698	17.226	36.821
436.837	132.917	17.049	37.196
436.633	133.465	17.153	36.302
436.199	133.800	16.928	35.822
436.402	134.304	16.915	34.552
436.061	133.753	16.536	35.554
435.905	133.574	16.873	35.758
436.125	133.741	16.091	36.050
435.825	133.091	16.873	36.083
435.594	132.534	16.762	37.212
435.465	132.430	16.743	37.024
435.088	132.303	17.060	36.713
434.911	132.532	16.122	36.350
434.707	133.195	16.549	35.785
434.707	133.186	15.863	35.878
434.267	133.408	15.882	35.896
434.604	133.081	14.954	36.695
433.580	133.409	15.855	35.838
433.174	132.330	16.039	36.211
432.379	132.032	16.695	36.016
432.362	131.803	16.793	36.322
432.313	132.153	16.440	36.671
431.996	132.684	16.616	35.814
431.591	132.936	16.968	35.482
431.698	133.308	16.781	35.085
431.631	133.473	16.769	34.419
431.595	132.790	16.986	35.116
432.096	132.446	15.639	35.553
431.954	131.656	15.374	36.627
432.337	131.404	15.651	36.680
446.468	128.097	17.359	38.531
429.858	132.847	16.625	34.719
430.787	132.058	15.936	35.865
446.472	129.288	15.108	37.470
428.538	132.311	16.862	35.415
428.744	132.617	16.923	34.836
427.749	132.106	17.391	35.227
427.059	131.624	16.790	35.457
426.835	131.492	16.276	35.063
425.966	131.710	15.913	35.424
425.678	131.911	16.033	35.515
425.103	131.911	15.740	35.779
424.019	132.106	15.630	33.799
423.757	131.351	15.065	34.642
423.424	131.818	14.991	34.412
424.143	130.391	22.234	36.101
422.676	131.033	17.964	36.418
422.924	131.720	17.679	35.679
422.771	130.047	18.473	36.999
421.917	130.411	18.346	36.875
421.459	130.462	17.498	37.084
421.267	130.065	18.935	37.476
419.729	130.439	19.338	37.026
418.336	130.848	20.051	37.187
417.846	130.227	20.210	37.373
416.678	130.255	20.699	37.317
415.031	131.595	21.199	36.576
414.259	130.899	20.775	36.875
413.751	129.739	20.306	37.845
412.252	130.227	18.514	37.329
411.115	130.945	16.558	36.947
409.668	130.732	16.781	35.848
408.260	130.471	16.972	36.293
405.962	129.500	18.478	37.147
403.658	131.377	20.385	36.134
401.618	130.244	21.125	36.514
400.070	130.897	22.127	36.581
399.366	130.618	21.836	37.041
398.885	130.693	20.731	36.877
400.227	131.028	18.065	36.576
399.813	131.191	16.676	36.059
398.056	130.837	17.727	35.835
395.723	131.400	19.009	35.482
394.706	130.956	20.003	35.655
390.573	130.765	21.235	36.069
393.655	130.264	20.386	36.385
388.978	130.778	21.231	35.588
392.416	130.936	16.488	35.990
389.123	131.053	17.111	34.999
389.792	131.001	14.807	35.356
388.822	131.384	14.547	34.304
384.538	131.785	16.935	34.637
387.320	131.812	15.213	34.550
381.018	130.836	18.806	35.752
374.968	130.408	23.938	36.233
374.985	129.443	22.739	36.912
373.342	129.101	23.648	37.481
379.723	128.969	16.337	37.323
378.808	129.237	14.648	36.657
377.077	128.926	15.305	37.595
376.418	129.770	15.543	36.556
373.297	130.212	17.620	36.079
371.806	130.338	18.564	35.578
371.722	130.014	17.024	35.721
370.535	129.870	18.630	36.280
368.829	130.413	17.785	35.988
367.942	130.167	16.782	36.118
367.421	129.649	14.744	37.208
365.244	129.532	14.496	35.782
362.742	129.986	15.493	35.303
362.126	129.756	14.753	36.197
360.771	130.068	14.906	35.458
358.165	130.886	16.623	34.911
358.305	129.943	16.474	36.648
356.715	129.222	16.716	36.633
354.955	129.468	16.592	37.112
355.209	129.570	15.235	36.868
353.001	129.229	15.937	36.678
352.704	129.492	14.494	36.463
351.002	129.937	15.921	36.040
347.988	129.949	17.182	36.019
345.929	130.462	18.683	35.120
346.118	129.633	18.117	35.884
345.381	130.622	18.341	34.975
344.413	130.218	18.159	35.348
343.388	130.301	16.970	35.382
342.537	129.724	16.063	35.696
341.160	129.296	15.299	35.876
337.552	129.293	16.700	35.723
338.879	129.037	16.221	35.879
333.746	131.429	18.467	33.951
334.283	130.887	19.333	34.564
331.884	130.167	19.003	35.203
333.557	129.936	16.662	35.911
333.356	129.753	15.295	35.148
329.645	129.565	16.145	36.408
329.141	129.092	15.012	36.653
329.535	129.326	13.978	36.743
325.182	130.101	16.182	36.087
324.999	129.702	15.983	36.363
322.113	129.475	17.990	36.079
320.955	130.541	17.739	35.180
320.423	130.334	18.535	35.289
319.383	129.698	18.526	36.098
318.132	129.383	17.554	35.879
318.179	127.162	15.653	38.287
316.017	128.939	15.990	36.855
312.974	128.920	16.606	37.401
312.142	129.131	15.277	36.429
311.801	129.031	16.148	36.361
308.246	129.855	17.674	35.788
310.523	128.978	16.847	36.891
306.368	128.237	17.796	37.383
306.618	129.197	16.223	36.038
306.500	128.956	14.690	37.267
304.508	129.208	15.897	35.760
300.198	129.567	15.779	37.221
300.863	129.369	15.616	37.130
297.904	130.004	16.901	36.461
298.249	130.102	17.662	36.313
296.831	129.874	20.393	36.173
295.581	130.348	19.057	34.992
294.389	129.316	16.816	35.914
293.480	129.292	16.696	36.736
291.343	128.668	16.118	36.881
289.251	129.170	16.788	36.927
288.495	129.328	17.672	36.873
287.168	130.219	18.567	35.423
284.096	130.815	19.707	35.691
278.675	128.653	21.373	37.200
279.195	129.890	20.926	36.093
283.329	128.956	17.421	36.428
283.736	129.839	16.903	35.924
282.825	129.674	15.899	36.674
280.682	129.535	16.589	36.678
281.461	128.538	15.858	37.145
278.756	129.195	17.603	37.076
275.896	129.905	18.718	36.750
275.305	130.037	18.291	36.596
273.696	130.190	19.513	36.389
273.684	130.408	18.943	35.142
274.844	129.528	16.085	35.775
275.251	128.600	16.043	36.745
267.773	128.986	17.472	38.005
255.154	134.486	18.439	47.049
255.494	134.736	22.143	45.696
258.350	130.108	25.891	41.949
266.167	129.136	18.439	40.935
265.847	129.151	17.896	40.571
267.235	128.610	17.550	41.243
264.429	129.206	19.255	45.261
263.942	128.451	18.590	48.617
263.449	129.875	18.257	50.370
264.345	131.201	16.844	46.321
263.649	131.224	17.406	37.804
263.598	129.987	16.769	37.173
262.836	129.986	16.475	35.975
260.721	129.724	16.792	36.057
257.062	129.937	19.739	39.537
258.547	128.598	16.556	37.317
254.066	129.499	17.207	38.086
256.952	128.120	15.885	37.012
257.121	128.701	14.765	37.183
251.417	129.945	16.804	35.758
250.044	129.669	15.425	37.193
249.470	130.202	17.404	36.161
250.304	129.821	18.178	36.582
249.731	130.340	17.506	35.368
250.247	130.136	16.504	35.853
250.441	130.004	16.174	36.247
243.859	131.122	18.299	35.310
243.585	130.405	18.285	35.818
244.132	129.629	18.983	36.767
244.704	129.456	17.683	37.192
241.380	129.216	16.190	36.980
239.301	129.267	14.986	38.460
236.774	129.447	19.137	38.559
238.863	128.973	18.637	39.685
238.055	129.200	18.696	39.321
235.648	128.344	19.711	41.161
235.735	128.952	18.070	39.247
234.964	126.806	20.757	40.506
233.908	125.399	18.311	44.643
214.785	125.272	18.533	42.577
210.401	121.490	18.810	45.194
208.323	125.183	18.130	42.151
205.560	129.741	18.772	38.206
204.537	131.192	20.166	35.646
203.542	131.964	19.399	35.477
