598.000	321.000	31.000	87.000
595.863	317.395	31.038	94.595
592.621	318.088	32.299	90.373
590.510	319.336	33.578	86.856
588.622	320.935	35.469	84.663
586.584	320.628	35.523	85.503
584.078	318.698	35.543	87.234
583.826	318.146	34.777	86.012
580.233	315.840	34.852	88.698
579.291	315.498	33.945	90.688
577.169	315.565	34.154	91.536
575.641	316.367	32.657	90.139
574.405	314.655	31.581	93.334
571.057	314.832	32.824	91.668
569.574	314.756	32.256	91.168
567.345	311.804	32.738	92.353
566.352	310.912	32.502	94.681
564.530	310.599	33.345	94.590
562.175	310.632	33.378	93.683
561.788	312.134	32.688	91.467
559.265	313.022	33.114	91.005
558.201	311.479	33.738	92.510
557.199	309.711	32.979	93.509
555.455	308.473	33.298	94.693
555.723	307.798	32.072	93.564
553.916	307.261	32.080	92.919
551.664	307.380	32.735	90.946
550.224	309.070	31.910	89.495
548.404	309.326	31.864	88.579
543.781	306.541	33.804	93.030
544.325	307.945	32.929	90.443
542.064	304.105	30.392	95.418
540.232	303.978	31.305	92.528
539.821	305.489	31.062	88.814
537.516	304.914	31.976	90.657
536.807	304.548	30.930	90.160
535.766	304.068	30.868	92.836
532.769	303.872	30.778	91.345
530.950	302.662	30.114	93.351
529.900	301.946	29.552	92.569
527.522	299.778	29.565	90.857
526.657	302.418	29.216	88.740
521.942	302.111	31.540	93.897
521.311	301.611	30.332	91.655
516.057	300.774	32.043	92.356
513.770	301.530	33.132	93.104
512.449	298.590	31.766	94.619
510.575	297.512	31.821	92.921
508.961	297.025	31.798	91.144
508.886	297.636	29.179	88.510
507.052	297.398	29.928	90.036
506.938	298.047	28.544	83.918
504.850	297.868	30.615	83.612
503.266	296.002	30.777	87.664
501.090	294.802	30.119	84.347
499.635	293.963	29.397	87.580
498.213	293.792	29.059	86.471
495.086	294.846	30.676	85.245
494.128	295.049	29.891	86.389
492.180	295.020	28.906	79.845
489.392	292.514	29.932	83.946
488.934	292.371	29.213	82.191
487.695	291.780	29.423	84.546
484.691	291.496	30.291	86.955
484.723	292.075	30.509	84.365
482.947	293.055	28.998	81.611
481.678	292.951	29.457	81.013
480.195	293.503	29.701	77.145
479.407	292.319	29.202	77.449
477.809	289.924	27.641	76.054
476.940	289.528	27.599	76.755
476.406	288.459	26.482	81.940
474.064	289.978	27.011	77.963
472.172	289.677	28.584	78.830
469.902	291.309	29.318	79.156
468.095	290.948	29.880	77.964
465.358	289.553	29.372	77.458
464.050	287.793	28.543	78.041
462.255	287.462	28.406	79.747
460.510	288.084	29.772	78.942
458.504	288.333	29.627	78.694
458.019	287.481	28.252	79.141
456.170	286.606	28.698	78.370
455.727	285.999	29.118	77.330
454.761	285.287	29.827	75.066
453.420	284.269	27.975	73.145
451.874	282.498	27.107	76.141
449.726	282.082	26.490	77.066
448.609	282.562	26.414	76.881
446.220	283.177	26.196	76.101
443.648	283.106	26.747	73.947
442.073	284.580	25.834	71.934
440.647	283.266	25.752	74.172
438.928	281.350	25.947	78.456
436.996	280.967	27.253	78.603
435.317	280.424	27.433	76.832
434.255	281.829	26.885	75.503
432.561	281.895	27.640	75.463
431.397	281.151	28.157	74.882
429.848	280.318	28.314	72.264
428.800	279.562	26.884	73.300
427.932	277.811	25.363	75.454
426.073	278.263	26.316	74.844
425.255	277.532	25.802	76.107
423.186	279.485	26.868	74.946
421.692	278.732	27.414	75.760
419.267	277.874	26.718	75.733
417.601	277.528	25.036	72.951
415.968	274.729	25.493	76.654
414.895	275.946	25.689	76.935
413.153	274.626	26.739	77.550
411.189	276.299	28.050	75.510
408.418	276.919	29.732	74.863
407.543	276.333	29.424	74.004
407.204	275.935	28.460	71.838
406.338	274.982	27.281	69.436
405.509	273.969	27.120	69.687
403.594	274.205	26.892	71.392
402.287	273.135	26.989	72.056
400.878	273.648	26.538	71.294
400.248	273.889	25.578	69.463
399.087	273.041	24.369	71.289
396.624	273.305	25.167	70.735
396.036	271.707	23.368	74.185
396.598	270.466	22.097	75.081
395.706	269.767	21.115	75.184
395.007	268.563	21.597	76.896
392.776	267.421	21.887	76.250
392.007	267.638	21.097	74.978
387.456	268.680	24.015	73.994
383.464	270.126	25.584	66.766
381.813	269.147	24.014	67.925
380.777	267.116	22.101	72.653
378.901	267.412	24.524	74.351
376.190	268.556	24.260	72.474
374.285	268.489	25.634	74.289
374.462	267.837	24.084	74.998
374.079	267.350	24.395	72.092
373.974	266.452	24.007	76.578
373.257	266.980	23.422	74.276
371.641	264.859	23.282	77.750
370.061	266.925	23.543	75.122
366.631	265.267	25.511	76.243
365.348	265.993	25.521	76.679
362.645	266.174	27.490	70.893
361.491	265.837	27.683	70.740
360.491	265.219	28.115	71.645
358.963	264.494	27.895	69.900
358.031	264.005	26.961	69.746
356.358	263.759	26.164	71.350
355.589	262.888	25.763	71.623
354.006	263.999	27.113	71.186
352.269	263.911	27.581	69.695
350.890	263.763	26.473	69.902
349.515	262.585	26.777	69.813
348.155	261.585	27.046	71.386
346.231	261.232	27.906	73.227
345.538	261.607	27.834	72.852
344.186	261.011	28.047	73.207
343.483	261.616	27.602	71.441
342.465	261.872	27.867	68.272
341.976	260.684	27.364	69.764
340.582	260.092	28.150	69.749
339.352	259.239	27.916	71.882
338.000	259.097	27.726	71.713
336.989	259.198	26.702	70.222
335.760	260.142	27.014	68.498
335.479	259.526	26.121	69.009
333.912	260.046	26.638	67.533
332.922	259.047	26.788	69.221
331.192	258.112	27.331	69.565
329.817	257.284	28.233	71.005
328.390	257.424	29.160	70.449
327.725	258.166	29.146	69.255
327.044	258.488	29.063	68.425
326.386	258.180	28.865	68.634
325.497	257.272	28.458	67.305
324.490	256.032	28.107	68.231
323.940	255.439	27.349	68.610
322.549	255.094	27.310	69.879
321.183	255.707	27.202	69.509
319.940	255.822	26.545	68.045
318.923	256.303	25.940	67.247
317.407	256.155	26.772	67.126
315.998	255.822	27.240	67.564
314.563	254.518	26.853	68.293
313.702	254.271	27.040	69.696
312.432	254.111	27.706	69.745
311.052	254.192	28.204	69.194
309.861	255.148	28.806	67.414
308.911	255.122	28.731	65.930
308.580	254.780	27.616	66.114
307.722	254.408	27.232	64.895
307.211	252.790	26.213	66.483
305.950	251.788	25.692	68.443
304.500	251.606	25.917	68.498
303.065	251.420	25.594	68.103
302.044	252.924	25.545	65.466
300.512	252.373	25.215	65.858
298.928	251.793	25.503	66.610
297.067	251.277	25.945	66.895
296.346	250.776	26.178	68.313
295.171	250.171	26.524	67.826
294.227	250.949	27.100	66.482
293.497	251.143	27.557	65.356
292.864	251.598	27.253	64.714
292.796	250.759	26.883	64.813
292.558	250.616	25.984	64.703
291.608	249.644	26.018	64.843
290.913	248.459	25.358	66.629
289.898	246.773	25.031	68.582
288.323	246.657	25.597	69.518
287.431	247.375	25.652	68.447
285.571	247.914	26.170	66.300
285.454	248.415	25.477	65.013
285.180	248.359	24.754	65.133
283.593	247.654	25.140	65.245
283.542	248.418	24.426	63.634
281.409	247.044	25.608	65.214
280.390	246.831	26.314	65.077
279.932	246.559	26.157	64.644
279.241	247.613	25.859	61.254
278.989	247.577	25.532	60.838
277.993	247.151	25.286	61.038
277.609	245.907	24.309	61.115
276.643	245.384	24.079	62.371
275.661	244.708	24.732	63.348
274.939	245.256	25.068	62.869
273.770	244.742	24.669	63.058
272.624	245.056	24.601	62.456
271.310	245.438	24.726	60.686
269.722	244.671	24.437	61.889
268.799	244.134	24.759	61.815
267.828	243.594	25.045	63.495
266.613	243.234	25.143	65.133
265.918	243.099	25.515	64.171
264.147	243.916	26.369	62.172
264.246	244.640	25.355	61.134
264.313	243.822	25.110	61.567
263.788	243.891	24.278	59.748
262.886	242.904	23.968	61.176
262.425	242.160	23.645	62.617
260.960	241.964	24.063	63.157
259.547	242.594	24.529	62.981
259.325	243.312	24.236	60.990
258.226	243.344	23.613	61.516
257.427	242.591	23.607	61.350
255.984	242.150	23.199	61.352
254.876	241.387	23.734	62.173
253.407	240.451	24.294	62.645
252.609	240.395	24.354	61.874
251.473	240.416	24.119	60.687
250.970	241.141	23.807	59.842
249.693	241.222	23.935	58.290
249.148	241.014	23.724	58.627
248.155	240.422	24.469	58.880
247.493	239.872	23.240	59.798
245.910	239.603	24.212	61.348
244.882	239.496	24.494	62.410
243.282	239.538	24.783	62.447
242.589	239.196	24.484	61.887
240.762	238.822	24.442	62.676
239.906	238.138	24.224	63.059
238.481	237.599	24.521	64.019
237.987	237.321	24.419	64.910
237.224	237.259	24.512	63.940
236.668	237.726	24.643	62.650
235.788	238.074	24.542	62.038
235.322	237.736	25.330	62.740
235.144	237.233	25.478	63.021
234.732	237.212	25.395	62.376
233.701	236.138	25.194	63.290
232.745	235.726	24.630	62.523
231.938	235.566	23.438	62.503
231.279	236.179	23.555	61.218
230.112	236.510	23.328	61.563
229.080	235.365	23.577	60.905
227.782	234.526	23.697	61.991
226.631	234.496	24.359	61.685
226.088	234.485	24.130	61.781
225.809	234.596	24.046	61.095
225.333	234.675	24.242	60.597
224.561	235.168	24.529	58.842
223.994	235.408	24.939	56.087
223.368	234.792	24.481	57.279
222.747	234.477	23.505	57.613
221.986	233.734	23.323	58.674
220.847	233.077	24.028	59.981
219.987	233.005	23.279	60.014
218.930	233.416	23.079	58.721
218.055	233.533	22.976	57.918
217.234	233.204	22.788	57.946
216.143	232.734	22.941	59.183
214.649	232.346	22.862	59.160
213.689	231.427	23.178	60.364
212.302	231.030	23.963	60.661
210.981	231.134	24.053	60.049
210.559	232.266	24.288	58.732
209.913	232.623	24.287	57.094
209.545	231.438	23.541	57.649
208.681	230.518	23.556	57.759
208.112	229.626	23.286	58.979
206.743	229.346	23.393	59.486
205.743	229.562	23.572	59.508
204.808	230.293	23.082	58.104
204.112	230.159	22.435	57.004
203.267	230.522	22.655	55.336
202.279	230.223	22.186	56.626
201.050	229.466	22.619	56.952
200.675	228.332	21.857	57.046
199.873	227.493	22.050	57.488
199.193	227.568	21.905	57.206
197.962	227.688	22.282	54.834
197.459	228.123	22.020	52.235
196.972	228.377	22.222	50.524
196.304	227.433	22.175	50.411
195.648	227.500	21.715	49.777
195.019	226.409	21.388	49.768
194.412	226.107	21.122	49.545
193.559	226.308	20.917	48.824
192.529	226.342	20.566	49.197
191.584	226.432	20.485	52.013
190.453	226.020	20.260	50.620
189.084	226.450	20.946	52.854
187.426	225.802	21.476	53.336
186.600	225.094	22.169	54.772
186.180	224.901	22.295	56.491
185.272	225.526	22.378	56.353
183.514	225.823	23.289	55.214
183.244	225.874	23.021	53.764
182.761	225.629	23.320	53.489
182.281	225.099	22.968	54.934
181.630	224.894	22.265	55.525
180.754	224.255	21.526	56.870
180.169	224.009	21.158	56.448
179.169	224.876	20.651	55.607
178.121	225.331	20.956	54.190
177.196	225.295	20.482	55.014
176.390	225.270	20.387	54.697
175.525	224.887	20.504	55.063
174.762	224.376	20.570	55.441
174.363	224.167	21.158	56.547
173.376	223.269	22.065	57.042
172.973	223.198	21.980	56.706
172.338	224.200	22.664	54.990
171.897	224.151	22.925	53.332
171.715	223.993	22.330	52.438
171.079	223.869	22.742	51.886
170.658	222.828	22.243	54.048
169.819	222.331	21.854	54.981
169.358	222.380	21.333	55.213
167.978	222.852	21.257	56.259
166.836	223.948	21.345	53.801
165.967	223.112	21.191	54.875
164.901	222.910	21.860	54.115
163.841	222.292	21.797	55.491
163.235	221.877	21.983	56.040
162.662	220.944	22.706	55.841
162.003	221.647	23.054	54.829
161.200	221.948	23.064	54.208
161.108	221.926	22.657	54.253
160.933	221.529	22.514	54.114
160.358	221.773	22.121	53.711
160.157	220.639	21.508	54.246
159.509	220.092	21.440	54.808
158.895	220.356	21.593	54.482
158.014	220.282	22.117	54.840
157.411	220.429	21.917	54.600
156.525	220.602	21.808	54.767
155.757	220.404	21.932	54.681
154.438	220.405	22.608	55.195
153.401	218.970	22.784	55.577
152.480	218.798	23.080	56.261
151.513	218.969	23.617	56.050
151.297	218.691	23.765	54.891
150.754	218.677	23.833	54.602
150.605	218.777	23.681	54.297
149.952	218.898	24.569	53.924
149.648	218.702	24.263	54.003
149.811	217.798	23.301	55.278
149.106	217.570	23.776	53.960
149.181	217.275	23.101	53.100
148.793	217.428	21.959	52.706
148.260	217.437	21.409	52.196
147.036	217.915	21.778	51.351
146.739	217.845	20.945	51.903
145.958	216.393	20.508	53.534
