423.000	158.000	22.000	57.000
420.029	158.034	25.283	56.125
419.398	157.896	25.369	56.534
418.528	156.931	25.905	57.540
418.287	157.041	25.595	57.845
417.685	157.107	26.303	56.900
416.782	156.832	26.788	57.680
416.420	156.221	26.663	57.941
416.625	156.324	26.328	57.408
416.036	155.519	25.811	58.626
416.066	156.544	25.597	57.721
415.622	156.620	25.352	57.358
414.851	156.398	26.046	57.558
414.357	156.975	25.762	57.030
413.837	156.439	25.533	57.121
413.116	156.398	26.048	57.598
412.618	156.319	25.808	57.666
412.107	155.439	25.806	58.074
411.481	155.477	26.319	57.468
411.152	155.107	25.845	57.641
410.827	154.384	26.354	58.383
410.519	154.381	26.657	57.898
410.289	154.595	26.536	57.705
410.468	154.887	25.750	57.196
410.437	154.779	25.938	57.258
409.892	155.068	25.655	56.949
409.958	155.045	25.614	56.826
409.791	154.940	25.655	56.756
409.533	154.809	25.201	56.752
408.697	154.873	26.581	56.345
408.535	154.660	25.621	56.706
407.318	154.063	27.190	56.637
407.326	154.313	26.663	56.653
407.077	153.328	26.696	57.926
407.079	152.897	26.453	58.561
406.695	153.536	26.620	57.714
406.300	153.005	26.073	57.863
406.201	153.949	25.756	56.858
405.762	153.861	25.454	56.854
405.207	154.149	25.436	56.702
404.419	154.227	25.292	56.526
403.357	154.312	26.200	56.272
402.931	153.914	25.895	55.405
402.278	153.312	25.640	56.137
401.936	153.131	25.620	56.009
401.697	152.795	25.523	56.268
401.383	152.743	25.023	55.975
401.833	152.390	24.328	56.522
401.096	152.985	24.886	55.097
401.194	153.392	24.066	54.657
400.443	153.425	24.536	54.371
399.552	152.765	24.973	55.124
399.269	152.734	25.071	54.884
399.007	152.810	24.448	54.871
398.705	152.700	24.036	55.804
398.263	152.485	24.115	54.862
398.029	152.976	24.824	54.321
396.967	152.147	25.020	55.547
396.847	151.896	25.192	55.659
396.873	151.856	24.561	55.581
396.327	152.065	24.803	55.175
396.386	151.820	24.088	55.001
396.387	152.054	24.049	55.049
395.962	152.330	23.637	54.471
395.007	152.623	24.473	54.415
394.843	152.375	24.313	54.625
393.946	152.375	24.856	54.773
394.056	151.936	23.715	54.531
393.097	151.924	24.585	54.257
392.680	151.902	24.536	54.284
392.471	151.476	24.070	54.710
391.808	151.375	24.507	54.403
390.886	151.223	25.360	54.665
390.918	151.392	24.788	54.394
390.934	151.405	24.404	54.190
390.583	151.623	24.514	53.872
390.772	152.017	24.550	53.813
390.512	151.796	24.452	53.662
390.670	151.771	24.328	53.705
390.644	151.722	24.388	53.866
390.380	151.771	24.498	53.356
389.449	151.466	25.466	53.412
389.483	150.852	25.496	53.416
389.208	150.330	25.623	54.024
389.170	149.827	25.278	55.295
388.821	149.632	25.616	55.004
388.714	149.623	25.064	55.270
388.366	149.760	25.431	54.989
388.075	150.518	25.362	53.731
387.863	150.079	24.990	54.797
387.168	150.505	25.385	55.095
386.704	150.216	25.366	55.353
385.727	150.471	25.979	55.174
385.575	150.216	25.745	55.353
384.506	149.908	26.079	54.823
384.338	149.292	26.012	55.619
384.303	149.002	25.439	55.546
383.599	148.649	26.349	55.063
383.705	148.208	25.429	56.472
383.444	148.592	25.445	55.452
383.383	148.445	25.123	55.659
383.168	148.951	25.144	54.561
382.643	149.111	25.191	54.456
382.744	149.104	24.657	54.885
381.887	148.624	25.605	54.991
381.465	148.216	25.048	55.259
380.638	148.468	25.993	54.829
380.270	148.088	25.652	55.330
380.228	148.190	25.647	54.873
379.758	147.722	25.489	55.876
379.524	148.107	25.407	54.271
379.566	148.582	25.357	54.521
378.857	148.280	25.483	54.744
378.603	148.418	25.254	55.399
377.726	148.088	25.296	56.288
376.971	148.208	25.465	56.569
376.140	148.517	25.305	57.336
376.128	147.763	24.757	57.448
375.691	147.940	23.722	57.901
375.564	147.772	23.552	57.387
374.869	147.644	22.974	57.914
374.547	147.572	22.306	59.065
374.879	147.628	22.978	54.730
371.432	147.172	23.181	54.266
375.496	147.444	24.983	56.889
374.401	147.036	24.510	60.695
373.695	147.527	23.219	57.970
372.743	148.008	23.368	55.784
372.886	147.358	22.827	59.428
372.438	146.780	22.500	57.523
372.603	146.032	22.680	55.632
372.202	145.596	22.629	55.556
371.627	146.468	22.585	52.641
370.353	146.573	23.635	56.816
369.838	146.073	23.957	53.701
369.546	145.657	23.935	55.475
368.906	145.649	24.325	54.340
368.721	146.126	23.936	54.645
368.460	146.349	23.797	53.832
368.153	146.597	23.194	52.567
367.396	146.485	23.470	52.368
367.148	146.786	23.982	51.886
366.600	146.424	23.614	53.661
365.724	146.001	24.412	53.251
366.050	144.926	23.288	54.911
365.696	145.250	23.825	53.568
365.250	144.600	24.030	54.763
365.068	144.601	24.088	55.399
364.558	144.445	24.643	54.891
364.607	144.886	23.704	55.527
364.347	144.624	23.738	53.159
364.434	145.287	23.619	52.210
363.824	145.218	24.661	54.085
364.016	145.076	23.992	54.580
363.950	144.823	23.707	55.214
363.329	144.526	24.591	55.263
363.341	144.280	24.143	54.504
363.631	143.949	24.008	53.635
363.264	143.774	24.220	52.773
363.181	143.903	23.556	52.704
362.960	143.822	24.916	53.003
362.317	143.466	24.170	53.302
362.935	143.734	23.201	52.201
362.472	143.608	23.420	52.414
362.496	143.666	22.690	52.995
361.920	144.050	23.211	52.720
361.230	144.408	23.005	52.125
360.817	144.123	23.732	53.229
359.893	144.302	24.128	52.435
359.108	143.572	23.420	51.932
359.520	143.644	23.263	53.061
358.918	143.105	23.536	51.910
358.946	142.613	23.546	52.217
358.384	142.618	23.253	52.715
358.382	142.690	22.665	51.339
358.090	142.969	22.720	51.238
357.869	143.317	22.789	51.378
356.813	143.453	24.011	50.855
356.707	143.084	23.891	52.226
356.422	142.762	24.346	52.158
355.727	142.588	24.689	52.068
355.522	142.221	24.826	51.604
355.218	141.999	24.371	52.901
354.470	141.941	25.279	52.118
354.209	141.368	24.360	53.144
353.620	141.220	25.040	52.135
353.855	141.427	24.137	51.913
353.892	141.332	23.917	53.394
352.884	141.903	24.747	52.377
352.841	141.975	24.038	52.486
352.306	141.798	23.775	53.118
351.364	141.588	24.311	54.081
350.574	141.722	24.770	53.460
350.602	141.150	24.167	54.289
349.789	141.349	24.262	53.777
349.064	140.898	24.303	53.943
348.194	140.796	24.518	54.661
348.198	140.927	24.356	54.502
347.857	140.852	24.509	54.259
347.140	141.101	24.430	54.423
346.036	141.447	25.090	55.472
346.167	141.011	24.751	57.044
345.917	142.081	24.312	55.387
345.454	141.251	24.468	56.928
344.501	141.493	25.174	56.558
341.445	141.254	25.524	58.053
326.888	141.067	25.545	57.969
320.886	138.996	24.804	60.593
311.561	142.457	24.122	55.435
311.652	141.358	23.776	52.787
310.509	141.229	23.987	51.628
311.110	141.062	22.503	53.423
310.768	139.639	22.955	51.943
309.972	141.348	22.774	53.007
309.888	141.757	22.410	52.722
308.768	142.012	22.646	52.189
307.797	141.581	23.655	51.068
307.413	141.907	23.243	51.584
306.323	141.600	23.796	50.321
306.289	142.049	22.960	50.266
305.106	139.998	23.291	51.559
305.174	141.603	23.203	50.792
304.254	140.790	23.861	48.887
303.574	140.395	24.109	50.981
303.304	140.456	23.586	50.543
302.044	140.626	24.133	50.688
301.112	140.769	24.227	52.747
301.835	141.221	23.227	54.796
301.182	140.601	23.389	55.526
300.634	140.684	24.232	55.834
301.137	140.569	23.325	57.042
301.175	140.909	23.019	54.072
300.720	140.369	23.246	56.391
299.378	139.776	24.048	53.017
298.678	139.069	23.833	54.581
298.272	139.413	24.321	54.039
298.361	138.524	23.616	53.442
297.859	138.709	23.758	55.462
299.468	138.137	21.793	54.707
296.244	140.150	23.857	53.366
297.844	139.849	22.035	54.325
296.018	137.910	22.813	54.801
295.221	139.713	23.210	53.411
295.468	135.818	23.883	63.959
295.128	127.777	33.975	69.746
291.062	127.249	27.451	67.580
303.204	129.778	24.232	61.095
306.266	128.223	24.722	61.139
315.070	130.755	26.901	62.172
324.481	126.185	26.292	66.823
329.264	128.480	26.530	60.935
340.953	126.293	25.654	66.007
347.635	128.745	25.591	60.765
356.753	129.169	25.591	58.392
380.761	133.800	25.450	56.420
379.435	136.417	26.214	65.436
380.677	137.731	25.287	62.810
380.208	136.274	25.190	58.925
379.024	136.187	24.802	58.125
377.411	136.660	26.330	61.694
379.362	136.354	24.817	60.816
378.084	136.273	24.270	62.068
378.145	136.556	24.934	63.157
375.985	136.767	26.080	56.429
378.320	134.412	23.894	59.605
367.803	129.688	26.463	57.478
391.557	131.792	26.730	62.450
405.568	132.416	23.078	60.112
389.722	125.051	27.562	62.866
420.449	134.798	22.734	62.044
426.985	134.949	25.780	60.829
422.615	134.225	24.981	58.423
423.821	133.548	25.005	57.984
422.581	135.003	25.155	53.020
422.006	134.424	25.222	50.989
422.649	134.285	23.913	51.794
421.747	134.241	23.865	51.203
422.282	133.989	23.561	53.428
422.151	133.350	23.698	55.723
435.857	132.333	23.239	57.075
441.171	126.960	27.123	65.042
450.722	132.670	24.266	53.785
462.063	132.796	26.154	62.634
456.946	133.359	26.718	56.845
457.478	132.032	26.188	53.617
455.750	133.460	25.426	53.739
457.025	133.155	25.755	52.854
455.393	132.697	25.331	51.854
455.422	132.233	25.136	54.656
455.566	132.810	25.295	50.872
454.252	132.859	24.500	51.096
455.426	133.961	24.324	48.484
453.912	132.937	24.384	52.891
453.004	132.965	24.960	51.539
453.530	132.811	23.800	49.902
452.806	133.035	23.486	52.035
453.306	132.618	23.448	50.338
452.631	132.335	23.784	49.022
451.329	131.752	23.616	50.094
451.549	132.289	23.462	49.300
450.979	131.519	23.364	49.687
450.986	132.364	23.159	48.760
450.950	131.914	22.954	49.307
450.520	132.469	22.918	48.979
450.319	132.029	23.144	49.477
450.103	132.441	22.993	48.633
450.006	131.406	22.470	49.617
449.493	131.777	22.838	48.830
448.724	131.934	23.519	48.605
448.725	131.791	23.262	48.882
447.830	132.244	23.236	47.904
447.847	132.289	23.567	48.765
447.976	131.928	23.151	49.079
447.911	131.517	22.555	48.876
447.535	131.371	22.753	49.118
447.130	131.777	23.058	48.712
446.565	131.845	22.875	48.729
446.696	132.379	22.906	49.105
445.796	131.592	23.175	49.481
445.818	131.961	22.406	50.271
445.344	132.098	22.374	49.309
444.753	131.730	22.561	49.541
443.638	131.700	23.307	48.824
443.037	131.143	22.844	49.480
442.711	131.312	23.584	49.257
442.909	130.798	22.626	49.912
442.095	130.791	23.023	49.555
441.924	130.700	23.175	49.056
441.240	131.222	22.511	47.240
426.476	131.708	23.062	46.973
425.120	131.055	21.007	47.754
411.069	132.151	23.100	44.981
411.438	132.341	22.531	47.165
410.182	132.537	23.406	48.582
410.412	131.937	23.700	47.820
410.239	131.325	22.976	48.879
409.535	131.052	23.355	49.929
409.327	129.838	23.317	49.941
408.993	130.274	23.267	48.699
409.704	131.047	22.395	48.643
408.061	130.611	23.079	49.058
394.705	125.619	23.085	51.890
391.929	130.116	23.461	50.542
377.881	129.472	22.496	49.818
370.946	128.985	23.011	49.228
369.814	131.474	23.896	49.305
368.329	131.589	23.537	50.100
369.563	131.543	23.278	48.703
367.367	130.033	22.906	50.795
368.431	131.001	23.719	48.821
367.336	130.791	22.680	49.032
367.089	131.001	23.099	48.690
367.784	130.867	21.813	48.555
367.115	130.119	22.128	48.503
367.498	130.738	21.637	48.307
366.823	131.297	21.817	48.175
365.839	130.576	22.439	47.968
366.653	131.479	21.706	47.906
365.339	131.792	22.037	47.363
365.934	131.594	21.874	47.270
364.812	131.285	22.118	47.324
364.286	131.319	22.354	46.577
364.674	130.550	21.758	47.394
364.043	130.594	22.047	48.069
363.747	130.049	22.131	48.996
364.038	130.601	21.887	47.414
363.746	130.594	21.873	47.302
363.661	130.879	21.904	47.195
362.411	131.075	22.446	47.622
362.956	130.812	21.181	47.400
361.585	130.895	21.872	47.984
361.023	130.185	21.802	49.642
360.412	130.867	22.265	47.715
360.269	130.432	22.294	47.748
358.401	126.615	21.306	49.776
344.059	128.196	23.298	49.173
314.632	123.799	25.429	54.557
332.357	128.538	23.499	50.590
331.098	130.129	23.848	48.208
332.297	130.267	22.766	47.979
332.442	130.356	21.930	47.892
332.568	130.884	22.297	47.221
332.539	131.205	22.323	46.885
331.252	130.923	22.682	47.022
332.096	131.631	22.364	46.325
331.088	129.866	23.248	47.425
330.993	130.001	23.338	46.925
330.668	130.045	22.975	47.140
330.647	130.088	22.412	47.259
331.108	129.499	22.921	47.240
331.205	129.957	22.492	47.390
330.466	129.298	22.671	47.882
330.702	130.054	22.064	47.261
328.881	129.857	23.106	47.395
329.979	129.738	21.718	47.790
328.228	129.966	22.445	47.516
328.141	129.589	22.076	47.976
327.774	129.799	21.672	47.397
327.192	129.403	22.219	47.697
326.774	128.912	22.454	48.121
326.751	128.308	22.472	48.774
326.309	128.311	22.263	48.407
326.167	127.892	22.255	48.455
326.013	128.003	22.290	48.179
326.575	128.729	21.458	47.058
326.412	128.852	21.347	47.301
326.155	128.808	21.385	47.377
325.870	128.786	21.516	47.546
325.793	129.226	20.936	47.222
324.970	129.219	21.994	47.476
325.120	129.099	21.312	47.530
323.826	128.070	22.431	48.464
323.928	128.554	21.971	48.064
324.144	128.606	21.813	47.192
324.239	128.679	21.378	47.311
323.611	128.288	21.731	48.319
323.735	128.317	21.090	47.737
323.045	128.354	21.835	47.835
322.861	128.798	21.779	47.607
322.276	128.528	21.866	47.033
322.335	128.958	21.231	46.786
321.017	128.349	21.868	47.354
320.493	129.108	22.047	47.365
320.069	128.814	22.231	47.472
319.644	128.704	22.260	46.858
319.340	128.636	22.199	47.076
319.589	128.108	21.711	47.693
319.001	127.072	21.915	48.220
318.785	126.870	21.595	47.912
318.722	127.231	21.342	47.285
318.877	128.065	21.087	46.646
318.752	128.271	20.970	46.387
318.722	128.791	20.565	45.937
318.422	129.148	20.489	46.051
317.942	128.806	21.044	45.967
317.295	127.836	21.490	46.427
316.447	127.524	21.940	46.668
315.585	127.527	22.533	46.212
315.755	127.179	22.020	46.390
316.211	127.240	21.408	46.719
315.633	127.774	21.601	46.217
315.763	128.123	21.541	46.568
314.916	127.786	21.996	46.773
315.007	127.441	21.275	46.964
314.513	127.901	21.631	46.285
313.841	127.889	21.546	46.770
313.673	127.982	21.576	46.279
312.889	128.038	21.921	46.234
312.770	128.090	21.610	46.423
312.648	127.656	21.264	46.528
311.725	127.199	21.662	46.692
311.400	125.973	21.183	47.650
310.907	126.657	21.529	47.054
311.075	126.549	21.070	46.711
310.993	126.460	21.241	47.215
311.166	127.150	20.392	46.415
310.769	126.763	20.872	47.016
309.905	127.144	20.955	46.096
309.710	126.954	21.075	46.501
309.105	127.208	21.028	45.953
308.499	127.039	21.160	45.954
308.326	126.848	21.009	44.917
307.654	126.361	21.576	45.476
307.512	126.376	21.123	46.144
307.385	125.982	21.001	47.164
307.081	126.540	21.078	45.784
306.656	126.346	21.034	46.002
306.747	126.707	20.238	46.262
306.155	126.848	20.535	46.003
305.625	127.313	20.909	45.273
305.158	126.709	20.298	46.412
304.266	126.784	21.273	46.655
303.534	126.872	20.987	46.690
303.068	126.567	21.602	46.199
302.607	126.610	21.527	46.000
302.753	124.935	20.701	46.887
302.200	125.068	20.657	46.264
302.829	124.545	20.083	46.756
302.177	125.039	19.891	46.400
302.614	125.188	19.619	45.664
302.172	125.339	19.614	43.550
302.635	125.893	18.901	43.238
301.815	126.066	19.058	43.489
301.282	125.717	19.782	43.458
300.843	125.694	19.420	43.348
300.577	125.805	19.825	42.726
286.063	121.820	25.467	49.295
283.231	123.607	21.699	46.508
266.935	122.037	24.223	50.970
271.059	123.533	22.238	47.442
269.867	124.716	22.334	47.163
271.474	124.506	21.804	47.844
271.415	124.901	21.137	45.869
271.118	124.954	20.941	47.006
270.525	124.873	21.032	46.545
269.200	125.144	21.390	46.385
270.698	125.144	21.088	47.476
269.208	124.849	21.672	46.812
269.434	124.546	20.998	46.684
268.242	124.134	21.013	48.301
268.117	123.321	21.197	48.273
268.219	123.650	19.745	47.232
267.621	124.792	20.167	47.348
252.172	118.938	21.761	53.123
251.497	122.929	21.321	49.126
241.344	122.982	23.387	47.435
243.535	122.847	24.501	48.236
243.712	123.430	23.032	47.678
243.021	124.773	21.741	45.673
243.966	124.896	21.244	46.726
243.804	125.271	20.733	46.193
244.015	124.742	21.919	47.054
242.820	124.592	22.377	47.696
242.280	124.782	23.697	46.308
242.936	124.231	21.660	46.696
242.221	123.612	22.046	47.202
242.779	124.053	21.743	46.651
241.835	124.003	21.400	47.675
241.988	124.743	20.918	46.121
242.684	124.784	19.579	45.864
241.372	124.470	21.134	46.309
241.841	125.210	21.166	45.502
241.498	124.891	20.673	45.326
240.173	125.314	21.182	44.851
241.145	125.065	21.488	44.745
240.576	125.086	21.056	44.165
240.293	124.595	20.633	44.909
240.642	124.210	20.472	45.638
240.568	124.713	20.588	44.262
241.265	125.010	19.804	44.886
240.875	124.676	19.740	44.732
240.822	124.353	19.947	45.324
240.672	124.229	19.686	45.589
240.715	124.724	19.766	44.828
240.758	124.374	19.354	44.418
240.955	124.681	19.358	44.631
240.758	124.538	19.047	44.516
240.990	124.394	19.707	44.493
240.206	123.998	19.644	44.831
239.633	124.599	20.566	44.188
239.374	124.120	20.684	43.848
239.259	124.152	20.660	43.639
238.964	124.132	20.583	43.794
238.756	124.575	20.914	43.053
238.827	124.528	20.686	42.928
239.521	124.349	20.118	44.102
239.206	124.233	19.734	43.729
238.781	125.101	20.335	43.165
238.361	124.396	20.521	43.910
238.330	123.986	20.285	44.482
236.559	125.637	21.815	42.008
222.896	121.331	23.833	45.636
219.068	123.108	23.197	46.505
206.104	123.723	22.559	45.696
199.005	121.869	23.706	46.645
202.054	124.573	20.964	44.317
201.053	125.071	21.428	44.469
202.032	124.857	20.758	44.422
201.410	123.557	21.218	43.297
201.574	125.361	20.951	43.209
201.386	123.541	20.354	40.509
201.315	125.085	19.930	40.187
201.371	125.127	20.591	39.352
200.174	124.870	21.702	40.848
199.970	122.646	21.899	41.337
200.218	123.514	21.288	45.592
199.980	123.833	21.507	45.767
200.067	123.346	21.681	48.991
199.118	122.945	21.921	46.936
199.976	123.022	20.903	49.082
199.319	122.576	21.635	46.845
199.370	123.909	20.862	45.770
198.878	123.313	21.281	45.858
199.546	123.197	20.290	45.442
199.057	122.153	19.449	46.019
198.725	121.275	19.780	48.006
198.312	123.085	20.400	47.448
197.514	121.283	20.342	43.929
198.160	123.127	20.062	43.530
197.327	122.722	20.618	38.678
197.034	122.984	19.903	41.828
197.248	121.800	19.950	40.578
196.860	122.812	19.165	43.190
196.418	122.384	19.794	42.671
196.903	123.280	19.332	45.614
196.704	121.155	18.964	44.767
197.364	123.675	19.024	42.997
196.648	121.966	19.432	43.119
197.112	122.889	18.982	43.645
196.621	121.990	18.941	42.399
196.545	122.366	19.211	42.211
196.244	122.210	19.041	41.979
195.909	122.497	19.616	44.683
194.438	123.619	20.650	44.886
180.354	122.137	22.168	50.634
221.370	123.410	24.870	54.316
215.639	126.464	24.610	50.807
216.001	127.634	21.793	49.028
162.582	124.718	20.521	43.847
162.166	123.300	20.283	47.055
161.883	122.983	20.049	47.905
