584.000	308.000	39.000	97.000
581.807	307.870	34.777	95.967
579.219	306.622	33.243	98.199
576.475	306.242	34.614	98.839
573.907	307.067	35.634	99.379
569.373	309.382	38.804	97.621
565.548	310.850	41.570	96.405
563.288	310.680	42.446	96.979
561.867	311.276	41.073	95.768
560.922	310.915	37.766	94.474
558.392	309.160	36.553	95.403
556.048	307.920	34.861	94.786
553.506	305.924	33.014	95.100
550.339	304.919	33.646	95.263
549.075	303.740	33.188	97.358
543.963	304.728	37.433	95.249
537.868	306.485	43.146	93.753
534.524	307.669	44.925	94.429
532.928	308.628	45.344	95.221
531.973	309.822	45.209	95.634
530.970	311.702	43.605	94.929
529.813	312.546	41.678	95.650
528.529	312.795	37.953	94.719
527.024	312.820	34.708	92.977
525.263	311.502	33.000	93.528
522.346	309.377	31.941	95.291
520.068	309.189	32.120	94.467
517.804	309.058	32.809	94.241
514.101	309.670	35.154	92.481
511.360	310.222	36.488	92.118
510.123	310.228	36.614	91.252
508.279	309.639	35.883	90.361
507.438	307.796	33.930	91.033
505.344	306.041	34.130	91.154
503.065	303.758	33.133	90.178
500.537	301.039	31.658	91.209
497.844	300.250	32.219	90.471
496.245	299.818	32.175	91.070
493.452	299.974	33.950	89.627
487.521	300.365	38.587	86.888
483.941	299.445	40.893	87.621
481.907	298.143	41.381	87.515
480.899	295.582	40.653	88.227
480.449	293.005	39.491	88.412
478.874	289.561	39.454	87.041
475.392	284.746	38.077	88.380
470.882	280.105	36.597	88.178
468.148	277.945	33.579	86.227
464.895	275.194	32.993	84.918
461.768	271.019	33.298	85.974
459.106	269.836	33.322	83.939
454.367	268.129	34.520	80.626
452.231	267.591	35.379	83.780
449.350	268.911	36.762	83.338
447.731	269.904	35.492	84.414
446.703	271.464	33.966	83.115
445.010	271.360	32.832	85.966
443.884	270.973	32.998	89.343
441.819	270.002	32.732	94.380
439.461	268.174	31.427	95.279
435.181	268.938	33.141	91.935
431.098	267.769	32.331	90.602
425.861	267.503	34.171	90.377
420.939	269.184	35.757	87.532
418.416	269.044	37.280	87.204
413.787	268.083	37.043	86.966
410.981	267.908	42.882	86.818
409.826	266.968	43.074	88.505
410.901	268.104	39.192	84.081
412.010	266.285	31.942	83.243
410.574	265.409	29.157	84.030
408.689	264.765	28.481	83.973
406.936	263.812	27.755	84.926
404.695	262.080	27.763	86.865
400.402	262.241	31.318	85.343
397.975	261.950	32.193	83.763
395.181	260.534	32.470	86.216
392.728	259.401	32.909	87.536
389.217	258.220	34.528	88.138
387.332	257.565	32.250	86.454
385.102	258.615	31.160	84.778
383.018	260.697	31.112	83.398
384.090	264.166	30.593	82.331
385.328	265.736	29.287	82.993
384.719	266.893	30.273	82.577
381.632	267.063	32.852	84.172
378.052	269.559	35.789	82.675
375.255	269.292	37.940	83.085
373.306	268.378	38.634	82.654
373.109	267.170	38.946	82.266
373.062	264.991	37.530	82.519
371.201	262.163	36.305	82.256
370.054	260.919	33.851	82.043
368.727	261.167	31.483	81.174
366.618	260.712	30.623	80.851
365.272	259.692	30.513	81.668
362.452	259.176	31.205	82.304
360.688	259.293	31.609	81.883
358.580	260.106	31.903	79.758
356.896	260.440	32.507	79.156
355.616	260.467	32.291	78.877
354.155	259.867	32.187	79.806
352.669	260.331	30.983	78.834
350.515	259.854	30.643	79.891
347.995	259.903	30.474	80.102
345.776	260.201	30.942	79.759
344.268	261.011	30.738	79.306
343.405	260.899	30.586	80.061
341.745	261.577	30.973	79.173
339.788	261.798	31.612	79.162
337.263	262.870	33.353	78.989
335.995	264.420	32.898	79.096
334.555	266.063	33.552	77.750
332.710	266.698	34.238	78.444
331.108	266.469	33.511	79.919
329.090	266.382	32.137	79.807
327.237	266.494	30.238	78.743
324.958	266.806	30.450	77.941
323.671	266.357	29.778	78.665
322.291	265.094	30.229	79.608
320.816	264.484	30.067	79.867
318.672	262.988	30.808	80.898
316.349	262.034	32.146	80.885
314.718	261.318	32.271	79.842
314.695	260.142	31.313	79.560
313.171	260.141	31.570	78.568
311.356	259.582	31.524	77.708
309.733	259.663	30.733	77.690
308.599	259.566	30.503	76.841
307.088	258.778	30.630	76.948
306.317	258.391	30.738	76.735
306.307	258.555	29.974	76.751
307.376	258.762	30.882	76.412
310.949	257.697	33.486	75.737
315.337	255.581	35.234	76.248
321.709	252.233	35.776	76.394
327.418	249.120	34.283	76.521
330.886	247.161	33.510	76.455
335.680	246.146	31.097	76.934
341.629	245.682	28.934	77.396
347.909	247.089	28.624	76.871
356.940	249.295	28.044	76.245
366.816	250.816	27.580	79.290
370.823	254.722	28.423	78.641
370.992	257.557	29.146	80.069
371.090	262.004	29.157	78.547
371.427	265.682	32.021	77.126
374.331	267.582	32.081	77.239
377.823	268.952	32.728	76.680
381.718	270.486	31.761	76.009
385.824	271.201	31.008	76.668
389.922	273.829	30.014	75.573
391.983	275.911	29.420	75.985
392.508	277.768	28.981	76.685
391.037	279.312	28.591	77.548
387.282	281.748	29.624	77.198
382.335	284.227	31.649	77.739
381.186	285.517	31.703	78.522
379.402	285.419	32.032	78.435
376.348	285.092	33.543	77.172
375.583	283.492	32.487	77.425
374.256	282.310	31.152	76.287
370.191	280.850	31.551	76.660
366.343	280.192	31.923	78.895
363.505	279.465	32.428	81.160
360.216	279.534	31.785	81.036
356.460	279.618	30.835	80.441
351.351	278.833	31.328	80.660
347.679	278.533	29.779	78.956
341.943	276.595	30.964	80.761
336.580	275.804	31.838	79.862
333.129	273.891	30.745	79.663
330.655	271.723	31.098	80.559
326.496	269.273	32.354	79.636
328.376	268.970	30.192	83.403
323.711	267.424	32.965	83.387
321.267	267.390	33.371	80.447
319.961	267.883	32.808	74.239
318.299	266.965	33.138	78.322
316.076	267.617	33.872	75.203
314.948	268.635	33.231	71.993
313.742	268.419	31.533	71.541
313.999	268.637	28.527	73.773
315.791	266.495	31.195	78.536
313.323	266.903	29.738	76.748
313.062	264.901	28.143	76.897
314.764	265.950	27.157	75.684
314.223	263.996	27.695	75.282
313.888	263.875	27.596	75.061
313.641	262.183	27.880	77.751
313.546	262.200	28.201	75.583
315.167	262.322	31.576	77.596
318.635	263.058	36.094	79.039
319.894	264.002	35.593	81.363
322.872	265.309	33.309	79.513
328.123	267.615	29.838	81.146
327.012	267.422	31.723	83.652
328.257	267.818	31.030	84.327
328.867	268.105	31.036	84.276
297.899	264.355	33.287	84.306
288.575	256.046	30.321	83.309
286.414	259.174	29.869	78.169
287.049	257.841	29.415	74.271
286.977	258.399	31.665	75.839
287.323	258.356	30.224	73.741
286.953	256.638	30.070	77.385
285.816	258.388	32.871	78.572
283.288	257.068	29.499	79.734
283.906	257.779	28.141	75.824
285.526	258.575	26.694	76.217
284.564	257.564	27.296	74.647
283.247	258.213	27.130	76.315
280.000	255.526	27.782	77.885
282.106	260.340	31.164	78.423
280.075	259.901	29.251	77.228
277.708	261.292	30.377	75.556
276.928	261.457	33.956	77.729
281.972	263.231	27.580	72.270
279.210	259.938	26.856	72.398
270.113	262.197	27.332	78.263
268.207	254.056	28.501	85.049
277.313	261.484	35.504	82.505
286.807	263.006	35.154	80.211
291.725	260.808	28.574	81.440
290.223	261.936	30.404	79.373
286.408	262.647	32.367	79.771
295.278	263.115	26.818	81.910
291.176	262.683	29.715	78.126
294.137	263.840	28.781	80.683
290.613	260.887	27.806	80.212
292.857	265.634	30.320	81.772
290.991	263.467	28.335	83.320
288.703	267.240	31.615	81.972
286.976	264.772	32.577	81.572
291.066	265.144	28.233	83.077
290.909	264.084	31.213	80.002
289.788	261.723	31.157	83.500
291.554	259.309	30.135	84.247
291.154	261.862	31.641	82.542
292.317	260.306	29.763	83.071
292.304	261.619	31.103	84.875
306.508	266.121	31.982	86.514
320.043	266.491	28.202	89.120
319.802	269.749	31.851	84.672
322.528	270.428	31.031	87.240
320.410	270.630	29.044	88.692
318.837	271.417	27.219	87.485
307.399	271.234	29.729	82.647
318.708	270.854	26.475	89.007
311.144	270.655	29.035	83.621
319.948	271.300	28.750	87.253
316.824	270.269	28.044	86.874
317.708	266.948	30.454	85.001
318.217	267.844	28.024	90.147
307.426	268.057	29.514	84.694
317.172	270.227	28.514	87.859
305.349	268.358	29.586	82.761
315.192	269.533	28.436	86.819
300.041	269.199	30.899	80.801
300.723	269.141	30.225	81.372
300.811	268.446	29.746	82.634
310.145	270.620	30.376	83.232
313.140	270.597	30.561	85.050
308.315	271.111	31.133	83.270
316.222	272.770	28.206	84.256
312.708	275.476	29.084	81.033
310.405	273.208	29.157	81.115
314.809	274.827	27.451	81.655
308.168	274.467	31.177	78.216
312.186	274.293	29.387	80.549
310.258	276.104	30.622	77.286
309.458	273.902	30.374	75.942
308.829	273.874	28.411	77.466
310.254	274.347	29.177	76.772
308.056	273.302	28.587	79.966
309.733	274.156	28.817	79.034
309.650	273.670	28.415	81.891
310.540	274.097	27.636	80.105
308.121	273.447	29.203	79.470
308.064	273.299	31.379	78.683
312.745	272.968	27.006	81.420
308.598	273.769	28.323	77.395
310.684	272.849	29.313	79.075
308.077	272.371	29.407	78.506
305.902	271.097	32.341	79.620
305.466	271.043	30.444	80.480
299.331	269.115	33.103	78.951
303.349	268.533	30.310	80.712
300.157	264.849	33.967	81.946
296.288	263.480	36.377	83.409
302.699	262.293	29.965	82.150
304.422	263.250	29.414	83.966
306.735	264.282	29.399	80.713
303.407	264.679	31.191	81.880
302.155	262.954	30.582	82.201
303.873	262.143	30.434	83.766
308.619	265.183	27.966	82.542
303.527	266.467	29.198	80.344
306.273	266.470	29.039	81.371
306.036	265.988	26.381	82.800
304.934	265.181	28.710	80.069
298.008	262.809	30.331	81.867
284.201	254.507	24.457	84.868
290.759	264.107	36.536	82.714
296.797	265.148	29.285	85.315
282.397	258.625	27.052	85.878
295.226	267.649	32.860	84.238
280.505	258.384	27.960	86.990
290.088	268.036	35.958	83.679
282.901	260.273	31.012	82.644
280.740	261.592	27.304	79.045
277.488	259.110	29.055	84.226
277.572	256.460	27.546	83.855
276.334	256.096	29.889	83.554
285.836	260.195	33.699	83.185
295.338	261.682	28.214	80.829
290.738	260.741	30.414	79.575
284.183	259.272	33.563	80.656
290.451	259.935	29.940	82.059
276.232	259.872	30.654	81.429
273.916	260.158	31.066	81.618
273.814	265.735	31.673	80.633
275.850	271.766	30.106	78.111
276.926	272.272	29.538	80.154
277.089	273.505	30.328	81.400
285.156	277.300	29.050	81.096
269.979	275.321	32.354	84.011
271.593	274.174	28.814	79.920
269.344	268.839	26.711	80.858
268.840	272.128	29.839	82.849
272.516	278.527	38.143	80.806
287.052	278.068	27.971	85.891
292.058	279.839	34.362	80.719
293.589	278.711	36.908	83.647
297.294	277.378	37.924	81.265
294.854	277.481	32.731	86.698
293.183	278.122	32.361	81.555
298.710	276.874	35.897	80.162
297.394	280.177	34.027	86.498
299.614	276.170	33.953	80.709
292.035	273.924	33.438	79.315
291.526	268.457	34.344	89.729
292.822	272.373	31.719	77.686
290.613	271.901	29.349	83.303
291.735	275.511	28.958	78.776
289.994	279.067	29.088	75.274
291.969	279.824	28.298	75.699
290.206	283.038	28.133	76.443
289.040	282.434	28.857	77.162
288.158	282.389	28.867	73.472
284.804	280.732	31.640	75.198
283.951	282.604	31.792	75.803
282.673	281.799	32.595	73.336
283.746	281.066	32.392	79.168
282.861	278.556	32.325	80.286
285.238	276.817	31.788	84.245
276.929	278.658	31.630	81.034
284.553	280.196	30.483	79.095
270.206	278.820	28.563	78.387
279.591	281.634	32.790	81.906
281.642	281.836	32.867	81.163
284.802	283.208	30.702	84.654
280.777	283.580	32.831	85.767
282.370	284.986	31.340	87.247
267.471	283.963	28.959	85.511
285.793	290.330	28.042	86.631
289.387	294.908	26.475	85.112
273.171	292.313	26.071	80.598
282.998	295.877	29.554	83.607
282.029	296.407	29.671	85.977
278.258	298.507	31.911	87.559
284.357	302.459	26.898	86.446
289.448	307.275	25.142	86.427
289.079	310.576	25.343	89.626
265.414	298.192	27.663	86.613
262.457	299.484	29.561	83.053
260.509	298.266	31.112	83.340
263.232	298.175	29.092	84.220
259.793	298.206	29.535	84.369
265.165	295.958	32.475	87.630
272.884	296.721	38.873	86.756
263.411	286.427	35.890	88.647
268.355	289.358	39.177	88.101
250.087	278.491	37.727	86.131
259.907	276.190	33.383	84.478
261.627	271.005	30.741	84.029
268.612	271.114	33.901	84.763
274.568	271.682	37.868	82.680
278.654	268.949	41.127	83.673
274.816	260.353	37.837	84.775
272.040	258.757	32.898	78.748
265.537	254.981	37.559	85.339
279.288	254.428	36.477	78.749
277.146	244.610	35.632	84.374
282.222	252.743	38.583	87.785
294.967	282.094	34.551	100.390
290.730	255.306	37.859	82.351
281.165	250.767	39.251	78.798
284.093	239.535	35.603	86.142
288.783	244.621	33.694	80.297
292.946	244.990	37.475	86.359
306.294	242.507	35.982	84.713
298.720	243.356	38.503	90.168
320.837	248.895	33.934	86.066
328.688	250.649	34.854	84.085
334.568	252.745	33.532	81.764
332.365	252.257	36.418	78.944
345.222	259.172	30.211	81.822
345.081	260.296	29.156	83.616
345.785	260.668	28.061	87.791
344.991	262.618	28.930	85.911
344.156	263.181	29.618	83.839
345.936	259.757	28.012	85.653
342.896	261.208	28.498	83.270
334.682	262.250	32.077	82.260
329.161	261.905	32.198	81.486
328.636	258.666	29.790	84.584
327.095	257.234	29.088	85.843
322.988	259.413	30.057	83.209
327.660	261.268	28.462	82.249
327.128	259.173	28.242	80.884
326.669	258.102	27.940	79.355
324.893	257.642	29.255	73.446
324.814	257.397	29.623	77.815
321.859	253.943	32.725	80.502
322.260	255.239	29.550	78.510
322.972	257.046	29.260	77.050
322.932	257.367	27.758	74.581
323.751	258.591	27.786	78.040
322.883	260.574	27.933	75.838
322.880	261.542	28.576	75.741
323.491	261.879	29.268	76.778
322.125	262.661	28.991	75.612
321.606	263.857	29.006	74.374
320.973	263.549	28.371	71.325
322.340	264.259	27.878	70.799
320.429	264.645	25.689	70.962
323.656	264.777	26.078	72.534
325.431	263.476	25.567	77.177
324.542	263.868	27.064	80.809
322.300	264.563	30.421	82.521
321.313	263.379	30.838	84.386
321.865	260.355	29.878	84.253
323.242	262.919	28.257	82.669
320.515	262.190	31.189	83.348
323.156	257.440	28.518	83.873
324.560	261.494	26.403	84.144
326.728	262.375	27.543	82.645
323.556	260.643	30.908	81.813
321.458	261.036	33.040	85.984
327.627	261.814	28.284	88.175
326.764	266.100	28.157	83.128
326.717	266.762	26.993	82.518
326.749	266.079	27.128	80.342
326.698	266.955	26.911	79.694
326.294	264.854	26.940	82.139
328.178	266.901	26.547	84.241
325.996	260.553	27.607	86.666
327.422	263.587	26.812	85.571
323.841	265.460	28.551	81.398
322.355	266.398	29.636	79.993
323.015	264.240	28.982	78.656
322.831	265.391	29.261	82.085
322.827	265.367	28.773	79.697
327.745	263.233	24.719	81.390
324.764	264.373	26.977	82.021
326.723	262.360	26.018	84.529
325.466	262.918	26.082	81.854
325.862	262.665	26.785	82.695
325.424	263.686	26.579	82.208
326.771	264.443	25.602	81.134
325.783	263.402	25.480	80.776
326.802	263.448	24.870	81.237
322.168	260.221	28.001	82.289
324.051	259.298	27.035	84.606
322.941	262.296	28.629	82.266
323.750	261.970	28.673	82.794
323.007	260.807	29.224	82.077
324.003	261.495	27.310	80.282
323.254	261.384	27.526	79.712
322.429	260.354	27.613	80.465
321.412	260.348	27.437	80.544
321.510	251.264	26.549	79.564
319.585	254.807	26.735	78.441
319.910	254.871	26.800	79.192
315.236	252.220	28.871	83.755
304.742	251.455	33.204	82.542
