515.000	183.000	71.000	70.000
511.867	188.224	77.776	62.035
510.272	188.467	78.061	61.608
508.043	187.590	78.859	62.299
504.718	184.567	80.648	64.283
504.254	184.397	79.686	62.728
503.358	181.994	80.510	65.721
502.755	180.987	80.864	65.950
502.785	182.909	80.335	63.965
502.398	181.979	80.707	64.645
501.729	181.811	77.896	65.718
501.053	182.268	79.674	66.121
499.810	182.113	79.771	66.395
498.700	181.960	85.223	66.539
495.298	180.642	84.835	67.044
493.804	173.609	83.731	72.498
491.566	166.273	81.915	86.865
496.978	154.462	89.797	105.352
500.309	156.384	91.431	108.911
509.980	189.292	103.453	97.596
519.898	186.380	99.921	79.122
533.867	184.111	92.992	80.214
547.387	178.219	88.366	72.395
545.162	174.309	87.460	70.013
551.504	175.067	82.247	70.685
516.895	182.426	79.152	68.290
505.156	195.955	81.227	56.773
482.877	184.336	91.048	70.100
491.503	177.221	90.180	77.552
496.722	177.045	92.763	79.619
521.170	171.583	77.454	80.117
535.508	178.451	77.790	71.045
547.272	186.455	80.691	78.119
541.020	190.759	81.266	76.912
531.744	184.877	76.800	79.955
530.616	188.171	79.813	82.121
572.268	214.474	85.313	91.373
553.037	227.689	95.936	91.407
544.043	201.484	89.950	109.196
547.864	210.308	87.757	105.302
537.318	184.952	71.499	101.260
532.691	194.929	60.229	94.999
532.040	189.393	61.501	92.581
535.078	197.513	59.446	85.600
538.951	191.731	59.358	94.694
545.532	248.500	70.000	76.102
550.443	263.108	68.633	66.628
553.804	267.062	65.543	62.926
549.735	261.599	68.524	64.217
538.327	193.974	55.725	76.477
525.348	196.720	68.647	77.260
504.292	185.501	83.798	71.401
468.150	162.020	93.847	87.121
443.357	123.044	106.861	107.539
447.166	90.224	82.676	100.728
420.305	75.052	89.673	105.877
391.658	41.226	89.825	110.326
394.040	25.689	89.692	106.463
321.290	31.651	76.869	76.795
326.110	24.817	66.519	74.527
328.955	20.582	61.283	78.884
324.126	35.319	73.927	82.775
316.400	44.893	86.256	79.139
310.228	64.234	87.086	85.991
299.184	83.379	72.530	92.311
279.748	121.069	72.247	106.486
265.126	179.057	83.026	97.667
270.187	237.230	103.073	99.023
260.451	257.504	120.670	82.651
278.179	259.529	109.202	79.584
278.254	258.975	98.016	79.850
285.803	248.980	90.413	82.772
288.836	240.970	91.018	96.061
310.652	204.684	101.819	103.328
358.385	185.750	107.419	87.418
456.431	184.067	85.909	84.721
452.946	189.715	78.587	74.567
465.119	187.851	73.007	74.744
475.378	198.293	71.699	76.633
484.973	216.239	75.469	72.069
505.582	245.732	71.298	70.558
515.666	249.344	69.391	71.519
523.326	256.137	67.213	68.461
525.394	255.240	69.747	69.521
526.425	245.446	64.851	73.925
514.461	200.501	68.706	95.380
490.076	182.076	86.958	89.566
470.485	171.396	94.650	86.103
426.376	164.449	146.508	91.253
373.319	128.351	109.415	108.172
370.711	111.963	129.726	96.397
484.516	168.554	109.814	80.480
503.051	171.231	93.384	78.652
515.542	173.023	84.867	77.390
516.508	165.998	83.252	82.547
517.394	167.411	86.611	82.355
522.122	164.126	84.104	85.021
523.635	165.256	82.153	84.404
521.164	163.482	78.681	88.698
507.594	158.872	81.891	91.600
496.499	175.241	90.791	80.780
475.300	179.836	111.946	77.360
499.153	174.699	95.159	82.582
504.535	183.247	88.488	74.552
514.701	186.161	79.744	71.359
534.146	178.080	95.274	74.346
521.081	175.706	91.138	81.995
517.697	177.115	87.232	84.443
519.859	176.779	79.442	84.861
522.543	180.008	76.076	79.891
516.828	181.570	82.929	73.874
530.046	188.780	90.036	75.156
564.529	192.120	82.335	88.884
540.349	195.673	73.793	77.238
539.697	197.712	68.046	76.503
532.890	190.607	65.948	78.838
537.980	197.607	68.787	83.609
529.731	192.439	73.204	74.169
520.421	188.092	96.066	89.918
509.108	183.138	107.712	97.710
524.818	185.287	92.646	90.785
524.100	182.181	89.700	90.233
523.726	176.978	84.080	97.838
523.143	172.392	82.561	96.182
520.880	176.640	90.552	92.194
542.847	158.876	91.678	90.700
539.732	148.934	85.070	98.721
527.359	163.415	90.573	88.223
518.007	166.709	80.651	88.995
529.352	170.762	69.033	84.103
524.634	169.402	75.792	82.384
508.627	164.491	81.430	90.330
515.373	158.640	75.106	99.292
518.292	164.030	72.437	93.105
516.783	174.035	75.808	81.008
489.806	158.869	92.789	87.037
467.647	154.633	107.305	86.533
416.912	95.092	115.740	91.209
421.114	88.933	99.493	107.755
401.743	148.580	111.103	69.354
320.882	181.025	99.634	57.572
279.646	174.952	83.873	63.529
261.655	175.377	79.155	66.305
237.362	176.604	81.770	67.559
221.095	188.605	79.705	69.504
221.421	188.614	80.078	77.780
216.252	206.588	86.687	68.282
220.750	208.877	89.298	66.810
232.523	208.236	98.637	67.169
234.471	205.516	113.016	69.401
260.434	206.452	125.383	82.210
321.894	204.489	105.698	99.262
366.504	188.200	103.721	77.881
369.952	171.909	95.789	87.316
365.935	182.654	140.147	88.706
491.375	184.878	109.196	81.769
511.653	193.303	103.739	73.661
519.908	197.544	94.664	71.983
513.745	196.480	110.909	73.692
530.653	224.098	115.068	61.553
541.859	202.887	86.580	69.774
538.440	185.002	84.312	76.164
534.617	180.261	83.321	78.399
519.637	174.106	85.226	81.713
502.035	169.268	93.644	83.446
493.611	175.665	96.352	76.973
504.003	186.342	95.350	66.197
396.513	88.122	71.733	92.343
378.953	74.545	80.828	99.172
371.865	76.993	84.802	100.918
349.287	80.740	85.029	94.932
355.967	83.594	77.298	92.190
361.367	81.215	73.051	92.563
366.664	84.275	70.895	90.526
369.913	83.909	69.735	94.162
371.381	82.818	69.125	91.819
376.032	84.848	67.827	94.728
381.241	82.922	65.485	92.550
382.230	85.846	69.541	90.519
386.574	87.815	69.888	88.654
394.028	87.268	70.920	89.671
401.738	93.359	66.979	89.951
410.237	97.634	64.148	87.822
415.239	98.125	64.369	85.996
413.950	101.104	72.305	84.214
424.588	104.616	69.706	85.684
427.515	106.090	66.382	81.167
435.972	106.215	69.004	81.487
440.313	101.072	69.537	82.526
444.643	101.355	70.328	81.805
448.173	102.972	70.797	80.494
451.701	104.486	65.716	79.675
454.460	107.794	63.529	76.480
455.113	91.452	60.877	89.236
456.056	92.422	59.187	90.316
455.997	94.012	59.983	90.968
455.864	94.491	60.888	90.325
452.764	93.164	63.821	90.405
449.948	91.681	67.063	89.401
449.134	91.161	68.585	89.833
446.280	88.790	71.967	88.583
445.022	86.213	73.908	89.288
447.593	84.186	74.050	89.368
451.606	82.702	74.847	89.334
462.539	84.808	72.913	86.126
469.523	83.099	69.454	84.166
475.456	82.780	65.861	80.514
463.074	74.157	77.700	82.461
448.978	63.339	90.078	91.671
450.638	48.475	91.142	104.879
436.067	49.700	95.933	99.178
436.308	43.521	104.809	91.051
451.294	20.476	96.013	97.880
460.341	15.745	87.229	94.838
424.506	15.254	103.576	92.959
436.190	19.214	110.696	80.514
466.496	14.093	87.340	97.651
476.980	18.215	80.899	88.266
482.812	19.337	75.208	96.740
499.373	27.432	64.960	107.752
500.637	47.552	71.672	121.837
508.480	85.114	72.840	95.027
522.371	131.861	66.906	96.623
527.808	163.987	70.682	84.632
545.137	187.647	66.868	77.723
554.133	214.187	69.558	65.868
563.858	233.774	65.898	53.363
571.717	244.026	60.630	47.561
574.766	248.081	56.111	45.329
576.546	246.744	54.442	44.999
575.694	242.131	53.613	47.308
567.307	234.113	61.570	45.271
579.786	231.362	53.092	43.992
583.513	231.835	50.494	39.958
588.044	233.997	48.021	41.990
588.164	239.801	50.427	43.673
591.625	247.832	48.378	43.948
586.200	251.532	51.869	41.811
577.802	247.794	54.114	46.044
557.210	234.238	60.688	52.147
540.719	221.790	63.486	60.991
511.333	200.020	71.991	69.167
493.264	171.681	76.117	80.864
454.906	123.222	73.229	95.462
432.121	91.584	79.056	104.290
410.065	84.476	72.427	89.773
356.696	97.852	82.943	90.384
369.349	69.645	77.770	96.077
353.043	51.274	80.696	103.867
341.475	54.652	94.127	100.850
336.707	57.473	79.656	92.383
333.425	65.130	86.405	86.119
351.282	74.153	91.079	87.688
364.959	85.777	101.218	83.006
358.564	94.240	105.079	89.450
304.212	168.042	129.425	60.281
244.126	189.187	128.618	47.996
214.797	192.290	117.155	51.024
193.399	189.656	105.125	56.139
162.913	190.442	97.144	52.215
151.504	187.397	91.189	54.432
138.489	183.648	96.376	57.138
122.055	175.687	93.214	62.881
105.995	168.032	80.723	66.423
100.917	157.776	77.160	70.526
94.717	145.804	72.736	75.861
84.906	137.322	73.950	76.058
77.927	136.468	72.193	69.311
75.529	134.319	69.449	66.406
75.596	137.692	68.375	63.474
74.648	134.060	75.371	67.347
75.180	133.750	85.735	68.686
80.686	137.143	97.446	65.968
91.317	141.099	111.642	63.044
104.093	143.958	122.995	59.635
114.232	144.264	135.791	60.590
142.330	133.755	127.010	72.037
194.828	127.581	110.839	83.415
246.006	123.186	90.842	89.679
290.801	109.995	68.535	88.892
307.887	107.935	67.671	81.899
330.360	99.926	64.804	82.367
341.645	99.140	70.955	92.368
345.232	86.079	81.737	80.659
354.608	78.557	90.367	87.314
353.128	51.358	101.952	98.548
381.736	26.232	89.006	118.380
377.923	23.786	90.217	115.783
384.348	22.968	86.400	118.130
365.290	54.111	70.910	118.061
368.676	86.224	61.408	95.900
379.573	83.728	52.776	94.270
384.093	88.821	52.257	89.465
385.311	86.576	53.785	90.311
388.364	83.689	53.485	95.748
392.223	79.628	54.622	94.338
394.336	78.582	54.710	98.252
395.956	76.687	50.809	94.087
394.925	71.022	52.499	95.921
397.165	70.362	50.044	93.287
396.873	70.853	49.725	91.673
396.725	61.968	49.919	97.735
394.388	64.114	52.172	94.646
394.670	58.307	52.399	98.520
394.889	63.256	53.517	95.214
392.849	58.444	54.202	97.131
380.313	53.606	60.771	102.351
360.182	44.872	64.816	99.221
343.431	34.165	68.741	104.234
336.903	35.005	70.015	98.798
330.405	31.317	72.729	92.071
334.062	20.848	69.296	87.594
344.736	16.637	61.936	74.914
353.555	16.153	64.638	60.952
364.954	13.342	61.447	55.117
376.318	7.120	60.249	58.016
400.280	79.638	57.381	61.135
392.972	77.032	58.305	67.549
387.495	76.818	60.064	90.155
382.196	71.998	63.031	100.187
380.497	65.712	63.754	106.130
381.991	66.698	61.403	102.316
385.996	65.807	61.426	99.309
391.305	67.639	59.231	92.715
396.032	62.838	55.725	97.130
395.292	57.864	56.657	100.430
394.881	47.754	62.401	105.281
398.072	53.593	59.641	101.785
400.461	56.472	56.118	97.840
401.449	53.028	54.703	99.705
404.434	55.085	53.555	97.643
401.075	51.700	54.197	97.260
402.395	47.206	52.260	98.234
402.229	42.923	51.950	97.713
401.940	38.408	52.539	99.122
401.054	35.355	49.318	99.822
372.016	34.026	75.105	100.483
350.629	37.469	78.974	113.746
350.738	47.049	82.342	107.729
358.919	35.733	82.319	104.655
373.893	35.852	70.602	92.725
361.881	72.536	65.692	101.126
367.699	46.786	70.787	121.538
360.198	80.161	63.363	99.685
364.306	83.572	57.142	97.209
361.209	61.946	73.005	83.112
366.461	77.958	54.710	98.564
368.406	67.747	64.799	101.981
375.101	70.359	70.097	99.698
380.184	85.031	64.246	102.951
382.948	98.070	62.323	99.999
389.549	104.137	59.155	98.983
394.740	106.865	56.795	95.711
399.841	104.328	54.872	96.060
404.094	100.536	54.205	89.756
404.790	101.871	55.862	94.298
403.880	97.913	56.315	98.641
404.192	95.773	54.505	96.524
401.340	92.099	54.164	97.387
398.750	89.322	54.163	99.269
396.665	87.199	52.340	98.721
392.523	82.960	54.344	101.124
390.713	80.689	53.784	100.491
388.511	80.434	54.785	99.742
386.651	79.312	55.869	94.518
386.422	76.568	55.111	95.785
384.024	75.448	56.055	97.223
383.780	75.503	55.375	96.361
383.317	78.248	53.188	94.461
380.500	83.188	52.950	92.865
379.641	86.905	52.506	93.806
373.260	91.965	56.768	94.551
364.490	102.820	59.476	92.869
356.537	108.744	62.845	98.380
344.246	119.469	66.263	99.023
334.096	130.387	67.395	97.449
327.904	140.538	63.841	97.752
322.695	148.663	61.448	93.130
314.381	153.709	67.420	86.813
308.650	154.181	66.743	79.873
306.560	151.823	66.995	85.730
300.478	147.720	69.962	106.279
293.086	132.336	72.970	111.966
305.968	113.865	69.880	111.195
397.560	164.389	77.780	95.338
393.322	165.020	71.814	93.310
384.935	171.229	70.723	93.156
372.721	165.890	65.395	95.681
363.221	170.420	68.179	86.823
352.494	159.658	70.938	83.553
344.744	157.916	70.409	74.885
338.810	149.574	67.289	74.216
331.502	138.102	61.944	79.479
332.951	135.807	60.823	76.929
333.021	134.488	59.377	73.359
336.457	130.360	58.504	65.932
342.573	136.663	59.635	67.384
362.832	141.892	62.833	80.234
373.115	144.214	73.305	82.239
400.830	148.559	74.130	72.884
418.838	155.026	76.651	77.528
444.774	158.651	77.123	86.221
477.772	161.342	78.215	87.777
502.410	176.263	83.470	78.902
511.787	176.806	91.270	80.023
525.395	183.558	97.886	73.493
543.445	176.670	92.723	77.990
559.214	169.195	89.107	83.883
577.257	169.338	73.915	87.802
580.805	161.330	69.735	94.193
571.301	164.854	73.465	86.875
556.746	157.043	81.534	86.311
521.467	137.794	98.497	92.209
485.396	127.260	90.108	95.337
452.514	122.749	77.413	91.524
425.408	118.354	95.356	75.212
392.645	122.575	90.407	85.689
363.802	104.698	86.554	84.597
348.378	98.401	83.686	90.133
341.967	94.714	73.206	101.543
330.152	98.205	76.339	98.892
324.991	97.952	73.572	100.428
322.601	97.298	71.759	100.877
322.573	95.287	71.693	101.925
326.237	96.798	69.132	102.339
332.645	96.168	65.800	97.423
339.720	93.888	71.997	94.069
364.060	94.315	69.768	95.981
378.548	97.289	83.948	92.223
376.472	103.804	94.945	103.758
386.320	105.890	116.400	103.412
451.531	107.294	99.198	109.393
496.828	128.467	96.831	105.090
517.871	146.414	98.861	91.342
547.729	137.347	86.141	97.231
562.756	156.350	92.261	90.958
584.597	164.652	82.999	88.940
595.404	179.227	77.073	88.383
583.295	192.172	87.591	88.861
568.146	203.142	98.522	83.554
558.701	206.380	99.221	83.659
535.712	217.923	104.098	76.854
527.150	219.728	96.060	74.725
520.730	225.785	90.185	64.545
505.975	227.563	94.763	70.269
503.325	227.741	91.672	72.673
502.105	220.595	90.387	81.600
503.396	209.244	84.507	87.160
499.523	200.795	83.071	89.621
488.730	189.023	84.546	96.325
466.139	178.822	91.902	102.066
449.231	165.049	103.188	110.125
419.592	139.315	90.721	122.977
404.671	117.158	93.827	127.241
407.733	119.661	94.478	99.826
375.774	79.193	106.037	119.893
376.919	56.336	93.157	137.329
411.255	71.915	75.493	133.248
420.921	80.538	75.958	124.863
427.828	84.172	76.703	119.833
427.123	91.883	74.880	123.542
427.887	91.869	73.141	119.302
421.084	93.608	75.570	76.287
417.628	96.551	73.018	66.173
394.171	61.272	79.574	102.884
384.830	32.263	82.199	129.065
367.465	33.693	111.999	142.458
410.410	27.623	90.987	118.197
430.424	24.414	83.832	122.372
447.233	31.105	89.157	121.433
465.843	26.500	88.126	129.080
487.313	36.200	99.754	128.513
516.547	52.346	101.111	127.254
544.243	65.448	95.883	126.625
566.464	81.558	96.164	123.934
585.256	88.606	91.743	129.795
599.292	95.798	93.535	132.718
623.325	106.598	87.582	129.143
635.299	111.407	87.308	129.103
643.354	117.676	87.211	127.106
644.272	120.572	90.968	127.107
644.706	121.596	92.632	127.119
645.798	119.424	91.672	129.234
640.896	110.383	94.370	134.925
630.540	96.878	96.101	146.248
617.990	87.141	98.561	145.853
595.612	73.377	109.511	146.417
558.267	61.677	109.857	140.052
525.059	61.983	130.799	120.984
488.403	52.507	136.992	121.762
469.210	43.110	146.772	111.695
445.970	46.692	138.387	118.384
388.586	48.450	112.272	131.820
345.570	40.320	115.149	140.998
314.198	56.415	119.407	129.332
291.149	69.397	119.867	128.828
258.717	67.009	117.172	128.247
214.353	55.443	97.353	144.305
195.420	60.261	96.371	150.690
185.077	63.360	102.267	149.606
181.035	68.213	91.462	152.468
181.218	70.189	96.193	149.755
191.219	73.534	109.715	135.624
216.255	70.509	112.388	144.656
252.190	101.646	142.050	132.716
263.841	161.682	162.133	148.202
290.102	82.205	151.464	167.131
402.921	73.686	155.402	162.510
457.703	78.428	141.229	154.234
511.896	84.766	124.981	144.301
560.864	84.304	117.502	141.876
589.539	86.768	123.593	142.315
623.202	89.159	123.144	137.861
626.643	96.650	125.406	141.624
625.686	107.948	129.076	137.417
624.254	119.365	131.257	134.596
620.457	132.789	130.961	131.312
607.185	146.880	134.659	127.637
591.361	156.202	140.657	124.686
579.067	164.519	145.991	118.972
566.912	169.397	155.081	115.713
555.576	172.021	158.695	117.697
550.850	173.798	163.461	118.167
545.821	172.380	166.252	123.978
541.174	171.396	170.790	129.192
535.644	169.751	171.773	132.137
517.914	168.329	177.484	132.495
494.009	164.540	172.862	134.134
471.213	157.998	177.176	137.435
443.336	152.040	174.763	138.009
406.076	147.991	185.955	131.963
400.799	136.166	183.044	123.644
266.552	228.236	139.277	112.030
310.885	231.510	134.806	98.531
346.723	244.305	137.355	86.536
366.077	243.035	134.840	84.206
355.262	237.725	145.423	81.722
338.135	236.538	174.574	82.543
352.921	235.505	176.649	90.232
317.612	244.319	187.663	90.936
210.727	141.993	157.735	139.060
247.325	154.578	138.343	134.511
303.058	169.133	145.824	135.010
367.740	186.593	167.456	139.938
414.219	192.752	160.600	139.923
483.200	200.860	149.304	143.161
518.125	213.483	165.345	135.687
558.514	226.622	172.778	129.299
594.076	236.992	198.481	121.059
624.435	241.964	198.233	116.399
635.788	250.534	209.038	113.037
648.520	254.743	208.591	110.858
655.604	261.328	209.473	107.378
657.163	264.952	212.665	107.717
650.822	268.233	211.274	105.592
642.090	272.193	221.425	106.147
631.362	274.788	220.126	105.888
625.196	279.267	213.950	105.943
609.101	277.609	213.526	110.137
594.093	267.163	213.627	115.238
579.210	255.469	201.324	121.132
553.875	243.674	201.304	126.184
535.259	240.647	205.618	126.693
471.552	224.170	167.607	136.925
457.996	199.983	167.056	129.090
387.672	224.200	138.553	124.638
324.513	222.637	134.613	118.182
283.806	229.491	119.755	104.151
224.141	199.061	134.251	108.170
187.507	183.089	152.218	118.745
151.849	167.704	168.697	129.829
119.491	157.339	178.100	139.028
114.608	155.138	180.987	144.683
118.860	159.818	180.389	147.635
131.117	173.698	195.628	147.408
175.394	193.981	177.122	141.311
194.991	205.128	184.418	138.279
155.725	220.728	212.401	136.732
328.653	204.565	190.779	180.554
318.532	79.611	178.882	227.837
438.872	227.959	210.229	144.193
510.552	243.970	203.328	153.757
519.897	227.532	224.457	162.330
597.111	259.343	231.971	124.167
639.802	249.097	214.105	128.624
665.722	238.594	217.554	125.926
681.825	223.568	216.929	133.395
688.104	216.157	224.754	131.892
688.541	207.271	235.935	138.068
678.403	203.962	241.003	144.175
667.163	204.887	247.013	146.962
649.558	206.185	255.509	155.654
629.357	215.787	255.977	157.264
604.945	236.427	266.122	150.841
573.978	247.765	270.921	147.262
544.387	257.098	276.543	145.769
511.180	249.482	276.168	159.883
465.467	227.132	274.100	189.730
409.446	196.730	249.777	215.235
352.785	162.836	233.221	230.766
260.610	122.179	265.965	206.661
242.216	86.060	223.639	227.345
210.999	283.151	288.010	175.826
221.767	296.921	291.988	150.838
264.412	264.181	300.945	171.857
288.196	241.178	295.344	179.804
311.360	217.444	307.909	193.050
336.353	209.445	280.962	195.246
334.547	190.968	271.507	218.023
325.806	192.631	267.758	213.745
317.297	189.622	224.573	174.078
260.414	194.673	216.415	194.055
203.793	232.887	218.369	193.966
139.595	235.197	176.889	189.971
57.826	242.635	189.775	187.253
9.310	241.419	189.329	179.792
0.000	241.355	164.314	168.043
0.000	248.540	134.968	155.470
1.173	261.766	117.238	135.766
0.711	263.439	110.940	127.738
0.062	268.054	114.850	115.293
0.000	268.356	122.027	110.711
0.556	269.185	134.549	108.155
0.531	271.684	153.027	102.973
0.000	271.836	178.877	95.062
7.642	275.061	197.448	87.642
12.205	274.666	222.052	90.655
38.339	276.202	213.027	89.892
81.720	272.844	185.302	88.753
103.206	262.045	172.679	101.111
111.929	259.375	155.399	93.628
102.566	257.829	162.326	86.193
90.848	250.311	174.301	80.675
77.437	239.325	168.761	83.801
64.399	229.364	169.717	88.635
68.712	219.363	154.744	100.073
65.947	209.194	152.171	112.083
71.425	203.257	145.665	119.048
88.466	189.575	131.322	132.521
110.744	186.079	121.786	134.316
132.720	178.340	118.880	139.544
154.784	170.533	119.126	146.187
170.833	170.143	125.122	147.949
209.344	151.185	115.431	147.550
219.873	142.063	116.102	143.135
239.253	147.019	106.540	149.207
251.662	139.224	98.914	139.582
249.474	152.488	105.319	156.346
240.553	170.578	109.440	141.391
229.641	176.131	110.287	140.472
206.637	188.605	114.213	126.955
188.514	204.361	114.656	117.475
164.420	217.921	123.809	107.934
148.802	230.178	126.988	100.174
138.828	240.122	123.301	94.309
132.717	242.048	123.203	95.876
133.761	245.575	121.054	95.366
137.980	247.970	114.711	95.081
145.779	252.530	110.067	91.728
151.235	250.063	107.845	95.590
161.778	241.416	103.694	105.148
174.281	234.196	100.900	113.185
182.898	216.652	102.777	130.003
194.689	190.505	104.076	151.150
203.393	180.861	105.976	149.903
214.982	164.337	105.568	159.586
225.582	151.427	107.196	160.651
227.659	146.112	108.308	136.462
260.343	147.551	120.722	121.780
283.056	138.955	103.114	131.230
305.454	88.150	96.329	166.594
312.411	83.107	99.381	206.880
314.564	47.270	105.606	233.494
331.618	34.950	113.116	199.019
328.082	46.118	109.232	231.340
325.087	44.561	134.892	230.353
347.951	30.352	140.228	185.777
379.215	44.346	121.437	152.977
405.124	49.911	106.270	139.459
424.466	45.606	104.315	140.322
440.159	48.447	108.237	135.551
454.280	42.746	112.785	142.374
459.060	43.286	126.260	142.496
470.971	40.335	127.822	146.472
461.556	41.552	142.337	145.073
467.960	36.346	142.889	140.767
483.285	37.664	125.012	132.760
471.065	39.650	136.612	146.516
471.510	40.339	131.188	142.007
457.093	50.055	126.329	172.730
444.160	63.045	128.901	180.515
410.944	74.931	156.894	183.098
428.704	77.349	134.284	196.147
429.623	116.540	120.688	175.611
424.166	121.739	114.859	177.064
413.247	105.572	116.948	179.366
410.669	165.171	113.904	157.177
400.646	179.258	121.902	148.009
393.675	186.261	118.268	143.062
384.868	180.355	114.273	151.435
376.055	187.514	119.633	147.513
372.419	176.995	118.520	159.049
372.676	178.096	117.968	157.983
373.391	155.948	116.245	173.228
373.506	140.100	117.344	185.474
354.293	122.559	136.401	195.902
350.077	122.516	145.516	196.130
332.260	106.436	151.392	203.477
330.883	109.291	141.344	215.899
329.816	91.801	179.331	228.015
313.105	110.206	175.108	225.495
318.729	126.898	147.827	234.419
314.528	140.245	146.612	217.343
305.018	131.193	167.133	171.853
402.597	44.030	127.953	224.078
403.211	41.028	138.740	199.220
408.532	32.883	142.311	179.806
279.277	183.338	160.577	149.802
281.195	184.207	149.922	143.338
264.338	181.975	145.764	131.654
266.611	171.388	135.603	114.073
264.262	163.435	126.619	113.200
263.946	153.632	122.502	111.754
261.380	135.083	123.336	117.088
261.898	111.097	118.835	112.844
251.947	74.402	120.218	128.238
246.200	66.298	119.250	118.339
249.370	81.637	107.996	184.484
242.028	63.430	126.815	177.043
245.032	45.208	134.639	177.192
234.466	35.561	151.807	183.947
222.820	29.870	212.692	195.051
340.968	35.604	178.309	244.619
330.533	41.950	164.080	210.160
324.898	64.091	165.143	179.813
300.670	65.751	178.803	179.778
175.970	47.605	160.985	159.534
181.949	52.804	152.573	151.647
162.147	49.696	159.660	137.529
153.832	32.336	155.292	120.047
152.116	42.022	150.487	109.915
147.962	77.214	139.929	88.429
147.913	21.940	130.279	133.116
149.621	74.930	140.301	148.089
145.034	25.020	177.187	187.237
184.841	74.522	165.403	262.281
382.607	74.102	176.645	251.216
383.256	86.557	198.450	239.056
383.713	78.457	195.689	252.618
412.712	121.960	185.699	255.414
419.992	135.115	186.780	252.351
421.193	139.342	194.444	264.238
431.797	153.634	191.395	279.049
437.267	161.079	192.666	267.390
445.034	172.809	191.742	274.148
444.951	176.640	203.264	289.165
453.124	180.344	206.314	275.231
462.031	188.238	214.906	267.047
474.542	202.993	224.309	301.179
486.068	226.676	232.576	320.347
403.413	266.318	316.658	265.709
294.518	371.495	214.711	200.807
309.341	358.069	183.383	181.405
292.064	329.385	176.181	181.376
266.226	307.557	190.956	188.312
240.280	281.412	196.738	190.811
220.508	280.830	205.470	173.359
206.309	268.790	203.316	184.191
188.477	254.067	213.950	184.858
187.169	242.160	225.318	187.209
187.041	233.210	224.374	183.227
478.548	390.842	197.763	185.158
473.033	368.073	198.330	205.871
456.139	355.618	191.665	213.186
434.209	327.453	198.317	227.906
425.941	293.047	206.768	224.081
248.640	356.359	216.195	209.065
260.321	394.725	209.472	179.567
270.706	419.907	208.230	154.346
309.646	401.879	180.480	160.418
301.788	442.549	193.567	133.451
311.256	439.468	177.018	136.532
318.233	435.325	169.217	140.675
314.655	426.285	174.257	148.037
309.450	390.288	173.123	179.203
304.693	381.385	182.857	180.471
301.344	373.335	180.314	180.714
302.720	359.028	175.924	171.625
296.661	331.907	177.269	167.522
289.408	299.964	167.079	167.922
276.629	279.979	183.060	168.003
265.292	239.573	178.333	181.977
256.291	206.549	181.996	275.172
258.020	133.166	193.234	312.680
261.194	98.549	201.717	289.964
316.588	87.440	205.051	254.811
326.398	102.648	211.730	205.096
368.099	90.974	180.049	157.980
375.258	85.411	159.919	130.461
366.113	56.050	174.769	120.552
360.928	15.312	172.448	138.707
342.411	34.654	172.074	127.969
335.513	70.822	166.566	112.924
314.913	77.606	148.953	137.042
260.833	67.566	182.362	207.585
334.658	191.201	173.045	232.041
335.777	180.463	168.987	209.112
297.966	162.748	198.260	240.127
322.752	151.326	181.061	230.786
261.039	167.803	213.971	224.411
260.976	161.572	200.791	230.318
271.797	156.378	181.245	253.039
274.354	184.862	169.349	232.999
286.998	191.016	182.072	193.847
362.943	68.122	146.144	226.676
369.081	60.680	152.224	198.029
307.891	263.013	143.647	152.438
300.473	264.293	154.301	131.082
290.093	265.372	166.597	126.727
290.206	262.533	171.250	126.387
264.199	265.181	192.152	123.408
248.349	256.721	204.036	138.910
251.018	244.070	201.213	149.052
250.750	231.026	198.761	159.072
257.703	211.302	177.542	165.663
269.269	191.013	153.215	175.818
316.998	151.644	135.612	195.127
324.089	122.875	193.563	199.448
355.707	120.151	185.978	199.926
391.871	134.595	160.372	177.788
430.678	162.747	124.466	187.488
433.009	188.088	117.802	171.792
445.493	200.555	113.813	162.806
446.190	204.016	112.967	158.547
449.318	201.357	109.396	157.910
445.971	201.631	109.370	155.621
444.310	185.399	104.167	160.468
443.050	190.952	104.058	153.705
444.021	178.360	106.843	153.337
448.063	156.545	107.584	160.487
444.073	136.437	115.205	167.707
440.909	112.605	122.235	169.833
452.964	85.965	112.812	164.010
442.830	78.540	125.050	170.537
441.348	71.435	127.052	171.962
448.889	66.255	125.990	162.299
453.014	70.874	125.019	157.662
454.730	78.663	129.064	162.976
460.710	90.462	128.867	157.978
467.218	108.062	123.489	155.881
473.258	113.404	121.632	165.034
477.642	129.918	117.964	163.214
477.571	139.134	113.122	169.966
475.865	160.839	113.254	159.477
472.791	182.870	104.478	150.426
460.995	198.507	112.496	144.174
461.093	204.144	111.856	145.842
453.386	213.236	114.374	141.982
437.993	219.702	114.215	137.666
425.577	222.043	116.188	130.095
421.338	217.556	110.318	133.829
422.521	209.202	107.994	139.485
426.430	196.651	113.747	143.578
442.936	183.704	131.516	147.040
469.814	184.136	130.376	140.031
503.280	178.927	128.832	138.560
537.983	176.011	126.121	134.670
569.356	170.577	124.852	132.505
596.436	167.619	120.706	128.360
622.719	170.558	116.005	121.723
637.412	171.387	109.511	118.512
646.427	171.359	107.934	116.690
648.928	173.234	109.280	114.422
652.211	172.749	108.436	113.770
655.614	170.792	107.826	113.787
655.752	168.651	107.603	114.817
655.302	165.540	106.244	117.681
649.254	156.252	107.804	124.771
635.630	149.569	104.658	128.438
610.812	143.308	108.957	127.438
572.079	135.394	127.891	124.960
534.050	115.663	118.377	133.928
507.361	115.094	128.199	124.396
478.064	118.094	114.286	122.464
464.458	131.953	125.845	114.394
453.636	138.840	124.819	109.956
437.107	114.407	92.086	122.507
438.159	110.612	84.542	125.668
389.371	145.654	115.035	119.314
412.497	167.342	99.160	116.443
437.470	163.093	95.422	120.247
428.524	130.629	115.348	123.299
453.307	152.330	98.451	111.261
459.422	150.001	95.372	107.769
467.090	151.022	90.224	105.671
470.887	160.700	90.833	94.703
481.220	156.269	81.875	93.105
476.287	145.255	89.486	98.806
457.944	126.812	100.354	110.844
460.944	114.085	96.131	121.608
458.451	93.617	101.878	127.197
457.569	95.329	105.335	127.743
455.552	99.711	99.026	108.514
453.221	108.684	101.794	98.765
449.286	111.090	92.426	96.353
439.465	111.246	94.865	88.912
434.524	108.898	91.892	89.079
432.852	107.544	88.584	90.581
421.149	118.386	93.776	79.900
407.321	117.186	90.802	77.348
375.482	121.254	88.757	75.090
359.718	117.417	95.447	75.895
343.843	115.162	91.417	76.257
320.147	114.307	97.163	71.313
301.804	115.385	105.411	70.325
289.086	76.110	128.668	97.477
271.155	62.147	126.709	83.892
245.337	68.900	116.149	81.227
262.292	66.955	162.768	95.278
264.327	57.329	152.604	149.508
226.056	99.985	168.216	128.446
196.083	91.057	119.708	109.061
195.889	110.748	119.622	88.487
180.989	122.546	105.352	85.059
170.040	125.067	111.242	89.269
131.164	168.755	101.022	80.375
114.671	164.184	103.097	91.777
90.496	188.461	105.702	78.951
85.736	194.449	102.693	78.008
75.679	202.226	103.704	73.627
51.953	204.003	108.474	74.126
44.437	206.115	107.914	71.580
45.505	209.179	105.698	69.106
45.214	211.277	101.729	65.637
47.983	214.344	102.899	68.800
55.811	216.470	111.822	69.048
75.236	228.341	106.948	64.613
85.163	228.577	108.939	68.755
91.357	232.772	121.195	70.167
106.353	236.183	140.014	67.948
147.921	244.442	145.843	66.050
214.748	249.304	132.489	70.777
246.770	258.425	144.238	65.801
344.583	247.021	101.024	65.665
405.423	232.466	84.928	75.579
422.921	206.399	122.920	93.535
565.528	184.319	113.829	90.625
597.573	195.292	99.019	75.951
615.784	195.499	91.602	68.708
616.558	193.413	82.276	79.189
611.159	191.653	84.736	82.682
606.570	193.804	92.891	92.324
601.059	193.888	101.317	93.395
596.654	191.732	104.493	93.671
608.734	193.822	100.492	85.868
594.073	197.811	117.788	73.765
547.855	194.500	143.858	66.238
584.673	188.504	116.909	73.693
603.615	180.953	97.189	75.068
594.466	176.613	95.559	74.852
601.366	167.592	89.451	80.707
530.489	179.302	102.019	81.468
509.949	142.803	121.302	101.035
448.173	158.208	141.038	91.286
443.994	173.395	141.944	95.977
403.236	140.600	154.713	104.822
419.047	176.046	131.517	100.363
418.574	170.712	150.251	97.779
375.403	146.205	158.754	118.194
190.658	207.822	119.880	96.531
208.510	215.746	101.812	82.341
213.828	228.672	91.460	74.490
217.954	229.744	85.212	75.035
217.165	232.898	84.161	70.428
213.920	233.854	80.492	71.368
191.688	237.541	99.383	67.399
185.077	231.987	111.490	71.907
163.879	224.790	117.307	75.728
148.231	226.328	113.026	72.190
144.943	226.299	114.545	76.628
134.921	221.309	115.617	78.310
129.687	217.197	98.973	84.064
132.369	212.536	92.710	80.004
136.288	200.747	89.148	83.990
148.901	191.970	95.417	83.158
151.094	172.825	118.333	95.454
189.888	149.616	121.501	99.702
206.431	143.229	131.570	104.938
253.730	110.370	133.758	119.091
290.259	133.758	120.522	100.104
362.752	86.785	96.118	112.267
528.324	177.002	91.503	78.278
530.956	178.347	95.792	77.523
527.097	180.939	90.492	79.243
526.897	179.556	89.107	78.789
522.427	175.606	87.979	76.964
521.453	166.834	79.541	83.668
515.842	155.758	77.898	87.146
508.594	133.174	76.536	85.750
473.846	110.452	94.215	88.421
461.226	97.080	80.271	101.485
455.220	93.065	82.476	104.194
448.517	80.590	89.512	114.003
470.467	44.714	73.571	88.736
464.769	36.847	73.418	103.132
445.022	97.970	89.557	108.158
442.766	130.021	103.508	86.460
434.939	129.026	110.241	91.018
431.422	122.969	110.758	99.391
419.876	121.884	95.640	88.504
520.604	171.367	78.558	90.545
530.702	168.254	71.430	93.278
532.070	169.090	69.342	91.738
512.058	169.920	86.753	87.892
496.743	167.872	97.670	86.270
508.816	166.506	93.007	88.506
398.376	67.376	74.308	106.574
405.988	70.270	71.110	102.642
408.153	65.580	69.557	108.274
407.653	67.120	71.960	102.891
408.211	69.057	72.757	101.668
410.052	63.403	72.262	105.275
408.901	60.076	74.176	105.469
409.058	62.636	75.207	102.423
414.619	61.550	72.371	101.285
419.673	56.843	73.056	103.012
420.036	67.970	71.427	94.214
419.744	60.658	75.137	100.582
419.918	79.616	76.865	81.859
423.964	74.646	71.266	86.230
421.514	88.389	73.078	71.518
424.944	72.511	69.966	84.920
425.076	70.666	71.276	84.218
425.738	60.529	69.372	93.503
425.859	41.970	75.330	110.134
421.704	51.596	77.464	97.391
418.590	43.206	74.008	99.638
416.164	46.145	72.442	99.942
410.000	45.536	73.936	96.133
407.465	52.590	70.256	89.710
396.073	35.761	78.753	99.610
391.110	28.766	83.926	107.763
376.060	25.895	102.206	110.450
373.426	25.423	110.288	107.296
379.531	30.654	107.254	98.546
360.387	27.555	127.851	104.332
350.661	19.837	134.260	111.343
348.323	29.205	132.463	108.597
364.111	42.518	103.467	105.381
359.774	52.653	89.406	97.255
340.552	47.026	92.169	103.422
337.551	41.386	93.827	104.263
335.621	59.815	95.787	104.181
336.615	71.744	98.264	107.108
331.927	98.523	95.748	107.032
328.257	182.937	90.110	80.841
333.142	173.132	92.210	109.061
329.700	215.566	88.736	91.644
326.869	222.134	88.175	101.566
325.433	233.373	87.379	97.908
326.667	237.033	89.211	92.062
337.185	234.001	90.179	92.994
346.466	231.047	85.635	91.930
356.247	228.547	83.968	90.585
368.233	230.884	83.963	73.556
380.556	224.776	78.335	69.004
393.169	206.472	78.678	74.149
393.994	199.290	83.020	72.149
397.462	191.239	82.430	73.118
399.867	180.023	78.977	80.420
404.505	148.436	73.468	95.408
390.912	138.559	100.224	103.860
371.989	105.185	107.827	124.766
368.177	71.659	95.069	132.620
376.248	72.122	90.851	120.358
376.248	66.188	90.099	115.837
371.120	42.320	91.190	122.204
371.574	79.449	89.718	110.798
371.538	94.247	91.118	105.198
371.694	65.964	88.846	128.850
371.209	75.366	101.556	144.922
374.565	89.043	105.804	147.051
379.647	134.432	103.160	122.483
383.745	120.383	96.509	119.896
373.015	99.663	98.643	126.726
364.561	39.736	93.066	162.734
356.649	147.474	125.299	98.738
373.383	94.416	104.578	137.925
375.061	91.297	109.334	143.109
378.133	93.440	112.543	145.545
380.859	106.159	112.628	145.720
394.047	78.721	117.064	152.401
399.536	76.680	113.589	147.241
389.311	94.376	120.327	147.163
399.859	114.550	112.127	132.066
406.710	69.549	106.525	153.888
426.364	42.700	112.280	153.345
395.601	47.001	142.784	181.529
372.733	23.504	160.016	197.023
397.058	11.650	170.114	164.358
325.742	130.227	145.775	142.844
308.588	132.000	167.907	124.971
245.993	125.534	138.481	140.865
216.168	143.144	135.488	119.765
194.688	154.592	120.768	105.617
177.845	159.386	105.951	97.838
161.346	167.789	102.412	86.249
159.078	157.211	93.659	93.832
155.648	159.618	90.620	93.388
156.136	156.417	85.846	97.690
154.988	154.169	87.402	100.269
152.089	145.266	90.411	100.240
136.837	155.661	99.018	93.919
117.887	162.448	104.245	82.542
98.744	165.489	125.535	87.405
80.394	167.489	120.103	80.723
71.392	176.076	134.721	77.023
76.172	177.493	128.831	83.801
76.352	172.856	124.667	92.209
78.351	179.071	119.069	86.763
74.008	178.825	119.211	84.622
76.997	189.918	124.412	77.194
84.669	187.871	115.889	76.650
69.031	185.951	121.267	78.760
67.871	183.251	133.741	83.749
61.048	173.807	126.936	95.138
78.124	151.688	126.817	115.373
137.259	152.960	134.773	110.957
179.014	141.951	137.878	120.468
193.811	163.406	128.330	104.280
219.267	122.562	127.613	124.181
254.460	87.598	144.271	128.593
291.713	62.868	115.530	140.186
314.212	47.559	105.390	113.253
329.835	37.313	95.535	105.119
333.891	38.704	92.082	86.542
330.146	33.516	88.101	91.362
321.076	43.351	89.785	106.696
294.281	47.438	107.392	101.913
277.612	52.975	117.629	114.246
236.189	42.197	136.352	113.045
189.917	94.280	112.912	100.854
166.400	96.005	115.083	108.571
126.031	110.659	147.742	125.059
74.438	164.263	200.399	101.775
39.535	185.841	155.747	106.100
12.198	205.937	154.527	85.327
14.917	207.086	137.199	80.380
26.775	209.330	125.176	79.228
20.120	195.073	123.658	85.403
38.581	163.755	108.991	109.155
44.180	151.484	126.880	124.552
111.604	132.780	113.385	131.224
136.670	80.361	157.269	137.755
176.864	85.050	162.139	168.564
272.827	0.000	168.232	133.729
236.053	0.000	163.648	117.723
248.521	0.000	143.800	107.775
257.494	2.199	119.733	106.014
250.541	7.998	118.431	114.388
251.012	1.765	132.695	110.229
273.710	15.355	118.410	103.236
265.696	7.374	113.930	104.450
284.835	17.667	102.033	106.270
295.567	22.202	124.364	104.851
302.097	4.392	111.831	94.883
308.929	0.000	122.439	80.554
315.894	12.823	151.380	100.622
313.303	23.980	183.484	146.000
345.036	27.452	215.140	172.067
455.300	157.635	176.609	123.609
522.491	172.290	126.713	109.117
526.483	178.932	123.374	97.056
531.292	178.714	107.197	104.468
530.963	183.182	106.866	113.196
527.160	182.951	108.252	124.409
527.554	194.495	115.361	117.358
518.868	178.187	108.032	115.703
514.432	176.297	111.103	107.996
523.765	177.019	104.460	113.951
520.770	175.109	108.187	119.947
521.124	164.476	89.011	118.726
515.853	151.434	91.576	114.832
493.306	128.507	105.846	109.836
477.213	142.426	114.401	94.111
464.696	147.934	110.286	82.417
459.497	136.494	115.654	93.330
475.258	121.150	120.852	97.429
481.123	113.051	102.305	107.612
498.813	119.553	84.272	101.133
475.212	114.018	91.166	94.132
429.019	106.774	101.276	89.098
507.348	178.964	93.085	92.722
524.535	187.350	93.561	96.695
531.227	179.169	103.703	101.126
530.854	183.641	113.663	93.741
567.930	194.760	118.805	97.669
618.020	206.210	114.156	99.374
623.270	205.546	102.461	105.112
627.107	187.060	99.726	103.261
617.394	171.251	103.408	88.735
538.975	173.138	116.318	77.315
529.411	168.661	102.557	77.445
526.334	165.988	104.040	89.718
478.856	102.992	108.533	93.614
450.265	92.752	97.540	90.909
400.031	90.540	103.641	80.240
378.108	89.429	111.447	81.737
358.462	89.789	113.579	80.717
343.958	90.847	107.540	82.960
338.328	92.786	99.699	78.976
286.591	114.934	122.418	101.436
310.763	91.416	113.529	93.421
307.268	90.359	105.313	107.223
309.119	85.803	104.234	101.020
303.551	90.667	115.796	105.436
313.378	82.152	109.814	104.001
316.649	84.738	114.297	108.641
316.074	94.324	112.377	87.858
310.110	91.054	117.258	92.470
312.605	93.522	128.032	96.923
334.956	85.668	120.108	108.418
307.286	92.239	144.369	101.216
288.138	105.830	128.770	96.113
276.117	96.701	124.578	91.260
258.498	98.253	122.463	78.826
223.205	96.687	129.872	75.862
204.372	97.853	134.623	76.637
197.561	96.466	126.807	79.113
195.398	96.730	124.817	79.821
194.651	99.093	123.089	86.699
201.037	99.688	123.556	88.767
205.748	104.363	131.862	88.902
210.201	106.835	129.329	89.898
216.418	110.045	124.129	88.574
217.014	111.639	128.079	88.698
222.637	110.080	130.221	89.341
230.019	106.804	124.562	93.542
232.665	107.597	124.166	91.304
232.349	107.896	124.923	91.380
231.163	107.813	125.709	92.332
231.888	106.311	125.774	92.980
224.952	104.856	130.875	92.601
225.623	102.872	129.703	90.976
185.408	108.205	162.279	93.479
164.943	97.958	169.587	106.788
171.078	53.715	166.196	126.650
184.186	45.005	176.202	106.296
211.837	32.252	184.995	112.901
182.761	34.102	205.561	123.065
167.317	44.228	207.556	149.615
205.659	62.344	225.888	148.593
245.770	45.344	279.768	162.899
259.179	36.074	306.185	161.887
292.030	39.573	314.946	146.825
296.985	42.847	324.324	155.390
326.993	20.002	331.489	167.221
259.247	56.589	288.441	246.566
287.419	92.051	408.936	268.077
196.089	0.000	503.824	359.327
63.163	0.000	716.286	327.413
72.545	12.723	814.179	464.420
52.718	30.511	900.940	545.489
0.000	12.793	945.909	549.075
0.000	0.000	960.000	566.246
0.000	6.910	960.000	550.474
0.000	31.306	960.000	544.694
3.784	0.000	956.216	576.000
0.000	1.791	960.000	574.209
0.000	0.000	960.000	576.000
0.000	0.000	960.000	576.000
234.946	0.000	432.002	573.246
237.043	29.917	390.193	515.528
238.583	40.142	378.732	405.837
314.038	0.000	319.065	163.321
400.645	34.397	160.971	162.258
366.322	27.535	163.323	155.046
379.226	65.601	149.503	134.938
368.592	85.740	134.727	117.566
367.137	93.376	145.064	108.271
363.012	97.950	142.433	105.664
361.137	106.515	141.210	99.368
360.851	117.751	142.136	90.776
360.391	120.277	142.329	92.820
341.172	100.943	114.281	112.128
360.712	124.969	110.475	81.368
366.004	113.302	98.138	80.810
400.089	103.280	104.621	77.864
421.654	94.841	100.319	78.994
445.638	121.413	103.706	93.685
454.457	116.984	133.011	93.968
454.348	136.737	154.959	74.926
466.689	140.482	148.880	83.822
475.395	138.007	137.606	95.874
473.318	138.560	135.763	98.774
472.518	140.649	139.291	96.913
469.956	140.414	139.397	95.859
468.492	134.745	142.487	96.191
469.122	129.664	147.408	94.744
472.807	123.539	146.434	94.161
473.333	117.461	144.764	87.462
465.986	103.010	147.069	79.474
470.220	74.790	139.827	95.901
483.228	61.479	121.792	108.235
491.696	55.828	105.912	115.074
487.816	50.797	114.775	110.822
483.403	54.339	124.854	102.918
476.924	71.207	117.858	83.746
488.872	92.357	135.872	65.238
514.646	87.514	141.488	75.899
502.590	100.069	142.591	90.933
533.008	93.778	128.159	94.648
530.354	115.006	126.083	99.836
536.757	121.844	125.490	97.418
535.112	129.076	126.328	90.227
535.907	133.259	129.104	85.016
535.912	134.582	131.845	82.079
536.454	132.713	112.639	77.480
543.814	119.145	122.080	80.571
551.067	117.572	115.074	83.614
579.856	118.812	100.456	95.900
601.076	124.775	95.470	96.359
582.894	144.278	123.610	85.936
577.958	154.421	139.805	75.453
576.603	163.396	138.109	69.067
574.471	167.125	135.846	71.088
561.178	175.059	142.786	64.869
557.189	176.092	141.075	63.573
557.159	170.503	134.361	68.040
554.526	162.986	122.004	69.006
552.143	153.284	120.123	72.981
552.458	140.149	118.334	77.212
539.839	116.798	129.614	74.466
527.302	102.641	137.435	72.967
518.491	77.076	133.877	82.533
506.628	55.853	133.102	97.674
488.149	29.457	129.138	112.411
466.339	26.585	110.012	107.605
462.848	22.293	86.099	102.381
438.920	22.181	89.994	85.343
415.593	27.611	98.697	70.801
404.290	32.470	103.205	64.642
391.673	36.634	102.465	62.428
396.985	37.042	92.107	64.304
395.564	38.374	89.747	61.606
393.233	38.475	89.253	60.208
391.457	37.107	86.725	62.739
390.293	38.960	88.164	64.320
388.923	40.678	87.630	67.432
389.076	44.535	86.177	70.653
389.894	44.949	80.547	73.864
393.979	47.913	76.057	76.939
400.404	52.871	68.447	82.930
407.193	55.593	66.285	88.707
407.841	58.177	68.844	88.207
302.192	32.240	91.415	64.852
310.429	34.870	81.473	67.352
318.316	43.238	78.980	66.626
321.180	47.682	75.734	67.024
326.986	55.066	73.888	67.564
327.434	61.022	76.060	66.773
328.623	66.872	76.466	66.302
328.855	75.355	77.776	61.667
328.102	78.510	78.851	60.761
329.155	81.351	78.732	61.651
332.304	82.217	76.266	66.261
331.803	88.825	76.196	64.699
331.503	90.239	78.571	68.621
330.675	92.095	81.397	73.010
328.850	93.610	82.242	75.969
326.154	97.362	83.838	76.738
327.986	105.843	78.221	76.319
326.422	108.932	77.476	80.265
326.713	113.203	74.107	80.177
329.890	115.782	70.605	81.515
332.155	122.504	67.890	80.506
331.373	126.781	69.469	73.745
335.491	129.231	65.318	72.650
335.718	133.147	67.367	65.921
334.877	134.533	68.560	60.245
330.104	131.048	72.899	60.561
322.702	123.121	84.051	63.740
310.375	109.820	92.118	83.513
289.817	107.152	94.648	100.520
279.450	107.987	85.123	105.010
259.012	113.517	91.382	109.009
238.623	134.766	105.835	85.750
225.594	167.997	118.666	59.445
230.999	168.269	104.219	76.081
236.926	167.417	97.898	83.236
239.237	167.110	101.776	86.764
241.761	166.913	107.612	83.010
250.851	158.364	112.736	88.381
260.331	151.684	106.818	94.164
270.528	143.530	99.394	98.744
276.929	136.884	92.477	89.544
281.540	130.553	91.768	90.983
282.494	127.720	98.115	76.829
296.153	109.918	79.961	73.269
322.968	98.602	69.716	68.560
336.924	93.685	74.501	57.073
351.952	91.891	76.491	56.220
365.553	94.508	75.250	51.953
379.461	90.510	71.661	65.843
381.465	101.592	74.183	67.459
377.111	99.297	79.293	78.034
380.137	101.349	77.383	87.314
382.122	105.569	74.976	93.362
367.572	132.080	81.568	88.664
345.397	113.743	98.991	100.117
337.323	108.006	116.396	106.042
335.537	102.854	133.189	116.251
328.094	92.050	126.069	127.954
313.549	96.769	121.580	123.201
317.755	99.981	113.058	129.534
317.676	119.554	103.282	107.078
318.928	129.435	100.809	85.174
313.534	123.185	99.854	83.228
317.954	115.542	90.991	94.091
325.729	107.268	81.240	101.019
322.093	113.786	89.232	101.680
331.518	111.509	98.102	94.323
342.838	113.570	97.148	82.733
334.364	114.422	101.056	81.546
339.579	101.829	94.099	87.166
331.517	105.483	95.131	80.238
333.122	106.909	88.087	78.639
332.987	106.537	88.389	76.139
329.400	103.731	90.262	74.239
327.585	103.428	103.212	79.467
314.317	102.372	102.657	77.919
302.475	108.383	106.087	68.227
289.118	113.335	105.742	70.390
293.803	113.698	99.177	77.739
280.589	128.781	95.500	64.888
277.840	129.138	84.888	71.159
276.560	121.771	78.048	81.573
280.270	113.739	73.598	91.633
300.116	108.978	74.997	99.925
300.757	106.751	75.405	103.633
347.547	114.818	97.897	95.944
351.358	116.653	95.380	89.057
299.403	136.930	114.141	81.796
278.555	152.139	101.577	71.701
261.522	162.005	84.968	66.484
246.018	170.032	72.132	69.904
226.014	190.371	61.478	77.770
224.081	202.391	68.635	78.245
232.006	203.904	69.161	81.594
229.878	221.302	79.702	99.635
218.276	225.906	94.359	103.049
232.433	245.202	103.646	87.578
241.306	248.905	107.001	85.994
257.778	252.199	107.360	80.792
262.114	255.114	110.035	77.454
272.759	251.927	105.354	75.337
291.000	252.009	96.242	81.260
303.546	252.697	77.919	75.441
288.331	253.001	85.741	76.465
273.579	254.225	103.362	77.644
270.249	254.767	100.247	80.113
249.586	250.724	98.962	83.425
231.177	255.665	99.789	78.795
224.346	253.319	94.043	79.685
214.892	245.065	93.539	82.661
210.375	241.971	95.290	84.648
210.072	228.722	87.591	86.359
221.430	217.391	87.516	80.178
229.870	210.895	86.482	80.107
250.966	201.631	83.884	78.883
263.211	186.391	87.206	86.679
281.198	165.314	108.135	96.890
369.653	108.012	89.412	84.681
369.122	104.504	93.498	74.738
373.606	105.889	99.620	84.925
391.657	107.677	103.876	89.929
399.461	114.618	105.548	82.165
412.339	100.447	89.870	72.330
407.079	105.296	79.366	65.644
399.202	105.116	85.728	63.291
403.305	107.504	78.288	63.640
400.893	109.175	77.544	64.565
400.240	110.991	79.264	67.426
405.806	111.627	74.748	66.795
406.902	115.903	78.006	67.021
418.970	119.041	76.120	71.588
399.607	127.136	101.883	73.819
428.754	127.741	95.042	88.092
399.827	119.135	97.917	97.721
377.005	134.944	114.757	87.590
354.120	152.426	116.795	74.018
277.071	152.690	100.870	89.445
263.765	181.931	89.461	75.780
240.053	188.741	101.891	66.507
212.913	190.714	107.470	68.878
200.816	197.195	105.622	72.876
179.929	202.174	100.504	91.087
179.748	206.831	103.724	95.223
185.729	205.634	102.548	102.039
189.315	223.966	107.065	90.670
198.101	238.225	106.589	79.558
206.589	250.063	110.066	70.886
221.040	247.015	108.190	74.919
226.022	249.000	99.478	71.533
220.207	248.274	97.810	76.925
203.785	244.920	109.095	76.511
190.472	242.849	112.179	78.031
142.791	249.767	132.594	73.295
138.935	238.446	122.896	80.572
131.653	236.319	108.474	79.672
125.849	225.700	112.111	81.840
128.220	216.262	112.116	87.591
148.709	195.474	110.227	90.640
163.073	188.311	107.179	93.362
176.201	167.798	109.399	92.970
185.215	129.872	105.753	108.476
198.117	124.021	113.766	104.425
230.675	61.356	91.862	119.305
237.980	48.015	103.878	119.210
253.916	38.415	110.411	119.976
283.236	33.148	90.037	107.672
293.682	28.847	76.452	103.614
290.150	29.554	78.517	97.096
287.232	31.070	81.678	97.099
299.016	32.978	74.367	97.304
302.723	30.812	77.749	97.961
292.741	31.701	90.864	99.857
294.016	31.985	87.157	107.693
299.536	39.897	92.037	107.484
294.130	46.480	93.955	109.332
289.690	52.549	101.312	115.442
305.215	61.729	83.978	100.693
306.551	70.606	92.111	96.524
270.963	102.783	121.076	86.720
261.982	104.258	117.762	89.133
247.481	98.457	113.926	95.264
244.221	93.609	93.356	103.280
244.544	95.398	81.296	100.776
244.905	97.471	80.194	106.623
245.197	97.703	82.889	107.831
247.315	101.105	90.439	110.046
246.791	102.149	91.224	98.643
253.808	103.894	92.542	98.390
255.908	106.235	90.518	98.668
258.036	108.321	94.220	99.564
258.043	111.968	98.508	101.514
255.500	113.845	102.532	93.154
261.070	119.174	112.731	94.383
286.730	100.732	103.811	96.196
281.318	96.087	105.267	95.324
276.957	95.364	99.663	99.785
276.955	106.374	107.507	84.373
281.784	105.607	115.736	74.645
291.241	100.684	111.907	73.679
284.656	103.003	112.294	73.485
277.257	102.496	119.029	76.527
286.235	102.786	112.046	79.437
294.450	108.278	113.213	75.169
286.587	108.970	123.784	77.916
276.220	108.247	134.590	77.340
296.201	101.607	115.722	75.066
303.092	97.014	109.369	76.970
308.084	84.540	98.576	83.432
301.488	73.928	99.960	95.144
281.690	62.314	112.558	104.707
280.315	54.461	99.339	113.887
274.276	47.526	102.212	116.132
268.196	67.769	114.658	88.844
241.741	65.513	120.050	91.031
238.462	63.479	122.002	96.251
232.849	64.279	105.762	105.762
231.186	73.045	113.301	111.629
255.535	84.331	94.682	126.993
260.990	93.571	99.351	123.540
269.125	95.778	105.117	132.682
278.350	98.116	108.071	132.673
292.735	97.397	107.847	135.016
315.119	75.874	105.556	139.533
322.107	56.364	99.128	112.422
317.575	61.536	97.214	94.460
320.793	58.298	110.041	100.503
309.035	30.666	115.684	120.316
272.753	86.882	118.152	94.352
285.529	39.317	85.806	100.945
265.855	54.075	89.291	96.828
247.371	62.480	97.646	103.120
232.687	74.752	107.546	98.094
219.419	82.572	112.867	84.329
221.013	81.139	104.161	86.059
216.150	90.294	106.992	80.419
211.717	85.300	105.624	80.665
211.062	73.157	110.536	90.782
193.945	54.796	118.835	110.709
209.796	15.923	119.367	110.606
236.495	7.756	120.030	114.916
256.033	12.259	109.334	116.828
260.333	17.553	116.132	113.530
215.892	125.822	112.459	101.561
192.014	146.561	135.384	85.926
142.279	145.961	163.946	75.932
126.738	143.274	164.999	77.047
104.765	144.039	143.261	79.766
99.635	144.281	139.545	81.572
88.320	141.198	146.273	85.581
98.021	131.581	145.927	86.918
91.006	124.664	155.734	90.375
103.873	108.082	139.326	101.282
129.287	100.653	119.113	101.647
129.864	85.903	119.824	99.740
135.753	75.056	108.891	103.836
139.667	56.814	102.084	112.694
143.446	47.131	95.418	118.712
144.054	34.013	118.632	109.157
145.303	27.713	139.919	99.082
152.950	22.170	153.764	95.317
162.002	21.619	166.207	81.835
168.546	8.573	152.685	93.631
244.660	0.000	131.106	95.078
290.230	15.471	113.753	112.148
314.493	6.705	94.574	129.184
327.868	12.135	96.013	128.279
335.116	20.894	104.486	127.559
359.313	30.856	99.505	122.042
365.028	37.415	103.430	118.864
372.550	33.466	99.563	129.734
372.576	40.886	103.083	123.887
370.864	41.116	105.998	126.296
356.875	49.796	122.071	117.001
369.039	60.884	112.812	118.210
364.733	66.881	113.655	111.314
355.647	74.193	118.751	109.030
329.331	94.781	134.081	110.691
322.728	87.833	122.998	118.522
322.820	97.448	113.824	121.746
298.621	88.647	118.410	124.368
285.771	103.986	125.417	123.072
279.583	98.242	118.791	120.042
273.942	100.066	118.200	132.049
262.431	105.584	123.170	120.084
259.228	106.711	126.389	115.055
256.573	116.842	128.190	103.253
256.640	90.514	124.529	123.291
236.798	81.896	134.190	116.134
227.279	88.635	134.125	110.827
198.409	74.773	149.979	112.341
171.565	95.564	115.768	93.947
165.055	96.783	107.851	94.766
158.331	101.791	117.601	89.284
149.387	95.348	125.495	96.331
148.356	98.674	134.240	98.330
149.519	106.517	135.704	90.799
152.490	110.848	135.542	85.513
160.237	107.976	139.061	84.105
170.263	101.517	133.379	90.507
170.780	92.618	134.339	93.117
182.886	78.398	139.894	107.575
189.955	70.451	129.478	113.585
208.982	60.605	107.141	118.380
206.914	46.142	119.798	115.401
201.804	45.023	134.507	112.520
193.018	32.705	150.381	106.763
190.805	35.369	149.912	95.967
183.162	32.478	164.747	86.521
170.485	33.651	163.559	84.871
145.001	39.435	169.439	80.143
125.497	44.377	161.514	79.839
102.836	49.828	152.655	81.299
79.173	56.137	144.257	83.943
65.051	70.752	161.396	78.631
52.010	76.922	163.641	75.191
40.726	82.252	161.862	72.669
32.442	82.207	159.039	73.471
22.654	83.732	158.859	73.451
18.064	88.591	149.419	74.271
16.390	89.308	131.352	86.160
10.301	86.429	103.730	103.165
7.996	98.843	88.580	99.541
5.841	109.607	93.325	104.230
8.183	134.194	106.568	96.829
11.937	147.496	120.990	99.426
14.939	164.053	145.361	99.042
27.715	168.680	152.946	105.201
64.219	200.317	161.650	87.242
75.456	210.030	163.146	81.651
114.323	227.394	149.438	71.297
127.253	234.722	143.023	63.969
124.048	233.702	148.995	65.073
114.600	228.106	143.804	72.026
102.263	221.096	152.947	74.911
94.241	214.090	135.101	82.972
84.022	203.212	126.672	90.205
88.222	195.337	113.954	94.407
96.241	195.119	107.080	89.306
110.964	188.771	127.486	69.184
111.596	189.972	139.568	71.686
106.137	174.590	138.761	88.960
120.304	164.210	162.179	89.562
131.530	154.485	172.139	97.739
220.968	148.775	126.961	110.076
244.452	148.298	113.691	112.387
262.304	145.851	107.770	113.040
262.578	146.307	115.402	115.030
259.930	146.377	117.398	111.817
250.042	158.492	129.186	96.866
251.419	167.355	129.214	83.425
235.912	167.319	131.810	81.499
212.109	169.494	115.276	76.447
189.336	171.934	97.015	85.267
166.184	183.140	115.302	84.511
140.775	196.466	134.047	78.382
142.629	211.100	131.100	72.080
139.521	217.786	130.449	70.033
145.672	222.579	122.114	68.057
158.173	227.947	120.857	63.769
169.868	229.014	113.177	63.092
180.211	231.603	110.017	61.489
183.647	230.402	107.146	63.839
191.926	231.650	100.093	63.023
187.987	230.991	98.695	63.678
178.503	233.100	104.211	61.766
168.282	230.704	104.571	64.942
152.988	228.187	112.371	67.380
131.075	217.514	121.498	74.574
118.297	202.390	120.799	82.277
114.260	185.348	123.658	89.994
117.345	173.819	120.410	102.376
125.482	157.120	112.920	115.165
141.663	164.668	105.698	108.133
160.699	154.219	120.916	95.539
168.252	162.118	133.615	76.745
168.526	166.446	151.154	67.326
196.078	166.249	145.759	68.925
203.275	154.107	116.562	82.114
288.016	181.458	132.593	65.299
318.737	177.435	138.161	66.662
343.268	181.808	128.002	60.859
358.662	178.601	119.957	62.270
378.554	181.442	99.925	60.140
346.928	179.816	127.482	56.301
340.857	172.813	132.228	64.112
336.311	164.889	120.316	68.388
312.017	167.581	132.481	64.216
286.659	81.536	118.173	102.978
304.552	66.615	110.054	111.361
348.108	63.350	94.277	109.865
383.205	63.036	77.020	104.855
394.529	68.699	69.422	106.794
396.826	82.095	70.809	101.848
389.376	91.435	71.013	81.900
383.828	100.969	72.315	69.558
378.306	109.523	69.476	61.753
373.009	118.692	69.511	80.825
362.783	117.027	77.316	72.412
351.595	121.516	78.759	72.315
360.893	122.061	70.653	72.418
359.233	118.911	70.260	71.134
358.614	119.472	69.759	68.466
361.313	115.700	68.473	61.993
374.839	116.592	63.686	70.204
376.594	114.668	65.287	69.560
381.560	117.763	66.471	71.688
390.080	114.426	66.870	74.565
395.541	112.568	66.400	73.219
404.830	107.949	69.961	72.026
413.187	105.539	69.192	73.435
425.507	106.275	63.135	79.062
432.389	105.814	60.726	77.058
440.815	105.508	56.397	77.835
446.063	93.998	56.613	87.005
449.488	93.048	59.184	84.738
449.936	93.793	62.102	82.818
448.084	86.469	65.762	86.089
446.762	80.726	68.486	89.534
445.179	71.927	70.069	96.944
440.206	65.222	75.585	105.550
444.776	64.633	72.119	103.677
440.706	61.206	71.984	108.249
441.449	61.277	73.503	106.035
439.278	59.780	69.665	109.319
436.652	64.662	70.007	107.513
431.932	65.630	73.116	108.322
424.059	63.759	79.861	110.545
416.718	64.552	88.014	103.505
411.407	63.964	96.933	107.106
417.945	63.228	97.068	109.518
425.124	61.813	94.833	120.296
406.314	69.104	104.094	111.970
435.183	67.399	102.896	112.792
472.644	63.320	89.336	107.508
492.038	59.212	75.495	106.775
491.581	57.017	82.327	108.067
496.184	50.755	77.860	112.794
500.569	52.607	73.286	107.948
502.558	53.358	73.733	105.848
504.500	55.763	67.242	108.314
502.749	58.344	67.912	109.478
498.183	65.396	64.966	114.514
492.824	69.915	65.162	116.912
489.796	77.136	65.539	112.865
488.136	81.246	65.326	108.300
485.210	76.045	62.418	108.685
482.655	69.151	63.315	107.966
477.526	59.529	68.101	116.139
471.416	46.537	75.376	108.554
468.664	44.004	67.757	111.268
466.497	43.185	64.513	105.039
