568.000	1.000	36.000	43.000
568.860	0.000	38.180	17.157
561.872	0.000	36.967	5.819
562.188	0.276	36.259	47.579
559.877	0.870	36.929	48.066
604.271	0.000	26.729	0.915
555.735	0.869	37.113	49.148
553.780	1.397	36.823	49.455
551.008	2.368	37.457	49.332
549.291	2.920	36.630	49.534
547.887	3.284	36.185	49.295
545.059	4.184	35.882	49.611
542.566	5.028	36.421	49.337
540.173	4.970	35.803	50.259
537.377	5.407	35.884	49.969
534.648	6.054	36.456	50.476
531.737	6.207	36.533	51.391
528.813	6.953	37.138	51.204
526.220	7.614	37.147	51.661
523.353	8.343	37.342	51.377
520.072	9.270	38.225	51.614
517.077	9.226	39.400	51.726
514.498	9.941	40.451	51.986
510.880	9.775	40.902	52.867
509.027	10.426	40.268	52.807
505.731	11.046	42.517	53.399
502.982	11.568	44.203	53.490
498.823	12.173	46.512	53.489
495.583	12.369	47.703	54.273
491.862	12.783	49.402	55.158
487.954	13.644	48.279	55.056
484.554	13.968	43.884	56.231
480.918	15.060	42.012	55.969
476.068	16.075	41.762	55.602
472.021	16.661	41.701	56.174
468.318	17.321	41.800	56.842
461.725	18.397	44.048	56.746
458.731	19.043	43.600	57.655
455.106	19.478	43.710	57.685
451.481	19.993	43.212	58.410
448.148	20.392	42.379	59.195
445.015	21.510	42.434	59.690
442.015	20.766	42.390	61.441
438.060	22.681	42.692	59.893
434.506	23.775	43.017	59.810
431.197	24.825	43.282	59.959
427.550	26.540	44.017	59.773
424.257	26.781	43.528	60.719
420.689	27.438	43.489	61.151
416.556	27.268	44.440	62.832
411.877	28.450	44.995	63.349
407.657	29.638	45.516	63.842
403.855	30.317	46.033	64.167
401.416	31.365	46.174	64.927
398.096	31.216	46.723	65.985
393.565	31.508	48.794	66.518
391.077	31.970	48.987	68.302
388.757	33.130	47.775	67.834
384.656	34.045	48.355	68.624
380.979	35.478	48.897	69.216
377.083	35.592	49.702	70.119
373.819	36.592	49.785	71.103
370.954	37.592	50.084	71.478
367.648	38.569	51.165	71.924
363.179	0.000	54.757	0.000
360.695	41.224	51.888	72.340
356.365	42.743	53.468	72.245
352.753	43.542	54.898	72.633
352.164	44.224	53.606	72.461
349.137	44.675	54.081	73.372
347.953	46.400	52.720	72.383
345.060	47.278	53.512	73.343
343.140	48.562	53.130	72.854
342.316	50.496	52.179	71.213
339.864	52.002	52.093	72.484
337.412	54.193	52.097	71.191
335.763	56.198	51.989	70.727
334.581	58.365	51.753	70.596
334.205	60.024	50.622	70.359
332.449	62.005	50.902	70.888
330.335	64.774	50.499	75.474
328.915	67.590	51.557	76.050
328.439	70.018	51.660	76.760
327.079	72.075	50.316	77.284
326.230	74.561	50.505	79.183
325.693	76.223	48.658	83.075
326.204	78.226	49.217	84.135
325.299	79.591	49.291	85.168
324.201	83.109	50.442	85.143
323.542	84.032	51.731	87.873
323.675	86.504	52.148	88.499
323.770	89.248	51.939	90.674
323.334	91.035	53.072	91.957
322.794	93.075	53.952	92.957
321.943	95.931	54.768	93.873
322.209	97.791	55.569	95.324
322.316	100.226	56.568	96.100
322.943	103.407	57.595	96.788
323.174	105.848	58.791	97.360
324.015	108.517	60.640	98.958
325.399	110.368	62.199	100.888
325.936	110.975	64.342	104.443
327.240	114.235	65.829	105.919
328.844	116.809	67.518	108.306
330.379	119.210	69.870	110.539
332.004	121.687	72.073	112.538
334.287	125.020	73.338	114.257
336.533	126.296	74.430	117.481
337.977	128.057	76.172	121.095
339.760	131.239	79.319	123.569
348.259	263.844	90.892	131.783
346.184	136.248	84.118	128.384
419.760	254.089	111.562	137.529
352.150	140.782	90.325	137.302
361.176	285.098	108.435	150.899
355.877	146.511	100.851	143.275
360.280	148.930	104.550	151.236
361.337	151.828	112.024	154.904
593.859	24.756	37.141	134.068
371.272	160.699	125.071	164.617
375.558	163.486	130.105	169.097
379.522	168.531	136.784	172.173
384.219	172.910	143.648	179.806
391.493	179.221	154.385	187.994
391.338	183.658	157.638	191.953
384.763	188.784	161.707	195.304
375.521	196.937	170.941	197.764
395.120	203.542	151.989	203.119
420.461	223.649	152.322	207.562
434.246	229.121	157.222	212.881
451.696	236.521	158.240	218.934
463.695	246.925	165.282	219.656
476.137	256.194	154.863	214.736
497.123	264.341	133.414	209.665
515.304	276.672	115.427	198.852
