677.000	138.000	18.000	40.000
674.497	139.693	21.470	38.500
674.316	139.168	21.321	38.564
673.576	139.942	21.589	37.628
672.450	139.541	22.303	37.447
672.488	139.459	21.654	38.764
672.672	139.819	21.670	38.330
640.961	139.442	21.644	39.150
671.051	138.762	22.697	40.190
671.787	138.273	22.332	39.957
670.598	138.528	22.950	40.359
671.024	137.688	22.767	40.496
671.971	137.914	22.689	38.878
670.810	138.344	23.573	38.096
672.241	138.919	22.538	37.099
670.134	138.789	24.601	38.943
671.314	138.074	23.053	38.287
670.703	138.101	22.900	37.826
671.815	137.733	22.294	36.172
671.984	137.542	22.417	36.538
671.596	137.982	23.359	35.664
670.490	138.907	25.384	35.126
671.036	138.688	22.845	37.036
630.609	95.921	25.469	36.574
626.845	79.148	26.790	38.127
608.213	97.766	26.792	36.115
577.102	79.715	27.717	42.723
649.849	144.829	22.840	37.961
644.983	145.532	24.782	37.468
673.146	137.105	20.875	31.232
627.030	145.602	21.442	38.125
647.441	146.660	21.438	36.533
645.952	147.970	22.066	36.597
645.711	148.534	21.097	35.983
644.909	148.996	20.746	36.333
644.082	149.338	21.160	35.547
642.960	150.534	21.159	35.044
642.010	151.172	21.290	35.756
642.362	151.265	21.126	35.404
640.975	150.648	21.819	36.276
640.196	150.496	21.571	35.555
640.534	151.594	20.199	34.987
638.128	151.335	21.511	35.901
595.973	146.987	22.080	45.593
585.987	147.296	24.655	44.208
556.694	147.291	21.452	46.927
434.093	230.930	56.065	75.687
443.709	148.891	34.424	59.345
428.847	158.549	54.883	79.637
360.221	189.136	32.127	72.678
337.858	190.538	28.657	66.986
343.529	189.345	38.462	66.928
336.625	192.394	33.024	68.639
345.967	191.906	35.325	78.259
360.183	250.047	41.421	75.791
364.012	301.287	51.271	97.482
354.372	283.979	90.926	157.092
358.546	247.924	95.045	179.213
384.475	279.742	60.681	134.520
454.222	407.438	89.853	119.333
98.145	246.434	35.460	199.586
407.240	254.346	39.897	82.947
408.896	254.848	37.923	80.605
408.493	255.223	36.449	84.814
408.152	254.780	39.027	78.106
410.980	254.829	34.205	66.387
410.807	256.316	36.446	74.224
411.370	255.839	34.749	72.374
410.743	256.906	35.265	69.350
408.725	256.848	37.479	76.057
409.517	257.968	36.544	73.461
407.758	257.586	36.359	65.052
407.827	257.428	36.650	67.399
407.876	259.037	37.828	74.805
409.933	259.779	33.575	71.995
410.385	259.494	34.531	69.974
410.457	260.156	35.028	72.238
409.915	261.097	36.587	71.502
407.920	263.074	38.301	73.799
409.357	261.405	35.346	67.219
407.696	262.667	36.129	69.953
520.353	297.054	14.909	67.064
540.742	279.742	46.525	113.347
574.401	280.816	48.687	107.426
582.388	280.223	45.006	111.005
587.673	276.169	43.343	110.227
594.335	277.402	45.382	108.332
593.367	344.960	50.835	123.916
444.078	265.928	17.415	88.542
414.616	271.026	33.561	67.824
330.045	203.056	14.181	55.530
300.622	214.368	32.570	61.541
299.242	213.959	25.731	66.047
295.235	211.127	29.545	68.547
273.904	211.952	29.976	68.785
273.200	212.371	25.847	66.444
270.228	210.045	35.205	68.876
269.470	213.147	31.291	67.288
268.306	212.230	26.861	66.737
267.772	216.042	29.267	62.482
268.212	215.536	26.723	64.375
266.897	213.925	34.154	66.247
265.753	217.182	26.875	64.590
264.541	214.235	27.560	64.614
263.378	213.330	26.255	65.723
263.362	218.876	27.425	61.917
260.937	217.273	27.473	65.507
261.211	219.644	27.139	65.434
260.726	220.185	27.973	63.493
261.514	220.740	26.860	63.641
251.858	187.820	28.497	52.174
259.328	218.946	25.633	66.448
255.534	186.387	24.826	54.292
258.473	221.575	26.299	67.225
256.486	224.089	28.674	62.057
254.974	218.780	29.260	71.064
255.191	225.270	28.127	64.470
255.313	221.009	27.870	62.024
253.680	225.102	27.440	66.801
251.777	218.635	28.354	67.323
248.207	208.135	31.994	73.631
247.663	222.609	28.335	72.618
248.076	227.959	27.740	66.102
245.992	225.777	28.346	66.994
245.540	228.049	28.600	66.962
245.045	227.629	29.331	66.419
244.137	227.531	29.299	64.320
243.251	211.631	31.398	65.253
241.967	230.595	28.417	67.896
240.826	227.359	29.164	70.059
239.720	229.506	27.714	71.701
238.522	229.202	27.701	68.214
237.469	228.646	27.197	66.921
235.504	231.548	29.470	70.348
232.729	229.785	32.434	66.072
232.754	230.656	29.410	66.573
229.777	231.763	29.273	69.363
228.704	231.039	28.876	59.812
228.362	232.908	26.290	62.745
225.443	230.375	26.734	68.491
221.813	232.668	28.186	70.236
221.790	231.265	27.678	68.630
263.825	184.626	37.026	91.347
426.584	308.687	64.233	132.176
540.829	406.436	55.082	132.879
657.952	543.143	64.784	32.857
650.119	502.064	59.934	60.151
549.392	291.378	55.194	74.626
552.652	298.828	40.138	69.155
683.161	342.836	15.527	28.343
684.620	313.004	14.945	6.888
688.381	297.536	12.517	22.662
684.915	284.994	16.499	31.454
596.918	247.811	18.043	77.220
511.076	292.906	14.991	72.069
421.362	321.496	46.616	103.669
421.635	321.806	47.700	91.903
421.882	323.510	48.850	92.492
422.753	325.259	48.982	101.849
424.161	326.089	48.197	93.236
424.147	325.773	48.553	94.101
425.371	328.385	49.382	96.891
426.530	330.505	48.363	104.495
425.569	330.417	48.847	104.441
427.368	329.859	49.820	106.171
430.907	328.687	47.150	101.117
509.770	412.187	65.000	60.744
506.303	349.640	64.852	99.527
644.976	386.680	49.936	130.198
631.048	291.201	52.472	104.057
500.716	284.367	17.641	115.292
614.030	285.962	51.438	98.630
608.832	249.522	46.692	127.297
597.536	272.106	53.035	105.857
590.040	271.359	47.044	105.115
584.773	272.690	44.687	100.712
578.170	272.863	46.647	98.334
550.740	311.451	77.442	128.017
563.292	269.474	48.193	92.600
558.696	269.177	43.233	90.425
553.612	267.987	40.970	88.078
444.889	182.558	13.164	48.054
544.950	260.811	37.028	88.108
540.155	259.181	39.832	86.314
536.088	257.403	39.145	84.104
532.695	250.040	39.813	86.514
531.257	246.649	39.402	88.119
442.531	243.250	60.351	82.805
446.063	233.324	53.577	86.459
473.311	355.222	55.320	123.384
473.610	356.712	56.836	117.625
476.090	359.563	56.840	110.458
476.631	360.302	56.584	113.778
478.840	359.890	55.372	121.468
479.843	361.760	56.489	121.531
481.321	362.315	55.779	117.605
478.992	362.886	59.060	128.571
478.289	366.371	60.864	124.431
479.527	366.092	60.520	117.632
478.965	368.818	62.565	132.186
483.068	365.650	59.688	123.911
486.399	369.593	59.393	131.173
408.645	398.874	64.386	124.538
492.806	373.896	53.809	125.853
490.783	375.052	62.108	130.304
490.611	374.256	64.589	132.106
493.289	377.424	63.431	134.470
495.052	377.027	64.025	128.629
496.030	379.685	65.965	130.846
502.173	381.803	60.758	128.493
516.447	379.077	57.985	128.003
507.918	391.935	67.474	128.288
536.636	391.842	64.337	126.769
578.300	388.065	66.463	130.513
585.829	388.381	64.398	130.854
588.234	390.117	65.367	128.468
591.718	390.730	64.198	130.534
595.954	390.479	61.075	132.401
599.359	393.287	62.417	130.469
602.801	395.339	61.219	127.920
605.413	397.471	61.520	123.662
603.667	399.096	67.525	126.977
604.698	402.238	69.629	120.230
450.173	270.946	20.729	32.273
612.374	404.937	67.049	115.040
617.206	403.007	64.865	120.678
623.081	406.537	64.911	115.190
625.064	408.617	65.859	116.486
628.692	410.719	63.760	112.319
629.596	410.181	65.572	112.904
629.316	411.912	64.560	109.069
487.914	292.872	18.712	31.239
628.825	412.101	60.867	109.221
630.700	412.081	59.665	110.652
631.702	412.595	59.250	111.418
632.453	414.181	61.282	111.096
632.533	413.527	63.654	111.810
634.220	412.545	64.902	112.029
636.388	411.502	64.629	113.349
639.222	414.655	64.923	109.782
646.144	413.277	60.901	112.061
650.057	413.921	62.272	110.600
768.000	432.199	0.000	104.864
657.994	417.244	58.782	107.712
660.761	418.327	57.221	105.431
524.095	318.852	40.077	82.641
666.719	421.863	55.456	100.174
768.000	401.181	0.000	78.529
768.000	397.419	0.000	85.275
691.527	424.374	50.353	100.001
696.436	423.621	51.066	99.209
698.975	427.114	52.871	97.016
768.000	453.240	0.000	106.326
694.642	430.939	65.675	93.418
693.609	429.821	65.727	94.076
768.000	324.099	0.000	102.979
699.623	434.659	62.644	90.991
768.000	507.891	0.000	68.109
706.234	436.955	59.903	88.870
768.000	340.170	0.000	100.801
705.973	442.510	61.050	83.440
768.000	345.425	0.000	94.868
708.522	445.847	58.991	80.705
768.000	350.003	0.000	95.363
713.255	450.005	53.653	76.458
768.000	509.175	0.000	66.825
717.947	455.073	49.038	71.772
715.826	456.616	52.174	69.697
708.752	460.078	59.066	65.389
768.000	518.018	0.000	57.982
711.342	465.015	55.509	61.244
713.294	465.360	52.790	60.658
716.205	467.024	49.848	59.363
720.482	471.318	45.077	55.723
725.142	474.993	41.204	52.040
726.008	477.197	41.209	49.012
726.359	478.403	39.874	47.951
768.000	423.816	0.000	49.384
731.625	486.036	35.170	40.571
735.591	486.975	31.634	38.978
739.686	487.886	28.118	38.366
743.701	490.252	24.216	35.610
748.809	489.497	18.902	35.581
748.331	491.483	18.215	34.574
743.340	473.579	21.793	47.658
739.944	469.704	24.418	52.099
734.258	464.715	30.297	53.825
610.347	439.488	53.061	86.203
711.378	339.038	50.987	63.851
765.526	352.867	2.474	77.504
768.000	361.488	0.000	54.248
511.338	432.097	57.890	72.802
406.763	434.907	47.409	68.605
389.067	474.222	84.252	57.605
447.799	490.948	124.966	60.546
574.061	553.820	104.951	22.180
498.723	576.000	80.646	0.000
634.068	553.893	72.800	22.107
598.247	566.989	62.032	9.011
731.156	531.407	36.844	44.593
651.269	463.962	55.740	64.190
655.817	464.259	52.041	63.422
566.447	460.462	49.490	53.783
576.825	464.165	49.167	49.678
583.856	464.106	43.961	50.022
590.665	466.380	44.467	62.081
592.767	468.301	44.318	46.871
682.324	477.747	50.330	50.438
685.045	479.965	49.044	48.368
762.777	483.512	5.223	55.324
700.968	482.202	34.981	44.094
694.876	483.699	46.319	43.534
768.000	426.843	0.000	48.113
704.580	411.726	51.738	41.699
768.000	511.082	0.000	59.837
713.843	491.736	43.229	35.212
718.310	494.347	42.362	32.779
672.975	471.159	35.976	53.134
763.477	467.532	4.523	44.715
732.289	502.546	33.355	23.492
766.790	465.892	1.210	38.207
745.151	510.953	22.527	17.455
676.045	438.691	21.667	30.872
677.828	435.399	25.011	48.123
642.705	340.102	59.191	125.066
648.676	289.667	62.001	133.460
761.430	388.572	6.570	126.396
717.877	402.526	46.273	114.575
709.387	347.906	53.152	139.703
675.598	314.207	67.655	123.087
642.573	300.675	74.509	177.653
763.022	365.436	4.978	157.789
752.773	370.366	15.227	165.144
497.925	247.667	157.463	147.640
462.800	151.401	43.509	78.535
235.511	252.445	38.063	89.503
238.917	255.357	36.920	86.381
236.576	252.603	34.372	83.094
237.220	252.448	35.451	88.796
237.688	262.230	35.173	84.036
236.778	255.120	37.527	82.188
234.626	253.789	38.611	85.240
234.018	260.759	38.170	86.403
234.012	260.991	38.562	89.225
232.909	261.362	39.923	91.881
185.811	263.391	40.487	86.888
184.648	264.192	37.209	82.667
185.034	263.021	37.397	80.901
182.061	267.221	34.419	82.359
181.671	266.255	37.895	83.001
229.499	269.123	39.102	87.624
77.211	344.054	19.107	76.311
73.496	333.104	56.630	84.984
181.989	269.541	34.820	89.700
182.162	269.598	37.674	86.871
182.291	268.157	38.509	87.280
184.682	264.959	37.531	86.920
183.688	269.426	35.522	85.470
182.912	270.533	34.199	88.777
182.958	274.458	37.626	89.768
185.085	271.580	35.515	88.886
182.874	271.197	38.732	92.658
222.198	276.737	41.911	91.653
187.776	402.782	124.545	119.707
191.243	270.423	82.468	119.846
197.128	275.958	66.847	99.848
218.327	281.623	44.654	95.041
225.147	284.401	40.382	88.095
224.543	281.016	40.885	98.107
253.624	225.074	35.520	69.128
257.497	224.681	31.431	69.813
284.397	224.072	28.830	67.598
256.640	226.322	30.500	68.546
254.666	223.853	31.384	73.665
212.122	228.730	32.249	73.404
212.461	231.625	30.956	71.309
172.672	286.079	34.925	73.084
154.386	398.616	96.666	121.780
181.287	542.590	129.515	33.410
188.102	576.000	108.225	0.000
158.475	576.000	141.699	0.000
295.658	429.422	122.922	99.772
342.417	440.418	116.443	86.538
302.985	293.763	65.493	107.788
452.282	460.573	105.015	70.261
504.392	471.098	88.417	57.019
560.270	478.215	72.519	48.370
482.212	569.804	69.765	6.196
699.731	509.388	37.982	30.760
694.455	477.274	37.706	50.782
676.141	470.181	50.857	56.449
729.550	455.096	36.919	72.719
768.000	442.151	0.000	76.923
767.680	436.974	0.320	78.499
768.000	408.717	0.000	57.549
737.084	444.942	30.117	75.528
729.208	428.699	36.429	90.313
721.842	390.152	42.788	110.758
714.753	393.141	49.752	119.580
768.000	414.700	0.000	113.412
768.000	396.108	0.000	120.317
762.296	344.182	5.704	115.082
356.877	263.928	134.729	177.067
506.826	208.126	33.713	68.034
508.991	209.437	33.822	65.630
514.549	208.370	30.343	66.541
518.707	208.667	30.165	64.125
524.723	207.273	28.065	66.446
527.449	207.605	30.725	66.228
531.410	206.738	29.666	66.670
536.101	205.764	27.994	65.350
540.906	207.190	29.937	67.370
543.507	206.288	33.771	64.466
547.222	203.828	32.077	65.031
609.615	198.975	50.146	62.352
604.857	267.806	54.685	74.485
589.998	198.467	53.018	65.946
496.997	239.319	20.545	79.164
496.567	287.994	34.971	53.107
554.161	202.103	48.377	65.648
537.129	201.036	46.904	65.353
529.505	201.352	43.877	65.511
452.813	156.023	32.815	47.435
540.561	276.194	50.613	69.031
505.167	256.247	59.131	84.436
509.654	207.679	39.740	64.884
507.342	206.653	33.701	67.217
501.543	207.325	33.582	68.220
497.525	209.280	33.362	68.195
605.124	204.542	10.795	61.415
488.767	212.011	33.386	68.382
493.887	212.820	29.426	68.039
490.689	213.224	31.423	71.006
492.693	214.016	31.385	71.164
494.089	215.348	30.928	72.471
495.701	215.540	29.803	75.068
498.387	217.140	29.818	72.343
499.850	219.014	30.309	72.526
502.310	218.544	29.099	75.409
503.725	221.127	28.973	77.067
505.648	222.994	30.057	75.098
508.236	223.709	30.377	75.597
520.823	227.880	33.781	79.314
552.773	226.890	39.762	89.029
592.162	228.919	34.647	90.919
638.844	231.343	38.236	88.297
663.898	232.208	38.243	86.088
702.590	234.414	37.322	91.193
768.000	172.298	0.000	82.490
