412.000	336.000	80.000	131.000
432.891	325.437	76.991	131.105
259.830	316.631	50.802	124.266
315.397	262.188	76.470	124.158
312.555	302.394	39.793	114.609
631.000	308.074	0.000	114.703
631.000	317.528	0.000	109.390
544.976	265.387	59.409	108.429
625.994	173.347	5.006	102.142
575.530	250.766	54.534	84.022
631.000	171.210	0.000	93.163
599.457	236.410	31.543	96.310
607.752	236.494	22.671	89.679
548.902	233.644	82.098	140.568
567.029	235.407	58.685	124.370
569.728	235.767	54.605	109.935
631.000	187.272	0.000	120.660
572.522	239.562	50.708	110.106
631.000	230.752	0.000	119.739
572.070	234.565	50.502	106.798
571.105	229.933	51.293	111.871
573.731	232.941	48.900	107.795
582.717	215.249	40.947	118.278
590.572	222.695	37.107	114.462
543.335	185.357	87.665	174.538
631.000	248.048	0.000	141.590
578.293	204.009	52.707	90.906
572.857	202.948	58.143	79.861
558.284	204.117	70.488	79.105
544.297	202.785	73.616	80.395
528.418	204.355	76.801	78.828
510.531	205.485	84.231	78.768
493.867	205.863	88.526	77.337
482.073	206.824	91.851	78.083
467.539	208.141	93.560	77.928
448.893	209.838	92.437	77.554
434.845	211.782	94.496	78.758
422.966	212.708	92.799	80.105
411.432	215.428	89.675	80.040
401.058	218.410	86.071	80.061
390.736	220.457	81.605	79.835
380.420	222.303	77.736	81.883
373.030	223.602	71.137	84.493
367.996	224.421	66.752	85.557
361.949	225.767	61.610	88.223
355.917	229.227	55.911	87.538
489.173	221.962	38.269	67.755
484.004	223.613	37.847	90.195
335.688	237.953	54.485	93.593
211.745	237.820	36.035	101.948
325.457	246.969	48.897	97.118
320.458	252.786	49.157	95.821
316.773	257.748	47.708	97.362
311.512	262.622	49.272	98.765
308.568	264.617	50.542	101.449
410.666	268.643	56.248	81.727
546.599	262.210	32.440	90.235
440.619	246.161	44.842	112.669
440.191	239.340	37.441	75.501
569.901	338.722	56.082	133.175
631.000	366.136	0.000	114.864
253.047	307.549	84.152	127.364
243.108	315.556	73.411	129.324
631.000	264.812	0.000	124.651
631.000	332.774	0.000	132.325
