426.000	153.000	84.000	166.000
422.678	150.561	91.603	168.052
421.096	150.487	91.681	167.276
418.702	152.063	90.945	163.638
417.784	151.057	90.964	164.307
416.531	152.935	90.494	162.364
416.685	153.560	87.493	163.176
417.082	154.166	84.961	162.372
416.450	154.627	80.949	163.286
416.119	153.760	77.605	164.591
415.740	153.440	75.863	164.144
417.364	153.034	71.569	163.884
418.239	152.845	69.984	164.557
419.914	153.922	69.015	163.205
421.685	153.731	71.467	163.314
423.498	153.576	73.428	163.776
424.552	153.382	73.968	164.093
427.291	153.723	72.297	163.271
430.900	151.365	66.517	166.037
435.187	151.827	63.586	165.714
437.847	152.223	63.400	165.884
641.435	161.069	54.328	150.029
642.545	164.297	56.317	151.547
439.475	154.335	67.910	163.520
441.227	153.222	67.309	165.415
441.081	155.061	72.029	163.633
441.854	156.761	71.752	160.663
442.729	158.077	71.233	159.529
447.175	158.670	67.846	158.695
451.198	158.536	65.697	157.985
456.381	157.758	63.814	155.196
461.937	156.985	60.765	155.762
466.277	157.519	60.284	157.095
463.404	159.121	64.409	158.226
458.016	161.499	72.061	158.102
452.438	162.549	78.180	156.168
448.715	164.882	81.583	152.601
446.921	166.583	82.591	149.830
447.625	168.114	80.545	148.739
451.102	168.406	76.248	148.685
455.667	168.717	69.749	148.543
460.912	168.547	64.050	149.713
468.223	168.842	57.795	151.166
472.080	169.062	56.303	152.690
474.667	167.832	54.595	154.835
476.287	167.319	55.797	154.951
476.580	167.224	59.105	154.821
476.084	168.198	61.659	149.461
476.148	167.944	59.965	150.544
475.848	168.621	58.439	149.572
474.768	171.257	57.685	145.401
474.578	170.751	54.951	143.191
473.594	170.253	53.002	147.005
472.848	169.022	50.568	151.108
471.423	169.061	51.076	151.198
470.309	168.736	51.323	151.159
468.959	168.633	52.539	150.648
468.676	169.033	52.768	152.929
467.393	171.478	54.444	148.881
466.868	172.796	55.474	147.394
465.340	174.256	58.222	142.892
465.249	172.926	59.953	145.267
465.408	173.070	62.180	145.060
464.440	172.428	63.836	143.597
464.461	172.406	66.361	146.232
456.898	328.512	79.893	96.327
462.796	199.599	70.701	121.756
610.338	294.111	81.407	150.804
463.747	183.256	62.032	142.257
634.081	296.033	65.093	153.436
463.113	183.241	56.018	136.243
463.256	179.595	53.606	138.504
462.489	180.813	52.777	136.754
461.278	181.226	53.114	136.186
459.999	183.147	53.154	134.891
458.939	182.193	52.492	135.443
458.122	181.405	51.041	137.079
456.175	183.539	51.174	135.809
455.603	183.557	50.058	134.842
456.775	58.920	65.484	134.725
452.788	184.693	50.565	132.667
603.357	177.667	58.066	138.239
451.920	184.057	47.477	134.307
452.250	184.879	47.015	134.390
453.228	184.271	46.585	134.673
452.508	183.586	47.011	134.434
453.435	185.506	46.199	133.256
452.389	185.522	47.297	131.997
451.772	187.182	48.965	131.107
450.507	188.923	51.760	128.374
450.001	188.497	52.461	127.908
450.128	186.475	52.234	130.413
450.961	186.601	52.296	131.039
452.381	185.103	51.959	132.838
452.479	185.882	52.289	130.430
452.565	186.538	48.817	130.221
452.207	187.973	45.571	131.033
451.582	188.278	42.106	130.539
450.260	188.527	40.710	131.105
447.562	186.910	40.180	131.016
446.123	186.698	38.619	132.420
443.837	187.795	39.457	131.978
441.127	187.336	40.891	129.168
436.205	188.062	44.017	128.591
431.678	187.795	47.457	129.564
431.068	189.468	47.179	126.630
430.582	188.353	47.896	129.033
430.779	187.951	46.827	129.216
429.540	188.915	47.282	128.611
428.850	188.009	45.653	128.851
427.383	187.800	44.982	128.985
426.819	188.541	45.127	128.306
425.865	189.311	44.493	127.275
425.293	189.450	44.342	127.021
424.859	189.319	43.703	126.643
424.476	189.896	43.469	126.706
425.004	190.853	42.213	124.945
425.439	191.068	42.109	125.232
426.314	190.465	41.023	125.835
427.623	190.241	40.150	126.602
428.834	190.499	38.804	125.981
429.580	190.573	37.615	125.311
430.504	190.307	36.679	125.824
430.842	190.484	36.768	125.897
308.759	179.654	42.916	124.002
308.687	179.442	43.105	123.978
308.614	178.173	43.650	125.078
309.021	178.881	42.734	125.929
430.859	190.484	37.146	126.010
430.120	190.311	37.480	125.741
429.414	190.350	38.188	125.948
429.312	190.437	38.169	126.140
429.175	190.530	38.306	126.352
429.105	190.702	38.220	126.012
429.366	190.745	38.289	125.913
429.380	190.659	38.362	125.556
429.365	190.609	38.198	125.412
429.630	190.786	38.150	125.211
429.564	190.872	38.217	125.180
429.531	190.872	38.460	125.566
429.311	190.747	38.612	126.108
429.581	190.794	39.009	126.169
429.598	190.794	38.860	125.947
429.702	190.880	38.809	126.137
429.633	190.880	38.773	126.360
429.805	190.750	38.601	126.379
429.855	190.794	38.498	126.224
429.872	190.794	38.533	126.391
430.023	190.707	38.173	126.589
430.252	190.576	37.943	126.441
430.969	190.530	36.946	126.630
430.972	190.700	36.932	126.963
431.207	190.920	36.595	126.378
431.258	190.702	36.482	126.817
431.330	190.528	36.270	127.047
431.238	190.962	36.161	126.780
431.106	191.048	36.023	125.862
430.716	190.790	36.166	125.896
430.305	190.617	36.429	126.400
430.101	191.005	36.487	126.459
429.686	191.178	36.865	126.064
429.139	191.522	36.905	125.499
428.974	191.872	36.918	124.959
428.714	191.865	37.165	124.547
428.148	191.651	38.138	124.980
427.592	191.821	38.786	125.144
426.602	191.480	40.160	125.818
425.512	191.918	41.640	124.206
425.453	191.747	41.614	124.764
426.596	191.282	40.478	125.364
429.028	191.533	39.348	125.646
424.072	303.078	52.565	112.368
433.768	194.627	37.837	120.998
432.847	96.120	51.310	114.333
575.145	188.360	40.366	108.888
576.710	190.780	38.819	107.801
577.203	186.450	39.267	111.088
577.460	187.056	39.892	109.940
436.399	194.345	42.352	122.356
437.141	193.527	44.342	123.129
437.674	192.294	43.965	125.192
438.069	192.521	44.245	125.873
438.411	193.538	45.394	124.149
439.811	194.686	45.388	123.540
441.293	197.472	46.318	120.959
441.734	200.847	47.950	115.497
444.049	201.069	46.182	116.348
445.006	202.366	46.436	113.803
445.920	202.743	46.400	114.267
448.149	203.795	44.992	113.339
449.418	203.436	44.263	112.796
450.780	203.187	43.469	113.627
452.324	201.693	42.193	115.186
454.648	199.111	39.716	119.159
456.718	198.481	40.478	118.956
318.071	185.324	32.965	122.815
317.185	184.962	32.847	125.551
317.391	187.380	32.720	123.157
318.646	188.670	32.424	123.443
462.902	201.054	42.839	117.456
465.198	200.630	43.130	117.598
467.441	200.545	42.011	117.734
468.194	200.670	41.680	116.980
469.058	200.403	40.843	116.357
470.063	199.169	39.979	117.836
470.165	199.049	40.711	117.800
470.313	199.884	41.402	116.032
470.276	199.211	42.587	116.908
470.906	199.435	43.692	117.899
470.667	202.622	44.243	112.168
471.090	203.848	43.634	111.169
471.770	204.097	42.027	110.423
472.153	204.867	40.642	108.904
472.428	205.359	39.951	107.737
472.776	206.250	39.695	108.146
473.465	205.909	38.954	111.019
473.772	206.586	39.715	111.403
474.630	206.646	39.246	111.567
475.013	206.914	38.932	110.703
475.809	205.435	37.806	113.165
476.153	205.523	38.255	113.811
476.082	204.986	38.739	113.647
475.757	203.579	39.783	112.256
475.757	202.458	40.202	112.775
476.160	205.588	40.469	110.893
476.375	206.666	39.827	110.182
477.094	206.283	38.977	110.312
