219.000	100.000	17.000	40.000
220.340	100.237	17.378	37.382
273.953	91.028	10.088	40.955
275.658	89.403	9.278	39.131
220.943	100.838	17.813	36.640
221.008	100.548	17.986	37.685
220.998	100.213	18.663	38.334
221.587	100.262	17.941	38.564
221.108	100.296	18.194	38.019
221.241	100.243	18.332	37.793
222.163	100.336	17.836	37.459
221.531	100.765	18.322	37.974
223.370	101.045	18.101	37.392
223.642	100.111	17.740	37.582
224.966	100.187	17.408	37.881
224.876	101.619	18.358	36.884
225.664	102.122	18.178	36.248
226.418	102.266	17.859	36.299
226.781	102.279	17.611	36.404
227.338	102.515	18.046	36.852
227.557	102.268	17.906	37.253
228.752	101.957	17.552	36.295
229.134	101.946	17.000	36.663
228.963	102.638	17.428	35.128
229.480	102.724	16.640	35.792
228.957	102.983	17.882	35.791
229.118	102.771	17.314	35.779
228.691	103.567	18.159	35.099
228.796	103.723	17.218	33.797
227.849	102.899	17.751	34.799
226.847	102.760	18.449	35.521
227.159	102.989	17.690	34.795
226.559	103.293	18.720	34.755
225.128	104.358	19.222	33.760
224.324	105.102	18.806	33.317
222.983	105.121	18.168	33.733
219.994	105.027	20.245	34.193
220.029	104.782	18.883	34.284
217.817	103.115	20.180	34.623
217.320	104.160	20.065	34.413
218.783	103.391	18.523	33.591
218.165	103.929	18.673	33.763
217.178	104.385	18.540	33.760
216.242	103.971	18.160	33.834
215.393	104.178	17.739	33.427
216.424	104.869	16.316	33.960
213.792	102.302	16.897	35.122
210.628	101.671	17.622	34.006
210.659	103.126	17.530	35.493
196.332	98.618	32.095	43.898
196.007	99.718	27.146	45.787
211.530	99.607	17.949	40.992
211.273	102.161	15.438	37.947
208.250	101.589	18.463	37.701
211.636	100.706	16.986	37.433
211.792	103.290	16.044	36.051
212.771	102.221	16.192	36.392
210.618	101.889	17.105	36.492
202.604	98.800	24.002	43.074
198.813	97.047	24.003	41.483
209.662	101.621	16.576	37.848
209.845	98.837	18.034	39.343
190.315	95.791	27.624	46.591
188.294	98.169	20.992	45.816
192.146	97.053	22.527	44.190
176.589	82.952	45.126	64.035
96.679	99.170	34.150	61.573
122.160	31.598	28.620	54.678
125.540	62.723	34.659	57.105
211.403	100.755	16.470	39.149
195.858	92.485	31.091	54.372
213.266	100.391	16.087	36.986
209.180	100.092	17.211	37.629
266.830	89.491	6.139	38.689
202.111	98.959	22.360	40.755
213.400	103.265	17.384	37.451
213.480	102.291	18.274	35.721
220.571	108.978	18.107	31.173
270.840	93.719	8.115	46.105
229.636	112.482	15.694	30.498
233.784	113.267	16.355	30.183
282.294	82.369	6.587	46.009
239.169	113.302	17.012	31.991
242.052	114.370	17.048	30.710
243.995	113.941	17.763	30.825
246.286	114.134	17.695	30.420
206.673	99.259	11.495	34.042
252.992	112.488	17.873	34.065
256.258	113.895	17.136	32.748
214.760	104.258	9.363	33.538
260.513	115.869	18.794	33.810
263.952	113.665	17.107	35.267
266.664	115.788	17.204	34.956
269.919	115.875	17.884	35.076
272.936	116.156	16.905	35.060
228.930	105.353	6.082	35.879
230.929	106.856	5.992	34.227
232.993	103.744	5.679	34.337
280.838	116.827	18.059	36.614
282.854	117.195	19.107	39.390
284.493	117.476	18.822	39.392
286.040	116.018	19.342	42.088
287.760	116.025	18.813	42.077
289.241	117.286	18.689	41.054
290.771	118.917	17.690	39.574
292.696	118.929	17.658	43.584
293.159	118.159	17.620	46.619
294.036	119.350	17.454	44.746
294.978	119.302	17.353	45.897
295.716	120.240	17.772	39.650
296.554	120.990	17.936	37.300
296.806	120.829	18.298	33.824
297.559	121.670	18.136	39.752
299.079	121.575	17.132	39.973
299.308	120.994	17.826	41.697
300.548	122.629	17.086	38.982
299.467	123.404	17.573	40.372
299.799	121.864	17.307	42.640
299.902	123.554	17.443	41.607
300.130	123.266	18.101	40.140
300.209	123.342	16.952	41.544
300.842	123.557	17.138	42.069
300.169	123.912	17.100	36.703
301.032	124.008	17.100	37.363
300.432	124.368	17.210	40.889
300.053	125.582	17.118	43.475
300.394	125.879	17.531	41.450
300.950	125.699	16.893	43.203
248.912	105.266	6.813	37.880
301.430	126.910	17.288	40.768
302.308	126.823	17.156	41.340
302.679	126.808	17.594	41.186
303.740	127.913	16.813	36.618
289.608	92.992	19.236	11.934
290.890	90.926	19.559	12.162
306.539	126.192	18.270	40.890
307.852	126.864	18.990	40.537
309.298	127.682	19.420	39.729
311.094	128.330	19.293	41.236
312.221	129.534	19.179	37.662
314.263	128.686	18.903	39.939
287.763	89.783	17.861	15.076
267.999	173.063	8.517	31.223
318.649	129.230	18.836	41.832
320.345	128.513	18.663	39.718
271.040	90.181	7.085	15.175
360.253	118.082	20.641	29.689
326.482	130.659	17.456	39.280
327.003	131.241	19.593	38.564
329.783	132.348	18.584	37.147
331.200	132.367	19.192	40.629
331.898	132.139	21.052	40.417
334.780	133.207	19.091	40.002
337.479	133.668	17.825	38.963
337.772	133.681	18.549	41.017
338.538	131.144	18.948	43.703
340.197	131.425	18.420	43.707
341.176	133.267	18.689	41.593
340.937	133.671	19.312	39.912
342.983	135.527	18.205	40.607
343.564	134.932	18.526	42.095
344.548	136.733	17.818	40.852
345.060	136.416	18.310	43.596
344.529	136.280	18.279	41.958
344.902	137.480	18.641	41.722
344.490	136.916	19.197	42.035
344.990	138.180	18.688	40.571
345.242	137.105	19.126	43.107
343.097	101.286	22.295	47.647
347.286	140.938	18.649	45.513
379.256	116.819	19.969	43.518
408.588	98.459	27.672	42.052
352.057	142.800	14.357	43.626
347.582	143.124	18.679	40.808
347.177	141.137	20.109	43.553
407.853	99.096	13.066	15.053
347.100	143.555	20.895	42.121
347.175	144.402	19.906	44.326
347.154	145.302	19.146	41.403
346.587	145.966	19.730	42.374
345.156	145.488	19.743	43.015
344.552	147.452	19.371	41.579
343.043	147.210	20.011	43.459
340.978	146.885	20.313	45.851
338.361	146.027	22.807	46.199
337.024	147.447	22.030	45.824
335.125	148.434	21.905	46.854
335.330	146.821	21.079	48.106
333.520	148.847	21.384	45.995
332.121	147.419	21.360	47.793
332.382	150.256	20.069	44.604
330.501	151.156	21.563	46.370
381.330	166.080	23.017	48.737
330.206	152.794	22.297	44.257
370.442	169.041	24.409	50.178
377.977	208.118	32.302	57.884
329.971	151.588	24.936	49.287
267.927	102.305	8.410	17.305
330.747	153.800	20.715	47.167
331.165	156.001	20.644	44.821
331.882	154.947	20.326	47.540
370.077	195.345	27.482	46.973
332.825	157.260	21.292	50.822
288.572	109.868	19.703	10.631
334.508	158.958	21.609	47.964
286.489	112.889	19.690	13.839
335.323	158.656	24.006	49.905
334.786	159.316	23.950	50.046
336.135	160.183	22.911	49.591
286.657	111.911	20.071	12.623
335.565	159.859	23.745	53.238
335.481	161.203	23.200	53.476
335.807	160.746	23.282	53.763
381.610	186.704	32.865	51.010
418.916	165.526	36.064	59.588
598.273	276.063	31.053	93.570
631.000	241.966	0.000	73.711
631.000	242.383	0.000	76.534
552.936	290.447	51.598	123.110
512.687	178.016	55.358	22.481
486.131	205.345	32.803	46.880
503.294	122.617	46.889	75.752
516.464	129.816	44.601	80.830
503.767	150.802	76.924	115.167
487.200	206.174	35.372	57.501
335.262	170.376	33.910	66.246
338.206	172.359	27.761	58.335
339.932	172.587	25.630	57.439
339.593	173.116	26.279	63.741
339.354	174.431	26.904	61.242
339.158	177.110	26.189	60.408
339.853	178.079	25.347	59.586
337.769	178.810	26.978	60.319
337.230	178.633	27.174	62.633
335.271	179.890	28.616	61.402
332.922	181.086	29.517	63.116
330.263	183.771	29.732	62.612
328.595	182.887	29.897	73.206
283.646	116.010	22.343	22.592
282.477	112.959	22.751	24.585
324.155	188.328	28.282	63.791
281.810	128.074	21.802	13.582
322.650	186.078	28.785	70.551
319.908	189.770	29.469	65.547
318.444	188.952	29.912	70.582
316.873	189.804	30.216	70.834
316.382	194.107	28.601	69.191
316.539	193.561	28.292	70.871
314.738	191.858	29.330	68.071
315.398	196.872	29.106	66.757
314.041	196.714	29.085	64.079
312.994	196.893	31.045	67.219
312.512	199.261	31.366	67.395
311.464	201.633	31.703	66.917
310.851	202.581	30.103	68.263
308.356	199.818	32.691	76.359
305.602	203.497	34.107	74.983
305.855	205.374	31.913	73.942
304.041	207.073	31.001	73.468
301.628	209.088	30.987	70.422
299.226	205.636	33.019	76.173
330.768	135.010	32.273	13.988
294.686	207.549	35.160	79.505
292.825	209.406	35.740	76.560
292.718	213.091	33.782	75.875
227.172	140.958	26.753	21.831
290.139	213.663	35.985	84.546
287.745	214.450	38.467	84.517
288.051	215.933	37.691	86.194
286.387	216.417	39.865	87.507
286.201	217.829	40.384	89.100
286.913	218.935	40.936	88.808
286.882	220.352	40.972	86.878
286.102	222.533	42.344	88.007
285.508	223.966	43.072	88.439
284.491	225.560	44.507	88.316
283.224	228.335	44.797	87.665
282.625	229.664	47.197	88.874
281.513	230.032	48.188	89.510
280.832	231.798	47.799	91.857
278.894	234.627	49.297	92.958
276.959	236.094	49.670	96.959
274.247	237.553	51.375	100.760
268.338	240.204	54.709	101.855
266.066	242.242	53.516	104.841
262.907	244.471	55.196	105.809
259.485	246.326	54.373	107.386
255.216	248.086	54.996	107.470
249.866	250.257	54.749	106.475
244.423	251.648	55.112	108.974
239.595	254.431	53.541	108.121
235.255	255.677	53.281	110.284
231.159	257.110	54.587	110.982
224.373	259.764	56.592	110.753
216.893	263.623	56.244	111.534
209.149	266.603	57.901	113.501
202.633	270.235	57.961	115.622
196.088	272.379	58.824	115.957
190.674	275.490	57.314	112.454
177.873	279.358	57.123	110.480
169.956	282.797	57.972	110.555
161.798	286.623	59.049	112.443
156.225	289.684	57.726	116.804
144.563	293.957	61.817	117.698
135.297	295.857	65.800	122.221
128.657	299.599	65.889	121.672
119.410	303.050	63.340	124.581
109.507	306.168	63.175	126.213
95.301	311.509	63.159	126.296
85.450	316.838	64.149	125.199
76.015	321.044	63.399	127.340
65.147	324.125	64.339	130.485
55.346	328.648	66.225	131.837
42.261	332.712	67.544	134.100
