420.000	20.000	18.000	45.000
364.905	14.221	17.260	42.647
363.693	15.875	18.639	40.865
363.009	2.742	9.657	40.999
363.494	22.811	18.339	47.931
427.442	21.660	18.013	52.979
429.215	21.563	17.871	52.837
430.735	22.702	17.898	52.495
431.715	22.766	17.603	53.386
432.516	22.428	18.155	53.303
434.096	22.819	18.007	53.913
435.063	23.669	18.351	54.025
435.495	24.163	19.075	53.352
434.845	25.432	20.341	53.510
433.650	29.868	21.215	51.867
368.966	61.556	16.405	50.050
434.350	121.741	9.660	31.294
432.874	140.403	19.688	39.187
431.470	140.353	20.119	56.274
431.667	140.611	18.982	56.436
430.872	140.767	19.280	57.336
430.116	141.821	20.314	57.832
428.887	142.290	20.250	57.533
427.605	143.354	20.869	57.803
426.802	144.868	20.811	58.493
424.754	145.061	21.550	59.752
422.867	147.031	21.910	59.840
422.051	147.413	21.331	60.598
419.528	148.393	23.096	61.367
417.851	149.735	23.436	61.146
416.370	150.776	22.716	61.173
414.102	152.027	23.023	61.164
411.785	153.040	22.792	61.701
409.949	153.959	22.403	62.818
409.223	154.770	22.661	62.921
407.978	155.629	22.935	62.834
407.894	157.017	21.206	62.622
406.423	157.723	21.714	62.721
405.125	159.384	22.248	60.197
405.099	160.974	21.955	60.199
404.639	162.089	22.950	60.753
403.169	162.953	24.617	60.750
403.479	164.548	24.325	61.499
404.219	165.038	24.933	62.804
405.296	166.624	25.475	63.808
408.059	168.446	24.922	63.293
408.518	169.002	25.393	63.769
410.696	170.184	25.215	67.511
413.840	170.640	25.037	68.665
416.201	171.281	25.006	69.600
419.446	173.364	25.950	71.767
421.707	174.102	26.694	73.294
425.167	176.136	27.424	73.221
428.922	177.517	27.401	71.874
431.417	178.161	27.410	72.635
432.650	179.227	28.042	73.858
435.006	181.875	28.367	72.927
436.687	183.104	28.745	75.273
437.350	184.333	29.637	74.581
437.774	186.228	30.851	75.608
436.379	116.501	38.357	58.490
437.207	188.357	30.499	54.981
491.971	128.796	31.072	14.905
435.390	191.398	29.138	67.580
433.410	192.848	28.660	75.479
431.051	194.442	29.491	80.437
427.470	196.429	30.233	82.218
425.693	198.062	30.637	83.664
422.163	199.982	32.290	84.835
419.417	201.379	31.578	85.690
416.952	204.883	30.893	85.274
414.333	205.538	31.093	88.166
519.775	125.610	29.573	49.132
409.752	209.257	31.839	89.966
406.758	210.419	33.052	90.892
404.403	212.738	33.840	91.228
401.292	215.333	34.539	91.855
398.262	215.848	33.902	94.168
393.488	218.953	35.146	95.965
388.117	219.505	35.846	97.390
385.232	219.514	35.868	100.270
382.328	223.508	37.100	98.704
377.398	226.223	36.216	98.114
371.347	230.291	36.920	96.837
364.361	232.781	37.642	97.790
358.129	234.447	36.223	99.840
351.807	237.325	35.311	102.136
343.091	239.309	37.888	103.877
334.381	243.174	40.276	103.517
328.223	246.529	40.001	105.230
320.290	249.411	40.567	105.159
312.210	251.897	40.875	106.214
306.436	255.139	40.965	106.098
298.098	258.638	41.342	106.903
289.653	261.106	40.173	110.099
279.664	263.955	42.849	112.415
271.086	266.147	43.363	113.781
264.723	270.474	42.610	115.188
256.900	272.683	43.760	117.658
247.928	276.017	44.912	117.828
237.443	280.766	46.519	117.109
223.959	284.801	50.036	120.474
211.144	287.665	51.952	123.639
198.139	292.841	54.046	124.613
191.068	295.207	52.672	126.132
179.225	298.717	53.132	129.324
167.507	305.996	56.368	126.722
155.511	308.307	55.107	131.262
143.631	311.627	53.574	134.279
131.779	319.359	53.400	132.963
118.835	322.893	54.286	136.874
104.230	327.821	56.802	140.198
