102.000	155.000	194.000	398.000
0.000	256.313	18.338	316.945
0.000	251.982	27.579	314.578
0.000	0.000	28.044	172.255
120.304	169.224	210.252	361.560
0.000	461.729	80.089	114.271
157.370	167.298	201.676	354.500
170.379	164.639	206.627	351.716
184.466	164.099	208.226	352.622
222.209	159.345	195.586	334.069
219.408	156.608	187.274	363.278
251.330	153.294	180.538	343.663
270.561	0.000	188.592	93.187
275.545	151.026	158.466	177.616
18.581	197.708	137.639	319.855
274.442	151.820	170.688	329.128
276.312	151.820	168.058	306.872
277.148	146.349	159.600	316.642
297.914	0.000	165.701	98.253
283.097	145.287	168.568	336.572
290.398	147.260	170.845	356.194
0.000	155.122	77.661	347.362
0.000	259.670	0.000	285.945
326.430	151.415	167.471	355.164
629.523	505.807	229.086	70.193
338.260	143.832	170.195	358.394
345.827	138.373	158.534	351.244
358.122	0.000	175.194	139.069
350.791	110.729	162.495	370.480
362.677	120.748	157.755	345.223
650.280	0.000	203.550	16.193
376.685	120.008	167.792	331.267
25.219	139.623	184.987	360.365
0.000	6.474	0.000	344.294
0.000	0.777	0.000	336.041
0.000	102.137	0.000	316.968
0.000	2.237	0.000	335.724
0.000	0.000	37.851	187.973
0.000	63.327	33.882	152.340
0.000	4.969	0.000	186.653
0.000	9.809	0.000	174.383
0.000	4.938	0.000	172.272
0.966	9.678	71.852	179.461
0.000	74.850	0.000	167.299
0.000	78.107	0.000	166.010
0.000	4.093	0.000	155.147
94.597	75.031	123.642	189.947
213.471	93.270	140.316	292.978
0.000	1.669	120.133	249.525
491.225	0.000	159.951	190.117
288.014	103.678	167.371	319.066
407.016	113.490	150.751	329.258
427.851	0.000	161.766	122.194
568.070	88.686	115.129	243.886
318.680	112.262	131.499	319.818
438.956	86.815	149.591	320.636
347.660	51.237	177.005	332.380
448.802	50.960	140.722	324.231
439.954	51.033	156.507	304.627
473.284	52.318	138.844	300.973
474.629	50.202	153.176	291.598
398.409	0.000	170.004	169.807
532.817	0.000	152.727	27.931
570.121	256.798	175.780	305.668
525.338	204.770	205.238	371.230
502.865	44.747	125.947	282.462
503.537	42.117	127.030	289.583
367.343	48.401	140.573	293.279
494.136	35.237	125.633	276.392
501.519	126.377	203.267	434.963
90.999	395.483	260.753	180.517
51.109	48.014	197.460	410.738
188.616	103.759	164.099	414.569
181.081	89.043	171.450	407.605
181.922	62.222	183.873	414.575
274.153	0.000	283.252	0.000
280.756	0.000	262.696	0.000
198.081	56.758	164.161	399.296
210.702	41.481	162.273	380.688
206.626	55.612	152.123	370.280
543.144	0.000	197.592	26.494
454.973	137.821	172.409	425.768
413.983	20.533	355.480	540.893
439.435	120.402	224.515	434.937
35.330	548.463	311.116	27.537
412.255	111.778	257.873	459.172
803.377	576.000	156.623	0.000
350.359	47.697	410.858	521.750
395.584	89.477	267.580	482.710
380.307	90.709	247.131	458.051
346.442	122.956	228.688	430.948
349.235	125.046	237.099	402.303
286.907	105.019	366.573	463.351
276.764	138.515	287.006	417.613
266.409	143.437	271.179	424.649
254.552	164.269	270.478	401.650
237.072	169.582	259.964	395.478
228.724	183.586	250.852	369.720
219.541	186.650	255.547	360.636
247.535	187.308	227.368	363.272
324.737	176.866	171.038	373.016
305.398	183.265	172.761	365.519
290.116	201.564	171.902	344.850
289.578	190.499	170.523	349.830
278.413	215.148	176.359	329.852
403.134	161.112	145.517	309.504
33.861	182.366	145.023	308.801
495.620	182.000	126.201	271.973
489.653	183.423	123.027	256.365
478.812	182.551	119.197	259.569
477.668	181.217	115.965	248.838
475.987	177.609	118.230	257.485
486.218	178.956	115.356	255.739
493.776	177.900	110.941	254.314
497.141	178.431	111.114	249.839
495.953	174.505	116.017	247.187
499.246	174.438	118.851	242.179
495.497	171.780	115.274	248.925
60.670	219.603	202.248	350.473
0.000	71.291	0.000	343.718
0.000	177.640	0.000	326.766
0.000	165.429	0.000	348.809
0.000	283.695	0.000	292.305
0.000	276.197	0.000	299.803
569.429	0.000	209.720	82.585
631.233	0.000	156.770	3.117
482.345	155.308	101.944	231.797
202.359	120.538	111.431	270.749
495.187	153.477	104.785	217.887
502.701	149.299	112.970	219.093
512.053	152.494	126.114	201.567
521.890	222.528	203.389	341.916
547.699	230.515	194.960	321.816
576.768	215.501	187.674	307.076
600.082	217.707	182.377	290.654
960.000	175.727	0.000	319.403
479.518	175.081	133.994	264.009
278.801	190.910	133.216	321.640
290.331	196.560	135.678	309.962
280.795	182.687	140.185	325.220
335.564	576.000	209.755	0.000
325.186	186.434	222.711	386.514
303.063	194.782	198.845	319.197
51.825	113.922	156.669	300.533
65.126	104.291	134.035	280.703
63.664	102.848	154.793	263.994
61.654	98.076	142.315	256.972
56.576	78.973	134.647	262.972
58.794	94.601	144.814	263.317
47.607	82.016	135.491	251.171
61.837	106.079	132.069	238.136
0.000	47.015	0.000	242.111
65.645	93.925	141.238	233.275
0.000	0.000	0.000	228.989
322.471	180.171	205.615	381.553
94.846	443.990	244.233	132.010
161.710	159.674	208.615	332.179
299.922	163.856	165.711	359.068
318.920	170.653	174.830	367.767
301.606	178.662	177.506	332.682
293.142	188.469	173.448	342.087
289.170	186.473	185.626	353.050
286.821	186.921	176.490	344.111
281.566	190.156	177.842	351.395
279.288	182.789	171.783	350.714
273.252	174.228	173.154	358.986
272.354	178.995	162.383	357.993
274.584	163.398	176.313	349.023
280.081	165.201	158.924	361.228
274.726	170.785	160.573	353.807
273.234	156.124	168.972	344.334
378.098	0.000	194.091	92.593
432.800	54.869	118.594	184.861
482.117	0.000	129.279	0.000
264.956	141.227	163.704	382.806
341.495	0.000	198.068	44.021
341.658	0.000	109.385	0.000
515.307	32.176	98.671	187.573
358.057	69.710	150.571	217.183
320.132	102.744	204.478	283.317
405.609	0.000	175.503	0.000
228.024	128.281	150.785	314.448
220.885	143.890	150.231	290.302
384.016	156.791	145.414	299.392
364.469	175.106	144.225	308.585
1.309	168.340	138.968	321.528
0.000	124.497	0.000	258.863
2.604	163.056	120.383	308.092
4.312	174.681	121.228	287.254
1.867	180.226	119.541	275.644
1.868	179.287	117.262	274.983
2.455	182.301	113.963	272.987
0.000	182.569	111.805	271.060
0.000	149.878	0.000	206.867
0.343	165.764	107.880	276.172
0.920	173.003	108.732	278.400
37.520	266.286	144.870	309.714
58.492	269.581	150.160	305.116
2.976	153.295	103.396	286.188
0.000	126.070	0.000	204.379
0.000	143.973	0.000	197.188
0.000	150.098	83.318	269.359
0.000	161.295	86.715	266.977
0.000	163.855	83.873	248.702
0.000	152.617	89.159	234.613
0.000	65.775	0.000	218.195
0.000	120.687	0.000	195.063
0.000	115.802	0.000	193.091
0.000	117.973	0.000	194.104
0.000	182.054	0.000	209.619
0.000	142.582	96.552	172.486
0.000	230.960	0.000	193.189
0.000	145.446	93.798	158.579
143.561	124.277	127.176	291.139
159.947	139.379	121.914	270.620
4.140	155.820	95.253	217.478
488.862	93.898	104.693	265.780
0.000	82.797	55.852	244.164
0.000	225.847	0.000	197.611
0.000	117.306	0.000	158.945
4.084	139.525	102.466	163.245
106.763	122.659	196.401	287.577
175.384	129.204	130.642	269.407
746.274	197.628	213.726	369.098
485.450	179.576	132.468	253.482
328.543	144.261	111.941	263.141
179.240	140.920	121.970	250.624
174.781	133.044	119.098	259.663
170.184	124.717	121.326	252.241
169.535	105.959	120.050	241.655
200.764	83.665	122.257	245.248
206.030	117.523	113.985	228.333
238.764	85.037	124.901	260.224
317.390	158.247	107.010	240.591
175.473	131.309	109.862	241.532
171.572	123.222	111.458	242.096
170.644	122.018	112.518	241.816
171.769	122.465	108.521	240.144
180.028	123.031	102.467	236.841
175.907	120.390	103.825	238.074
182.453	117.700	102.273	242.800
176.296	115.308	104.126	247.435
183.780	112.377	107.334	250.028
188.059	107.200	112.030	254.678
191.180	104.510	117.590	239.617
189.707	106.005	110.302	254.655
189.612	102.040	117.036	245.973
185.194	100.486	114.565	250.070
185.551	104.114	114.865	245.669
181.867	103.014	115.302	247.348
181.359	104.376	116.165	241.832
178.140	103.005	118.736	238.915
176.280	105.792	119.561	235.400
175.527	101.884	115.346	230.752
173.350	97.610	118.602	229.581
173.360	101.385	116.387	229.229
169.076	97.043	111.684	234.308
164.479	100.018	129.861	235.988
158.893	89.413	117.542	243.820
149.796	89.993	117.881	239.655
156.777	87.296	118.931	245.962
143.922	92.539	112.342	239.986
154.819	69.492	113.803	260.343
145.939	85.947	114.263	244.892
152.194	81.566	114.020	246.405
150.291	86.126	112.469	244.782
165.923	79.283	109.070	246.494
0.000	229.913	92.016	287.257
8.239	73.832	94.934	229.160
19.347	64.831	86.120	223.526
10.235	81.514	91.300	199.976
19.156	64.549	84.589	201.450
14.285	70.087	89.765	196.916
0.000	122.485	38.433	213.887
1.758	71.960	58.343	189.464
13.126	62.882	88.849	197.688
0.000	45.151	0.000	180.131
15.365	62.620	87.399	197.208
0.000	124.295	0.000	197.027
3.802	53.127	91.529	200.040
0.000	28.850	0.000	186.980
14.929	49.002	81.087	211.063
