268.000	121.000	20.000	50.000
266.196	122.772	22.744	47.773
323.064	166.271	25.320	48.540
267.754	123.727	21.104	47.014
267.058	123.470	22.695	47.075
267.876	123.257	21.798	47.556
268.271	122.104	21.914	49.531
269.080	123.457	21.667	48.228
269.774	121.957	20.472	50.106
269.757	121.522	21.365	50.831
329.416	165.612	24.304	50.476
270.032	123.461	20.961	48.881
327.419	167.299	23.803	48.303
269.498	122.843	22.291	49.980
270.249	122.807	23.368	50.441
271.216	123.276	21.720	50.886
271.495	123.569	21.714	51.269
272.091	122.259	21.565	52.525
271.724	122.951	21.834	51.221
271.547	124.771	21.374	50.454
271.563	125.121	21.900	49.850
270.501	125.511	23.455	49.368
271.521	123.948	22.228	51.790
334.150	170.545	23.787	50.887
272.634	124.822	21.812	51.475
332.359	170.397	23.721	50.767
273.782	125.083	20.664	51.614
273.056	125.305	22.011	52.063
272.529	127.266	23.712	49.883
272.313	127.106	24.522	50.488
273.342	125.740	23.709	51.137
275.536	126.469	21.800	52.196
275.562	125.637	22.365	53.177
275.332	126.926	23.196	52.241
276.063	127.816	21.826	52.619
276.639	127.564	22.710	53.588
276.277	128.175	24.095	52.038
275.578	128.694	24.351	50.646
276.038	128.856	24.609	51.060
277.281	128.358	23.467	52.423
277.162	127.952	23.691	53.819
277.519	127.373	23.457	55.834
278.874	128.682	22.299	55.129
278.979	129.313	23.342	53.673
279.325	128.388	22.861	54.760
278.633	129.607	23.662	53.971
212.887	112.630	13.787	52.903
277.627	129.869	24.533	54.234
277.625	128.456	25.014	54.729
277.989	129.399	24.515	55.506
279.224	127.614	23.128	58.056
279.285	130.740	23.370	55.393
279.459	130.849	23.318	55.328
279.846	131.100	22.324	55.166
279.605	131.295	22.384	55.359
278.939	130.623	22.640	55.628
278.743	132.416	23.136	55.248
277.574	131.407	23.905	56.045
276.652	132.762	25.099	54.909
277.717	133.161	24.217	56.242
277.890	176.425	26.916	63.958
277.810	177.374	27.492	62.431
277.623	132.859	22.562	56.913
277.929	134.534	21.938	55.690
212.828	184.534	23.165	52.586
193.005	221.452	32.541	63.134
111.039	201.859	21.264	56.999
92.823	172.189	34.848	53.802
95.064	144.862	34.803	58.660
86.213	139.358	40.959	61.907
96.660	133.776	41.562	66.260
99.291	124.160	48.386	76.800
110.738	93.773	50.174	80.981
251.747	117.115	47.931	76.263
271.428	133.164	25.398	59.834
271.302	133.897	25.778	60.540
270.325	134.998	25.895	59.805
271.742	136.029	25.617	57.823
270.553	137.597	25.470	57.045
269.565	139.427	25.453	55.789
269.647	140.102	24.759	56.527
269.255	140.954	24.668	55.077
270.002	139.854	24.022	56.471
270.167	139.772	24.825	56.571
271.323	141.751	23.595	56.703
270.900	141.528	23.336	57.770
269.928	142.222	23.995	55.418
269.652	142.124	23.660	57.123
268.646	142.520	24.351	57.387
268.351	143.921	24.238	57.218
267.556	140.808	24.296	59.494
267.295	141.047	24.442	59.541
267.380	141.357	24.775	60.308
267.207	141.610	24.870	61.428
266.800	141.311	24.552	60.915
265.854	144.127	24.668	58.650
265.334	142.511	23.645	62.288
264.247	142.389	24.488	61.988
262.662	142.905	24.904	62.132
260.121	143.333	25.871	62.016
258.324	143.227	26.682	62.199
256.417	144.938	26.131	61.219
254.000	145.224	26.147	63.397
186.602	148.310	30.661	66.318
247.898	145.929	26.265	62.393
241.108	147.609	30.886	60.770
235.917	149.706	34.802	58.675
232.590	149.188	35.125	59.146
317.775	207.440	29.858	62.406
346.234	240.797	37.528	67.998
444.480	169.015	23.834	20.197
446.875	138.994	21.337	45.560
444.805	140.101	24.131	51.878
480.512	132.099	24.601	56.593
441.885	140.898	24.290	55.296
439.911	141.355	24.333	53.615
437.751	142.720	24.486	51.937
436.136	143.461	24.560	52.158
434.165	144.598	24.194	52.343
432.112	145.734	24.481	55.688
428.848	145.027	25.281	54.612
428.028	146.172	24.511	54.473
426.161	145.700	23.651	56.782
425.167	146.040	23.515	54.413
421.834	148.004	25.591	58.786
421.540	148.221	23.482	58.517
418.703	150.256	22.422	57.861
416.674	149.306	23.421	59.836
484.624	143.437	27.281	61.916
514.638	144.455	35.162	61.748
550.148	145.143	31.003	63.037
534.594	152.288	30.422	59.573
590.069	141.168	33.140	64.301
631.000	170.500	0.000	73.744
631.000	135.478	0.000	63.134
631.000	108.465	0.000	66.335
631.000	168.270	0.000	73.454
631.000	121.587	0.000	69.904
631.000	141.843	0.000	60.862
585.573	155.834	29.180	65.790
583.430	159.999	29.039	63.420
582.169	159.778	28.042	65.385
579.879	160.435	30.818	65.817
631.000	164.188	0.000	77.238
576.477	161.174	29.077	66.564
577.672	158.543	35.239	69.366
601.279	146.213	26.858	84.414
562.848	112.492	32.932	55.421
584.154	112.964	29.071	52.528
631.000	124.605	0.000	69.853
631.000	128.741	0.000	68.652
631.000	127.500	0.000	70.720
570.383	86.105	37.473	72.472
631.000	108.536	0.000	71.510
568.115	103.094	32.882	53.887
572.643	102.617	26.854	51.843
574.481	106.200	31.884	53.545
627.945	120.922	3.055	71.325
572.376	105.391	23.268	59.646
631.000	146.326	0.000	63.385
573.125	106.140	23.894	49.857
575.586	104.576	30.509	55.919
572.564	103.989	23.627	49.229
575.424	105.958	30.719	58.400
581.134	102.546	29.601	58.425
575.565	104.486	24.278	56.061
574.328	105.317	26.422	58.810
571.519	98.653	24.214	53.356
579.337	102.315	33.496	61.153
631.000	119.247	0.000	71.488
630.889	115.629	0.111	74.107
573.967	103.409	24.193	51.080
576.251	105.870	25.200	47.855
573.140	109.392	27.754	53.228
577.297	98.396	28.033	58.271
584.802	99.728	30.309	62.916
631.000	108.354	0.000	54.894
576.201	92.748	34.125	63.043
581.457	114.669	29.549	73.971
553.391	146.709	64.352	96.338
579.001	133.027	39.462	93.104
514.337	140.091	68.380	117.855
631.000	162.433	0.000	89.202
631.000	198.091	0.000	100.600
321.317	105.647	94.448	128.952
324.775	112.552	59.405	90.814
204.103	117.868	36.086	92.256
98.720	126.954	53.463	101.940
74.592	138.349	81.400	111.487
65.650	160.836	87.286	122.280
0.000	218.857	0.000	129.818
83.279	131.273	98.486	119.601
219.803	115.984	131.657	218.072
15.224	0.000	105.818	3.245
218.177	141.569	137.310	214.306
286.816	124.870	45.228	77.654
273.678	111.292	37.676	56.429
261.464	110.735	49.442	69.760
370.769	111.318	35.234	81.811
375.612	125.525	46.095	69.481
378.043	142.281	60.438	83.351
365.488	122.921	68.288	94.752
370.098	123.086	87.751	103.561
163.443	85.497	140.572	202.599
395.892	121.853	94.076	96.505
377.429	134.090	71.832	91.587
131.851	180.891	124.959	179.314
392.985	132.098	85.892	90.079
418.318	126.721	71.539	85.583
401.950	141.210	76.905	100.183
406.547	120.802	97.125	115.067
376.836	171.411	81.162	95.768
304.245	39.917	77.677	57.575
560.835	328.961	26.693	92.372
259.384	193.313	110.578	190.633
316.108	149.486	96.314	137.597
561.589	361.159	36.197	89.579
542.524	367.856	44.541	102.671
279.893	197.199	113.391	179.112
42.968	137.106	28.838	128.966
249.482	208.341	127.675	173.434
125.703	270.404	150.800	150.519
170.650	194.983	90.393	167.272
197.800	81.334	75.962	121.364
218.843	0.000	72.915	14.889
211.456	98.345	34.029	62.309
210.311	97.514	29.230	51.125
203.160	99.165	30.564	44.209
202.673	95.674	28.170	47.377
198.756	96.043	25.824	47.359
198.144	94.658	41.125	68.661
135.164	124.507	49.687	81.994
134.978	128.070	63.361	104.664
119.245	135.860	72.664	136.372
0.000	253.090	26.820	134.949
333.635	382.490	151.805	98.510
0.000	102.920	0.000	125.393
116.967	216.206	81.636	134.112
308.161	231.647	65.542	123.819
285.375	427.812	139.138	49.015
241.531	248.639	141.570	224.158
412.773	481.000	171.812	0.000
227.434	64.882	247.232	293.872
168.117	449.204	173.539	31.796
225.786	453.507	67.254	27.493
221.989	464.311	41.586	16.689
229.220	427.339	33.577	49.055
226.998	395.724	43.340	63.884
222.723	255.638	59.994	159.443
435.471	200.418	36.007	136.241
197.931	142.501	112.125	158.952
463.771	203.192	67.185	102.487
452.578	194.878	71.574	112.015
442.007	195.367	78.156	120.002
446.288	216.402	88.922	126.150
631.000	238.099	0.000	129.996
365.205	229.404	133.368	186.748
447.623	171.553	87.371	156.218
631.000	223.020	0.000	157.355
631.000	269.020	0.000	149.694
628.947	269.478	2.053	177.731
631.000	292.863	0.000	103.907
631.000	233.932	0.000	112.491
542.328	226.952	76.796	145.449
631.000	212.340	0.000	130.967
559.877	247.134	58.411	127.066
631.000	235.386	0.000	100.979
529.842	199.193	89.592	171.602
631.000	217.149	0.000	140.476
499.599	224.529	109.004	144.527
631.000	266.962	0.000	157.768
469.314	203.492	117.931	147.186
631.000	263.577	0.000	172.871
452.823	223.032	95.221	117.753
448.745	213.694	89.751	118.096
631.000	243.337	0.000	135.497
505.115	196.554	114.950	178.591
490.731	234.896	120.904	132.644
631.000	147.684	0.000	157.246
631.000	266.620	0.000	145.815
631.000	217.643	0.000	124.970
631.000	220.340	0.000	121.962
631.000	258.016	0.000	125.520
631.000	270.733	0.000	124.799
454.379	182.117	84.514	225.191
475.463	205.057	76.030	135.870
631.000	249.604	0.000	131.864
445.917	222.856	69.380	128.084
418.601	214.450	66.371	117.808
396.254	219.621	66.141	106.188
421.755	194.820	59.581	87.139
402.790	185.793	61.310	110.317
381.612	203.108	73.989	115.715
361.984	196.863	84.566	116.220
367.181	207.998	79.876	128.666
293.415	153.271	114.583	211.214
267.434	74.657	38.977	69.685
370.403	0.802	25.472	48.991
278.597	127.695	92.021	136.700
86.494	224.114	110.437	167.804
206.021	145.562	69.910	117.529
190.648	160.701	76.068	132.623
171.825	163.075	89.550	147.398
189.740	226.917	98.151	137.088
172.110	246.069	101.226	143.633
70.340	450.336	120.227	30.664
406.387	264.966	109.620	216.034
206.683	211.142	90.573	121.255
215.399	188.997	89.220	133.100
190.569	170.041	70.278	115.739
206.362	180.396	76.028	117.444
220.018	206.596	78.958	109.833
227.998	207.402	82.255	119.263
217.581	192.238	78.209	126.831
223.726	200.063	80.666	128.223
233.161	196.708	80.373	142.238
226.561	189.366	82.967	136.639
237.129	195.391	89.714	130.218
223.941	180.226	85.019	139.519
403.294	225.307	107.796	213.243
335.214	150.141	159.982	298.854
609.087	24.959	21.913	237.860
631.000	255.156	0.000	172.333
631.000	308.387	0.000	102.920
631.000	274.320	0.000	158.140
425.901	204.877	84.199	124.121
440.048	200.579	85.054	126.262
627.787	87.866	3.213	126.811
626.418	170.777	4.582	141.509
382.683	174.026	94.990	134.564
24.863	186.988	93.597	210.266
14.938	147.415	60.689	218.239
23.208	210.001	81.640	189.375
414.472	180.603	92.566	147.596
629.581	301.791	1.419	149.914
621.789	149.935	9.211	153.443
631.000	282.784	0.000	158.322
631.000	282.358	0.000	178.935
438.101	112.914	84.020	148.576
405.928	165.181	96.117	135.709
384.960	188.772	94.091	120.895
400.071	173.799	92.359	122.211
378.660	148.954	80.067	119.211
386.429	150.307	90.808	135.717
352.318	118.900	61.886	113.793
350.613	92.640	56.163	93.690
354.770	106.055	61.166	95.038
364.744	129.993	68.985	109.967
230.083	159.237	92.042	180.589
376.089	152.165	85.649	129.952
204.710	156.422	73.267	128.477
371.894	112.997	74.361	130.600
376.441	114.746	84.053	118.769
513.210	0.000	88.167	70.862
361.705	128.387	55.595	101.254
371.629	140.078	70.159	108.528
388.582	152.451	73.169	114.474
394.851	167.187	81.459	116.826
398.926	175.574	87.005	117.859
388.028	184.026	82.595	123.963
21.951	74.183	129.071	188.620
380.983	159.065	84.168	124.151
361.942	156.062	91.862	159.904
323.959	168.697	109.858	140.085
252.532	104.755	151.937	240.163
104.297	153.050	140.561	210.041
323.614	204.644	89.702	89.778
13.778	158.852	116.934	160.019
280.730	177.162	83.612	96.753
269.573	181.396	88.241	102.900
254.484	184.384	89.064	109.477
250.063	185.631	89.824	104.561
175.844	114.856	142.287	176.204
412.621	0.000	120.278	4.592
188.716	126.025	103.509	144.767
177.337	158.446	101.235	132.440
211.186	202.310	94.863	107.912
231.790	199.131	92.320	103.712
248.434	180.085	87.315	118.131
234.083	156.725	90.005	124.274
212.561	159.819	104.568	124.380
190.355	156.804	96.685	112.350
206.812	145.965	97.094	104.602
197.713	142.314	90.419	103.866
217.071	166.509	86.106	111.337
244.535	162.217	77.324	110.717
254.423	163.263	87.887	123.145
241.472	141.748	92.945	140.729
216.328	149.736	99.210	130.364
230.173	147.802	101.373	148.813
206.747	149.580	106.717	138.602
47.947	162.564	94.421	160.603
160.528	170.068	69.935	125.749
263.536	194.949	88.158	116.061
346.642	130.525	94.116	113.391
359.996	168.146	97.539	118.654
371.298	165.329	103.469	138.590
349.980	169.722	109.732	146.529
358.647	147.157	110.734	131.360
376.293	164.243	103.135	147.836
386.533	178.526	104.625	150.670
416.282	129.370	98.953	160.401
387.696	181.660	96.291	132.211
363.638	192.393	92.352	154.813
326.470	232.572	72.920	120.938
301.092	223.338	77.762	125.713
296.115	188.919	70.627	143.434
261.716	160.241	100.509	159.428
254.114	147.991	99.081	119.433
237.741	150.187	104.246	139.818
231.628	147.877	97.843	152.439
216.989	139.109	100.565	140.735
452.803	98.575	56.032	132.376
189.976	137.959	85.795	136.397
171.089	164.409	92.046	132.499
85.397	135.989	62.323	120.148
0.000	177.660	0.000	137.828
98.088	142.183	41.738	95.113
94.586	141.120	41.568	89.651
95.268	132.849	42.950	88.384
97.310	138.974	39.788	85.881
95.817	141.964	41.301	88.697
97.083	139.061	45.542	81.553
99.816	139.389	39.291	85.265
93.576	139.862	37.874	85.490
97.751	139.384	39.906	82.543
104.290	135.873	38.600	78.779
97.575	140.654	46.642	76.836
100.347	135.141	42.439	69.252
93.830	136.071	45.236	85.330
99.986	145.414	38.351	79.307
103.833	143.378	44.070	78.551
101.847	137.037	36.628	70.994
105.075	139.081	41.731	81.371
103.174	133.561	41.110	74.719
98.174	138.884	40.854	78.796
97.702	140.261	40.336	73.233
105.408	139.948	41.961	82.364
100.957	139.009	39.065	70.363
110.398	139.078	40.230	81.394
98.393	138.850	43.350	77.174
104.394	135.948	42.386	77.740
108.462	132.807	47.916	81.903
327.984	98.832	60.930	116.925
340.394	111.510	37.188	77.293
449.302	157.531	24.539	89.701
418.171	122.293	26.604	77.484
331.994	124.199	29.818	54.307
330.928	123.804	27.859	52.440
403.411	114.977	22.659	70.837
324.340	117.774	29.636	56.368
393.519	115.900	32.174	72.116
481.375	134.196	32.373	82.694
291.855	118.767	61.612	129.472
488.105	186.892	61.286	96.135
378.831	218.145	125.939	186.159
428.010	481.000	113.075	0.000
125.107	481.000	116.856	0.000
105.522	85.814	208.085	219.519
89.257	95.213	142.549	185.278
305.297	125.728	90.479	118.921
287.546	144.617	84.386	112.050
162.212	130.759	74.240	112.612
11.884	137.659	31.015	122.658
187.487	130.523	53.490	85.028
170.246	122.984	61.998	85.121
187.561	135.094	45.984	81.128
177.958	141.174	50.117	86.555
157.038	128.737	62.173	101.472
176.692	129.636	62.404	95.832
186.040	131.838	55.154	92.531
177.508	130.933	58.330	86.993
187.847	123.354	53.778	91.150
179.390	133.238	59.830	90.733
181.877	137.696	59.761	86.618
180.117	139.117	49.626	89.407
175.071	131.448	51.370	92.860
155.325	124.337	65.762	104.018
16.115	134.360	58.547	100.060
155.523	117.851	66.612	92.499
170.236	136.016	64.591	96.926
171.293	141.671	56.241	103.386
179.106	135.791	67.804	104.690
178.774	139.031	55.484	92.571
175.252	129.779	54.891	84.547
152.921	115.606	62.960	93.341
180.934	132.968	55.000	94.878
175.075	142.967	55.782	95.242
184.594	143.268	57.830	101.077
148.230	160.657	85.339	132.357
189.310	135.152	44.399	87.446
300.661	103.355	42.626	99.098
428.249	215.167	35.130	82.169
427.146	213.305	57.891	106.851
398.986	244.802	56.882	91.282
392.305	247.901	54.941	85.789
395.657	255.463	67.295	114.951
400.020	246.276	83.505	100.529
424.168	227.772	73.114	120.111
433.375	199.414	90.995	124.269
486.181	229.305	67.310	138.979
452.330	184.916	87.052	143.386
631.000	73.352	0.000	134.757
406.231	136.521	77.574	135.891
376.707	147.966	77.271	130.966
345.118	123.421	74.416	115.222
242.469	108.480	110.740	144.731
246.781	97.380	70.056	121.851
303.907	105.417	67.218	107.125
319.285	115.114	61.355	98.296
315.015	120.272	58.711	93.476
296.889	114.283	64.834	94.481
50.929	125.628	98.395	132.131
0.000	205.215	0.000	133.853
0.000	54.936	0.000	93.476
74.816	123.000	31.038	58.982
81.322	125.490	29.723	54.163
82.003	126.209	29.873	52.285
27.382	117.435	34.567	64.125
91.728	122.236	25.645	52.428
94.487	119.440	25.354	55.431
96.424	123.538	25.811	55.222
98.831	121.095	26.398	56.434
100.025	125.186	26.759	56.501
102.908	120.155	27.616	57.141
103.760	113.435	29.484	60.968
115.809	101.471	38.393	70.364
201.143	125.281	41.783	102.924
202.252	82.177	61.516	138.097
194.632	85.414	83.134	172.770
201.723	98.414	105.546	155.602
230.408	99.605	75.385	131.881
324.354	140.317	124.151	173.358
111.401	111.947	97.980	170.373
113.297	102.257	123.137	178.882
436.160	118.703	64.042	103.095
446.311	127.806	49.761	72.572
442.527	133.286	45.908	83.278
447.967	130.791	45.452	84.811
437.104	125.965	52.461	100.338
208.102	98.436	83.468	128.318
167.589	111.099	135.749	166.300
209.427	119.594	66.478	110.700
166.537	116.404	101.632	169.698
192.031	118.790	61.705	89.236
206.408	122.264	37.834	62.280
124.974	112.052	23.260	69.485
273.985	126.776	34.319	65.216
305.703	124.770	47.421	64.265
285.814	126.390	46.615	70.772
192.878	120.812	35.012	60.029
270.233	129.305	33.999	68.033
191.640	110.883	32.848	69.276
141.950	48.270	40.570	73.455
175.817	120.584	29.106	63.521
175.896	130.824	26.745	51.642
174.443	122.386	26.901	60.449
166.871	122.821	32.025	60.642
162.375	121.216	30.250	56.100
159.412	121.934	28.527	53.593
157.812	123.675	26.071	51.262
153.900	126.527	24.924	48.710
150.586	122.303	25.511	52.500
146.484	117.744	27.630	53.766
216.694	99.917	25.308	67.841
208.001	130.062	51.522	63.369
288.347	45.676	48.694	78.326
263.545	132.660	45.584	95.277
271.454	117.536	55.633	101.521
275.501	129.976	77.863	97.744
280.675	123.815	86.683	129.026
253.205	148.013	100.493	140.887
178.445	234.118	104.922	174.169
281.919	180.629	85.008	124.172
194.076	256.739	89.101	155.329
264.303	105.462	77.375	136.734
291.903	142.201	67.195	123.442
272.302	114.246	73.426	123.705
246.151	125.584	113.336	162.229
286.032	134.284	91.588	148.596
203.419	229.890	104.525	166.536
261.827	169.004	123.154	206.517
224.857	102.351	74.174	120.845
231.551	132.744	83.383	114.707
212.118	110.007	50.397	83.872
224.078	128.171	98.110	131.533
205.258	89.447	32.425	70.956
203.261	89.490	29.323	66.063
202.507	114.967	28.945	49.815
202.124	86.220	23.972	65.206
125.275	116.338	23.690	61.957
234.036	119.367	32.489	49.890
132.039	110.961	23.828	54.126
174.774	120.088	30.328	42.976
172.841	119.049	27.617	46.768
169.893	118.382	24.973	47.323
110.058	78.184	9.618	51.045
162.076	120.735	22.912	42.840
158.676	120.529	23.541	41.922
150.148	120.584	24.483	47.324
145.915	119.257	23.951	47.924
143.321	117.638	23.473	51.039
127.038	123.961	37.390	86.316
129.624	121.032	29.101	55.282
126.714	120.652	27.685	52.280
122.517	120.708	26.177	52.514
119.462	122.336	28.340	50.947
116.839	122.390	24.735	50.419
132.128	123.192	28.131	49.521
167.591	120.955	25.159	51.946
192.581	119.858	29.548	51.863
126.178	125.458	27.848	64.497
296.006	156.703	15.660	61.936
275.580	150.464	38.448	70.428
375.579	124.408	28.398	84.061
373.679	96.507	43.502	98.143
375.644	94.972	60.842	96.905
359.355	109.357	71.498	110.106
49.190	96.658	105.625	186.311
408.379	112.888	65.510	98.074
391.517	125.364	82.076	118.838
328.011	161.558	83.600	117.154
40.892	122.560	122.139	175.537
412.471	115.955	67.980	90.720
393.173	110.431	74.371	115.880
71.500	130.662	85.316	172.735
59.067	134.123	95.665	163.489
89.982	132.764	80.609	212.292
392.788	95.760	68.039	90.655
108.918	107.596	51.822	153.236
389.356	138.250	73.236	113.111
414.615	125.694	135.762	212.560
477.278	127.620	126.664	153.327
520.044	180.293	82.548	165.745
487.116	175.304	105.092	211.683
542.518	135.327	78.486	163.783
522.522	137.649	86.317	128.713
535.183	126.190	73.227	136.398
510.701	135.840	87.062	134.365
631.000	182.243	0.000	151.332
506.012	140.412	83.828	132.919
631.000	176.193	0.000	139.484
203.687	117.638	122.968	180.396
620.460	169.025	10.540	153.574
538.389	127.698	74.148	132.495
566.448	109.135	58.552	142.772
205.036	123.865	130.221	160.710
520.016	121.024	69.323	125.815
541.196	139.967	63.761	118.086
631.000	221.662	0.000	122.732
520.227	147.552	78.928	122.609
490.739	141.649	74.058	116.555
473.750	147.695	75.500	121.887
333.282	155.182	168.468	123.817
319.053	154.919	114.662	129.266
581.107	126.666	39.841	138.920
196.185	166.511	85.867	132.934
213.367	154.630	86.460	147.169
184.492	183.726	113.756	146.926
98.609	186.096	111.223	127.649
133.796	183.033	89.467	135.298
164.123	190.788	80.849	120.392
189.773	199.245	100.311	118.348
220.938	192.581	87.715	127.050
264.184	196.475	76.810	119.322
305.292	205.506	64.966	102.054
303.390	202.417	50.582	110.238
305.634	196.066	51.387	103.998
295.315	194.292	51.818	104.197
302.890	197.272	54.649	103.906
310.658	184.395	60.081	105.011
302.636	199.738	63.331	99.386
298.313	197.481	56.364	102.289
302.230	203.513	71.319	89.219
298.669	188.536	67.652	94.363
312.586	186.840	66.984	105.900
151.513	167.038	149.744	150.906
274.329	180.382	85.890	123.197
297.524	185.949	67.907	115.599
367.314	188.179	75.366	110.312
370.536	193.914	85.364	109.086
295.838	190.713	71.470	110.473
283.978	193.639	72.550	104.369
304.014	201.717	63.519	99.413
294.175	195.966	66.907	106.313
309.596	196.792	74.925	98.118
327.851	181.331	72.900	87.660
308.139	189.494	76.610	101.458
299.519	195.697	72.733	102.039
306.700	198.590	80.405	98.123
295.780	204.444	74.653	96.434
306.655	203.692	65.027	95.073
316.634	183.655	68.792	102.749
303.033	204.142	72.472	96.195
310.435	189.624	74.502	102.439
304.763	199.812	72.668	97.269
315.728	203.984	83.491	98.180
299.182	195.593	74.302	105.042
297.503	197.937	64.635	101.297
287.462	183.800	67.708	100.092
280.229	206.535	71.333	98.239
299.983	190.391	61.855	106.889
288.380	193.835	64.687	96.815
295.932	196.515	57.479	97.448
299.356	210.933	65.205	88.318
288.995	194.787	64.560	100.765
298.861	199.656	63.500	97.343
287.013	188.821	67.377	96.235
308.232	194.750	62.319	104.163
301.850	201.303	62.896	99.617
290.902	189.248	66.219	105.592
301.717	194.867	57.002	104.410
285.033	191.118	67.389	99.949
300.307	197.195	63.235	104.068
307.456	183.873	71.974	106.385
299.604	197.608	64.000	99.001
286.027	189.069	64.611	95.051
327.083	181.979	57.515	87.714
360.028	199.486	68.737	104.655
309.126	201.176	58.849	97.979
301.692	206.157	53.462	95.495
278.722	193.587	53.844	104.557
304.898	194.118	59.143	97.211
285.540	194.533	61.587	95.651
302.535	205.172	62.703	95.216
301.465	205.132	62.142	96.380
296.237	191.357	60.177	104.304
401.311	198.883	74.755	107.615
375.569	195.093	92.339	116.001
387.740	195.107	82.151	115.298
416.328	200.396	81.987	113.165
448.763	199.097	78.761	106.524
482.130	178.463	77.385	113.985
482.384	199.351	71.524	109.475
470.241	187.236	63.824	105.936
465.767	195.555	70.848	105.646
489.448	197.721	67.847	103.224
484.441	213.320	59.015	96.426
478.066	203.273	61.252	93.866
500.858	199.499	59.446	95.786
498.026	185.819	55.748	97.624
510.890	194.315	55.808	99.585
485.468	220.980	49.151	86.181
500.839	206.515	52.499	88.483
502.212	204.655	51.606	96.080
499.803	186.078	55.407	107.748
502.503	207.059	54.097	91.040
501.125	205.073	54.000	89.210
500.940	204.943	51.521	91.680
511.989	195.232	57.416	101.951
492.350	211.534	56.091	91.714
502.535	206.467	54.988	100.768
511.822	190.379	57.638	103.293
498.468	206.016	53.614	96.011
497.741	191.836	50.293	95.673
497.309	213.297	51.086	78.837
495.100	243.966	40.346	70.107
497.876	229.127	42.815	75.268
495.470	235.673	43.798	81.641
493.759	224.356	44.921	78.823
508.854	197.987	51.843	88.910
524.353	214.585	50.170	78.406
512.051	213.143	57.029	81.228
502.106	223.899	49.128	84.014
497.435	241.441	41.290	80.857
489.010	231.915	52.362	81.515
511.210	201.227	49.290	89.390
499.684	216.678	61.341	87.480
505.440	214.730	52.314	84.439
491.024	212.389	56.965	86.860
470.777	203.547	65.353	97.595
467.374	205.916	65.506	108.144
473.109	198.835	71.748	97.709
460.291	188.824	79.342	112.432
453.017	191.790	78.896	116.529
330.291	164.891	61.473	99.085
118.160	126.673	80.940	165.567
374.258	291.459	31.129	123.352
198.315	138.115	80.100	154.685
197.663	169.724	75.611	125.062
193.309	193.542	74.500	96.009
179.821	197.103	68.426	90.716
206.366	199.515	59.008	92.713
186.725	190.583	56.528	95.422
207.655	202.269	59.831	89.679
197.674	198.339	53.410	89.876
208.738	204.438	57.498	91.161
189.982	201.345	59.079	91.175
198.381	203.154	53.482	90.752
193.761	164.589	86.452	130.022
200.045	132.731	74.068	152.406
304.885	122.752	83.334	117.074
271.834	153.735	74.160	117.036
271.422	123.658	73.458	116.194
391.666	124.248	89.673	136.480
395.783	143.788	103.858	135.600
419.949	149.677	106.775	131.329
467.258	167.573	86.366	121.596
514.430	181.960	61.326	110.496
219.319	108.852	132.514	179.102
469.425	0.000	102.516	25.297
205.247	88.099	64.567	134.659
187.543	81.750	94.399	208.496
204.209	83.284	67.655	167.043
207.596	95.608	57.570	125.172
183.098	131.988	103.233	184.412
206.454	84.969	71.035	165.285
198.680	141.145	80.171	133.643
155.353	102.881	126.926	238.001
