217.000	166.000	22.000	45.000
218.329	167.555	23.452	42.150
220.739	168.125	22.785	42.690
222.911	168.512	22.755	42.517
225.828	168.967	22.100	42.244
226.886	196.205	24.869	57.247
228.738	168.776	23.087	42.624
230.883	169.010	22.499	39.757
233.303	169.748	21.302	39.777
233.921	169.834	22.475	39.937
237.337	123.491	31.490	42.224
236.110	103.710	25.386	50.066
239.112	169.960	22.240	38.995
240.326	170.181	22.533	39.401
241.361	170.867	22.826	37.933
241.870	171.145	23.802	38.334
242.381	171.603	24.390	36.460
242.733	171.645	24.543	37.981
243.533	172.095	24.771	38.491
244.152	172.779	25.085	37.425
305.809	165.211	15.201	43.305
255.008	173.249	13.845	36.568
245.872	174.178	22.340	34.558
245.394	174.298	23.253	35.715
245.472	175.544	23.839	35.085
245.090	175.582	24.011	36.720
245.513	175.868	23.488	37.569
245.257	176.294	24.141	37.673
245.556	176.696	23.671	37.615
245.348	176.740	24.010	38.338
245.273	177.451	23.808	38.378
245.423	177.370	24.498	38.690
245.498	177.779	24.565	38.255
245.567	178.577	24.539	38.403
246.673	179.057	24.047	39.335
246.942	180.057	24.822	39.985
247.090	180.374	25.167	41.070
247.440	181.058	26.042	42.462
248.641	182.336	25.336	42.069
249.273	182.555	25.227	42.352
192.139	133.443	19.032	28.425
312.548	175.372	20.329	45.509
325.607	175.026	32.013	42.942
266.036	186.039	16.180	39.981
303.932	178.390	24.322	43.799
336.182	180.324	27.585	50.367
272.037	186.474	16.315	41.746
321.336	172.964	17.468	43.252
269.030	186.621	26.658	39.643
324.623	182.983	23.633	49.472
343.899	184.772	33.948	50.663
418.350	244.000	26.380	49.033
340.788	180.889	24.395	52.998
276.699	187.825	32.426	48.777
347.110	186.211	27.170	58.960
283.958	188.715	27.987	50.214
353.477	188.912	22.941	55.739
289.140	189.344	26.404	50.971
291.364	131.123	32.264	59.008
291.672	190.081	27.233	52.344
293.078	190.030	27.593	53.690
295.122	190.134	27.462	54.944
296.835	190.719	27.725	56.214
298.216	191.355	27.960	55.591
297.950	229.060	31.771	71.261
299.510	192.241	29.093	56.412
358.538	253.041	33.663	53.763
300.330	193.522	29.889	56.141
376.359	226.200	29.238	65.974
301.853	194.618	29.190	56.795
302.720	195.006	29.282	56.024
302.124	196.497	29.725	53.829
302.645	197.377	29.131	56.183
301.684	234.769	32.180	72.573
302.040	199.540	29.917	58.325
301.290	241.354	33.918	72.898
301.776	200.794	30.404	59.104
223.447	144.756	18.702	51.455
300.983	202.052	30.369	59.059
300.249	201.964	31.023	59.954
299.888	239.254	34.024	79.832
297.959	204.857	31.724	59.034
297.085	247.695	34.365	74.052
296.932	206.708	31.820	59.483
296.166	246.875	34.368	77.282
296.150	208.148	32.330	60.646
217.903	178.729	11.173	48.540
296.641	210.221	32.181	58.684
296.256	211.205	32.492	59.970
218.225	170.380	12.554	54.374
296.613	248.361	36.288	85.871
297.757	213.373	34.580	63.089
381.317	272.884	36.220	66.309
300.956	214.677	33.489	65.174
217.383	181.238	13.350	60.483
304.737	216.743	33.626	65.513
306.069	217.552	34.036	66.015
307.069	218.165	34.588	66.461
307.844	218.483	34.262	67.801
308.842	219.679	34.607	66.891
309.223	220.539	34.929	67.288
309.680	222.036	35.747	65.872
309.887	222.137	35.260	68.891
310.700	223.244	34.588	68.250
310.882	224.356	34.900	68.695
311.690	226.054	35.080	69.875
311.388	226.914	36.912	70.769
311.926	229.062	36.545	70.876
311.306	230.536	37.710	70.855
311.437	231.562	36.596	71.333
311.013	233.681	36.770	69.477
311.299	233.761	37.198	70.768
310.247	234.323	38.267	71.079
308.419	235.916	39.197	71.318
307.966	236.502	38.530	73.076
307.169	239.045	38.097	73.876
306.333	239.642	38.419	76.570
303.670	241.201	40.041	75.811
302.289	242.461	39.736	76.733
301.737	294.233	43.049	97.874
296.927	246.608	41.486	76.989
294.873	299.715	45.530	99.382
292.786	250.037	41.522	78.765
376.753	308.334	45.603	83.981
426.402	248.945	58.738	83.048
278.985	252.567	51.906	90.787
280.801	255.010	39.369	87.772
273.840	256.305	41.787	87.349
268.129	257.720	42.427	88.847
260.931	259.591	42.374	90.385
251.413	262.218	48.044	88.828
377.173	241.891	37.840	89.698
119.683	243.820	37.666	90.713
232.825	268.570	49.890	93.317
226.721	270.391	46.103	94.695
372.425	245.088	23.236	67.634
214.589	276.622	49.824	92.401
205.904	279.298	47.716	94.133
197.765	279.010	46.100	99.041
186.589	282.417	49.590	97.851
177.311	283.847	48.548	100.514
167.009	285.039	51.311	102.387
156.452	288.139	52.955	100.963
146.453	292.140	49.497	100.257
136.905	295.617	49.485	104.159
129.076	298.554	50.244	104.771
118.595	301.230	52.780	107.032
107.985	304.982	57.638	105.466
98.289	307.592	56.287	107.753
90.257	310.015	58.229	107.704
80.516	311.226	58.401	112.098
70.730	313.992	58.168	114.175
60.715	317.463	57.953	115.658
50.868	320.483	57.651	118.010
39.199	324.927	60.094	116.655
28.533	329.232	60.558	120.451
17.453	334.945	63.088	117.063
7.743	338.947	62.836	120.326
