684.000	249.000	114.000	247.000
687.067	246.965	105.444	250.509
685.589	248.324	103.583	249.300
683.420	249.245	101.123	248.232
677.701	250.826	102.610	245.346
673.155	249.583	101.897	245.314
453.247	280.155	99.827	219.461
662.930	250.991	99.053	242.464
657.383	248.691	104.295	244.429
646.767	250.433	111.949	243.371
643.803	251.322	112.419	241.212
639.193	250.334	116.216	242.461
633.868	252.340	120.590	244.377
622.995	253.107	130.177	242.475
619.548	249.960	134.335	245.447
613.438	250.961	140.022	245.197
612.260	250.586	138.511	247.465
608.116	252.260	138.971	246.611
604.903	253.845	137.319	244.668
600.523	254.081	137.283	243.048
599.137	253.752	135.255	242.528
597.507	254.310	131.367	243.121
597.608	254.453	128.723	241.069
595.451	252.727	125.136	242.349
595.407	250.211	122.291	243.763
594.070	249.991	120.550	243.002
593.983	249.843	118.393	242.719
589.609	250.830	121.261	242.593
590.995	250.055	116.927	244.248
592.252	250.335	114.271	243.913
591.187	250.326	115.044	243.120
592.833	250.482	115.416	243.295
590.890	250.994	119.692	242.642
592.682	250.418	119.274	244.710
593.455	250.630	119.523	243.591
595.043	248.095	119.398	246.661
597.527	247.403	116.582	248.645
598.292	247.894	116.980	248.639
599.481	248.387	115.648	248.172
601.884	248.695	113.409	247.229
604.465	248.239	111.914	247.290
604.635	246.351	112.623	247.285
605.952	245.149	112.421	249.070
607.728	245.415	112.958	249.784
607.202	245.740	115.050	249.446
609.103	247.197	113.417	248.166
609.696	246.191	113.420	248.420
611.534	246.152	112.084	248.719
611.059	247.165	113.422	246.939
612.715	246.748	112.187	247.127
617.529	244.203	106.926	251.079
621.977	244.020	106.009	250.832
622.555	244.080	104.423	250.729
623.777	243.472	103.100	251.625
623.216	242.784	103.428	251.969
622.609	242.965	104.268	253.834
620.608	242.983	104.450	254.634
618.271	244.020	106.815	253.946
618.645	243.613	105.261	255.458
615.990	243.788	109.217	255.167
613.316	242.396	113.466	257.539
611.961	241.142	115.352	259.147
610.809	241.499	115.946	259.147
610.220	241.765	116.757	259.118
610.197	242.472	116.142	258.649
611.032	242.384	114.801	259.571
612.484	242.119	112.361	261.033
612.388	240.833	112.744	261.727
614.053	240.697	112.560	262.454
615.997	240.608	113.128	261.466
615.854	237.524	111.169	264.824
615.360	239.208	111.019	261.959
615.890	238.341	109.855	263.252
616.689	238.431	110.004	263.283
616.784	237.983	112.992	265.541
617.136	237.404	116.451	264.964
615.663	236.721	117.171	265.128
615.556	235.922	114.749	264.526
615.242	236.073	113.296	265.867
615.278	236.073	111.004	268.183
614.205	235.983	107.994	269.873
615.605	235.760	104.291	270.133
617.801	234.245	102.788	270.382
618.009	234.527	103.603	270.456
618.656	233.510	104.439	272.819
617.680	233.161	106.136	271.023
617.991	233.067	108.170	270.631
615.929	231.356	111.849	273.760
616.836	230.360	109.308	274.663
617.125	230.316	107.569	271.491
616.117	228.571	107.608	273.196
616.714	228.758	107.169	273.132
615.375	227.725	107.506	273.674
612.799	228.412	110.049	272.180
614.507	227.291	108.135	273.794
610.459	227.198	111.818	274.879
611.472	226.193	108.328	276.790
611.465	227.141	105.940	276.717
607.801	227.397	108.285	276.016
609.106	226.729	104.903	277.180
608.653	226.445	102.053	276.627
607.765	224.191	100.902	280.175
606.194	223.682	100.208	280.892
604.489	223.874	99.752	280.574
603.417	223.804	100.142	281.310
599.490	224.066	105.431	281.640
597.457	225.716	107.467	280.786
595.308	226.483	108.381	282.271
594.188	225.321	108.485	282.926
592.741	223.806	107.556	283.779
591.828	222.927	106.498	283.642
591.447	221.989	101.971	282.449
589.227	220.735	99.000	285.830
587.172	219.856	101.441	289.533
585.764	220.556	101.877	288.563
581.182	221.698	102.213	290.197
581.683	220.457	95.269	291.890
579.843	219.424	99.131	288.988
577.790	219.639	99.872	290.175
574.958	219.639	100.604	290.434
572.635	219.356	101.742	293.250
568.677	219.335	107.802	293.896
565.228	218.432	111.223	294.942
559.727	218.441	114.698	295.208
554.181	218.278	112.347	296.333
554.980	218.587	110.000	298.273
551.702	216.841	107.745	301.763
543.685	216.635	108.966	301.028
535.287	216.236	110.428	299.848
530.279	215.618	116.035	298.859
523.038	216.014	120.762	297.136
508.629	215.194	132.527	296.545
496.307	214.801	144.290	294.706
483.844	412.607	159.357	163.393
641.162	433.006	169.773	142.994
832.397	409.229	127.603	166.771
960.000	372.572	0.000	203.428
690.911	263.926	143.617	222.143
494.358	216.513	140.061	296.034
491.583	215.817	141.983	296.902
487.761	215.918	144.839	296.801
488.386	217.076	142.596	297.452
485.750	216.046	142.733	298.486
485.208	214.079	140.425	300.453
486.656	214.095	139.033	300.695
480.242	214.596	141.204	300.882
473.735	216.367	144.822	300.664
467.720	215.165	143.770	301.776
462.565	214.119	137.200	300.752
460.617	213.571	118.433	298.737
662.871	458.270	167.567	117.730
442.732	212.504	114.932	303.066
437.581	213.721	111.110	301.600
435.725	211.562	115.086	305.499
432.834	213.799	116.169	303.217
420.891	214.054	130.573	303.205
410.142	215.065	141.845	301.508
408.218	213.597	143.494	303.154
404.483	212.877	146.366	303.188
405.070	212.256	144.529	304.977
402.095	211.094	145.098	306.278
395.658	209.306	146.424	309.642
389.707	210.231	153.193	308.461
383.305	209.022	151.397	307.482
382.319	209.017	138.422	309.272
363.853	344.060	145.527	231.940
103.049	467.701	212.533	108.299
370.385	213.104	102.376	304.892
356.160	212.280	109.281	307.424
351.634	212.592	110.922	306.262
342.630	210.794	116.902	309.065
741.424	217.439	93.800	257.630
735.411	215.080	98.228	262.189
325.538	210.151	126.973	312.155
323.782	210.279	126.813	308.962
321.726	209.299	125.187	311.034
316.765	210.258	130.389	310.778
311.892	209.637	135.054	310.866
311.025	209.716	137.109	310.551
296.214	325.527	151.219	250.473
298.681	210.061	146.370	313.106
287.504	337.910	153.891	238.090
298.442	210.725	141.021	310.982
291.233	209.174	146.634	314.584
283.655	209.378	149.796	314.124
275.432	210.301	158.857	309.178
268.175	209.597	162.884	315.145
264.286	211.127	164.078	313.957
263.435	210.961	163.981	314.008
258.298	211.500	168.976	312.302
250.035	210.311	172.121	315.017
244.169	210.661	173.451	313.486
237.187	211.426	175.194	315.015
230.873	212.590	165.895	311.263
231.460	211.177	143.027	315.257
225.407	517.844	165.984	58.156
222.273	209.215	137.394	318.760
220.485	209.696	138.450	317.943
203.410	329.771	158.876	246.229
0.000	481.984	166.891	94.016
21.897	299.776	82.648	202.174
209.244	212.767	132.216	317.825
203.369	210.548	131.429	318.913
198.654	210.221	134.339	317.510
193.460	209.868	139.661	316.228
193.370	209.804	143.162	314.786
178.778	351.342	156.209	224.658
573.120	197.947	75.536	267.781
189.692	211.922	144.846	315.671
189.563	211.064	141.363	317.802
194.432	210.629	138.005	316.639
178.584	339.764	149.817	236.236
573.855	211.839	76.588	274.548
179.703	331.406	144.989	244.594
585.340	189.732	66.214	232.903
194.572	213.672	127.282	313.182
193.451	213.957	124.047	312.555
195.619	214.204	121.610	310.250
196.540	213.835	119.161	311.240
194.501	214.335	119.090	309.237
195.200	214.699	118.877	310.330
193.350	215.438	118.960	309.311
191.702	215.438	119.528	309.032
191.620	215.649	118.711	308.682
190.617	216.070	119.086	307.566
190.490	216.594	120.209	306.765
189.837	216.803	128.351	306.001
614.323	213.795	88.452	258.944
188.714	219.422	134.399	303.832
186.215	217.868	140.500	307.572
183.461	218.693	149.180	305.684
185.151	219.121	169.127	302.805
184.895	217.312	158.319	307.964
188.171	217.381	192.882	304.648
159.057	537.939	224.137	38.061
192.916	298.109	138.397	222.400
178.533	204.128	195.440	320.097
190.877	194.278	180.013	329.655
193.668	186.684	173.978	334.826
195.405	180.750	165.937	340.409
196.673	177.327	161.411	343.862
182.435	305.279	173.444	270.721
0.000	459.542	153.823	116.458
0.000	318.683	18.237	215.284
6.717	302.370	84.259	190.898
203.085	194.794	120.054	333.831
215.255	168.155	149.098	356.799
211.659	449.016	177.925	126.984
207.116	435.916	174.570	140.084
231.156	195.944	142.335	316.821
218.511	422.226	169.430	153.774
256.060	200.045	121.392	318.398
236.007	419.720	165.681	156.280
169.701	477.497	177.995	98.503
269.820	248.408	103.606	267.172
13.989	261.888	110.321	246.273
648.011	256.722	41.704	242.425
468.640	481.165	163.688	94.835
292.473	269.344	99.497	243.826
634.424	244.674	54.860	235.528
294.006	277.242	112.822	237.130
294.274	273.510	126.958	242.769
299.604	267.933	128.803	248.338
305.367	264.983	130.057	253.104
298.589	380.610	141.148	195.390
317.198	261.389	121.119	252.763
327.206	265.266	116.484	247.297
331.462	265.314	117.655	246.284
337.825	261.881	116.029	250.877
338.988	261.683	120.225	251.545
341.069	259.071	125.296	254.525
342.927	258.749	128.101	255.370
346.317	260.579	129.396	254.455
347.028	261.924	135.918	250.272
350.527	251.072	140.840	258.436
353.081	236.089	148.857	272.475
354.219	228.782	160.318	282.724
360.132	225.374	160.678	286.258
380.103	221.185	145.093	291.498
387.599	221.794	146.510	290.173
390.063	219.986	149.159	290.640
395.948	216.560	146.876	293.356
397.379	220.251	147.465	287.798
398.286	222.480	147.817	285.673
404.674	222.285	145.513	285.203
411.113	225.065	137.108	282.573
420.177	226.038	127.528	283.978
429.341	227.602	117.961	282.338
436.364	228.671	114.513	278.506
441.305	228.352	112.586	279.237
437.342	227.776	123.540	279.308
445.157	226.623	124.149	279.746
470.814	229.563	109.946	277.573
465.285	222.980	129.389	286.298
482.427	222.338	122.974	287.836
493.487	223.164	129.371	285.643
495.239	220.238	139.938	285.908
481.288	339.340	155.035	236.660
483.803	423.664	161.415	152.336
503.879	215.154	136.831	289.073
506.899	215.704	138.938	290.875
510.387	221.465	139.377	284.118
726.522	474.694	176.232	101.306
731.113	451.431	175.961	124.569
534.146	221.816	134.204	284.738
735.659	465.877	182.383	110.123
960.000	384.910	0.000	191.090
575.288	215.992	111.510	291.748
578.043	210.553	121.962	296.777
576.551	433.211	141.777	142.789
738.615	400.743	145.823	175.257
960.000	334.150	0.000	241.850
959.488	337.815	0.512	238.185
594.595	226.581	139.638	276.929
596.618	231.110	145.663	269.973
601.360	227.561	145.820	273.775
606.595	229.255	147.736	271.728
611.609	228.141	151.620	273.739
614.841	225.456	154.868	277.664
623.365	221.697	155.035	281.316
634.469	220.891	152.103	282.289
663.699	219.709	129.563	282.349
678.596	218.660	122.580	283.859
685.024	216.009	130.520	284.598
894.980	480.645	65.020	95.355
960.000	449.312	0.000	126.688
705.141	286.165	93.961	198.643
700.994	218.307	130.944	287.139
702.935	217.672	138.199	282.528
703.735	218.044	149.987	283.791
706.874	215.481	149.767	287.503
708.078	213.162	160.286	287.604
712.231	210.088	161.993	292.167
719.958	211.165	156.814	290.578
726.645	211.727	155.371	288.848
740.277	212.339	146.645	286.198
763.686	211.022	132.802	289.244
779.538	211.468	124.588	289.143
789.055	211.827	136.493	294.934
795.897	214.746	134.833	287.156
802.815	215.865	133.546	284.175
809.025	216.044	132.996	282.141
811.891	214.085	133.378	284.036
813.399	212.644	137.888	286.824
813.909	212.059	141.199	288.152
815.662	210.461	142.498	289.332
817.975	209.149	140.972	290.519
820.999	207.838	139.001	290.649
822.034	205.465	137.872	293.614
960.000	202.299	0.000	271.448
960.000	64.428	0.000	289.888
861.133	212.878	98.867	280.520
960.000	309.275	0.000	266.725
877.936	210.434	81.986	288.440
884.652	210.434	75.348	290.080
960.000	25.679	0.000	277.416
960.000	258.734	0.000	299.085
960.000	202.953	0.000	278.115
897.792	203.052	61.973	292.163
960.000	261.591	0.000	271.230
912.558	205.476	47.442	290.363
913.898	201.807	45.356	294.603
912.904	213.385	45.237	286.652
960.000	284.361	0.000	226.864
912.168	202.321	43.276	297.415
274.242	252.725	191.781	265.512
904.108	211.764	49.377	272.562
960.000	146.185	0.000	234.793
884.901	191.850	65.761	273.659
318.134	276.823	136.509	236.087
960.000	249.557	0.000	238.834
270.513	248.447	169.429	275.900
886.847	197.907	66.903	266.022
876.951	222.480	78.090	239.766
904.809	175.446	55.191	274.662
960.000	124.776	0.000	257.540
960.000	262.028	0.000	240.988
960.000	247.556	0.000	217.412
308.900	268.403	130.895	248.102
960.000	249.028	0.000	198.335
897.866	197.917	62.134	259.120
960.000	133.078	0.000	248.082
893.687	204.634	60.521	248.461
946.543	280.335	13.457	204.956
919.508	240.883	40.492	221.935
960.000	313.656	0.000	207.917
960.000	275.066	0.000	213.059
960.000	300.794	0.000	209.395
943.608	313.240	16.392	202.025
916.885	251.237	43.115	222.225
960.000	279.911	0.000	207.722
960.000	280.961	0.000	208.554
960.000	281.016	0.000	208.040
953.164	309.816	6.836	200.006
926.053	232.574	33.947	227.495
899.816	236.903	58.942	221.615
960.000	264.946	0.000	211.441
368.987	271.988	65.349	244.295
960.000	251.899	0.000	194.199
897.683	201.667	62.317	246.569
960.000	140.024	0.000	238.548
960.000	238.675	0.000	228.019
960.000	277.015	0.000	220.447
960.000	267.756	0.000	220.350
960.000	244.174	0.000	217.971
316.881	274.243	116.258	258.754
960.000	245.877	0.000	200.235
960.000	295.583	0.000	217.187
960.000	290.020	0.000	218.529
951.714	265.238	8.286	206.919
931.965	181.143	28.035	202.485
926.628	210.803	33.372	241.786
918.093	174.607	40.013	270.954
960.000	206.244	0.000	285.865
901.016	142.438	56.552	328.714
960.000	191.794	0.000	329.034
881.624	138.839	73.976	332.687
960.000	255.010	0.000	320.990
880.215	142.014	78.958	342.363
960.000	0.000	0.000	320.207
853.725	127.735	104.848	391.438
960.000	419.368	0.000	156.632
824.251	141.530	133.716	386.703
960.000	0.000	0.000	341.765
815.479	146.677	143.322	391.677
960.000	2.796	0.000	353.282
816.259	147.337	137.960	393.046
960.000	0.000	0.000	259.556
805.541	152.509	143.244	386.593
960.000	83.904	0.000	367.057
802.790	154.410	136.980	391.185
960.000	286.571	0.000	289.429
768.247	160.281	142.505	387.313
960.000	152.247	0.000	281.431
735.021	163.369	171.644	379.169
960.000	9.827	0.000	341.626
716.772	162.779	193.392	377.894
960.000	0.000	0.000	350.518
692.895	160.332	215.575	379.179
960.000	0.000	0.000	203.732
680.084	163.685	220.421	377.405
960.000	0.000	0.000	202.654
659.122	162.188	220.335	375.859
957.239	305.894	2.761	270.106
687.038	184.301	135.113	344.518
657.705	167.347	170.635	366.223
925.319	513.463	34.681	62.537
933.015	455.737	23.862	94.776
702.904	267.487	78.633	279.110
711.967	194.472	63.759	322.615
925.772	303.527	32.852	163.154
914.971	256.606	43.843	176.241
898.476	245.424	58.024	207.185
960.000	227.092	0.000	209.015
875.331	456.486	84.669	119.514
625.522	173.045	139.302	359.133
620.136	174.677	145.548	356.136
617.086	175.889	145.139	355.731
617.384	177.607	136.599	354.218
615.222	179.751	145.493	351.583
610.545	181.490	142.979	347.184
604.595	179.871	133.118	349.249
601.663	180.998	124.636	347.357
599.152	179.012	120.964	349.910
598.120	179.749	118.878	347.070
596.124	178.655	118.851	349.596
591.524	178.294	123.578	350.267
587.696	176.826	133.070	353.342
583.034	179.957	140.744	347.569
583.596	180.785	142.327	346.899
580.542	181.843	148.608	346.314
580.425	182.832	151.786	344.824
578.178	185.622	159.893	341.719
580.400	187.061	163.383	340.773
581.322	188.511	163.774	336.787
583.949	189.688	159.335	336.633
587.570	188.131	152.538	336.098
589.126	189.162	143.696	336.582
588.035	193.538	139.285	329.166
589.895	191.678	134.366	329.471
590.880	194.351	127.294	324.877
588.708	197.977	126.800	321.209
588.103	202.081	124.728	314.716
586.383	206.169	124.762	311.731
585.982	208.773	125.765	310.056
585.908	212.058	126.173	307.922
583.335	216.050	128.141	301.498
583.572	217.804	127.608	300.100
581.725	218.078	126.862	300.096
581.949	219.466	125.182	300.467
569.003	220.825	136.555	296.777
572.185	220.571	132.269	302.717
568.314	222.909	135.976	301.377
570.046	222.436	134.375	299.615
571.173	221.920	131.425	297.272
573.009	221.970	129.367	297.001
572.575	222.745	129.608	295.399
568.470	223.938	130.482	293.103
565.635	224.840	128.311	292.738
568.970	227.006	122.685	293.364
571.507	229.377	119.448	290.771
574.283	232.453	116.549	286.747
578.821	236.530	114.607	282.335
583.327	238.727	106.831	280.323
587.179	244.961	108.441	275.428
586.541	246.632	111.802	274.988
583.637	248.830	110.114	270.804
589.448	251.304	109.166	270.944
588.214	253.730	114.746	266.826
587.672	258.372	119.409	259.642
598.644	259.258	112.903	257.985
613.274	264.974	102.222	255.814
601.044	251.538	116.794	260.156
597.657	256.468	123.019	257.147
803.618	469.312	156.382	106.688
524.784	248.007	197.407	265.934
573.784	241.179	152.917	261.936
549.708	244.003	147.903	259.844
559.623	246.034	145.935	262.008
544.092	248.952	117.893	262.414
550.404	258.105	109.656	244.149
544.762	258.526	104.984	244.959
718.634	464.884	161.587	111.116
537.982	257.374	101.663	245.220
535.097	257.333	105.919	246.421
526.072	256.778	115.018	248.562
523.946	255.768	119.672	249.356
514.191	256.131	130.693	248.868
508.051	255.965	136.489	249.781
505.936	254.022	137.516	254.306
500.114	252.908	135.861	254.614
495.096	253.140	131.748	254.093
491.429	252.145	129.835	256.098
489.191	250.694	132.655	257.364
487.267	250.641	131.301	257.915
484.119	251.000	131.894	257.114
484.766	250.247	128.969	257.556
483.258	251.131	127.312	256.448
482.571	252.520	125.308	255.223
483.012	254.164	122.540	252.987
481.501	255.112	121.468	252.635
482.327	256.323	115.640	251.664
481.869	256.965	110.849	250.851
466.369	363.259	130.508	212.741
480.563	256.220	118.306	246.608
826.025	224.579	84.463	183.712
476.264	255.330	109.450	247.248
472.446	254.960	107.376	248.526
468.656	255.450	103.067	247.263
464.301	256.153	98.010	247.750
459.181	257.001	97.801	246.795
456.884	256.154	100.626	248.785
454.364	256.410	99.453	249.024
449.021	257.416	104.750	246.338
446.124	257.694	104.875	246.207
442.586	256.768	108.127	246.683
440.219	256.871	109.964	246.482
436.894	254.908	113.712	248.668
428.567	255.845	119.881	247.961
423.579	254.999	119.026	248.628
420.822	253.345	120.186	251.015
416.369	253.406	121.317	250.983
411.587	253.777	119.136	246.792
403.524	254.983	120.218	244.120
403.646	252.962	113.056	251.843
399.921	253.297	112.454	251.318
397.238	253.957	111.091	249.518
394.569	253.984	108.687	250.644
391.449	255.730	105.859	248.924
389.435	256.283	104.456	246.295
388.114	257.808	102.730	244.846
387.349	258.661	100.166	243.522
387.089	259.580	96.489	240.964
383.802	262.279	96.814	236.537
379.524	263.149	98.386	233.768
375.661	264.256	98.413	231.701
371.600	266.219	100.241	229.195
370.080	267.274	97.751	228.715
365.613	268.901	97.599	224.835
362.317	269.745	95.875	227.013
360.542	271.312	96.365	228.164
358.354	272.252	96.595	227.244
353.651	275.333	96.456	223.062
348.931	275.798	97.963	223.765
343.872	278.861	101.618	218.875
339.470	280.102	103.980	217.436
336.427	281.721	104.448	216.573
331.396	283.385	105.457	214.308
325.768	286.657	110.043	211.996
322.821	289.601	112.924	209.580
318.514	292.046	114.498	206.693
314.110	294.350	116.175	205.341
311.702	295.753	116.866	204.056
306.632	296.995	117.025	201.128
304.720	297.927	115.922	200.187
302.827	296.594	115.860	200.986
302.524	297.363	109.498	200.667
301.848	297.369	104.388	201.256
299.152	296.273	97.955	203.071
294.133	296.997	98.596	202.848
290.671	298.503	99.070	201.007
289.758	298.119	97.241	201.031
288.365	298.866	93.923	200.289
286.360	299.522	88.986	199.791
285.258	301.138	88.581	197.755
283.715	301.807	85.388	195.920
281.408	300.847	84.694	196.819
278.299	299.834	84.969	198.012
272.543	299.305	86.781	198.109
270.784	295.499	84.938	201.674
269.352	294.653	83.750	201.550
266.204	291.916	83.302	206.064
264.550	292.861	82.845	205.075
261.403	292.674	83.169	204.849
259.053	291.291	83.758	205.414
258.716	291.277	83.073	204.531
254.665	292.950	85.049	202.581
251.665	294.774	90.967	199.542
248.561	293.039	95.593	201.209
245.614	293.807	97.972	201.209
241.674	295.066	98.577	200.208
238.038	294.233	102.348	201.491
237.166	290.912	103.823	206.282
232.536	289.440	108.697	208.056
227.927	288.092	105.183	210.517
222.188	284.184	98.125	214.253
215.633	282.963	94.061	216.305
214.368	283.167	93.669	215.375
399.072	262.738	104.625	210.176
206.506	286.740	88.876	212.767
198.731	288.317	93.285	207.686
193.640	287.864	97.138	208.740
193.055	285.987	96.514	211.581
190.770	286.600	95.965	208.707
188.807	286.457	96.196	207.687
186.850	286.244	94.077	208.284
423.874	247.046	83.210	208.617
419.960	250.076	81.844	209.353
456.539	252.671	71.954	222.726
455.463	239.336	62.838	218.324
175.228	289.865	82.501	205.687
169.374	292.757	84.358	202.977
164.872	293.486	86.088	200.923
161.619	295.110	88.659	198.838
433.331	260.889	62.946	221.217
153.013	297.710	94.842	198.018
148.876	299.152	94.870	197.745
144.084	300.325	101.230	196.355
139.197	302.734	102.806	194.072
138.471	302.220	99.168	194.012
137.009	305.122	98.255	191.695
410.070	269.455	66.490	198.433
131.360	301.914	101.777	195.382
128.309	303.078	108.047	193.975
122.458	303.701	114.937	196.530
119.252	304.359	113.660	196.887
116.490	300.513	114.351	200.699
112.568	299.320	115.442	201.155
106.437	301.176	114.230	199.086
102.004	299.419	112.236	200.233
96.964	301.030	110.956	199.147
406.276	283.984	57.400	208.815
88.537	303.539	105.417	196.927
81.934	304.884	106.585	194.299
84.329	480.051	110.937	95.949
79.180	306.292	101.746	194.267
77.875	305.160	98.153	195.191
74.775	305.155	98.674	195.335
68.580	305.234	103.405	194.911
61.666	302.682	102.032	198.104
57.823	303.230	102.396	196.614
55.815	302.536	102.579	196.731
56.423	302.361	100.613	196.467
54.556	301.466	103.891	195.936
54.249	299.208	104.363	197.806
55.588	298.169	104.011	198.460
57.314	296.709	101.848	200.035
59.500	297.859	101.541	197.116
0.000	258.600	25.183	185.979
69.579	299.747	93.445	196.277
67.746	471.491	106.980	104.509
76.713	311.542	85.498	184.796
0.000	183.223	32.197	147.914
83.344	311.379	82.514	185.098
85.987	312.439	80.247	183.952
87.039	309.778	80.022	187.712
88.020	307.730	81.055	187.557
90.047	303.457	80.289	192.164
91.345	300.550	83.328	195.258
92.271	299.118	85.456	196.041
92.872	299.119	89.918	195.867
91.225	296.085	94.132	198.472
94.023	295.549	92.602	201.153
96.011	297.088	91.864	197.247
101.245	297.939	88.969	196.565
108.152	293.468	83.081	199.832
110.923	293.010	84.087	198.757
113.764	294.449	83.195	197.080
118.995	294.738	80.235	198.061
384.865	285.973	62.026	191.311
381.604	274.635	68.610	197.910
390.930	294.497	57.066	189.630
126.927	447.117	92.583	128.883
132.767	300.073	77.965	197.085
134.248	300.195	86.551	192.711
136.141	297.136	89.178	197.601
136.338	297.127	89.771	197.534
137.715	295.919	91.461	200.309
138.271	295.311	91.535	200.244
140.643	295.125	91.849	200.537
143.576	296.277	91.711	199.755
145.641	296.398	89.260	197.962
145.538	297.802	93.832	197.507
150.965	295.153	86.831	198.924
157.600	294.352	83.756	199.399
448.527	276.811	41.025	207.568
172.481	292.018	76.119	201.870
176.580	293.389	80.674	198.474
457.405	281.449	47.559	204.398
465.437	285.202	44.326	196.254
183.221	294.435	84.890	198.151
184.486	291.980	87.458	200.422
185.839	289.942	93.402	202.191
186.460	289.715	98.423	201.941
187.290	289.880	100.465	201.865
187.753	289.042	100.244	202.501
190.031	287.683	98.563	203.686
189.979	287.489	98.902	204.209
193.289	283.729	99.670	208.274
199.980	285.242	95.078	206.543
205.085	286.026	92.991	205.863
206.624	287.974	93.795	203.844
206.236	287.232	96.026	205.217
207.934	286.550	94.724	206.654
207.554	284.924	97.909	208.471
207.734	284.752	99.916	207.639
209.681	286.178	99.213	205.489
210.641	286.823	99.181	205.027
212.822	283.714	98.593	208.160
215.390	284.634	97.160	206.171
216.455	285.367	96.595	205.813
216.448	285.079	95.657	207.306
215.620	285.291	95.568	207.669
216.536	284.655	93.845	208.786
217.412	284.513	92.016	208.447
217.150	285.401	91.651	208.279
217.671	283.241	91.669	211.067
218.089	284.371	89.871	209.070
220.235	283.632	86.584	210.578
220.664	283.546	85.530	210.713
219.021	286.153	86.769	207.436
219.488	284.941	85.075	208.495
218.359	286.215	86.047	207.222
216.495	287.866	87.076	206.501
216.531	286.894	86.785	207.909
215.931	287.812	87.509	207.314
215.288	288.834	88.455	205.893
215.033	289.738	88.177	204.611
214.255	289.057	88.710	204.697
213.268	289.435	89.483	203.586
212.881	289.016	88.790	203.260
209.872	289.348	89.760	204.229
208.695	289.669	87.018	203.740
203.648	291.237	91.409	204.286
197.669	292.149	94.885	201.635
195.035	290.543	94.770	204.398
192.982	290.462	93.850	203.816
191.543	290.047	94.549	205.030
190.753	289.620	95.303	206.359
192.291	288.644	93.155	207.864
191.831	290.046	92.744	207.423
189.603	289.550	94.911	208.533
189.151	288.860	94.754	209.061
188.192	288.696	95.642	209.450
187.748	287.173	96.271	212.271
184.636	285.703	98.369	213.221
185.284	286.468	95.929	213.208
184.315	285.111	96.440	215.128
183.058	283.703	97.402	216.370
181.090	285.071	97.187	213.347
180.283	285.095	94.930	213.004
179.061	285.812	92.366	212.022
178.557	285.411	93.095	213.759
174.858	283.861	95.379	214.621
171.908	285.261	96.019	213.281
167.240	286.408	99.117	212.339
166.259	288.530	99.268	211.048
163.913	288.497	100.721	210.777
162.452	288.417	101.164	211.779
160.969	288.623	99.169	209.850
161.033	287.582	94.450	213.347
160.304	285.708	93.320	214.251
158.783	287.686	95.092	212.074
155.360	282.720	95.172	217.142
151.561	284.790	98.088	214.677
150.798	286.158	96.602	213.209
149.207	283.704	95.972	215.101
146.476	282.667	98.781	214.489
146.539	285.193	98.748	211.523
145.928	287.008	98.061	211.178
144.519	285.326	96.853	214.167
143.473	286.397	93.755	211.604
141.876	286.508	93.881	211.609
142.670	284.171	90.277	215.410
142.691	285.914	88.168	212.824
143.864	285.488	89.559	214.604
147.059	285.220	85.525	214.869
149.368	285.449	82.696	214.471
149.016	284.531	84.001	214.900
150.134	286.991	83.319	211.668
151.646	285.454	82.878	212.475
153.742	287.001	82.747	210.683
155.234	290.101	81.537	206.481
154.721	455.959	97.846	120.041
159.689	298.353	79.204	203.816
161.335	295.533	79.562	202.781
161.835	294.554	77.672	204.358
164.916	293.644	75.727	203.068
165.271	290.375	75.545	208.264
166.608	288.082	74.997	211.061
164.953	286.746	79.692	211.274
164.589	286.886	80.060	209.752
164.548	287.314	79.095	209.135
166.202	287.683	78.946	208.682
164.985	287.236	79.720	209.298
165.876	287.068	79.105	210.117
163.634	286.061	81.956	211.029
163.506	285.846	83.362	211.783
166.264	284.409	82.009	214.144
166.432	283.726	84.940	215.053
438.045	258.337	70.534	187.797
169.367	282.138	84.459	217.484
169.747	283.075	90.178	216.716
169.552	282.975	90.349	216.884
170.682	284.728	91.706	215.372
171.940	286.116	89.441	213.349
172.927	286.193	89.715	212.959
173.769	285.325	87.968	213.730
174.801	285.197	87.292	213.434
175.874	284.977	86.003	212.781
175.547	286.635	85.777	211.054
177.055	285.316	84.961	212.506
176.853	285.147	83.802	211.550
177.767	285.538	81.372	211.983
177.640	284.289	82.765	213.080
176.454	285.075	85.151	213.056
175.307	284.929	87.946	213.116
175.886	283.626	85.174	214.030
175.307	284.448	84.761	213.370
175.063	284.979	84.604	212.904
172.688	284.051	86.786	213.030
169.556	283.626	87.967	213.254
169.815	283.148	89.096	215.066
166.584	282.646	93.163	215.345
165.928	281.924	96.065	216.874
166.063	280.440	98.220	216.435
166.090	280.529	97.508	217.765
167.162	280.455	97.794	218.442
169.207	279.493	96.090	219.957
172.127	279.716	92.320	219.633
174.941	280.431	89.456	219.044
176.051	280.808	88.258	217.792
178.250	281.582	87.275	218.010
178.728	282.708	88.075	216.898
179.677	283.585	88.966	216.120
180.871	282.867	88.838	216.106
179.939	281.971	91.824	216.844
179.496	281.479	93.333	217.121
180.628	279.083	94.013	220.399
182.413	278.498	92.573	219.751
184.549	276.988	90.269	222.179
185.515	276.455	90.834	223.521
185.373	277.152	91.594	222.112
185.223	276.160	92.200	223.156
184.176	277.607	93.643	221.098
183.375	277.303	95.133	222.267
185.532	277.106	94.270	221.835
184.581	276.178	95.135	221.907
183.984	274.615	95.683	223.935
182.530	274.658	98.431	223.877
185.557	275.385	94.946	224.870
185.206	276.690	96.151	221.691
186.792	275.981	95.389	222.706
187.248	275.463	95.926	222.867
184.719	276.313	98.137	221.762
186.145	276.551	97.363	222.087
187.101	276.615	98.425	220.850
186.505	277.961	102.685	219.808
188.866	278.426	102.701	221.510
188.393	278.724	107.068	220.888
190.158	275.858	109.350	223.257
189.713	275.282	112.585	224.300
188.578	279.484	117.358	220.242
188.325	277.595	121.449	222.903
189.085	278.238	121.113	223.523
192.422	275.811	121.068	226.936
191.891	273.780	126.866	229.270
190.506	277.690	129.384	224.784
192.842	276.354	125.474	228.174
196.713	276.132	121.711	228.960
196.957	277.950	122.689	226.438
198.212	277.865	119.181	227.352
198.395	278.467	117.701	228.433
198.986	278.488	117.270	229.187
199.126	279.337	117.130	227.801
200.365	277.745	115.504	228.800
200.495	277.587	114.936	229.192
200.440	277.741	115.137	227.859
201.264	277.741	114.595	226.477
204.634	277.404	110.930	226.559
208.011	278.047	105.968	223.116
208.897	280.129	104.152	220.189
209.277	280.282	104.103	218.971
210.808	279.833	102.782	218.509
211.524	279.880	101.744	218.974
211.489	279.583	102.676	219.372
211.945	278.249	101.494	220.554
211.954	278.189	100.649	221.383
211.524	277.722	101.622	221.999
210.754	276.093	102.492	224.566
210.043	275.245	102.491	225.420
209.318	272.481	102.721	229.604
209.228	272.411	101.968	229.896
209.383	270.855	102.259	230.648
209.228	273.340	101.651	228.913
208.267	273.214	103.456	228.757
209.129	272.725	103.121	229.055
209.990	272.411	102.069	229.475
210.620	273.247	101.059	228.581
210.410	272.401	101.976	230.241
211.612	273.428	102.055	228.457
211.706	274.137	102.318	228.256
212.858	274.318	100.797	228.204
211.607	276.894	106.121	225.468
211.883	275.174	106.891	228.295
212.039	275.107	107.997	226.868
211.525	273.275	108.767	228.873
211.799	274.740	110.262	227.833
213.214	274.199	111.249	230.081
214.098	274.493	112.508	229.228
216.608	275.935	112.162	229.150
222.617	276.612	108.631	227.886
226.810	278.234	105.184	227.155
236.680	277.918	96.937	226.856
248.484	276.497	89.696	226.014
257.863	275.212	87.240	227.345
263.264	274.470	87.186	226.782
575.787	267.822	51.204	214.345
571.533	250.006	56.924	222.950
268.088	273.902	89.917	224.445
270.294	273.248	92.068	224.272
270.772	272.947	95.744	222.398
272.805	272.074	97.098	223.912
276.335	272.799	94.998	221.283
280.134	272.902	94.334	223.941
286.797	272.595	92.775	224.980
294.301	271.730	91.189	225.795
301.996	270.918	90.338	224.036
308.231	270.564	90.787	224.345
313.204	270.037	92.639	224.917
624.241	260.007	59.789	215.783
324.048	271.212	88.132	223.394
328.779	271.463	83.779	222.612
330.580	271.906	86.553	221.239
332.596	272.653	91.856	221.527
334.792	271.774	97.660	223.092
335.886	271.815	99.329	223.905
335.142	272.328	104.454	223.435
338.268	272.491	105.948	222.882
341.389	272.363	105.209	223.785
344.389	274.173	107.002	221.147
349.536	274.005	104.728	220.956
355.229	273.649	102.969	222.215
360.152	272.973	101.674	223.927
364.931	273.574	99.647	222.186
367.635	272.208	99.501	224.790
371.051	273.183	97.581	223.456
374.410	271.331	95.052	225.616
377.858	273.692	97.262	223.213
379.788	274.919	100.587	220.555
382.760	275.159	102.616	218.139
384.040	274.815	104.046	218.657
383.221	273.166	109.157	220.558
387.034	271.728	108.704	221.836
390.057	272.882	112.008	219.395
393.741	270.791	115.004	222.974
397.914	271.327	117.418	222.608
404.601	270.861	116.767	223.432
616.248	259.632	102.915	221.871
419.181	268.126	114.957	225.150
424.641	266.580	114.026	225.475
423.748	265.348	112.812	226.428
427.415	265.501	112.352	224.800
426.624	264.518	112.799	226.796
431.977	264.922	105.957	226.909
437.179	266.366	99.662	224.066
439.695	264.504	101.421	226.710
440.820	265.794	102.328	223.616
443.075	266.929	103.987	222.346
446.500	267.455	104.670	221.924
451.693	263.253	98.585	226.849
454.578	269.533	99.517	218.855
454.372	270.426	104.429	217.614
454.402	271.218	104.910	215.448
456.704	270.564	107.842	218.762
457.133	273.218	111.212	216.687
454.487	271.864	112.756	216.910
456.698	272.636	107.677	217.267
459.458	271.072	101.931	222.097
460.842	271.200	99.274	220.750
465.211	270.982	95.960	219.583
466.048	269.067	94.385	220.829
466.898	266.440	91.716	223.589
468.152	266.445	88.539	222.704
468.500	266.029	86.769	222.812
466.779	266.627	88.166	222.532
462.991	267.701	91.343	221.512
458.425	267.165	94.055	222.517
453.266	437.761	113.097	138.239
439.149	360.847	115.514	215.153
446.554	270.955	106.753	216.223
622.587	261.274	114.728	210.660
641.366	278.272	95.387	208.739
632.471	267.822	98.322	205.792
432.569	273.172	116.944	217.894
432.490	272.819	115.768	222.311
429.366	273.335	118.585	221.522
426.182	271.357	121.483	222.776
425.136	269.490	120.007	223.244
632.042	260.534	118.298	205.371
414.540	268.499	110.179	223.702
658.886	278.438	98.963	212.855
403.465	268.074	99.511	229.196
661.829	265.289	89.588	215.885
395.012	270.783	95.040	221.193
387.816	269.901	98.620	222.219
384.428	270.088	98.739	220.615
379.387	269.853	100.411	222.339
370.771	271.575	106.760	220.477
363.910	273.704	113.203	218.899
355.161	272.976	120.447	222.244
347.571	272.968	127.338	223.861
345.626	272.906	128.568	223.462
342.484	272.347	123.558	224.516
336.600	273.077	120.073	222.466
331.209	270.589	122.301	225.819
325.847	270.481	113.219	225.993
320.740	272.082	112.708	224.931
317.400	272.813	114.957	223.809
310.272	271.625	116.972	225.580
303.159	270.899	115.306	225.509
292.976	271.546	119.374	224.640
283.393	270.761	124.580	227.259
274.137	269.366	126.729	226.323
268.270	269.680	130.111	225.459
255.516	269.827	135.896	226.054
249.115	270.335	134.159	227.763
240.227	271.969	132.725	227.940
233.881	271.868	133.812	229.658
229.010	269.378	126.014	232.792
218.803	266.676	118.184	235.645
211.541	266.029	120.255	235.847
204.183	266.502	123.958	235.542
196.324	267.079	132.354	234.863
194.635	267.245	137.500	236.468
191.817	268.438	147.389	235.114
191.121	269.926	147.361	231.570
189.034	266.441	148.357	233.317
178.939	268.492	158.598	232.268
175.581	262.954	149.015	240.829
168.616	266.165	148.317	236.386
165.199	271.555	153.324	234.921
153.924	272.782	148.308	233.272
142.263	429.602	152.645	146.398
138.205	281.637	90.843	216.634
122.330	279.335	100.018	223.734
103.715	271.454	111.376	233.611
295.201	306.698	109.862	187.308
104.756	273.509	99.255	226.404
304.667	304.083	106.190	188.856
95.077	270.632	108.247	232.978
71.369	263.569	129.037	236.209
69.432	272.214	138.311	232.499
55.855	273.445	135.668	237.958
48.998	261.430	131.665	239.730
45.816	256.111	120.033	258.271
0.000	164.558	0.000	230.734
0.000	173.846	0.000	221.689
352.754	300.582	102.005	188.768
613.423	270.992	81.428	233.285
622.604	290.238	52.560	214.774
616.529	285.231	65.733	211.891
636.385	279.382	54.010	209.639
401.951	304.626	71.550	182.731
388.789	310.903	92.649	173.006
384.426	308.800	100.645	177.444
