785.000	332.000	58.000	104.000
767.506	327.327	56.882	106.033
750.849	323.948	55.508	106.484
732.934	324.397	56.637	104.512
717.000	324.324	57.710	99.978
800.332	343.192	60.918	83.164
790.377	343.521	61.222	85.081
674.042	321.201	46.612	99.234
651.101	316.741	51.736	104.524
633.904	317.835	51.416	102.776
619.430	316.657	51.323	102.489
603.920	315.296	50.900	102.241
587.912	312.504	52.045	103.372
572.985	310.324	54.215	104.054
716.692	406.608	46.958	107.672
711.406	340.959	58.248	109.548
879.172	341.013	29.113	83.585
717.522	331.873	43.809	83.740
807.756	413.911	55.865	86.049
771.721	351.968	65.573	99.115
733.704	324.147	51.430	91.406
731.085	327.344	51.570	82.535
727.092	328.535	53.683	83.837
731.059	329.644	49.939	82.400
740.854	330.593	43.492	80.769
740.429	331.600	41.893	78.647
656.314	335.858	42.457	63.814
738.419	330.799	44.395	80.014
736.360	331.277	47.385	79.611
736.085	331.894	47.019	79.939
739.901	333.785	43.685	78.340
743.654	334.015	41.577	80.641
746.259	333.879	41.252	80.772
746.934	335.052	41.129	79.990
750.015	338.168	41.613	78.930
657.727	335.461	47.410	72.192
762.637	343.291	41.678	73.899
764.753	345.766	41.231	74.510
764.832	350.274	42.173	67.774
883.853	353.402	12.320	67.792
774.989	351.890	48.066	70.845
678.317	410.513	25.344	84.641
835.822	423.495	66.682	77.132
789.634	351.778	52.238	83.052
935.070	355.301	15.870	95.465
809.898	349.399	43.945	81.221
812.906	350.410	46.816	78.598
820.152	351.151	45.938	79.736
822.160	351.643	48.991	79.870
831.526	351.472	44.307	80.764
839.558	352.619	42.209	80.603
844.021	353.061	43.853	81.119
847.245	353.661	45.809	79.724
853.904	353.585	49.015	81.730
856.856	353.392	51.851	82.184
860.321	352.886	57.275	81.975
875.912	351.979	48.201	84.230
881.659	352.456	43.675	83.696
886.382	353.022	41.901	80.212
896.502	353.571	41.769	81.238
907.665	350.792	48.297	88.700
912.954	350.222	45.354	90.961
913.357	351.219	45.488	88.989
915.784	352.398	43.134	86.140
916.585	350.968	42.546	86.939
911.367	349.587	47.695	87.591
912.396	349.502	45.330	88.409
914.291	347.056	44.945	90.058
916.230	347.669	43.399	88.669
919.515	347.797	40.415	89.814
921.371	347.271	38.401	90.692
924.707	348.180	34.986	91.809
927.412	348.959	32.120	89.734
929.112	349.759	30.579	88.709
929.846	351.275	30.154	86.737
929.952	350.909	30.048	87.425
931.479	350.948	28.521	86.238
930.484	350.454	29.516	85.747
929.083	349.522	30.917	86.355
929.051	348.827	30.949	87.408
929.056	348.723	30.944	87.297
929.294	348.147	30.706	87.145
930.261	347.923	29.739	86.996
930.969	348.835	29.031	86.771
930.331	349.590	29.669	84.441
929.948	348.925	30.013	84.321
929.676	348.077	30.324	84.597
930.293	346.492	29.515	85.303
929.002	346.948	30.869	83.364
829.970	340.903	14.144	73.944
923.593	345.429	35.304	86.612
922.282	345.857	36.511	86.572
920.908	347.466	38.298	84.534
917.728	348.811	40.387	83.226
915.169	348.681	42.259	82.436
914.694	348.529	41.685	82.666
913.373	348.769	41.596	83.309
912.384	348.914	38.599	82.365
909.091	348.495	38.988	80.731
907.100	347.800	39.760	82.155
904.136	346.261	40.321	81.138
899.402	348.113	42.479	82.498
899.882	349.169	39.277	80.215
897.127	348.093	40.080	80.439
897.891	347.885	39.621	81.069
898.397	347.621	39.674	81.527
898.183	347.586	41.279	81.731
899.547	347.143	40.825	82.421
900.896	347.373	41.905	81.218
901.281	348.211	43.851	80.353
901.877	347.463	44.672	81.176
903.988	346.119	42.644	81.272
900.017	346.023	43.633	81.468
895.533	346.283	44.642	79.244
887.868	347.009	48.158	78.806
902.351	430.186	54.332	78.666
847.890	411.026	69.446	104.690
875.992	348.411	52.024	81.828
870.158	346.762	50.871	78.750
765.733	338.640	22.267	83.855
864.780	344.085	48.645	82.206
861.809	341.295	45.085	82.644
755.967	337.589	22.394	90.895
754.091	435.352	52.602	70.615
757.261	412.630	24.919	82.732
847.518	342.258	40.360	77.473
845.353	342.287	39.014	78.518
840.498	342.590	40.635	76.509
835.933	342.651	43.997	76.801
818.274	419.426	69.327	80.143
703.947	326.077	43.484	72.861
825.890	338.629	16.394	76.569
601.970	314.684	22.031	74.404
517.623	307.793	31.984	67.491
523.114	312.522	57.427	67.549
581.576	312.132	44.753	78.910
584.543	315.872	45.286	74.057
587.729	315.943	44.443	73.620
591.304	315.453	43.845	74.344
593.613	316.081	43.745	72.768
596.500	316.499	41.735	72.599
596.742	316.753	42.058	73.488
596.898	316.768	41.814	74.802
597.226	316.842	40.769	75.256
597.762	317.526	40.664	75.481
598.301	317.473	41.384	75.749
598.848	317.979	42.374	74.504
600.131	317.944	40.961	75.910
600.911	317.283	39.493	76.211
600.504	318.083	39.425	76.672
597.832	318.447	41.359	75.386
597.258	319.096	41.969	74.611
597.943	319.272	40.848	75.234
598.575	319.729	40.751	74.374
597.737	319.821	41.258	74.731
598.473	320.710	40.856	75.715
600.382	321.658	39.732	76.088
598.733	322.404	40.643	74.537
599.347	323.319	41.206	74.903
597.685	324.029	44.592	74.692
597.993	324.522	44.770	73.494
599.239	324.556	44.940	73.017
598.472	325.177	46.443	72.928
601.254	324.898	45.201	72.802
604.384	325.081	43.433	72.873
604.341	325.252	44.178	72.534
716.232	325.450	26.674	75.940
626.947	324.529	25.373	74.608
860.381	415.830	37.353	74.868
840.473	367.824	64.614	80.881
898.343	350.779	41.102	70.388
892.980	356.567	38.856	64.495
887.702	356.140	43.511	65.208
881.931	353.440	46.021	67.915
874.375	351.972	48.003	68.732
869.934	351.239	48.398	68.998
925.331	346.851	32.919	81.931
925.356	347.749	32.760	80.927
921.554	346.747	35.437	82.259
863.482	345.510	37.430	70.731
915.923	344.749	36.283	80.662
910.412	347.484	41.247	77.797
904.902	344.865	47.153	81.616
900.541	346.997	50.311	78.921
899.310	347.639	51.492	79.196
899.059	346.876	52.565	80.115
897.863	346.458	52.949	80.138
843.719	348.523	49.394	67.191
898.418	346.395	45.610	78.247
899.221	346.426	39.879	77.285
897.256	347.080	38.215	76.903
894.852	347.592	37.283	75.729
890.573	346.136	39.902	78.744
885.215	344.440	44.564	79.187
878.792	348.948	50.923	74.622
874.162	347.425	55.121	76.645
851.780	338.966	76.951	95.910
735.173	339.778	34.903	61.574
735.241	339.537	33.957	62.262
735.949	340.563	33.040	61.540
733.574	339.841	35.781	61.533
890.441	417.217	57.180	88.603
804.441	408.180	76.379	110.314
846.317	343.193	63.658	108.720
721.449	337.891	48.228	66.459
858.909	343.528	43.382	81.369
854.276	343.981	47.741	80.238
851.132	344.445	49.205	78.968
819.807	416.041	70.433	94.098
802.047	342.933	44.552	71.932
845.733	412.189	56.004	82.607
842.160	412.132	61.723	86.486
840.880	345.177	47.543	78.426
808.870	396.248	68.523	99.294
699.336	338.681	46.651	68.279
710.579	410.693	64.423	79.067
688.032	354.244	74.165	91.922
690.912	329.540	58.879	77.408
695.725	335.458	47.097	70.802
626.188	327.387	42.260	76.185
610.554	327.058	47.037	74.787
611.161	327.032	47.217	74.404
610.530	326.531	45.336	72.987
607.821	325.367	44.637	74.989
602.222	324.496	45.573	76.059
597.599	325.488	48.596	73.571
596.220	326.920	49.425	71.627
605.252	403.000	59.030	81.898
589.438	324.576	50.252	74.943
589.856	324.445	51.496	75.156
589.002	324.044	49.652	75.757
587.215	323.499	47.582	74.458
585.164	321.301	45.638	73.690
583.224	321.031	44.253	73.872
578.669	320.034	45.697	76.138
576.588	320.073	44.040	76.120
571.204	318.570	45.798	76.504
564.296	319.533	48.056	75.395
465.181	313.381	48.601	77.170
466.739	313.749	56.977	78.022
461.424	313.173	57.090	78.913
464.493	313.335	60.988	78.005
553.761	317.015	51.422	76.367
614.828	330.904	45.110	64.800
615.444	326.848	43.888	70.692
610.414	326.550	44.883	71.395
614.828	325.832	38.574	69.069
622.245	386.564	63.245	82.524
714.351	429.473	63.071	84.553
722.099	328.463	55.774	78.648
726.528	407.452	63.230	95.584
815.603	394.799	61.000	88.800
884.114	412.012	66.103	108.813
868.450	360.771	71.723	101.987
729.967	326.064	36.597	79.544
727.529	393.117	54.406	89.545
718.859	327.225	45.689	77.256
715.819	326.023	48.608	78.378
714.874	325.894	48.792	78.324
713.009	326.786	49.632	77.272
763.544	389.680	72.431	90.146
706.593	326.632	52.229	78.532
709.041	326.468	49.704	79.765
715.321	400.231	58.850	95.880
614.566	422.956	51.900	100.816
699.481	383.018	64.452	114.403
710.016	326.771	48.069	80.200
712.996	324.853	43.121	80.155
711.637	325.844	44.134	79.498
708.815	326.222	47.588	78.905
706.083	326.324	49.350	77.085
705.968	326.007	50.696	78.079
706.165	326.409	51.048	77.727
707.589	327.224	47.932	76.540
707.113	326.907	46.958	79.455
707.940	327.772	44.968	78.766
709.906	326.585	44.408	78.060
713.959	326.409	41.863	78.162
715.195	325.018	42.890	77.267
717.325	324.436	42.963	75.357
719.099	323.222	43.215	78.411
720.719	324.774	43.943	77.624
721.720	325.359	44.171	78.151
721.964	326.150	44.942	77.310
722.095	326.516	46.317	77.687
621.056	321.685	16.898	73.439
723.476	326.116	47.873	78.424
726.058	326.024	46.526	79.078
727.006	326.112	46.343	81.290
729.670	327.246	44.972	81.135
730.914	328.078	44.087	80.573
732.954	329.351	42.418	80.717
733.988	330.184	41.534	79.766
733.266	329.292	41.673	81.722
732.580	328.758	42.401	83.345
731.368	329.442	43.828	82.845
731.598	329.762	42.564	81.324
732.970	330.823	41.650	80.549
728.868	330.975	45.239	80.702
727.116	331.304	46.974	79.141
726.795	331.830	46.824	77.710
727.867	331.980	45.936	76.757
731.537	331.981	44.847	78.030
734.449	330.685	42.814	79.245
737.593	332.017	42.424	80.291
741.227	332.344	40.799	80.578
743.483	332.527	41.876	80.484
746.474	333.944	42.480	77.648
748.821	333.702	42.400	80.235
752.165	334.695	41.311	79.619
754.152	335.344	41.606	80.396
753.779	336.980	43.620	78.096
752.925	336.756	45.659	78.282
850.521	342.834	45.178	72.790
854.978	344.108	47.499	75.947
856.929	347.498	49.754	71.865
865.209	352.535	48.733	64.998
936.848	349.569	23.152	64.103
750.449	339.457	41.577	76.167
653.635	332.157	49.889	68.761
702.926	336.813	49.355	77.023
650.216	330.705	54.850	76.196
644.160	332.465	55.777	74.543
707.651	339.335	42.024	75.789
738.087	335.873	43.767	80.099
571.299	404.885	72.952	90.253
590.336	343.470	91.796	100.244
732.881	335.841	52.904	79.537
739.488	412.716	56.919	95.574
743.226	339.814	43.323	76.554
867.697	339.262	18.512	76.840
855.296	332.586	29.225	87.598
754.055	339.703	33.080	77.610
751.779	339.292	37.192	79.436
752.309	339.802	38.336	78.926
753.286	340.671	39.808	78.580
745.525	342.096	44.561	79.145
751.254	341.547	43.139	81.206
754.897	342.301	41.221	80.147
741.708	343.085	53.418	79.074
741.521	342.823	53.725	79.007
634.693	336.740	37.751	73.162
738.461	342.528	57.106	80.270
737.134	342.704	56.533	80.389
736.463	343.349	55.216	79.388
735.646	343.119	50.482	79.520
734.429	343.882	47.722	79.185
732.591	343.560	46.221	80.294
731.679	343.381	44.700	81.865
729.967	345.212	43.671	80.551
725.067	346.128	45.779	78.056
720.712	345.338	48.882	78.989
716.976	345.284	48.750	79.352
659.446	339.002	51.579	83.941
549.077	325.783	22.088	86.986
706.336	362.744	46.972	76.120
697.924	372.060	46.715	75.063
615.463	301.852	49.261	89.052
605.198	369.563	59.223	72.104
595.452	355.466	83.477	96.492
670.767	365.228	53.667	83.006
673.562	360.395	49.830	80.519
671.211	351.234	53.529	80.811
684.041	348.561	43.540	77.682
677.058	346.775	47.864	76.400
675.571	346.066	46.791	76.882
770.692	334.932	49.311	82.722
758.889	343.218	57.344	74.355
753.450	343.348	62.800	75.651
757.591	343.521	59.169	74.081
654.574	341.406	44.932	75.924
550.946	416.641	47.852	82.523
619.563	331.988	72.673	88.862
630.642	340.165	52.281	77.978
528.139	402.683	76.079	95.435
628.696	329.212	52.721	87.857
634.091	330.039	50.168	76.466
638.975	329.889	46.379	73.412
640.069	327.262	46.990	76.246
679.136	331.477	46.269	75.285
681.488	330.052	43.743	76.546
579.229	399.491	49.173	87.920
485.384	424.995	88.958	110.367
400.982	299.951	84.832	99.512
439.402	422.509	106.617	102.344
410.493	301.667	53.161	83.725
410.980	301.202	52.824	82.072
413.393	300.431	51.886	83.458
413.890	300.976	51.063	82.075
412.723	299.876	50.343	81.528
506.876	400.428	64.542	71.744
483.983	425.435	89.617	102.724
610.624	308.973	46.127	83.241
664.425	388.814	70.185	89.971
609.846	307.713	41.166	73.510
606.557	308.359	40.919	73.006
603.758	309.651	36.365	71.128
601.105	308.761	34.960	72.504
596.417	309.384	36.675	71.381
592.041	308.064	37.770	71.971
594.325	367.272	59.728	86.942
657.068	309.563	48.278	79.337
570.357	306.825	49.354	73.984
567.393	306.689	51.113	73.869
567.897	307.425	49.559	73.582
468.654	294.057	32.895	76.132
562.074	308.712	49.556	72.119
564.875	309.274	42.991	71.451
567.882	309.249	38.432	71.580
560.410	310.822	43.517	69.997
468.038	294.170	20.863	77.896
468.011	291.572	20.917	82.138
467.997	297.445	20.956	74.547
466.063	294.587	19.331	77.430
461.943	298.141	25.048	75.464
552.509	311.484	44.160	69.770
552.511	312.327	43.156	69.127
553.283	312.602	38.839	70.428
552.949	312.533	37.154	69.859
549.656	313.031	38.516	69.408
546.614	313.037	39.808	69.118
456.919	302.934	24.650	71.587
542.269	312.804	43.296	68.073
542.454	312.875	42.204	68.011
452.932	303.420	16.648	69.784
540.319	313.050	41.717	67.579
540.884	312.621	40.097	67.601
541.012	312.745	40.755	67.391
541.775	311.947	36.791	68.218
543.404	311.261	38.220	67.949
541.026	310.002	39.132	68.953
451.907	304.371	16.845	68.457
536.151	309.875	40.306	67.952
533.762	308.734	42.848	67.698
644.762	315.845	21.267	66.289
534.216	307.578	39.007	67.733
534.826	307.296	39.204	66.746
536.657	306.976	36.490	67.044
536.607	307.019	34.911	65.816
536.010	306.865	36.132	66.375
531.245	312.782	37.282	67.217
636.779	255.628	18.942	68.993
527.288	313.609	41.191	68.872
638.218	323.824	19.759	60.705
638.045	323.468	24.862	61.493
480.343	307.490	96.150	90.336
426.332	295.192	76.799	81.658
437.024	312.784	59.156	61.965
546.278	318.789	52.111	65.255
537.288	320.151	58.694	63.941
549.784	319.101	52.032	64.443
527.446	322.054	73.778	63.961
524.493	320.768	75.688	65.344
522.461	320.863	79.768	66.707
537.036	320.105	71.841	64.032
539.074	321.127	60.665	62.191
533.405	321.150	59.667	61.283
488.868	315.851	56.375	60.111
493.357	315.656	58.468	60.258
500.180	315.829	54.846	60.845
544.810	318.789	53.189	61.785
550.197	320.180	48.215	58.956
555.168	319.411	45.283	61.185
561.414	318.176	42.079	60.870
556.364	314.861	49.110	65.864
558.613	312.477	54.005	69.541
572.299	309.942	62.166	76.263
583.197	312.352	47.406	69.649
568.927	310.130	56.100	68.337
472.230	305.896	24.500	66.058
559.077	312.991	49.736	66.449
525.171	312.118	50.849	63.107
530.453	314.120	46.587	62.422
594.875	250.943	43.403	75.965
583.718	311.147	42.851	69.652
588.615	311.172	43.449	71.636
541.306	311.484	41.081	62.466
594.116	311.084	46.736	71.268
594.238	309.942	49.782	72.119
597.540	309.644	50.337	71.647
660.374	316.001	45.066	66.968
602.162	309.690	48.583	71.409
659.617	316.814	45.865	66.204
767.949	313.403	26.975	66.912
861.963	323.266	13.311	67.165
789.119	301.605	13.677	64.326
898.784	340.472	51.709	66.154
914.849	340.430	42.637	67.769
960.000	304.057	0.000	63.554
733.388	304.478	55.423	83.604
930.526	338.012	29.474	70.281
931.507	333.584	28.081	72.918
932.707	327.640	26.264	76.244
929.920	323.148	29.167	78.170
925.698	322.602	32.695	79.409
925.070	321.861	34.107	78.443
925.882	317.813	33.015	82.454
923.692	319.807	35.104	82.582
923.923	319.275	35.356	81.321
924.486	317.727	35.041	82.924
926.733	321.435	33.267	84.822
768.212	316.882	57.575	74.860
770.073	315.369	55.451	76.012
931.420	332.042	27.458	71.621
928.248	328.188	30.777	73.990
923.575	322.456	35.262	78.993
711.968	293.022	26.586	93.192
810.982	308.483	13.726	81.155
807.012	315.622	14.189	76.005
906.304	318.025	49.808	78.234
882.401	327.257	45.089	71.181
879.221	330.374	41.071	66.567
870.360	332.343	40.836	61.573
866.593	331.768	41.524	61.723
864.048	328.034	42.720	65.441
860.950	329.950	42.157	63.646
858.751	326.963	41.979	66.933
857.176	326.492	42.596	66.958
855.264	329.726	43.334	63.396
855.245	330.051	43.307	62.210
856.188	330.441	41.907	60.726
857.897	328.888	41.624	61.625
858.353	327.422	43.824	64.662
861.260	326.340	41.469	64.934
860.677	326.461	40.687	64.692
865.494	326.517	39.579	64.862
869.009	326.854	40.261	65.017
875.374	321.552	40.598	69.067
878.710	325.899	39.894	68.985
880.348	326.718	37.154	67.435
883.644	325.539	38.921	68.149
886.006	326.272	42.879	68.101
825.105	323.042	46.973	67.177
893.497	328.242	42.732	67.894
895.864	329.739	41.294	66.643
914.369	322.722	40.805	73.015
706.427	295.384	44.995	89.669
881.432	389.795	60.576	72.708
810.291	401.946	67.694	98.990
784.123	383.959	95.120	112.873
622.995	300.253	45.644	82.892
615.144	310.249	47.568	68.793
615.800	306.067	47.479	69.705
618.370	309.763	46.462	68.016
682.618	312.463	38.634	66.886
616.968	306.480	45.825	72.927
618.576	309.588	44.792	70.795
620.164	307.318	45.941	71.453
622.628	306.059	45.747	72.481
624.607	304.555	45.298	74.959
626.794	305.182	43.259	73.775
628.071	305.835	42.664	73.501
627.240	305.131	44.305	75.630
627.594	303.076	41.418	75.934
627.321	305.042	42.591	72.718
627.921	307.743	43.231	71.302
629.453	308.680	43.958	69.675
630.783	307.641	46.029	71.635
631.249	306.805	49.713	71.702
636.810	308.357	47.765	71.154
642.336	308.948	44.942	70.183
638.006	309.230	48.042	69.683
550.898	300.318	44.939	71.033
649.119	313.195	42.046	64.437
656.605	313.609	38.655	65.737
662.218	313.359	37.038	65.500
663.126	312.712	39.506	65.204
665.489	312.016	37.212	66.126
667.048	312.818	36.589	65.541
669.096	312.839	40.779	65.214
669.494	313.855	42.693	64.713
619.217	302.806	43.582	78.394
611.895	298.672	48.670	76.940
611.832	301.312	46.229	77.814
610.876	298.396	47.879	80.855
612.729	300.130	47.792	79.511
608.906	298.085	48.388	80.885
609.833	299.445	48.173	78.985
606.874	301.774	46.632	74.567
606.130	298.510	46.270	78.280
605.171	298.128	45.157	78.777
604.069	297.753	46.230	78.404
602.876	297.395	45.604	79.385
604.087	297.383	45.075	80.626
602.532	296.624	45.464	80.233
603.340	297.002	43.902	79.959
602.965	298.267	43.872	78.140
659.923	310.017	42.855	64.044
664.135	309.773	42.380	64.380
578.209	295.915	12.633	74.745
667.992	307.056	41.780	67.163
580.213	285.810	12.367	82.561
782.807	317.270	35.045	69.965
695.531	313.304	44.579	63.877
696.064	312.768	43.598	65.596
695.671	311.946	44.021	66.135
786.194	319.047	43.679	69.908
786.488	318.357	44.406	70.775
787.585	318.646	44.198	70.693
789.560	318.691	42.877	70.798
791.503	317.914	40.834	71.194
793.558	316.557	39.327	73.790
794.550	317.402	42.322	72.268
797.085	316.146	42.128	73.347
801.725	316.177	39.457	72.645
806.211	314.511	39.333	74.160
812.204	315.402	40.849	72.021
821.090	317.043	41.336	71.208
829.279	318.300	44.006	69.946
733.023	376.687	34.506	87.744
838.056	316.145	45.328	73.634
839.704	318.577	44.978	72.521
838.202	320.647	46.497	71.143
743.011	308.342	29.350	70.346
743.956	310.800	27.262	70.728
836.461	321.735	42.745	70.152
838.142	320.891	39.593	70.791
841.828	319.737	46.333	71.498
854.415	319.047	42.132	72.600
853.616	317.938	40.457	72.990
854.901	317.749	39.586	74.053
851.726	318.709	40.995	72.870
850.971	319.357	44.128	72.347
853.285	319.559	42.933	72.839
854.222	320.588	44.630	72.101
855.609	320.974	45.070	71.789
858.163	321.523	44.333	70.804
861.171	320.799	43.666	72.132
863.966	320.870	43.676	71.442
866.669	320.697	44.267	71.814
865.853	320.214	36.095	70.726
865.543	321.840	36.913	68.776
866.474	323.511	38.064	70.066
866.264	323.566	34.251	69.157
867.424	324.576	32.777	67.800
866.635	324.154	33.860	68.295
865.403	324.809	34.277	67.609
864.973	325.222	33.689	66.506
861.738	324.532	37.464	66.348
859.704	324.483	36.167	66.343
857.323	323.652	37.776	64.944
856.143	322.774	38.351	65.848
855.415	321.695	42.037	68.173
856.307	321.410	40.973	68.636
857.536	320.816	40.380	68.991
857.597	323.808	41.840	66.971
856.554	324.675	42.018	67.612
856.501	325.008	41.067	68.125
857.422	325.003	40.768	68.660
858.327	325.133	40.476	68.787
858.277	326.806	41.604	66.881
857.462	326.948	43.466	67.222
857.767	327.342	43.404	67.842
857.135	327.723	42.790	66.874
857.618	326.836	41.904	67.083
856.209	326.035	40.918	67.012
852.965	326.473	40.389	66.396
851.672	325.191	38.585	67.248
851.424	327.074	36.477	64.907
851.541	327.644	34.602	64.335
851.189	327.216	35.283	64.900
849.858	327.597	36.440	63.930
809.020	324.868	39.227	65.923
921.663	318.046	12.303	73.373
732.404	316.883	40.471	66.623
735.999	316.439	38.253	66.651
738.161	317.514	38.219	65.515
741.424	320.398	35.847	63.156
740.602	322.412	37.802	61.267
815.710	325.082	40.654	68.720
825.323	325.589	38.827	70.072
744.268	318.299	38.606	68.705
830.265	328.429	44.764	70.791
831.542	329.465	41.965	70.430
833.114	329.826	39.149	71.094
833.568	330.389	39.175	69.656
749.059	322.374	39.459	65.887
750.708	323.358	37.487	65.721
752.040	323.905	38.575	66.083
752.183	321.806	37.102	70.227
752.028	322.181	39.041	70.015
752.772	322.920	39.939	71.026
755.625	323.539	38.509	70.058
754.965	322.937	41.546	71.764
756.856	321.818	41.239	71.374
757.986	324.331	43.157	70.346
757.622	324.752	44.941	70.378
757.483	325.237	47.719	70.962
754.897	324.201	51.990	73.021
831.734	337.547	50.268	65.253
766.948	328.337	44.008	71.066
766.892	324.641	47.393	73.221
845.318	338.399	37.653	66.963
843.290	338.795	39.247	66.919
841.757	338.113	43.046	68.164
849.083	336.668	46.824	70.906
837.525	337.243	43.205	69.404
781.356	325.530	40.956	74.185
773.366	323.216	50.125	75.293
778.422	326.051	46.352	71.955
703.224	321.162	49.244	77.235
773.269	323.037	63.182	77.463
654.633	313.518	51.137	80.428
575.817	305.079	54.664	85.249
660.312	312.135	52.654	81.524
577.715	308.326	56.267	84.177
577.285	311.265	59.348	80.902
577.704	308.774	55.302	78.112
580.605	305.904	47.035	81.872
582.351	308.072	47.234	84.306
581.654	305.766	47.470	84.929
580.355	307.584	48.084	85.429
577.461	303.861	46.800	85.126
469.012	289.661	17.945	87.699
679.228	316.645	51.559	78.424
681.816	317.004	51.577	77.735
577.748	303.407	32.014	85.465
656.644	397.209	64.398	94.382
557.533	309.252	58.398	80.062
447.593	289.223	23.112	87.325
427.288	300.029	81.719	81.475
442.391	289.698	91.109	89.561
544.545	303.189	59.136	87.788
546.918	307.042	55.734	84.403
545.918	304.726	53.195	86.360
543.329	304.678	53.293	86.142
545.056	306.808	50.395	83.419
545.171	307.912	47.702	80.567
545.004	305.549	45.705	82.042
544.229	302.715	47.381	83.724
542.018	304.395	48.598	80.992
681.427	312.589	14.622	78.662
540.755	303.971	49.167	80.010
540.334	302.834	50.376	82.155
432.965	289.490	17.473	90.402
538.784	305.147	50.070	78.176
671.248	313.167	20.649	70.934
537.825	304.029	49.672	76.815
537.905	303.362	49.456	77.673
537.463	302.522	47.204	78.369
537.589	302.229	47.241	79.001
537.533	301.723	46.716	77.225
537.877	303.685	45.759	77.957
539.508	304.341	43.637	74.871
540.164	304.117	43.018	76.408
539.618	303.295	43.174	77.443
540.052	303.261	45.022	78.917
540.403	302.887	44.177	78.773
541.394	302.732	44.837	79.609
541.716	302.452	45.064	78.917
542.709	301.357	43.979	79.224
543.044	301.061	43.742	80.419
544.030	301.377	43.945	80.456
544.738	301.603	42.691	80.147
545.392	302.173	42.932	80.334
546.464	301.717	42.193	79.978
547.604	302.021	42.620	80.660
548.931	302.172	43.491	80.091
549.270	302.637	46.049	79.424
549.876	303.560	45.984	78.149
550.997	302.753	47.537	77.750
552.225	305.461	46.801	74.874
454.140	294.871	17.545	84.134
552.531	304.584	47.187	77.817
552.972	305.518	45.533	78.305
553.512	305.413	44.787	78.486
553.916	304.436	45.476	78.516
551.991	303.903	45.802	80.151
552.177	304.304	45.430	80.236
551.127	304.962	46.088	79.341
551.822	305.336	45.826	77.761
551.905	304.450	44.933	77.999
553.345	304.592	43.416	76.994
552.075	306.310	44.963	75.835
551.416	305.698	45.168	75.363
552.292	305.789	44.231	74.846
551.607	306.915	43.864	74.459
552.087	307.415	41.872	74.107
552.509	305.705	43.313	71.417
551.777	305.044	43.306	76.884
551.381	306.891	43.365	73.166
551.049	305.529	43.162	72.505
551.136	304.686	43.132	75.516
551.476	304.581	43.236	77.124
549.779	306.467	41.679	72.608
547.791	305.146	43.252	73.077
547.854	304.658	41.853	73.065
547.788	304.735	41.868	74.398
547.847	305.970	41.003	74.534
548.854	306.661	40.950	73.445
549.322	306.041	40.484	73.848
548.785	305.808	41.882	75.185
549.921	307.190	42.144	76.281
549.127	310.988	41.514	74.194
549.404	312.251	43.094	72.712
657.857	317.605	50.612	74.321
793.278	319.940	14.564	78.225
721.738	324.361	38.204	69.125
727.137	312.552	26.056	74.729
916.171	340.084	42.019	71.777
844.734	327.145	49.482	79.659
755.216	327.521	22.806	70.472
747.377	386.253	28.551	84.932
836.064	331.052	38.514	75.118
825.166	331.124	45.692	74.704
727.068	316.310	22.689	76.117
728.406	322.068	31.307	73.373
727.780	321.286	28.565	74.327
733.956	320.292	26.112	70.543
737.957	322.090	26.086	70.141
737.956	320.840	24.154	71.336
832.024	332.627	41.043	75.015
735.956	321.383	28.796	69.900
830.501	332.054	39.541	75.134
827.923	332.669	38.066	74.669
825.902	332.160	39.616	74.851
823.044	331.654	40.642	74.787
821.482	331.722	39.834	74.473
819.293	332.118	38.976	74.532
816.019	330.818	44.852	74.336
811.286	330.971	47.975	74.106
804.954	329.010	53.879	75.816
802.361	328.614	55.229	77.363
703.967	324.886	46.205	70.965
705.187	316.285	38.021	70.600
706.838	315.062	30.922	71.475
803.579	329.885	44.831	75.297
802.889	330.891	45.461	73.846
802.277	329.673	42.587	73.982
706.630	313.443	27.479	70.536
872.300	409.880	48.784	79.792
852.404	418.367	71.733	97.990
865.749	403.658	59.461	108.627
873.977	412.550	61.740	109.046
861.633	403.006	63.286	107.966
872.349	411.527	61.689	107.103
861.983	400.957	59.695	109.109
872.257	410.998	60.628	106.255
866.961	331.765	45.551	79.511
871.725	333.262	39.199	72.398
