855.000	286.000	101.000	83.000
943.793	225.291	16.207	79.045
857.452	286.923	88.492	71.294
839.231	285.127	100.890	74.189
834.169	284.376	105.902	74.358
830.389	283.632	105.556	74.761
827.345	282.860	105.164	74.948
823.911	280.001	103.241	76.411
819.330	277.350	101.875	75.394
814.666	275.113	100.429	74.673
813.488	273.504	96.090	74.597
810.955	272.265	94.744	74.672
806.870	270.611	95.985	74.875
803.534	270.125	97.276	75.062
801.834	270.119	96.207	73.849
802.565	269.939	96.468	72.763
802.803	267.239	94.663	75.202
802.112	266.079	94.240	74.287
798.419	265.125	97.328	71.986
797.401	264.111	97.579	70.564
798.446	262.778	96.846	70.058
801.099	261.722	95.999	69.900
800.652	261.377	96.504	66.591
801.897	259.404	95.103	65.438
802.874	258.481	93.976	63.689
802.184	257.965	94.547	61.715
803.880	258.739	93.289	58.198
805.975	257.691	92.770	59.285
806.601	257.628	91.488	56.886
806.720	256.411	89.668	57.102
806.794	255.736	88.202	56.377
807.080	254.326	86.542	57.160
805.011	253.005	85.945	57.199
802.598	251.030	85.843	56.620
801.839	250.630	83.308	55.003
800.539	248.793	79.989	55.517
799.151	248.132	77.829	54.141
793.189	247.824	79.836	52.235
782.695	246.504	83.118	51.954
775.272	244.595	85.053	53.795
768.190	243.590	85.567	54.115
759.220	242.740	85.666	54.495
750.544	241.095	85.612	56.111
739.441	238.452	88.758	56.269
728.724	236.948	93.542	56.635
726.811	234.701	84.969	56.782
712.736	232.353	87.353	59.236
702.983	230.377	91.346	61.744
694.467	229.367	90.689	62.845
690.111	229.149	88.543	62.585
684.641	229.221	88.951	61.489
679.948	228.266	88.413	61.543
673.156	226.826	90.183	61.356
664.935	224.447	93.131	62.148
662.284	223.757	92.140	61.792
659.667	222.882	90.054	61.913
658.203	222.378	87.025	62.134
654.215	221.840	87.051	62.342
647.435	220.328	89.468	61.789
643.184	219.335	88.847	60.591
640.312	217.921	86.039	60.338
637.731	216.870	85.132	58.743
635.510	215.271	83.776	59.635
632.082	212.522	83.550	60.273
630.492	209.569	82.824	62.359
628.778	207.384	82.328	63.374
626.187	206.071	83.476	62.564
624.367	203.351	83.211	63.607
621.373	201.559	85.772	60.391
620.597	198.807	84.949	60.689
619.068	199.121	84.394	57.965
618.504	197.871	82.331	58.232
617.253	197.925	83.796	57.347
615.202	196.150	82.623	56.840
613.743	196.379	82.463	55.414
607.740	194.813	85.619	56.827
604.620	194.744	84.206	55.952
603.759	194.139	81.911	53.811
592.649	190.716	88.435	56.242
592.830	190.631	84.435	54.508
589.815	190.499	83.249	54.064
584.021	189.560	85.245	53.707
579.345	188.278	86.317	55.993
573.214	186.275	86.541	57.091
567.458	185.316	87.943	56.342
560.368	183.712	89.678	56.120
558.537	183.436	85.573	54.884
549.953	181.934	89.584	54.092
546.868	180.029	87.221	53.322
538.442	180.497	92.043	49.791
537.072	179.198	90.094	51.462
533.649	178.387	88.654	51.313
529.044	176.146	86.402	52.467
523.082	173.880	82.518	53.268
521.357	173.099	82.197	53.908
520.117	173.393	80.893	54.735
517.088	172.186	81.788	54.362
514.047	172.130	81.727	53.910
510.840	169.743	81.029	53.110
507.415	168.190	80.108	52.470
504.340	166.689	79.735	53.705
501.744	165.184	80.599	54.017
499.831	163.553	80.227	54.150
500.361	159.903	76.830	54.187
498.823	159.093	78.298	53.888
498.088	157.944	77.175	54.934
499.197	157.519	76.331	54.000
498.763	156.426	75.955	54.021
496.240	156.152	77.050	51.566
497.077	155.930	73.035	52.341
496.751	155.920	73.037	52.573
494.128	154.540	74.489	51.598
494.458	154.183	71.477	52.451
490.941	152.478	71.505	52.561
609.801	148.644	41.563	55.658
588.879	142.913	56.223	55.020
504.906	149.504	49.136	61.684
480.679	150.451	71.553	55.459
477.767	149.024	71.935	56.964
474.946	148.009	69.858	53.147
471.232	146.933	71.086	53.676
470.097	146.773	70.725	53.595
467.091	146.014	69.599	52.489
558.700	140.177	61.632	52.894
623.807	186.346	60.879	67.194
612.007	185.617	71.975	61.666
594.860	182.671	83.838	64.401
577.271	177.678	92.975	69.445
588.723	167.427	92.120	76.334
573.718	171.924	99.399	69.729
604.643	362.555	124.897	117.543
638.480	282.061	101.144	92.857
640.122	281.854	96.854	78.140
620.509	261.790	119.344	124.406
790.308	193.540	87.506	77.902
613.244	274.504	98.897	82.540
606.295	266.259	95.476	87.460
600.704	275.328	99.941	78.971
590.651	264.704	96.002	83.638
459.911	127.093	78.677	63.811
436.627	130.709	74.360	59.187
535.336	157.659	72.525	59.994
594.784	145.062	75.738	57.054
608.578	73.559	72.419	57.965
527.820	162.178	73.375	67.453
440.189	127.154	70.271	60.950
438.802	126.129	72.635	59.446
438.523	124.138	71.991	61.440
437.649	121.873	71.753	62.998
435.498	120.832	70.972	62.294
434.305	120.325	70.714	61.578
434.326	120.583	69.172	58.944
433.143	120.996	68.433	56.922
431.496	120.862	69.079	58.986
425.643	120.165	72.603	58.069
419.343	118.636	72.279	58.180
556.643	126.890	29.706	54.679
546.373	232.957	29.979	40.243
409.460	118.680	69.020	53.331
404.098	118.437	70.350	55.708
399.609	116.519	68.946	56.404
394.984	114.499	67.285	55.900
386.215	112.686	70.139	55.161
377.049	109.097	71.449	55.594
374.447	108.382	73.634	56.468
373.182	107.440	71.820	55.867
369.888	105.943	70.548	54.570
508.484	209.559	22.668	49.793
480.340	199.455	69.077	48.851
397.134	106.056	33.163	61.758
365.868	103.506	64.617	52.887
363.541	103.413	66.260	57.479
426.768	232.362	86.761	23.568
447.919	202.355	91.039	63.849
500.807	230.375	84.864	68.348
502.834	231.065	95.710	69.823
493.166	227.271	92.660	68.512
567.464	258.089	94.559	83.344
546.783	244.220	111.424	96.118
603.926	261.774	157.732	119.993
494.439	352.379	112.709	126.101
460.226	202.549	89.059	89.127
450.935	217.114	85.665	67.563
441.523	209.581	82.536	73.376
444.268	211.351	79.276	71.377
432.782	211.908	86.120	67.610
436.537	209.549	80.138	66.886
429.848	209.760	87.449	66.681
422.479	209.102	90.321	65.897
421.671	198.511	85.719	71.952
419.074	186.774	83.791	76.032
419.251	184.663	88.032	76.582
416.588	189.105	87.803	70.953
413.838	194.684	83.874	67.548
349.854	247.953	144.774	95.940
359.496	263.512	131.439	84.389
395.453	213.440	100.390	97.344
481.151	324.607	105.320	97.356
459.177	328.567	115.982	91.918
474.326	325.858	114.680	90.074
448.426	326.130	113.373	89.180
457.515	331.239	105.609	81.567
472.321	294.118	127.854	105.762
462.768	247.306	149.663	102.021
587.880	215.914	114.251	105.972
423.893	178.479	72.931	68.503
417.792	181.589	76.797	63.852
417.272	179.205	74.287	63.786
414.491	179.313	76.590	62.078
407.846	177.949	77.658	60.894
402.795	176.731	79.599	59.639
394.473	173.672	82.606	59.850
386.214	172.461	84.511	60.771
386.640	170.028	76.353	60.491
538.422	142.433	23.565	63.683
375.572	170.406	76.099	60.860
370.718	171.195	75.104	63.569
370.319	172.763	70.633	61.256
361.714	170.787	73.039	64.621
351.416	167.778	75.536	65.167
347.824	160.145	73.698	67.263
243.067	52.130	34.496	49.816
213.546	135.070	70.699	26.823
259.607	59.775	54.748	51.249
257.161	60.327	56.305	51.092
256.040	62.611	56.016	49.110
254.360	62.859	56.767	49.773
306.911	163.603	69.641	31.346
244.003	61.895	59.034	51.927
238.306	59.851	60.076	52.613
233.317	58.084	58.558	51.837
227.951	54.471	59.536	52.172
277.592	151.346	78.577	41.679
282.997	149.359	71.004	38.722
287.756	149.453	75.775	52.837
279.773	145.643	81.871	62.248
277.314	150.326	74.985	59.609
275.158	149.944	76.835	59.957
270.864	150.274	86.865	62.889
261.741	146.774	87.336	67.250
266.118	149.027	82.267	63.066
259.475	146.332	86.087	63.646
262.783	142.627	81.427	68.171
270.736	245.660	90.648	79.031
269.654	246.655	91.171	78.372
261.462	247.162	97.094	79.555
259.321	240.908	94.148	84.595
269.673	142.800	91.099	76.104
230.748	206.254	106.739	71.247
222.156	214.241	109.575	69.559
212.013	213.675	113.179	81.513
377.059	316.673	157.268	129.820
259.414	140.416	82.389	71.398
213.336	220.329	107.459	76.008
194.760	217.594	106.294	77.989
210.366	220.282	110.267	82.871
225.600	221.650	108.185	82.249
240.265	225.447	110.694	77.231
232.822	210.278	119.732	82.439
392.038	172.051	78.271	74.434
392.054	170.597	82.324	70.394
386.248	171.804	84.079	69.785
385.991	174.922	77.956	68.396
388.369	176.230	77.371	66.247
389.353	172.595	82.413	65.800
340.687	408.665	128.868	93.097
351.195	408.450	104.739	97.447
344.284	405.579	108.389	95.183
324.275	304.375	152.263	141.166
346.488	283.935	138.270	121.723
321.189	278.564	182.113	130.955
418.489	236.722	126.080	101.835
380.402	249.152	174.946	116.173
314.811	281.643	156.685	100.541
309.393	258.890	167.955	120.239
243.101	270.363	205.682	229.273
292.164	269.890	177.882	137.973
295.754	277.799	172.779	127.552
306.062	275.588	172.529	126.093
292.152	266.661	158.271	120.877
292.413	280.352	153.744	111.756
287.485	281.069	150.872	118.619
282.071	385.583	128.793	100.570
278.457	270.555	167.974	170.493
577.110	403.785	124.066	141.898
609.999	446.662	139.190	103.908
653.838	576.000	193.833	0.000
586.277	572.338	161.381	3.662
587.136	456.335	130.451	107.012
594.328	440.604	144.317	87.599
548.372	436.685	148.671	103.817
520.426	576.000	153.118	0.000
530.494	429.485	149.860	102.128
503.900	574.793	153.965	1.207
510.721	424.111	125.811	99.620
397.069	333.881	117.266	99.439
509.637	432.365	126.186	105.394
502.922	433.700	113.926	95.841
504.925	436.700	133.710	90.289
522.333	428.766	166.731	90.507
506.474	426.834	157.370	100.850
479.314	424.601	135.392	95.083
477.560	416.788	135.809	93.322
548.309	408.459	115.786	93.482
477.332	405.312	176.307	94.520
528.118	403.937	141.277	95.804
548.837	406.037	115.897	91.875
537.315	401.708	113.515	92.967
472.609	403.141	162.730	91.921
486.580	393.390	144.623	88.516
486.900	387.229	139.668	93.739
549.475	390.264	105.930	89.520
474.874	394.744	124.662	91.266
472.132	390.788	102.573	95.568
470.753	388.452	109.239	90.093
463.110	389.624	95.405	84.298
458.699	389.989	109.780	85.540
455.410	386.225	133.334	89.113
452.741	377.446	132.040	98.656
311.410	448.492	90.400	111.134
301.497	456.668	116.637	98.373
386.972	450.281	197.684	123.587
428.508	576.000	200.968	0.000
502.092	310.330	188.117	143.202
456.083	366.237	168.913	127.222
469.746	250.449	118.836	90.831
579.971	313.613	93.342	77.161
584.161	305.638	85.937	80.919
580.553	306.660	85.293	78.252
590.756	309.598	82.791	78.540
562.248	317.976	106.331	83.938
509.249	335.385	176.393	87.431
459.428	330.432	142.376	94.233
556.762	347.157	158.382	160.273
541.567	340.591	181.877	123.804
559.105	336.472	281.305	235.788
233.680	576.000	269.229	0.000
733.221	309.681	161.283	111.385
771.534	322.297	116.580	93.859
758.687	318.636	111.169	88.917
865.903	327.414	92.365	81.004
861.986	326.105	98.014	67.697
869.590	323.469	88.835	70.600
869.279	321.914	90.388	69.887
866.708	321.594	89.383	69.770
861.359	321.676	90.076	66.776
960.000	332.059	0.000	88.166
960.000	249.362	0.000	82.838
737.560	314.713	104.328	80.408
718.082	312.175	108.355	80.044
718.216	311.616	113.406	81.130
712.322	308.417	107.652	82.380
720.024	308.796	104.241	80.670
716.786	307.004	110.666	80.809
711.489	292.405	108.194	85.143
711.171	296.523	108.382	83.365
708.824	302.327	98.358	76.530
713.867	298.039	98.381	73.688
817.356	299.243	89.367	72.245
960.000	369.113	0.000	91.847
