363.000	136.000	27.000	13.000
362.903	135.405	25.034	16.466
362.018	135.711	24.292	16.241
360.358	136.546	25.118	16.074
359.959	136.733	24.078	16.656
403.128	105.478	10.296	14.394
356.468	137.676	25.475	15.540
355.042	137.827	25.620	15.912
353.577	138.537	25.205	15.644
352.681	139.090	24.335	16.328
349.035	139.203	26.277	16.887
347.177	139.339	27.923	17.001
344.797	139.868	28.924	17.001
343.641	140.459	27.833	17.979
310.619	134.028	14.335	23.406
340.537	140.701	27.098	19.139
395.174	129.478	5.767	18.250
391.658	129.235	7.460	20.107
336.604	142.032	26.048	20.148
302.893	136.743	8.215	23.986
333.254	143.345	26.671	20.725
298.993	136.428	6.657	24.717
330.903	145.289	25.223	22.209
329.050	145.477	24.514	22.106
326.555	145.979	24.688	22.285
324.629	146.048	25.514	21.715
321.673	146.409	26.887	20.716
320.944	146.612	27.785	20.669
320.534	147.567	25.768	20.275
318.752	148.346	25.416	18.540
286.972	146.250	5.354	21.287
370.259	133.319	4.641	19.300
316.404	149.729	25.821	18.240
314.081	149.740	26.405	18.595
312.474	150.358	29.117	17.535
279.628	141.914	12.893	22.441
277.010	144.360	5.832	20.916
277.539	144.579	15.823	20.900
308.742	152.843	28.642	16.145
308.591	152.936	28.385	17.443
308.920	153.217	27.854	18.102
308.121	153.933	26.292	16.890
360.032	137.111	4.839	19.172
359.017	137.077	4.842	19.366
358.137	137.144	4.737	18.523
354.758	139.880	5.124	19.527
353.642	140.150	6.338	20.246
352.935	140.572	7.066	21.726
354.586	138.198	5.275	19.545
294.859	155.875	29.622	16.883
350.958	137.991	5.934	19.137
349.455	138.691	6.433	19.968
256.928	152.639	6.548	22.188
254.764	153.515	9.242	24.552
349.207	140.925	6.664	22.926
349.037	141.468	6.828	24.483
346.607	142.892	8.382	24.048
286.699	161.256	28.615	21.016
251.022	150.225	8.404	24.361
250.982	149.046	6.099	22.325
248.818	153.255	13.353	23.940
279.517	163.988	28.157	19.620
336.494	142.246	5.362	22.637
333.463	152.358	6.356	22.749
332.982	141.197	5.850	23.148
330.300	147.994	6.535	25.065
328.744	150.594	6.076	22.999
332.227	141.194	5.615	22.381
331.794	141.562	6.071	24.213
269.876	168.430	32.434	19.676
271.043	168.875	32.504	19.498
271.420	170.211	32.573	19.255
273.626	171.124	30.905	16.322
274.791	171.588	30.298	16.113
278.396	132.349	29.422	13.831
275.482	172.260	31.335	17.465
275.660	173.185	32.616	17.684
337.264	146.522	5.625	22.754
273.522	173.770	34.333	18.488
337.639	141.878	6.215	21.798
336.066	140.856	5.797	21.623
336.138	138.913	5.783	18.845
269.347	176.416	36.003	15.708
268.482	177.684	35.939	14.535
268.138	178.399	35.799	14.163
236.081	155.261	7.504	22.680
267.258	178.912	35.194	14.246
235.098	157.296	6.753	23.254
264.527	180.602	35.565	13.184
325.188	140.193	5.694	18.070
323.813	141.989	7.077	20.010
260.676	182.668	36.878	14.718
322.918	142.211	8.071	20.000
223.967	155.004	6.567	25.122
316.004	139.030	13.073	10.851
255.092	185.760	37.536	17.078
253.218	186.556	37.445	17.142
251.457	187.061	37.726	18.484
213.010	160.853	15.372	28.568
248.603	188.659	38.849	17.366
246.330	189.177	40.214	17.626
244.728	189.996	39.751	19.352
242.078	191.559	40.809	18.953
241.945	192.643	39.788	19.679
241.381	193.659	41.195	20.508
242.652	195.470	39.738	21.810
243.834	197.519	39.484	23.647
245.107	198.494	38.059	24.800
246.070	200.042	37.928	26.336
247.260	201.817	37.947	27.707
247.745	203.007	37.372	27.658
248.551	204.819	36.611	27.405
247.372	206.067	37.761	26.520
246.563	206.739	37.683	26.322
246.118	207.900	37.904	27.051
245.836	209.151	36.809	27.186
198.267	220.856	10.516	39.557
242.402	211.198	40.118	28.034
240.195	212.442	41.827	27.619
238.968	213.967	42.419	27.957
237.984	215.809	42.827	29.164
237.127	216.814	42.326	30.302
236.855	218.519	42.397	30.714
236.110	219.943	41.666	31.164
234.763	221.471	42.069	30.749
233.914	223.420	41.958	30.400
233.361	224.713	41.155	30.474
232.502	226.342	41.042	30.003
231.819	226.588	40.959	31.544
230.602	228.997	41.081	31.157
176.666	193.206	11.662	26.982
181.638	171.020	42.093	18.236
223.472	233.603	45.760	26.212
224.580	235.015	43.975	27.031
223.392	236.645	44.873	26.954
222.076	239.054	46.607	26.035
222.543	240.103	45.768	26.731
224.041	241.985	44.738	28.276
224.977	243.501	44.581	31.848
224.692	244.935	45.289	34.144
223.755	246.271	47.432	35.399
224.277	248.294	47.485	36.050
224.701	250.894	48.283	37.767
225.302	252.619	49.503	38.704
225.967	254.282	50.416	37.621
226.886	257.077	50.278	35.503
227.690	258.884	50.187	35.576
228.737	260.131	50.389	34.695
229.307	261.400	50.868	34.156
230.687	262.787	52.517	34.448
232.105	263.972	52.906	35.422
246.975	266.499	58.671	34.878
278.139	267.553	58.213	35.359
306.886	271.227	57.696	35.777
241.619	200.314	15.806	37.756
332.819	277.077	54.633	37.090
332.839	279.979	56.866	36.007
333.841	283.150	56.681	35.052
335.295	285.460	56.694	35.417
336.597	288.145	56.992	36.622
337.741	290.802	57.732	37.179
338.452	293.555	58.047	37.279
340.076	296.274	58.362	36.086
340.990	298.140	59.253	36.469
341.415	301.045	59.772	36.677
340.430	304.699	61.587	35.628
340.044	307.628	62.115	34.860
340.215	311.087	63.027	35.213
340.324	314.206	64.252	34.981
339.933	317.319	66.103	34.874
340.573	321.431	65.919	34.109
340.493	324.645	66.195	33.672
342.734	329.446	64.064	35.077
342.494	333.734	64.864	35.799
340.506	337.946	67.198	36.208
341.329	341.991	67.562	38.496
341.669	348.097	68.264	37.737
341.839	354.559	71.142	37.696
346.766	359.137	69.546	41.588
351.901	362.568	69.500	45.321
353.818	367.066	71.510	45.976
354.213	372.017	73.693	44.399
354.909	375.483	77.118	45.735
358.761	382.084	79.178	45.813
367.638	389.582	77.737	46.012
374.677	395.349	79.333	46.432
381.189	399.004	79.444	47.479
383.264	402.942	83.908	46.904
389.837	406.904	84.928	47.239
401.748	414.864	85.663	44.909
408.370	420.553	88.323	46.460
413.420	426.648	90.669	48.378
420.631	432.904	90.133	46.753
