455.000	158.000	45.000	106.000
460.455	154.458	41.827	109.297
329.339	142.711	33.819	99.859
462.437	159.541	44.413	113.577
463.176	163.114	45.914	114.871
464.725	163.457	45.573	109.600
464.475	164.147	43.582	113.939
466.380	69.170	51.302	117.483
589.235	144.152	50.239	85.494
478.065	170.512	32.686	112.401
593.265	161.536	42.855	97.909
474.020	173.391	38.716	116.655
335.306	167.792	40.942	115.326
467.813	177.706	44.330	115.879
467.090	176.993	44.810	116.293
466.921	178.926	45.624	121.675
461.557	241.691	61.888	155.774
618.970	357.055	64.625	118.726
568.377	313.436	81.938	103.658
611.404	339.805	74.539	136.259
596.314	347.358	85.066	135.033
464.385	342.346	72.691	170.711
474.028	197.176	50.149	124.059
480.576	195.654	47.010	125.366
628.931	182.930	46.083	107.275
649.790	183.776	36.659	112.131
367.661	97.906	70.001	111.960
308.427	44.867	88.396	125.781
494.208	201.941	50.503	120.337
647.793	184.300	44.327	114.996
498.838	212.198	51.313	128.523
501.246	211.466	51.467	128.379
504.353	211.529	50.813	129.355
634.780	194.663	54.065	117.794
510.325	220.114	54.522	131.944
345.851	88.523	45.892	81.605
512.175	219.267	57.184	134.652
344.204	81.239	41.168	86.460
357.556	95.435	39.177	71.851
523.067	229.841	53.513	134.133
362.267	252.075	53.166	122.100
527.470	232.432	52.903	137.405
528.605	235.069	53.264	139.890
530.496	240.851	52.849	138.709
532.643	242.071	51.927	137.627
533.519	242.618	53.987	135.627
537.090	242.920	52.635	140.539
538.887	246.801	52.224	142.442
538.531	252.197	52.490	141.670
537.485	255.016	54.079	139.813
538.099	255.026	54.391	139.330
537.573	256.171	55.404	142.729
537.078	263.299	56.394	140.024
539.274	267.597	54.320	140.299
539.485	266.838	57.191	142.786
538.053	124.419	69.031	124.910
539.533	272.355	56.610	108.705
538.636	277.846	54.476	129.951
539.254	277.425	55.314	131.160
540.098	278.728	56.635	136.798
540.919	285.675	59.582	142.630
545.563	292.362	57.466	145.585
548.026	293.134	57.655	149.153
549.704	293.671	57.836	149.365
551.912	298.841	58.836	148.449
376.636	306.512	60.636	142.190
559.227	307.916	58.162	146.551
548.751	172.209	83.589	128.430
378.680	315.867	61.326	129.651
547.369	169.052	89.162	135.563
574.174	320.937	58.049	141.399
580.509	321.949	56.901	149.881
405.032	330.097	64.655	131.985
399.864	335.336	67.143	132.993
401.009	332.045	68.958	137.712
590.717	336.616	62.794	166.185
594.641	337.675	64.411	170.326
598.272	343.152	64.369	171.858
602.301	352.468	63.997	168.202
604.893	355.915	65.328	166.382
611.140	357.372	66.605	167.425
615.583	359.954	68.365	163.905
443.328	354.942	85.111	130.355
620.220	372.018	74.103	157.144
623.790	376.066	72.484	152.884
628.828	374.971	71.250	152.739
636.318	379.482	66.283	151.379
640.553	388.347	66.814	140.464
650.463	394.207	64.847	136.601
651.797	396.069	68.915	132.449
652.460	401.953	75.558	127.379
742.138	415.871	25.862	133.832
660.393	411.232	73.085	120.957
663.512	414.890	69.837	117.393
665.513	419.181	69.293	111.793
756.817	313.666	11.183	114.586
671.547	434.350	75.243	117.271
768.000	317.726	0.000	103.967
690.500	442.930	66.700	85.507
768.000	356.340	0.000	102.274
700.847	454.963	65.333	79.406
768.000	396.499	0.000	88.207
