190.000	213.000	38.000	97.000
73.403	216.655	25.258	95.441
68.915	209.639	26.395	92.039
61.111	212.849	28.299	90.345
309.995	295.178	33.908	109.525
164.858	215.885	39.012	102.391
155.860	215.279	39.516	104.385
151.233	215.150	40.835	105.092
23.773	311.812	50.806	98.206
127.890	219.469	48.018	101.421
122.190	218.665	43.282	95.828
117.729	221.380	41.115	84.028
110.668	222.288	40.985	85.662
101.002	227.337	46.167	87.014
93.529	223.698	45.890	88.845
171.783	212.756	45.114	86.270
78.760	226.336	42.166	90.272
71.298	225.420	46.296	89.418
64.073	226.746	40.422	90.538
56.414	224.668	40.909	93.223
48.028	227.612	45.952	95.962
41.212	228.028	43.573	113.207
0.000	146.423	2.238	97.682
20.202	232.284	42.767	67.667
0.000	156.567	51.480	85.849
0.000	139.589	0.000	84.296
0.000	203.770	0.000	90.007
0.000	250.411	0.000	98.133
0.000	271.155	0.000	112.109
61.792	235.835	50.229	99.249
0.000	261.932	0.000	117.133
130.537	243.632	42.076	96.040
13.915	230.893	40.440	103.225
42.757	228.789	44.512	99.509
42.203	224.093	44.637	109.069
225.536	116.611	71.146	116.795
393.069	222.279	23.271	94.819
140.243	221.317	44.614	115.743
325.218	120.429	48.635	124.815
203.737	225.846	37.193	107.479
479.433	198.117	33.109	118.806
344.972	233.712	32.776	109.439
343.157	128.955	45.844	110.611
324.776	236.654	44.999	113.261
188.769	232.545	42.948	107.593
307.508	237.952	44.785	108.691
299.881	238.498	46.597	108.670
165.025	230.626	43.552	123.255
286.034	243.507	45.340	112.116
275.837	241.768	44.677	117.936
269.281	243.883	44.817	115.449
260.504	247.291	47.563	110.974
251.359	247.878	44.883	107.347
246.125	246.911	41.154	102.228
240.260	247.836	39.503	86.688
224.766	251.609	47.682	100.947
217.995	252.680	44.330	121.100
209.749	253.219	43.735	120.534
197.828	253.029	44.906	120.402
176.434	255.276	62.822	122.554
168.319	256.494	67.801	122.604
165.231	255.542	55.979	124.983
164.484	255.550	47.837	124.733
15.686	243.830	40.233	119.556
204.832	258.337	69.214	121.585
234.698	255.951	59.982	123.366
79.279	258.222	39.936	127.015
284.058	254.289	48.943	124.693
297.794	256.590	67.493	122.648
310.543	128.859	90.099	108.557
283.031	245.822	54.056	130.277
382.200	108.167	79.112	103.645
459.911	81.876	74.765	99.860
431.248	133.612	73.353	119.092
275.153	258.879	20.130	118.740
221.182	256.889	48.092	124.774
198.611	259.099	69.120	124.450
195.691	260.441	66.361	123.512
188.764	259.129	51.874	122.284
177.476	257.868	43.548	125.004
162.109	262.481	56.063	118.984
150.570	263.018	63.141	120.951
174.454	259.754	49.448	111.276
38.843	247.783	28.307	148.263
211.042	262.921	63.109	119.225
388.395	250.162	38.003	122.739
270.599	262.021	50.653	119.391
430.409	241.438	36.560	114.471
137.441	240.243	37.813	125.409
148.553	237.203	41.038	116.890
336.397	375.256	69.227	105.744
328.102	376.446	64.903	104.554
320.433	265.094	56.911	119.541
307.178	264.564	66.519	120.521
302.819	266.621	60.653	117.569
293.625	264.975	48.233	118.710
282.060	266.526	50.432	116.300
263.970	266.880	64.318	120.158
256.977	269.590	61.118	116.680
249.233	265.197	47.101	119.777
229.202	265.958	55.923	117.493
221.055	268.521	58.948	116.806
218.090	275.716	49.749	108.098
208.629	271.750	46.671	110.697
209.519	269.722	60.532	115.914
234.312	264.324	63.355	116.510
255.259	269.084	72.725	112.631
284.317	278.769	57.810	101.250
309.428	284.362	49.628	97.964
331.464	269.186	52.588	109.615
196.317	253.582	56.904	118.027
