906.000	310.000	32.000	68.000
906.320	308.459	30.256	69.874
906.421	307.263	29.806	70.806
905.772	307.293	30.379	70.254
903.731	307.075	31.102	70.537
903.439	307.356	30.220	70.314
902.852	306.683	31.487	71.089
903.014	306.171	31.717	71.037
902.592	306.009	31.815	71.959
902.853	305.542	31.937	72.263
903.556	304.867	30.801	73.376
903.712	304.867	30.373	73.142
904.091	305.317	29.917	73.041
904.147	305.917	29.587	72.829
904.160	306.320	29.540	71.957
903.766	306.178	29.079	71.557
902.599	306.153	29.427	71.456
902.047	307.077	28.970	70.891
901.316	307.476	29.686	70.684
900.470	308.318	29.922	71.153
899.643	308.667	29.603	70.976
899.201	308.634	29.737	71.170
897.629	308.350	30.064	71.520
897.571	308.501	29.866	71.883
896.437	308.252	31.611	72.888
896.347	307.614	31.353	73.562
896.113	307.360	31.258	73.716
896.564	307.843	30.689	72.606
895.846	308.164	31.501	72.482
894.813	309.585	32.869	72.161
893.823	309.267	33.555	72.452
893.786	310.064	33.585	74.755
893.742	310.774	33.487	74.356
893.177	312.040	33.340	73.314
893.854	313.306	33.263	72.164
894.377	313.071	32.846	71.692
894.501	312.669	33.451	72.581
895.176	312.499	33.066	74.044
895.096	313.062	33.405	73.858
893.714	313.129	34.454	73.506
892.858	313.568	34.481	73.342
892.542	313.699	34.066	74.187
892.115	313.912	34.084	74.134
891.849	314.362	34.428	73.397
891.850	315.015	35.399	72.252
891.259	314.064	35.230	74.221
891.204	313.793	36.082	74.409
891.572	313.401	35.216	74.391
890.154	314.065	36.983	73.685
890.680	312.986	34.876	74.943
889.983	312.793	35.737	73.833
889.131	312.714	35.466	72.476
887.882	311.347	36.251	73.417
887.836	310.612	35.371	74.498
887.545	309.597	35.445	73.255
887.798	309.231	36.576	71.403
888.227	308.443	36.258	71.857
890.301	308.866	34.551	70.965
890.886	310.308	34.198	72.259
891.024	310.704	34.518	72.319
887.332	311.495	30.380	71.905
885.993	310.870	32.115	74.337
886.113	311.019	31.182	76.010
885.696	311.542	31.894	75.424
887.931	310.391	35.318	74.542
887.636	309.729	35.273	78.015
886.308	310.553	32.207	78.624
884.346	310.712	32.094	79.393
882.949	310.352	31.592	80.982
884.594	311.008	28.570	79.410
882.737	311.792	31.875	78.183
882.143	311.825	31.653	79.352
881.215	311.794	32.519	79.703
881.810	312.630	30.044	78.930
880.436	312.698	30.480	79.257
879.420	313.153	30.421	79.054
879.516	313.369	30.281	77.597
878.005	312.898	30.839	79.802
877.793	313.870	30.252	77.518
877.882	314.320	31.151	76.116
877.784	314.660	31.172	74.376
881.954	313.850	33.400	71.971
878.791	314.033	32.200	73.620
877.275	315.095	32.061	74.100
877.947	315.798	31.146	72.062
877.920	315.744	31.464	72.077
877.476	316.103	31.868	76.085
877.045	316.114	31.133	74.490
877.452	316.364	30.937	73.391
876.362	316.190	32.407	74.353
877.960	315.701	31.685	73.034
875.967	315.104	32.632	73.506
878.056	315.298	30.638	72.695
875.474	315.068	32.935	74.884
877.724	317.048	30.013	72.394
875.373	318.589	32.286	73.093
875.087	318.694	31.888	73.732
874.143	319.212	32.369	72.443
873.486	319.192	31.985	71.824
872.495	319.187	33.024	72.916
871.658	318.041	33.437	74.553
873.098	317.088	32.856	77.464
872.163	317.093	32.667	75.470
871.489	317.912	33.399	75.618
869.979	318.285	34.371	75.173
871.941	318.205	31.764	73.624
869.923	319.041	34.034	74.516
870.704	318.829	33.093	73.601
870.591	319.077	33.136	72.786
871.540	318.415	31.775	74.724
871.036	320.306	31.964	70.232
871.350	321.652	30.832	69.854
872.605	320.659	31.519	70.473
871.529	319.972	32.884	71.048
870.949	319.712	33.105	70.318
871.128	318.982	32.028	71.678
871.835	319.965	30.882	71.038
871.183	320.740	30.245	68.813
872.300	322.708	32.015	68.712
870.690	323.988	29.305	65.441
868.866	323.766	31.007	67.528
867.896	323.183	31.663	68.982
867.296	324.380	31.920	68.715
866.767	324.247	31.761	69.108
866.076	324.387	31.258	69.194
865.396	324.129	30.708	69.162
863.998	322.968	32.242	71.903
864.171	323.187	31.051	73.085
861.001	323.392	34.414	72.876
862.075	320.498	33.733	74.534
863.602	321.249	31.348	73.365
857.229	322.248	35.857	70.761
862.029	322.975	29.579	69.074
858.703	324.341	31.601	68.748
861.314	323.148	28.083	66.954
864.397	325.335	27.457	67.141
859.796	324.725	31.043	69.749
862.955	325.318	26.883	66.480
861.288	324.437	30.448	67.571
860.809	326.339	31.745	67.874
862.191	328.089	29.248	65.299
859.295	325.621	31.197	68.716
860.459	325.423	29.218	69.770
857.540	328.169	30.812	68.676
855.602	328.751	33.193	70.649
853.144	330.630	32.674	70.946
852.020	328.008	34.847	72.496
849.439	329.291	34.491	71.008
849.434	326.668	36.113	72.508
849.410	323.967	33.328	75.028
849.638	322.432	34.062	74.931
849.197	326.751	34.919	71.925
850.301	328.902	34.274	66.763
848.284	324.232	34.867	70.718
850.176	324.469	34.452	67.238
891.992	319.674	37.583	75.916
890.235	320.579	35.334	76.792
889.166	321.657	36.528	75.903
889.639	322.384	34.057	77.792
889.548	322.459	35.997	76.712
890.882	322.115	33.643	80.343
889.621	324.353	35.504	79.886
891.037	325.173	34.181	78.316
891.851	325.447	33.090	77.528
891.154	326.141	34.023	75.814
843.231	330.837	33.741	72.150
840.830	332.329	36.497	69.219
842.057	331.463	34.733	70.836
843.049	332.637	34.239	70.024
840.952	335.030	34.457	66.882
838.863	334.565	35.103	68.114
838.064	334.763	34.954	69.666
837.921	335.061	36.623	69.824
837.266	335.832	37.262	70.133
836.438	337.053	36.819	69.413
835.409	336.378	36.212	69.122
834.931	335.732	36.401	69.901
835.128	335.951	36.501	68.968
833.817	337.703	38.363	65.870
832.503	338.507	41.141	67.512
832.817	337.193	40.630	67.352
833.191	341.325	40.340	64.546
833.930	340.697	39.292	61.521
835.078	341.000	39.484	65.125
835.388	340.516	40.230	63.975
835.870	340.274	36.067	66.929
837.000	336.682	37.790	67.627
838.475	338.120	35.234	67.512
837.675	336.580	35.734	68.271
836.577	337.653	37.626	69.682
836.963	336.534	37.343	72.333
834.838	339.323	37.207	72.933
834.735	338.225	36.771	74.100
832.887	340.274	35.289	66.258
833.627	341.287	34.824	66.774
831.883	341.708	35.311	68.091
830.952	343.386	37.139	70.499
829.513	339.925	38.145	70.394
829.768	342.075	37.898	72.281
829.280	339.976	37.415	69.977
829.223	340.013	37.518	71.187
828.737	337.777	37.048	72.133
827.204	339.619	38.026	72.184
825.554	340.717	38.853	68.193
825.119	343.282	38.702	69.066
823.504	341.892	41.084	70.522
825.865	344.558	36.878	68.673
825.637	343.827	38.681	68.220
824.579	344.296	40.570	70.070
824.993	344.369	39.315	73.093
824.293	341.658	41.418	72.143
823.949	343.837	40.974	72.126
824.259	342.555	38.355	75.956
825.138	341.341	39.845	70.639
822.891	342.166	41.394	70.722
823.386	343.393	40.322	69.650
823.282	346.094	41.128	66.924
823.026	346.017	38.951	66.099
822.342	345.194	37.490	68.125
820.867	345.474	36.765	70.357
820.260	347.641	37.068	70.244
821.451	348.889	36.003	68.628
819.357	347.701	38.015	70.853
820.154	347.201	37.334	73.084
820.756	345.423	36.776	75.772
819.409	346.374	38.218	72.737
816.514	346.394	41.267	71.509
815.677	344.064	41.645	75.356
815.100	346.505	42.131	73.988
814.466	345.001	42.985	75.411
813.493	348.315	44.114	75.321
812.382	348.638	42.395	72.059
813.593	350.743	43.517	68.343
814.126	350.906	44.689	66.796
814.366	351.070	46.894	69.469
813.380	351.972	40.913	74.384
813.419	348.338	44.823	73.331
813.853	351.281	45.092	71.533
816.910	350.070	41.018	71.897
814.513	350.430	43.132	72.331
813.609	349.994	43.127	73.101
813.391	349.272	43.493	75.412
812.119	352.248	41.827	77.052
811.177	351.997	42.869	75.400
810.266	354.941	41.725	71.503
808.389	353.706	41.225	76.520
806.170	354.550	40.546	76.526
805.369	353.694	39.658	77.297
802.947	352.206	41.497	74.728
801.346	354.229	43.642	78.785
802.893	353.488	44.162	79.827
798.584	353.140	41.948	79.101
802.666	351.906	39.136	77.935
799.289	352.016	39.708	75.739
800.261	353.686	41.735	77.095
800.165	352.863	40.274	73.276
798.916	348.995	37.591	75.054
800.983	353.015	37.937	76.637
795.862	354.101	38.688	77.806
798.692	355.149	39.236	75.878
793.471	354.340	41.525	78.326
797.374	350.353	39.842	76.629
795.016	356.876	43.507	81.743
797.710	352.743	40.814	83.364
794.972	349.578	43.518	81.987
821.700	328.230	34.559	84.347
854.283	327.032	37.592	75.854
853.550	329.675	35.172	78.094
867.552	328.794	34.565	76.250
870.149	329.889	32.179	75.962
867.666	330.988	30.843	74.049
869.551	330.734	30.557	74.253
871.873	332.774	30.448	70.159
871.592	332.606	29.029	71.898
870.382	331.635	30.560	75.075
871.384	331.668	32.696	75.710
868.862	330.162	32.489	75.975
870.343	330.071	34.573	78.201
872.603	328.722	30.153	79.755
871.709	330.008	31.131	79.463
868.305	329.467	34.837	78.850
778.686	359.190	46.836	87.877
776.948	359.920	46.702	88.878
774.727	356.541	48.984	88.692
775.798	360.973	47.846	85.429
775.201	361.678	48.809	86.279
775.650	360.995	49.740	88.129
773.770	362.905	49.973	89.912
775.760	360.252	47.184	90.939
773.365	364.105	51.102	89.449
775.783	362.084	47.888	88.975
776.459	356.051	48.387	90.329
776.364	361.761	49.498	86.612
773.881	363.117	51.113	92.680
775.758	363.076	49.955	97.573
776.846	362.117	50.085	104.278
776.399	360.710	49.778	113.840
775.480	364.609	45.688	101.018
777.995	361.539	43.099	102.746
776.110	359.092	45.632	100.609
771.699	365.603	48.854	93.155
773.501	363.503	48.376	93.318
771.113	367.561	47.948	90.968
776.421	360.159	43.666	88.271
772.112	368.836	46.854	86.785
775.654	347.962	44.381	87.857
772.619	363.911	46.857	86.215
772.866	364.266	44.825	85.034
788.955	335.722	38.743	88.470
792.353	332.084	39.301	80.954
796.854	330.920	31.227	62.433
719.339	324.662	32.876	61.940
720.693	321.840	29.570	63.022
722.355	322.743	31.815	62.985
722.802	320.697	35.113	65.830
727.861	322.369	37.207	66.495
724.554	320.748	32.874	65.293
725.094	319.698	33.895	64.805
725.306	323.050	32.465	64.752
727.006	323.806	31.413	66.416
726.200	322.432	32.152	67.507
728.324	323.493	32.708	68.054
730.429	324.493	32.801	69.846
732.037	322.920	29.016	71.901
733.650	324.458	29.380	71.199
733.221	324.188	29.417	71.231
751.697	325.375	28.885	70.139
735.966	325.956	30.072	67.536
735.360	324.078	32.931	68.590
736.849	323.644	28.714	67.907
736.505	323.532	33.145	67.345
737.543	324.175	28.748	69.703
737.250	327.034	31.074	69.424
738.146	327.737	31.773	70.173
738.442	327.804	31.876	71.487
740.087	329.531	32.739	71.669
740.383	329.688	32.875	70.871
741.958	330.157	32.406	70.353
742.267	330.155	33.213	71.155
742.811	329.589	32.956	71.756
742.903	329.540	34.969	70.760
745.049	327.790	35.464	71.275
747.446	327.202	34.567	72.628
748.200	325.503	35.937	75.726
750.284	327.227	34.546	75.846
747.460	327.371	34.619	72.975
752.224	328.261	35.691	71.905
754.691	330.943	34.161	70.927
755.515	330.419	33.041	68.411
756.286	331.004	31.641	69.674
756.267	331.774	31.853	69.382
759.052	331.500	30.620	69.242
760.587	329.819	29.566	70.768
760.154	329.708	29.773	70.265
760.672	327.785	31.673	70.702
759.267	327.046	32.320	72.134
759.752	329.250	29.322	71.634
758.897	328.079	30.432	72.759
760.830	329.682	29.579	70.945
746.231	324.640	35.267	72.043
763.686	327.280	31.594	72.236
772.063	329.924	35.195	76.206
776.262	329.934	34.040	74.380
769.806	330.317	39.074	76.103
771.162	331.160	38.917	77.619
774.605	331.521	35.643	75.095
756.654	331.376	37.299	76.724
766.241	331.306	35.813	81.464
756.124	331.904	36.955	79.495
762.374	333.001	32.754	77.547
761.189	334.614	33.342	75.894
761.021	334.923	35.305	74.896
761.420	333.335	33.917	76.824
760.532	335.034	33.592	73.676
758.933	334.568	33.347	72.668
758.823	334.649	31.788	72.377
761.702	333.320	32.574	75.019
757.712	332.425	31.464	74.107
760.011	330.400	32.996	72.940
763.328	328.937	31.013	75.470
768.496	334.758	38.682	82.842
763.759	333.790	34.680	83.662
768.129	335.411	38.698	83.200
768.056	338.148	36.107	81.826
767.942	340.484	34.912	85.720
765.358	340.432	34.323	78.114
764.632	341.550	40.348	84.056
762.767	340.244	37.568	72.125
702.236	330.351	33.947	60.619
702.560	327.144	32.047	63.298
704.233	326.460	31.962	62.060
706.438	329.773	30.609	59.041
704.609	331.528	31.410	59.756
703.520	327.870	32.740	65.030
705.897	328.536	31.962	65.537
705.436	327.778	31.157	69.413
706.392	327.317	30.827	67.267
706.132	329.476	31.083	66.787
707.263	326.730	29.780	69.578
704.834	329.618	31.039	64.282
704.244	328.592	32.128	65.246
704.713	328.338	31.677	65.782
705.386	328.610	31.430	65.570
704.410	329.258	30.756	65.105
704.605	330.945	32.516	70.976
703.701	332.098	32.586	70.735
705.028	331.109	32.451	72.824
706.203	331.577	31.214	70.858
706.799	331.689	31.805	69.413
707.561	330.025	31.538	70.597
709.682	325.850	31.250	72.053
659.227	315.112	28.405	55.854
655.047	316.803	33.473	66.191
658.028	312.182	27.097	64.529
657.796	316.915	33.380	73.780
656.799	314.885	32.207	72.633
660.270	309.350	25.784	61.735
661.531	314.947	26.578	60.647
654.870	314.805	27.212	60.242
655.653	315.024	29.713	62.100
657.855	315.199	29.259	61.695
660.207	315.742	28.303	61.358
663.620	317.939	28.174	58.615
663.044	317.853	27.444	53.378
662.760	319.073	27.419	50.355
662.894	320.234	28.369	49.987
664.422	317.849	29.785	51.754
662.553	318.747	30.014	54.059
664.593	319.352	28.703	56.706
665.008	318.459	29.403	59.961
665.216	315.917	28.754	64.804
668.948	317.346	30.018	67.145
666.195	315.444	29.629	68.210
667.283	319.060	28.091	68.169
665.664	311.862	32.185	78.977
663.531	316.559	31.962	82.267
665.130	312.752	33.998	83.180
655.127	313.719	38.568	73.714
658.024	314.501	35.413	68.911
661.315	317.607	32.340	68.107
664.548	315.486	30.269	68.494
658.722	316.946	33.175	64.630
662.568	315.873	31.252	61.825
662.132	317.302	30.211	61.393
662.878	315.348	29.518	62.526
661.976	313.580	28.302	58.200
662.970	314.188	27.488	61.345
664.320	315.101	26.874	58.907
663.839	311.638	27.648	59.366
664.077	314.857	27.180	62.818
666.095	313.638	27.505	65.234
666.448	313.510	26.991	61.650
665.933	313.305	28.440	65.292
707.211	343.569	33.017	68.162
711.424	334.565	35.147	73.270
715.408	334.597	33.441	70.859
727.808	336.262	33.600	74.160
716.768	335.320	42.931	73.978
717.504	341.247	36.831	70.775
673.138	318.778	35.589	77.549
669.057	311.617	34.079	69.036
672.340	313.953	32.938	60.991
671.471	316.866	31.642	58.147
671.316	317.554	31.507	57.125
670.167	317.657	31.572	56.756
672.933	319.036	30.675	56.108
673.305	318.893	29.645	60.718
671.948	317.468	30.512	61.862
673.918	319.223	28.488	64.914
674.148	317.925	29.131	71.631
671.393	318.390	31.282	72.547
671.616	318.811	30.412	71.651
674.095	315.608	28.243	71.741
673.573	320.962	29.063	71.950
671.449	317.967	30.375	74.935
674.319	318.415	29.633	72.316
675.278	319.971	30.278	73.220
675.286	316.965	31.652	78.193
680.386	318.458	32.268	69.037
679.059	317.448	30.681	73.344
681.221	318.748	33.665	75.638
673.982	317.823	34.044	77.743
682.022	319.324	30.782	73.416
678.931	319.417	31.307	73.452
679.424	315.892	32.443	75.860
681.148	319.323	32.982	71.928
681.323	317.348	31.979	73.043
686.413	318.895	29.653	68.753
685.130	320.681	29.740	67.611
685.509	320.250	29.585	69.192
685.231	320.768	30.194	69.744
685.023	321.256	31.349	69.745
684.449	320.448	31.656	65.797
681.543	322.599	33.272	65.497
683.283	320.674	34.774	66.261
683.827	321.504	33.838	66.068
684.297	323.676	33.853	67.961
681.840	323.068	28.426	66.099
685.998	319.143	29.080	63.029
681.665	318.829	30.415	61.412
684.987	320.740	29.972	60.659
685.950	322.841	30.662	58.322
688.629	319.931	29.550	61.049
680.858	324.639	32.778	58.236
686.287	323.736	29.635	61.556
686.894	323.121	29.549	61.229
687.015	321.121	31.236	61.919
685.899	321.944	31.581	64.429
690.517	323.006	30.738	66.468
673.592	323.087	48.534	69.056
690.200	323.959	33.502	81.903
691.470	328.286	33.872	82.143
693.576	329.219	33.304	80.382
694.694	333.504	33.467	77.830
693.619	326.919	34.814	81.515
679.298	329.888	43.162	79.933
683.828	324.944	37.473	78.404
666.655	323.918	31.151	70.106
668.859	323.545	33.145	69.497
667.650	320.198	34.687	73.300
671.191	327.084	39.676	75.173
695.239	339.887	37.685	70.362
699.528	333.032	32.463	71.455
697.620	325.128	32.385	69.815
699.173	334.134	32.632	69.874
697.721	325.609	31.667	71.401
699.844	335.597	31.722	70.728
700.263	324.748	28.903	62.151
697.481	322.620	27.882	56.552
697.210	322.324	30.289	64.729
692.237	324.326	33.956	72.935
685.116	335.574	42.993	74.946
694.266	344.476	36.905	71.700
695.636	338.655	33.560	73.804
697.030	336.898	34.302	73.969
697.705	342.332	32.589	65.147
699.031	330.569	34.601	68.402
694.599	329.287	36.941	65.875
698.838	336.253	34.388	70.642
697.886	325.264	37.436	67.793
702.991	324.420	28.960	54.471
706.019	324.157	26.715	49.979
704.285	326.386	29.064	51.309
671.313	326.849	29.824	54.075
670.729	326.012	30.978	57.282
709.356	324.836	30.939	56.330
712.439	323.739	29.766	60.970
704.563	325.521	35.402	56.256
706.972	327.133	31.477	53.939
709.211	327.242	30.395	56.859
708.043	325.963	32.265	53.786
710.426	327.171	29.317	54.108
710.667	322.604	29.385	51.175
701.885	327.121	32.596	58.636
699.638	325.719	32.591	62.457
703.204	326.413	31.875	58.569
698.627	327.819	34.660	59.386
702.336	326.442	30.630	63.383
702.309	325.318	29.511	58.526
703.225	327.226	31.250	55.341
701.066	327.294	31.794	59.140
699.372	325.900	34.644	67.669
696.196	328.569	36.941	65.914
695.122	332.098	35.573	66.010
704.557	325.796	32.873	65.123
705.772	328.310	33.773	70.454
699.294	331.168	38.856	78.442
704.178	341.610	39.590	83.365
718.575	359.026	39.635	77.516
709.909	336.490	38.946	81.006
703.458	329.040	38.321	75.521
709.437	328.649	35.429	66.935
710.093	326.071	32.990	65.633
713.706	327.901	28.811	60.316
713.345	329.812	29.412	56.817
712.131	332.723	29.975	56.414
712.156	327.768	31.288	59.537
710.927	330.784	31.248	64.844
713.602	326.305	31.730	69.716
709.643	330.665	30.975	70.493
710.523	325.541	32.487	68.821
712.969	326.555	33.169	67.740
713.170	324.981	32.459	62.982
710.512	328.151	30.412	59.076
712.555	326.511	31.611	63.473
708.353	329.909	30.259	69.867
709.254	328.217	30.239	63.436
706.117	332.883	31.338	62.888
708.738	326.185	32.546	60.228
707.293	327.978	31.808	60.633
704.890	330.694	31.257	61.297
713.486	327.616	30.844	65.526
710.311	331.069	31.290	66.852
710.405	328.019	31.655	64.160
714.109	329.386	32.855	63.970
705.809	328.031	35.578	67.169
720.740	329.996	31.144	62.342
726.990	327.694	28.888	59.847
727.204	328.101	31.610	62.085
722.992	329.147	30.333	63.025
730.810	324.858	36.387	66.894
727.215	327.819	33.653	67.006
720.711	330.316	32.948	60.101
722.448	329.218	32.605	63.829
