440.000	223.000	66.000	138.000
452.581	220.272	65.360	140.781
458.749	219.395	66.014	143.032
461.627	218.979	65.114	143.695
463.044	218.915	63.855	143.679
465.466	219.406	65.271	144.710
471.438	220.097	65.570	144.261
471.938	220.373	64.879	145.872
471.891	220.361	64.291	144.883
471.040	219.982	63.646	145.883
469.928	219.848	62.623	147.636
466.963	219.972	64.535	147.934
463.686	220.204	66.362	147.453
459.240	220.128	69.502	147.624
454.835	220.724	72.557	147.184
451.788	222.285	72.749	146.107
449.949	222.941	69.680	147.234
447.327	223.325	69.518	149.279
446.794	223.977	66.894	150.445
446.974	225.316	66.092	150.542
446.944	226.850	64.927	151.553
445.893	228.772	64.542	151.898
445.306	229.260	63.857	151.721
444.097	228.505	63.379	151.917
443.525	228.321	62.767	151.013
442.971	227.595	63.069	150.511
440.338	226.872	62.345	150.848
439.051	227.237	61.294	149.705
436.819	227.892	60.744	149.723
434.898	228.892	61.645	148.692
432.237	229.097	62.437	148.912
427.526	227.787	64.036	149.051
425.608	226.619	62.886	149.712
422.211	226.798	62.615	149.444
419.576	226.386	62.929	149.921
417.454	225.619	61.736	150.785
412.808	225.298	62.513	150.584
411.063	224.963	61.766	150.802
408.264	225.255	62.959	151.291
404.864	226.098	64.066	150.698
401.640	226.080	65.313	151.917
397.457	225.003	66.431	151.978
394.518	224.139	66.686	153.177
392.431	223.673	67.244	153.880
389.272	223.746	68.773	154.745
382.917	224.366	73.336	153.847
374.577	224.205	78.761	154.695
372.891	224.751	77.580	155.192
371.998	225.004	74.755	155.658
369.647	224.686	73.629	156.114
367.233	225.147	72.627	156.328
365.216	224.106	69.062	156.899
362.538	224.364	69.170	155.948
359.887	223.276	69.759	157.439
357.117	223.416	71.305	156.430
354.657	223.392	71.671	155.539
352.375	222.848	70.639	156.967
350.448	222.920	71.213	156.409
349.257	222.776	69.657	156.822
345.915	223.264	71.516	156.096
344.877	222.848	70.701	157.456
342.472	223.464	69.628	157.297
340.963	224.549	67.759	156.026
337.811	224.986	69.362	156.349
334.499	224.607	70.371	156.674
331.683	225.235	69.278	156.285
326.584	226.034	71.229	156.987
325.263	225.599	69.466	157.027
321.870	226.407	69.283	157.365
320.088	226.834	66.296	156.741
316.778	227.267	66.693	156.178
313.402	227.766	66.965	156.541
311.191	227.663	67.982	156.996
309.572	228.138	67.751	157.495
307.491	226.801	66.719	159.237
306.943	228.149	65.389	157.892
304.841	229.552	63.013	157.243
304.201	229.835	61.562	157.053
311.203	232.651	62.458	156.957
322.506	235.255	62.791	159.169
331.815	237.578	66.252	157.328
339.196	238.588	66.841	156.017
343.362	238.338	63.042	153.115
351.444	240.375	65.883	149.307
352.139	240.095	71.068	147.977
360.219	239.819	71.772	146.906
349.241	240.127	85.241	151.350
387.028	234.002	85.416	155.031
406.018	231.932	93.811	161.255
465.731	228.443	92.607	162.402
455.227	219.520	99.771	173.771
460.034	237.195	86.503	159.265
477.284	241.915	67.396	150.709
493.365	239.198	67.970	155.179
512.318	239.686	65.234	154.706
529.156	240.910	64.665	152.951
550.558	241.118	61.670	150.710
555.995	239.661	69.560	152.431
566.171	237.798	68.924	153.122
574.503	238.644	70.647	151.416
582.933	239.266	72.125	152.336
595.350	238.655	70.133	153.819
603.153	240.448	61.069	151.857
600.324	241.374	62.021	155.411
600.773	242.143	57.974	152.407
596.498	241.569	61.586	152.626
590.320	241.933	60.762	154.178
581.718	239.426	67.151	155.893
583.519	238.336	59.909	154.893
581.846	237.558	61.489	154.499
572.799	241.269	66.607	151.905
570.226	241.393	66.209	153.245
568.385	241.838	65.035	151.317
562.936	239.904	66.637	159.095
561.718	240.016	65.139	158.674
555.934	239.730	66.804	155.222
551.334	240.383	66.637	159.922
550.648	239.079	67.043	156.845
542.567	242.622	67.677	155.704
543.188	239.453	64.614	161.384
538.833	240.853	62.205	164.465
533.709	242.623	60.768	161.079
528.473	244.239	59.971	154.219
527.388	241.614	59.893	154.781
524.871	240.558	61.480	159.907
523.227	239.093	62.590	160.152
517.731	237.186	64.793	166.906
512.990	238.787	67.408	167.965
511.276	241.022	69.825	164.821
506.336	239.517	75.145	161.450
503.383	250.215	76.754	153.488
501.129	248.830	80.486	155.703
497.045	241.731	81.620	161.358
494.404	248.115	78.918	159.570
493.487	240.525	81.668	161.729
495.963	244.735	77.913	158.350
503.129	238.036	75.560	162.418
503.324	243.821	75.531	161.079
508.302	241.648	74.336	161.544
512.621	246.818	74.085	157.111
520.644	248.813	73.783	156.006
524.306	250.359	77.051	157.316
532.367	248.882	75.241	159.926
533.305	247.870	75.214	159.055
535.432	246.666	76.222	159.547
527.011	242.711	77.575	169.465
515.810	242.946	83.237	166.180
504.532	240.510	83.279	167.719
502.281	242.394	86.978	165.399
496.943	239.653	85.964	169.454
491.981	241.574	86.588	169.929
487.838	243.396	85.218	166.070
482.965	242.392	84.163	164.483
480.040	242.055	88.148	163.557
478.431	244.116	89.660	162.154
473.963	244.413	89.649	161.678
471.503	242.499	88.042	166.247
468.236	246.213	91.272	161.315
466.231	245.254	91.241	160.561
464.501	246.672	92.709	158.975
462.771	247.403	90.609	156.251
460.752	246.507	91.721	158.684
459.444	243.751	87.132	163.294
456.995	248.366	86.609	158.007
456.371	244.018	82.029	162.636
454.362	247.156	81.316	159.916
454.054	244.861	77.040	160.614
454.961	249.908	76.366	155.040
453.615	248.272	73.725	156.973
456.436	251.119	75.563	155.355
455.154	248.778	72.935	155.789
456.647	249.198	73.020	157.625
455.601	248.451	71.167	157.617
453.413	252.325	68.140	155.553
454.291	255.185	65.454	152.507
451.634	259.340	67.226	147.780
450.098	260.261	62.042	148.022
449.297	263.757	60.714	144.742
448.593	262.598	60.319	145.414
446.923	262.459	64.794	144.257
446.283	262.387	67.058	144.854
446.108	262.219	68.971	145.312
445.680	263.004	71.149	144.732
445.057	262.596	71.003	145.749
444.727	261.918	71.422	146.464
444.353	261.987	73.609	145.536
444.604	261.391	76.974	145.980
444.027	260.199	79.868	147.377
443.131	259.875	82.436	146.812
443.326	258.921	81.686	147.558
443.014	258.712	81.977	147.666
443.081	258.119	80.071	147.118
442.711	257.318	80.922	147.071
442.917	256.479	81.704	147.579
442.965	255.432	82.646	147.495
442.687	255.503	83.638	147.195
442.471	254.484	82.075	148.180
442.246	254.006	80.955	149.269
441.884	253.614	81.104	149.642
442.217	253.655	79.891	149.364
441.549	254.615	79.340	148.957
442.081	254.897	79.495	148.524
441.964	255.383	81.132	148.140
441.718	255.259	82.580	147.729
441.639	255.225	82.329	147.121
441.523	254.677	83.016	148.888
441.328	254.162	82.074	148.066
441.661	254.016	81.271	149.212
441.735	254.146	80.840	148.771
440.979	254.049	81.423	149.361
441.407	253.935	79.330	149.699
441.495	254.851	77.755	148.488
441.647	256.097	75.477	146.570
441.334	256.900	74.638	145.597
441.534	257.350	75.805	145.302
441.461	257.834	75.839	144.998
441.861	257.821	76.562	144.850
441.740	257.699	76.864	144.685
441.513	256.952	75.984	145.532
441.691	257.374	76.410	145.223
441.999	257.834	77.426	144.450
442.154	258.050	76.857	143.525
441.643	257.146	77.554	144.516
441.612	257.118	77.621	144.894
441.383	257.184	78.256	144.150
441.430	256.981	77.664	144.403
441.972	256.847	76.626	144.467
441.830	256.969	76.414	144.365
441.605	256.956	76.909	144.566
441.468	256.491	77.816	145.061
441.707	255.565	77.750	146.474
441.148	255.167	79.301	146.698
441.079	255.484	79.491	146.068
440.762	255.553	79.544	146.100
440.477	255.827	80.061	146.177
440.347	255.616	79.625	146.498
440.315	255.478	79.347	146.937
440.315	255.754	78.978	146.712
440.553	255.173	78.938	147.580
440.409	255.960	78.884	146.556
440.066	255.519	79.837	147.234
440.045	255.637	79.886	147.357
440.281	255.291	79.883	147.550
440.457	255.014	78.587	148.132
440.701	255.261	78.456	148.526
440.794	255.052	78.488	148.228
441.297	255.469	78.170	147.811
440.620	255.103	78.538	148.103
441.062	255.122	77.725	148.564
441.468	256.097	77.276	147.331
441.542	256.260	77.716	146.821
441.634	256.123	78.265	146.908
441.444	256.321	77.947	146.519
441.404	256.260	79.608	146.770
441.245	256.436	81.390	145.840
441.662	256.251	81.538	146.346
441.977	256.320	82.966	146.527
442.128	256.301	84.384	146.035
442.647	256.951	84.221	144.709
442.607	257.197	85.361	144.630
443.137	257.432	84.969	144.178
443.475	257.403	84.646	144.338
443.812	257.443	84.425	144.345
444.067	257.649	84.122	144.172
444.140	257.307	83.309	144.168
444.636	256.871	83.550	144.782
445.060	256.964	83.344	145.005
445.209	256.551	83.581	145.468
445.197	256.992	84.979	145.386
445.035	257.295	86.137	144.513
445.100	257.364	86.506	144.593
445.247	257.914	86.627	144.899
445.063	257.498	87.568	145.773
445.037	257.911	88.751	144.696
444.885	257.772	89.679	144.736
445.300	257.878	89.625	144.791
444.775	257.739	90.538	144.390
444.486	258.330	90.700	143.747
444.185	258.086	91.421	144.288
444.138	258.576	93.198	144.203
443.825	258.067	93.139	144.534
443.616	258.553	92.890	143.803
443.162	259.200	93.319	143.293
443.162	260.442	93.551	142.361
443.255	260.988	93.844	141.543
443.121	262.537	95.211	139.633
442.717	263.852	95.419	138.477
442.743	265.407	94.092	137.432
442.438	267.378	95.160	135.864
441.484	269.437	97.311	132.999
442.248	270.572	94.834	131.977
442.844	270.977	93.030	131.152
442.812	272.521	93.451	129.656
442.610	274.236	94.160	127.256
443.436	274.562	93.940	127.063
443.724	274.245	93.208	127.280
443.732	274.072	93.050	126.894
443.935	274.746	92.263	126.136
444.506	274.430	90.767	126.920
445.456	274.410	89.157	126.735
445.129	274.686	89.750	126.564
445.070	274.702	89.960	126.411
445.169	274.702	89.577	126.497
445.080	274.664	90.721	126.527
445.565	274.242	91.230	126.888
445.710	274.123	90.393	126.802
445.664	273.637	90.604	127.865
445.954	273.640	89.582	127.409
445.960	273.684	87.570	127.679
445.515	273.591	86.249	127.964
445.394	273.764	86.130	128.017
445.490	273.269	86.304	128.512
445.456	272.469	86.185	129.261
445.145	270.343	86.471	131.338
445.301	269.773	87.088	131.822
445.380	269.273	85.012	132.535
445.493	268.104	85.157	133.411
445.346	267.463	85.446	133.752
445.202	266.809	86.179	134.699
445.726	266.679	86.161	134.463
445.470	265.707	86.128	135.435
444.774	264.865	85.795	136.448
444.891	263.880	85.710	137.806
444.941	262.913	85.061	138.935
444.799	262.353	85.393	139.483
444.410	261.658	85.469	140.155
444.885	262.595	86.275	139.307
445.208	263.064	85.298	139.072
445.329	263.240	83.530	139.111
445.158	262.878	83.325	139.127
445.556	262.536	81.836	139.335
445.545	262.507	81.111	139.201
445.273	261.964	81.771	140.193
445.614	262.788	81.986	139.092
445.364	261.512	80.970	139.815
445.843	261.172	80.334	140.356
445.889	260.706	79.999	140.775
445.889	259.643	79.808	141.448
446.074	258.577	80.444	141.885
446.342	258.064	79.206	143.123
446.172	257.861	78.335	143.868
446.202	258.253	78.444	142.882
446.420	258.250	76.607	144.096
446.551	258.498	77.008	143.582
446.411	258.430	77.426	143.502
445.775	258.911	79.567	143.126
445.773	258.456	77.513	144.273
445.420	258.577	77.321	144.123
444.729	259.853	77.247	142.749
444.688	260.300	77.510	142.069
445.002	260.894	77.925	141.666
444.773	261.425	77.790	140.892
444.016	260.950	75.634	141.238
443.986	259.739	72.479	141.229
443.364	258.806	70.231	141.239
443.833	258.081	69.659	141.744
443.607	257.816	70.219	141.536
443.991	256.817	71.367	142.590
443.854	254.459	71.562	144.405
444.619	254.268	71.133	144.331
444.678	253.663	70.470	144.738
444.310	253.936	69.590	144.641
444.830	253.402	69.576	144.936
445.328	252.864	69.745	145.177
445.301	252.934	70.942	144.528
444.978	252.668	69.922	144.859
445.596	252.328	71.460	145.084
445.561	251.724	69.581	146.190
445.096	250.034	69.880	147.964
445.455	249.222	70.010	148.281
445.093	247.255	70.203	150.403
445.344	245.253	70.108	152.296
445.533	243.865	69.641	153.950
445.184	241.225	68.131	157.467
443.950	239.291	69.250	161.393
443.251	238.316	70.195	161.925
442.558	237.358	70.785	163.687
441.138	236.348	73.579	164.345
439.331	234.764	74.252	165.127
437.000	234.328	75.307	166.094
434.485	234.512	76.842	166.627
430.178	234.380	79.668	167.743
426.247	233.874	80.375	168.540
421.553	232.280	83.399	171.304
420.462	231.846	84.944	172.801
418.925	231.637	85.489	173.333
416.662	232.272	86.207	172.446
416.082	231.918	82.841	174.011
413.009	232.465	82.686	173.141
410.596	233.098	83.528	171.771
407.628	233.216	85.326	171.018
404.547	232.938	85.199	170.758
402.399	232.193	82.942	171.708
398.376	232.669	84.538	169.993
396.216	232.611	85.479	170.131
394.092	232.603	84.236	170.140
392.865	231.905	82.308	171.865
390.763	231.786	83.520	172.142
387.083	231.921	84.475	171.948
385.833	232.410	81.916	170.050
383.891	232.719	78.606	168.455
382.523	233.461	78.659	169.394
381.328	234.608	78.683	169.024
379.081	234.990	77.666	169.283
377.399	235.775	79.201	169.766
376.350	235.631	80.710	171.688
373.578	236.194	84.226	172.452
372.022	236.443	86.423	172.510
367.820	235.410	85.634	174.930
365.935	235.754	85.961	174.100
364.147	235.865	85.156	174.763
361.681	236.208	84.361	174.681
359.836	235.345	83.930	175.685
354.938	233.966	85.339	176.618
352.141	233.529	84.004	175.623
348.195	233.069	83.926	174.822
345.545	232.957	82.146	174.279
343.353	232.869	79.479	174.058
339.526	232.699	78.068	173.686
336.895	232.179	78.714	175.188
331.986	232.639	83.522	174.544
325.188	232.246	88.717	176.050
317.689	233.038	98.718	175.891
310.785	233.202	102.527	176.573
308.221	232.717	101.946	177.674
307.060	233.151	102.760	177.437
305.569	232.779	102.361	179.361
301.426	233.643	99.820	179.390
293.929	234.487	101.120	179.631
289.929	235.441	99.158	178.194
286.057	235.752	98.720	177.754
281.873	236.353	97.224	179.319
278.560	237.140	95.643	178.634
270.875	238.039	92.937	177.323
267.619	237.727	88.826	177.086
264.753	237.065	87.608	178.697
260.523	236.985	89.941	179.028
257.387	237.548	95.014	179.346
250.303	238.832	98.152	179.038
246.193	241.866	100.480	178.754
242.268	244.073	101.862	178.262
239.258	244.671	101.093	178.945
234.788	244.405	98.830	177.790
228.003	242.935	93.621	179.006
221.844	240.610	85.537	178.732
217.113	239.942	81.524	176.859
212.044	240.528	78.340	176.237
207.146	241.611	78.410	174.612
197.888	243.767	83.646	175.203
185.253	244.236	94.156	176.537
172.781	243.082	106.147	178.094
167.800	241.025	108.017	182.143
164.763	242.734	111.171	181.133
160.958	242.904	113.923	181.744
160.043	242.283	113.322	182.826
158.547	244.251	108.213	181.209
156.050	244.744	104.132	180.884
153.382	245.442	102.192	179.758
146.752	245.320	96.418	181.282
141.941	246.381	92.815	179.832
137.065	247.307	91.295	179.475
133.289	247.286	89.166	178.836
127.917	246.948	89.398	180.258
121.794	247.628	87.402	181.487
120.137	247.945	86.588	180.818
115.551	249.143	90.325	179.912
109.270	248.265	93.830	180.308
103.775	247.348	96.709	182.640
99.165	249.182	94.737	183.620
98.187	251.321	92.758	183.232
96.836	253.488	92.940	180.795
95.111	253.677	90.179	180.136
91.749	253.871	86.635	178.560
86.541	254.927	83.008	175.524
79.369	254.869	80.246	176.389
74.623	255.509	80.030	177.601
69.530	255.999	80.499	175.687
64.760	256.115	80.265	175.459
60.811	255.633	81.098	177.651
56.508	255.778	80.092	179.962
55.750	259.028	85.935	177.943
59.950	260.211	89.054	179.235
65.623	261.681	90.968	179.371
70.582	263.060	84.357	177.189
73.656	263.109	79.425	177.852
73.765	262.403	74.358	177.207
73.971	263.449	71.905	175.490
80.977	262.976	73.439	176.754
90.292	261.786	77.497	175.593
122.044	262.494	84.774	172.294
137.452	262.909	87.591	171.934
154.837	263.072	91.381	173.063
172.682	263.230	91.903	173.822
192.146	263.618	90.704	174.055
221.205	265.454	85.475	172.606
230.112	266.116	73.783	173.780
231.721	266.341	72.099	171.421
231.607	266.900	73.458	172.055
228.286	267.149	73.403	170.758
221.654	266.958	76.203	166.185
216.582	266.656	76.074	169.617
213.999	265.126	76.792	172.507
209.882	264.127	78.379	172.201
205.270	262.863	80.953	172.184
199.038	264.241	80.781	166.031
193.549	265.422	79.193	164.293
188.594	266.355	81.372	165.865
184.285	268.483	81.839	165.476
180.988	270.489	85.042	165.230
174.897	270.364	81.949	167.766
170.753	270.007	82.296	164.242
166.063	269.147	85.107	170.073
161.632	269.469	86.096	167.713
156.241	270.852	84.798	165.939
149.422	272.652	82.375	168.499
143.933	271.936	84.696	168.280
139.259	273.123	84.525	167.946
133.358	272.626	86.134	170.194
126.841	273.496	89.884	168.601
117.954	274.232	92.981	168.598
112.767	275.925	91.001	168.274
106.690	276.337	93.458	168.199
99.346	277.425	96.305	166.259
93.631	278.584	99.224	167.521
87.996	277.174	99.240	170.711
83.705	277.265	98.904	169.298
80.657	277.133	95.456	169.631
76.233	276.906	96.804	167.501
74.554	275.239	93.153	171.019
67.873	275.228	94.750	172.135
65.603	274.702	96.107	171.445
63.744	274.967	94.472	169.912
62.457	275.836	93.870	167.349
63.612	277.574	93.030	164.934
59.320	279.031	94.592	162.641
63.642	278.364	88.925	163.269
68.917	281.422	80.054	158.230
68.193	282.956	81.720	155.798
72.450	283.314	78.165	155.475
79.317	280.524	73.593	160.411
84.008	280.846	73.925	157.730
87.177	281.103	78.385	158.109
102.326	280.831	79.086	156.922
133.067	275.416	73.494	160.929
214.123	276.339	77.303	156.945
264.160	274.332	75.504	155.418
304.121	272.795	78.684	155.843
343.577	276.316	80.951	154.491
371.864	282.833	79.289	151.562
392.360	282.052	78.761	153.045
385.414	277.968	83.481	154.084
379.140	279.348	88.123	154.671
379.453	279.527	82.391	156.189
378.521	281.350	76.388	153.742
369.812	279.173	77.219	153.810
368.705	278.269	74.267	152.837
365.414	279.838	73.632	149.867
365.280	276.815	70.284	154.038
368.979	278.800	69.539	152.680
368.575	278.852	73.912	154.958
367.515	279.662	79.575	152.927
369.763	280.325	83.678	153.399
375.083	280.629	84.573	152.374
375.558	281.301	83.868	151.919
376.049	282.311	82.492	150.456
374.179	282.105	80.912	150.547
374.984	282.457	77.817	149.783
372.084	278.868	80.394	150.332
374.182	281.389	77.343	145.801
371.007	278.645	73.683	151.421
373.208	279.211	72.402	154.487
373.001	280.406	74.185	154.300
373.524	280.481	76.134	153.711
372.064	278.758	78.565	157.381
372.165	280.204	86.928	156.200
374.636	280.050	90.043	156.955
384.275	280.925	91.723	156.370
398.540	279.971	88.644	156.876
406.095	282.171	84.197	155.606
407.731	281.181	81.507	156.062
405.344	281.886	77.220	154.280
404.956	281.738	74.201	154.725
405.944	280.962	71.180	155.108
408.061	281.094	72.802	153.777
414.461	282.706	70.384	151.065
419.380	282.595	70.221	152.625
424.220	283.303	70.876	151.566
427.487	284.175	71.173	150.904
428.755	284.483	72.184	150.009
433.611	286.000	74.393	149.190
442.034	286.461	73.471	152.463
451.890	287.725	75.351	149.388
465.328	286.696	72.888	150.734
474.184	287.448	73.112	149.986
483.964	288.714	70.990	149.037
485.058	288.672	69.490	147.166
484.688	289.908	68.078	145.118
481.707	289.425	69.890	146.234
480.676	289.735	71.026	146.021
476.706	289.858	75.233	146.938
473.007	290.614	77.675	146.551
469.635	290.890	78.294	147.103
465.577	290.831	77.540	147.378
462.533	290.834	75.923	146.242
461.172	290.530	73.641	145.924
459.835	291.127	72.129	145.119
459.236	291.566	70.833	144.075
460.018	291.510	69.281	144.697
463.388	291.590	65.591	143.735
463.046	291.801	65.694	143.416
461.422	292.779	66.041	141.715
460.006	292.827	67.626	140.935
457.412	292.973	67.361	141.718
453.285	292.719	69.700	141.464
449.222	290.964	68.461	143.026
446.642	291.301	69.261	141.042
443.817	290.965	68.634	142.013
441.472	291.354	67.979	141.887
438.405	291.146	68.705	140.601
434.497	289.425	68.960	142.543
431.711	288.860	69.976	140.639
427.532	287.510	72.726	140.921
425.151	285.305	73.954	141.275
423.068	285.194	74.458	139.900
418.534	287.592	76.844	137.616
418.694	288.331	73.953	138.016
415.768	288.509	73.220	137.394
413.767	288.697	72.490	136.323
411.309	287.839	70.537	137.793
408.367	287.410	69.670	136.749
404.655	287.268	68.175	136.695
402.149	286.326	68.350	137.974
399.679	286.456	68.591	137.399
396.998	287.251	68.389	136.989
393.750	287.461	69.149	136.933
392.602	288.668	69.125	135.550
391.945	288.781	70.057	136.200
389.912	290.811	69.943	134.661
387.597	291.198	69.928	134.707
384.391	290.222	70.688	135.119
383.351	292.191	68.125	131.849
380.116	292.134	65.237	132.282
380.057	292.150	63.277	131.144
376.303	292.332	64.680	129.076
373.702	290.369	64.647	131.411
369.406	290.873	66.167	131.741
368.323	292.034	65.892	129.929
366.099	293.504	66.902	128.039
364.644	294.014	66.591	127.716
361.735	294.372	68.057	127.632
357.863	295.426	70.837	127.332
356.256	296.461	72.226	127.316
354.187	297.141	73.611	126.989
351.725	298.921	74.673	126.500
349.579	298.600	75.233	127.387
347.726	298.627	75.192	126.107
347.229	298.159	73.222	125.031
346.069	298.443	71.635	123.648
345.813	297.728	69.380	124.774
344.755	297.709	68.776	125.521
341.559	296.926	69.232	126.079
339.813	296.698	68.603	125.791
338.689	298.443	67.254	123.033
339.128	297.384	67.313	123.848
347.669	297.924	65.319	122.979
360.370	301.607	63.936	122.136
370.818	306.069	63.460	122.151
376.072	308.869	63.036	121.096
377.456	308.445	64.132	119.854
379.930	307.028	63.417	119.548
381.375	307.185	63.382	119.069
381.155	306.232	64.916	120.872
387.602	307.264	63.812	121.355
389.780	308.436	62.503	118.848
389.812	308.432	63.175	118.175
390.518	307.686	64.152	120.087
390.408	306.861	65.309	120.662
395.281	306.661	66.759	121.360
401.741	306.304	68.686	122.316
410.865	306.548	70.225	122.355
427.432	308.095	71.313	121.268
435.849	307.573	69.406	122.150
436.511	307.264	69.553	121.911
