261.000	122.000	20.000	40.000
266.175	121.532	21.809	39.136
269.014	121.415	22.615	38.998
271.322	122.229	23.904	38.658
272.469	121.543	27.305	38.338
281.791	121.102	22.392	39.382
285.973	120.257	21.222	41.022
291.783	120.141	18.397	42.134
294.541	120.786	21.479	41.681
300.749	125.987	22.508	36.151
304.692	119.582	21.439	40.981
307.275	118.763	22.140	44.979
310.382	120.255	22.322	43.860
313.801	119.975	23.880	41.829
318.084	118.827	22.802	41.841
322.415	118.973	21.557	41.698
327.300	118.472	19.310	42.070
331.368	118.171	20.531	41.583
336.261	118.777	21.889	41.628
339.931	117.132	23.801	40.089
343.285	117.312	21.463	40.954
346.018	118.114	23.392	39.182
348.541	118.385	25.732	39.842
353.784	117.168	24.719	42.082
355.678	119.247	23.401	41.339
362.764	118.028	20.584	39.384
364.960	122.702	23.313	37.988
369.004	125.518	25.262	36.320
374.402	127.747	25.827	33.487
370.451	117.706	26.340	37.606
381.333	113.889	21.003	41.279
383.717	116.867	22.251	40.045
389.490	116.507	21.682	40.210
392.696	114.815	20.905	40.023
394.948	111.767	20.420	38.990
397.369	112.252	20.209	37.213
403.125	113.682	17.598	36.314
407.713	114.131	17.468	35.272
373.243	110.890	21.262	29.008
331.646	115.148	20.432	33.715
299.340	116.499	21.723	33.840
269.435	114.230	23.228	35.461
247.361	116.657	22.597	33.440
252.317	113.471	21.015	34.090
259.287	116.541	23.184	43.525
261.639	118.645	20.659	41.069
265.712	108.031	24.271	46.660
272.418	98.329	34.095	49.024
274.011	109.045	39.350	57.879
283.697	110.596	47.020	62.145
292.521	114.521	44.188	69.940
305.615	135.431	41.737	71.224
311.093	120.492	36.040	56.463
304.653	108.985	39.010	63.047
295.682	110.014	43.092	62.400
301.007	115.046	39.411	66.223
294.655	126.269	39.058	69.046
298.768	119.975	44.327	69.390
296.517	116.597	41.769	64.254
293.386	123.059	40.302	68.489
293.278	125.937	39.913	71.594
292.934	127.789	39.501	72.524
287.742	131.908	44.226	69.876
285.830	123.831	43.577	73.126
297.336	125.168	43.917	72.399
301.748	122.342	45.290	67.319
335.387	108.623	31.236	55.087
343.190	109.840	26.906	52.302
328.592	111.229	37.886	63.681
353.562	108.757	28.342	52.102
358.509	109.699	24.058	50.624
364.314	109.907	21.685	49.240
369.216	110.047	22.436	53.304
370.846	108.208	24.553	47.692
374.327	109.551	23.991	50.190
376.747	112.428	25.350	50.452
379.486	110.408	27.176	51.672
380.054	108.833	28.911	55.249
387.122	107.282	24.890	54.302
391.034	108.222	23.381	55.580
392.658	109.642	25.328	53.984
396.648	109.779	26.976	53.966
403.590	109.547	23.236	43.761
406.548	106.846	21.947	51.779
408.003	116.418	24.501	47.118
412.613	114.056	24.141	47.027
417.892	108.748	21.040	53.474
420.212	107.971	22.766	52.609
425.428	107.221	22.142	52.435
427.613	107.204	24.076	52.277
430.792	106.975	24.565	50.171
437.075	107.233	22.324	43.757
439.310	106.888	21.576	44.357
441.849	106.782	21.682	37.815
444.495	107.229	22.522	38.621
449.326	107.454	21.626	37.870
456.118	106.249	18.196	37.709
459.366	106.658	18.360	37.799
463.028	106.454	17.906	38.178
466.802	105.887	18.860	37.410
