679.000	214.000	91.000	74.000
675.972	214.337	88.299	75.718
672.721	214.638	88.729	76.241
670.143	215.528	88.259	76.507
667.015	216.783	87.882	75.864
663.534	217.987	89.603	76.173
659.743	219.114	90.469	75.920
657.184	220.683	90.156	76.792
655.477	223.230	87.888	75.350
651.153	223.293	90.525	75.670
649.941	220.827	89.784	77.354
640.823	219.626	93.689	76.736
637.791	213.787	88.574	79.341
633.469	208.408	90.180	79.619
628.328	204.224	89.435	76.666
623.714	197.809	88.710	75.106
620.162	190.182	86.251	75.223
615.948	183.637	84.141	72.113
611.620	178.123	83.249	72.339
609.436	174.925	81.880	70.209
606.626	176.475	82.586	68.032
604.851	177.589	84.376	67.036
604.839	178.936	84.495	67.713
604.976	181.950	85.745	67.658
606.865	186.174	86.144	68.151
610.015	191.046	86.714	68.834
613.965	195.996	90.871	70.118
619.468	203.868	95.073	70.043
626.313	205.676	92.539	71.362
643.442	206.619	83.787	73.632
645.424	207.249	92.875	74.524
654.187	206.355	94.136	76.818
664.205	206.064	93.737	74.662
672.308	202.924	87.115	75.060
674.453	202.220	92.891	74.041
679.255	198.487	90.513	75.639
683.137	195.901	88.048	75.325
685.198	193.300	85.608	74.171
687.716	192.651	83.021	74.095
688.194	192.515	81.882	73.492
688.170	194.670	81.073	70.442
688.235	194.755	80.790	69.885
687.095	195.503	81.709	71.191
685.302	197.403	83.075	71.876
682.803	198.238	81.534	72.261
679.350	201.479	83.583	71.932
674.781	203.840	86.194	71.778
670.175	206.718	84.159	71.400
656.899	212.262	88.096	69.869
644.836	220.508	77.208	66.612
632.181	223.357	81.610	65.497
610.396	226.200	83.957	64.537
602.592	227.685	76.827	66.093
570.849	231.022	85.379	63.176
542.914	228.867	91.636	64.579
528.417	227.456	88.397	63.375
518.831	222.642	81.764	68.844
514.190	218.630	74.434	74.299
466.362	203.731	96.064	71.521
469.960	197.328	89.361	70.797
475.810	195.245	88.018	73.407
480.785	189.772	86.524	78.064
485.008	188.263	85.760	77.283
488.004	188.829	86.984	75.322
489.356	186.794	85.960	79.509
490.804	185.248	86.869	79.288
493.447	185.535	86.467	78.072
494.492	183.755	87.693	82.090
494.575	183.891	88.054	82.694
494.845	183.736	87.324	84.047
495.536	183.447	85.922	82.421
492.821	184.981	87.841	83.531
491.937	185.710	86.695	79.683
489.850	185.779	85.031	80.999
484.922	190.234	83.435	73.183
478.239	194.544	82.695	62.795
526.505	211.128	81.417	64.539
539.366	213.300	73.461	62.648
548.601	218.921	74.721	57.096
561.204	220.074	74.672	56.741
571.273	220.688	75.896	56.813
578.128	220.852	78.238	58.419
584.284	220.078	79.634	60.861
590.610	220.959	81.911	61.065
598.282	221.798	78.728	60.875
604.557	223.529	77.340	59.679
608.846	224.400	75.414	60.233
613.835	224.655	70.990	60.432
615.251	224.586	69.581	59.993
616.044	224.020	69.103	59.478
615.935	223.130	70.110	58.860
615.841	221.510	70.415	58.696
616.229	219.348	70.406	58.196
617.093	215.828	69.871	57.358
616.352	213.217	72.333	56.320
620.825	209.118	70.378	56.203
623.096	204.263	68.035	54.801
625.898	200.756	68.327	53.746
626.719	196.116	70.592	52.492
627.486	193.223	71.277	52.704
629.106	193.007	70.216	52.758
631.200	193.816	69.289	52.446
633.631	194.124	68.726	53.788
636.968	195.082	68.834	57.904
639.498	199.641	70.107	57.330
643.378	204.702	71.009	56.326
647.300	206.087	76.510	61.753
651.260	210.273	75.753	61.151
655.455	217.489	79.255	63.236
660.887	219.294	79.997	63.509
672.081	219.003	75.677	65.028
674.317	220.260	75.111	63.782
675.138	220.765	78.574	63.035
675.424	221.110	76.659	60.033
674.736	221.013	76.056	59.751
673.484	221.168	74.089	59.608
669.638	221.161	74.557	59.789
664.872	222.584	74.377	59.022
661.446	221.743	70.620	60.954
659.317	220.905	69.009	62.135
651.479	222.480	74.019	61.052
651.134	221.963	71.674	62.071
648.934	222.027	73.619	62.359
649.228	220.698	72.880	63.950
649.585	219.492	74.312	63.034
653.420	217.332	71.192	64.828
654.846	213.045	71.072	68.260
656.059	210.496	70.428	68.658
656.665	205.858	71.305	68.684
656.431	202.820	73.148	68.933
657.834	199.135	71.317	70.798
659.099	199.464	70.723	66.845
657.998	200.423	70.873	64.315
657.452	200.647	71.620	64.435
656.296	202.169	72.353	65.123
655.822	204.827	71.333	64.791
652.914	206.744	72.918	65.875
649.165	209.620	74.324	64.458
648.527	212.357	72.097	66.277
645.696	214.194	72.819	65.186
644.231	216.250	73.431	64.219
643.996	218.119	72.652	63.283
643.603	219.397	73.358	62.539
643.232	219.547	74.272	62.883
642.996	220.237	75.540	62.583
643.734	219.993	75.495	63.030
644.435	220.160	75.120	62.096
645.366	218.904	76.175	63.447
646.503	218.055	83.110	64.521
649.460	216.403	83.318	64.899
649.830	216.689	84.742	64.175
653.013	215.601	83.145	66.400
655.181	214.768	81.090	66.737
657.299	214.902	79.726	67.269
657.108	215.337	78.955	67.621
656.463	216.336	79.175	67.140
654.936	217.546	79.290	66.217
651.870	218.139	80.945	67.600
648.026	220.190	82.928	67.639
644.789	222.425	83.586	66.990
638.107	225.790	77.749	64.047
630.718	226.583	79.673	64.590
623.226	228.413	78.992	64.908
614.960	230.190	73.968	63.841
605.703	232.119	76.699	61.208
594.990	231.791	79.655	61.110
587.123	231.227	78.748	59.478
580.464	229.748	76.437	58.649
574.393	228.147	74.183	57.439
571.165	227.650	71.778	56.352
568.371	226.705	70.989	56.679
566.407	226.868	70.569	55.579
566.222	227.745	68.859	53.410
565.352	228.525	70.395	52.730
565.400	228.078	70.565	53.570
565.068	227.728	71.219	53.497
565.280	227.923	70.769	53.109
564.818	228.468	71.452	52.844
565.063	228.189	71.207	53.266
565.630	228.929	70.419	52.641
566.308	229.280	70.356	52.529
567.035	229.446	69.948	52.535
567.162	229.852	70.177	51.783
567.701	229.983	69.521	52.013
567.575	230.328	69.410	51.718
567.814	230.704	68.799	51.454
567.624	231.014	69.030	51.521
567.048	230.165	69.669	52.612
566.401	230.392	69.762	52.204
566.115	230.258	69.779	52.394
566.367	230.225	69.638	52.428
566.632	229.886	69.590	52.852
566.357	230.085	69.677	52.548
567.382	229.680	69.029	53.001
567.652	229.852	69.331	52.687
568.076	229.954	68.818	52.528
567.541	229.832	68.889	52.384
567.581	229.358	69.471	52.490
567.769	230.080	69.453	51.516
568.526	229.933	67.721	51.676
568.820	230.490	67.006	50.548
568.939	230.819	66.281	49.937
568.369	230.448	67.201	50.662
567.243	230.083	68.706	51.020
566.863	228.879	69.494	52.151
567.513	228.698	69.161	52.207
567.785	229.164	69.172	51.939
567.541	229.238	69.119	52.032
567.746	230.030	69.006	51.072
568.538	230.304	67.841	51.146
569.151	230.513	67.358	51.115
569.162	230.213	66.935	51.470
568.936	229.879	66.970	51.693
568.251	230.013	67.983	50.925
569.084	227.022	70.637	52.658
570.152	227.545	69.225	52.667
570.110	228.295	68.830	53.105
570.178	228.951	68.856	52.507
570.324	228.290	68.755	52.530
569.849	227.554	68.719	53.311
569.352	227.367	70.464	52.552
569.692	226.990	70.051	52.073
569.966	226.414	70.407	52.731
569.434	226.807	71.950	52.695
571.042	227.419	70.264	53.505
571.635	228.171	69.180	52.708
571.632	228.821	68.846	52.695
572.055	229.458	68.060	52.044
572.705	229.321	67.719	52.243
572.705	229.521	67.490	51.929
573.217	229.270	66.564	52.443
573.448	229.100	65.931	52.613
573.053	229.410	66.952	52.202
572.166	229.032	68.852	51.649
570.838	227.710	69.997	52.592
570.469	226.651	69.925	53.867
569.972	226.590	70.307	54.249
569.618	226.385	69.103	53.983
569.623	227.872	68.948	54.904
568.228	228.898	69.830	54.804
567.909	230.028	69.391	54.257
568.466	229.712	69.173	55.108
568.839	229.924	69.010	55.240
568.544	229.960	69.562	55.323
567.880	229.917	69.817	55.499
567.719	230.129	69.717	55.497
567.877	230.056	69.404	56.152
567.909	229.911	68.304	57.120
567.935	230.559	69.368	57.072
568.117	230.109	68.669	58.061
568.444	230.541	68.937	57.319
568.291	230.537	68.496	57.823
568.306	230.261	68.165	57.956
567.962	230.292	68.373	57.628
567.962	230.044	68.282	57.547
567.751	229.909	68.754	56.969
567.427	229.075	68.274	57.698
567.299	228.969	68.981	56.760
567.145	228.559	69.051	56.570
566.909	228.135	69.390	56.652
566.317	227.895	70.276	56.174
566.601	228.585	69.644	55.817
565.461	227.461	69.115	55.081
567.100	227.562	70.367	54.798
564.839	228.078	71.687	52.839
564.496	227.242	71.595	53.292
565.406	227.393	70.640	53.351
565.402	227.267	70.640	53.206
565.068	226.747	69.833	53.411
565.043	226.600	69.356	52.924
564.542	226.516	69.279	52.772
575.234	227.868	68.406	50.814
574.472	227.597	69.130	52.646
574.852	228.433	68.916	52.905
573.976	228.066	69.457	53.887
573.542	229.236	70.423	52.671
573.778	228.874	70.501	52.649
571.891	227.826	70.160	54.648
571.999	228.697	69.954	53.930
571.566	228.521	70.676	54.436
572.432	228.409	71.903	54.828
572.848	227.688	71.791	55.781
573.491	228.012	70.965	55.434
572.207	228.829	72.163	53.932
571.924	227.361	72.627	54.158
573.105	227.773	69.190	54.275
572.948	228.383	68.487	52.944
573.424	228.412	67.416	52.556
574.569	227.498	67.705	52.868
575.374	227.372	67.475	53.027
575.347	227.303	68.264	53.124
575.324	227.324	68.290	53.092
575.248	227.117	68.938	53.043
575.076	226.513	69.192	53.601
575.477	226.468	68.981	53.589
575.709	226.852	69.249	52.780
576.008	226.600	69.026	53.377
575.906	226.883	69.082	53.116
575.666	226.600	69.934	53.582
576.017	226.613	70.178	53.710
575.357	226.920	71.610	53.663
574.853	227.828	71.764	54.422
574.987	228.589	70.412	53.547
578.113	229.036	67.108	53.617
579.829	228.591	65.011	54.664
581.162	229.020	63.588	54.795
581.091	228.790	63.824	55.249
580.628	228.379	64.168	55.640
580.641	228.497	64.132	55.906
580.058	227.904	64.758	56.563
579.658	227.741	65.384	56.353
579.586	227.771	65.460	56.287
578.920	227.291	65.864	56.767
578.652	226.596	65.591	56.577
574.924	226.600	69.122	55.785
575.295	227.269	71.064	53.995
575.129	227.374	73.419	53.774
573.981	227.368	72.599	54.903
573.638	225.788	71.914	56.353
574.381	225.612	70.955	55.499
574.135	225.679	71.092	55.126
574.023	225.602	71.236	55.240
574.064	225.827	71.449	54.871
573.744	225.512	72.058	55.121
573.636	225.584	72.199	54.317
573.279	225.172	72.379	54.450
573.458	225.368	72.279	54.270
572.701	225.903	72.621	54.257
572.013	225.760	73.636	52.677
574.740	226.906	69.966	51.390
572.195	226.373	70.554	52.180
572.105	226.476	70.734	52.855
573.145	226.928	68.718	52.703
573.053	226.755	68.331	52.921
573.425	226.820	66.355	53.557
574.026	226.667	64.878	54.259
573.841	226.747	64.323	54.272
573.510	226.756	64.620	54.755
573.433	227.278	64.151	54.718
572.612	227.632	64.214	54.494
571.328	227.202	65.586	55.345
570.357	227.299	66.423	55.585
569.954	227.065	66.844	56.315
569.443	226.773	67.446	56.726
569.406	227.135	67.438	56.426
569.294	227.164	68.379	56.568
569.132	226.950	67.621	56.929
568.931	227.242	68.643	56.346
569.110	226.973	68.416	56.443
569.017	226.675	68.782	56.562
569.202	226.471	68.940	56.556
569.612	226.582	68.789	56.325
569.658	226.631	68.435	55.636
569.384	226.053	68.449	55.727
569.106	225.513	69.207	55.847
568.924	225.121	69.913	55.789
569.239	224.984	69.507	55.804
569.004	224.984	69.846	55.536
569.286	225.020	69.529	55.351
569.515	224.881	69.265	55.505
569.234	224.810	69.649	55.546
569.379	225.374	69.748	55.222
569.548	225.349	69.733	55.307
569.024	224.990	70.603	55.696
568.742	225.051	71.131	55.716
569.325	225.479	70.440	55.319
569.031	226.351	70.319	53.345
567.936	225.852	71.848	53.593
567.946	224.173	71.566	55.552
567.895	225.202	72.398	54.514
567.423	225.568	71.379	54.212
567.189	224.875	72.528	54.329
566.562	224.725	72.495	54.300
565.628	224.266	73.174	53.114
567.365	224.276	69.364	51.879
570.190	224.737	66.026	52.128
564.950	222.193	70.288	54.049
565.931	221.242	69.265	54.765
563.241	222.468	70.309	52.439
563.555	221.078	69.856	52.558
562.802	220.646	70.139	52.809
561.417	219.434	70.334	54.426
562.372	218.614	68.565	52.746
562.391	217.039	68.970	52.218
562.526	216.153	69.168	51.625
562.321	215.027	69.302	50.645
562.506	213.782	68.599	50.176
563.128	213.149	68.341	49.960
563.638	213.198	67.587	49.340
564.904	213.021	66.081	50.398
566.024	212.694	65.774	51.729
566.395	212.042	65.335	53.503
566.914	212.737	65.066	53.390
567.677	211.349	64.048	55.262
567.794	210.969	64.627	55.450
568.742	209.543	63.105	56.029
568.148	208.843	63.533	55.820
568.033	206.787	63.694	57.313
568.199	203.925	64.375	59.591
568.893	203.331	64.458	58.876
570.059	202.163	63.560	59.429
571.686	200.914	62.367	59.399
572.069	200.256	62.572	58.787
573.664	199.315	60.464	57.568
574.742	200.053	60.184	56.275
576.304	201.807	58.671	55.156
577.005	201.812	57.710	56.602
575.441	205.143	57.672	56.886
572.977	209.334	60.532	59.874
571.041	214.516	61.754	60.159
569.253	218.723	63.926	61.650
565.907	223.936	64.877	62.861
562.140	229.433	63.957	62.570
555.007	237.085	63.963	62.759
544.432	242.009	68.789	60.099
536.292	245.700	70.524	56.913
536.130	248.677	62.648	53.310
524.883	248.672	67.897	52.853
506.688	247.603	72.667	50.023
505.379	245.961	66.544	49.292
504.318	245.384	62.455	45.041
501.892	244.048	60.424	46.068
501.723	242.456	58.514	47.264
498.533	241.680	60.919	48.634
500.126	240.843	60.836	50.687
503.201	242.011	60.789	50.018
504.310	240.824	62.999	52.553
505.423	240.414	67.417	54.589
506.021	240.542	68.579	56.648
507.185	241.332	65.176	56.458
508.037	240.885	63.816	56.862
507.194	241.886	64.695	55.558
504.693	240.934	64.206	55.290
497.410	240.821	67.009	52.400
494.990	238.042	68.059	52.936
491.609	235.242	67.173	52.649
489.516	232.603	66.275	53.127
488.288	231.643	67.410	50.775
488.225	230.015	67.149	50.469
489.578	229.835	66.776	50.154
490.852	230.048	66.744	50.370
492.040	229.975	67.373	51.052
494.342	230.174	67.189	51.204
495.479	229.897	67.846	51.923
498.206	229.734	66.753	52.982
499.742	229.135	67.217	53.685
501.862	228.268	66.906	54.987
504.607	227.065	66.106	56.681
508.268	226.468	63.594	57.996
513.866	225.036	59.311	62.705
516.749	223.647	55.427	64.850
516.895	224.810	53.135	63.554
516.618	224.130	50.653	63.420
510.998	223.515	55.835	61.092
506.739	222.532	60.052	54.443
503.225	220.373	63.800	53.516
501.081	216.356	66.080	54.384
502.009	213.710	65.328	54.987
504.379	211.007	64.183	56.764
509.531	201.440	60.263	62.128
515.143	198.199	54.077	70.069
526.790	196.994	43.681	74.659
430.570	210.850	71.941	60.700
435.381	215.077	75.175	59.893
454.389	220.507	68.260	57.725
463.640	223.807	68.751	54.165
477.259	225.249	63.593	54.272
492.305	226.814	57.845	53.698
575.607	204.312	57.076	55.402
592.506	207.978	64.630	50.697
607.411	208.017	66.825	51.619
620.791	208.927	64.040	57.466
630.985	211.529	62.833	59.814
641.228	214.806	63.537	59.877
675.669	218.606	59.270	62.847
688.310	222.345	62.094	62.803
702.942	220.553	67.165	63.444
718.188	219.288	71.230	64.337
732.358	219.209	69.942	64.263
746.344	217.287	77.856	62.587
760.647	217.814	78.151	60.938
772.874	216.256	78.590	61.450
784.578	214.089	77.447	63.132
793.651	216.741	78.592	59.004
804.002	215.860	77.472	60.904
809.883	217.911	77.779	61.867
812.506	220.990	76.178	61.365
813.123	223.458	75.464	61.205
811.578	227.496	76.356	59.577
808.437	230.644	73.519	60.736
804.305	234.380	69.258	58.282
799.098	237.730	66.549	57.375
792.057	240.437	61.189	56.558
785.521	242.388	55.584	57.064
773.874	247.372	52.974	54.264
765.531	247.267	45.342	58.119
749.403	241.085	46.353	66.178
670.745	189.573	61.726	43.284
673.663	190.018	60.887	45.764
672.838	196.220	62.679	45.761
671.777	197.507	63.401	49.313
668.984	199.192	64.348	51.229
662.801	200.181	65.873	53.383
656.387	200.734	65.213	53.756
646.386	202.512	67.607	52.687
636.789	204.194	69.610	51.229
627.146	200.188	71.178	53.251
617.991	198.745	71.493	51.996
605.516	189.182	72.527	57.160
597.296	190.223	72.549	52.336
589.110	187.787	72.396	50.995
578.325	186.903	73.312	46.361
574.297	185.562	69.120	44.063
567.265	185.595	68.968	42.481
554.753	185.754	70.310	40.810
547.308	185.984	68.676	43.224
539.316	187.604	67.995	43.810
533.222	189.580	62.892	45.813
531.614	193.632	62.526	47.469
530.862	200.774	64.483	49.911
534.988	204.050	64.435	53.285
541.228	211.184	64.236	52.518
552.807	215.589	59.978	56.019
561.574	218.954	64.610	53.547
589.257	225.707	61.574	52.751
610.329	222.055	58.217	62.614
614.260	187.137	73.666	69.267
602.993	188.437	73.223	67.660
589.348	191.679	77.712	65.396
569.192	196.251	73.236	67.939
566.673	200.291	67.772	68.056
568.547	203.992	58.591	64.174
572.860	205.475	51.744	62.811
580.386	207.688	44.775	59.320
589.522	209.512	38.139	57.209
595.253	211.606	33.393	55.538
598.646	213.925	30.963	53.652
599.440	216.854	30.912	53.276
594.235	217.173	36.429	49.283
589.019	212.467	38.661	54.840
580.549	207.273	42.200	61.395
570.961	206.827	46.577	62.467
559.575	206.782	51.355	63.472
543.163	205.674	61.032	66.288
528.711	203.421	67.829	65.797
519.738	199.996	70.733	66.661
515.720	192.259	70.607	70.622
513.726	187.932	76.277	69.679
517.061	182.192	82.719	68.586
522.093	175.507	91.561	67.533
553.488	170.930	89.471	63.006
576.202	163.629	75.617	64.994
613.640	151.768	68.976	65.929
643.851	117.894	73.470	82.465
682.838	115.321	72.553	62.798
714.037	127.526	96.191	76.963
745.610	137.535	76.472	72.596
785.258	146.550	68.874	63.064
814.294	151.281	66.510	58.728
832.776	152.283	69.890	63.169
839.180	152.149	79.385	65.939
838.812	153.923	83.422	63.310
833.191	158.750	86.973	59.349
815.759	160.192	91.798	60.305
794.361	164.005	87.595	55.997
769.924	166.041	72.880	55.545
730.013	164.623	68.180	51.657
703.255	164.654	72.052	52.535
668.780	155.425	68.375	53.473
481.407	124.663	97.292	58.137
485.509	131.135	99.441	59.599
486.041	150.415	98.838	49.325
505.856	133.558	81.953	64.327
460.203	135.234	106.394	66.773
440.658	130.083	107.554	67.464
413.190	141.254	114.276	63.221
375.900	149.639	77.600	61.853
345.163	157.920	87.086	55.029
334.883	159.594	81.153	56.861
315.049	159.936	78.020	58.335
308.882	160.750	76.053	58.528
297.036	163.654	75.847	58.652
287.447	164.628	78.823	60.881
283.891	165.949	84.216	61.651
285.578	165.963	91.779	64.498
292.016	166.239	99.717	66.131
307.326	166.450	94.693	66.693
330.432	165.677	91.043	68.893
346.808	162.427	93.253	69.465
382.693	160.195	88.210	70.416
412.988	156.511	89.436	71.609
444.844	152.994	81.204	75.661
481.555	146.547	73.158	67.898
521.037	152.504	76.952	77.873
569.658	109.803	81.226	83.941
592.827	108.692	81.853	80.939
615.891	124.029	93.820	88.038
656.564	144.884	80.287	85.786
680.099	147.358	69.606	83.104
716.201	162.647	72.311	84.676
730.231	171.336	80.963	81.850
737.166	178.658	89.212	80.015
760.673	182.234	76.994	78.785
765.331	190.921	83.416	71.748
768.233	195.975	84.152	66.475
763.512	200.083	88.473	61.765
759.589	204.931	86.529	57.925
756.226	208.375	82.196	55.039
752.263	210.023	78.474	53.510
745.166	209.991	74.790	53.219
740.105	209.806	76.352	54.046
737.055	210.321	75.774	55.066
734.903	210.607	79.059	57.016
737.861	212.403	81.163	58.286
742.358	213.095	83.136	60.140
756.920	215.362	82.048	61.313
769.637	215.756	83.785	61.974
791.099	213.218	84.300	63.066
816.000	206.382	86.890	67.789
843.537	191.906	94.215	69.331
862.402	175.629	88.646	76.965
879.535	158.766	79.741	75.468
892.400	138.213	67.153	77.546
902.764	124.704	55.723	77.280
910.856	111.521	47.698	71.087
915.217	96.835	43.522	67.962
917.072	91.249	42.380	63.197
915.490	86.102	43.278	67.106
914.226	86.666	45.114	65.059
911.073	94.255	47.829	61.661
906.860	92.568	51.454	64.079
900.090	100.717	57.681	63.955
889.643	112.960	68.247	72.892
874.333	123.877	80.643	79.488
856.228	141.937	94.651	74.785
837.666	164.249	92.273	80.766
815.630	186.596	93.224	75.594
798.381	201.314	93.011	73.705
774.250	219.243	80.429	67.130
764.304	223.059	77.852	65.342
749.182	227.703	73.701	63.890
741.484	226.000	66.551	65.044
735.664	222.540	62.188	64.091
732.877	217.924	59.249	63.297
730.568	210.584	57.016	64.972
727.665	206.640	54.485	60.531
728.075	202.122	52.144	61.758
728.729	202.179	51.329	60.779
729.260	201.547	51.214	62.660
728.789	200.965	53.336	67.846
727.327	206.648	58.330	70.239
725.897	213.684	64.641	67.658
722.551	219.970	70.927	68.564
720.233	228.518	75.062	66.160
717.540	235.400	76.171	63.322
718.497	240.377	73.763	63.006
717.204	242.688	73.862	61.401
716.009	241.928	67.805	61.648
715.600	239.908	65.217	61.731
717.187	237.163	61.728	62.507
717.624	233.825	60.320	59.214
718.215	232.476	61.097	58.853
720.202	230.691	61.893	60.052
725.225	229.942	60.022	61.534
730.894	230.126	58.085	62.984
738.867	230.594	57.044	65.956
740.614	230.914	61.655	66.750
744.066	233.387	63.709	66.250
746.936	233.644	67.354	67.996
748.513	236.937	68.819	65.055
748.388	239.678	69.833	61.532
747.605	240.649	70.324	59.819
745.647	240.208	70.880	59.308
741.468	238.190	71.661	58.994
737.430	236.124	71.404	59.026
731.253	232.950	72.251	58.584
728.842	230.135	71.254	59.447
724.279	227.355	73.296	59.555
721.596	224.905	76.596	59.659
720.736	222.715	79.218	58.456
720.643	221.664	81.280	58.259
721.736	221.532	82.115	58.630
723.456	220.949	82.379	59.374
725.529	221.043	82.964	60.240
726.495	221.647	83.191	60.791
727.012	222.936	83.040	60.753
727.167	223.081	83.531	61.916
726.827	222.898	83.556	64.159
726.522	223.658	83.224	64.087
725.500	224.304	82.893	63.586
723.911	225.224	83.208	62.502
722.975	225.712	81.868	61.963
721.914	225.818	80.705	62.197
720.026	225.970	81.375	62.178
719.037	225.277	81.053	62.768
717.350	224.323	81.694	62.895
715.869	223.434	82.405	62.962
714.537	222.802	82.687	63.235
713.620	222.017	82.442	63.271
712.329	221.349	83.442	63.217
710.574	221.171	84.755	63.039
709.745	220.658	84.529	63.612
709.296	220.485	84.879	64.031
709.406	220.434	84.989	63.191
708.688	220.016	85.017	64.148
708.695	219.895	84.837	64.107
708.365	219.378	85.802	64.780
707.935	219.110	86.039	65.092
707.378	219.129	86.297	65.210
707.293	219.062	86.033	65.354
706.995	219.104	86.157	65.206
707.413	219.294	85.612	64.762
707.020	218.761	86.305	65.397
706.479	218.874	86.429	65.504
706.349	219.164	86.318	64.717
706.250	219.005	86.308	65.051
705.523	219.253	86.744	65.300
706.314	218.874	85.978	65.361
706.208	219.253	85.088	65.229
705.746	219.278	85.877	64.994
706.555	219.580	85.531	64.335
706.704	219.710	85.338	64.202
706.305	219.661	86.559	64.502
706.250	218.670	86.483	65.104
706.791	218.146	88.165	65.588
706.777	217.457	88.349	66.421
706.881	216.717	89.138	67.162
707.826	216.280	88.274	67.631
708.163	216.238	87.875	67.248
708.326	216.018	87.364	67.115
708.228	215.934	87.765	66.875
708.314	215.923	87.205	66.024
707.429	215.926	88.222	65.773
707.394	216.358	88.375	64.947
707.808	216.011	88.640	65.157
710.252	214.683	85.582	66.913
710.808	216.964	85.676	63.986
711.178	217.636	83.926	62.972
708.981	215.630	86.426	65.338
707.402	216.697	87.681	64.144
708.708	217.258	86.261	64.052
709.147	217.871	83.295	63.970
709.785	218.336	84.439	63.467
710.369	217.597	83.410	64.172
709.458	217.763	85.122	64.491
709.514	216.670	87.193	66.003
710.194	216.279	86.229	66.206
709.878	215.904	86.489	66.431
709.457	214.930	86.368	67.140
708.603	215.237	87.870	65.715
707.659	215.086	88.745	65.819
705.613	213.580	93.387	67.081
711.505	213.336	84.584	67.368
708.662	215.218	86.767	65.304
704.227	211.310	90.917	69.279
704.314	208.983	91.366	71.506
704.150	208.979	91.368	71.270
704.971	208.781	90.158	71.952
704.627	208.470	90.550	72.538
704.697	208.944	91.158	73.158
704.684	209.494	91.444	72.963
704.457	209.415	92.670	73.511
704.173	209.978	93.456	73.401
704.349	211.654	92.045	71.351
706.922	212.431	87.782	69.559
707.603	215.110	86.869	66.361
709.080	215.660	85.511	66.077
707.489	214.127	86.901	68.195
706.021	214.103	91.143	67.777
706.546	213.054	91.217	68.303
706.189	212.373	92.663	68.305
706.168	211.187	92.481	69.530
709.753	208.595	87.397	71.712
708.679	212.945	87.712	65.942
707.301	211.338	88.754	66.699
707.026	208.674	92.236	67.971
707.365	207.898	91.875	67.144
706.884	207.039	93.006	67.309
706.362	206.337	93.064	67.395
706.047	206.506	92.599	67.568
705.040	206.511	92.768	67.735
704.132	206.421	92.798	68.214
703.115	207.029	92.546	67.576
701.948	207.363	91.951	67.702
701.717	207.545	91.645	67.614
701.201	207.851	89.596	67.924
701.116	208.158	88.239	69.110
700.337	208.655	88.905	69.322
700.058	209.625	88.107	68.532
698.892	209.895	88.359	68.835
698.818	211.189	88.144	67.674
699.200	211.837	86.905	67.382
698.649	211.647	85.114	66.908
698.567	211.396	84.487	66.689
698.421	211.589	82.949	66.728
697.656	212.380	80.852	65.758
697.391	213.205	80.067	65.514
697.421	213.975	79.680	64.197
697.311	214.208	79.523	64.101
696.733	214.481	80.215	63.954
696.148	214.804	80.838	64.372
696.096	214.802	80.926	64.830
695.251	214.871	81.394	64.803
694.569	214.947	81.014	64.545
693.810	215.830	80.345	63.675
693.334	215.974	78.719	63.656
692.696	215.711	76.415	63.158
693.119	216.357	74.142	62.096
693.485	216.183	73.704	61.434
694.276	215.963	73.007	61.199
695.155	215.082	73.263	62.070
696.061	215.366	75.571	61.936
698.448	215.316	74.871	62.615
700.257	214.888	75.100	64.043
702.552	215.095	74.265	64.920
705.511	215.915	73.540	64.517
709.459	215.718	71.692	63.326
712.398	214.703	70.134	61.883
714.656	213.807	69.164	60.726
716.014	211.325	68.832	59.634
717.207	207.093	67.838	60.617
717.815	205.838	66.551	59.044
722.397	200.115	61.148	60.221
722.919	196.189	59.033	58.904
719.319	191.704	59.541	57.008
708.572	184.180	65.844	59.824
699.119	176.189	69.212	60.601
686.768	163.904	68.581	59.814
544.818	199.590	79.230	64.111
541.943	202.391	83.175	65.686
540.189	204.081	83.513	64.745
542.784	204.415	79.735	66.505
545.349	204.968	76.073	65.824
547.733	206.951	73.984	62.942
549.774	208.045	71.159	61.436
550.261	208.293	70.940	61.222
550.996	207.766	70.182	62.895
550.522	206.321	69.245	65.126
550.555	206.194	68.582	65.281
550.308	205.704	68.615	65.223
550.217	205.533	69.023	64.970
549.942	204.983	68.806	65.436
549.850	205.077	68.514	64.133
549.644	203.342	68.604	65.346
550.190	202.608	68.099	65.593
550.642	201.535	68.204	66.523
551.566	200.406	67.209	67.070
552.423	201.496	67.310	65.560
553.164	201.887	68.553	64.828
554.846	202.696	68.217	63.775
557.221	203.828	70.343	62.679
561.315	204.067	70.866	63.514
564.013	203.751	71.879	64.218
567.144	203.234	71.164	64.795
569.242	204.050	72.803	63.548
572.373	203.386	71.144	64.369
578.680	202.109	72.944	65.955
581.601	200.682	69.895	67.566
585.221	201.527	69.607	66.343
589.193	203.833	70.308	61.785
593.546	205.153	72.223	59.543
596.821	197.888	69.037	62.706
599.045	193.569	68.235	64.630
601.620	194.271	66.458	62.276
604.162	193.612	62.814	63.073
605.038	193.025	62.492	62.973
605.721	195.600	61.928	61.448
605.037	194.645	62.296	64.739
602.717	196.080	64.423	63.808
601.883	195.939	65.998	62.770
600.727	195.864	64.950	63.344
599.766	196.232	62.893	62.471
599.374	197.756	62.775	60.825
598.546	199.667	64.019	60.101
598.440	199.915	64.479	61.906
598.827	201.583	65.733	63.938
599.538	201.535	65.466	64.754
602.605	201.225	59.709	68.398
606.136	202.241	53.768	72.402
608.123	204.306	52.020	72.207
607.277	208.896	53.918	69.555
604.108	212.478	60.304	66.436
602.515	211.380	62.799	64.457
601.547	217.390	62.924	62.298
600.103	214.915	68.691	64.859
600.341	216.936	68.447	64.128
599.174	217.636	69.354	63.219
600.989	218.226	70.942	63.394
600.670	218.928	72.515	62.038
601.037	219.680	70.691	60.689
601.890	220.163	71.417	58.737
603.291	221.274	70.954	57.243
603.899	221.673	70.426	56.210
603.821	222.052	70.621	55.469
604.174	221.697	69.898	55.372
604.098	221.523	69.856	55.595
602.799	221.718	71.016	56.035
602.263	220.956	71.642	57.263
602.363	220.632	71.387	58.342
601.844	222.095	71.332	57.074
600.127	218.742	67.358	59.215
600.753	220.412	70.004	62.110
600.060	215.143	67.916	66.241
601.367	217.181	63.541	63.449
600.784	216.891	64.357	63.046
600.634	217.022	66.586	62.791
600.374	216.063	69.510	63.170
600.918	216.545	70.868	62.388
601.551	217.227	68.768	62.247
602.381	217.425	70.365	62.779
600.917	216.686	72.057	63.206
601.301	216.848	69.380	62.814
602.280	217.516	71.764	61.938
605.990	216.749	66.516	62.683
608.238	217.472	63.633	60.818
610.413	216.883	59.877	63.797
614.323	215.249	54.847	65.682
615.027	217.000	53.636	67.708
616.197	217.890	52.796	65.697
615.494	218.037	56.309	65.421
614.185	217.160	61.384	66.422
612.287	219.427	63.248	64.534
612.314	218.377	63.255	64.807
612.319	218.544	62.940	64.753
613.144	217.759	62.753	64.582
613.733	217.938	59.561	64.043
618.061	215.372	54.259	64.301
618.334	215.873	54.259	63.632
617.853	216.548	56.005	61.850
616.281	215.757	57.898	61.788
615.916	216.934	59.266	62.101
614.940	218.591	62.911	62.128
614.724	219.373	64.061	61.861
614.893	219.397	62.968	62.211
614.554	219.097	63.446	62.553
614.851	220.228	62.977	61.380
614.560	219.754	63.793	61.823
614.513	220.721	63.154	60.857
614.310	218.450	64.308	62.673
613.740	220.216	64.303	61.014
613.488	217.821	65.234	62.924
613.186	218.102	66.270	62.832
613.323	218.445	65.534	62.400
612.936	218.620	66.057	62.774
613.085	217.986	65.927	63.362
613.000	218.445	65.568	62.524
612.410	219.006	68.636	62.473
611.908	217.663	67.101	63.437
