855.000	286.000	101.000	83.000
847.375	286.592	105.197	76.604
842.741	286.187	103.726	74.820
838.430	284.219	105.187	75.174
833.938	283.274	106.870	75.674
829.919	283.525	107.367	75.115
827.140	282.817	105.468	74.980
823.645	280.158	103.555	76.214
819.102	277.192	102.002	75.552
814.461	275.010	100.465	74.933
813.488	273.504	96.090	74.597
810.955	272.265	94.744	74.672
806.870	270.611	95.985	74.875
803.534	270.125	97.276	75.062
801.834	270.119	96.207	73.849
802.565	269.939	96.468	72.763
802.803	267.239	94.663	75.202
802.112	266.079	94.240	74.287
798.419	265.125	97.328	71.986
797.401	264.111	97.579	70.564
798.446	262.778	96.846	70.058
801.099	261.722	95.999	69.900
800.652	261.377	96.504	66.591
801.897	259.404	95.103	65.438
802.874	258.481	93.976	63.689
802.184	257.965	94.547	61.715
803.880	258.739	93.289	58.198
805.975	257.691	92.770	59.285
806.601	257.628	91.488	56.886
806.720	256.411	89.668	57.102
806.794	255.736	88.202	56.377
807.080	254.326	86.542	57.160
805.011	253.005	85.945	57.199
802.598	251.030	85.843	56.620
801.839	250.630	83.308	55.003
800.539	248.793	79.989	55.517
799.151	248.132	77.829	54.141
793.189	247.824	79.836	52.235
782.695	246.504	83.118	51.954
775.272	244.595	85.053	53.795
768.190	243.590	85.567	54.115
759.220	242.740	85.666	54.495
750.544	241.095	85.612	56.111
739.441	238.452	88.758	56.269
728.724	236.948	93.542	56.635
726.811	234.701	84.969	56.782
712.736	232.353	87.353	59.236
702.983	230.377	91.346	61.744
694.467	229.367	90.689	62.845
690.111	229.149	88.543	62.585
684.641	229.221	88.951	61.489
679.948	228.266	88.413	61.543
673.156	226.826	90.183	61.356
664.935	224.447	93.131	62.148
662.284	223.757	92.140	61.792
659.667	222.882	90.054	61.913
658.203	222.378	87.025	62.134
654.215	221.840	87.051	62.342
647.435	220.328	89.468	61.789
643.184	219.335	88.847	60.591
640.312	217.921	86.039	60.338
637.731	216.870	85.132	58.743
635.510	215.271	83.776	59.635
632.082	212.522	83.550	60.273
630.492	209.569	82.824	62.359
628.778	207.384	82.328	63.374
626.187	206.071	83.476	62.564
624.367	203.351	83.211	63.607
621.373	201.559	85.772	60.391
620.597	198.807	84.949	60.689
619.068	199.121	84.394	57.965
618.504	197.871	82.331	58.232
617.253	197.925	83.796	57.347
615.202	196.150	82.623	56.840
613.743	196.379	82.463	55.414
607.740	194.813	85.619	56.827
604.620	194.744	84.206	55.952
603.759	194.139	81.911	53.811
592.649	190.716	88.435	56.242
592.830	190.631	84.435	54.508
589.815	190.499	83.249	54.064
584.021	189.560	85.245	53.707
579.345	188.278	86.317	55.993
573.214	186.275	86.541	57.091
567.458	185.316	87.943	56.342
560.368	183.712	89.678	56.120
558.537	183.436	85.573	54.884
549.953	181.934	89.584	54.092
546.868	180.029	87.221	53.322
538.442	180.497	92.043	49.791
537.072	179.198	90.094	51.462
533.649	178.387	88.654	51.313
529.044	176.146	86.402	52.467
523.082	173.880	82.518	53.268
521.357	173.099	82.197	53.908
520.117	173.393	80.893	54.735
517.088	172.186	81.788	54.362
514.047	172.130	81.727	53.910
510.840	169.743	81.029	53.110
507.415	168.190	80.108	52.470
504.340	166.689	79.735	53.705
501.744	165.184	80.599	54.017
499.831	163.553	80.227	54.150
500.361	159.903	76.830	54.187
498.823	159.093	78.298	53.888
498.088	157.944	77.175	54.934
499.197	157.519	76.331	54.000
498.763	156.426	75.955	54.021
496.240	156.152	77.050	51.566
497.077	155.930	73.035	52.341
496.751	155.920	73.037	52.573
494.128	154.540	74.489	51.598
494.458	154.183	71.477	52.451
490.941	152.478	71.505	52.561
487.948	151.486	73.055	55.974
486.424	150.631	72.592	57.092
483.936	150.684	72.438	57.701
483.158	149.876	70.981	57.401
478.438	148.388	69.614	56.244
475.175	148.517	71.501	54.435
471.605	146.753	69.732	53.836
469.936	146.887	70.875	53.789
467.352	146.105	69.809	52.594
459.575	145.075	73.362	50.324
458.182	144.410	71.614	50.122
459.479	143.004	67.328	48.982
457.557	142.356	65.706	48.423
454.507	142.345	65.267	49.298
453.553	140.699	63.877	49.137
453.023	139.954	63.435	48.599
450.556	138.798	63.538	47.069
449.760	137.678	63.959	43.976
442.753	135.897	69.844	46.893
447.329	135.903	64.699	47.685
445.556	134.837	66.092	51.874
444.592	133.485	63.651	55.964
442.576	133.084	65.623	58.364
439.241	131.730	67.702	57.783
440.147	132.153	67.461	57.562
439.295	130.843	67.790	56.610
439.817	130.990	67.995	57.056
440.952	130.825	69.148	57.561
442.197	129.986	69.540	59.455
442.880	128.727	69.734	62.088
440.706	127.890	70.432	61.881
438.994	127.229	72.867	61.419
438.040	125.794	73.098	60.036
439.061	124.190	71.727	61.101
438.214	121.714	70.822	62.610
435.141	121.116	71.811	61.659
434.305	120.325	70.714	61.578
434.326	120.583	69.172	58.944
433.143	120.996	68.433	56.922
431.496	120.862	69.079	58.986
425.643	120.165	72.603	58.069
419.343	118.636	72.279	58.180
416.445	118.683	68.208	57.102
413.146	118.248	70.771	56.930
409.460	118.680	69.020	53.331
404.098	118.437	70.350	55.708
399.609	116.519	68.946	56.404
394.984	114.499	67.285	55.900
386.215	112.686	70.139	55.161
377.049	109.097	71.449	55.594
374.447	108.382	73.634	56.468
373.182	107.440	71.820	55.867
369.888	105.943	70.548	54.570
370.453	104.828	70.418	58.572
364.737	103.542	73.704	58.347
362.701	102.518	74.115	59.216
361.605	101.899	73.645	58.457
361.449	102.920	70.446	60.988
364.453	104.092	69.238	60.370
359.426	104.552	70.749	58.920
359.038	103.085	71.172	58.097
357.794	100.433	69.043	58.105
354.431	98.394	70.138	56.900
350.801	97.601	72.301	59.600
353.148	97.534	67.904	58.315
351.943	97.634	68.798	56.734
350.837	96.177	68.325	58.670
348.780	95.177	71.257	60.158
352.502	94.604	69.686	57.826
347.700	92.515	71.495	59.820
349.569	91.334	68.728	57.897
347.709	90.325	67.730	56.272
346.721	90.654	65.968	56.184
345.652	90.921	65.918	55.668
344.445	90.598	64.477	56.182
341.601	90.170	64.609	55.307
337.990	89.265	64.877	55.648
334.181	87.606	66.504	55.586
329.851	86.362	64.548	56.069
324.849	86.654	67.626	55.164
321.052	87.322	70.084	56.924
320.707	89.158	67.820	56.608
316.768	90.096	68.769	54.816
312.378	88.202	64.949	56.717
307.613	87.047	64.867	55.500
300.369	83.169	63.411	55.985
297.429	81.818	67.236	55.859
296.372	80.170	64.644	55.638
297.565	79.973	62.949	53.245
294.270	77.854	57.518	53.516
289.664	76.539	56.577	50.416
285.460	76.881	56.495	50.571
283.480	75.769	55.961	50.139
281.759	74.826	55.280	50.342
278.735	74.150	56.788	50.439
271.040	71.150	62.459	50.569
265.223	69.063	62.987	48.516
267.601	67.039	56.173	49.286
263.908	65.428	58.698	49.738
263.332	65.988	55.050	50.065
262.097	64.342	54.974	51.412
259.573	67.104	56.152	48.841
259.955	68.511	55.749	48.618
262.076	68.991	55.547	48.226
260.879	68.307	55.984	48.696
256.949	63.987	60.519	52.133
261.047	63.417	52.630	51.612
259.323	60.875	55.555	52.176
259.980	59.324	53.933	53.168
259.246	59.844	54.810	51.851
257.514	60.158	57.638	51.762
255.666	62.408	56.336	49.809
253.779	62.857	56.794	50.438
249.347	63.168	59.345	50.448
244.232	61.992	58.534	51.585
239.096	59.746	58.905	52.657
233.125	58.007	58.196	52.012
227.951	54.471	59.536	52.172
222.937	53.348	59.209	49.893
218.961	54.030	62.082	49.382
220.388	55.594	58.776	50.043
220.899	56.450	57.038	51.588
218.294	55.566	58.633	51.443
210.548	56.308	57.780	49.710
206.785	56.380	56.860	50.962
200.924	56.682	56.067	50.033
196.891	57.114	59.383	49.846
195.756	57.878	55.311	48.258
194.092	57.502	54.248	50.233
191.901	57.619	55.756	50.983
191.853	58.049	54.776	49.962
192.869	62.895	59.874	49.042
192.663	64.042	53.055	50.978
195.215	63.621	55.759	51.449
193.425	63.934	55.613	50.533
186.527	64.079	59.918	50.489
182.961	63.606	60.676	52.483
184.064	63.239	58.060	54.611
182.394	65.631	57.600	51.286
184.577	64.012	55.170	54.659
198.603	64.637	50.645	52.340
200.005	62.000	52.831	51.802
200.210	63.399	56.397	52.785
201.358	65.274	58.433	53.058
202.300	64.830	61.626	53.890
193.502	64.450	69.263	53.265
189.139	62.959	72.521	52.439
184.864	61.588	73.535	53.906
184.598	62.219	71.746	54.535
187.223	62.974	71.917	54.190
186.456	61.031	72.132	52.349
191.953	60.504	65.932	53.809
185.885	58.240	70.587	52.180
191.810	60.953	65.631	50.738
188.963	58.509	69.719	51.017
193.785	59.145	57.576	50.699
190.417	59.136	57.167	48.608
187.717	58.266	55.315	48.862
184.599	58.363	57.930	43.263
179.588	54.179	60.938	48.413
176.323	54.954	57.698	46.961
174.627	54.426	55.949	46.085
171.234	55.093	56.001	46.413
166.221	55.597	57.634	46.201
164.426	55.525	59.188	47.128
155.841	54.754	61.986	44.654
154.586	54.245	58.796	46.084
149.197	54.552	64.404	46.771
142.510	52.313	66.301	51.763
139.981	50.419	70.838	54.029
135.962	53.278	68.401	52.938
140.652	52.783	69.720	53.145
131.679	52.560	73.635	55.406
124.892	51.683	71.067	58.120
152.242	195.180	72.000	14.793
153.629	189.481	64.831	53.068
140.016	183.557	86.479	61.731
137.467	172.729	86.398	73.380
137.721	177.781	86.819	67.778
139.102	174.127	90.058	68.963
146.729	182.983	83.165	65.528
0.000	217.577	53.624	88.309
0.000	240.924	49.857	74.874
1.449	242.809	43.396	74.909
0.827	246.737	40.306	66.191
0.000	242.924	40.750	65.162
0.000	237.746	38.835	70.086
0.000	228.941	44.146	69.390
0.000	215.685	66.626	79.051
0.523	305.520	78.668	74.777
0.497	311.995	79.851	83.442
0.000	313.132	79.936	90.453
0.000	313.828	80.651	91.798
1.070	314.029	83.205	92.555
0.000	312.599	77.162	87.916
1.125	307.173	80.484	90.953
0.000	305.804	84.950	87.971
0.006	303.219	88.981	87.239
0.571	302.717	93.117	86.907
0.000	300.858	92.392	87.583
0.000	298.351	84.393	90.595
0.000	291.759	74.673	91.158
0.000	292.120	69.085	90.658
0.000	294.549	58.296	89.127
0.000	296.081	52.974	77.949
0.000	284.719	64.671	83.740
0.000	277.728	92.377	85.930
42.866	146.663	88.191	69.834
44.756	150.036	82.954	59.596
46.272	152.211	77.994	55.800
41.387	156.153	85.250	62.556
40.659	162.042	89.339	71.004
43.879	160.127	92.019	66.942
42.266	157.573	101.841	67.661
40.531	157.777	102.084	64.836
61.149	156.124	88.783	70.587
65.288	157.707	82.104	55.669
68.428	145.689	75.814	59.366
70.411	143.881	71.252	53.702
60.940	142.614	78.545	54.061
61.363	141.852	72.400	54.825
64.112	139.811	69.157	56.416
57.652	138.629	69.475	54.962
68.025	136.739	76.223	55.598
0.000	152.742	67.684	62.314
0.379	145.508	71.992	65.912
0.000	138.845	68.469	67.928
0.000	134.742	75.216	66.843
1.404	139.042	62.720	65.892
1.186	137.635	73.000	66.148
1.123	136.104	80.617	66.879
1.220	135.695	80.791	70.168
0.640	131.366	66.568	73.088
0.929	126.216	62.725	72.262
0.000	129.179	55.676	68.966
0.000	130.250	57.802	73.317
0.000	124.709	45.790	68.839
0.140	126.799	45.172	69.613
0.228	117.138	38.388	60.900
1.477	115.310	33.178	54.704
1.087	111.603	32.479	49.040
0.953	111.560	30.527	45.277
0.272	114.209	29.013	50.605
0.000	112.704	28.394	49.299
0.000	112.566	30.044	49.651
0.000	113.869	50.597	65.918
