285.000	363.000	32.000	36.000
286.871	360.412	29.780	39.061
289.468	359.378	29.458	39.142
291.086	358.676	29.547	38.533
292.926	356.306	29.104	39.466
294.546	353.065	29.226	40.175
296.366	350.674	29.072	40.145
297.978	349.120	29.391	38.699
299.648	346.899	29.193	38.247
301.132	344.373	29.328	38.913
303.357	344.548	29.073	36.950
305.234	344.185	28.735	36.127
307.014	343.476	28.825	35.943
308.493	342.579	29.178	36.030
310.015	341.884	29.741	36.232
311.387	340.102	29.445	37.106
313.005	338.468	29.708	37.118
315.399	336.664	28.685	37.188
317.323	333.785	28.477	37.559
319.878	331.768	27.586	37.796
322.272	329.629	27.605	38.134
324.116	328.139	27.252	37.512
326.297	327.334	26.903	37.183
327.942	327.633	26.609	37.218
329.803	326.183	26.433	37.405
331.775	325.209	26.018	37.722
333.435	324.317	26.217	37.437
334.956	321.720	26.217	38.373
336.254	319.431	25.973	38.170
337.689	317.973	25.536	37.874
338.998	315.588	25.521	37.132
339.990	313.352	25.068	37.037
341.341	311.827	25.514	36.977
342.180	312.549	26.106	35.738
343.512	310.974	26.191	35.868
344.802	310.616	26.529	35.639
346.180	310.347	26.614	35.647
348.260	309.248	26.056	35.577
350.266	308.318	26.231	35.290
351.823	306.560	26.867	35.434
353.137	304.320	27.369	35.428
355.351	302.114	27.106	35.858
357.108	299.937	27.298	36.220
359.490	298.250	27.294	36.826
362.228	299.994	26.870	35.065
364.138	298.655	26.921	35.021
365.527	298.867	27.758	34.829
367.492	297.325	28.064	35.198
368.472	296.112	28.208	36.145
370.501	293.249	27.113	36.464
372.123	291.582	27.321	35.265
373.364	289.077	27.090	35.132
374.751	287.089	26.520	34.282
376.022	285.931	26.591	34.101
377.345	284.997	26.342	34.539
378.543	284.319	26.552	33.554
379.650	285.261	26.076	32.596
381.064	283.906	25.737	33.423
381.950	283.148	25.626	33.227
382.581	282.658	26.594	33.152
384.340	281.702	25.658	32.963
385.971	279.798	25.945	33.731
387.218	278.276	26.336	33.735
388.867	277.331	26.740	32.736
391.489	275.436	25.447	33.575
392.758	274.814	25.773	33.196
394.282	273.872	26.199	32.875
395.640	273.144	26.887	32.522
395.948	273.481	28.205	31.785
398.634	271.835	26.973	33.004
399.785	271.866	27.345	32.686
401.693	269.566	26.759	33.104
403.305	267.578	26.310	33.453
404.664	265.995	26.604	33.681
406.256	263.782	26.433	32.470
407.596	262.092	25.730	31.872
408.796	261.180	25.734	32.735
410.356	259.594	25.718	32.230
411.809	260.033	25.340	32.527
412.984	259.253	25.210	31.825
414.124	261.112	26.052	30.598
416.010	259.891	25.100	31.927
417.110	259.117	25.208	31.557
419.034	257.246	25.047	31.939
420.592	255.385	25.236	31.960
422.237	253.522	25.696	31.116
423.723	251.533	25.628	31.900
425.083	249.982	25.918	32.954
426.917	249.101	25.306	32.737
429.360	251.171	24.733	31.260
429.209	250.670	26.443	31.438
432.117	250.534	24.573	30.604
433.382	248.961	24.455	32.143
435.371	248.357	24.085	32.262
437.079	245.102	23.717	33.329
439.053	244.269	22.639	32.588
440.591	242.360	22.942	31.952
441.412	240.949	22.614	30.740
443.040	239.884	22.153	30.380
444.236	237.936	23.122	32.046
445.238	237.218	23.851	30.737
446.130	238.207	23.922	30.488
447.567	237.884	23.844	30.201
448.474	237.908	24.269	30.245
449.910	237.268	24.633	29.996
451.605	235.483	24.428	31.228
453.179	234.824	24.590	29.466
454.691	232.767	24.181	30.118
455.308	230.722	25.020	32.028
456.830	229.182	25.297	31.384
458.010	228.792	25.789	30.337
460.798	228.808	24.880	30.728
462.468	228.107	24.588	31.280
463.795	228.334	24.959	30.318
465.298	227.184	25.147	30.845
465.731	226.355	25.921	30.662
467.021	223.837	25.435	31.358
469.022	223.675	24.426	31.060
469.976	221.441	23.995	30.624
470.759	219.491	24.280	29.802
471.851	218.587	23.447	29.676
472.349	217.433	23.981	29.649
474.003	217.262	22.691	29.174
474.957	217.400	22.898	28.983
475.879	218.719	22.822	28.405
476.827	217.847	22.792	28.129
477.825	217.441	22.519	28.763
478.827	217.170	22.449	27.652
480.194	214.626	21.922	28.932
481.059	212.913	22.235	29.448
480.542	211.961	23.811	29.247
483.900	210.695	22.757	28.961
484.358	210.865	23.190	28.050
487.072	209.999	22.594	28.405
488.157	211.413	22.874	27.984
490.047	210.663	22.647	27.977
490.758	210.051	24.673	27.591
492.303	208.480	23.314	28.640
494.124	207.527	22.901	27.883
494.663	204.126	23.148	29.234
495.921	205.463	22.855	26.450
497.202	203.442	22.131	27.343
498.421	202.279	22.323	26.824
499.641	202.173	21.576	26.251
500.587	200.533	21.195	27.140
501.851	199.922	21.473	27.793
502.804	198.464	21.138	28.228
504.414	198.809	21.156	27.740
504.327	198.863	22.534	28.053
505.019	198.051	23.237	27.949
505.440	196.368	24.013	28.590
506.524	195.959	24.171	28.161
507.079	193.727	24.926	28.867
508.771	192.478	24.634	28.187
510.099	192.169	24.535	27.332
511.050	190.483	24.560	28.417
511.936	191.127	25.284	28.496
514.021	192.417	24.243	27.370
515.544	191.589	23.656	27.542
516.677	188.525	23.617	29.860
517.606	188.377	23.670	29.186
518.889	187.834	23.414	28.197
518.457	186.847	24.037	27.723
496.166	180.895	33.204	40.479
467.302	180.167	33.995	37.276
449.938	168.585	35.532	41.494
426.594	164.701	38.049	50.320
403.547	153.492	40.474	61.443
375.517	132.914	49.319	81.482
377.117	171.222	34.495	50.502
387.887	177.050	29.791	34.428
390.712	180.523	24.267	29.187
394.484	180.359	23.215	26.388
392.680	179.662	23.661	25.412
394.004	178.089	24.106	26.894
395.049	176.913	23.217	27.118
395.613	175.538	23.746	26.307
396.751	176.852	23.477	26.020
398.254	176.940	23.493	25.873
399.690	175.259	22.527	26.421
400.767	175.679	22.863	25.399
401.231	173.635	22.228	27.405
402.538	173.627	22.376	25.680
403.809	172.311	21.728	25.943
403.564	171.431	22.309	25.968
405.047	170.075	21.689	25.464
404.845	168.860	22.040	25.337
406.300	168.609	22.098	24.253
405.958	167.503	22.692	25.605
407.735	166.572	22.114	25.636
407.549	166.677	22.887	26.589
408.638	168.184	22.784	24.560
409.047	165.944	23.491	25.799
410.613	165.212	23.320	26.100
410.940	165.592	24.400	25.187
412.984	165.282	23.722	24.308
413.744	162.694	23.030	25.037
412.820	161.736	24.371	24.731
415.009	159.796	23.318	25.554
415.896	160.190	23.234	24.893
416.674	159.495	22.627	24.576
417.414	159.312	22.919	26.870
418.344	159.067	23.026	26.778
418.456	159.536	22.955	26.673
419.411	158.885	22.504	26.600
421.392	158.936	21.790	25.360
421.576	156.930	21.787	25.173
423.533	154.178	20.191	26.105
424.504	154.460	20.276	25.264
422.378	152.563	21.918	25.749
423.690	152.547	21.708	24.959
425.566	153.800	19.739	23.942
426.004	153.153	19.979	25.235
425.877	153.676	20.532	24.968
426.967	152.011	20.053	25.605
426.864	152.801	20.938	23.451
427.122	152.314	20.907	23.774
427.317	151.330	21.804	23.989
427.750	149.616	22.470	24.719
429.598	148.080	21.775	25.118
429.911	148.797	22.051	23.891
430.765	146.535	22.142	25.339
431.075	146.219	22.726	24.934
432.662	145.763	22.340	25.669
433.004	145.858	22.164	25.071
433.822	146.098	21.992	24.497
434.801	145.116	22.227	25.868
436.128	142.475	22.156	27.850
436.048	141.892	22.297	27.192
438.062	140.204	20.704	27.785
437.689	141.240	22.521	25.084
437.713	140.631	22.091	24.685
438.631	140.523	22.201	23.314
438.522	139.074	22.882	23.900
440.123	139.191	21.481	24.263
440.345	139.550	21.997	24.139
439.936	139.912	23.322	24.296
442.035	139.551	21.954	24.190
442.802	139.732	21.575	23.248
442.588	139.470	22.581	23.504
443.161	136.809	22.871	24.464
444.643	136.012	22.264	23.744
444.637	135.587	23.033	23.243
445.828	134.736	22.737	23.610
447.072	132.883	21.945	25.082
449.008	132.020	21.451	26.134
449.607	134.368	21.490	24.963
450.702	132.953	20.999	24.941
451.914	132.225	20.635	25.513
452.410	130.799	20.729	25.997
452.590	130.441	20.955	25.526
454.128	128.024	20.167	26.751
454.337	127.591	21.376	26.813
454.490	129.237	22.163	23.989
454.917	128.355	21.828	24.050
455.267	127.355	22.503	24.415
456.816	127.833	21.075	23.379
457.872	127.639	20.966	24.321
458.733	126.738	20.480	24.514
459.362	127.775	21.204	23.929
460.108	127.603	21.390	23.824
460.530	128.278	21.909	22.148
461.411	126.970	21.583	22.501
462.359	125.709	21.776	23.324
462.961	123.743	22.515	23.619
464.590	122.585	21.343	23.573
466.022	121.953	20.910	24.037
467.762	120.694	19.902	24.655
469.042	122.231	20.092	23.839
470.762	122.741	19.122	23.513
471.244	122.540	19.783	23.077
472.020	122.012	19.238	23.215
473.482	118.739	18.786	25.911
473.298	119.036	20.269	24.341
474.643	118.141	19.587	24.189
471.058	126.427	25.185	30.159
471.805	141.794	26.012	30.924
478.092	165.791	21.154	28.571
478.126	175.675	21.120	27.868
479.224	177.675	21.196	25.707
