216.000	143.000	15.000	22.000
218.144	142.563	13.635	25.028
218.451	142.384	13.498	24.850
218.377	142.145	13.869	25.646
218.466	142.730	14.298	25.579
219.120	142.716	14.420	25.796
219.242	142.656	14.455	26.109
219.158	143.059	14.454	25.865
219.635	143.144	14.438	26.038
219.754	142.973	14.584	26.346
220.281	142.911	14.790	26.629
220.635	143.191	14.813	27.183
222.299	143.625	14.675	28.615
223.458	143.578	14.531	28.735
223.406	144.045	15.157	27.804
224.734	144.427	14.816	28.128
226.806	144.638	14.821	29.452
227.102	145.133	15.212	29.631
228.653	145.512	14.955	30.660
230.371	145.965	14.873	31.587
231.280	145.354	14.930	34.113
231.907	145.195	14.920	33.303
233.229	145.713	14.605	33.390
233.995	146.072	14.780	34.126
235.258	147.238	15.174	32.201
238.168	147.446	14.925	33.264
240.790	147.239	14.414	34.848
242.673	147.652	15.163	35.734
243.041	147.741	15.983	34.813
245.548	147.796	16.663	35.317
245.378	147.541	17.621	40.242
244.943	148.378	19.375	41.295
247.494	148.724	19.521	40.200
248.213	149.020	19.801	38.841
252.606	149.342	17.968	38.357
253.225	149.738	17.076	35.880
256.097	149.250	14.887	35.773
257.557	149.458	14.483	34.407
259.265	149.609	14.380	34.091
261.737	149.568	17.109	35.193
263.625	149.995	16.771	36.201
265.134	150.628	18.322	37.575
267.837	150.297	17.058	35.702
269.563	150.700	16.760	35.614
271.899	150.619	16.563	35.137
273.473	150.626	16.751	35.079
275.473	150.567	16.107	36.340
278.191	151.186	15.491	36.471
278.135	151.421	16.448	35.971
279.805	151.483	16.941	36.091
280.448	151.551	17.790	36.811
281.949	151.899	17.851	37.475
282.593	152.582	18.144	36.798
283.188	152.750	18.853	36.702
284.928	152.709	19.522	37.892
286.675	152.446	19.074	38.042
288.370	152.063	19.296	39.379
289.337	152.233	18.825	38.996
290.663	152.701	18.515	39.230
291.569	152.859	19.736	39.330
293.547	153.745	19.450	38.624
294.387	154.133	19.747	38.163
295.511	154.120	18.787	38.302
296.101	155.226	18.926	36.805
296.178	155.290	19.377	36.673
296.153	155.581	19.472	37.514
296.494	155.783	19.393	38.062
296.985	156.364	19.457	39.630
297.106	156.607	19.451	39.597
297.095	156.607	19.557	40.340
296.959	156.802	19.594	39.335
297.579	157.105	18.544	40.680
297.592	157.972	18.799	38.416
297.107	157.983	19.180	39.882
296.138	158.795	19.835	39.724
295.947	160.061	20.266	40.322
296.160	159.507	19.552	40.543
295.588	160.710	20.057	39.970
296.491	160.763	19.235	41.582
295.030	160.797	19.508	41.031
294.440	161.465	19.787	42.227
293.968	162.490	20.103	42.576
293.638	163.370	19.985	42.161
294.132	163.239	19.103	42.215
292.840	163.409	19.443	42.459
291.992	163.912	19.892	43.087
291.897	164.167	19.702	40.736
292.007	164.603	19.525	39.561
291.438	165.576	19.308	40.143
290.588	166.415	19.532	42.001
291.528	166.810	18.552	41.883
290.674	167.484	18.977	41.801
289.440	167.800	19.584	42.995
287.684	168.486	20.589	44.137
287.160	169.043	20.077	44.624
286.247	169.615	20.804	44.741
276.533	156.701	17.167	43.344
284.352	170.965	21.071	42.445
279.692	169.018	24.108	43.939
281.367	172.861	22.906	44.268
277.014	159.962	16.666	42.773
277.646	174.994	23.004	44.461
276.457	178.545	22.828	45.595
275.516	179.775	22.997	45.788
274.739	179.628	23.300	48.258
273.478	181.196	24.185	47.004
272.478	181.839	25.113	48.100
272.359	182.803	25.147	48.165
272.374	185.268	24.700	47.005
273.076	182.535	24.812	50.197
272.188	186.388	24.591	46.114
272.132	189.323	24.799	46.928
271.165	186.480	25.423	50.675
271.215	189.758	25.503	47.028
270.551	189.848	25.651	49.719
270.242	190.031	25.898	51.937
269.119	189.067	26.696	52.956
269.253	192.628	25.970	49.519
268.693	192.839	26.249	51.135
268.620	191.629	26.323	52.464
267.194	192.773	26.869	52.853
267.689	194.194	26.171	52.705
267.062	195.561	26.607	52.259
265.908	197.454	26.923	51.545
265.611	197.594	26.538	52.242
264.810	198.945	26.677	52.278
263.875	200.787	26.955	52.168
263.319	200.921	27.064	52.399
262.716	202.024	26.990	53.466
261.188	201.549	26.919	56.300
260.185	202.854	27.572	56.409
259.628	203.050	27.746	57.891
258.252	203.697	28.372	59.012
257.500	204.802	28.862	58.519
256.494	205.706	28.904	58.703
255.943	205.819	29.203	59.283
254.904	207.278	29.081	59.767
252.484	209.346	30.927	60.512
251.315	210.040	30.260	61.926
249.745	211.114	30.067	62.589
247.573	212.800	30.845	63.364
246.822	213.697	31.435	63.458
245.530	213.949	32.065	64.332
244.125	215.324	32.480	64.798
