195.000	254.000	39.000	103.000
196.216	255.691	43.249	99.834
198.689	257.198	43.104	98.497
200.845	257.974	43.307	97.826
203.721	258.078	42.594	99.134
205.426	258.337	41.943	100.058
207.342	258.486	42.811	100.131
208.706	258.546	43.641	102.611
211.737	260.376	45.022	102.757
214.683	262.253	46.761	102.975
218.209	262.332	45.216	105.495
220.849	261.259	43.627	106.920
224.302	261.149	43.354	106.545
227.470	260.423	43.117	106.647
231.891	261.127	41.871	106.945
234.833	262.321	43.105	103.162
237.086	263.169	44.280	103.678
239.272	265.193	44.742	102.086
241.767	267.642	44.858	100.778
245.002	267.035	43.847	101.854
247.601	268.048	43.940	98.586
250.454	267.511	43.257	99.004
252.922	267.289	42.353	100.417
255.206	267.305	42.812	100.254
257.107	267.956	43.519	101.497
259.165	266.476	45.509	106.186
262.945	269.382	46.819	107.137
265.724	269.396	48.253	110.179
269.370	269.964	48.113	111.027
273.456	268.774	43.606	111.115
277.318	266.372	42.964	113.734
274.403	268.230	50.825	110.795
278.137	267.370	48.579	115.181
283.311	269.586	47.528	114.102
287.111	273.492	47.598	111.636
289.362	275.235	46.052	111.362
292.914	277.050	46.687	109.699
295.684	278.231	46.004	108.646
298.849	279.898	46.335	106.776
301.071	279.341	45.836	108.593
304.153	279.643	44.717	109.608
306.821	280.315	45.728	111.393
309.699	280.119	46.483	113.472
312.650	280.747	50.151	114.914
315.399	282.581	51.055	115.075
317.051	283.070	51.505	116.512
320.195	282.349	51.149	117.574
325.992	280.997	48.237	119.039
331.087	280.780	46.796	118.347
335.921	281.059	46.790	117.872
339.556	282.132	47.441	116.296
343.302	283.147	47.815	116.514
347.170	286.680	48.834	114.004
349.668	289.690	51.805	112.648
352.998	290.486	52.228	113.430
356.628	290.336	51.355	114.754
362.834	290.400	47.769	115.008
367.687	290.861	45.176	115.239
371.880	290.415	45.755	115.902
375.480	291.474	48.061	113.865
378.850	291.085	53.328	116.308
383.015	293.644	59.987	116.041
385.651	294.576	60.694	117.643
389.407	294.291	58.072	117.923
397.677	294.957	53.076	117.449
406.558	294.965	48.347	116.386
411.611	295.276	47.843	116.683
415.287	296.112	49.133	115.948
419.069	298.785	49.905	112.991
423.158	300.714	51.649	112.453
427.877	302.749	54.227	112.460
432.447	304.289	52.949	111.960
436.832	303.169	52.020	113.221
441.174	302.589	48.473	114.731
445.372	302.071	48.360	116.260
449.615	300.659	50.149	118.688
452.406	303.159	54.543	117.170
455.419	305.953	57.315	115.130
460.047	305.758	55.705	117.604
463.071	306.259	54.902	120.508
468.592	305.388	53.472	121.191
474.331	306.084	51.593	121.431
479.808	306.099	50.848	121.355
486.050	306.378	51.060	121.112
490.720	309.163	54.731	118.329
494.657	313.298	55.255	115.842
497.733	314.860	56.137	117.128
501.658	315.014	54.694	118.599
501.875	315.577	56.947	115.385
507.932	314.200	54.043	116.665
514.041	313.605	51.036	116.891
518.560	312.244	51.390	120.504
523.221	312.634	53.711	122.791
527.069	313.702	60.061	122.926
530.813	314.536	63.499	124.870
534.463	314.188	63.230	126.319
539.800	314.331	61.162	129.112
545.942	313.197	56.906	130.335
552.386	312.776	54.524	131.393
558.932	312.704	51.869	128.909
562.576	313.776	51.301	129.204
567.449	315.905	51.443	126.930
