512.000	205.000	142.000	56.000
513.377	203.116	140.870	60.198
511.732	202.544	144.125	60.836
508.963	202.257	146.933	61.675
505.846	202.655	147.904	60.732
504.640	202.687	148.525	61.387
501.328	202.606	152.440	62.193
497.715	201.715	156.202	62.851
494.127	202.729	158.692	62.118
492.600	203.036	161.293	61.522
489.451	203.078	161.617	61.680
486.937	202.885	157.390	62.109
487.285	202.721	154.277	62.244
482.349	202.722	155.285	62.207
478.334	202.677	153.269	62.316
475.698	202.397	150.392	62.389
473.848	202.924	149.606	61.542
470.715	202.724	146.871	61.374
468.577	202.298	148.964	61.820
465.608	203.351	148.232	59.870
463.645	202.092	146.966	60.970
461.260	202.389	146.388	60.274
459.031	202.629	146.003	60.189
455.878	202.837	147.302	60.440
452.067	202.800	148.300	60.139
448.795	203.355	146.795	59.428
446.970	202.327	144.520	61.496
443.291	203.130	144.306	59.943
438.403	203.491	144.763	59.610
435.212	202.999	145.892	60.082
431.196	203.597	145.775	58.169
431.511	204.037	144.241	57.455
428.858	203.391	145.025	57.528
427.174	203.481	143.285	56.721
423.986	203.214	144.115	57.712
420.187	203.383	144.554	57.037
417.211	203.443	144.712	56.619
415.145	203.103	144.980	56.460
413.477	202.559	144.117	56.018
410.653	203.194	143.640	54.248
407.676	203.390	143.162	54.889
406.650	203.898	140.813	55.098
403.646	204.493	141.854	53.476
401.769	204.068	143.260	55.002
400.102	203.587	141.957	55.980
397.334	204.329	141.614	55.952
396.478	203.714	139.346	56.423
393.780	204.726	138.617	56.406
390.853	204.632	138.983	57.870
388.601	205.346	138.094	58.540
385.054	204.692	141.797	58.443
382.384	205.314	142.599	58.344
379.212	204.842	141.231	57.270
373.245	205.262	146.596	57.963
373.106	205.156	140.782	60.729
370.696	205.874	140.777	56.992
368.464	204.142	136.882	57.375
364.605	204.878	137.928	56.252
362.253	205.524	136.164	55.115
358.328	205.720	135.820	54.909
354.717	206.608	136.935	53.963
353.104	206.085	134.786	57.024
349.863	205.749	134.883	58.384
349.078	205.374	134.428	59.624
347.153	205.211	135.751	60.736
344.502	206.434	137.208	59.006
343.454	206.354	135.211	59.248
342.164	205.847	135.824	59.352
337.491	205.936	137.750	58.370
337.636	205.515	135.186	58.332
334.319	205.946	133.808	57.249
330.727	205.916	131.025	57.826
328.085	206.400	131.481	57.035
327.413	207.425	125.423	56.504
325.146	207.446	123.792	57.091
322.309	207.773	124.178	54.868
318.185	206.998	128.889	55.700
318.309	206.810	124.043	54.936
316.973	206.971	124.474	55.948
314.023	206.835	125.531	56.685
314.283	206.201	123.109	56.327
315.865	206.382	118.695	56.974
313.935	207.343	120.171	55.711
311.551	207.760	119.583	55.345
310.424	207.825	116.723	54.592
310.829	207.416	112.368	55.943
304.865	207.594	115.381	54.669
299.585	207.886	117.713	55.173
298.509	207.800	114.104	54.179
294.289	207.620	114.872	54.063
289.235	207.807	119.105	51.494
287.854	207.973	116.712	51.699
286.173	208.599	115.958	52.278
284.118	209.004	116.788	53.593
282.715	209.130	116.284	53.416
278.202	208.978	119.124	52.925
271.441	208.605	126.689	52.580
270.267	207.876	127.829	53.143
268.693	206.351	128.736	54.321
268.890	205.663	128.174	56.683
266.737	205.305	128.775	57.356
265.003	204.700	131.156	57.782
264.524	203.872	130.932	60.076
262.413	203.844	132.106	60.272
259.948	203.618	133.712	60.729
258.227	203.542	134.306	60.825
256.361	203.993	134.212	59.867
251.033	204.571	138.552	58.772
249.590	204.441	137.829	58.195
248.309	204.825	139.150	57.594
243.678	204.678	141.722	57.029
240.293	203.420	139.714	58.941
238.266	202.497	135.352	60.157
235.544	202.778	135.206	59.805
234.298	201.688	133.742	61.035
230.653	201.338	134.683	60.364
228.935	201.898	133.815	59.752
226.581	201.699	134.972	60.291
224.115	201.725	135.260	60.576
222.069	201.247	135.880	60.980
219.375	201.127	137.335	61.885
216.358	202.367	137.947	58.996
215.650	201.887	135.232	60.898
213.182	201.495	134.923	60.721
211.195	201.624	134.983	61.049
210.073	201.159	135.195	61.075
208.770	201.705	134.045	60.234
208.470	202.636	133.923	59.071
208.554	203.679	138.880	57.794
206.927	202.659	137.054	59.270
221.053	202.527	140.263	58.900
266.422	202.238	134.652	57.403
299.267	201.617	137.253	59.657
329.389	201.919	137.473	59.229
356.428	201.295	142.052	59.780
371.910	198.613	140.750	57.750
371.096	201.195	137.024	57.673
370.862	201.514	134.656	58.192
369.885	202.416	131.448	56.772
368.907	203.631	130.377	54.903
367.019	203.059	128.990	55.716
364.958	202.810	128.609	55.272
365.039	202.907	126.874	54.535
364.068	203.762	125.790	53.145
362.644	203.243	125.619	52.945
361.180	202.969	125.324	54.221
360.371	202.936	124.721	54.206
359.106	202.394	124.106	54.881
357.297	202.862	125.208	55.057
355.316	201.708	125.196	57.228
352.597	201.869	127.775	57.601
351.751	201.561	126.683	57.837
349.594	201.173	127.263	58.701
347.320	201.048	128.412	59.201
348.186	201.615	125.617	57.667
346.773	201.932	126.256	56.643
345.273	201.848	125.664	56.529
344.124	201.649	124.351	57.892
342.357	201.741	123.253	57.678
340.706	202.130	122.495	56.693
341.779	201.869	119.495	57.257
340.118	201.931	119.909	57.492
339.899	201.572	118.473	57.738
338.629	201.866	118.532	57.812
338.017	201.306	118.464	58.674
336.954	201.753	118.218	58.391
337.833	201.437	117.113	58.195
336.798	201.734	116.440	57.457
336.407	201.532	117.007	57.879
337.102	201.365	115.491	58.699
336.841	201.159	115.739	59.251
336.071	201.302	116.800	59.067
335.948	201.097	116.310	59.933
334.183	201.097	118.258	60.934
333.502	201.216	118.935	60.266
335.367	200.481	117.111	60.417
336.780	200.933	115.458	60.140
338.472	200.957	114.303	59.231
337.562	201.160	114.882	58.389
336.798	200.710	115.686	58.632
336.875	200.881	115.093	58.948
337.448	200.847	114.687	59.263
336.841	200.815	115.936	58.596
337.785	200.852	114.977	58.794
337.884	200.953	114.951	58.941
337.184	200.988	115.377	58.768
336.624	201.282	115.797	58.828
337.679	201.264	115.163	59.292
337.714	201.746	115.136	59.862
336.016	201.952	117.815	58.794
336.541	201.407	116.970	59.155
337.151	201.547	116.652	59.554
338.350	201.581	115.717	59.520
340.290	201.508	113.859	59.167
340.984	201.676	114.215	59.192
342.089	201.357	113.081	60.097
343.892	201.953	111.747	59.571
345.521	202.191	110.304	59.057
346.182	202.836	109.796	58.759
347.706	202.771	108.907	59.025
349.373	202.984	106.902	58.088
351.018	202.889	105.692	57.933
351.594	202.648	104.813	57.933
353.953	202.693	103.106	58.437
356.293	202.936	101.062	57.894
357.524	203.577	99.491	57.549
359.850	203.764	96.841	59.172
361.377	203.921	94.962	59.992
361.909	203.601	93.100	61.307
364.307	204.010	90.117	61.990
365.922	204.089	86.920	60.450
366.433	203.970	83.760	59.453
367.895	204.501	81.004	59.699
368.145	205.290	79.604	58.747
368.397	204.641	78.472	60.975
369.085	205.143	77.486	60.351
369.983	205.543	75.986	60.124
370.032	205.299	75.408	60.788
369.407	206.390	74.948	59.777
367.851	206.970	75.064	59.416
366.989	207.579	73.591	59.284
363.873	207.485	73.935	59.470
361.530	207.089	76.140	57.809
359.224	207.258	77.482	55.820
358.029	206.258	76.641	57.132
355.716	206.874	78.907	56.085
355.199	206.338	78.448	56.247
352.216	207.151	80.329	54.579
349.973	207.082	81.722	54.678
343.180	207.696	87.449	53.841
340.208	207.158	88.524	55.213
337.110	207.482	90.220	54.506
330.970	207.460	94.012	54.653
322.694	207.517	101.099	57.526
317.552	207.265	104.248	60.106
311.818	207.703	109.427	62.672
309.534	208.436	111.208	62.763
305.288	208.821	114.530	61.966
300.584	209.266	117.363	61.828
295.251	209.765	119.821	61.649
290.326	210.886	122.681	62.442
285.614	211.112	125.558	62.454
280.986	211.220	126.585	62.631
275.618	212.001	129.868	62.151
272.018	211.887	131.603	62.879
267.470	212.161	133.523	63.213
264.133	212.160	133.575	63.773
259.281	212.294	133.254	64.377
255.845	212.532	131.617	64.488
251.182	212.539	133.036	65.354
247.193	213.169	132.360	65.218
243.500	213.822	129.485	64.902
239.758	214.018	128.035	65.318
235.123	214.416	128.419	65.256
231.900	214.624	126.671	65.659
228.383	214.331	127.971	66.952
225.845	214.947	128.808	66.640
223.040	215.168	128.004	67.084
220.035	215.947	127.354	67.036
218.516	215.986	124.645	67.251
215.696	216.308	123.804	67.232
214.447	216.501	120.416	67.176
212.368	216.752	118.768	67.528
211.165	216.960	117.542	68.136
208.954	217.105	117.337	68.517
207.163	217.670	115.730	68.468
205.146	217.937	114.686	69.220
203.320	218.303	114.320	69.131
201.862	218.281	114.345	69.320
201.416	218.813	113.177	69.424
201.435	219.050	112.083	69.400
200.861	219.447	111.254	69.603
199.915	219.958	111.837	69.534
199.022	220.238	110.795	69.573
198.868	220.240	109.504	69.815
198.123	220.943	108.298	69.126
197.530	220.989	107.515	69.590
196.583	221.159	107.749	69.538
196.158	221.201	106.673	70.287
195.729	221.731	106.102	69.926
194.723	221.450	106.743	70.638
194.285	221.903	106.265	69.519
194.246	221.699	104.997	70.357
193.896	221.787	104.275	70.386
193.292	221.456	104.442	71.144
191.822	221.699	105.490	70.946
190.723	221.982	106.169	70.826
188.396	222.208	107.930	70.371
188.270	222.535	107.723	70.123
187.661	223.093	107.319	69.644
188.348	222.409	106.200	70.337
187.516	222.798	106.304	69.584
187.735	223.604	105.224	68.933
187.332	223.662	104.196	69.189
187.093	223.830	102.256	69.304
185.694	224.144	102.603	69.128
184.795	224.241	102.846	69.865
184.844	224.300	101.472	70.166
183.594	224.844	101.623	68.837
180.938	225.044	102.549	69.681
179.941	225.030	101.386	69.445
177.134	225.830	102.908	68.382
186.421	227.847	112.959	65.054
226.578	226.928	109.446	66.167
265.698	228.043	111.283	65.662
265.501	228.193	109.601	66.703
263.135	227.646	109.472	67.961
262.425	228.400	110.264	66.404
258.065	228.182	113.164	68.044
255.621	228.818	113.792	69.151
252.523	228.749	114.520	71.809
249.904	229.035	115.715	72.530
247.719	229.166	117.517	71.181
246.321	229.366	117.639	72.652
245.206	229.889	117.725	71.681
244.687	230.419	117.109	71.289
243.182	231.004	116.982	72.086
241.768	231.147	115.930	73.624
240.094	232.134	111.611	73.248
239.104	232.354	109.192	73.783
238.659	233.015	107.433	73.526
237.093	233.330	106.298	73.818
237.126	233.793	106.372	73.426
236.929	234.341	104.717	73.737
237.076	235.142	101.736	75.292
236.016	235.853	99.709	76.046
235.855	236.538	96.717	76.864
235.201	237.439	97.324	76.976
234.433	237.784	95.750	78.451
234.163	238.943	93.731	78.939
233.337	239.115	94.473	79.706
232.163	239.612	95.647	80.810
232.299	240.593	96.204	81.059
232.328	241.929	96.356	81.180
230.731	242.550	99.059	82.197
230.630	243.257	99.524	83.203
229.739	244.206	101.515	83.882
228.064	244.936	103.083	84.916
229.763	246.600	102.591	85.492
229.312	247.803	101.934	86.430
229.676	249.727	103.461	86.218
229.696	251.615	104.430	86.190
230.423	252.200	104.556	87.652
230.674	253.482	104.790	88.622
231.553	253.961	104.394	89.957
230.866	255.484	106.425	90.777
232.753	258.081	104.491	90.031
232.554	258.922	105.882	90.967
232.860	260.379	106.108	92.178
233.120	261.822	107.929	92.787
232.940	262.905	109.065	92.984
234.446	264.117	107.289	93.693
234.631	265.953	109.684	94.021
235.323	267.671	111.906	95.562
236.450	268.397	113.267	96.476
237.197	269.122	114.526	98.667
238.507	270.958	115.132	98.812
240.330	272.940	115.918	100.100
236.268	275.875	124.604	100.313
241.374	277.702	122.267	101.275
245.823	279.498	121.065	102.649
250.382	281.759	120.706	105.582
252.412	284.009	123.518	106.412
255.024	287.048	125.701	107.361
257.922	289.226	128.045	109.538
261.336	291.886	129.603	109.929
264.261	294.009	131.068	112.613
267.997	296.706	131.822	113.406
271.297	299.034	133.190	115.018
275.050	301.536	137.468	117.833
278.881	305.018	141.732	121.359
284.445	309.579	143.592	123.323
287.585	312.385	147.630	126.172
291.719	315.527	148.918	126.771
296.117	318.687	151.337	128.621
301.529	323.075	152.220	130.325
305.770	326.434	157.713	133.600
312.531	332.142	163.717	136.119
320.616	337.669	164.368	139.119
327.401	341.038	167.889	143.272
333.475	345.721	173.045	146.830
342.619	353.022	179.149	149.610
350.268	355.639	185.364	155.342
359.723	362.896	194.055	158.725
367.442	370.049	194.348	154.443
376.570	377.372	201.786	149.814
389.436	384.851	210.189	139.872
401.610	394.084	213.156	132.760
416.811	401.743	218.461	127.338
431.595	406.520	224.186	122.501
444.098	415.817	229.732	112.036
462.127	425.426	228.818	105.945
