117.000	242.000	78.000	87.000
119.003	240.453	77.474	88.583
112.971	240.086	78.691	90.146
84.708	237.997	84.481	91.460
40.676	234.293	87.202	92.726
21.063	235.640	85.726	94.240
24.603	235.499	85.618	96.037
31.725	236.983	86.213	97.196
38.796	236.485	87.534	100.325
45.823	238.772	89.928	97.969
53.822	239.899	88.926	96.837
62.124	240.260	88.493	98.300
68.469	240.348	90.545	100.038
74.125	238.707	91.911	102.818
79.994	238.677	94.639	103.402
83.405	235.959	90.622	108.090
78.709	237.904	92.081	106.429
67.863	238.059	94.285	109.584
55.271	237.549	96.975	111.149
40.137	238.402	100.000	112.996
28.458	240.800	101.898	110.949
29.472	241.424	100.477	111.410
32.671	241.052	100.697	113.138
43.320	240.969	100.606	114.396
53.711	241.553	101.758	113.122
53.648	241.261	103.313	113.756
27.731	239.649	109.120	115.487
0.000	237.812	100.557	117.933
0.000	238.864	68.698	120.294
0.000	242.975	48.216	117.626
0.000	247.033	35.904	114.968
0.000	247.128	22.929	114.664
0.000	248.414	19.494	114.459
0.000	244.896	32.830	119.107
0.000	242.765	48.898	123.255
0.000	245.037	62.608	120.040
0.000	243.479	77.732	121.446
0.000	238.799	91.713	125.672
0.000	239.010	99.143	126.992
0.000	237.512	110.071	129.967
0.000	239.299	117.906	128.839
0.000	238.984	128.666	129.136
0.075	234.878	129.518	135.217
0.000	233.292	121.623	136.701
0.000	233.568	108.098	138.387
0.000	237.641	106.184	135.872
0.000	242.016	110.251	139.159
0.000	248.327	112.407	136.521
0.000	245.483	124.256	138.020
0.000	242.396	141.606	140.562
3.017	240.636	159.433	140.654
10.187	240.699	160.680	145.908
11.226	242.492	163.561	145.150
9.251	240.834	164.989	146.761
2.860	241.768	170.233	148.709
6.480	241.426	171.494	149.171
11.091	241.755	170.792	149.563
14.903	240.009	173.989	149.572
16.655	240.697	177.604	150.784
26.230	243.479	185.590	152.615
47.296	244.775	186.604	151.266
66.940	243.666	163.338	153.018
89.781	247.144	154.282	149.634
95.807	246.167	161.039	150.611
107.484	244.389	155.645	154.830
117.003	249.041	140.156	149.659
125.160	253.602	139.954	150.188
178.536	266.109	138.826	138.253
191.772	250.818	137.978	154.243
205.782	252.647	134.908	151.382
194.788	252.657	151.915	155.095
175.725	252.417	178.978	158.005
174.678	248.749	179.907	160.612
167.457	250.312	191.428	159.724
170.563	249.602	191.412	160.838
176.090	247.999	194.322	165.897
183.732	244.991	195.888	164.760
200.219	248.797	197.215	165.856
210.379	247.873	193.575	166.778
220.328	249.792	194.314	168.529
229.070	252.585	190.446	164.102
237.961	253.273	190.482	165.133
248.909	258.055	193.250	159.685
259.286	257.646	191.886	162.562
270.932	257.934	191.327	161.612
285.740	258.582	188.591	163.700
299.354	261.628	187.519	159.388
314.648	261.572	184.562	160.924
325.920	264.753	186.839	158.592
332.333	263.666	183.551	159.857
338.277	266.819	183.624	158.194
345.301	268.313	178.796	157.004
348.817	270.697	179.907	156.051
354.991	271.726	177.225	152.449
363.496	273.681	175.606	152.442
368.025	272.218	178.241	152.368
375.533	275.244	175.796	153.276
370.724	273.365	177.437	151.943
350.487	271.107	179.059	150.849
313.866	274.629	173.466	147.197
294.005	275.400	167.001	146.566
292.928	275.824	162.783	143.336
307.558	279.148	164.550	143.446
332.990	282.519	160.864	142.489
348.987	282.872	156.777	143.633
359.325	284.516	154.273	139.800
363.036	283.451	152.871	140.264
353.301	281.789	156.310	138.735
343.781	281.874	149.272	137.997
341.563	285.066	145.978	134.201
349.665	285.962	142.743	132.502
359.540	287.395	143.275	128.949
383.868	286.701	131.264	130.781
390.796	289.179	132.307	127.726
391.651	291.445	131.602	125.221
391.866	291.293	128.749	124.118
393.133	292.515	127.212	124.808
397.455	294.519	130.131	122.535
420.158	296.525	121.974	120.369
431.238	299.372	123.684	116.199
447.039	300.322	119.170	114.758
463.149	300.140	111.832	113.323
469.853	297.667	104.798	115.944
469.994	295.411	105.288	116.789
469.699	295.017	105.535	115.370
481.223	294.280	101.566	115.200
485.722	294.348	100.785	115.257
486.352	293.359	104.242	114.920
486.356	294.177	104.303	116.312
484.714	292.651	102.218	114.934
480.175	295.820	101.798	113.819
481.758	296.980	105.112	112.096
487.863	300.580	106.078	108.556
507.182	300.813	96.010	108.120
519.862	301.250	90.409	105.589
528.040	301.915	89.596	103.411
537.461	302.022	88.929	102.845
544.981	300.536	88.166	103.245
555.696	297.946	82.373	104.766
560.917	298.702	83.759	102.176
563.501	296.351	86.790	104.272
565.882	295.953	89.887	103.794
577.664	297.348	83.382	102.411
587.903	299.872	79.708	98.037
597.985	300.681	74.371	96.337
605.960	301.888	72.222	94.455
611.163	302.866	72.453	91.412
614.698	302.995	74.453	91.139
619.377	303.634	74.654	89.878
623.286	304.868	74.183	88.199
625.807	303.849	76.112	89.433
629.667	302.581	75.754	91.380
634.986	303.031	74.532	89.219
641.473	302.966	72.218	89.045
644.024	302.583	72.004	90.076
647.333	302.244	70.980	89.402
651.039	301.918	70.068	89.745
654.025	302.919	70.347	88.732
655.596	303.019	71.558	88.159
657.085	303.333	72.156	87.090
659.689	302.380	72.243	88.174
661.177	303.916	73.384	85.795
663.841	305.078	71.832	84.666
666.773	304.267	70.486	84.706
669.200	305.353	69.148	83.560
672.251	305.523	67.491	83.125
673.692	305.900	67.815	83.031
675.156	306.979	66.381	81.023
677.926	308.101	64.558	79.389
681.170	308.538	63.443	78.731
682.003	307.137	62.999	79.945
681.648	307.867	63.800	78.528
682.645	307.708	62.911	78.569
682.852	308.660	63.009	77.109
685.529	308.265	61.241	77.100
686.376	308.341	61.010	76.952
686.679	308.904	61.463	76.056
687.514	309.031	59.855	75.760
688.635	308.608	57.972	75.933
688.944	309.143	57.710	75.303
689.123	309.370	56.757	74.459
689.474	309.479	56.100	73.719
689.182	309.561	55.709	73.213
689.542	309.893	54.789	72.496
689.084	309.915	54.623	71.453
688.840	309.886	53.766	71.056
688.385	309.589	53.224	71.004
688.663	309.999	52.048	70.301
688.056	310.325	51.502	69.685
687.605	310.828	51.469	68.512
687.084	310.941	50.551	67.880
686.117	310.995	50.436	67.148
685.032	311.372	50.266	66.460
683.884	311.375	50.770	66.274
682.792	311.643	50.532	65.712
681.782	311.568	50.657	65.799
680.475	312.055	51.152	65.215
678.560	312.490	51.879	64.554
677.213	312.105	51.488	64.268
676.322	312.170	51.094	64.042
675.006	312.027	51.018	63.882
673.694	312.016	50.800	63.760
671.311	312.016	51.395	63.729
668.549	311.850	52.179	63.437
667.507	311.533	51.537	63.680
666.206	310.939	51.353	64.602
664.913	312.465	51.833	63.579
664.696	312.213	51.345	64.095
664.086	311.342	50.138	63.982
662.894	311.221	50.486	63.760
661.135	310.799	51.444	63.756
660.426	311.189	51.044	63.896
658.601	312.315	52.462	62.877
657.580	313.223	53.781	63.246
655.370	313.698	55.425	62.595
655.304	313.722	56.052	62.047
654.088	312.115	55.913	62.097
653.934	310.675	55.712	62.690
652.464	309.914	56.435	63.836
650.965	308.392	56.398	65.181
649.741	309.695	57.697	65.317
647.520	312.528	54.711	63.455
645.814	313.017	56.315	65.345
643.879	313.976	54.259	64.574
642.120	315.878	52.135	63.054
640.800	313.771	48.470	64.888
638.173	312.799	49.493	66.260
635.989	312.445	50.018	65.863
634.696	314.978	50.074	63.588
633.298	315.079	48.855	63.484
631.910	313.956	49.128	64.205
629.458	316.116	50.723	61.761
627.971	314.841	50.996	62.217
625.403	312.754	50.402	64.185
623.384	312.711	49.268	63.938
620.490	313.979	47.767	63.243
618.728	315.511	47.969	61.980
617.336	315.684	48.805	60.357
615.296	315.332	48.250	59.886
613.684	316.054	46.384	58.820
612.395	314.696	45.786	59.327
610.463	314.718	46.074	59.078
607.625	315.118	46.148	58.330
605.317	314.993	45.577	59.367
603.343	315.434	46.865	58.188
600.935	315.276	45.850	58.607
598.719	315.748	45.095	57.972
594.957	314.398	46.347	59.123
593.237	314.439	44.471	58.156
590.776	312.746	43.705	59.269
589.403	311.865	44.412	59.382
586.239	311.638	43.772	57.219
584.094	310.864	44.556	56.602
582.158	310.456	45.059	55.934
