565.000	193.000	24.000	83.000
564.768	192.802	24.003	83.530
558.902	192.528	26.955	83.154
559.171	191.769	26.765	79.928
563.275	192.029	27.963	78.508
549.936	190.030	30.126	80.438
540.161	193.187	28.286	80.489
536.208	191.770	27.015	81.716
534.144	192.919	25.392	80.433
528.859	192.419	25.878	77.469
522.211	192.537	26.497	79.310
528.848	191.358	34.523	79.783
564.741	193.424	26.139	79.307
563.722	191.830	25.044	78.719
559.250	192.045	24.935	79.045
555.598	191.905	25.117	78.618
548.726	192.288	27.280	77.229
545.632	191.669	25.137	79.167
488.805	189.662	27.871	80.183
482.257	190.709	27.298	79.021
475.029	191.839	28.128	80.817
480.790	189.995	26.536	81.870
468.836	189.060	25.949	82.270
476.714	190.341	24.386	78.869
473.762	188.078	26.520	79.991
459.728	192.173	23.640	78.717
456.893	190.508	25.305	79.472
452.738	191.260	25.247	77.336
449.189	188.217	26.378	78.837
449.029	189.270	26.136	81.890
440.256	191.519	26.701	76.050
437.996	189.669	25.719	77.267
433.231	189.158	25.195	79.006
430.258	188.364	24.907	81.289
428.684	188.315	24.640	80.312
427.002	187.725	25.022	77.888
423.444	189.082	24.813	77.118
419.293	187.868	25.290	78.359
417.947	185.939	25.082	80.162
415.123	187.272	25.164	80.404
415.098	187.284	23.278	75.874
412.136	183.902	24.001	80.020
409.605	185.800	23.560	78.503
407.185	186.254	24.093	78.519
405.542	185.175	23.675	79.711
424.664	181.247	21.400	74.894
402.708	183.786	24.288	75.204
400.770	184.395	22.294	75.203
398.250	183.523	22.934	76.344
397.022	185.685	21.356	73.523
393.417	183.068	21.796	76.610
390.586	183.771	22.537	71.687
387.192	184.168	23.986	70.319
385.168	184.305	22.374	67.475
384.802	184.207	21.890	66.754
382.213	183.462	22.269	66.712
381.176	182.557	21.892	66.949
380.074	181.620	23.502	67.867
376.557	183.269	21.330	64.963
373.926	181.933	20.842	64.388
371.021	182.606	20.964	60.793
367.490	181.483	20.756	61.251
364.621	181.020	21.105	61.011
362.947	181.189	20.885	61.602
360.024	180.892	21.366	61.900
357.807	180.361	21.417	62.091
355.015	180.039	21.282	60.314
352.931	180.727	20.645	59.997
350.060	181.214	19.284	61.210
344.688	180.955	20.382	60.501
338.569	180.059	21.728	60.313
334.322	178.179	22.237	63.441
331.151	179.916	23.845	61.661
330.558	181.777	20.925	61.144
325.801	180.519	21.986	57.541
323.603	179.690	21.220	60.063
318.710	179.355	21.371	60.953
316.819	180.372	21.718	63.494
312.750	181.267	21.343	60.267
309.653	179.852	20.853	62.062
306.029	177.577	21.838	62.767
303.482	179.194	22.221	63.544
299.071	177.603	21.434	64.641
294.271	175.274	23.759	68.064
290.746	175.233	23.040	70.388
287.399	173.550	23.816	71.437
287.998	174.816	21.821	67.739
282.624	175.239	23.103	66.215
280.514	173.650	21.353	68.399
277.177	173.546	23.665	67.204
274.633	173.644	23.174	67.268
273.320	174.051	23.388	66.325
269.565	174.262	24.274	65.285
268.498	172.871	22.668	68.568
267.506	172.761	24.657	68.319
265.217	173.259	21.788	65.261
264.284	173.243	22.264	67.138
260.121	174.286	24.180	66.045
260.340	173.137	21.740	67.479
255.808	172.320	22.258	69.029
257.805	173.135	23.824	64.282
283.454	175.679	22.591	64.585
254.998	176.281	23.699	63.196
251.184	171.299	22.391	66.653
252.615	172.726	22.512	61.855
249.828	172.653	21.689	65.003
248.636	172.185	22.127	63.068
245.792	171.420	22.386	65.967
242.625	171.201	21.939	63.628
240.573	169.743	21.624	61.880
242.122	169.190	21.342	61.506
240.027	169.575	22.425	65.147
229.724	169.328	29.970	64.276
262.128	172.357	21.819	63.720
258.145	170.909	25.078	64.122
258.793	169.004	23.737	61.244
257.489	169.540	22.232	64.788
256.849	170.933	22.836	61.544
256.520	169.311	21.106	62.008
254.071	169.027	22.123	62.223
255.060	168.459	22.077	61.238
254.471	166.967	20.353	60.819
254.369	166.836	21.485	56.838
252.863	168.623	21.367	57.403
250.514	167.658	21.416	61.463
249.789	167.438	23.611	60.951
226.726	165.663	22.859	66.946
246.470	167.051	22.195	63.290
222.872	164.117	23.173	70.887
239.673	165.879	26.214	66.496
247.684	166.038	21.713	61.791
246.809	165.878	20.709	58.994
245.839	166.218	20.814	58.976
245.574	165.091	21.525	62.516
219.095	163.269	21.464	65.180
216.826	162.707	22.069	66.798
213.789	163.353	22.054	65.889
217.670	162.777	20.406	62.002
214.976	162.505	22.795	62.286
215.251	160.902	22.376	66.281
214.424	162.148	21.500	64.299
241.167	161.139	22.795	64.393
214.038	161.218	26.209	63.988
213.621	158.904	23.434	67.235
214.290	161.186	20.816	65.753
214.758	160.718	21.510	64.664
212.751	160.686	21.720	61.166
212.273	159.749	22.767	61.429
210.434	159.801	26.491	60.059
201.452	157.850	32.008	61.621
212.691	181.434	32.905	64.889
210.946	171.977	27.427	59.995
241.501	144.754	22.142	58.670
235.056	149.477	27.602	58.178
275.852	141.464	20.935	58.615
271.224	142.822	25.687	56.533
267.282	144.822	27.650	57.116
266.074	145.035	24.929	57.014
261.424	143.279	24.324	58.002
258.336	145.180	27.111	57.272
256.514	145.805	28.105	57.190
256.049	145.299	23.877	57.068
257.527	145.701	22.816	54.902
254.803	146.220	25.564	54.654
252.525	146.401	27.211	55.018
254.114	145.052	21.634	56.255
242.345	145.562	21.986	55.901
236.503	145.575	26.366	56.975
240.148	145.309	26.462	55.075
240.587	144.392	20.785	56.349
235.262	145.868	26.903	55.553
229.049	144.040	28.186	58.361
231.221	142.289	21.347	58.957
232.038	143.762	21.233	58.600
233.596	143.544	21.044	59.105
258.953	148.911	21.684	58.825
279.357	147.025	20.752	57.078
275.973	147.402	20.402	57.356
273.503	146.246	20.685	59.436
268.917	148.640	24.447	57.427
267.173	148.096	26.920	59.450
262.798	149.285	27.771	58.879
264.133	150.111	23.053	59.842
262.785	150.763	25.641	57.603
256.545	153.368	22.721	56.551
292.632	146.778	20.190	56.804
292.761	148.148	28.133	53.440
284.194	148.648	20.729	53.900
265.527	146.823	23.399	58.330
258.578	147.490	26.619	60.046
259.195	146.724	28.228	59.736
262.216	147.194	30.301	59.080
262.400	147.366	24.151	58.827
266.827	148.765	22.255	58.224
259.508	148.624	25.509	57.329
258.535	147.200	26.081	58.224
248.125	147.167	20.381	59.489
237.350	146.395	28.113	57.946
235.680	144.439	22.358	58.029
234.915	146.292	21.142	59.736
205.787	149.822	17.862	58.308
204.088	150.775	18.665	55.610
201.076	148.376	20.024	57.310
197.963	149.821	18.895	55.227
193.596	150.299	19.746	57.132
188.365	150.214	22.128	58.934
190.003	149.960	31.223	61.523
217.902	144.790	23.270	59.695
221.262	143.361	18.276	56.040
215.177	143.971	22.217	53.184
215.841	144.697	18.294	53.577
208.991	144.651	22.652	52.348
201.629	145.036	25.227	55.289
204.207	143.833	22.875	56.066
204.545	145.001	19.801	57.866
203.093	145.074	21.264	56.477
211.115	145.750	25.048	67.586
188.764	148.553	29.222	73.897
212.597	149.637	26.966	74.327
228.999	156.401	23.655	66.731
231.417	158.929	20.554	63.455
234.529	156.342	21.008	65.541
229.041	157.884	23.445	64.162
216.113	158.636	20.063	60.989
209.465	157.868	22.841	63.087
208.820	156.034	23.586	65.702
200.905	156.112	20.939	64.302
206.962	156.252	20.606	64.620
195.478	155.560	28.783	62.677
204.142	155.121	28.403	66.755
202.025	150.774	27.622	71.581
197.606	153.050	26.693	69.141
191.230	154.456	22.961	63.850
157.140	138.381	20.022	55.979
158.177	138.653	18.925	54.831
158.622	137.540	18.958	55.179
157.590	137.574	17.987	54.844
159.817	136.827	18.282	54.836
159.374	136.889	18.101	55.559
159.995	136.940	16.875	54.116
162.421	135.991	27.006	69.098
176.540	150.683	22.974	64.078
176.806	152.102	21.828	63.053
160.136	139.369	22.852	70.828
163.362	148.809	22.884	63.812
162.210	149.162	21.978	64.312
157.827	154.696	21.673	58.729
155.290	153.040	25.236	61.863
132.961	151.063	22.217	61.936
142.528	148.290	22.684	64.418
159.393	133.307	20.257	74.533
134.632	148.750	24.365	65.326
126.077	151.226	25.624	63.347
121.739	150.872	21.526	62.295
115.773	151.099	20.087	61.820
111.411	152.559	22.292	60.677
106.576	150.458	22.943	62.748
102.211	149.042	21.208	63.883
96.453	149.787	21.245	61.673
90.615	150.134	24.295	62.235
86.746	151.734	25.763	60.319
80.217	150.562	24.064	61.594
75.814	150.565	20.323	60.155
70.955	150.315	22.730	61.501
66.662	151.330	25.464	59.611
61.836	150.645	23.301	60.351
57.114	149.362	20.800	60.498
51.909	149.212	24.064	61.550
46.849	150.749	26.967	59.766
42.547	150.673	26.016	59.993
36.719	149.734	22.233	61.642
32.569	149.426	22.152	61.874
26.575	150.384	25.998	59.083
23.718	151.084	25.749	59.292
19.630	151.100	21.812	58.976
13.800	150.086	22.394	59.895
6.506	150.147	27.775	60.480
0.713	148.926	28.666	60.146
0.737	149.142	20.604	59.828
0.133	150.820	13.146	57.993
0.000	154.731	13.122	53.745
0.000	151.398	12.166	64.216
45.774	157.002	22.364	55.358
44.846	158.104	21.541	53.447
41.977	158.194	22.342	53.923
39.878	157.821	19.020	53.968
36.608	157.852	19.080	54.927
32.046	157.893	20.229	54.183
26.758	158.287	21.284	52.761
23.900	158.409	20.518	52.610
21.555	157.904	20.703	53.727
18.283	157.387	20.264	54.347
14.929	157.631	21.866	53.750
12.900	157.408	20.809	53.205
9.601	155.811	19.322	54.327
5.280	156.041	19.461	54.500
3.046	155.875	19.562	54.739
1.274	156.471	18.780	54.264
0.127	155.277	18.425	59.962
0.398	154.794	16.000	58.952
0.000	158.544	13.154	67.858
0.000	152.317	13.287	75.401
0.000	162.460	12.961	87.722
0.000	191.076	15.386	84.013
86.923	135.032	18.461	27.114
93.786	120.460	15.684	42.824
94.109	120.378	16.727	44.851
92.990	121.540	17.177	43.349
92.149	122.092	17.334	42.457
90.936	121.749	17.087	42.299
90.200	121.350	16.709	43.081
89.678	121.082	15.767	42.900
88.357	121.287	15.898	42.437
87.789	119.822	15.785	43.785
84.343	118.798	18.107	44.860
86.272	119.587	16.297	44.589
83.365	120.552	16.985	42.994
83.142	120.536	16.429	42.339
