568.000	1.000	36.000	43.000
565.919	0.000	36.427	46.769
564.095	0.061	36.744	47.358
562.124	0.223	36.830	47.875
559.880	0.991	37.029	48.227
557.812	0.960	37.144	48.658
555.883	0.717	36.986	49.485
553.795	1.494	36.795	49.552
551.051	2.169	37.414	49.411
549.291	2.920	36.630	49.534
547.887	3.284	36.185	49.295
545.059	4.184	35.882	49.611
542.566	5.028	36.421	49.337
540.173	4.970	35.803	50.259
537.377	5.407	35.884	49.969
534.648	6.054	36.456	50.476
531.737	6.207	36.533	51.391
528.813	6.953	37.138	51.204
526.220	7.614	37.147	51.661
523.353	8.343	37.342	51.377
520.072	9.270	38.225	51.614
517.077	9.226	39.400	51.726
514.498	9.941	40.451	51.986
510.880	9.775	40.902	52.867
509.027	10.426	40.268	52.807
505.731	11.046	42.517	53.399
502.982	11.568	44.203	53.490
498.823	12.173	46.512	53.489
495.583	12.369	47.703	54.273
491.862	12.783	49.402	55.158
487.954	13.644	48.279	55.056
484.554	13.968	43.884	56.231
480.918	15.060	42.012	55.969
476.068	16.075	41.762	55.602
472.021	16.661	41.701	56.174
468.318	17.321	41.800	56.842
461.725	18.397	44.048	56.746
458.731	19.043	43.600	57.655
455.106	19.478	43.710	57.685
451.481	19.993	43.212	58.410
448.148	20.392	42.379	59.195
445.015	21.510	42.434	59.690
442.015	20.766	42.390	61.441
438.060	22.681	42.692	59.893
434.506	23.775	43.017	59.810
431.197	24.825	43.282	59.959
427.550	26.540	44.017	59.773
424.257	26.781	43.528	60.719
420.689	27.438	43.489	61.151
416.556	27.268	44.440	62.832
411.877	28.450	44.995	63.349
407.657	29.638	45.516	63.842
403.855	30.317	46.033	64.167
401.416	31.365	46.174	64.927
398.096	31.216	46.723	65.985
393.565	31.508	48.794	66.518
391.077	31.970	48.987	68.302
388.757	33.130	47.775	67.834
384.656	34.045	48.355	68.624
380.979	35.478	48.897	69.216
377.083	35.592	49.702	70.119
373.819	36.592	49.785	71.103
370.954	37.592	50.084	71.478
367.648	38.569	51.165	71.924
364.799	40.442	50.910	71.931
361.712	41.466	50.896	72.063
355.212	42.783	54.988	72.287
352.779	43.607	55.584	72.625
351.732	43.781	54.510	72.996
349.131	44.714	54.480	73.619
347.978	46.572	52.167	73.083
345.030	47.736	53.108	72.892
342.937	48.660	52.947	72.577
342.246	50.841	52.058	70.819
340.135	52.097	51.908	72.462
337.624	54.333	52.117	71.194
335.851	56.277	52.112	70.602
334.932	58.095	51.585	71.092
334.281	60.133	50.458	69.965
332.913	62.583	50.749	70.175
331.097	65.329	49.608	74.289
329.874	68.065	50.632	75.261
328.721	70.457	50.765	75.977
327.479	72.313	49.731	76.949
326.431	74.574	50.360	78.812
325.975	76.244	48.251	83.579
326.204	78.226	49.217	84.135
325.299	79.591	49.291	85.168
324.201	83.109	50.442	85.143
323.542	84.032	51.731	87.873
323.675	86.504	52.148	88.499
323.770	89.248	51.939	90.674
323.334	91.035	53.072	91.957
322.794	93.075	53.952	92.957
321.943	95.931	54.768	93.873
322.209	97.791	55.569	95.324
322.316	100.226	56.568	96.100
322.943	103.407	57.595	96.788
323.174	105.848	58.791	97.360
324.015	108.517	60.640	98.958
325.399	110.368	62.199	100.888
325.936	110.975	64.342	104.443
327.240	114.235	65.829	105.919
328.844	116.809	67.518	108.306
330.379	119.210	69.870	110.539
332.004	121.687	72.073	112.538
334.287	125.020	73.338	114.257
336.533	126.296	74.430	117.481
337.977	128.057	76.172	121.095
339.760	131.239	79.319	123.569
342.236	132.788	81.375	126.946
344.274	135.247	85.405	130.199
347.590	136.435	88.234	135.372
351.278	137.695	91.409	140.372
353.842	139.869	95.431	145.672
356.231	143.494	100.087	149.770
359.221	147.529	105.584	152.037
361.826	151.951	112.182	154.337
365.186	155.428	118.097	159.854
370.570	160.639	125.773	164.076
375.671	164.614	130.323	168.352
380.498	168.016	135.734	175.324
386.265	173.568	141.218	180.420
394.755	181.503	151.026	186.070
394.660	188.781	154.604	186.831
396.278	193.557	149.606	193.130
404.929	205.637	141.010	191.266
404.810	208.948	143.280	197.658
419.960	223.173	153.106	207.897
434.612	228.139	156.824	213.942
451.537	236.521	158.356	218.934
463.695	246.133	165.415	220.448
476.764	256.294	154.236	214.477
496.821	264.043	133.632	209.737
516.280	275.657	114.293	200.309
