677.000	138.000	18.000	40.000
674.497	139.693	21.470	38.500
674.316	139.168	21.321	38.564
673.576	139.942	21.589	37.628
672.450	139.541	22.303	37.447
672.488	139.459	21.654	38.764
672.672	139.819	21.670	38.330
671.995	138.982	21.852	39.508
672.048	138.807	22.050	39.813
671.508	138.526	22.615	39.555
671.192	138.015	22.704	40.348
670.773	137.971	22.897	40.553
671.861	137.799	22.787	38.714
670.810	138.344	23.573	38.096
672.241	138.919	22.538	37.099
670.134	138.789	24.601	38.943
671.314	138.074	23.053	38.287
670.703	138.101	22.900	37.826
671.815	137.733	22.294	36.172
671.984	137.542	22.417	36.538
671.596	137.982	23.359	35.664
626.731	145.829	22.196	40.189
636.980	143.049	20.635	39.541
636.174	142.644	24.606	38.935
637.291	142.847	27.223	40.466
634.777	143.142	23.443	42.566
583.474	137.340	19.040	48.014
584.387	142.238	18.110	40.791
582.644	143.860	20.606	41.373
581.166	144.322	19.310	42.577
581.533	146.054	19.922	44.038
580.650	145.865	19.441	37.087
577.797	145.414	19.448	36.251
587.908	145.290	18.769	37.168
576.747	145.944	18.764	35.640
585.701	144.100	19.045	34.648
589.920	145.337	18.002	33.830
592.032	144.167	18.712	34.861
593.287	142.953	19.177	36.401
595.261	144.669	22.900	39.361
594.693	144.267	28.773	40.834
613.047	147.899	22.200	40.869
637.723	151.076	21.323	37.297
597.706	149.182	20.445	45.162
585.552	148.800	23.458	43.679
531.183	153.737	22.269	43.015
549.380	150.012	23.893	40.917
571.167	151.553	24.097	37.904
551.781	147.558	23.548	45.038
552.804	147.921	26.226	42.721
544.575	146.768	30.131	44.132
539.002	152.706	29.973	44.784
533.337	148.960	34.104	49.112
526.379	146.170	24.283	43.411
476.095	152.775	24.263	42.317
525.677	153.493	23.007	40.941
524.243	153.549	22.726	41.546
521.648	153.615	23.656	41.780
522.436	155.398	23.242	40.914
520.806	153.152	22.006	45.048
521.326	154.716	21.009	42.502
520.365	155.674	20.938	41.618
520.396	155.957	20.442	40.542
518.842	157.625	20.516	39.604
518.277	156.937	21.027	38.750
517.363	157.241	20.601	37.517
516.272	157.453	19.445	37.046
514.524	156.851	20.929	38.272
513.477	155.494	20.665	40.654
510.882	154.322	21.247	40.923
507.275	154.282	24.639	41.889
505.052	156.889	23.544	42.435
503.005	153.959	23.374	40.100
505.449	154.317	22.100	41.455
498.132	152.681	27.055	46.816
507.121	153.535	21.402	49.202
487.675	159.350	21.936	47.133
445.809	161.131	21.066	44.753
445.922	158.854	19.648	42.603
444.654	159.945	19.705	42.351
444.850	159.650	19.746	37.792
443.596	160.338	18.898	40.373
444.875	161.382	18.587	37.229
441.771	160.490	19.988	39.003
442.273	161.082	19.524	38.438
441.038	160.874	19.843	40.516
440.768	161.494	21.406	38.760
441.149	161.233	20.148	41.543
441.044	160.488	19.779	41.587
439.837	160.711	20.221	40.127
439.909	160.328	19.340	40.113
439.438	158.987	18.432	43.657
438.361	161.736	19.500	43.130
436.422	161.509	20.622	43.111
436.088	161.786	20.905	43.960
435.652	161.953	20.345	45.554
434.272	162.589	20.733	43.704
433.630	161.572	20.410	43.010
432.920	164.075	20.880	40.888
431.592	164.959	21.019	43.009
457.311	161.505	18.682	46.595
469.272	159.030	20.142	46.979
453.949	160.960	22.047	44.545
469.241	158.775	22.519	47.782
468.357	158.406	28.984	52.717
429.592	162.135	23.302	48.157
448.842	163.867	20.313	45.356
448.719	165.311	19.923	40.578
456.066	164.460	22.087	41.491
446.535	162.657	21.852	43.517
461.156	160.813	21.161	44.921
461.882	161.044	25.153	46.466
445.104	163.658	21.681	45.239
456.215	161.575	23.483	44.780
477.949	168.152	22.177	43.355
475.165	170.032	23.622	41.019
474.820	169.972	22.305	38.917
470.364	164.770	25.675	43.516
472.415	164.653	23.112	48.084
471.077	163.748	24.337	45.604
471.882	163.739	21.463	45.610
467.276	162.397	25.085	46.015
469.245	170.682	22.862	41.715
466.933	168.006	23.682	39.869
467.371	164.459	20.507	42.301
427.611	167.017	22.419	45.922
437.677	165.739	22.832	43.925
446.653	164.913	22.674	44.376
446.214	164.208	23.720	47.302
447.393	164.290	24.992	44.192
449.040	164.047	29.000	48.877
404.790	167.562	20.827	47.183
404.841	168.713	19.389	46.569
404.289	169.226	19.542	45.622
402.681	167.137	19.500	46.148
401.994	169.451	18.533	42.466
400.327	169.910	19.255	41.744
400.476	168.609	19.424	42.348
399.367	168.399	19.006	43.620
396.990	170.611	19.084	47.671
396.516	171.689	20.663	44.591
395.869	170.042	21.031	44.807
395.219	171.119	20.019	44.999
394.110	171.751	19.489	42.640
392.367	171.370	19.486	42.800
392.872	171.417	19.483	45.205
391.079	171.447	20.867	45.075
389.823	171.382	20.428	48.072
388.448	172.326	20.354	46.843
388.366	171.419	21.301	48.876
387.666	171.945	19.623	49.123
386.275	171.817	19.104	48.190
385.808	171.390	18.973	46.756
384.922	170.757	19.083	48.697
384.610	172.621	20.100	48.647
383.945	172.376	20.518	50.167
383.312	172.989	19.814	50.053
382.370	174.027	20.729	53.910
381.806	172.055	19.887	53.252
380.406	173.098	20.404	46.343
380.180	171.356	19.477	46.359
378.891	171.055	19.615	46.793
377.254	172.540	19.417	46.538
376.082	172.038	19.071	45.818
374.221	172.092	20.243	47.210
371.943	172.667	21.837	46.892
371.502	172.894	25.234	49.229
369.363	173.850	22.623	47.851
373.798	171.246	21.258	50.795
365.238	170.775	23.269	45.916
370.618	172.198	23.786	50.699
368.086	171.437	23.373	52.642
366.671	173.599	22.152	50.879
365.105	172.167	22.058	49.766
365.930	174.134	20.694	51.719
365.645	175.327	20.296	51.228
364.792	176.207	19.707	52.460
363.642	178.640	23.834	50.531
363.441	179.497	21.584	47.922
362.106	180.890	20.529	47.243
366.461	181.176	29.361	47.955
359.452	179.277	20.808	48.542
358.274	183.010	17.833	45.465
356.041	182.047	18.512	45.801
355.248	179.761	20.671	48.723
355.584	179.041	20.454	50.706
353.909	183.189	22.283	46.017
353.557	183.240	20.702	45.588
353.118	182.735	19.065	47.770
350.951	182.775	22.768	48.586
352.352	185.284	22.119	48.472
347.784	182.773	22.950	48.435
346.672	181.128	21.850	49.871
346.224	182.531	20.322	49.932
345.530	185.803	21.424	47.562
359.820	178.033	23.011	48.715
360.560	179.040	26.102	53.081
383.919	177.303	26.373	56.252
372.762	181.668	37.775	54.784
384.712	177.992	26.344	56.962
386.626	178.216	24.592	55.168
381.281	178.846	26.166	55.540
389.574	177.713	22.992	54.390
382.791	179.921	25.268	54.243
379.454	179.886	28.190	52.784
382.691	180.702	26.081	54.764
382.844	181.501	24.094	55.626
393.693	178.378	22.222	55.349
389.598	177.798	25.943	55.303
387.702	177.493	26.705	58.862
379.907	179.570	33.562	60.011
392.983	178.968	29.193	59.092
397.056	179.682	35.905	63.947
407.417	180.436	37.673	66.380
338.850	175.886	30.752	68.481
340.253	172.262	30.081	70.461
331.078	172.630	31.424	66.562
326.767	187.249	28.816	66.685
326.557	185.714	26.428	61.564
326.796	192.409	28.919	60.368
324.375	188.592	29.118	65.132
322.542	194.271	27.412	60.787
321.809	189.275	26.581	62.869
323.131	188.104	30.988	65.271
319.945	185.759	27.485	66.046
318.157	192.303	28.364	66.923
316.738	191.305	27.247	60.612
320.867	183.468	29.188	57.479
316.464	188.313	30.990	59.389
322.610	177.888	27.529	55.682
321.191	181.736	26.412	56.019
320.662	179.719	25.356	55.911
318.594	183.829	26.664	53.923
313.660	186.527	28.889	57.300
303.756	197.641	23.714	67.459
316.954	178.772	28.526	55.683
316.837	182.419	27.287	50.175
315.690	185.770	26.246	48.168
324.338	178.897	29.345	53.977
346.152	177.095	30.841	61.009
349.862	177.743	27.517	56.084
353.075	178.442	28.153	52.765
347.134	173.930	29.040	66.304
347.963	175.891	28.120	59.812
349.106	178.806	25.558	55.822
350.494	175.238	26.562	59.852
336.988	194.176	40.823	76.071
351.394	172.536	34.878	74.189
347.192	171.367	33.448	69.903
339.416	179.136	38.718	70.551
348.428	178.474	27.379	67.154
352.207	178.426	26.462	60.866
359.404	180.061	28.192	62.910
351.642	178.589	28.911	62.614
357.615	179.704	26.097	60.992
361.390	181.724	25.952	53.511
356.685	180.496	29.692	61.909
355.777	180.517	35.730	67.779
391.711	178.241	26.579	64.774
385.703	180.449	24.173	61.776
388.501	179.410	27.255	62.578
385.815	182.023	27.937	64.775
383.235	185.386	26.197	62.720
379.643	186.612	26.380	62.391
385.035	186.991	28.064	64.541
379.554	186.262	29.321	63.699
371.430	185.568	27.314	62.643
370.366	186.015	27.199	61.450
368.772	185.212	28.656	66.804
368.722	184.952	28.487	66.254
374.341	187.528	25.520	65.440
371.998	185.643	24.045	61.083
370.052	186.113	25.516	63.557
365.348	185.785	29.001	65.518
368.257	187.235	28.526	64.897
366.817	187.603	26.127	62.533
335.480	221.073	28.939	60.180
329.236	215.478	31.700	65.436
328.837	210.667	31.652	62.721
347.086	190.170	37.469	63.844
363.268	186.972	27.292	65.927
360.919	187.598	28.705	68.640
361.456	189.578	27.552	65.166
359.382	190.187	26.533	64.392
357.320	192.424	27.937	64.600
352.970	191.079	30.545	68.201
320.830	229.169	28.338	70.303
319.541	219.111	29.628	54.670
320.818	221.621	29.478	59.957
320.657	221.163	29.700	60.141
319.765	224.610	31.093	60.729
320.564	228.532	28.640	56.174
308.390	228.562	32.991	55.823
280.709	226.924	29.660	59.854
280.048	228.593	32.661	74.942
278.287	232.553	33.518	74.928
281.587	230.302	33.925	72.953
233.530	233.392	27.803	71.803
230.983	233.127	29.374	62.786
228.725	231.895	28.603	63.725
230.952	232.722	27.709	66.636
228.903	233.697	31.140	65.734
229.001	236.788	30.314	70.302
225.850	236.030	32.433	73.493
225.967	235.354	33.690	72.103
224.914	236.823	32.404	74.208
217.820	237.533	31.676	76.948
196.060	237.314	31.647	75.289
197.735	239.226	33.392	71.972
202.552	237.198	35.255	73.763
211.006	234.901	29.002	75.944
216.120	236.484	31.370	76.077
218.326	236.607	34.790	76.140
225.698	236.468	30.653	72.857
232.743	234.357	27.989	68.740
238.689	235.063	28.430	69.374
237.846	235.480	37.692	70.185
241.064	236.293	35.641	69.767
247.519	237.346	36.550	70.844
252.220	232.959	35.843	71.453
261.172	224.614	36.330	75.611
273.656	237.946	29.708	68.238
276.066	237.164	29.254	67.467
283.846	236.707	32.638	67.082
309.087	204.404	29.945	60.604
305.952	202.948	27.849	57.976
308.565	203.680	30.361	56.449
251.591	211.135	27.031	57.636
254.103	211.642	24.079	54.536
252.702	211.172	24.695	55.579
251.221	207.769	24.740	57.272
247.576	209.608	25.019	55.767
247.135	210.768	26.452	56.567
247.870	215.790	25.739	54.321
247.465	213.623	25.505	57.249
244.462	214.534	25.915	56.997
245.353	215.815	28.590	57.910
285.059	206.797	26.369	63.605
294.136	209.804	29.374	61.161
298.779	202.187	32.074	66.108
291.435	208.215	38.756	69.232
242.259	216.933	28.336	67.302
282.184	215.324	27.562	65.463
281.660	216.772	27.005	67.441
290.338	213.122	32.349	67.452
242.360	219.059	28.516	65.748
274.173	213.783	26.883	69.404
278.970	213.223	32.482	67.718
276.505	210.819	26.819	69.173
230.000	222.736	29.433	61.426
233.878	218.738	28.837	63.905
234.312	222.786	28.031	60.557
234.136	222.833	26.578	63.320
232.287	219.602	27.830	63.932
262.689	217.167	30.537	71.479
264.605	218.660	26.958	66.202
221.810	224.187	31.334	65.537
227.915	221.953	29.997	69.688
227.271	221.882	27.954	68.435
228.367	223.823	26.588	70.362
228.130	225.018	28.025	67.637
259.028	221.134	32.123	70.426
222.463	226.041	31.579	65.333
255.892	222.703	31.515	68.180
220.261	229.314	28.987	67.658
221.834	229.389	28.520	67.521
219.812	226.531	30.719	68.947
219.949	225.064	29.750	70.799
219.560	226.438	29.294	72.189
220.437	227.716	28.792	70.317
220.136	228.271	29.139	73.512
217.175	227.010	29.984	72.226
215.621	232.805	30.403	66.157
215.468	229.453	29.216	69.393
214.238	230.441	29.148	68.566
213.423	234.759	29.575	65.384
249.261	227.710	28.627	70.108
254.275	227.803	27.728	69.970
247.236	227.716	27.709	71.951
251.956	227.841	28.676	75.399
240.694	227.794	30.546	69.667
246.858	228.438	28.706	72.929
246.783	229.169	38.000	75.510
243.243	229.389	27.299	71.827
272.508	228.334	28.329	75.077
238.876	230.358	30.496	75.059
239.808	230.911	33.871	75.209
267.770	230.905	30.676	78.937
266.036	231.505	32.636	76.009
265.598	231.697	32.951	74.833
265.490	233.269	31.511	75.184
232.483	233.394	30.308	77.012
230.177	233.375	29.001	76.264
261.208	234.743	29.362	80.899
265.605	228.723	31.008	67.992
257.382	232.076	30.659	75.084
256.229	233.078	33.190	77.362
257.029	234.187	30.088	80.995
253.510	236.995	35.114	83.381
259.067	233.046	34.153	70.677
240.411	236.568	42.869	78.049
229.286	239.920	46.116	79.269
218.245	240.982	30.857	78.622
253.898	238.646	31.256	68.149
250.763	239.056	31.459	72.294
251.266	234.863	32.474	61.813
252.345	237.800	28.063	56.369
254.155	236.890	29.125	54.489
254.337	236.582	28.627	57.142
252.924	238.297	29.604	62.619
233.957	241.263	42.822	76.360
239.194	241.350	37.871	81.209
250.022	238.810	32.454	74.976
248.696	239.022	30.593	65.843
249.900	239.335	30.018	65.100
243.009	245.724	32.543	79.193
212.103	248.425	32.492	80.832
209.452	248.686	42.810	79.683
210.723	246.425	32.500	80.762
169.044	254.243	32.096	76.561
167.118	255.042	34.365	78.732
166.824	254.196	35.741	80.048
164.839	255.155	36.748	77.976
161.201	255.347	37.784	79.301
160.271	257.436	32.956	78.721
146.110	257.901	39.184	73.506
142.987	258.668	43.580	77.197
154.663	255.800	36.965	81.544
141.244	259.304	39.424	80.532
189.457	257.672	37.948	77.571
203.875	237.759	29.718	83.480
194.654	256.129	31.092	81.256
193.018	257.953	32.996	80.917
192.794	255.619	33.717	82.318
191.081	259.122	35.245	82.544
191.844	257.517	36.183	85.093
200.206	258.189	38.172	87.905
179.374	259.855	35.514	85.720
227.556	255.307	31.160	83.806
225.264	254.198	31.270	79.741
184.989	263.604	28.484	82.558
197.017	263.356	33.803	87.771
215.197	258.573	37.522	87.423
235.730	260.064	40.698	80.022
262.795	260.562	39.330	86.813
236.606	274.822	40.142	80.718
262.120	263.905	38.150	76.850
302.064	271.200	40.937	80.818
321.650	264.318	38.576	79.419
