416.000	162.000	27.000	48.000
414.875	165.281	22.304	50.049
409.870	171.546	24.571	48.590
404.111	171.493	26.898	47.829
400.479	171.981	26.935	47.693
394.575	171.786	28.445	47.175
390.178	170.043	28.864	54.027
388.164	169.973	27.012	54.644
382.844	169.259	31.316	56.585
373.381	171.280	28.679	54.675
372.397	168.385	28.451	59.387
367.408	175.389	31.446	48.759
369.743	171.836	28.844	56.333
357.122	165.252	36.226	53.433
345.279	168.376	41.565	52.821
341.230	166.387	34.128	60.418
350.310	170.699	35.812	54.509
342.534	165.121	41.664	56.323
363.238	169.823	28.275	55.841
334.726	172.073	27.952	52.787
333.987	172.798	26.670	54.442
332.376	172.582	25.821	52.599
331.600	170.826	27.294	51.853
315.028	175.293	27.714	54.210
309.566	169.982	30.366	58.275
313.620	176.851	25.558	50.375
307.140	179.685	25.243	50.854
301.105	179.122	23.911	51.462
291.883	179.428	30.400	55.123
294.249	170.845	28.795	60.876
294.983	167.862	27.561	64.515
281.802	169.647	22.544	63.502
272.804	173.781	28.154	60.411
270.879	173.331	30.567	62.041
268.110	177.989	27.880	55.787
262.530	179.132	24.168	55.145
259.033	177.905	23.306	57.339
254.786	176.002	25.933	58.640
247.155	179.630	27.451	55.635
241.815	182.647	26.358	50.270
233.786	181.074	29.092	53.569
230.777	176.527	30.027	59.937
229.717	174.753	28.343	61.466
222.753	177.691	26.260	55.368
217.240	182.416	24.633	49.759
212.763	184.406	24.470	51.279
206.917	185.183	28.059	49.270
200.689	182.995	27.227	54.129
195.975	184.166	26.577	49.044
189.184	183.926	28.048	51.607
184.673	180.702	29.467	56.676
183.231	178.624	23.774	56.645
176.792	185.473	26.112	49.874
170.603	181.027	26.558	53.752
170.403	179.014	25.458	53.981
161.715	169.210	29.825	55.164
150.773	175.687	28.226	55.145
148.205	177.813	26.888	54.898
145.918	179.166	26.375	53.306
141.906	178.229	25.979	53.812
135.713	176.640	27.952	54.815
131.085	180.445	28.630	50.187
126.001	181.992	26.591	48.260
120.598	180.700	28.647	50.649
116.164	178.886	27.187	50.958
112.000	177.616	26.763	51.009
106.826	179.497	28.439	49.212
