124.000	392.000	57.000	59.000
131.193	375.288	52.641	57.155
137.676	361.372	51.153	51.704
147.484	346.558	52.407	44.644
158.164	335.633	52.707	45.731
169.070	328.041	53.714	40.420
180.482	323.867	56.181	39.000
192.256	323.353	62.030	43.872
207.996	326.525	53.984	41.187
222.950	333.508	52.686	43.653
237.076	344.236	53.338	52.140
248.519	365.408	51.975	49.430
257.031	386.967	49.446	49.184
263.614	410.764	47.893	45.089
259.959	389.858	45.742	48.008
257.586	371.785	46.413	51.529
257.788	358.881	44.576	51.581
260.149	342.180	46.653	56.844
259.913	335.015	48.071	41.756
272.733	333.543	52.460	37.959
270.492	331.330	62.436	39.075
286.286	333.279	51.610	39.474
295.416	338.507	43.644	40.218
302.705	349.193	44.827	48.509
307.323	372.271	45.886	43.248
307.757	394.725	47.940	47.951
306.345	393.473	49.556	50.121
301.516	375.199	51.950	58.353
295.493	359.789	52.576	53.886
290.454	345.931	53.193	51.030
286.955	335.688	52.098	48.346
283.784	324.884	52.168	48.476
281.178	312.507	50.953	49.818
278.156	299.519	51.361	52.551
276.506	291.460	50.817	49.306
274.694	285.732	51.883	50.700
273.190	283.999	52.769	51.934
273.349	285.694	52.036	52.632
273.384	293.865	50.014	55.799
273.200	308.203	47.205	55.254
261.677	341.117	53.525	54.173
254.347	358.629	50.808	56.961
246.441	386.697	52.736	51.776
234.373	402.958	51.981	48.505
223.053	379.985	49.997	50.757
212.455	357.124	49.037	54.732
204.266	344.720	47.478	51.714
198.688	334.326	46.125	46.769
194.834	322.272	46.746	42.919
192.003	314.001	48.455	39.477
195.135	308.517	47.306	38.937
198.053	305.068	51.259	35.707
212.164	304.162	48.882	33.864
225.739	303.468	44.570	36.213
241.210	304.968	36.218	38.563
242.525	287.784	42.690	56.577
243.112	280.032	60.176	64.621
266.439	295.289	70.642	76.066
296.983	312.433	74.891	67.879
321.500	313.797	64.706	77.869
145.105	282.737	60.681	77.637
102.224	286.306	52.102	67.255
133.535	277.351	51.648	57.433
133.596	281.400	47.299	59.775
102.830	289.437	49.276	63.465
103.707	295.907	49.999	63.321
104.433	294.129	48.351	65.741
102.338	291.897	46.256	67.164
110.882	301.974	37.225	63.561
112.986	306.694	34.401	59.096
114.925	306.806	31.348	56.312
114.709	308.700	32.915	55.401
118.075	302.392	39.114	57.178
120.525	305.689	40.643	56.265
121.024	285.123	45.210	60.616
121.760	270.795	46.019	60.598
125.825	278.167	49.055	49.580
129.765	278.233	46.595	48.548
135.696	278.898	44.923	47.751
132.481	279.537	44.796	46.003
139.215	280.119	43.260	46.528
136.602	277.384	43.717	49.214
132.495	280.889	47.754	45.296
138.763	312.487	46.362	47.054
135.572	288.034	45.529	51.874
137.998	285.274	45.658	52.541
145.841	295.856	57.669	67.394
130.202	299.593	54.165	55.080
132.828	285.068	48.739	50.273
145.630	285.008	48.975	54.628
135.443	286.323	47.960	47.176
156.343	290.428	45.296	50.908
137.632	285.643	57.609	61.566
122.151	289.257	69.890	53.272
102.299	283.438	59.023	58.383
96.926	277.494	54.690	63.620
97.130	280.127	61.669	60.672
103.254	289.192	60.617	61.422
80.250	288.942	74.250	64.491
78.050	290.053	55.299	68.332
66.795	281.883	52.547	67.259
79.529	281.336	51.866	85.554
52.578	289.255	59.880	84.572
44.839	287.978	55.704	71.967
66.566	304.925	53.316	68.952
63.812	307.941	49.601	69.933
57.196	310.595	48.546	69.361
41.088	309.130	52.733	66.978
42.234	316.634	47.063	63.953
23.802	306.200	55.448	69.743
7.826	306.254	56.207	71.342
0.000	293.374	53.938	86.000
0.000	311.900	51.010	80.522
0.000	304.565	40.597	86.724
0.000	306.801	36.667	98.119
0.000	309.998	29.822	105.538
0.000	349.251	38.275	82.109
0.000	326.011	30.200	98.418
0.000	330.076	29.532	89.457
0.000	319.895	28.857	81.305
0.000	318.646	27.536	75.255
0.000	316.310	27.560	65.197
0.000	325.896	29.215	68.818
0.000	329.067	29.128	60.929
0.000	329.726	28.396	58.535
0.000	317.479	26.196	66.138
0.000	311.399	23.212	73.068
1.007	318.128	25.717	80.276
0.000	333.148	28.707	86.690
0.396	367.904	28.522	71.300
0.887	389.217	30.397	60.694
1.019	389.408	26.680	58.782
0.474	399.806	25.635	57.722
0.000	404.545	28.598	56.738
1.111	393.736	28.982	56.978
2.010	380.233	37.174	63.531
2.274	394.130	27.934	65.076
1.251	388.492	30.896	67.543
1.720	385.677	29.641	70.142
0.000	369.256	23.497	69.665
2.372	365.537	55.242	37.116
0.938	364.892	45.418	36.815
0.000	365.598	37.638	36.058
6.194	361.896	52.003	36.216
4.903	355.628	50.214	46.086
1.645	352.546	52.994	45.431
4.684	352.383	59.599	43.423
39.607	346.997	46.738	43.518
31.843	348.649	40.310	39.869
15.353	350.876	41.423	38.101
3.822	350.965	38.357	40.379
0.822	353.136	26.781	38.269
0.000	357.178	16.488	35.471
15.588	359.278	27.434	28.153
6.524	358.611	24.513	30.454
0.000	360.364	20.083	29.436
1.238	356.507	20.368	30.863
3.450	357.315	32.317	29.464
1.947	350.025	36.707	38.936
0.619	340.617	46.317	48.302
5.711	326.164	65.854	62.266
0.000	325.563	59.238	74.173
0.000	321.929	55.148	83.287
0.000	338.823	51.669	92.393
0.000	340.319	41.235	84.300
0.000	355.090	33.544	83.849
0.000	362.504	44.521	75.822
0.000	356.528	51.668	84.816
23.744	310.294	60.568	87.462
11.876	290.623	68.969	87.631
2.593	284.309	63.158	102.854
1.460	286.658	55.116	106.388
0.000	294.764	50.133	96.003
0.000	300.422	43.946	93.773
0.000	304.777	42.009	88.640
0.000	301.112	40.374	100.293
0.000	304.538	33.510	91.007
0.000	306.162	31.148	86.538
0.000	308.281	31.441	81.970
62.125	326.639	47.646	67.618
45.519	297.415	56.203	78.364
39.253	285.042	56.585	103.013
37.876	300.100	60.146	107.499
21.163	300.972	61.703	114.400
6.938	288.616	63.336	108.491
4.928	287.464	52.649	105.425
0.030	305.043	43.475	94.243
0.000	313.054	30.942	84.667
0.000	316.081	25.870	76.712
0.000	307.427	41.885	85.391
84.835	293.645	48.010	89.871
69.610	293.173	49.614	85.208
53.672	296.736	56.464	87.508
42.128	292.515	53.322	87.264
36.898	291.071	45.894	84.198
28.293	286.543	44.287	79.763
21.160	293.650	50.608	70.724
23.062	298.410	44.062	64.706
25.261	307.039	46.072	62.941
14.941	302.414	45.958	64.054
6.557	303.349	44.308	69.686
0.518	302.236	46.647	74.500
0.993	304.678	43.002	77.036
0.000	299.702	40.091	82.925
1.039	297.396	39.267	85.554
0.000	296.687	42.635	91.093
2.675	289.972	57.889	95.071
0.000	286.097	43.335	107.094
0.000	306.094	50.878	94.268
78.514	262.118	89.193	50.112
59.700	265.962	107.617	64.247
51.068	266.004	119.934	59.780
106.963	273.496	71.329	64.557
13.015	269.584	76.530	67.623
30.056	270.782	72.290	60.452
32.310	271.920	62.479	68.025
36.099	284.481	66.494	71.182
43.155	277.589	73.404	85.673
59.928	272.089	71.782	94.549
69.765	278.222	77.064	93.117
122.160	284.081	75.238	81.363
144.806	286.757	53.701	73.976
141.822	296.374	45.324	68.332
135.780	296.432	42.874	68.041
125.238	302.456	45.220	63.141
118.050	305.989	45.715	59.541
109.493	304.455	45.384	62.276
95.443	291.120	45.987	78.712
83.928	279.256	45.117	85.714
63.319	290.847	58.627	76.761
54.017	293.007	51.640	77.535
40.449	305.764	57.891	70.269
20.884	321.101	68.704	73.984
29.356	300.926	65.708	75.551
36.143	275.168	53.132	90.985
12.969	281.799	58.592	102.184
0.000	290.218	71.118	101.556
0.000	278.364	60.851	101.119
0.000	266.607	48.094	105.920
0.000	264.342	52.512	99.411
0.000	261.525	35.481	103.086
0.000	268.508	45.766	98.412
1.488	262.235	49.157	99.683
4.381	265.640	53.801	110.244
13.352	282.738	74.098	103.074
4.367	315.545	73.122	109.951
31.838	293.196	68.978	86.935
3.305	307.169	72.598	98.809
2.019	352.120	60.094	81.872
0.000	354.885	59.099	82.146
6.655	330.211	67.698	92.645
2.369	292.899	66.482	110.155
0.000	320.563	77.260	108.724
0.000	283.877	74.236	123.995
0.000	275.387	143.909	116.136
19.128	226.991	223.679	156.471
97.957	272.350	264.798	135.218
235.497	258.752	245.608	136.731
511.909	241.979	125.875	162.613
556.768	375.174	75.155	85.723
562.225	433.017	54.794	69.446
550.053	468.728	61.623	62.882
530.353	475.223	57.610	62.634
512.142	440.903	54.857	65.157
493.154	409.321	55.513	60.393
483.958	381.308	49.185	57.728
478.619	361.097	48.382	52.843
479.140	345.493	52.864	51.946
498.402	313.079	44.158	59.808
520.335	307.432	50.239	47.608
532.059	304.364	43.771	45.348
535.465	299.473	42.863	42.962
534.304	299.724	43.950	36.911
535.643	302.255	41.972	41.077
542.280	303.846	41.512	36.025
553.339	303.567	38.077	33.806
561.882	299.476	36.723	36.575
568.752	296.594	38.692	39.226
569.993	292.050	38.537	39.089
561.862	286.841	43.899	39.506
546.301	283.925	47.828	40.132
527.259	284.362	50.590	41.509
515.480	285.515	51.045	50.869
514.297	293.760	51.317	50.602
520.020	300.679	50.376	49.250
533.103	309.780	51.809	47.175
544.100	320.440	51.793	51.884
550.126	338.258	50.927	52.296
545.632	364.374	57.255	60.107
552.779	407.792	54.184	57.434
556.581	448.334	50.137	62.238
552.383	489.157	51.072	62.647
538.208	529.955	60.768	46.045
546.556	518.961	53.516	55.907
545.898	482.852	50.666	64.724
545.174	446.953	51.107	62.284
543.660	410.630	53.440	62.820
539.920	379.508	55.860	61.623
534.314	360.222	53.595	57.971
529.713	340.513	49.353	51.402
528.070	326.347	51.932	51.899
527.807	314.665	53.330	48.681
528.958	304.876	53.000	47.765
532.578	296.511	49.866	51.369
531.663	287.804	50.279	61.028
527.746	286.166	61.086	78.669
509.724	286.601	76.504	87.916
521.347	281.050	74.707	85.511
529.032	283.962	74.531	81.405
542.536	294.699	70.104	91.582
549.577	296.575	64.384	83.310
538.068	303.755	73.344	93.477
518.422	333.855	103.101	89.803
536.011	307.521	90.122	92.352
517.940	304.880	98.065	95.579
512.531	339.202	70.784	86.492
592.612	303.674	56.750	60.834
602.887	310.366	56.209	49.737
615.085	317.801	52.870	48.192
622.018	328.894	52.863	49.405
631.298	340.290	55.874	53.150
638.956	358.169	57.213	57.909
644.071	377.478	55.534	64.885
638.166	405.428	53.309	66.151
636.702	439.363	46.284	61.630
616.403	422.001	70.135	68.151
587.894	376.418	81.315	87.461
566.538	465.209	83.182	80.279
555.378	442.672	61.686	65.767
546.472	415.304	50.877	63.806
537.330	394.151	50.141	53.461
533.206	378.252	47.769	48.564
531.195	366.390	46.923	47.622
530.882	358.606	45.523	41.197
534.804	350.951	43.528	39.409
539.924	342.002	45.567	41.889
549.821	335.250	49.899	41.398
560.716	331.405	47.374	40.373
563.553	330.220	46.687	42.085
568.901	330.509	46.890	46.216
574.720	343.879	47.658	50.989
580.258	367.560	50.429	55.120
587.084	402.528	49.481	57.374
594.828	433.027	49.995	56.766
602.602	472.858	48.246	49.836
612.145	456.217	52.673	54.588
621.754	433.589	47.677	54.989
632.543	411.145	46.763	49.968
639.644	391.242	55.793	47.931
641.378	376.057	75.327	67.168
662.535	376.349	80.036	85.533
651.503	329.199	79.273	99.753
673.295	333.042	73.259	111.493
671.611	306.142	70.254	103.122
672.303	301.269	63.246	95.926
670.982	295.769	65.109	84.069
669.826	298.569	60.157	75.988
665.530	298.382	60.377	69.769
659.980	297.205	60.966	72.895
650.138	295.222	59.962	77.016
631.966	292.462	72.975	75.444
615.358	295.194	77.014	100.685
547.085	306.620	79.608	76.002
549.439	319.864	66.565	62.624
575.426	330.336	49.026	56.157
560.930	338.885	57.327	71.093
567.149	378.850	43.208	67.456
568.250	425.369	50.905	56.325
573.744	440.917	50.325	58.805
574.855	425.173	56.799	66.008
600.265	378.065	51.226	69.822
615.570	357.955	51.311	55.860
618.349	328.467	59.614	72.573
634.827	314.714	48.593	66.727
639.532	299.066	69.789	66.136
648.415	279.348	56.188	76.607
643.627	291.963	61.842	76.918
640.696	312.616	71.570	71.722
645.428	295.353	72.978	78.685
638.858	317.209	68.772	65.376
626.576	314.917	68.807	80.312
650.185	321.347	72.513	81.291
659.306	315.572	64.750	70.364
667.307	323.601	54.953	58.061
672.985	317.818	54.932	55.541
584.923	316.125	52.384	66.500
596.103	302.261	66.240	74.802
582.029	315.977	77.615	80.464
558.229	292.323	90.250	83.704
535.737	310.323	113.434	98.547
517.442	317.459	122.683	65.908
508.735	307.527	83.264	63.892
495.192	282.340	75.022	74.190
479.658	291.655	71.310	64.564
455.841	309.641	90.844	55.004
505.058	270.995	71.023	73.819
426.984	350.965	55.257	60.237
421.885	386.125	47.051	58.734
422.189	416.884	46.991	54.384
428.016	402.877	51.691	60.237
453.471	371.006	53.792	59.222
481.052	343.957	46.710	54.479
507.100	316.388	52.259	54.996
529.676	298.253	45.725	49.530
541.684	285.746	45.871	46.877
549.902	273.206	43.526	46.268
550.626	263.553	45.573	45.454
552.773	253.598	42.816	44.818
552.812	244.487	46.211	42.706
553.851	240.809	50.750	43.571
555.421	236.023	48.570	43.718
557.140	231.424	45.769	48.245
555.694	231.707	49.239	40.076
553.199	230.282	45.669	37.826
550.689	228.802	43.578	37.879
548.439	228.844	43.830	35.690
545.201	230.251	42.610	35.084
543.071	234.512	39.700	35.471
539.896	240.620	38.394	36.052
536.389	247.851	37.692	35.247
534.186	257.336	37.221	37.459
532.584	268.394	37.845	37.520
532.275	280.052	38.806	41.382
532.115	296.033	35.451	44.436
530.795	317.884	37.660	47.028
530.967	344.556	37.569	45.225
532.455	378.112	37.575	43.478
533.214	404.695	37.810	48.638
534.015	405.905	41.244	48.467
539.700	385.463	38.104	51.475
543.655	360.254	38.191	44.628
542.892	339.637	35.487	43.547
537.038	327.410	40.320	40.199
540.830	306.572	41.859	54.476
541.672	283.173	47.270	61.098
547.223	268.889	65.255	64.917
541.951	273.028	62.516	85.975
441.837	333.455	78.172	58.974
455.802	327.861	72.209	68.762
467.470	324.899	67.488	71.491
506.172	329.240	57.469	66.418
517.994	335.102	52.439	64.106
520.093	315.199	56.403	56.244
505.043	262.085	53.101	41.670
498.068	268.777	38.505	38.191
492.688	276.638	35.134	33.276
484.434	283.883	37.667	33.801
480.936	288.236	36.488	36.011
478.119	291.314	36.700	36.121
477.310	292.439	37.337	34.898
476.129	291.761	37.799	34.864
474.888	288.420	37.968	37.740
472.777	283.208	39.164	38.846
471.949	279.198	38.561	38.643
472.128	273.786	37.886	41.045
476.776	268.345	38.410	40.148
481.861	264.708	39.647	38.187
487.264	262.577	40.135	35.125
492.839	260.731	39.361	35.547
493.841	260.298	38.032	35.051
494.710	260.186	37.223	35.128
492.989	262.580	38.323	34.314
492.210	265.492	38.018	36.444
490.967	269.392	38.454	36.599
490.814	271.764	37.810	36.203
490.139	273.020	38.149	34.949
489.735	273.619	38.270	33.984
489.449	273.671	38.063	34.400
485.507	273.377	38.907	34.946
479.640	273.825	38.316	33.955
474.848	273.585	37.217	34.075
470.392	273.753	37.324	33.361
466.611	273.568	38.954	35.352
463.498	273.248	38.986	34.669
461.054	272.709	39.952	34.813
460.297	272.332	39.244	36.887
459.560	271.885	39.502	35.023
459.050	271.271	39.272	34.376
458.957	270.539	39.572	33.083
458.262	270.180	40.315	33.220
456.562	270.237	41.662	33.848
454.418	270.347	43.380	33.950
451.890	271.044	43.039	34.118
445.013	272.928	45.930	34.151
438.149	274.330	43.694	35.302
431.220	275.876	41.206	35.889
427.292	277.276	41.552	34.859
422.644	278.436	42.150	35.550
418.720	279.074	43.265	34.982
415.699	279.410	43.504	34.863
413.674	279.181	42.827	34.916
413.491	277.675	40.665	36.234
414.207	276.779	41.349	36.314
416.897	275.762	40.305	35.840
418.988	275.498	42.316	35.323
421.276	275.854	45.073	35.179
422.606	275.728	44.888	34.798
423.505	276.490	44.263	35.150
424.267	276.452	41.537	36.608
417.852	274.244	41.614	38.145
412.065	275.250	42.321	36.505
408.596	274.952	39.064	36.043
403.223	270.110	44.918	34.796
408.128	264.564	41.202	37.517
411.615	264.256	38.975	35.493
416.944	262.549	38.739	35.334
424.667	259.523	43.004	35.179
434.859	256.401	41.319	36.264
444.762	256.233	47.156	35.154
456.923	255.239	49.954	36.632
466.732	254.705	49.495	36.934
469.587	255.218	48.173	37.489
467.544	255.739	46.442	37.507
460.271	256.104	51.738	38.188
452.908	257.953	52.206	37.260
445.987	260.858	50.900	34.213
444.359	259.641	49.405	36.058
440.415	259.237	48.782	35.177
432.458	257.623	45.473	35.511
426.687	256.762	42.342	35.044
422.720	256.066	40.259	34.284
417.838	255.033	40.168	33.951
411.533	254.462	41.067	32.469
403.765	252.843	41.851	32.298
394.561	251.090	40.472	32.693
387.650	249.013	39.303	34.230
381.605	247.177	40.036	33.373
379.565	255.433	40.989	47.884
376.386	256.038	49.905	59.420
354.353	256.533	75.488	84.522
333.868	320.150	61.712	77.731
338.582	310.157	59.296	80.589
335.818	285.362	61.040	98.131
327.406	271.577	80.351	110.917
330.827	257.816	64.974	117.863
324.565	253.441	56.519	120.066
315.170	210.486	51.800	49.479
310.474	211.747	42.432	38.039
302.256	209.367	41.638	36.447
293.964	207.195	42.247	35.697
287.715	205.742	40.834	35.390
283.672	204.563	39.392	35.610
279.962	203.611	38.531	35.255
277.662	202.586	39.174	35.080
276.043	201.360	38.770	35.593
273.832	199.985	38.846	36.387
270.782	199.725	38.850	35.509
267.585	199.586	39.156	35.798
263.578	199.862	39.065	36.143
258.206	202.348	40.645	38.875
251.432	207.262	42.042	41.132
247.374	214.633	39.711	38.037
245.683	216.429	38.169	36.974
246.262	216.314	38.083	36.557
246.864	214.719	37.278	35.270
245.632	213.677	38.778	34.938
239.378	212.138	41.369	36.308
232.694	210.663	41.742	36.569
227.290	211.086	42.020	37.290
223.680	215.796	41.418	35.804
221.806	220.981	40.740	35.305
221.223	226.202	38.039	33.806
221.525	228.720	39.919	34.313
223.522	232.496	38.923	34.227
229.492	231.893	38.523	35.027
237.972	230.215	41.695	35.803
244.630	231.184	38.572	34.755
247.838	236.521	37.920	34.266
247.390	239.121	38.014	32.840
248.396	238.353	38.435	33.622
252.946	237.785	35.440	33.588
257.460	238.661	36.086	33.827
262.197	236.672	37.764	34.403
269.490	231.371	39.819	36.443
275.406	229.457	39.971	34.953
281.495	227.509	37.836	34.686
288.321	223.560	42.684	36.801
302.372	216.844	44.742	41.182
318.157	215.362	46.042	42.829
333.067	213.381	48.193	55.867
348.960	214.232	53.290	74.550
358.853	212.622	59.141	91.586
355.152	319.779	60.699	81.031
201.327	381.968	68.350	75.003
221.677	379.264	61.699	75.922
242.514	354.008	82.176	83.557
258.748	280.152	81.850	78.560
268.324	273.946	93.049	83.483
270.390	269.203	107.733	92.702
290.267	248.096	85.654	112.339
311.373	253.837	80.160	96.690
335.810	268.978	78.949	92.976
365.779	236.814	72.564	107.981
390.036	229.859	78.999	111.954
403.705	197.390	85.256	122.601
411.914	159.999	89.273	120.962
407.794	165.462	126.828	128.527
384.555	213.499	141.991	135.109
536.739	231.526	141.414	119.211
518.068	212.410	118.236	139.558
465.535	290.784	95.881	112.700
504.424	295.879	68.942	103.203
483.037	307.254	83.260	101.899
479.363	295.190	59.532	117.156
492.720	315.654	63.172	82.357
495.914	321.801	59.887	72.987
471.069	313.712	74.702	85.151
493.059	319.832	72.995	96.192
482.801	311.757	88.331	100.748
523.412	318.374	72.144	79.165
510.689	304.274	73.638	73.780
537.923	314.045	57.558	65.339
511.224	285.140	65.466	73.597
517.956	260.902	61.075	85.830
528.836	246.865	62.973	97.635
534.780	254.457	68.740	104.580
557.286	283.490	69.079	101.194
547.809	315.030	53.942	78.506
572.117	303.648	53.235	76.902
587.869	310.514	53.461	68.776
608.148	321.285	59.783	63.808
506.971	378.889	39.178	47.176
500.754	383.415	33.182	37.998
487.131	385.216	34.508	35.397
467.240	383.485	39.898	38.569
451.086	374.094	45.010	48.410
426.511	335.777	48.385	48.450
443.542	330.389	38.696	53.245
429.230	316.406	47.481	58.292
420.109	294.192	59.333	72.332
401.580	281.179	59.242	79.785
393.451	292.901	69.882	89.486
386.181	295.031	63.199	89.879
372.286	327.496	67.899	61.328
376.377	307.310	60.022	77.607
372.941	315.631	61.336	73.681
367.741	327.622	57.541	56.285
364.612	317.662	50.652	62.416
357.676	303.939	50.963	58.137
353.291	313.264	55.653	59.398
361.831	315.472	54.423	64.494
353.868	300.872	55.293	72.784
317.271	311.127	64.685	56.002
292.135	314.467	68.171	48.353
295.452	316.947	66.540	47.967
301.017	324.041	66.457	42.157
306.838	320.571	66.330	46.429
301.984	317.492	71.742	50.468
284.576	327.327	70.598	45.985
298.593	320.218	80.398	64.279
337.539	302.035	71.270	68.166
361.115	328.946	41.495	63.238
377.993	315.353	58.953	46.474
398.516	317.998	57.076	41.374
390.056	318.771	67.779	45.734
407.881	314.145	61.900	45.535
411.691	315.537	57.538	42.830
410.341	316.613	57.407	39.594
410.050	316.157	61.978	40.347
415.503	315.324	59.702	41.658
416.338	316.533	60.686	40.394
413.370	315.966	63.407	41.098
424.983	316.238	64.432	40.630
409.733	315.346	68.687	42.026
418.506	317.371	75.412	41.202
411.870	314.199	70.518	46.023
407.088	313.266	81.096	45.487
409.279	317.400	83.433	45.222
370.029	323.462	84.097	51.087
353.399	328.379	56.626	41.911
363.516	321.727	47.418	45.314
369.401	316.718	44.992	51.870
374.171	321.043	54.052	49.731
353.335	292.896	63.125	69.068
389.849	301.490	59.484	68.905
397.315	304.184	50.757	66.181
388.280	297.945	57.728	64.504
385.354	277.112	69.375	78.048
370.991	240.077	70.901	97.815
381.303	213.522	57.869	65.336
382.525	213.581	54.296	39.461
400.676	214.815	40.053	34.008
408.581	215.456	33.411	32.717
411.345	214.774	31.843	30.723
413.348	214.301	29.694	29.548
414.847	213.747	28.793	29.974
414.810	213.089	29.018	30.177
413.882	212.376	29.240	30.117
412.713	212.495	29.744	29.756
411.822	212.186	29.142	30.359
410.989	212.265	28.953	29.199
409.008	212.663	28.819	28.799
406.134	212.737	28.078	29.366
402.595	213.574	26.910	29.104
397.929	212.976	28.295	30.462
396.177	213.529	29.707	30.435
394.126	212.746	29.588	30.598
390.822	212.389	29.623	30.500
383.745	213.199	30.682	30.040
381.015	213.019	30.114	30.737
378.235	213.614	31.132	29.913
375.974	214.683	31.428	29.142
372.667	215.419	32.556	28.563
369.932	216.207	32.682	30.118
368.743	216.915	32.590	30.197
367.967	218.827	32.474	29.545
367.534	219.657	32.525	29.758
367.090	220.422	32.119	30.669
367.175	222.539	32.616	29.496
367.829	222.918	31.881	30.124
368.621	224.415	31.731	30.320
369.260	224.668	31.867	29.065
368.783	225.001	32.122	29.278
368.812	225.092	32.169	29.406
368.747	224.934	32.332	29.857
368.856	224.951	32.235	29.984
367.713	224.811	32.601	29.704
367.013	224.232	31.766	29.684
366.372	224.111	31.746	29.586
365.056	223.973	31.657	29.617
363.283	223.447	31.806	30.655
361.644	223.091	31.528	30.486
359.658	223.629	31.334	29.287
357.733	224.419	30.996	28.579
355.085	225.147	31.360	28.728
354.405	226.288	30.513	29.224
352.616	226.983	30.232	29.326
350.651	227.400	30.690	29.154
349.402	227.873	30.131	29.452
347.733	228.400	30.324	28.779
346.777	228.600	30.262	27.975
346.006	228.284	30.232	29.066
345.038	228.323	30.501	28.945
344.543	228.420	30.533	28.172
344.325	228.654	30.484	28.159
344.314	229.537	30.213	27.820
344.883	230.576	29.928	28.111
345.396	231.557	29.854	28.014
345.747	232.612	28.505	26.991
345.359	234.044	29.061	25.745
344.847	235.499	28.802	26.512
344.398	236.419	28.672	28.552
343.572	237.489	28.938	28.599
343.186	238.433	28.908	28.671
342.164	239.199	28.765	27.221
341.059	239.353	29.391	26.584
339.997	239.266	29.233	26.169
338.982	239.205	29.015	25.400
338.048	239.335	28.925	25.324
337.620	239.252	29.205	24.983
337.291	238.900	28.471	25.130
336.486	238.900	28.999	25.506
336.163	239.461	29.255	25.438
336.207	240.700	28.140	25.622
335.962	241.537	27.896	26.754
334.305	243.203	28.706	28.219
331.448	244.813	28.400	30.055
327.571	247.198	28.395	29.661
323.157	248.307	28.329	30.887
318.701	250.754	28.278	30.034
314.253	252.999	28.783	29.093
309.505	255.737	28.740	28.994
304.900	258.249	28.104	28.985
300.273	261.067	27.682	30.016
295.275	262.902	28.390	29.591
289.955	263.993	29.040	29.320
286.360	265.289	28.145	30.588
280.408	267.051	29.197	30.967
276.892	267.063	29.346	30.899
272.167	266.746	28.757	35.926
268.635	267.395	28.467	36.821
263.934	268.935	34.777	41.076
253.381	266.637	41.639	40.184
249.748	285.225	63.182	46.810
247.735	296.866	76.352	54.573
230.700	289.336	71.354	60.699
200.536	257.946	73.230	75.824
197.653	240.245	69.758	88.048
209.229	273.265	79.680	74.756
207.487	294.495	77.416	53.001
216.136	297.169	71.840	54.797
224.968	296.047	65.025	57.933
208.913	283.251	63.681	60.491
229.997	297.997	51.448	48.669
228.551	301.724	46.981	42.797
226.884	301.330	50.904	41.625
228.484	299.370	53.206	42.731
230.563	299.427	49.563	43.902
232.634	299.126	50.000	41.986
231.282	298.733	48.493	43.547
237.301	300.666	46.185	42.854
239.482	301.394	47.509	42.598
241.156	301.024	48.383	42.399
242.969	300.246	48.320	42.682
245.265	300.507	48.821	42.622
244.134	298.598	46.440	45.292
245.777	299.842	49.663	40.228
247.798	299.002	49.515	39.145
246.363	297.646	50.695	39.816
244.692	299.955	56.635	38.279
231.309	298.414	61.621	39.194
233.337	297.878	59.451	39.317
236.239	299.316	58.009	40.223
233.808	296.277	61.848	41.080
246.547	298.068	49.589	41.775
247.487	298.776	49.932	39.781
247.227	297.337	49.638	41.104
244.988	296.132	53.042	42.312
244.650	296.281	55.089	41.337
206.685	284.967	54.180	42.042
224.577	284.377	59.580	46.053
213.621	282.030	51.699	42.587
219.215	279.731	47.844	36.075
234.219	275.204	36.618	38.564
239.521	270.440	31.600	36.022
241.258	268.146	30.237	32.512
242.453	265.614	30.398	27.918
242.308	265.515	31.421	26.326
242.196	264.798	31.979	25.419
244.218	265.583	30.767	26.966
245.383	267.331	31.411	28.265
246.821	271.026	33.444	31.226
251.888	278.917	32.013	33.708
252.255	286.204	35.129	34.513
252.252	294.976	38.007	41.721
255.618	297.154	38.221	49.237
256.125	300.609	39.934	59.358
254.386	298.705	42.502	63.051
250.105	303.655	45.424	63.411
259.100	318.108	42.782	67.815
257.218	313.538	42.404	64.804
263.680	312.999	37.274	61.772
262.617	295.336	39.923	59.146
262.937	290.190	38.855	49.249
266.932	288.514	34.721	39.306
264.902	283.282	35.476	39.308
268.495	277.368	34.390	44.002
265.207	274.295	38.065	44.526
261.429	274.076	43.727	43.773
259.336	273.480	43.344	46.355
260.356	275.330	42.476	42.872
258.228	276.777	42.681	43.330
260.506	276.766	42.381	43.548
260.033	277.822	43.930	44.574
261.990	278.478	45.237	45.199
265.189	277.207	45.921	42.510
264.777	277.055	46.964	44.306
269.139	274.921	46.356	45.237
264.691	272.846	55.637	54.011
266.387	275.478	59.865	53.488
275.947	273.327	54.474	53.977
281.434	268.212	48.194	58.532
285.215	270.379	51.593	58.049
294.362	276.520	49.157	66.393
304.011	269.167	50.470	46.064
313.119	270.790	38.231	39.142
318.871	266.485	36.713	37.850
328.677	259.804	31.951	33.903
332.626	255.866	30.727	30.935
335.749	251.634	29.794	30.279
338.134	248.541	27.897	29.105
337.889	247.612	28.751	27.880
338.402	247.114	28.960	27.775
338.355	247.788	29.189	27.666
338.739	249.777	28.954	27.627
337.823	253.575	29.862	28.060
336.008	259.669	31.010	29.390
335.905	266.343	28.655	36.632
332.302	278.217	29.110	42.105
327.328	290.901	32.670	41.170
323.902	303.657	33.356	46.623
322.554	335.126	34.760	41.357
320.273	348.378	34.643	36.303
317.028	334.542	32.577	41.125
301.376	313.646	38.956	46.708
294.838	301.213	47.526	48.859
286.872	288.769	43.328	47.855
284.818	272.996	36.751	46.675
284.772	274.082	39.496	46.650
280.647	273.977	40.404	41.981
274.577	269.140	41.049	42.135
273.633	267.370	38.688	42.614
272.375	266.712	41.017	44.425
268.224	263.333	40.711	36.809
267.276	261.825	39.045	40.425
266.858	262.574	39.972	46.247
269.594	258.383	34.910	36.275
273.104	260.478	31.875	34.303
275.132	261.999	32.752	34.047
277.893	262.260	31.963	33.906
279.445	262.640	32.813	31.828
278.936	260.839	34.972	32.137
284.093	261.580	35.255	39.143
284.388	260.337	38.870	33.490
287.411	260.211	35.598	33.662
291.373	259.832	33.669	30.879
293.264	259.554	34.408	30.919
292.527	259.172	34.995	33.884
293.408	259.121	35.714	33.791
293.394	259.196	35.158	33.592
293.576	259.453	34.389	32.751
293.477	259.523	35.360	31.121
293.286	260.064	36.049	30.445
294.235	260.128	35.051	31.904
295.782	260.075	34.721	31.395
296.757	258.323	34.411	31.830
297.062	256.089	35.175	32.971
297.324	252.362	33.475	35.020
297.401	249.912	31.229	33.637
297.052	246.254	32.018	32.778
295.640	243.038	31.445	33.530
295.446	239.312	30.248	34.942
294.956	236.734	32.509	33.549
294.068	235.179	33.313	30.461
294.625	235.670	33.220	30.339
294.870	235.748	33.225	29.482
295.936	235.776	32.188	29.462
295.871	236.849	32.801	28.879
296.100	237.120	32.262	27.955
296.097	237.212	32.115	28.227
295.078	237.518	32.679	28.423
292.905	237.687	34.043	28.581
290.878	236.510	35.287	29.318
287.962	235.315	34.952	29.363
284.947	233.277	33.329	30.555
282.092	231.326	32.058	32.027
280.801	228.994	32.278	32.217
279.355	226.626	33.610	32.817
278.831	224.188	33.574	33.225
279.010	221.984	33.572	33.336
280.452	219.802	33.959	33.939
281.456	217.474	34.119	33.571
283.474	215.036	34.232	32.920
286.599	212.368	34.055	32.250
289.857	210.104	34.853	31.626
293.936	208.271	34.430	32.394
298.486	206.734	34.071	32.926
303.842	205.470	34.557	32.145
308.951	204.136	35.095	31.389
313.441	204.067	35.535	30.927
316.955	203.520	34.715	30.484
318.295	203.298	35.333	31.140
319.166	203.300	35.393	31.149
319.271	202.783	35.354	31.121
318.910	202.511	34.803	30.345
318.307	200.982	35.025	31.214
317.837	200.863	34.636	30.862
316.944	199.434	35.591	32.583
315.798	197.644	37.049	33.487
315.791	196.561	37.534	35.131
315.554	195.240	38.008	35.267
315.689	194.061	38.470	36.272
316.483	192.766	38.604	36.801
317.603	192.335	38.862	36.194
318.372	191.354	39.709	35.999
319.718	190.663	39.621	35.927
320.378	189.628	40.199	36.313
321.107	188.633	40.454	37.640
321.978	188.474	40.518	36.979
322.683	188.000	41.099	36.614
323.643	186.834	41.110	37.410
325.253	185.620	41.139	37.026
327.432	184.701	40.961	37.099
330.484	183.544	40.750	36.443
332.451	182.759	41.020	36.822
333.802	182.279	41.157	36.675
334.918	181.319	41.983	37.071
337.066	180.949	42.536	37.294
340.148	180.817	41.988	37.251
341.956	180.781	42.630	37.565
344.175	180.620	41.988	37.883
346.457	180.396	41.372	38.167
348.646	180.245	40.969	38.681
349.836	179.990	41.116	38.494
350.789	180.262	41.622	37.842
351.525	180.040	42.427	37.687
352.023	179.987	42.299	37.637
352.066	179.768	42.480	37.896
351.411	179.978	41.854	37.963
350.477	180.457	42.056	37.132
350.311	180.237	41.698	37.000
350.386	180.399	41.462	37.211
351.049	180.423	41.195	37.109
352.656	180.472	40.825	36.730
354.256	180.683	40.614	36.385
356.813	180.180	40.166	36.596
360.668	179.914	41.022	36.614
365.220	179.659	40.299	36.237
370.337	179.289	39.882	36.098
375.195	179.369	40.156	35.404
380.773	178.940	39.724	35.626
386.718	179.612	39.656	35.958
392.358	179.699	40.073	36.552
396.960	180.035	40.237	37.311
398.548	180.664	40.263	38.059
398.260	181.429	41.146	38.075
395.733	181.396	41.666	40.001
391.743	182.601	42.932	40.361
385.279	184.867	45.018	41.831
378.920	189.472	45.035	42.646
371.129	193.860	44.563	42.908
364.589	198.620	44.605	41.836
364.368	201.747	43.252	42.337
367.839	206.061	42.770	41.481
370.275	212.497	41.955	41.684
371.129	221.420	42.582	43.687
371.030	231.584	42.105	43.249
367.809	240.809	42.947	41.989
362.550	244.415	44.517	39.828
355.331	244.165	46.094	39.105
349.307	244.050	44.459	39.320
345.830	242.748	43.128	40.201
345.435	236.359	44.142	48.227
347.861	226.006	44.743	45.410
349.270	222.639	43.544	42.938
350.080	221.854	43.300	42.641
347.892	224.217	43.432	41.557
345.429	224.480	43.542	40.691
342.519	224.262	43.953	41.485
333.664	226.995	47.155	43.658
325.034	231.927	47.110	45.715
323.679	235.293	44.446	44.279
330.090	235.462	44.029	44.619
338.289	231.529	45.868	44.255
346.527	230.123	43.774	44.185
350.904	229.424	43.512	42.783
355.868	228.276	43.574	40.985
360.689	227.363	43.470	41.829
364.758	227.101	42.710	40.798
368.684	227.288	41.680	41.096
371.817	226.358	42.398	41.608
376.500	226.966	43.148	42.094
382.156	227.510	43.382	41.503
387.784	227.502	43.854	41.523
393.419	227.129	45.157	41.408
399.085	226.520	44.350	42.496
402.451	226.515	45.342	42.387
405.341	226.906	44.771	44.229
407.719	226.929	45.217	43.544
410.463	226.979	43.815	42.738
411.267	227.053	44.222	41.291
412.634	227.101	43.368	41.158
413.850	226.649	42.492	41.123
414.709	226.960	41.932	40.972
415.933	227.395	42.728	39.941
416.677	227.710	42.493	39.274
416.798	227.973	42.497	38.315
416.767	228.201	42.541	38.509
416.407	227.590	42.272	39.109
416.169	227.743	42.581	38.452
417.232	227.285	41.891	38.943
418.524	227.159	41.981	39.152
419.358	227.159	42.385	39.008
419.833	226.915	42.672	39.159
419.970	227.277	42.641	39.423
419.951	226.777	42.690	40.609
419.633	225.331	42.692	41.834
418.572	224.218	42.948	42.080
416.379	223.532	43.455	40.723
414.397	222.363	43.177	39.902
412.674	221.802	42.872	39.632
409.001	222.534	42.598	39.894
408.188	221.399	42.605	39.806
409.612	218.919	42.343	39.917
411.054	218.096	41.101	38.973
409.081	217.466	42.959	38.385
407.050	214.701	42.440	40.557
406.778	213.775	42.447	39.619
406.974	213.266	43.019	39.445
405.659	212.804	43.730	39.442
402.569	212.601	44.515	38.441
394.872	215.072	46.868	40.160
382.681	218.343	48.956	40.974
369.035	221.597	50.499	43.153
358.007	225.801	49.181	40.873
343.798	229.558	50.334	38.223
335.222	232.129	47.504	38.903
327.594	234.520	47.869	39.686
328.207	234.634	47.048	40.195
331.785	235.417	49.252	38.443
339.691	235.913	52.489	36.906
353.499	235.288	56.387	37.253
368.642	235.753	60.879	38.800
384.208	237.461	65.819	38.404
406.530	239.213	62.925	40.135
430.923	245.999	59.880	39.426
449.038	255.668	56.447	42.659
471.383	270.807	45.531	46.906
480.661	292.577	40.999	48.879
480.107	316.093	44.935	48.410
480.600	341.971	45.296	54.790
475.731	374.355	45.189	57.889
461.436	394.769	52.951	49.172
453.828	385.557	50.005	49.306
414.308	341.689	52.672	53.543
401.701	328.757	49.075	48.225
383.255	311.631	51.650	43.904
381.493	301.553	48.884	42.343
385.169	291.831	44.594	42.229
384.928	282.249	47.552	39.574
391.840	273.826	46.784	39.420
403.376	267.347	42.069	37.674
408.170	262.367	46.585	37.353
417.127	258.294	47.534	38.200
428.730	255.922	47.789	38.128
439.157	254.974	46.635	37.804
449.876	253.702	46.005	38.162
459.071	253.175	44.557	37.707
465.486	253.179	43.806	36.533
468.256	251.543	43.516	36.704
469.940	249.501	43.081	39.176
469.285	246.133	43.764	41.469
463.311	249.289	45.398	40.220
457.917	246.398	45.289	39.531
448.962	244.709	47.025	37.142
441.023	244.461	47.196	37.683
432.986	246.458	46.379	36.680
424.495	249.411	47.004	38.207
416.691	253.197	46.296	41.079
406.572	260.459	46.104	40.959
402.846	265.772	46.223	38.523
399.171	278.031	41.230	40.778
395.879	292.692	35.893	42.808
391.558	309.179	35.802	46.271
389.158	334.204	33.318	39.671
374.154	340.834	46.800	55.468
363.859	340.877	52.010	61.987
336.738	311.543	70.166	73.839
325.135	282.324	67.160	59.289
325.354	278.354	69.740	59.473
349.472	316.838	71.677	70.125
353.461	323.977	81.380	66.253
365.529	317.521	68.809	66.002
376.170	300.351	79.321	73.653
379.719	301.226	78.821	65.753
380.580	294.530	74.815	65.329
380.640	288.476	56.060	53.648
384.314	292.847	52.427	52.288
384.829	295.769	58.722	50.499
381.080	302.757	48.949	47.389
381.179	314.674	45.072	44.942
381.933	327.476	38.300	40.616
380.323	337.836	39.156	38.846
378.745	348.412	35.234	41.267
376.871	367.911	37.093	37.837
375.275	381.893	39.367	39.070
374.987	397.791	39.804	38.257
371.039	385.870	39.050	41.955
366.095	371.813	38.750	43.815
361.873	362.208	36.252	37.298
359.715	349.379	33.901	41.428
357.334	343.082	37.296	38.944
356.132	338.741	37.577	36.651
355.529	336.543	38.235	36.585
354.275	334.421	39.520	34.330
354.910	331.627	38.734	35.554
355.977	331.959	40.316	35.538
358.209	332.972	42.871	36.663
363.032	338.566	43.045	37.352
366.670	347.400	41.790	37.002
370.711	355.705	40.100	36.019
372.687	366.400	42.545	37.591
375.278	377.193	42.345	39.631
376.984	389.560	43.543	38.068
375.660	378.610	42.199	39.468
372.800	368.568	41.924	39.223
369.447	358.666	41.159	38.562
366.869	350.660	42.343	39.530
366.320	345.403	41.372	39.847
365.516	341.861	40.490	39.388
365.065	338.923	41.229	41.605
371.197	344.136	43.824	41.199
384.214	356.323	47.013	42.654
402.869	370.841	45.825	41.706
419.890	372.236	46.170	42.165
430.763	355.198	42.383	43.981
440.389	346.058	37.461	41.405
447.971	339.124	34.947	37.119
449.853	333.357	42.168	37.862
458.944	319.457	48.575	46.204
446.707	303.326	61.962	62.727
435.627	264.826	58.734	75.962
431.758	257.075	68.899	72.901
420.964	259.149	68.224	87.601
408.567	255.057	75.836	82.098
405.667	251.207	72.298	80.994
402.827	247.334	74.544	83.344
404.779	256.033	69.592	79.422
387.665	271.118	68.861	65.850
390.730	268.881	67.185	70.555
392.926	266.660	76.596	78.303
401.451	255.434	67.097	77.292
374.184	282.859	49.937	64.880
376.361	308.001	49.958	54.329
388.138	319.584	48.276	52.225
394.357	276.563	49.370	55.230
397.092	261.949	56.370	60.846
394.822	259.742	55.846	64.740
387.999	258.099	58.914	63.228
392.470	259.754	65.043	67.267
430.370	296.645	51.112	62.907
425.283	289.045	62.936	52.495
429.253	284.609	60.119	46.220
429.759	277.783	63.484	57.237
443.525	272.340	57.205	48.930
434.231	267.277	68.197	54.332
434.880	261.447	77.361	64.667
434.766	257.953	66.991	60.188
444.343	252.110	51.734	46.893
441.793	247.318	47.313	42.729
436.739	246.110	49.415	41.193
432.321	245.200	46.465	41.672
431.509	247.786	43.783	39.893
430.929	255.881	40.927	39.109
428.055	265.502	42.032	41.204
426.533	277.895	41.617	46.787
423.607	287.638	40.943	56.210
409.585	303.132	54.400	69.165
399.253	307.733	57.826	69.864
386.306	297.850	65.520	84.075
364.654	290.397	76.534	84.939
127.556	316.802	93.536	100.213
102.367	366.190	79.332	68.028
108.188	364.506	69.914	66.003
105.278	362.754	72.132	62.453
106.681	360.977	71.436	63.996
121.683	347.599	83.132	59.109
98.937	361.227	77.237	56.773
126.822	359.361	65.062	55.838
137.499	359.703	62.931	52.269
125.801	364.210	69.279	44.947
146.468	360.709	54.922	45.885
131.596	366.671	63.756	40.790
144.424	368.314	56.549	41.616
139.568	365.607	53.893	42.106
146.974	363.982	44.988	42.670
149.540	363.895	41.697	41.017
152.654	366.289	36.010	39.040
152.640	368.991	37.105	35.401
157.857	359.287	39.501	41.740
153.570	362.412	44.073	41.344
151.952	363.144	39.176	43.172
161.711	352.503	44.520	43.851
151.640	357.041	39.790	43.825
146.073	356.713	42.220	41.093
170.874	349.127	35.078	35.670
124.845	348.345	43.983	41.277
151.820	353.748	41.279	46.863
150.446	355.880	40.120	46.810
147.470	354.933	43.340	42.486
140.522	349.550	48.377	40.990
147.471	343.860	53.010	45.818
169.633	336.965	45.171	43.286
207.834	334.310	43.110	39.095
203.478	336.815	43.636	36.575
205.065	340.163	46.001	34.730
194.637	339.019	49.932	36.120
197.511	337.251	48.983	38.040
192.860	327.143	46.447	40.912
198.177	338.340	47.508	37.120
187.133	336.808	51.441	40.444
201.452	336.315	43.272	39.655
195.812	340.455	46.502	36.149
194.228	341.570	48.912	36.386
199.636	337.059	44.220	39.003
196.511	337.241	46.755	38.019
197.807	338.536	46.554	36.487
196.185	340.182	45.633	36.343
195.034	342.594	46.711	34.781
192.695	344.387	47.448	33.157
192.054	343.492	48.720	34.744
190.679	341.832	46.266	35.547
194.204	343.400	43.878	33.599
187.428	341.412	50.018	36.573
194.038	339.381	43.613	37.149
193.380	340.782	45.517	36.290
189.725	340.681	46.541	36.885
192.496	340.871	46.693	37.959
192.487	342.516	43.685	37.160
188.652	339.929	45.762	38.828
194.648	343.548	41.914	34.543
192.303	343.127	41.514	35.885
187.981	340.315	46.307	37.415
189.446	338.475	43.875	39.397
193.795	341.006	43.515	36.337
190.195	341.497	41.826	35.810
190.000	343.246	48.306	34.425
189.430	342.026	41.869	36.592
194.754	345.411	40.587	31.881
191.816	345.634	41.226	32.758
193.023	343.521	40.829	35.168
191.551	345.070	38.821	32.958
191.964	346.147	38.900	31.428
191.275	344.507	40.046	34.453
192.826	345.789	38.154	32.293
192.088	343.958	40.119	34.935
190.571	340.763	41.910	36.869
192.534	345.297	43.003	33.839
189.977	340.652	41.078	37.475
189.417	341.793	41.132	35.217
193.631	342.043	39.204	36.033
190.422	340.189	42.559	36.536
194.005	341.230	41.835	35.915
190.447	341.927	42.259	35.390
193.932	342.533	40.444	34.168
190.360	339.482	40.539	37.108
193.202	340.687	40.578	36.293
189.304	340.644	43.950	35.820
190.789	339.357	43.132	37.347
188.569	339.847	44.868	36.904
191.073	339.991	43.336	37.607
186.740	338.669	44.359	37.902
182.874	337.089	43.217	38.707
180.309	336.881	48.421	40.901
177.348	336.571	45.582	39.176
180.124	338.728	43.839	38.370
176.940	339.537	47.071	37.501
175.968	337.892	45.250	38.622
178.315	338.764	44.427	37.720
178.786	339.540	43.570	37.539
176.505	341.270	46.225	35.611
180.601	339.906	44.866	36.795
179.441	341.096	46.194	36.110
176.062	340.418	48.863	36.159
179.500	340.286	47.530	36.766
177.759	342.042	43.391	35.590
179.893	341.299	43.174	37.907
180.164	343.842	42.259	34.439
177.303	339.814	39.781	37.375
179.587	342.400	41.813	35.696
174.610	342.594	44.390	35.298
175.400	341.055	43.749	36.687
176.600	343.277	44.891	35.459
171.050	341.818	42.856	36.335
168.740	339.690	45.661	38.029
166.349	340.226	46.800	37.220
161.937	343.181	50.404	35.531
160.515	340.549	47.281	38.969
155.661	342.184	50.765	37.772
151.856	341.645	61.389	41.183
143.987	340.201	54.636	38.877
144.284	341.917	49.541	38.930
140.677	342.593	49.488	37.793
136.565	343.163	53.743	38.566
123.889	343.808	60.586	43.334
138.112	342.913	47.650	38.006
129.907	346.481	50.473	37.179
132.958	346.396	51.223	39.792
125.097	345.529	49.933	41.237
114.858	346.623	55.871	39.832
115.306	344.820	50.143	39.134
114.540	343.105	46.866	40.181
115.316	344.513	48.699	40.027
113.786	342.520	44.677	40.369
105.266	342.549	52.365	41.978
97.543	349.832	61.228	50.566
104.785	356.602	65.385	50.273
85.745	354.723	62.406	57.453
56.946	365.261	81.740	49.810
27.955	379.891	92.154	64.626
2.530	374.468	93.450	81.553
0.000	377.338	85.325	78.907
0.000	367.921	72.620	73.359
0.000	374.033	62.353	68.462
0.000	363.527	57.649	63.472
0.001	358.362	52.752	63.418
0.800	355.872	43.783	72.318
0.000	342.965	37.404	81.343
0.000	354.204	36.778	74.270
0.000	363.486	36.337	64.513
0.000	374.029	25.747	62.025
0.000	382.501	23.159	53.625
0.000	383.114	21.835	50.259
0.000	371.795	33.743	45.219
0.000	366.554	31.792	47.594
0.000	372.163	35.595	55.244
0.000	357.582	50.016	55.317
0.000	350.322	49.458	64.440
0.000	350.954	63.909	59.436
0.000	346.361	50.532	74.837
3.792	349.599	70.414	63.645
0.000	359.722	49.690	69.745
0.000	352.435	41.923	58.078
0.000	358.447	42.442	50.219
0.000	353.334	41.145	49.632
0.000	360.175	44.930	45.022
13.405	365.286	48.813	49.246
7.222	360.317	54.284	54.090
18.091	360.547	50.991	50.960
7.776	359.439	56.563	56.227
21.902	355.162	59.810	53.426
28.068	356.587	57.441	52.396
17.820	357.121	52.712	61.745
5.833	365.450	56.709	66.237
0.000	388.504	46.278	70.663
0.000	394.999	38.781	67.028
0.000	394.500	40.078	62.219
0.000	396.924	39.178	61.941
0.000	393.226	37.081	58.842
16.153	367.451	48.631	46.742
20.639	367.543	49.028	44.584
18.182	361.634	49.881	48.400
16.633	361.583	51.432	49.990
29.009	362.185	55.251	50.994
29.148	357.867	58.522	53.374
32.972	359.260	65.086	54.495
35.101	349.820	65.623	61.843
19.184	354.614	69.312	57.327
21.572	348.117	60.700	65.022
22.743	352.149	54.847	58.058
23.497	352.181	51.195	56.994
21.242	357.346	45.773	51.869
27.426	352.679	48.677	55.233
33.297	351.787	46.339	55.981
42.001	342.650	44.910	58.139
41.990	344.712	49.210	61.108
46.785	349.910	59.984	55.060
1.444	385.772	36.377	83.319
0.501	377.020	36.847	68.644
0.000	376.033	30.506	65.763
0.477	375.208	33.024	61.306
0.722	377.864	28.871	77.028
0.000	370.170	27.132	67.414
0.671	381.481	29.236	56.441
3.051	385.291	27.849	47.792
4.229	389.263	29.461	44.369
0.000	395.582	29.546	36.178
2.298	389.775	31.099	40.035
0.000	388.644	27.730	41.822
0.489	387.010	22.756	44.339
0.000	393.140	22.876	44.357
0.000	393.746	18.807	45.498
0.000	396.141	17.129	39.767
0.000	386.231	25.331	40.611
0.000	381.011	26.960	35.898
0.000	381.596	26.464	33.809
0.000	382.512	25.500	33.446
0.000	382.405	26.515	32.858
0.000	383.480	26.251	35.686
0.000	380.431	26.514	36.277
0.000	380.139	26.560	34.568
0.552	385.264	22.546	34.718
0.000	385.890	19.841	34.197
0.000	383.874	21.611	36.776
0.000	377.515	26.780	40.369
0.000	372.691	27.561	47.642
0.000	376.498	42.046	46.451
0.001	374.009	48.237	47.580
0.000	361.216	49.857	48.917
4.107	353.244	55.689	48.561
0.000	353.151	39.592	49.487
0.154	358.786	35.858	41.527
0.000	361.132	35.648	39.296
0.000	362.432	36.623	42.029
0.000	360.597	38.138	42.490
0.000	365.995	36.947	40.780
0.000	362.975	35.492	43.147
0.000	364.557	35.618	41.196
0.000	364.842	36.176	42.226
0.000	367.004	36.261	43.182
0.196	367.803	36.208	43.434
0.824	369.834	35.312	41.997
0.788	370.419	36.100	39.485
0.845	371.086	35.462	39.395
0.765	370.549	36.524	41.718
0.346	370.672	36.322	40.673
0.881	368.817	34.624	42.133
0.618	366.222	34.303	41.879
0.703	367.311	33.169	41.601
0.717	366.771	33.756	42.243
0.347	368.130	32.373	41.467
0.744	369.419	32.935	40.894
0.711	370.313	32.780	40.379
0.901	369.695	32.532	41.276
0.512	368.566	33.300	42.540
0.826	369.453	32.341	41.883
1.049	369.182	31.881	41.740
0.681	370.260	31.672	40.493
1.095	369.642	30.910	41.011
0.893	370.144	31.096	39.796
0.883	370.492	30.945	39.579
1.208	368.328	30.957	42.181
1.429	365.771	32.482	43.320
0.772	364.465	32.607	44.005
0.921	364.872	35.343	44.046
0.541	363.710	37.058	45.843
4.992	364.954	44.033	45.897
4.155	366.386	48.639	43.550
1.295	365.608	44.597	43.933
0.194	366.823	48.281	43.516
0.000	362.686	49.092	46.839
0.000	363.629	48.714	46.869
0.000	365.376	48.434	46.219
0.000	367.155	45.910	44.366
0.427	366.888	45.515	44.021
0.572	364.831	43.555	44.622
0.024	365.515	40.095	47.879
0.000	367.876	34.485	52.121
0.000	367.314	31.757	59.919
0.000	364.088	31.237	63.314
0.000	364.323	34.603	59.886
0.000	366.451	34.567	62.421
0.000	366.783	31.405	64.039
0.000	366.786	31.800	65.515
0.000	368.285	29.741	69.155
0.000	375.070	34.301	77.779
4.639	369.573	61.402	51.909
40.245	354.236	55.668	62.608
56.706	365.754	65.541	50.685
75.776	371.866	54.154	47.338
66.095	373.505	57.494	45.175
32.606	367.737	48.314	50.372
28.146	363.498	49.068	54.403
30.358	378.593	56.169	47.999
33.480	378.373	61.246	47.099
23.633	371.105	56.817	53.563
9.832	370.339	51.309	49.622
7.629	366.100	47.526	51.307
9.337	370.267	50.287	47.700
7.678	368.295	52.806	50.398
3.935	372.561	55.654	50.474
5.374	368.198	57.762	54.470
6.598	362.958	50.782	59.044
2.995	384.478	54.254	48.471
2.644	368.143	51.800	57.522
1.448	363.901	51.377	63.487
1.097	373.256	48.028	58.551
0.663	362.163	45.162	61.157
0.000	354.231	43.415	61.180
0.000	358.428	45.751	61.630
0.000	360.762	41.525	63.830
0.000	363.982	39.177	65.425
0.000	366.132	38.251	63.094
0.000	370.474	36.045	63.273
0.000	375.712	38.534	60.376
0.000	379.320	35.642	59.217
0.000	366.911	31.111	58.684
0.000	373.224	32.067	51.067
0.000	375.221	28.874	46.819
0.000	375.754	27.947	46.269
0.000	381.335	25.947	46.981
0.000	390.557	23.037	47.361
0.000	390.027	26.076	48.239
0.000	403.562	22.606	45.037
0.000	414.776	19.625	44.293
0.000	421.346	19.583	39.669
0.000	421.137	19.908	35.374
0.000	419.071	19.270	34.133
0.000	424.905	21.820	30.619
0.000	428.147	19.345	30.016
0.000	422.797	18.699	32.510
0.000	419.662	20.491	34.067
0.000	414.685	22.435	38.817
0.000	398.761	24.364	48.664
0.000	368.558	31.717	46.256
0.000	362.981	32.430	42.751
0.000	362.631	33.862	41.510
0.000	363.088	36.564	41.755
0.000	363.401	38.078	39.962
0.000	366.619	42.603	38.962
0.350	366.047	40.408	39.555
0.000	364.707	44.266	39.452
0.000	363.874	42.802	42.279
0.000	364.375	37.045	43.042
0.764	364.897	35.800	40.425
0.000	366.582	37.397	40.099
0.000	366.053	36.680	41.611
0.000	364.333	30.089	47.179
0.000	365.651	26.427	49.451
0.287	364.548	38.839	43.273
0.000	365.125	37.609	43.030
0.000	365.795	32.471	46.123
0.000	367.106	32.452	42.111
0.000	367.564	31.144	39.836
0.542	366.419	29.611	41.457
0.000	367.527	28.387	39.513
0.712	368.175	28.166	40.192
0.216	367.755	28.882	40.533
0.062	367.621	28.237	39.561
0.598	368.022	28.009	40.617
0.685	368.476	27.979	39.620
0.517	367.853	29.545	40.222
0.340	368.870	29.608	40.458
0.555	365.945	29.173	41.014
0.536	366.436	28.851	42.275
0.161	365.853	29.022	42.728
0.000	366.564	27.313	43.076
0.000	364.729	29.258	44.779
0.000	364.666	28.876	44.439
0.674	366.502	28.958	46.899
0.825	363.449	32.259	47.342
0.520	361.749	41.860	45.944
0.388	363.987	44.527	45.407
0.000	363.314	49.680	46.377
0.000	365.071	51.128	42.121
0.000	361.942	49.119	46.424
0.000	362.834	45.473	44.273
0.000	361.814	47.431	43.530
0.000	359.642	45.150	44.673
0.000	362.696	50.380	43.583
0.000	358.725	45.710	47.061
0.649	360.629	50.152	45.826
0.000	357.650	45.522	48.364
0.000	356.326	45.776	51.390
0.000	356.584	50.847	49.043
0.000	357.851	48.975	50.780
0.376	361.386	49.931	47.418
8.479	357.624	51.891	51.539
4.224	361.473	51.172	47.711
9.138	361.087	50.680	48.817
7.078	355.430	48.751	51.577
