395.000	110.000	23.000	45.000
391.826	109.708	23.455	45.582
390.476	109.454	22.850	46.233
384.553	109.742	24.816	47.039
386.078	110.659	23.587	45.218
380.081	109.245	25.605	46.573
376.627	107.356	24.405	45.666
365.441	106.587	30.189	45.373
363.567	105.351	27.963	47.474
360.799	105.888	26.228	46.904
357.835	107.170	25.287	42.417
355.599	106.610	24.636	47.727
350.025	105.137	28.141	46.449
342.626	101.219	32.774	53.474
338.190	101.498	31.329	53.729
339.185	102.499	29.311	51.834
330.894	100.608	29.568	52.320
331.851	101.338	28.085	50.985
329.440	101.927	27.038	46.595
323.627	102.335	27.940	53.149
323.240	101.343	28.166	51.311
312.665	99.785	30.002	52.902
394.753	110.119	16.235	45.843
392.087	111.116	23.372	46.472
388.025	108.829	21.720	47.815
383.171	108.374	22.503	46.796
377.019	107.469	22.373	47.175
371.453	106.612	23.301	46.799
368.456	105.696	21.998	47.506
364.284	105.237	22.744	47.171
396.024	107.528	23.598	49.564
393.540	108.522	22.353	49.202
401.059	108.257	25.132	49.707
398.218	109.259	26.280	48.645
384.027	107.602	28.630	48.585
374.827	107.200	29.530	47.368
378.291	107.154	31.016	47.886
368.390	106.065	27.798	47.400
377.038	107.180	25.902	46.881
370.889	106.051	27.796	47.105
366.236	105.692	27.784	47.477
359.558	102.978	27.595	49.965
355.657	101.417	28.939	52.061
358.018	102.692	26.922	49.199
348.005	101.729	30.425	51.151
350.071	101.654	28.696	49.456
341.638	99.250	29.277	51.327
338.447	103.451	29.594	52.155
334.554	99.638	29.070	51.031
327.201	100.624	31.721	51.163
330.569	99.386	35.298	45.475
330.357	95.122	28.219	38.564
361.507	97.064	25.283	34.032
391.620	90.330	26.774	34.224
426.562	95.103	27.363	29.038
446.979	74.649	25.918	44.826
453.588	85.389	31.217	37.730
462.634	69.900	30.279	44.551
482.287	86.500	26.227	44.000
479.844	88.023	24.933	49.444
475.821	86.305	28.042	47.951
472.725	85.011	24.739	46.796
467.619	83.590	24.165	42.783
462.697	83.041	25.009	39.709
460.090	84.476	23.598	39.849
456.611	84.055	24.166	40.242
456.399	86.355	22.420	41.066
486.922	89.439	23.794	44.541
489.009	89.686	28.085	45.572
482.251	88.753	27.130	49.188
476.053	86.921	27.251	52.316
472.940	89.638	25.967	44.279
470.254	90.856	25.359	44.340
466.012	91.691	25.543	40.728
462.760	82.737	26.175	42.786
457.791	82.575	25.916	43.121
456.252	77.659	26.337	43.840
458.276	77.565	25.330	42.340
458.757	77.419	24.169	42.340
457.625	74.123	26.337	38.497
461.096	74.215	24.526	42.001
460.400	66.986	26.789	45.426
486.785	66.253	25.254	50.157
490.542	78.894	34.322	45.830
507.062	82.694	26.321	40.348
508.510	83.150	24.249	40.066
506.487	82.151	23.249	40.785
501.730	87.952	23.299	34.291
495.547	85.178	26.509	34.965
488.901	74.871	25.037	43.215
486.580	86.549	25.617	42.805
482.040	87.893	23.571	49.655
478.034	86.610	23.360	49.981
471.473	85.893	26.305	49.161
468.951	85.788	25.126	45.449
467.860	86.384	23.734	45.484
466.087	85.019	22.896	41.026
463.577	83.350	22.814	41.297
463.637	79.903	22.655	40.244
460.956	79.841	24.311	42.371
458.666	76.109	24.644	45.357
459.529	76.354	23.350	36.856
487.259	75.260	24.992	43.695
488.882	71.724	27.544	46.279
483.127	65.166	27.904	47.054
492.389	65.562	32.618	43.159
493.109	68.677	49.376	40.190
493.070	63.221	38.984	40.357
488.464	73.731	32.382	39.970
432.058	86.956	21.856	36.743
418.749	97.032	28.981	36.031
425.686	95.588	26.916	39.869
446.773	94.584	25.332	46.195
446.252	97.284	23.343	44.938
443.765	98.769	25.594	39.477
438.696	97.150	25.019	41.384
438.414	96.176	25.484	45.125
434.658	97.445	27.691	47.393
435.850	96.344	23.929	49.442
436.410	96.344	25.380	47.992
434.893	94.840	22.839	49.191
432.713	97.081	25.554	52.465
428.095	96.505	25.050	57.506
422.982	97.440	30.932	57.068
434.905	103.925	29.686	58.513
433.307	104.593	29.515	53.776
426.436	103.900	28.445	51.107
424.251	106.966	27.386	54.891
413.700	92.347	32.046	60.114
411.016	93.383	30.562	59.577
407.113	96.600	30.388	56.094
398.082	97.066	31.578	55.363
392.970	97.389	31.130	55.281
389.899	98.847	31.364	56.505
386.469	97.613	31.960	54.397
363.122	94.114	28.269	50.698
366.625	95.578	28.899	47.728
368.472	97.148	31.068	51.692
364.986	92.069	30.397	46.362
361.822	94.098	31.378	50.620
350.274	100.917	30.514	45.171
358.883	95.226	29.715	47.555
358.906	99.793	29.756	44.653
391.943	89.064	25.762	52.846
390.551	87.505	26.163	53.175
392.597	87.902	24.682	50.061
383.999	90.768	31.686	55.930
375.492	80.012	35.968	65.161
364.020	90.895	40.412	54.842
357.831	92.506	38.466	54.069
361.978	80.532	36.551	57.167
348.291	90.146	38.884	52.512
343.026	87.123	36.675	55.453
360.996	89.726	36.498	54.810
381.140	87.795	39.564	52.161
415.175	89.753	44.088	55.833
405.165	89.119	51.932	66.613
405.842	93.938	61.731	65.778
390.305	95.333	66.008	74.854
406.252	126.853	60.352	73.605
397.329	143.156	66.654	75.364
403.549	140.575	68.509	99.304
414.545	152.990	81.346	109.100
443.645	121.481	76.721	135.929
465.145	167.141	83.628	128.642
492.001	199.675	76.471	138.752
494.767	217.549	85.263	138.683
477.886	189.298	91.188	128.738
480.892	188.226	71.323	113.589
491.834	199.021	79.579	103.491
483.009	175.895	75.032	117.379
490.660	198.010	82.590	114.487
493.315	212.364	76.155	137.583
486.056	192.797	80.936	131.737
483.556	209.746	72.386	128.764
489.523	189.958	86.683	140.247
479.200	179.765	89.854	139.949
479.721	180.697	83.062	128.168
491.972	215.938	82.725	131.279
482.348	191.874	79.701	137.288
484.299	218.449	64.507	126.759
495.583	215.502	77.683	128.634
495.133	198.371	77.318	144.471
478.741	193.012	86.078	136.466
488.012	214.513	88.934	134.043
496.283	226.662	74.083	113.114
492.817	207.165	58.034	134.847
496.496	194.560	81.296	142.506
502.952	183.664	96.180	147.104
488.471	195.941	86.799	145.064
543.092	184.626	55.927	117.525
545.322	204.282	61.183	72.910
444.092	187.128	43.129	48.596
441.797	186.525	27.531	47.389
441.791	187.585	27.333	46.133
448.217	189.836	26.422	43.340
444.025	189.759	29.139	41.710
444.547	187.717	24.662	40.601
441.801	184.943	24.673	43.712
436.714	186.294	24.886	42.423
415.539	178.583	23.413	48.817
420.083	181.084	31.244	46.727
407.492	176.581	23.933	49.351
422.667	179.593	24.583	48.081
401.784	175.900	22.104	48.819
398.003	175.646	22.601	47.073
394.511	175.257	22.351	47.206
385.093	174.846	23.794	46.863
381.315	171.541	23.354	48.112
380.608	170.470	21.695	48.996
375.965	169.835	22.217	44.744
372.937	170.399	21.969	43.480
366.768	172.568	22.906	40.205
361.697	169.143	20.794	41.771
356.691	169.702	22.288	40.430
370.521	172.454	27.044	36.575
364.925	173.905	26.710	33.965
358.333	173.331	31.269	37.570
362.768	174.389	24.551	36.243
349.967	172.493	27.840	36.412
348.993	172.561	26.750	37.142
327.919	165.086	21.051	42.903
322.641	164.538	22.381	42.814
318.615	162.825	22.064	43.967
315.148	163.205	20.724	43.846
310.011	159.234	22.338	46.166
306.143	160.110	21.834	45.822
300.402	161.315	21.724	44.456
296.113	161.098	33.318	43.492
297.629	160.847	28.392	44.265
289.147	157.519	27.799	43.866
279.482	155.491	30.568	45.267
278.203	157.781	23.760	42.539
274.267	158.171	25.008	40.852
272.161	157.589	25.745	41.475
266.934	156.009	25.103	43.495
261.104	153.805	20.468	42.774
256.620	153.396	22.481	43.131
