435.000	147.000	18.000	48.000
435.064	147.317	19.345	49.044
435.321	146.442	19.946	50.370
435.354	147.072	20.131	49.814
434.774	148.494	21.106	48.470
434.515	148.418	21.212	48.630
434.799	147.534	20.479	49.766
435.128	147.892	19.776	50.098
435.376	148.427	19.354	50.602
435.227	149.070	20.007	50.612
435.532	148.764	20.145	50.502
435.657	148.592	20.421	50.715
435.419	149.399	21.165	50.023
434.504	150.181	21.552	50.153
434.350	150.001	21.657	49.673
434.498	149.726	20.769	51.077
434.742	151.141	20.204	50.369
435.037	151.045	20.793	51.043
435.252	150.878	20.989	51.461
435.275	150.644	21.569	51.838
434.883	151.520	22.610	50.853
435.107	152.495	22.933	49.796
434.648	152.154	22.430	50.164
434.767	151.444	21.074	51.741
434.860	152.258	21.250	51.648
435.014	152.672	21.357	52.400
435.135	152.609	21.334	52.863
434.862	151.893	22.375	53.676
434.786	152.613	23.066	53.037
434.699	153.937	23.892	52.399
434.379	154.941	23.488	50.869
434.174	153.397	21.579	52.611
434.270	153.810	22.168	53.989
434.491	155.257	21.353	53.526
434.556	155.654	21.457	52.621
434.324	154.138	22.140	54.382
433.929	154.237	23.395	54.457
433.491	156.524	24.991	52.445
432.910	157.099	24.057	52.329
433.156	156.460	22.077	52.729
433.422	155.976	21.346	53.733
433.556	157.942	21.259	52.574
434.084	158.201	20.128	53.587
433.747	157.631	20.118	53.364
433.108	156.788	21.791	55.361
432.238	158.695	24.001	54.777
431.544	160.460	23.031	52.217
430.709	160.160	21.502	52.238
429.883	159.464	21.167	53.008
429.779	159.987	20.939	54.422
429.024	160.667	20.889	54.707
428.580	160.540	21.393	55.218
427.986	160.050	22.214	55.225
427.604	159.994	23.889	55.205
426.689	162.000	24.910	53.658
426.270	162.605	23.677	52.849
426.151	161.236	22.135	55.510
425.487	161.600	22.556	55.953
425.089	162.524	23.531	55.574
425.401	163.255	23.729	53.230
425.439	163.197	23.489	53.446
424.711	162.679	24.487	54.500
424.574	163.200	24.719	54.647
424.207	164.418	24.393	53.103
423.455	164.097	24.086	53.892
422.966	163.223	23.108	55.921
422.740	164.369	23.296	53.630
422.863	165.935	24.296	53.289
423.027	165.536	24.385	54.915
423.060	164.892	24.405	56.769
422.202	165.775	25.504	57.233
420.160	167.560	24.703	55.861
419.652	166.755	25.167	57.258
419.270	166.179	23.960	58.012
419.199	167.208	24.560	57.809
418.960	168.201	25.082	57.883
418.683	168.556	25.498	58.167
417.980	167.737	26.959	59.115
418.092	168.201	27.096	60.086
417.502	169.740	27.907	59.539
416.746	170.713	27.728	57.623
416.589	169.765	26.643	59.116
415.873	169.906	25.958	59.891
415.992	170.091	25.568	60.139
415.992	171.865	24.999	59.552
416.217	171.816	24.506	59.326
415.963	171.276	25.779	60.187
415.242	172.067	27.679	60.871
414.762	173.655	28.595	59.614
413.879	174.494	28.500	58.532
413.050	173.016	27.258	59.687
412.365	173.267	26.728	60.888
412.589	174.874	25.745	60.899
412.609	174.989	24.286	60.594
411.888	174.853	25.050	60.693
411.600	174.790	25.387	61.536
409.390	177.171	26.389	59.531
407.660	177.038	27.715	60.339
405.914	175.595	27.291	61.452
406.506	175.078	26.904	63.692
405.067	177.901	28.461	61.919
406.506	179.162	26.182	61.130
405.569	179.739	27.684	61.091
404.577	179.812	29.070	62.055
403.872	180.498	29.773	62.866
402.256	181.802	30.153	61.851
401.560	180.858	29.535	62.670
400.493	179.917	29.205	64.088
400.122	182.366	27.712	63.889
400.290	183.485	26.329	63.688
399.720	183.095	26.257	64.201
398.642	182.831	27.189	64.856
396.960	184.506	29.198	64.474
395.734	185.681	26.938	62.993
393.205	184.593	27.558	64.954
391.941	185.566	27.060	64.360
390.434	188.206	26.990	62.697
389.981	190.186	25.314	62.862
389.764	191.067	24.535	62.438
388.514	190.522	25.190	62.263
387.042	191.575	26.244	62.200
385.788	192.143	26.279	62.488
383.297	191.830	27.691	62.646
381.618	191.292	27.197	63.137
380.935	191.528	25.420	65.380
380.046	193.555	25.866	64.473
379.083	193.644	25.892	64.614
378.299	192.118	26.099	66.171
377.196	192.859	27.228	66.534
375.852	194.317	27.961	65.252
375.372	195.246	26.880	64.943
372.892	193.997	26.886	65.156
371.739	193.345	25.829	67.620
370.772	194.678	26.057	67.620
369.323	196.280	26.731	67.376
368.429	195.282	26.246	68.958
366.478	194.936	27.921	69.481
364.176	197.169	30.061	68.005
362.786	197.530	28.860	68.401
360.721	197.109	29.597	68.455
360.157	196.456	28.449	69.127
358.330	196.881	28.067	71.182
356.811	199.619	27.989	70.277
356.104	200.951	27.506	68.822
355.658	199.932	26.989	69.129
353.716	200.625	28.587	68.365
351.952	202.166	28.409	68.678
348.415	204.412	29.863	67.571
347.059	202.858	27.965	69.209
345.594	203.694	27.017	70.125
343.668	207.164	27.693	68.520
343.473	208.701	26.791	67.227
340.695	208.934	28.272	68.238
339.099	206.765	28.746	72.875
337.475	206.523	29.037	77.229
334.959	206.037	31.209	78.202
330.831	204.794	34.418	75.493
331.073	203.099	33.631	75.527
330.180	205.761	30.007	74.657
327.828	204.127	27.996	76.892
326.448	206.367	26.117	76.005
323.612	207.268	28.872	75.244
320.875	210.270	30.976	73.433
318.628	212.253	32.147	72.324
317.211	212.688	32.028	72.388
316.045	211.665	31.980	72.614
314.545	210.528	31.426	75.512
312.255	212.713	31.328	76.911
310.596	214.834	32.007	75.295
309.426	215.761	31.728	75.932
307.757	215.815	32.382	75.105
305.926	216.406	32.977	75.134
303.547	218.310	34.081	73.837
302.091	216.219	31.595	76.617
300.089	214.591	30.496	77.885
299.048	215.663	29.380	78.745
297.985	215.193	28.919	81.233
295.979	215.954	29.895	81.757
294.376	214.965	29.983	82.830
291.976	214.806	30.929	83.080
288.632	216.327	32.794	83.135
286.036	218.600	33.904	82.265
282.476	219.307	34.498	82.718
279.801	218.697	35.313	82.806
278.619	219.449	33.176	84.253
276.462	222.296	33.193	82.934
274.172	223.475	33.596	82.665
272.172	222.936	33.711	82.367
268.973	222.858	35.218	83.548
265.655	225.179	36.197	82.446
261.568	227.394	35.913	81.728
258.927	225.340	34.574	83.986
257.266	227.039	33.801	83.869
254.593	228.999	34.218	83.741
251.928	228.976	34.649	85.511
249.126	228.583	34.777	85.227
246.823	230.129	34.832	85.095
254.504	232.765	35.235	84.329
272.398	235.548	37.081	83.586
288.659	233.086	35.948	84.542
303.283	231.329	33.565	88.222
315.542	233.488	34.289	87.271
328.782	233.281	35.187	88.552
341.948	232.198	35.246	89.083
358.514	233.111	34.965	90.452
372.453	233.929	37.342	89.547
386.824	234.345	37.647	89.767
398.175	236.510	41.063	88.875
413.595	234.670	38.941	91.541
428.327	235.252	36.897	93.730
439.733	240.316	36.740	90.196
437.780	240.880	35.702	91.575
434.585	237.986	36.009	91.384
430.349	241.858	38.283	91.287
427.560	244.144	38.192	91.811
423.488	246.021	37.759	91.469
419.677	244.908	37.778	92.491
417.183	244.638	36.514	94.228
414.572	246.531	37.198	94.060
412.395	246.454	36.473	95.764
408.104	246.503	37.270	96.756
404.465	247.408	38.400	95.876
400.702	250.779	39.694	95.666
395.778	253.259	39.606	94.775
391.592	254.280	39.707	94.335
387.824	252.530	39.164	96.728
386.083	253.193	39.092	97.793
382.863	254.703	39.817	95.060
378.564	256.753	39.432	98.483
373.382	257.189	41.080	100.125
369.123	257.231	41.291	99.799
364.024	260.020	42.211	98.248
359.641	262.481	41.040	97.103
355.640	262.223	40.163	97.921
352.063	262.457	38.471	98.810
347.899	264.564	40.053	98.515
343.882	267.703	40.894	97.291
339.360	267.055	40.529	101.135
334.464	265.274	42.019	102.388
330.602	266.843	42.654	102.227
324.828	270.606	43.009	99.407
319.633	271.899	43.095	99.163
312.872	271.683	41.031	98.562
307.800	272.406	42.443	100.836
302.199	274.562	44.396	98.397
297.435	275.660	43.159	102.066
291.662	275.218	44.918	103.232
297.424	276.036	46.517	103.050
308.708	278.902	44.585	103.398
315.913	281.388	45.128	100.833
327.060	280.218	43.840	101.863
337.165	279.575	43.881	104.734
350.102	284.213	46.025	102.713
359.567	286.987	45.706	100.686
354.226	286.495	44.957	104.459
348.066	286.954	45.392	105.908
341.568	289.195	47.010	105.382
334.891	292.368	47.324	104.638
328.593	291.930	48.008	105.366
323.204	291.015	45.301	106.188
317.668	292.251	46.423	108.481
312.705	295.373	48.593	106.955
307.216	297.458	49.348	109.318
301.024	298.888	50.530	110.750
295.534	299.987	51.106	108.675
288.787	302.414	52.084	108.870
282.259	304.687	50.475	109.513
276.504	303.724	49.372	111.420
271.454	302.826	47.755	112.908
265.110	305.693	50.287	114.550
258.998	309.550	51.593	112.466
254.042	311.016	51.435	113.804
249.822	308.381	51.553	117.337
243.575	310.652	52.299	114.095
236.114	314.211	53.157	113.238
228.928	316.326	53.429	114.118
221.914	316.248	52.006	115.098
215.033	316.693	52.975	115.530
208.939	319.052	54.348	117.532
201.741	321.830	56.784	119.821
195.697	322.356	55.407	122.084
189.496	324.355	53.829	117.001
179.261	326.997	55.465	118.794
172.917	330.422	55.578	118.253
165.478	331.522	57.068	117.114
158.368	328.471	53.845	120.907
151.129	331.998	53.235	121.847
142.782	336.752	55.700	120.528
135.726	339.437	56.680	120.310
128.599	338.104	55.868	122.536
119.792	337.919	56.991	123.245
111.092	342.226	57.668	122.848
102.874	343.694	57.879	122.352
94.750	343.417	55.359	122.308
87.501	343.885	54.805	125.162
