240.000	242.000	15.000	58.000
240.866	240.519	15.167	61.543
241.584	240.758	15.871	62.419
245.081	241.166	17.358	63.409
245.848	242.086	16.668	63.604
248.114	240.596	19.151	66.700
249.778	240.457	18.193	66.304
254.750	240.570	20.165	62.879
258.086	239.857	19.887	68.454
259.242	239.710	20.278	67.866
261.860	239.452	20.942	68.869
264.484	239.940	20.961	68.683
266.836	239.957	21.037	66.969
269.813	241.315	19.639	70.658
270.846	242.387	20.481	65.948
273.561	244.387	19.405	62.603
275.526	245.336	19.075	63.910
277.887	245.748	20.471	65.042
280.647	246.219	19.291	66.158
283.186	246.864	18.878	66.762
285.390	246.678	17.985	66.937
288.303	247.074	18.617	67.730
290.066	247.787	18.054	68.701
290.946	249.686	18.228	67.863
291.653	251.108	19.275	66.773
292.823	251.548	19.725	67.096
296.049	253.422	19.572	62.569
297.756	250.266	19.595	66.829
298.879	253.997	20.484	64.796
302.230	254.106	19.496	63.473
305.538	251.837	17.975	67.279
306.018	250.313	18.838	68.493
306.329	241.077	19.218	76.942
304.199	243.887	23.378	74.651
313.236	236.854	21.492	83.162
311.107	229.632	24.900	90.391
312.380	226.273	25.378	93.366
323.499	243.015	21.111	78.720
327.126	253.913	21.875	68.425
332.135	256.167	22.305	66.051
334.357	255.707	24.114	67.257
336.337	255.821	21.986	66.709
337.847	253.519	21.697	67.184
343.219	253.513	19.037	68.659
344.608	251.374	17.995	70.470
345.785	252.545	17.800	69.597
347.545	251.362	17.336	70.744
348.311	250.657	18.208	69.733
349.813	252.600	19.214	68.452
350.847	253.585	18.728	67.260
346.323	250.593	20.724	70.705
354.661	252.065	21.222	72.754
363.204	252.785	18.871	72.120
364.696	256.069	19.227	71.069
365.187	254.662	19.129	74.343
366.511	255.935	21.178	70.185
370.054	259.728	20.109	67.203
373.337	262.207	20.825	64.727
376.995	262.725	19.883	66.097
380.106	262.975	19.969	66.462
380.152	261.298	20.132	63.633
386.362	262.617	19.245	60.862
387.408	261.715	19.793	61.139
399.071	262.107	20.310	64.011
404.100	261.246	22.026	65.719
410.279	261.532	21.128	65.825
415.229	261.231	20.850	65.606
416.460	262.756	22.253	63.826
421.327	261.696	19.893	65.713
426.607	260.978	17.105	67.577
427.946	260.473	17.156	69.160
428.498	261.213	18.009	69.703
430.799	261.395	18.653	68.360
432.342	261.212	18.730	66.856
435.808	259.308	19.115	69.812
436.782	259.419	18.705	72.198
439.953	259.355	19.680	72.128
444.502	259.675	19.791	70.706
446.093	257.292	19.033	72.139
447.151	259.191	20.686	70.136
453.561	258.503	20.312	71.637
455.247	259.692	19.168	69.750
456.987	258.935	18.515	69.812
458.611	258.612	18.030	69.292
460.115	261.436	17.874	66.944
461.459	260.844	17.054	67.812
462.741	262.815	17.747	65.841
463.665	262.691	17.985	67.559
464.856	262.117	18.450	69.303
465.664	259.814	18.827	71.932
466.307	260.764	20.020	72.531
469.162	262.810	20.964	71.314
467.535	261.956	22.712	73.722
466.952	262.355	23.876	74.023
467.580	249.083	24.051	84.793
457.628	253.071	32.156	86.216
472.632	237.529	27.070	95.400
471.249	242.299	30.666	97.603
481.611	240.460	24.817	95.258
484.056	241.136	23.443	93.106
486.427	247.122	23.637	89.150
486.286	249.917	24.398	89.941
487.254	244.287	26.957	92.244
491.781	243.178	26.934	89.932
495.423	237.293	28.409	92.821
488.265	241.374	29.747	97.849
493.210	247.714	29.552	96.097
493.422	253.357	31.212	92.203
502.448	242.436	32.283	96.842
508.958	237.837	31.652	104.161
514.209	237.529	30.445	97.669
517.675	241.465	30.963	92.483
523.168	242.141	29.398	93.558
511.183	253.931	30.602	90.795
537.349	252.558	24.233	89.181
519.324	253.270	30.897	93.333
519.513	259.470	32.516	88.094
525.566	250.004	35.600	93.848
555.115	250.646	27.531	87.576
528.364	256.785	32.052	86.132
561.030	253.193	23.890	83.211
558.351	267.465	25.517	69.049
564.295	259.842	24.350	79.177
575.111	255.027	20.468	88.029
549.517	261.810	31.943	89.532
550.274	260.057	33.965	93.542
556.708	252.726	35.589	97.997
553.191	260.534	34.125	94.532
573.576	252.284	38.335	92.654
580.188	243.441	23.928	103.028
564.995	258.354	30.728	94.674
576.856	259.832	26.493	91.782
576.356	261.138	30.420	89.671
590.915	260.658	27.235	84.350
599.107	259.241	24.127	84.410
595.810	262.484	27.253	84.432
597.119	250.204	25.213	88.531
584.321	259.330	33.658	93.786
586.833	254.354	27.957	96.659
588.700	253.645	31.445	108.160
