11.000	224.000	16.000	41.000
63.727	223.266	12.303	43.225
132.902	221.358	21.276	39.955
180.841	218.121	20.628	39.476
228.151	218.076	20.882	39.555
274.229	220.379	22.601	41.169
272.975	216.646	19.830	49.310
292.416	217.942	21.243	49.865
294.157	216.077	22.409	50.289
296.436	216.992	22.263	49.418
295.451	215.844	25.267	48.991
294.858	216.355	26.414	47.822
284.726	215.948	33.076	49.802
283.885	215.025	21.465	48.812
285.858	216.154	23.449	48.627
288.568	215.276	22.049	48.567
291.669	214.786	19.400	47.714
293.338	213.935	19.050	49.088
296.783	214.338	18.300	49.361
299.593	214.632	19.579	48.430
319.504	214.453	20.583	47.344
321.718	215.334	22.721	47.320
307.082	213.341	19.384	48.212
322.848	213.549	25.126	48.847
260.936	215.914	12.164	47.703
260.117	215.863	21.757	45.373
245.477	212.700	21.371	47.863
243.445	212.551	18.459	48.721
246.859	212.988	19.507	48.690
249.039	212.391	23.194	50.288
255.903	212.648	20.085	48.334
275.678	213.025	23.789	48.140
262.359	212.138	22.869	48.571
263.844	212.165	20.634	48.346
265.408	211.562	19.735	48.004
267.192	211.023	19.201	48.188
269.851	210.624	18.460	48.120
271.626	210.406	17.887	48.623
292.803	214.339	24.062	46.995
296.530	212.876	20.849	47.843
278.470	212.994	22.500	49.916
281.400	214.172	22.930	49.378
280.845	214.607	22.115	49.711
280.981	214.036	25.424	51.096
278.988	212.871	24.371	50.301
282.448	214.823	22.512	51.015
279.693	216.410	23.379	48.886
280.092	214.258	23.984	48.877
278.519	210.730	27.319	52.875
282.071	214.946	22.338	49.598
278.984	213.169	23.320	50.763
281.159	213.813	24.614	51.483
280.099	212.975	22.601	50.603
284.132	215.189	21.294	48.015
293.704	208.625	19.460	49.681
294.869	208.547	20.621	50.711
296.430	209.222	20.183	49.672
324.926	210.711	19.876	47.443
327.694	210.378	19.062	48.008
328.429	208.998	19.949	48.549
330.656	210.519	20.031	46.360
331.435	209.990	19.248	46.742
332.201	211.103	19.921	45.809
332.621	206.196	20.348	48.636
334.308	170.961	19.258	49.302
332.693	129.409	19.711	50.772
333.842	83.881	20.659	44.068
304.885	78.260	20.659	46.793
305.777	79.797	21.051	50.644
308.352	77.573	18.864	46.215
338.310	78.749	23.755	48.001
339.508	79.043	22.957	46.835
340.901	80.850	23.345	47.740
341.924	79.071	22.753	48.212
342.849	80.226	22.582	47.715
344.092	77.506	20.914	48.870
345.514	78.689	21.879	49.182
346.543	76.147	21.258	49.193
347.123	78.125	24.016	49.250
346.480	77.055	24.343	48.835
319.600	77.640	21.726	48.086
319.876	77.567	21.812	46.971
350.367	77.958	23.020	48.196
353.734	78.164	21.002	47.767
354.095	77.662	21.533	48.799
356.427	78.139	20.423	48.274
356.766	77.240	20.797	49.154
358.080	75.752	20.585	49.645
359.604	76.356	21.058	49.273
361.791	76.528	21.776	49.786
362.832	77.248	21.329	48.959
364.120	76.752	21.128	49.154
366.735	77.685	20.234	47.577
367.712	76.706	20.273	48.614
368.440	77.240	21.449	47.255
370.813	77.370	20.433	47.649
370.536	76.159	21.483	48.038
370.327	77.136	21.109	48.179
372.888	77.320	20.479	47.324
372.200	77.423	21.334	47.334
373.367	77.386	21.678	46.677
374.393	77.265	22.036	46.323
377.373	76.371	19.658	48.083
377.841	75.994	20.474	47.511
378.190	74.432	20.321	48.572
379.702	75.851	21.598	48.852
381.998	75.184	19.447	51.648
382.969	75.670	19.695	51.231
384.112	75.540	21.874	53.056
388.752	75.545	21.423	48.892
391.471	73.316	19.311	45.796
393.618	73.276	20.257	46.786
395.701	74.117	20.362	44.652
397.357	75.281	18.126	43.915
398.717	74.859	19.424	45.175
399.241	73.364	18.760	43.024
399.553	73.883	19.944	45.811
