253.000	51.000	22.000	62.000
254.322	52.213	22.196	60.348
255.616	51.138	23.275	61.090
256.246	52.211	23.630	58.584
257.035	52.426	23.307	57.560
257.902	51.063	22.150	58.185
258.989	49.920	22.291	59.299
259.721	49.087	23.818	59.535
261.709	49.726	24.496	59.332
262.956	50.053	25.141	58.843
265.422	48.679	24.598	59.302
267.945	47.044	22.542	59.650
270.107	46.087	20.933	60.953
271.618	46.451	20.232	61.047
272.820	48.264	21.014	59.086
273.653	48.440	21.269	58.571
274.493	47.821	21.136	59.348
275.611	46.723	21.340	59.800
277.313	45.762	20.698	59.721
278.559	45.509	20.672	59.715
279.073	46.078	21.819	59.418
280.311	46.693	22.181	58.971
281.154	45.928	23.259	58.489
282.515	45.587	23.187	58.499
284.394	44.496	23.270	58.739
286.238	44.221	22.754	59.104
287.223	44.611	22.972	58.634
287.763	45.821	23.247	56.936
288.714	45.964	22.992	56.603
289.252	44.666	23.272	56.904
290.270	43.342	24.220	57.915
291.379	42.366	23.569	58.398
292.550	42.802	23.600	58.222
292.955	43.462	24.050	57.431
294.349	43.746	23.269	57.947
296.107	43.564	23.230	57.492
297.749	42.175	23.648	57.894
298.635	41.480	22.858	57.816
299.297	41.758	22.984	57.951
300.125	42.585	23.066	57.231
300.334	42.893	23.614	56.362
300.253	42.706	24.027	56.350
300.642	42.090	23.677	56.494
300.954	41.416	23.903	56.713
301.612	40.517	23.549	57.125
301.500	40.653	24.116	56.740
301.354	41.147	24.361	56.746
302.077	41.578	24.056	55.819
302.603	41.599	23.915	55.875
303.229	40.867	23.355	56.409
303.603	40.457	23.081	56.516
303.342	40.093	23.622	56.249
303.811	39.774	23.500	56.833
303.382	40.198	23.703	56.504
303.667	67.140	23.359	64.589
304.653	104.961	22.786	56.618
302.515	102.383	23.401	56.643
301.478	102.548	22.757	55.767
301.229	103.349	22.009	55.281
300.468	103.229	22.552	54.159
300.093	101.697	22.847	54.858
300.121	100.856	22.857	55.795
299.670	100.646	22.817	55.965
299.042	101.325	23.043	55.480
298.644	101.677	22.955	54.138
298.484	102.025	22.541	54.024
297.556	101.926	22.624	54.030
296.465	100.163	22.800	54.973
295.850	98.606	22.644	55.724
295.473	99.573	22.546	54.750
295.008	99.679	22.823	54.688
294.769	100.318	22.170	53.726
294.344	100.979	22.759	53.200
294.081	99.740	21.790	53.775
293.730	98.924	22.194	53.898
293.219	98.217	22.400	54.225
292.715	97.439	21.696	54.935
291.557	98.661	22.435	53.593
290.586	99.283	23.052	52.759
290.305	99.278	22.881	53.019
288.905	98.689	23.253	52.896
288.831	97.803	22.458	53.099
287.670	97.442	22.806	53.689
287.085	97.208	22.940	53.437
287.194	97.716	21.242	52.936
286.460	98.123	22.136	52.577
286.285	97.339	21.380	52.816
285.713	96.752	21.937	52.954
284.972	95.853	22.388	53.421
282.997	95.314	23.346	54.048
242.117	96.784	22.752	53.041
243.198	97.526	24.037	52.615
242.129	97.951	23.869	52.185
241.057	97.642	22.892	52.084
239.673	97.024	23.050	51.591
239.795	95.242	21.598	52.943
239.036	96.483	22.539	52.952
238.111	94.715	22.094	52.688
237.560	96.348	21.699	52.524
237.643	96.448	21.418	52.043
237.177	96.633	20.920	50.746
236.933	95.584	21.275	52.040
236.531	95.397	20.666	51.693
235.669	94.106	20.622	52.549
234.779	95.265	21.156	51.664
233.926	95.519	20.932	50.739
233.497	96.098	20.461	50.177
232.218	95.876	20.852	50.099
231.295	95.324	21.244	50.277
230.721	93.842	20.631	51.568
229.834	93.494	21.142	51.579
229.181	94.304	21.211	50.820
228.734	94.056	21.191	50.840
228.428	93.915	21.815	50.465
227.725	93.068	22.052	51.210
226.751	92.360	21.522	51.190
226.079	92.891	21.262	50.213
225.262	93.416	21.271	50.015
224.534	93.383	20.898	49.530
223.853	92.751	20.686	50.160
223.519	92.276	19.680	50.168
222.939	91.829	20.364	50.371
222.074	92.353	21.016	49.553
222.410	92.623	20.134	49.215
221.758	92.799	20.274	49.271
221.722	92.697	20.276	48.951
221.226	91.703	20.852	49.517
220.675	90.852	20.370	49.587
220.010	91.190	20.516	49.021
219.832	91.861	20.210	48.209
219.393	91.878	19.728	48.494
217.949	91.342	19.772	48.759
217.388	90.665	19.363	49.496
216.275	89.846	20.260	49.659
216.360	89.708	19.289	49.259
215.814	89.886	19.266	49.431
215.311	90.487	19.227	48.540
215.702	89.238	19.133	49.044
215.377	88.987	19.469	49.397
215.176	89.257	19.457	48.871
215.303	89.618	19.355	48.676
214.605	89.799	19.578	48.395
214.195	89.261	19.420	48.171
213.918	88.672	19.289	48.324
214.345	87.261	18.918	49.496
214.257	87.498	19.707	49.405
214.449	88.092	20.169	48.279
215.340	87.835	19.908	48.575
215.654	86.567	19.704	49.257
216.036	85.251	19.643	50.927
216.203	85.530	20.305	50.743
216.302	84.992	20.704	51.476
216.717	85.241	20.994	50.843
216.054	85.146	20.820	50.940
215.911	84.966	20.931	51.298
216.013	84.555	20.842	51.506
215.692	84.555	21.267	51.669
216.139	85.256	20.848	50.646
215.845	85.314	20.708	50.458
215.902	84.701	21.347	50.916
216.485	84.768	20.981	51.130
216.585	85.328	21.039	50.687
217.500	86.120	20.542	49.503
218.002	86.162	20.722	49.665
217.968	86.353	20.133	49.366
218.302	85.323	20.179	50.335
218.280	84.905	19.521	50.839
218.280	84.425	20.334	51.249
218.468	84.898	19.989	50.325
218.711	85.662	20.166	49.402
218.698	86.792	20.403	48.358
218.382	85.979	20.630	50.037
217.678	85.115	22.246	50.385
218.442	87.485	22.860	47.606
217.742	86.779	23.724	48.699
218.802	86.713	24.434	47.140
218.744	86.883	23.688	47.859
219.308	87.179	23.102	46.813
217.412	87.865	22.874	50.581
220.153	86.872	23.833	51.679
218.428	87.053	23.515	52.299
218.953	85.639	24.174	49.465
218.640	88.127	23.226	47.910
217.493	88.641	24.245	47.858
218.234	86.187	24.072	49.720
217.931	87.241	23.100	53.273
218.099	87.211	22.842	49.183
218.317	86.753	23.899	48.893
217.456	88.089	21.740	49.052
217.679	87.301	21.198	51.177
216.873	87.379	20.657	49.427
215.720	86.936	21.922	48.775
214.742	86.349	23.052	51.455
215.120	85.533	22.099	53.809
215.168	85.973	23.167	52.847
215.362	84.910	22.256	54.097
215.296	84.728	22.016	52.675
214.658	84.345	22.536	53.219
215.657	87.093	23.994	49.618
216.383	85.695	21.527	50.559
216.690	86.371	24.001	51.222
216.971	87.117	23.990	51.777
218.629	86.757	21.089	51.622
217.739	86.588	20.906	50.436
218.081	87.512	22.827	47.664
217.724	87.406	22.172	47.990
218.431	86.847	22.303	50.248
218.909	86.937	20.545	49.487
218.594	86.890	20.818	49.264
218.176	86.165	22.858	47.285
219.092	86.425	22.267	48.295
219.471	85.734	23.221	46.867
218.687	86.780	21.875	47.384
219.040	85.660	22.478	49.254
219.742	84.592	23.410	50.998
219.262	87.074	20.806	48.300
219.944	85.957	23.340	49.888
217.926	85.016	22.605	50.488
219.934	87.476	22.931	51.061
217.940	87.757	23.569	49.514
216.532	85.607	24.812	52.730
216.546	86.434	24.252	64.605
216.424	86.930	22.577	59.780
213.899	89.180	23.074	63.846
215.146	91.893	24.940	64.745
212.205	88.914	23.983	64.323
213.615	91.994	21.898	65.475
212.623	93.424	23.745	68.730
212.232	94.999	23.639	68.727
213.552	92.721	24.030	67.158
211.287	93.828	23.493	66.084
212.064	93.220	24.496	65.352
213.503	97.240	25.501	63.422
212.638	98.331	26.967	64.271
212.772	93.833	26.808	64.961
210.779	92.472	24.483	64.527
213.842	96.587	24.712	64.130
211.479	90.938	24.629	63.162
212.829	95.968	21.584	60.581
209.787	90.005	19.499	61.145
211.001	94.016	20.618	61.003
210.803	91.670	20.829	64.025
210.809	93.490	21.117	61.608
211.987	91.583	21.626	59.479
210.989	93.107	18.066	58.498
213.282	92.854	22.792	60.809
212.434	93.953	21.759	58.940
212.460	93.433	25.009	59.677
213.197	92.906	22.843	59.954
215.913	95.668	25.577	58.820
213.774	90.767	24.095	60.085
217.579	94.829	24.572	59.107
214.562	94.085	24.977	60.031
215.462	92.337	24.168	60.673
216.752	94.248	25.239	61.270
253.094	140.536	25.559	63.368
250.390	136.273	29.745	67.445
247.556	137.279	34.527	64.515
250.962	142.361	32.601	67.675
251.307	139.432	30.475	65.843
253.862	138.601	27.743	64.794
248.110	141.942	33.381	61.000
253.104	138.541	28.248	63.564
255.606	136.690	27.465	65.805
255.440	138.508	27.994	62.750
219.680	92.300	23.729	58.542
219.923	92.934	22.040	57.759
220.985	92.513	21.649	58.943
221.949	90.628	23.260	58.011
221.653	90.890	23.712	58.780
221.568	87.640	24.770	59.752
224.897	91.263	24.011	58.678
222.177	93.181	25.339	56.619
225.917	89.154	23.654	57.652
224.774	89.663	23.042	60.235
229.660	88.611	19.657	55.464
228.497	88.582	20.330	56.904
228.875	89.454	20.533	54.152
227.317	89.485	20.703	55.905
227.667	87.714	20.887	54.501
226.421	89.191	19.361	52.956
225.909	86.064	18.178	53.066
224.419	88.289	18.676	53.560
223.290	86.072	17.534	51.825
222.964	86.181	18.596	51.683
222.059	85.433	18.013	52.227
220.565	84.625	18.808	51.539
218.579	85.462	19.885	51.148
217.412	86.093	19.687	50.629
214.882	86.718	20.735	50.694
213.040	87.268	20.748	49.870
211.466	87.145	21.263	49.683
210.727	87.501	21.035	49.486
209.443	88.979	19.779	47.665
209.113	86.859	19.569	50.248
207.720	87.812	20.048	48.897
206.386	88.048	20.115	48.308
205.673	88.195	19.026	47.829
203.193	88.954	20.601	47.589
201.122	89.858	20.954	46.787
198.547	89.047	20.470	47.579
197.830	88.652	21.165	48.039
197.138	88.440	21.113	48.340
196.274	88.792	20.778	47.972
194.375	89.113	20.929	47.019
192.757	89.090	20.680	47.489
191.841	89.003	20.365	47.709
188.309	89.761	21.759	47.061
186.869	89.223	21.282	48.032
185.623	88.434	22.286	48.982
184.979	88.222	21.376	48.731
183.584	88.495	20.241	48.975
183.240	87.269	20.287	50.169
182.432	87.062	20.418	49.978
181.518	86.542	19.992	50.436
180.837	87.250	20.025	49.409
181.066	87.616	19.509	50.033
180.423	86.146	19.494	51.140
180.390	86.847	19.297	49.951
179.692	86.025	19.462	51.969
179.416	86.021	19.607	52.401
180.364	85.323	18.706	54.848
179.856	86.396	18.413	55.788
178.497	85.830	19.211	53.600
176.410	86.070	20.778	55.107
175.646	85.698	21.039	56.537
174.097	86.506	24.010	55.170
173.830	86.382	23.568	55.522
173.293	84.762	21.161	55.448
172.670	86.211	21.358	52.942
171.671	85.434	20.407	52.130
171.145	85.470	20.528	51.708
170.809	86.286	19.364	50.128
170.948	86.592	19.156	50.279
170.657	86.070	19.277	50.130
170.673	85.547	19.340	51.064
170.201	85.101	19.249	50.895
170.620	84.533	19.528	51.809
170.719	84.630	19.400	51.680
170.594	84.309	19.160	51.286
170.856	83.957	18.576	50.695
170.730	83.368	19.489	51.998
170.619	83.991	19.618	50.231
170.370	84.230	19.329	49.734
170.575	84.069	18.201	49.525
170.317	82.709	17.950	50.776
169.998	83.517	18.330	49.915
170.068	83.051	18.210	50.216
170.134	83.301	18.148	49.696
170.401	83.275	18.238	49.979
170.895	83.183	18.095	50.246
171.068	83.459	18.644	49.842
171.449	83.078	18.810	49.794
172.316	84.288	19.146	48.901
173.112	83.443	19.506	49.477
174.190	84.266	18.765	48.122
174.763	83.925	19.597	48.283
175.770	84.047	18.973	48.071
176.568	84.057	18.259	48.283
176.817	84.516	17.803	47.945
177.112	83.256	18.797	49.210
177.439	84.097	18.593	48.274
177.406	84.007	19.083	48.862
177.555	85.482	18.566	47.153
177.502	83.737	18.691	49.002
177.165	84.031	19.906	48.783
176.970	83.078	20.327	49.157
176.727	83.829	20.795	48.805
176.464	84.257	21.248	49.541
175.859	84.179	21.239	49.991
175.089	84.141	21.506	50.316
174.564	84.376	21.951	49.778
173.586	85.499	22.413	49.188
172.453	83.680	22.702	50.904
171.960	84.994	22.273	49.765
171.702	83.498	22.007	51.956
170.902	84.875	21.983	49.999
170.398	84.586	20.967	50.707
169.730	85.138	20.927	49.924
169.731	83.623	20.378	50.843
169.155	86.062	20.107	49.033
169.464	84.600	20.284	50.650
169.181	84.241	19.910	50.975
169.436	83.396	20.287	51.889
169.481	84.959	20.045	50.359
169.657	83.195	18.985	51.186
169.400	83.950	19.889	51.056
169.113	84.008	20.403	51.018
168.845	83.755	21.120	51.393
168.507	84.032	20.836	50.093
168.808	84.172	21.302	50.079
