564.000	187.000	38.000	145.000
558.300	186.811	41.813	146.944
555.414	186.936	42.304	147.275
551.743	185.008	41.846	140.688
550.800	182.061	40.451	139.313
546.066	179.964	44.420	142.818
543.516	177.473	46.933	146.969
535.911	172.852	41.573	138.900
529.822	172.027	43.335	140.916
525.736	171.633	45.192	141.130
520.570	169.318	39.887	136.903
518.219	169.769	35.457	137.876
516.349	170.633	34.457	136.874
513.597	170.026	33.951	137.750
509.315	169.409	35.470	137.833
505.642	167.204	37.515	139.542
501.016	163.561	37.478	139.822
494.744	160.270	38.747	138.992
491.796	158.955	40.747	139.225
488.137	159.800	40.775	140.479
481.332	160.580	45.236	139.198
477.272	160.598	47.152	141.537
473.454	160.026	46.440	144.607
465.328	158.874	52.607	146.845
461.379	158.578	52.729	145.577
460.706	158.354	48.874	141.455
457.459	156.805	45.570	141.039
456.134	153.615	43.277	139.948
458.642	154.739	39.515	135.958
457.131	154.598	39.761	137.224
456.861	154.373	38.006	138.972
454.656	155.326	38.028	136.482
452.517	155.102	38.332	136.308
447.735	154.348	39.865	130.658
446.039	153.634	39.040	133.554
443.452	150.487	36.940	135.160
431.464	150.124	41.570	131.746
433.497	149.619	35.945	133.350
435.790	152.528	32.514	129.748
428.835	149.912	36.483	130.769
426.861	148.428	36.433	129.351
423.645	144.573	38.089	129.562
414.507	145.813	33.948	127.328
414.979	146.573	32.284	127.972
412.156	148.532	33.117	125.522
403.521	145.915	38.476	127.556
403.286	141.760	37.086	132.203
400.150	142.042	36.701	130.741
398.552	140.682	36.883	128.454
391.281	137.220	34.223	127.949
385.873	137.224	35.752	129.418
382.733	138.184	36.905	129.137
380.488	137.774	35.873	126.416
379.580	137.181	34.688	126.561
376.492	136.001	36.130	122.385
373.481	134.077	37.039	123.040
370.237	133.264	38.646	126.041
366.960	133.053	38.551	126.439
364.698	133.570	37.554	126.005
361.724	132.561	37.601	124.164
357.402	128.779	37.406	122.881
352.603	126.315	38.021	123.229
349.908	126.504	37.263	124.616
347.335	127.290	36.107	123.521
344.432	126.832	36.957	123.643
343.849	126.986	36.093	123.889
341.620	125.148	36.834	123.452
338.823	123.627	36.293	122.655
336.288	122.755	35.912	118.716
335.958	122.810	35.449	119.098
333.901	121.737	35.393	122.542
333.376	122.033	34.639	122.742
331.044	121.634	35.698	122.747
328.254	120.638	35.989	122.637
327.103	121.273	35.557	121.546
324.591	120.290	36.139	119.977
322.355	119.104	35.916	118.326
320.730	117.361	34.714	119.810
319.683	116.654	34.978	120.508
318.365	116.873	33.217	119.151
316.860	116.938	33.189	119.538
314.772	115.951	33.434	119.434
312.505	115.001	33.355	116.566
311.149	114.260	33.762	115.842
309.067	112.041	33.740	116.359
306.313	111.861	35.780	117.899
303.663	111.382	36.399	118.824
290.245	111.077	37.603	113.697
284.642	107.443	36.659	115.164
283.959	105.797	33.958	117.944
281.813	106.283	32.576	117.150
277.710	105.816	33.830	115.734
268.761	102.210	31.714	112.135
264.811	101.703	35.288	115.306
255.711	102.901	39.802	112.887
249.341	101.494	40.767	111.341
246.669	99.788	37.842	110.738
242.868	98.738	36.215	111.887
240.071	97.925	35.367	112.605
238.164	98.003	33.895	113.484
232.628	98.038	36.429	113.253
227.815	97.060	38.693	113.295
224.366	96.419	37.069	111.771
222.513	95.116	36.880	110.988
217.206	94.274	37.479	111.959
210.744	94.702	39.211	112.148
201.646	94.767	43.779	109.568
199.454	93.792	38.876	108.972
197.577	92.696	36.289	110.601
194.723	91.654	35.323	111.317
192.918	90.885	34.019	111.821
189.592	91.231	34.358	111.240
184.785	90.072	33.914	112.302
181.380	88.547	34.963	113.812
176.574	88.738	37.091	111.874
171.686	89.829	39.707	109.828
163.421	90.402	40.756	108.335
157.269	90.207	39.077	105.958
152.950	87.966	37.534	109.055
146.635	87.808	38.632	108.202
142.449	87.921	38.531	107.422
141.686	87.578	37.030	107.181
138.688	86.770	36.013	106.809
137.193	85.104	35.580	110.120
133.124	83.937	37.098	110.144
128.525	84.437	38.223	109.395
120.951	85.602	40.043	105.141
118.304	85.348	42.843	103.822
114.465	83.418	40.744	102.006
111.493	81.853	38.254	105.272
107.434	81.250	37.401	107.747
105.065	80.323	37.843	108.885
101.428	80.587	36.519	106.502
98.060	80.408	36.310	104.842
95.126	79.538	35.499	104.473
89.439	78.402	36.064	105.954
86.235	78.752	36.534	105.365
78.565	78.826	38.909	103.677
72.900	77.373	38.017	101.167
68.639	75.853	38.081	102.769
64.443	74.710	38.875	103.524
61.334	75.565	38.921	102.385
58.500	75.969	39.289	101.267
56.673	75.187	36.918	98.392
55.716	74.139	36.004	100.190
55.257	73.317	34.960	102.828
51.097	71.452	35.748	104.724
46.881	70.849	36.111	102.629
42.625	71.200	34.439	100.562
37.677	72.227	35.025	99.168
32.765	72.431	35.873	100.690
29.358	72.516	36.875	100.887
25.085	71.995	37.027	100.047
24.163	71.718	35.958	98.281
22.115	69.305	34.584	101.461
19.851	68.236	34.452	100.638
16.579	67.436	34.729	101.782
14.965	66.574	34.915	102.647
12.918	66.934	34.824	101.416
9.774	66.807	35.836	100.322
6.859	63.935	34.265	102.372
