277.000	158.000	27.000	55.000
275.153	157.950	26.431	53.805
272.129	158.115	23.597	54.489
224.305	105.810	37.438	37.168
202.924	154.667	18.250	52.405
263.154	159.532	26.796	52.105
259.821	158.054	26.067	53.935
257.407	156.871	23.473	55.060
254.861	158.286	23.902	53.172
251.498	159.023	26.171	51.492
249.091	158.783	25.741	53.225
247.481	159.026	24.700	52.018
244.709	158.685	23.100	53.420
242.200	158.626	22.821	55.460
236.960	159.399	25.828	52.989
234.429	159.422	26.157	53.245
232.693	159.235	23.273	55.139
228.576	159.771	22.176	54.667
225.285	159.852	23.363	54.608
221.447	160.269	25.106	53.498
218.697	160.961	25.999	51.667
215.835	160.977	23.253	51.223
212.425	159.921	23.747	51.988
210.134	160.146	22.144	53.032
205.651	160.123	25.065	52.287
201.856	160.014	27.137	54.315
199.654	159.415	23.804	53.529
195.295	159.275	23.683	55.478
191.390	161.203	23.998	53.396
264.227	112.984	18.119	44.825
184.981	161.856	26.125	52.211
255.927	152.756	21.113	53.353
218.465	104.508	29.483	32.548
241.330	158.813	19.618	57.979
172.346	161.451	26.012	51.643
168.743	161.679	28.998	53.173
165.061	160.613	25.509	51.393
161.818	160.997	23.568	52.977
220.314	109.461	27.302	38.667
154.107	161.947	26.351	53.941
150.078	160.435	23.089	53.306
212.910	116.676	24.125	49.611
143.561	161.713	24.770	52.273
138.762	160.765	27.745	54.358
136.420	161.490	27.022	52.075
132.771	162.492	22.887	51.729
129.051	161.631	23.467	52.330
125.622	162.526	25.045	52.448
122.177	162.620	25.535	52.788
118.496	162.766	24.968	52.756
114.670	161.030	22.031	53.608
111.758	161.937	22.994	52.253
109.300	161.105	23.777	52.954
171.394	164.777	25.097	56.253
100.838	161.357	21.657	53.201
98.133	162.131	23.182	52.986
96.225	162.500	24.451	51.263
94.019	163.090	24.034	51.027
90.861	162.821	24.052	50.868
87.900	163.164	22.061	50.084
147.515	113.327	23.696	36.239
81.922	163.893	24.452	49.592
157.519	167.699	10.652	44.229
154.369	166.354	12.059	46.007
79.346	163.752	22.473	48.800
91.503	164.801	21.751	47.637
100.748	164.285	23.054	47.483
113.864	164.816	25.602	46.792
133.062	163.328	23.162	46.715
74.352	161.411	18.208	47.040
155.711	160.658	21.610	49.494
153.252	162.855	23.407	48.386
211.534	194.911	24.931	53.110
147.004	160.716	22.208	49.583
143.879	160.839	20.763	50.763
139.960	161.349	21.522	49.858
212.000	161.831	10.869	47.876
214.806	157.351	9.099	46.922
203.703	166.578	13.791	51.337
201.213	167.452	8.252	46.260
201.088	168.309	8.988	45.278
119.695	161.756	23.177	48.374
194.951	168.558	8.374	44.671
112.999	160.753	19.745	49.787
180.569	169.582	11.686	57.308
107.470	162.379	22.414	48.127
104.810	161.371	22.399	48.204
101.616	160.712	20.526	48.295
99.665	160.878	21.557	45.511
97.229	161.396	21.150	48.860
94.030	161.455	22.298	48.816
90.415	161.308	21.870	49.208
87.266	160.990	20.228	48.813
84.364	161.813	22.163	48.595
82.232	161.376	22.782	48.444
79.615	162.082	22.414	47.922
75.815	161.967	21.773	46.338
73.601	161.064	21.316	48.021
70.295	160.918	21.711	47.921
66.871	161.644	22.962	48.306
66.252	161.921	23.440	47.925
62.733	161.496	23.625	47.770
58.765	159.128	22.840	50.249
54.332	160.705	22.863	49.850
58.292	159.767	21.517	50.774
58.564	161.194	21.193	43.825
49.050	164.274	23.641	45.023
94.061	170.427	28.653	58.588
49.394	159.397	23.305	48.496
44.603	160.418	22.258	47.514
43.315	159.567	22.953	46.894
38.819	159.646	21.315	48.352
37.423	159.862	20.486	48.527
35.834	160.915	20.627	46.666
32.609	161.080	21.587	46.425
30.169	160.684	20.732	46.691
27.203	159.784	20.774	45.901
25.566	159.162	21.993	47.487
23.028	159.798	22.844	48.287
19.894	160.816	23.635	46.631
16.648	160.094	20.993	46.401
14.402	159.177	20.027	48.230
