431.000	401.000	69.000	93.000
433.169	391.082	67.230	95.893
608.839	380.956	20.935	103.341
615.194	380.128	20.604	99.567
618.708	379.869	21.742	106.151
460.986	384.426	63.802	96.602
634.729	373.439	19.161	104.475
644.214	373.685	19.691	107.659
471.361	374.251	71.289	98.137
471.544	383.308	72.465	95.964
486.843	388.503	61.741	95.383
485.282	387.319	62.390	94.893
653.106	375.534	21.085	105.842
478.115	388.692	63.938	99.174
470.233	389.054	68.675	100.749
466.756	389.458	67.828	99.001
456.632	389.519	74.054	99.466
451.748	390.485	73.960	97.621
451.918	391.944	69.273	97.191
445.119	395.158	64.685	99.042
439.381	397.122	61.518	95.387
444.149	397.722	60.671	97.561
443.768	394.613	62.844	99.128
442.444	392.324	66.994	100.599
438.060	391.156	71.776	99.941
449.173	390.716	75.490	96.008
450.994	391.819	74.498	96.923
447.183	395.408	77.334	94.618
465.452	397.853	62.990	93.196
474.817	398.567	56.571	91.786
485.628	396.363	53.039	93.635
487.371	392.218	55.334	96.403
488.309	389.904	57.990	95.811
486.722	386.241	62.481	96.524
485.798	382.574	66.263	95.602
486.661	379.701	70.036	97.034
489.278	379.277	68.241	96.397
495.194	378.670	60.378	95.931
500.169	379.540	57.027	93.935
509.181	380.582	53.700	91.259
513.906	378.994	55.529	92.731
516.533	379.485	58.929	94.144
517.364	379.824	64.225	94.357
518.797	380.843	71.643	92.623
527.736	380.938	72.888	92.267
536.922	382.643	71.489	93.158
548.775	384.146	66.620	91.600
557.891	385.282	60.297	90.676
567.541	383.604	54.919	94.005
569.626	382.043	57.289	95.188
573.844	380.175	60.092	95.645
577.057	377.448	61.236	94.668
576.883	376.604	62.666	93.231
576.928	375.791	64.791	93.377
577.364	375.564	64.820	93.082
579.843	375.935	61.382	90.983
585.360	373.921	54.876	92.629
591.198	372.024	49.952	91.460
588.189	370.964	54.800	90.316
582.513	368.671	56.208	90.039
575.087	367.291	61.697	89.698
570.117	367.430	64.827	89.342
566.922	367.626	62.440	91.677
565.659	368.869	63.637	91.344
569.434	370.108	57.844	90.112
572.972	371.152	56.309	87.661
572.967	371.846	55.703	87.029
565.881	371.220	55.134	87.849
562.123	369.242	55.289	89.706
558.467	368.638	56.429	89.288
554.593	366.378	58.917	91.107
556.499	366.182	57.244	90.216
563.477	365.607	53.499	90.705
569.840	366.562	51.142	90.280
572.423	366.807	49.919	88.014
714.158	384.691	22.715	82.993
575.257	367.170	49.347	88.618
717.953	376.805	21.288	87.832
581.237	361.411	46.944	83.659
585.131	359.561	49.469	86.497
586.456	359.719	51.303	87.982
587.917	361.581	50.847	88.547
733.305	378.402	21.101	86.283
591.815	368.355	48.259	86.996
592.793	369.913	49.708	86.375
594.917	370.761	50.624	87.243
596.063	370.441	51.686	89.445
597.600	372.819	52.365	85.783
596.337	371.700	56.284	86.424
749.599	383.263	17.609	101.113
701.969	382.180	73.103	82.732
748.859	350.821	80.095	103.721
608.096	371.424	54.646	90.898
760.900	383.446	19.832	102.600
722.773	389.660	74.314	87.575
601.016	371.778	56.479	89.784
756.796	370.720	19.191	94.647
601.031	367.681	55.457	92.322
600.881	366.021	53.118	89.980
602.021	364.515	51.254	86.471
496.736	455.525	64.526	85.050
423.856	439.267	72.089	104.751
402.027	353.952	69.631	97.945
366.947	348.244	71.954	104.152
226.786	350.933	24.206	109.053
254.133	351.247	109.772	126.645
215.953	455.028	92.434	98.549
70.882	340.773	23.594	118.350
204.786	340.894	20.370	105.462
504.507	348.725	16.441	102.828
217.941	336.066	19.785	105.253
336.412	351.151	55.549	87.662
487.908	357.661	20.180	96.963
477.877	370.966	19.077	85.422
579.219	355.068	11.808	82.138
587.854	343.620	44.791	80.907
484.027	313.110	16.959	89.372
724.121	387.220	19.914	98.362
720.893	344.572	25.413	99.834
608.894	344.393	32.005	78.078
596.357	344.597	45.528	78.327
594.467	343.774	47.295	78.444
491.967	299.228	14.899	89.645
495.705	317.979	16.281	88.176
498.860	320.202	15.499	91.085
610.113	340.217	50.237	80.034
611.603	339.757	49.400	81.041
614.354	339.813	48.342	81.605
615.801	342.338	48.031	79.431
511.417	293.955	17.053	88.414
620.306	344.068	46.757	77.098
752.029	336.509	18.351	84.855
622.240	342.271	44.985	79.211
623.556	342.095	44.302	79.264
623.059	342.063	48.133	78.828
628.570	343.135	48.127	76.545
527.772	295.388	15.782	87.844
535.723	336.194	16.753	90.867
537.926	337.227	15.762	91.117
639.012	346.657	45.339	77.150
640.784	347.418	44.522	77.496
645.612	345.750	44.818	75.589
650.366	341.593	44.434	77.627
652.829	341.207	43.826	74.109
655.570	339.956	41.542	76.612
557.712	332.120	16.591	86.814
561.583	332.235	20.474	93.712
564.581	344.117	15.412	93.986
571.377	331.268	16.184	99.275
671.080	342.265	41.750	72.405
577.379	334.367	21.597	90.119
674.139	341.518	42.462	72.714
677.387	340.032	41.350	73.821
582.491	331.477	18.544	89.907
681.291	340.146	43.108	73.296
717.566	413.156	58.330	79.431
688.225	339.774	41.878	74.688
591.744	353.513	16.419	90.859
691.361	341.621	39.140	73.084
693.157	342.414	38.171	71.065
692.831	339.287	40.331	72.244
599.585	308.860	15.725	104.034
699.228	336.772	39.607	73.363
701.436	336.715	38.645	73.706
705.411	332.411	37.975	74.167
707.053	330.813	36.507	75.011
614.256	349.710	14.288	95.844
618.151	352.595	14.550	93.271
621.036	353.085	14.430	90.529
624.136	358.950	14.776	89.593
716.685	338.064	38.546	68.869
720.301	337.483	38.454	68.086
724.176	338.297	37.814	68.591
729.520	338.178	37.077	68.635
642.047	356.391	13.056	85.165
642.870	351.676	13.495	88.583
649.961	312.536	13.836	82.369
745.115	344.324	36.944	68.160
747.426	345.200	37.918	68.987
750.079	346.354	36.689	68.404
754.472	344.543	36.032	72.412
663.815	360.042	13.788	92.509
599.141	344.452	62.204	94.746
764.634	348.415	33.037	63.460
766.829	347.548	35.056	66.832
769.210	347.442	35.403	66.601
684.998	347.807	14.137	92.723
586.859	350.346	13.769	88.957
776.066	346.890	34.680	61.730
863.945	403.183	26.057	70.000
782.483	344.272	35.776	64.705
785.519	343.281	35.268	65.202
