426.000	153.000	84.000	166.000
422.678	150.561	91.603	168.052
421.096	150.487	91.681	167.276
418.702	152.063	90.945	163.638
417.784	151.057	90.964	164.307
416.531	152.935	90.494	162.364
416.685	153.560	87.493	163.176
417.082	154.166	84.961	162.372
416.450	154.627	80.949	163.286
416.119	153.760	77.605	164.591
415.740	153.440	75.863	164.144
417.364	153.034	71.569	163.884
418.239	152.845	69.984	164.557
419.914	153.922	69.015	163.205
421.685	153.731	71.467	163.314
423.498	153.576	73.428	163.776
424.552	153.382	73.968	164.093
427.291	153.723	72.297	163.271
430.900	151.365	66.517	166.037
435.187	151.827	63.586	165.714
437.847	152.223	63.400	165.884
641.435	161.069	54.328	150.029
642.545	164.297	56.317	151.547
439.475	154.335	67.910	163.520
441.227	153.222	67.309	165.415
441.081	155.061	72.029	163.633
441.854	156.761	71.752	160.663
442.729	158.077	71.233	159.529
447.175	158.670	67.846	158.695
451.198	158.536	65.697	157.985
456.381	157.758	63.814	155.196
461.937	156.985	60.765	155.762
466.277	157.519	60.284	157.095
463.404	159.121	64.409	158.226
458.016	161.499	72.061	158.102
452.438	162.549	78.180	156.168
448.715	164.882	81.583	152.601
446.921	166.583	82.591	149.830
447.625	168.114	80.545	148.739
451.102	168.406	76.248	148.685
455.667	168.717	69.749	148.543
460.912	168.547	64.050	149.713
468.223	168.842	57.795	151.166
472.080	169.062	56.303	152.690
474.667	167.832	54.595	154.835
476.287	167.319	55.797	154.951
476.580	167.224	59.105	154.821
476.084	168.198	61.659	149.461
476.148	167.944	59.965	150.544
475.848	168.621	58.439	149.572
474.768	171.257	57.685	145.401
474.578	170.751	54.951	143.191
473.594	170.253	53.002	147.005
472.848	169.022	50.568	151.108
471.423	169.061	51.076	151.198
470.309	168.736	51.323	151.159
468.959	168.633	52.539	150.648
468.676	169.033	52.768	152.929
467.393	171.478	54.444	148.881
466.868	172.796	55.474	147.394
465.340	174.256	58.222	142.892
465.249	172.926	59.953	145.267
465.408	173.070	62.180	145.060
464.440	172.428	63.836	143.597
464.461	172.406	66.361	146.232
464.025	174.274	69.307	142.322
463.351	175.069	70.141	140.998
463.517	175.662	70.059	140.749
463.232	177.486	68.057	139.253
462.914	177.939	63.502	138.937
462.079	177.263	58.075	139.535
460.752	176.781	56.647	138.477
459.570	175.544	55.062	139.002
458.371	176.642	53.224	138.659
457.547	177.602	52.133	138.095
456.059	179.012	52.769	136.515
455.262	180.183	51.403	134.689
454.268	182.023	50.574	133.411
454.255	182.199	49.708	133.503
453.571	183.370	49.448	133.112
453.391	183.148	48.935	133.386
453.494	181.162	46.969	137.650
452.395	181.006	48.194	138.333
451.794	180.656	48.738	139.005
452.554	180.504	46.918	140.154
452.411	181.995	46.751	138.413
452.416	182.148	46.680	137.393
452.176	182.944	47.285	135.558
451.662	183.455	48.226	135.402
449.863	184.011	52.805	134.129
448.053	185.899	57.075	130.709
447.963	185.771	56.134	131.837
448.910	186.221	54.846	131.930
450.868	185.894	52.741	131.863
451.994	186.605	51.819	130.327
451.821	187.347	48.642	129.612
451.827	188.013	46.019	128.677
451.502	187.778	43.632	129.851
450.085	188.040	42.094	129.581
447.902	188.572	40.744	129.098
298.835	187.145	32.461	133.518
445.207	188.018	37.874	130.956
441.977	188.812	40.014	128.937
436.963	188.208	43.053	128.328
432.205	187.684	47.583	130.562
430.879	186.722	48.292	131.100
430.748	186.072	48.054	131.858
430.870	185.523	47.747	132.799
429.870	186.154	48.336	131.707
428.946	186.622	47.540	131.264
427.577	187.221	46.633	131.203
427.043	186.676	45.822	130.507
426.048	186.188	45.428	131.389
425.441	186.367	45.185	130.552
424.669	187.009	44.777	128.908
424.529	187.657	43.758	128.734
424.456	188.604	43.304	127.811
425.223	189.136	42.588	127.217
426.181	189.934	41.346	126.076
426.959	190.079	40.882	125.798
427.543	190.327	40.189	126.011
428.287	190.714	39.333	125.709
430.338	190.188	36.960	126.355
308.555	181.859	43.027	123.782
431.098	189.615	36.653	126.738
572.092	181.810	40.087	119.187
431.366	189.962	36.678	126.502
430.954	190.264	37.190	126.200
430.972	190.267	37.034	126.005
430.137	190.264	37.564	125.978
429.597	190.570	38.079	125.757
429.446	190.700	38.022	126.015
429.192	190.833	38.289	126.021
429.329	190.877	38.204	125.978
429.431	190.703	38.207	125.765
429.401	190.660	38.213	125.533
429.396	190.786	38.280	125.266
429.630	190.786	38.150	125.211
429.564	190.872	38.217	125.180
429.531	190.872	38.460	125.566
429.311	190.747	38.612	126.108
429.581	190.794	39.009	126.169
429.598	190.794	38.860	125.947
429.702	190.880	38.809	126.137
429.633	190.880	38.773	126.360
429.805	190.750	38.601	126.379
429.855	190.794	38.498	126.224
429.872	190.794	38.533	126.391
430.023	190.707	38.173	126.589
430.252	190.576	37.943	126.441
430.969	190.530	36.946	126.630
430.972	190.700	36.932	126.963
431.207	190.920	36.595	126.378
431.258	190.702	36.482	126.817
431.330	190.528	36.270	127.047
431.238	190.962	36.161	126.780
431.106	191.048	36.023	125.862
430.716	190.790	36.166	125.896
430.305	190.617	36.429	126.400
430.101	191.005	36.487	126.459
429.686	191.178	36.865	126.064
429.139	191.522	36.905	125.499
428.974	191.872	36.918	124.959
428.714	191.865	37.165	124.547
428.148	191.651	38.138	124.980
427.592	191.821	38.786	125.144
426.602	191.480	40.160	125.818
425.512	191.918	41.640	124.206
425.453	191.747	41.614	124.764
426.596	191.282	40.478	125.364
429.028	191.533	39.348	125.646
433.082	192.463	36.858	124.222
434.554	193.444	37.242	123.658
434.534	194.384	38.709	123.187
434.391	194.712	39.979	122.284
434.018	194.984	42.068	121.864
434.228	195.132	43.298	121.479
434.502	194.884	44.453	122.044
435.536	193.068	44.288	124.163
436.559	192.822	45.718	124.258
437.455	192.538	45.113	124.632
438.170	192.880	44.594	125.637
438.584	193.835	45.341	124.243
439.811	194.686	45.388	123.540
441.293	197.472	46.318	120.959
441.734	200.847	47.950	115.497
444.049	201.069	46.182	116.348
445.006	202.366	46.436	113.803
445.920	202.743	46.400	114.267
448.149	203.795	44.992	113.339
449.418	203.436	44.263	112.796
450.780	203.187	43.469	113.627
452.324	201.693	42.193	115.186
454.648	199.111	39.716	119.159
456.718	198.481	40.478	118.956
457.688	198.052	41.062	120.722
317.015	185.215	33.058	124.460
317.187	187.802	32.384	122.455
318.428	188.536	32.559	122.787
462.514	201.171	43.800	117.553
464.509	202.819	44.447	113.945
467.133	202.912	42.490	113.201
468.684	202.224	40.600	113.358
469.817	201.116	39.317	115.541
470.202	199.566	39.418	116.800
470.734	199.432	39.766	118.189
470.525	200.368	41.519	116.645
470.225	199.443	42.874	117.675
470.984	199.591	42.623	117.374
471.857	200.712	42.183	116.464
472.082	201.123	42.036	115.585
471.878	202.352	42.378	113.888
471.971	204.325	41.826	109.799
471.814	205.226	40.954	108.332
472.545	205.697	39.994	108.775
473.280	205.487	39.326	112.138
473.646	206.559	40.169	112.517
474.442	206.628	39.198	112.138
474.589	206.799	39.333	111.663
475.247	205.444	38.648	112.868
476.187	205.224	38.429	113.780
476.231	204.986	38.742	112.649
476.116	203.337	39.604	113.032
475.836	202.573	39.856	113.193
476.010	205.077	40.511	110.423
476.395	205.521	39.859	110.791
477.031	206.542	39.435	109.788
