219.000	100.000	17.000	40.000
220.340	100.237	17.378	37.382
220.413	100.342	17.730	37.559
220.816	100.585	17.563	37.231
220.943	100.838	17.813	36.640
221.008	100.548	17.986	37.685
220.998	100.213	18.663	38.334
221.587	100.262	17.941	38.564
221.108	100.296	18.194	38.019
221.241	100.243	18.332	37.793
222.163	100.336	17.836	37.459
221.531	100.765	18.322	37.974
223.370	101.045	18.101	37.392
223.642	100.111	17.740	37.582
224.966	100.187	17.408	37.881
224.876	101.619	18.358	36.884
225.664	102.122	18.178	36.248
226.418	102.266	17.859	36.299
226.781	102.279	17.611	36.404
227.338	102.515	18.046	36.852
227.557	102.268	17.906	37.253
228.752	101.957	17.552	36.295
229.134	101.946	17.000	36.663
228.963	102.638	17.428	35.128
229.480	102.724	16.640	35.792
228.957	102.983	17.882	35.791
229.118	102.771	17.314	35.779
228.691	103.567	18.159	35.099
189.343	63.079	22.304	36.409
226.528	102.506	19.310	37.384
186.000	58.385	23.275	39.228
225.556	102.378	19.953	36.136
226.417	103.195	18.815	35.565
225.320	104.326	19.061	33.871
224.549	105.169	18.716	33.266
223.182	105.165	18.078	33.656
219.994	105.027	20.245	34.193
182.487	61.802	23.719	40.676
218.570	103.931	20.337	36.346
217.931	104.107	20.100	34.536
217.831	102.936	19.291	34.422
218.397	104.879	17.945	33.440
217.118	104.127	18.462	33.536
216.368	103.816	17.898	33.879
215.184	103.748	17.779	34.006
216.430	104.804	16.338	33.582
213.792	102.302	16.897	35.122
210.628	101.671	17.622	34.006
210.659	103.126	17.530	35.493
196.332	98.618	32.095	43.898
196.007	99.718	27.146	45.787
211.530	99.607	17.949	40.992
211.273	102.161	15.438	37.947
208.250	101.589	18.463	37.701
211.636	100.706	16.986	37.433
211.792	103.290	16.044	36.051
266.004	94.678	5.973	36.641
210.618	101.889	17.105	36.492
202.604	98.800	24.002	43.074
198.813	97.047	24.003	41.483
209.662	101.621	16.576	37.848
266.488	92.816	6.494	38.506
190.315	95.791	27.624	46.591
188.294	98.169	20.992	45.816
192.146	97.053	22.527	44.190
176.589	82.952	45.126	64.035
175.371	94.337	30.063	52.396
122.160	31.598	28.620	54.678
211.937	101.655	15.473	36.696
172.907	65.808	21.451	42.898
212.576	99.303	16.257	37.998
212.340	100.919	16.691	36.831
268.043	92.722	5.946	37.441
204.719	98.716	20.713	39.841
177.534	57.284	24.047	45.189
208.679	110.164	29.754	52.801
216.094	110.317	18.924	31.349
222.054	111.892	16.899	28.553
226.044	112.748	15.483	28.457
269.842	87.501	8.186	37.391
233.655	113.304	16.550	30.206
236.762	114.207	16.426	29.847
239.369	112.569	16.266	30.655
242.008	114.030	16.366	30.647
243.822	113.814	17.856	31.139
246.317	113.453	17.905	30.941
249.591	113.234	17.779	33.010
252.937	112.390	17.580	33.678
276.933	81.236	16.696	26.933
257.161	113.702	21.820	62.893
182.038	178.008	13.702	48.664
175.561	157.837	33.677	53.169
192.941	99.256	13.509	39.814
325.258	100.351	9.785	40.557
272.669	114.977	17.433	34.868
274.797	116.831	18.244	34.484
230.929	106.856	5.992	34.227
232.993	103.744	5.679	34.337
280.838	116.827	18.059	36.614
282.854	117.195	19.107	39.390
284.493	117.476	18.822	39.392
286.040	116.018	19.342	42.088
287.760	116.025	18.813	42.077
289.241	117.286	18.689	41.054
290.771	118.917	17.690	39.574
292.696	118.929	17.658	43.584
293.159	118.159	17.620	46.619
294.036	119.350	17.454	44.746
294.978	119.302	17.353	45.897
295.716	120.240	17.772	39.650
296.554	120.990	17.936	37.300
296.806	120.829	18.298	33.824
297.559	121.670	18.136	39.752
299.079	121.575	17.132	39.973
299.308	120.994	17.826	41.697
248.076	93.344	6.204	39.541
201.946	95.176	13.455	36.246
299.209	122.169	18.372	40.856
299.894	123.288	17.514	40.784
300.539	123.589	17.616	39.356
300.145	123.453	16.900	40.705
300.795	123.372	17.119	42.079
300.169	123.912	17.100	36.703
301.032	124.008	17.100	37.363
300.432	124.368	17.210	40.889
300.053	125.582	17.118	43.475
300.394	125.879	17.531	41.450
300.950	125.699	16.893	43.203
301.082	126.638	16.758	39.634
301.430	126.910	17.288	40.768
302.308	126.823	17.156	41.340
302.679	126.808	17.594	41.186
303.740	127.913	16.813	36.618
304.517	126.875	17.295	37.624
305.653	127.736	17.904	40.021
306.539	126.192	18.270	40.890
307.852	126.864	18.990	40.537
309.298	127.682	19.420	39.729
311.094	128.330	19.293	41.236
312.221	129.534	19.179	37.662
314.263	128.686	18.903	39.939
287.763	89.783	17.861	15.076
318.094	129.598	18.808	37.190
318.649	129.230	18.836	41.832
320.345	128.513	18.663	39.718
322.446	130.174	18.084	40.845
323.972	130.151	18.437	41.041
273.041	91.486	7.007	20.836
327.003	131.241	19.593	38.564
329.783	132.348	18.584	37.147
331.200	132.367	19.192	40.629
331.898	132.139	21.052	40.417
334.780	133.207	19.091	40.002
337.479	133.668	17.825	38.963
337.772	133.681	18.549	41.017
338.538	131.144	18.948	43.703
340.197	131.425	18.420	43.707
341.176	133.267	18.689	41.593
340.937	133.671	19.312	39.912
342.983	135.527	18.205	40.607
343.564	134.932	18.526	42.095
344.548	136.733	17.818	40.852
345.060	136.416	18.310	43.596
344.529	136.280	18.279	41.958
344.902	137.480	18.641	41.722
294.020	135.398	8.346	44.381
343.555	137.055	23.030	46.342
344.807	139.741	19.180	40.030
346.455	140.238	18.622	39.955
296.985	119.178	6.977	46.250
347.266	141.509	19.369	42.933
347.362	140.485	19.602	43.493
347.258	139.916	20.421	44.566
347.197	141.399	19.474	42.307
347.553	142.128	19.575	42.355
406.263	101.178	13.679	17.757
347.150	143.204	20.667	42.236
407.570	101.159	13.263	18.902
347.194	145.696	19.373	42.252
346.564	146.006	19.837	42.714
345.182	145.590	19.592	42.510
382.117	156.373	25.051	50.327
343.423	147.296	20.027	45.398
341.238	146.603	20.011	44.647
338.454	146.261	22.364	45.656
336.866	146.754	22.185	45.808
335.125	149.126	21.754	46.575
335.512	146.903	20.630	48.007
333.520	148.847	21.384	45.995
332.121	147.419	21.360	47.793
332.382	150.256	20.069	44.604
330.501	151.156	21.563	46.370
381.330	166.080	23.017	48.737
330.206	152.794	22.297	44.257
329.789	154.703	20.758	41.972
290.740	113.021	18.912	8.109
330.690	154.310	20.070	44.899
284.909	111.874	20.411	11.261
330.707	153.688	20.599	47.051
331.165	156.001	20.644	44.821
331.882	154.947	20.326	47.540
332.579	156.046	20.841	48.671
333.177	155.833	20.862	50.951
333.376	157.386	21.991	48.448
334.582	158.346	21.381	49.043
334.968	159.817	22.085	48.828
335.287	158.364	24.165	50.057
334.818	159.316	23.897	50.070
336.135	160.183	22.911	49.591
335.275	161.156	23.659	49.465
335.565	159.859	23.745	53.238
335.481	161.203	23.200	53.476
335.807	160.746	23.282	53.763
381.610	186.704	32.865	51.010
418.916	165.526	36.064	59.588
341.046	166.270	19.755	52.653
336.156	166.520	21.795	52.389
337.463	169.193	20.592	48.139
336.625	168.544	22.202	50.690
336.691	168.444	23.971	52.700
337.919	168.412	23.644	55.220
282.480	116.710	22.806	20.779
337.248	169.742	24.481	52.719
381.102	190.735	28.908	55.935
338.127	170.688	25.787	57.832
339.510	172.653	24.858	56.610
339.961	173.678	24.827	57.623
340.022	172.568	25.188	57.175
339.523	173.478	26.224	62.564
339.539	174.895	26.595	60.354
339.149	177.218	26.303	60.161
339.853	178.079	25.347	59.586
337.769	178.810	26.978	60.319
337.230	178.633	27.174	62.633
335.271	179.890	28.616	61.402
332.922	181.086	29.517	63.116
330.263	183.771	29.732	62.612
328.595	182.887	29.897	73.206
283.646	116.010	22.343	22.592
324.957	187.472	30.211	65.475
324.155	188.328	28.282	63.791
281.810	128.074	21.802	13.582
322.650	186.078	28.785	70.551
319.908	189.770	29.469	65.547
318.444	188.952	29.912	70.582
316.873	189.804	30.216	70.834
316.382	194.107	28.601	69.191
316.539	193.561	28.292	70.871
314.738	191.858	29.330	68.071
315.398	196.872	29.106	66.757
314.041	196.714	29.085	64.079
312.994	196.893	31.045	67.219
312.512	199.261	31.366	67.395
311.464	201.633	31.703	66.917
310.851	202.581	30.103	68.263
308.356	199.818	32.691	76.359
305.602	203.497	34.107	74.983
305.855	205.374	31.913	73.942
304.041	207.073	31.001	73.468
301.628	209.088	30.987	70.422
299.226	205.636	33.019	76.173
330.768	135.010	32.273	13.988
294.686	207.549	35.160	79.505
292.825	209.406	35.740	76.560
292.718	213.091	33.782	75.875
227.172	140.958	26.753	21.831
290.139	213.663	35.985	84.546
287.745	214.450	38.467	84.517
288.051	215.933	37.691	86.194
286.387	216.417	39.865	87.507
286.201	217.829	40.384	89.100
286.913	218.935	40.936	88.808
286.882	220.352	40.972	86.878
286.102	222.533	42.344	88.007
285.508	223.966	43.072	88.439
284.491	225.560	44.507	88.316
283.224	228.335	44.797	87.665
282.625	229.664	47.197	88.874
281.513	230.032	48.188	89.510
280.832	231.798	47.799	91.857
278.894	234.627	49.297	92.958
276.959	236.094	49.670	96.959
274.247	237.553	51.375	100.760
268.338	240.204	54.709	101.855
266.066	242.242	53.516	104.841
262.907	244.471	55.196	105.809
259.485	246.326	54.373	107.386
255.216	248.086	54.996	107.470
249.866	250.257	54.749	106.475
244.423	251.648	55.112	108.974
239.595	254.431	53.541	108.121
235.255	255.677	53.281	110.284
231.159	257.110	54.587	110.982
224.373	259.764	56.592	110.753
216.893	263.623	56.244	111.534
209.149	266.603	57.901	113.501
202.633	270.235	57.961	115.622
196.088	272.379	58.824	115.957
190.674	275.490	57.314	112.454
177.873	279.358	57.123	110.480
169.956	282.797	57.972	110.555
159.429	286.553	62.229	113.122
154.448	288.733	60.305	117.777
143.849	291.837	63.140	119.264
135.384	294.758	66.131	123.736
127.936	299.491	66.804	121.859
119.918	303.568	63.181	124.293
109.617	306.128	63.297	126.314
95.590	311.587	62.730	126.343
85.886	316.658	64.929	125.449
75.903	321.258	63.829	127.954
65.082	324.002	64.545	130.861
55.980	328.693	65.944	131.785
42.261	333.125	68.589	133.950
