102.000	155.000	194.000	398.000
96.130	160.672	200.982	384.834
108.778	165.485	195.988	381.101
117.679	169.185	196.656	371.444
126.572	167.030	198.751	366.496
138.052	167.502	198.640	352.554
149.144	168.521	199.624	352.166
163.212	167.921	205.908	346.210
197.770	163.488	192.205	350.773
216.887	161.312	185.499	359.722
229.708	157.698	183.855	356.031
243.289	153.248	179.078	354.563
256.167	149.276	176.296	355.673
267.153	154.006	176.046	348.133
280.932	152.113	170.228	324.426
276.889	152.676	180.807	332.251
272.761	150.878	174.902	320.484
13.097	0.000	202.185	59.883
262.436	130.093	178.884	344.588
279.139	138.618	163.372	326.290
300.431	0.000	179.787	86.355
304.311	147.601	165.726	356.018
310.778	150.422	171.571	353.613
321.872	149.936	171.442	357.210
329.566	152.329	171.061	346.262
335.698	147.048	162.245	351.537
343.666	136.323	154.357	356.429
348.966	127.696	153.791	357.493
354.954	121.378	152.436	359.258
358.911	118.645	152.645	348.668
362.955	114.357	160.078	344.406
366.329	115.908	161.202	336.705
371.015	110.899	163.663	339.812
376.364	104.297	160.143	339.847
378.879	101.461	159.769	338.809
376.076	93.575	164.100	343.639
377.617	83.897	166.085	345.256
376.419	77.006	164.085	346.395
379.572	69.898	158.534	344.988
374.542	73.745	163.835	337.674
375.810	71.985	159.185	340.055
375.830	70.144	156.556	337.365
376.085	66.303	150.699	334.786
376.908	63.659	144.785	328.077
369.931	63.306	141.161	322.949
355.388	59.822	135.399	319.500
350.605	57.686	132.919	319.691
350.834	56.622	134.665	325.237
359.189	60.871	135.257	327.254
382.035	69.384	129.872	324.972
416.271	84.055	133.000	325.609
434.439	97.716	133.085	326.454
437.365	105.719	134.922	324.786
439.981	107.689	138.866	325.364
440.700	101.672	140.603	324.310
447.442	83.513	139.581	319.931
453.181	72.795	142.009	313.306
457.059	58.801	144.807	313.056
458.658	53.299	146.890	307.274
465.306	51.596	148.942	302.694
484.296	51.625	141.614	302.258
495.696	51.069	136.600	298.558
499.495	48.082	136.825	302.956
503.835	43.505	129.755	307.539
493.102	44.539	137.176	304.989
493.126	43.781	134.380	301.488
499.375	45.693	127.753	299.171
496.316	45.909	125.324	295.288
483.714	44.194	130.991	289.848
473.071	38.727	133.536	283.293
465.313	27.975	127.734	281.998
462.466	20.613	126.118	283.136
461.451	12.571	128.302	285.083
464.114	10.379	129.241	282.592
468.930	9.300	125.560	281.480
476.448	6.733	123.590	289.689
473.677	0.612	126.147	297.162
468.353	0.000	129.724	305.234
465.682	0.581	131.900	303.476
462.503	0.537	135.375	297.486
462.063	0.000	135.317	280.861
464.479	0.927	130.798	271.321
465.826	1.696	129.573	257.170
469.016	1.221	126.304	247.506
469.361	0.000	130.886	235.638
464.274	0.000	133.791	225.856
462.799	0.000	129.608	225.719
462.520	0.000	127.057	218.111
454.489	0.000	126.104	208.876
452.276	0.000	116.301	202.068
448.953	0.000	119.729	208.077
449.674	0.000	116.608	213.115
452.260	0.000	105.812	217.691
452.574	0.000	100.058	213.436
628.969	0.000	117.578	75.169
427.712	24.986	104.775	230.752
615.156	0.000	126.513	127.182
776.148	0.000	115.036	0.000
416.880	0.000	128.985	68.263
571.945	108.974	132.020	294.976
563.724	127.820	125.789	318.098
560.774	130.923	128.243	301.942
558.867	134.654	118.818	300.737
556.123	151.162	114.444	309.555
546.301	159.243	115.073	298.405
534.922	173.456	113.323	290.695
483.262	174.426	148.576	274.582
514.251	168.449	115.624	287.678
474.466	172.615	144.733	261.581
472.204	180.661	124.684	262.991
462.063	185.193	121.737	247.929
563.864	174.258	129.330	218.073
477.939	165.801	127.158	266.368
487.055	182.737	116.784	251.819
302.814	149.746	110.821	202.886
107.673	139.773	90.574	184.462
0.000	156.471	19.702	240.892
0.000	211.670	0.000	190.760
50.658	200.503	192.650	344.187
0.000	76.631	0.000	294.233
0.000	286.791	0.000	289.209
478.655	167.071	124.466	244.716
303.880	157.633	139.488	280.170
303.313	170.964	125.666	276.707
483.679	159.925	131.209	249.965
261.230	0.000	139.858	58.472
316.428	0.000	160.719	79.205
313.971	123.942	89.163	152.697
492.202	160.850	90.902	189.054
499.675	166.678	93.424	178.185
351.835	129.702	100.787	175.687
374.272	120.028	102.520	167.657
399.167	130.373	99.960	173.903
232.930	156.234	123.827	188.727
85.127	114.037	129.576	237.500
0.000	0.000	32.318	143.293
0.000	1.874	0.000	103.309
23.107	145.117	131.870	250.214
0.000	210.160	0.000	235.383
0.000	180.763	0.000	250.682
37.601	132.344	138.990	250.460
0.000	94.314	0.000	238.709
0.000	30.217	0.000	258.464
0.000	73.677	0.000	234.837
165.712	86.943	125.052	253.297
0.000	70.208	0.000	236.383
238.026	148.010	111.805	281.362
0.000	128.613	0.000	276.623
174.035	220.590	169.368	355.410
0.000	0.000	0.000	244.557
0.000	0.383	0.000	235.737
377.741	0.000	141.914	83.798
529.611	85.471	82.502	148.590
414.438	0.000	128.877	85.258
520.600	83.114	84.461	162.398
506.688	88.511	88.759	161.937
500.823	83.389	91.086	159.813
300.638	97.526	109.059	207.523
312.857	174.308	186.315	364.425
307.606	83.999	96.713	214.711
296.017	87.501	101.739	222.130
474.690	0.000	126.526	12.156
279.842	95.252	111.405	212.345
267.340	146.407	112.185	235.241
283.781	165.960	181.835	372.949
281.983	190.736	156.997	347.824
296.494	167.287	143.459	352.524
292.182	176.201	144.799	332.643
306.464	159.444	146.990	318.333
252.514	144.664	207.358	392.366
275.082	166.066	154.628	335.184
283.778	155.671	152.002	322.770
424.406	104.697	133.716	276.467
422.395	115.263	120.352	248.364
215.972	123.291	141.572	318.947
336.390	0.000	154.717	83.354
318.298	426.977	198.820	149.023
393.373	190.122	154.839	287.369
415.614	151.500	137.631	328.792
415.448	110.975	133.087	262.749
405.295	97.763	126.417	223.775
168.625	256.980	235.252	319.020
387.514	186.895	152.780	330.540
381.644	155.050	134.240	249.086
587.723	184.826	193.409	369.124
361.686	94.366	118.120	202.145
357.056	59.791	94.547	202.663
353.769	91.789	94.808	187.478
355.819	54.010	91.948	182.883
353.922	46.536	89.611	195.699
352.398	49.572	89.134	186.745
348.075	36.514	88.501	181.269
346.712	43.737	89.216	181.639
347.111	43.670	88.294	178.837
347.566	40.568	89.191	171.820
346.386	41.509	88.795	176.540
341.942	38.805	90.035	171.613
181.512	53.035	102.076	160.636
336.531	31.861	86.952	180.744
333.613	37.925	87.272	169.349
334.860	43.510	84.443	157.542
167.252	0.000	104.216	0.000
332.303	40.289	83.891	162.292
327.262	33.871	89.376	167.387
328.275	32.721	85.865	164.436
325.153	33.696	88.772	163.967
327.682	31.145	87.805	166.454
329.096	30.543	90.943	165.476
331.325	28.261	90.322	165.080
332.802	26.032	91.112	167.955
332.620	28.549	91.724	168.215
335.423	33.139	93.563	160.681
338.946	30.890	85.783	169.793
339.719	28.237	85.790	163.149
342.460	26.196	81.943	164.214
342.128	25.731	85.062	157.954
348.193	21.860	82.589	154.600
352.690	21.000	83.252	165.076
359.132	22.449	85.262	165.096
364.201	21.921	89.335	157.419
368.791	25.634	87.671	162.748
375.718	28.222	88.591	154.072
368.801	26.785	87.054	157.220
374.618	26.392	83.950	160.458
375.345	26.305	87.293	156.393
372.429	27.916	84.579	149.443
374.153	31.719	90.316	136.415
373.026	33.084	88.983	144.323
369.047	32.696	86.682	148.299
365.193	32.775	87.062	149.876
371.812	34.768	80.534	146.963
365.309	33.038	85.851	153.169
368.928	30.037	81.240	184.023
370.666	33.491	83.931	186.267
369.696	30.145	90.522	194.878
234.309	92.239	103.395	215.281
186.364	121.971	106.135	216.425
165.343	121.890	106.294	238.243
121.093	103.781	141.873	227.135
176.327	129.698	100.754	237.323
183.648	106.510	99.942	257.446
126.294	78.497	98.950	248.717
120.848	51.140	136.986	257.470
173.448	124.080	113.704	243.116
144.450	73.150	133.225	262.766
126.431	72.466	104.602	243.571
139.558	52.495	95.611	238.303
132.273	64.236	99.351	237.547
324.437	130.594	99.765	237.288
406.467	173.009	188.964	339.717
302.333	117.824	111.864	242.986
467.361	46.232	125.930	217.653
470.539	105.074	124.265	227.567
181.033	111.386	105.304	239.493
468.472	149.394	131.727	215.254
470.656	149.273	127.738	219.408
451.825	155.022	156.952	328.399
398.954	169.811	185.674	328.740
318.827	116.761	108.838	242.972
417.659	147.070	172.267	351.082
239.096	62.459	95.463	222.352
239.935	61.870	91.416	211.063
233.834	60.584	97.703	207.107
230.451	59.358	97.291	207.936
230.869	54.257	104.060	208.511
231.121	64.346	104.614	205.500
455.933	0.000	111.314	0.000
238.183	61.256	96.050	197.711
397.706	182.054	162.500	278.942
240.656	60.248	92.906	203.207
238.608	54.936	90.141	205.497
224.503	57.915	105.639	206.712
460.841	0.000	105.231	0.000
177.524	85.096	109.811	217.634
170.449	99.033	99.602	234.219
175.903	66.961	126.057	220.784
175.380	95.106	99.752	233.568
175.278	84.636	102.067	223.136
192.511	78.482	102.691	217.948
182.478	89.811	105.133	224.468
182.437	80.792	106.251	228.663
183.311	70.649	108.287	232.465
