297.000	238.000	37.000	109.000
294.711	300.301	48.404	133.164
292.135	236.893	37.910	110.942
279.738	298.859	55.227	136.926
288.857	235.778	41.774	108.342
156.570	126.411	37.017	70.886
289.204	234.069	42.140	109.300
292.072	234.343	39.877	106.476
163.808	135.176	23.909	68.287
224.661	233.821	39.978	100.596
268.326	318.319	63.802	92.542
149.713	232.215	43.194	103.216
151.845	319.911	46.839	118.285
138.923	232.067	43.353	102.459
137.679	305.143	50.242	119.878
138.416	228.855	43.310	106.378
140.021	318.517	48.114	109.490
75.561	323.345	68.769	131.965
0.000	423.674	26.605	57.326
0.000	409.454	0.000	48.264
0.000	409.388	0.000	49.824
0.000	408.296	0.000	49.960
0.000	410.424	0.000	46.533
0.000	409.737	0.000	48.519
0.000	408.160	0.000	48.408
0.000	409.694	0.000	47.514
0.000	410.614	0.000	47.066
0.000	409.867	0.000	47.540
0.000	409.256	0.000	46.998
0.000	409.168	0.000	48.605
0.000	409.388	0.000	47.964
0.000	410.275	0.000	47.646
0.000	409.650	0.000	48.086
0.000	409.497	0.000	49.080
0.000	408.091	0.000	49.848
0.000	408.857	0.000	48.135
0.000	410.741	0.000	47.198
0.000	409.672	0.000	47.231
0.000	409.300	0.000	47.426
143.214	284.153	38.297	36.162
89.018	227.517	32.904	87.684
81.519	217.676	35.156	96.658
75.299	215.840	38.475	99.653
70.940	216.531	40.616	96.832
70.360	215.261	37.953	98.041
71.014	213.447	34.320	98.176
69.629	212.717	31.144	99.850
65.765	213.230	31.492	99.859
58.115	214.148	36.693	97.520
54.114	213.440	38.814	98.282
47.905	212.601	34.842	98.332
56.189	212.326	36.723	100.178
83.663	212.690	39.362	101.240
125.675	211.643	38.361	100.140
147.938	209.033	34.726	104.282
190.504	207.864	36.114	104.449
212.467	208.114	44.479	100.441
234.131	213.046	49.315	91.629
384.757	238.334	17.136	109.776
225.086	211.685	56.809	102.381
227.921	211.371	35.795	91.093
225.066	211.896	36.951	88.478
220.326	209.103	40.458	90.208
215.561	210.515	39.759	90.175
213.575	206.872	37.753	95.034
210.683	204.612	41.336	96.604
350.595	196.856	19.753	101.165
339.577	212.568	16.897	101.349
198.026	206.430	38.685	91.670
187.252	202.530	41.537	94.174
219.001	203.914	36.593	97.665
172.919	201.827	39.900	96.407
161.723	199.907	42.750	93.799
152.148	196.240	46.513	94.662
297.001	106.633	21.679	94.793
218.047	207.776	36.543	94.862
217.478	201.703	40.650	99.483
363.324	166.940	16.068	123.838
359.691	216.842	17.573	100.976
217.740	203.420	43.064	101.855
251.017	206.960	39.306	97.573
289.986	204.471	40.105	97.679
312.921	204.044	43.922	96.903
361.151	207.645	39.300	91.700
489.975	275.834	25.072	106.240
432.440	205.376	36.822	94.274
467.294	201.063	36.075	98.621
470.183	203.853	38.009	95.011
606.637	210.683	15.557	111.856
600.163	229.137	25.845	121.677
467.596	206.531	35.398	93.361
468.678	201.018	40.697	99.424
613.792	206.727	15.498	135.920
468.705	207.136	33.872	93.841
472.419	203.830	35.874	97.987
608.633	210.564	15.627	110.923
466.512	203.217	33.272	96.557
473.550	204.355	35.191	92.595
472.168	200.289	32.049	95.619
471.590	203.326	39.387	98.075
536.069	208.832	49.708	117.328
465.082	200.070	38.442	101.941
607.800	207.960	17.034	107.091
471.530	205.144	36.016	88.752
468.307	201.195	33.847	94.352
464.915	202.765	38.405	98.538
545.351	204.155	52.573	115.744
465.044	198.803	37.348	100.649
471.606	206.181	37.691	89.038
469.671	207.228	35.391	88.479
467.019	200.910	39.656	93.540
466.684	206.278	34.811	96.888
469.287	203.225	37.992	94.822
603.934	211.008	17.519	109.204
469.440	203.659	37.036	91.905
465.729	202.137	41.377	95.530
