417.000	270.000	85.000	211.000
464.696	422.077	126.073	58.923
435.902	436.149	104.178	44.851
498.760	440.337	105.802	40.663
422.616	433.672	96.848	47.328
376.740	309.508	85.316	142.970
414.526	359.469	129.135	121.531
413.746	429.727	127.469	51.273
348.676	446.267	108.984	34.733
327.105	481.000	89.931	0.000
283.520	209.115	90.856	173.300
426.322	248.471	16.367	120.584
250.227	199.678	89.067	169.156
518.430	302.855	39.600	171.609
410.599	183.079	99.566	166.731
500.243	303.112	38.618	170.894
494.454	307.312	32.270	168.365
6.293	275.326	52.853	186.554
525.646	292.199	36.226	179.653
547.448	281.154	38.285	184.443
549.480	273.458	49.705	191.440
542.004	273.464	52.304	190.676
532.474	266.915	45.329	194.325
524.690	265.709	43.227	198.166
524.050	261.418	36.725	180.650
226.784	159.191	81.929	182.286
224.359	155.010	76.567	185.255
240.353	152.888	75.525	182.251
266.866	148.642	76.206	179.304
282.054	146.982	79.365	174.227
310.031	142.863	82.335	167.522
344.631	138.824	79.139	165.648
366.570	132.232	79.509	167.495
399.452	129.080	79.534	161.307
438.175	125.693	75.643	156.453
471.523	121.408	74.519	151.662
504.380	118.505	71.615	150.567
530.043	112.613	68.462	160.780
529.485	109.455	69.871	162.033
528.278	105.099	70.127	165.032
526.550	101.481	71.222	162.598
541.218	95.508	73.172	161.624
574.517	94.003	56.483	162.601
544.455	103.833	83.516	252.161
566.669	110.649	59.598	235.065
601.277	163.967	29.723	213.054
577.845	93.818	50.914	189.841
566.006	107.380	56.083	190.222
631.000	166.502	0.000	193.176
563.750	144.160	54.942	225.590
349.265	0.000	56.320	122.671
631.000	145.315	0.000	233.043
564.088	122.677	64.212	259.371
625.383	197.815	5.617	227.387
563.471	139.941	56.655	223.275
631.000	198.600	0.000	211.016
631.000	180.351	0.000	215.744
390.773	22.110	57.620	133.311
631.000	194.731	0.000	229.257
631.000	191.264	0.000	227.875
629.027	191.100	1.973	234.843
595.163	77.412	33.358	146.659
418.878	43.425	55.746	145.544
585.042	64.879	43.295	149.612
580.052	67.108	49.827	165.590
359.169	55.148	50.038	133.619
323.359	60.356	52.743	140.677
285.052	65.330	54.658	142.343
250.179	70.753	56.921	146.805
212.739	75.470	56.137	147.825
173.036	79.482	60.402	148.003
135.268	81.812	61.187	152.583
95.995	84.529	61.389	156.077
52.606	89.140	62.991	152.134
6.974	93.107	69.427	155.168
0.000	74.638	0.000	120.261
0.000	29.907	0.000	148.498
1.130	103.462	76.802	250.304
10.317	83.058	61.347	188.382
2.059	102.982	46.994	183.648
0.000	105.014	0.000	147.123
0.000	113.200	0.000	168.145
0.000	99.073	0.000	201.337
0.000	101.297	0.000	196.943
0.000	100.055	0.000	201.072
0.000	97.737	0.000	201.974
0.000	103.720	0.000	204.236
0.000	103.825	0.000	198.165
0.000	96.486	0.000	193.432
0.000	84.446	0.000	205.375
0.000	71.742	0.000	219.927
0.000	122.001	0.000	236.635
0.000	193.879	0.000	240.974
0.000	231.237	0.000	212.839
0.000	80.831	0.000	224.866
0.000	216.116	0.000	191.186
0.000	296.797	0.000	184.203
312.390	170.290	118.837	158.100
0.000	233.578	0.000	197.148
0.000	234.028	0.000	202.561
0.000	143.708	0.000	180.791
0.000	201.216	0.000	160.303
0.000	238.077	19.216	186.265
0.000	286.100	0.000	160.109
0.000	291.066	0.000	158.621
0.000	184.260	0.000	178.746
0.000	175.235	0.000	185.579
0.000	255.967	0.000	159.893
258.880	117.069	83.295	174.765
272.073	182.059	39.041	99.446
375.192	152.332	49.216	84.216
383.838	149.830	36.665	79.055
286.052	179.918	13.501	93.697
382.151	171.414	17.385	82.056
377.703	189.940	16.785	94.082
382.067	186.317	50.957	96.296
363.863	166.799	24.095	87.626
239.644	175.389	32.191	82.658
231.770	173.270	34.357	85.654
227.676	172.073	32.903	85.014
223.032	171.458	32.490	86.383
217.590	170.401	33.755	84.448
213.378	169.417	34.023	86.140
208.523	168.424	33.577	85.407
203.775	166.806	33.398	84.826
200.068	166.248	32.497	82.267
194.886	165.268	33.669	79.167
193.102	164.087	30.963	81.337
186.627	163.348	33.118	79.823
182.630	160.629	32.369	81.634
180.400	160.123	31.052	81.103
176.927	159.973	30.798	77.258
174.539	159.220	29.558	77.684
170.144	158.016	29.334	78.054
166.778	157.344	30.814	80.301
163.185	156.378	30.468	78.747
159.174	155.797	30.798	78.215
155.716	155.127	31.832	79.399
153.574	153.975	32.065	79.100
55.756	76.370	20.250	63.164
259.556	117.754	21.209	79.039
146.960	151.337	30.678	74.563
144.489	150.460	31.185	72.040
143.811	148.846	29.568	73.353
140.818	148.236	30.277	73.239
138.709	146.898	30.553	73.334
136.816	146.001	30.377	73.494
134.835	145.397	30.392	73.408
133.205	144.268	29.677	73.242
131.117	143.733	29.914	73.847
129.543	142.273	29.789	75.018
128.221	141.378	29.817	75.573
127.124	139.628	31.292	75.988
126.534	139.399	31.140	74.637
34.562	69.747	16.886	63.067
35.477	87.487	12.161	70.812
125.437	136.298	31.444	73.647
125.661	135.425	31.198	73.525
125.508	134.126	30.918	71.950
125.745	133.220	30.415	70.981
125.036	132.722	31.036	71.531
125.638	132.295	30.275	70.625
124.946	131.376	30.589	69.637
125.852	130.807	30.379	69.842
126.237	129.977	29.702	69.208
126.495	129.396	30.574	68.519
126.561	128.166	29.758	68.595
127.182	127.875	29.459	67.732
127.580	127.073	29.513	68.047
127.934	126.304	30.391	67.306
128.718	125.069	29.998	67.338
129.245	124.218	29.258	67.626
129.414	123.394	29.294	67.508
130.389	123.066	28.358	66.993
130.826	122.113	28.702	67.417
131.289	121.470	28.592	65.102
131.859	120.312	28.276	66.258
131.991	120.213	28.272	65.316
132.460	119.294	27.757	64.769
132.578	118.738	28.493	63.709
133.734	117.828	28.020	65.166
134.374	117.203	28.469	63.608
135.912	117.298	28.396	62.396
137.166	116.505	28.187	62.755
139.334	115.791	27.073	63.539
140.552	114.949	27.502	59.932
141.428	113.790	27.104	60.655
142.106	113.087	27.349	61.996
143.753	113.060	26.882	61.322
144.714	112.524	26.978	60.101
146.493	111.537	26.177	59.602
147.869	110.997	26.048	57.902
149.324	110.228	25.574	58.932
150.053	110.059	25.707	57.789
151.756	109.276	26.072	59.908
153.336	109.146	25.824	58.215
154.802	108.735	25.809	57.656
156.129	108.087	26.110	56.463
157.343	107.439	26.258	55.952
158.464	106.386	26.380	56.321
159.654	105.519	25.689	56.188
160.923	105.995	25.759	55.388
162.691	104.974	25.257	55.755
163.892	103.416	24.822	57.191
164.979	102.745	24.362	56.390
165.271	103.164	25.648	53.772
166.403	103.563	24.707	53.028
166.200	102.172	25.128	52.889
167.448	102.344	24.121	53.231
167.972	101.666	24.047	54.760
167.597	100.904	24.559	54.404
168.172	100.665	24.134	54.334
167.880	100.394	24.174	53.540
167.849	99.900	24.360	52.738
168.281	99.959	24.038	52.014
168.895	99.284	23.843	51.860
170.292	98.757	23.493	51.153
170.535	98.419	23.756	51.824
171.614	97.978	23.830	51.757
172.556	97.376	23.675	53.225
172.754	96.703	23.804	51.986
173.382	95.788	23.543	53.276
173.838	95.828	23.600	52.341
174.305	95.721	23.247	52.204
174.187	95.087	24.060	51.345
174.633	94.322	23.656	52.628
175.182	93.609	23.527	52.915
175.281	93.666	23.919	51.975
175.572	93.613	23.883	49.300
177.029	92.254	23.455	49.398
177.211	92.273	23.299	50.394
177.369	92.138	23.356	51.111
177.623	90.167	23.434	50.308
177.211	89.989	23.485	51.257
177.431	89.563	24.928	52.045
176.979	89.428	24.812	51.095
177.075	88.859	23.741	48.917
177.251	88.205	23.065	49.309
177.331	88.144	23.250	48.030
177.312	87.692	23.445	48.025
177.504	87.628	23.267	48.807
177.542	86.551	23.714	49.137
177.462	86.860	23.217	48.045
177.874	86.281	22.982	48.497
