47.000	129.000	35.000	42.000
53.404	129.842	33.694	44.903
132.926	130.710	17.160	43.501
140.347	124.839	15.097	45.526
139.400	121.959	22.561	44.477
143.007	121.764	20.515	45.393
81.854	131.422	30.649	48.372
86.288	131.998	32.025	48.382
91.313	133.654	32.381	47.817
96.318	133.376	32.059	49.150
101.179	134.248	31.984	49.268
106.437	134.988	31.318	49.479
110.776	134.849	30.648	50.259
115.725	135.989	29.397	50.288
119.500	137.318	28.971	49.440
124.058	138.293	27.576	49.335
128.051	139.862	26.895	49.429
130.982	139.427	27.117	49.937
134.141	140.485	27.110	50.844
135.773	140.852	28.035	50.881
138.669	140.048	27.331	52.218
141.540	140.628	27.439	52.763
143.275	141.066	28.098	53.376
145.173	142.622	28.512	52.296
146.959	144.241	28.020	52.212
148.113	144.899	28.493	51.863
149.182	145.658	29.028	51.799
148.206	146.091	29.460	52.583
149.304	147.097	28.095	51.929
83.092	138.118	10.049	58.824
78.304	116.233	20.466	56.469
146.076	148.291	29.911	52.528
145.597	148.951	29.901	53.725
144.910	149.787	29.306	54.067
75.394	131.861	15.695	58.754
73.594	133.188	16.049	57.817
142.005	153.424	30.267	53.889
141.192	155.050	30.089	54.428
140.978	155.134	29.247	54.622
70.442	135.914	17.276	56.686
140.380	158.856	29.491	53.335
71.839	145.274	14.247	57.597
66.755	134.942	12.782	58.091
67.164	100.406	13.633	32.172
139.361	161.674	30.755	57.247
139.506	162.623	31.437	55.944
67.872	139.160	10.824	59.803
136.417	164.973	32.242	56.690
62.524	129.476	15.523	62.305
134.307	166.000	32.428	59.078
134.703	168.496	31.508	58.040
133.879	169.366	31.953	58.637
58.998	126.031	9.334	44.141
56.976	125.631	9.540	38.828
132.662	172.807	32.913	60.966
54.783	121.726	10.049	54.992
132.829	175.143	32.879	62.398
133.244	175.392	32.331	63.926
131.925	177.083	32.641	64.132
132.294	176.923	33.026	66.090
127.297	180.931	35.843	61.792
128.114	180.961	35.337	63.978
125.741	183.236	36.457	63.972
126.074	183.995	34.162	64.508
123.068	185.594	36.311	65.183
120.516	187.140	38.574	65.751
120.084	189.420	36.705	66.135
120.379	190.275	37.166	68.351
115.849	193.013	39.981	69.160
116.507	194.685	40.284	71.809
117.305	195.160	37.488	72.352
117.231	196.845	37.113	72.200
117.470	198.732	39.320	72.586
117.709	201.390	38.658	71.605
117.287	201.996	39.167	74.251
119.877	204.041	39.879	74.356
121.881	206.378	38.867	72.368
124.385	206.465	40.578	73.391
123.366	209.436	41.003	73.574
124.932	210.121	41.391	75.108
126.940	212.777	41.558	74.026
124.869	215.047	43.260	76.487
128.609	215.561	43.627	75.316
128.383	218.717	45.554	77.318
129.464	220.290	46.330	78.746
131.137	223.880	45.794	78.550
132.419	225.497	46.590	81.024
134.671	227.194	47.132	81.749
136.810	229.864	48.198	83.908
139.472	233.661	49.877	83.451
141.071	237.300	50.818	81.062
143.534	239.452	50.099	84.077
35.568	228.126	49.457	77.417
35.686	239.148	44.192	83.179
153.451	247.706	51.516	88.337
155.893	249.178	52.049	90.053
159.447	252.306	51.723	92.079
163.963	256.515	52.523	93.233
168.511	260.131	53.578	95.954
172.664	263.475	53.820	99.755
47.363	260.182	49.642	99.834
180.802	271.780	55.248	105.344
46.600	257.732	39.589	101.628
190.434	278.939	56.614	111.222
195.380	282.831	58.100	114.492
198.952	285.714	58.321	116.162
202.258	290.144	60.787	118.980
207.883	295.314	61.305	121.105
54.011	311.888	34.810	95.857
63.566	278.120	60.283	97.640
62.782	263.307	47.875	100.475
68.120	287.381	56.953	100.295
244.429	319.707	68.196	130.543
252.986	324.149	69.823	133.987
263.062	331.063	71.544	135.250
274.042	337.383	73.363	137.375
285.818	343.183	75.584	137.125
