11.000	219.000	47.000	109.000
14.284	222.102	52.538	108.438
18.916	224.406	53.661	106.354
26.188	222.866	47.525	110.321
36.248	221.225	42.756	112.127
41.447	224.443	50.743	110.506
44.863	225.390	55.132	110.653
51.993	225.091	51.431	113.018
67.776	223.516	39.347	115.508
71.833	224.510	39.918	115.978
78.546	226.354	44.110	114.797
85.126	228.770	45.513	110.765
73.687	226.698	40.032	115.361
34.416	228.830	50.740	117.261
15.783	232.714	64.763	116.129
27.127	232.963	57.269	116.094
44.296	232.159	43.097	116.774
56.120	233.027	41.852	117.280
59.997	235.013	52.830	115.740
64.834	236.716	53.918	114.071
80.943	234.985	43.215	117.067
92.238	233.693	40.401	119.434
96.827	235.989	59.481	119.233
99.098	238.029	65.904	116.087
108.928	236.634	56.394	117.414
128.537	234.929	39.780	119.104
137.076	235.798	40.666	119.660
140.452	237.153	57.587	117.709
114.864	240.650	58.227	114.553
100.662	241.337	43.150	114.327
102.519	235.566	38.791	119.021
107.639	238.313	48.504	117.335
111.160	239.790	53.705	114.540
120.916	239.069	53.992	113.980
133.138	236.578	45.619	113.615
146.262	236.935	41.754	107.886
151.663	237.238	44.227	108.772
20.924	227.556	17.816	108.360
172.513	242.742	48.904	105.793
186.972	245.654	43.232	103.381
187.816	250.008	51.621	97.329
63.539	227.565	22.923	107.623
187.565	245.514	74.380	116.887
2.433	231.364	55.060	126.097
0.000	183.751	0.000	135.953
0.000	249.284	0.000	130.492
233.783	223.448	58.914	119.021
80.484	225.202	29.859	110.205
86.990	233.626	36.152	107.255
262.937	220.153	41.297	115.335
271.695	219.525	46.503	114.801
239.939	221.330	54.636	110.692
210.687	220.939	55.139	111.240
213.810	218.770	47.158	110.784
219.919	216.607	38.741	114.697
226.264	216.827	48.039	112.404
232.962	217.676	39.347	111.121
235.428	216.323	44.797	111.549
247.667	215.324	38.974	116.884
253.717	212.799	40.662	114.029
260.006	212.429	44.882	111.298
265.563	213.762	47.971	108.640
248.857	212.136	44.588	108.786
219.033	211.645	42.406	105.830
197.708	207.770	39.319	110.313
203.666	210.551	41.773	106.430
206.334	211.400	44.814	104.118
215.322	210.328	42.167	103.784
223.899	208.575	42.168	103.284
227.420	208.316	45.564	103.182
232.530	208.922	49.330	102.839
238.262	207.370	47.031	104.577
242.129	205.396	43.782	107.567
246.422	201.833	38.698	109.970
250.052	201.885	44.323	109.219
255.053	205.913	47.482	103.824
265.570	205.931	39.296	104.727
273.544	203.346	39.468	105.426
277.841	202.836	44.216	100.894
282.135	202.794	44.937	99.442
256.683	202.980	42.177	99.553
227.397	201.374	34.115	95.705
229.218	200.405	35.522	100.361
235.322	204.149	35.553	98.717
233.740	201.694	39.279	101.936
364.882	194.526	30.306	98.647
253.120	199.083	32.603	102.625
256.292	199.318	37.845	102.278
260.197	199.259	42.018	100.157
266.723	198.150	42.092	99.559
275.899	194.104	33.967	102.351
280.109	194.342	39.999	102.266
282.223	195.072	46.727	100.956
284.697	193.686	46.069	101.667
292.531	192.899	41.158	99.675
303.194	191.350	37.061	99.432
305.511	190.249	43.395	101.096
310.961	191.685	45.770	98.437
317.735	191.003	43.904	97.683
324.001	188.479	39.069	97.835
329.374	187.119	34.810	99.878
333.410	188.417	42.222	99.170
335.587	187.542	40.980	99.001
340.709	186.416	37.849	97.032
347.241	185.110	36.131	96.800
349.608	185.019	40.935	96.652
352.758	184.977	43.040	95.483
355.748	184.048	42.561	95.873
358.171	182.001	41.843	95.954
360.219	181.323	41.821	96.188
363.169	181.891	45.133	95.560
365.685	181.152	40.714	96.012
369.638	179.772	39.236	95.268
374.394	178.375	41.064	95.028
379.212	177.565	42.695	96.036
381.844	178.775	43.326	93.864
383.161	177.941	43.755	94.535
385.685	175.070	43.263	94.614
387.513	174.792	41.550	94.009
391.175	176.414	43.900	92.816
395.217	174.898	40.396	92.958
400.547	173.482	38.647	91.893
405.601	172.178	43.796	92.260
407.708	173.487	43.990	91.422
410.244	172.635	43.449	92.261
413.349	170.376	42.223	91.301
415.719	169.631	38.703	91.613
418.290	169.088	38.190	91.424
422.301	168.538	36.377	91.495
425.249	167.538	35.291	92.656
428.304	166.191	36.279	91.017
432.180	165.948	39.513	90.942
434.489	166.447	42.293	90.519
435.607	166.123	42.805	90.576
437.570	164.346	41.130	89.814
439.431	163.046	37.418	90.272
442.155	162.685	36.681	89.671
444.789	163.426	37.143	87.248
446.968	162.761	34.948	88.037
451.834	161.304	35.028	87.159
454.288	161.356	38.818	86.324
456.101	160.986	41.180	86.801
456.818	160.732	41.955	86.651
458.445	159.487	39.095	85.891
459.556	158.528	35.536	86.723
461.605	158.079	33.581	86.455
463.777	158.619	32.870	86.645
465.997	158.458	32.857	86.039
469.172	157.042	34.222	85.124
471.495	156.557	38.019	84.491
473.267	156.663	38.872	84.988
474.658	155.680	39.336	86.168
475.982	154.475	38.512	84.205
478.179	153.113	33.851	85.310
479.824	153.444	34.350	84.321
480.893	153.758	35.375	84.528
484.026	153.730	33.546	84.135
488.182	152.430	32.366	82.734
491.227	151.990	34.723	83.150
492.836	151.997	39.410	82.496
493.902	151.448	39.491	82.901
494.564	149.997	38.713	82.579
495.818	148.974	36.175	82.843
497.065	148.842	37.653	81.466
500.104	148.995	35.012	83.410
504.353	148.500	34.253	82.275
506.690	147.609	36.609	82.222
508.333	147.691	39.181	81.535
509.807	148.350	38.062	80.802
511.215	147.054	37.080	81.390
512.056	145.568	35.307	80.665
513.104	145.213	33.421	79.917
515.773	145.169	33.772	80.807
518.230	145.389	32.159	80.591
521.525	144.684	30.770	79.476
523.664	143.570	32.364	79.471
525.864	143.359	33.009	79.905
527.830	143.352	31.501	80.980
527.601	141.946	31.212	78.353
528.387	141.146	31.483	79.271
530.712	140.903	30.371	78.877
532.433	141.207	30.534	79.287
534.463	141.234	30.003	78.723
536.161	140.150	30.988	77.980
537.390	139.427	31.850	78.708
537.971	140.134	32.528	77.967
538.808	139.575	32.475	78.636
538.259	138.590	32.827	76.929
539.756	136.926	31.136	78.224
541.495	137.675	30.093	75.834
543.943	137.407	29.247	77.182
546.523	137.006	29.437	74.678
547.854	135.350	29.835	76.430
548.224	136.063	31.245	75.605
548.925	135.339	31.343	76.904
549.594	134.951	31.063	75.856
549.749	133.814	30.862	76.184
550.669	132.708	29.274	75.860
552.836	133.244	27.696	74.574
555.121	133.567	27.733	75.081
556.945	132.005	28.906	75.409
556.542	131.825	31.086	74.543
556.396	133.221	33.191	72.136
556.416	131.538	32.489	74.888
558.152	129.534	30.934	75.230
558.229	129.763	31.101	72.871
558.979	130.457	31.070	72.950
561.334	129.885	29.025	74.117
563.737	128.774	28.710	74.079
563.580	127.928	30.824	73.136
563.730	129.466	32.199	68.958
565.018	128.884	31.438	70.434
565.530	127.423	30.329	72.017
566.124	126.056	29.920	71.736
567.420	126.046	27.828	72.542
569.180	126.585	26.759	72.754
570.441	125.293	27.927	76.628
571.071	124.691	30.137	76.328
569.515	125.223	33.314	75.286
569.673	125.748	33.486	72.514
570.916	124.892	32.355	71.624
570.853	123.216	31.707	72.031
571.390	122.366	30.682	71.669
571.868	123.535	29.975	68.606
573.495	124.181	27.522	68.683
574.175	123.000	27.620	68.707
574.777	121.291	27.966	68.644
575.088	121.787	29.112	67.427
574.693	123.391	30.560	65.028
574.087	121.126	30.136	68.183
572.619	119.167	29.616	69.858
572.332	119.323	29.011	69.042
573.022	120.167	28.416	67.028
574.284	120.013	27.466	68.230
574.750	118.874	27.564	69.339
575.734	117.745	29.587	67.060
576.160	118.307	29.531	65.880
576.362	119.505	29.039	66.159
575.958	117.116	28.590	69.866
575.536	116.431	28.614	71.075
576.145	116.967	27.685	68.789
577.279	117.570	27.234	66.572
575.841	115.850	28.234	67.841
536.188	107.542	27.858	68.343
539.657	106.303	27.862	68.439
537.973	108.632	28.302	65.643
538.150	107.373	28.213	65.885
536.629	106.500	28.053	66.101
536.931	106.091	28.071	66.514
537.359	106.696	27.657	64.814
538.479	106.619	26.405	64.516
538.949	106.269	26.899	64.698
538.758	103.742	27.408	66.658
538.436	104.430	27.864	65.081
538.421	104.286	27.229	65.414
537.224	103.941	27.633	65.593
