679.000	214.000	91.000	74.000
675.972	214.337	88.299	75.718
672.721	214.638	88.729	76.241
670.143	215.528	88.259	76.507
667.015	216.783	87.882	75.864
663.534	217.987	89.603	76.173
659.743	219.114	90.469	75.920
657.184	220.683	90.156	76.792
655.477	223.230	87.888	75.350
651.153	223.293	90.525	75.670
649.941	220.827	89.784	77.354
640.823	219.626	93.689	76.736
637.791	213.787	88.574	79.341
633.469	208.408	90.180	79.619
628.328	204.224	89.435	76.666
623.714	197.809	88.710	75.106
620.162	190.182	86.251	75.223
615.948	183.637	84.141	72.113
611.620	178.123	83.249	72.339
609.436	174.925	81.880	70.209
606.626	176.475	82.586	68.032
604.851	177.589	84.376	67.036
604.839	178.936	84.495	67.713
604.976	181.950	85.745	67.658
606.865	186.174	86.144	68.151
610.015	191.046	86.714	68.834
613.965	195.996	90.871	70.118
619.468	203.868	95.073	70.043
626.313	205.676	92.539	71.362
643.442	206.619	83.787	73.632
645.424	207.249	92.875	74.524
654.187	206.355	94.136	76.818
664.205	206.064	93.737	74.662
672.308	202.924	87.115	75.060
674.453	202.220	92.891	74.041
679.255	198.487	90.513	75.639
683.137	195.901	88.048	75.325
685.198	193.300	85.608	74.171
687.716	192.651	83.021	74.095
688.194	192.515	81.882	73.492
688.170	194.670	81.073	70.442
825.167	277.111	61.186	85.199
708.967	195.627	59.268	70.116
690.861	198.705	77.190	69.293
684.725	198.915	79.390	71.604
680.135	201.696	82.521	72.096
674.765	203.927	86.220	71.789
670.175	206.718	84.159	71.400
656.899	212.262	88.096	69.869
644.836	220.508	77.208	66.612
632.181	223.357	81.610	65.497
610.396	226.200	83.957	64.537
602.592	227.685	76.827	66.093
751.496	215.576	32.290	73.442
738.208	212.703	24.282	71.902
724.363	205.917	20.494	67.215
680.526	206.550	45.502	69.286
452.316	204.723	80.762	67.207
590.665	103.811	50.234	71.942
622.797	205.468	43.947	88.274
650.505	190.010	22.632	89.516
660.947	193.230	20.644	83.730
358.839	140.234	23.802	95.975
488.004	188.829	86.984	75.322
489.356	186.794	85.960	79.509
490.804	185.248	86.869	79.288
493.447	185.535	86.467	78.072
668.361	326.408	35.507	64.833
688.739	177.140	20.185	82.712
656.089	188.514	67.654	74.573
547.021	182.439	35.401	71.664
656.750	222.745	15.215	69.405
496.376	185.507	81.783	82.724
489.850	186.599	85.409	77.279
485.141	192.389	88.271	76.739
477.479	62.659	91.105	78.604
526.830	212.988	84.602	57.584
688.696	198.533	22.992	66.487
444.804	199.803	74.975	55.022
682.969	112.941	35.254	36.399
692.372	114.108	38.013	37.134
578.747	220.511	76.590	58.532
584.489	220.256	78.927	60.204
590.672	221.008	81.405	60.792
598.297	221.704	78.868	61.020
603.807	223.760	79.365	59.980
608.450	224.208	76.066	60.880
613.664	224.695	71.285	60.696
615.380	224.522	69.798	60.095
615.857	223.693	69.735	60.087
615.154	222.855	70.771	59.587
615.407	221.303	70.865	59.259
616.107	219.024	70.416	58.650
616.909	215.761	70.302	57.456
616.400	213.264	72.141	56.438
620.675	209.362	70.701	55.652
623.096	204.263	68.035	54.801
625.898	200.756	68.327	53.746
626.719	196.116	70.592	52.492
627.486	193.223	71.277	52.704
629.106	193.007	70.216	52.758
631.200	193.816	69.289	52.446
633.631	194.124	68.726	53.788
636.968	195.082	68.834	57.904
639.498	199.641	70.107	57.330
643.378	204.702	71.009	56.326
647.300	206.087	76.510	61.753
651.260	210.273	75.753	61.151
655.455	217.489	79.255	63.236
660.887	219.294	79.997	63.509
672.081	219.003	75.677	65.028
674.317	220.260	75.111	63.782
675.138	220.765	78.574	63.035
675.424	221.110	76.659	60.033
674.736	221.013	76.056	59.751
673.484	221.168	74.089	59.608
669.638	221.161	74.557	59.789
664.872	222.584	74.377	59.022
661.446	221.743	70.620	60.954
659.317	220.905	69.009	62.135
651.479	222.480	74.019	61.052
651.134	221.963	71.674	62.071
648.934	222.027	73.619	62.359
649.228	220.698	72.880	63.950
649.585	219.492	74.312	63.034
653.420	217.332	71.192	64.828
654.846	213.045	71.072	68.260
656.059	210.496	70.428	68.658
656.665	205.858	71.305	68.684
656.431	202.820	73.148	68.933
657.834	199.135	71.317	70.798
659.099	199.464	70.723	66.845
559.670	198.059	70.261	73.721
655.334	201.768	71.711	63.178
656.778	201.547	71.680	65.674
655.723	204.501	71.574	65.899
653.166	206.892	72.964	65.994
649.165	209.620	74.324	64.458
648.527	212.357	72.097	66.277
645.696	214.194	72.819	65.186
644.231	216.250	73.431	64.219
643.996	218.119	72.652	63.283
643.603	219.397	73.358	62.539
643.232	219.547	74.272	62.883
642.996	220.237	75.540	62.583
643.734	219.993	75.495	63.030
644.435	220.160	75.120	62.096
645.366	218.904	76.175	63.447
646.503	218.055	83.110	64.521
649.460	216.403	83.318	64.899
649.830	216.689	84.742	64.175
653.013	215.601	83.145	66.400
655.181	214.768	81.090	66.737
657.299	214.902	79.726	67.269
657.108	215.337	78.955	67.621
656.463	216.336	79.175	67.140
654.936	217.546	79.290	66.217
651.870	218.139	80.945	67.600
648.026	220.190	82.928	67.639
644.789	222.425	83.586	66.990
638.107	225.790	77.749	64.047
630.718	226.583	79.673	64.590
623.226	228.413	78.992	64.908
614.960	230.190	73.968	63.841
605.703	232.119	76.699	61.208
594.990	231.791	79.655	61.110
587.123	231.227	78.748	59.478
580.464	229.748	76.437	58.649
574.393	228.147	74.183	57.439
571.165	227.650	71.778	56.352
568.371	226.705	70.989	56.679
673.017	122.258	60.273	43.101
566.512	227.847	68.778	53.455
673.477	126.645	52.442	42.166
565.684	228.313	69.796	52.870
565.352	227.757	70.787	53.360
565.341	228.067	70.639	53.041
564.935	228.269	71.595	53.043
564.999	228.120	71.432	53.335
565.490	229.061	70.653	52.800
566.292	229.179	70.723	52.831
566.913	229.095	70.329	53.091
567.155	229.840	70.183	52.372
567.538	230.052	69.993	52.094
567.598	230.325	69.436	51.594
567.814	230.704	68.799	51.454
567.624	231.014	69.030	51.521
567.048	230.165	69.669	52.612
566.401	230.392	69.762	52.204
566.115	230.258	69.779	52.394
566.367	230.225	69.638	52.428
566.632	229.886	69.590	52.852
566.357	230.085	69.677	52.548
567.382	229.680	69.029	53.001
567.652	229.852	69.331	52.687
568.076	229.954	68.818	52.528
567.541	229.832	68.889	52.384
567.581	229.358	69.471	52.490
567.769	230.080	69.453	51.516
568.526	229.933	67.721	51.676
568.820	230.490	67.006	50.548
568.939	230.819	66.281	49.937
568.369	230.448	67.201	50.662
567.243	230.083	68.706	51.020
566.863	228.879	69.494	52.151
567.513	228.698	69.161	52.207
567.785	229.164	69.172	51.939
567.541	229.238	69.119	52.032
567.746	230.030	69.006	51.072
568.538	230.304	67.841	51.146
569.151	230.513	67.358	51.115
569.162	230.213	66.935	51.470
568.936	229.879	66.970	51.693
568.251	230.013	67.983	50.925
569.084	227.022	70.637	52.658
570.152	227.545	69.225	52.667
570.110	228.295	68.830	53.105
570.178	228.951	68.856	52.507
570.324	228.290	68.755	52.530
569.849	227.554	68.719	53.311
569.352	227.367	70.464	52.552
569.692	226.990	70.051	52.073
569.966	226.414	70.407	52.731
569.434	226.807	71.950	52.695
571.042	227.419	70.264	53.505
571.635	228.171	69.180	52.708
571.632	228.821	68.846	52.695
572.055	229.458	68.060	52.044
572.705	229.321	67.719	52.243
572.705	229.521	67.490	51.929
573.217	229.270	66.564	52.443
573.448	229.100	65.931	52.613
573.053	229.410	66.952	52.202
572.166	229.032	68.852	51.649
570.838	227.710	69.997	52.592
570.469	226.651	69.925	53.867
569.972	226.590	70.307	54.249
569.618	226.385	69.103	53.983
569.623	227.872	68.948	54.904
478.935	222.914	42.042	55.617
476.250	217.029	48.204	58.975
474.620	221.942	47.222	55.360
475.200	218.053	45.368	59.328
475.679	217.447	45.765	58.239
475.368	217.924	45.476	57.710
474.661	218.371	45.875	60.034
475.956	219.092	45.009	62.893
567.317	230.655	69.274	56.144
568.117	230.729	69.080	57.118
568.066	230.415	68.497	57.988
568.484	230.943	68.677	57.071
568.704	230.784	68.835	57.371
568.671	230.261	68.161	57.956
567.962	230.292	68.373	57.628
567.962	230.044	68.282	57.547
567.751	229.909	68.754	56.969
567.427	229.075	68.274	57.698
567.299	228.969	68.981	56.760
567.145	228.559	69.051	56.570
566.909	228.135	69.390	56.652
566.317	227.895	70.276	56.174
566.601	228.585	69.644	55.817
565.461	227.461	69.115	55.081
675.315	123.934	51.065	42.471
676.626	214.902	49.996	59.630
563.794	227.452	72.193	53.225
565.004	227.419	70.931	53.335
565.259	227.427	70.783	53.259
565.068	226.566	70.108	53.684
564.996	226.762	69.404	52.944
564.542	226.516	69.279	52.772
575.234	227.868	68.406	50.814
574.472	227.597	69.130	52.646
574.852	228.433	68.916	52.905
573.976	228.066	69.457	53.887
702.459	126.878	29.299	39.031
706.177	130.327	25.497	43.533
570.127	227.963	71.762	54.902
707.010	129.458	26.023	50.914
714.721	129.478	18.075	48.203
693.744	133.756	38.670	53.008
709.915	126.318	23.852	37.440
697.158	125.996	36.711	38.859
685.246	125.644	48.847	42.314
682.105	126.676	51.168	40.633
573.164	228.228	68.368	54.213
572.743	228.855	68.375	52.460
573.233	228.315	67.649	52.705
574.462	227.533	67.696	52.833
575.374	227.372	67.475	53.027
575.347	227.303	68.264	53.124
575.324	227.324	68.290	53.092
575.248	227.117	68.938	53.043
575.076	226.513	69.192	53.601
575.477	226.468	68.981	53.589
575.709	226.852	69.249	52.780
576.008	226.600	69.026	53.377
575.906	226.883	69.082	53.116
575.666	226.600	69.934	53.582
576.017	226.613	70.178	53.710
575.357	226.920	71.610	53.663
484.967	221.942	31.348	58.445
574.952	228.501	70.494	53.189
578.478	229.039	67.131	53.131
580.041	228.523	65.116	54.367
581.529	228.759	62.928	55.019
581.231	228.761	63.415	55.242
580.833	228.791	63.825	55.371
580.713	228.201	63.965	56.216
580.058	227.904	64.758	56.563
579.658	227.741	65.384	56.353
579.586	227.771	65.460	56.287
578.920	227.291	65.864	56.767
578.652	226.596	65.591	56.577
574.924	226.600	69.122	55.785
686.031	213.141	47.555	61.100
715.916	186.024	19.940	76.041
702.330	193.783	34.254	71.311
695.530	200.643	38.789	66.419
574.277	225.720	70.478	54.971
574.059	225.570	70.965	54.946
573.776	225.658	71.676	54.999
573.851	225.561	71.807	55.066
574.024	225.531	71.909	54.920
573.243	225.441	72.754	54.453
573.671	225.427	72.164	54.737
573.458	225.427	72.476	54.490
573.102	225.839	72.294	54.361
685.312	121.846	51.170	41.698
683.640	193.179	50.109	67.322
717.535	214.577	67.736	57.621
572.883	226.612	69.978	52.420
573.230	226.712	68.339	52.436
573.357	226.857	67.798	52.669
574.096	227.167	65.574	53.194
574.282	226.640	64.547	54.515
573.906	226.718	64.600	54.300
573.808	226.661	64.313	55.087
573.433	227.278	64.151	54.718
572.612	227.632	64.214	54.494
571.328	227.202	65.586	55.345
570.357	227.299	66.423	55.585
569.954	227.065	66.844	56.315
569.443	226.773	67.446	56.726
569.406	227.135	67.438	56.426
569.294	227.164	68.379	56.568
569.132	226.950	67.621	56.929
568.931	227.242	68.643	56.346
569.110	226.973	68.416	56.443
569.017	226.675	68.782	56.562
569.202	226.471	68.940	56.556
569.612	226.582	68.789	56.325
569.658	226.631	68.435	55.636
569.384	226.053	68.449	55.727
569.106	225.513	69.207	55.847
568.924	225.121	69.913	55.789
569.239	224.984	69.507	55.804
569.004	224.984	69.846	55.536
569.286	225.020	69.529	55.351
569.515	224.881	69.265	55.505
569.234	224.810	69.649	55.546
569.379	225.374	69.748	55.222
569.548	225.349	69.733	55.307
569.024	224.990	70.603	55.696
568.742	225.051	71.131	55.716
569.325	225.479	70.440	55.319
569.031	226.351	70.319	53.345
567.936	225.852	71.848	53.593
567.946	224.173	71.566	55.552
567.895	225.202	72.398	54.514
567.423	225.568	71.379	54.212
567.189	224.875	72.528	54.329
566.562	224.725	72.495	54.300
565.628	224.266	73.174	53.114
567.365	224.276	69.364	51.879
570.190	224.737	66.026	52.128
564.950	222.193	70.288	54.049
565.931	221.242	69.265	54.765
563.241	222.468	70.309	52.439
563.555	221.078	69.856	52.558
562.802	220.646	70.139	52.809
561.417	219.434	70.334	54.426
562.372	218.614	68.565	52.746
562.391	217.039	68.970	52.218
562.526	216.153	69.168	51.625
562.321	215.027	69.302	50.645
562.506	213.782	68.599	50.176
563.128	213.149	68.341	49.960
563.638	213.198	67.587	49.340
564.904	213.021	66.081	50.398
566.024	212.694	65.774	51.729
566.395	212.042	65.335	53.503
566.914	212.737	65.066	53.390
567.677	211.349	64.048	55.262
567.794	210.969	64.627	55.450
568.742	209.543	63.105	56.029
568.148	208.843	63.533	55.820
568.033	206.787	63.694	57.313
568.199	203.925	64.375	59.591
568.893	203.331	64.458	58.876
570.059	202.163	63.560	59.429
571.686	200.914	62.367	59.399
572.069	200.256	62.572	58.787
573.664	199.315	60.464	57.568
574.742	200.053	60.184	56.275
576.304	201.807	58.671	55.156
577.005	201.812	57.710	56.602
575.441	205.143	57.672	56.886
572.977	209.334	60.532	59.874
571.041	214.516	61.754	60.159
569.253	218.723	63.926	61.650
565.907	223.936	64.877	62.861
562.140	229.433	63.957	62.570
555.007	237.085	63.963	62.759
544.432	242.009	68.789	60.099
536.292	245.700	70.524	56.913
536.130	248.677	62.648	53.310
524.883	248.672	67.897	52.853
506.688	247.603	72.667	50.023
505.379	245.961	66.544	49.292
619.122	190.014	36.020	66.373
613.621	215.404	29.205	64.407
615.873	213.337	22.894	66.240
611.910	191.416	24.992	68.425
609.971	187.676	28.839	70.567
608.672	187.223	34.278	66.691
504.310	240.824	62.999	52.553
505.423	240.414	67.417	54.589
506.021	240.542	68.579	56.648
507.185	241.332	65.176	56.458
508.037	240.885	63.816	56.862
507.194	241.886	64.695	55.558
504.693	240.934	64.206	55.290
497.410	240.821	67.009	52.400
494.990	238.042	68.059	52.936
491.609	235.242	67.173	52.649
489.516	232.603	66.275	53.127
488.288	231.643	67.410	50.775
488.225	230.015	67.149	50.469
489.578	229.835	66.776	50.154
490.852	230.048	66.744	50.370
492.040	229.975	67.373	51.052
494.342	230.174	67.189	51.204
495.479	229.897	67.846	51.923
498.206	229.734	66.753	52.982
499.742	229.135	67.217	53.685
501.862	228.268	66.906	54.987
504.607	227.065	66.106	56.681
508.268	226.468	63.594	57.996
513.866	225.036	59.311	62.705
516.749	223.647	55.427	64.850
516.895	224.810	53.135	63.554
516.618	224.130	50.653	63.420
510.998	223.515	55.835	61.092
506.739	222.532	60.052	54.443
503.225	220.373	63.800	53.516
501.081	216.356	66.080	54.384
502.009	213.710	65.328	54.987
504.379	211.007	64.183	56.764
509.531	201.440	60.263	62.128
515.143	198.199	54.077	70.069
526.790	196.994	43.681	74.659
637.353	201.579	29.636	83.005
435.381	215.077	75.175	59.893
337.388	174.991	28.899	71.704
463.640	223.807	68.751	54.165
477.259	225.249	63.593	54.272
492.305	226.814	57.845	53.698
516.949	228.111	100.386	95.798
509.493	232.092	50.065	51.532
509.788	230.318	52.949	53.269
507.158	229.052	55.310	53.274
499.954	228.641	61.267	52.591
491.769	226.679	64.917	52.898
483.554	221.226	65.834	55.068
474.141	216.650	66.157	56.348
465.508	208.885	67.297	56.758
459.798	203.153	67.964	59.173
456.568	196.214	63.331	60.046
453.043	187.734	67.051	61.268
451.571	179.303	69.629	63.034
452.681	177.459	70.949	58.925
457.601	177.335	69.758	53.423
464.465	177.164	69.553	47.845
474.729	176.233	71.821	44.012
483.443	174.141	74.365	42.732
624.427	286.772	13.329	26.231
625.777	275.931	28.614	35.646
526.097	178.609	90.664	59.036
571.930	195.955	64.284	17.468
573.647	173.118	88.081	47.653
598.675	177.002	71.868	41.264
521.037	193.759	14.710	77.540
495.891	213.114	65.017	74.550
524.604	190.669	35.410	86.570
654.643	170.003	92.976	72.183
656.493	184.091	69.470	48.592
573.039	198.369	28.948	74.408
589.284	238.308	30.631	64.756
673.220	195.978	63.138	46.093
672.466	196.937	63.367	49.025
668.332	199.545	64.857	50.954
662.801	200.181	65.873	53.383
656.387	200.734	65.213	53.756
646.386	202.512	67.607	52.687
636.789	204.194	69.610	51.229
627.146	200.188	71.178	53.251
617.991	198.745	71.493	51.996
605.516	189.182	72.527	57.160
597.296	190.223	72.549	52.336
589.110	187.787	72.396	50.995
578.325	186.903	73.312	46.361
574.297	185.562	69.120	44.063
567.265	185.595	68.968	42.481
554.753	185.754	70.310	40.810
547.308	185.984	68.676	43.224
539.316	187.604	67.995	43.810
533.222	189.580	62.892	45.813
531.614	193.632	62.526	47.469
530.862	200.774	64.483	49.911
534.988	204.050	64.435	53.285
541.228	211.184	64.236	52.518
552.807	215.589	59.978	56.019
561.574	218.954	64.610	53.547
589.257	225.707	61.574	52.751
610.329	222.055	58.217	62.614
614.260	187.137	73.666	69.267
602.993	188.437	73.223	67.660
589.348	191.679	77.712	65.396
569.192	196.251	73.236	67.939
566.673	200.291	67.772	68.056
568.547	203.992	58.591	64.174
572.860	205.475	51.744	62.811
580.386	207.688	44.775	59.320
589.522	209.512	38.139	57.209
595.253	211.606	33.393	55.538
598.646	213.925	30.963	53.652
599.440	216.854	30.912	53.276
594.235	217.173	36.429	49.283
589.019	212.467	38.661	54.840
580.549	207.273	42.200	61.395
570.961	206.827	46.577	62.467
559.575	206.782	51.355	63.472
543.163	205.674	61.032	66.288
528.711	203.421	67.829	65.797
519.738	199.996	70.733	66.661
515.720	192.259	70.607	70.622
513.726	187.932	76.277	69.679
517.061	182.192	82.719	68.586
522.093	175.507	91.561	67.533
553.488	170.930	89.471	63.006
576.202	163.629	75.617	64.994
613.640	151.768	68.976	65.929
605.890	204.712	76.418	67.337
494.229	256.551	136.266	132.928
489.343	90.329	160.748	105.287
499.990	71.557	163.453	78.521
517.843	70.786	141.625	87.332
557.675	70.565	132.713	64.854
556.209	68.296	113.615	53.237
431.049	111.072	178.917	100.590
396.417	149.029	119.025	61.746
398.977	146.344	85.664	55.689
389.119	142.618	82.081	49.325
383.244	136.685	80.818	49.037
517.500	220.588	36.800	63.005
516.141	25.696	40.846	38.188
506.354	21.934	55.887	43.434
398.762	18.465	92.466	48.124
458.890	123.447	87.726	53.344
473.138	118.850	98.129	59.612
585.980	237.636	65.990	68.565
489.158	255.216	85.878	147.385
457.085	95.956	125.257	87.773
604.265	0.000	124.291	0.000
432.285	140.500	128.917	60.865
560.270	173.651	84.692	108.077
448.089	108.164	119.704	76.942
543.289	171.102	94.348	113.068
314.500	159.754	78.004	58.348
308.700	160.679	76.317	58.567
297.036	163.654	75.847	58.652
287.447	164.628	78.823	60.881
283.891	165.949	84.216	61.651
285.578	165.963	91.779	64.498
292.016	166.239	99.717	66.131
175.677	132.236	78.381	77.116
330.432	165.677	91.043	68.893
346.808	162.427	93.253	69.465
382.693	160.195	88.210	70.416
412.988	156.511	89.436	71.609
444.844	152.994	81.204	75.661
328.505	154.653	29.483	88.149
559.564	169.628	86.355	67.270
574.693	109.919	78.677	85.447
510.709	100.819	164.735	116.419
627.610	137.696	95.744	89.064
655.296	144.611	78.876	83.835
681.636	148.053	67.973	82.775
715.934	162.757	72.064	84.217
729.857	171.518	80.489	81.635
737.642	178.565	88.141	79.870
760.740	182.252	76.826	78.517
765.222	191.040	83.390	71.822
768.036	195.893	84.099	66.474
763.821	199.457	88.337	61.972
760.293	204.334	85.386	57.755
758.375	208.199	79.791	54.966
753.336	210.059	77.600	53.533
744.730	209.867	75.868	53.544
741.625	210.649	75.915	53.136
737.292	211.302	75.794	54.369
735.163	212.507	79.392	54.454
738.341	213.518	81.337	57.060
742.693	213.768	83.975	59.351
758.395	215.895	82.290	60.997
770.049	216.097	84.643	61.540
790.559	214.017	85.970	62.577
815.172	206.160	88.956	68.465
843.070	191.817	96.268	70.197
861.268	176.163	90.708	76.661
878.771	158.919	80.514	75.508
892.550	138.462	66.890	79.393
902.999	123.923	55.427	77.496
911.175	109.181	46.873	71.440
915.687	98.300	42.761	67.350
960.000	130.945	0.000	75.180
914.924	86.132	44.036	67.718
914.303	87.170	45.032	64.318
911.890	90.079	46.847	64.268
906.037	91.074	52.420	65.068
960.000	115.534	0.000	64.412
890.202	112.949	66.994	72.678
874.752	124.344	80.904	78.464
856.523	141.794	94.117	75.253
837.577	164.563	93.088	80.984
914.986	221.122	45.014	79.257
812.790	202.361	73.840	71.002
773.630	218.113	80.543	67.994
763.270	222.994	78.986	65.376
749.179	227.597	73.852	63.503
741.358	226.997	66.877	63.882
735.810	222.020	61.577	64.615
732.818	217.508	59.603	64.264
730.893	210.604	56.627	65.331
727.536	207.628	54.396	59.868
728.201	204.603	52.429	59.503
851.100	201.234	16.023	71.242
729.054	202.580	51.477	61.605
729.361	201.111	53.045	66.409
727.553	206.653	58.114	69.695
725.910	213.294	64.960	67.963
723.132	220.283	70.504	68.719
720.565	228.986	74.700	65.691
718.260	235.351	75.920	63.628
718.873	240.733	73.729	62.686
716.928	242.720	74.226	61.369
715.821	242.167	68.853	61.247
715.857	239.474	65.329	62.843
717.067	236.859	62.184	63.235
717.219	234.814	61.441	58.577
718.866	232.383	60.109	60.011
721.317	230.673	60.752	60.802
726.065	229.840	59.211	62.216
730.684	230.473	58.973	63.159
737.568	231.000	59.493	65.535
739.404	231.018	64.399	67.199
743.511	233.609	66.158	66.791
747.090	233.548	67.870	68.739
748.523	236.933	69.170	65.116
748.343	239.582	70.094	61.712
747.648	240.741	70.493	59.837
745.896	240.112	70.853	59.405
741.278	238.256	71.726	58.791
737.163	236.090	71.671	59.093
731.297	232.426	72.267	58.897
728.540	230.294	71.298	58.772
724.509	227.114	72.990	59.262
721.977	224.593	76.315	59.753
720.683	222.816	79.248	58.323
720.643	221.664	81.280	58.259
721.736	221.532	82.115	58.630
723.456	220.949	82.379	59.374
725.529	221.043	82.964	60.240
726.495	221.647	83.191	60.791
727.012	222.936	83.040	60.753
727.167	223.081	83.531	61.916
726.827	222.898	83.556	64.159
726.522	223.658	83.224	64.087
725.500	224.304	82.893	63.586
723.911	225.224	83.208	62.502
722.975	225.712	81.868	61.963
721.914	225.818	80.705	62.197
720.026	225.970	81.375	62.178
719.037	225.277	81.053	62.768
717.350	224.323	81.694	62.895
715.869	223.434	82.405	62.962
714.537	222.802	82.687	63.235
713.620	222.017	82.442	63.271
712.329	221.349	83.442	63.217
710.574	221.171	84.755	63.039
709.745	220.658	84.529	63.612
709.296	220.485	84.879	64.031
709.406	220.434	84.989	63.191
708.688	220.016	85.017	64.148
708.695	219.895	84.837	64.107
708.365	219.378	85.802	64.780
707.935	219.110	86.039	65.092
707.378	219.129	86.297	65.210
707.293	219.062	86.033	65.354
706.995	219.104	86.157	65.206
707.413	219.294	85.612	64.762
707.020	218.761	86.305	65.397
706.479	218.874	86.429	65.504
706.349	219.164	86.318	64.717
706.250	219.005	86.308	65.051
705.523	219.253	86.744	65.300
706.314	218.874	85.978	65.361
706.208	219.253	85.088	65.229
705.746	219.278	85.877	64.994
706.555	219.580	85.531	64.335
706.704	219.710	85.338	64.202
706.305	219.661	86.559	64.502
706.250	218.670	86.483	65.104
706.791	218.146	88.165	65.588
706.777	217.457	88.349	66.421
706.881	216.717	89.138	67.162
707.826	216.280	88.274	67.631
708.163	216.238	87.875	67.248
708.326	216.018	87.364	67.115
708.228	215.934	87.765	66.875
708.314	215.923	87.205	66.024
707.429	215.926	88.222	65.773
707.394	216.358	88.375	64.947
707.808	216.011	88.640	65.157
710.252	214.683	85.582	66.913
710.808	216.964	85.676	63.986
711.178	217.636	83.926	62.972
708.981	215.630	86.426	65.338
707.402	216.697	87.681	64.144
708.708	217.258	86.261	64.052
709.147	217.871	83.295	63.970
709.785	218.336	84.439	63.467
710.369	217.597	83.410	64.172
709.458	217.763	85.122	64.491
709.514	216.670	87.193	66.003
710.194	216.279	86.229	66.206
709.878	215.904	86.489	66.431
709.457	214.930	86.368	67.140
708.603	215.237	87.870	65.715
707.659	215.086	88.745	65.819
705.613	213.580	93.387	67.081
711.505	213.336	84.584	67.368
865.755	226.696	40.616	78.711
704.227	211.310	90.917	69.279
704.314	208.983	91.366	71.506
704.150	208.979	91.368	71.270
704.971	208.781	90.158	71.952
704.627	208.470	90.550	72.538
704.697	208.944	91.158	73.158
704.684	209.494	91.444	72.963
704.457	209.415	92.670	73.511
704.173	209.978	93.456	73.401
704.349	211.654	92.045	71.351
704.849	66.342	105.716	67.464
707.559	214.338	87.742	67.208
708.426	215.836	85.912	66.237
707.492	214.231	87.058	68.009
706.318	214.147	90.346	67.769
706.872	213.075	90.789	67.955
706.520	212.456	92.357	68.194
706.238	211.332	92.453	69.506
709.753	208.595	87.397	71.712
708.679	212.945	87.712	65.942
707.301	211.338	88.754	66.699
707.026	208.674	92.236	67.971
707.365	207.898	91.875	67.144
706.884	207.039	93.006	67.309
706.362	206.337	93.064	67.395
706.047	206.506	92.599	67.568
705.040	206.511	92.768	67.735
704.132	206.421	92.798	68.214
703.115	207.029	92.546	67.576
701.948	207.363	91.951	67.702
701.717	207.545	91.645	67.614
701.201	207.851	89.596	67.924
701.116	208.158	88.239	69.110
700.337	208.655	88.905	69.322
700.058	209.625	88.107	68.532
698.892	209.895	88.359	68.835
698.818	211.189	88.144	67.674
699.200	211.837	86.905	67.382
698.649	211.647	85.114	66.908
698.567	211.396	84.487	66.689
698.421	211.589	82.949	66.728
697.656	212.380	80.852	65.758
697.391	213.205	80.067	65.514
697.421	213.975	79.680	64.197
697.311	214.208	79.523	64.101
696.733	214.481	80.215	63.954
696.148	214.804	80.838	64.372
696.096	214.802	80.926	64.830
695.251	214.871	81.394	64.803
694.569	214.947	81.014	64.545
693.810	215.830	80.345	63.675
693.334	215.974	78.719	63.656
692.696	215.711	76.415	63.158
693.119	216.357	74.142	62.096
693.485	216.183	73.704	61.434
694.276	215.963	73.007	61.199
695.155	215.082	73.263	62.070
696.061	215.366	75.571	61.936
698.448	215.316	74.871	62.615
700.257	214.888	75.100	64.043
702.552	215.095	74.265	64.920
705.511	215.915	73.540	64.517
709.459	215.718	71.692	63.326
712.398	214.703	70.134	61.883
714.656	213.807	69.164	60.726
716.014	211.325	68.832	59.634
717.207	207.093	67.838	60.617
717.815	205.838	66.551	59.044
722.397	200.115	61.148	60.221
722.919	196.189	59.033	58.904
719.319	191.704	59.541	57.008
708.572	184.180	65.844	59.824
699.119	176.189	69.212	60.601
539.407	200.897	89.505	64.302
542.664	202.034	82.141	64.023
541.678	202.389	83.459	66.715
540.027	204.111	83.673	64.723
542.784	204.415	79.735	66.505
545.349	204.968	76.073	65.824
547.733	206.951	73.984	62.942
549.774	208.045	71.159	61.436
550.261	208.293	70.940	61.222
550.996	207.766	70.182	62.895
550.522	206.321	69.245	65.126
550.555	206.194	68.582	65.281
550.308	205.704	68.615	65.223
550.217	205.533	69.023	64.970
549.942	204.983	68.806	65.436
549.850	205.077	68.514	64.133
549.644	203.342	68.604	65.346
550.190	202.608	68.099	65.593
550.642	201.535	68.204	66.523
551.566	200.406	67.209	67.070
552.423	201.496	67.310	65.560
553.164	201.887	68.553	64.828
554.846	202.696	68.217	63.775
557.221	203.828	70.343	62.679
561.315	204.067	70.866	63.514
564.013	203.751	71.879	64.218
567.144	203.234	71.164	64.795
569.242	204.050	72.803	63.548
572.373	203.386	71.144	64.369
578.680	202.109	72.944	65.955
581.601	200.682	69.895	67.566
585.221	201.527	69.607	66.343
589.193	203.833	70.308	61.785
593.546	205.153	72.223	59.543
596.821	197.888	69.037	62.706
599.045	193.569	68.235	64.630
601.620	194.271	66.458	62.276
604.162	193.612	62.814	63.073
605.038	193.025	62.492	62.973
605.721	195.600	61.928	61.448
605.037	194.645	62.296	64.739
602.717	196.080	64.423	63.808
601.883	195.939	65.998	62.770
600.727	195.864	64.950	63.344
599.766	196.232	62.893	62.471
599.374	197.756	62.775	60.825
598.546	199.667	64.019	60.101
598.440	199.915	64.479	61.906
598.827	201.583	65.733	63.938
599.538	201.535	65.466	64.754
602.605	201.225	59.709	68.398
606.136	202.241	53.768	72.402
608.123	204.306	52.020	72.207
607.277	208.896	53.918	69.555
604.108	212.478	60.304	66.436
602.515	211.380	62.799	64.457
601.547	217.390	62.924	62.298
600.103	214.915	68.691	64.859
600.341	216.936	68.447	64.128
599.174	217.636	69.354	63.219
600.989	218.226	70.942	63.394
600.670	218.928	72.515	62.038
499.222	194.299	39.972	70.772
503.530	207.899	45.165	74.348
603.291	221.274	70.954	57.243
603.899	221.673	70.426	56.210
603.821	222.052	70.621	55.469
604.174	221.697	69.898	55.372
604.098	221.523	69.856	55.595
602.799	221.718	71.016	56.035
602.263	220.956	71.642	57.263
602.363	220.632	71.387	58.342
741.596	233.418	26.453	58.170
507.599	202.876	34.817	71.983
600.753	220.412	70.004	62.110
600.060	215.143	67.916	66.241
601.367	217.181	63.541	63.449
600.784	216.891	64.357	63.046
600.634	217.022	66.586	62.791
600.374	216.063	69.510	63.170
600.918	216.545	70.868	62.388
601.551	217.227	68.768	62.247
602.381	217.425	70.365	62.779
600.917	216.686	72.057	63.206
601.301	216.848	69.380	62.814
602.280	217.516	71.764	61.938
605.990	216.749	66.516	62.683
608.238	217.472	63.633	60.818
610.413	216.883	59.877	63.797
614.323	215.249	54.847	65.682
615.027	217.000	53.636	67.708
616.197	217.890	52.796	65.697
615.494	218.037	56.309	65.421
520.687	204.970	30.799	76.967
612.287	219.427	63.248	64.534
612.314	218.377	63.255	64.807
612.319	218.544	62.940	64.753
737.698	227.801	77.163	70.566
613.733	217.938	59.561	64.043
519.371	185.525	22.621	78.723
618.334	215.873	54.259	63.632
617.853	216.548	56.005	61.850
616.281	215.757	57.898	61.788
615.916	216.934	59.266	62.101
614.940	218.591	62.911	62.128
519.315	204.927	32.711	75.430
603.155	213.338	78.489	73.580
615.439	221.710	60.993	56.973
527.025	192.790	13.017	69.789
520.105	193.667	27.574	76.231
614.724	219.593	63.283	61.984
519.333	203.699	27.350	76.520
613.995	219.657	63.973	61.360
518.090	203.732	34.896	72.925
613.072	218.362	66.269	62.738
613.323	218.445	65.534	62.400
612.936	218.620	66.057	62.774
613.085	217.986	65.927	63.362
613.000	218.445	65.568	62.524
596.205	202.844	94.636	78.993
611.157	216.389	70.993	66.741
