455.000	158.000	45.000	106.000
460.455	154.458	41.827	109.297
329.339	142.711	33.819	99.859
462.437	159.541	44.413	113.577
463.176	163.114	45.914	114.871
464.725	163.457	45.573	109.600
464.475	164.147	43.582	113.939
465.232	167.048	43.406	115.619
466.446	169.393	42.715	115.316
466.935	169.766	43.992	114.846
467.165	170.310	44.189	115.288
466.519	172.795	46.235	117.767
466.382	176.648	45.611	119.804
465.729	177.673	46.566	115.879
466.783	176.780	44.923	114.892
467.345	179.083	45.129	121.009
468.616	183.977	44.299	120.075
471.063	185.873	42.499	122.374
472.383	186.386	44.413	123.133
473.379	186.531	46.104	125.980
473.637	191.766	47.306	125.627
474.085	195.343	48.315	125.382
476.112	195.407	49.480	121.608
480.050	194.811	47.891	124.298
483.259	199.887	48.236	126.818
486.230	203.245	46.756	125.664
489.862	203.081	46.930	126.420
493.801	201.951	47.304	128.349
495.612	203.761	48.558	133.282
497.341	208.598	50.116	131.767
499.048	212.043	51.537	128.987
501.497	212.142	51.387	127.057
504.893	211.730	49.897	128.932
507.952	215.955	49.020	132.807
511.545	220.184	48.732	133.159
515.217	221.377	48.120	131.020
360.675	250.819	46.806	126.754
522.210	222.218	47.817	130.356
523.093	225.575	49.793	114.514
384.941	251.603	46.114	126.842
525.508	231.345	50.889	136.000
527.155	232.668	52.723	137.363
528.433	235.161	53.719	140.252
530.235	240.628	53.226	139.356
532.644	241.902	51.982	137.909
533.585	242.571	54.146	135.980
537.153	242.965	52.703	140.930
538.887	246.801	52.224	142.442
538.531	252.197	52.490	141.670
537.485	255.016	54.079	139.813
538.099	255.026	54.391	139.330
537.573	256.171	55.404	142.729
537.078	263.299	56.394	140.024
539.274	267.597	54.320	140.299
539.485	266.838	57.191	142.786
540.288	268.323	56.225	144.426
540.431	274.482	55.542	142.474
539.575	279.014	55.575	139.076
539.291	278.519	57.332	141.720
539.791	279.771	58.610	142.425
541.715	285.314	58.318	148.570
545.290	292.143	57.522	148.113
546.964	293.292	59.157	149.550
549.575	293.361	57.871	151.088
551.650	298.934	58.823	149.369
553.621	304.257	58.627	148.563
558.714	307.767	58.470	146.248
561.539	307.237	60.326	150.874
564.794	309.148	61.241	158.333
568.950	315.770	61.796	162.662
572.849	321.651	59.896	166.117
580.064	321.153	58.234	173.078
582.192	322.107	60.784	175.221
585.202	330.009	61.892	172.971
589.367	336.242	61.614	173.459
592.502	338.353	60.965	172.750
596.125	339.162	61.854	173.462
599.688	342.438	62.041	175.834
602.453	351.286	64.069	169.963
604.843	355.715	65.463	166.369
610.782	356.759	66.865	167.807
615.156	359.867	69.138	164.001
618.750	365.425	72.345	160.924
621.860	371.487	71.968	156.340
625.833	375.715	71.227	154.114
629.664	375.498	71.101	152.212
636.931	379.913	65.780	151.078
641.019	388.077	66.600	140.975
650.908	394.379	64.570	136.091
651.969	396.506	69.126	131.853
654.932	401.404	73.876	127.701
658.730	406.892	71.980	124.502
661.805	412.753	67.911	119.207
667.379	414.585	65.733	117.585
670.529	419.441	65.987	113.874
674.541	427.462	65.056	100.521
762.097	320.431	5.903	102.168
688.110	441.800	59.873	40.242
617.769	367.921	32.984	73.306
697.662	447.271	65.855	78.418
702.768	455.391	63.566	73.122
709.228	462.365	57.002	66.012
