173.000	66.000	14.000	35.000
173.518	65.956	15.368	34.965
173.873	66.225	16.531	35.161
174.517	65.671	16.185	36.101
175.928	65.121	15.902	36.687
177.044	64.816	16.035	37.313
177.689	65.140	16.183	36.576
178.602	65.301	15.979	36.496
179.423	64.973	15.951	36.383
180.998	65.275	15.524	35.467
182.048	65.506	15.410	35.385
183.419	65.635	15.448	35.012
183.991	65.747	15.773	34.375
186.023	65.355	15.082	33.513
187.337	65.021	15.336	33.463
187.542	65.099	16.097	33.937
188.610	65.688	15.896	33.447
188.596	65.955	16.857	33.393
188.726	66.102	17.203	33.075
189.625	65.870	16.800	33.307
190.088	65.636	16.779	33.541
191.140	65.495	16.642	33.809
191.213	65.746	17.222	34.144
192.068	65.471	17.283	34.351
192.165	65.619	17.812	34.530
193.486	65.593	17.538	34.231
194.365	65.674	17.797	33.911
194.971	65.603	17.953	34.362
196.108	65.317	18.519	34.732
196.578	64.845	19.018	35.505
198.638	64.570	18.390	34.589
198.985	64.486	19.525	34.515
200.642	64.330	19.081	35.989
201.147	64.597	19.519	36.307
202.839	64.418	18.897	35.351
204.048	64.266	18.412	34.723
204.393	63.701	18.786	34.686
205.691	63.932	18.416	35.050
206.547	63.881	17.574	35.303
207.859	64.180	17.002	34.095
208.174	64.206	16.786	34.069
209.458	64.346	16.617	33.496
210.342	64.857	16.785	33.164
212.178	64.982	16.605	32.900
214.192	65.139	16.378	31.943
214.476	64.674	16.561	32.237
215.867	64.196	16.140	31.979
216.397	63.661	16.049	32.662
217.415	63.539	15.969	32.372
217.264	63.373	16.623	32.595
218.305	63.541	16.574	32.321
217.954	63.812	17.290	32.605
219.385	63.813	16.863	33.243
220.069	63.824	16.917	33.491
219.944	64.039	17.692	33.498
221.011	63.828	16.676	33.223
221.105	63.937	16.965	33.208
221.767	64.118	16.728	32.935
222.132	63.771	17.217	33.252
222.562	63.777	17.319	34.077
223.681	64.223	17.254	33.646
224.962	64.444	17.190	33.730
225.460	64.364	17.692	34.222
226.930	64.163	17.488	34.193
228.373	64.143	17.351	33.710
229.094	64.193	16.882	33.759
230.362	64.007	17.079	33.897
231.631	63.220	16.679	33.484
232.378	63.106	16.663	34.134
233.091	63.353	17.776	33.567
233.257	63.062	17.868	33.524
234.518	63.326	17.206	33.385
234.984	63.089	17.103	33.722
235.286	63.239	17.315	33.713
236.314	63.365	16.985	33.873
237.520	63.948	17.203	34.103
238.198	63.980	17.761	33.731
239.787	64.068	17.014	34.093
240.781	63.508	16.239	34.888
242.402	63.642	16.219	33.563
243.148	62.490	16.623	33.799
265.904	60.144	18.390	34.936
267.857	60.121	18.042	34.670
269.927	59.165	17.665	35.314
270.818	59.924	17.336	34.923
249.472	62.081	18.829	33.460
252.330	63.064	16.962	32.308
253.712	63.365	16.569	32.542
253.501	63.382	17.921	32.110
254.421	63.363	18.706	32.610
255.380	63.234	17.574	32.170
257.854	62.795	16.879	32.683
258.696	63.038	17.576	33.109
260.473	63.424	16.796	32.027
261.014	63.427	16.093	32.065
261.903	62.381	15.375	31.868
263.427	61.120	15.241	33.066
263.643	61.049	15.538	33.333
264.554	61.150	15.587	32.791
264.773	61.840	15.675	33.499
266.515	61.583	16.518	32.681
267.050	61.245	17.243	33.584
267.688	61.065	17.925	33.588
268.980	61.931	17.922	32.954
269.294	62.211	18.005	32.855
270.504	61.930	17.836	32.672
271.185	63.086	18.546	32.263
272.897	62.170	17.883	32.730
273.939	63.175	18.671	32.060
274.360	63.758	18.507	31.927
276.109	63.647	17.205	31.654
277.519	62.243	17.197	32.339
278.020	61.859	17.338	32.563
279.378	62.530	17.151	32.723
280.287	62.249	17.198	33.232
280.602	61.969	17.134	32.662
282.265	61.758	16.082	32.677
284.091	61.651	15.627	33.390
284.859	61.733	15.521	33.220
286.366	61.885	15.321	33.109
287.366	61.393	15.489	33.652
287.849	60.529	15.362	33.744
288.867	60.466	15.875	33.610
289.732	60.397	16.479	33.785
290.549	60.593	15.907	33.787
290.958	60.064	16.537	34.485
291.987	59.948	16.668	34.559
292.653	60.352	17.617	34.282
294.119	60.861	17.734	33.992
295.592	61.361	17.395	33.699
295.609	61.505	18.589	34.113
298.080	61.341	17.595	33.346
299.882	60.474	17.748	33.777
299.825	61.156	19.325	33.960
301.606	61.049	18.219	33.643
303.790	60.555	16.798	33.921
305.760	60.234	16.085	34.225
306.473	60.229	16.352	33.746
307.887	60.406	15.695	33.708
309.466	60.916	15.259	33.145
310.519	60.661	15.110	33.050
311.638	60.156	14.398	33.965
311.815	60.334	14.736	33.574
313.777	59.940	16.577	33.922
314.568	59.867	17.095	34.387
316.193	58.983	21.115	34.823
316.746	57.675	22.014	35.050
318.145	57.634	24.090	35.184
319.414	56.264	18.543	37.804
321.257	56.685	20.758	37.460
322.732	57.148	18.726	37.205
322.332	56.396	19.997	36.569
322.366	55.237	20.097	37.231
323.778	55.588	16.812	37.990
325.474	55.479	21.947	36.553
337.897	56.864	18.269	35.636
338.862	55.538	16.903	37.195
338.135	54.770	17.525	39.093
332.548	52.117	22.149	43.095
327.771	53.978	21.882	39.826
329.818	57.283	16.069	37.230
328.821	57.191	17.363	35.519
328.754	58.487	18.074	32.384
331.166	57.317	16.544	32.837
332.519	57.176	16.100	32.839
333.430	57.757	16.437	34.266
334.624	57.409	16.493	35.568
335.648	56.702	16.229	35.044
336.509	58.077	15.949	33.733
337.196	58.680	15.704	33.111
338.552	56.802	14.961	34.424
339.848	53.713	14.845	37.343
340.681	56.504	15.687	35.927
341.802	57.941	15.117	34.982
342.521	58.476	15.868	33.452
343.607	58.243	16.446	33.988
344.169	57.761	16.349	33.414
345.403	57.685	16.318	33.228
345.789	57.902	16.819	33.060
347.002	57.926	16.792	33.674
347.401	57.937	17.966	32.692
350.398	57.170	16.065	31.649
351.535	58.305	16.154	33.515
351.388	58.769	17.361	33.908
351.252	58.778	17.825	35.862
353.132	58.696	17.407	34.025
357.289	56.931	17.347	33.872
358.181	57.144	15.860	33.794
359.143	58.248	15.925	33.993
359.280	58.397	17.080	32.430
360.622	55.479	16.874	33.956
362.683	55.872	15.555	34.957
363.941	57.041	15.663	33.802
364.173	57.017	16.050	33.976
364.125	55.590	16.155	35.024
364.672	56.793	16.828	33.691
366.431	56.685	16.558	33.694
368.240	57.296	16.398	33.928
370.052	57.777	16.439	33.697
370.284	57.903	16.400	33.242
385.649	54.167	17.545	34.298
386.282	52.945	15.039	35.597
386.587	53.546	17.579	34.628
387.618	53.992	19.100	35.608
378.280	55.081	16.709	35.095
379.494	55.459	15.332	33.233
379.743	55.662	14.816	33.819
380.756	56.663	15.449	34.011
381.669	58.038	15.158	34.074
382.985	57.590	15.644	33.653
384.252	54.905	15.305	34.403
384.721	54.472	15.011	33.445
384.607	54.034	15.078	33.223
384.127	54.094	16.224	34.104
388.465	54.880	15.710	33.296
390.466	51.635	14.553	36.813
390.915	50.728	15.858	35.952
391.604	51.522	15.476	36.448
392.142	52.392	15.839	36.840
393.223	51.468	15.739	37.972
393.360	53.725	15.727	36.905
393.750	55.318	15.848	35.557
394.880	54.746	15.663	34.714
396.922	56.446	15.336	33.519
397.519	56.448	16.201	33.749
399.178	56.651	15.637	33.855
400.334	56.675	15.181	33.851
402.155	55.255	15.050	33.010
403.714	54.510	14.896	34.372
403.466	54.848	16.318	35.489
405.830	55.204	15.477	35.080
406.502	55.630	15.373	35.319
406.305	55.305	15.820	36.272
407.263	55.297	16.230	37.052
407.064	54.328	17.515	37.726
408.497	52.618	16.206	39.330
408.653	54.826	17.433	38.720
409.632	56.209	17.434	39.169
409.996	56.759	17.872	38.082
411.476	55.599	17.803	40.653
412.208	54.668	17.772	39.604
413.486	54.591	18.303	37.194
415.422	55.742	18.379	39.177
413.711	55.050	19.540	39.562
415.193	54.999	19.776	39.575
416.452	55.132	19.022	39.966
420.976	55.583	18.092	36.410
422.025	55.998	17.330	36.113
423.979	55.884	17.066	34.856
425.300	55.959	16.664	34.206
426.688	55.546	16.323	34.691
429.014	56.307	15.889	33.787
429.512	56.226	16.155	33.736
430.889	55.900	15.704	34.015
431.999	55.107	15.971	36.106
431.918	54.759	16.747	36.359
433.256	54.573	16.571	36.374
434.106	55.023	16.666	36.868
435.331	55.316	16.175	36.116
435.753	55.545	16.740	35.914
436.525	54.700	17.122	34.827
438.746	54.386	16.541	34.914
439.795	54.887	16.186	34.640
441.462	54.701	15.979	36.263
442.770	54.222	16.149	36.603
443.824	54.008	16.025	35.945
445.175	53.481	15.870	35.675
445.869	53.863	16.241	34.407
447.236	54.546	16.438	33.676
447.786	54.903	16.498	34.843
448.629	54.297	16.578	35.417
449.212	54.887	16.822	35.447
450.840	54.558	16.403	36.284
451.494	55.244	16.192	36.443
453.237	55.692	15.830	36.931
454.062	55.060	15.363	36.541
454.960	54.557	15.410	36.794
455.189	54.468	15.526	35.353
456.380	53.986	16.189	35.140
457.455	54.341	15.703	35.767
458.200	54.204	16.101	35.765
458.115	53.595	16.094	34.834
458.286	53.048	16.502	34.684
459.455	53.020	16.814	34.951
459.540	53.597	17.790	35.718
460.801	53.637	17.531	36.777
461.538	53.662	18.076	39.584
461.329	52.867	19.463	41.465
462.495	51.627	19.488	43.026
464.355	52.167	19.165	42.463
464.942	52.496	19.174	43.285
467.262	51.889	18.661	44.090
467.979	50.149	18.934	44.116
469.493	48.779	19.073	46.231
469.861	48.386	19.264	44.775
470.357	50.153	20.469	44.076
470.330	50.957	21.297	44.783
471.140	50.726	20.703	44.940
469.535	47.795	21.654	44.610
470.736	49.001	21.299	44.605
473.264	50.352	20.057	43.100
477.571	52.465	17.713	44.345
478.424	53.590	17.779	47.025
479.267	52.916	17.465	45.995
479.512	52.577	17.629	43.979
480.553	52.119	17.369	47.062
481.436	52.153	17.046	46.476
482.734	52.838	16.757	44.786
481.010	48.694	18.001	44.450
470.476	49.805	18.784	43.448
469.532	49.544	18.365	42.737
482.341	50.856	19.683	43.378
484.547	51.886	18.600	43.661
485.963	51.943	18.899	45.645
484.842	50.387	20.128	45.369
486.494	50.796	20.889	47.798
486.658	51.527	21.116	49.310
487.405	51.462	21.948	48.836
488.213	52.729	21.371	47.625
489.967	51.207	22.186	48.818
491.188	50.061	20.678	49.279
492.295	50.185	21.483	50.723
494.082	50.309	19.900	46.888
494.741	50.869	19.720	48.081
496.167	50.799	19.058	38.530
496.665	49.612	18.151	37.356
498.272	48.342	17.149	36.935
499.917	50.123	17.843	42.769
499.796	51.874	18.219	44.421
501.826	52.777	17.465	45.091
501.885	50.454	17.704	48.050
502.934	50.209	18.002	46.799
503.351	49.505	17.225	45.581
504.505	50.660	17.190	39.860
505.616	50.700	16.175	36.606
506.334	50.189	15.803	33.572
506.864	48.885	15.566	34.550
507.524	48.724	16.005	36.072
507.888	49.007	17.168	38.422
508.188	49.109	17.643	43.186
508.847	50.800	18.903	46.807
509.179	50.921	20.035	48.446
510.130	48.688	21.090	49.714
510.961	49.428	20.833	51.807
511.171	49.092	22.406	51.494
512.338	49.170	22.986	52.112
513.152	49.838	22.064	51.382
514.241	48.992	21.514	50.698
514.586	48.329	21.031	51.017
516.295	48.983	20.335	49.089
517.730	48.184	19.830	47.073
519.501	48.849	18.798	41.960
519.682	49.295	18.873	40.382
521.348	46.897	17.740	41.207
521.594	47.442	18.256	40.205
522.842	48.128	17.471	38.780
523.632	48.480	17.172	38.454
524.726	48.166	17.603	40.461
525.846	48.438	17.659	38.387
526.884	47.964	17.121	36.950
527.420	48.266	16.969	36.315
528.445	48.140	17.048	36.492
529.424	48.165	17.871	37.875
529.951	47.152	17.740	44.143
530.344	47.606	19.032	45.768
531.351	48.697	18.408	46.587
531.563	49.785	19.835	47.037
532.270	50.626	19.515	46.665
532.926	51.690	22.230	45.537
532.830	56.246	22.723	41.446
536.680	52.538	20.439	45.117
535.739	51.175	23.088	46.914
539.181	51.349	19.744	46.369
539.075	51.961	20.281	45.517
540.549	49.415	19.061	45.814
542.495	46.178	17.790	47.155
541.902	46.088	19.453	47.657
542.196	46.205	19.477	46.851
544.298	45.604	18.331	42.270
545.662	45.542	17.379	40.858
545.929	46.246	17.773	42.120
548.298	45.497	16.708	43.603
549.185	47.286	16.824	44.290
549.781	46.386	17.928	47.998
550.772	47.423	17.822	47.088
551.804	45.794	17.020	46.293
552.830	45.343	16.581	44.880
553.358	45.179	16.641	45.910
554.577	46.119	16.702	40.347
555.134	45.347	16.832	40.643
555.474	44.986	17.070	42.313
556.354	45.178	17.268	43.230
557.051	45.364	16.972	46.748
558.269	46.783	17.870	47.621
558.575	47.259	19.062	46.155
559.246	46.512	18.610	44.620
560.335	45.948	19.531	46.037
560.589	46.277	20.795	48.020
561.672	47.616	20.055	48.868
562.802	47.450	20.333	49.704
564.829	46.685	19.444	46.392
566.638	44.795	17.517	41.349
568.159	44.756	17.570	42.320
568.626	44.690	17.303	39.503
569.742	44.719	16.943	36.799
570.959	44.477	16.742	35.743
571.573	43.889	16.738	35.654
572.337	43.788	16.541	36.217
572.957	43.228	16.424	35.206
574.591	44.068	15.567	36.579
575.743	45.114	15.358	39.009
576.147	45.092	15.637	37.234
577.449	43.545	15.770	36.317
578.457	44.001	15.456	37.677
579.535	45.629	15.397	38.607
580.708	44.067	15.159	37.954
581.957	45.514	15.329	36.309
582.726	43.542	15.636	37.043
583.475	43.365	14.741	39.558
584.307	43.357	15.456	38.598
584.728	43.926	15.360	39.151
585.279	43.970	16.113	39.453
585.330	43.628	16.608	40.985
585.338	43.485	17.391	41.151
585.546	42.567	17.813	40.364
586.496	43.433	18.460	41.230
587.347	43.466	18.523	41.286
588.398	44.281	18.999	39.830
589.881	43.122	19.038	39.424
590.949	43.261	18.407	37.872
592.343	42.991	18.712	36.741
593.091	42.571	18.144	37.137
594.745	43.185	18.107	36.219
595.208	43.366	17.750	35.914
596.187	41.752	17.293	36.983
597.142	42.515	17.062	36.457
598.116	41.979	17.113	36.050
598.559	41.770	17.172	36.294
599.344	42.433	17.595	37.955
599.555	42.204	16.873	39.585
600.196	40.175	17.637	39.308
601.243	42.156	17.134	39.401
601.376	42.032	17.806	39.430
602.499	42.654	17.714	37.517
603.734	41.211	17.528	39.186
604.389	40.498	16.554	40.552
605.581	41.120	16.316	40.530
606.110	42.803	16.254	37.988
607.050	44.156	16.266	35.765
607.191	40.524	16.562	37.017
607.976	41.032	16.348	38.227
608.428	41.536	16.086	37.175
609.143	40.801	16.489	38.739
609.888	41.199	16.721	39.272
