124.000	392.000	57.000	59.000
131.193	375.288	52.641	57.155
137.676	361.372	51.153	51.704
147.484	346.558	52.407	44.644
158.164	335.633	52.707	45.731
169.070	328.041	53.714	40.420
180.482	323.867	56.181	39.000
192.256	323.353	62.030	43.872
207.996	326.525	53.984	41.187
222.950	333.508	52.686	43.653
237.076	344.236	53.338	52.140
248.519	365.408	51.975	49.430
257.031	386.967	49.446	49.184
263.614	410.764	47.893	45.089
259.959	389.858	45.742	48.008
257.586	371.785	46.413	51.529
257.788	358.881	44.576	51.581
260.149	342.180	46.653	56.844
259.913	335.015	48.071	41.756
272.733	333.543	52.460	37.959
270.492	331.330	62.436	39.075
286.286	333.279	51.610	39.474
295.416	338.507	43.644	40.218
302.705	349.193	44.827	48.509
307.323	372.271	45.886	43.248
307.757	394.725	47.940	47.951
306.345	393.473	49.556	50.121
301.516	375.199	51.950	58.353
295.493	359.789	52.576	53.886
290.454	345.931	53.193	51.030
286.955	335.688	52.098	48.346
283.784	324.884	52.168	48.476
281.178	312.507	50.953	49.818
278.156	299.519	51.361	52.551
276.506	291.460	50.817	49.306
274.694	285.732	51.883	50.700
273.190	283.999	52.769	51.934
273.349	285.694	52.036	52.632
273.384	293.865	50.014	55.799
273.200	308.203	47.205	55.254
261.677	341.117	53.525	54.173
254.347	358.629	50.808	56.961
246.441	386.697	52.736	51.776
234.373	402.958	51.981	48.505
223.053	379.985	49.997	50.757
212.455	357.124	49.037	54.732
204.266	344.720	47.478	51.714
198.688	334.326	46.125	46.769
194.834	322.272	46.746	42.919
192.003	314.001	48.455	39.477
195.135	308.517	47.306	38.937
198.053	305.068	51.259	35.707
212.164	304.162	48.882	33.864
225.739	303.468	44.570	36.213
241.210	304.968	36.218	38.563
242.525	287.784	42.690	56.577
243.112	280.032	60.176	64.621
266.439	295.289	70.642	76.066
296.983	312.433	74.891	67.879
321.500	313.797	64.706	77.869
355.414	325.265	56.447	59.305
366.009	361.193	46.216	46.757
375.841	384.821	50.444	45.517
376.802	374.452	50.267	54.675
373.971	361.559	51.665	54.042
371.031	352.537	52.421	50.584
366.944	340.742	51.938	50.612
364.775	329.387	48.970	52.018
361.270	317.441	51.173	49.842
359.610	306.967	49.169	46.650
355.965	296.203	48.484	46.506
353.247	284.923	49.773	46.916
349.865	274.555	52.282	50.153
352.318	263.644	51.194	48.577
356.581	254.232	49.007	50.196
356.080	249.009	51.595	49.982
358.548	246.978	53.037	47.923
362.484	243.934	53.914	49.310
368.747	247.792	57.011	50.693
374.466	253.601	59.801	54.270
385.024	266.631	57.535	57.518
390.725	290.129	56.642	58.056
396.613	323.361	54.005	61.898
399.511	387.285	53.020	60.390
395.247	405.170	56.869	53.043
385.317	374.285	56.632	60.350
369.417	344.543	62.448	63.779
360.077	339.780	60.369	56.492
340.457	292.995	57.401	55.976
331.530	274.683	60.422	55.964
325.384	260.259	60.590	56.473
318.130	243.153	60.329	60.450
312.533	237.328	64.710	58.022
310.743	234.536	65.735	52.923
311.101	230.730	67.582	51.467
314.844	228.201	69.228	50.802
322.175	226.262	67.834	51.836
338.731	226.213	72.941	49.528
360.877	231.370	67.882	49.918
382.220	239.575	67.820	54.081
405.082	250.282	58.652	59.290
417.145	266.126	60.972	65.130
430.896	282.580	60.888	63.224
450.153	317.820	58.482	57.348
451.190	342.793	59.019	63.710
453.439	380.553	55.724	61.447
448.732	411.968	61.360	48.360
436.472	391.032	65.012	48.604
416.557	341.291	52.769	57.050
408.185	328.725	40.682	51.952
400.192	315.661	39.766	48.180
394.956	294.909	35.205	48.941
393.687	290.515	45.207	39.490
388.857	274.702	47.956	46.601
389.042	271.897	46.811	45.903
389.819	268.959	50.586	42.707
398.368	264.530	50.178	44.614
412.474	258.249	48.572	46.467
427.716	258.323	48.524	45.626
447.772	256.312	49.628	42.709
467.916	264.916	58.607	41.367
488.561	264.531	60.426	54.686
504.759	282.800	71.975	69.101
523.252	290.677	80.409	75.582
553.700	294.148	81.624	67.006
586.779	301.112	71.959	62.017
663.428	254.762	52.085	41.679
685.200	265.004	52.649	40.694
719.137	291.117	46.586	51.878
737.114	319.200	51.032	54.069
752.796	350.183	55.128	54.929
772.828	368.699	55.771	57.591
774.342	349.718	48.470	60.601
772.705	320.155	49.312	59.861
777.449	289.246	46.835	56.178
766.085	265.939	53.221	52.921
757.625	247.235	56.076	49.984
753.424	228.694	53.016	53.542
745.387	218.811	53.741	47.466
736.518	208.820	54.636	44.642
728.162	200.061	53.952	45.830
718.607	191.734	54.205	47.847
709.591	185.718	54.475	47.157
701.585	181.841	55.303	45.524
694.235	177.961	56.350	45.699
692.729	176.531	52.890	43.460
691.432	175.627	52.343	43.099
693.400	178.070	50.680	42.632
693.311	182.918	49.162	42.446
692.790	190.357	50.129	43.796
690.859	197.697	55.103	46.126
697.910	211.164	54.076	47.815
706.002	227.368	53.186	53.285
712.786	251.848	54.735	60.518
716.849	278.787	50.910	60.616
720.793	316.882	49.565	60.475
721.960	353.977	50.785	58.434
724.133	393.795	47.881	52.725
715.389	374.053	53.177	56.948
702.399	342.027	53.426	59.121
692.583	311.724	51.774	58.289
680.527	285.562	55.302	57.980
669.183	262.481	55.664	53.641
659.715	245.961	56.703	50.890
653.943	233.502	55.397	47.950
649.385	223.015	53.310	48.499
641.843	216.509	53.364	46.025
638.560	213.484	50.610	44.017
634.962	211.257	51.915	44.467
635.042	209.957	52.007	45.519
635.687	210.754	53.431	44.755
638.656	214.990	55.083	45.881
647.433	221.636	52.118	46.376
656.495	230.905	51.726	49.319
663.412	242.964	55.611	48.977
672.801	258.289	54.051	48.581
684.844	277.583	56.934	54.948
694.530	302.029	52.501	59.667
703.766	333.501	50.389	57.593
712.671	368.187	49.817	58.089
718.101	400.083	50.530	58.606
721.316	402.994	50.410	57.459
721.421	395.050	49.173	57.322
717.452	377.551	49.664	56.053
711.590	331.341	50.842	54.256
705.364	313.782	50.920	48.923
698.539	298.223	53.347	47.158
694.380	285.532	49.875	48.065
686.454	278.978	50.018	45.128
678.546	272.009	51.470	44.122
673.062	269.556	50.910	44.749
661.843	272.772	54.674	44.427
661.512	282.745	48.662	50.322
659.140	305.992	47.431	52.687
654.731	331.888	49.326	55.253
654.343	361.515	47.557	59.679
652.236	396.807	45.977	55.833
642.498	406.221	51.325	53.504
636.406	386.607	47.230	56.435
621.084	358.974	49.897	54.215
607.719	333.412	50.305	50.042
595.413	308.065	48.962	48.020
588.493	292.341	48.460	44.751
586.141	272.963	49.039	49.525
593.046	256.775	46.328	45.788
567.677	249.493	58.123	46.212
547.858	242.843	61.702	50.908
526.894	243.320	65.117	60.201
511.954	249.221	66.202	56.140
498.689	250.136	64.506	57.393
492.387	255.147	57.664	51.599
491.618	259.648	55.159	47.253
490.455	260.431	56.732	46.948
489.839	262.133	64.182	47.408
509.732	255.268	53.210	54.480
499.799	261.486	67.010	69.543
510.764	257.690	64.543	76.466
550.458	245.245	62.031	58.447
575.993	246.357	51.322	48.225
596.815	248.001	47.313	43.513
605.108	249.902	50.851	46.319
609.957	254.654	51.230	49.173
610.753	261.617	51.669	48.126
611.559	269.109	53.582	47.278
618.319	282.793	53.574	53.113
622.206	304.673	51.762	59.864
621.170	335.962	49.578	62.148
614.277	374.241	50.315	61.813
600.196	409.962	55.912	69.523
590.270	447.896	58.526	53.384
576.195	419.716	57.186	66.655
557.749	378.495	59.010	68.760
550.527	350.942	56.423	63.883
545.132	317.040	52.950	59.768
537.183	300.679	51.127	50.910
530.586	285.309	48.872	49.487
514.888	270.998	50.446	51.627
497.584	260.951	57.630	52.943
484.578	257.026	55.689	48.767
478.952	256.986	56.305	47.695
486.242	252.507	54.789	49.433
504.489	248.912	58.483	52.810
528.286	245.931	57.709	56.772
552.438	241.105	58.456	59.972
596.151	235.193	57.136	64.047
607.435	230.840	59.980	66.163
618.648	227.063	62.114	65.139
630.780	225.688	60.508	63.598
652.155	228.347	55.753	52.888
661.738	228.089	55.858	48.840
670.942	228.046	53.952	50.178
681.922	234.178	52.786	51.315
683.700	244.480	52.150	51.130
678.535	253.635	57.462	50.965
650.337	265.295	58.705	51.163
616.735	282.096	60.599	57.276
594.257	301.153	58.639	59.919
578.168	327.843	55.157	56.709
571.387	361.102	55.169	62.791
566.005	401.366	54.344	62.273
563.754	434.475	51.826	62.837
550.843	469.369	60.343	62.859
530.344	473.726	56.776	61.015
511.976	440.483	55.302	64.384
493.122	408.746	53.568	57.318
485.328	382.728	48.576	56.033
479.252	359.972	48.198	51.944
481.497	348.128	50.609	46.232
500.528	317.049	42.910	53.778
521.346	309.073	46.266	45.345
531.722	303.888	44.187	43.725
535.771	299.620	42.549	41.016
534.593	299.111	44.126	37.181
534.016	302.040	43.837	42.600
540.317	303.230	44.172	38.503
551.512	302.622	40.482	35.430
560.546	299.050	38.161	36.875
567.682	295.631	39.799	39.994
569.716	291.145	39.348	38.417
562.132	286.490	44.310	39.160
546.986	283.198	47.502	39.515
526.881	282.994	51.814	43.301
514.562	285.345	53.883	51.613
514.029	293.379	52.272	49.344
519.669	300.751	51.859	48.238
532.887	309.035	52.711	47.793
543.344	320.322	53.580	51.871
549.843	337.721	51.745	52.208
546.969	364.144	55.925	60.900
553.182	406.566	52.440	59.878
555.277	448.071	52.402	60.127
553.073	488.350	50.821	61.480
537.006	525.316	59.319	50.264
544.742	517.711	55.420	57.958
545.111	482.237	52.206	65.072
544.780	446.178	53.252	60.324
543.890	410.735	52.101	62.246
539.447	380.738	53.664	59.866
534.028	360.011	53.334	57.290
528.999	340.155	50.153	51.427
528.036	325.457	53.205	53.211
527.908	313.392	54.060	50.826
532.012	305.671	50.359	47.615
536.534	298.600	47.087	48.146
534.219	297.783	51.497	49.886
521.989	296.573	59.293	59.675
521.283	290.992	65.897	70.787
529.845	287.015	64.877	62.049
539.951	291.034	61.024	56.948
551.232	292.772	56.814	54.231
554.297	302.468	55.106	53.954
556.053	299.454	60.076	55.000
556.585	295.596	59.536	54.176
557.276	297.546	59.040	51.424
565.230	302.691	57.644	52.158
518.619	344.368	52.265	56.153
519.484	343.402	50.780	62.030
602.969	310.469	53.780	48.168
615.335	316.818	53.238	50.934
621.330	327.989	53.562	50.853
630.998	339.605	55.783	54.559
638.990	358.015	57.319	58.835
643.568	376.946	55.739	65.855
637.212	407.899	54.207	64.728
636.082	438.513	46.097	63.412
623.282	425.506	64.170	62.594
625.654	425.053	70.256	63.590
576.130	419.397	90.543	90.282
553.116	439.765	59.813	68.774
545.634	415.596	51.615	62.285
537.741	393.774	50.269	54.362
533.172	377.929	47.118	48.919
532.034	366.216	46.937	47.122
531.219	358.378	45.392	39.683
534.241	350.611	43.908	39.705
540.221	341.720	45.802	40.577
551.342	333.324	48.060	41.631
560.801	330.706	46.694	41.735
564.031	330.410	46.261	41.285
568.762	330.945	47.271	46.508
574.262	345.223	47.868	45.733
580.514	370.867	47.553	53.624
587.671	403.785	47.607	57.068
594.655	432.964	49.831	55.861
602.686	472.392	48.123	49.140
611.903	455.434	52.821	53.201
621.359	433.103	47.664	52.259
632.803	411.018	46.352	49.468
641.228	392.630	56.078	47.127
639.515	382.763	74.035	61.826
658.114	393.757	76.442	66.521
536.887	297.426	74.834	78.765
548.048	321.607	64.289	62.050
544.678	321.719	52.783	62.402
532.622	316.311	67.017	65.122
528.589	307.363	64.975	76.447
516.898	314.118	75.595	69.324
528.001	320.899	74.714	70.375
535.008	312.539	67.976	85.335
536.762	299.739	73.428	79.017
601.412	296.904	59.917	48.845
596.707	306.404	60.075	39.794
570.496	313.275	51.044	55.103
563.160	323.456	55.068	54.183
571.295	340.761	51.584	48.683
563.715	354.457	59.426	57.653
566.226	385.173	44.583	65.179
567.538	419.293	54.146	57.615
573.924	440.331	50.110	57.425
580.354	416.432	53.157	65.278
596.318	385.899	58.536	67.889
615.392	363.388	51.342	57.909
613.390	340.801	57.753	56.507
634.550	314.190	56.383	57.375
639.643	291.941	69.632	70.281
647.319	274.900	57.355	76.157
648.473	292.782	59.160	71.263
633.809	311.989	68.742	66.600
649.061	318.332	64.160	59.241
634.440	306.457	71.479	67.501
652.190	316.698	63.009	60.716
648.827	320.296	61.253	60.139
661.572	318.295	64.562	56.023
658.808	322.503	56.427	53.155
678.492	320.087	60.653	52.654
682.714	318.623	63.617	57.196
683.695	314.294	68.109	57.515
575.766	348.919	76.738	85.718
569.229	377.636	78.853	62.551
561.272	350.513	87.383	67.477
534.535	322.649	85.643	82.959
519.668	307.922	73.524	63.235
498.772	288.785	65.780	58.890
479.735	297.319	59.893	51.913
461.750	313.371	56.537	39.424
443.408	331.847	45.210	42.544
428.213	357.741	44.978	52.127
422.281	387.649	45.259	56.781
422.354	417.337	46.793	53.229
429.997	401.386	51.344	59.452
456.757	370.268	50.716	55.499
480.966	346.659	46.636	49.752
509.917	316.887	51.331	50.539
529.337	298.607	45.235	47.392
541.842	284.831	44.601	47.528
549.450	271.984	42.619	46.366
550.463	262.557	45.030	46.149
552.359	252.891	43.566	44.934
552.823	244.750	45.476	42.739
554.022	239.912	47.368	43.012
557.449	236.018	44.879	40.627
559.211	232.370	43.161	40.081
556.282	230.786	46.186	39.289
552.872	228.484	44.270	38.722
550.146	228.146	43.918	37.181
547.763	228.748	44.673	35.076
544.964	229.731	43.221	36.328
542.625	233.368	41.124	36.148
539.077	239.821	39.668	36.797
535.965	246.682	38.231	37.103
533.664	255.934	37.742	39.069
532.030	266.964	37.994	39.173
531.442	279.479	39.652	41.873
531.479	294.921	35.927	45.251
530.139	317.342	38.351	48.374
530.327	346.208	39.113	45.837
531.914	377.615	39.491	45.738
533.365	402.884	38.109	50.777
533.762	405.412	41.855	49.630
539.222	383.366	39.469	51.327
542.336	361.569	37.255	45.739
542.731	341.237	32.948	42.429
539.983	329.547	34.072	40.024
543.807	310.540	35.915	43.990
547.602	291.067	40.246	54.034
551.043	275.796	49.021	53.414
554.207	276.614	71.240	53.673
549.806	265.659	56.642	52.490
548.019	261.612	55.839	51.311
553.093	261.233	57.942	54.713
543.881	264.453	71.274	65.226
535.343	259.633	62.174	84.771
479.899	347.248	70.531	57.217
506.955	258.187	56.305	45.854
496.722	269.865	36.078	36.250
492.479	276.151	35.026	34.116
483.901	283.723	38.553	33.611
480.594	287.777	37.539	35.764
477.850	290.844	37.314	36.773
477.257	291.876	37.759	35.896
475.885	291.407	38.536	35.589
474.667	287.684	39.017	39.017
472.680	282.933	39.874	39.944
471.707	278.928	39.379	39.511
471.953	273.406	38.588	41.612
476.248	267.743	39.544	40.245
481.474	264.183	41.216	38.033
486.674	261.891	41.670	35.705
492.148	260.078	40.873	36.067
493.603	259.741	38.917	35.630
494.335	259.712	38.594	35.581
492.606	262.210	39.483	34.689
491.523	265.474	39.176	36.231
490.457	268.992	39.012	36.767
490.290	271.310	38.674	36.433
490.256	272.434	39.025	35.510
489.392	273.191	39.182	34.238
489.074	273.148	39.118	34.552
485.494	272.950	40.226	35.943
479.247	273.315	39.091	34.250
474.334	273.149	38.086	33.948
469.959	273.385	38.047	33.277
465.883	273.181	40.521	34.832
463.176	272.885	39.571	34.662
460.411	272.202	41.328	34.846
459.703	271.555	39.029	37.315
459.172	271.322	40.067	35.257
458.559	270.653	39.430	34.502
458.823	269.728	39.364	33.489
458.009	269.529	40.906	34.345
456.283	269.525	41.513	34.892
454.165	269.798	43.156	34.704
451.398	270.636	43.406	35.070
445.425	272.106	44.738	35.347
437.700	274.067	43.638	36.145
430.833	275.563	41.653	37.268
426.549	277.155	42.424	35.345
422.338	278.111	43.005	36.300
418.508	278.471	44.254	35.808
415.475	278.804	44.180	35.618
413.534	278.381	43.297	35.653
413.511	277.054	41.080	36.784
414.139	276.119	41.063	37.063
416.517	275.418	40.948	36.402
418.538	274.934	42.136	36.366
420.853	275.162	44.463	35.865
421.692	275.366	46.151	34.941
423.255	275.902	44.916	36.169
423.690	276.187	42.473	36.428
417.951	274.771	41.515	37.753
412.879	275.702	40.888	36.010
409.522	275.035	39.234	35.556
402.654	271.216	43.847	33.696
407.983	265.137	41.620	36.925
411.371	263.760	39.691	36.821
415.526	262.414	39.269	36.187
424.973	259.825	41.631	35.501
435.195	256.635	39.828	36.274
446.050	256.611	44.535	35.459
457.175	255.735	44.346	35.965
466.118	255.396	42.130	36.292
469.502	256.941	43.479	35.940
467.275	256.665	45.500	37.853
460.814	255.995	49.358	38.436
452.885	258.413	48.360	37.608
446.789	260.078	45.695	35.881
443.698	259.227	43.846	36.680
439.674	258.818	44.037	36.054
432.650	257.676	43.825	36.025
426.299	256.417	41.549	35.915
422.169	255.529	40.110	35.137
417.484	254.314	40.693	34.679
411.033	253.526	41.437	33.852
403.563	251.937	41.365	33.956
394.668	250.256	40.176	34.007
387.436	248.218	40.624	34.840
382.550	245.825	39.779	34.261
379.288	251.507	40.340	46.476
379.060	254.297	49.534	50.667
373.086	241.556	68.403	57.917
348.001	233.420	82.423	88.793
327.450	266.895	86.134	98.400
324.518	270.136	86.163	107.083
334.015	274.832	76.288	108.423
325.838	211.837	56.669	53.037
323.150	215.267	44.297	38.966
318.131	214.987	42.439	36.374
310.056	211.555	42.101	37.480
301.991	208.603	42.843	36.649
293.912	206.307	42.921	36.716
287.376	204.985	41.927	36.146
282.648	204.079	41.349	35.696
279.154	202.914	40.107	35.458
277.105	202.061	40.834	35.235
275.076	200.021	41.211	36.890
272.175	198.571	41.930	38.208
269.184	197.886	42.448	38.339
265.572	197.249	43.695	38.823
261.638	197.711	43.006	39.234
255.922	200.097	44.454	41.398
250.075	204.981	43.962	43.501
245.736	212.917	41.834	41.518
244.226	215.298	40.838	39.851
244.086	214.919	40.403	40.053
244.859	213.248	39.870	39.215
243.840	212.913	39.015	37.894
237.589	212.993	38.825	38.052
231.291	212.394	39.269	37.223
226.243	212.994	39.321	37.373
222.735	216.925	35.853	36.841
220.359	221.551	35.242	36.708
218.999	226.250	33.009	35.140
220.066	228.764	32.618	34.125
222.370	232.264	32.503	34.525
227.359	232.030	35.480	36.577
236.615	230.844	34.563	36.839
243.871	231.462	36.485	35.314
245.795	235.622	33.795	36.190
246.205	238.498	33.136	33.859
246.882	238.136	32.152	34.615
251.595	237.418	33.380	34.122
256.288	238.197	34.825	33.763
260.667	236.029	36.332	36.165
268.148	230.474	35.579	37.340
273.894	228.352	36.430	36.323
279.691	227.087	33.369	35.464
286.648	222.935	36.914	37.424
299.757	217.873	37.360	39.607
315.188	214.113	42.205	40.268
331.304	212.603	46.655	44.253
344.729	212.281	48.318	50.805
361.542	211.352	50.543	50.042
368.816	210.998	45.344	44.018
372.928	210.926	38.524	42.136
366.363	213.593	33.733	37.182
372.281	216.561	35.823	39.838
371.604	226.381	43.189	42.369
374.949	225.651	48.649	57.941
387.346	251.538	55.998	57.879
382.716	265.511	82.793	72.719
324.260	272.563	73.187	81.809
330.349	289.041	81.785	75.355
369.452	255.479	71.922	98.022
397.260	248.580	78.899	94.872
406.576	177.141	66.483	113.802
419.507	197.302	85.615	105.739
429.439	205.150	111.883	120.386
413.635	244.309	141.162	104.622
394.957	206.887	137.470	125.693
241.797	18.016	145.546	101.768
279.225	32.359	110.612	88.920
282.482	35.901	101.681	80.092
288.143	34.480	98.333	81.066
289.751	30.662	95.225	83.789
289.554	33.887	96.175	79.046
291.556	35.006	94.921	77.247
289.564	33.617	98.484	79.785
293.314	34.495	90.246	79.060
291.230	35.606	97.977	81.065
287.795	30.324	100.355	82.089
287.822	31.929	101.158	81.554
403.179	210.335	84.715	44.713
420.644	208.527	47.542	52.502
422.999	214.011	40.401	45.585
396.324	309.217	49.198	12.775
407.001	300.159	45.259	44.831
415.879	300.087	55.635	61.247
295.119	336.082	70.973	45.993
165.359	354.871	51.076	40.859
175.666	357.515	49.878	36.594
183.528	354.808	49.419	38.170
189.090	353.767	50.229	37.773
188.655	352.961	48.012	37.091
195.565	349.009	42.927	39.534
195.299	347.271	45.037	41.591
198.082	344.824	45.638	45.013
186.878	340.996	53.508	50.088
27.718	336.175	60.819	52.992
0.000	339.819	46.055	46.782
1.350	339.476	44.081	44.160
1.175	341.410	49.042	43.043
1.039	342.025	48.625	43.605
1.092	341.784	50.254	43.148
1.467	341.297	48.917	43.661
2.504	339.671	46.485	45.422
5.719	339.723	48.652	44.000
6.725	339.221	51.854	42.873
13.337	339.017	51.617	40.484
12.432	337.081	45.490	41.740
20.687	342.028	50.234	41.705
17.531	338.542	55.436	39.080
30.100	338.047	55.562	42.146
31.787	332.906	55.104	47.941
35.701	332.374	56.345	44.501
37.366	333.358	52.101	41.427
0.504	355.005	34.054	66.353
0.226	349.286	43.447	51.236
0.000	343.628	41.425	53.007
50.743	333.737	50.343	41.742
59.594	332.341	45.062	39.684
63.548	332.039	47.450	38.366
0.109	330.503	35.911	81.031
0.000	369.979	43.291	54.971
0.000	382.711	46.420	49.652
0.000	380.369	46.166	49.154
6.818	377.756	48.550	53.944
0.245	375.913	60.695	59.413
2.233	376.422	66.475	63.095
0.000	376.890	74.789	63.721
0.000	371.672	79.351	65.480
0.000	369.426	77.583	70.246
0.000	371.996	83.647	71.120
0.158	372.292	81.929	73.322
3.772	368.706	82.794	74.013
0.000	369.632	90.438	76.120
0.000	366.108	98.296	61.386
16.427	371.093	97.107	67.017
26.174	362.571	106.154	70.530
38.399	360.277	102.563	72.081
50.328	355.396	112.498	55.752
58.159	359.131	103.492	66.210
63.601	360.931	104.779	59.851
74.658	351.946	91.214	53.150
89.079	351.140	82.489	79.249
90.561	343.369	86.916	63.589
96.291	356.575	86.753	54.560
97.281	352.361	88.781	62.806
0.000	382.764	56.845	75.528
0.000	358.446	62.145	74.278
0.000	356.456	60.984	91.328
118.182	353.383	64.796	70.890
125.295	341.488	68.231	70.445
121.376	376.609	80.996	59.261
132.405	349.845	72.309	72.744
133.681	345.593	79.536	73.377
135.876	346.546	79.857	73.616
143.656	347.351	74.830	74.183
144.168	344.834	84.811	67.051
151.139	351.329	74.283	69.988
147.733	335.565	79.886	74.899
146.263	342.638	79.075	68.432
154.677	342.153	73.557	71.387
155.503	343.512	79.988	73.062
157.288	343.638	81.136	55.622
155.490	344.331	73.477	56.270
160.409	341.611	76.347	64.322
164.176	335.414	73.573	67.237
158.311	339.962	69.660	63.598
166.488	335.268	72.371	69.816
156.839	338.408	69.406	68.981
162.855	335.772	68.709	63.458
153.018	335.639	68.063	57.581
165.416	338.936	61.016	48.182
154.838	336.723	62.925	49.052
165.572	329.999	58.706	48.601
157.476	332.583	67.395	55.686
159.045	330.511	76.347	59.961
264.171	300.756	53.234	47.908
273.100	300.757	48.214	43.093
277.861	300.166	47.822	46.874
278.945	300.718	49.857	45.685
281.777	300.274	49.682	44.134
285.614	297.942	51.647	45.983
281.841	296.318	52.139	44.376
283.374	299.376	47.476	43.226
290.061	297.399	53.987	47.745
301.762	290.456	58.532	56.962
309.473	292.074	59.122	49.990
324.712	305.908	54.693	53.954
317.366	313.398	46.978	48.830
322.834	308.270	41.068	43.902
311.242	314.766	42.486	40.466
319.932	311.259	40.735	43.805
312.689	312.659	39.636	43.950
306.795	298.262	46.871	49.791
303.058	289.275	49.267	49.965
350.203	224.901	35.968	33.787
350.556	226.792	32.025	30.497
348.751	227.605	32.008	29.997
347.453	227.880	31.180	29.436
346.245	228.088	31.423	29.416
345.478	227.594	31.662	29.824
344.550	227.951	31.773	29.793
344.026	228.170	31.582	28.785
343.905	228.263	31.748	28.766
343.692	228.824	31.712	27.979
344.000	230.232	31.967	27.839
344.565	230.768	31.461	28.026
344.675	232.079	30.865	27.425
344.401	233.335	30.901	27.078
343.766	234.533	30.886	28.369
343.407	235.420	31.342	30.082
343.002	236.179	31.184	30.249
342.291	237.604	31.155	29.540
341.544	238.057	30.357	28.329
340.338	238.834	31.228	27.353
339.453	238.849	31.191	27.698
338.470	238.849	30.982	26.413
337.295	238.622	31.005	26.510
336.990	238.622	30.972	26.291
336.565	238.279	30.553	26.518
336.004	238.125	30.569	26.720
335.864	238.181	30.332	27.000
335.557	239.469	29.820	27.139
335.082	240.804	29.823	26.998
333.454	242.371	30.342	28.383
330.752	244.106	29.956	29.081
326.737	246.461	30.078	28.595
322.535	248.128	30.000	29.801
317.800	250.470	30.438	28.944
313.663	252.294	30.525	28.827
307.749	255.274	31.303	27.624
304.397	257.787	29.514	27.764
299.739	260.539	29.482	29.597
295.252	262.507	29.205	29.763
289.943	263.958	29.870	29.787
285.989	265.147	29.724	30.713
280.114	266.203	30.538	31.353
276.292	266.272	30.722	30.851
271.735	266.406	30.053	31.772
267.621	267.292	29.998	31.253
264.926	267.006	28.142	30.878
258.857	265.879	28.562	30.612
243.229	265.239	44.554	38.027
232.174	268.444	59.483	51.733
238.451	295.341	51.055	43.146
233.664	289.558	57.698	46.143
235.398	293.115	51.739	43.766
224.380	292.314	49.752	43.596
217.637	297.057	49.548	38.590
223.758	296.087	46.835	39.468
211.191	259.740	37.308	31.278
215.826	267.180	31.708	32.081
214.618	273.084	29.500	35.530
211.551	278.667	32.897	37.164
212.964	291.646	33.300	36.500
216.660	298.529	44.330	39.010
236.342	302.104	47.112	43.661
232.113	300.990	45.514	40.398
228.897	301.016	47.215	41.093
237.612	301.751	45.217	41.227
235.738	302.103	48.135	40.248
236.635	300.813	48.728	41.602
237.231	299.087	46.749	42.329
243.764	300.677	45.532	41.259
244.926	299.425	48.081	41.965
244.294	300.009	47.677	38.901
212.140	295.371	37.158	39.846
198.184	291.453	39.146	38.260
202.045	290.195	41.590	41.657
202.793	291.807	43.569	34.351
202.112	289.321	42.477	36.538
196.530	285.924	48.091	36.293
195.050	281.926	50.363	38.723
196.932	284.480	50.980	38.934
201.427	284.066	44.925	39.401
208.013	285.533	41.024	35.340
210.722	285.291	43.610	31.813
208.099	285.641	47.165	31.726
212.384	284.094	47.841	30.155
215.619	282.897	47.709	32.326
223.537	279.990	41.828	33.506
230.334	278.698	38.276	32.185
236.143	274.611	33.762	33.203
240.101	270.636	31.633	34.053
241.344	267.180	31.256	31.942
242.107	265.104	32.210	29.758
242.696	264.582	32.112	28.649
243.256	263.900	32.390	27.912
244.038	264.576	32.413	29.036
244.724	266.761	32.992	30.028
245.926	270.160	35.240	32.953
250.522	277.829	34.253	34.784
253.402	286.330	34.829	35.176
252.909	295.226	39.051	41.966
256.810	296.894	37.216	50.823
255.540	299.548	41.517	60.954
253.964	298.837	42.850	63.244
251.504	304.858	44.832	61.306
263.793	333.059	39.448	56.351
259.774	317.564	38.543	53.257
264.409	315.590	36.584	53.183
262.596	295.183	39.039	51.560
265.072	290.282	35.729	42.477
264.227	288.780	36.421	36.423
266.408	283.041	34.145	39.493
268.292	275.837	33.092	44.376
268.205	274.326	35.208	44.204
265.252	273.513	35.794	43.939
268.665	273.589	34.415	38.215
266.343	274.087	34.148	40.671
262.416	274.296	39.132	43.472
261.338	280.373	44.704	38.868
264.830	280.440	43.109	39.972
260.679	278.712	43.358	39.561
259.221	281.390	43.705	37.534
264.282	277.101	45.130	38.996
268.164	277.442	45.561	38.714
270.531	278.893	51.202	38.900
277.513	277.929	51.173	40.358
282.928	272.122	47.232	42.149
277.466	268.915	46.271	50.691
280.022	271.573	50.689	46.332
304.410	273.426	37.750	38.305
314.788	273.866	30.278	32.917
319.437	269.929	31.737	29.550
323.118	265.995	33.633	31.059
329.395	259.910	32.211	31.931
332.897	254.775	31.326	31.941
334.973	251.047	31.453	31.602
337.032	247.503	30.070	30.954
337.143	246.417	30.785	28.987
337.283	246.079	31.456	29.386
337.452	246.643	30.911	29.182
337.855	248.821	30.590	29.168
337.455	253.030	31.443	28.887
335.873	259.194	32.312	30.543
335.090	266.487	30.757	36.184
331.997	281.589	30.498	38.657
326.829	298.063	33.521	34.846
324.573	305.468	32.229	45.383
323.746	335.642	33.672	38.935
320.453	347.596	35.013	35.712
316.430	332.284	32.007	40.552
306.180	314.824	35.452	40.628
297.659	303.295	43.580	46.315
288.422	295.929	43.458	39.963
286.287	276.153	34.681	42.006
285.031	275.061	37.227	43.010
280.110	272.178	38.549	40.374
274.715	268.233	38.963	40.404
273.858	267.035	37.793	42.146
273.135	266.232	37.427	39.548
269.614	265.070	37.238	30.958
268.496	263.810	37.180	30.167
268.711	263.283	36.283	29.021
269.831	259.369	33.229	32.707
271.809	261.560	33.527	33.149
273.226	262.084	34.329	32.768
276.121	262.648	33.486	31.487
278.324	262.562	33.676	30.943
280.634	261.886	35.743	29.879
284.852	261.582	34.058	30.131
286.035	260.576	36.230	30.643
288.177	259.731	36.196	30.585
290.882	258.849	34.673	32.219
291.714	258.595	36.048	33.035
291.839	258.394	36.964	34.610
292.261	258.389	36.639	33.173
292.549	258.266	36.986	33.216
292.455	258.450	36.715	32.543
292.938	258.622	36.437	32.008
292.739	259.320	37.272	31.102
293.771	259.353	36.224	31.979
294.841	259.073	35.442	31.856
295.990	257.738	36.062	32.421
296.377	255.386	36.711	34.277
296.719	252.452	34.838	35.799
296.325	249.229	32.884	33.694
296.096	245.369	32.930	34.052
294.905	242.385	32.998	33.911
294.575	238.914	31.992	34.417
294.217	236.188	33.738	33.167
294.114	234.758	34.147	30.727
293.919	234.896	34.752	29.408
294.222	234.889	34.623	29.738
295.093	235.008	34.105	29.520
295.113	235.870	34.639	28.545
295.387	236.381	34.143	28.415
295.494	236.668	33.746	28.394
294.055	236.746	34.873	28.743
291.942	236.687	36.353	29.283
290.160	235.420	37.328	30.313
287.211	234.435	37.078	30.155
284.570	232.477	35.625	31.246
281.966	230.739	34.464	31.910
279.776	228.416	34.433	32.350
278.391	225.802	35.687	33.793
278.062	223.346	35.453	34.116
278.030	220.973	34.736	33.729
279.503	219.194	35.538	33.330
280.606	216.710	35.483	33.531
282.436	214.404	36.250	33.156
284.957	211.792	36.714	33.104
288.251	209.770	37.035	32.277
292.681	207.724	36.857	33.221
296.919	206.019	37.249	33.713
302.478	204.420	37.224	33.428
307.860	203.071	37.456	33.893
311.532	203.003	38.354	33.099
314.967	202.497	37.981	33.319
317.199	202.003	37.827	33.512
317.891	201.279	37.892	34.875
318.183	200.764	37.750	35.317
317.057	200.335	38.506	34.850
316.455	199.119	38.432	35.041
315.756	198.579	38.563	35.025
315.514	198.068	38.373	34.995
315.097	196.995	38.765	35.212
315.179	195.877	38.877	36.210
315.137	194.983	39.022	36.047
315.511	193.846	38.994	36.932
316.411	192.841	38.808	36.935
317.449	192.386	39.016	36.406
318.353	191.489	39.643	36.065
319.718	190.663	39.621	35.927
320.378	189.628	40.199	36.313
321.107	188.633	40.454	37.640
321.978	188.474	40.518	36.979
322.683	188.000	41.099	36.614
323.643	186.834	41.110	37.410
325.253	185.620	41.139	37.026
327.432	184.701	40.961	37.099
330.484	183.544	40.750	36.443
332.451	182.759	41.020	36.822
333.802	182.279	41.157	36.675
334.918	181.319	41.983	37.071
337.066	180.949	42.536	37.294
340.148	180.817	41.988	37.251
341.956	180.781	42.630	37.565
344.175	180.620	41.988	37.883
346.457	180.396	41.372	38.167
348.646	180.245	40.969	38.681
349.836	179.990	41.116	38.494
350.789	180.262	41.622	37.842
351.525	180.040	42.427	37.687
352.023	179.987	42.299	37.637
352.066	179.768	42.480	37.896
351.411	179.978	41.854	37.963
350.477	180.457	42.056	37.132
350.311	180.237	41.698	37.000
350.386	180.399	41.462	37.211
351.049	180.423	41.195	37.109
352.656	180.472	40.825	36.730
354.256	180.683	40.614	36.385
356.813	180.180	40.166	36.596
360.668	179.914	41.022	36.614
365.220	179.659	40.299	36.237
370.337	179.289	39.882	36.098
375.195	179.369	40.156	35.404
380.773	178.940	39.724	35.626
386.718	179.612	39.656	35.958
392.358	179.699	40.073	36.552
396.960	180.035	40.237	37.311
398.548	180.664	40.263	38.059
398.260	181.429	41.146	38.075
395.733	181.396	41.666	40.001
391.743	182.601	42.932	40.361
385.279	184.867	45.018	41.831
378.920	189.472	45.035	42.646
371.129	193.860	44.563	42.908
364.589	198.620	44.605	41.836
364.368	201.747	43.252	42.337
367.839	206.061	42.770	41.481
370.275	212.497	41.955	41.684
371.129	221.420	42.582	43.687
371.030	231.584	42.105	43.249
367.809	240.809	42.947	41.989
362.550	244.415	44.517	39.828
355.331	244.165	46.094	39.105
349.307	244.050	44.459	39.320
345.830	242.748	43.128	40.201
345.435	236.359	44.142	48.227
347.861	226.006	44.743	45.410
349.270	222.639	43.544	42.938
350.080	221.854	43.300	42.641
347.892	224.217	43.432	41.557
345.429	224.480	43.542	40.691
342.519	224.262	43.953	41.485
333.664	226.995	47.155	43.658
325.034	231.927	47.110	45.715
323.679	235.293	44.446	44.279
330.090	235.462	44.029	44.619
338.289	231.529	45.868	44.255
346.527	230.123	43.774	44.185
350.904	229.424	43.512	42.783
355.868	228.276	43.574	40.985
360.689	227.363	43.470	41.829
364.758	227.101	42.710	40.798
368.684	227.288	41.680	41.096
371.817	226.358	42.398	41.608
376.500	226.966	43.148	42.094
382.156	227.510	43.382	41.503
387.784	227.502	43.854	41.523
393.419	227.129	45.157	41.408
399.085	226.520	44.350	42.496
402.451	226.515	45.342	42.387
405.341	226.906	44.771	44.229
407.719	226.929	45.217	43.544
410.463	226.979	43.815	42.738
411.267	227.053	44.222	41.291
412.634	227.101	43.368	41.158
413.850	226.649	42.492	41.123
414.709	226.960	41.932	40.972
415.933	227.395	42.728	39.941
416.677	227.710	42.493	39.274
416.798	227.973	42.497	38.315
416.767	228.201	42.541	38.509
416.407	227.590	42.272	39.109
416.169	227.743	42.581	38.452
417.232	227.285	41.891	38.943
418.524	227.159	41.981	39.152
419.358	227.159	42.385	39.008
419.833	226.915	42.672	39.159
419.970	227.277	42.641	39.423
419.951	226.777	42.690	40.609
419.633	225.331	42.692	41.834
418.572	224.218	42.948	42.080
416.379	223.532	43.455	40.723
414.397	222.363	43.177	39.902
412.674	221.802	42.872	39.632
409.001	222.534	42.598	39.894
408.188	221.399	42.605	39.806
409.612	218.919	42.343	39.917
411.054	218.096	41.101	38.973
409.081	217.466	42.959	38.385
407.050	214.701	42.440	40.557
406.778	213.775	42.447	39.619
406.974	213.266	43.019	39.445
405.659	212.804	43.730	39.442
402.569	212.601	44.515	38.441
394.872	215.072	46.868	40.160
382.681	218.343	48.956	40.974
369.035	221.597	50.499	43.153
358.007	225.801	49.181	40.873
343.798	229.558	50.334	38.223
335.222	232.129	47.504	38.903
327.594	234.520	47.869	39.686
328.207	234.634	47.048	40.195
331.785	235.417	49.252	38.443
339.691	235.913	52.489	36.906
353.499	235.288	56.387	37.253
368.642	235.753	60.879	38.800
384.208	237.461	65.819	38.404
406.530	239.213	62.925	40.135
430.923	245.999	59.880	39.426
449.038	255.668	56.447	42.659
471.383	270.807	45.531	46.906
480.661	292.577	40.999	48.879
480.107	316.093	44.935	48.410
480.600	341.971	45.296	54.790
475.731	374.355	45.189	57.889
461.436	394.769	52.951	49.172
453.828	385.557	50.005	49.306
414.308	341.689	52.672	53.543
401.701	328.757	49.075	48.225
383.255	311.631	51.650	43.904
381.493	301.553	48.884	42.343
385.169	291.831	44.594	42.229
384.928	282.249	47.552	39.574
391.840	273.826	46.784	39.420
403.376	267.347	42.069	37.674
408.170	262.367	46.585	37.353
417.127	258.294	47.534	38.200
428.730	255.922	47.789	38.128
439.157	254.974	46.635	37.804
449.876	253.702	46.005	38.162
459.071	253.175	44.557	37.707
465.486	253.179	43.806	36.533
468.256	251.543	43.516	36.704
469.940	249.501	43.081	39.176
469.285	246.133	43.764	41.469
463.311	249.289	45.398	40.220
457.917	246.398	45.289	39.531
448.962	244.709	47.025	37.142
441.023	244.461	47.196	37.683
432.986	246.458	46.379	36.680
424.495	249.411	47.004	38.207
416.691	253.197	46.296	41.079
406.572	260.459	46.104	40.959
402.846	265.772	46.223	38.523
399.171	278.031	41.230	40.778
395.879	292.692	35.893	42.808
391.558	309.179	35.802	46.271
389.158	334.204	33.318	39.671
374.154	340.834	46.800	55.468
363.859	340.877	52.010	61.987
336.738	311.543	70.166	73.839
325.135	282.324	67.160	59.289
325.354	278.354	69.740	59.473
349.472	316.838	71.677	70.125
353.461	323.977	81.380	66.253
365.529	317.521	68.809	66.002
376.170	300.351	79.321	73.653
379.719	301.226	78.821	65.753
380.580	294.530	74.815	65.329
380.640	288.476	56.060	53.648
384.314	292.847	52.427	52.288
384.829	295.769	58.722	50.499
381.080	302.757	48.949	47.389
381.179	314.674	45.072	44.942
381.933	327.476	38.300	40.616
380.323	337.836	39.156	38.846
378.745	348.412	35.234	41.267
376.871	367.911	37.093	37.837
375.275	381.893	39.367	39.070
374.987	397.791	39.804	38.257
371.039	385.870	39.050	41.955
366.095	371.813	38.750	43.815
361.873	362.208	36.252	37.298
359.715	349.379	33.901	41.428
357.334	343.082	37.296	38.944
356.132	338.741	37.577	36.651
355.529	336.543	38.235	36.585
354.275	334.421	39.520	34.330
354.910	331.627	38.734	35.554
355.977	331.959	40.316	35.538
358.209	332.972	42.871	36.663
363.032	338.566	43.045	37.352
366.670	347.400	41.790	37.002
370.711	355.705	40.100	36.019
372.687	366.400	42.545	37.591
375.278	377.193	42.345	39.631
376.984	389.560	43.543	38.068
375.660	378.610	42.199	39.468
372.800	368.568	41.924	39.223
369.447	358.666	41.159	38.562
366.869	350.660	42.343	39.530
366.320	345.403	41.372	39.847
365.516	341.861	40.490	39.388
365.065	338.923	41.229	41.605
371.197	344.136	43.824	41.199
384.214	356.323	47.013	42.654
402.869	370.841	45.825	41.706
419.890	372.236	46.170	42.165
430.763	355.198	42.383	43.981
440.389	346.058	37.461	41.405
447.971	339.124	34.947	37.119
449.853	333.357	42.168	37.862
458.944	319.457	48.575	46.204
446.707	303.326	61.962	62.727
435.627	264.826	58.734	75.962
431.758	257.075	68.899	72.901
420.964	259.149	68.224	87.601
408.567	255.057	75.836	82.098
405.667	251.207	72.298	80.994
402.827	247.334	74.544	83.344
404.779	256.033	69.592	79.422
387.665	271.118	68.861	65.850
390.730	268.881	67.185	70.555
392.926	266.660	76.596	78.303
401.451	255.434	67.097	77.292
374.184	282.859	49.937	64.880
376.361	308.001	49.958	54.329
388.138	319.584	48.276	52.225
394.357	276.563	49.370	55.230
397.092	261.949	56.370	60.846
394.822	259.742	55.846	64.740
387.999	258.099	58.914	63.228
392.470	259.754	65.043	67.267
430.370	296.645	51.112	62.907
425.283	289.045	62.936	52.495
429.253	284.609	60.119	46.220
429.759	277.783	63.484	57.237
443.525	272.340	57.205	48.930
434.231	267.277	68.197	54.332
434.880	261.447	77.361	64.667
434.766	257.953	66.991	60.188
444.343	252.110	51.734	46.893
441.793	247.318	47.313	42.729
436.739	246.110	49.415	41.193
432.321	245.200	46.465	41.672
431.509	247.786	43.783	39.893
430.929	255.881	40.927	39.109
428.055	265.502	42.032	41.204
426.533	277.895	41.617	46.787
423.607	287.638	40.943	56.210
409.585	303.132	54.400	69.165
399.253	307.733	57.826	69.864
386.306	297.850	65.520	84.075
364.654	290.397	76.534	84.939
358.727	276.637	83.447	89.245
109.644	352.681	85.531	88.928
103.301	361.456	76.267	65.686
103.245	363.778	71.265	62.454
107.449	363.408	65.532	61.144
113.845	350.686	68.881	61.408
121.760	333.201	54.540	61.999
142.658	362.725	56.173	41.234
148.344	360.723	49.815	42.744
152.821	365.174	42.785	39.338
154.399	363.805	41.389	39.503
153.595	364.708	40.748	38.418
151.900	365.237	41.506	37.887
154.433	367.198	39.315	37.689
151.307	367.028	43.008	35.760
153.392	364.302	42.072	40.022
148.988	366.691	47.368	38.559
154.728	362.874	35.275	41.727
157.574	358.479	40.449	44.674
151.685	362.394	41.155	43.561
151.934	359.940	38.699	44.444
152.139	355.264	47.355	42.218
147.748	356.040	43.900	45.653
143.154	358.395	43.527	42.737
171.706	348.479	35.047	38.563
173.577	346.094	35.647	32.771
172.219	346.176	35.258	33.831
174.516	347.214	31.407	35.254
173.589	345.948	35.201	35.420
153.052	349.332	51.917	43.753
202.465	334.405	43.883	36.529
207.211	337.035	41.675	35.593
198.073	336.414	41.929	36.987
202.697	338.207	43.657	35.345
205.415	339.806	44.437	35.374
171.394	338.874	33.942	36.806
172.663	341.206	31.352	35.027
171.589	342.632	32.095	33.797
171.944	342.863	31.991	33.972
170.685	345.145	35.576	32.712
167.576	345.581	37.731	30.719
169.086	346.933	36.663	32.145
167.796	346.986	39.350	31.578
181.828	340.314	46.417	36.143
199.841	337.399	43.200	38.167
198.648	340.591	45.709	35.302
198.710	341.233	46.148	36.183
196.334	340.612	47.258	36.927
196.770	341.069	45.771	36.978
193.609	340.098	47.328	38.017
191.783	338.549	45.201	38.945
194.939	341.756	44.305	34.909
190.032	340.396	48.119	36.645
195.246	342.036	42.101	34.544
191.276	340.918	46.212	36.188
186.765	341.261	49.109	37.003
192.669	340.362	45.038	37.763
193.503	343.127	43.776	36.346
189.617	340.495	45.288	38.294
194.657	339.898	42.569	39.170
190.153	343.683	43.814	35.140
188.229	340.289	47.721	37.521
189.243	338.784	44.543	38.973
193.079	340.512	43.711	36.656
190.891	343.064	42.654	34.134
190.448	342.725	46.963	35.053
188.471	341.188	42.757	37.144
191.265	342.814	42.541	35.443
190.680	344.601	43.448	33.812
192.265	344.205	41.841	34.175
191.551	345.070	38.821	32.958
191.964	346.147	38.900	31.428
191.275	344.507	40.046	34.453
192.826	345.789	38.154	32.293
192.088	343.958	40.119	34.935
190.571	340.763	41.910	36.869
192.534	345.297	43.003	33.839
189.977	340.652	41.078	37.475
189.417	341.793	41.132	35.217
193.631	342.043	39.204	36.033
190.422	340.189	42.559	36.536
191.389	340.155	41.496	37.367
193.643	343.051	42.769	34.515
190.847	339.107	41.746	37.995
190.927	338.894	40.862	37.429
192.846	341.371	41.152	35.899
189.795	339.967	43.866	36.478
190.071	339.593	43.323	36.890
190.199	339.963	43.655	37.034
191.491	341.779	41.946	34.714
186.942	338.350	41.907	37.834
183.497	338.762	43.488	37.937
180.292	337.043	46.740	39.870
177.552	337.272	48.262	39.478
177.444	336.638	46.224	40.030
177.457	338.786	46.261	37.868
177.093	338.623	45.122	37.812
179.236	339.184	44.243	37.370
178.008	340.264	44.410	37.247
180.047	341.494	44.224	35.953
176.617	339.973	45.451	36.860
180.327	340.149	44.406	36.460
177.758	341.005	48.215	35.453
178.447	340.654	44.377	36.272
179.993	341.117	44.131	36.033
176.063	338.815	45.321	39.157
176.326	339.952	45.673	38.220
174.486	341.008	44.013	36.645
177.801	341.232	42.825	37.142
176.497	342.924	43.966	35.308
176.890	342.797	43.511	35.334
174.562	343.877	42.490	33.949
168.577	342.894	44.939	34.403
169.429	339.554	45.250	38.070
165.559	340.521	46.188	36.612
162.609	343.831	50.919	35.232
159.100	340.908	47.370	38.361
155.631	341.938	52.259	38.153
147.878	340.953	55.000	39.148
139.821	341.020	54.754	40.602
128.156	339.659	61.889	42.194
143.103	341.684	48.800	37.478
136.439	344.546	52.000	36.428
139.827	342.188	52.630	41.549
138.373	344.910	47.415	36.722
128.651	345.144	52.480	38.809
133.052	345.989	49.872	39.363
125.437	345.826	49.876	41.054
115.788	347.632	53.141	38.190
0.000	380.011	57.431	50.076
0.317	378.616	77.089	51.294
7.140	376.917	77.380	61.359
5.223	370.617	86.179	75.786
6.435	368.936	84.096	77.538
17.034	382.888	92.829	78.757
32.676	370.187	93.251	66.524
34.013	372.448	85.729	68.623
28.347	378.341	89.549	69.186
10.282	378.677	104.538	69.050
0.950	380.813	96.053	74.469
0.000	376.626	83.615	74.043
0.000	373.186	70.818	69.922
0.000	376.366	63.238	67.622
0.000	376.982	52.226	60.745
0.000	337.514	47.617	85.271
2.748	332.099	49.816	94.888
0.396	328.250	80.144	77.386
147.898	314.673	54.254	96.284
240.962	286.827	62.776	47.568
247.318	288.121	52.464	41.419
244.402	288.653	51.702	39.962
240.581	287.937	49.883	40.275
226.435	288.851	57.081	41.639
218.158	290.365	58.372	42.883
214.169	291.692	55.639	43.518
203.439	293.265	59.711	42.894
204.813	295.029	53.433	41.535
201.336	297.272	53.620	40.843
199.492	298.004	53.778	40.742
200.727	299.120	51.969	40.168
198.742	300.745	52.686	38.494
200.525	301.980	50.688	38.423
197.862	302.667	52.835	38.317
204.103	303.170	48.750	37.822
202.298	302.648	53.896	39.051
207.194	300.843	54.378	40.294
212.322	298.668	54.808	41.847
221.756	295.478	51.947	41.062
223.699	291.954	57.279	43.102
226.435	287.276	61.369	46.082
242.644	282.415	50.522	42.977
247.180	279.193	47.572	42.384
249.100	275.834	46.763	41.569
249.664	273.882	46.380	40.801
249.176	274.059	46.600	39.593
248.836	275.219	45.277	39.819
249.461	277.952	45.062	41.815
251.246	283.711	43.378	40.869
252.153	291.898	44.311	42.043
253.755	302.423	45.008	44.095
257.352	317.668	42.501	47.081
258.382	339.092	41.597	48.231
256.457	361.722	42.299	48.328
261.182	387.994	39.474	48.993
262.104	413.642	38.970	46.975
254.378	419.372	45.747	44.298
252.900	398.915	43.297	50.984
243.177	377.736	44.472	47.768
241.638	363.970	44.262	48.416
229.462	349.878	46.088	62.835
210.500	333.381	58.685	78.195
217.258	299.943	55.151	57.414
220.948	298.699	52.737	54.631
226.201	299.031	51.246	52.599
230.616	298.837	47.308	51.626
231.041	298.511	53.950	55.086
237.219	299.032	49.386	48.892
237.493	295.903	51.187	51.820
242.870	296.263	47.092	50.995
239.068	295.299	52.385	52.160
245.299	295.952	45.318	52.135
242.820	293.996	48.169	52.393
251.911	294.414	42.212	51.296
251.183	294.667	42.883	51.266
244.790	298.611	52.418	50.932
246.501	293.752	51.043	54.767
250.911	292.833	49.441	54.338
255.407	275.373	42.234	41.875
258.876	274.674	39.965	39.584
267.776	271.270	33.088	38.614
269.663	269.985	34.083	37.540
268.986	270.648	38.286	36.081
268.430	273.282	43.033	37.531
271.198	277.009	44.935	39.937
274.522	283.700	48.380	40.952
285.488	293.609	49.507	45.677
293.750	309.497	50.512	50.184
304.421	332.300	47.467	49.736
311.581	359.483	46.711	53.435
315.571	391.791	46.736	51.645
319.127	423.080	47.259	48.290
311.916	401.979	49.184	52.180
306.018	376.229	46.949	55.721
297.416	352.722	49.048	51.707
291.609	333.071	48.533	52.067
283.573	317.200	51.102	48.311
279.876	306.761	51.631	48.124
277.091	297.201	50.573	46.986
275.753	290.997	48.971	45.286
272.482	285.773	49.198	42.547
270.746	282.327	49.015	42.093
268.924	280.178	49.166	42.751
268.559	279.179	49.029	43.539
267.378	278.768	51.090	44.565
268.036	280.197	51.490	44.825
268.094	280.764	53.775	44.541
270.860	281.928	54.587	43.331
275.369	282.210	54.693	43.555
280.590	282.213	53.236	43.690
283.178	281.131	52.756	44.215
288.820	279.555	50.199	45.424
290.567	277.661	51.316	46.623
294.683	274.647	50.426	47.780
296.309	271.869	51.337	48.074
298.739	269.610	51.644	48.208
302.722	267.505	51.410	45.592
305.484	267.179	51.182	45.290
307.981	268.292	51.734	44.152
310.576	271.265	53.824	42.741
316.067	277.720	50.296	42.727
323.248	286.972	46.196	44.130
326.065	299.255	45.335	44.292
326.154	311.108	47.911	48.413
324.276	324.671	49.546	52.009
318.279	345.581	51.780	54.328
311.581	375.858	45.926	55.926
308.186	398.055	44.948	52.011
303.020	407.509	53.107	53.350
277.731	409.795	60.092	54.980
266.871	390.349	48.155	50.409
259.035	369.836	47.791	48.831
246.349	355.126	55.488	50.043
243.231	349.996	52.218	42.581
241.987	343.013	48.665	42.228
240.430	337.303	48.512	40.004
241.231	333.386	47.896	39.860
242.084	330.919	48.337	40.601
243.241	330.615	50.337	40.379
247.884	331.888	51.313	40.150
255.776	333.101	51.596	40.892
265.862	338.912	51.091	38.456
275.798	341.599	48.938	41.467
285.825	351.203	47.464	41.201
296.498	359.448	41.628	46.223
305.606	366.811	38.013	51.710
299.069	356.907	41.687	52.315
300.530	354.983	44.622	54.273
301.625	351.760	42.603	50.224
347.262	405.615	43.075	46.269
340.995	396.032	50.050	51.767
340.379	365.332	53.470	62.573
356.720	351.969	47.932	49.855
363.765	347.512	44.662	44.737
367.903	340.280	41.108	42.992
367.981	333.461	38.255	41.042
364.652	329.278	40.159	38.729
363.407	324.717	40.478	38.358
361.656	317.750	45.604	39.196
360.035	311.624	48.898	41.685
359.189	303.361	51.202	42.607
362.308	295.889	45.329	40.789
355.753	291.244	48.600	41.868
348.439	287.055	48.530	46.712
340.107	291.308	55.366	42.430
339.613	292.105	55.010	42.467
320.762	294.233	73.723	58.720
299.035	301.158	72.729	73.059
273.106	296.006	86.690	84.277
247.769	295.719	73.110	95.814
242.825	312.701	71.123	85.037
346.415	405.333	78.917	60.088
381.012	396.222	53.123	50.161
400.731	370.556	32.560	54.626
391.155	348.378	38.906	52.743
390.026	329.199	43.538	51.711
386.323	320.904	48.867	41.327
384.384	311.305	50.916	40.875
379.660	299.295	53.054	44.094
382.403	294.613	54.267	43.549
377.895	288.738	56.815	44.854
371.545	282.337	57.957	46.342
367.403	281.530	57.637	45.846
365.711	281.277	53.522	45.415
364.221	283.689	53.074	44.401
355.396	284.322	53.804	44.619
357.590	283.933	48.877	45.902
356.321	283.731	49.321	43.004
356.977	282.341	46.889	44.475
355.695	280.059	47.583	47.525
355.448	277.541	48.694	47.939
353.095	274.291	52.165	46.790
351.336	270.766	55.548	46.518
351.412	267.558	53.081	49.915
345.054	262.837	49.488	57.683
349.238	263.107	47.627	55.904
351.088	261.017	43.257	56.597
346.918	268.406	46.644	55.314
345.723	278.300	59.229	47.540
332.565	277.137	74.017	61.032
301.772	280.990	75.997	88.152
294.179	285.597	78.050	87.197
298.021	281.471	74.013	89.616
303.544	354.405	59.837	65.747
306.080	369.764	44.664	69.311
305.677	415.328	44.849	49.845
304.302	423.172	43.017	53.067
294.494	405.272	46.407	50.359
287.132	384.467	47.818	52.228
279.264	363.938	47.549	52.514
272.345	350.279	48.369	48.593
261.272	342.762	54.493	41.915
258.020	333.730	51.853	46.151
256.215	328.984	50.782	46.762
256.584	324.705	50.116	45.132
260.990	323.332	47.666	43.960
266.053	321.285	45.470	45.519
266.096	323.040	49.234	45.725
273.504	319.530	48.772	49.736
280.908	310.694	45.153	55.809
286.986	305.551	45.875	59.246
290.462	295.311	55.069	68.478
294.919	293.653	67.000	71.163
297.758	278.275	74.638	64.948
292.701	269.500	78.461	63.790
292.013	268.072	70.484	64.427
289.456	272.321	69.066	62.533
290.936	273.004	77.045	65.841
287.396	276.261	85.937	64.397
345.370	274.080	60.182	59.230
353.861	278.852	49.410	48.137
352.218	275.596	50.654	48.831
347.642	273.986	56.985	45.385
355.392	269.960	49.896	46.579
356.241	264.519	50.535	48.192
358.225	257.213	50.550	47.653
361.227	249.623	50.754	45.731
364.340	241.937	51.176	45.232
366.645	234.475	52.373	43.947
368.988	227.463	52.417	43.669
370.524	220.603	51.635	47.893
369.503	215.113	52.696	48.880
366.932	210.250	53.096	46.088
363.458	207.029	52.175	47.345
359.149	205.781	52.660	47.249
355.696	205.110	52.354	47.497
351.909	204.048	52.961	47.823
349.095	204.031	52.417	46.896
347.779	204.041	52.173	46.947
347.773	204.134	52.162	46.487
350.531	204.497	51.836	46.074
353.296	205.140	52.602	45.055
356.612	206.181	52.689	45.221
360.990	208.342	52.816	46.970
366.691	212.142	52.250	45.609
372.016	219.284	54.380	43.306
378.440	226.826	54.330	43.343
382.345	237.096	55.021	46.076
384.307	248.567	53.659	46.878
381.018	259.255	53.029	43.786
373.778	265.594	50.581	42.567
