451.000	178.000	69.000	141.000
450.643	182.464	73.189	132.414
451.200	183.635	72.365	132.264
451.803	183.346	71.336	132.312
451.851	182.799	71.030	133.261
451.290	182.597	71.350	133.289
451.088	182.283	71.221	133.739
451.173	181.430	71.804	135.129
451.707	180.771	71.961	136.401
452.809	180.313	71.710	137.707
453.236	180.176	72.418	137.654
454.803	180.233	71.463	136.891
455.889	180.224	71.031	136.378
456.654	179.786	71.346	136.120
457.654	178.230	72.074	137.941
458.570	178.040	72.284	137.178
459.522	178.090	72.219	136.934
460.241	177.595	71.842	136.973
461.145	177.240	71.448	137.355
461.902	176.531	70.843	139.154
462.072	175.677	71.090	140.920
461.752	175.139	71.724	141.304
461.498	175.135	72.318	140.676
461.837	175.196	71.978	140.576
462.388	174.891	71.972	141.308
462.064	174.850	72.537	141.549
461.556	174.843	73.390	141.037
461.190	174.907	73.823	140.374
460.689	174.427	74.344	140.126
460.288	174.197	74.744	140.150
460.101	174.052	74.867	140.622
460.016	173.578	74.952	141.358
459.797	173.399	75.168	141.863
460.132	172.877	74.685	142.581
460.111	172.535	74.763	142.990
460.023	172.304	74.763	143.283
459.979	172.255	74.807	143.600
459.851	171.959	74.931	143.829
460.115	171.837	74.843	144.020
460.027	171.827	74.842	144.021
460.027	171.629	75.640	143.951
459.944	171.657	75.988	143.856
460.403	171.063	76.117	144.180
461.341	170.597	75.675	144.175
462.055	170.755	75.464	143.219
462.420	170.614	75.247	143.451
462.939	170.883	74.755	142.499
462.959	170.608	75.035	144.193
463.032	170.410	75.363	144.763
462.460	170.621	76.077	144.485
461.271	170.363	77.476	145.859
459.655	170.113	79.390	147.036
457.211	170.505	82.225	146.826
455.812	170.407	83.084	147.222
452.628	170.711	86.466	146.584
451.474	170.664	86.864	147.893
449.647	170.622	88.006	149.327
448.447	170.250	89.261	149.958
447.327	170.559	89.603	149.982
446.506	170.404	89.263	150.588
446.081	170.389	88.780	149.725
445.698	170.291	88.089	149.721
445.510	170.304	86.747	149.767
445.088	169.425	85.696	149.911
443.691	168.747	83.519	151.628
442.991	169.051	83.395	151.146
442.074	169.424	82.249	150.629
441.744	169.571	81.482	150.301
440.868	169.682	80.761	149.711
437.667	169.514	82.424	150.585
435.971	169.698	83.350	151.095
434.715	169.784	83.843	150.805
433.246	169.641	84.986	151.205
432.470	169.799	82.576	151.498
428.616	169.467	80.690	151.781
427.577	168.076	78.899	152.848
426.753	167.552	78.142	153.502
425.798	166.905	78.003	152.283
424.469	167.472	78.493	150.550
422.916	167.941	78.521	148.941
422.422	168.281	78.219	147.919
422.137	168.340	77.477	146.027
421.609	168.859	77.351	145.194
420.678	168.640	77.787	146.539
419.607	168.580	78.199	147.850
418.936	167.895	78.173	149.073
418.140	167.806	78.592	148.238
417.633	167.458	78.696	147.180
417.079	167.822	79.031	147.098
416.161	168.303	79.582	147.947
415.421	167.723	79.769	149.340
415.121	167.712	79.694	150.433
414.227	167.614	79.740	151.445
413.196	167.215	80.126	152.805
411.182	166.865	81.709	153.731
410.340	166.455	82.231	154.337
409.323	166.128	83.103	154.198
408.684	166.477	83.041	153.406
408.755	166.656	82.084	153.853
408.362	166.094	81.339	154.645
407.510	165.441	81.853	154.665
407.119	165.706	82.307	154.254
406.873	165.562	82.075	154.134
406.755	165.575	81.417	153.932
406.391	165.887	81.291	153.271
406.105	165.567	81.105	153.319
406.330	165.661	80.750	153.086
405.933	165.464	80.785	152.992
406.171	165.661	80.452	152.928
406.076	165.416	80.265	153.056
405.663	165.702	80.847	153.085
405.394	165.608	80.627	152.848
405.502	165.272	80.786	153.409
405.442	165.661	80.485	153.297
405.313	165.248	80.689	153.416
405.585	165.661	80.247	153.139
405.520	165.487	79.956	153.352
405.549	165.559	79.792	153.281
405.438	165.773	79.732	153.330
405.087	165.363	79.950	154.022
404.822	165.320	80.293	153.606
405.057	165.231	79.964	153.938
404.963	165.320	79.963	153.396
405.181	165.344	79.481	153.918
404.758	165.559	80.280	153.492
404.875	165.536	80.222	153.652
404.585	165.608	80.436	152.952
404.567	166.130	80.470	152.080
404.438	165.865	80.107	152.577
404.297	166.009	80.532	152.329
404.202	165.937	80.721	152.505
404.086	165.916	80.576	152.398
404.297	166.272	80.249	152.147
404.344	166.080	80.296	152.050
404.391	166.526	80.248	149.711
404.815	166.629	79.586	149.423
405.035	167.407	79.193	148.392
405.115	167.038	79.124	149.378
404.708	167.443	79.893	148.182
404.436	167.490	80.112	148.625
404.519	166.711	80.223	149.404
404.675	166.486	80.337	150.166
404.469	166.469	80.707	150.723
404.581	166.289	80.769	150.648
405.569	166.350	79.593	150.320
405.201	167.119	80.014	149.703
405.248	167.317	80.247	149.757
405.248	166.098	80.858	151.077
404.994	166.246	81.801	150.565
404.477	167.274	82.048	149.804
404.753	166.169	82.185	150.951
404.547	167.333	82.439	149.736
404.477	167.513	82.333	150.473
404.771	167.076	81.962	150.179
404.577	167.724	82.424	149.280
404.849	167.189	81.945	150.051
404.774	167.794	82.466	148.851
404.755	167.554	82.738	149.177
404.823	166.325	82.608	150.584
