295.000	14.000	50.000	32.000
260.329	10.830	45.876	39.495
234.204	23.628	37.332	41.278
223.317	37.528	35.283	49.089
227.170	46.655	38.958	41.987
236.910	47.845	34.926	38.752
255.886	34.520	46.237	49.193
292.637	16.668	44.782	45.794
332.054	12.782	48.851	36.064
355.991	15.566	55.542	30.289
391.224	17.411	53.591	34.632
417.091	26.141	52.553	37.286
435.705	32.940	51.201	49.712
445.846	32.111	43.477	42.417
453.662	31.322	48.433	43.510
460.079	29.157	50.624	39.518
461.573	26.014	54.687	40.395
455.325	25.285	59.402	35.684
450.830	23.846	55.792	35.354
431.748	28.057	53.260	33.373
416.339	35.869	47.128	33.556
394.286	43.085	42.235	45.275
392.776	66.340	37.732	50.096
394.514	72.524	41.010	52.759
397.841	78.135	42.133	53.300
402.183	64.640	41.791	52.441
430.815	57.936	46.350	48.737
452.980	41.848	47.675	51.687
478.503	43.610	57.543	48.275
491.996	47.133	59.981	42.215
501.158	65.734	69.831	48.228
549.627	65.470	51.248	46.135
560.423	68.682	51.272	44.006
562.493	63.373	51.242	52.878
553.875	54.017	53.497	48.457
538.246	49.100	53.661	44.713
512.517	47.449	61.014	40.420
482.378	53.751	68.237	38.066
456.047	59.927	57.331	41.988
420.782	74.779	58.492	44.941
408.028	94.362	45.632	45.917
390.323	110.116	43.573	50.320
386.027	111.668	45.259	46.375
386.216	112.702	46.805	46.377
386.583	102.775	51.341	47.443
413.213	90.858	54.422	54.109
455.911	74.287	59.346	48.329
497.999	69.817	58.483	54.699
535.961	73.013	66.833	42.961
576.401	71.409	54.599	67.093
577.668	96.403	52.604	50.725
577.841	102.933	52.352	52.458
576.129	101.141	53.438	52.077
573.767	90.095	52.635	54.568
568.892	88.208	55.845	50.116
563.601	89.272	62.837	47.514
561.918	93.881	63.311	57.158
563.166	109.850	61.022	51.024
569.963	110.323	54.955	58.995
570.681	112.128	56.345	67.926
568.803	129.183	54.548	64.384
561.214	130.096	55.980	70.840
556.588	132.332	54.993	70.911
559.478	148.554	49.895	67.900
548.306	184.140	64.001	63.495
538.155	197.123	72.314	77.044
545.985	212.156	71.904	80.883
540.369	250.720	72.524	62.835
538.588	249.386	75.256	71.058
543.371	278.429	72.633	70.037
542.034	283.571	73.623	76.263
544.522	271.182	65.189	77.382
546.150	248.451	63.571	78.976
544.332	219.615	68.479	77.537
551.787	182.595	68.047	75.703
554.427	160.820	62.075	70.313
557.600	149.151	59.552	62.974
556.572	128.469	57.546	76.301
560.151	111.102	56.678	65.129
563.940	108.357	56.866	62.171
562.326	104.369	60.366	65.468
562.953	102.804	63.051	71.904
561.363	118.056	61.456	67.620
557.872	121.562	63.955	63.901
556.645	124.670	65.315	58.692
557.354	116.748	66.803	66.347
553.082	112.377	69.621	69.993
552.684	122.488	65.066	72.523
550.105	132.483	69.985	72.027
548.487	135.107	69.048	68.204
551.304	146.432	70.179	62.626
549.877	148.968	67.968	67.891
541.474	148.299	74.102	70.114
543.896	146.668	71.108	75.970
533.362	129.395	81.580	89.219
546.721	165.455	83.316	89.608
522.276	177.668	102.165	73.446
519.821	169.614	96.813	78.935
536.594	131.867	88.350	100.596
549.899	98.771	63.308	81.639
558.280	87.197	61.727	71.264
559.401	68.511	62.961	62.375
562.135	44.684	55.884	64.830
560.951	33.330	57.295	66.353
558.101	31.418	60.229	66.661
559.746	35.989	57.932	59.774
567.162	41.263	55.328	65.948
564.444	55.667	60.276	82.617
562.012	53.609	62.664	90.855
561.492	52.306	61.308	75.326
560.215	64.126	59.028	69.003
557.411	70.102	56.388	66.895
555.199	73.160	55.695	65.737
553.531	73.200	53.413	68.663
554.316	75.954	52.681	65.393
555.427	82.989	56.345	68.300
556.534	89.917	57.881	71.468
562.332	100.549	55.618	70.163
559.018	110.490	59.677	87.834
568.173	111.517	56.688	72.979
572.932	109.306	56.076	68.997
573.862	107.743	54.749	69.551
573.265	109.650	54.261	70.518
570.338	110.495	56.572	69.887
565.709	105.685	60.599	74.856
560.837	94.864	60.103	82.097
552.110	94.282	62.970	80.310
539.700	97.432	68.411	79.121
546.374	85.228	64.875	85.890
540.597	91.832	68.874	83.203
536.818	98.492	79.980	79.722
535.162	99.690	90.147	79.418
540.898	104.611	84.970	82.309
532.621	109.739	83.056	92.682
557.230	110.748	63.443	96.125
557.461	119.115	57.665	93.500
556.552	126.261	58.986	85.532
550.861	132.237	62.436	85.817
544.013	141.614	63.555	80.670
531.399	156.417	58.816	71.656
522.435	168.356	56.419	65.268
506.101	175.164	58.210	68.771
488.721	173.352	61.974	80.326
468.304	179.896	62.898	83.903
452.786	194.285	63.456	80.972
436.254	205.289	67.609	77.505
432.337	209.679	67.265	80.436
430.397	216.831	68.468	80.301
428.311	227.668	72.232	76.273
429.378	236.152	71.999	74.986
426.384	243.162	72.994	74.379
425.353	246.007	73.375	74.643
423.987	249.569	75.323	73.232
421.319	253.210	76.985	72.744
416.136	257.506	79.088	73.578
403.386	263.196	79.215	71.419
387.801	266.056	79.008	71.381
358.307	270.467	80.876	66.695
338.083	270.973	81.843	63.778
321.285	269.963	80.347	63.955
310.565	270.194	74.785	63.228
302.013	270.384	68.731	62.156
286.852	273.150	69.587	60.731
272.331	270.458	64.112	64.797
257.838	266.253	64.376	65.041
248.927	263.400	65.553	64.431
249.109	259.836	69.645	67.123
256.862	259.372	68.083	66.758
265.496	267.680	74.080	60.293
269.161	271.111	72.956	58.181
262.665	273.956	75.536	54.534
255.376	272.818	76.092	55.554
235.933	268.174	72.644	60.815
211.329	264.478	65.269	63.223
195.196	263.726	63.093	64.686
182.300	265.112	67.088	61.993
177.528	265.542	62.326	60.663
171.741	264.374	64.675	61.658
168.149	252.800	67.012	65.383
158.169	256.561	71.460	55.350
150.207	247.313	67.922	64.515
152.834	250.197	75.603	58.977
167.197	250.864	70.611	56.113
174.139	254.237	71.549	55.422
180.240	257.348	69.984	53.898
178.147	251.863	72.356	59.536
183.516	248.613	66.662	59.812
185.968	247.185	73.289	57.134
200.338	241.470	76.951	62.665
216.113	243.875	80.986	60.267
236.845	240.653	74.264	61.631
241.590	237.450	76.892	62.304
242.610	235.911	78.890	60.313
244.270	234.523	77.953	59.383
251.773	236.766	73.813	55.307
254.914	237.965	76.146	57.655
263.257	240.290	71.152	60.413
267.839	242.689	68.575	59.785
270.817	241.036	70.299	61.055
270.640	240.578	74.702	64.784
277.785	237.834	72.342	64.570
282.778	232.770	70.370	64.121
283.954	228.403	70.100	63.576
286.088	224.111	72.960	62.668
295.069	224.392	75.315	60.632
303.611	224.344	76.674	60.944
314.175	225.589	78.481	62.125
321.904	225.332	73.668	61.989
326.250	222.353	72.574	63.847
334.237	222.819	71.141	62.049
337.985	221.779	72.016	62.253
332.828	218.166	75.720	64.813
326.005	216.547	78.036	63.638
327.985	214.054	74.439	67.119
326.660	213.264	74.980	66.526
323.368	211.141	76.055	63.703
317.947	209.427	79.557	63.221
312.833	203.863	70.942	65.334
300.583	200.283	72.663	65.011
288.656	197.283	75.800	66.009
283.738	195.536	73.318	62.981
280.421	193.698	68.623	61.623
277.760	192.976	70.276	61.971
275.810	195.835	70.333	63.081
269.104	201.234	69.250	61.373
258.650	208.271	68.937	64.454
250.503	216.318	68.713	64.158
243.218	226.517	73.397	66.647
235.864	233.616	70.920	67.875
229.808	240.208	69.672	64.849
223.311	239.180	65.798	63.882
213.799	238.269	69.505	63.460
206.707	237.265	70.919	63.927
201.588	237.142	69.558	61.721
194.994	233.347	69.398	64.696
189.146	231.034	67.096	61.736
185.093	228.943	62.680	60.717
182.274	231.742	62.703	57.351
175.828	232.751	63.679	59.608
160.936	234.862	63.457	58.605
141.315	230.199	63.040	58.376
126.780	224.240	63.821	60.928
103.798	219.650	63.875	59.100
82.506	213.052	65.159	62.140
65.686	202.320	65.514	70.325
59.925	190.464	64.342	74.315
60.055	181.519	65.040	75.410
65.437	176.630	65.398	71.629
71.952	167.051	71.900	66.820
90.672	159.769	77.513	63.915
111.795	154.459	76.135	65.503
133.963	149.456	66.056	72.279
155.604	145.923	71.941	71.556
169.018	144.403	71.226	69.939
185.636	140.557	61.997	70.610
192.107	132.199	64.335	74.640
202.129	129.147	67.874	72.528
223.765	124.517	65.689	66.010
248.324	121.629	56.546	65.917
262.812	125.476	51.468	73.247
264.466	148.727	54.612	71.933
261.702	162.726	58.730	69.372
260.346	173.537	59.534	73.078
257.232	179.969	61.405	72.823
254.359	189.010	61.027	69.343
250.934	195.830	61.942	63.972
246.789	201.382	61.836	61.665
259.832	207.026	52.159	59.495
262.581	204.426	52.941	68.023
266.159	207.157	57.248	64.848
272.674	205.013	60.386	67.435
278.846	204.634	64.061	66.219
285.771	203.613	64.944	66.197
290.258	202.326	65.634	61.085
295.829	201.320	66.015	59.521
300.549	201.642	64.948	59.165
305.982	199.734	64.124	61.004
304.451	200.023	69.058	57.228
307.057	198.732	65.419	63.107
311.340	200.602	64.034	59.026
306.590	198.827	63.502	65.333
307.443	197.468	61.596	65.253
307.517	196.484	62.953	67.502
307.375	198.487	65.634	64.815
305.980	199.717	65.599	63.971
306.838	201.793	66.286	63.343
307.519	201.976	66.472	63.195
308.519	202.107	68.545	63.612
309.873	202.932	68.514	61.260
311.040	202.490	65.657	61.785
311.504	203.019	66.406	60.420
310.626	202.281	67.143	59.459
311.282	203.282	66.739	60.041
311.521	204.123	66.757	58.509
307.241	205.011	69.029	58.554
305.710	205.832	67.436	59.438
304.135	205.528	67.171	60.550
302.782	204.431	65.307	61.472
303.601	205.614	63.053	61.117
304.179	205.762	63.108	59.899
304.520	206.924	63.964	58.233
304.559	205.475	64.165	60.101
303.907	205.425	63.874	61.058
305.362	205.584	63.185	59.695
303.746	205.698	64.318	58.919
304.309	206.701	64.608	59.158
305.019	206.016	63.836	59.645
305.097	205.921	63.155	59.896
303.600	205.636	65.158	58.981
304.977	205.739	64.175	59.082
303.430	206.038	65.533	58.617
304.124	205.582	64.337	59.895
303.907	206.571	64.587	58.748
303.754	204.908	64.766	59.946
304.054	204.710	64.102	60.189
304.054	205.831	63.938	59.989
304.140	205.394	64.446	59.730
303.688	205.800	63.613	59.285
305.409	206.162	63.541	60.237
303.021	205.443	64.090	59.727
304.426	205.893	63.392	59.861
304.894	205.921	63.396	58.634
303.823	205.877	64.061	58.847
304.105	205.698	62.906	59.972
303.768	204.883	63.307	60.236
303.645	205.015	64.338	60.238
303.581	205.243	63.472	59.656
305.170	205.481	62.068	59.257
303.456	205.468	64.056	59.258
304.643	205.077	62.497	60.497
304.105	205.449	62.939	60.063
304.230	204.883	62.332	60.041
303.258	204.633	64.303	58.915
304.602	204.881	63.124	58.818
305.893	204.005	62.963	58.889
306.148	204.093	63.421	58.593
305.516	202.244	65.967	60.907
307.104	200.695	65.242	61.630
307.346	198.668	66.069	62.155
306.452	197.247	66.501	61.960
304.356	196.480	69.825	60.130
306.807	197.159	68.074	57.729
305.766	196.193	69.088	57.464
310.640	196.780	65.866	56.900
313.764	196.600	63.758	56.177
315.071	194.781	63.593	57.796
314.413	194.652	64.035	56.580
314.046	194.316	65.527	55.381
313.295	194.998	64.269	55.085
313.322	194.408	64.383	55.646
313.486	195.058	63.649	55.888
309.791	194.821	66.540	56.140
313.070	195.078	63.817	55.448
310.756	195.205	65.240	54.409
312.372	195.436	64.249	54.632
310.166	195.083	65.801	55.188
312.847	196.220	62.589	53.330
312.214	195.715	65.129	54.469
312.465	196.592	64.034	53.228
315.220	197.394	62.038	52.885
316.101	195.873	61.091	54.154
317.139	198.435	60.457	52.383
318.103	197.225	60.852	53.344
319.509	197.447	60.755	53.808
320.135	199.741	61.452	55.059
320.040	202.292	60.055	53.863
322.696	202.894	58.212	57.231
322.824	205.225	59.139	59.013
322.787	209.083	58.095	60.321
319.704	215.516	57.658	63.260
316.214	223.492	57.276	62.906
316.496	228.440	55.583	63.782
317.180	231.782	54.970	66.239
322.385	237.520	56.156	63.977
330.358	243.554	57.140	64.488
339.782	245.661	52.362	66.553
346.977	251.774	49.200	63.658
350.309	251.542	51.260	66.556
351.163	255.897	49.605	67.043
351.454	259.663	50.866	69.987
353.091	259.300	50.565	68.181
356.485	259.686	52.724	66.122
362.018	259.398	52.597	67.418
371.974	261.866	51.524	66.824
384.966	264.012	51.665	64.130
392.710	262.885	51.618	64.393
396.749	266.945	53.337	62.072
407.942	269.361	54.015	61.832
423.473	282.131	57.952	58.985
441.027	280.245	49.433	64.604
441.718	264.372	61.144	66.896
461.660	289.483	68.706	80.486
472.930	287.411	67.883	77.344
492.522	295.433	69.895	69.168
498.672	293.739	74.898	75.330
505.268	305.956	74.019	68.246
514.280	301.177	78.327	70.598
543.436	293.821	59.603	82.773
543.101	285.452	62.348	87.816
533.345	281.768	58.230	86.923
521.088	289.466	55.273	81.584
516.166	299.329	51.749	70.842
513.933	297.198	52.825	70.877
514.184	301.140	48.632	73.771
507.363	304.880	54.695	68.476
493.682	309.943	47.705	67.824
489.028	312.770	49.912	70.040
480.759	311.937	49.039	71.429
474.848	307.298	49.934	72.913
462.989	307.700	56.784	74.544
452.313	313.426	59.833	68.887
449.811	310.430	51.271	70.720
425.900	304.205	64.733	69.971
417.267	299.081	66.440	73.427
368.761	284.385	84.804	72.787
369.803	275.234	84.163	86.328
374.801	286.037	84.354	71.761
379.545	288.837	68.344	62.021
392.992	285.260	57.394	69.035
396.043	288.936	53.160	74.438
381.241	291.120	61.096	61.823
360.406	288.521	76.020	66.263
358.598	295.904	80.782	66.799
358.059	288.511	75.077	76.644
344.195	286.446	88.907	76.531
332.993	291.155	95.906	70.433
359.422	291.900	77.069	69.651
361.851	292.297	76.405	66.843
363.877	294.023	69.372	69.347
352.653	298.154	71.166	72.768
348.473	297.328	72.273	72.801
334.705	300.641	72.570	66.205
303.039	308.352	81.018	65.919
285.551	310.686	70.432	67.803
274.416	313.361	58.139	71.090
266.312	312.351	64.026	69.920
264.914	303.081	75.606	71.817
268.646	297.128	93.423	74.986
278.939	289.313	70.611	78.216
287.366	296.840	55.183	66.545
287.217	303.013	59.466	59.210
