515.000	90.000	21.000	42.000
516.166	89.529	20.016	43.360
515.699	89.396	18.878	44.166
513.566	90.315	20.423	42.416
512.020	90.275	19.846	43.378
510.108	90.250	20.416	43.684
509.088	90.142	19.712	43.389
507.866	91.394	19.661	42.038
506.480	91.830	19.979	41.830
504.999	91.061	21.034	43.114
503.413	91.903	21.988	42.076
502.021	91.351	22.283	42.842
503.041	92.060	21.295	42.611
500.187	92.240	22.820	42.400
499.286	91.890	21.831	43.949
498.614	91.651	21.843	42.290
498.554	92.601	21.067	42.870
496.830	91.946	22.311	42.835
497.260	92.510	21.392	42.473
496.654	92.329	22.266	42.996
497.297	92.252	20.964	44.532
496.760	93.431	21.149	43.439
496.374	92.937	21.076	43.890
495.311	93.435	21.963	43.612
495.390	93.529	21.426	43.904
495.577	93.525	21.555	43.472
494.985	94.291	22.508	43.872
495.512	93.288	21.525	44.637
496.962	93.458	20.100	44.676
496.450	93.415	21.504	44.677
496.307	94.569	20.908	45.509
495.260	94.584	22.153	46.534
495.417	94.043	21.462	46.999
495.933	94.326	20.555	46.029
493.951	96.069	22.183	44.237
493.401	96.081	21.884	45.423
492.376	96.189	21.405	44.988
491.009	95.679	21.489	44.577
491.060	96.042	20.131	45.383
488.767	97.112	21.307	44.492
486.418	96.964	21.813	44.592
484.519	96.742	21.351	44.616
483.286	97.367	20.064	44.945
481.875	97.827	19.978	44.850
479.805	98.595	20.973	43.726
477.982	97.821	21.420	45.089
476.526	98.169	20.954	45.089
474.560	97.695	20.255	45.996
472.129	98.622	21.678	45.708
469.102	97.745	23.082	46.031
467.475	98.185	21.882	45.395
465.727	98.064	20.782	46.034
463.475	98.102	21.666	46.775
462.500	97.852	21.346	47.546
460.710	99.469	20.951	45.601
459.378	99.284	19.920	46.153
455.610	99.913	21.434	45.230
451.851	100.373	22.940	44.896
447.919	100.837	24.502	44.132
445.092	101.355	24.460	43.924
442.308	100.540	23.699	44.581
441.757	101.286	22.576	43.742
440.491	101.683	21.935	45.745
438.574	101.636	21.629	45.363
436.907	101.824	20.614	46.671
433.669	100.380	21.624	47.079
433.435	102.146	20.797	47.856
431.259	103.104	22.648	46.892
430.331	101.181	22.711	48.723
426.300	102.464	21.062	45.053
422.648	101.170	21.699	44.387
419.471	101.478	21.498	44.393
417.526	101.100	20.627	44.940
416.452	100.789	21.094	45.365
415.094	101.703	20.495	49.281
412.472	100.663	21.455	48.359
410.546	102.228	21.334	48.912
408.668	104.458	21.681	47.116
405.950	103.960	21.629	47.687
403.696	103.019	21.760	48.595
401.227	102.184	23.353	48.771
356.827	131.048	25.603	59.917
353.181	133.235	25.895	59.829
347.115	135.193	27.530	60.697
342.025	136.134	28.902	61.836
338.434	137.841	27.702	61.949
332.762	140.349	28.595	60.223
330.117	142.833	28.779	59.092
323.878	142.923	32.303	61.671
320.729	144.653	30.522	62.701
316.532	145.098	29.458	68.137
311.786	146.698	29.284	66.055
306.596	148.435	29.786	69.202
301.912	149.142	31.003	73.633
298.707	153.686	31.702	69.436
294.692	155.027	31.431	72.063
290.724	157.180	30.494	75.580
286.066	154.912	30.756	81.165
281.795	158.805	31.296	80.529
276.555	161.193	33.298	81.186
271.721	162.368	33.150	81.708
266.673	167.136	33.406	83.937
262.470	170.442	32.775	80.527
258.867	170.562	30.860	78.243
254.916	172.414	31.719	89.403
249.341	177.096	32.372	82.526
243.988	177.300	34.974	83.435
240.543	178.450	34.903	89.201
236.533	181.627	34.522	84.418
232.798	183.747	32.559	79.367
229.207	183.019	31.940	82.499
222.294	185.043	34.521	88.056
217.394	188.351	35.139	91.036
211.589	190.042	38.159	94.538
207.534	192.403	36.560	93.622
202.595	194.632	36.696	96.825
196.851	197.201	37.913	91.085
191.104	201.863	38.439	88.169
185.473	202.769	39.752	94.130
179.925	205.444	40.611	93.322
174.890	207.322	41.975	95.265
169.031	210.557	43.803	95.022
161.966	213.461	44.257	95.307
155.807	216.153	43.171	97.544
147.015	220.244	45.193	98.961
139.814	223.732	46.136	99.527
129.400	227.291	46.822	104.011
120.136	232.094	48.299	110.205
109.442	235.696	49.613	109.942
99.282	239.601	52.584	113.931
89.654	240.680	53.807	119.012
76.818	245.828	56.088	122.190
66.876	248.421	57.048	121.233
55.409	253.549	58.231	120.070
39.300	258.756	59.332	121.166
28.760	263.260	56.967	123.581
16.526	268.634	54.245	127.688
4.313	273.403	53.960	126.928
0.000	280.179	46.402	123.960
0.257	290.502	33.757	110.616
0.000	298.616	26.365	105.316
1.497	297.401	29.045	104.989
5.135	276.360	31.294	111.495
1.542	285.718	24.820	112.027
4.072	284.105	29.633	108.958
3.677	274.968	32.496	108.558
1.520	280.414	23.410	106.522
3.626	285.051	27.529	106.327
0.936	282.352	33.671	104.094
0.829	284.922	35.118	106.124
2.590	289.878	35.226	107.460
1.157	283.257	35.105	106.006
2.811	290.608	33.483	105.221
1.128	283.217	33.616	111.696
1.191	293.888	34.396	102.916
2.306	288.019	31.766	109.148
0.798	291.570	34.725	101.978
0.037	286.508	33.718	108.767
2.907	286.765	31.212	105.524
2.371	287.883	22.147	99.827
0.526	284.319	25.103	104.343
5.844	286.873	26.401	103.383
0.000	286.790	29.647	107.787
0.000	285.042	28.224	100.492
0.625	288.401	27.846	104.157
0.000	288.195	36.143	102.567
137.575	269.013	24.252	94.953
105.763	271.006	55.582	107.300
95.601	269.429	59.632	128.180
84.022	272.319	59.289	123.148
71.223	277.194	62.098	124.605
62.458	279.369	62.590	130.271
46.983	285.812	63.857	130.491
37.624	289.842	60.886	131.697
26.171	293.796	61.955	132.272
15.068	298.166	59.902	133.208
4.931	302.828	57.648	133.880
1.427	308.342	49.696	134.407
0.137	311.246	39.122	135.138
0.000	323.135	31.381	120.704
0.000	333.560	23.358	106.813
2.151	318.023	25.355	102.108
1.252	287.171	23.086	105.671
2.573	283.954	23.986	100.886
3.734	277.670	25.492	108.964
2.870	260.492	31.070	111.720
3.186	290.078	25.508	113.321
3.622	272.057	29.731	109.685
3.532	266.867	19.669	108.420
2.378	261.722	26.215	108.121
3.260	246.032	28.295	115.380
3.449	249.369	32.947	123.523
3.427	260.386	24.449	128.556
2.683	258.644	35.680	119.368
5.132	259.708	25.201	118.920
4.259	242.771	35.835	123.187
3.048	263.892	21.931	128.462
3.187	276.143	33.729	118.462
3.264	277.593	25.498	108.611
2.840	265.695	24.128	116.244
2.968	248.377	35.016	110.047
3.265	264.869	21.728	116.526
3.420	274.742	30.575	105.151
4.695	265.183	23.944	106.490
2.787	264.094	20.316	105.563
3.359	262.532	26.742	102.082
2.994	245.226	21.007	114.606
3.291	263.267	30.954	107.364
3.537	269.552	20.140	108.741
3.675	280.046	27.485	105.292
3.405	281.153	19.331	106.030
2.448	279.472	26.799	96.556
2.029	263.777	17.723	102.831
2.100	270.440	26.776	98.782
2.294	258.391	25.664	105.640
3.662	263.647	26.291	108.607
3.842	287.256	20.982	106.265
3.625	279.623	24.445	99.997
2.500	268.489	18.301	101.572
3.449	261.056	25.112	102.902
3.566	269.006	22.354	110.126
2.716	266.354	27.488	97.483
3.350	257.659	20.122	104.125
3.788	259.851	29.153	104.459
4.077	261.701	22.624	118.436
4.549	274.218	34.113	112.367
4.778	278.119	20.350	125.351
2.245	269.566	32.486	108.940
3.790	261.785	23.867	118.816
4.348	274.871	32.944	110.883
2.761	273.930	19.941	118.357
1.723	274.286	27.483	111.665
1.813	260.236	28.730	114.954
4.007	269.781	32.928	126.372
4.266	266.836	24.375	124.771
4.247	290.626	30.577	110.273
2.248	269.594	22.426	111.734
2.967	287.451	26.808	96.713
3.385	280.873	18.223	99.783
4.413	290.170	23.704	87.988
0.684	277.209	17.951	109.261
1.816	277.327	27.737	97.478
2.625	289.793	19.902	98.896
2.534	291.335	23.780	91.313
0.994	284.240	24.431	109.286
3.012	287.047	25.602	93.315
3.277	277.893	17.164	104.851
4.257	285.292	25.805	89.077
2.686	276.025	17.224	98.978
3.627	292.909	23.080	83.423
0.619	286.582	18.044	95.797
2.401	282.944	22.033	99.307
3.773	281.771	23.949	93.719
2.943	286.597	17.324	90.914
2.690	288.229	25.224	87.887
3.219	271.887	16.604	106.133
3.406	288.591	24.096	95.371
2.341	279.459	16.960	97.818
2.677	280.881	25.115	93.895
0.553	284.005	26.049	101.188
2.310	275.892	23.998	96.378
2.862	266.631	21.088	99.703
4.308	277.111	22.909	94.083
2.073	263.015	15.205	103.964
2.258	277.506	24.470	95.342
2.788	274.903	17.534	97.950
2.730	266.522	22.712	95.689
3.930	264.968	25.739	101.097
3.693	263.579	17.093	117.292
3.767	283.963	26.848	102.714
2.472	282.681	17.065	104.134
3.355	271.287	26.093	92.991
4.327	263.417	17.391	97.076
3.787	263.147	22.567	92.966
2.990	268.836	15.636	99.402
3.683	273.175	23.902	98.913
2.816	260.995	17.791	106.045
3.292	278.100	24.088	108.866
5.065	283.209	27.281	106.259
4.645	285.001	25.811	114.226
2.859	284.049	24.212	104.711
2.025	269.912	21.650	107.485
3.055	265.213	28.597	101.091
3.646	274.972	19.172	105.335
3.830	290.847	25.529	99.004
2.488	298.758	27.565	95.171
0.000	287.956	25.123	109.159
1.178	282.991	26.036	100.616
4.246	288.196	28.230	101.057
3.535	274.083	17.883	101.487
3.957	281.005	23.065	102.349
0.707	290.809	27.487	102.075
2.102	306.982	28.759	94.671
0.265	293.579	26.471	102.379
2.526	301.821	26.489	102.128
2.734	293.937	28.273	104.069
0.000	288.649	26.583	110.420
4.197	301.103	25.838	104.662
1.771	288.300	27.631	108.000
2.629	291.685	29.136	104.713
0.000	294.403	29.592	100.343
3.394	306.725	28.579	98.875
6.376	297.401	25.820	107.920
3.214	281.090	19.229	108.160
3.911	278.995	26.451	101.781
3.317	292.154	17.082	102.866
2.550	297.357	23.922	102.339
3.081	277.030	24.199	97.627
3.221	284.112	18.015	96.451
4.050	290.859	25.138	90.411
3.254	272.471	17.086	99.285
5.290	297.072	21.154	98.417
2.989	294.309	23.246	102.901
3.909	284.884	24.748	103.993
1.570	286.884	27.573	110.133
3.127	272.279	24.757	118.465
3.844	294.503	28.239	106.599
0.000	287.219	30.470	103.956
3.127	287.942	27.572	109.767
2.564	293.059	28.836	105.385
0.000	299.371	29.223	99.952
3.396	292.877	28.913	94.879
3.968	280.441	17.152	107.098
4.686	301.150	24.144	106.272
3.347	290.626	19.425	99.942
2.583	266.588	25.426	102.717
3.651	249.358	27.970	109.072
3.728	244.551	25.846	115.580
2.573	255.075	29.231	118.840
1.881	273.047	27.395	120.739
2.018	285.021	34.453	106.779
3.181	294.236	20.791	102.810
2.938	295.320	29.231	98.591
1.941	295.421	18.237	104.201
1.281	279.734	26.136	100.085
2.129	268.509	27.113	106.377
3.389	289.891	28.962	111.007
2.178	288.756	25.615	104.921
2.300	295.947	24.995	107.290
2.174	303.686	25.078	97.736
0.378	305.657	30.141	99.123
1.317	299.213	22.321	99.765
2.660	308.684	25.742	92.943
0.000	304.297	17.774	93.184
0.000	294.721	24.318	89.602
3.382	284.250	28.909	92.120
2.866	297.895	27.069	105.345
0.183	269.371	26.580	98.826
3.119	280.237	26.836	96.591
3.101	286.981	19.144	101.653
2.404	292.414	26.974	86.607
2.478	302.195	16.831	90.438
1.836	299.084	24.925	81.367
0.000	295.921	25.398	91.587
1.694	281.816	22.908	89.837
1.548	273.835	20.822	88.283
2.665	267.181	25.719	91.482
2.789	248.988	30.802	109.661
147.775	252.753	15.130	107.746
139.842	219.021	33.556	90.247
138.095	220.274	30.566	89.739
137.759	223.114	29.077	87.379
138.644	220.829	27.928	89.730
135.650	226.732	30.521	86.748
133.684	222.003	34.264	85.159
126.146	227.590	34.079	88.101
124.824	231.120	35.489	83.759
123.577	231.673	34.739	83.842
121.895	228.859	34.491	89.075
119.251	235.000	43.812	85.986
107.329	229.288	40.577	92.165
116.624	228.891	31.491	95.702
105.574	231.177	37.261	94.187
111.093	231.249	34.921	91.769
97.517	237.323	41.095	87.763
82.803	234.587	35.131	91.743
78.761	238.326	39.419	88.318
76.370	236.506	37.658	92.901
99.332	235.305	36.488	95.348
91.591	240.889	38.519	90.082
96.286	234.703	32.190	92.366
88.910	242.437	36.371	85.287
93.615	242.873	30.968	94.103
90.396	237.728	33.806	96.593
90.300	241.326	33.576	95.469
88.757	240.927	34.532	98.830
84.158	247.724	35.821	92.494
85.551	250.907	32.894	90.277
79.941	242.932	32.535	96.791
74.593	249.834	33.756	89.638
74.015	243.395	33.358	104.164
74.495	250.166	31.235	97.935
71.850	260.307	27.099	95.413
68.585	247.182	35.206	99.950
66.240	268.587	36.286	79.251
67.060	250.460	36.578	94.949
65.474	258.438	48.603	93.354
54.109	250.870	41.443	102.481
54.895	252.695	33.337	100.511
46.172	253.809	36.122	103.116
49.928	260.117	32.011	96.674
49.171	263.195	30.569	95.825
42.947	255.968	35.511	105.612
21.702	256.998	45.502	96.612
41.106	261.900	33.946	99.349
