261.000	122.000	20.000	40.000
266.175	121.532	21.809	39.136
269.014	121.415	22.615	38.998
271.322	122.229	23.904	38.658
272.469	121.543	27.305	38.338
281.791	121.102	22.392	39.382
285.973	120.257	21.222	41.022
291.783	120.141	18.397	42.134
294.541	120.786	21.479	41.681
300.749	125.987	22.508	36.151
304.692	119.582	21.439	40.981
307.275	118.763	22.140	44.979
310.382	120.255	22.322	43.860
313.801	119.975	23.880	41.829
318.084	118.827	22.802	41.841
322.415	118.973	21.557	41.698
327.300	118.472	19.310	42.070
331.368	118.171	20.531	41.583
336.261	118.777	21.889	41.628
339.931	117.132	23.801	40.089
343.285	117.312	21.463	40.954
346.018	118.114	23.392	39.182
348.541	118.385	25.732	39.842
353.784	117.168	24.719	42.082
355.678	119.247	23.401	41.339
362.764	118.028	20.584	39.384
364.960	122.702	23.313	37.988
369.004	125.518	25.262	36.320
374.402	127.747	25.827	33.487
370.451	117.706	26.340	37.606
381.333	113.889	21.003	41.279
383.717	116.867	22.251	40.045
389.490	116.507	21.682	40.210
392.696	114.815	20.905	40.023
394.948	111.767	20.420	38.990
397.369	112.252	20.209	37.213
403.125	113.682	17.598	36.314
407.713	114.131	17.468	35.272
371.503	108.798	22.732	27.681
332.015	115.195	19.943	33.010
299.039	116.377	21.933	32.670
296.866	118.296	32.938	40.689
248.738	110.719	22.597	42.364
252.002	107.694	21.590	38.274
259.813	113.938	21.577	43.780
261.507	118.580	20.595	42.624
263.402	108.203	30.512	51.936
211.317	135.424	30.556	39.809
221.417	113.109	26.326	35.460
221.382	106.434	26.637	33.650
229.821	104.494	23.197	30.387
234.435	108.733	19.601	25.575
231.586	109.265	21.746	26.367
227.706	108.240	19.628	26.838
221.985	109.446	19.689	29.246
218.541	109.313	21.051	29.788
213.121	111.392	23.348	28.417
210.201	116.773	26.691	33.365
212.226	113.652	32.969	43.310
197.376	121.980	36.435	48.016
186.422	120.230	31.605	45.793
175.306	113.123	32.166	40.275
185.223	124.102	31.757	45.119
166.069	116.156	28.887	37.668
194.223	128.516	24.811	39.352
193.350	125.163	25.404	37.746
182.860	115.875	24.859	36.767
187.052	112.556	26.528	37.331
185.153	118.966	27.312	41.996
173.446	119.059	26.415	42.396
196.110	125.349	24.223	38.542
193.661	127.998	24.589	35.610
187.794	122.903	27.988	39.131
191.565	128.829	25.663	38.704
195.766	130.839	23.095	34.934
192.747	128.452	24.022	35.779
193.793	128.956	23.271	37.716
183.416	122.117	30.890	38.342
177.604	119.563	32.676	45.804
186.512	116.842	33.327	45.720
180.813	122.693	32.986	42.917
171.941	118.319	38.186	44.392
171.936	113.133	29.704	42.804
171.947	114.288	23.049	37.508
172.245	118.110	25.597	30.090
169.234	115.020	21.968	30.272
178.497	125.286	25.422	37.067
192.238	122.968	15.704	34.239
166.530	122.383	26.039	32.425
186.191	119.261	24.965	40.296
181.307	120.413	29.893	42.415
165.622	115.980	24.238	35.591
175.360	124.947	29.600	36.496
182.631	121.947	30.643	39.604
175.697	118.425	36.827	38.093
186.529	113.419	29.575	43.662
183.401	117.090	30.288	43.790
186.782	119.916	29.032	42.391
181.560	118.936	30.438	43.907
184.739	122.693	30.130	44.276
