425.000	62.000	116.000	77.000
426.041	59.472	112.712	80.735
424.501	58.411	112.402	81.235
423.467	56.749	111.635	81.886
422.961	55.670	111.176	82.870
420.987	54.040	112.867	84.148
421.118	53.625	112.210	84.379
421.147	53.301	111.842	85.452
421.029	53.295	112.168	87.429
421.020	53.745	112.134	88.820
420.685	55.143	112.522	91.094
421.080	56.679	112.965	91.811
421.449	57.890	113.360	92.751
422.289	58.504	113.955	93.299
422.393	59.179	115.445	93.970
423.178	60.989	115.783	93.628
424.576	61.891	115.786	93.489
425.870	62.136	115.451	93.775
427.380	62.280	115.421	93.823
427.950	62.534	116.412	93.988
429.079	62.983	116.646	93.969
429.736	63.180	117.314	94.202
429.655	63.377	117.869	93.956
429.959	63.318	118.447	94.266
430.438	63.050	119.511	94.373
431.046	62.380	119.776	94.605
432.475	62.085	118.000	94.358
433.017	61.702	116.401	93.659
434.600	59.587	115.209	94.385
434.609	57.133	115.589	94.548
435.486	55.738	114.387	93.621
434.432	50.608	114.597	93.350
433.602	48.793	113.144	91.845
431.430	47.415	113.157	91.934
429.538	47.607	115.217	92.250
426.682	52.975	117.239	95.986
425.029	57.441	118.193	98.060
424.635	61.644	116.479	98.488
424.015	63.857	116.670	98.403
424.540	66.856	116.775	96.671
425.212	67.963	116.509	96.019
426.002	69.055	115.886	95.020
426.219	69.354	115.757	94.464
427.250	69.807	114.647	93.674
427.631	69.632	114.858	92.790
429.673	68.711	114.684	92.577
430.210	67.634	115.427	92.759
431.495	66.832	115.236	92.570
432.309	66.211	115.954	92.885
432.781	66.014	116.649	93.637
433.336	66.016	116.840	94.033
432.067	66.525	117.625	93.938
430.479	68.592	118.693	91.249
429.348	68.691	118.540	91.266
428.584	68.720	118.461	92.070
428.060	68.476	118.863	91.953
427.536	68.303	118.867	91.914
426.408	67.943	118.803	92.013
424.872	67.592	119.026	92.018
423.705	67.541	118.596	91.668
421.991	67.384	118.829	92.783
420.716	67.496	118.770	92.721
420.603	67.140	117.727	93.076
420.360	66.782	116.708	93.175
419.639	66.728	117.090	93.438
419.116	66.067	117.568	93.572
418.711	65.283	117.375	94.050
418.125	64.721	116.479	94.138
417.466	64.419	117.139	93.950
416.890	63.595	116.791	94.540
415.418	62.907	118.039	95.214
414.267	61.956	117.261	95.408
412.074	60.701	118.127	95.970
409.540	59.359	116.489	96.811
407.834	59.018	113.935	96.487
404.624	58.568	115.994	96.330
400.780	57.947	115.387	96.049
396.263	57.190	116.725	96.863
391.905	57.200	119.646	96.053
386.881	56.588	120.990	95.962
382.747	56.712	120.265	95.243
378.943	56.255	119.408	92.998
376.212	55.809	121.072	91.415
374.990	54.867	120.457	92.085
373.171	54.410	120.354	92.089
370.113	54.186	120.916	91.982
365.512	52.669	120.881	92.465
363.150	51.696	119.858	93.105
362.216	50.661	119.404	94.915
361.307	50.410	119.394	94.918
360.463	50.045	117.124	95.165
357.969	49.823	118.261	94.170
356.381	49.514	118.832	94.597
354.727	49.004	118.665	95.269
354.042	49.210	117.737	95.064
352.789	48.589	118.421	95.523
352.516	48.227	118.923	95.625
352.947	48.279	118.850	95.514
353.702	48.487	118.861	95.366
354.942	48.694	118.505	95.158
355.339	48.537	119.400	94.497
356.163	48.898	118.276	94.195
356.845	49.097	118.202	93.830
357.749	48.480	117.355	93.749
357.418	48.678	117.116	93.740
357.632	48.526	117.369	93.358
358.180	49.073	116.237	92.822
358.728	49.424	114.872	93.063
359.118	49.961	115.137	92.000
359.677	50.061	115.083	91.550
360.031	50.340	114.463	91.330
360.080	50.074	114.214	91.071
359.966	50.106	114.327	91.024
359.512	50.057	114.782	90.846
359.796	50.124	114.189	90.683
359.734	49.908	114.205	90.769
359.548	49.858	114.728	91.045
358.998	49.781	114.681	91.422
358.529	49.336	115.172	91.750
358.003	49.300	115.568	91.442
357.478	49.435	116.916	91.709
357.153	49.812	116.740	91.280
356.910	50.011	117.848	90.570
356.978	49.961	116.837	90.789
356.723	50.340	117.393	90.231
356.608	50.291	117.669	90.854
356.212	50.126	116.887	92.420
355.917	50.590	116.759	93.567
354.511	50.920	116.264	94.426
352.527	51.591	116.231	97.768
348.537	53.700	121.115	101.537
344.230	59.448	126.204	112.966
344.498	65.040	126.718	114.000
352.502	75.192	119.667	109.568
356.583	78.794	109.867	109.507
330.873	89.640	127.438	106.757
333.683	112.085	109.294	105.774
325.396	126.021	110.527	97.720
326.481	129.128	104.154	102.481
323.971	137.578	100.846	102.274
319.437	147.905	101.682	97.510
294.920	155.705	117.389	97.023
287.388	155.083	119.848	97.219
283.061	157.211	127.184	95.713
283.071	158.177	122.808	95.804
282.581	159.168	123.915	95.597
283.305	160.071	121.344	95.582
292.123	158.718	112.057	96.470
286.797	160.278	114.617	94.817
287.972	161.201	114.277	95.120
288.576	161.943	113.124	94.200
282.232	164.738	118.327	94.607
278.184	165.585	121.038	96.234
275.242	169.318	121.044	94.869
270.670	171.327	121.508	96.417
267.328	174.755	122.614	95.789
260.841	178.729	120.662	96.884
258.111	181.991	119.026	94.443
254.994	184.705	111.482	92.564
253.853	187.577	106.098	92.684
250.442	188.708	106.712	93.866
246.015	191.134	107.815	94.594
242.461	191.807	107.141	96.688
239.492	193.267	108.879	97.779
238.708	195.360	107.677	95.252
239.083	196.128	108.701	96.463
239.630	197.001	110.822	97.834
242.011	196.921	113.479	99.867
243.942	196.081	116.511	102.506
251.020	195.247	114.142	103.397
259.527	195.197	114.831	101.766
284.420	190.983	97.081	101.750
299.890	186.653	85.459	102.919
312.672	180.740	76.222	102.159
322.027	167.679	67.105	106.933
330.760	160.670	57.333	108.888
332.303	155.938	57.626	108.403
334.008	154.977	53.871	100.266
335.168	154.901	49.182	102.658
333.778	142.033	49.043	107.936
328.259	143.975	52.933	101.722
322.842	145.571	57.280	96.158
315.120	151.776	57.974	100.864
308.828	167.765	61.290	95.601
307.227	177.428	57.836	95.856
303.677	185.799	51.246	95.448
288.534	197.041	62.961	89.726
299.814	206.304	48.892	90.727
298.273	212.165	45.631	84.124
297.480	212.498	47.828	85.993
287.745	208.216	62.033	88.825
287.975	218.857	52.751	86.863
289.152	222.930	47.138	78.591
284.610	219.216	52.409	81.376
280.419	214.361	60.725	89.273
273.841	218.332	68.288	84.413
265.556	216.098	78.234	85.563
257.769	216.076	88.106	86.847
252.491	216.395	94.386	84.645
249.506	215.769	96.672	85.273
242.161	212.740	103.116	88.562
232.993	208.061	110.471	92.809
227.281	202.905	115.092	97.446
224.299	200.308	116.733	97.414
220.788	197.764	120.452	97.946
219.760	195.972	123.085	96.772
218.614	192.309	126.324	90.978
220.441	191.205	124.922	86.137
225.024	185.155	120.550	87.864
231.714	178.212	112.145	92.883
238.086	173.086	103.199	92.391
242.870	170.928	97.704	92.565
243.201	173.873	99.278	89.297
238.992	178.573	110.877	80.825
235.672	182.977	119.682	71.274
238.811	184.978	117.078	71.181
246.751	180.780	105.573	90.410
253.792	178.496	93.207	99.429
261.737	178.477	77.218	104.458
263.344	182.451	72.529	104.912
264.340	186.157	64.949	101.630
265.896	189.601	55.930	105.957
266.984	192.967	54.333	102.765
267.138	196.076	53.399	101.037
267.912	201.930	51.210	95.972
266.392	198.821	55.643	100.086
263.548	197.306	60.154	102.873
261.632	199.279	64.543	101.562
258.756	202.436	69.804	98.191
256.751	204.062	72.177	96.973
254.634	204.586	77.103	96.159
251.598	204.570	81.111	96.830
249.916	203.760	85.122	97.984
248.665	202.284	87.564	99.027
248.698	201.032	88.111	99.762
248.922	200.172	88.077	99.834
250.818	198.829	85.499	100.177
253.395	197.269	81.279	100.958
254.395	196.674	79.963	99.567
253.977	195.393	82.649	98.680
250.391	192.922	91.894	98.753
246.916	190.982	103.811	97.253
242.230	189.649	115.047	93.293
239.510	188.984	121.690	88.538
240.230	189.036	123.439	81.969
246.156	185.702	118.249	82.555
255.580	178.284	103.835	90.105
261.038	174.076	98.198	93.463
261.361	176.029	100.131	85.917
256.726	184.128	110.664	64.933
253.772	188.823	116.630	51.074
255.294	183.379	106.889	64.039
273.917	175.571	77.127	84.276
284.868	183.867	60.814	90.420
282.838	186.617	56.261	81.106
286.768	193.070	43.597	90.305
283.605	193.444	43.867	97.789
281.527	216.788	45.748	83.201
278.623	211.134	38.822	90.629
272.351	210.094	52.124	87.476
258.871	212.118	78.902	86.253
245.514	212.405	101.251	85.626
245.511	213.971	105.410	86.853
248.240	214.680	104.034	86.747
250.990	214.132	98.545	87.170
253.465	213.489	92.694	87.963
253.723	214.200	86.315	85.966
246.616	215.296	78.128	82.491
241.558	213.071	80.056	82.442
233.801	211.328	90.136	82.541
217.224	205.844	111.887	87.442
204.035	198.104	132.214	95.964
208.389	188.951	130.073	109.364
230.331	185.524	105.450	108.717
244.560	185.086	89.329	110.082
285.615	184.793	68.355	104.260
290.914	180.493	70.184	104.214
295.431	188.551	99.558	95.598
308.188	176.129	93.864	104.924
322.545	169.120	78.581	99.294
329.128	185.254	72.043	90.610
334.273	175.497	90.152	75.562
336.060	178.900	110.262	69.501
308.848	164.609	133.449	79.548
311.723	160.802	120.113	85.132
307.249	153.802	115.393	93.134
306.211	153.716	105.988	90.769
299.552	159.238	102.970	85.877
291.513	164.421	107.214	77.666
283.164	174.657	115.278	60.810
277.294	180.984	121.827	49.728
279.721	179.569	120.021	50.487
282.967	175.913	111.203	53.063
282.901	170.674	115.734	61.959
287.955	165.312	112.872	67.193
292.921	156.451	111.575	79.532
297.073	152.055	101.295	89.938
307.254	156.854	89.207	86.866
311.795	158.614	85.526	86.553
315.086	161.096	83.293	88.926
314.248	159.300	88.275	93.439
312.962	155.722	90.549	100.918
315.246	161.055	87.903	97.487
314.349	160.848	87.539	100.291
310.569	164.776	90.950	97.188
306.833	165.894	92.860	99.962
301.718	164.559	95.142	104.186
294.195	167.143	100.740	100.890
289.382	164.714	103.984	104.746
284.554	165.025	109.368	104.125
281.531	164.329	114.335	103.523
280.837	165.450	115.491	99.800
280.316	165.213	117.907	97.711
284.673	170.042	109.384	89.573
288.389	165.652	107.049	94.136
291.403	167.582	104.699	92.362
288.792	164.609	108.254	95.907
289.671	165.182	115.649	95.217
287.876	166.107	116.852	95.034
288.112	164.953	117.690	97.674
288.262	165.881	115.742	96.617
287.789	165.854	118.659	97.196
287.730	165.054	117.891	97.809
287.672	166.298	116.178	96.261
288.491	165.694	117.483	96.795
289.344	165.496	114.839	96.209
290.242	165.642	115.721	95.190
293.055	162.834	113.078	95.857
297.562	167.882	109.579	87.901
298.210	165.894	110.293	90.017
300.114	163.451	111.938	93.475
302.954	163.931	112.393	93.631
303.569	163.524	113.519	94.221
305.708	163.572	113.650	94.692
306.479	163.151	113.387	94.261
308.229	163.832	114.451	92.778
309.186	164.096	115.689	93.386
310.091	163.188	117.747	93.415
312.609	163.927	115.754	93.499
313.358	163.698	115.252	93.264
314.222	163.360	116.259	93.473
315.085	162.734	117.160	93.361
318.950	160.523	119.525	95.062
321.116	162.162	120.755	90.063
321.894	158.287	125.002	94.031
323.123	160.491	127.832	89.521
326.764	161.092	141.030	90.832
325.569	163.430	156.815	84.913
370.556	167.894	186.303	92.559
368.515	170.497	183.728	87.265
365.563	167.688	184.818	88.445
355.942	165.651	185.050	91.410
366.275	166.164	172.356	87.855
364.385	164.916	170.360	91.963
352.500	164.421	182.623	90.482
364.245	164.795	176.771	85.362
394.580	169.459	147.372	82.903
395.105	163.356	141.702	87.482
381.478	161.814	148.176	86.420
377.989	156.606	151.225	85.603
380.048	151.880	149.129	85.322
378.427	152.342	148.143	83.276
381.285	150.812	150.714	83.488
395.164	151.077	136.541	80.224
392.406	149.994	137.225	80.518
386.291	150.248	144.323	77.529
387.519	148.069	141.472	79.831
365.601	145.971	162.765	80.215
363.493	147.100	167.530	76.973
368.661	146.430	160.875	75.597
357.607	144.574	172.346	77.994
356.578	144.231	171.351	78.717
355.810	142.147	170.279	80.989
355.850	143.686	173.564	82.189
361.301	142.432	166.441	81.414
362.935	143.382	169.225	82.405
362.544	143.353	157.746	83.085
374.881	141.969	156.607	80.883
390.455	142.209	142.352	79.318
384.327	141.418	148.050	83.637
390.341	141.786	138.626	82.818
378.417	140.781	162.274	84.567
374.635	136.051	171.159	85.880
368.907	136.847	177.527	83.313
371.476	135.965	175.975	81.082
368.983	135.388	168.386	82.909
372.641	135.364	169.077	82.719
380.452	138.425	160.847	114.942
370.282	127.416	169.480	98.944
372.003	133.373	172.415	88.640
376.163	134.346	164.275	86.126
373.971	137.737	166.758	81.805
373.354	137.643	162.475	81.398
370.975	140.655	170.007	78.400
372.284	138.729	161.773	77.027
375.009	139.411	162.503	75.633
376.302	138.853	160.370	76.215
378.693	140.622	159.977	75.870
379.764	141.079	153.991	75.485
384.818	143.756	157.031	72.916
380.007	143.043	149.981	77.297
382.858	145.509	159.444	72.725
382.618	142.026	146.557	76.872
380.069	142.877	156.948	77.344
383.532	142.176	155.540	77.335
383.787	144.791	151.300	73.485
384.112	145.242	139.193	73.291
384.823	147.568	126.986	72.520
388.876	144.674	120.812	74.504
383.789	150.708	126.124	70.858
389.648	157.119	112.143	66.136
419.566	157.138	128.080	61.833
387.637	157.954	138.197	62.639
391.724	155.952	145.541	65.631
387.686	148.655	146.233	73.891
388.891	148.112	155.742	77.944
390.110	145.550	154.834	80.199
391.213	146.255	151.119	77.884
388.467	152.191	149.113	72.922
390.099	153.456	151.855	66.754
389.419	154.233	148.523	70.765
385.576	151.497	152.718	70.135
385.640	152.130	145.245	67.663
384.936	146.191	152.104	84.332
387.471	144.535	147.950	91.094
387.135	145.381	149.461	91.046
382.672	146.421	157.761	90.280
373.683	149.608	170.327	87.556
372.511	151.435	155.327	90.777
365.540	152.950	163.501	95.203
359.968	151.611	160.209	96.787
353.458	152.947	156.872	96.152
356.606	153.744	188.248	96.756
353.718	153.151	184.758	96.991
354.070	156.447	173.104	94.107
353.568	159.630	171.707	89.787
348.140	156.672	152.210	89.615
362.904	156.792	163.765	115.890
366.551	156.800	169.719	90.498
362.325	157.663	181.602	78.240
357.799	157.783	157.897	77.628
459.838	159.109	121.855	82.490
415.163	162.632	129.414	74.778
372.044	157.408	127.769	78.396
341.622	151.481	141.914	82.703
362.682	150.978	124.114	84.591
371.318	159.769	121.485	98.294
369.677	160.727	119.058	102.539
459.231	158.721	115.238	82.436
361.834	161.652	126.062	83.354
368.377	160.099	116.869	86.129
368.270	159.851	111.654	86.109
364.709	159.474	114.583	92.410
357.955	152.440	115.696	92.322
357.135	145.376	105.606	83.888
386.025	143.189	80.605	98.999
495.727	172.991	56.558	107.001
488.451	176.684	75.140	97.954
474.929	177.608	108.067	94.863
468.578	183.841	121.151	90.816
468.910	183.392	132.743	92.120
475.456	186.566	134.276	88.655
478.547	184.215	129.849	90.629
485.543	186.457	127.424	88.684
481.815	189.878	130.406	88.267
497.926	189.449	123.025	90.227
496.298	192.165	125.055	90.991
497.218	194.570	120.747	93.574
526.306	193.581	102.823	104.073
524.122	186.606	93.673	114.033
525.375	186.971	91.164	125.525
552.462	192.801	91.739	106.396
544.250	200.730	119.131	92.249
533.042	202.812	126.636	85.809
546.662	199.038	111.823	91.635
530.490	196.140	123.673	94.043
561.020	197.264	92.437	96.068
564.318	196.697	88.576	96.773
557.324	205.247	99.874	90.380
551.565	206.234	107.791	90.619
543.023	206.497	114.303	94.980
532.940	207.538	123.654	97.025
519.522	208.303	129.254	98.722
506.223	208.823	126.681	100.280
494.373	212.604	119.690	93.242
481.401	212.028	111.403	87.258
470.146	207.527	127.428	85.719
468.508	200.364	106.342	100.012
448.351	177.961	109.191	96.644
413.103	147.512	129.605	98.039
416.025	143.935	130.712	101.300
402.042	145.806	143.084	104.189
398.465	161.396	134.328	116.062
392.073	180.686	145.594	90.418
393.025	184.401	143.866	87.901
406.348	187.470	138.652	88.185
427.800	192.187	125.833	87.646
439.515	193.873	114.015	88.164
467.358	197.688	95.694	88.435
484.829	200.004	88.707	98.418
516.707	197.912	83.390	112.300
514.821	200.651	81.907	113.527
514.609	195.028	94.524	113.330
550.278	195.028	85.697	101.945
551.627	200.444	95.413	93.094
552.461	200.193	101.455	91.308
552.744	199.717	102.478	91.607
553.696	197.480	100.008	93.577
567.154	189.807	74.166	102.027
554.944	190.311	81.186	101.175
528.724	191.457	97.602	105.946
532.496	186.447	108.699	99.565
521.592	192.630	121.309	84.214
516.235	194.245	118.203	84.305
513.266	192.748	115.176	87.803
508.198	191.814	116.952	89.126
505.379	192.546	116.131	86.899
495.607	195.567	123.060	78.942
498.936	187.933	110.875	80.806
509.029	180.785	91.303	94.520
507.881	188.721	73.625	93.523
513.717	179.919	47.526	108.300
512.261	180.243	58.764	100.507
507.299	177.574	76.124	105.646
509.570	181.119	78.756	110.523
516.453	192.699	74.584	109.145
520.184	194.278	70.383	115.547
524.088	198.377	68.249	116.582
536.852	204.135	60.259	116.222
538.365	217.870	49.401	106.859
539.179	225.938	47.012	98.597
538.624	227.845	45.884	101.662
536.214	234.161	40.503	85.753
521.174	238.091	52.852	79.672
519.396	233.988	58.260	83.263
516.788	230.406	65.917	86.332
516.193	228.047	71.817	88.860
524.204	222.729	71.974	93.513
547.579	220.228	72.605	89.489
561.724	215.001	73.454	91.161
575.628	214.266	75.613	90.104
586.280	213.405	79.773	89.403
600.736	208.024	82.903	91.671
615.941	203.549	82.723	91.067
620.164	200.586	85.672	92.765
619.845	194.786	90.577	98.452
614.635	191.917	99.167	105.213
602.398	186.849	111.901	111.175
579.557	185.006	123.660	113.634
561.931	184.328	132.398	113.564
542.852	185.076	136.929	108.466
526.823	184.771	135.685	101.564
508.223	186.611	140.191	87.652
494.426	178.847	135.064	82.977
482.450	171.247	137.159	84.982
480.728	163.488	124.721	90.802
486.830	161.705	107.214	92.718
490.962	170.311	77.827	101.365
503.172	162.607	69.961	93.564
498.177	155.447	70.369	105.176
496.049	168.612	84.938	99.592
481.850	145.001	93.703	120.902
497.226	157.390	90.709	125.420
514.963	165.935	79.322	126.949
531.754	179.980	63.511	117.062
526.984	189.856	66.723	110.800
534.960	185.895	58.882	115.059
552.160	200.207	49.650	105.867
562.396	207.742	59.992	94.572
563.379	205.796	71.005	95.654
564.002	206.601	79.366	97.746
565.357	205.121	85.175	97.356
566.943	202.778	89.611	100.234
566.435	203.874	101.999	99.809
565.816	204.990	109.040	98.440
564.896	204.640	118.466	100.443
562.276	206.352	126.290	101.770
561.226	208.504	129.747	102.656
565.695	209.658	126.706	108.250
572.232	210.608	119.623	111.968
581.272	215.548	103.956	108.731
588.236	218.975	80.511	107.388
598.922	223.662	64.012	105.597
596.987	221.212	52.633	114.777
587.887	215.435	65.509	120.036
575.736	211.047	83.014	125.293
558.736	206.001	106.778	126.904
544.076	197.569	128.531	130.058
529.906	187.819	150.660	133.445
529.609	190.281	155.759	125.859
529.564	187.137	157.008	126.351
533.949	187.364	154.173	125.806
555.743	177.309	129.436	135.858
577.230	179.922	106.540	131.938
604.820	182.673	70.685	127.737
624.996	199.207	71.237	115.132
631.022	187.665	90.730	123.396
632.961	185.949	117.657	125.430
636.295	189.126	141.762	120.295
645.579	194.010	154.802	116.052
657.726	197.235	150.090	115.157
676.891	200.821	131.737	112.860
697.811	205.600	108.471	108.337
716.749	208.263	86.984	107.195
731.658	224.589	61.505	99.534
729.739	232.997	55.423	98.390
718.694	240.252	64.494	100.403
702.541	236.405	80.147	115.525
684.022	237.304	101.693	122.575
666.740	243.656	119.282	126.448
654.014	245.254	134.371	129.430
639.179	245.762	151.876	133.055
628.789	248.141	163.241	132.519
620.162	247.834	169.996	135.947
615.661	248.654	159.073	139.790
613.823	248.392	138.432	139.855
613.931	245.265	112.862	141.705
600.864	244.982	107.776	132.041
585.606	247.833	112.093	122.543
567.367	254.452	114.825	95.184
561.147	236.874	108.867	80.466
548.841	242.994	113.639	65.817
550.220	230.051	128.276	68.582
530.747	229.748	151.141	69.966
540.690	225.643	148.388	66.534
541.934	228.838	149.115	70.879
530.284	232.443	158.603	74.761
530.077	230.826	157.610	88.378
530.390	230.864	162.914	97.650
541.166	234.824	154.366	97.435
532.669	230.913	164.709	105.409
525.422	228.766	166.004	103.999
522.427	230.219	167.997	94.081
523.564	231.535	161.393	80.756
520.913	229.331	151.125	76.516
517.091	228.039	147.772	72.866
512.868	225.213	151.084	73.256
513.198	224.987	148.421	72.849
513.884	224.525	144.908	76.309
512.952	221.957	139.912	79.303
511.286	222.573	145.286	85.589
509.695	222.345	146.969	85.837
508.615	223.582	147.478	81.424
502.231	218.695	153.037	85.682
505.902	211.518	146.400	87.764
500.334	211.701	151.410	87.211
511.461	213.203	140.807	79.616
513.221	211.673	140.281	84.417
516.314	209.732	132.800	87.160
530.099	203.483	111.538	102.767
535.244	204.044	104.776	109.657
536.776	204.199	102.085	121.512
536.885	206.359	106.762	115.329
534.833	212.128	115.510	108.486
529.125	219.079	130.471	92.487
523.417	222.408	144.587	78.658
525.277	231.632	144.974	57.842
526.651	234.085	144.135	51.900
524.004	235.847	145.210	49.540
515.428	244.073	143.963	45.147
511.966	247.094	144.318	45.300
501.156	247.764	143.636	61.630
496.710	243.836	136.790	76.035
488.941	246.313	126.941	90.145
484.043	245.027	108.285	109.855
483.616	248.897	106.519	108.976
479.197	251.537	95.868	110.084
475.214	252.124	98.023	111.039
471.455	247.810	102.345	117.254
467.739	248.202	107.908	115.946
464.048	247.444	114.851	117.750
458.201	248.057	122.270	119.350
450.870	249.602	131.020	113.981
443.726	251.480	139.002	109.820
434.628	255.407	140.751	96.451
430.334	254.163	135.317	94.779
429.914	254.350	124.636	90.983
427.257	248.472	118.498	93.577
426.667	245.336	111.608	89.936
427.284	242.114	107.104	89.017
427.801	238.287	105.125	86.561
428.091	236.391	105.650	84.454
431.814	233.624	103.660	84.912
438.911	231.944	101.521	85.329
446.435	233.857	99.647	80.808
445.863	235.735	105.339	78.407
445.563	237.528	107.652	74.610
443.895	237.825	118.753	74.450
439.993	240.132	125.809	72.720
434.846	243.502	131.325	69.834
435.133	246.919	131.042	67.142
433.083	248.281	130.030	67.157
432.810	250.255	125.387	66.420
431.342	252.118	128.942	65.492
428.457	253.436	126.822	64.835
429.335	252.205	121.528	63.529
372.341	217.991	160.127	94.036
355.396	211.619	182.603	98.217
359.466	211.919	174.368	98.516
368.554	213.256	161.638	92.592
364.434	216.484	157.791	79.948
374.627	216.196	142.768	80.828
364.700	218.748	152.732	77.296
370.247	220.054	153.799	75.325
363.285	219.216	162.572	83.543
369.411	219.399	159.743	81.914
370.239	218.493	155.996	84.786
371.430	218.530	157.313	84.371
378.226	218.294	149.373	86.088
366.177	218.510	159.247	76.590
373.677	215.842	155.234	80.529
377.724	216.695	149.529	80.145
375.647	216.628	151.048	81.191
375.029	218.130	153.219	77.805
382.677	218.162	147.113	74.471
381.566	221.377	143.569	75.212
381.816	221.835	142.614	70.699
385.953	222.680	134.024	74.788
388.503	225.860	129.905	74.847
383.945	232.540	127.935	74.226
366.657	233.170	142.890	79.892
369.183	233.864	140.279	88.528
358.040	235.326	146.132	98.470
347.501	236.932	155.927	105.439
347.027	244.987	156.325	108.060
343.978	247.964	160.679	107.803
344.582	250.776	159.776	107.685
340.625	253.215	162.740	106.375
337.011	253.892	163.544	105.398
331.160	254.075	165.231	106.745
329.845	257.454	170.657	105.785
319.868	258.390	179.803	105.720
314.603	258.645	193.412	100.954
306.276	211.752	206.877	122.021
315.779	255.084	201.467	86.624
334.031	231.493	189.639	98.738
300.795	258.550	215.198	76.943
349.011	257.456	174.563	72.970
373.926	257.497	147.166	66.369
356.542	246.060	164.295	78.338
324.699	257.827	187.418	73.885
309.337	256.376	172.310	94.971
326.967	252.976	187.127	68.050
326.322	252.794	195.216	73.004
317.098	251.225	194.652	69.455
308.486	251.570	209.215	74.064
308.888	252.031	212.424	76.547
307.061	250.643	210.268	76.070
308.933	251.300	211.708	77.687
310.283	248.625	205.469	75.492
314.777	245.668	207.435	79.803
317.474	246.878	194.472	77.637
318.930	245.913	196.369	76.362
316.635	246.595	193.590	76.196
315.345	246.919	193.975	77.219
315.180	246.620	191.928	79.693
315.953	245.946	181.399	124.110
315.019	247.273	192.784	91.498
311.364	246.507	196.495	95.283
304.652	245.572	184.942	112.273
300.301	213.001	194.078	145.363
292.461	249.497	196.212	123.317
281.208	251.877	193.158	123.192
269.434	258.240	192.720	118.985
255.073	260.459	196.713	119.677
231.024	261.844	198.381	121.759
220.032	267.032	198.369	123.735
209.955	266.880	196.615	124.674
210.042	268.716	180.981	121.972
219.875	269.663	147.568	120.541
219.585	262.855	109.315	118.872
265.175	272.150	57.837	113.865
265.134	280.049	68.166	106.335
264.001	274.433	103.707	115.637
267.860	261.452	144.033	112.231
227.446	272.117	179.479	103.914
234.564	238.131	196.416	131.905
232.840	271.327	199.269	99.224
278.566	261.170	153.741	107.197
286.741	224.425	144.484	132.915
309.363	242.326	111.276	117.766
311.744	248.305	108.679	132.925
349.112	251.525	105.537	120.029
347.236	238.132	72.634	100.180
347.037	232.561	73.584	112.648
357.595	231.804	67.535	109.468
354.522	204.409	77.277	120.297
361.400	224.456	79.715	109.565
361.525	223.138	85.123	102.534
356.130	216.568	96.955	105.217
359.552	212.708	98.676	102.110
350.083	208.485	110.838	104.045
348.120	207.844	112.309	101.831
344.343	205.870	117.916	101.197
341.757	205.979	122.626	97.123
340.626	201.346	123.561	100.875
341.640	198.039	124.446	104.386
339.522	198.013	124.268	102.092
338.541	200.008	125.194	101.198
337.840	202.459	126.809	99.525
337.599	201.265	127.581	103.761
339.673	202.602	125.264	100.479
341.216	201.429	121.558	102.710
345.757	198.080	117.982	104.628
345.862	201.505	118.544	100.049
349.578	195.849	126.078	106.925
347.853	191.390	131.011	107.474
347.486	193.209	138.418	102.594
346.604	189.820	144.270	103.917
345.375	191.495	151.400	101.198
347.273	194.605	159.072	98.197
347.090	194.027	162.318	98.883
346.474	195.093	166.952	99.007
346.039	194.838	171.924	99.790
344.259	197.494	176.039	96.622
341.143	199.009	175.426	95.244
345.367	199.592	176.793	97.194
341.990	199.496	176.740	98.608
343.788	198.679	180.674	100.054
336.592	198.844	183.999	99.730
345.238	197.335	177.852	101.950
346.529	192.937	176.737	100.558
357.468	192.509	163.248	105.656
358.527	185.459	153.988	114.115
366.359	183.399	138.590	114.808
368.274	178.177	131.498	120.651
369.050	175.548	127.331	121.997
370.765	172.472	121.253	129.376
373.614	170.136	117.180	133.302
370.159	170.942	120.248	135.894
365.787	177.188	133.318	137.066
355.965	207.276	176.752	127.386
374.288	189.539	147.035	141.991
397.734	229.036	140.366	110.332
417.592	229.678	128.586	119.154
428.738	242.753	139.431	119.794
443.124	253.643	132.783	112.587
451.239	263.277	137.529	110.717
458.767	270.371	137.538	106.793
467.260	272.876	136.574	102.468
478.588	272.209	130.165	101.658
482.307	273.238	130.345	101.092
482.502	275.221	129.475	100.165
484.392	276.376	127.977	99.831
483.908	276.632	127.123	100.525
485.138	273.346	119.716	105.479
486.230	272.087	113.992	107.477
486.036	272.149	109.813	103.086
485.388	268.634	105.789	102.154
480.823	264.180	107.207	103.717
467.361	259.184	123.785	99.645
462.635	255.954	131.602	98.314
461.004	250.876	136.185	96.754
461.696	248.276	139.011	93.442
462.767	245.742	137.750	89.312
462.583	242.199	141.367	85.761
463.472	237.324	139.425	88.450
464.580	233.588	139.029	92.632
466.981	231.964	136.021	93.821
468.367	228.983	131.913	95.351
480.849	220.911	111.111	98.917
499.405	224.235	88.583	99.700
522.166	235.076	66.356	95.299
529.876	228.952	55.416	97.261
535.108	232.723	54.281	102.297
523.294	245.065	80.751	101.585
513.826	249.736	100.857	96.479
507.035	253.292	115.456	92.507
504.037	255.949	126.545	81.319
502.327	262.423	133.296	69.711
507.833	264.524	142.586	54.745
503.099	223.082	143.319	72.625
510.532	256.265	141.550	66.769
523.462	251.987	123.942	78.858
527.918	227.534	112.502	98.801
533.291	253.013	116.489	89.704
437.248	332.621	148.689	94.046
467.436	333.502	142.589	91.037
513.210	326.381	141.380	96.327
536.754	322.367	133.891	91.415
561.669	316.389	127.378	91.897
579.194	310.816	124.190	91.203
597.454	305.493	118.786	91.166
615.505	298.600	116.075	90.471
623.409	295.325	113.125	93.061
626.672	293.885	110.582	93.009
626.623	293.990	110.354	92.963
619.305	294.063	116.531	94.831
596.802	299.395	123.547	96.457
577.312	304.840	130.344	95.593
553.613	309.241	137.469	97.307
528.155	319.130	139.479	96.562
499.189	326.076	142.131	96.997
462.722	331.440	139.132	97.403
432.770	334.314	145.310	96.188
417.701	325.100	135.633	107.301
372.304	327.757	149.845	100.489
338.090	313.333	137.467	109.317
308.553	306.415	139.410	107.041
292.021	292.952	139.779	111.904
284.814	283.033	124.860	108.246
278.095	280.446	103.688	96.726
274.846	278.712	99.721	86.475
276.475	280.205	113.764	81.718
279.910	275.629	112.498	81.356
287.556	275.471	107.621	83.123
296.767	275.663	93.350	89.376
307.316	259.317	77.356	105.602
308.333	258.371	76.404	107.138
322.289	244.041	89.877	94.974
345.070	235.791	81.261	87.115
357.020	240.475	72.711	82.303
353.812	239.803	77.763	83.625
486.479	305.081	74.933	87.425
456.666	301.486	111.809	85.888
423.776	282.201	76.445	113.233
418.501	285.073	74.714	113.785
423.063	286.354	71.324	110.293
401.396	284.446	87.357	112.674
365.332	274.468	62.439	125.150
361.254	284.882	68.621	109.737
347.052	298.476	70.474	94.311
361.226	303.269	59.109	91.415
376.206	293.087	63.289	94.520
373.772	286.330	64.202	98.696
383.191	300.102	68.324	100.153
399.250	286.483	64.987	108.417
396.127	296.412	72.778	104.080
401.815	303.837	70.762	112.531
387.339	247.973	71.575	95.138
392.400	261.151	54.841	116.498
389.919	296.576	57.068	119.360
389.627	303.149	62.918	119.943
381.547	311.689	76.147	94.195
379.546	304.804	85.191	98.050
377.737	304.984	94.752	97.861
378.862	303.844	104.252	97.430
385.194	303.583	104.876	97.931
372.201	302.022	116.094	95.467
379.108	297.728	121.529	101.690
380.170	299.084	125.448	97.153
378.448	246.361	131.543	134.621
367.966	283.674	127.038	142.753
400.374	274.496	181.556	112.050
376.743	275.376	164.954	123.132
376.327	273.080	167.767	115.745
372.862	232.464	179.262	151.428
385.796	265.763	156.415	129.042
386.070	260.988	134.301	143.707
384.537	270.376	140.451	147.005
390.386	264.410	96.980	149.885
396.656	292.563	79.364	122.729
404.338	272.434	99.265	136.607
410.507	280.911	77.644	147.105
416.292	293.013	70.049	131.013
408.135	286.432	85.649	136.005
386.748	269.367	106.211	81.106
371.150	261.193	114.838	91.540
349.203	257.724	130.201	82.844
434.431	310.319	104.542	93.330
430.993	316.988	114.833	85.371
433.409	316.086	120.440	85.874
438.119	313.349	122.622	86.757
446.482	306.627	122.822	90.205
453.708	305.271	119.377	90.870
461.667	300.965	113.475	94.976
465.708	301.069	115.106	92.729
467.054	300.169	118.700	91.170
471.023	300.234	126.558	80.929
472.739	301.478	130.796	78.001
472.481	301.245	141.033	77.113
476.728	297.349	142.225	82.474
477.994	289.255	135.318	93.937
497.452	282.777	108.237	107.267
513.015	277.144	84.500	112.682
515.437	282.383	71.129	103.308
516.292	286.431	67.619	99.266
515.867	287.761	62.560	96.678
512.035	291.368	70.188	86.554
505.789	291.918	78.118	84.645
497.870	289.984	86.740	86.065
491.628	288.949	94.869	84.785
487.563	287.200	98.120	85.905
481.678	282.942	102.353	87.284
477.632	281.150	104.252	89.161
479.225	279.088	101.090	89.386
476.155	275.961	101.148	89.856
478.779	272.335	100.110	90.308
480.639	268.993	94.789	88.390
409.768	253.863	145.011	110.656
369.920	244.725	188.297	105.357
413.534	244.952	160.030	103.251
416.236	251.857	155.257	90.803
423.372	219.100	148.342	103.004
419.177	250.938	151.061	87.876
421.322	212.412	151.610	100.694
414.890	244.753	147.529	89.120
423.671	249.242	142.131	88.779
424.007	250.410	144.607	86.353
418.573	248.246	136.464	88.989
420.208	249.899	148.556	88.401
420.063	246.319	130.489	90.766
418.594	249.655	151.515	88.218
418.853	247.010	145.645	90.452
416.992	246.447	142.089	90.876
414.246	247.481	149.599	91.020
414.151	246.639	146.679	91.911
412.291	246.878	149.416	94.124
408.661	247.062	152.111	95.453
403.832	246.619	156.010	96.603
401.763	246.659	158.580	97.289
399.811	246.857	161.386	97.488
398.829	247.548	162.652	98.150
391.948	245.725	167.776	100.211
395.467	247.246	163.927	99.220
391.617	244.182	168.656	100.497
393.721	245.360	164.477	101.864
389.140	241.824	169.510	104.566
388.820	238.835	168.249	107.874
386.953	238.328	169.267	106.813
388.302	236.917	168.467	107.223
386.199	236.266	167.746	105.750
385.395	235.726	165.959	103.988
380.575	234.450	167.135	102.160
378.931	232.971	166.289	101.669
379.557	231.764	164.809	101.780
378.600	230.427	164.181	101.736
379.953	230.541	161.911	99.634
381.967	227.362	157.273	101.902
381.129	226.775	157.562	99.314
382.221	226.217	156.603	99.000
384.659	226.493	153.390	98.938
385.210	227.665	151.681	97.749
385.876	228.467	151.956	96.519
387.087	232.024	153.333	93.039
385.748	237.392	155.558	83.366
387.575	237.770	154.095	80.584
390.271	237.855	151.510	77.262
390.690	239.849	150.650	74.817
391.976	241.074	147.617	73.687
393.902	241.776	141.997	75.099
392.804	243.103	141.018	76.289
389.510	242.439	139.348	80.494
387.832	241.061	137.820	85.954
382.198	243.229	135.038	86.896
381.631	244.680	129.771	88.539
378.119	247.760	132.537	86.434
378.810	249.252	133.343	86.844
380.580	250.414	131.781	87.091
379.818	251.261	134.141	86.896
379.356	250.788	138.532	87.243
379.542	249.399	141.677	88.767
382.820	250.829	141.824	86.663
386.041	251.101	138.901	88.962
386.679	253.609	142.998	85.802
381.172	252.455	149.855	91.773
378.888	251.487	155.457	94.208
376.017	252.312	162.426	92.471
372.327	252.676	169.511	94.067
364.040	254.204	186.194	102.475
355.737	255.512	201.637	104.617
358.230	254.081	207.896	106.550
357.046	252.292	214.276	110.141
376.683	250.800	199.965	106.189
433.753	202.812	150.795	125.233
473.147	244.629	111.019	92.063
472.939	236.859	108.058	99.837
483.783	236.657	99.104	99.912
486.008	236.388	97.537	99.417
484.416	240.995	100.694	89.590
479.014	243.650	106.257	86.105
480.930	246.249	105.681	82.613
481.003	248.599	109.546	79.801
479.707	250.587	110.371	76.305
479.492	254.113	112.539	74.488
480.146	253.652	109.994	75.979
478.979	253.012	111.534	78.954
485.530	251.918	103.835	82.451
491.698	250.051	97.386	84.583
499.179	245.935	88.316	89.144
505.592	245.072	80.631	90.431
510.711	242.994	75.873	94.283
513.475	240.425	73.688	95.191
518.267	239.838	68.657	95.747
521.674	240.365	65.984	92.497
523.366	240.040	65.263	92.621
526.354	239.541	62.185	91.946
531.076	237.561	55.660	92.996
533.685	235.981	53.720	93.068
536.083	240.842	49.705	89.477
542.505	240.203	44.575	92.387
545.937	240.928	39.177	87.582
552.094	244.533	37.386	84.465
557.639	235.570	37.634	92.171
568.092	239.687	51.115	88.958
565.265	240.270	68.602	88.162
563.518	238.255	86.657	90.330
560.606	238.855	101.386	89.243
561.414	239.516	112.144	83.591
564.384	244.600	114.716	67.034
565.690	250.472	116.702	57.497
565.895	252.811	117.940	48.753
568.477	254.059	116.131	45.546
569.196	253.830	115.857	45.829
570.132	253.714	114.206	47.312
569.561	255.238	114.189	49.352
565.866	255.224	117.129	58.176
562.961	253.787	117.237	65.446
562.018	251.753	115.609	75.605
570.087	251.042	95.826	87.120
574.573	256.180	75.447	86.787
580.590	255.329	60.495	96.689
584.505	260.713	53.250	92.263
585.179	267.527	59.603	87.506
587.217	268.775	59.544	86.383
592.223	267.312	56.150	86.000
596.129	270.490	57.792	85.331
590.204	270.379	72.283	86.509
581.768	272.244	91.693	85.723
576.441	275.010	108.816	83.664
576.444	275.656	113.644	84.275
580.265	276.913	114.885	82.536
584.594	277.944	115.801	78.889
589.555	277.813	118.107	77.148
594.910	271.408	123.359	81.817
598.581	263.410	125.782	89.748
601.658	252.797	123.810	100.371
609.438	246.409	115.498	106.879
615.945	245.089	102.207	104.943
613.766	248.258	84.926	95.024
600.226	257.797	104.036	84.080
586.885	259.823	120.813	88.499
578.173	256.204	131.456	95.823
576.872	252.451	132.923	101.737
578.604	252.076	134.021	100.497
585.053	250.895	128.649	97.946
592.508	248.580	121.232	95.611
599.369	248.585	113.094	88.623
612.403	243.694	99.702	82.227
627.452	238.173	95.596	86.802
624.334	236.382	107.332	96.453
617.031	233.809	117.707	103.889
610.355	233.373	126.643	106.717
606.249	238.010	130.635	103.364
591.948	253.504	127.907	86.747
584.869	260.918	121.161	79.916
580.010	263.114	110.121	81.220
565.866	263.368	106.404	81.737
553.040	265.428	109.251	78.238
519.924	260.983	108.344	77.548
502.462	249.577	100.159	85.402
476.247	251.382	108.134	79.087
367.580	264.485	134.035	103.843
403.278	245.512	154.877	119.613
393.723	246.504	151.110	122.035
391.958	245.338	145.787	130.078
400.775	242.342	134.863	131.634
401.022	243.459	129.611	128.369
395.045	241.880	96.900	124.915
392.511	270.352	113.747	117.749
383.569	260.964	103.855	133.071
365.670	280.278	85.641	110.269
360.486	294.770	82.437	95.530
370.142	258.947	84.337	125.937
389.203	215.629	85.678	107.241
382.146	216.193	95.511	91.163
381.490	218.149	90.323	101.218
388.489	210.989	92.092	99.674
396.416	207.672	92.715	97.285
406.471	204.086	82.383	107.441
412.191	207.858	76.423	100.834
420.272	210.704	72.572	102.661
434.178	206.181	64.672	111.372
447.358	210.742	62.673	106.969
469.168	216.699	54.425	112.775
481.326	224.732	49.788	109.141
486.509	236.763	64.172	104.180
492.134	248.346	78.948	96.800
497.932	250.260	86.582	98.001
510.392	264.090	114.370	91.884
517.876	265.033	124.492	91.714
527.764	263.469	127.854	96.692
537.179	261.466	132.498	99.795
546.749	256.441	135.235	105.831
559.503	253.384	136.407	105.788
566.883	251.919	135.862	104.459
577.025	249.930	127.782	103.576
590.548	247.708	112.756	100.576
599.754	248.203	102.673	92.185
600.735	247.667	95.760	86.541
604.790	240.240	95.147	92.701
602.461	249.455	95.665	81.956
589.167	250.879	102.199	85.791
574.161	252.152	114.322	86.974
550.262	253.634	128.311	97.599
541.985	252.590	127.921	100.672
531.763	254.319	128.353	101.277
519.942	253.343	128.492	104.141
509.136	253.592	127.644	107.108
491.014	255.174	129.422	106.225
480.431	254.565	130.233	107.408
469.287	253.549	132.337	108.134
457.642	253.574	134.275	107.062
452.872	249.692	134.191	109.348
445.520	248.493	137.568	109.691
439.414	246.506	138.107	109.204
437.004	245.479	136.012	107.641
433.454	244.957	136.449	107.533
429.807	245.214	136.664	106.747
426.745	244.915	135.182	104.629
423.884	244.921	132.043	100.278
422.784	244.549	127.399	99.356
421.754	244.742	124.410	97.761
420.103	244.694	121.790	96.408
417.994	243.919	121.201	96.538
414.865	244.181	120.073	94.938
410.183	243.461	121.178	94.918
399.406	242.651	130.023	94.945
390.439	239.971	137.491	97.804
385.522	237.336	140.418	101.277
380.859	236.817	143.617	103.017
376.672	236.874	146.150	105.833
373.450	238.037	149.189	105.529
371.715	237.273	148.857	107.695
369.488	237.263	148.964	108.069
365.545	237.039	149.933	110.398
365.767	235.613	147.087	110.824
364.170	235.377	145.124	108.807
360.291	233.377	147.088	107.895
358.816	229.800	146.974	110.369
359.278	228.296	145.130	107.408
360.341	227.175	143.273	104.490
362.172	226.010	141.859	101.728
364.501	225.786	139.560	99.597
365.656	224.910	138.123	99.042
367.098	224.012	137.137	99.285
367.785	223.923	137.440	98.760
369.448	224.424	136.872	97.507
370.317	225.931	137.915	94.120
370.013	228.115	140.796	92.133
370.579	231.437	139.991	88.097
372.736	232.313	135.776	87.094
372.268	234.516	137.549	81.818
373.509	234.568	136.485	80.633
360.128	234.336	150.172	74.383
339.525	231.702	174.270	71.944
353.199	229.805	161.397	70.254
335.458	231.514	179.910	65.491
346.926	229.297	168.137	65.492
339.271	230.043	177.905	60.434
335.588	232.528	181.328	50.681
334.789	233.255	179.369	47.534
335.778	233.285	178.578	43.117
339.627	232.496	176.780	42.869
335.004	229.379	168.738	41.153
337.301	231.042	172.793	41.794
338.513	227.944	168.526	39.109
334.619	225.741	163.818	39.153
361.142	203.208	133.517	60.993
334.601	224.184	154.808	42.281
347.215	223.785	157.386	40.105
350.305	227.413	162.524	39.774
351.641	230.157	161.935	38.914
355.246	233.000	159.272	38.530
368.631	233.533	144.972	37.634
363.913	233.696	156.141	40.742
367.052	229.198	154.658	45.549
364.566	229.842	158.721	46.026
338.099	230.765	176.869	47.955
360.223	235.769	156.822	44.001
344.878	243.170	177.151	39.637
367.125	244.893	148.363	41.197
354.778	243.280	167.100	45.197
354.255	244.654	165.774	49.126
328.122	245.653	187.849	56.774
376.872	245.227	139.104	75.361
394.922	244.827	123.075	86.251
408.694	248.553	113.683	90.614
415.573	233.570	104.040	105.526
422.259	255.930	102.335	90.160
426.835	261.258	107.605	85.845
438.417	266.554	106.707	81.031
438.568	267.774	114.764	83.031
442.252	265.595	117.859	90.788
446.651	266.400	119.137	92.602
453.551	266.447	123.523	94.867
460.102	264.866	120.385	99.173
467.239	263.899	115.381	99.978
475.129	260.063	110.929	103.678
483.258	256.974	103.416	105.848
495.066	250.168	89.769	110.595
502.011	247.129	82.269	110.860
506.928	243.996	77.034	113.798
509.395	241.962	73.236	111.731
511.877	241.375	67.200	111.223
512.092	242.473	59.944	107.355
512.814	240.074	56.032	108.746
514.714	235.308	56.999	109.217
513.396	244.142	52.021	106.815
515.082	238.878	48.987	108.753
515.290	234.830	51.338	113.279
513.331	240.750	54.867	110.925
513.059	241.884	54.823	106.066
511.538	241.383	47.972	98.954
514.127	237.741	44.981	97.962
513.922	230.819	47.248	98.961
511.714	231.109	53.557	96.973
505.877	229.731	60.215	99.190
502.101	227.509	67.956	100.495
497.881	224.217	75.503	102.504
489.629	223.017	91.430	100.059
485.071	225.408	101.413	97.946
482.073	229.309	108.587	94.251
478.032	230.648	115.540	93.893
479.033	232.710	113.893	94.053
476.239	237.941	117.634	97.412
474.169	239.331	121.530	97.512
473.038	241.229	121.632	98.549
472.914	244.240	121.090	98.110
471.788	244.779	121.462	98.099
473.702	251.423	118.656	94.180
468.599	252.175	122.377	100.134
468.062	253.767	125.287	100.329
467.115	256.117	126.705	99.454
466.992	258.396	126.906	99.879
466.017	259.133	127.594	103.712
466.426	261.739	127.551	101.451
465.008	263.183	130.559	103.425
465.191	263.172	131.990	103.858
465.007	264.889	134.097	103.131
466.782	267.757	134.102	102.518
467.187	270.144	135.608	102.657
466.053	269.914	136.308	104.343
468.403	268.965	133.790	105.059
467.707	269.922	133.706	105.176
454.795	273.123	136.421	122.225
472.157	271.312	125.055	102.104
475.890	273.187	122.792	99.186
478.466	273.483	121.004	97.668
482.881	271.166	114.021	97.628
480.249	266.035	113.002	107.122
521.507	265.678	66.169	104.998
513.960	268.823	82.011	95.895
498.495	270.159	106.414	96.323
487.749	268.310	120.767	99.642
485.019	266.972	121.648	105.736
485.669	263.359	104.739	112.784
488.254	262.246	93.604	112.878
486.579	262.483	90.391	109.774
479.975	262.758	90.702	107.372
465.115	260.995	101.349	97.595
457.634	266.209	106.815	82.321
451.482	267.175	111.757	71.855
443.876	265.652	122.373	66.043
439.501	268.778	116.418	60.761
428.222	272.162	122.780	55.036
420.193	271.172	127.703	53.922
413.278	272.278	129.054	54.331
409.897	273.157	132.800	57.703
403.324	272.042	137.550	65.650
399.902	269.457	141.795	78.314
401.560	268.516	141.078	81.963
402.947	267.325	141.056	86.613
404.293	267.717	139.460	86.798
407.822	269.125	139.562	86.310
415.229	269.933	136.639	87.397
419.781	269.281	134.178	89.588
423.867	269.284	132.923	89.365
426.573	269.380	131.394	88.972
429.234	269.713	127.209	86.157
431.408	270.523	124.223	79.972
429.622	270.311	127.898	75.802
428.382	271.400	128.865	75.109
428.433	270.941	128.531	74.266
427.596	270.900	128.873	74.317
426.998	270.300	129.443	75.189
427.829	269.112	128.159	74.114
428.589	270.880	125.670	72.697
430.327	271.414	124.305	72.782
429.432	271.665	125.763	73.477
428.629	271.025	125.816	74.273
426.591	269.046	124.658	76.616
427.478	271.736	124.486	76.257
425.638	271.683	126.609	75.688
423.561	271.086	127.937	76.756
422.331	271.954	128.925	76.434
421.012	273.632	129.862	76.848
419.490	271.503	128.616	80.273
419.459	272.353	128.037	79.761
419.771	273.494	127.561	78.474
420.078	273.585	128.540	78.509
420.159	273.296	126.898	79.256
417.699	273.282	129.963	79.721
418.986	273.839	128.580	79.467
419.205	273.261	128.457	79.539
419.813	273.927	128.319	78.412
418.708	273.672	128.121	78.499
418.033	273.805	130.798	77.749
418.187	273.779	130.631	77.984
418.716	273.601	129.478	78.645
419.943	272.896	128.560	79.657
419.249	273.245	131.242	75.780
419.439	271.925	130.466	75.871
418.059	271.587	131.745	76.281
419.239	271.592	130.228	74.375
419.731	272.022	129.135	72.948
419.407	271.916	130.000	73.981
418.364	271.889	130.763	76.288
415.834	272.300	133.414	73.963
417.629	272.358	132.438	73.927
418.577	272.878	131.874	74.481
416.562	270.906	132.717	76.770
417.849	271.914	129.284	76.005
417.681	271.842	129.377	76.387
417.414	272.352	128.363	75.553
418.092	272.158	126.723	76.540
418.270	273.101	125.234	76.591
418.535	272.665	126.225	77.080
417.388	272.529	127.993	76.919
418.467	271.963	126.933	77.734
418.086	273.964	127.219	75.924
419.467	273.563	126.266	76.246
419.494	273.721	127.045	76.099
420.183	273.824	127.870	75.985
419.786	273.941	128.179	75.824
419.830	274.503	128.317	75.079
420.925	274.621	127.333	75.233
421.709	274.158	127.439	76.104
423.340	273.308	127.496	77.233
422.823	273.096	128.150	77.086
422.691	273.379	129.077	76.913
422.378	273.480	128.602	76.517
422.254	274.059	128.069	74.985
423.312	273.361	126.521	76.180
422.801	273.850	126.591	75.923
423.140	274.108	126.753	76.090
423.149	274.429	126.243	75.844
423.322	276.420	126.438	74.777
424.062	277.012	126.888	74.884
417.874	276.086	131.375	77.302
367.353	247.662	176.959	101.493
376.637	240.748	160.217	113.993
395.112	232.836	151.233	121.267
404.846	226.639	140.561	127.923
416.185	218.468	133.228	137.039
416.024	211.297	139.460	143.414
415.579	206.656	150.060	147.524
412.052	207.314	158.014	147.389
411.316	208.760	161.639	146.960
411.290	211.402	164.590	144.704
412.692	223.926	156.119	132.349
411.378	245.782	144.184	111.088
412.150	247.599	140.691	110.674
412.834	250.575	139.504	107.821
413.197	254.920	140.446	103.403
413.157	256.840	140.005	101.859
413.377	261.353	139.939	97.584
414.799	257.759	138.317	101.141
414.266	258.231	138.689	99.423
416.536	251.519	138.037	106.413
415.253	252.045	137.671	104.920
405.869	274.061	145.676	82.254
406.760	279.657	144.650	76.992
427.977	281.239	122.692	74.894
419.548	279.074	133.183	76.076
423.111	280.236	129.486	74.759
422.274	278.867	130.730	75.855
423.488	279.095	127.868	75.536
423.692	278.552	127.168	75.569
423.772	276.659	126.649	77.465
423.279	276.691	127.892	77.318
423.254	276.803	128.926	77.387
422.454	276.183	129.856	78.019
421.034	276.023	129.587	78.004
421.029	275.832	128.810	78.240
421.178	275.345	128.269	78.406
420.813	274.941	127.936	78.482
420.120	275.135	128.192	78.111
419.676	275.709	129.081	78.247
417.371	275.344	131.022	79.700
417.663	274.529	130.308	82.451
417.313	274.892	130.460	83.297
416.524	275.092	130.403	83.602
417.210	275.081	130.181	83.552
418.130	274.557	129.010	84.973
419.604	274.873	127.938	84.704
421.275	278.138	126.785	81.382
428.658	280.135	118.579	80.126
434.271	282.800	112.174	78.087
432.785	283.132	112.904	77.799
428.299	283.145	116.742	77.697
414.217	283.549	130.020	77.662
411.143	285.407	136.924	76.517
408.995	287.269	137.385	75.881
407.525	288.556	137.493	73.912
406.511	287.419	137.957	75.721
409.381	286.546	136.672	75.987
410.617	284.189	136.770	77.343
408.726	275.905	140.125	83.695
377.786	261.056	166.745	98.686
370.345	266.259	173.256	92.507
411.306	282.691	135.497	76.092
423.797	281.042	126.658	77.267
426.443	278.592	121.775	78.854
426.927	278.587	122.101	77.356
427.572	278.567	123.257	77.268
427.584	278.372	124.544	76.963
428.087	278.728	124.650	76.476
428.062	279.380	124.900	75.678
429.820	278.712	121.965	76.590
429.783	278.718	121.920	76.640
430.280	278.689	122.283	76.679
430.188	279.534	120.531	75.967
429.588	278.361	121.552	76.875
429.320	278.185	120.505	77.197
428.861	278.175	121.380	77.513
425.092	278.547	126.133	78.001
423.256	277.739	126.840	79.905
422.772	276.770	126.516	82.491
424.130	277.764	126.040	81.080
433.386	280.959	116.988	78.046
441.763	277.180	105.741	82.476
404.526	252.452	139.426	101.745
399.781	238.906	152.634	119.357
406.315	233.562	141.950	124.907
408.406	228.776	136.645	127.677
408.969	224.042	133.371	132.227
405.245	223.372	136.255	129.177
398.915	225.536	148.972	126.934
392.973	222.721	146.281	130.208
387.078	229.055	151.925	122.983
419.954	274.367	132.993	80.158
424.223	276.637	127.492	78.663
430.083	276.096	123.186	79.265
430.024	276.850	122.820	78.180
431.033	276.968	121.980	77.917
431.242	276.969	121.754	77.679
430.887	276.774	120.158	77.133
430.440	275.766	120.470	77.476
430.904	274.698	120.083	78.301
430.309	275.055	119.281	76.472
429.590	272.596	117.415	77.998
427.956	271.332	116.637	77.528
423.225	269.918	120.229	77.615
421.623	268.632	121.816	79.346
418.717	267.100	124.086	80.097
416.440	264.361	125.890	81.554
415.945	262.452	123.670	80.960
414.635	260.834	122.184	79.705
415.745	259.998	118.607	78.901
413.798	259.637	120.781	77.174
412.153	257.886	123.453	75.721
407.731	255.274	127.932	78.871
410.433	252.423	126.237	79.056
409.310	250.386	128.260	80.145
409.483	249.248	129.424	80.323
410.261	247.352	129.078	80.837
411.016	245.892	128.657	80.423
413.370	243.497	126.825	80.305
414.665	241.475	124.615	79.296
414.245	237.076	125.838	81.594
411.818	232.718	126.609	85.178
408.313	225.603	129.497	90.087
404.346	224.996	130.758	89.259
403.280	221.600	128.803	91.469
402.668	220.374	127.040	92.537
399.611	219.621	128.326	91.727
392.772	211.060	132.721	98.163
393.080	205.681	131.026	104.012
392.289	204.523	130.637	104.246
392.530	204.406	130.952	103.474
392.286	205.556	130.970	102.764
396.164	212.936	127.983	99.014
398.827	221.734	126.109	93.853
402.999	230.595	123.740	87.906
407.349	236.273	119.983	87.211
413.396	246.063	115.640	86.186
421.745	258.747	108.165	81.741
428.212	269.681	102.377	77.734
432.114	277.288	99.740	77.408
429.824	282.399	103.875	80.000
427.472	285.953	107.762	83.334
420.595	290.661	115.480	87.922
412.484	290.580	125.202	92.982
404.909	288.853	135.390	97.094
392.658	289.009	149.464	101.439
384.912	291.070	154.553	101.388
377.053	291.565	168.385	104.662
371.646	288.822	175.117	108.032
368.908	288.230	178.204	108.904
371.809	286.942	177.463	110.471
371.379	289.822	176.640	107.677
369.273	289.403	175.718	104.979
367.206	286.289	177.224	107.247
366.972	286.256	171.048	108.187
368.724	287.126	165.732	105.836
368.539	286.966	163.333	102.860
365.000	286.183	136.402	88.113
365.295	286.415	124.001	83.026
458.259	300.517	95.719	92.338
460.250	302.884	103.986	90.279
471.246	303.071	98.131	94.369
489.049	304.055	90.551	91.807
463.857	299.993	108.410	95.667
393.284	298.583	136.265	108.829
370.441	296.175	145.839	103.444
356.878	260.852	132.163	109.807
362.133	289.920	128.629	86.134
361.245	288.945	124.876	86.355
359.598	288.949	119.314	87.329
358.877	288.028	114.631	87.456
356.636	288.507	113.674	88.182
356.567	289.706	116.812	88.423
355.894	290.072	114.399	89.230
353.426	290.990	122.029	89.196
352.736	291.559	118.706	89.519
349.111	292.614	126.814	91.837
346.881	292.092	123.826	92.009
346.239	290.926	124.904	95.476
344.931	290.652	123.264	95.082
345.463	287.968	123.814	97.611
344.825	284.978	129.054	100.377
354.639	259.070	150.274	111.965
342.575	288.596	122.374	104.106
340.714	282.606	123.433	111.355
397.836	251.460	127.575	95.121
394.835	259.956	123.930	86.632
391.530	261.626	124.075	83.908
389.289	260.803	123.324	84.413
388.326	261.478	126.110	82.930
386.183	259.104	127.930	85.607
385.956	260.600	129.184	83.267
385.724	259.606	130.900	82.570
387.606	260.388	130.203	78.369
387.227	260.779	129.781	76.947
389.967	258.503	127.062	78.984
389.294	260.179	128.218	76.330
388.286	259.647	130.008	76.300
388.187	259.848	130.185	75.466
388.102	260.073	129.956	76.892
388.462	259.842	129.012	74.156
387.775	260.198	128.936	74.109
386.864	261.374	129.333	73.620
381.421	259.781	132.847	75.347
383.239	261.080	132.427	74.052
381.865	259.356	133.063	75.621
382.373	260.663	133.447	73.833
383.752	261.676	131.332	72.433
381.835	260.417	132.633	74.226
383.594	261.429	130.615	73.341
382.913	259.941	131.461	75.596
383.259	260.387	132.452	74.222
382.694	262.349	132.358	73.056
384.386	260.814	131.093	75.180
383.902	262.849	132.675	74.206
384.394	262.775	132.631	74.947
384.691	262.491	132.304	76.190
386.639	261.823	131.246	78.521
388.117	262.885	129.792	77.902
385.200	263.592	130.689	77.054
381.268	264.940	131.910	74.873
381.752	265.095	130.710	77.489
383.118	264.927	129.598	80.641
387.991	265.097	125.106	81.028
364.628	266.445	151.797	80.892
306.368	264.888	182.589	98.363
313.830	261.752	158.394	99.438
342.183	244.449	161.979	100.149
353.098	232.041	155.832	114.337
362.741	220.460	150.450	126.163
360.006	210.206	143.644	133.351
360.260	203.997	143.114	144.187
354.136	201.504	150.003	143.435
350.006	201.954	142.703	140.321
346.609	213.540	163.013	144.378
325.798	213.622	169.181	125.633
320.292	215.457	145.785	121.763
293.790	245.564	184.908	94.963
349.046	251.847	173.561	92.342
375.151	260.294	142.336	83.594
387.089	263.826	132.882	79.051
385.743	262.904	133.911	78.497
392.023	264.463	127.487	76.207
384.683	264.361	133.833	75.494
388.803	263.716	131.236	76.279
386.258	264.272	133.242	76.017
386.670	263.593	132.865	76.046
386.077	261.567	132.082	77.750
385.716	262.300	130.947	76.011
384.989	262.646	130.547	75.305
387.462	263.679	128.242	73.146
380.863	263.335	132.683	73.929
383.294	262.194	131.448	76.074
385.854	259.170	130.495	79.189
385.213	256.845	128.489	82.335
388.378	261.229	130.300	76.699
327.521	240.440	167.033	98.827
308.247	234.560	192.792	102.371
305.789	234.756	192.754	101.391
301.315	233.373	197.410	100.704
289.708	231.745	148.294	97.379
284.720	232.827	134.120	95.813
279.057	242.309	119.540	83.856
266.397	241.196	126.104	80.344
270.954	243.587	111.322	76.704
395.365	257.739	119.805	76.674
396.533	258.487	129.007	75.863
395.223	256.831	128.901	77.867
396.207	255.954	129.193	78.366
398.317	255.928	127.803	77.624
397.990	256.336	126.165	77.099
396.192	255.793	128.012	77.548
394.832	254.699	127.504	77.385
395.088	254.667	127.652	76.936
397.398	255.059	125.028	75.616
395.329	253.719	127.755	76.809
393.222	255.092	125.113	75.370
393.921	256.193	126.500	74.906
392.801	255.735	125.681	75.158
391.527	254.638	125.827	76.726
390.364	257.374	126.668	74.276
390.600	256.347	126.664	75.501
394.769	256.486	123.719	75.646
386.928	254.852	128.871	77.400
344.702	277.611	142.395	114.190
345.972	266.694	152.490	123.221
368.062	258.413	149.634	132.199
374.382	258.698	145.228	117.325
390.484	256.720	134.371	114.759
390.856	254.793	140.636	122.211
393.605	252.682	140.862	125.163
394.919	251.382	143.291	127.171
396.252	252.081	142.345	125.177
398.141	259.471	137.590	119.610
391.246	258.395	132.470	122.078
393.172	260.371	127.829	118.907
382.678	259.835	137.112	127.850
368.410	256.078	150.493	132.938
383.425	255.645	138.639	85.162
387.318	255.538	131.341	76.219
391.174	253.628	127.604	76.308
390.256	251.594	128.952	77.852
390.989	251.133	126.960	77.969
389.102	251.184	128.858	78.282
390.248	252.096	128.624	77.911
388.783	251.761	129.424	79.189
389.639	251.481	128.988	79.961
388.839	253.651	129.147	78.431
388.318	254.150	129.014	78.452
388.203	256.530	129.359	75.712
384.178	255.324	132.248	77.826
383.942	256.671	132.217	76.971
383.806	258.193	132.039	76.068
383.987	258.074	131.480	76.292
382.651	259.112	135.335	77.130
382.549	259.683	134.517	75.669
382.202	259.777	134.588	75.533
383.961	259.162	133.123	75.654
385.849	259.097	130.588	74.969
386.057	259.971	130.493	73.003
387.662	260.158	130.352	72.203
388.932	260.337	129.013	72.624
386.500	260.054	130.844	74.113
385.725	260.135	132.217	77.221
388.803	260.388	127.888	76.567
384.688	258.670	131.750	79.591
385.587	259.535	131.229	79.632
386.549	260.836	128.925	78.936
385.437	262.509	128.452	77.783
386.165	264.236	126.616	76.581
387.170	264.794	125.472	76.691
386.762	264.709	124.903	77.084
385.978	264.185	125.759	77.040
386.908	263.373	125.380	78.041
387.678	263.881	125.569	77.223
388.094	263.501	126.081	77.554
387.831	261.877	125.985	79.227
387.126	264.030	127.137	76.597
385.454	261.729	128.602	78.827
384.895	260.767	129.977	79.100
383.397	260.697	130.344	77.706
383.805	261.658	130.320	76.068
383.756	260.533	129.346	77.710
379.065	260.308	127.807	78.316
374.826	260.306	128.308	77.089
371.270	261.886	138.826	75.264
363.120	262.356	149.527	74.259
341.835	264.855	156.745	118.450
339.981	262.004	151.117	130.852
344.228	258.273	161.607	133.831
347.135	263.422	158.108	127.503
347.053	264.183	158.169	122.868
325.078	267.353	161.457	140.529
327.047	253.288	185.595	141.156
345.898	256.070	208.428	125.202
352.435	252.094	210.934	114.531
359.262	257.291	157.185	93.538
375.036	255.412	139.074	79.697
379.906	256.656	132.780	76.482
377.268	257.241	134.298	76.971
374.367	258.900	137.272	76.040
377.852	257.938	137.495	76.686
372.380	258.312	139.239	77.208
346.629	261.518	163.502	88.881
327.667	274.201	166.495	123.101
333.003	264.071	171.945	128.972
336.655	266.402	163.287	124.644
346.236	260.350	162.767	127.712
352.694	262.835	153.663	121.250
360.136	261.497	145.062	115.549
365.760	261.712	143.521	85.832
373.072	258.120	138.117	100.103
373.134	268.569	130.320	113.784
374.919	253.121	136.161	86.480
378.711	254.179	135.063	77.969
381.557	253.624	130.281	78.522
371.554	253.099	132.640	77.089
383.259	254.130	133.268	78.818
375.272	256.554	128.049	76.047
383.414	254.893	133.297	75.946
378.523	256.021	129.687	74.475
385.457	254.475	133.272	73.172
383.268	253.179	132.650	76.947
383.193	254.043	131.747	75.543
384.241	253.425	132.226	75.579
384.691	253.379	132.744	75.755
386.049	252.911	132.519	76.447
387.635	252.716	130.648	76.417
386.581	253.560	131.201	75.948
386.663	254.572	131.609	75.811
387.939	255.056	131.119	74.940
389.381	254.150	131.613	75.755
388.600	253.513	132.085	76.529
386.723	252.690	131.549	76.851
386.328	253.351	128.727	76.606
385.636	252.986	129.975	77.023
381.840	253.228	127.560	76.685
387.522	251.121	128.706	77.918
388.771	254.095	131.395	76.202
389.850	253.255	132.280	77.472
390.973	252.192	129.320	79.693
389.193	252.740	131.498	78.234
388.534	251.875	132.814	78.348
389.574	250.272	132.153	80.803
389.727	250.944	132.111	79.060
389.126	250.317	132.218	79.865
389.978	250.808	131.179	79.805
387.683	250.410	132.506	79.937
387.202	250.900	132.233	79.226
387.016	250.861	132.109	79.175
385.943	250.680	131.903	79.453
386.098	250.499	131.467	80.073
385.750	249.768	133.335	81.300
383.533	250.345	132.703	78.363
384.125	249.771	129.917	78.040
384.636	250.680	130.080	76.732
383.070	250.088	129.433	75.925
380.423	251.771	132.683	74.927
373.074	255.659	143.470	83.214
348.693	264.904	155.581	134.455
345.751	255.289	165.583	141.366
349.317	255.384	162.543	141.231
348.849	267.538	157.732	127.392
376.986	248.528	132.098	132.507
385.795	245.756	130.573	88.522
383.888	248.392	129.948	73.696
385.092	248.223	128.177	75.597
385.310	248.244	130.554	75.567
385.008	249.424	132.042	75.320
384.399	249.213	131.568	76.015
383.783	249.447	131.964	75.912
383.442	249.161	132.336	77.686
381.454	251.146	133.767	78.092
377.023	251.964	132.816	82.364
376.186	255.444	134.593	80.411
377.207	258.444	133.297	77.943
376.713	257.499	133.320	79.298
377.654	258.296	136.413	77.193
378.249	259.293	131.306	76.539
378.661	259.969	131.430	75.117
379.097	260.064	132.203	74.886
379.349	260.012	131.986	75.347
378.646	259.491	132.474	76.609
377.432	259.407	131.923	76.134
376.442	260.524	131.590	74.518
374.668	260.568	129.497	72.431
377.382	259.785	129.576	72.021
378.067	261.119	121.675	71.101
376.733	260.456	133.139	70.839
376.697	258.889	131.625	73.492
379.586	258.362	130.037	75.040
376.823	259.220	126.980	73.691
381.549	260.643	128.107	72.387
383.837	261.231	124.770	72.567
378.210	261.819	132.903	72.555
383.996	261.716	128.555	72.998
381.085	262.054	130.716	72.209
382.408	261.537	130.217	73.907
379.921	261.212	130.911	74.871
384.832	260.987	126.709	75.695
384.889	262.504	125.726	74.646
383.998	261.837	127.150	76.073
381.484	260.684	129.460	78.014
384.991	260.077	127.130	78.402
381.469	260.457	123.250	78.026
383.361	263.432	125.937	73.781
382.750	263.956	126.482	73.431
385.983	261.386	126.433	75.582
387.045	261.871	124.274	75.590
388.366	263.154	123.583	73.871
387.862	263.780	123.860	72.842
383.408	263.414	124.731	73.055
384.388	262.722	128.726	74.609
378.520	262.257	129.224	76.110
387.112	263.186	122.915	72.377
378.131	259.700	149.492	90.977
327.560	272.348	152.253	137.268
335.828	266.132	172.594	144.056
339.368	263.492	169.032	145.742
343.792	260.907	164.574	144.381
352.441	260.381	156.096	146.279
349.711	261.844	159.874	137.748
351.926	262.176	157.460	134.051
354.420	261.154	155.845	132.408
359.549	262.621	152.984	123.789
364.256	260.877	148.435	122.442
365.478	259.757	144.288	122.357
366.008	259.933	145.036	119.905
368.715	256.641	142.709	122.256
369.690	256.093	141.655	122.187
370.510	256.126	141.558	122.128
371.049	254.568	140.813	123.366
371.134	255.306	140.510	122.985
369.912	256.045	141.240	121.476
368.099	256.910	142.491	120.909
364.776	257.887	145.085	120.347
364.109	259.117	145.661	119.353
362.997	259.973	146.499	118.716
360.837	260.452	148.369	117.370
358.164	261.340	149.238	114.739
360.716	262.101	145.947	112.392
358.244	259.993	148.229	114.276
359.763	258.972	146.985	113.792
365.128	257.740	142.235	112.996
369.163	256.624	138.216	112.608
370.108	256.264	136.388	110.711
371.061	256.328	134.805	108.874
372.928	255.905	133.872	108.310
374.202	256.236	133.241	106.557
377.748	252.575	133.054	109.225
377.599	253.108	137.776	105.940
376.633	253.328	141.048	101.109
375.615	251.085	145.558	101.692
373.516	249.880	150.394	99.988
373.635	243.659	154.762	105.338
372.871	242.580	159.034	104.600
372.068	241.782	162.348	104.464
370.717	243.660	165.763	100.551
369.899	244.032	165.976	99.991
366.465	241.896	169.865	100.830
368.924	240.998	171.477	100.203
369.209	241.361	173.547	98.288
365.843	239.312	180.476	97.622
362.126	239.358	187.267	96.976
359.922	237.594	189.288	98.864
355.882	237.492	191.056	98.487
356.789	236.020	189.791	101.236
355.121	236.270	190.360	100.972
353.904	236.150	191.211	101.328
353.987	237.327	190.727	100.032
353.390	237.248	191.323	100.008
350.281	237.443	193.185	98.626
348.372	237.037	194.070	98.337
360.571	236.662	180.858	97.628
358.682	237.419	181.641	95.621
358.363	238.843	182.510	92.459
356.378	238.553	185.911	92.991
354.671	238.123	187.814	93.999
356.751	237.054	185.158	95.355
358.848	235.631	182.745	97.332
359.337	235.449	182.686	97.668
361.187	235.773	181.082	98.161
358.744	232.830	182.593	101.926
360.612	230.389	181.707	105.037
346.294	231.643	195.020	103.997
344.518	231.540	198.477	104.805
346.626	231.323	192.881	105.661
346.509	233.272	194.564	105.078
345.941	229.483	199.349	111.301
346.821	225.760	198.087	116.784
348.168	223.194	197.599	119.535
345.511	222.424	199.784	120.404
342.647	221.569	202.258	121.581
344.820	223.031	201.373	121.963
346.280	223.996	198.736	122.641
348.759	223.054	195.737	124.437
352.650	223.665	190.941	124.529
355.103	224.240	187.781	124.038
363.619	230.639	179.080	118.105
369.159	237.094	170.898	112.878
381.443	245.198	156.237	105.500
386.672	253.172	148.958	97.831
390.800	269.266	145.530	81.548
398.781	275.184	135.318	77.214
406.187	277.938	126.690	72.508
410.442	278.596	121.433	70.165
411.936	278.602	118.315	69.735
411.546	279.191	117.470	68.168
410.493	278.483	116.863	68.840
407.692	277.932	115.625	68.710
404.117	278.797	116.000	66.423
400.130	278.879	116.102	65.874
396.258	280.079	116.061	64.991
391.799	281.895	117.187	64.783
391.562	282.117	114.963	64.310
387.699	280.086	116.895	66.850
386.924	278.861	115.548	67.372
385.187	279.479	114.208	67.481
382.736	279.511	113.954	66.369
376.035	280.730	114.350	64.986
372.831	281.527	114.388	66.426
370.061	281.493	116.178	68.405
365.588	282.932	117.928	67.567
362.480	282.696	121.521	70.260
357.517	284.800	124.265	69.761
358.939	283.063	124.081	73.048
353.765	285.242	124.196	72.000
351.540	287.416	127.567	71.497
353.018	285.527	127.970	71.029
353.497	282.308	125.309	73.697
354.589	278.121	126.576	77.039
356.782	283.152	124.153	72.142
361.070	274.309	123.083	79.036
364.477	279.194	119.722	74.772
367.777	280.927	117.419	69.548
366.584	277.923	121.718	71.666
368.596	271.890	121.206	76.690
370.386	271.551	121.111	75.516
371.438	271.949	121.921	75.224
372.337	269.854	122.266	76.475
368.803	234.652	127.652	108.887
363.055	219.883	133.080	119.330
360.587	217.489	137.029	118.358
361.521	218.125	135.402	109.638
366.347	219.572	125.397	94.031
367.056	220.778	125.067	94.548
367.009	220.993	127.150	94.902
369.204	221.201	124.705	95.216
369.843	222.647	130.451	101.346
371.468	224.886	128.319	106.076
369.668	224.929	144.180	105.513
369.289	224.787	144.150	106.470
371.439	225.858	144.576	111.086
371.777	227.404	149.308	107.776
374.497	229.852	150.818	102.424
383.286	228.562	143.964	103.712
382.871	230.257	146.449	102.115
381.987	231.492	147.785	99.994
382.310	233.238	144.366	97.629
379.472	234.182	148.397	94.899
384.668	236.641	145.181	91.754
385.344	237.831	145.193	91.974
386.782	240.337	143.637	93.407
381.888	239.582	147.399	92.089
379.832	239.506	147.735	91.549
383.178	240.179	143.928	91.290
380.622	241.045	143.598	90.737
379.391	240.680	146.722	91.906
378.780	239.898	150.247	93.368
377.784	240.422	149.687	93.504
377.090	241.575	150.759	93.502
376.201	241.371	151.803	94.057
375.452	241.733	152.308	93.484
381.139	242.831	148.542	90.073
383.734	241.703	141.607	90.987
378.579	240.207	142.902	91.919
377.916	239.853	144.407	90.340
376.386	239.082	149.797	91.998
375.337	239.262	150.959	93.618
374.708	238.128	150.987	92.802
374.219	243.032	146.075	82.819
375.470	245.220	143.663	80.086
377.421	246.254	144.598	80.327
374.163	248.313	141.187	78.373
375.806	249.002	137.082	79.215
371.258	253.931	144.299	77.788
371.050	257.140	142.455	75.168
370.205	259.282	143.483	74.052
371.737	260.857	138.570	72.856
374.589	262.758	135.095	71.271
377.960	264.254	130.547	71.606
386.628	266.180	120.174	72.470
389.301	267.400	115.361	72.297
386.760	265.939	119.188	74.492
382.197	266.911	123.653	74.989
380.060	268.414	126.455	74.056
379.066	269.319	128.723	73.707
377.870	265.319	130.030	77.765
375.016	263.808	133.952	80.659
370.669	267.386	142.575	79.199
363.157	266.544	162.774	83.017
356.437	266.789	171.850	83.896
353.155	268.521	183.131	83.574
343.149	271.110	194.207	83.850
339.555	272.887	204.454	82.716
332.973	276.986	217.154	79.238
334.131	275.149	216.441	82.602
395.370	276.580	157.941	87.127
376.216	278.394	182.521	85.985
413.689	273.836	138.723	92.920
