785.000	332.000	58.000	104.000
767.506	327.327	56.882	106.033
750.849	323.948	55.508	106.484
732.934	324.397	56.637	104.512
717.000	324.324	57.710	99.978
701.095	322.406	52.541	101.396
683.644	319.162	51.801	103.562
666.774	317.845	52.823	102.686
650.600	318.534	50.574	102.029
634.214	317.524	51.764	103.138
619.368	316.785	51.282	102.215
603.912	315.219	51.094	102.640
587.944	312.579	51.884	103.391
572.985	310.324	54.215	104.054
560.365	308.959	53.948	102.346
549.967	306.170	52.768	101.088
540.211	304.513	56.213	100.225
535.484	303.487	54.865	100.646
532.854	302.113	53.101	100.283
532.288	299.314	51.356	100.135
528.477	300.075	52.450	100.146
525.783	297.697	50.062	100.802
520.369	297.757	50.502	100.294
515.009	297.376	50.815	100.256
510.311	298.387	49.559	97.434
504.955	298.985	50.308	97.241
496.400	300.269	51.129	95.621
487.927	300.865	49.593	96.042
480.190	301.670	51.557	96.905
478.471	300.372	49.768	97.269
475.285	301.736	48.290	95.672
470.045	301.457	49.162	96.540
463.648	303.417	49.212	93.817
459.744	303.163	48.887	93.401
455.666	303.998	49.496	94.845
454.294	302.352	49.268	96.289
452.963	303.202	49.678	95.390
451.059	303.541	51.160	96.286
449.588	303.749	50.968	95.871
450.228	303.588	49.973	96.548
449.467	305.164	50.271	95.167
449.517	303.957	49.517	96.856
449.078	306.132	49.315	95.929
447.807	306.760	51.071	95.794
448.839	307.646	49.959	95.711
448.902	307.550	48.286	95.107
449.774	307.159	47.740	95.950
449.871	308.414	47.371	94.628
448.947	307.403	48.435	94.749
448.562	307.517	48.267	94.530
448.038	306.827	48.677	95.043
448.034	306.818	48.836	94.761
448.898	309.051	49.348	92.045
448.356	307.373	50.326	93.259
449.789	307.573	49.072	92.834
449.818	306.459	49.541	93.003
450.653	306.990	49.473	91.792
451.848	306.628	49.069	91.471
453.284	307.295	48.219	91.732
453.894	304.889	48.899	93.527
455.487	306.120	49.538	92.482
457.530	305.650	49.113	91.470
459.537	305.324	50.422	90.734
461.881	305.253	50.866	91.107
464.016	303.183	51.458	91.908
467.992	302.421	51.384	92.033
470.920	302.428	51.611	91.212
474.115	303.120	51.304	91.334
477.346	303.520	51.104	90.187
481.384	302.898	50.061	89.328
485.500	303.884	50.363	91.226
489.944	305.511	51.527	90.717
493.788	305.946	50.095	89.996
496.979	306.389	49.892	89.902
499.971	306.894	49.852	89.460
503.175	306.923	49.173	89.739
505.578	307.204	50.016	89.153
508.023	307.760	49.586	89.745
510.326	307.712	49.805	89.183
513.704	308.250	48.889	89.027
516.135	309.648	50.035	87.420
519.608	310.777	49.784	86.620
522.506	310.371	49.212	86.585
524.553	311.073	49.828	86.674
528.029	310.732	49.195	86.976
530.451	311.120	49.913	85.855
533.431	310.808	50.889	86.119
538.034	310.011	49.708	85.731
540.067	310.307	50.800	85.865
543.185	310.316	50.893	85.845
546.311	309.014	49.977	87.139
547.441	310.328	49.624	86.485
548.244	310.415	49.145	86.088
548.819	310.526	48.331	84.977
548.289	310.606	48.497	85.554
548.370	310.609	47.983	84.465
548.643	310.821	47.192	84.300
551.527	310.530	46.874	84.056
551.441	310.508	44.872	83.303
552.227	310.019	43.152	83.739
550.856	310.603	44.762	82.442
551.812	310.110	44.457	84.205
552.196	311.477	46.305	83.361
554.380	312.135	46.330	82.446
557.462	312.338	45.342	82.040
560.234	312.785	45.520	81.496
562.975	315.082	46.885	80.247
567.859	315.091	45.861	79.556
571.843	315.474	46.706	80.825
575.061	315.736	49.763	79.640
579.502	315.917	49.591	80.343
581.585	315.772	47.850	80.603
582.685	316.109	48.557	79.158
583.607	316.310	47.854	79.255
583.523	316.431	48.952	79.125
582.134	316.147	49.192	79.493
581.668	315.127	47.707	80.142
580.204	315.526	47.533	79.761
577.673	316.019	48.530	78.515
576.431	315.830	46.984	77.739
575.239	315.948	45.147	77.542
574.552	315.479	43.846	77.904
571.974	314.774	46.297	77.407
571.998	314.170	44.958	78.460
572.978	313.409	45.008	76.468
572.547	313.229	44.441	75.827
572.528	313.021	43.616	76.334
573.843	313.149	43.799	75.872
574.295	312.889	42.164	76.820
575.397	312.685	41.363	77.775
576.824	312.988	43.714	75.948
579.523	313.410	43.188	75.623
579.969	313.310	44.340	76.730
581.597	313.515	43.900	76.591
581.427	313.964	44.959	76.702
582.238	313.859	44.540	75.635
584.564	316.454	44.910	73.154
587.570	316.084	44.546	73.739
590.861	315.618	44.220	74.305
593.916	315.873	43.437	73.037
596.500	316.499	41.735	72.599
596.742	316.753	42.058	73.488
596.898	316.768	41.814	74.802
597.226	316.842	40.769	75.256
597.762	317.526	40.664	75.481
598.301	317.473	41.384	75.749
598.848	317.979	42.374	74.504
600.131	317.944	40.961	75.910
600.911	317.283	39.493	76.211
600.504	318.083	39.425	76.672
597.832	318.447	41.359	75.386
597.258	319.096	41.969	74.611
597.943	319.272	40.848	75.234
598.575	319.729	40.751	74.374
597.737	319.821	41.258	74.731
598.473	320.710	40.856	75.715
600.382	321.658	39.732	76.088
598.733	322.404	40.643	74.537
599.347	323.319	41.206	74.903
597.685	324.029	44.592	74.692
597.993	324.522	44.770	73.494
599.239	324.556	44.940	73.017
598.472	325.177	46.443	72.928
601.254	324.898	45.201	72.802
604.384	325.081	43.433	72.873
604.341	325.252	44.178	72.534
608.607	324.330	41.337	74.008
612.962	324.766	38.502	73.794
614.761	324.384	37.146	73.963
616.385	324.817	36.170	73.378
617.276	323.905	35.548	73.533
616.794	323.577	35.073	74.142
602.259	322.550	44.808	71.968
611.786	322.146	37.554	73.747
610.978	322.036	36.418	74.331
608.551	321.812	35.170	73.843
606.399	321.594	34.800	73.367
605.529	320.974	35.239	73.210
603.258	320.283	38.067	72.560
603.468	319.325	36.736	73.022
601.311	319.403	35.429	72.774
599.923	319.694	35.574	71.070
598.755	320.808	35.053	69.624
597.009	320.152	35.910	70.701
595.711	320.570	36.160	68.898
595.779	320.039	35.182	71.311
595.414	321.281	36.033	69.487
595.286	321.019	36.201	70.510
595.243	321.526	36.268	69.940
593.927	320.991	36.734	69.799
592.243	321.265	37.997	69.675
590.920	320.700	37.722	69.358
590.897	321.172	37.435	69.960
589.076	320.934	38.667	69.941
585.018	320.809	40.548	69.530
581.555	321.508	42.271	69.888
578.523	320.686	43.353	70.698
578.155	321.598	42.252	69.510
579.519	322.656	39.252	67.766
576.768	322.536	40.618	68.058
579.138	322.136	38.388	68.570
575.324	320.768	40.003	68.770
576.969	321.050	36.586	69.504
575.784	320.272	37.043	70.756
574.694	321.227	36.920	69.929
573.240	321.321	37.760	70.650
571.247	321.335	39.592	70.483
569.156	320.044	40.835	71.887
570.437	320.703	39.907	71.356
569.478	319.920	40.865	72.825
564.642	320.482	45.376	73.411
558.234	320.812	48.689	72.637
549.494	316.528	54.124	79.941
542.933	319.762	50.784	71.620
562.630	323.085	43.008	71.118
563.598	322.161	41.151	72.241
561.302	322.871	41.356	71.830
561.562	322.919	40.590	71.440
561.152	323.497	38.102	70.479
557.629	323.761	40.955	69.709
537.438	324.471	53.629	67.864
544.185	324.160	51.520	69.253
544.781	324.506	48.594	67.755
549.533	325.698	43.639	66.870
549.788	325.440	42.469	67.024
597.716	324.345	45.937	75.986
596.426	326.920	49.591	71.662
593.264	326.047	49.984	72.470
592.223	335.500	51.172	69.407
587.888	324.970	50.758	74.198
589.575	323.662	49.160	75.589
587.325	322.824	47.306	74.258
584.966	321.455	45.505	74.270
583.473	320.628	44.239	74.167
578.530	319.943	45.837	76.107
576.588	320.073	44.040	76.120
571.204	318.570	45.798	76.504
564.296	319.533	48.056	75.395
560.985	318.591	50.630	76.258
558.200	319.266	55.164	75.450
556.339	318.640	53.328	76.909
556.498	318.526	51.050	76.010
553.761	317.015	51.422	76.367
551.547	315.634	48.461	75.728
437.924	304.377	49.828	82.673
436.862	303.043	52.352	83.923
433.751	302.490	55.852	85.344
433.660	301.863	54.291	86.132
435.761	304.047	54.167	84.203
443.773	307.094	60.525	82.720
435.387	305.275	55.991	83.544
434.749	303.745	53.293	84.416
434.930	304.110	52.442	83.111
528.242	313.038	51.823	75.930
528.035	314.207	52.585	75.918
530.119	314.883	48.865	76.013
528.490	314.267	47.474	74.805
530.061	313.954	44.682	73.629
528.280	315.630	44.013	72.659
528.296	313.363	41.238	75.533
526.195	314.171	42.674	74.891
521.709	312.951	45.746	76.510
518.262	312.944	47.800	75.518
514.097	312.581	51.391	75.849
514.917	315.278	52.176	76.584
511.309	313.777	54.434	75.984
507.038	312.201	61.213	78.316
506.588	312.316	60.113	78.527
508.083	311.652	57.006	78.696
510.189	316.864	52.481	75.848
512.718	313.243	47.370	77.630
510.914	313.951	46.698	78.075
508.834	313.207	47.180	80.177
508.849	316.063	49.161	77.529
509.468	317.665	49.262	75.681
510.759	315.369	49.544	78.849
512.896	316.907	52.118	74.713
515.252	312.744	47.575	80.137
516.850	312.846	49.888	76.695
519.346	312.675	47.780	75.818
521.592	312.835	47.971	77.564
519.914	308.728	45.616	79.974
523.469	309.455	50.272	81.098
525.583	311.721	49.325	78.270
523.539	309.437	44.468	80.210
577.805	317.479	45.147	71.506
568.730	318.455	49.111	72.427
669.145	327.350	38.797	72.287
670.817	326.451	40.643	75.684
669.582	326.600	42.681	74.605
668.336	328.849	43.243	73.370
668.934	327.849	43.726	75.418
665.258	329.020	48.282	73.032
661.990	329.293	54.479	74.270
670.107	328.170	50.532	75.638
557.257	322.635	46.313	75.036
557.227	316.074	35.328	77.905
556.590	322.740	42.004	72.305
553.082	325.555	47.156	72.672
552.399	319.694	51.877	71.493
546.519	318.754	62.685	75.224
557.304	322.401	54.045	76.474
564.560	322.735	52.933	73.837
568.567	321.243	49.451	72.249
510.774	316.243	45.148	74.673
515.513	315.789	47.629	75.101
519.934	316.594	48.256	75.336
522.642	317.788	50.824	74.394
525.472	318.304	50.364	75.123
527.166	318.802	49.642	75.441
527.816	318.530	44.766	75.442
528.301	319.538	42.615	75.892
526.935	320.485	44.238	76.148
523.224	319.941	47.049	75.912
518.171	320.631	52.060	75.665
516.374	321.178	52.420	75.209
514.221	320.953	52.561	75.823
513.112	321.288	51.925	75.580
512.405	320.708	51.976	76.287
511.245	321.480	51.043	75.128
509.669	320.728	49.939	75.528
508.828	320.582	46.945	74.777
508.338	320.300	44.331	74.092
505.437	320.174	44.575	73.745
502.174	319.949	46.561	73.693
499.125	320.167	48.440	73.722
497.546	319.454	50.372	75.823
497.107	320.167	48.446	74.832
498.538	321.299	47.920	73.489
500.519	322.015	43.431	71.969
503.482	321.939	45.755	74.474
504.647	323.290	45.376	73.066
504.517	323.182	45.548	73.291
515.386	323.220	52.826	75.477
507.452	323.071	44.416	72.589
518.338	323.316	39.248	72.545
467.180	318.842	44.711	74.597
435.482	314.020	51.508	80.677
461.273	316.569	47.146	86.582
515.747	324.923	55.897	73.234
513.924	324.396	52.120	74.826
505.756	326.288	45.722	73.027
490.237	326.041	46.657	74.213
477.629	315.921	42.780	80.476
462.983	319.754	45.233	79.278
468.506	317.068	44.275	82.845
484.365	324.105	47.214	77.910
491.163	326.038	45.773	74.653
494.455	327.067	40.793	74.416
494.886	327.242	40.065	73.764
464.087	327.444	43.198	76.044
459.490	325.291	45.757	77.608
444.247	322.835	58.878	80.722
443.737	327.018	60.728	79.395
453.086	332.085	49.397	79.012
470.755	340.102	44.168	78.664
463.380	350.001	43.656	76.555
453.486	355.171	42.765	78.141
446.733	356.888	41.225	76.512
443.784	354.188	40.902	79.197
440.392	348.164	41.139	80.655
442.728	342.591	40.159	80.440
446.101	335.911	40.032	77.018
451.508	330.574	35.762	74.359
450.243	328.184	37.001	74.751
449.527	326.260	34.850	76.340
449.906	326.570	52.846	75.727
440.214	324.226	56.879	77.686
432.989	321.431	47.872	81.642
435.235	321.274	48.236	80.433
435.424	322.122	48.533	79.855
429.793	323.371	49.191	79.626
424.255	322.398	46.545	80.411
419.871	320.317	44.061	81.181
419.234	314.727	42.770	85.782
418.883	313.015	45.062	84.575
421.328	308.371	47.045	83.537
424.042	307.822	44.292	78.959
424.547	306.259	44.486	77.851
426.997	310.219	41.065	76.266
425.629	309.372	40.381	78.332
425.743	308.744	39.431	79.702
420.920	308.594	42.471	79.804
413.882	308.686	47.933	78.295
411.904	303.790	49.740	82.105
410.689	301.329	52.194	83.635
411.884	300.721	51.933	82.924
413.279	300.112	52.214	83.749
414.200	300.123	50.563	83.052
412.656	300.021	50.355	81.564
406.756	297.694	49.532	78.659
402.891	297.017	53.189	74.899
400.315	290.122	52.956	77.730
409.126	288.663	49.540	78.231
408.760	286.203	47.373	79.076
407.612	285.305	46.558	78.782
404.058	285.819	46.617	78.511
404.211	285.619	41.854	79.847
400.773	286.711	44.219	78.611
397.347	288.126	42.393	77.803
392.720	287.447	42.948	79.922
391.585	289.918	44.971	73.050
387.003	292.454	46.847	71.026
394.831	292.310	52.715	74.033
385.439	291.373	45.611	74.364
388.036	288.447	44.363	75.968
387.823	284.186	46.723	78.622
382.296	287.355	48.327	76.774
350.416	303.463	45.457	55.690
391.104	290.013	39.784	68.330
356.149	306.759	41.124	55.136
370.956	301.185	42.685	67.120
381.810	284.874	41.107	78.493
370.476	302.354	45.056	65.946
362.992	302.236	42.090	64.943
392.313	294.492	46.702	73.169
370.651	287.842	56.958	79.255
357.136	298.841	54.726	70.261
350.963	283.590	51.815	82.222
348.278	287.873	51.756	78.688
356.888	298.599	45.233	71.222
352.434	287.809	43.897	79.575
357.433	298.069	42.025	71.235
357.838	298.949	41.269	70.699
377.025	302.323	52.175	66.648
334.286	296.047	56.192	72.541
350.661	296.888	43.769	69.807
352.161	297.929	43.096	68.823
349.092	297.330	43.870	68.010
350.789	296.545	41.483	69.233
349.193	297.818	41.851	65.941
347.302	296.645	41.071	65.411
347.119	297.487	39.207	64.789
349.293	296.308	41.240	65.838
346.219	294.856	42.478	63.937
348.547	293.800	39.634	66.040
348.739	294.266	38.301	65.561
349.363	292.960	37.844	66.773
347.778	293.039	38.572	66.577
345.566	294.694	40.889	65.611
339.442	298.044	41.345	69.144
336.761	299.952	43.995	67.834
335.037	300.709	45.028	66.699
331.579	301.690	48.944	65.978
325.962	299.679	52.370	69.199
329.446	303.237	47.458	64.979
328.585	301.460	47.080	67.277
329.163	300.062	45.110	67.889
324.915	301.313	44.092	66.134
324.680	299.820	41.845	67.840
312.562	299.343	39.495	64.554
302.895	298.792	47.338	65.083
313.724	297.845	42.031	66.419
312.132	297.115	40.693	65.458
310.090	297.082	39.905	65.396
305.463	296.427	40.256	66.531
301.456	297.737	41.911	65.179
298.433	297.121	41.135	65.507
294.891	297.990	43.123	64.627
287.362	296.426	46.204	65.502
283.449	296.646	45.399	64.865
279.787	295.410	41.258	66.593
275.547	295.097	40.333	66.181
273.231	293.808	38.464	67.325
269.889	293.976	36.336	66.663
266.815	293.156	36.996	67.324
263.143	293.201	36.872	66.623
258.463	291.946	37.616	66.969
253.532	291.663	38.427	67.093
248.463	291.160	39.336	66.934
242.620	289.788	41.673	68.098
238.973	289.542	40.928	68.219
234.617	289.394	43.039	67.462
232.018	288.821	43.336	67.808
229.174	287.639	42.835	68.230
226.200	286.804	43.694	68.615
224.577	286.438	42.137	68.196
222.646	285.820	41.916	67.999
220.267	285.706	42.568	67.529
218.469	285.279	41.652	67.698
217.225	285.032	41.255	67.340
216.022	284.985	40.156	67.309
215.154	284.953	40.480	67.178
215.668	284.245	38.989	68.000
214.350	284.831	38.565	67.081
214.202	284.574	38.500	67.485
213.312	285.107	38.889	66.917
213.982	284.164	38.149	67.857
214.267	283.965	38.597	68.519
214.306	284.921	37.928	67.813
214.320	285.192	38.186	67.381
214.017	284.192	38.084	69.054
213.119	284.310	39.435	69.111
213.232	284.660	39.437	68.208
213.390	284.749	39.257	67.969
212.881	284.857	39.529	68.397
213.694	283.997	38.070	68.999
213.420	285.462	37.639	67.366
213.049	285.763	36.406	66.882
210.445	284.586	38.276	68.870
208.390	284.289	39.236	68.670
205.193	284.347	40.530	68.661
201.790	283.344	41.741	69.110
197.587	282.964	42.532	69.127
193.926	281.431	42.560	70.407
188.604	281.317	45.550	70.281
182.945	281.783	48.096	69.892
177.138	280.981	47.338	69.750
170.411	281.072	46.766	68.692
166.262	280.563	46.109	69.156
165.056	278.801	43.863	70.429
164.069	278.079	41.461	69.965
161.931	278.039	40.414	69.328
158.882	277.516	38.908	69.314
160.638	275.770	35.732	70.080
192.742	283.166	35.074	61.317
160.948	275.956	31.921	68.859
159.767	274.873	35.181	69.460
159.374	274.016	37.732	69.384
159.524	273.855	40.244	69.043
159.465	275.265	43.194	67.328
159.911	274.886	45.050	67.880
159.792	274.371	45.616	68.677
165.139	274.511	46.122	68.868
183.100	275.571	40.687	67.944
184.227	276.453	43.594	66.926
177.096	276.599	44.322	66.287
185.542	275.839	42.246	68.177
191.073	275.624	39.745	69.125
196.204	275.004	38.629	69.851
201.110	275.985	37.367	69.740
204.068	277.571	37.852	68.205
207.085	279.758	37.883	66.780
209.524	278.326	41.394	68.550
210.127	278.312	46.288	69.162
211.707	278.163	47.485	69.647
213.428	279.420	48.367	69.260
215.069	278.597	48.933	70.003
218.869	279.620	47.065	68.920
222.622	279.197	45.156	69.518
225.424	279.895	43.229	69.328
228.081	279.760	41.986	69.505
231.039	279.738	42.015	69.006
230.815	279.642	45.487	69.027
232.981	280.028	47.163	68.482
239.368	280.492	44.484	69.305
240.550	281.436	46.147	67.933
241.274	282.153	49.186	67.733
245.515	282.747	48.879	67.082
248.995	282.525	48.570	67.858
253.827	283.345	44.723	67.806
259.034	282.702	41.516	68.908
263.622	282.657	39.825	69.259
269.756	282.970	36.409	68.763
272.391	283.692	37.151	67.986
275.813	282.969	36.811	68.627
278.700	283.018	37.014	67.691
281.001	283.479	37.843	69.112
283.333	283.387	40.367	70.094
285.992	283.621	42.789	69.283
287.849	283.760	45.693	69.624
289.124	283.545	46.926	70.428
292.023	283.755	46.569	70.955
293.951	284.647	46.619	69.763
300.224	284.310	43.213	70.509
305.635	284.897	39.842	69.853
309.821	284.550	38.927	69.746
314.913	284.291	39.036	70.547
390.833	282.777	47.903	80.537
391.828	282.215	49.044	78.904
393.033	284.082	50.946	75.756
393.587	283.607	49.886	77.190
395.405	283.015	50.138	78.219
400.166	282.809	47.947	77.535
406.612	282.967	44.405	78.308
409.711	285.876	42.711	76.016
412.869	285.541	42.473	75.157
416.100	284.995	41.403	76.452
418.168	283.030	42.500	79.631
418.167	283.612	42.831	78.928
420.198	284.728	41.795	77.552
420.159	285.025	43.625	76.951
420.566	285.126	45.135	76.807
420.472	284.940	47.812	77.484
422.191	284.452	47.576	78.661
424.220	283.380	47.006	79.296
425.957	282.302	48.053	79.597
432.336	282.511	46.106	78.507
439.307	283.096	46.862	78.794
433.256	284.452	48.921	79.298
441.570	283.940	43.995	79.016
443.019	285.982	43.484	78.111
445.717	285.801	44.093	78.480
445.932	287.455	44.321	76.222
447.693	287.905	44.245	76.392
448.291	287.371	43.653	76.561
447.687	287.039	45.231	76.859
450.600	287.545	44.661	76.806
451.964	289.214	45.648	76.512
451.048	289.471	46.450	74.817
450.968	289.481	47.184	73.480
456.198	288.920	42.387	74.319
460.247	289.245	41.816	73.862
465.775	286.266	38.203	76.409
467.947	287.836	40.528	76.229
470.347	287.679	40.486	75.286
412.231	286.504	51.921	72.163
436.149	286.006	41.729	73.399
443.432	287.220	44.747	70.641
449.474	289.361	45.587	69.700
451.528	289.947	45.630	70.860
454.646	288.799	46.151	72.398
455.454	286.973	45.828	75.027
457.089	287.052	43.412	74.586
458.426	288.325	43.299	73.990
459.989	287.526	42.059	74.759
462.318	288.697	40.860	73.537
463.294	288.006	41.885	74.894
465.212	290.239	40.467	72.141
464.353	290.174	44.131	71.594
465.473	287.663	50.124	76.420
465.985	290.119	49.740	72.323
471.246	289.471	51.154	73.444
474.892	289.082	46.923	74.644
478.862	290.433	53.473	73.817
489.877	288.826	46.727	72.646
504.421	288.660	48.658	74.663
515.470	286.464	52.756	78.283
521.778	285.582	48.526	79.687
515.409	287.421	53.421	77.608
514.788	286.806	49.995	76.441
530.561	286.759	45.780	80.612
534.881	286.639	44.540	80.562
536.220	288.530	45.265	80.406
566.238	298.134	21.706	72.433
539.920	293.360	41.443	72.393
546.385	290.395	46.278	78.056
570.384	294.617	30.387	77.748
579.039	296.861	42.158	75.809
578.982	295.431	43.340	75.463
581.211	295.328	46.420	75.763
589.035	294.078	43.748	77.461
578.805	292.208	52.938	78.375
567.847	290.089	54.160	81.435
550.364	289.174	52.874	82.159
552.330	289.054	51.044	81.786
553.357	289.458	50.891	82.483
553.594	291.248	52.856	82.723
557.176	292.004	51.261	82.139
563.528	292.125	46.992	82.532
567.337	292.624	46.742	81.835
577.953	292.978	49.416	84.589
595.355	295.453	49.251	82.957
568.247	293.924	47.361	82.687
559.332	294.113	53.844	79.952
559.867	294.253	54.644	82.039
566.311	297.264	50.668	82.103
590.837	280.810	46.164	93.866
613.099	296.045	37.207	82.946
620.445	296.782	45.092	79.929
615.134	298.987	40.324	79.320
611.320	299.988	45.496	78.493
616.334	299.897	43.010	77.605
624.085	300.026	39.376	78.603
628.943	297.349	45.781	79.315
636.454	299.440	50.015	78.562
633.631	298.922	48.907	80.612
633.719	300.821	41.074	80.621
640.134	301.460	51.347	79.358
632.565	301.506	46.914	81.069
640.134	303.172	41.528	81.343
645.070	302.595	47.000	81.388
634.406	303.781	47.777	81.348
644.561	304.239	39.535	80.721
641.357	305.004	42.632	79.884
643.549	305.975	40.938	79.416
645.476	306.073	41.203	79.004
633.072	304.166	51.348	81.954
646.034	305.871	43.653	80.631
649.130	307.090	41.988	79.715
646.742	309.187	46.865	78.151
651.875	308.424	44.765	78.058
654.036	307.509	45.520	81.846
655.805	308.522	47.253	81.681
658.450	310.608	48.520	80.578
659.441	310.088	49.878	81.077
661.150	310.869	50.079	79.628
662.206	311.202	51.753	80.655
657.387	312.381	57.107	81.481
670.301	313.123	49.432	81.731
674.395	313.081	47.013	81.958
677.262	313.166	46.742	81.496
679.413	313.970	47.576	80.648
682.194	315.084	48.591	79.425
686.823	316.037	45.613	78.625
690.567	316.255	44.076	79.416
690.343	315.281	45.968	79.885
693.989	317.942	45.830	77.546
695.584	317.370	49.237	79.858
700.377	316.983	50.376	79.627
701.458	317.384	52.791	80.054
704.351	320.311	52.827	77.674
706.397	320.182	54.489	77.585
709.208	318.277	53.106	80.389
715.350	322.200	58.064	74.871
715.999	318.746	54.946	79.581
721.564	318.341	51.573	79.384
727.659	318.544	50.202	79.910
735.372	319.043	45.227	80.088
737.616	320.074	45.120	79.971
738.812	321.289	45.479	78.985
740.976	321.165	46.473	78.739
744.325	320.320	45.159	79.281
746.467	320.769	45.986	78.957
750.236	322.133	47.496	78.668
750.844	323.693	48.309	77.735
750.227	323.734	47.093	78.913
749.258	323.078	46.958	79.584
748.898	322.379	49.009	79.520
749.757	323.841	49.031	79.490
750.773	323.899	48.211	78.791
753.372	323.484	46.142	77.914
756.233	323.574	44.570	78.601
758.510	323.887	42.899	78.869
759.719	324.015	43.710	78.346
760.942	324.638	45.315	78.294
762.970	324.823	46.028	76.693
765.747	325.631	45.079	76.060
766.625	325.873	46.214	76.241
768.102	326.703	46.947	76.575
767.128	327.432	47.890	76.448
767.519	328.695	48.157	76.066
767.443	328.237	49.328	76.343
766.727	328.050	49.841	76.123
767.415	327.646	50.537	76.894
767.997	328.941	48.064	75.481
767.555	327.982	48.718	75.178
766.649	326.422	49.251	76.374
767.598	325.067	47.042	76.704
791.549	325.689	43.069	78.542
797.112	325.162	40.025	78.717
799.702	325.914	40.123	78.478
803.164	326.432	39.029	78.628
805.629	326.043	41.603	78.823
805.745	326.739	44.924	78.310
808.551	325.849	45.674	79.660
812.658	326.224	45.251	78.618
817.020	324.502	44.576	79.682
819.397	323.156	43.358	80.453
821.859	322.014	43.725	81.600
824.039	321.672	44.925	82.102
828.623	323.632	43.861	80.567
833.131	324.955	41.651	80.099
836.521	325.645	39.817	80.256
838.748	326.076	40.122	80.155
842.430	327.502	38.872	79.385
843.371	325.858	40.965	80.221
847.498	325.593	40.214	80.612
848.203	325.743	42.669	80.962
850.390	326.413	42.141	79.923
851.560	326.910	43.544	79.658
852.627	326.511	45.098	80.080
854.753	327.967	44.039	79.106
857.342	329.217	42.115	78.789
857.268	328.443	42.948	80.188
858.396	329.184	42.187	79.821
858.307	329.311	42.573	80.450
857.422	330.147	42.724	80.277
857.471	329.948	42.606	79.572
858.207	329.835	42.000	78.756
860.094	329.340	41.616	80.004
860.435	328.206	41.260	81.500
859.817	330.397	42.627	78.945
860.506	329.750	42.626	78.863
859.782	330.711	43.258	77.535
858.998	329.747	43.646	78.157
862.428	330.272	40.141	77.954
862.809	329.742	40.094	79.255
863.973	330.442	40.013	77.402
864.906	330.335	39.591	78.288
864.796	330.684	39.398	78.094
859.357	331.775	44.478	76.289
858.378	332.221	45.701	74.616
862.571	330.739	41.439	76.125
879.014	333.402	47.458	74.277
863.114	329.972	41.072	78.229
863.246	330.111	38.733	78.234
860.525	330.759	39.547	75.834
857.014	329.342	46.384	75.483
855.384	330.614	44.501	76.770
854.041	330.162	43.670	75.850
857.823	329.979	41.358	76.210
852.623	332.081	42.564	73.651
856.113	330.849	38.381	74.172
858.466	330.300	38.693	77.096
857.073	332.246	40.227	75.965
856.010	332.100	39.442	76.141
854.774	332.404	41.001	75.407
854.149	332.422	40.424	76.287
852.139	332.458	39.008	75.142
828.638	331.467	46.104	75.015
820.824	331.788	40.700	71.338
821.528	331.269	42.298	74.498
821.593	332.072	41.284	71.233
810.311	329.253	52.617	73.720
824.278	328.665	44.646	76.554
826.043	329.991	45.753	75.516
829.285	331.258	42.459	74.829
832.000	331.438	40.063	74.894
832.341	331.821	40.723	75.190
832.384	332.400	41.419	74.610
831.634	332.448	41.383	75.419
831.205	332.258	38.021	74.621
830.523	331.827	39.354	75.571
829.628	331.400	46.520	85.917
824.229	330.894	43.098	76.455
823.497	331.481	39.560	74.551
821.402	331.980	39.035	74.801
818.933	331.433	37.759	75.208
815.367	330.630	44.576	74.356
851.528	335.533	45.276	71.127
862.734	334.711	44.896	68.130
858.432	335.907	40.189	71.597
859.366	336.075	39.239	70.940
861.840	335.180	35.625	71.389
862.754	335.202	37.992	72.492
863.096	334.805	39.145	72.961
864.554	334.936	38.485	72.860
864.975	334.542	40.473	73.603
865.707	334.426	40.609	74.320
865.621	335.112	39.893	73.346
865.476	335.059	40.761	73.336
864.968	335.359	42.125	72.705
863.035	334.307	42.743	74.316
863.194	335.527	42.491	73.213
851.097	332.259	48.996	72.407
847.442	331.354	49.054	74.373
870.605	332.791	36.883	75.663
869.892	334.176	39.720	73.476
871.977	333.124	39.106	72.819
