448.000	186.000	26.000	52.000
444.814	185.904	23.166	53.547
439.751	185.577	22.492	52.684
441.112	184.785	25.832	52.968
430.115	185.179	22.557	52.839
426.784	185.785	22.507	52.577
422.358	187.024	23.271	51.723
417.431	187.262	25.468	52.983
413.225	185.868	24.432	54.510
409.850	187.302	22.678	54.062
404.219	188.809	23.583	52.258
399.740	189.868	22.978	50.347
396.170	189.628	21.089	49.404
391.646	189.219	20.616	49.508
388.168	189.879	21.413	48.622
382.079	189.562	21.597	50.051
378.675	189.452	21.719	50.371
375.560	188.698	21.904	50.126
371.569	189.745	20.932	51.702
394.227	187.432	23.302	51.150
362.145	186.992	23.007	54.039
356.641	187.972	21.571	53.499
354.765	188.810	29.586	52.951
349.292	189.760	23.203	51.564
344.041	189.491	21.318	50.864
340.139	187.270	21.274	51.998
386.176	185.727	24.377	51.309
379.603	186.057	23.575	54.509
378.972	185.601	20.352	54.407
373.928	185.545	21.639	55.844
370.353	187.872	22.727	52.853
363.090	185.442	23.652	57.409
356.238	187.127	23.827	54.085
350.817	186.126	25.360	56.210
348.630	185.733	25.019	54.786
344.834	187.101	25.343	53.441
340.886	188.214	23.806	52.935
333.273	187.784	24.547	50.971
286.845	187.673	30.455	55.440
277.119	186.121	24.205	54.934
276.664	188.950	22.911	56.410
255.229	184.498	22.898	50.812
261.756	186.065	28.124	50.681
275.519	184.680	26.285	52.575
269.853	185.300	26.546	54.480
254.022	183.051	28.278	56.311
265.617	182.747	22.688	54.466
290.366	186.367	23.030	56.898
285.617	187.127	26.901	56.053
280.853	184.821	24.934	58.120
276.134	185.425	22.294	55.649
265.423	178.863	27.336	60.039
259.005	179.880	29.759	59.780
233.070	186.123	24.396	53.445
229.130	185.048	20.624	48.993
226.316	187.604	19.480	46.869
223.870	187.037	19.277	48.840
217.350	191.332	20.807	45.097
213.807	188.995	19.813	47.514
213.886	185.494	22.002	51.381
217.862	187.673	20.719	49.553
206.429	184.669	24.490	59.849
194.656	186.700	29.215	57.873
195.207	186.280	23.985	56.389
192.040	183.687	22.619	62.460
194.144	184.034	21.305	58.179
184.976	187.686	23.970	55.645
182.315	185.485	25.103	62.962
179.306	186.130	24.135	58.332
176.734	185.651	21.969	61.383
173.197	186.351	21.914	58.033
169.993	185.735	23.778	57.832
167.710	185.634	22.405	56.489
164.329	184.882	20.863	58.284
159.866	184.782	23.594	57.762
156.399	185.182	22.879	57.164
153.514	187.409	22.111	53.375
151.219	185.104	20.067	55.129
147.119	185.098	21.659	55.403
144.518	184.725	21.991	54.609
142.600	184.160	20.380	54.496
140.777	184.913	21.146	53.505
137.708	184.339	19.919	53.767
135.856	184.340	22.301	53.354
132.380	183.803	21.635	53.773
128.582	183.516	20.474	52.841
125.470	184.891	18.941	53.167
122.190	184.979	18.960	52.575
121.013	184.616	19.017	46.956
121.380	183.873	18.658	46.352
118.820	184.463	18.792	47.032
115.465	184.863	18.735	49.060
112.960	182.725	19.530	53.195
111.380	180.125	20.810	54.061
108.815	181.131	21.446	53.799
106.979	183.096	20.485	50.324
104.155	182.184	20.025	51.593
103.897	182.358	20.122	51.703
100.816	181.076	19.667	52.263
99.342	182.190	20.269	52.379
95.577	180.250	20.612	53.028
93.013	183.077	20.860	49.812
42.913	160.499	36.105	39.604
89.547	179.791	19.098	51.175
87.553	182.692	19.911	49.140
85.440	181.234	17.278	47.732
84.267	175.931	17.995	49.002
82.151	180.456	18.462	49.167
99.349	186.285	19.592	48.354
52.785	162.003	24.104	45.713
62.944	153.499	20.693	40.287
36.481	152.759	21.280	39.651
36.043	154.854	18.779	41.844
36.257	155.605	18.492	40.557
57.852	158.960	21.038	38.592
67.404	160.407	19.277	38.806
72.558	160.959	20.837	36.589
91.539	159.215	20.001	43.496
91.317	158.534	21.387	44.278
93.382	165.841	20.228	39.221
96.145	164.728	17.822	39.076
94.268	164.841	19.350	39.389
93.701	164.043	19.289	38.107
93.754	166.426	19.012	38.606
93.361	166.595	17.944	37.060
92.125	167.255	17.774	37.171
90.186	166.772	18.299	37.458
89.037	166.662	17.761	38.470
87.945	166.816	17.768	37.940
87.259	166.117	18.443	37.988
85.769	166.560	17.130	38.263
84.555	166.944	18.053	37.488
83.087	166.138	18.044	39.409
81.443	166.246	18.572	38.131
80.675	166.773	17.329	37.067
79.312	168.578	17.102	38.404
77.272	167.302	18.059	38.830
74.408	167.903	17.713	38.739
73.204	167.802	17.558	39.204
99.606	162.079	18.582	39.123
98.532	161.584	16.402	42.880
97.930	160.725	16.523	43.728
95.876	161.174	16.849	37.548
95.462	161.203	19.042	43.766
116.807	179.830	22.863	45.226
125.273	170.721	21.846	40.700
131.626	167.279	16.165	38.650
130.835	165.466	21.963	42.427
184.682	171.896	15.827	44.236
183.128	171.669	15.778	45.046
180.944	171.096	16.207	46.385
178.848	170.989	15.834	47.124
176.779	171.247	16.853	47.054
175.272	170.787	17.173	47.379
173.696	170.398	16.488	48.237
172.363	170.194	15.946	47.982
171.294	170.411	15.638	47.729
169.848	170.917	15.560	46.526
168.687	169.907	15.619	47.603
167.316	169.655	16.243	47.314
166.737	169.294	15.955	47.608
165.154	169.608	16.580	47.525
163.526	170.529	16.924	46.656
161.986	169.451	16.714	47.124
160.683	168.853	16.626	47.712
159.878	168.840	16.132	47.601
158.703	168.755	16.093	46.959
158.049	168.198	16.305	47.291
157.200	167.739	16.799	47.310
156.006	167.808	16.886	47.762
154.792	168.671	17.872	46.878
153.475	168.611	18.305	46.285
152.031	167.986	17.609	47.157
150.551	168.099	17.912	47.171
148.792	168.675	18.450	45.889
147.982	168.749	17.630	45.867
146.705	167.787	17.515	46.759
146.124	167.020	17.425	46.614
144.736	168.188	17.222	45.760
143.611	168.300	17.034	45.835
142.163	167.523	17.046	45.750
140.799	166.821	16.637	45.423
139.233	167.484	16.711	45.195
138.111	167.639	16.547	45.946
137.369	167.479	16.821	43.911
136.819	167.216	16.962	44.942
135.818	166.656	16.341	46.091
134.271	166.209	16.115	45.287
132.545	166.619	16.392	44.878
130.826	166.578	17.283	45.409
129.429	166.409	17.465	45.354
127.921	165.986	16.693	45.470
127.186	165.715	15.477	45.571
125.659	166.401	15.805	44.886
124.877	165.954	15.102	45.668
123.412	165.587	15.921	45.773
121.735	165.550	15.370	45.493
120.573	165.470	15.663	45.375
118.544	165.578	16.328	45.614
117.438	164.990	15.850	46.333
116.821	165.132	15.659	45.452
116.293	165.563	15.289	44.637
115.660	165.656	14.657	44.258
115.165	165.277	15.182	44.369
114.193	165.251	15.746	45.072
113.441	165.252	15.796	45.047
112.005	165.624	16.253	44.675
110.216	165.361	15.882	45.139
108.705	165.174	16.214	45.085
107.289	164.408	15.930	45.961
106.154	165.967	16.322	43.220
105.242	165.846	16.242	43.796
104.551	165.006	16.386	43.956
103.728	165.046	16.087	43.872
102.321	164.650	16.086	44.074
100.549	164.562	15.549	42.944
98.467	164.606	16.209	41.978
96.878	164.875	15.940	43.562
96.256	164.403	15.885	44.699
95.302	165.111	16.087	42.641
94.466	163.752	16.730	44.735
93.782	163.910	15.993	44.491
92.706	163.375	16.211	43.422
90.982	164.000	16.068	42.398
89.931	164.705	16.261	43.403
88.653	164.807	16.179	43.927
86.865	164.748	15.196	46.463
84.984	164.495	15.521	46.048
84.082	164.795	15.655	45.813
82.862	163.597	15.974	46.838
82.115	163.990	16.906	47.744
81.488	164.409	16.500	48.574
80.994	162.591	16.800	46.770
79.681	162.308	17.199	48.139
79.121	162.491	16.443	48.418
77.786	162.592	17.356	50.033
76.011	163.023	17.875	49.220
73.801	162.891	18.074	44.082
71.928	162.233	18.883	46.224
70.792	162.595	17.947	43.049
70.123	163.249	17.404	42.867
68.562	162.924	15.389	39.939
66.941	163.893	17.003	40.027
65.243	162.767	16.951	38.932
64.407	162.503	17.292	39.079
63.350	162.237	17.488	38.516
61.272	162.173	17.408	40.939
59.439	162.725	16.838	42.954
57.811	162.381	17.300	42.524
55.158	161.456	18.575	42.009
53.889	160.739	18.993	45.238
52.597	161.652	18.277	43.048
50.492	162.654	17.630	41.980
48.696	163.147	17.230	40.192
47.047	161.701	16.929	40.208
45.652	161.631	17.841	41.713
42.194	161.222	18.433	41.388
40.087	161.229	18.331	41.053
38.618	161.811	17.615	41.519
36.430	161.295	16.547	42.011
