210.000	277.000	54.000	83.000
201.087	278.834	52.257	81.119
192.923	278.415	50.676	81.527
184.319	278.944	50.418	81.277
174.657	278.676	51.393	81.814
165.969	279.274	50.457	81.926
157.044	279.499	51.043	81.761
147.701	281.423	50.925	80.240
135.770	282.941	50.419	80.066
126.888	282.656	50.642	80.411
120.290	282.849	52.843	80.411
110.114	284.238	54.000	79.983
100.918	284.846	56.102	80.359
91.891	285.957	56.968	80.785
83.688	287.463	56.616	80.867
79.068	288.351	54.590	81.736
76.357	289.037	49.999	82.213
74.490	288.906	45.673	83.298
70.409	290.701	45.169	83.724
69.068	291.427	42.220	85.449
70.685	292.420	38.942	86.792
67.588	293.856	38.261	84.891
67.023	295.934	36.471	83.630
66.301	296.221	37.517	83.972
64.848	298.190	37.178	84.300
65.699	298.938	36.395	86.746
66.143	298.763	38.838	91.761
68.596	300.418	39.830	91.447
69.741	300.234	41.805	91.533
72.680	300.233	43.004	92.021
74.507	301.050	45.009	91.943
75.557	301.322	45.408	90.674
79.572	301.783	46.817	92.786
83.497	302.948	48.169	94.291
88.434	303.382	49.548	94.774
92.601	305.662	51.966	93.906
97.612	307.034	53.304	91.576
105.179	307.352	53.300	90.658
111.061	308.426	56.055	87.217
121.481	310.082	57.135	84.163
131.313	309.958	57.181	84.589
139.462	308.534	59.397	89.119
148.409	308.759	60.018	88.899
157.308	307.560	59.400	88.349
161.766	307.556	60.355	87.872
169.685	307.016	61.479	85.628
176.674	306.990	62.234	84.567
183.388	306.094	63.930	85.864
191.423	305.797	62.798	86.511
199.463	305.177	63.549	86.516
207.885	304.437	62.543	85.964
214.524	303.505	60.731	87.072
220.162	302.239	60.379	87.569
225.032	300.698	59.792	88.487
229.417	299.516	57.986	88.807
233.392	297.156	54.108	90.744
236.706	297.062	52.549	91.294
240.963	295.251	50.591	91.307
244.483	293.732	48.680	92.373
247.867	293.818	47.289	90.814
249.235	293.173	46.942	89.834
251.100	292.208	46.537	90.114
251.945	291.769	47.731	87.762
253.766	291.171	47.653	87.599
254.371	290.586	48.932	86.389
255.425	289.302	48.442	86.121
255.117	288.991	48.601	85.818
255.341	287.745	47.380	88.325
255.731	286.248	45.503	89.746
255.452	286.204	44.569	89.086
255.643	285.466	43.009	89.243
255.585	284.389	43.254	89.568
254.083	283.826	42.493	89.013
253.921	283.497	40.172	88.307
251.867	283.007	39.464	86.967
250.355	281.788	38.538	86.292
248.048	280.909	39.011	85.563
246.544	280.154	39.834	84.267
245.902	279.330	39.736	85.165
245.319	278.210	40.110	85.765
244.929	277.042	40.168	86.035
244.949	276.011	39.966	87.448
244.881	275.806	40.732	87.429
245.346	274.546	40.181	88.145
245.438	273.885	41.069	88.612
246.434	273.445	41.271	87.263
247.416	272.946	43.677	85.772
248.882	271.815	42.827	85.616
249.819	271.538	43.127	85.002
251.212	270.524	44.016	84.109
252.139	270.026	45.015	82.840
253.074	269.281	45.051	82.287
253.787	268.317	44.721	82.152
254.888	267.022	42.218	83.375
254.987	266.630	41.562	83.258
255.711	265.717	39.804	82.302
255.039	265.219	39.187	80.436
254.640	264.799	37.757	80.273
253.577	264.394	35.803	78.420
251.654	263.691	35.388	76.884
248.598	262.630	35.823	76.806
245.159	261.469	35.725	79.010
242.565	260.296	35.101	80.954
238.022	260.139	37.482	78.456
233.428	259.328	38.585	75.015
228.163	259.120	40.860	71.655
220.983	258.651	41.360	71.125
215.661	258.961	42.855	71.080
211.322	258.996	42.166	70.391
205.907	258.088	43.400	72.261
200.290	257.210	44.195	73.928
194.635	256.763	43.909	73.982
191.050	256.190	42.247	76.596
186.013	255.999	43.458	77.086
182.778	255.783	43.630	76.969
178.016	255.912	43.307	77.230
173.588	254.460	43.560	78.728
168.050	254.059	42.867	79.743
163.056	253.631	43.158	79.009
157.437	253.151	43.992	79.093
150.307	253.143	46.001	78.007
144.263	253.154	45.706	76.663
137.925	253.150	45.729	74.890
129.869	253.136	47.768	73.727
120.838	252.531	49.175	72.641
118.050	252.687	46.906	72.388
108.577	252.669	50.425	71.574
103.888	252.678	49.686	72.753
97.185	252.489	50.100	71.418
91.919	252.469	49.411	73.421
85.513	252.440	49.278	71.847
80.201	251.865	48.879	72.215
74.428	251.985	47.499	71.552
66.999	252.028	49.429	71.290
65.376	251.788	45.050	68.009
60.760	251.207	43.355	68.247
54.362	250.625	45.025	70.198
51.829	250.196	42.399	72.562
51.205	249.006	37.974	74.928
48.597	248.837	37.391	76.282
46.186	249.224	36.778	76.450
43.112	248.577	36.393	74.647
37.912	247.829	34.851	75.066
32.816	248.922	36.236	68.352
29.912	247.870	37.722	67.616
30.809	248.525	47.545	67.776
47.827	245.592	42.798	69.978
60.671	245.308	45.044	64.671
81.427	245.259	41.630	64.890
95.517	244.134	41.293	66.311
116.490	244.347	41.019	66.388
135.596	245.677	41.129	66.959
153.604	243.987	40.854	66.274
172.060	244.235	38.735	67.877
188.167	248.200	35.886	66.233
189.029	248.476	32.134	58.226
189.002	249.607	31.857	55.014
189.127	250.078	31.231	52.923
187.678	249.257	31.206	51.295
187.197	249.630	30.989	54.847
185.679	249.911	31.680	55.995
184.962	249.640	31.786	55.872
184.469	250.090	32.010	52.346
184.252	250.209	31.637	51.668
183.829	249.323	30.572	51.807
184.980	249.884	30.167	51.534
184.709	250.142	30.157	55.122
182.876	249.972	30.269	52.105
183.091	249.802	29.509	57.257
181.043	249.738	29.104	54.769
181.244	249.675	26.417	55.926
178.300	250.810	26.122	52.681
175.772	250.750	27.089	51.376
173.476	249.024	28.342	54.285
171.852	249.074	30.233	57.288
168.004	247.410	33.941	57.997
167.906	249.148	33.409	60.568
165.403	249.240	34.882	57.237
165.805	249.316	33.233	57.904
165.014	246.159	34.693	59.820
165.916	248.144	34.489	61.077
166.728	246.415	35.394	61.750
165.231	247.941	35.398	58.783
165.112	247.570	33.934	60.242
164.441	246.671	33.843	61.823
163.395	248.229	34.624	60.455
163.504	247.794	34.783	62.686
162.568	247.029	35.430	64.290
162.736	247.544	34.971	62.722
163.081	247.339	34.210	63.036
163.050	246.588	34.244	65.511
161.799	245.863	35.344	66.624
161.734	247.630	35.009	64.211
160.786	247.614	35.137	64.430
160.214	248.350	35.912	62.649
160.217	249.028	35.802	62.191
159.966	249.488	37.350	62.066
158.937	250.935	36.301	61.426
157.993	250.012	35.926	64.562
156.142	249.561	38.809	65.818
155.915	249.628	38.790	66.076
156.736	248.657	38.349	65.332
158.289	247.798	35.750	69.237
158.285	246.691	35.631	69.236
158.545	247.903	34.865	68.225
158.959	248.357	35.085	66.588
158.928	246.900	34.931	68.003
158.210	248.055	34.588	67.524
158.052	248.523	34.326	69.275
156.386	247.064	35.052	69.138
150.316	249.732	37.290	68.813
145.874	249.778	38.155	65.719
143.890	249.964	36.563	69.313
142.039	248.748	35.369	72.145
142.566	250.125	33.436	74.994
143.113	251.369	32.277	74.719
142.257	251.154	32.257	72.167
143.400	250.104	30.867	68.779
144.190	247.995	31.395	71.051
145.044	250.061	33.158	71.821
144.462	249.081	36.626	74.727
142.864	249.603	37.933	70.512
142.650	250.544	36.461	70.082
142.700	250.306	34.621	71.157
143.001	248.790	35.415	75.405
142.489	248.449	37.317	73.662
143.196	248.379	36.433	75.187
141.734	250.161	37.907	68.286
142.427	249.594	36.851	73.769
142.294	247.923	36.722	74.289
142.163	248.868	36.724	72.141
141.040	248.331	36.938	69.943
142.219	248.573	35.292	74.463
141.698	247.412	36.807	72.589
140.879	247.488	37.781	73.297
140.520	247.694	38.584	75.441
140.411	247.636	39.163	75.922
142.520	247.227	37.746	75.777
143.210	247.687	37.916	74.434
147.665	246.210	34.121	70.914
150.930	247.111	32.684	67.625
153.326	247.493	31.110	69.188
155.286	247.446	32.637	64.818
155.519	247.849	33.012	64.301
157.579	248.619	31.401	63.623
158.093	250.046	32.687	61.786
160.443	249.281	33.196	59.783
162.657	244.651	32.970	58.813
158.925	237.043	35.494	61.270
167.696	248.398	33.126	60.104
171.513	248.026	32.026	61.929
171.236	246.363	32.848	60.433
173.566	245.190	31.118	63.596
174.842	247.269	30.412	61.712
175.067	247.135	31.658	61.943
176.519	249.268	30.596	59.398
172.386	244.173	34.349	62.431
176.175	247.093	32.087	61.333
172.974	244.112	33.948	64.756
175.949	244.437	31.649	66.382
174.565	246.908	34.937	63.232
173.747	246.124	34.505	63.765
174.466	248.228	33.533	62.247
172.856	249.576	33.726	60.742
174.563	248.563	31.367	60.829
166.705	241.902	37.276	62.747
169.654	243.347	36.004	68.780
170.530	243.868	35.176	66.402
171.956	246.545	33.681	65.627
171.079	248.201	34.708	62.025
171.644	245.972	33.927	63.982
173.638	248.654	32.303	60.236
165.159	243.329	39.012	64.089
164.567	239.472	38.931	72.711
163.190	233.981	40.146	73.937
170.959	242.738	36.152	71.748
173.344	232.085	37.047	69.722
174.954	243.932	38.193	64.590
175.207	245.839	38.967	62.059
175.618	246.546	35.198	61.405
175.387	248.207	34.996	60.142
175.367	247.689	34.687	60.189
175.435	248.035	34.709	59.724
176.279	248.381	34.750	60.553
176.243	249.049	33.057	60.373
177.722	248.325	32.757	58.104
178.209	248.914	34.242	57.358
178.691	249.041	33.868	57.943
178.739	248.277	33.920	58.542
178.521	248.383	33.865	59.068
179.217	248.905	33.292	58.813
179.277	247.060	32.877	56.796
180.026	246.339	32.631	57.204
180.419	245.218	31.561	59.089
180.227	244.928	32.538	59.843
179.704	245.798	34.033	57.293
179.765	247.117	32.310	56.983
179.501	247.405	31.890	57.431
179.424	247.146	33.274	57.284
179.154	247.764	31.405	56.016
178.905	248.182	30.275	54.545
178.566	248.066	30.649	55.144
179.337	249.442	29.096	56.329
179.337	248.299	28.790	54.630
179.782	247.333	28.544	54.175
180.254	246.307	29.480	51.621
179.766	247.125	30.038	51.864
179.966	248.527	29.627	51.250
179.784	247.269	30.207	52.032
179.903	246.586	30.402	56.661
179.687	247.820	30.018	54.929
179.125	245.383	30.021	56.449
179.062	247.894	30.439	52.626
179.327	246.382	29.731	55.131
178.196	246.452	29.030	59.508
178.433	245.471	29.310	60.407
177.709	248.340	29.005	59.421
174.457	247.520	32.650	61.431
174.262	244.725	36.098	61.185
175.588	238.299	35.027	64.502
174.604	233.910	40.887	62.176
177.176	235.306	36.526	64.321
177.202	231.906	38.526	53.084
235.814	206.788	29.002	60.651
239.444	207.473	27.951	61.272
242.146	208.002	27.220	62.622
243.562	209.320	27.395	60.184
244.870	209.616	27.950	61.957
248.503	210.468	28.563	64.209
250.748	210.888	29.821	65.918
254.658	211.972	29.779	66.524
257.031	212.581	30.552	64.590
260.594	213.628	30.653	66.871
264.248	214.849	30.014	66.719
268.377	216.791	30.030	66.606
271.469	216.359	30.261	66.251
275.050	217.722	31.449	69.716
279.041	217.971	32.849	67.887
283.881	219.235	33.759	66.417
288.226	220.567	32.629	66.564
291.711	221.730	33.126	62.900
296.447	222.784	31.902	67.958
299.145	222.413	33.469	67.027
302.325	223.725	33.410	60.864
306.186	225.234	33.336	62.759
307.706	226.639	34.543	62.780
310.187	226.535	35.368	70.957
314.457	225.748	33.508	70.445
319.784	230.008	32.892	70.311
321.826	231.543	34.450	73.425
325.237	231.543	32.190	76.258
328.406	232.794	34.537	79.538
331.986	234.004	34.896	79.374
335.372	235.335	34.695	81.543
337.987	236.137	34.343	83.300
342.777	239.095	32.724	80.309
344.627	240.960	33.752	77.953
346.913	242.425	34.454	80.800
350.020	242.676	34.318	81.705
352.324	245.436	34.949	82.250
356.823	246.713	35.399	81.922
360.709	247.528	35.971	84.916
364.116	250.229	36.661	83.822
369.303	253.141	36.325	82.583
372.699	253.778	37.341	84.822
376.541	255.562	36.449	86.405
378.661	257.177	37.038	88.104
380.335	258.804	37.100	86.347
381.634	260.222	36.949	84.437
382.682	262.923	36.676	86.058
382.218	263.497	36.129	87.067
383.764	266.520	38.612	89.258
382.492	269.162	39.868	88.294
380.935	270.256	38.905	93.552
381.536	272.196	39.204	91.598
379.748	275.736	40.105	93.181
379.533	278.229	40.287	90.834
378.001	279.627	40.851	94.356
377.226	280.894	42.320	96.935
377.590	283.526	40.767	95.594
376.112	286.119	41.906	94.957
374.723	288.884	42.795	96.790
374.074	292.524	43.735	101.315
373.184	294.441	43.060	104.001
373.576	296.923	41.325	102.622
371.774	300.714	43.123	106.764
371.501	303.152	42.712	108.771
370.368	306.281	44.637	107.235
370.468	308.111	44.386	109.632
371.251	309.719	43.842	111.245
369.352	313.859	44.269	116.109
369.098	316.526	45.355	119.779
363.762	320.882	49.196	119.621
365.686	326.270	45.901	122.904
365.078	328.093	45.827	123.946
361.811	330.327	48.862	128.848
359.150	335.372	48.715	125.376
356.443	339.398	47.923	127.214
353.256	344.275	47.061	128.444
347.849	347.868	49.802	129.539
347.033	351.313	49.885	128.244
344.303	356.446	52.675	124.554
342.602	358.331	55.190	122.669
344.604	365.747	53.009	115.253
346.038	370.793	53.695	110.207
349.099	374.920	53.222	106.080
352.910	379.662	52.653	101.338
356.107	386.771	53.937	94.229
358.805	391.227	54.907	89.773
363.137	394.151	54.244	86.849
367.201	402.473	55.969	78.527
371.529	407.415	56.148	73.585
375.860	410.126	56.615	70.874
380.072	417.267	55.825	63.733
385.977	424.794	57.205	54.232
396.642	430.652	48.180	50.348
402.382	438.611	49.547	42.389
414.912	446.833	46.125	34.167
431.274	452.121	32.681	28.879
441.137	459.735	30.373	21.265
454.542	466.728	29.619	14.272
459.623	446.919	27.590	31.055
451.005	426.701	33.419	46.250
432.023	403.119	52.523	55.824
411.987	364.933	73.091	79.905
294.978	251.051	26.753	55.389
296.412	249.718	24.876	58.617
297.626	249.855	25.502	58.869
297.540	248.191	24.697	61.114
296.734	245.280	26.427	64.369
297.098	246.357	26.836	63.871
296.921	248.419	26.636	62.601
296.322	247.140	27.155	64.174
296.724	237.194	26.537	75.158
294.190	246.203	29.115	66.540
296.289	237.719	27.686	75.305
293.242	235.486	30.699	78.554
288.717	236.429	37.346	77.792
296.877	235.772	29.447	79.012
299.280	240.182	27.101	75.844
296.665	243.681	29.609	71.433
295.610	246.637	29.575	69.285
294.593	244.286	29.976	71.348
292.901	238.394	31.800	78.124
290.135	235.037	33.797	82.313
287.677	235.280	36.825	83.012
285.965	234.653	38.773	83.812
285.467	235.211	43.892	84.262
285.845	235.900	42.864	84.511
287.096	235.167	44.355	85.093
287.626	235.490	39.589	84.952
287.046	236.540	42.431	85.056
285.789	237.047	45.086	85.149
284.283	238.562	37.839	85.784
282.856	237.668	43.162	86.508
282.575	237.709	41.658	85.987
282.089	238.866	39.576	85.630
282.176	240.837	37.055	84.059
283.002	241.760	35.194	84.057
284.504	243.912	33.982	81.473
284.170	248.243	33.661	76.168
283.749	248.088	33.160	77.869
283.363	245.063	33.302	81.609
282.046	243.932	34.671	82.393
280.084	241.309	35.418	86.309
277.261	241.199	37.331	85.943
275.816	246.837	35.787	80.057
274.254	249.240	34.500	79.823
271.794	245.959	35.732	81.929
270.568	248.431	34.435	80.897
269.575	245.908	32.593	83.748
267.990	245.068	32.187	85.605
262.902	245.394	35.230	85.758
257.839	246.902	37.698	84.738
253.828	246.909	40.095	86.096
246.272	243.565	37.264	85.719
240.907	246.378	35.997	81.872
236.861	247.700	35.651	85.109
228.982	247.081	39.661	84.905
225.508	248.329	38.127	81.256
223.690	247.025	35.691	81.936
222.657	246.055	32.115	84.347
219.294	245.391	32.110	86.596
214.667	246.529	32.643	81.286
210.694	245.838	31.734	78.632
206.676	247.817	31.260	73.746
201.045	246.905	30.730	68.932
197.648	246.715	30.183	64.493
190.778	245.583	29.189	57.632
186.203	244.692	28.980	61.112
181.064	246.322	29.155	60.207
175.651	245.617	28.979	55.222
171.175	246.219	30.093	58.171
165.432	244.068	30.030	60.684
161.481	250.330	30.775	58.338
157.614	249.883	29.689	59.532
150.128	250.822	31.462	61.988
142.014	250.044	36.309	67.690
138.014	249.372	38.763	73.300
131.627	253.298	39.549	83.584
130.517	253.773	39.940	79.602
131.441	253.629	36.170	79.407
127.509	255.216	36.837	85.856
123.853	254.056	39.015	87.124
123.568	254.132	39.203	89.888
121.236	253.902	38.042	91.246
118.783	254.998	41.607	88.964
117.338	254.961	39.422	90.382
117.663	259.191	40.035	85.772
119.710	263.879	35.003	83.729
119.245	258.302	36.003	90.440
117.039	258.380	37.749	84.680
119.164	258.026	36.354	89.711
119.450	256.940	35.912	92.288
117.877	260.028	38.350	90.951
115.337	259.094	39.811	92.439
116.099	261.169	38.642	91.137
115.180	260.538	38.527	91.787
114.725	260.563	37.217	93.258
114.861	260.765	37.608	94.617
113.415	264.229	36.979	91.464
114.847	264.912	37.384	89.115
113.593	262.788	38.286	89.168
115.326	263.171	36.431	92.633
115.282	263.484	35.041	92.068
112.606	264.293	36.041	93.430
114.370	264.995	34.394	92.994
112.215	265.236	34.572	91.614
110.145	264.495	35.957	93.232
110.452	266.413	35.446	94.669
109.105	265.787	38.043	94.887
50.516	239.560	36.886	89.388
53.853	235.334	32.775	75.436
114.695	266.409	37.286	92.255
115.312	268.394	37.921	95.284
115.646	269.915	39.580	95.275
115.605	269.763	38.905	95.244
114.127	269.864	41.134	94.467
113.829	269.803	41.440	94.820
119.160	271.186	37.424	93.720
117.160	270.672	37.039	94.257
119.095	271.261	36.720	97.153
122.093	270.798	36.001	97.945
123.254	270.679	38.401	96.984
126.738	271.545	36.510	98.194
127.320	272.302	38.907	97.988
126.943	273.066	38.760	101.622
127.094	274.038	39.574	97.193
126.259	275.009	40.177	99.803
126.425	274.207	42.630	98.507
127.453	275.844	41.843	99.296
129.105	275.634	41.485	99.946
133.180	278.191	41.230	98.665
135.047	279.032	42.099	97.831
137.768	278.584	42.046	100.274
139.916	278.477	40.882	102.077
138.978	278.680	40.031	102.446
138.239	278.340	41.818	103.571
140.324	279.378	39.648	100.818
135.659	282.462	41.828	99.317
132.461	280.385	45.606	100.292
132.614	281.003	41.481	103.126
133.035	284.782	40.639	100.360
129.753	284.299	39.110	99.782
128.136	286.157	38.390	100.598
122.977	286.774	39.230	100.495
114.485	285.696	42.081	102.163
108.569	284.720	43.191	104.591
106.091	285.062	45.702	102.713
101.785	286.870	45.106	101.304
99.348	284.600	40.886	104.580
93.270	280.016	41.774	107.177
91.999	280.472	43.437	107.807
92.550	286.715	40.328	102.507
90.042	283.662	39.865	106.448
87.658	285.099	40.303	105.543
78.593	285.646	46.082	105.149
79.768	285.453	42.689	98.953
73.867	286.096	47.293	96.776
72.710	286.055	43.788	101.697
70.902	287.554	43.649	100.125
64.646	286.793	46.770	91.264
9.828	265.131	53.792	86.653
27.881	264.725	37.976	88.545
28.151	267.047	38.137	91.574
27.542	268.514	36.975	88.652
26.980	268.734	37.270	89.455
26.287	269.788	36.641	90.950
25.027	272.930	38.613	88.057
26.730	273.207	36.991	90.596
28.043	273.988	37.926	88.570
28.303	272.034	39.007	89.619
27.305	273.861	39.535	88.692
25.651	277.237	38.264	89.385
23.639	278.843	38.778	88.517
20.734	277.302	39.001	90.312
18.136	278.181	38.519	89.232
17.248	280.134	36.600	90.713
14.957	281.353	37.690	89.552
13.852	279.733	38.162	92.029
10.908	280.428	39.100	91.616
7.864	282.205	39.675	93.736
5.306	283.170	39.825	93.151
4.660	282.828	38.782	94.321
1.519	283.119	39.560	94.935
1.271	284.753	36.698	96.252
0.992	287.495	35.202	96.866
0.450	286.368	35.798	97.196
0.429	285.505	37.042	97.723
0.004	288.470	40.692	92.592
0.000	290.379	33.554	92.940
0.000	292.048	26.340	92.654
0.000	291.880	23.332	94.602
0.000	293.191	21.674	94.588
0.000	298.509	19.882	93.713
0.000	299.116	18.444	93.809
0.008	299.999	19.034	94.350
0.000	300.901	17.589	96.089
0.051	301.837	17.137	91.533
0.000	299.440	19.009	90.121
0.229	295.630	33.333	90.486
55.690	305.795	42.857	101.983
55.633	302.948	42.612	104.868
48.972	301.078	52.242	104.625
50.367	301.501	56.895	106.997
58.862	299.497	53.250	109.223
61.723	302.652	51.534	107.163
66.161	302.640	50.384	103.580
65.165	294.734	50.886	108.774
66.488	291.542	58.284	105.190
67.040	293.050	56.669	98.648
69.723	308.623	45.560	102.773
69.898	304.461	42.217	103.406
68.232	299.403	44.956	93.512
68.833	298.367	42.785	105.868
72.399	297.393	49.910	104.678
69.733	306.111	42.310	109.757
70.586	306.325	43.580	108.801
72.574	307.831	42.900	109.948
72.170	308.156	42.160	109.848
67.756	310.443	39.435	100.268
71.007	307.681	45.485	116.153
2.440	327.847	26.409	106.689
0.962	331.407	27.550	102.853
0.000	338.672	27.664	103.034
0.000	338.748	24.366	106.219
0.000	340.237	26.390	115.803
0.000	343.398	27.343	116.107
0.000	344.722	29.101	115.846
0.000	344.314	34.070	114.944
0.277	345.741	39.138	111.043
0.904	347.974	41.840	112.123
0.097	350.755	45.283	109.007
0.000	350.136	43.654	109.798
0.250	351.525	42.438	109.878
1.860	354.080	42.404	107.926
4.531	356.586	45.337	106.551
6.225	355.465	48.989	108.223
6.578	358.290	52.972	108.085
7.592	362.378	54.911	109.620
9.808	364.285	54.527	111.796
11.488	363.550	53.053	114.417
14.680	365.087	48.799	115.065
17.248	366.938	48.352	114.060
21.129	370.079	48.981	110.921
25.733	369.643	47.370	111.357
22.889	370.868	53.009	108.005
21.432	376.061	58.079	102.781
24.290	378.879	56.182	100.486
26.508	379.266	56.855	99.174
29.186	378.542	54.673	100.383
33.163	380.602	53.050	98.240
38.543	385.485	51.975	94.448
40.525	385.686	56.825	94.062
42.550	385.417	56.563	94.351
42.419	391.234	58.965	87.443
44.850	395.087	58.716	83.917
49.312	395.882	55.734	83.117
53.781	396.806	52.556	82.487
57.576	398.896	49.547	81.729
62.939	403.140	48.202	77.259
67.932	403.907	48.087	76.370
68.442	404.052	52.849	75.697
68.026	408.039	59.251	71.215
70.780	412.517	58.459	67.785
75.403	413.527	56.504	66.985
80.203	412.562	52.658	67.136
86.092	416.379	49.413	64.403
88.860	420.887	52.066	60.113
90.453	421.830	51.470	59.027
93.847	420.910	51.058	59.704
94.484	423.225	54.166	57.025
98.515	428.046	52.331	52.361
102.130	431.222	47.538	49.778
104.248	431.480	47.615	49.520
108.563	433.627	48.641	47.373
114.239	438.365	48.260	42.635
119.783	441.456	48.624	39.202
120.777	441.425	49.018	39.490
123.258	443.618	46.334	37.382
128.651	448.616	39.786	32.384
132.647	451.392	35.489	29.608
135.456	452.778	34.001	28.199
140.759	453.136	33.877	27.864
145.542	460.038	30.928	20.962
188.729	421.158	23.305	29.159
187.155	417.865	29.527	34.607
183.401	402.619	38.026	57.363
177.566	346.465	41.038	84.633
174.007	324.870	44.135	112.607
172.439	321.099	47.448	115.119
173.849	320.820	45.936	114.235
175.690	319.732	44.278	113.985
175.194	321.249	43.383	111.061
173.665	319.768	41.657	112.971
171.016	319.143	42.655	111.743
167.466	318.522	44.005	111.488
165.337	317.371	43.941	109.880
162.879	315.772	42.735	112.943
161.638	314.989	43.194	110.780
159.292	315.990	43.731	108.961
160.736	314.025	41.326	106.845
161.914	313.011	40.337	109.141
160.674	313.100	42.075	108.621
161.926	311.580	40.426	110.331
163.697	311.367	38.560	110.050
162.859	309.941	40.113	110.153
160.688	310.873	40.991	108.526
160.771	309.287	41.190	108.925
162.031	306.990	38.856	110.861
160.890	308.629	41.535	106.177
163.283	306.376	39.765	106.635
165.332	306.062	40.577	105.885
166.880	303.696	39.973	107.706
167.919	302.583	39.138	107.359
168.723	304.349	40.208	107.581
170.213	301.143	39.258	107.379
168.926	301.724	41.666	105.565
168.916	298.605	38.811	111.166
167.590	298.347	40.635	109.597
167.236	297.138	39.592	110.770
165.576	295.846	42.100	111.873
164.484	296.476	43.611	111.531
166.445	296.020	43.251	111.285
165.747	291.374	44.750	113.487
165.646	291.988	43.363	108.973
166.735	291.088	42.194	109.451
165.318	289.497	46.433	109.200
165.244	292.807	43.086	103.616
164.055	288.462	43.054	108.616
165.036	286.769	38.783	111.075
165.666	284.943	38.252	110.749
163.600	278.923	38.568	115.638
163.291	275.579	40.046	120.763
163.531	276.710	40.306	116.957
165.942	273.380	39.296	121.596
162.405	274.391	42.682	118.996
165.106	271.227	40.581	121.349
164.182	278.293	42.076	114.183
164.933	278.844	40.712	111.621
166.297	277.743	39.978	112.186
164.207	278.006	41.613	113.369
164.489	276.610	42.451	112.145
163.266	280.598	44.344	106.203
165.887	284.082	41.819	103.447
167.234	282.629	39.753	104.122
168.818	282.979	39.646	103.405
171.924	281.868	38.397	101.918
172.880	279.441	39.295	104.073
175.535	278.104	41.336	104.005
174.981	278.175	42.097	104.940
178.468	278.504	39.986	104.928
179.040	277.343	41.154	106.381
180.591	275.457	42.302	105.005
180.739	274.599	44.135	104.125
183.676	275.720	43.253	100.017
187.429	275.974	43.884	100.812
192.075	274.861	45.210	99.759
195.013	273.643	48.818	99.062
199.375	275.087	49.416	97.244
204.656	275.253	45.342	95.549
207.799	274.145	43.544	96.909
210.769	274.680	43.256	91.832
216.069	274.288	39.806	91.751
221.409	272.725	36.796	87.687
223.371	270.453	38.573	89.265
227.454	271.416	42.924	96.161
230.670	273.131	44.114	94.360
232.402	273.522	45.439	92.586
233.551	272.051	44.554	94.151
241.453	270.126	38.717	92.717
247.521	269.330	36.537	91.927
250.648	268.609	37.855	93.002
254.016	268.024	38.812	92.493
257.940	266.967	36.894	94.889
259.195	267.764	35.527	93.480
261.901	269.361	33.919	92.921
264.449	267.279	33.823	94.217
267.291	263.994	33.398	94.725
269.291	260.122	33.831	96.659
270.908	259.221	37.153	100.423
273.053	258.508	40.794	100.434
275.011	258.819	41.812	101.264
277.668	258.959	42.263	99.918
281.738	259.426	40.564	96.994
284.758	259.941	37.821	96.274
286.743	261.888	35.744	95.850
286.420	262.013	34.919	93.462
284.105	260.207	37.811	96.559
281.036	257.963	41.934	97.099
279.164	256.389	43.346	99.076
278.830	257.802	43.648	97.356
279.634	254.785	42.956	99.423
279.124	259.767	40.272	95.849
281.802	257.562	37.668	95.727
281.281	260.280	38.715	91.266
280.100	259.158	39.177	94.751
277.916	258.032	41.430	92.925
274.571	257.253	44.222	94.237
270.925	251.655	47.491	99.597
268.115	246.669	60.326	103.329
266.813	251.716	56.423	97.855
264.495	249.374	67.204	100.824
263.792	256.779	63.760	92.112
264.654	257.629	63.716	88.820
266.429	257.370	63.459	89.860
266.878	256.437	56.298	87.847
266.828	257.666	52.167	90.508
264.919	257.520	45.140	88.160
263.549	258.340	35.535	86.183
260.785	257.871	34.173	83.416
259.197	256.812	34.142	83.290
257.524	256.940	35.673	83.328
258.199	256.619	35.885	84.720
259.733	256.547	35.998	84.515
261.562	255.644	38.883	85.341
263.674	253.869	44.059	86.275
265.171	252.357	53.118	87.373
265.236	251.949	61.204	87.094
265.224	250.876	66.749	87.393
264.543	248.577	68.472	89.297
263.400	245.424	68.428	92.371
262.992	241.831	68.538	94.783
261.286	242.205	68.707	95.081
259.299	244.140	69.186	92.909
258.422	244.065	69.245	91.247
257.887	244.118	67.902	91.754
259.868	244.030	64.429	90.223
260.399	243.610	61.113	89.442
260.044	241.948	57.409	91.831
257.273	240.935	57.018	90.941
254.677	239.531	56.854	92.651
250.626	238.100	58.068	93.471
249.189	236.295	57.777	96.138
247.684	234.417	56.530	95.698
246.295	232.791	54.505	96.577
246.382	233.273	52.384	95.479
244.012	233.021	50.790	94.517
241.257	233.782	51.848	91.135
239.522	232.131	52.002	91.707
239.191	230.185	51.317	96.757
235.053	232.106	48.181	93.311
231.886	232.027	47.520	93.287
229.198	232.277	48.361	91.993
227.288	233.077	47.953	89.644
226.023	233.781	45.325	87.489
223.986	236.020	43.114	85.072
224.593	232.531	45.984	90.892
224.429	235.257	45.730	85.170
226.842	231.761	46.632	89.137
228.012	231.026	48.062	89.592
228.565	230.490	50.434	89.984
228.843	233.049	49.270	87.688
230.094	229.466	49.078	91.936
229.855	235.339	42.657	81.638
230.397	232.736	47.539	83.436
233.661	227.828	47.792	90.056
234.936	224.623	49.104	93.566
235.243	225.745	49.161	90.990
237.544	227.635	48.754	89.272
242.476	228.472	46.222	89.015
248.082	225.414	47.786	91.710
250.809	223.988	49.138	92.090
254.361	224.071	49.072	92.317
258.417	223.773	47.457	93.009
262.483	222.680	45.713	94.087
267.142	221.057	42.999	94.019
270.382	219.941	40.908	93.681
271.977	220.153	41.472	92.653
275.674	220.793	42.698	92.117
278.560	220.704	45.994	92.179
283.036	222.538	47.314	90.374
287.776	230.325	48.336	82.074
289.612	231.557	40.261	81.803
292.266	231.148	38.657	82.450
291.630	230.789	34.013	82.070
281.182	231.139	43.875	82.848
274.385	231.351	52.648	81.841
273.561	232.091	58.278	80.924
281.750	232.093	49.921	82.100
287.415	233.199	41.693	81.111
290.075	234.641	35.984	80.701
288.734	234.433	35.229	81.033
281.165	233.999	39.928	81.122
273.389	235.247	43.123	80.930
268.164	235.135	44.148	81.851
263.969	235.041	45.703	81.910
263.768	235.154	44.455	81.441
266.659	235.819	40.525	81.557
272.357	235.740	31.719	82.625
271.351	236.428	32.728	81.985
268.316	237.306	35.703	81.415
262.385	238.260	37.686	80.916
262.010	238.881	32.726	82.203
256.374	238.335	34.308	82.396
245.040	240.093	40.901	81.614
242.148	239.516	39.431	83.509
241.309	240.381	37.665	81.846
240.102	240.716	37.380	81.399
240.106	240.666	33.477	82.083
236.457	241.945	33.051	79.796
234.813	242.114	33.134	80.054
231.205	242.820	36.510	79.641
227.182	243.603	38.173	78.638
223.833	244.016	34.450	79.227
220.094	243.078	31.313	78.430
215.603	243.716	32.447	73.346
212.937	242.979	30.804	73.047
204.635	241.325	33.099	72.099
184.610	224.711	34.620	65.071
203.784	243.734	28.430	65.031
198.245	244.214	30.969	63.625
190.185	230.830	33.839	61.936
193.243	232.523	35.139	58.414
189.126	246.450	26.947	63.194
182.351	245.859	27.592	60.280
177.831	244.938	27.862	61.414
172.786	243.647	31.114	64.836
166.709	244.387	32.103	65.429
164.860	245.089	31.777	68.432
159.619	245.318	32.013	66.480
159.280	244.628	30.502	70.892
158.439	245.577	29.663	69.036
157.149	246.328	30.741	67.819
154.976	246.112	32.167	69.084
153.556	245.332	31.725	71.281
150.116	245.189	34.006	72.724
150.816	244.574	31.450	72.227
149.294	244.835	30.433	70.582
146.014	245.363	34.105	70.702
145.545	245.895	34.705	69.360
147.501	247.875	34.247	71.587
147.712	247.121	34.945	68.867
145.509	246.457	37.038	68.871
145.785	246.942	36.939	71.978
146.052	246.632	37.340	70.577
145.398	246.384	37.223	70.455
144.539	245.626	39.183	67.109
144.902	247.609	36.975	75.042
141.167	247.141	40.815	71.886
138.808	246.692	41.777	73.519
137.256	246.617	42.891	76.392
134.458	247.243	43.651	75.264
132.927	247.155	43.363	77.436
132.464	247.880	40.613	76.945
131.370	246.645	39.577	76.908
132.225	246.309	36.660	79.529
133.608	245.167	36.253	79.354
134.878	245.591	35.274	78.236
136.411	245.038	33.250	78.430
138.069	242.229	32.378	80.588
138.897	244.025	32.096	81.399
139.424	244.161	32.222	79.739
140.404	243.920	31.610	72.116
140.308	244.627	32.583	77.338
141.887	244.412	30.690	77.725
142.042	243.591	31.406	72.936
141.498	243.742	31.630	78.697
142.578	244.359	30.491	71.899
142.149	244.046	32.288	75.771
142.845	243.853	31.272	72.953
141.903	244.267	31.491	75.334
142.058	244.050	31.510	77.277
143.590	244.699	29.927	73.264
142.496	244.065	30.960	74.589
142.846	244.618	31.292	73.037
