565.000	193.000	24.000	83.000
564.768	192.802	24.003	83.530
558.902	192.528	26.955	83.154
543.368	193.516	32.838	80.609
551.767	192.805	25.680	79.458
545.820	190.592	27.024	81.957
539.966	193.037	27.016	79.937
536.380	192.016	26.558	81.486
533.894	193.121	25.577	80.178
528.743	192.391	25.789	77.631
522.211	192.537	26.497	79.310
528.848	191.358	34.523	79.783
564.741	193.424	26.139	79.307
530.156	191.618	30.490	77.853
518.617	190.205	23.253	80.316
510.490	191.529	26.304	78.359
496.362	193.015	28.647	79.971
545.539	190.328	25.350	77.784
540.478	191.109	24.081	78.691
537.940	191.767	24.411	77.637
529.341	190.376	28.258	80.798
530.238	190.249	27.390	82.938
521.779	191.243	27.509	81.162
568.428	196.533	26.960	83.760
564.750	195.376	25.886	82.880
513.394	189.650	24.253	81.198
566.022	193.350	26.951	84.287
565.972	192.609	26.892	88.959
563.404	192.302	29.294	81.046
558.144	194.252	34.630	79.740
548.585	192.512	30.115	79.654
557.160	192.506	26.100	76.378
554.048	192.145	26.195	78.580
487.530	187.320	25.521	80.458
483.937	188.025	24.912	79.664
516.002	193.229	26.142	78.650
476.168	185.090	26.319	81.502
471.114	187.564	25.886	78.112
434.903	187.093	56.206	76.846
499.542	191.734	30.249	80.183
462.901	188.188	25.199	76.079
462.155	188.745	26.987	75.677
492.819	189.490	26.002	79.887
454.377	186.523	31.378	78.468
376.844	182.184	22.882	76.417
305.993	138.770	25.256	74.590
319.494	146.344	25.229	76.332
333.971	160.788	25.116	67.857
351.033	182.213	25.147	64.827
395.671	186.565	22.299	72.086
393.198	183.589	22.685	75.722
390.861	182.892	22.700	74.256
387.333	184.516	24.287	69.839
384.614	184.126	23.100	68.279
384.272	183.690	22.493	67.726
382.387	183.598	22.507	66.482
418.937	181.428	22.911	76.418
382.125	172.405	25.882	77.958
415.035	183.495	22.196	75.119
386.289	182.047	25.822	72.320
320.593	151.172	25.608	60.708
336.069	188.210	24.511	55.740
363.587	180.323	22.168	62.701
362.803	181.136	20.593	62.548
359.851	180.706	21.493	62.350
357.721	180.242	21.272	62.135
355.015	180.039	21.282	60.314
352.931	180.727	20.645	59.997
350.060	181.214	19.284	61.210
344.688	180.955	20.382	60.501
338.569	180.059	21.728	60.313
346.999	141.863	22.321	61.795
375.536	143.131	22.330	60.128
358.852	180.640	22.834	63.785
364.473	182.364	23.161	60.164
356.354	181.173	24.900	58.138
347.329	178.191	22.091	58.514
348.934	179.203	20.437	58.097
350.693	180.581	22.012	57.817
340.574	177.953	20.386	62.812
340.320	179.469	22.327	57.956
338.335	179.151	23.621	60.310
335.910	178.060	24.329	60.990
335.329	178.520	22.893	59.646
333.386	173.323	20.656	64.364
329.667	177.345	20.670	62.311
327.878	174.074	21.367	61.265
325.008	175.440	20.875	62.639
321.860	174.978	21.413	64.171
318.971	174.165	24.957	63.546
314.671	176.302	25.857	60.846
307.607	175.584	24.180	64.009
307.048	174.746	25.888	66.492
304.296	176.063	24.660	68.355
347.324	169.957	24.944	64.951
344.271	170.974	23.179	63.975
340.885	171.849	21.955	63.953
333.834	172.420	24.241	61.625
328.750	173.879	22.674	61.881
328.482	172.259	22.965	64.496
324.696	172.398	23.132	65.183
281.777	175.282	23.897	63.062
284.464	175.781	22.405	65.004
278.127	175.784	22.488	65.601
312.555	172.343	21.606	65.519
311.838	172.938	20.165	64.129
305.728	172.781	23.136	62.679
305.132	172.843	21.733	63.052
304.484	172.713	21.143	62.549
301.247	171.666	22.796	63.530
299.393	171.192	21.653	62.238
266.374	172.615	21.418	60.859
239.782	169.597	20.514	59.161
189.889	142.821	20.371	52.896
186.535	142.147	22.555	51.920
187.015	141.179	20.939	51.634
187.349	142.075	21.527	53.253
187.755	141.696	19.584	52.002
188.518	141.843	19.091	52.078
184.967	141.759	19.174	52.057
185.702	141.377	19.010	52.229
182.562	142.997	18.560	51.387
185.381	142.914	18.947	53.605
186.081	140.145	18.184	52.218
156.843	140.323	19.721	54.237
164.327	138.441	24.254	54.294
179.469	138.697	19.955	52.444
180.323	140.626	19.901	52.358
151.866	138.725	17.510	54.077
136.607	139.448	23.469	56.224
150.497	136.501	17.476	56.045
162.962	138.910	19.563	54.057
176.518	139.504	19.340	55.272
177.542	142.609	20.676	55.476
172.269	137.651	22.892	55.055
172.129	138.030	20.154	54.546
172.923	138.656	19.638	54.177
177.773	139.118	24.574	60.138
169.981	137.472	20.521	56.613
176.709	138.104	24.362	56.690
169.702	138.416	20.514	54.078
165.032	137.256	18.984	55.064
165.347	137.762	19.015	57.539
164.260	136.486	20.624	56.814
168.853	136.498	18.469	56.922
161.208	137.715	19.825	57.497
176.757	137.707	20.254	55.583
163.559	138.996	23.784	52.170
145.817	137.095	21.312	53.272
98.116	133.895	24.814	61.645
105.415	135.935	28.502	77.474
111.971	153.286	27.915	67.061
84.364	158.580	24.637	57.897
80.479	154.346	22.030	63.178
92.936	154.446	27.142	65.585
102.016	158.264	26.205	62.454
61.363	153.307	25.054	62.350
95.291	158.369	23.089	62.460
95.975	156.161	21.617	59.040
93.590	156.963	20.826	55.012
93.631	158.979	22.342	55.488
69.912	155.996	21.487	58.831
70.635	153.982	23.934	63.027
69.038	152.976	20.635	61.571
68.031	154.212	22.310	63.081
66.896	153.550	22.490	64.920
66.192	152.881	21.286	65.585
62.820	154.757	23.738	60.087
62.254	153.199	23.859	63.937
62.756	152.897	22.335	64.767
73.880	154.189	29.587	62.116
85.546	155.053	23.629	59.541
78.248	154.985	21.928	60.361
82.385	155.157	23.847	56.770
63.121	156.344	21.135	75.507
83.237	153.613	23.127	64.187
74.452	154.649	24.930	58.428
58.492	152.787	20.572	60.207
55.897	151.076	22.088	59.569
55.246	150.384	23.399	62.312
72.534	153.110	26.143	65.733
76.908	151.621	24.721	66.934
76.344	151.167	22.587	61.023
75.649	152.369	22.954	63.765
75.210	154.156	21.448	62.825
50.396	149.909	22.610	63.746
58.691	154.121	31.824	63.826
48.465	153.393	26.051	67.544
49.288	147.187	28.347	65.536
41.855	149.363	26.434	66.054
40.302	151.103	24.495	62.257
38.971	151.376	22.893	64.261
37.218	152.818	22.322	59.856
61.018	153.062	22.597	57.958
36.040	151.163	21.786	59.250
35.363	151.227	22.047	60.325
37.663	150.608	21.184	57.908
36.441	150.133	20.177	57.975
33.134	150.357	20.588	59.015
54.806	144.665	20.924	63.560
57.876	146.864	23.066	59.796
50.785	143.447	27.211	63.797
33.809	147.166	25.144	64.332
30.252	144.775	20.778	60.474
28.267	145.491	20.272	61.743
52.875	146.792	23.776	60.178
55.554	145.396	20.945	61.685
53.395	147.078	23.231	58.989
26.301	144.726	21.007	61.127
21.569	146.639	19.870	57.325
20.002	145.161	20.164	60.749
19.335	146.073	18.889	58.199
18.099	145.748	19.053	59.549
19.004	146.570	19.493	56.810
15.532	146.049	21.037	58.490
15.293	146.137	21.111	58.425
2.773	132.534	20.315	49.393
25.391	125.757	21.173	52.022
38.527	116.446	24.830	62.538
45.870	129.363	29.384	57.380
0.000	153.321	12.284	83.303
0.000	161.129	23.568	102.977
2.922	206.715	29.675	97.993
19.290	241.618	29.953	95.085
20.790	249.743	30.953	93.272
17.859	243.902	31.392	93.993
17.194	248.947	31.266	105.710
5.242	253.744	41.335	131.036
15.368	285.234	38.725	120.741
25.027	287.175	41.096	121.533
0.000	293.599	35.994	110.187
1.245	298.325	36.617	105.092
0.882	285.284	32.756	111.249
3.139	282.767	36.470	109.874
0.855	281.818	40.583	113.747
66.097	286.572	20.889	101.221
77.617	273.396	36.462	104.439
83.786	270.266	37.363	117.991
86.544	266.886	40.402	101.766
90.088	270.976	43.908	101.864
93.486	266.815	41.628	86.418
107.328	257.587	37.621	69.444
109.373	260.285	39.228	88.209
104.030	265.913	35.415	85.132
107.319	255.650	41.183	73.935
112.269	244.223	47.159	73.859
116.455	235.523	36.755	99.049
114.073	221.082	44.973	106.094
125.480	245.704	40.627	105.432
164.140	153.169	30.618	63.590
137.772	149.071	20.753	62.754
136.475	150.454	23.231	64.473
127.576	150.689	25.460	63.226
122.042	150.582	21.182	62.625
115.773	151.099	20.087	61.820
111.411	152.559	22.292	60.677
106.576	150.458	22.943	62.748
102.211	149.042	21.208	63.883
96.453	149.787	21.245	61.673
90.615	150.134	24.295	62.235
86.746	151.734	25.763	60.319
80.217	150.562	24.064	61.594
75.814	150.565	20.323	60.155
70.955	150.315	22.730	61.501
66.662	151.330	25.464	59.611
61.836	150.645	23.301	60.351
57.114	149.362	20.800	60.498
51.909	149.212	24.064	61.550
46.849	150.749	26.967	59.766
42.547	150.673	26.016	59.993
36.719	149.734	22.233	61.642
32.569	149.426	22.152	61.874
26.575	150.384	25.998	59.083
23.718	151.084	25.749	59.292
19.630	151.100	21.812	58.976
13.800	150.086	22.394	59.895
6.506	150.147	27.775	60.480
0.713	148.926	28.666	60.146
0.737	149.142	20.604	59.828
0.133	150.820	13.146	57.993
0.000	154.731	13.122	53.745
0.000	151.398	12.166	64.216
45.774	157.002	22.364	55.358
44.846	158.104	21.541	53.447
41.977	158.194	22.342	53.923
39.878	157.821	19.020	53.968
36.608	157.852	19.080	54.927
32.046	157.893	20.229	54.183
26.758	158.287	21.284	52.761
23.900	158.409	20.518	52.610
21.555	157.904	20.703	53.727
18.283	157.387	20.264	54.347
14.929	157.631	21.866	53.750
12.900	157.408	20.809	53.205
9.601	155.811	19.322	54.327
5.280	156.041	19.461	54.500
3.046	155.875	19.562	54.739
1.274	156.471	18.780	54.264
0.127	155.277	18.425	59.962
0.510	151.004	22.309	65.931
0.000	168.065	14.998	83.838
0.503	155.495	16.908	89.431
23.458	193.372	28.084	80.860
22.590	191.624	28.046	79.289
22.694	195.029	27.483	75.439
23.449	195.699	27.178	75.314
22.458	192.532	27.229	75.831
21.840	192.726	26.845	77.089
21.834	192.427	26.396	78.717
21.603	192.817	26.142	74.639
21.415	195.485	26.451	72.416
21.248	193.917	27.317	71.432
19.733	189.651	29.471	76.031
20.989	186.603	27.991	80.838
20.838	187.724	27.657	78.310
22.414	189.797	26.653	74.902
22.803	188.704	26.151	74.231
22.756	188.483	25.814	73.873
