268.000	121.000	20.000	50.000
266.196	122.772	22.744	47.773
266.810	122.306	22.640	48.177
267.654	122.825	22.214	48.230
267.167	123.033	23.118	47.721
267.913	123.408	21.976	47.456
268.308	122.495	22.010	49.298
269.365	122.980	21.462	49.431
269.731	121.740	20.605	50.435
269.757	121.522	21.365	50.831
269.069	121.984	21.646	50.193
269.190	122.845	22.255	49.494
269.161	122.534	23.066	50.209
269.245	122.051	22.628	51.034
270.029	121.893	23.517	51.450
270.878	122.721	21.902	51.544
271.394	122.840	21.581	51.811
272.029	121.613	21.464	53.276
271.712	122.596	21.866	51.416
271.547	124.771	21.374	50.454
271.563	125.121	21.900	49.850
270.501	125.511	23.455	49.368
271.521	123.948	22.228	51.790
271.806	124.430	22.184	51.922
272.826	125.265	21.537	51.549
273.446	126.926	20.063	49.976
273.856	126.003	20.421	50.834
273.181	125.808	21.732	51.549
272.712	127.361	23.281	49.724
272.397	127.392	24.292	50.323
273.074	125.322	24.078	51.323
275.487	126.581	21.947	52.327
275.535	125.766	22.430	53.361
275.219	126.944	23.197	52.272
275.959	128.022	21.981	52.437
276.974	127.266	22.317	54.200
275.934	128.337	24.222	51.804
275.600	128.954	24.706	50.378
275.902	129.062	24.805	51.213
276.986	128.888	23.729	52.022
277.046	128.026	23.967	53.990
277.433	127.675	23.650	55.839
278.874	128.682	22.299	55.129
278.979	129.313	23.342	53.673
279.325	128.388	22.861	54.760
278.633	129.607	23.662	53.971
278.011	128.498	24.588	54.930
277.627	129.869	24.533	54.234
277.625	128.456	25.014	54.729
277.989	129.399	24.515	55.506
279.224	127.614	23.128	58.056
279.285	130.740	23.370	55.393
279.459	130.849	23.318	55.328
279.846	131.100	22.324	55.166
279.605	131.295	22.384	55.359
278.939	130.623	22.640	55.628
278.743	132.416	23.136	55.248
277.574	131.407	23.905	56.045
276.652	132.762	25.099	54.909
277.717	133.161	24.217	56.242
278.175	131.809	23.879	57.051
277.809	131.488	23.427	57.123
277.651	132.900	22.711	57.031
277.631	134.534	22.131	55.457
277.263	133.817	21.999	55.958
275.671	133.290	23.564	56.286
274.995	132.953	24.254	56.449
274.869	134.795	23.923	56.190
275.400	135.338	23.603	56.411
275.019	136.567	23.741	54.877
274.177	135.613	22.737	56.572
273.915	136.153	23.073	56.416
272.904	135.318	23.346	57.751
272.051	134.974	23.673	57.247
272.078	136.241	24.470	56.369
272.460	136.620	24.651	57.607
271.867	137.651	24.160	57.229
272.803	138.319	24.320	55.778
270.895	138.186	24.988	56.200
269.506	140.086	25.576	55.063
269.938	140.233	24.404	56.458
269.197	141.152	24.755	54.914
270.002	139.854	24.022	56.471
270.167	139.772	24.825	56.571
271.323	141.751	23.595	56.703
270.900	141.528	23.336	57.770
269.928	142.222	23.995	55.418
269.652	142.124	23.660	57.123
268.646	142.520	24.351	57.387
268.351	143.921	24.238	57.218
267.556	140.808	24.296	59.494
267.295	141.047	24.442	59.541
267.380	141.357	24.775	60.308
267.207	141.610	24.870	61.428
266.800	141.311	24.552	60.915
265.854	144.127	24.668	58.650
265.334	142.511	23.645	62.288
264.247	142.389	24.488	61.988
262.662	142.905	24.904	62.132
260.121	143.333	25.871	62.016
258.324	143.227	26.682	62.199
256.417	144.938	26.131	61.219
254.000	145.224	26.147	63.397
251.124	145.638	26.341	62.475
247.917	146.226	25.886	61.754
241.332	147.779	30.481	60.530
236.049	149.706	34.427	58.598
232.769	149.261	34.962	59.065
229.230	147.654	31.071	60.674
226.056	148.379	29.507	60.544
222.813	149.061	28.834	60.169
219.588	150.889	29.022	58.499
215.598	149.863	28.674	59.798
212.802	149.505	26.436	60.701
205.267	151.163	30.324	59.148
198.380	152.462	34.651	58.738
193.911	151.248	34.776	60.301
191.857	151.664	24.900	62.534
186.041	151.218	23.182	59.820
175.286	150.091	30.604	61.855
171.348	155.447	30.502	55.525
168.975	150.459	25.054	60.319
161.421	147.661	26.889	63.983
159.510	151.821	28.968	59.537
150.763	155.015	34.828	56.982
145.044	151.604	27.707	60.735
140.502	152.019	25.440	60.090
131.678	151.477	30.721	59.162
165.206	150.030	35.074	60.635
190.972	144.716	34.768	61.769
210.399	137.872	27.799	56.977
215.203	131.045	36.617	72.080
242.324	182.448	22.666	70.767
281.789	169.931	28.203	31.765
286.573	149.892	21.184	49.051
279.602	155.669	22.329	45.612
268.621	156.796	28.008	45.700
261.331	153.600	32.615	49.128
258.869	144.682	31.926	56.529
253.200	150.851	30.135	52.091
250.203	144.835	23.018	58.328
241.721	145.722	27.783	53.652
232.211	145.641	34.014	54.609
228.425	143.447	33.806	54.835
224.044	142.618	28.606	54.343
227.936	136.873	33.757	58.343
260.048	135.619	33.085	59.860
285.163	135.622	33.817	63.722
316.648	137.185	37.994	61.501
344.995	139.656	35.066	60.149
355.283	133.887	26.985	61.792
352.220	134.274	29.174	63.104
345.933	136.689	34.013	61.416
340.455	136.920	34.755	60.325
333.352	123.607	29.283	63.543
322.958	132.784	30.447	56.643
319.732	124.449	24.127	63.289
314.466	136.439	29.500	54.047
309.687	133.824	28.468	57.353
305.601	132.390	25.227	54.929
300.246	134.532	27.332	54.293
285.685	160.714	25.400	61.178
282.782	140.786	29.719	57.317
280.675	129.203	29.897	67.578
265.657	157.086	37.433	57.470
264.045	170.506	38.307	69.911
249.394	160.872	45.400	82.155
258.981	154.070	45.214	74.637
242.703	148.938	47.753	76.124
242.926	143.876	57.415	86.623
233.772	148.380	60.845	77.401
223.164	117.197	56.464	94.597
226.014	123.301	76.452	96.809
241.370	149.977	74.212	67.622
229.126	141.852	59.097	81.442
201.791	116.083	38.109	85.256
199.605	127.310	32.984	72.879
199.742	127.774	33.712	66.930
218.675	131.485	33.292	65.390
244.328	127.548	38.377	65.206
279.993	116.150	31.899	68.902
306.145	123.033	39.529	64.281
332.039	106.513	35.384	75.030
341.259	110.226	32.155	61.663
339.407	113.980	34.128	57.472
331.895	115.371	32.619	56.371
327.099	123.050	30.486	51.547
322.319	117.987	29.370	54.935
318.954	114.804	28.214	55.339
313.707	110.894	30.434	54.736
312.478	112.449	30.100	54.286
305.319	121.753	29.673	45.084
299.641	120.776	27.237	44.910
297.566	124.316	23.097	43.848
291.957	122.513	24.969	45.284
291.305	124.653	26.635	50.770
274.957	113.984	33.843	51.953
263.929	108.335	41.664	71.027
262.588	115.616	33.283	61.378
260.205	115.786	28.208	48.436
252.497	106.172	26.923	56.284
258.550	101.068	24.544	62.403
242.816	94.820	24.688	54.819
234.208	102.872	25.686	55.200
228.201	101.345	26.205	52.667
225.332	94.008	25.930	51.982
224.311	94.362	37.288	64.651
207.317	104.498	49.707	79.883
215.114	109.157	47.575	83.497
196.387	137.521	61.943	91.778
226.415	170.734	61.881	106.032
200.754	209.783	62.040	101.551
181.390	237.206	64.576	108.570
158.285	216.797	71.513	115.704
139.834	211.683	80.407	106.987
182.375	237.877	55.427	101.645
163.587	224.024	69.121	106.779
146.041	219.134	78.646	99.552
136.454	209.766	75.978	109.784
160.760	204.661	72.676	117.612
168.114	191.971	81.870	111.321
202.343	168.506	72.279	129.331
187.071	142.514	84.213	130.276
205.376	103.291	59.195	102.186
216.637	84.672	38.950	80.640
214.185	99.045	30.060	65.205
210.351	96.804	28.743	49.572
204.032	98.310	28.899	44.102
201.923	92.728	27.503	48.690
199.061	97.921	24.656	47.776
199.159	103.450	34.172	70.748
199.524	122.604	47.814	86.612
182.332	124.912	62.017	110.693
158.941	155.477	77.556	119.015
138.681	198.900	69.123	120.699
118.830	222.902	64.798	114.570
150.910	217.920	49.222	101.237
127.736	216.959	56.246	104.314
105.702	207.854	63.408	103.186
102.059	230.416	63.397	103.404
95.172	242.161	61.766	107.318
107.337	228.595	56.768	110.702
101.374	228.964	61.823	114.345
89.718	226.670	67.934	124.017
110.663	241.695	57.401	131.278
94.235	225.000	70.050	133.003
125.237	250.632	41.913	126.286
101.838	226.310	70.451	114.181
130.632	200.191	62.773	119.447
110.262	220.848	69.023	126.422
99.120	222.282	75.764	121.075
128.400	194.167	71.439	121.039
162.727	161.947	71.737	133.784
194.363	125.715	61.151	113.834
199.193	121.230	52.867	84.205
200.413	121.525	45.074	96.891
179.029	150.426	59.964	93.148
164.380	147.226	69.813	127.793
141.114	181.994	83.972	124.590
179.931	212.853	74.232	131.363
200.804	223.765	86.938	107.079
221.672	233.206	84.093	130.290
265.005	170.081	63.040	135.886
246.440	150.312	79.204	128.982
288.181	95.054	53.229	120.183
264.957	129.828	66.003	111.393
251.218	129.527	66.052	127.500
232.536	162.841	76.836	125.583
203.660	186.589	51.900	107.362
186.896	225.019	57.453	96.060
164.250	222.387	43.023	112.915
154.388	244.543	47.483	99.397
151.011	216.973	64.809	93.355
177.569	219.004	58.887	96.695
164.937	205.522	62.592	112.613
188.892	184.151	66.548	115.048
206.550	190.999	64.261	127.380
217.759	133.843	56.452	121.773
220.523	86.823	40.163	84.492
224.082	87.374	30.362	58.770
222.120	88.405	31.733	59.708
219.098	88.789	30.180	57.660
241.821	85.511	29.336	60.132
277.093	83.497	30.498	56.574
292.983	61.638	33.917	72.142
331.073	76.530	23.955	61.179
340.631	101.560	31.699	65.818
343.869	131.783	27.668	62.480
348.107	128.295	29.937	62.574
343.702	125.806	33.021	66.053
348.444	117.620	35.869	70.448
341.259	130.425	31.959	77.696
346.997	120.056	32.086	73.385
351.319	88.254	38.611	90.380
351.539	102.756	43.099	91.514
339.354	91.849	42.661	98.728
344.341	94.264	45.896	90.130
336.760	127.850	40.079	83.935
349.150	123.886	30.393	74.654
340.893	124.148	32.853	73.009
344.525	129.074	30.505	70.782
338.005	129.266	36.546	78.023
345.905	144.975	49.916	85.901
364.621	132.741	54.914	110.969
345.769	161.443	70.060	117.107
325.567	193.426	78.719	112.978
339.338	189.439	80.083	125.275
326.346	184.123	84.237	121.945
342.442	160.097	86.690	135.027
326.462	172.083	84.265	121.937
341.818	172.949	80.382	119.039
346.901	188.028	85.270	121.045
332.299	192.218	82.778	122.958
316.161	196.551	86.745	121.489
329.570	203.208	79.802	126.670
337.957	185.482	86.775	124.388
347.989	191.834	83.440	128.884
330.558	193.423	74.264	121.502
341.735	188.649	80.119	111.766
328.383	172.021	81.807	126.306
337.808	161.833	83.443	127.056
321.113	192.550	84.046	129.622
329.747	173.212	85.949	126.842
338.676	187.349	88.399	139.935
316.671	188.977	90.997	131.633
331.574	179.568	87.494	132.040
343.353	177.112	87.282	129.220
333.424	162.411	78.356	137.260
344.362	150.561	81.768	135.439
353.006	176.233	88.155	129.552
337.423	169.648	83.994	132.009
319.772	178.670	80.433	135.478
299.107	190.322	86.452	143.316
286.583	207.760	78.924	118.077
266.275	248.660	76.344	117.203
294.750	216.245	69.545	117.341
305.964	224.916	72.148	116.255
319.454	201.623	80.673	131.549
299.998	203.250	91.328	141.718
279.227	176.921	97.001	151.061
256.359	159.226	96.285	149.457
246.162	189.451	83.744	140.723
231.732	197.369	87.872	122.180
221.774	191.189	81.861	118.906
214.732	181.020	82.081	114.308
217.057	194.535	75.946	102.001
211.916	219.120	59.705	76.441
207.755	217.645	45.961	64.169
213.496	200.544	54.690	76.436
198.766	190.954	55.460	87.381
181.330	189.261	64.450	93.812
192.533	192.224	67.759	93.998
182.625	196.212	66.967	93.573
176.303	197.304	68.183	92.797
169.554	192.976	66.042	95.060
184.612	198.785	67.051	87.367
177.585	198.567	62.498	92.632
169.440	196.611	64.542	90.770
162.596	200.163	63.662	87.076
178.776	201.442	59.846	89.960
172.015	204.625	61.920	90.364
167.210	201.856	60.031	91.738
174.179	175.945	70.211	115.876
179.084	193.726	87.931	120.797
194.848	202.186	90.955	134.944
168.274	182.561	73.880	130.083
189.989	191.186	80.199	109.292
169.161	162.958	73.088	113.955
176.789	199.575	79.199	109.251
190.049	203.921	76.531	109.340
171.416	165.467	71.651	121.943
149.354	170.299	70.755	99.198
170.611	191.537	71.168	95.114
181.378	178.161	71.933	100.845
190.574	192.259	72.204	105.062
197.966	193.225	70.769	101.997
218.635	218.663	72.884	94.526
246.778	196.662	65.954	92.973
257.738	186.223	69.757	119.373
264.816	154.333	75.032	111.907
272.358	127.094	82.715	120.779
278.860	149.082	85.150	97.348
299.755	124.510	74.832	114.241
308.272	162.581	82.444	112.077
321.650	193.565	86.456	112.284
303.965	160.387	70.489	118.831
286.795	174.953	83.095	117.181
264.824	152.816	79.853	129.067
240.150	147.918	87.614	124.016
252.249	148.426	92.495	141.530
239.909	138.807	96.562	135.333
256.911	164.982	98.381	144.498
243.230	175.543	94.169	144.943
269.067	196.762	93.011	118.277
304.309	160.468	76.237	106.930
320.073	184.426	84.541	114.897
328.700	178.150	94.489	138.075
347.903	153.750	94.769	123.514
359.350	170.746	92.141	134.876
333.349	193.188	75.291	135.909
304.446	189.431	82.767	135.550
311.630	194.978	98.201	132.081
285.828	178.111	88.895	153.139
286.783	190.233	114.274	172.869
299.512	242.378	127.846	157.417
313.290	202.952	114.846	167.348
318.099	185.246	132.790	156.313
294.731	199.443	109.062	164.468
265.041	162.209	111.242	161.712
283.279	188.797	111.865	155.108
292.579	139.237	131.333	164.718
353.159	126.983	99.130	169.543
366.307	180.631	111.059	130.692
450.235	102.077	47.116	131.350
448.533	106.298	43.188	96.273
452.087	104.097	29.517	62.470
450.174	105.175	26.903	58.289
445.803	103.671	24.774	58.435
441.394	105.759	29.183	58.909
439.142	107.721	30.971	56.519
433.692	107.453	29.306	57.068
431.888	111.901	24.048	53.287
428.357	105.663	25.079	58.748
423.242	114.012	27.088	59.705
417.199	106.156	24.723	58.060
413.850	108.185	23.896	54.147
410.177	109.577	24.318	49.086
406.842	110.991	27.044	55.221
401.772	108.753	25.449	59.367
399.194	106.728	24.126	60.438
396.705	108.581	23.800	57.817
393.302	106.349	24.634	55.792
385.728	121.590	28.231	52.347
383.650	117.961	28.954	60.725
375.543	112.773	27.105	59.494
371.307	112.405	27.546	55.747
372.958	126.487	26.063	73.935
371.391	135.234	28.008	73.469
365.814	117.804	28.965	62.240
367.660	119.621	23.559	54.524
360.624	130.832	24.307	52.111
358.228	127.913	26.898	60.753
352.368	116.937	25.833	74.772
347.490	98.811	26.022	62.474
343.420	109.564	26.318	63.600
338.229	119.781	27.455	55.075
335.681	121.410	27.760	56.186
333.232	124.731	28.829	52.769
331.470	124.454	26.768	51.627
325.701	118.632	29.480	56.110
322.836	118.619	31.440	55.940
321.400	119.918	29.175	55.074
316.540	115.741	28.215	57.220
313.999	110.399	27.035	67.158
312.959	105.124	27.065	63.981
314.048	106.328	47.022	71.071
305.462	103.202	50.587	89.633
311.769	119.959	59.372	84.921
366.264	112.741	44.444	72.821
373.238	101.499	37.799	69.673
385.063	95.352	44.153	85.242
361.601	109.369	68.256	96.394
333.189	131.681	74.547	108.636
317.707	133.346	63.054	102.801
300.917	140.039	63.444	114.322
283.597	148.644	72.689	115.838
259.811	145.292	73.311	118.550
280.459	135.377	73.710	112.870
289.718	136.643	60.988	98.580
312.496	139.873	51.113	82.543
306.325	131.644	52.295	88.291
307.829	133.630	47.421	82.110
302.179	127.581	48.240	87.640
294.145	125.186	54.248	90.767
301.165	152.954	60.327	88.589
284.570	147.058	64.239	109.329
303.777	146.096	62.437	92.365
289.489	149.976	60.512	98.028
272.675	172.126	72.335	115.325
283.217	146.481	72.076	115.145
296.461	145.366	65.164	105.919
315.600	146.506	61.607	94.731
302.081	151.112	59.835	101.841
281.146	156.880	66.347	107.470
260.960	137.898	77.087	106.992
237.815	134.089	76.333	109.777
190.648	134.903	55.491	95.338
181.112	130.356	52.247	95.878
169.226	139.000	55.621	95.030
182.645	138.441	49.447	82.589
189.309	136.839	38.381	81.499
193.180	126.848	36.254	66.053
193.523	124.599	33.944	68.404
185.025	135.773	41.441	68.947
183.909	139.264	39.527	69.840
182.530	139.124	35.746	70.965
190.526	134.473	34.372	86.669
191.785	139.175	39.653	86.518
199.545	145.959	53.787	94.951
238.860	139.992	51.563	100.648
280.377	137.221	47.359	108.721
309.368	132.224	48.068	85.373
274.036	97.694	43.020	85.005
317.806	135.971	43.078	75.467
325.968	122.607	43.062	87.637
312.265	112.093	52.097	85.499
258.270	103.503	46.017	82.194
250.925	100.706	38.015	67.757
255.050	105.066	47.483	97.651
262.259	130.408	63.554	95.634
205.672	162.464	45.073	95.495
212.010	135.357	58.796	96.869
230.288	118.416	59.959	87.308
249.129	98.709	61.436	104.675
193.439	143.986	64.864	106.854
172.191	121.776	65.138	94.721
186.170	139.524	48.128	61.097
186.588	124.226	42.420	66.203
190.980	123.853	50.292	85.659
191.769	110.715	64.932	94.464
202.626	104.436	70.296	92.574
184.569	112.750	56.999	89.791
163.070	130.794	71.620	80.722
98.675	110.455	43.803	96.060
98.648	111.481	34.741	72.687
103.562	112.921	30.428	64.640
116.896	102.175	36.547	70.009
94.574	102.060	41.259	98.281
73.012	51.901	52.244	120.699
86.706	93.410	62.631	131.616
103.662	89.067	69.851	119.971
128.173	102.594	64.066	104.466
145.502	103.823	61.536	89.101
141.046	106.589	59.759	97.591
141.237	133.118	55.821	95.119
152.783	139.896	58.441	117.797
130.603	101.857	65.461	120.606
158.492	97.022	64.942	109.772
237.917	117.267	43.202	80.242
231.969	121.546	33.126	59.907
231.766	123.518	30.292	56.279
230.894	124.160	26.372	53.797
228.426	124.235	25.195	54.081
225.293	124.682	27.076	53.391
220.028	125.134	25.849	53.827
216.032	124.827	24.603	54.262
211.185	125.001	27.456	54.240
202.741	125.123	31.495	55.211
202.429	123.758	29.090	57.640
197.805	124.427	28.486	55.388
195.526	123.469	27.760	54.421
195.742	122.590	26.547	56.300
191.106	125.099	27.822	52.679
181.087	122.151	26.008	57.588
179.144	123.241	24.160	57.754
178.629	130.863	24.053	51.072
174.873	125.929	25.460	57.093
167.740	122.617	30.901	60.391
161.814	120.336	29.212	56.258
159.500	123.070	27.618	51.298
158.157	124.637	25.164	49.536
154.789	127.971	23.664	46.590
150.952	123.052	24.446	48.892
147.911	114.446	25.753	52.604
147.169	103.312	28.537	54.388
134.542	123.849	32.877	47.805
121.794	115.682	35.126	65.454
130.423	117.570	26.872	55.922
129.948	96.834	25.261	59.890
112.217	105.621	40.873	72.558
121.838	104.809	48.609	85.644
142.243	106.677	48.099	103.433
146.511	137.133	69.951	117.183
168.189	155.514	73.359	134.271
183.968	156.755	76.009	139.847
195.671	131.799	82.349	147.302
0.000	146.252	42.989	147.503
0.406	152.938	40.270	128.500
0.868	151.703	30.181	114.895
3.414	164.319	34.298	104.399
0.000	159.765	24.479	109.299
1.700	163.258	27.840	99.462
0.925	159.644	27.990	97.483
1.268	153.667	28.577	94.918
0.000	151.611	25.454	107.105
0.414	160.682	26.546	99.783
1.656	164.717	26.595	91.128
0.179	168.073	21.646	91.500
0.628	166.202	26.589	81.727
2.257	160.851	24.473	88.989
2.029	163.229	22.780	96.641
1.396	163.190	28.386	88.547
4.340	160.775	27.856	90.559
0.497	154.333	25.247	96.096
1.162	165.110	26.485	86.520
1.630	163.661	23.702	91.542
1.372	156.056	27.913	86.453
0.000	152.600	25.057	98.331
2.939	159.904	27.953	94.845
0.000	162.840	29.285	101.412
2.655	165.647	31.119	99.930
0.578	145.797	29.431	103.617
2.862	123.018	32.136	104.528
126.534	120.165	33.615	90.192
127.426	117.156	50.356	59.847
119.091	116.875	32.622	56.158
118.722	122.638	28.640	50.511
117.220	122.731	24.396	50.198
132.455	122.060	27.148	48.172
162.632	119.657	14.332	53.916
195.644	110.589	28.982	54.758
222.027	122.298	23.373	53.663
214.633	120.443	25.086	52.244
210.298	119.536	24.428	54.588
207.276	121.634	22.722	53.678
204.041	122.391	23.437	51.584
199.011	122.942	23.675	52.108
195.068	122.376	23.178	53.152
191.626	116.279	24.274	49.057
186.419	119.907	22.784	53.312
183.387	120.692	20.844	50.355
178.450	123.118	23.964	52.792
173.810	123.193	23.526	51.806
169.223	123.069	23.361	49.857
164.928	123.593	22.951	47.712
161.400	123.603	21.793	49.669
156.148	124.823	22.578	48.977
151.252	124.811	22.667	46.790
146.991	125.200	23.387	46.101
142.385	125.631	23.158	45.327
133.350	124.568	25.830	49.670
123.517	123.745	36.342	67.755
115.251	151.004	40.654	77.657
124.928	172.489	49.625	88.384
128.346	180.440	64.503	103.806
147.111	175.232	74.377	121.809
172.041	187.359	70.379	114.713
189.360	195.612	61.601	102.682
198.570	172.423	67.007	109.504
212.884	177.261	55.021	116.108
196.064	184.859	65.230	107.139
188.043	198.202	58.155	96.100
202.987	200.200	51.762	93.874
204.439	167.256	58.623	105.788
191.959	159.768	68.305	126.477
209.080	141.578	71.228	133.031
210.662	148.378	64.066	126.714
205.916	124.131	55.460	117.772
212.733	114.047	43.797	106.534
213.756	115.263	35.590	92.455
197.029	153.042	54.721	97.938
207.181	179.760	57.135	99.074
194.748	179.348	66.214	107.009
186.488	183.852	63.197	103.464
208.034	187.405	58.404	107.637
217.464	188.460	56.590	99.049
198.834	159.921	70.242	119.658
212.955	164.469	72.761	134.110
196.865	172.433	91.779	140.030
156.899	182.380	105.611	138.474
180.734	167.910	102.785	149.345
194.702	188.241	114.836	129.343
183.767	194.873	101.490	119.929
232.627	190.521	72.074	119.516
245.593	210.631	91.814	107.976
286.247	198.650	79.002	109.830
299.119	195.892	53.604	116.014
303.846	189.803	48.415	109.218
300.035	191.905	52.243	103.584
297.844	188.475	52.753	105.125
307.743	196.994	58.010	104.941
298.011	185.833	58.328	106.699
301.665	193.786	54.495	107.339
294.119	199.430	61.940	95.087
305.605	190.274	65.493	94.573
304.337	188.079	60.151	103.749
313.196	183.590	74.116	104.368
293.847	190.738	68.238	97.120
290.512	183.325	65.812	108.166
305.802	199.058	59.109	101.146
296.856	189.853	59.765	99.685
305.401	203.061	70.455	97.701
298.567	199.643	63.649	102.168
291.372	186.317	57.221	109.330
299.149	197.953	62.137	95.400
289.241	193.559	58.505	95.028
292.960	192.591	54.145	97.481
295.284	184.183	56.675	98.146
304.337	194.335	63.596	102.333
291.180	189.985	67.760	97.134
290.499	183.846	60.898	102.320
305.550	198.625	61.153	99.671
299.357	187.837	63.027	91.065
284.200	187.263	66.421	96.405
286.560	188.269	66.726	96.049
295.219	188.786	60.381	95.648
303.428	198.970	76.596	99.821
298.703	193.589	71.820	99.111
293.098	189.025	56.375	102.509
302.642	187.739	60.150	106.564
288.869	186.602	54.398	98.864
294.257	186.025	64.642	95.657
285.481	187.995	54.602	98.872
287.340	190.001	50.556	99.959
287.430	216.108	60.486	88.575
298.844	190.531	47.059	98.566
280.640	195.688	65.194	99.131
289.242	181.664	52.725	97.041
300.162	182.751	58.701	87.269
290.158	188.428	55.934	100.551
294.390	188.181	51.639	102.872
292.037	192.307	61.269	95.867
294.942	194.129	59.634	99.851
295.364	195.724	62.893	100.965
283.312	188.784	62.262	103.028
288.947	187.397	55.695	96.376
286.966	185.243	55.003	84.691
311.270	183.110	53.662	82.280
303.839	214.791	54.479	88.763
307.458	206.862	53.138	92.131
294.426	190.108	51.273	97.870
279.499	195.191	64.744	99.214
302.722	186.553	58.829	93.574
288.633	186.567	53.159	88.279
286.433	187.776	53.211	86.670
285.406	183.513	51.595	87.297
293.599	183.167	49.704	93.987
276.251	190.684	70.419	101.699
270.563	179.286	71.458	111.041
289.917	156.741	76.727	126.301
314.197	177.598	83.802	123.925
339.700	173.942	81.728	122.452
362.590	167.502	87.323	124.616
403.453	175.409	78.621	124.028
219.308	186.639	63.657	101.686
207.589	191.679	58.361	98.489
115.616	192.834	50.704	103.840
131.526	186.408	54.677	96.991
174.231	186.100	56.981	99.042
203.383	198.981	62.505	91.683
193.009	199.504	60.424	88.241
219.121	196.938	51.688	96.174
200.708	201.780	58.029	82.747
216.595	201.063	47.398	89.960
210.006	200.590	47.526	93.602
203.524	193.487	48.175	94.528
208.796	187.654	61.003	98.071
207.628	193.666	54.424	92.088
201.673	201.583	55.671	89.309
209.238	199.411	49.556	86.654
197.280	193.890	55.371	96.592
135.934	193.003	49.955	94.893
130.873	180.861	46.685	100.648
136.178	163.991	64.158	114.921
131.543	177.137	61.010	108.246
131.029	177.693	52.613	108.830
127.308	192.620	48.383	104.703
133.867	176.711	51.283	114.015
122.017	168.190	60.291	110.276
128.513	191.253	46.649	103.927
129.514	189.661	48.011	102.328
202.818	190.348	56.820	99.646
240.391	111.322	37.375	90.647
239.878	110.051	34.064	73.081
240.980	100.903	31.457	70.947
240.568	100.838	28.060	62.380
239.407	100.921	26.878	55.041
237.261	100.536	26.138	56.159
235.920	98.936	25.690	55.211
236.269	96.295	24.300	59.071
235.651	95.392	23.358	58.278
233.908	94.931	24.769	58.671
234.599	95.108	23.767	58.511
233.875	94.589	23.940	54.164
233.791	92.764	23.977	54.999
232.976	90.235	24.222	56.024
232.241	88.357	24.243	57.909
232.228	87.651	23.470	58.279
231.339	88.353	23.508	56.311
229.612	86.813	25.017	55.989
229.604	85.288	24.983	55.915
228.663	83.914	26.389	57.827
227.634	82.776	28.278	58.469
227.572	84.180	28.920	57.361
227.531	84.382	28.339	56.285
227.735	84.132	27.360	56.796
227.251	83.282	27.209	56.759
227.464	83.319	25.700	56.345
226.562	83.642	24.009	55.919
225.902	84.128	24.640	53.702
224.383	82.098	24.746	57.566
222.948	82.071	28.568	59.380
223.882	81.822	26.792	61.716
223.101	83.093	27.464	56.088
223.036	81.921	26.692	57.474
223.189	81.641	25.019	55.708
223.073	82.418	25.788	54.879
222.708	80.914	24.745	57.592
221.022	81.822	26.151	54.829
219.398	81.956	26.376	56.021
218.694	80.884	27.850	56.194
218.319	82.139	27.968	55.121
218.247	82.671	27.039	54.172
219.311	81.742	26.128	52.566
219.555	82.125	25.861	53.198
220.334	81.774	25.604	53.821
219.721	80.707	25.983	55.618
219.278	82.492	26.260	52.521
219.748	80.652	25.074	53.403
