355.000	305.000	46.000	44.000
351.574	307.371	45.850	40.608
347.843	301.480	45.165	44.853
350.009	299.776	43.535	44.531
355.603	296.978	42.948	44.461
362.161	296.268	44.790	43.462
371.820	297.710	44.772	42.321
393.654	300.680	45.822	41.098
403.721	303.916	45.257	40.769
414.424	307.078	45.345	42.006
424.080	310.706	45.356	43.168
432.412	314.840	45.257	42.420
438.071	319.880	45.613	45.866
437.718	323.641	46.577	43.930
436.550	328.613	44.842	44.253
429.639	332.911	46.103	42.786
420.075	333.701	48.386	43.589
401.904	334.611	48.012	43.118
392.253	332.190	48.716	45.325
385.056	328.639	47.682	45.255
381.269	323.192	46.314	45.514
377.360	317.080	44.601	45.541
372.869	300.772	43.263	48.836
371.639	296.700	44.301	44.657
370.827	289.264	44.081	45.667
370.526	281.951	43.720	46.516
369.691	275.174	44.230	46.342
367.916	264.181	44.136	45.982
365.525	260.891	44.605	47.906
363.751	262.281	46.042	45.115
361.792	265.680	44.385	44.685
356.234	271.017	45.395	46.020
336.606	281.318	47.499	45.672
326.156	285.248	49.255	48.296
314.978	290.636	48.000	46.369
306.353	295.036	48.675	47.240
302.951	297.907	46.475	49.072
302.109	304.880	46.010	48.088
305.564	308.341	45.918	46.035
312.673	308.211	45.665	46.586
321.545	306.592	46.956	46.882
331.130	303.892	47.857	47.836
345.236	298.536	48.821	46.648
354.973	296.597	48.153	46.803
363.473	293.756	48.554	47.490
371.343	292.539	48.487	46.449
377.561	290.566	48.750	46.752
389.202	287.729	48.869	47.557
399.401	285.965	48.002	47.208
407.887	284.094	48.679	47.016
417.372	282.903	49.243	46.340
428.357	280.699	50.262	46.495
453.322	276.618	50.628	47.800
468.187	274.679	51.451	47.427
483.784	273.138	52.265	47.376
500.179	271.203	52.527	47.333
515.889	269.545	52.090	47.604
538.587	266.619	49.307	47.781
545.722	264.735	49.800	47.244
548.048	264.128	47.228	47.269
546.072	263.362	47.863	47.301
537.793	267.319	47.347	44.645
522.212	277.264	47.339	46.683
512.486	283.309	49.851	47.721
505.979	288.126	48.415	46.464
500.012	289.161	49.359	47.512
496.939	290.603	48.948	47.220
499.451	287.769	47.640	48.636
507.218	286.195	48.481	47.290
518.702	283.905	49.007	47.679
531.271	280.985	49.319	47.032
542.419	275.304	49.521	47.385
553.877	264.645	48.787	46.728
559.028	258.576	47.430	48.566
565.957	258.325	47.891	46.151
571.035	259.332	48.321	45.011
575.270	260.752	46.328	44.641
576.206	258.795	47.077	46.487
577.516	255.821	45.310	47.201
577.726	250.767	45.617	47.787
578.076	244.620	46.525	48.167
580.779	237.412	44.989	46.897
583.038	223.758	46.868	49.298
585.987	218.963	45.674	47.438
589.814	213.725	46.364	48.199
594.725	210.520	46.207	46.699
597.451	208.692	46.803	46.419
599.466	208.792	45.592	44.637
598.681	210.606	45.476	44.186
592.853	215.706	44.922	44.412
581.067	221.190	47.850	45.334
566.362	227.330	48.088	44.010
595.871	231.158	52.033	42.590
576.109	233.983	50.797	43.686
556.853	236.753	50.783	44.900
540.693	239.560	51.983	46.203
527.052	240.052	48.022	45.725
505.734	236.750	51.254	47.611
499.191	233.234	47.386	47.958
492.070	230.975	48.535	47.014
493.690	231.238	46.331	46.103
494.667	230.585	45.389	46.134
496.381	228.029	47.558	47.349
502.384	228.201	46.935	46.034
508.233	228.446	47.004	45.266
515.553	229.595	46.816	44.734
523.622	231.470	46.129	44.106
536.476	234.366	47.838	45.166
544.370	236.349	47.586	47.278
549.340	239.960	45.349	47.372
555.631	244.605	45.061	44.585
559.231	245.480	46.147	46.776
564.557	249.509	44.607	44.012
566.849	249.938	47.346	44.978
570.051	251.522	47.781	45.970
574.521	253.922	49.198	44.982
581.431	253.875	47.407	48.615
585.944	260.306	48.659	50.247
590.400	267.504	45.560	46.012
588.648	270.041	47.172	44.800
587.323	267.326	51.871	48.007
586.068	270.689	46.533	45.705
581.235	269.977	49.524	47.347
580.652	271.869	49.550	47.706
579.558	275.460	47.559	45.572
577.212	274.325	50.685	48.167
576.901	273.884	49.261	48.924
576.090	274.879	50.312	48.495
576.705	275.109	50.996	49.995
579.845	278.467	46.773	47.186
582.076	279.049	49.754	48.659
586.087	281.666	48.004	47.969
587.019	281.009	52.578	50.101
592.370	282.344	51.038	50.779
593.663	283.933	50.276	49.798
593.720	285.564	52.910	49.961
593.549	285.939	52.583	50.872
589.629	287.164	52.988	50.133
582.893	285.603	51.610	52.316
580.922	288.130	52.638	50.292
581.259	286.794	52.166	51.333
580.772	285.055	52.011	52.588
581.344	280.372	51.961	55.579
580.308	276.029	54.293	56.046
583.647	276.453	53.039	53.648
584.448	276.555	53.044	53.357
588.870	279.605	52.872	51.830
595.874	283.800	52.173	51.807
612.430	291.599	51.310	54.343
622.973	293.485	55.153	57.691
637.998	301.590	57.005	60.781
655.683	315.598	56.633	62.065
670.999	324.828	57.132	61.987
699.582	341.117	56.797	58.093
711.445	346.421	58.987	57.426
725.003	352.300	59.662	58.664
741.946	359.644	56.089	57.320
754.187	365.344	56.116	57.241
765.840	369.582	57.011	57.394
766.238	368.726	60.721	57.622
767.288	367.338	55.171	56.611
757.039	358.425	60.095	61.119
749.582	356.707	59.715	57.237
735.691	345.630	61.382	62.023
725.833	342.594	63.445	58.239
717.570	337.751	60.684	60.118
713.843	333.253	60.357	60.241
711.810	326.566	59.192	59.764
707.259	305.953	56.005	62.913
706.482	297.050	55.147	60.984
700.303	283.906	56.217	63.566
689.889	278.396	57.704	62.688
686.128	268.930	57.759	60.852
680.011	326.884	56.388	61.240
668.924	315.930	59.077	65.836
656.082	310.041	60.571	64.969
643.816	306.106	58.422	62.991
629.551	300.811	59.007	63.150
613.017	297.134	60.680	60.219
602.822	296.245	59.743	60.241
591.459	295.565	61.456	60.333
581.184	293.988	60.013	60.356
566.488	289.457	61.867	62.370
543.759	282.676	61.729	62.702
532.746	282.979	62.155	61.039
528.996	282.182	61.941	60.512
526.431	280.227	60.783	61.330
523.247	279.227	59.549	59.873
518.429	277.919	60.498	60.493
516.862	280.208	59.395	59.510
515.425	283.073	59.702	59.318
514.341	286.485	59.845	60.583
513.526	289.766	59.430	61.858
510.674	296.836	59.903	61.494
506.467	300.386	59.961	60.498
500.327	302.735	58.793	62.469
494.686	306.804	61.609	63.707
488.146	313.503	59.585	63.279
475.645	320.604	62.851	62.887
469.887	324.003	59.665	62.900
464.275	325.104	63.291	62.044
463.278	325.626	62.529	60.433
463.021	319.188	60.030	63.960
464.325	312.417	61.811	64.578
462.130	305.350	64.984	65.571
463.847	298.849	62.487	65.741
464.579	293.148	61.358	66.843
465.597	291.313	60.914	61.962
463.084	284.854	59.298	63.784
459.065	279.196	61.829	65.486
454.544	278.055	63.594	63.536
451.182	277.333	62.597	62.425
448.615	278.843	62.162	62.822
449.639	288.475	61.071	63.697
452.703	295.781	62.284	61.469
454.727	299.220	64.603	62.473
455.314	298.134	61.649	64.307
452.253	296.885	63.641	64.559
449.123	289.582	64.694	68.250
448.800	291.786	63.917	64.981
448.654	292.627	63.984	65.775
450.370	296.002	64.633	64.544
450.822	300.642	66.263	64.614
448.439	306.262	64.857	65.623
446.659	309.798	63.857	62.504
444.892	310.449	63.754	62.793
443.708	308.394	63.875	65.352
443.058	310.665	63.758	63.782
446.831	312.815	64.138	64.698
451.993	316.489	65.042	64.534
457.994	319.047	64.128	64.168
461.866	320.643	65.800	64.953
465.759	320.824	67.603	65.389
469.816	317.358	68.398	68.694
471.761	318.630	68.357	66.908
472.179	315.861	67.354	68.927
474.079	316.904	66.627	67.747
474.052	317.393	67.009	66.543
478.549	318.664	66.883	66.858
481.895	319.292	68.547	66.682
482.179	316.856	71.391	69.365
490.312	318.724	70.484	67.343
492.942	314.497	70.460	69.690
501.380	312.913	71.680	69.281
503.104	312.166	72.910	70.223
508.602	312.618	71.663	70.077
513.382	315.734	70.064	69.071
515.220	317.707	71.443	69.313
514.088	318.674	70.867	70.771
509.760	318.322	71.882	72.359
505.419	320.245	72.396	71.781
501.903	322.129	72.086	72.550
498.426	324.116	73.124	74.094
496.821	331.225	72.861	72.645
496.375	334.111	74.106	74.114
498.672	338.069	73.224	73.651
502.533	339.081	72.678	74.609
507.215	340.683	76.018	73.969
515.276	339.608	76.345	74.224
522.681	337.759	76.750	74.842
531.809	336.177	77.442	75.276
539.205	335.877	77.674	73.250
547.176	335.712	79.442	72.931
555.964	335.310	78.103	72.621
559.165	333.003	80.139	73.797
561.806	333.257	82.410	73.344
560.880	329.583	78.714	76.154
556.544	326.925	80.510	77.868
551.994	328.308	80.034	77.951
550.415	331.978	79.633	78.432
550.898	339.149	79.714	77.704
554.089	346.949	77.971	79.445
559.837	355.389	78.313	80.303
564.579	358.530	80.554	84.806
572.240	372.609	77.946	79.061
570.984	371.102	80.183	79.405
573.743	376.655	78.642	78.012
573.390	377.037	80.437	77.776
571.951	381.161	80.966	79.422
565.629	385.992	83.073	81.560
558.684	393.201	79.771	81.586
547.664	399.176	79.179	80.866
533.617	402.271	79.746	80.832
516.144	401.009	79.529	81.483
511.065	405.326	80.629	79.587
509.705	403.068	77.344	82.025
509.587	411.543	81.812	76.239
511.003	408.948	78.508	77.969
505.860	402.405	77.586	78.756
501.960	399.504	76.610	75.889
500.478	395.616	74.328	75.419
502.750	399.549	71.419	72.314
509.188	400.268	71.751	70.015
508.777	399.388	71.676	71.329
504.318	389.955	72.068	74.056
494.132	387.185	72.713	71.184
483.093	383.048	70.769	71.211
472.705	383.609	68.703	67.835
460.653	384.181	68.649	66.644
446.700	385.210	67.481	66.281
438.886	385.567	66.848	65.104
430.678	385.311	67.833	64.143
424.082	383.101	67.852	64.244
419.544	377.944	65.166	66.840
414.172	373.483	66.956	65.663
413.918	373.972	64.726	61.715
413.586	371.032	62.521	62.645
414.623	370.935	62.362	62.143
417.734	373.138	61.048	59.970
420.190	375.565	60.563	60.129
421.014	377.088	60.519	61.084
421.392	379.651	59.697	60.202
421.192	381.322	59.660	59.978
423.935	384.393	58.282	58.446
430.641	386.197	57.666	58.730
435.957	387.387	58.026	58.982
442.238	389.255	56.403	58.254
446.833	389.510	57.555	58.391
450.892	393.165	57.184	56.162
456.360	392.884	58.122	57.407
461.848	391.920	59.027	59.023
465.049	386.460	60.114	60.818
468.624	380.152	60.082	60.415
476.870	375.703	58.153	59.515
484.478	370.197	61.594	58.680
489.488	369.596	56.758	58.092
492.164	371.747	55.783	56.588
493.808	376.911	56.554	54.306
490.877	377.018	58.699	57.276
483.929	378.629	55.074	55.710
477.488	377.905	56.744	55.160
469.551	376.825	56.580	55.762
465.199	373.652	52.596	57.133
462.784	376.386	53.866	54.800
462.585	379.889	53.147	54.590
460.748	385.119	54.198	55.327
451.873	391.823	55.432	54.983
437.220	394.915	57.122	57.710
431.181	396.148	52.412	56.210
427.045	396.046	54.578	55.516
431.570	395.736	52.560	53.376
436.165	391.818	52.949	53.717
438.473	383.446	52.998	56.231
439.932	367.796	52.707	61.777
447.155	340.902	51.886	63.679
451.218	322.928	57.989	66.923
467.819	323.050	54.240	55.024
478.900	318.413	53.999	54.002
490.558	310.236	53.092	55.301
503.463	302.152	53.274	52.868
510.669	298.759	50.621	52.428
518.045	296.406	50.558	52.203
525.757	298.042	49.250	48.978
530.964	299.564	50.011	49.071
536.724	300.714	49.336	48.680
536.827	299.494	50.947	49.249
538.675	293.650	48.086	50.874
536.458	289.087	47.060	50.476
530.455	282.317	49.600	51.575
517.993	273.355	51.315	52.546
510.606	275.244	48.506	48.637
499.615	271.884	51.063	49.864
491.605	273.704	49.091	48.841
482.721	279.466	50.115	47.760
474.177	284.380	48.684	47.613
470.543	286.004	46.673	48.151
464.928	286.189	48.055	48.079
460.673	284.754	50.253	49.321
457.199	284.844	48.365	48.425
454.020	284.628	47.686	48.006
452.801	286.594	48.005	47.682
452.002	289.965	47.446	46.766
451.089	293.435	48.350	47.401
455.297	296.123	47.428	46.519
460.240	299.718	46.745	46.568
461.657	299.672	47.447	47.129
461.201	298.462	48.438	48.274
459.250	293.281	46.003	49.562
453.621	286.102	47.000	50.630
438.271	271.563	47.621	52.967
426.005	269.565	49.045	51.533
414.550	268.417	50.667	49.829
406.709	273.262	48.902	47.905
399.403	279.372	49.121	47.627
385.365	286.462	48.760	48.481
382.710	289.411	48.039	47.484
378.668	290.575	46.300	47.289
375.066	290.792	48.569	47.488
371.924	292.932	46.455	46.621
367.154	299.865	47.472	48.003
365.798	305.007	47.024	49.757
368.843	312.130	48.218	48.429
378.970	318.886	46.954	47.269
388.960	320.750	48.304	49.067
401.055	326.170	50.316	44.974
413.341	327.468	47.785	44.909
423.072	329.045	50.491	45.807
436.096	332.136	50.525	47.283
449.845	336.560	49.255	48.521
466.181	344.955	49.222	45.755
472.560	348.436	46.426	44.884
477.895	346.194	45.026	45.669
475.649	349.376	47.315	44.978
477.445	349.579	46.508	44.654
473.004	353.347	45.361	44.310
474.526	357.564	45.674	43.521
477.783	360.297	43.225	44.600
484.944	362.462	45.222	43.949
490.608	362.563	43.948	45.242
500.935	359.682	46.799	44.338
510.845	353.283	45.070	45.386
511.855	348.406	48.828	46.670
517.381	343.504	44.506	45.109
516.698	337.844	43.085	47.204
504.297	338.099	46.472	43.865
493.426	339.843	45.272	42.230
480.772	341.404	47.955	42.237
466.368	342.762	47.259	41.874
455.903	343.377	45.555	42.754
447.283	342.592	43.137	43.837
446.356	339.564	42.991	44.884
449.525	336.579	44.630	44.270
456.711	332.149	43.065	41.730
466.514	327.527	45.728	42.898
497.915	322.922	49.108	42.558
514.477	319.181	46.287	41.775
531.708	316.075	50.691	41.780
547.442	309.044	48.100	43.831
557.274	302.218	41.161	42.088
553.066	287.335	46.986	68.948
542.983	277.690	42.856	48.001
518.765	277.418	45.260	42.226
491.694	279.718	48.179	42.693
468.655	289.608	43.509	45.726
484.998	310.878	46.716	45.646
461.016	320.209	45.502	41.661
440.948	326.981	45.080	43.928
428.289	332.424	40.774	41.351
419.094	336.802	45.114	41.414
430.343	341.324	43.921	39.737
444.332	344.603	45.817	39.047
461.794	343.403	49.143	42.119
426.270	348.851	54.588	41.270
396.638	350.217	50.070	42.911
380.970	342.209	50.132	43.643
403.140	336.287	46.440	43.044
413.562	330.528	45.908	44.015
414.501	329.798	44.641	42.855
469.808	325.155	46.674	43.338
483.587	287.494	52.727	41.799
462.197	292.543	45.230	40.662
437.130	300.576	46.892	43.697
417.821	307.897	46.378	44.225
401.112	314.658	47.130	43.624
394.115	320.554	42.439	39.487
397.940	319.321	43.453	41.175
402.978	313.752	42.802	43.260
407.481	308.120	45.253	45.338
416.832	299.064	40.099	44.217
404.079	284.340	41.832	45.156
382.406	282.939	43.874	41.263
356.937	281.707	47.073	42.040
335.943	286.720	46.045	40.207
317.395	293.678	44.974	44.263
298.584	309.877	41.601	45.566
299.425	316.964	42.230	43.843
309.716	324.155	43.265	39.299
327.420	319.194	47.273	42.257
351.351	310.602	53.504	44.590
320.190	306.154	52.214	43.511
301.460	292.937	54.941	46.018
329.895	286.366	48.531	43.033
344.029	284.043	43.855	40.228
343.486	283.334	43.750	42.307
328.818	240.327	44.484	41.887
297.577	249.718	44.068	44.009
289.422	257.239	43.563	43.467
287.634	261.238	42.000	41.812
289.501	266.275	43.080	44.198
300.949	268.339	41.961	41.764
316.047	268.426	44.075	41.872
315.745	266.664	42.493	42.410
304.474	309.994	53.117	43.386
276.798	308.676	48.999	42.948
299.107	308.664	54.153	42.271
305.432	315.037	55.710	42.946
279.061	325.448	48.225	47.275
267.842	336.975	42.742	45.810
266.523	344.921	41.253	45.019
278.729	352.454	43.642	42.661
261.043	356.528	50.929	40.196
229.541	351.528	55.713	46.369
207.787	341.947	55.625	46.431
240.802	329.064	58.570	53.160
279.567	310.276	47.250	46.977
305.500	289.729	42.961	49.752
295.886	287.046	44.784	40.309
336.548	285.416	47.921	43.475
371.593	289.725	51.205	40.602
402.297	294.201	48.652	42.668
405.756	311.731	51.215	42.132
384.075	318.551	45.248	40.526
367.016	325.275	44.665	40.030
357.537	330.440	43.149	45.466
354.894	335.879	42.319	46.734
365.444	330.738	48.173	84.445
325.366	364.240	56.018	74.006
343.059	402.552	47.334	50.607
360.478	407.266	43.609	41.980
365.989	398.325	46.878	45.069
389.067	403.711	36.132	57.025
388.770	373.254	41.719	71.327
387.622	371.195	47.260	92.428
379.996	367.777	54.092	109.176
384.474	347.924	47.554	87.765
343.931	356.685	45.413	53.589
353.697	327.545	45.630	43.833
370.118	337.357	47.554	47.556
384.037	305.556	43.226	46.540
399.624	313.345	40.684	46.840
409.587	322.392	42.296	43.397
408.029	319.591	43.509	44.668
400.411	313.291	44.267	42.904
389.089	300.527	45.113	45.984
370.862	288.465	45.512	44.689
336.966	273.990	44.770	43.734
316.410	269.201	45.580	41.141
303.653	269.326	45.923	40.318
297.318	270.586	44.945	41.599
301.026	281.657	40.879	51.880
312.838	273.748	42.080	52.506
331.224	288.376	42.147	49.793
347.001	299.453	44.895	47.499
356.980	304.087	44.807	42.304
358.142	291.777	47.260	47.654
359.102	259.725	44.077	72.496
351.257	287.099	45.871	63.071
339.221	274.677	42.699	54.358
324.428	261.932	45.690	46.318
312.349	260.369	45.104	40.255
307.180	276.210	39.737	49.658
306.329	294.176	38.169	54.454
293.864	259.000	44.054	69.431
294.998	270.706	42.416	73.869
294.416	298.549	43.729	44.634
295.122	281.676	44.555	53.120
300.052	252.624	43.166	73.101
309.478	282.909	44.119	66.236
309.170	262.416	40.779	64.711
311.343	254.980	42.259	48.711
315.520	252.266	42.262	40.702
316.539	256.815	41.559	43.335
315.027	263.905	41.820	44.877
306.591	271.746	43.193	42.278
297.076	274.765	43.932	39.336
281.701	267.286	43.384	40.348
274.462	261.010	43.147	42.818
269.009	256.096	42.273	41.478
266.138	252.302	41.857	41.976
266.934	248.756	41.674	43.399
276.394	245.835	42.490	42.252
286.336	245.762	44.343	40.308
299.344	245.344	44.906	40.054
312.370	245.103	45.174	39.580
326.000	245.879	45.004	39.377
348.232	249.079	43.501	38.992
357.451	252.394	42.107	38.510
363.790	254.913	42.460	38.723
368.198	256.371	42.343	39.153
370.246	256.515	43.127	39.418
375.394	254.271	43.476	41.633
377.552	254.046	42.462	39.940
379.734	254.225	42.665	39.679
380.761	256.512	42.952	40.742
381.240	260.676	42.692	41.877
383.143	267.187	40.908	42.031
386.412	271.664	42.068	40.892
394.820	274.164	42.796	40.342
406.485	272.815	43.205	41.067
417.189	267.459	43.369	41.968
433.544	259.495	45.714	41.386
445.253	254.913	43.967	44.431
455.590	251.395	43.523	43.194
464.525	251.662	43.397	41.511
471.213	253.066	44.327	40.326
477.321	255.284	43.475	40.666
481.068	255.473	42.702	40.524
483.246	257.283	42.211	40.431
484.173	256.520	42.106	41.732
484.190	256.312	42.086	42.161
477.735	250.331	43.058	41.964
470.895	244.825	42.668	43.347
463.024	240.633	42.290	42.817
447.691	235.084	44.172	43.799
429.856	230.814	44.979	42.793
408.967	227.819	45.363	42.004
398.690	230.619	44.354	41.605
387.368	235.111	47.004	43.666
375.076	242.265	46.986	43.715
357.407	251.035	42.905	46.691
371.831	227.221	46.051	48.222
353.929	242.939	42.665	46.824
333.471	260.219	43.976	49.432
314.939	277.943	44.287	50.549
300.587	298.588	42.715	50.367
324.791	315.107	43.384	58.663
315.210	349.036	50.475	52.746
306.066	374.343	45.997	53.865
305.393	391.600	42.096	55.095
307.188	403.561	40.278	54.166
308.848	412.992	41.116	50.789
320.915	425.121	40.482	43.448
327.093	427.175	42.468	44.839
337.633	429.848	44.892	43.404
355.081	433.882	43.924	47.669
335.118	465.450	44.958	43.083
358.692	466.717	44.087	44.485
320.203	468.114	46.005	43.702
347.625	449.343	48.584	54.356
372.727	442.063	51.762	53.743
368.799	434.061	52.850	56.991
382.031	406.675	53.477	61.075
400.595	385.354	53.710	66.120
411.848	360.836	43.328	74.615
424.001	389.560	44.011	53.307
425.440	378.282	42.663	45.473
425.122	374.939	39.813	40.998
418.992	361.143	41.802	45.279
418.680	345.283	38.384	48.514
410.180	332.437	40.309	49.592
399.450	267.043	40.085	44.239
391.045	256.353	38.803	45.599
382.335	245.514	40.830	45.444
367.622	242.070	40.111	39.615
341.950	193.527	44.950	40.980
375.472	230.097	43.453	38.449
359.303	230.674	43.231	38.240
341.892	228.987	42.041	39.647
323.176	224.460	42.697	38.931
307.708	218.608	42.038	40.918
282.171	218.108	41.160	37.850
270.835	219.914	43.106	37.315
256.624	223.618	43.574	37.948
241.434	227.494	46.317	38.802
224.941	229.772	44.661	38.233
205.151	230.158	46.792	38.580
178.117	227.537	43.333	38.803
168.544	227.686	41.311	37.520
162.811	228.382	42.208	36.454
161.669	230.577	40.476	37.738
160.983	235.203	39.666	40.669
159.538	245.261	39.249	40.362
160.505	252.776	37.619	42.743
162.042	261.444	38.137	43.454
164.503	271.610	39.273	42.116
172.318	281.754	39.861	42.056
131.539	255.212	42.099	45.373
149.821	266.946	41.641	40.359
167.118	274.116	40.685	39.499
183.471	276.744	43.077	41.177
201.384	280.273	42.547	38.306
237.920	290.772	41.433	40.507
258.360	297.847	41.515	41.696
280.263	307.961	41.061	41.755
302.284	320.674	41.422	42.782
325.710	336.001	41.097	41.074
301.528	354.620	40.195	42.924
312.354	353.533	44.178	40.303
324.042	350.833	42.389	41.532
332.583	347.743	41.822	41.311
338.880	389.717	40.177	41.394
337.625	388.903	40.581	40.454
335.865	393.573	40.403	39.185
329.754	398.697	41.897	41.927
328.294	404.671	40.802	43.023
321.370	411.445	41.157	41.491
346.398	398.439	43.176	43.091
322.733	387.977	47.165	42.627
300.605	338.001	39.851	39.744
285.269	326.998	38.958	43.925
276.812	370.462	41.079	41.472
322.766	363.897	38.562	38.224
315.918	362.377	41.248	38.934
311.230	358.791	40.530	40.240
309.092	353.608	37.680	38.762
304.853	347.238	38.081	38.350
300.404	333.733	38.096	42.451
296.418	329.433	36.688	38.401
292.819	319.897	38.063	41.065
290.311	312.245	36.666	40.881
286.755	302.102	38.228	42.695
285.695	294.812	38.984	39.837
285.689	289.714	37.626	37.845
287.316	285.321	38.024	36.585
288.628	282.068	37.786	38.419
292.772	282.156	38.532	36.361
302.360	284.521	38.905	36.557
311.200	286.775	39.200	36.608
321.423	289.189	38.763	36.519
332.745	292.375	40.140	36.236
345.570	295.384	40.855	35.795
362.694	257.271	40.601	38.219
375.241	259.400	43.819	36.068
386.601	264.603	42.940	40.257
396.063	269.680	42.455	39.872
409.733	319.716	38.749	36.136
415.684	330.577	38.843	38.384
416.000	336.245	37.904	40.855
414.323	343.031	36.602	38.289
408.191	349.435	38.578	39.954
399.214	355.805	40.047	39.973
376.361	366.180	40.497	40.281
361.766	372.429	41.079	37.202
345.312	374.929	42.194	37.954
326.370	376.969	42.762	38.207
302.114	377.298	46.748	38.780
311.992	370.059	50.391	37.765
293.264	366.163	44.269	42.783
274.879	364.685	43.452	39.233
265.083	362.125	42.263	38.333
257.468	359.652	41.180	37.843
256.989	355.315	36.892	37.681
259.833	353.448	39.250	37.943
265.867	350.593	40.156	37.292
277.877	345.603	42.239	38.153
293.487	343.160	41.396	36.987
276.877	341.263	41.421	36.210
298.708	338.976	43.991	37.548
321.151	335.990	43.474	37.680
290.810	334.485	40.874	39.033
308.060	331.263	45.622	38.707
290.624	332.000	42.962	38.891
308.901	330.303	43.218	37.740
325.618	327.613	41.063	37.814
338.646	326.209	40.846	36.108
348.396	327.592	40.700	36.901
368.464	336.183	39.212	40.127
380.996	345.717	39.202	41.328
398.891	358.751	35.792	42.291
411.055	372.302	38.312	44.286
426.224	385.692	38.080	42.970
444.193	400.711	39.348	38.546
454.648	396.561	39.685	39.767
463.240	388.186	38.179	41.272
469.599	376.453	39.001	42.642
473.438	361.547	37.289	43.613
475.832	379.257	35.787	43.143
471.773	364.917	36.024	44.315
454.670	352.148	38.792	44.965
478.090	341.844	45.796	43.375
468.482	339.722	40.183	37.788
488.950	332.200	41.423	36.363
478.152	331.339	38.752	38.187
468.159	329.320	40.438	36.841
460.247	325.376	40.802	37.528
462.841	321.638	37.627	37.559
463.546	307.141	37.799	38.279
468.099	297.518	39.296	39.963
476.391	292.522	36.374	37.451
475.355	284.876	39.865	38.257
475.978	281.699	37.181	36.557
470.104	277.366	38.187	34.995
463.349	272.596	37.690	37.176
452.741	268.628	37.589	37.883
435.607	265.084	39.466	34.870
418.287	258.233	39.352	36.682
384.541	242.928	41.425	42.502
369.927	240.743	38.277	36.728
353.830	236.470	38.694	37.116
334.194	232.685	40.599	38.312
315.818	229.027	42.118	39.170
345.369	259.066	39.235	37.508
335.708	257.154	38.804	36.097
327.229	257.322	39.551	35.908
319.103	257.926	39.251	35.877
309.858	256.711	39.978	36.277
293.227	249.901	36.658	35.605
287.558	248.847	38.286	35.786
281.830	249.978	38.161	34.407
281.307	253.396	35.492	35.126
280.530	258.143	35.815	38.634
280.609	271.392	34.934	42.273
281.291	283.053	34.757	40.209
282.055	293.409	34.399	40.829
284.146	303.254	34.736	40.872
287.857	314.934	36.773	41.501
296.225	263.355	38.499	60.414
300.487	269.489	42.799	50.024
322.319	293.279	36.415	45.386
336.536	304.841	37.098	40.848
353.572	315.568	36.004	42.132
367.024	297.079	44.081	71.042
337.807	319.455	65.324	66.484
347.301	343.044	47.287	55.714
367.133	357.499	42.739	42.986
387.485	364.984	38.310	40.043
415.157	376.941	37.845	37.947
424.761	382.206	39.262	35.046
435.661	386.040	38.737	35.305
445.883	388.210	38.503	35.733
453.684	388.796	39.400	35.740
464.073	383.407	36.781	35.027
468.577	378.705	36.034	38.294
471.706	373.653	36.146	37.265
473.840	365.682	36.729	38.329
476.409	357.685	36.052	38.376
478.622	345.662	36.979	40.652
487.569	365.639	35.137	39.558
494.016	393.178	36.094	42.005
494.547	381.498	35.810	41.196
495.445	375.481	34.165	38.144
493.409	362.618	34.405	38.212
488.715	359.641	35.604	37.177
486.653	355.222	35.897	36.988
481.498	349.738	34.594	36.782
475.135	339.006	35.708	39.857
470.043	333.799	35.092	38.292
452.064	312.533	38.642	39.254
449.680	306.037	34.746	38.601
442.081	296.343	36.034	39.795
439.271	294.491	34.283	35.846
434.392	295.094	36.818	36.212
434.203	299.520	35.267	35.650
432.250	304.039	34.764	35.937
430.037	309.467	34.740	35.066
427.787	312.072	35.050	35.482
431.872	342.473	37.014	44.542
430.171	352.536	35.991	38.258
427.194	351.882	37.354	38.381
422.942	349.429	37.596	39.008
419.649	347.263	37.193	38.920
414.895	349.208	38.052	36.559
407.942	353.091	36.824	35.239
403.452	355.475	38.073	37.053
399.141	360.222	36.872	35.232
395.495	363.819	36.861	36.440
390.264	367.522	38.124	36.594
389.518	372.606	35.570	35.839
388.270	374.850	35.997	35.971
386.785	378.411	36.216	36.250
385.641	383.729	35.486	38.589
384.100	388.808	36.511	38.523
380.755	394.828	35.470	38.536
376.556	401.356	36.234	37.086
374.513	403.022	36.608	36.665
375.310	405.186	36.653	36.619
376.385	409.844	38.061	38.246
380.820	428.684	35.166	42.299
381.776	429.955	35.219	60.085
380.817	422.949	39.767	78.924
374.920	429.312	49.660	66.184
374.222	421.534	52.063	79.484
384.465	393.424	52.747	86.410
375.132	404.290	61.010	81.247
394.766	403.355	53.438	73.266
411.246	405.710	40.591	49.770
422.871	403.673	39.200	37.977
398.461	399.495	38.392	35.735
414.345	395.021	38.734	35.985
425.997	386.461	39.265	37.623
436.323	380.273	37.610	36.978
444.582	375.213	40.086	36.373
459.824	365.429	37.333	36.897
467.700	364.529	38.999	37.720
476.072	365.738	38.825	36.010
482.491	367.293	38.245	35.528
485.105	363.623	39.058	35.644
491.032	343.051	35.337	40.014
486.896	329.647	37.386	40.817
485.782	321.710	37.330	39.716
480.292	312.718	35.312	39.740
471.507	303.838	37.509	39.527
450.830	295.334	42.808	39.259
443.340	338.720	38.975	35.174
430.538	379.653	41.926	36.938
417.730	382.317	39.354	35.395
402.780	386.466	38.796	34.563
380.807	385.521	38.044	37.290
369.887	384.429	37.208	38.509
358.740	383.000	37.957	38.904
349.937	382.184	38.857	37.352
342.011	377.335	38.197	38.511
336.232	374.233	37.091	37.395
334.767	372.558	36.716	38.035
333.529	371.170	36.430	38.041
333.310	371.445	35.871	37.097
332.282	371.488	36.232	36.416
335.553	373.216	36.681	35.243
337.356	373.707	37.059	35.546
342.220	377.313	37.041	33.326
346.616	376.974	37.309	34.742
350.940	376.693	37.531	35.448
356.670	375.880	38.065	36.504
361.327	376.318	37.855	35.147
365.229	376.131	37.687	35.492
368.625	376.623	37.534	35.078
371.573	376.834	37.221	34.800
383.295	412.759	36.964	36.347
385.415	408.366	39.358	34.965
390.561	403.493	37.844	35.638
392.583	396.928	38.616	35.996
397.327	392.309	38.145	36.147
405.589	387.097	38.923	35.670
409.692	381.950	40.469	37.059
417.431	376.555	38.558	37.948
422.387	370.344	38.702	37.074
427.759	363.026	38.405	37.188
436.122	347.314	39.087	42.266
440.445	344.935	39.080	37.927
442.500	340.084	37.981	38.023
444.720	336.244	38.288	36.728
446.796	331.249	39.115	36.501
451.113	323.481	38.356	37.056
452.582	317.362	37.883	37.272
454.325	310.850	37.180	37.814
454.975	304.772	37.132	37.490
453.356	294.422	37.920	40.839
449.813	270.069	37.451	49.574
444.843	270.197	36.028	38.302
436.179	267.920	41.610	39.464
427.957	267.747	41.848	38.591
419.834	267.497	40.764	38.126
416.150	267.806	41.452	36.664
417.524	267.920	38.497	36.802
417.654	269.361	38.619	36.078
417.287	268.333	38.249	36.508
417.101	268.512	38.078	35.830
417.256	268.300	38.059	36.084
417.023	269.024	38.525	36.415
416.919	268.383	38.453	36.512
