416.000	162.000	27.000	48.000
414.875	165.281	22.304	50.049
409.870	171.546	24.571	48.590
404.111	171.493	26.898	47.829
400.479	171.981	26.935	47.693
394.575	171.786	28.445	47.175
390.178	170.043	28.864	54.027
388.164	169.973	27.012	54.644
382.844	169.259	31.316	56.585
373.381	171.280	28.679	54.675
372.397	168.385	28.451	59.387
367.408	175.389	31.446	48.759
369.743	171.836	28.844	56.333
357.122	165.252	36.226	53.433
345.279	168.376	41.565	52.821
332.408	171.771	34.910	53.321
302.527	173.211	30.090	52.933
312.461	166.740	33.753	54.460
339.755	176.104	25.858	52.671
334.065	175.282	25.942	48.608
332.543	173.916	26.254	52.623
331.562	173.447	27.643	51.763
331.047	172.237	27.387	50.680
314.801	176.277	26.635	53.339
307.280	169.276	27.662	61.750
311.531	176.594	26.598	50.090
307.221	180.234	24.931	50.603
301.250	180.241	23.843	51.581
291.808	176.279	32.020	58.062
294.894	171.002	28.749	61.026
294.315	168.516	27.282	63.888
282.346	170.369	23.141	63.169
272.654	175.570	28.854	59.348
270.429	175.422	31.305	59.810
268.219	177.968	27.117	53.892
262.752	180.249	23.725	54.138
259.185	177.134	23.501	57.856
254.848	175.800	26.174	59.008
246.847	179.649	27.771	55.415
242.145	182.237	25.896	51.122
233.786	181.074	29.092	53.569
230.777	176.527	30.027	59.937
229.717	174.753	28.343	61.466
222.753	177.691	26.260	55.368
217.240	182.416	24.633	49.759
212.763	184.406	24.470	51.279
206.917	185.183	28.059	49.270
200.689	182.995	27.227	54.129
195.975	184.166	26.577	49.044
189.184	183.926	28.048	51.607
184.673	180.702	29.467	56.676
183.231	178.624	23.774	56.645
176.792	185.473	26.112	49.874
170.603	181.027	26.558	53.752
170.403	179.014	25.458	53.981
161.715	169.210	29.825	55.164
150.773	175.687	28.226	55.145
148.205	177.813	26.888	54.898
145.918	179.166	26.375	53.306
141.906	178.229	25.979	53.812
135.713	176.640	27.952	54.815
131.085	180.445	28.630	50.187
126.001	181.992	26.591	48.260
120.598	180.700	28.647	50.649
116.164	178.886	27.187	50.958
112.000	177.616	26.763	51.009
106.826	179.497	28.439	49.212
