417.000	270.000	85.000	211.000
407.091	260.601	87.055	212.460
394.883	252.041	89.145	207.247
382.559	242.746	88.206	198.168
372.067	237.690	86.025	191.274
355.698	229.326	87.033	186.845
343.882	226.525	86.181	177.077
329.262	218.230	84.591	174.264
313.628	216.108	86.275	167.801
301.584	212.340	85.225	165.850
287.627	207.640	83.998	168.087
273.075	200.459	80.587	172.549
254.766	196.393	80.891	171.246
239.579	193.810	82.702	172.982
225.246	191.653	82.466	173.475
214.983	189.074	81.030	175.294
230.036	185.528	81.116	172.718
254.334	177.804	79.253	175.881
278.878	177.127	79.405	176.368
281.265	172.930	79.406	180.940
270.360	170.487	81.593	182.677
257.540	168.443	86.412	184.437
250.157	165.308	84.286	186.256
241.466	162.046	87.847	188.127
234.000	159.780	86.541	186.219
227.967	157.123	80.438	185.336
224.514	154.689	76.573	185.742
240.992	152.693	75.294	182.446
266.779	148.642	76.322	178.103
281.870	146.794	79.812	176.700
310.758	142.877	81.772	169.916
342.871	136.911	81.479	168.708
366.653	132.670	79.866	165.714
399.944	130.576	79.066	161.577
437.794	125.685	76.957	156.376
471.658	120.996	74.565	152.699
504.714	117.332	71.308	155.071
530.343	112.465	68.712	161.029
529.784	109.455	69.746	161.818
528.365	105.004	70.188	164.379
526.281	101.395	71.601	162.843
542.224	95.496	73.448	161.344
573.668	94.003	57.332	159.947
601.484	87.824	27.465	172.856
582.353	109.403	42.331	156.133
579.996	85.527	48.371	174.010
566.856	90.426	53.073	177.966
581.150	92.493	45.944	200.128
559.362	97.129	59.323	186.586
566.017	99.764	57.243	241.617
543.520	128.754	75.750	246.679
353.407	1.247	56.092	116.402
364.701	5.008	50.020	124.831
370.918	9.424	51.603	123.490
375.908	12.354	50.344	124.698
382.707	16.624	51.058	127.672
388.174	20.216	50.715	129.204
393.283	25.172	51.924	129.031
398.488	27.931	53.826	131.723
405.467	31.642	53.989	135.848
411.039	35.520	55.297	139.016
415.533	39.725	56.277	140.084
419.596	43.960	57.952	143.999
412.260	48.553	61.207	139.198
385.991	52.321	63.807	141.555
351.452	57.330	62.960	141.188
314.467	60.594	63.452	144.514
279.002	64.933	61.549	147.424
243.869	69.304	62.036	152.646
205.292	73.657	63.943	152.194
167.303	78.669	66.977	153.458
129.065	81.746	67.305	157.379
89.186	84.846	66.959	158.807
46.066	89.441	71.425	161.657
5.700	93.183	71.053	163.119
0.000	95.994	38.351	164.784
0.000	104.433	36.788	152.294
0.013	109.587	35.128	142.183
2.595	104.056	37.236	141.353
4.160	42.500	43.500	148.160
1.445	105.612	42.992	166.953
10.633	106.240	60.621	177.424
7.262	109.702	64.467	193.291
4.214	104.262	69.378	194.589
4.488	108.109	68.048	197.588
96.872	105.332	54.320	204.795
19.021	95.937	89.255	190.754
12.775	100.095	75.111	200.563
8.892	101.154	67.139	209.368
6.663	87.937	70.519	193.595
8.550	249.047	86.626	159.541
4.873	160.986	58.204	224.150
8.428	103.707	67.338	240.970
1.992	118.844	50.303	211.955
0.000	153.036	72.127	231.053
0.043	215.496	86.166	209.382
5.218	204.988	62.779	214.532
0.000	247.833	72.310	204.941
0.000	232.263	72.965	197.429
0.000	234.924	78.645	226.787
1.209	241.217	62.164	213.232
2.526	239.206	71.211	191.203
0.000	187.580	58.827	202.692
2.949	210.539	70.290	203.198
0.000	208.933	67.716	168.053
0.159	212.570	51.349	206.858
0.627	209.825	65.729	198.812
0.000	215.500	68.867	175.965
0.356	171.426	55.174	186.565
2.427	139.468	46.819	166.329
0.929	153.307	44.565	173.995
4.638	154.493	48.181	171.182
0.000	169.014	48.757	199.033
1.288	157.492	53.855	164.812
0.000	150.974	36.499	177.866
5.339	150.327	49.598	179.166
0.000	158.941	47.426	179.733
0.000	166.125	50.637	166.614
225.504	169.180	21.706	171.497
221.305	172.015	43.901	92.167
217.854	171.200	40.210	91.002
212.997	171.014	40.631	88.843
208.868	169.664	41.071	88.520
204.021	168.906	40.758	87.000
199.778	167.030	39.347	86.213
195.952	166.445	38.408	83.894
192.395	165.821	37.617	83.056
188.557	164.497	37.318	84.757
183.397	162.880	38.795	86.131
179.346	160.999	39.469	86.994
175.674	160.143	39.183	87.000
172.583	160.221	38.655	86.022
168.576	159.605	39.114	85.749
165.391	157.732	37.099	87.947
163.121	157.083	36.885	87.754
159.403	155.354	36.829	86.600
156.565	155.195	36.444	83.727
153.719	154.028	35.763	83.008
151.367	153.339	35.646	81.971
149.640	152.969	35.112	81.392
146.970	152.612	35.465	78.115
144.641	150.971	35.425	79.213
142.298	150.314	35.664	77.791
140.015	148.860	35.695	78.796
138.339	148.278	34.824	78.174
136.529	146.941	34.574	77.969
134.629	145.489	34.737	79.495
132.789	144.954	34.057	78.791
131.527	144.130	33.375	78.570
130.096	143.047	32.604	78.383
128.242	142.333	33.181	77.602
127.436	140.967	32.670	79.025
126.549	139.544	33.118	79.097
126.185	139.575	32.432	77.104
125.518	138.650	33.381	76.788
125.203	137.614	33.231	76.417
124.816	136.186	33.782	77.047
124.667	135.251	33.440	77.965
124.208	134.359	33.785	75.868
124.240	133.541	33.604	75.645
124.356	132.893	33.540	74.397
124.472	132.303	32.984	74.481
124.369	131.218	33.298	74.174
124.884	130.287	32.716	73.933
125.166	129.571	32.483	72.934
125.584	129.081	32.471	72.388
126.107	127.811	32.209	71.532
126.564	127.175	32.316	71.359
126.765	126.165	31.975	70.735
127.358	125.197	32.080	70.432
128.035	124.936	31.432	69.729
128.543	124.032	31.421	70.038
128.651	123.501	31.520	69.989
129.103	122.352	31.479	70.486
129.304	121.499	31.818	71.586
129.323	120.976	32.025	70.261
129.727	119.749	32.290	71.595
129.800	119.663	32.383	71.209
130.630	118.690	31.728	71.598
131.071	118.267	32.188	70.924
131.795	117.694	31.684	70.320
132.729	116.997	32.187	68.413
134.171	116.630	32.029	67.076
135.283	115.768	31.716	67.108
136.753	114.886	31.406	67.544
138.388	114.627	30.630	65.711
139.717	114.201	30.255	65.225
140.653	113.274	30.016	65.206
141.918	112.697	30.031	64.762
143.559	111.840	29.612	63.642
145.132	111.102	29.060	63.022
146.427	110.390	28.671	62.200
148.298	110.084	27.685	63.120
149.338	109.417	27.970	63.386
150.595	109.298	28.963	63.280
152.105	108.415	29.097	63.259
153.358	107.917	29.661	61.561
154.357	107.200	30.051	60.800
155.566	107.186	29.836	58.497
156.866	106.171	29.494	59.495
158.512	105.752	28.476	59.943
159.900	105.449	28.132	58.800
161.226	104.771	27.830	59.097
162.253	103.937	27.909	59.512
163.569	103.264	27.373	59.370
164.031	103.404	28.380	58.823
165.020	102.569	27.922	58.492
165.493	102.128	27.901	58.035
166.160	101.201	27.212	57.526
166.397	100.924	26.973	56.669
166.184	100.477	27.125	56.073
166.507	100.147	26.416	55.182
166.064	99.509	26.759	54.838
166.589	99.053	26.363	54.896
166.833	98.928	26.541	54.783
167.368	98.596	26.488	53.823
168.248	97.938	26.346	54.699
168.719	97.826	26.852	54.221
169.726	96.805	26.522	54.490
170.833	96.572	26.020	54.159
171.235	95.862	26.360	54.295
171.529	95.088	26.577	53.761
171.805	94.623	26.495	53.564
172.454	94.166	26.132	52.935
172.948	93.605	26.504	53.221
173.412	92.836	26.174	54.374
174.126	92.445	25.916	54.267
174.212	92.543	26.151	53.432
174.648	92.335	26.457	51.506
175.156	91.637	26.629	51.649
175.484	91.139	26.632	52.249
175.420	90.815	26.620	52.346
175.841	90.398	26.261	52.265
175.825	89.919	26.496	52.683
176.095	89.505	26.980	52.260
176.009	88.330	26.210	53.658
175.376	88.036	27.178	53.238
175.616	87.141	26.658	54.533
175.769	87.056	26.442	53.883
176.052	86.976	26.001	53.481
176.412	86.680	25.511	53.419
176.803	85.573	25.393	54.073
176.632	86.026	25.434	52.656
176.736	85.697	25.384	51.734
