178.000	169.000	43.000	112.000
180.436	173.355	49.427	108.206
189.573	173.709	48.776	109.219
205.674	169.568	46.020	110.236
216.454	174.345	46.092	105.530
227.119	175.197	46.462	103.584
238.014	175.878	44.869	101.618
247.430	175.177	43.586	108.998
258.447	178.480	44.482	97.097
250.687	178.724	40.721	100.104
209.010	182.482	42.026	102.369
206.206	175.214	47.448	107.052
175.403	183.398	49.724	114.247
131.793	184.726	43.312	113.883
139.415	189.336	43.853	109.296
150.875	193.957	48.728	117.429
165.463	189.282	56.461	112.490
207.049	183.154	47.439	123.523
185.141	193.531	49.244	124.050
202.335	201.682	51.178	120.336
215.248	205.877	45.111	116.577
230.514	201.737	46.559	120.382
234.499	206.079	41.835	116.496
246.520	203.465	47.405	111.746
272.575	197.824	43.669	106.924
278.745	201.847	48.620	96.447
283.769	201.127	48.681	100.442
297.475	203.744	49.168	109.429
311.482	210.382	46.903	99.247
326.836	206.187	44.984	118.062
337.624	210.067	51.469	105.341
347.490	208.422	58.550	115.480
372.210	210.555	48.964	112.905
361.860	208.889	49.049	120.503
330.190	215.859	49.547	121.992
310.054	208.282	51.892	119.087
290.386	207.524	56.244	122.417
265.803	209.391	60.962	123.022
253.958	212.364	52.452	116.550
234.062	211.146	55.722	116.727
240.468	210.587	53.842	121.804
254.236	215.149	50.907	114.468
269.363	224.465	54.239	118.519
282.982	220.398	51.528	115.308
295.791	218.312	50.555	123.830
307.850	228.248	52.752	121.916
320.781	224.516	54.752	123.256
334.947	225.996	55.240	123.278
346.963	220.844	55.073	122.785
364.224	225.194	56.188	120.230
381.769	221.496	53.004	116.820
397.056	221.730	45.230	111.627
407.633	221.303	49.948	106.396
422.045	222.995	51.812	101.185
437.006	218.529	48.322	108.243
418.615	223.069	48.741	119.689
388.761	230.873	52.920	116.300
365.513	232.768	52.887	119.862
348.853	233.587	52.174	128.159
326.596	231.385	54.808	123.583
323.473	230.815	55.252	125.516
333.300	231.173	58.700	129.265
353.554	229.484	57.901	123.592
371.992	228.136	55.200	126.139
384.827	234.065	50.540	125.752
401.709	232.662	51.060	123.714
413.421	232.948	50.016	117.894
423.000	236.186	46.811	117.709
424.586	241.980	53.498	117.605
424.063	243.118	48.344	115.625
434.401	244.410	42.911	109.593
422.892	244.419	49.803	114.336
396.518	254.588	53.591	107.925
371.324	254.652	53.825	109.041
335.222	256.627	55.070	119.577
301.913	263.507	54.880	115.586
277.704	267.429	57.403	125.989
251.383	266.295	60.028	122.547
224.210	265.932	60.270	134.223
242.292	268.744	54.566	136.031
263.082	269.508	65.566	138.816
267.592	269.776	70.262	139.647
272.199	280.712	60.605	142.334
276.403	287.843	56.284	137.170
286.199	288.065	55.821	146.786
296.581	298.231	51.028	140.239
295.223	300.744	56.207	139.660
302.445	269.513	54.821	133.337
307.072	229.513	53.197	137.998
310.775	190.008	52.434	143.121
316.058	132.154	53.387	146.509
315.734	115.589	54.557	146.123
317.995	114.516	55.856	151.425
316.916	115.379	56.760	158.834
316.643	114.735	58.576	161.810
317.851	116.849	59.494	161.950
318.256	118.574	58.378	167.253
318.870	123.331	58.322	167.281
319.510	125.260	59.367	168.512
319.128	124.922	60.442	169.443
317.841	128.852	62.649	173.050
316.927	135.486	63.072	175.090
315.581	137.810	62.885	175.713
314.912	138.010	65.444	176.142
315.604	145.019	67.021	177.451
317.230	150.197	69.100	179.849
317.023	151.614	69.628	178.606
317.076	153.144	66.799	182.228
316.384	161.438	66.056	182.306
316.162	165.884	66.905	188.216
318.434	166.725	65.170	187.314
320.158	169.574	67.266	187.430
323.013	176.022	67.117	193.233
325.430	182.074	69.235	191.760
328.562	184.431	70.280	192.566
330.589	184.142	72.535	193.888
332.413	188.510	73.645	197.369
334.679	197.595	75.101	196.433
338.218	202.275	74.442	198.748
346.410	202.988	70.472	196.765
350.210	205.056	72.605	207.332
355.204	214.108	75.651	208.843
362.385	218.282	72.697	208.429
365.756	218.639	72.975	207.817
365.663	221.383	78.216	217.524
366.635	231.291	78.872	216.391
367.143	234.315	78.008	221.707
370.132	201.938	74.438	231.239
371.836	171.155	72.516	224.541
372.556	137.829	72.471	222.377
368.276	104.047	71.998	229.422
367.594	106.920	73.179	222.955
360.282	114.977	78.990	226.702
358.802	125.763	81.416	232.011
359.442	131.939	79.003	232.762
360.557	135.340	79.061	232.809
362.064	144.359	77.644	239.387
362.081	153.764	81.231	243.433
365.915	158.277	80.834	242.973
367.693	161.187	82.116	240.548
370.925	167.539	81.882	247.128
372.618	156.414	85.574	258.936
375.724	120.351	85.007	261.627
379.435	82.102	82.669	251.149
380.508	33.938	85.824	264.884
387.195	40.780	86.774	268.712
396.752	47.731	89.666	266.148
403.885	52.749	90.353	265.809
406.684	62.559	94.955	276.582
411.086	74.945	96.102	277.793
418.325	82.643	92.479	277.830
424.404	90.549	96.483	280.275
432.043	100.796	97.963	288.297
416.151	114.050	95.166	290.449
392.086	121.962	94.440	285.362
355.782	127.778	103.500	291.542
337.674	145.269	114.834	293.507
340.566	157.351	115.944	294.368
347.927	163.952	112.662	287.806
357.555	169.434	108.268	285.476
361.172	183.095	108.863	272.576
365.968	199.048	110.447	258.497
371.061	209.834	113.158	249.935
372.625	216.327	117.658	244.372
370.069	233.791	125.896	229.018
372.709	254.545	125.853	210.534
379.017	266.742	120.375	201.515
384.975	282.165	118.986	181.553
395.786	303.256	113.009	165.543
