767.000	318.000	52.000	108.000
767.481	319.213	50.869	107.020
766.893	318.375	50.123	108.398
766.046	318.775	50.081	108.797
765.808	318.007	49.796	108.998
765.306	317.680	49.405	109.814
764.087	318.058	50.380	111.413
762.396	318.256	51.602	112.054
759.688	319.239	54.530	110.377
757.610	319.516	56.043	108.495
756.395	318.727	56.730	107.837
755.293	317.501	55.652	110.752
753.458	317.041	56.138	115.397
752.169	313.924	55.693	115.529
751.483	312.873	53.749	114.705
752.827	310.660	50.044	116.228
745.604	310.366	51.667	113.906
747.080	311.132	52.020	117.908
750.451	314.358	57.692	105.387
828.435	318.550	53.068	110.149
832.980	321.469	54.238	106.767
836.208	321.933	54.131	107.453
834.883	322.069	54.609	108.248
834.531	323.172	56.751	107.889
834.720	323.925	59.683	108.165
832.459	324.821	57.975	107.306
834.659	324.761	61.983	109.148
831.077	325.419	56.323	108.065
833.435	323.126	59.016	111.866
831.090	324.305	59.799	109.940
833.110	320.848	56.853	114.524
830.123	319.290	55.746	113.465
830.970	317.495	51.163	112.546
832.063	317.055	48.529	111.941
831.287	316.280	48.894	113.002
831.290	317.611	50.710	115.114
830.714	316.670	51.577	114.201
828.784	317.924	51.907	114.315
829.556	316.633	52.006	116.840
829.275	315.415	52.279	115.394
830.513	312.378	51.306	117.432
831.777	313.061	50.386	112.690
833.290	312.416	47.967	112.241
833.576	311.700	48.489	115.147
832.502	311.116	52.032	114.262
828.561	314.301	56.455	113.801
829.357	311.281	60.159	114.867
862.645	308.031	51.464	115.632
844.912	309.137	66.420	114.094
850.444	307.559	56.730	117.335
831.732	307.353	67.457	113.945
817.700	303.098	58.894	118.300
818.823	302.397	59.405	119.598
818.035	306.990	55.799	111.285
817.969	302.060	58.264	118.407
826.977	302.551	57.741	106.802
820.150	305.485	54.154	108.576
820.029	303.658	53.708	111.275
816.165	305.070	61.374	118.312
816.228	303.615	65.264	115.839
816.080	305.259	56.551	116.850
814.973	306.313	63.966	122.648
816.814	308.800	57.038	117.245
820.229	306.256	63.287	112.901
820.320	304.973	55.763	117.353
819.804	306.080	52.225	113.307
835.163	303.779	57.089	121.481
821.227	305.334	54.621	119.421
824.632	302.132	62.303	122.580
843.075	297.673	61.943	122.071
829.323	300.794	66.929	120.223
832.742	300.629	65.012	120.738
830.362	300.583	62.913	119.224
849.841	306.078	58.477	117.374
725.080	299.125	56.209	118.982
722.952	292.747	55.043	125.620
722.662	292.268	54.141	124.014
722.609	290.911	54.116	125.904
723.538	287.882	56.317	128.329
725.801	285.973	54.298	127.471
727.365	284.056	52.143	126.336
727.470	282.598	55.050	128.079
727.779	281.057	60.781	126.614
726.042	280.508	61.947	127.131
721.884	280.940	64.772	126.645
723.255	281.497	66.972	124.617
729.406	279.848	62.658	125.056
731.837	278.716	61.186	125.916
735.637	275.164	59.517	129.271
740.667	274.723	55.355	129.436
744.920	273.566	51.901	130.687
747.490	272.194	51.584	131.914
749.567	272.512	50.435	131.250
750.650	272.106	51.058	132.300
749.245	273.012	53.892	132.987
747.233	273.851	57.191	132.125
747.128	275.937	59.708	129.372
748.664	272.884	65.119	131.598
746.925	275.536	66.053	132.181
750.858	276.793	66.245	131.758
754.431	275.510	62.763	132.393
758.008	275.494	58.970	131.867
760.683	275.552	54.331	130.078
763.924	274.998	48.640	131.039
765.137	272.036	47.375	134.986
765.269	274.191	46.584	132.678
765.578	275.872	47.629	133.399
763.382	276.878	50.954	125.339
745.522	275.827	59.036	127.887
751.267	277.146	60.893	128.228
744.467	276.051	64.963	121.928
758.268	274.565	64.927	130.184
752.200	274.804	65.243	129.650
764.119	274.247	69.347	130.640
597.180	260.839	74.341	184.495
567.533	247.378	70.042	212.481
578.837	239.594	85.551	218.492
583.328	242.337	91.925	214.379
603.217	242.203	98.971	205.387
593.927	242.849	90.800	198.614
598.938	239.532	93.774	184.766
595.032	241.784	90.874	200.188
586.063	236.175	99.578	181.020
532.274	233.837	92.051	183.606
528.536	233.522	84.362	181.480
526.932	242.529	75.070	177.096
532.003	238.592	92.813	176.577
522.109	240.926	88.155	174.123
547.556	237.376	88.804	172.477
531.897	237.186	104.427	171.249
513.463	231.979	101.623	171.295
513.400	249.931	83.432	165.766
494.331	249.250	93.521	167.564
481.597	239.325	96.214	184.434
488.130	233.670	105.024	177.343
749.796	262.466	85.856	151.006
744.884	266.442	90.357	147.363
742.340	265.260	92.632	152.883
747.261	265.569	88.280	151.853
747.390	265.104	86.472	150.675
752.004	262.568	77.214	152.149
756.865	260.467	65.374	152.334
758.758	259.665	59.319	149.665
759.820	259.424	55.611	150.750
763.359	259.532	53.684	152.616
765.503	259.500	53.513	152.388
764.484	262.539	61.177	150.509
763.953	263.931	67.801	149.346
764.440	259.084	71.345	150.178
767.622	256.224	75.400	153.774
770.674	255.058	76.752	154.841
778.144	254.085	75.899	156.009
782.892	256.266	75.186	151.745
793.793	254.735	71.647	152.975
802.083	259.274	69.026	144.120
811.340	260.062	66.587	141.873
825.783	262.697	72.564	145.233
860.593	266.425	70.871	136.755
871.873	266.351	63.413	140.378
878.657	265.650	58.395	145.779
876.297	261.139	60.022	144.876
848.149	256.533	82.528	148.964
795.424	249.754	81.940	161.299
792.361	249.203	79.879	162.447
787.000	246.837	77.664	162.861
788.437	253.319	75.888	159.920
786.154	256.959	70.324	157.636
783.451	254.200	71.380	161.803
785.940	253.603	72.260	161.282
787.644	253.046	73.725	160.216
779.458	251.100	75.890	162.476
773.718	251.633	73.599	160.708
772.609	249.423	73.132	161.513
767.491	252.510	79.614	158.124
762.558	252.337	86.354	159.555
757.968	250.975	93.036	161.536
755.928	251.454	96.194	161.838
754.069	251.960	95.802	160.248
753.491	252.366	93.465	159.557
753.424	252.273	90.960	159.252
752.696	251.660	85.901	159.205
750.129	249.815	80.308	160.814
749.875	248.545	80.680	163.707
746.388	247.521	82.541	164.036
744.211	246.746	84.111	164.612
737.816	247.681	74.744	163.795
725.219	249.770	82.922	163.228
715.808	249.185	97.079	163.279
712.968	249.849	101.861	165.083
711.921	251.639	105.344	164.218
712.278	253.524	105.908	161.253
714.679	252.630	101.758	162.947
715.648	249.118	96.776	166.099
715.431	247.173	93.457	167.361
714.323	245.804	85.570	168.334
712.330	246.797	79.264	167.293
709.117	250.796	66.936	162.042
707.250	251.023	61.006	161.657
705.141	252.720	61.224	159.564
701.647	253.518	66.518	158.936
697.950	254.287	71.757	159.715
690.839	253.410	82.541	159.900
688.345	253.965	84.292	159.093
687.690	254.116	84.273	160.257
681.342	257.290	89.124	155.955
680.799	259.531	85.245	152.779
664.018	257.727	85.009	149.129
655.093	259.116	86.876	146.945
647.706	261.013	85.592	146.614
639.728	263.046	89.977	143.399
640.798	261.077	85.016	148.089
748.721	269.943	94.229	143.524
749.998	267.503	89.214	144.790
748.384	267.878	76.555	142.056
600.428	272.443	80.615	131.464
620.544	266.877	80.221	141.327
634.005	248.739	81.618	156.466
623.227	266.584	86.283	144.829
642.266	258.741	87.757	147.575
671.645	261.152	85.046	153.474
691.282	264.200	91.464	152.132
687.440	266.106	94.422	149.905
685.000	263.884	90.303	154.152
666.196	264.878	97.239	153.020
642.922	260.926	97.134	157.042
552.433	264.714	68.145	158.410
534.909	271.484	70.976	151.329
527.857	263.786	77.993	160.293
514.421	264.961	91.024	159.417
500.358	264.589	99.637	161.702
487.786	266.954	105.158	163.038
471.696	269.172	102.955	165.621
464.336	272.088	99.476	166.381
454.130	274.796	97.230	166.419
441.595	277.555	95.143	166.661
425.776	280.354	93.097	166.860
407.767	282.894	88.195	167.991
380.026	285.824	91.905	167.638
355.218	286.263	94.317	170.822
330.451	287.301	91.114	170.744
300.006	289.264	86.287	173.195
270.281	293.232	85.448	170.793
221.891	301.342	99.664	166.667
194.201	304.781	92.144	166.524
153.371	311.881	98.345	165.231
113.971	315.026	100.561	167.443
76.150	321.877	101.271	168.762
