417.000	270.000	85.000	211.000
407.091	260.601	87.055	212.460
394.883	252.041	89.145	207.247
382.559	242.746	88.206	198.168
372.067	237.690	86.025	191.274
355.698	229.326	87.033	186.845
343.882	226.525	86.181	177.077
329.262	218.230	84.591	174.264
313.628	216.108	86.275	167.801
301.584	212.340	85.225	165.850
287.627	207.640	83.998	168.087
273.075	200.459	80.587	172.549
254.766	196.393	80.891	171.246
239.579	193.810	82.702	172.982
225.246	191.653	82.466	173.475
214.983	189.074	81.030	175.294
230.036	185.528	81.116	172.718
254.334	177.804	79.253	175.881
278.878	177.127	79.405	176.368
281.265	172.930	79.406	180.940
270.360	170.487	81.593	182.677
257.540	168.443	86.412	184.437
250.157	165.308	84.286	186.256
241.466	162.046	87.847	188.127
234.000	159.780	86.541	186.219
227.967	157.123	80.438	185.336
224.514	154.689	76.573	185.742
240.992	152.693	75.294	182.446
266.779	148.642	76.322	178.103
281.870	146.794	79.812	176.700
310.758	142.877	81.772	169.916
342.871	136.911	81.479	168.708
366.653	132.670	79.866	165.714
399.944	130.576	79.066	161.577
437.794	125.685	76.957	156.376
471.658	120.996	74.565	152.699
504.714	117.332	71.308	155.071
530.343	112.465	68.712	161.029
529.784	109.455	69.746	161.818
528.365	105.004	70.188	164.379
526.281	101.395	71.601	162.843
542.224	95.496	73.448	161.344
573.668	94.003	57.332	159.947
601.484	87.824	27.465	172.856
579.622	195.517	44.577	163.707
577.723	101.094	51.812	186.859
567.344	94.907	53.430	179.672
568.820	74.745	55.102	184.389
580.690	97.697	48.918	205.061
554.941	123.922	63.352	239.481
569.224	133.875	51.871	257.414
553.430	151.633	67.727	230.403
569.364	120.493	61.636	252.413
545.072	95.137	76.193	249.494
565.202	98.807	65.185	242.922
545.490	108.933	75.090	244.899
565.887	96.846	65.113	245.391
544.829	120.704	78.066	231.902
571.462	85.993	59.538	240.538
553.348	89.372	68.756	224.590
573.678	60.479	57.248	210.614
548.131	88.899	71.030	236.844
567.736	73.326	62.403	254.881
415.881	47.112	55.811	135.395
388.228	51.336	57.359	117.058
358.344	54.905	50.407	126.384
325.174	59.103	51.963	135.264
284.806	63.472	55.152	145.465
249.959	69.155	57.005	149.130
212.109	74.989	56.978	144.999
173.866	79.347	59.818	141.578
136.010	80.406	58.732	151.377
96.375	84.062	61.989	149.577
52.892	87.852	64.238	153.696
8.067	94.096	67.627	150.488
1.260	97.773	35.140	159.881
0.111	104.188	34.885	147.572
4.575	108.184	28.664	143.417
5.683	94.630	37.683	133.663
0.812	99.628	31.474	131.689
6.447	99.142	28.954	144.897
6.466	80.070	40.061	173.234
1.415	101.895	53.745	183.646
7.027	110.167	65.242	187.078
5.659	111.399	59.913	200.360
2.827	111.138	62.816	209.693
3.622	110.043	71.402	213.787
40.806	100.344	99.101	206.793
30.519	96.750	76.319	208.512
39.416	65.956	95.853	214.127
23.599	106.504	74.859	254.450
9.503	125.220	71.331	274.973
5.274	103.521	72.407	269.210
2.965	139.854	81.431	271.631
10.311	176.735	82.114	257.949
0.890	190.062	67.165	210.158
0.000	247.335	76.453	206.361
0.999	232.683	74.896	188.951
1.945	240.382	68.645	203.119
0.000	271.362	82.289	206.955
0.000	238.439	65.814	224.101
1.332	201.303	77.622	193.870
0.000	228.449	65.895	210.367
0.000	266.550	77.586	204.782
3.404	261.670	77.809	199.716
5.569	232.046	55.186	202.711
0.000	265.721	74.125	196.889
2.952	228.684	61.961	199.013
269.773	178.253	25.990	157.431
271.305	178.748	39.411	102.257
267.224	181.246	40.049	93.218
262.675	182.138	39.723	87.485
258.984	181.693	40.002	84.737
253.684	179.574	40.485	83.582
248.551	176.922	39.748	85.994
243.891	175.860	39.131	86.451
238.864	175.414	39.070	86.151
232.715	174.323	40.423	87.106
227.890	172.773	40.269	89.680
222.942	172.587	39.822	89.171
218.547	171.654	38.829	88.826
213.598	170.936	39.807	88.220
209.386	169.602	40.115	87.549
204.218	168.773	40.447	86.283
199.779	167.326	39.022	84.230
195.715	166.414	38.304	82.179
192.122	165.806	37.261	80.200
188.478	164.479	36.520	82.903
183.437	162.965	38.262	84.837
179.408	161.158	38.625	85.850
175.675	160.559	38.453	86.523
172.412	160.409	38.487	86.019
168.537	159.525	38.268	85.204
165.445	158.061	36.932	86.997
163.006	157.039	37.143	87.755
159.350	155.509	36.882	86.685
156.970	155.195	35.942	83.755
153.891	154.087	35.670	82.874
151.367	153.339	35.646	81.971
149.640	152.969	35.112	81.392
146.970	152.612	35.465	78.115
144.641	150.971	35.425	79.213
142.298	150.314	35.664	77.791
140.015	148.860	35.695	78.796
138.339	148.278	34.824	78.174
136.529	146.941	34.574	77.969
134.629	145.489	34.737	79.495
132.789	144.954	34.057	78.791
131.527	144.130	33.375	78.570
130.096	143.047	32.604	78.383
128.242	142.333	33.181	77.602
127.436	140.967	32.670	79.025
126.549	139.544	33.118	79.097
126.185	139.575	32.432	77.104
125.518	138.650	33.381	76.788
125.203	137.614	33.231	76.417
124.816	136.186	33.782	77.047
124.667	135.251	33.440	77.965
124.208	134.359	33.785	75.868
124.240	133.541	33.604	75.645
124.356	132.893	33.540	74.397
124.472	132.303	32.984	74.481
124.369	131.218	33.298	74.174
124.884	130.287	32.716	73.933
125.166	129.571	32.483	72.934
125.584	129.081	32.471	72.388
126.107	127.811	32.209	71.532
126.564	127.175	32.316	71.359
126.765	126.165	31.975	70.735
127.358	125.197	32.080	70.432
128.035	124.936	31.432	69.729
128.543	124.032	31.421	70.038
128.651	123.501	31.520	69.989
129.103	122.352	31.479	70.486
129.304	121.499	31.818	71.586
129.323	120.976	32.025	70.261
129.727	119.749	32.290	71.595
129.800	119.663	32.383	71.209
130.630	118.690	31.728	71.598
131.071	118.267	32.188	70.924
131.795	117.694	31.684	70.320
132.729	116.997	32.187	68.413
134.171	116.630	32.029	67.076
135.283	115.768	31.716	67.108
136.753	114.886	31.406	67.544
138.388	114.627	30.630	65.711
139.717	114.201	30.255	65.225
140.653	113.274	30.016	65.206
141.918	112.697	30.031	64.762
143.559	111.840	29.612	63.642
145.132	111.102	29.060	63.022
146.427	110.390	28.671	62.200
148.298	110.084	27.685	63.120
149.338	109.417	27.970	63.386
150.595	109.298	28.963	63.280
152.105	108.415	29.097	63.259
153.358	107.917	29.661	61.561
154.357	107.200	30.051	60.800
155.566	107.186	29.836	58.497
156.866	106.171	29.494	59.495
158.512	105.752	28.476	59.943
159.900	105.449	28.132	58.800
161.226	104.771	27.830	59.097
162.253	103.937	27.909	59.512
163.569	103.264	27.373	59.370
164.031	103.404	28.380	58.823
165.020	102.569	27.922	58.492
165.493	102.128	27.901	58.035
166.160	101.201	27.212	57.526
166.397	100.924	26.973	56.669
166.184	100.477	27.125	56.073
166.507	100.147	26.416	55.182
166.064	99.509	26.759	54.838
166.589	99.053	26.363	54.896
166.833	98.928	26.541	54.783
167.368	98.596	26.488	53.823
168.248	97.938	26.346	54.699
168.719	97.826	26.852	54.221
169.726	96.805	26.522	54.490
170.833	96.572	26.020	54.159
171.235	95.862	26.360	54.295
171.529	95.088	26.577	53.761
171.805	94.623	26.495	53.564
172.454	94.166	26.132	52.935
172.948	93.605	26.504	53.221
173.412	92.836	26.174	54.374
174.126	92.445	25.916	54.267
174.212	92.543	26.151	53.432
174.648	92.335	26.457	51.506
175.156	91.637	26.629	51.649
175.484	91.139	26.632	52.249
175.420	90.815	26.620	52.346
175.841	90.398	26.261	52.265
175.825	89.919	26.496	52.683
176.095	89.505	26.980	52.260
176.009	88.330	26.210	53.658
175.376	88.036	27.178	53.238
175.616	87.141	26.658	54.533
175.769	87.056	26.442	53.883
176.052	86.976	26.001	53.481
176.412	86.680	25.511	53.419
176.803	85.573	25.393	54.073
176.632	86.026	25.434	52.656
176.736	85.697	25.384	51.734
