855.000	286.000	101.000	83.000
847.375	286.592	105.197	76.604
842.741	286.187	103.726	74.820
838.430	284.219	105.187	75.174
833.938	283.274	106.870	75.674
829.919	283.525	107.367	75.115
827.140	282.817	105.468	74.980
823.645	280.158	103.555	76.214
819.102	277.192	102.002	75.552
814.461	275.010	100.465	74.933
813.488	273.504	96.090	74.597
810.955	272.265	94.744	74.672
806.870	270.611	95.985	74.875
803.534	270.125	97.276	75.062
801.834	270.119	96.207	73.849
802.565	269.939	96.468	72.763
802.803	267.239	94.663	75.202
802.112	266.079	94.240	74.287
798.419	265.125	97.328	71.986
797.401	264.111	97.579	70.564
798.446	262.778	96.846	70.058
801.099	261.722	95.999	69.900
800.652	261.377	96.504	66.591
801.897	259.404	95.103	65.438
802.874	258.481	93.976	63.689
802.184	257.965	94.547	61.715
803.880	258.739	93.289	58.198
805.975	257.691	92.770	59.285
806.601	257.628	91.488	56.886
806.720	256.411	89.668	57.102
806.794	255.736	88.202	56.377
807.080	254.326	86.542	57.160
805.011	253.005	85.945	57.199
802.598	251.030	85.843	56.620
801.839	250.630	83.308	55.003
800.539	248.793	79.989	55.517
799.151	248.132	77.829	54.141
793.189	247.824	79.836	52.235
782.695	246.504	83.118	51.954
775.272	244.595	85.053	53.795
768.190	243.590	85.567	54.115
759.220	242.740	85.666	54.495
750.544	241.095	85.612	56.111
739.441	238.452	88.758	56.269
728.724	236.948	93.542	56.635
726.811	234.701	84.969	56.782
712.736	232.353	87.353	59.236
702.983	230.377	91.346	61.744
694.467	229.367	90.689	62.845
690.111	229.149	88.543	62.585
684.641	229.221	88.951	61.489
679.948	228.266	88.413	61.543
673.156	226.826	90.183	61.356
664.935	224.447	93.131	62.148
662.284	223.757	92.140	61.792
659.667	222.882	90.054	61.913
658.203	222.378	87.025	62.134
654.215	221.840	87.051	62.342
647.435	220.328	89.468	61.789
643.184	219.335	88.847	60.591
640.312	217.921	86.039	60.338
637.731	216.870	85.132	58.743
635.510	215.271	83.776	59.635
632.082	212.522	83.550	60.273
630.492	209.569	82.824	62.359
628.778	207.384	82.328	63.374
626.187	206.071	83.476	62.564
624.367	203.351	83.211	63.607
621.373	201.559	85.772	60.391
620.597	198.807	84.949	60.689
619.068	199.121	84.394	57.965
618.504	197.871	82.331	58.232
617.253	197.925	83.796	57.347
615.202	196.150	82.623	56.840
613.743	196.379	82.463	55.414
607.740	194.813	85.619	56.827
604.620	194.744	84.206	55.952
603.759	194.139	81.911	53.811
592.649	190.716	88.435	56.242
592.830	190.631	84.435	54.508
589.815	190.499	83.249	54.064
584.021	189.560	85.245	53.707
579.345	188.278	86.317	55.993
573.214	186.275	86.541	57.091
567.458	185.316	87.943	56.342
560.368	183.712	89.678	56.120
558.537	183.436	85.573	54.884
549.953	181.934	89.584	54.092
546.868	180.029	87.221	53.322
538.442	180.497	92.043	49.791
537.072	179.198	90.094	51.462
533.649	178.387	88.654	51.313
529.044	176.146	86.402	52.467
523.082	173.880	82.518	53.268
521.357	173.099	82.197	53.908
520.117	173.393	80.893	54.735
517.088	172.186	81.788	54.362
514.047	172.130	81.727	53.910
510.840	169.743	81.029	53.110
507.415	168.190	80.108	52.470
504.340	166.689	79.735	53.705
501.744	165.184	80.599	54.017
499.831	163.553	80.227	54.150
500.361	159.903	76.830	54.187
498.823	159.093	78.298	53.888
498.088	157.944	77.175	54.934
499.197	157.519	76.331	54.000
498.763	156.426	75.955	54.021
496.240	156.152	77.050	51.566
497.077	155.930	73.035	52.341
496.751	155.920	73.037	52.573
494.128	154.540	74.489	51.598
494.458	154.183	71.477	52.451
490.941	152.478	71.505	52.561
487.948	151.486	73.055	55.974
486.424	150.631	72.592	57.092
483.936	150.684	72.438	57.701
483.158	149.876	70.981	57.401
478.438	148.388	69.614	56.244
475.175	148.517	71.501	54.435
471.605	146.753	69.732	53.836
469.936	146.887	70.875	53.789
467.352	146.105	69.809	52.594
459.575	145.075	73.362	50.324
458.182	144.410	71.614	50.122
459.479	143.004	67.328	48.982
457.557	142.356	65.706	48.423
454.507	142.345	65.267	49.298
453.553	140.699	63.877	49.137
453.023	139.954	63.435	48.599
450.556	138.798	63.538	47.069
449.760	137.678	63.959	43.976
442.753	135.897	69.844	46.893
447.329	135.903	64.699	47.685
445.556	134.837	66.092	51.874
444.592	133.485	63.651	55.964
442.576	133.084	65.623	58.364
439.241	131.730	67.702	57.783
440.147	132.153	67.461	57.562
439.295	130.843	67.790	56.610
439.817	130.990	67.995	57.056
440.952	130.825	69.148	57.561
442.197	129.986	69.540	59.455
442.880	128.727	69.734	62.088
440.706	127.890	70.432	61.881
438.994	127.229	72.867	61.419
438.040	125.794	73.098	60.036
439.061	124.190	71.727	61.101
438.214	121.714	70.822	62.610
435.141	121.116	71.811	61.659
434.305	120.325	70.714	61.578
434.326	120.583	69.172	58.944
433.143	120.996	68.433	56.922
431.496	120.862	69.079	58.986
425.643	120.165	72.603	58.069
419.343	118.636	72.279	58.180
416.445	118.683	68.208	57.102
413.146	118.248	70.771	56.930
409.460	118.680	69.020	53.331
404.098	118.437	70.350	55.708
399.609	116.519	68.946	56.404
394.984	114.499	67.285	55.900
386.215	112.686	70.139	55.161
377.049	109.097	71.449	55.594
374.447	108.382	73.634	56.468
373.182	107.440	71.820	55.867
369.888	105.943	70.548	54.570
370.453	104.828	70.418	58.572
364.737	103.542	73.704	58.347
362.701	102.518	74.115	59.216
361.605	101.899	73.645	58.457
361.449	102.920	70.446	60.988
364.453	104.092	69.238	60.370
359.426	104.552	70.749	58.920
359.038	103.085	71.172	58.097
357.794	100.433	69.043	58.105
354.431	98.394	70.138	56.900
350.801	97.601	72.301	59.600
353.148	97.534	67.904	58.315
351.943	97.634	68.798	56.734
350.837	96.177	68.325	58.670
348.780	95.177	71.257	60.158
352.502	94.604	69.686	57.826
347.700	92.515	71.495	59.820
349.569	91.334	68.728	57.897
347.709	90.325	67.730	56.272
346.721	90.654	65.968	56.184
345.652	90.921	65.918	55.668
344.445	90.598	64.477	56.182
341.601	90.170	64.609	55.307
337.990	89.265	64.877	55.648
334.181	87.606	66.504	55.586
329.851	86.362	64.548	56.069
324.849	86.654	67.626	55.164
321.052	87.322	70.084	56.924
320.707	89.158	67.820	56.608
316.768	90.096	68.769	54.816
312.378	88.202	64.949	56.717
307.613	87.047	64.867	55.500
300.369	83.169	63.411	55.985
297.429	81.818	67.236	55.859
296.372	80.170	64.644	55.638
297.565	79.973	62.949	53.245
294.270	77.854	57.518	53.516
289.664	76.539	56.577	50.416
285.460	76.881	56.495	50.571
283.480	75.769	55.961	50.139
281.759	74.826	55.280	50.342
278.735	74.150	56.788	50.439
271.040	71.150	62.459	50.569
265.223	69.063	62.987	48.516
267.601	67.039	56.173	49.286
263.908	65.428	58.698	49.738
263.332	65.988	55.050	50.065
262.097	64.342	54.974	51.412
259.573	67.104	56.152	48.841
259.955	68.511	55.749	48.618
262.076	68.991	55.547	48.226
261.432	68.494	55.118	49.762
260.705	64.946	53.932	52.093
261.237	63.280	53.490	51.358
258.876	60.952	56.025	52.023
260.029	59.247	53.536	52.928
260.336	59.770	54.754	51.831
258.758	60.366	56.320	51.766
255.830	62.433	56.472	49.864
254.993	63.086	56.448	50.234
249.319	63.014	58.623	50.362
244.003	61.895	59.034	51.927
238.306	59.851	60.076	52.613
233.317	58.084	58.558	51.837
227.951	54.471	59.536	52.172
222.937	53.348	59.209	49.893
218.961	54.030	62.082	49.382
220.388	55.594	58.776	50.043
220.899	56.450	57.038	51.588
218.294	55.566	58.633	51.443
210.548	56.308	57.780	49.710
206.785	56.380	56.860	50.962
200.924	56.682	56.067	50.033
200.285	57.433	54.627	50.754
196.000	57.823	53.420	49.039
194.284	57.462	54.112	50.202
191.756	57.379	55.648	51.067
192.071	57.914	54.976	50.149
190.897	62.669	57.513	48.526
191.711	64.136	55.153	49.884
195.829	63.686	55.785	51.244
193.351	64.105	55.930	50.284
186.527	64.079	59.918	50.489
182.961	63.606	60.676	52.483
184.064	63.239	58.060	54.611
181.771	64.040	57.092	53.946
185.427	62.894	56.504	56.871
191.434	64.015	60.345	54.933
199.536	61.955	57.223	52.982
199.358	63.486	58.410	54.497
201.881	63.947	59.469	53.726
197.906	64.049	65.119	54.547
195.041	64.162	67.994	54.550
191.053	62.770	71.380	52.468
182.404	61.155	71.879	56.408
186.436	62.252	70.991	54.151
188.009	63.492	70.937	53.721
187.394	60.516	74.418	53.648
193.232	60.155	64.773	52.108
187.461	60.301	69.832	51.165
198.542	61.570	62.099	48.597
228.254	81.452	55.908	44.324
199.304	58.762	53.852	51.643
192.081	58.518	53.158	47.585
188.457	58.785	54.225	47.867
185.161	58.258	56.851	43.434
179.388	54.057	60.097	48.587
177.528	54.754	56.541	46.972
176.369	55.698	54.183	45.380
170.825	55.818	56.055	45.809
166.981	56.153	56.685	45.657
163.787	55.607	58.511	46.405
155.477	55.364	59.216	45.143
153.921	54.285	60.800	46.275
150.278	54.139	64.000	47.510
142.942	51.504	65.360	52.243
145.676	50.438	64.830	53.413
143.254	53.916	62.802	50.169
137.316	52.143	74.643	53.815
125.903	51.845	76.265	57.833
125.267	53.675	75.353	58.595
125.196	53.789	77.907	59.596
131.465	50.150	77.051	60.731
126.739	43.992	71.929	57.977
114.234	39.520	72.220	56.494
120.748	49.402	83.006	54.310
118.603	41.709	64.686	57.296
126.019	47.737	72.149	49.696
129.483	49.872	54.119	49.507
131.151	53.042	50.543	47.569
129.142	55.271	49.410	48.047
128.033	54.825	51.799	47.670
119.698	50.897	62.493	52.955
118.500	47.961	74.327	52.279
258.894	179.527	34.079	16.672
258.377	157.595	52.246	36.181
250.972	132.017	60.805	52.724
237.503	129.564	70.765	53.868
222.836	129.414	86.911	64.288
222.092	137.204	119.881	63.851
282.570	165.070	100.131	62.232
392.922	140.619	75.802	61.633
384.416	143.254	79.712	55.298
383.392	141.519	85.437	56.340
395.286	136.302	90.698	57.937
391.566	138.204	83.656	60.153
390.490	139.758	73.625	58.189
383.079	141.574	71.645	54.847
379.888	135.014	74.064	61.437
373.571	136.965	76.248	58.431
372.415	136.864	70.888	60.551
363.564	137.889	70.465	57.351
355.703	140.484	71.678	52.349
343.253	134.168	74.309	60.265
339.104	135.147	82.642	59.222
341.346	137.249	75.069	61.851
334.921	135.250	73.937	62.442
338.399	134.311	72.866	64.161
339.406	136.598	72.898	63.670
345.021	145.817	70.981	59.979
340.388	142.256	73.871	61.814
340.970	137.477	74.318	68.139
346.245	124.603	65.655	67.767
353.612	138.308	68.168	64.735
340.902	134.522	87.572	63.716
331.474	131.974	77.973	59.651
99.592	144.313	84.710	57.173
60.866	139.302	74.151	58.603
62.315	140.584	70.788	55.375
60.508	139.445	68.451	54.788
63.486	135.652	72.533	57.210
6.281	139.189	70.712	66.581
0.000	144.538	70.470	68.503
0.271	141.018	68.754	65.887
0.000	137.501	72.981	65.540
0.000	143.471	72.770	64.516
1.132	142.458	74.162	64.541
8.240	124.377	81.528	70.757
7.124	123.691	80.448	66.176
3.265	123.524	69.093	59.912
1.830	122.687	62.475	65.434
0.000	125.832	58.797	71.905
0.000	124.667	50.986	69.442
0.008	127.270	44.077	65.891
0.660	121.896	39.774	62.608
0.917	118.087	35.973	59.202
1.634	115.549	32.449	52.318
1.374	111.561	31.447	48.764
0.964	111.825	30.560	44.464
0.151	114.397	29.081	48.943
0.000	111.575	27.855	48.232
0.000	112.079	28.545	46.868
0.471	110.516	32.800	51.410
