448.000	186.000	26.000	52.000
444.814	185.904	23.166	53.547
439.751	185.577	22.492	52.684
433.911	185.394	20.819	51.928
431.510	184.482	20.895	53.000
426.760	185.883	22.636	52.389
422.358	187.024	23.271	51.723
417.431	187.262	25.468	52.983
413.225	185.868	24.432	54.510
409.850	187.302	22.678	54.062
404.219	188.809	23.583	52.258
399.740	189.868	22.978	50.347
396.170	189.628	21.089	49.404
391.646	189.219	20.616	49.508
388.168	189.879	21.413	48.622
382.079	189.562	21.597	50.051
378.675	189.452	21.719	50.371
375.560	188.698	21.904	50.126
371.569	189.745	20.932	51.702
394.227	187.432	23.302	51.150
362.145	186.992	23.007	54.039
356.641	187.972	21.571	53.499
354.765	188.810	29.586	52.951
349.292	189.760	23.203	51.564
344.041	189.491	21.318	50.864
340.139	187.270	21.274	51.998
336.630	187.850	19.786	49.996
331.353	189.612	19.926	49.115
327.615	189.633	21.230	50.549
321.777	185.867	23.353	52.710
321.932	189.251	21.400	49.267
315.503	190.682	22.594	52.944
308.129	189.084	23.115	57.533
305.855	189.370	21.275	58.535
301.068	189.398	20.610	57.645
320.304	186.922	22.782	50.747
313.485	185.780	22.758	53.146
318.727	187.598	28.478	53.693
334.691	188.655	19.692	50.717
325.039	186.555	23.875	50.389
320.158	185.437	23.223	53.765
318.103	184.720	23.103	53.975
313.759	186.079	22.424	55.457
307.038	187.724	25.988	56.221
302.797	186.159	24.927	58.034
300.212	185.790	24.529	59.992
297.216	185.354	20.729	58.417
289.177	185.511	32.012	57.147
284.659	187.020	27.410	55.213
280.617	184.476	24.938	58.472
276.020	184.752	22.754	57.031
265.774	178.625	27.815	61.239
261.625	179.629	30.959	60.635
261.541	178.552	24.890	56.639
237.108	187.119	25.252	50.580
228.920	187.847	20.811	46.823
218.249	187.657	24.950	46.930
217.232	189.455	20.987	47.114
213.673	190.271	19.614	46.731
211.396	187.334	17.767	55.789
217.023	185.247	20.897	49.863
205.033	186.598	26.063	56.721
201.497	187.553	25.748	55.656
196.284	186.818	21.891	56.062
192.094	184.711	23.048	61.818
190.999	184.801	23.164	58.215
185.019	189.082	22.984	54.999
182.781	185.869	24.049	62.551
179.129	186.117	24.195	58.608
176.766	185.403	21.985	61.131
173.212	185.740	22.762	59.297
170.288	185.676	23.499	58.499
167.710	186.115	22.211	55.724
164.331	185.280	21.118	57.687
159.866	184.782	23.594	57.762
156.399	185.182	22.879	57.164
101.429	175.720	19.951	49.646
101.284	176.617	21.281	47.308
102.166	175.460	19.764	46.693
103.252	175.332	18.783	46.380
103.379	176.099	18.247	47.490
103.065	175.150	19.588	47.782
105.353	175.854	19.936	48.880
136.355	184.816	20.946	53.095
131.683	183.911	21.481	53.874
127.729	183.905	20.183	52.647
125.407	185.222	18.713	52.434
122.201	184.873	18.979	53.000
121.220	184.334	19.002	47.039
121.286	184.005	18.748	46.551
118.286	184.633	18.441	47.201
115.105	184.704	19.449	49.152
112.927	182.735	19.737	53.179
111.865	179.784	21.069	54.302
109.352	181.533	20.961	53.358
106.997	183.438	20.635	49.987
104.353	182.425	20.030	51.028
103.876	182.276	19.316	51.563
100.668	181.632	20.044	51.218
98.794	181.309	21.189	53.787
107.825	178.345	22.745	53.778
92.751	177.650	20.790	53.611
90.150	176.946	22.165	55.083
99.721	177.746	20.165	51.158
88.044	183.268	19.135	46.913
85.739	182.573	17.300	46.714
83.688	178.331	18.560	46.964
81.479	180.727	19.416	48.498
86.750	183.708	24.338	52.255
113.436	210.880	28.501	64.950
133.240	210.086	28.417	68.088
146.021	177.017	20.494	51.064
146.262	178.709	18.843	49.835
146.779	177.991	18.139	49.028
147.568	179.144	18.409	50.124
147.386	179.113	18.508	49.231
148.360	178.815	18.009	50.470
178.892	180.261	19.032	47.811
200.562	178.495	24.957	50.219
227.062	176.648	21.157	51.115
230.156	177.082	19.692	50.084
230.723	177.767	18.951	49.577
230.912	176.726	16.808	50.057
242.304	174.760	18.852	51.186
231.108	176.055	21.933	48.858
229.627	176.957	19.981	48.071
227.590	175.397	19.486	48.494
225.905	174.009	20.734	50.662
224.521	174.435	19.833	49.885
223.769	175.041	20.935	48.540
223.212	174.705	19.989	48.909
222.131	174.024	19.485	48.332
220.507	173.431	19.097	45.749
217.510	172.141	19.362	50.659
219.866	170.792	27.677	49.088
220.319	173.054	26.040	50.489
210.977	172.380	20.242	50.499
208.452	171.635	21.526	49.566
214.572	171.314	26.646	49.830
210.012	171.462	19.892	48.659
213.945	172.089	17.911	46.951
212.776	171.527	18.995	47.203
210.598	171.709	18.903	47.072
193.858	177.641	21.025	45.605
193.175	171.674	17.856	40.366
190.294	171.470	16.271	42.529
188.057	170.755	16.119	42.057
186.609	172.290	15.672	42.178
184.935	171.987	15.689	44.545
183.054	171.579	15.943	45.328
180.932	170.895	16.254	46.740
178.750	171.155	16.146	46.926
176.518	170.962	17.267	46.894
175.031	170.905	17.623	47.216
173.598	170.775	16.526	47.644
171.997	169.913	16.069	47.997
171.177	170.068	15.853	47.709
170.095	170.885	14.983	46.672
168.538	169.962	15.962	47.757
167.516	169.473	16.096	47.540
166.737	169.294	15.955	47.608
165.154	169.608	16.580	47.525
163.526	170.529	16.924	46.656
161.986	169.451	16.714	47.124
160.683	168.853	16.626	47.712
159.878	168.840	16.132	47.601
158.703	168.755	16.093	46.959
158.049	168.198	16.305	47.291
157.200	167.739	16.799	47.310
156.006	167.808	16.886	47.762
154.792	168.671	17.872	46.878
153.475	168.611	18.305	46.285
152.031	167.986	17.609	47.157
150.551	168.099	17.912	47.171
148.792	168.675	18.450	45.889
147.982	168.749	17.630	45.867
146.705	167.787	17.515	46.759
146.124	167.020	17.425	46.614
144.736	168.188	17.222	45.760
143.611	168.300	17.034	45.835
142.163	167.523	17.046	45.750
140.799	166.821	16.637	45.423
139.233	167.484	16.711	45.195
138.111	167.639	16.547	45.946
137.369	167.479	16.821	43.911
136.819	167.216	16.962	44.942
135.818	166.656	16.341	46.091
134.271	166.209	16.115	45.287
132.545	166.619	16.392	44.878
130.826	166.578	17.283	45.409
129.429	166.409	17.465	45.354
127.921	165.986	16.693	45.470
127.186	165.715	15.477	45.571
125.659	166.401	15.805	44.886
124.877	165.954	15.102	45.668
123.412	165.587	15.921	45.773
121.735	165.550	15.370	45.493
120.573	165.470	15.663	45.375
118.544	165.578	16.328	45.614
117.438	164.990	15.850	46.333
116.821	165.132	15.659	45.452
116.293	165.563	15.289	44.637
115.660	165.656	14.657	44.258
115.165	165.277	15.182	44.369
114.193	165.251	15.746	45.072
113.441	165.252	15.796	45.047
112.005	165.624	16.253	44.675
110.216	165.361	15.882	45.139
108.705	165.174	16.214	45.085
107.289	164.408	15.930	45.961
106.154	165.967	16.322	43.220
105.242	165.846	16.242	43.796
104.551	165.006	16.386	43.956
103.728	165.046	16.087	43.872
102.321	164.650	16.086	44.074
100.549	164.562	15.549	42.944
98.467	164.606	16.209	41.978
96.878	164.875	15.940	43.562
96.256	164.403	15.885	44.699
95.302	165.111	16.087	42.641
94.466	163.752	16.730	44.735
93.782	163.910	15.993	44.491
92.706	163.375	16.211	43.422
90.982	164.000	16.068	42.398
89.931	164.705	16.261	43.403
88.653	164.807	16.179	43.927
86.865	164.748	15.196	46.463
84.984	164.495	15.521	46.048
84.082	164.795	15.655	45.813
82.862	163.597	15.974	46.838
82.115	163.990	16.906	47.744
81.488	164.409	16.500	48.574
80.994	162.591	16.800	46.770
79.681	162.308	17.199	48.139
79.121	162.491	16.443	48.418
77.786	162.592	17.356	50.033
76.011	163.023	17.875	49.220
73.801	162.891	18.074	44.082
71.928	162.233	18.883	46.224
70.792	162.595	17.947	43.049
70.123	163.249	17.404	42.867
68.562	162.924	15.389	39.939
66.941	163.893	17.003	40.027
65.243	162.767	16.951	38.932
64.407	162.503	17.292	39.079
63.350	162.237	17.488	38.516
61.272	162.173	17.408	40.939
59.439	162.725	16.838	42.954
57.811	162.381	17.300	42.524
55.158	161.456	18.575	42.009
53.889	160.739	18.993	45.238
52.597	161.652	18.277	43.048
50.492	162.654	17.630	41.980
48.696	163.147	17.230	40.192
47.047	161.701	16.929	40.208
45.652	161.631	17.841	41.713
42.194	161.222	18.433	41.388
40.087	161.229	18.331	41.053
38.618	161.811	17.615	41.519
36.430	161.295	16.547	42.011
