268.000	121.000	20.000	50.000
266.196	122.772	22.744	47.773
266.810	122.306	22.640	48.177
267.654	122.825	22.214	48.230
267.167	123.033	23.118	47.721
267.913	123.408	21.976	47.456
268.308	122.495	22.010	49.298
269.365	122.980	21.462	49.431
269.731	121.740	20.605	50.435
269.757	121.522	21.365	50.831
269.069	121.984	21.646	50.193
269.190	122.845	22.255	49.494
269.161	122.534	23.066	50.209
269.245	122.051	22.628	51.034
270.029	121.893	23.517	51.450
270.878	122.721	21.902	51.544
271.394	122.840	21.581	51.811
272.029	121.613	21.464	53.276
271.712	122.596	21.866	51.416
271.547	124.771	21.374	50.454
271.563	125.121	21.900	49.850
270.501	125.511	23.455	49.368
271.521	123.948	22.228	51.790
271.806	124.430	22.184	51.922
272.826	125.265	21.537	51.549
273.446	126.926	20.063	49.976
273.856	126.003	20.421	50.834
273.181	125.808	21.732	51.549
272.712	127.361	23.281	49.724
272.397	127.392	24.292	50.323
273.074	125.322	24.078	51.323
275.487	126.581	21.947	52.327
275.535	125.766	22.430	53.361
275.219	126.944	23.197	52.272
275.959	128.022	21.981	52.437
276.974	127.266	22.317	54.200
275.934	128.337	24.222	51.804
275.600	128.954	24.706	50.378
275.902	129.062	24.805	51.213
276.986	128.888	23.729	52.022
277.046	128.026	23.967	53.990
277.433	127.675	23.650	55.839
278.874	128.682	22.299	55.129
278.979	129.313	23.342	53.673
279.325	128.388	22.861	54.760
278.633	129.607	23.662	53.971
278.011	128.498	24.588	54.930
277.627	129.869	24.533	54.234
277.625	128.456	25.014	54.729
277.989	129.399	24.515	55.506
279.224	127.614	23.128	58.056
279.285	130.740	23.370	55.393
279.459	130.849	23.318	55.328
279.846	131.100	22.324	55.166
279.605	131.295	22.384	55.359
278.939	130.623	22.640	55.628
278.743	132.416	23.136	55.248
277.574	131.407	23.905	56.045
276.652	132.762	25.099	54.909
277.717	133.161	24.217	56.242
278.175	131.809	23.879	57.051
277.809	131.488	23.427	57.123
277.651	132.900	22.711	57.031
277.631	134.534	22.131	55.457
277.263	133.817	21.999	55.958
275.671	133.290	23.564	56.286
274.995	132.953	24.254	56.449
274.869	134.795	23.923	56.190
275.400	135.338	23.603	56.411
275.019	136.567	23.741	54.877
274.177	135.613	22.737	56.572
273.915	136.153	23.073	56.416
272.904	135.318	23.346	57.751
272.051	134.974	23.673	57.247
272.078	136.241	24.470	56.369
272.460	136.620	24.651	57.607
271.867	137.651	24.160	57.229
272.803	138.319	24.320	55.778
270.895	138.186	24.988	56.200
269.506	140.086	25.576	55.063
269.938	140.233	24.404	56.458
269.197	141.152	24.755	54.914
270.002	139.854	24.022	56.471
270.167	139.772	24.825	56.571
271.323	141.751	23.595	56.703
270.900	141.528	23.336	57.770
269.928	142.222	23.995	55.418
269.652	142.124	23.660	57.123
268.646	142.520	24.351	57.387
268.351	143.921	24.238	57.218
267.556	140.808	24.296	59.494
267.295	141.047	24.442	59.541
267.380	141.357	24.775	60.308
267.207	141.610	24.870	61.428
266.800	141.311	24.552	60.915
265.854	144.127	24.668	58.650
265.334	142.511	23.645	62.288
264.247	142.389	24.488	61.988
262.662	142.905	24.904	62.132
260.121	143.333	25.871	62.016
258.324	143.227	26.682	62.199
256.417	144.938	26.131	61.219
254.000	145.224	26.147	63.397
251.124	145.638	26.341	62.475
247.917	146.226	25.886	61.754
241.332	147.779	30.481	60.530
236.049	149.706	34.427	58.598
232.769	149.261	34.962	59.065
229.230	147.654	31.071	60.674
226.056	148.379	29.507	60.544
222.813	149.061	28.834	60.169
219.588	150.889	29.022	58.499
215.598	149.863	28.674	59.798
212.802	149.505	26.436	60.701
205.267	151.163	30.324	59.148
198.380	152.462	34.651	58.738
193.911	151.248	34.776	60.301
191.857	151.664	24.900	62.534
186.041	151.218	23.182	59.820
175.286	150.091	30.604	61.855
171.348	155.447	30.502	55.525
168.975	150.459	25.054	60.319
161.421	147.661	26.889	63.983
159.510	151.821	28.968	59.537
150.763	155.015	34.828	56.982
145.044	151.604	27.707	60.735
140.502	152.019	25.440	60.090
131.678	151.477	30.721	59.162
165.206	150.030	35.074	60.635
190.972	144.716	34.768	61.769
210.399	137.872	27.799	56.977
215.203	131.045	36.617	72.080
262.607	120.345	34.269	80.639
280.709	144.555	34.061	62.592
281.017	144.798	26.968	57.392
280.076	151.170	23.320	50.364
268.011	156.257	30.271	47.396
261.100	152.923	31.952	49.639
258.744	144.423	32.248	56.600
253.200	150.851	30.135	52.091
250.203	144.835	23.018	58.328
241.721	145.722	27.783	53.652
232.211	145.641	34.014	54.609
228.425	143.447	33.806	54.835
224.044	142.618	28.606	54.343
227.936	136.873	33.757	58.343
260.048	135.619	33.085	59.860
285.163	135.622	33.817	63.722
316.648	137.185	37.994	61.501
344.995	139.656	35.066	60.149
355.283	133.887	26.985	61.792
352.220	134.274	29.174	63.104
345.933	136.689	34.013	61.416
340.455	136.920	34.755	60.325
333.352	123.607	29.283	63.543
322.958	132.784	30.447	56.643
319.732	124.449	24.127	63.289
314.466	136.439	29.500	54.047
309.687	133.824	28.468	57.353
305.601	132.390	25.227	54.929
300.246	134.532	27.332	54.293
285.685	160.714	25.400	61.178
282.782	140.786	29.719	57.317
280.675	129.203	29.897	67.578
265.657	157.086	37.433	57.470
264.045	170.506	38.307	69.911
249.394	160.872	45.400	82.155
258.981	154.070	45.214	74.637
357.373	125.704	38.611	75.911
362.052	141.646	42.643	58.512
362.438	138.898	38.381	64.067
362.268	141.567	37.360	60.068
362.233	145.956	38.899	65.731
357.789	144.891	39.820	62.520
357.497	141.587	36.165	60.399
355.322	143.673	34.918	59.323
351.159	140.981	38.335	59.391
360.318	138.681	36.536	73.631
339.737	122.515	47.679	92.874
243.691	133.171	44.062	84.651
276.333	124.389	45.765	75.747
305.942	122.571	43.068	79.607
331.917	102.415	38.734	87.535
339.759	111.473	34.709	67.740
338.999	113.878	34.719	57.644
332.154	115.360	32.548	56.217
327.099	123.050	30.486	51.547
322.319	117.987	29.370	54.935
318.954	114.804	28.214	55.339
313.707	110.894	30.434	54.736
312.478	112.449	30.100	54.286
305.319	121.753	29.673	45.084
299.641	120.776	27.237	44.910
297.566	124.316	23.097	43.848
291.957	122.513	24.969	45.284
291.305	124.653	26.635	50.770
274.957	113.984	33.843	51.953
263.929	108.335	41.664	71.027
262.588	115.616	33.283	61.378
260.205	115.786	28.208	48.436
252.497	106.172	26.923	56.284
258.550	101.068	24.544	62.403
242.816	94.820	24.688	54.819
234.208	102.872	25.686	55.200
228.201	101.345	26.205	52.667
225.332	94.008	25.930	51.982
224.311	94.362	37.288	64.651
207.317	104.498	49.707	79.883
215.114	109.157	47.575	83.497
196.387	137.521	61.943	91.778
226.415	170.734	61.881	106.032
200.754	209.783	62.040	101.551
181.390	237.206	64.576	108.570
158.285	216.797	71.513	115.704
139.834	211.683	80.407	106.987
182.375	237.877	55.427	101.645
163.587	224.024	69.121	106.779
146.041	219.134	78.646	99.552
136.454	209.766	75.978	109.784
160.760	204.661	72.676	117.612
168.114	191.971	81.870	111.321
202.343	168.506	72.279	129.331
187.071	142.514	84.213	130.276
205.376	103.291	59.195	102.186
216.637	84.672	38.950	80.640
214.185	99.045	30.060	65.205
210.351	96.804	28.743	49.572
204.032	98.310	28.899	44.102
201.923	92.728	27.503	48.690
199.061	97.921	24.656	47.776
199.159	103.450	34.172	70.748
199.524	122.604	47.814	86.612
182.332	124.912	62.017	110.693
158.941	155.477	77.556	119.015
138.681	198.900	69.123	120.699
118.830	222.902	64.798	114.570
150.910	217.920	49.222	101.237
127.736	216.959	56.246	104.314
105.702	207.854	63.408	103.186
102.059	230.416	63.397	103.404
95.172	242.161	61.766	107.318
218.247	442.312	57.909	31.496
203.829	454.679	38.116	26.321
170.140	458.972	32.859	22.028
161.961	428.806	28.623	41.494
147.739	408.522	37.171	53.940
129.780	367.569	40.993	68.787
111.913	327.926	43.861	83.659
94.181	289.358	55.323	97.036
102.449	246.586	59.295	108.336
85.390	237.951	69.102	116.175
103.058	205.488	72.403	123.781
119.658	180.442	83.707	140.174
195.557	123.273	57.622	114.593
199.146	119.946	51.842	85.316
200.004	124.658	43.784	91.383
188.314	161.108	55.703	86.724
172.970	150.273	62.641	124.838
149.296	194.031	70.724	115.489
164.317	205.598	79.654	144.992
190.801	217.382	80.338	120.140
159.906	231.108	76.968	135.950
191.051	165.525	71.868	142.465
213.005	165.338	64.054	129.364
223.021	140.824	80.411	121.874
203.391	183.251	76.081	128.214
223.866	199.072	77.354	139.339
207.901	199.366	78.647	133.626
201.510	175.564	74.909	138.306
226.669	167.722	74.365	132.239
235.541	211.071	75.823	124.070
244.721	204.882	79.803	128.414
255.906	189.657	81.246	121.097
236.880	191.432	68.713	125.849
214.079	211.882	60.228	127.800
213.996	184.266	73.694	119.820
226.714	152.400	64.851	135.512
246.900	189.297	68.500	126.249
249.879	148.545	70.529	135.601
210.041	88.854	45.274	109.411
219.628	87.503	36.357	68.626
218.433	90.161	30.643	60.924
241.568	87.166	29.416	56.609
269.946	81.791	28.513	57.605
288.160	70.761	34.145	75.172
330.757	78.355	31.683	64.402
344.020	112.311	32.939	65.892
341.701	130.830	27.240	67.489
347.069	131.030	30.769	68.541
347.891	124.124	39.903	75.546
344.333	129.032	31.158	71.168
339.464	125.495	33.543	79.441
348.768	100.398	37.173	82.768
338.297	118.733	37.954	78.976
279.917	85.709	29.001	58.593
280.870	82.598	23.438	57.823
279.897	71.088	22.773	57.925
282.282	61.928	29.492	80.882
268.164	69.402	38.984	86.177
251.347	94.692	49.626	100.283
232.314	130.247	55.555	104.952
219.316	166.783	63.591	109.213
209.510	137.935	65.215	119.519
194.908	147.528	75.699	141.885
172.577	209.120	88.322	134.210
198.721	214.276	81.323	131.701
218.097	210.792	85.036	131.130
215.970	208.041	77.196	111.747
205.550	194.242	75.609	119.325
189.058	165.411	59.641	90.823
205.195	161.182	61.044	96.352
220.616	151.196	60.135	100.092
225.984	144.447	63.725	105.945
215.805	163.588	68.805	101.934
204.201	138.982	65.814	93.766
221.332	143.010	61.513	106.109
230.349	137.627	66.646	115.396
222.198	162.043	71.130	119.758
234.405	173.316	76.502	121.144
231.361	226.774	73.273	103.709
246.771	203.161	69.342	117.197
253.706	221.118	70.186	118.896
244.206	197.733	76.437	116.845
257.103	211.727	76.054	117.729
245.419	196.641	70.063	128.391
259.899	185.556	73.694	132.002
251.911	219.255	76.991	118.581
245.421	200.579	76.355	119.251
232.593	177.374	80.623	135.500
246.671	209.093	81.976	128.973
235.629	191.668	84.681	132.834
248.408	191.547	89.491	139.116
232.323	182.300	90.190	138.900
224.026	197.720	87.085	137.273
203.435	249.267	67.273	134.498
211.190	220.557	80.788	143.874
219.435	190.147	97.182	151.232
198.277	139.613	106.555	170.184
176.752	167.287	101.973	156.376
223.585	203.042	77.861	155.232
210.130	175.618	88.322	136.242
199.146	194.412	81.203	116.509
185.816	186.983	80.717	116.486
176.891	188.756	78.679	111.969
198.219	192.731	75.687	91.685
197.763	183.488	74.534	94.346
197.179	202.790	68.742	89.418
216.966	217.943	51.034	67.249
207.229	198.928	59.058	82.163
194.555	193.523	59.800	94.294
176.984	187.770	67.953	93.331
172.250	200.692	65.044	97.650
168.804	189.673	64.271	92.039
158.951	198.749	68.523	94.118
146.105	179.730	68.794	98.918
164.861	183.451	64.513	96.481
180.624	195.383	66.060	94.190
171.651	185.848	70.512	96.731
165.741	190.616	68.071	95.893
160.717	202.997	66.719	95.844
172.772	198.412	67.996	93.417
168.148	194.699	65.526	90.629
172.971	166.719	72.861	114.164
181.140	198.812	88.030	109.398
198.740	193.671	84.793	138.332
172.744	181.933	80.775	120.795
184.727	192.855	89.849	110.943
139.436	165.902	60.747	110.020
167.461	196.205	67.811	93.137
182.442	200.231	68.221	112.519
164.074	170.530	72.419	114.917
142.480	174.496	65.387	91.580
155.362	177.498	68.412	106.122
175.239	179.748	65.082	110.800
161.491	168.001	73.130	110.902
175.812	192.389	75.703	109.421
186.939	211.815	81.325	102.295
203.343	214.744	81.517	101.626
189.284	210.019	78.188	130.959
219.546	166.079	77.948	111.880
234.270	159.608	82.260	128.815
249.442	150.438	95.568	110.419
241.369	149.136	84.451	123.234
254.142	157.384	91.600	136.066
264.916	185.438	95.254	124.546
263.408	167.023	75.897	114.171
272.757	174.221	89.243	123.157
251.293	144.850	90.541	134.865
230.647	150.795	86.972	128.883
208.693	148.251	97.496	141.152
219.620	137.951	99.406	142.683
237.088	151.876	100.223	142.409
245.342	169.461	93.712	128.918
271.302	201.908	88.305	122.694
308.129	168.322	67.076	104.424
335.083	205.711	66.786	103.706
354.744	176.838	71.509	112.146
371.510	161.401	76.162	96.002
359.669	179.789	75.031	115.474
374.827	216.458	85.726	123.869
394.740	182.747	94.883	140.850
427.634	163.915	85.596	132.860
448.302	147.778	80.312	138.188
475.829	123.660	65.145	145.184
482.195	98.710	53.051	134.260
485.854	97.843	46.888	113.509
489.691	100.300	38.451	88.611
484.045	119.704	37.773	80.052
478.138	93.496	32.090	86.027
472.878	100.561	28.865	66.658
472.234	102.006	25.638	52.307
472.218	103.913	22.887	46.497
468.206	102.525	25.543	45.299
463.883	104.046	22.289	52.818
459.476	103.172	23.465	52.159
456.793	105.799	22.934	45.546
452.029	105.770	23.120	55.294
446.834	103.287	23.289	56.451
441.342	105.758	29.351	57.147
439.126	107.737	30.826	56.062
433.605	107.564	29.476	56.739
431.970	111.733	23.736	53.988
428.549	105.923	24.781	57.900
423.319	114.830	27.033	58.960
417.452	106.464	24.135	56.502
413.887	108.435	23.801	52.595
410.194	110.008	23.994	48.116
406.682	111.040	27.187	55.203
401.772	108.753	25.449	59.367
399.194	106.728	24.126	60.438
396.705	108.581	23.800	57.817
393.302	106.349	24.634	55.792
385.728	121.590	28.231	52.347
383.650	117.961	28.954	60.725
375.543	112.773	27.105	59.494
371.307	112.405	27.546	55.747
372.958	126.487	26.063	73.935
371.391	135.234	28.008	73.469
365.814	117.804	28.965	62.240
367.660	119.621	23.559	54.524
360.624	130.832	24.307	52.111
358.228	127.913	26.898	60.753
352.368	116.937	25.833	74.772
347.490	98.811	26.022	62.474
343.420	109.564	26.318	63.600
338.229	119.781	27.455	55.075
335.681	121.410	27.760	56.186
333.232	124.731	28.829	52.769
331.470	124.454	26.768	51.627
325.701	118.632	29.480	56.110
322.836	118.619	31.440	55.940
321.400	119.918	29.175	55.074
316.540	115.741	28.215	57.220
313.999	110.399	27.035	67.158
312.959	105.124	27.065	63.981
314.048	106.328	47.022	71.071
305.462	103.202	50.587	89.633
311.769	119.959	59.372	84.921
366.264	112.741	44.444	72.821
373.238	101.499	37.799	69.673
385.063	95.352	44.153	85.242
361.601	109.369	68.256	96.394
333.189	131.681	74.547	108.636
317.707	133.346	63.054	102.801
300.917	140.039	63.444	114.322
283.597	148.644	72.689	115.838
259.811	145.292	73.311	118.550
280.459	135.377	73.710	112.870
289.718	136.643	60.988	98.580
312.496	139.873	51.113	82.543
306.325	131.644	52.295	88.291
307.829	133.630	47.421	82.110
302.179	127.581	48.240	87.640
294.145	125.186	54.248	90.767
301.165	152.954	60.327	88.589
284.570	147.058	64.239	109.329
303.777	146.096	62.437	92.365
289.489	149.976	60.512	98.028
272.675	172.126	72.335	115.325
283.217	146.481	72.076	115.145
296.461	145.366	65.164	105.919
315.600	146.506	61.607	94.731
302.081	151.112	59.835	101.841
281.146	156.880	66.347	107.470
260.960	137.898	77.087	106.992
237.815	134.089	76.333	109.777
190.648	134.903	55.491	95.338
181.112	130.356	52.247	95.878
169.226	139.000	55.621	95.030
182.645	138.441	49.447	82.589
189.309	136.839	38.381	81.499
193.180	126.848	36.254	66.053
193.523	124.599	33.944	68.404
185.025	135.773	41.441	68.947
183.909	139.264	39.527	69.840
182.530	139.124	35.746	70.965
190.526	134.473	34.372	86.669
191.785	139.175	39.653	86.518
199.545	145.959	53.787	94.951
238.860	139.992	51.563	100.648
280.377	137.221	47.359	108.721
309.368	132.224	48.068	85.373
274.036	97.694	43.020	85.005
317.806	135.971	43.078	75.467
325.968	122.607	43.062	87.637
312.265	112.093	52.097	85.499
258.270	103.503	46.017	82.194
250.925	100.706	38.015	67.757
255.050	105.066	47.483	97.651
262.259	130.408	63.554	95.634
205.672	162.464	45.073	95.495
212.010	135.357	58.796	96.869
230.288	118.416	59.959	87.308
249.129	98.709	61.436	104.675
308.797	130.942	51.316	85.502
321.815	125.576	48.826	83.308
317.152	136.057	46.829	84.654
322.833	129.864	45.233	81.676
314.922	133.404	49.720	81.199
319.793	140.404	44.312	91.281
321.073	133.477	46.981	75.564
321.376	123.236	42.769	74.948
317.364	131.686	44.152	73.167
322.033	140.499	43.493	90.142
323.605	133.230	47.250	89.011
328.395	118.848	43.419	83.915
343.034	128.167	41.431	78.400
351.865	131.688	52.726	88.261
370.389	144.535	50.592	98.939
407.176	143.191	52.771	104.226
427.075	146.151	53.911	94.869
431.905	126.446	64.846	109.135
443.557	124.049	52.259	86.430
450.791	126.737	39.930	75.910
458.822	132.338	32.914	71.981
453.539	134.097	37.579	68.577
459.518	132.648	32.673	65.987
449.054	135.083	37.669	73.234
456.113	131.507	34.095	73.861
446.721	128.590	41.627	80.242
451.140	131.613	44.555	82.200
444.407	130.858	41.299	80.763
445.950	130.373	44.919	76.693
453.927	133.966	39.406	68.874
445.247	136.696	41.513	78.839
450.657	131.718	41.991	77.191
457.012	131.548	34.982	77.211
450.493	128.348	43.022	73.751
443.829	129.454	45.520	79.871
451.325	133.976	37.663	72.670
459.065	128.117	34.688	71.924
446.598	128.797	45.422	77.617
442.909	138.315	44.499	73.289
447.240	134.727	41.076	73.794
456.099	132.263	34.233	70.296
446.864	126.812	39.614	73.921
444.757	136.452	40.522	77.848
453.166	134.862	37.654	68.202
448.733	135.096	39.578	79.763
453.140	133.768	38.253	75.070
445.280	129.747	45.073	85.019
447.947	132.372	44.384	75.263
441.930	130.616	43.576	79.049
450.031	135.572	51.361	82.093
441.290	121.136	44.877	77.503
452.771	113.623	40.734	77.268
446.965	129.069	45.838	81.873
454.895	129.237	38.916	71.490
456.956	134.785	38.183	84.123
464.436	135.958	47.434	82.698
478.110	130.306	50.671	98.429
488.993	145.345	52.100	96.281
469.029	109.861	61.553	103.385
476.611	109.806	72.604	129.849
455.115	113.357	84.633	131.136
498.031	134.821	60.320	110.541
491.886	155.559	45.249	97.729
490.317	149.315	44.240	99.273
489.567	145.111	44.385	99.584
497.398	155.251	35.865	93.560
478.212	146.984	55.528	96.005
474.715	142.861	55.541	104.015
457.223	150.079	63.070	92.368
467.057	115.226	68.405	106.216
450.550	147.121	70.303	102.968
532.874	91.013	51.251	82.975
547.748	101.411	41.734	87.292
533.603	106.483	54.690	106.067
507.955	133.021	73.126	101.108
545.456	132.610	51.260	102.841
541.280	130.981	51.140	102.129
547.877	116.078	55.926	95.554
546.429	106.573	44.335	92.709
533.946	116.852	52.451	105.916
549.424	103.982	45.230	99.787
560.202	134.013	51.462	99.811
542.449	127.999	47.148	87.994
550.686	133.914	49.233	86.563
551.321	143.244	43.030	81.837
552.226	134.451	40.154	68.549
562.178	121.133	43.057	90.307
564.890	144.360	46.084	83.408
572.341	145.992	45.487	91.787
573.914	136.377	41.675	79.054
558.000	131.288	44.091	111.236
564.187	138.938	52.795	98.534
549.106	139.218	53.159	100.582
530.376	138.390	51.366	99.745
543.937	125.635	55.490	122.299
557.260	161.907	52.769	112.959
576.307	97.407	41.192	165.919
579.583	153.154	49.565	159.423
534.604	123.576	66.968	120.518
504.698	137.658	61.601	115.973
436.936	144.016	48.930	91.606
428.025	105.846	57.617	112.015
409.675	113.863	76.885	119.229
400.203	142.649	73.018	103.680
411.342	103.565	57.783	93.446
395.774	113.216	69.375	112.757
377.421	120.223	80.614	113.265
370.544	149.922	76.727	113.032
401.464	132.974	68.626	94.248
423.185	98.199	59.838	85.257
408.691	105.790	58.071	91.824
392.151	109.347	66.315	105.073
388.145	125.273	73.850	97.115
409.176	117.603	68.630	95.493
409.408	95.057	61.765	88.411
403.685	122.741	63.350	92.000
394.682	100.259	58.428	100.226
403.076	115.100	66.792	122.925
415.569	148.524	77.643	128.081
433.662	191.537	78.702	144.026
459.285	234.073	81.504	163.681
496.002	177.685	71.603	193.136
544.036	127.298	76.832	140.142
520.605	129.744	74.633	141.492
509.181	143.427	73.179	127.707
529.306	138.244	70.020	131.252
510.156	143.695	68.478	126.094
490.603	153.820	79.300	116.955
478.855	159.968	70.431	118.455
497.171	140.137	71.054	143.323
471.515	142.660	74.642	139.568
457.353	139.522	72.387	139.326
468.758	148.437	72.120	123.955
454.053	154.514	65.972	99.229
452.122	159.043	52.477	101.786
468.715	153.449	54.974	105.761
463.430	159.132	52.527	96.326
476.038	155.277	53.262	99.960
455.917	150.886	53.256	99.380
465.036	145.001	56.310	112.760
477.233	151.414	62.193	113.173
480.457	150.855	63.137	111.893
492.617	146.028	64.154	136.116
489.001	96.741	85.976	188.288
490.957	26.937	71.795	149.139
538.527	28.070	54.461	122.786
573.374	39.193	45.902	120.449
590.202	57.694	39.943	111.078
593.236	44.104	36.952	136.437
544.406	99.979	62.605	122.601
540.368	108.683	76.754	142.224
505.153	150.884	83.185	143.522
519.563	178.024	81.800	141.055
485.035	165.765	89.403	172.272
435.736	177.833	112.380	135.373
405.033	185.697	76.343	133.213
300.488	189.340	61.772	112.488
297.614	193.206	59.188	102.355
304.375	206.073	61.603	92.308
307.402	189.174	73.497	101.998
299.732	187.185	70.302	98.786
309.861	186.428	66.709	106.124
304.434	187.007	68.504	107.413
293.960	188.185	59.701	99.348
302.304	209.164	59.746	92.662
290.299	187.198	54.005	100.226
288.513	191.073	54.427	98.308
294.092	195.562	65.099	105.803
283.356	192.674	67.216	101.721
300.789	196.738	60.990	103.470
284.429	188.407	58.452	102.367
296.464	190.654	64.298	98.495
289.233	183.055	66.993	91.896
306.324	182.620	64.433	82.899
307.776	201.337	57.681	96.935
297.948	190.874	59.578	93.309
280.817	185.183	61.903	96.440
292.541	186.516	60.453	97.538
304.507	190.828	66.264	108.193
289.488	195.196	67.071	104.885
308.898	184.311	67.253	102.808
306.347	198.789	73.432	95.898
287.052	200.674	68.289	98.570
299.647	195.002	68.242	98.530
291.996	191.396	61.022	99.393
303.353	192.742	66.530	103.698
294.069	186.029	61.002	100.827
291.553	184.516	64.086	93.201
284.769	189.748	61.741	91.171
284.789	186.348	56.290	93.753
271.674	204.534	69.439	100.488
295.745	197.377	56.728	101.310
290.240	201.608	61.166	93.613
286.312	193.701	60.824	100.311
307.644	191.986	58.899	100.039
299.415	193.631	61.046	97.516
283.630	189.870	67.787	102.328
297.706	187.121	55.809	105.776
289.544	188.832	58.907	102.740
296.152	188.055	52.694	102.499
284.412	189.164	64.061	99.648
292.724	186.053	56.307	99.582
288.792	192.081	59.394	93.722
318.783	185.057	55.294	84.364
298.383	190.060	54.184	105.298
307.085	195.199	65.312	96.489
299.416	202.736	57.640	96.915
286.207	186.852	55.159	98.148
298.907	185.086	58.695	87.494
283.629	187.700	55.870	87.925
278.952	189.022	58.654	90.575
277.121	179.961	55.066	83.853
270.823	183.286	61.992	91.338
263.602	187.331	67.294	106.016
273.767	178.826	76.766	108.582
294.475	162.470	77.657	127.344
316.085	162.453	84.985	127.812
345.120	167.632	80.927	126.625
362.708	152.739	87.353	135.392
405.292	172.231	80.291	128.086
474.614	166.094	60.093	122.225
504.293	176.313	58.961	109.840
508.969	201.983	56.544	97.448
498.065	218.179	54.642	84.872
487.479	218.037	51.013	93.881
486.933	210.255	53.360	95.370
497.968	182.625	52.930	102.232
514.122	190.245	53.274	94.655
495.714	197.170	48.513	92.019
494.496	210.720	49.912	83.773
510.242	216.996	50.577	82.914
497.020	217.638	42.101	90.017
508.271	219.885	43.530	75.671
500.484	223.720	37.694	80.249
501.110	232.072	40.245	73.266
517.978	219.564	44.834	75.729
509.096	193.011	47.611	100.086
505.193	200.478	52.521	91.991
506.593	185.750	48.035	102.859
507.775	184.752	46.549	99.280
502.469	183.424	50.240	100.072
501.986	199.380	49.453	95.007
493.289	189.690	50.412	97.015
511.584	207.423	49.553	90.802
507.022	227.467	50.101	92.857
504.358	204.083	44.917	96.292
508.803	179.860	48.516	94.697
518.170	215.201	46.311	78.455
514.646	204.924	51.813	77.633
497.665	203.856	43.836	89.939
478.738	229.424	56.921	85.092
485.514	185.650	63.235	96.073
514.893	198.173	51.537	93.195
489.614	227.796	47.633	81.795
506.154	234.643	38.906	72.261
492.657	237.273	40.989	76.764
484.923	233.860	54.044	84.659
479.503	233.397	55.513	85.897
467.329	220.449	63.562	101.182
446.482	188.251	84.626	114.886
437.172	177.900	91.464	109.236
425.481	161.133	88.119	118.195
446.760	157.097	86.177	128.716
442.674	179.704	87.005	114.903
424.527	163.949	90.480	118.374
454.983	167.070	79.852	115.572
434.900	177.208	90.077	111.157
496.963	172.801	61.073	111.541
474.846	176.274	61.792	106.519
459.823	182.825	72.840	111.479
456.965	194.302	74.868	106.393
478.875	179.164	58.162	116.687
490.796	189.359	64.515	106.793
480.819	209.471	54.797	92.820
500.250	187.755	41.108	103.256
479.229	175.634	60.355	105.412
493.263	181.894	55.007	99.554
483.574	213.169	50.013	87.953
446.408	193.581	56.849	91.710
435.254	185.408	64.163	106.329
447.779	178.689	76.341	113.170
428.475	160.456	82.875	117.583
456.716	180.464	75.786	115.896
450.673	183.579	77.161	114.394
480.031	203.156	63.921	103.099
502.027	205.585	59.396	90.483
507.077	204.425	47.174	91.492
493.517	196.832	46.786	96.256
475.721	211.418	59.090	84.970
490.690	189.175	45.595	94.840
512.947	202.086	47.849	89.504
495.337	202.169	49.348	94.236
475.709	203.341	54.981	97.160
477.465	219.478	52.720	84.043
464.845	211.236	65.221	86.179
