124.000	392.000	57.000	59.000
131.193	375.288	52.641	57.155
137.676	361.372	51.153	51.704
147.484	346.558	52.407	44.644
158.164	335.633	52.707	45.731
169.070	328.041	53.714	40.420
180.482	323.867	56.181	39.000
192.256	323.353	62.030	43.872
207.996	326.525	53.984	41.187
222.950	333.508	52.686	43.653
237.076	344.236	53.338	52.140
248.519	365.408	51.975	49.430
257.031	386.967	49.446	49.184
263.614	410.764	47.893	45.089
259.959	389.858	45.742	48.008
257.586	371.785	46.413	51.529
257.788	358.881	44.576	51.581
260.149	342.180	46.653	56.844
259.913	335.015	48.071	41.756
202.612	301.577	120.110	118.352
203.205	322.776	85.826	92.340
175.079	292.398	136.234	148.549
236.711	309.996	103.284	83.487
293.972	339.062	55.813	61.437
305.061	366.612	48.884	50.711
308.091	392.487	47.825	49.765
306.454	395.573	49.709	48.246
301.546	377.435	52.112	56.169
295.901	360.165	52.190	52.921
290.450	346.146	53.233	50.777
287.107	335.737	51.864	48.433
283.784	324.884	52.168	48.476
281.178	312.507	50.953	49.818
278.156	299.519	51.361	52.551
276.506	291.460	50.817	49.306
274.694	285.732	51.883	50.700
273.190	283.999	52.769	51.934
273.349	285.694	52.036	52.632
273.384	293.865	50.014	55.799
273.200	308.203	47.205	55.254
261.677	341.117	53.525	54.173
254.347	358.629	50.808	56.961
246.441	386.697	52.736	51.776
234.373	402.958	51.981	48.505
223.053	379.985	49.997	50.757
212.455	357.124	49.037	54.732
204.266	344.720	47.478	51.714
198.688	334.326	46.125	46.769
194.834	322.272	46.746	42.919
192.003	314.001	48.455	39.477
195.135	308.517	47.306	38.937
198.053	305.068	51.259	35.707
212.164	304.162	48.882	33.864
225.739	303.468	44.570	36.213
241.210	304.968	36.218	38.563
242.525	287.784	42.690	56.577
243.112	280.032	60.176	64.621
266.439	295.289	70.642	76.066
296.983	312.433	74.891	67.879
321.500	313.797	64.706	77.869
355.414	325.265	56.447	59.305
366.009	361.193	46.216	46.757
375.841	384.821	50.444	45.517
376.802	374.452	50.267	54.675
373.971	361.559	51.665	54.042
371.031	352.537	52.421	50.584
366.944	340.742	51.938	50.612
364.775	329.387	48.970	52.018
361.270	317.441	51.173	49.842
359.610	306.967	49.169	46.650
355.965	296.203	48.484	46.506
353.247	284.923	49.773	46.916
349.865	274.555	52.282	50.153
352.318	263.644	51.194	48.577
356.581	254.232	49.007	50.196
356.080	249.009	51.595	49.982
358.548	246.978	53.037	47.923
362.484	243.934	53.914	49.310
368.747	247.792	57.011	50.693
374.466	253.601	59.801	54.270
385.024	266.631	57.535	57.518
390.725	290.129	56.642	58.056
396.613	323.361	54.005	61.898
399.511	387.285	53.020	60.390
395.247	405.170	56.869	53.043
385.317	374.285	56.632	60.350
369.417	344.543	62.448	63.779
360.077	339.780	60.369	56.492
340.457	292.995	57.401	55.976
331.530	274.683	60.422	55.964
325.384	260.259	60.590	56.473
318.130	243.153	60.329	60.450
312.533	237.328	64.710	58.022
310.743	234.536	65.735	52.923
311.101	230.730	67.582	51.467
314.844	228.201	69.228	50.802
322.175	226.262	67.834	51.836
338.731	226.213	72.941	49.528
360.877	231.370	67.882	49.918
382.220	239.575	67.820	54.081
405.082	250.282	58.652	59.290
417.145	266.126	60.972	65.130
430.896	282.580	60.888	63.224
450.153	317.820	58.482	57.348
451.190	342.793	59.019	63.710
453.439	380.553	55.724	61.447
448.732	411.968	61.360	48.360
436.472	391.032	65.012	48.604
416.557	341.291	52.769	57.050
408.185	328.725	40.682	51.952
400.192	315.661	39.766	48.180
394.956	294.909	35.205	48.941
393.687	290.515	45.207	39.490
388.857	274.702	47.956	46.601
389.042	271.897	46.811	45.903
389.819	268.959	50.586	42.707
398.368	264.530	50.178	44.614
412.474	258.249	48.572	46.467
427.716	258.323	48.524	45.626
453.982	247.754	92.803	100.835
468.703	250.646	93.526	93.032
483.809	257.553	91.607	100.695
512.641	292.925	81.308	83.527
524.793	288.679	82.617	82.008
553.571	295.102	87.034	62.589
585.246	299.491	73.876	64.540
648.308	232.401	101.087	135.809
657.795	251.589	81.803	62.038
711.734	287.291	55.207	59.359
737.053	319.430	52.620	55.475
753.062	350.763	55.189	54.652
772.668	368.574	56.062	57.667
774.369	349.788	48.699	60.751
772.731	320.233	49.357	59.941
777.449	289.246	46.835	56.178
766.085	265.939	53.221	52.921
757.625	247.235	56.076	49.984
753.424	228.694	53.016	53.542
745.387	218.811	53.741	47.466
736.518	208.820	54.636	44.642
728.162	200.061	53.952	45.830
718.607	191.734	54.205	47.847
709.591	185.718	54.475	47.157
701.585	181.841	55.303	45.524
694.235	177.961	56.350	45.699
692.729	176.531	52.890	43.460
691.432	175.627	52.343	43.099
693.400	178.070	50.680	42.632
693.311	182.918	49.162	42.446
692.790	190.357	50.129	43.796
690.859	197.697	55.103	46.126
697.910	211.164	54.076	47.815
706.002	227.368	53.186	53.285
712.786	251.848	54.735	60.518
716.849	278.787	50.910	60.616
720.793	316.882	49.565	60.475
721.960	353.977	50.785	58.434
724.133	393.795	47.881	52.725
715.389	374.053	53.177	56.948
702.399	342.027	53.426	59.121
692.583	311.724	51.774	58.289
680.527	285.562	55.302	57.980
669.183	262.481	55.664	53.641
659.715	245.961	56.703	50.890
653.943	233.502	55.397	47.950
649.385	223.015	53.310	48.499
641.843	216.509	53.364	46.025
638.560	213.484	50.610	44.017
634.962	211.257	51.915	44.467
635.042	209.957	52.007	45.519
635.687	210.754	53.431	44.755
638.656	214.990	55.083	45.881
647.433	221.636	52.118	46.376
656.495	230.905	51.726	49.319
663.412	242.964	55.611	48.977
672.801	258.289	54.051	48.581
684.844	277.583	56.934	54.948
694.530	302.029	52.501	59.667
703.766	333.501	50.389	57.593
712.671	368.187	49.817	58.089
718.101	400.083	50.530	58.606
721.316	402.994	50.410	57.459
721.421	395.050	49.173	57.322
717.452	377.551	49.664	56.053
711.590	331.341	50.842	54.256
705.364	313.782	50.920	48.923
698.539	298.223	53.347	47.158
694.380	285.532	49.875	48.065
686.454	278.978	50.018	45.128
678.546	272.009	51.470	44.122
673.062	269.556	50.910	44.749
661.843	272.772	54.674	44.427
661.512	282.745	48.662	50.322
659.140	305.992	47.431	52.687
654.731	331.888	49.326	55.253
654.343	361.515	47.557	59.679
652.236	396.807	45.977	55.833
642.498	406.221	51.325	53.504
636.406	386.607	47.230	56.435
621.084	358.974	49.897	54.215
607.719	333.412	50.305	50.042
595.413	308.065	48.962	48.020
588.493	292.341	48.460	44.751
586.141	272.963	49.039	49.525
593.046	256.775	46.328	45.788
567.677	249.493	58.123	46.212
547.858	242.843	61.702	50.908
526.894	243.320	65.117	60.201
511.954	249.221	66.202	56.140
498.689	250.136	64.506	57.393
492.387	255.147	57.664	51.599
491.618	259.648	55.159	47.253
490.455	260.431	56.732	46.948
489.839	262.133	64.182	47.408
509.732	255.268	53.210	54.480
499.799	261.486	67.010	69.543
510.764	257.690	64.543	76.466
523.613	230.870	100.176	183.847
548.594	229.703	85.870	101.504
529.388	236.222	130.370	175.528
572.924	235.743	85.908	74.143
605.486	250.710	56.694	56.920
610.641	261.001	51.621	48.383
611.559	269.109	53.582	47.278
618.319	282.793	53.574	53.113
622.206	304.673	51.762	59.864
621.170	335.962	49.578	62.148
614.277	374.241	50.315	61.813
600.196	409.962	55.912	69.523
590.270	447.896	58.526	53.384
576.195	419.716	57.186	66.655
557.749	378.495	59.010	68.760
505.829	341.898	110.085	119.547
533.932	307.186	71.953	75.262
535.335	298.951	56.558	53.692
529.609	285.283	51.020	49.934
514.878	270.787	50.271	51.887
496.757	260.765	57.733	50.935
482.480	257.760	57.505	48.056
478.827	257.187	55.926	48.021
486.870	252.683	54.833	49.543
504.546	248.424	58.962	53.457
528.446	246.197	58.618	56.010
552.676	240.618	59.110	60.601
595.807	235.551	58.079	63.520
607.989	231.169	59.517	65.674
618.518	227.282	62.139	64.952
630.780	225.688	60.508	63.598
652.155	228.347	55.753	52.888
661.738	228.089	55.858	48.840
670.942	228.046	53.952	50.178
681.922	234.178	52.786	51.315
683.700	244.480	52.150	51.130
678.535	253.635	57.462	50.965
650.337	265.295	58.705	51.163
616.735	282.096	60.599	57.276
594.257	301.153	58.639	59.919
578.168	327.843	55.157	56.709
571.387	361.102	55.169	62.791
566.005	401.366	54.344	62.273
563.754	434.475	51.826	62.837
550.843	469.369	60.343	62.859
530.344	473.726	56.776	61.015
511.976	440.483	55.302	64.384
493.122	408.746	53.568	57.318
485.328	382.728	48.576	56.033
479.252	359.972	48.198	51.944
481.497	348.128	50.609	46.232
500.528	317.049	42.910	53.778
521.346	309.073	46.266	45.345
531.722	303.888	44.187	43.725
535.771	299.620	42.549	41.016
534.593	299.111	44.126	37.181
534.016	302.040	43.837	42.600
540.317	303.230	44.172	38.503
551.512	302.622	40.482	35.430
560.546	299.050	38.161	36.875
567.682	295.631	39.799	39.994
569.716	291.145	39.348	38.417
562.132	286.490	44.310	39.160
546.986	283.198	47.502	39.515
526.881	282.994	51.814	43.301
514.562	285.345	53.883	51.613
514.029	293.379	52.272	49.344
519.669	300.751	51.859	48.238
532.887	309.035	52.711	47.793
543.344	320.322	53.580	51.871
549.843	337.721	51.745	52.208
546.969	364.144	55.925	60.900
553.182	406.566	52.440	59.878
555.277	448.071	52.402	60.127
553.073	488.350	50.821	61.480
537.006	525.316	59.319	50.264
544.742	517.711	55.420	57.958
545.111	482.237	52.206	65.072
544.780	446.178	53.252	60.324
543.890	410.735	52.101	62.246
539.447	380.738	53.664	59.866
534.028	360.011	53.334	57.290
528.999	340.155	50.153	51.427
528.036	325.457	53.205	53.211
527.908	313.392	54.060	50.826
532.012	305.671	50.359	47.615
536.534	298.600	47.087	48.146
534.219	297.783	51.497	49.886
521.989	296.573	59.293	59.675
521.283	290.992	65.897	70.787
529.845	287.015	64.877	62.049
539.951	291.034	61.024	56.948
551.232	292.772	56.814	54.231
554.297	302.468	55.106	53.954
556.053	299.454	60.076	55.000
556.585	295.596	59.536	54.176
557.276	297.546	59.040	51.424
565.230	302.691	57.644	52.158
518.619	344.368	52.265	56.153
519.484	343.402	50.780	62.030
602.969	310.469	53.780	48.168
615.335	316.818	53.238	50.934
621.330	327.989	53.562	50.853
630.998	339.605	55.783	54.559
638.990	358.015	57.319	58.835
643.568	376.946	55.739	65.855
637.212	407.899	54.207	64.728
636.082	438.513	46.097	63.412
623.282	425.506	64.170	62.594
625.654	425.053	70.256	63.590
576.130	419.397	90.543	90.282
553.116	439.765	59.813	68.774
545.634	415.596	51.615	62.285
537.741	393.774	50.269	54.362
533.172	377.929	47.118	48.919
532.034	366.216	46.937	47.122
531.219	358.378	45.392	39.683
534.241	350.611	43.908	39.705
540.221	341.720	45.802	40.577
551.342	333.324	48.060	41.631
560.801	330.706	46.694	41.735
564.031	330.410	46.261	41.285
568.762	330.945	47.271	46.508
574.262	345.223	47.868	45.733
580.514	370.867	47.553	53.624
587.671	403.785	47.607	57.068
594.655	432.964	49.831	55.861
602.686	472.392	48.123	49.140
611.903	455.434	52.821	53.201
621.359	433.103	47.664	52.259
632.803	411.018	46.352	49.468
641.228	392.630	56.078	47.127
639.515	382.763	74.035	61.826
658.114	393.757	76.442	66.521
652.427	372.489	65.938	78.170
663.536	355.962	75.924	95.784
667.919	342.702	70.408	90.646
643.173	279.250	95.820	159.591
671.600	289.070	89.183	95.842
663.707	299.120	74.505	82.723
664.663	299.598	67.948	69.985
658.869	297.703	65.975	65.505
652.711	295.582	58.621	61.152
600.680	294.961	59.191	46.262
592.145	308.428	55.309	36.785
574.727	310.939	47.398	50.797
563.550	323.470	52.433	56.286
573.501	341.214	50.611	48.541
563.858	354.448	58.130	58.411
566.355	386.342	44.143	64.366
568.044	421.438	52.727	56.130
573.905	439.550	49.575	59.160
579.904	414.657	54.020	67.409
599.360	382.320	57.207	70.823
616.931	363.588	46.648	55.786
617.089	346.518	53.736	50.692
634.137	315.917	42.399	53.269
633.942	299.775	64.582	65.601
649.945	283.196	55.957	69.091
651.343	304.587	59.544	62.934
647.835	320.765	55.515	58.059
654.780	317.291	55.059	56.941
643.627	322.793	64.113	55.683
655.942	317.613	64.897	57.373
648.870	320.912	59.849	59.982
659.730	317.580	67.661	54.850
658.804	316.749	58.804	59.860
675.039	320.728	62.820	51.829
679.972	317.807	63.646	58.156
676.275	315.967	69.001	57.812
673.165	317.725	72.740	55.043
700.077	308.621	65.281	61.959
692.965	306.740	72.133	66.333
668.083	305.255	86.909	73.249
504.152	323.326	134.737	118.231
508.246	290.302	93.251	83.756
479.058	292.311	77.575	59.522
455.833	308.352	86.566	49.714
440.366	329.108	56.293	53.983
428.602	352.171	46.843	58.136
421.936	389.217	46.438	57.364
422.138	417.204	46.687	53.865
429.920	401.060	51.113	59.590
456.757	370.268	50.716	55.499
480.966	346.659	46.636	49.752
509.917	316.887	51.331	50.539
529.337	298.607	45.235	47.392
541.842	284.831	44.601	47.528
549.450	271.984	42.619	46.366
550.463	262.557	45.030	46.149
552.359	252.891	43.566	44.934
552.823	244.750	45.476	42.739
554.022	239.912	47.368	43.012
557.449	236.018	44.879	40.627
559.211	232.370	43.161	40.081
556.282	230.786	46.186	39.289
552.872	228.484	44.270	38.722
550.146	228.146	43.918	37.181
547.763	228.748	44.673	35.076
544.964	229.731	43.221	36.328
542.625	233.368	41.124	36.148
539.077	239.821	39.668	36.797
535.965	246.682	38.231	37.103
533.664	255.934	37.742	39.069
532.030	266.964	37.994	39.173
531.442	279.479	39.652	41.873
531.479	294.921	35.927	45.251
530.139	317.342	38.351	48.374
530.327	346.208	39.113	45.837
531.914	377.615	39.491	45.738
533.365	402.884	38.109	50.777
533.762	405.412	41.855	49.630
539.222	383.366	39.469	51.327
542.336	361.569	37.255	45.739
542.731	341.237	32.948	42.429
539.983	329.547	34.072	40.024
543.807	310.540	35.915	43.990
547.602	291.067	40.246	54.034
551.043	275.796	49.021	53.414
554.207	276.614	71.240	53.673
549.806	265.659	56.642	52.490
548.019	261.612	55.839	51.311
553.093	261.233	57.942	54.713
543.881	264.453	71.274	65.226
535.343	259.633	62.174	84.771
514.722	266.896	64.026	83.416
505.670	262.324	54.615	41.473
497.735	268.367	37.475	37.986
492.692	275.953	35.556	34.581
484.027	283.707	38.326	34.053
480.586	287.751	37.562	35.670
477.850	290.844	37.314	36.773
477.257	291.876	37.759	35.896
475.885	291.407	38.536	35.589
474.667	287.684	39.017	39.017
472.680	282.933	39.874	39.944
471.707	278.928	39.379	39.511
471.953	273.406	38.588	41.612
476.248	267.743	39.544	40.245
481.474	264.183	41.216	38.033
486.674	261.891	41.670	35.705
492.148	260.078	40.873	36.067
493.603	259.741	38.917	35.630
494.335	259.712	38.594	35.581
492.606	262.210	39.483	34.689
491.523	265.474	39.176	36.231
490.457	268.992	39.012	36.767
490.290	271.310	38.674	36.433
490.256	272.434	39.025	35.510
489.392	273.191	39.182	34.238
489.074	273.148	39.118	34.552
485.494	272.950	40.226	35.943
479.247	273.315	39.091	34.250
474.334	273.149	38.086	33.948
469.959	273.385	38.047	33.277
465.883	273.181	40.521	34.832
463.176	272.885	39.571	34.662
460.411	272.202	41.328	34.846
459.703	271.555	39.029	37.315
459.172	271.322	40.067	35.257
458.559	270.653	39.430	34.502
458.823	269.728	39.364	33.489
458.009	269.529	40.906	34.345
456.283	269.525	41.513	34.892
454.165	269.798	43.156	34.704
451.398	270.636	43.406	35.070
445.425	272.106	44.738	35.347
437.700	274.067	43.638	36.145
430.833	275.563	41.653	37.268
426.549	277.155	42.424	35.345
422.338	278.111	43.005	36.300
418.508	278.471	44.254	35.808
415.475	278.804	44.180	35.618
413.534	278.381	43.297	35.653
413.511	277.054	41.080	36.784
414.139	276.119	41.063	37.063
416.517	275.418	40.948	36.402
418.538	274.934	42.136	36.366
420.853	275.162	44.463	35.865
421.692	275.366	46.151	34.941
423.255	275.902	44.916	36.169
423.690	276.187	42.473	36.428
417.951	274.771	41.515	37.753
412.879	275.702	40.888	36.010
409.522	275.035	39.234	35.556
402.654	271.216	43.847	33.696
407.983	265.137	41.620	36.925
411.371	263.760	39.691	36.821
415.526	262.414	39.269	36.187
424.973	259.825	41.631	35.501
435.195	256.635	39.828	36.274
446.050	256.611	44.535	35.459
457.175	255.735	44.346	35.965
466.118	255.396	42.130	36.292
469.502	256.941	43.479	35.940
467.275	256.665	45.500	37.853
460.814	255.995	49.358	38.436
452.885	258.413	48.360	37.608
446.789	260.078	45.695	35.881
443.698	259.227	43.846	36.680
439.674	258.818	44.037	36.054
432.650	257.676	43.825	36.025
426.299	256.417	41.549	35.915
422.169	255.529	40.110	35.137
417.484	254.314	40.693	34.679
411.033	253.526	41.437	33.852
403.563	251.937	41.365	33.956
394.668	250.256	40.176	34.007
387.436	248.218	40.624	34.840
382.550	245.825	39.779	34.261
379.288	251.507	40.340	46.476
379.060	254.297	49.534	50.667
373.086	241.556	68.403	57.917
348.001	233.420	82.423	88.793
322.168	245.470	97.500	108.734
325.545	274.633	77.665	113.708
322.222	263.393	81.617	116.124
374.796	303.518	68.139	98.152
376.687	310.795	62.192	81.479
348.272	219.052	113.929	173.088
345.520	247.960	97.346	135.489
323.698	234.225	79.766	122.208
315.974	204.323	124.210	267.455
307.893	197.956	116.882	193.441
287.540	186.869	108.772	139.880
272.465	176.113	109.178	76.380
271.939	197.143	51.146	47.556
275.177	199.602	40.901	38.772
272.806	199.431	41.085	36.948
269.398	198.170	41.899	37.590
265.765	197.554	43.395	38.307
261.706	197.718	42.914	39.256
255.922	200.097	44.454	41.398
250.075	204.981	43.962	43.501
245.736	212.917	41.834	41.518
244.226	215.298	40.838	39.851
244.086	214.919	40.403	40.053
244.859	213.248	39.870	39.215
243.840	212.913	39.015	37.894
237.589	212.993	38.825	38.052
231.291	212.394	39.269	37.223
226.243	212.994	39.321	37.373
222.735	216.925	35.853	36.841
220.359	221.551	35.242	36.708
218.999	226.250	33.009	35.140
220.066	228.764	32.618	34.125
222.370	232.264	32.503	34.525
227.359	232.030	35.480	36.577
236.615	230.844	34.563	36.839
243.871	231.462	36.485	35.314
245.795	235.622	33.795	36.190
246.205	238.498	33.136	33.859
246.882	238.136	32.152	34.615
251.595	237.418	33.380	34.122
256.288	238.197	34.825	33.763
260.667	236.029	36.332	36.165
268.148	230.474	35.579	37.340
273.894	228.352	36.430	36.323
279.691	227.087	33.369	35.464
286.648	222.935	36.914	37.424
299.757	217.873	37.360	39.607
315.188	214.113	42.205	40.268
331.304	212.603	46.655	44.253
344.729	212.281	48.318	50.805
361.542	211.352	50.543	50.042
368.816	210.998	45.344	44.018
372.928	210.926	38.524	42.136
366.363	213.593	33.733	37.182
372.281	216.561	35.823	39.838
371.604	226.381	43.189	42.369
374.949	225.651	48.649	57.941
387.346	251.538	55.998	57.879
382.716	265.511	82.793	72.719
324.260	272.563	73.187	81.809
330.349	289.041	81.785	75.355
369.452	255.479	71.922	98.022
397.260	248.580	78.899	94.872
398.491	224.772	91.843	97.417
415.754	192.738	83.217	97.825
437.787	225.406	99.256	104.537
455.955	222.656	127.902	119.885
374.477	212.669	137.821	217.631
399.232	265.330	125.920	148.131
427.217	288.272	106.001	129.455
458.424	288.224	73.915	123.910
454.069	322.287	61.129	101.095
464.692	320.857	59.037	86.982
469.522	324.542	63.907	72.702
460.452	323.108	60.657	62.560
456.198	324.104	60.611	65.879
472.213	312.387	74.497	59.804
486.874	301.276	77.048	55.425
515.319	313.796	65.205	51.880
532.555	317.049	57.839	50.630
541.830	306.177	51.398	52.107
526.775	305.681	63.211	49.295
522.014	283.521	54.637	62.016
525.236	268.432	57.132	66.497
534.872	271.748	59.491	68.034
560.654	270.735	50.436	66.867
576.753	285.258	59.297	72.531
584.158	307.590	69.824	67.964
586.761	308.391	64.237	66.677
617.493	309.900	61.685	62.644
638.712	277.766	60.371	82.048
653.028	257.219	59.090	77.798
659.369	268.773	58.887	82.546
670.411	269.820	57.817	70.482
669.005	266.708	56.723	62.551
678.057	267.131	51.751	62.033
679.048	268.972	55.649	59.601
674.737	270.737	56.840	53.299
693.367	279.950	57.291	63.188
694.445	280.969	61.713	64.821
713.704	277.630	54.969	67.642
721.370	280.085	54.025	65.903
727.391	272.325	57.789	55.578
721.883	259.761	53.614	56.935
732.458	259.852	53.123	63.594
749.408	258.121	55.559	64.471
746.217	246.782	62.956	55.038
761.692	219.323	78.171	139.169
742.389	228.073	66.652	79.407
763.982	244.512	75.504	70.971
791.037	257.656	74.256	60.064
805.892	254.859	64.914	68.998
795.138	248.276	67.414	77.145
789.917	207.998	58.956	78.646
795.730	216.138	61.599	79.438
804.784	221.354	63.261	80.682
813.409	221.850	66.046	84.763
814.328	219.542	67.751	80.291
817.907	215.179	65.729	72.152
820.526	220.026	68.045	71.428
829.788	217.547	66.187	73.901
836.121	217.578	65.939	75.319
841.136	219.248	63.247	87.733
849.341	254.978	52.512	74.153
856.118	236.944	61.653	85.067
857.027	246.866	43.130	75.944
860.622	251.494	39.008	63.082
865.560	252.309	37.201	57.358
869.141	252.909	37.313	58.366
873.682	252.241	41.800	55.436
882.459	237.429	47.439	63.836
900.286	218.190	53.108	62.916
912.227	214.012	46.254	64.490
919.567	220.016	40.433	61.478
905.927	222.234	50.435	68.315
910.624	226.196	46.724	80.235
915.436	241.569	42.139	71.017
925.572	233.152	32.517	70.250
934.710	248.586	25.290	66.144
942.584	241.726	17.416	55.240
923.891	231.711	32.371	53.385
924.768	217.505	33.246	55.728
926.156	212.546	33.195	63.228
926.003	208.932	33.997	69.996
746.079	247.025	79.400	98.750
755.976	274.625	69.281	69.490
763.177	283.474	60.472	59.925
768.605	287.153	57.430	55.979
768.150	285.644	59.341	56.303
775.609	283.223	53.837	57.476
766.403	278.114	54.281	50.743
785.996	283.319	48.641	50.369
779.878	278.003	50.551	49.465
788.714	261.556	56.651	54.273
766.675	273.248	64.819	44.131
785.136	265.723	55.443	58.908
793.746	253.449	63.758	64.457
802.896	243.643	60.592	65.207
827.566	234.982	49.513	56.446
827.359	242.145	50.919	50.618
836.603	236.308	44.198	51.488
823.930	244.049	55.946	50.003
825.773	231.688	51.234	57.179
827.142	239.665	56.523	50.774
834.519	228.418	41.808	59.640
832.582	233.972	50.250	55.613
843.304	228.296	38.229	57.821
845.104	237.585	41.443	47.119
788.439	248.351	71.857	87.416
785.901	248.620	50.070	85.266
789.135	257.595	43.423	79.022
783.050	251.882	49.428	69.508
781.538	254.649	46.739	76.322
774.186	252.662	51.359	75.225
778.894	253.063	50.835	76.005
779.679	262.476	49.415	73.753
775.223	259.398	48.366	76.413
772.080	258.992	49.589	74.390
771.269	256.150	49.633	73.031
770.085	245.725	46.120	70.065
768.766	241.443	49.042	62.731
772.674	252.742	47.217	56.023
775.714	249.903	42.834	61.024
776.244	251.278	44.214	58.703
774.194	250.561	42.789	67.032
775.019	250.101	44.381	67.190
771.542	250.344	47.199	66.008
770.841	249.090	47.722	67.227
770.714	253.333	44.870	68.060
770.543	250.198	49.700	70.410
771.601	252.878	46.227	68.323
771.580	252.995	45.155	63.435
765.094	254.066	49.634	54.737
760.797	255.802	48.815	41.818
763.147	257.424	43.493	39.577
760.542	257.055	39.966	38.332
762.305	258.408	40.298	36.968
759.990	259.879	37.672	34.509
758.448	257.787	38.039	34.731
758.361	258.190	40.101	35.513
758.039	256.421	41.515	37.843
749.995	253.137	40.060	39.658
749.771	254.293	40.977	42.829
748.110	252.221	39.809	50.078
743.863	250.321	44.221	49.026
746.592	251.016	45.278	50.845
744.805	247.910	43.217	53.385
748.259	253.027	43.103	53.483
751.023	257.126	41.067	61.272
752.662	250.719	40.649	67.149
752.885	250.104	43.072	66.772
751.541	247.604	45.091	62.980
748.342	249.580	44.411	67.231
743.238	247.527	43.399	56.559
741.362	247.648	43.981	57.082
737.560	247.296	43.670	53.968
739.170	248.584	42.794	50.596
734.913	245.366	42.034	46.595
730.910	247.163	40.027	48.581
732.625	247.573	38.066	45.167
729.136	247.408	36.779	41.440
731.023	249.054	38.275	38.269
726.956	248.071	36.636	40.803
729.702	248.772	37.195	38.371
726.662	249.360	35.372	35.984
730.018	248.965	35.396	41.763
729.156	249.047	35.143	36.783
726.633	248.196	34.730	41.450
730.575	249.812	35.974	37.866
723.592	246.256	35.151	41.695
724.610	248.302	36.441	41.804
725.205	248.346	33.706	39.480
715.826	252.012	39.237	41.157
714.066	251.580	42.035	43.158
717.533	249.426	41.802	45.553
719.441	246.381	39.541	48.351
727.518	249.696	44.423	57.331
722.901	248.567	44.217	66.568
719.933	253.446	47.275	69.919
718.806	250.565	48.176	71.347
713.568	254.497	52.308	70.431
712.259	254.575	52.460	78.014
710.182	253.201	51.731	79.863
708.155	254.534	52.520	78.485
706.881	254.954	58.138	76.636
699.156	252.379	56.321	78.731
695.004	257.734	54.437	77.422
691.603	257.586	53.293	77.608
688.842	253.518	57.641	76.260
682.147	252.169	58.682	76.090
684.013	258.030	54.687	76.429
688.271	251.062	50.907	82.063
678.923	255.308	55.423	72.607
683.584	261.261	50.710	77.310
686.309	261.693	47.231	75.644
681.601	261.690	51.927	74.519
682.782	263.963	48.480	70.866
682.840	260.333	49.947	71.468
689.970	265.723	49.542	70.044
681.850	261.507	56.866	69.089
687.139	259.354	52.384	77.214
682.270	258.276	56.594	75.108
681.565	256.588	60.842	76.574
688.554	255.938	57.694	78.110
687.538	254.354	59.390	75.871
688.878	254.948	62.878	74.733
695.854	254.172	56.826	74.838
695.615	252.778	50.749	69.818
687.887	253.287	49.495	62.504
683.825	260.665	44.824	62.442
680.921	253.774	44.444	60.934
679.703	262.484	44.956	57.992
679.367	259.864	41.296	49.006
679.315	256.629	38.850	45.124
680.422	254.280	39.005	44.422
683.381	257.692	36.427	42.041
682.288	254.860	36.929	45.876
683.041	254.410	37.233	41.252
682.752	258.499	38.312	42.554
684.470	262.081	38.388	40.426
684.308	264.685	37.529	36.800
686.106	256.527	38.325	42.346
684.573	253.745	39.409	42.219
686.139	252.439	38.869	39.992
687.264	254.500	38.645	39.168
686.597	254.341	37.420	40.437
696.950	251.152	44.821	51.420
701.592	251.470	42.404	54.074
697.877	252.048	50.692	59.027
702.906	253.248	53.193	69.544
704.066	243.528	52.729	79.071
708.890	235.109	67.174	73.919
733.769	236.708	67.775	75.710
745.514	231.788	65.346	75.210
745.104	236.271	56.955	81.684
736.314	243.317	59.731	76.901
724.267	250.468	56.823	66.174
708.365	258.598	59.926	66.534
701.135	262.177	62.987	64.955
679.790	245.077	71.064	66.289
682.832	248.634	68.054	74.689
681.768	244.859	72.618	75.685
684.140	254.066	67.422	71.764
683.113	246.052	76.275	77.767
669.167	257.274	92.402	55.365
692.058	255.128	77.642	71.133
700.689	250.244	74.359	79.983
731.910	249.719	58.772	77.356
728.417	243.884	53.933	73.758
728.838	227.626	58.588	77.036
718.499	227.783	68.410	79.901
727.270	249.495	54.284	80.001
712.394	249.960	58.589	74.563
710.149	249.799	62.899	78.646
698.950	246.314	73.864	75.258
711.357	250.919	71.631	77.304
723.755	231.446	68.945	81.513
741.228	231.010	60.156	75.560
728.801	242.332	65.295	60.290
745.580	245.464	60.144	71.749
753.832	247.817	50.608	69.177
748.777	245.161	57.030	59.109
751.462	239.635	55.977	63.717
753.220	242.361	53.402	68.823
755.080	240.433	53.170	67.387
759.546	238.904	52.174	69.166
758.239	241.220	48.139	70.051
758.642	237.794	50.048	70.802
760.621	234.095	50.226	72.705
763.021	235.590	50.514	74.599
764.982	235.298	48.598	77.991
763.937	229.080	48.220	84.703
760.748	230.971	49.048	82.229
762.573	229.371	46.411	84.126
761.546	233.853	45.907	79.073
763.424	230.224	45.409	81.440
757.943	230.969	47.504	80.999
752.367	232.356	48.188	79.627
743.814	223.006	53.066	77.406
746.732	228.780	50.173	81.174
745.888	226.607	50.773	81.177
745.664	231.742	53.366	78.120
747.089	224.343	51.234	84.118
744.475	219.117	62.562	83.918
747.454	220.584	50.780	89.463
739.298	213.396	65.430	85.360
519.980	221.111	121.253	127.643
362.067	230.203	83.425	113.269
355.233	266.788	74.155	74.268
340.902	277.576	68.019	63.505
367.790	279.876	62.629	55.269
394.994	281.722	51.361	50.152
396.506	282.947	44.006	50.087
392.499	286.135	43.152	49.346
389.325	284.098	45.451	47.280
361.702	304.346	39.264	40.141
376.226	298.345	41.340	44.679
288.427	255.818	76.008	67.966
272.019	261.818	45.784	57.077
276.914	261.243	42.197	35.953
279.448	261.604	40.664	31.583
284.108	261.112	35.988	32.200
286.193	260.866	36.389	30.758
287.869	259.938	36.722	30.569
290.760	258.795	34.410	32.216
292.067	258.646	35.499	33.139
291.867	258.088	37.015	34.808
292.265	258.259	36.988	33.033
292.585	258.222	37.052	33.163
292.455	258.450	36.715	32.543
292.938	258.622	36.437	32.008
292.739	259.320	37.272	31.102
293.771	259.353	36.224	31.979
294.841	259.073	35.442	31.856
295.990	257.738	36.062	32.421
296.377	255.386	36.711	34.277
296.719	252.452	34.838	35.799
296.325	249.229	32.884	33.694
296.096	245.369	32.930	34.052
294.905	242.385	32.998	33.911
294.575	238.914	31.992	34.417
294.217	236.188	33.738	33.167
294.114	234.758	34.147	30.727
293.919	234.896	34.752	29.408
294.222	234.889	34.623	29.738
295.093	235.008	34.105	29.520
295.113	235.870	34.639	28.545
295.387	236.381	34.143	28.415
295.494	236.668	33.746	28.394
294.055	236.746	34.873	28.743
291.942	236.687	36.353	29.283
290.160	235.420	37.328	30.313
287.211	234.435	37.078	30.155
284.570	232.477	35.625	31.246
281.966	230.739	34.464	31.910
279.776	228.416	34.433	32.350
278.391	225.802	35.687	33.793
278.062	223.346	35.453	34.116
278.030	220.973	34.736	33.729
279.503	219.194	35.538	33.330
280.606	216.710	35.483	33.531
282.436	214.404	36.250	33.156
284.957	211.792	36.714	33.104
288.251	209.770	37.035	32.277
292.681	207.724	36.857	33.221
296.919	206.019	37.249	33.713
302.478	204.420	37.224	33.428
307.860	203.071	37.456	33.893
311.532	203.003	38.354	33.099
314.967	202.497	37.981	33.319
317.199	202.003	37.827	33.512
317.891	201.279	37.892	34.875
318.183	200.764	37.750	35.317
317.057	200.335	38.506	34.850
316.455	199.119	38.432	35.041
315.756	198.579	38.563	35.025
315.514	198.068	38.373	34.995
315.097	196.995	38.765	35.212
315.179	195.877	38.877	36.210
315.137	194.983	39.022	36.047
315.511	193.846	38.994	36.932
316.411	192.841	38.808	36.935
317.449	192.386	39.016	36.406
318.353	191.489	39.643	36.065
319.718	190.663	39.621	35.927
320.378	189.628	40.199	36.313
321.107	188.633	40.454	37.640
321.978	188.474	40.518	36.979
322.683	188.000	41.099	36.614
323.643	186.834	41.110	37.410
325.253	185.620	41.139	37.026
327.432	184.701	40.961	37.099
330.484	183.544	40.750	36.443
332.451	182.759	41.020	36.822
333.802	182.279	41.157	36.675
334.918	181.319	41.983	37.071
337.066	180.949	42.536	37.294
340.148	180.817	41.988	37.251
341.956	180.781	42.630	37.565
344.175	180.620	41.988	37.883
346.457	180.396	41.372	38.167
348.646	180.245	40.969	38.681
349.836	179.990	41.116	38.494
350.789	180.262	41.622	37.842
351.525	180.040	42.427	37.687
352.023	179.987	42.299	37.637
352.066	179.768	42.480	37.896
351.411	179.978	41.854	37.963
350.477	180.457	42.056	37.132
350.311	180.237	41.698	37.000
350.386	180.399	41.462	37.211
351.049	180.423	41.195	37.109
352.656	180.472	40.825	36.730
354.256	180.683	40.614	36.385
356.813	180.180	40.166	36.596
360.668	179.914	41.022	36.614
365.220	179.659	40.299	36.237
370.337	179.289	39.882	36.098
375.195	179.369	40.156	35.404
380.773	178.940	39.724	35.626
386.718	179.612	39.656	35.958
392.358	179.699	40.073	36.552
396.960	180.035	40.237	37.311
398.548	180.664	40.263	38.059
398.260	181.429	41.146	38.075
395.733	181.396	41.666	40.001
391.743	182.601	42.932	40.361
385.279	184.867	45.018	41.831
378.920	189.472	45.035	42.646
371.129	193.860	44.563	42.908
364.589	198.620	44.605	41.836
364.368	201.747	43.252	42.337
367.839	206.061	42.770	41.481
370.275	212.497	41.955	41.684
371.129	221.420	42.582	43.687
371.030	231.584	42.105	43.249
367.809	240.809	42.947	41.989
362.550	244.415	44.517	39.828
355.331	244.165	46.094	39.105
349.307	244.050	44.459	39.320
345.830	242.748	43.128	40.201
345.435	236.359	44.142	48.227
347.861	226.006	44.743	45.410
349.270	222.639	43.544	42.938
350.080	221.854	43.300	42.641
347.892	224.217	43.432	41.557
345.429	224.480	43.542	40.691
342.519	224.262	43.953	41.485
333.664	226.995	47.155	43.658
325.034	231.927	47.110	45.715
323.679	235.293	44.446	44.279
330.090	235.462	44.029	44.619
338.289	231.529	45.868	44.255
346.527	230.123	43.774	44.185
350.904	229.424	43.512	42.783
355.868	228.276	43.574	40.985
360.689	227.363	43.470	41.829
364.758	227.101	42.710	40.798
368.684	227.288	41.680	41.096
371.817	226.358	42.398	41.608
376.500	226.966	43.148	42.094
382.156	227.510	43.382	41.503
387.784	227.502	43.854	41.523
393.419	227.129	45.157	41.408
399.085	226.520	44.350	42.496
402.451	226.515	45.342	42.387
405.341	226.906	44.771	44.229
407.719	226.929	45.217	43.544
410.463	226.979	43.815	42.738
411.267	227.053	44.222	41.291
412.634	227.101	43.368	41.158
413.850	226.649	42.492	41.123
414.709	226.960	41.932	40.972
415.933	227.395	42.728	39.941
416.677	227.710	42.493	39.274
416.798	227.973	42.497	38.315
416.767	228.201	42.541	38.509
416.407	227.590	42.272	39.109
416.169	227.743	42.581	38.452
417.232	227.285	41.891	38.943
418.524	227.159	41.981	39.152
419.358	227.159	42.385	39.008
419.833	226.915	42.672	39.159
419.970	227.277	42.641	39.423
419.951	226.777	42.690	40.609
419.633	225.331	42.692	41.834
418.572	224.218	42.948	42.080
416.379	223.532	43.455	40.723
414.397	222.363	43.177	39.902
412.674	221.802	42.872	39.632
409.001	222.534	42.598	39.894
408.188	221.399	42.605	39.806
409.612	218.919	42.343	39.917
411.054	218.096	41.101	38.973
409.081	217.466	42.959	38.385
407.050	214.701	42.440	40.557
406.778	213.775	42.447	39.619
406.974	213.266	43.019	39.445
405.659	212.804	43.730	39.442
402.569	212.601	44.515	38.441
394.872	215.072	46.868	40.160
382.681	218.343	48.956	40.974
369.035	221.597	50.499	43.153
358.007	225.801	49.181	40.873
343.798	229.558	50.334	38.223
335.222	232.129	47.504	38.903
327.594	234.520	47.869	39.686
328.207	234.634	47.048	40.195
331.785	235.417	49.252	38.443
339.691	235.913	52.489	36.906
353.499	235.288	56.387	37.253
368.642	235.753	60.879	38.800
384.208	237.461	65.819	38.404
406.530	239.213	62.925	40.135
430.923	245.999	59.880	39.426
449.038	255.668	56.447	42.659
471.383	270.807	45.531	46.906
480.661	292.577	40.999	48.879
480.107	316.093	44.935	48.410
480.600	341.971	45.296	54.790
475.731	374.355	45.189	57.889
461.436	394.769	52.951	49.172
453.828	385.557	50.005	49.306
414.308	341.689	52.672	53.543
401.701	328.757	49.075	48.225
383.255	311.631	51.650	43.904
381.493	301.553	48.884	42.343
385.169	291.831	44.594	42.229
384.928	282.249	47.552	39.574
391.840	273.826	46.784	39.420
403.376	267.347	42.069	37.674
408.170	262.367	46.585	37.353
417.127	258.294	47.534	38.200
428.730	255.922	47.789	38.128
439.157	254.974	46.635	37.804
449.876	253.702	46.005	38.162
459.071	253.175	44.557	37.707
465.486	253.179	43.806	36.533
468.256	251.543	43.516	36.704
469.940	249.501	43.081	39.176
469.285	246.133	43.764	41.469
463.311	249.289	45.398	40.220
457.917	246.398	45.289	39.531
448.962	244.709	47.025	37.142
441.023	244.461	47.196	37.683
432.986	246.458	46.379	36.680
424.495	249.411	47.004	38.207
416.691	253.197	46.296	41.079
406.572	260.459	46.104	40.959
402.846	265.772	46.223	38.523
399.171	278.031	41.230	40.778
395.879	292.692	35.893	42.808
391.558	309.179	35.802	46.271
389.158	334.204	33.318	39.671
374.154	340.834	46.800	55.468
363.859	340.877	52.010	61.987
336.738	311.543	70.166	73.839
325.135	282.324	67.160	59.289
325.354	278.354	69.740	59.473
349.472	316.838	71.677	70.125
353.461	323.977	81.380	66.253
365.529	317.521	68.809	66.002
376.170	300.351	79.321	73.653
379.719	301.226	78.821	65.753
380.580	294.530	74.815	65.329
380.640	288.476	56.060	53.648
384.314	292.847	52.427	52.288
384.829	295.769	58.722	50.499
381.080	302.757	48.949	47.389
381.179	314.674	45.072	44.942
381.933	327.476	38.300	40.616
380.323	337.836	39.156	38.846
378.745	348.412	35.234	41.267
376.871	367.911	37.093	37.837
375.275	381.893	39.367	39.070
374.987	397.791	39.804	38.257
371.039	385.870	39.050	41.955
366.095	371.813	38.750	43.815
361.873	362.208	36.252	37.298
359.715	349.379	33.901	41.428
357.334	343.082	37.296	38.944
356.132	338.741	37.577	36.651
355.529	336.543	38.235	36.585
354.275	334.421	39.520	34.330
354.910	331.627	38.734	35.554
355.977	331.959	40.316	35.538
358.209	332.972	42.871	36.663
363.032	338.566	43.045	37.352
366.670	347.400	41.790	37.002
370.711	355.705	40.100	36.019
372.687	366.400	42.545	37.591
375.278	377.193	42.345	39.631
376.984	389.560	43.543	38.068
375.660	378.610	42.199	39.468
372.800	368.568	41.924	39.223
369.447	358.666	41.159	38.562
366.869	350.660	42.343	39.530
366.320	345.403	41.372	39.847
365.516	341.861	40.490	39.388
365.065	338.923	41.229	41.605
371.197	344.136	43.824	41.199
384.214	356.323	47.013	42.654
402.869	370.841	45.825	41.706
419.890	372.236	46.170	42.165
430.763	355.198	42.383	43.981
440.389	346.058	37.461	41.405
447.971	339.124	34.947	37.119
449.853	333.357	42.168	37.862
458.944	319.457	48.575	46.204
446.707	303.326	61.962	62.727
435.627	264.826	58.734	75.962
431.758	257.075	68.899	72.901
420.964	259.149	68.224	87.601
408.567	255.057	75.836	82.098
405.667	251.207	72.298	80.994
402.827	247.334	74.544	83.344
404.779	256.033	69.592	79.422
387.665	271.118	68.861	65.850
390.730	268.881	67.185	70.555
392.926	266.660	76.596	78.303
401.451	255.434	67.097	77.292
374.184	282.859	49.937	64.880
376.361	308.001	49.958	54.329
388.138	319.584	48.276	52.225
394.357	276.563	49.370	55.230
397.092	261.949	56.370	60.846
394.822	259.742	55.846	64.740
387.999	258.099	58.914	63.228
392.470	259.754	65.043	67.267
430.370	296.645	51.112	62.907
425.283	289.045	62.936	52.495
429.253	284.609	60.119	46.220
429.759	277.783	63.484	57.237
443.525	272.340	57.205	48.930
434.231	267.277	68.197	54.332
434.880	261.447	77.361	64.667
434.766	257.953	66.991	60.188
444.343	252.110	51.734	46.893
441.793	247.318	47.313	42.729
436.739	246.110	49.415	41.193
432.321	245.200	46.465	41.672
431.509	247.786	43.783	39.893
430.929	255.881	40.927	39.109
428.055	265.502	42.032	41.204
426.533	277.895	41.617	46.787
423.607	287.638	40.943	56.210
409.585	303.132	54.400	69.165
399.253	307.733	57.826	69.864
386.306	297.850	65.520	84.075
364.654	290.397	76.534	84.939
358.727	276.637	83.447	89.245
343.868	256.442	85.612	88.162
339.827	249.251	80.356	84.927
333.894	257.157	79.838	95.848
338.038	274.615	83.418	84.551
336.321	268.065	83.375	81.318
355.081	263.227	71.830	85.033
358.529	263.479	67.561	74.416
341.889	267.528	74.075	72.127
337.051	265.157	71.392	65.497
326.307	282.182	69.323	64.508
339.511	271.154	66.879	68.397
327.280	269.452	68.707	59.441
322.834	269.673	59.274	63.558
325.701	278.089	63.458	61.393
332.698	267.112	67.312	69.394
338.062	276.789	65.864	67.518
340.263	276.877	63.958	62.875
344.442	269.652	66.871	71.959
340.765	265.165	72.618	77.150
355.898	259.213	67.423	83.898
372.906	317.129	63.732	69.667
382.028	324.102	50.919	67.190
383.765	311.861	53.699	71.773
390.401	254.879	52.332	50.656
407.463	272.678	42.155	43.619
414.894	283.440	42.486	45.726
431.004	306.724	33.868	45.448
432.935	331.267	39.557	46.270
437.595	362.785	39.989	49.342
440.459	390.994	45.721	49.384
439.233	377.201	42.767	51.939
435.732	352.325	40.034	51.377
430.856	332.015	41.472	45.507
425.598	309.134	44.482	46.782
425.239	295.502	44.169	45.136
426.890	286.123	42.775	44.346
423.001	274.170	46.209	46.177
421.610	267.895	47.079	45.073
420.457	262.801	46.107	40.910
419.491	258.189	47.132	40.346
418.222	255.896	47.119	40.526
417.001	254.445	47.280	40.754
416.095	253.879	47.855	41.623
415.157	253.864	48.499	43.127
415.019	255.038	48.407	42.528
414.643	255.574	48.211	42.641
413.928	257.128	48.303	41.717
413.394	257.403	48.143	40.358
413.279	257.208	46.865	40.062
413.131	257.005	46.153	39.175
412.847	256.049	45.458	39.226
412.895	255.578	45.139	38.535
412.567	255.299	45.383	37.988
411.651	254.682	45.576	37.625
410.238	254.396	46.535	37.717
409.684	254.760	46.569	37.597
409.802	254.832	45.355	38.178
408.185	255.514	45.983	37.860
406.931	256.212	46.300	38.277
405.809	257.362	45.856	38.001
404.156	258.399	46.236	37.757
403.211	258.736	45.799	38.712
402.263	259.270	45.647	38.753
401.199	259.629	46.025	39.416
400.623	259.878	46.160	40.333
400.063	260.630	46.477	39.972
400.102	261.147	46.110	39.476
399.686	261.729	46.051	39.128
399.662	261.990	46.065	38.919
399.784	262.091	45.757	38.922
399.263	262.684	45.759	38.411
398.926	262.704	45.935	38.591
398.518	262.829	46.297	38.735
398.754	262.578	46.067	38.818
398.446	262.604	46.328	38.857
398.353	262.578	46.398	38.923
398.784	262.247	45.989	39.233
399.177	262.118	46.113	39.363
399.308	261.988	46.005	39.493
399.486	261.988	46.514	39.348
399.019	261.966	47.074	39.359
399.118	261.992	46.394	39.298
399.059	262.489	46.680	39.217
399.114	263.074	46.511	38.951
399.468	262.630	46.289	39.382
399.672	262.976	46.492	38.567
399.917	262.342	46.362	38.491
399.908	261.734	45.705	39.051
399.513	261.401	45.502	39.707
397.706	261.156	46.792	40.064
395.902	260.735	47.319	40.396
393.050	260.034	47.984	40.752
391.014	259.890	47.960	40.690
390.280	259.796	47.990	40.450
389.628	259.612	47.027	40.613
388.466	260.484	47.387	39.792
387.398	260.842	47.887	39.926
387.482	261.332	47.499	39.709
387.360	261.955	47.250	39.732
387.270	262.219	46.628	40.176
386.919	262.533	46.766	39.978
386.658	263.368	46.657	39.250
387.193	263.853	45.747	38.649
387.807	263.879	45.446	39.208
387.997	263.990	44.768	39.210
386.549	263.965	45.160	39.025
385.327	265.189	45.449	37.946
384.415	266.166	45.525	37.684
383.223	266.609	46.279	38.367
382.802	267.318	46.221	38.726
381.527	267.805	46.238	38.858
379.667	267.421	45.595	39.097
376.599	267.807	45.462	39.076
374.612	268.414	45.526	38.609
372.383	268.736	45.635	38.420
370.212	268.638	44.552	38.414
366.872	269.636	44.321	38.098
362.586	270.353	44.522	37.629
356.574	271.247	46.277	37.806
353.900	272.322	47.117	37.815
353.068	272.660	46.270	38.415
350.700	274.136	47.412	38.354
349.308	274.683	46.814	39.366
348.860	276.596	45.306	38.626
346.349	277.399	45.755	38.577
343.597	278.908	44.412	38.074
336.683	279.183	47.211	38.930
332.334	279.415	47.350	39.206
331.066	278.939	46.216	39.979
330.247	278.596	45.607	40.238
329.986	277.257	44.877	40.963
333.092	274.998	45.840	41.319
341.091	273.550	49.959	40.167
355.174	271.624	52.084	40.084
364.847	271.091	48.310	39.414
365.781	269.923	47.107	39.783
357.093	269.245	49.622	40.118
338.466	266.828	52.373	41.514
319.065	266.117	52.577	41.967
302.939	265.959	52.760	42.029
291.070	267.945	51.162	41.293
287.085	270.207	45.753	40.350
282.464	273.785	45.948	39.839
278.558	277.764	44.622	40.055
271.682	282.106	45.422	40.717
266.623	284.923	45.248	40.405
262.923	287.486	43.722	39.376
258.573	289.172	44.164	37.978
256.078	289.370	43.230	37.931
252.429	288.851	43.477	39.051
244.843	288.912	45.888	39.222
237.520	289.174	46.022	39.831
228.878	290.278	47.461	39.649
224.248	291.615	45.244	40.317
214.649	293.483	48.214	39.860
213.384	294.974	44.871	39.779
210.388	297.000	44.990	38.727
207.793	298.236	45.647	39.583
208.348	299.577	44.415	39.067
205.964	301.143	45.582	38.085
209.222	302.324	42.235	38.031
206.673	302.854	44.264	37.403
208.457	303.599	44.649	37.458
209.274	303.208	46.971	37.170
211.665	301.489	50.114	38.322
215.456	299.200	51.608	39.865
223.223	296.003	50.629	39.803
228.194	292.158	52.681	41.469
232.964	287.552	54.101	42.971
244.317	283.092	47.865	41.512
247.635	279.569	46.719	41.608
249.389	276.052	46.066	41.244
249.738	274.138	45.916	40.182
249.352	274.080	45.915	39.130
248.875	275.301	44.484	38.896
249.458	278.399	44.716	41.031
251.506	284.395	42.918	39.788
252.697	292.343	43.466	40.974
253.986	302.770	44.615	43.267
257.099	318.141	42.447	46.267
258.340	339.306	41.088	47.685
255.941	361.993	42.370	47.151
261.637	388.000	38.728	48.756
263.194	413.915	37.698	45.805
254.776	419.723	44.923	44.425
259.327	400.331	38.322	50.508
245.987	378.167	40.794	46.342
243.867	364.538	40.770	45.035
227.760	351.892	47.143	61.640
209.095	332.314	57.538	79.666
212.458	314.337	56.624	75.103
195.601	295.339	95.327	135.312
200.185	322.646	85.422	84.973
219.669	304.683	71.538	79.790
220.839	283.409	67.111	69.963
227.839	298.513	58.866	53.181
238.078	297.146	50.375	49.538
236.034	294.643	51.642	53.327
232.590	291.441	53.580	56.524
223.316	289.511	66.424	61.437
229.659	284.247	62.196	66.708
233.834	288.197	58.808	65.663
234.693	273.423	82.942	138.726
240.226	340.974	67.852	88.530
244.810	342.092	57.527	76.326
258.850	344.903	55.761	76.821
260.423	338.669	58.471	70.809
253.628	337.433	61.694	73.018
257.781	270.843	44.411	44.166
269.328	269.730	34.609	38.147
268.447	270.921	38.858	35.563
268.131	273.282	43.125	37.178
270.854	277.535	44.994	39.275
274.804	284.106	48.075	40.210
286.030	294.252	48.662	44.643
293.337	310.143	50.611	48.979
304.792	333.484	46.892	48.349
311.497	359.933	47.006	53.162
315.651	392.161	46.677	50.943
319.262	423.498	46.341	47.296
311.988	401.379	47.754	52.538
305.668	376.081	46.550	54.724
297.261	352.868	48.535	50.050
291.884	332.780	47.968	52.603
283.786	317.542	50.509	47.691
279.613	306.660	51.622	47.500
276.899	297.211	50.498	45.845
275.095	290.673	48.878	44.548
272.306	285.512	48.737	40.813
271.282	282.470	47.984	40.378
269.395	280.361	48.244	42.634
268.895	279.420	48.457	43.344
267.790	279.099	50.404	44.082
267.996	280.120	51.515	44.798
268.094	280.764	53.775	44.541
270.860	281.928	54.587	43.331
275.369	282.210	54.693	43.555
280.590	282.213	53.236	43.690
283.178	281.131	52.756	44.215
288.820	279.555	50.199	45.424
290.567	277.661	51.316	46.623
294.683	274.647	50.426	47.780
296.309	271.869	51.337	48.074
298.739	269.610	51.644	48.208
302.722	267.505	51.410	45.592
305.484	267.179	51.182	45.290
307.981	268.292	51.734	44.152
310.576	271.265	53.824	42.741
316.067	277.720	50.296	42.727
323.248	286.972	46.196	44.130
326.065	299.255	45.335	44.292
326.154	311.108	47.911	48.413
324.276	324.671	49.546	52.009
318.279	345.581	51.780	54.328
311.581	375.858	45.926	55.926
308.186	398.055	44.948	52.011
303.020	407.509	53.107	53.350
277.580	405.876	57.331	54.926
267.381	390.498	46.629	49.919
258.608	369.991	48.273	48.459
246.349	355.126	55.488	50.043
243.231	349.996	52.218	42.581
241.987	343.013	48.665	42.228
240.430	337.303	48.512	40.004
241.231	333.386	47.896	39.860
242.084	330.919	48.337	40.601
243.241	330.615	50.337	40.379
247.884	331.888	51.313	40.150
255.776	333.101	51.596	40.892
265.862	338.912	51.091	38.456
275.798	341.599	48.938	41.467
285.825	351.203	47.464	41.201
296.498	359.448	41.628	46.223
305.606	366.811	38.013	51.710
299.069	356.907	41.687	52.315
300.530	354.983	44.622	54.273
301.625	351.760	42.603	50.224
347.262	405.615	43.075	46.269
340.995	396.032	50.050	51.767
340.379	365.332	53.470	62.573
356.720	351.969	47.932	49.855
363.765	347.512	44.662	44.737
367.903	340.280	41.108	42.992
367.981	333.461	38.255	41.042
364.652	329.278	40.159	38.729
363.407	324.717	40.478	38.358
361.656	317.750	45.604	39.196
360.035	311.624	48.898	41.685
359.189	303.361	51.202	42.607
362.308	295.889	45.329	40.789
355.753	291.244	48.600	41.868
348.439	287.055	48.530	46.712
340.107	291.308	55.366	42.430
339.613	292.105	55.010	42.467
320.762	294.233	73.723	58.720
299.035	301.158	72.729	73.059
273.106	296.006	86.690	84.277
247.769	295.719	73.110	95.814
242.825	312.701	71.123	85.037
334.031	383.281	116.295	79.140
368.040	389.406	70.084	58.011
398.033	367.528	36.652	59.617
392.502	346.431	38.525	58.681
389.602	328.528	45.036	52.110
385.893	320.485	49.608	41.482
384.250	310.971	51.391	41.356
379.623	298.903	52.725	44.241
382.957	294.937	53.472	42.855
378.473	288.461	56.310	44.864
370.649	281.910	58.941	46.686
366.861	281.733	58.136	45.603
365.998	281.264	53.111	45.594
364.221	283.689	53.074	44.401
355.396	284.322	53.804	44.619
357.590	283.933	48.877	45.902
356.321	283.731	49.321	43.004
356.977	282.341	46.889	44.475
355.695	280.059	47.583	47.525
355.448	277.541	48.694	47.939
353.095	274.291	52.165	46.790
351.336	270.766	55.548	46.518
351.412	267.558	53.081	49.915
345.054	262.837	49.488	57.683
349.238	263.107	47.627	55.904
351.088	261.017	43.257	56.597
346.918	268.406	46.644	55.314
345.723	278.300	59.229	47.540
332.565	277.137	74.017	61.032
301.772	280.990	75.997	88.152
294.179	285.597	78.050	87.197
298.021	281.471	74.013	89.616
303.544	354.405	59.837	65.747
306.080	369.764	44.664	69.311
305.677	415.328	44.849	49.845
304.302	423.172	43.017	53.067
294.494	405.272	46.407	50.359
287.132	384.467	47.818	52.228
279.264	363.938	47.549	52.514
272.345	350.279	48.369	48.593
261.272	342.762	54.493	41.915
258.020	333.730	51.853	46.151
256.215	328.984	50.782	46.762
256.584	324.705	50.116	45.132
260.990	323.332	47.666	43.960
266.053	321.285	45.470	45.519
266.096	323.040	49.234	45.725
273.504	319.530	48.772	49.736
280.908	310.694	45.153	55.809
286.986	305.551	45.875	59.246
290.462	295.311	55.069	68.478
294.919	293.653	67.000	71.163
297.758	278.275	74.638	64.948
292.701	269.500	78.461	63.790
292.013	268.072	70.484	64.427
289.456	272.321	69.066	62.533
290.936	273.004	77.045	65.841
287.396	276.261	85.937	64.397
345.370	274.080	60.182	59.230
353.861	278.852	49.410	48.137
352.218	275.596	50.654	48.831
347.642	273.986	56.985	45.385
355.392	269.960	49.896	46.579
356.241	264.519	50.535	48.192
358.225	257.213	50.550	47.653
361.227	249.623	50.754	45.731
364.340	241.937	51.176	45.232
366.645	234.475	52.373	43.947
368.988	227.463	52.417	43.669
370.524	220.603	51.635	47.893
369.503	215.113	52.696	48.880
366.932	210.250	53.096	46.088
363.458	207.029	52.175	47.345
359.149	205.781	52.660	47.249
355.696	205.110	52.354	47.497
351.909	204.048	52.961	47.823
349.095	204.031	52.417	46.896
347.779	204.041	52.173	46.947
347.773	204.134	52.162	46.487
350.531	204.497	51.836	46.074
353.296	205.140	52.602	45.055
356.612	206.181	52.689	45.221
360.990	208.342	52.816	46.970
366.691	212.142	52.250	45.609
372.016	219.284	54.380	43.306
378.440	226.826	54.330	43.343
382.345	237.096	55.021	46.076
384.307	248.567	53.659	46.878
381.018	259.255	53.029	43.786
373.778	265.594	50.581	42.567
