623.000	291.000	96.000	72.000
621.947	296.422	93.807	69.492
619.127	299.700	92.864	69.814
613.549	302.642	94.811	70.041
608.771	303.758	97.750	71.117
603.693	303.470	101.397	69.731
599.178	301.479	104.529	64.791
591.630	299.513	108.768	57.306
584.164	298.432	111.447	48.317
579.322	296.356	112.948	41.534
572.959	292.158	115.477	38.039
567.246	286.898	118.278	37.836
554.796	280.506	124.407	38.694
573.298	269.568	91.724	38.594
544.389	259.297	110.710	42.359
534.610	247.112	111.060	46.212
528.318	234.728	114.208	55.879
499.686	228.166	123.454	59.360
492.665	227.449	114.799	59.887
483.935	227.290	113.378	59.774
466.612	229.055	119.798	59.894
454.217	240.532	115.643	57.274
429.713	253.836	117.441	51.142
420.684	259.934	105.918	57.857
408.717	264.893	106.624	62.497
363.405	263.505	132.579	156.375
380.083	257.589	112.510	90.614
351.070	272.154	148.596	176.550
360.884	253.258	152.382	95.741
347.640	263.910	139.755	75.533
342.417	266.777	137.674	66.048
339.228	275.224	142.783	52.651
351.863	270.832	130.920	52.999
419.781	256.221	77.106	72.148
385.055	249.722	102.875	66.869
389.863	226.899	102.935	85.936
414.023	218.449	89.416	86.752
425.345	217.342	89.396	89.054
434.940	220.757	100.810	87.296
441.142	218.823	112.373	90.003
447.298	218.358	111.302	91.426
450.138	216.780	114.196	93.243
451.840	218.180	113.718	92.731
452.314	218.812	114.336	93.365
448.741	218.069	116.752	94.640
442.406	217.744	118.272	92.375
440.346	219.051	114.919	86.797
438.789	226.253	111.951	75.088
440.180	228.479	107.610	70.285
439.452	238.006	106.529	62.210
442.698	252.428	94.489	51.142
443.154	255.589	88.773	47.807
424.739	257.305	99.914	52.558
406.038	259.797	112.635	53.139
387.894	256.737	129.035	58.740
382.531	260.383	115.263	54.477
371.332	267.886	118.734	48.808
374.242	265.796	116.520	62.208
392.195	262.254	101.772	72.317
406.407	259.499	90.686	78.487
412.900	257.427	95.778	79.551
421.344	251.817	98.580	86.623
425.127	247.082	100.361	83.699
429.854	242.828	94.795	85.882
430.201	238.932	95.081	86.005
425.431	234.162	101.538	84.739
413.843	229.216	114.096	78.510
408.861	224.006	119.877	73.921
408.598	217.382	118.664	72.165
410.140	209.754	117.736	74.621
411.207	203.573	117.556	74.501
410.312	199.180	121.803	78.382
410.703	198.184	124.343	84.582
410.416	198.741	126.034	91.632
413.599	200.702	122.205	94.500
414.442	204.923	122.065	93.705
410.104	209.360	124.643	92.187
408.186	210.516	124.889	95.729
404.822	211.736	128.060	98.027
402.366	211.563	129.642	99.170
400.657	210.551	130.379	100.974
398.524	210.220	131.480	100.797
395.950	209.994	132.004	98.147
392.744	209.699	132.004	96.618
391.416	206.292	129.580	102.233
387.398	205.505	136.722	121.481
387.774	204.769	150.840	139.198
386.617	203.798	160.460	143.262
385.565	201.672	163.293	144.729
385.192	199.767	163.941	144.893
386.780	198.182	160.360	146.552
387.137	196.802	155.359	146.078
385.315	197.126	156.867	141.240
384.420	196.791	158.279	139.861
383.860	195.695	152.082	143.936
384.234	195.946	142.225	145.369
389.064	188.890	127.316	152.742
394.677	187.444	119.472	153.014
396.576	186.398	115.411	152.632
396.865	186.103	106.802	153.246
395.187	187.473	103.304	151.101
394.037	188.181	108.833	149.489
396.146	187.892	115.671	149.825
399.166	190.339	122.635	146.969
400.459	192.209	123.983	145.517
402.295	192.670	121.225	143.815
402.934	193.440	117.694	143.109
404.625	194.661	109.988	143.520
404.551	197.315	107.887	140.915
405.754	199.583	104.129	138.388
405.327	202.232	101.597	135.121
404.905	203.995	100.525	131.882
404.767	204.137	97.438	131.598
405.695	205.355	95.585	129.827
405.318	206.149	94.361	129.170
406.224	206.232	92.304	130.539
405.147	205.347	94.145	131.244
403.408	203.456	95.008	133.096
400.772	201.924	96.947	133.583
399.071	198.968	99.032	134.946
391.794	196.130	108.047	136.855
386.136	192.188	114.130	140.408
382.232	190.484	119.184	140.923
377.848	187.225	123.328	143.326
373.798	186.139	127.624	142.611
371.952	184.616	129.155	145.002
370.260	184.427	132.595	144.854
368.483	184.618	134.744	143.871
367.969	184.519	137.556	144.585
369.108	185.224	138.921	143.585
369.779	186.447	139.743	142.781
370.707	186.605	140.948	142.521
372.895	186.550	140.301	143.039
374.253	186.802	139.990	142.470
377.334	185.341	138.036	144.815
379.505	184.740	137.082	145.699
383.826	183.986	134.602	147.505
390.728	183.872	129.151	150.065
401.123	184.275	119.843	152.660
407.589	194.315	113.645	144.668
419.662	195.473	104.756	144.823
434.466	202.766	104.491	139.949
452.278	210.680	100.593	133.287
470.175	201.584	92.657	142.204
492.774	196.294	76.392	139.467
506.334	191.569	74.019	141.069
513.890	188.015	83.187	136.029
513.554	189.696	105.351	127.299
512.713	196.009	127.641	114.823
519.134	201.740	135.872	99.576
509.597	214.727	152.461	84.187
513.457	226.657	152.943	70.932
528.844	241.171	142.809	67.047
521.131	260.652	150.112	61.283
512.178	271.331	153.645	66.792
516.486	284.251	152.882	59.674
512.540	287.470	153.113	53.495
516.785	282.807	133.722	56.944
522.913	271.423	112.091	69.173
525.842	270.349	94.300	73.210
525.253	271.289	95.004	77.409
523.903	275.542	94.813	70.357
524.300	283.742	94.365	65.868
528.514	283.901	89.987	69.227
529.438	278.542	87.784	73.347
529.125	274.797	89.983	74.991
528.718	272.441	92.611	73.950
529.850	270.139	91.709	76.208
528.126	269.342	94.257	78.852
528.276	268.227	95.835	79.201
527.424	266.288	98.490	82.481
527.758	265.192	99.443	84.820
528.745	264.174	99.381	86.597
525.923	263.889	101.340	87.180
525.069	263.453	102.356	89.173
524.161	263.621	102.654	90.852
522.404	264.490	102.215	89.890
523.841	268.313	97.926	86.334
522.848	271.117	95.496	83.037
523.443	272.193	91.431	82.733
524.424	271.916	88.515	82.833
526.006	272.128	82.966	82.162
525.960	270.232	83.333	83.833
526.060	271.013	83.069	82.593
526.137	270.524	82.964	83.185
525.537	270.824	82.105	83.050
523.752	267.514	82.859	85.593
515.366	257.762	82.697	87.845
510.893	248.063	94.208	89.891
496.622	236.837	102.143	90.677
487.689	224.095	102.121	95.199
472.078	204.005	104.482	109.489
471.158	201.098	85.739	105.096
466.404	191.078	74.394	111.383
460.597	186.661	68.835	110.767
465.148	185.340	54.590	111.873
462.268	185.718	52.544	109.897
454.780	183.831	55.105	110.924
445.750	168.187	58.726	119.159
443.332	162.257	57.478	122.195
432.896	166.610	67.090	123.279
420.572	169.792	77.446	126.609
412.543	168.079	90.046	130.913
403.938	176.695	122.952	126.195
403.197	168.916	117.851	148.173
402.709	165.136	111.735	170.394
414.923	163.292	105.586	176.336
427.315	167.827	94.641	173.037
438.440	164.394	91.325	174.967
440.400	162.801	98.133	177.949
424.737	162.458	114.072	175.082
417.852	174.136	117.648	171.228
410.709	175.789	133.587	165.806
402.169	174.030	143.681	168.112
399.726	175.627	146.497	163.642
398.186	168.039	148.522	170.770
398.651	170.910	147.232	166.288
403.642	170.914	138.267	159.408
409.379	164.501	131.006	164.415
411.875	160.025	127.598	167.553
420.596	157.585	120.353	165.346
421.199	149.518	117.853	170.208
426.270	150.048	110.637	171.631
425.732	143.683	105.788	179.074
425.906	148.266	101.329	177.340
428.456	148.775	92.064	176.864
422.425	138.786	104.547	127.717
429.622	158.370	95.846	160.052
428.626	159.376	93.106	163.070
448.583	167.296	72.733	159.949
461.878	180.312	65.915	141.794
457.584	182.694	80.259	137.585
445.234	164.274	103.743	154.970
418.049	162.458	126.339	157.542
410.956	147.357	136.914	176.348
449.340	160.057	104.951	167.846
436.528	164.565	120.579	155.476
437.345	169.031	119.676	152.664
438.743	172.968	116.098	149.576
440.236	171.761	113.367	152.459
438.007	171.132	114.433	153.164
436.775	176.988	114.450	151.746
432.351	175.849	114.079	151.348
425.698	173.686	115.615	150.168
420.918	171.781	116.846	149.985
387.235	148.366	132.055	166.011
423.489	157.758	108.051	169.465
407.057	159.266	111.765	160.377
428.130	170.387	94.421	156.093
423.003	167.893	94.272	156.680
425.331	176.921	90.520	148.434
427.672	187.075	86.053	140.659
421.563	176.055	91.381	154.854
433.864	185.118	81.322	151.250
440.364	192.150	75.303	148.193
447.261	190.489	71.723	150.892
432.390	174.874	92.930	148.234
457.054	194.234	77.239	160.601
465.495	200.878	78.427	159.022
459.931	188.282	94.356	164.276
463.185	188.347	102.541	167.119
486.292	194.321	92.230	146.570
492.269	191.411	99.685	155.624
496.717	191.727	103.168	176.718
504.215	196.640	104.852	180.643
513.211	207.859	106.119	174.820
519.951	224.759	107.649	161.024
527.450	237.064	112.614	154.131
530.938	239.783	114.547	154.713
533.615	238.239	119.859	152.021
535.576	235.557	123.190	160.100
538.023	232.480	127.378	159.225
543.098	238.252	128.737	149.487
546.476	248.842	127.203	135.931
553.269	252.814	120.547	127.883
560.389	253.727	113.022	122.832
564.185	254.969	109.055	117.608
565.806	261.142	111.753	108.460
567.276	263.718	113.529	99.837
568.942	265.782	119.824	95.567
571.382	271.386	116.651	89.846
574.410	276.314	105.022	85.240
580.475	280.957	100.735	76.449
581.747	285.122	102.019	73.189
582.251	286.466	102.771	69.928
583.733	286.542	103.472	68.898
584.739	284.317	107.260	72.110
587.909	282.920	103.584	73.533
591.086	281.574	104.593	73.756
593.179	280.433	100.829	72.816
592.897	281.030	102.893	74.675
593.584	279.526	103.325	75.654
595.308	277.400	116.353	76.927
590.018	275.215	112.216	79.636
593.631	274.392	110.538	80.801
588.339	273.482	111.262	79.766
589.741	275.101	116.731	77.787
600.944	280.792	124.884	73.628
591.326	277.884	130.776	76.186
599.633	273.585	123.832	82.281
596.875	274.000	125.093	80.991
607.348	290.975	116.095	63.971
604.819	286.024	119.622	64.068
602.087	278.534	119.295	72.174
599.260	270.744	117.635	78.995
597.661	277.407	116.468	71.909
591.435	274.434	119.488	74.314
583.964	276.217	124.388	72.225
580.641	275.407	126.947	74.047
578.611	274.104	127.928	75.524
579.719	273.413	125.796	77.589
585.031	273.707	119.206	77.325
583.878	273.721	117.928	77.137
599.529	272.238	102.202	79.900
588.760	272.286	108.694	78.376
589.993	272.120	108.413	77.415
579.610	270.642	113.873	80.632
586.822	270.175	106.323	80.670
589.554	269.973	98.494	80.906
589.940	270.120	95.222	81.519
592.317	270.715	90.704	81.806
599.765	270.181	82.155	81.848
603.475	269.738	77.424	82.334
598.684	269.945	81.285	81.422
593.736	269.594	86.561	80.773
586.859	269.497	92.526	83.281
591.614	269.451	91.137	86.181
598.967	269.931	85.715	86.801
605.270	269.602	86.800	85.757
599.965	269.721	88.980	85.482
590.253	269.983	99.457	84.582
572.792	269.945	116.730	83.579
561.963	270.416	128.972	85.159
555.275	269.707	138.482	86.758
554.798	269.177	139.243	89.869
557.947	269.648	136.464	92.174
555.891	269.672	140.730	97.643
557.540	269.497	141.662	99.898
559.963	271.000	141.305	106.352
565.563	269.843	136.208	111.237
574.962	269.679	131.069	92.250
577.756	270.333	126.265	88.308
583.926	269.449	127.541	86.295
582.677	269.514	129.777	86.679
577.219	269.585	137.843	85.763
572.784	270.421	143.987	83.555
571.113	270.827	144.510	79.701
575.469	270.438	143.510	82.898
579.937	271.518	141.646	85.584
589.158	272.731	132.201	87.629
597.483	272.822	124.291	90.498
607.754	273.945	117.565	83.528
613.038	274.779	114.563	80.543
617.431	275.888	110.991	74.750
618.461	277.455	113.193	73.929
624.578	278.625	109.447	72.972
628.605	279.331	108.173	71.875
634.416	279.834	107.523	71.658
638.034	280.858	107.826	70.795
640.151	281.111	103.201	70.662
643.672	280.834	100.181	72.356
641.388	279.798	98.235	74.337
641.913	280.457	96.288	76.785
604.334	337.225	76.777	89.050
614.291	315.455	77.766	106.307
614.495	289.169	75.919	133.412
631.376	280.381	103.771	76.570
636.436	279.386	100.593	69.263
635.179	276.828	102.090	70.097
628.681	272.508	106.978	73.204
622.112	267.514	115.749	74.176
616.891	266.165	122.376	74.577
608.369	254.840	134.565	79.255
593.806	244.628	147.585	82.618
588.127	234.122	148.663	86.464
592.795	225.316	144.702	90.790
572.977	216.239	153.413	100.333
573.778	210.061	153.761	96.604
583.229	209.064	148.382	91.575
582.886	210.886	149.868	85.959
583.203	210.521	148.725	81.505
581.797	211.385	147.018	81.732
577.246	208.988	152.519	84.951
575.552	209.576	148.177	92.541
574.620	209.743	142.329	91.862
578.126	210.032	131.848	98.564
573.968	209.536	128.611	103.391
574.010	207.539	123.208	107.758
579.110	204.946	112.944	113.002
575.555	202.278	120.527	118.597
573.219	199.468	122.457	122.891
571.757	196.080	119.427	123.359
568.685	195.244	118.800	114.686
565.412	192.436	123.399	130.403
560.924	195.958	129.120	136.881
556.243	203.799	138.190	133.900
553.162	215.963	145.028	133.015
560.581	216.617	141.752	145.899
567.269	222.818	140.894	186.385
580.624	215.045	133.613	184.102
582.745	214.345	133.891	171.599
587.475	199.778	130.829	160.912
609.700	243.355	117.629	207.941
617.837	266.227	121.530	179.517
628.298	321.780	120.639	113.207
645.351	329.609	114.392	99.173
648.599	329.165	115.554	91.906
645.083	325.909	118.508	88.519
643.381	322.424	120.173	91.882
643.431	317.291	119.901	100.952
640.972	312.262	118.640	110.000
636.346	312.925	116.046	110.327
630.914	312.235	109.647	110.801
620.041	309.951	110.371	109.484
604.749	308.385	106.799	100.494
596.255	307.640	101.009	98.581
591.972	305.499	90.993	104.000
587.134	303.910	78.148	102.179
581.498	303.329	69.924	101.741
574.839	302.296	70.247	102.002
595.267	182.627	82.803	129.360
593.717	163.896	100.627	143.232
585.560	157.976	101.461	156.339
581.433	158.628	114.201	150.677
577.394	160.061	109.125	147.838
584.990	162.627	108.770	143.481
574.071	163.428	107.952	148.434
587.870	282.921	94.141	118.701
602.304	294.241	86.199	107.880
609.461	296.293	84.251	105.219
607.653	292.139	92.732	103.287
609.033	291.179	101.314	105.950
601.306	283.090	115.827	109.438
602.274	270.549	117.581	112.717
597.614	251.806	116.272	117.120
590.477	242.952	121.403	113.604
576.040	227.221	117.371	111.708
562.011	195.895	108.064	133.572
525.445	176.161	117.286	134.719
524.420	173.674	101.458	121.362
545.425	136.550	143.063	93.352
545.588	141.962	143.692	91.848
481.462	160.638	206.968	85.932
481.861	172.945	217.937	81.514
504.159	170.104	202.323	95.592
514.070	177.443	196.584	101.404
506.074	186.398	199.053	103.918
510.470	198.663	201.584	99.863
529.882	201.596	176.191	105.097
541.815	206.811	163.198	101.266
553.510	206.547	149.962	96.508
553.564	211.976	159.879	86.189
509.570	271.748	78.616	106.626
506.031	263.745	65.705	108.859
495.166	260.156	76.788	102.036
485.319	251.847	96.191	97.869
569.847	228.118	144.228	77.064
566.729	211.531	151.077	82.198
511.621	240.637	167.386	75.162
521.549	233.846	179.581	83.527
510.099	221.440	190.929	92.600
490.119	218.228	213.870	104.641
495.191	212.330	223.614	104.522
466.205	217.485	243.938	102.859
472.372	221.271	242.515	85.512
484.570	225.453	223.386	80.494
501.470	218.035	207.295	93.266
499.132	219.170	216.064	94.660
561.825	209.480	160.381	100.185
555.569	228.766	146.691	79.299
562.912	226.669	152.090	83.374
527.148	226.248	179.006	82.688
533.361	217.442	188.454	93.432
552.395	219.627	181.094	95.292
539.580	255.513	154.677	63.183
544.895	243.197	127.133	78.767
540.879	249.564	122.190	75.914
595.983	239.549	108.824	84.564
602.578	229.980	101.885	95.493
585.584	245.546	128.730	80.784
569.120	256.320	122.521	74.465
598.559	228.323	104.703	100.080
607.642	215.900	104.804	114.766
593.981	237.034	91.004	91.374
595.092	232.082	87.435	95.388
607.777	223.564	89.160	108.631
592.252	236.642	91.658	91.558
589.831	223.338	92.478	103.489
594.781	215.108	98.535	110.529
600.247	214.315	99.867	107.642
601.617	214.055	93.456	106.368
564.207	238.718	104.451	79.413
588.318	222.907	96.093	97.208
605.673	212.273	99.860	106.360
603.080	210.931	107.652	107.204
601.127	214.810	103.679	104.059
610.593	211.367	94.515	109.304
588.410	218.530	110.050	103.057
578.374	231.070	113.591	95.786
577.065	241.460	107.927	91.948
601.782	226.880	108.551	101.679
567.897	257.128	88.643	74.457
578.944	256.025	91.825	78.523
585.182	259.154	88.749	76.298
594.703	246.878	85.801	88.997
604.683	236.558	96.840	97.913
599.131	237.532	103.016	97.271
597.864	231.804	115.922	103.924
609.543	228.187	115.985	116.240
613.532	227.631	116.742	118.252
617.926	227.737	118.368	124.810
620.781	226.976	115.827	132.938
610.107	231.133	116.963	150.434
599.265	237.031	122.956	145.011
607.377	232.782	116.592	143.623
622.357	230.863	117.218	142.650
626.154	229.442	106.477	155.244
625.050	233.239	96.455	159.315
631.548	234.053	84.293	162.934
632.547	232.859	82.219	163.360
631.907	235.403	80.971	159.790
628.032	231.768	93.284	165.094
623.356	225.546	92.654	162.750
617.926	233.337	89.293	159.850
614.666	248.508	87.209	151.564
619.882	250.090	88.361	145.414
621.480	232.753	85.524	153.689
620.812	254.777	85.132	138.167
626.434	277.782	77.115	109.585
631.099	285.189	72.026	95.666
633.887	280.524	72.398	95.127
634.195	277.498	74.595	93.783
634.082	275.732	74.061	93.236
630.670	275.941	76.089	92.335
620.896	284.889	81.085	77.588
597.362	282.680	95.537	73.614
591.642	280.405	97.642	59.184
590.648	272.429	89.493	58.440
583.119	255.736	91.484	62.259
592.989	212.709	120.346	87.654
592.978	209.475	150.970	88.879
576.795	211.250	170.148	86.561
576.988	211.475	172.744	86.599
577.152	212.546	177.143	84.902
578.013	217.290	169.464	80.308
580.799	219.982	168.567	78.994
586.962	224.811	165.823	75.248
586.472	225.285	167.279	75.598
586.531	226.450	168.538	75.735
581.792	230.966	157.881	70.002
591.184	220.584	171.279	77.735
598.434	221.429	166.021	78.019
597.821	223.683	168.048	72.478
603.115	228.005	161.360	66.418
614.169	231.050	148.052	64.920
620.210	235.310	147.371	63.768
620.092	239.292	148.118	61.109
620.989	242.630	143.460	58.189
623.672	244.995	140.081	57.197
624.849	247.168	138.344	60.714
626.176	249.089	127.587	65.023
625.140	249.173	132.292	60.379
625.439	248.199	128.743	64.691
623.449	249.036	131.904	61.605
622.267	247.763	136.716	64.951
623.316	247.243	130.185	65.649
624.840	245.683	133.620	64.579
626.389	245.321	127.635	57.996
627.753	245.442	125.444	72.895
634.554	243.660	127.618	55.713
632.151	244.236	121.553	68.253
623.292	243.162	136.314	65.217
617.041	245.001	145.242	58.565
610.126	245.068	155.264	58.441
619.097	246.980	146.928	55.821
615.995	249.480	152.540	54.517
616.014	251.123	153.708	52.986
612.344	254.149	152.035	53.976
618.198	255.676	150.121	53.997
620.905	258.158	148.004	53.194
622.346	260.674	148.946	53.264
621.925	260.032	147.152	55.031
621.706	261.007	147.202	54.983
622.795	262.797	143.748	53.407
621.574	261.757	145.342	54.075
623.660	262.115	144.519	53.192
624.950	261.870	147.813	53.461
621.457	260.802	153.630	54.496
617.756	260.208	159.968	54.891
618.748	260.681	161.375	53.335
613.051	260.188	168.282	53.197
616.245	256.357	163.146	58.039
616.465	253.244	161.239	60.034
627.891	249.036	149.173	65.092
621.782	246.384	152.146	67.969
630.086	243.553	151.907	60.788
631.221	242.871	150.687	57.951
637.658	241.687	149.696	58.402
636.577	240.442	148.664	59.311
640.126	240.658	147.119	59.381
639.031	239.417	147.482	59.766
636.875	239.333	152.157	59.110
636.581	239.853	151.299	58.935
