466.000	333.000	74.000	174.000
457.330	332.046	75.375	171.891
451.833	330.805	73.194	174.907
442.904	333.616	73.937	175.082
424.211	329.171	78.530	177.989
404.278	325.974	78.724	178.589
386.014	328.034	78.517	176.016
373.734	327.886	79.088	172.892
371.991	326.792	80.114	173.891
370.955	325.718	79.880	177.494
368.091	324.611	81.590	179.637
358.841	324.038	85.020	180.254
338.977	326.859	86.485	177.747
325.084	323.271	88.070	178.626
311.799	317.965	88.335	180.997
303.634	307.701	84.110	186.102
300.763	301.719	83.035	191.865
297.345	300.300	84.984	192.357
294.489	299.554	85.304	192.783
292.471	300.985	85.510	195.101
298.796	306.996	79.607	192.602
302.194	309.471	81.762	189.305
310.177	314.439	82.026	191.348
314.510	317.789	83.505	192.559
322.569	321.513	77.093	191.234
326.229	319.109	74.530	193.051
327.719	319.545	72.704	193.058
324.333	319.380	75.795	192.541
325.477	320.181	72.371	191.397
324.478	317.204	70.538	193.571
327.274	313.319	67.697	197.779
330.603	312.488	67.553	195.528
332.592	310.531	68.324	193.919
333.054	307.185	69.283	195.197
336.942	311.847	66.210	196.483
340.594	312.955	66.216	192.153
343.705	311.529	64.913	191.451
343.220	307.333	65.815	197.056
343.844	305.732	66.540	196.336
341.753	304.614	66.235	193.919
342.588	302.827	66.141	198.128
344.611	300.274	65.793	198.653
348.149	299.178	63.985	199.760
351.142	301.870	62.538	200.739
346.821	307.916	61.286	196.849
344.096	306.066	62.802	199.909
342.454	307.480	62.495	199.699
343.618	309.667	65.975	203.218
344.068	311.049	62.317	197.651
346.030	313.819	63.010	202.073
345.553	312.831	62.331	197.273
347.130	314.154	62.248	199.740
346.308	316.182	62.151	197.210
348.899	318.983	61.258	196.948
348.235	320.162	61.940	194.528
349.072	321.724	60.313	193.090
347.848	321.766	60.328	195.947
346.246	323.631	60.557	192.041
345.063	322.601	60.998	191.078
343.943	322.844	62.255	194.664
343.499	323.631	62.732	190.004
343.578	323.714	61.466	191.494
342.932	323.630	60.747	189.812
341.745	324.344	63.139	189.785
343.720	329.843	63.308	185.882
341.558	328.217	65.913	185.886
341.662	331.592	63.948	181.066
339.653	334.357	67.155	173.423
337.952	335.495	64.976	175.078
337.220	333.812	65.222	181.294
334.823	334.366	65.605	180.354
333.620	333.686	65.556	183.069
331.811	334.680	65.427	179.789
330.479	333.119	66.112	179.739
328.019	334.954	67.488	185.262
325.940	333.267	64.945	179.338
324.300	330.920	67.851	185.888
317.954	329.477	72.916	184.738
317.238	327.824	73.713	186.986
315.987	327.122	74.775	187.341
315.723	326.308	77.047	189.821
316.208	325.558	79.227	189.448
314.298	323.584	82.739	187.629
315.843	327.605	83.085	184.866
317.139	322.792	84.106	188.843
319.955	326.818	83.122	185.074
319.830	325.455	84.569	186.965
322.251	327.450	81.450	185.148
321.702	326.381	81.235	185.999
322.029	324.374	81.279	188.343
323.763	322.649	78.937	187.255
323.793	321.588	78.591	186.160
323.731	316.785	79.496	187.074
325.176	313.273	78.680	187.018
325.537	308.293	79.763	190.108
326.377	308.234	79.814	184.133
325.728	307.695	80.520	183.592
325.530	306.174	80.986	183.031
326.220	305.517	80.476	182.625
327.671	303.537	80.743	181.822
327.187	302.737	82.628	181.632
328.052	301.247	82.664	182.922
326.605	298.227	83.814	182.373
326.127	295.364	83.456	183.681
326.170	293.373	83.350	185.095
325.401	293.101	84.142	185.465
324.917	293.666	84.816	183.729
322.202	295.474	86.544	180.662
320.009	295.047	87.614	180.040
318.689	294.432	88.440	179.848
317.360	292.642	88.723	180.832
315.485	293.445	89.239	177.442
312.845	290.557	87.687	180.288
311.473	289.955	85.487	180.328
310.959	288.537	84.018	180.133
310.989	287.355	83.234	179.741
311.791	289.179	81.899	177.443
311.225	285.113	82.531	181.226
313.390	287.396	79.458	176.350
313.099	285.505	80.401	177.843
314.989	284.795	78.524	176.766
316.104	283.560	77.654	177.270
318.607	282.798	76.151	174.972
321.022	281.677	74.689	177.713
323.119	278.685	73.490	177.757
324.788	278.286	72.976	175.932
327.365	275.343	72.078	178.152
330.696	278.453	71.668	173.257
333.673	271.306	71.005	178.164
427.705	278.303	63.720	159.795
484.037	271.798	68.784	170.278
479.137	272.436	68.747	166.921
478.994	274.651	68.764	172.076
476.190	274.584	72.576	171.576
478.013	274.927	71.408	169.922
477.765	273.648	71.665	168.914
481.247	273.112	70.940	169.546
483.002	272.314	71.261	169.769
485.948	273.862	76.303	175.351
488.264	273.347	75.698	167.393
475.923	274.043	72.814	168.746
478.362	275.706	76.031	173.180
467.703	274.687	64.255	170.466
477.149	279.716	68.786	172.983
478.915	279.408	72.947	168.217
477.994	277.249	79.027	167.482
336.547	275.090	73.113	167.932
333.975	276.716	68.673	169.291
336.497	271.968	65.353	171.350
336.960	272.965	67.736	170.439
335.861	277.038	67.062	164.723
467.394	280.588	69.599	160.341
