644.000	474.000	44.000	98.000
643.706	478.934	47.653	91.508
644.765	478.847	46.762	90.252
645.875	476.679	46.056	90.350
648.306	473.912	44.770	89.190
650.126	472.083	42.363	86.206
650.795	470.130	42.016	85.192
651.138	468.131	41.348	84.836
651.794	464.890	41.026	87.257
654.358	461.348	42.171	87.064
655.506	460.006	43.175	88.067
656.930	459.991	43.114	88.027
658.661	459.951	41.803	88.928
659.898	459.135	41.764	90.563
661.429	457.717	42.093	87.641
662.237	455.573	41.282	87.387
662.402	454.032	40.839	87.878
661.685	453.876	41.705	86.125
660.582	453.648	42.168	85.443
659.165	451.710	43.130	85.873
658.213	451.245	43.876	84.349
657.309	450.557	44.122	84.137
656.963	447.666	43.646	86.876
656.014	444.442	43.974	88.656
655.665	440.479	43.052	87.992
655.626	437.450	43.307	86.229
656.053	435.575	43.439	82.704
655.875	432.812	44.135	81.753
656.840	430.041	43.687	82.243
657.161	427.472	44.576	81.640
657.418	426.701	44.804	80.556
656.643	425.703	45.645	80.908
654.556	425.202	46.287	83.715
650.667	425.274	48.399	85.234
643.034	428.579	48.470	87.616
637.422	430.403	50.370	88.784
631.840	432.665	50.285	90.211
627.102	437.045	51.648	89.694
625.292	442.141	49.357	88.996
622.370	446.802	47.821	85.798
617.311	446.948	51.713	83.214
616.057	443.878	51.332	84.789
614.596	439.895	51.508	85.848
613.799	434.621	50.719	87.903
611.120	428.248	52.876	90.585
616.155	424.148	49.232	86.894
608.547	422.192	55.780	84.590
608.142	419.349	54.630	87.028
607.154	419.229	53.733	86.195
603.971	418.223	55.969	85.361
600.650	414.967	52.268	80.385
603.866	411.994	48.432	84.430
603.909	409.088	48.510	83.800
604.031	405.497	50.861	86.096
610.661	402.915	47.972	81.756
614.125	400.548	46.971	79.172
612.752	394.131	48.027	83.512
606.876	389.790	49.974	84.190
600.674	387.568	50.302	82.367
595.905	386.500	51.845	81.561
596.797	386.750	47.959	78.600
597.800	384.801	48.411	80.718
596.018	381.151	54.334	82.978
605.511	376.669	49.737	82.906
608.448	373.379	48.369	80.482
609.689	370.842	49.120	74.756
610.216	368.786	47.557	74.744
610.043	366.815	47.724	78.461
608.022	364.929	49.416	80.018
604.338	360.899	50.875	79.107
595.998	357.123	52.705	76.640
593.848	356.759	48.019	75.150
593.724	356.153	44.551	75.976
593.271	354.747	45.598	78.024
594.111	352.171	45.069	79.393
597.201	350.024	45.397	77.072
598.161	348.761	44.012	75.542
593.278	347.333	50.256	76.139
590.119	345.925	54.236	77.565
586.811	342.899	58.214	77.597
585.975	341.761	58.033	77.093
585.200	341.517	57.492	77.666
582.598	340.588	57.584	78.111
581.775	338.656	57.340	80.744
584.291	337.955	54.352	77.856
579.958	337.595	56.341	78.428
578.895	335.590	56.446	77.860
578.736	333.480	55.303	77.777
577.937	330.681	55.712	76.120
580.030	328.316	52.984	75.148
582.609	327.770	50.222	74.921
580.060	325.245	52.581	75.683
582.141	326.830	49.250	74.390
576.544	325.009	53.273	73.901
577.072	326.496	51.403	73.796
574.614	325.151	52.902	73.348
576.237	325.596	49.487	74.151
572.911	324.101	53.337	75.530
574.164	324.836	51.474	75.309
573.034	321.177	52.155	75.151
570.252	323.749	55.512	73.935
568.771	321.921	55.434	76.026
568.058	323.926	54.687	76.680
567.242	324.667	53.388	78.246
568.950	323.680	51.263	78.824
571.864	316.410	48.746	82.503
573.098	315.766	47.924	81.112
574.149	315.485	47.995	81.969
574.784	314.913	47.726	81.771
574.833	315.135	47.670	80.627
572.762	315.491	50.324	77.969
573.491	313.829	51.143	75.232
576.529	312.006	50.383	74.101
577.626	308.919	52.132	78.313
582.063	306.680	51.528	80.208
582.290	304.660	55.327	77.129
586.000	307.283	54.469	76.827
585.088	306.039	56.617	78.687
590.107	300.166	48.296	81.376
587.231	292.721	48.676	82.824
581.137	287.672	51.171	77.901
580.039	282.852	50.522	72.629
579.533	281.943	49.743	75.956
582.703	282.751	47.082	72.203
585.675	282.737	44.117	76.190
588.129	282.828	42.771	76.947
589.729	283.433	41.057	76.752
591.439	284.034	38.354	80.948
592.603	285.280	39.388	79.498
594.485	284.967	41.746	77.808
599.528	282.763	42.578	76.309
604.089	281.268	43.167	71.866
606.208	279.800	45.443	71.227
608.130	279.359	46.585	71.564
609.719	277.659	46.465	72.205
610.004	274.404	49.490	76.590
613.220	267.107	49.227	79.553
619.668	264.836	45.650	79.209
618.818	259.373	50.024	78.476
619.296	259.383	51.037	77.932
623.351	256.114	48.384	75.462
624.299	256.688	48.551	73.837
627.351	256.839	46.828	70.542
632.063	256.469	42.758	71.553
634.515	256.458	39.409	72.183
635.642	256.006	36.018	72.870
634.837	254.774	36.100	73.154
634.864	254.789	35.406	73.584
634.654	253.999	34.654	73.063
634.132	252.815	34.198	74.491
633.291	251.842	35.224	73.585
632.923	250.710	35.520	72.564
632.031	248.853	36.627	73.447
632.471	246.308	36.137	73.707
631.272	244.913	37.172	73.571
630.784	242.847	38.948	73.627
629.440	242.195	41.636	74.908
630.387	240.842	42.486	75.082
631.167	240.435	44.933	73.148
635.041	238.484	45.961	73.749
641.247	237.046	45.495	69.298
644.239	236.292	45.935	72.007
646.914	235.856	45.723	72.680
649.042	236.241	45.553	69.034
652.099	236.135	43.199	72.347
656.756	237.426	41.255	72.880
659.402	236.917	39.580	74.170
662.221	237.069	37.110	76.832
664.011	236.833	36.426	76.130
666.106	237.607	35.112	75.480
667.155	236.684	36.075	77.281
667.034	239.454	36.426	76.027
664.607	239.341	37.977	79.730
660.769	246.490	41.015	76.153
658.312	249.288	40.917	77.628
656.536	255.170	41.663	78.596
654.557	253.005	43.070	87.187
652.677	249.864	44.934	98.659
650.302	250.322	45.901	103.159
643.979	269.210	50.168	92.240
646.976	270.889	50.091	91.361
647.242	278.755	52.790	84.866
644.057	274.160	51.074	92.539
642.511	281.703	56.278	90.645
642.691	281.450	50.842	91.950
639.065	295.277	48.346	92.396
636.834	293.778	46.457	94.162
636.376	299.134	48.311	90.497
632.790	298.970	47.994	89.995
624.764	306.133	48.135	83.822
623.681	303.837	44.030	84.150
618.096	307.708	43.670	83.349
617.620	309.803	40.066	81.723
617.516	304.653	38.046	90.268
613.855	312.823	45.091	86.016
617.519	301.896	42.221	91.686
621.405	320.369	41.831	80.911
614.509	321.479	41.731	81.828
619.332	324.581	38.728	78.424
