462.000	108.000	20.000	52.000
461.760	107.371	21.347	53.813
462.119	107.271	22.463	53.462
462.544	108.170	22.237	52.509
462.146	108.204	22.726	52.851
463.897	108.555	21.950	52.832
464.502	108.816	22.013	53.601
465.487	107.403	21.580	55.376
466.103	106.794	22.490	55.453
467.994	106.701	21.545	55.649
468.308	106.324	21.415	56.405
469.467	106.247	20.852	57.251
469.575	106.092	20.887	57.757
469.496	107.268	21.896	56.768
469.872	106.823	21.286	56.581
470.617	108.177	20.556	55.982
471.546	108.167	20.321	57.110
472.330	107.974	19.921	58.148
472.745	108.545	20.466	56.790
472.575	108.226	21.084	57.049
472.869	108.032	21.450	56.972
472.624	108.505	22.642	56.128
473.138	109.113	22.728	57.791
473.347	108.734	22.531	56.949
473.709	108.458	22.785	57.482
473.717	109.128	22.880	56.490
474.288	109.129	22.898	57.070
474.746	109.646	22.839	57.890
474.977	110.703	23.433	56.830
475.796	110.135	22.783	58.190
475.863	110.073	23.699	57.251
476.402	110.488	23.899	57.568
476.474	110.435	24.162	58.168
476.266	111.555	24.348	57.619
475.536	112.716	25.542	55.906
475.587	112.913	24.468	55.853
475.756	112.894	23.950	56.326
476.206	113.243	23.865	55.503
476.827	113.815	23.668	56.378
476.750	114.508	23.664	55.981
476.827	114.011	24.208	55.384
477.598	113.612	24.606	55.714
477.880	112.514	24.007	56.548
477.869	112.988	23.749	57.125
477.989	113.493	23.691	57.093
477.480	116.486	23.515	53.350
477.921	115.746	23.132	54.899
478.929	115.122	22.357	54.738
479.407	115.001	21.842	55.791
478.454	115.248	23.227	56.620
478.888	115.953	24.768	55.168
478.750	114.194	24.852	57.431
478.109	113.433	25.609	58.320
478.573	113.005	25.227	58.605
479.619	113.635	24.466	59.347
479.728	114.742	23.687	58.856
479.387	115.038	22.606	57.761
477.890	115.614	23.039	57.430
478.015	115.833	23.631	56.965
478.958	116.913	22.960	57.015
480.045	116.069	22.692	57.540
479.680	115.465	23.728	58.282
481.605	114.859	22.328	59.131
482.882	115.355	22.915	59.019
483.540	115.736	22.379	58.838
483.799	115.794	22.310	59.245
483.077	116.174	21.680	58.087
482.164	117.147	21.097	57.733
481.236	116.902	21.393	58.186
480.259	116.896	22.418	58.140
479.113	116.894	23.428	57.742
477.947	117.232	21.505	57.067
475.851	118.132	21.490	56.427
474.317	118.619	21.738	56.932
474.181	118.101	20.811	58.039
473.875	117.762	21.226	58.877
473.629	118.115	20.162	57.245
472.980	118.594	21.337	57.712
472.139	118.259	22.341	58.538
470.989	118.653	23.098	58.090
470.081	118.673	23.273	58.353
469.081	119.175	23.712	57.868
468.901	118.957	22.956	56.861
468.652	118.637	22.554	57.484
469.169	119.846	22.294	56.742
470.929	120.609	21.188	56.038
472.429	121.666	21.348	54.785
473.958	120.678	21.672	56.406
474.591	120.231	20.943	55.921
476.134	119.775	22.500	57.527
476.492	119.204	23.245	58.163
477.183	119.654	24.482	58.161
479.605	121.312	24.732	57.674
481.801	121.259	22.707	57.022
484.515	120.473	21.253	58.720
485.645	119.961	21.277	59.892
485.392	120.814	21.716	58.957
485.425	121.354	21.341	59.159
486.549	123.039	20.380	57.439
486.815	121.794	22.364	57.682
487.736	122.917	22.156	56.910
489.216	124.093	20.814	56.047
489.018	125.049	22.632	54.983
489.790	120.847	24.207	59.925
488.366	122.973	25.657	58.377
490.678	122.059	26.755	58.064
493.443	122.457	24.221	59.573
492.107	121.375	26.085	61.459
492.036	121.721	26.108	60.849
493.847	123.329	24.556	60.134
496.690	123.468	22.760	59.743
496.667	121.911	23.060	61.418
497.089	123.342	24.980	60.383
498.102	123.589	25.159	60.553
498.276	123.651	25.575	59.720
500.778	124.139	24.316	59.014
501.085	123.844	24.830	59.717
502.922	123.959	23.890	59.333
502.995	123.439	24.153	59.433
503.183	123.986	24.007	59.602
502.994	124.141	23.292	59.261
502.175	123.875	23.793	59.379
502.324	123.980	23.682	59.319
502.878	124.359	23.402	59.441
502.982	124.884	23.580	58.808
503.643	125.017	23.897	59.291
504.483	126.080	23.852	57.913
506.459	125.777	23.099	58.399
507.543	125.114	23.535	58.489
508.789	125.096	22.816	58.827
509.266	125.475	23.137	58.659
509.347	125.797	23.027	58.325
509.645	127.062	22.525	57.528
509.107	126.715	22.910	57.774
508.592	126.153	23.074	58.511
508.294	125.870	23.350	59.236
508.906	126.519	23.113	58.574
508.653	126.777	24.102	59.200
509.852	126.681	23.441	60.043
511.322	126.537	23.113	59.135
511.288	126.996	24.275	58.899
512.289	127.700	24.409	57.772
513.416	127.259	22.967	58.037
512.959	127.585	23.986	58.426
513.784	128.091	23.440	58.190
513.859	129.358	23.405	57.536
513.779	129.760	23.152	57.321
512.899	129.653	23.895	57.410
513.183	128.398	23.493	59.151
513.175	127.763	23.592	59.421
513.878	127.439	23.415	60.438
515.157	127.721	22.421	61.078
516.376	127.660	21.256	61.420
517.934	128.997	21.175	59.284
519.129	128.971	21.078	59.435
519.261	128.583	20.722	59.823
520.459	129.052	21.120	59.221
520.113	128.910	21.121	60.522
519.345	130.424	21.277	60.964
518.251	130.889	21.452	61.071
516.083	132.730	22.993	60.197
515.772	129.999	23.474	63.932
514.870	128.922	22.485	63.057
515.124	128.079	21.854	60.348
515.335	130.205	21.344	58.313
516.211	129.382	21.273	59.839
516.158	129.934	22.065	59.753
516.825	129.263	22.094	60.692
517.613	129.259	22.512	61.112
518.021	130.033	23.549	60.841
517.212	132.492	24.327	57.046
517.338	133.036	24.765	56.068
518.395	132.546	24.131	56.366
518.990	131.909	24.018	57.519
519.435	131.948	24.715	57.063
519.409	131.974	24.993	57.155
519.561	131.966	25.212	57.654
520.095	132.398	24.552	58.283
520.083	131.794	24.815	59.086
519.317	132.390	25.170	58.796
518.341	134.183	25.930	56.942
517.940	134.634	25.095	56.461
517.661	134.802	25.014	56.429
518.957	134.561	24.300	57.503
519.602	134.847	23.618	57.377
519.729	135.596	24.136	56.652
520.394	136.011	24.502	56.876
520.635	136.052	25.189	56.979
522.080	137.129	23.991	56.015
522.452	137.109	23.918	56.510
522.448	137.963	23.930	55.971
522.682	138.533	23.359	55.053
521.880	138.494	23.139	54.669
521.097	136.632	23.838	58.395
519.590	134.823	23.703	60.320
520.107	134.928	22.830	63.190
520.336	138.051	23.197	57.347
519.846	137.673	23.234	60.143
520.195	139.952	23.397	58.923
520.901	138.548	23.965	58.839
520.533	138.710	24.203	55.417
520.360	138.978	23.098	57.393
519.302	140.917	22.010	55.769
519.421	140.843	22.174	55.802
519.981	139.591	23.626	57.591
520.226	140.761	23.404	56.135
518.518	139.983	23.791	57.360
516.104	140.877	24.438	57.539
514.922	140.292	24.790	59.234
512.543	139.403	26.394	59.365
510.497	139.636	27.602	61.878
513.797	143.087	23.876	59.227
511.109	140.503	26.215	60.163
511.619	142.068	25.803	60.666
512.093	138.376	25.782	64.096
508.440	144.716	27.560	62.243
510.727	140.989	26.235	64.449
511.351	143.284	24.624	65.360
510.437	138.925	24.504	67.477
507.728	142.420	25.292	66.675
506.660	137.808	26.115	68.909
506.363	140.862	26.341	67.601
508.346	142.219	26.445	64.643
509.428	143.229	26.967	65.252
510.123	141.973	27.113	66.344
510.146	143.927	27.491	64.667
511.221	141.913	27.876	67.306
513.420	142.530	27.460	64.724
514.351	141.458	26.775	67.127
514.910	143.814	26.702	62.250
516.560	141.995	24.926	64.077
518.122	144.555	24.453	64.531
517.160	144.666	25.673	66.805
517.987	145.622	26.786	66.874
519.513	145.403	26.899	64.174
521.395	147.171	25.655	63.118
523.554	145.906	28.119	63.448
525.103	145.092	25.302	63.535
527.354	145.779	25.644	62.060
527.526	146.299	25.986	60.831
529.028	147.652	25.732	63.401
529.781	148.752	25.254	67.157
531.254	146.159	27.497	65.788
532.281	148.519	26.723	66.723
534.303	148.880	24.839	61.993
536.007	150.103	27.481	65.859
536.531	152.456	25.394	65.249
539.460	149.257	27.018	66.419
539.670	144.874	27.459	66.141
537.697	153.060	29.685	66.896
524.059	155.722	28.819	67.137
488.321	155.122	29.406	67.740
479.583	157.058	30.894	66.559
484.054	158.258	29.132	65.563
483.746	157.230	28.217	65.013
482.051	154.795	25.409	64.298
482.556	155.298	25.382	65.739
483.865	156.187	25.764	63.956
486.942	157.494	29.954	62.761
488.965	156.621	26.351	61.318
490.004	149.309	25.504	65.836
490.923	147.525	24.549	67.976
492.367	153.552	24.478	66.151
491.395	152.542	26.293	66.864
492.022	154.843	24.718	66.642
490.963	153.525	25.206	64.554
491.894	148.670	24.944	66.228
491.328	155.025	27.520	62.875
492.381	158.149	26.472	61.316
495.268	157.724	26.970	60.854
495.215	157.278	26.545	63.386
496.520	155.576	26.161	65.387
497.677	158.013	27.515	66.395
496.984	155.324	27.208	67.298
498.640	154.636	25.289	63.948
497.499	156.741	24.881	62.243
495.608	155.623	26.384	59.038
495.182	153.108	25.129	57.234
494.397	151.692	27.202	59.724
496.436	154.745	24.886	60.391
495.792	154.309	26.494	60.197
499.577	155.778	25.069	60.629
498.143	152.718	25.115	59.009
499.239	157.470	24.814	58.367
496.411	154.495	25.542	60.885
495.075	151.413	25.111	59.442
492.871	152.740	26.188	61.115
492.264	155.221	25.698	62.726
491.543	155.354	25.543	63.855
491.129	156.743	24.508	58.490
492.471	154.888	24.680	59.575
493.901	159.804	24.505	57.872
564.377	173.796	24.625	67.535
564.702	173.739	24.683	73.341
567.356	175.209	24.637	72.946
568.750	174.026	26.453	72.069
569.672	174.906	25.691	78.292
541.645	168.266	47.280	66.773
494.362	157.851	27.434	67.409
494.871	157.914	25.376	66.843
495.143	159.471	25.502	64.519
496.432	157.997	25.387	63.557
499.059	159.035	25.550	64.893
499.959	159.578	25.910	63.166
476.785	160.247	33.006	69.138
488.250	173.554	31.763	67.535
454.676	170.137	51.137	68.920
483.630	175.372	32.834	81.274
486.633	177.612	29.081	65.621
410.381	163.229	33.576	67.636
414.385	164.213	29.340	69.643
415.699	165.049	26.593	67.257
415.743	169.448	28.082	64.632
418.511	170.757	26.355	63.232
420.649	173.605	27.891	59.935
420.772	172.703	27.310	61.594
422.135	173.870	28.103	62.655
422.472	175.439	27.640	58.613
422.995	172.043	27.545	62.101
423.663	173.944	28.216	61.928
423.996	172.660	26.924	63.611
423.946	173.592	26.589	63.430
425.279	173.101	27.733	65.905
426.750	172.638	27.580	65.784
428.132	174.325	27.315	66.881
431.058	175.408	28.114	68.205
432.982	175.344	30.096	70.006
435.158	173.066	28.879	62.034
436.405	169.995	26.914	66.118
436.983	170.151	26.926	69.123
437.403	173.836	27.587	70.103
439.027	175.542	27.220	69.051
439.583	177.348	28.807	64.979
439.819	179.276	28.225	69.547
441.536	179.074	28.601	71.725
442.654	175.115	29.305	71.749
443.184	177.988	28.046	69.046
444.727	176.166	32.401	67.490
445.730	177.671	29.481	65.260
447.474	175.557	30.909	66.138
448.123	175.678	28.802	67.355
449.130	176.338	29.594	66.385
448.973	174.585	30.099	69.467
450.761	174.953	29.548	71.976
452.286	179.220	29.689	74.652
453.353	180.342	30.285	72.834
453.948	181.702	30.832	74.251
454.637	183.434	31.456	70.597
456.926	182.171	31.544	73.516
458.774	184.774	30.984	78.151
459.740	181.000	30.424	82.847
461.632	184.375	31.359	80.246
464.127	187.400	40.433	85.433
462.567	186.968	34.472	85.856
462.825	188.564	33.131	80.584
463.559	180.653	31.427	75.580
464.699	181.598	29.128	74.727
466.952	184.490	31.779	76.475
468.825	186.418	29.633	76.455
450.035	186.319	30.885	75.257
416.113	189.353	31.392	70.873
417.940	187.106	27.838	75.984
415.834	186.562	28.623	77.456
416.672	187.320	28.014	75.613
416.562	187.117	29.554	76.847
416.635	188.421	28.916	77.570
418.079	188.516	29.378	78.288
419.817	188.483	29.840	76.987
421.371	187.567	30.707	77.855
422.779	189.317	31.163	78.828
423.420	188.643	30.957	80.348
426.324	191.038	30.399	80.089
427.853	190.425	30.944	80.074
430.913	190.827	30.893	80.598
433.710	192.149	32.841	80.046
436.189	192.550	30.990	81.356
438.348	193.738	34.950	80.427
441.513	193.184	31.204	80.154
445.246	193.550	33.520	79.810
438.933	197.478	32.781	73.888
406.605	199.450	32.149	78.471
375.027	201.276	34.988	75.267
380.880	195.111	31.285	82.239
382.554	196.106	32.985	85.758
386.374	196.108	32.328	84.276
388.602	197.856	34.674	82.889
394.429	195.803	35.453	87.155
398.318	198.020	32.189	90.406
416.696	214.199	39.756	92.175
426.759	216.096	37.237	91.173
430.295	216.442	38.314	88.316
435.292	216.908	37.712	87.392
415.458	202.181	33.629	96.105
417.934	209.260	33.437	91.884
422.759	205.924	36.158	95.266
426.711	209.685	33.859	90.094
431.724	204.623	33.232	94.869
439.952	205.081	33.962	90.455
447.060	205.259	31.896	87.984
449.966	205.815	34.155	88.896
455.272	211.230	35.032	81.117
459.607	209.212	33.381	80.008
464.414	206.347	33.590	81.783
468.996	211.181	37.149	79.837
471.665	207.804	37.350	82.609
475.801	205.910	35.884	83.163
482.653	207.718	35.700	79.538
485.887	217.705	37.153	74.451
490.168	210.274	37.440	71.728
493.627	209.329	36.592	79.406
496.814	210.586	37.030	80.557
499.341	214.077	39.390	75.708
507.439	216.657	36.646	69.759
510.050	210.342	37.979	70.850
511.352	210.397	37.895	77.413
511.838	210.893	36.805	76.797
512.013	212.655	34.662	76.498
512.870	212.168	32.865	72.815
513.349	213.227	34.813	75.883
511.907	215.213	32.905	71.932
514.458	214.843	32.801	72.774
515.114	216.335	35.149	70.389
520.366	215.862	37.376	70.672
521.709	218.785	35.402	66.750
520.708	220.912	40.677	67.595
525.993	216.334	40.878	69.415
529.634	219.281	37.299	71.969
530.107	222.416	34.376	68.707
538.196	225.816	35.062	65.484
535.116	220.295	30.874	68.096
535.738	222.016	32.885	65.569
541.147	221.432	31.591	67.923
545.261	223.200	31.984	67.062
550.469	223.673	31.341	67.099
552.912	224.250	33.049	68.296
555.113	222.747	37.211	71.286
