686.000	270.000	83.000	170.000
681.687	273.581	88.620	167.138
674.756	273.212	95.926	168.412
671.908	273.477	98.729	168.529
666.633	275.215	102.058	166.427
656.043	274.824	106.244	166.751
653.816	274.421	104.405	166.643
653.559	275.611	100.064	164.495
653.619	275.939	93.310	165.383
652.646	276.310	86.569	164.315
650.644	274.558	74.416	168.462
642.596	273.278	76.920	170.478
634.771	273.889	83.958	169.101
628.484	275.158	80.386	167.380
615.890	274.408	82.782	165.674
599.366	275.585	95.889	166.880
593.712	276.482	100.938	166.675
590.237	276.572	102.870	166.590
585.999	278.216	106.068	164.382
582.907	277.938	106.020	163.788
575.812	276.479	101.101	162.204
573.182	277.311	97.017	161.857
570.696	277.845	92.043	161.319
570.415	277.203	84.902	162.585
569.213	276.012	78.096	163.997
561.251	273.618	73.483	165.407
557.939	273.946	70.814	166.520
554.059	274.275	71.792	165.641
551.551	274.800	72.214	163.648
548.855	276.620	72.281	162.621
546.513	278.917	72.843	160.325
539.679	283.887	75.409	155.366
535.665	279.885	77.822	158.421
529.990	286.775	82.186	152.131
520.934	285.484	83.034	152.980
498.916	293.417	81.264	147.326
510.360	281.812	67.691	153.266
503.830	285.744	66.849	151.285
478.140	299.053	85.307	136.683
493.649	288.290	71.327	151.066
466.331	286.653	97.250	150.487
471.781	279.056	86.612	161.528
448.757	285.508	100.691	149.939
446.116	309.946	71.167	128.151
444.161	309.577	66.121	128.435
441.798	309.181	63.342	129.089
461.402	294.483	84.677	141.055
443.552	286.773	99.557	151.979
430.578	301.099	110.922	138.199
439.171	288.445	101.822	152.176
380.452	306.659	99.769	132.421
415.077	285.009	97.998	153.864
434.825	281.043	69.231	155.746
431.446	283.198	73.109	158.220
425.394	283.536	72.858	157.443
424.309	284.279	72.390	157.271
410.807	285.238	86.883	157.194
404.254	285.326	92.968	156.918
397.377	285.895	101.553	155.770
317.478	284.693	102.072	157.275
316.176	284.030	85.682	157.510
389.598	283.742	91.396	156.679
380.483	283.655	85.759	158.847
320.460	292.947	83.456	147.938
327.743	287.943	80.786	155.065
329.723	288.438	83.726	154.701
342.194	286.083	90.585	157.348
344.871	287.466	87.732	155.288
350.685	285.215	83.410	158.660
350.217	284.050	85.871	159.963
344.073	285.892	92.110	158.262
318.367	286.072	102.599	156.337
347.176	285.554	99.287	156.110
362.262	285.292	89.534	155.196
376.976	285.019	91.320	157.968
385.904	288.250	87.971	153.171
390.407	290.188	84.864	151.942
390.936	288.687	89.060	154.289
395.951	287.890	86.391	153.967
398.818	285.634	89.236	157.924
407.118	285.818	88.500	156.910
414.943	284.563	74.705	158.560
419.445	283.882	68.409	158.758
420.596	284.534	68.791	158.221
424.224	284.820	66.584	158.322
430.604	284.918	63.774	158.623
433.944	286.690	68.712	153.409
434.452	288.157	73.330	152.972
435.198	291.634	79.919	150.801
438.063	290.802	81.879	151.682
439.826	291.043	83.442	149.896
441.313	290.622	81.789	151.215
446.105	289.849	80.112	151.148
445.772	289.135	82.445	152.203
453.148	288.296	80.845	152.238
462.841	288.849	76.505	151.218
472.481	289.106	69.178	152.177
475.100	291.910	70.055	151.208
479.121	291.453	69.981	152.161
481.085	292.870	72.057	150.173
482.838	294.101	71.596	148.008
485.056	295.597	71.965	146.872
487.272	295.852	71.597	147.033
488.659	294.753	70.927	147.830
491.857	294.975	68.793	147.397
493.661	294.818	66.150	145.823
494.275	296.369	66.801	145.183
495.061	296.610	66.112	144.670
496.074	297.714	65.603	143.738
496.126	298.684	65.323	142.242
495.240	299.841	66.114	140.427
492.513	300.605	69.184	139.797
491.574	302.602	69.594	138.976
483.897	303.777	75.932	136.911
483.044	306.173	74.788	136.144
485.957	306.258	69.703	137.245
479.325	303.490	71.992	138.511
478.537	303.491	70.802	140.667
475.641	301.249	73.602	142.741
474.574	302.436	72.312	140.505
473.141	301.715	70.946	140.922
468.379	300.298	73.308	142.602
463.975	302.609	75.414	139.999
460.044	301.291	77.687	139.833
454.107	302.439	82.904	137.413
448.680	303.005	87.245	137.637
444.381	302.425	91.150	138.432
441.163	303.022	92.467	136.785
436.929	302.595	89.822	136.986
433.642	302.652	89.328	139.542
428.254	303.122	95.221	138.841
424.394	299.953	76.385	140.521
421.930	302.078	67.102	138.057
419.887	301.648	64.309	138.838
416.898	298.853	61.677	142.101
412.722	299.081	63.261	141.066
402.462	300.472	70.092	139.633
397.953	301.630	72.261	137.210
396.097	302.277	71.989	135.790
393.307	303.783	73.353	134.355
391.866	305.178	75.108	134.387
388.463	303.350	75.041	137.655
386.037	302.370	74.535	139.479
385.198	302.332	73.972	140.725
382.024	302.424	73.015	141.067
379.920	302.936	69.382	138.963
377.888	302.695	64.624	139.936
376.447	308.484	64.257	135.048
373.212	307.144	66.334	136.241
371.194	304.683	67.859	137.733
369.342	306.029	69.980	136.530
368.153	304.396	69.543	137.324
362.149	303.856	70.342	138.729
362.466	304.871	68.784	138.022
362.221	304.180	66.997	139.779
360.416	304.782	68.441	137.474
361.351	303.457	69.551	137.442
351.258	303.580	70.863	136.198
353.226	299.752	69.011	138.760
349.641	297.572	73.515	142.760
345.916	301.655	79.514	142.963
343.499	297.763	85.533	145.782
352.849	301.431	84.992	139.797
369.520	304.978	76.828	138.037
373.709	304.584	74.128	136.138
373.052	303.467	77.530	134.254
381.005	302.352	77.248	135.926
387.948	303.331	84.100	136.570
393.483	306.775	87.437	133.490
392.839	303.869	89.518	136.626
394.952	305.657	90.015	135.124
400.584	306.405	83.683	132.906
404.842	306.978	76.998	131.437
403.802	306.744	78.863	132.957
400.157	306.342	82.214	132.525
403.532	305.884	83.173	135.235
410.035	305.766	79.566	136.484
413.727	306.110	80.360	135.988
414.827	306.224	77.480	134.919
420.361	307.069	71.663	135.018
423.490	306.371	67.995	135.488
415.485	303.143	72.720	137.041
419.734	302.221	72.803	138.977
414.131	298.475	76.042	141.385
419.981	297.232	72.683	143.818
405.054	297.523	82.135	143.271
411.876	295.085	78.298	147.163
415.316	293.171	76.993	148.075
415.064	295.006	86.222	146.563
411.846	296.302	102.029	146.639
409.180	297.340	97.518	143.773
394.164	300.679	104.997	138.952
392.230	297.412	106.180	143.363
402.243	296.627	99.069	143.495
412.274	296.239	91.252	142.733
421.727	292.744	87.176	145.830
435.365	291.820	88.946	150.024
430.279	295.210	95.180	145.496
412.931	299.998	92.666	140.511
419.565	301.186	89.827	139.195
412.402	303.053	71.827	136.860
413.592	303.825	74.412	137.034
417.875	300.467	83.281	140.626
413.478	294.315	90.739	145.650
415.823	287.493	103.362	154.295
411.199	287.954	115.444	155.746
403.473	279.710	113.794	163.851
400.673	279.599	125.060	163.106
399.846	282.300	120.989	161.889
396.393	280.420	113.281	164.067
411.468	281.514	103.747	160.436
400.895	283.467	100.288	158.175
416.739	286.053	86.080	152.890
421.881	287.622	77.284	152.243
419.029	289.446	76.099	150.629
423.072	290.935	70.965	149.914
420.699	290.782	72.264	150.592
413.842	294.350	83.352	147.708
397.899	297.975	102.239	143.423
411.608	298.391	100.263	141.437
414.388	301.633	97.830	137.836
400.300	301.794	119.176	137.843
421.221	305.212	104.353	133.534
424.009	304.630	108.374	134.100
422.765	304.293	110.809	135.955
422.651	303.384	113.107	135.809
421.137	303.193	120.025	136.865
438.897	298.431	101.057	141.247
437.883	297.972	108.863	138.553
434.624	299.025	109.692	139.450
449.488	299.289	97.392	139.564
464.748	301.681	92.922	138.785
486.159	302.356	78.806	138.329
488.286	298.420	77.884	143.383
493.328	297.624	78.829	143.454
497.570	300.043	93.470	140.611
489.953	295.126	99.748	145.248
499.047	297.083	99.460	146.098
508.008	300.450	96.259	139.796
515.732	301.239	94.827	138.755
529.410	303.074	88.256	136.796
540.885	303.283	83.080	137.926
557.345	308.953	85.934	129.136
568.544	310.716	94.378	127.720
573.344	312.469	101.161	126.065
580.829	313.467	98.212	126.814
586.863	317.001	92.208	122.775
590.033	317.386	90.039	122.470
586.597	316.427	94.679	124.429
582.979	314.927	99.138	126.368
581.092	312.875	100.086	128.500
580.225	307.383	101.106	134.914
578.287	303.223	103.528	138.018
578.671	300.924	104.040	140.005
577.313	296.185	111.575	145.310
576.869	296.558	94.359	144.496
705.467	285.294	143.647	149.448
672.315	302.600	150.126	136.539
663.179	290.105	111.765	155.124
661.206	284.188	98.179	158.694
656.438	289.715	98.078	153.709
543.749	291.242	109.430	154.340
526.639	289.461	113.136	153.313
509.810	283.991	129.089	164.377
504.337	284.303	116.921	160.428
586.753	276.711	104.045	170.640
589.135	270.036	94.456	176.667
500.910	292.067	97.231	157.318
496.631	291.944	95.807	156.868
495.346	292.025	89.161	156.523
496.546	291.329	81.587	157.714
494.811	284.623	81.725	159.910
494.002	266.028	82.148	177.351
498.471	258.183	79.482	183.526
488.616	233.729	90.564	205.486
489.397	264.582	89.664	174.822
492.575	253.235	85.097	185.087
490.912	252.113	89.325	188.476
492.379	259.457	88.191	176.228
492.530	272.326	85.151	164.663
496.730	300.934	79.063	138.564
497.024	274.264	80.483	161.422
488.426	284.800	87.461	149.187
492.035	286.188	88.416	151.084
504.406	292.592	80.012	148.773
505.051	277.562	78.408	163.081
497.166	268.233	83.716	175.773
490.819	272.737	85.453	171.676
486.028	273.575	104.875	172.030
487.685	283.175	91.716	161.981
484.877	283.485	87.823	163.819
480.022	284.695	87.368	164.531
462.222	290.442	95.505	153.557
461.587	293.734	83.442	148.077
458.714	297.004	90.930	146.031
455.894	297.831	89.624	146.266
453.941	298.813	96.093	145.625
452.413	299.750	94.736	144.824
453.624	298.513	98.230	146.849
451.297	296.737	97.371	148.590
450.673	295.995	102.635	148.700
450.338	291.231	99.349	153.656
451.052	289.755	98.948	156.065
447.947	288.322	106.868	156.474
458.731	291.723	103.606	153.748
448.988	306.158	101.232	138.750
450.836	309.241	84.150	135.533
446.292	312.074	57.702	129.132
447.844	312.939	60.173	128.181
446.896	313.458	63.270	129.311
446.499	312.805	62.496	128.861
444.100	312.437	64.162	130.806
442.017	312.700	66.278	128.949
442.815	313.145	64.002	129.590
442.342	311.449	63.716	131.663
441.890	312.427	63.533	132.389
442.460	312.415	63.078	132.468
440.281	311.548	63.213	132.177
440.473	311.173	59.519	132.157
438.527	310.828	60.796	134.374
438.039	310.109	61.484	134.288
437.249	310.410	62.227	134.027
436.985	309.877	60.587	134.046
436.054	309.689	60.793	133.612
436.134	309.661	60.295	133.249
436.235	310.085	60.568	132.545
435.091	310.167	60.669	133.587
432.853	309.179	63.978	134.061
431.162	308.656	65.744	134.204
431.701	308.202	64.839	133.857
432.075	307.660	64.566	134.869
433.698	307.241	62.642	135.258
551.238	267.543	85.470	174.329
551.204	262.517	88.038	179.938
553.737	259.646	85.181	182.950
557.557	260.095	84.263	183.451
558.776	261.597	86.888	181.370
573.228	262.331	75.455	179.180
576.199	261.575	76.525	181.077
575.419	260.109	81.823	184.029
577.173	258.574	82.985	185.610
580.884	257.012	82.774	188.680
583.825	258.149	84.829	188.865
587.657	258.477	85.475	188.021
591.825	259.630	91.274	186.178
596.593	262.311	98.346	183.222
600.755	264.022	98.775	181.381
607.103	264.467	99.731	181.027
609.937	264.673	96.308	180.539
613.796	266.307	93.455	177.218
616.415	266.873	92.168	176.412
619.139	266.266	90.868	177.894
629.715	263.947	84.877	180.028
638.454	265.308	75.985	179.893
644.343	266.224	71.472	179.684
648.203	265.462	71.793	180.563
651.162	266.288	76.274	178.041
655.014	267.807	83.583	175.555
656.809	271.330	80.253	172.470
659.072	273.074	74.654	170.327
659.791	276.485	73.676	165.316
660.518	281.565	75.629	160.352
662.618	285.793	75.686	155.793
666.680	282.731	86.372	157.610
673.547	281.210	98.069	160.781
674.232	273.428	95.751	169.670
674.528	266.366	89.335	175.014
669.839	274.476	89.610	166.211
679.344	270.063	86.710	168.728
687.819	272.716	85.370	167.067
689.976	273.453	91.281	170.228
692.472	273.751	93.366	169.116
697.258	275.884	92.896	167.347
695.918	280.727	95.491	162.377
701.187	283.032	89.616	158.202
699.968	278.749	88.857	162.378
703.299	281.459	84.755	158.706
708.592	279.237	78.686	160.849
710.558	274.961	77.937	166.003
712.884	277.356	77.892	165.025
713.203	276.853	78.138	164.723
714.527	277.755	77.188	163.252
714.336	279.710	78.406	160.716
712.291	281.225	79.872	159.345
707.479	285.247	87.894	155.065
707.064	284.489	85.936	155.124
702.156	287.147	92.231	152.357
702.881	290.732	93.574	149.303
694.916	293.519	99.347	147.550
687.998	293.488	105.094	147.978
673.137	295.156	119.694	144.164
666.416	283.882	124.741	156.232
658.804	281.313	128.370	158.292
648.563	284.804	134.656	152.635
644.110	288.326	99.320	151.997
642.338	291.537	97.664	148.670
643.273	292.312	92.292	147.623
636.071	294.847	98.512	145.980
617.773	290.876	116.155	146.128
604.318	288.254	119.251	147.900
598.582	286.602	122.777	149.870
585.993	285.456	117.367	148.577
585.090	289.822	107.779	144.336
563.789	293.571	89.030	142.343
556.423	297.892	86.321	140.692
545.297	299.222	81.415	141.541
535.047	297.350	76.139	143.176
521.972	295.583	87.347	144.821
505.522	291.740	96.548	148.304
500.778	289.605	97.124	149.498
495.138	290.383	99.446	146.974
487.524	289.660	105.381	147.968
479.900	290.170	109.706	148.764
463.931	295.747	93.056	142.028
458.741	299.368	96.553	141.355
456.534	301.316	88.633	137.778
454.899	303.254	82.101	136.258
451.555	301.773	80.944	137.079
445.357	304.668	82.789	136.514
448.426	300.455	78.025	139.222
446.140	301.370	74.177	139.841
439.590	303.680	77.482	136.112
441.495	302.992	71.825	137.220
438.190	306.215	73.560	134.808
437.773	307.521	72.801	132.930
435.161	307.372	75.415	132.520
433.832	306.998	76.789	133.227
434.325	303.036	74.918	137.177
434.283	303.136	77.813	137.118
435.559	301.899	79.837	138.423
436.347	302.374	83.112	137.392
434.892	300.733	93.197	141.598
438.455	302.666	99.810	138.577
439.814	306.261	105.047	135.335
439.094	306.027	110.002	136.172
438.178	306.652	109.812	136.495
438.433	306.561	111.177	136.791
439.912	306.289	112.080	137.020
448.860	305.642	103.398	137.213
454.258	305.494	99.492	135.909
459.884	302.950	95.995	136.642
466.695	299.719	93.412	140.259
474.379	297.677	93.379	141.007
490.966	294.157	83.950	144.363
497.084	293.524	84.699	145.887
505.655	292.745	80.476	149.368
509.204	293.327	81.239	148.972
512.489	294.032	81.088	149.680
518.264	298.152	83.465	141.892
520.513	300.597	83.342	141.236
522.547	302.727	81.971	140.454
526.512	305.867	78.886	138.148
527.516	308.174	77.368	135.827
528.014	310.223	76.734	132.625
526.877	309.895	78.690	132.205
525.639	307.580	79.853	134.002
524.150	306.849	81.603	134.019
522.883	305.927	83.395	134.424
512.064	306.339	93.440	133.605
514.140	303.835	89.991	137.623
511.740	304.541	91.535	136.272
509.561	304.723	91.659	136.423
505.701	306.564	93.465	133.989
499.693	306.830	90.659	133.059
495.706	305.231	88.956	135.009
492.748	306.859	87.730	132.926
490.996	309.198	86.723	132.643
489.946	312.439	86.243	129.592
480.787	321.112	94.710	121.298
482.003	323.395	92.768	119.724
473.388	326.533	102.533	116.837
462.871	313.823	110.664	128.614
442.505	293.235	95.550	149.902
434.354	295.414	91.247	146.692
431.958	298.562	97.680	143.665
427.762	312.093	83.292	130.123
402.479	315.760	82.310	126.956
396.044	312.873	85.865	129.254
461.617	293.231	85.935	148.162
463.419	296.051	90.085	146.078
466.167	291.603	88.487	150.978
471.333	290.478	86.024	157.138
475.030	289.379	83.467	154.041
480.133	288.700	83.413	158.427
480.469	289.870	88.812	156.859
481.012	288.699	93.288	156.327
482.899	290.621	94.408	153.384
487.963	290.201	96.319	154.755
484.201	289.161	104.016	155.231
483.125	288.946	106.223	156.176
491.074	288.768	100.874	156.330
489.134	289.896	102.350	153.352
494.291	287.985	99.006	155.654
501.375	286.673	93.076	158.181
506.076	286.903	87.555	160.606
505.916	289.909	85.062	158.405
500.506	290.453	91.228	156.460
503.285	289.328	88.183	159.300
513.296	284.788	79.470	162.492
490.488	290.553	98.042	156.337
459.335	295.875	105.604	150.907
485.327	292.422	98.055	153.324
499.066	294.664	83.488	155.911
499.963	296.388	88.853	151.115
500.422	301.814	88.866	146.819
503.000	317.202	91.914	130.887
497.379	303.214	84.772	143.797
488.824	303.586	79.358	141.258
493.172	313.211	73.844	132.870
496.418	312.515	73.313	132.445
496.721	284.261	75.118	155.398
499.040	279.884	73.992	162.960
502.505	280.519	71.892	166.567
504.363	276.895	69.007	168.617
504.377	275.029	69.460	167.952
503.478	276.779	73.073	166.999
502.308	278.123	73.574	167.939
499.127	279.454	73.757	165.670
496.004	276.191	74.999	168.682
494.072	275.355	74.914	166.855
492.864	279.282	75.964	165.564
490.937	286.078	76.702	157.960
489.583	296.557	74.019	147.760
485.295	284.029	77.329	160.575
480.167	266.502	102.030	177.390
476.281	253.214	131.810	194.414
466.673	218.717	117.812	229.149
459.202	266.523	112.610	181.086
444.990	235.814	125.543	208.961
434.573	230.192	135.647	211.280
428.743	264.876	138.322	182.047
425.464	237.265	132.770	206.472
420.723	271.191	127.877	175.946
431.525	275.524	113.097	172.750
454.346	281.092	89.233	167.075
451.551	283.761	85.223	163.947
438.348	291.529	92.944	153.554
441.522	287.129	88.756	162.697
437.138	281.197	92.809	164.332
432.901	285.217	90.356	160.863
383.430	279.826	134.147	162.220
303.972	275.535	136.273	167.721
195.264	283.783	89.037	167.645
197.037	285.493	85.508	160.015
195.752	277.932	84.901	167.731
195.404	275.461	77.030	167.322
197.301	281.937	85.497	163.657
199.492	289.447	87.344	154.614
188.938	305.160	105.638	143.316
169.204	255.274	109.954	184.307
142.814	264.065	139.642	185.265
142.752	270.185	148.780	179.415
143.717	268.391	151.962	178.957
141.354	261.902	148.639	185.658
142.243	263.457	128.132	188.977
226.295	281.607	80.125	164.271
237.186	278.528	72.541	160.928
240.467	277.173	71.133	160.460
249.886	277.307	72.899	162.449
245.176	281.480	76.532	160.762
246.571	281.922	79.359	162.659
249.429	282.511	78.342	161.935
255.486	282.382	74.088	162.809
255.481	283.592	75.829	161.813
255.504	289.066	83.888	155.831
255.075	292.589	95.472	153.447
265.708	281.938	108.349	164.667
281.497	281.828	88.858	163.245
283.974	282.905	81.471	160.153
285.019	287.072	96.418	158.569
280.607	292.737	98.583	153.382
348.273	274.961	95.482	165.204
315.840	281.672	126.179	162.707
280.163	273.046	140.427	168.713
340.323	281.154	105.623	162.083
313.880	290.720	108.228	150.864
338.015	279.830	91.450	163.473
285.924	284.919	103.087	157.850
232.987	272.622	127.344	174.770
219.924	258.778	112.304	187.847
207.198	264.426	105.691	180.799
198.100	256.531	118.606	189.086
190.579	253.236	116.564	192.195
180.920	249.483	114.229	193.870
164.472	245.150	125.837	193.589
144.657	243.524	143.419	198.003
132.392	244.504	146.964	200.260
128.610	246.670	138.070	200.227
124.524	247.967	136.050	199.547
107.940	243.013	101.359	203.232
92.221	240.107	100.740	206.309
90.580	236.900	94.592	208.039
78.939	233.720	95.649	210.487
62.761	231.046	106.456	211.355
46.138	230.447	114.043	214.147
45.329	231.700	112.068	212.165
42.293	232.577	107.138	212.105
36.914	233.153	101.081	211.251
25.238	230.755	97.230	216.280
17.610	228.572	90.393	217.729
17.029	227.166	87.249	217.975
8.182	225.752	92.012	219.787
1.307	224.288	99.921	222.263
0.000	224.390	98.445	221.773
0.000	226.682	95.160	218.214
0.000	231.073	95.241	216.004
0.000	230.763	91.147	215.060
0.000	230.483	86.804	214.885
0.000	231.254	79.924	214.502
0.000	234.375	71.779	205.845
0.459	237.443	60.118	196.749
1.676	248.399	52.298	189.672
0.923	257.113	38.259	178.555
