664.000	174.000	32.000	125.000
657.096	180.892	37.382	117.652
651.062	180.240	39.082	118.889
641.430	182.319	44.640	117.329
636.490	182.185	44.039	118.949
632.110	182.382	45.159	118.844
629.035	181.936	39.406	119.657
622.765	183.439	39.873	120.208
614.085	185.632	45.018	117.868
608.486	188.118	46.552	114.041
602.790	188.602	44.572	112.297
597.047	187.954	41.059	109.392
589.788	189.194	40.470	108.527
585.181	189.289	39.521	113.307
573.933	192.605	39.733	115.796
568.781	188.426	39.037	105.925
563.978	186.493	36.256	119.075
556.704	186.321	40.049	118.750
549.615	187.039	40.883	118.291
541.859	188.837	43.710	120.192
535.624	189.862	42.869	119.154
529.837	189.233	43.256	120.159
523.599	189.440	43.258	118.455
514.756	190.145	46.103	119.581
507.306	189.972	44.967	119.322
502.395	189.813	41.615	119.189
499.929	189.276	38.647	121.896
492.652	190.569	37.503	120.358
485.028	188.851	41.121	121.208
474.713	191.027	44.757	118.151
469.732	190.698	42.854	119.111
465.495	189.358	39.957	122.871
458.198	189.353	39.190	119.859
451.218	190.353	37.676	118.032
445.583	196.462	37.288	109.354
440.368	201.716	37.512	102.801
424.020	195.179	41.745	104.628
420.020	199.167	35.152	108.263
413.514	196.274	39.682	103.802
406.006	199.757	35.053	106.263
399.740	183.226	37.317	117.563
391.150	186.909	37.175	115.553
380.593	188.550	37.162	115.788
369.483	191.995	41.623	112.797
360.389	191.269	43.393	118.748
357.588	189.423	37.988	121.096
348.521	188.157	39.632	119.959
340.734	187.473	39.468	122.816
326.731	187.609	43.262	119.612
320.577	194.038	38.503	116.348
316.936	190.448	34.254	121.559
307.740	188.995	39.354	120.767
298.293	189.393	41.062	116.677
292.169	189.725	44.221	115.668
286.574	190.234	41.725	117.320
284.229	190.245	38.835	119.426
278.717	187.791	42.620	119.027
270.731	185.416	38.949	120.334
255.484	185.876	45.381	117.924
254.695	189.369	39.033	116.784
249.801	186.137	38.370	119.088
239.723	185.417	42.108	116.590
233.157	183.073	44.194	113.679
232.144	185.723	44.166	113.733
227.958	179.854	42.841	104.288
222.867	187.251	43.921	118.498
223.228	178.957	46.579	117.597
214.434	175.813	40.510	120.922
209.103	174.387	41.114	117.066
203.773	178.450	39.479	120.050
193.248	177.703	41.680	116.246
191.694	171.379	41.494	113.943
180.277	175.785	42.691	117.278
179.458	180.090	40.946	110.903
176.815	168.552	39.586	99.652
170.921	175.773	37.953	91.413
167.022	172.775	34.915	92.779
161.125	170.864	37.380	96.812
156.470	177.336	36.536	91.225
150.314	173.293	36.056	95.482
144.038	175.423	36.594	90.927
137.048	173.835	38.150	92.969
130.403	172.863	39.705	94.555
124.426	172.896	41.245	91.313
122.935	172.716	37.905	89.091
119.078	167.105	35.432	88.405
115.419	167.274	35.536	87.215
112.638	168.084	34.506	86.876
108.652	167.961	34.826	92.355
103.475	169.172	36.305	87.002
97.868	168.129	37.492	89.353
92.319	168.458	38.951	89.050
86.700	168.688	39.627	82.410
186.638	152.854	42.184	98.774
194.283	157.198	37.931	101.464
188.211	158.565	33.685	103.224
167.226	162.357	44.458	93.823
167.780	160.919	43.505	98.806
153.658	162.801	44.667	97.910
151.154	164.699	39.164	94.742
148.990	167.383	35.848	93.780
