439.000	222.000	25.000	43.000
438.377	220.837	27.011	43.961
438.171	219.792	27.599	45.599
441.227	220.563	25.447	45.291
444.202	223.727	25.439	41.961
449.516	227.432	23.604	40.243
452.927	230.155	21.767	42.239
457.228	233.292	22.104	43.742
462.272	235.542	18.977	46.321
469.719	235.428	18.366	44.561
470.902	241.595	18.950	41.215
473.735	241.130	18.246	41.218
475.785	242.526	19.899	39.838
477.235	242.308	24.120	39.598
485.123	233.587	35.824	38.382
495.104	220.879	37.382	41.605
502.030	217.708	33.912	43.521
497.895	219.693	37.687	43.307
485.567	244.638	23.917	44.277
489.669	243.894	22.487	41.439
491.888	244.885	21.704	41.537
491.873	246.319	23.673	45.157
492.426	245.679	28.000	42.409
496.097	244.376	29.412	45.111
499.407	243.079	31.583	45.266
502.532	240.169	35.940	46.059
510.227	236.661	37.555	48.150
516.717	233.829	37.466	45.476
519.164	233.267	37.816	45.269
522.872	229.393	36.846	46.398
526.302	222.710	34.315	46.899
528.522	219.604	32.152	47.436
531.118	218.343	31.469	45.969
536.221	217.891	35.653	40.724
536.835	217.923	39.582	41.269
535.428	217.556	47.675	41.334
534.770	216.036	55.067	46.371
533.439	217.764	58.664	45.315
529.858	218.982	66.403	47.284
529.519	219.963	69.072	51.108
529.998	221.606	67.204	53.684
532.752	225.704	67.060	50.495
533.686	229.703	65.534	50.370
536.447	232.331	62.953	53.406
536.874	234.021	64.167	52.098
534.925	236.014	66.791	51.534
529.769	236.009	74.952	56.895
527.670	232.359	75.222	63.176
527.502	231.565	75.793	64.780
529.900	232.163	76.614	62.158
528.319	231.915	77.771	61.557
527.775	228.240	77.485	63.719
532.354	230.078	69.174	54.505
534.149	228.761	73.688	56.608
539.585	227.892	67.948	54.453
546.472	231.205	60.440	50.110
549.510	231.256	59.511	49.746
549.782	231.242	62.001	49.439
547.753	228.973	69.981	54.937
547.754	227.920	70.174	57.368
554.680	228.589	61.296	59.847
555.254	228.379	60.006	60.278
556.556	229.333	59.658	58.948
559.015	231.465	60.806	56.567
556.088	230.556	67.725	57.859
554.698	230.845	70.584	57.521
555.479	230.609	69.634	58.405
556.800	231.495	67.567	57.946
556.941	232.123	63.843	58.986
556.282	232.192	60.209	59.004
554.969	232.575	60.647	59.791
549.012	234.441	68.309	57.849
549.545	234.784	68.901	57.210
546.955	234.876	69.202	58.488
550.942	235.741	63.051	57.697
547.849	237.647	61.878	56.930
546.521	238.436	60.942	57.218
545.511	238.582	61.174	58.111
545.535	239.231	62.675	58.246
545.181	239.333	61.396	57.292
544.506	238.468	61.705	56.371
542.822	237.321	64.119	55.624
544.225	238.387	60.758	52.177
537.403	238.954	66.182	51.178
537.807	238.892	62.924	49.058
531.550	238.743	64.956	52.095
534.027	238.335	61.358	49.411
525.386	235.776	68.683	56.335
529.843	237.199	65.764	51.663
526.536	237.061	67.852	54.501
531.399	238.631	63.449	49.805
533.344	239.896	61.106	47.336
536.802	240.083	57.286	46.809
538.398	239.980	57.140	46.341
537.572	237.217	65.586	54.669
536.370	236.203	68.100	57.812
538.651	236.761	64.613	57.216
542.562	239.205	59.701	56.103
539.144	237.924	67.891	56.192
542.154	237.715	63.939	52.231
548.912	240.347	59.116	45.388
551.614	239.266	56.164	45.007
551.677	237.539	59.817	46.041
550.343	236.040	59.680	48.826
551.123	234.565	58.786	51.473
549.846	234.469	61.890	51.912
549.344	234.314	63.406	52.111
554.639	234.418	59.151	47.914
556.478	235.823	57.125	45.442
557.999	236.358	54.123	45.019
559.100	236.030	51.389	45.959
559.719	236.228	48.733	46.182
558.385	235.734	48.973	46.051
553.763	235.479	52.510	43.823
547.758	235.988	56.802	42.913
545.662	236.298	51.734	42.148
544.715	234.145	48.977	43.939
540.705	233.262	48.027	44.667
534.013	233.106	49.469	44.281
526.339	234.630	49.226	42.374
517.183	238.267	48.043	40.120
511.046	240.615	46.517	38.082
505.169	242.428	43.714	36.056
499.715	244.574	40.743	34.631
499.188	247.548	36.056	33.061
495.533	248.674	38.546	32.288
491.695	249.595	41.324	36.298
500.376	245.129	39.981	33.056
505.739	247.777	40.557	29.967
511.251	246.693	43.048	29.277
508.235	241.336	51.987	33.845
539.328	248.421	40.849	46.457
543.862	249.220	49.135	47.522
543.265	244.865	44.052	51.178
531.207	242.725	39.675	51.525
517.507	248.672	38.779	50.270
512.465	243.842	37.639	47.129
497.469	249.347	42.602	43.337
482.332	247.095	43.214	43.787
473.678	249.840	47.095	40.378
444.571	241.399	62.956	51.825
437.971	240.832	57.101	53.059
436.625	243.418	48.332	47.542
435.878	245.687	40.153	45.139
437.811	246.963	28.870	43.409
433.546	244.154	24.415	44.784
424.701	239.307	35.158	49.465
420.423	238.666	40.649	49.338
419.846	238.159	41.768	48.197
419.413	238.257	41.369	44.185
418.795	235.642	43.170	41.373
418.043	234.246	44.589	37.041
417.008	232.964	45.717	35.440
415.275	231.602	48.068	36.627
413.160	231.295	49.537	37.148
409.012	228.698	50.915	39.084
406.838	227.337	52.371	38.585
404.860	226.472	53.259	34.721
403.486	225.904	54.355	33.364
401.750	225.014	51.092	32.476
401.627	222.914	54.438	32.521
401.617	218.622	52.277	37.514
402.935	216.413	49.174	41.110
408.305	216.276	46.726	47.226
412.827	217.015	38.607	49.383
417.928	221.305	28.374	47.602
420.534	227.992	23.132	42.293
419.136	232.890	23.525	38.374
420.119	236.468	31.257	36.702
408.533	241.788	47.007	37.484
405.335	242.164	51.266	41.554
399.275	241.253	60.268	47.095
401.694	239.236	57.010	49.871
397.865	239.888	61.316	50.461
398.329	240.033	60.825	49.838
398.583	239.695	60.542	50.503
400.268	239.000	55.589	48.347
401.546	239.064	52.963	46.482
403.731	239.057	47.505	44.310
403.510	238.043	45.033	43.348
404.879	239.344	35.916	42.111
406.566	240.141	29.040	39.999
404.955	238.729	30.008	40.765
398.944	230.448	39.894	51.176
398.037	231.628	48.971	49.284
392.604	228.353	62.291	51.867
390.424	230.399	61.462	47.327
387.469	224.885	66.939	52.411
384.858	221.878	68.673	55.190
383.219	218.843	68.227	57.556
386.433	218.106	59.176	58.525
390.533	211.721	47.365	63.140
400.405	218.915	31.139	52.668
403.666	224.881	25.133	43.122
405.387	223.925	24.380	40.943
404.985	220.684	29.525	44.448
394.086	227.081	48.031	41.630
389.457	226.009	54.825	42.743
382.551	227.319	58.024	42.816
371.266	227.089	62.188	49.225
366.063	224.004	62.908	53.159
356.067	224.335	62.263	53.958
354.591	224.056	56.184	55.273
353.298	222.797	49.114	56.683
345.641	231.583	55.008	49.340
342.002	230.130	55.759	52.140
337.029	227.785	65.752	53.733
338.465	227.653	62.040	53.641
344.576	227.171	44.569	51.565
356.741	228.044	29.557	48.682
354.001	226.807	42.396	50.589
351.152	223.329	58.575	52.543
348.071	220.169	64.508	54.219
346.583	218.849	63.147	51.665
349.267	214.576	57.807	50.696
349.919	208.081	53.142	54.509
351.870	203.971	46.392	55.286
352.408	204.450	41.589	53.230
353.583	205.659	37.487	50.231
353.600	208.980	35.772	48.826
353.371	214.745	32.074	45.187
353.559	221.130	31.603	40.509
352.919	226.644	36.745	37.373
352.433	228.209	49.026	38.475
355.071	230.266	58.150	43.213
352.682	229.084	66.562	49.612
354.941	229.032	67.437	54.521
360.454	231.414	64.408	54.658
368.672	232.597	62.119	53.101
377.909	234.530	57.087	50.196
388.630	234.679	53.640	46.738
409.570	230.397	43.511	49.129
425.718	230.979	37.131	48.829
436.277	232.095	31.673	48.700
439.959	230.511	33.021	47.316
470.364	234.055	27.673	48.765
475.870	241.424	35.552	42.291
481.618	240.766	33.702	44.044
487.744	238.228	34.149	44.939
487.748	235.492	34.002	47.837
514.581	237.345	40.649	48.072
511.493	233.615	37.082	48.748
509.830	233.618	40.879	54.201
502.649	233.770	47.690	51.598
490.077	232.980	61.040	48.701
487.952	232.803	61.053	51.585
480.709	230.070	64.054	51.053
475.347	230.680	65.406	50.435
471.385	231.610	66.300	49.462
467.658	230.724	66.616	51.881
467.128	230.671	63.882	53.625
464.714	230.456	58.103	52.539
464.504	228.096	53.986	55.162
463.475	231.680	49.554	51.107
466.437	231.492	42.102	55.570
469.332	233.995	34.942	52.520
468.221	235.853	31.475	51.100
464.241	233.871	39.250	54.257
460.358	233.698	44.625	52.736
454.958	234.661	57.133	48.054
453.718	235.158	59.693	47.891
453.259	236.093	58.453	47.265
453.237	237.591	56.771	46.472
448.582	239.324	59.940	45.845
447.651	240.221	56.122	45.046
440.620	238.840	62.582	52.004
438.279	242.069	57.271	51.249
437.649	242.106	50.366	52.104
433.687	246.296	51.279	45.086
431.876	249.420	49.167	45.982
424.042	247.532	57.526	50.370
421.860	248.184	58.893	48.661
421.689	249.762	56.583	48.622
420.796	250.573	55.158	46.936
420.676	251.625	53.261	45.396
420.556	250.309	50.987	45.991
416.880	249.353	52.879	45.686
416.521	249.262	51.791	45.896
412.638	248.104	55.721	47.214
408.508	246.964	59.675	50.123
405.666	245.923	66.038	51.977
406.082	246.008	63.151	51.171
408.166	246.140	59.430	49.732
409.925	246.162	58.439	48.890
411.655	245.993	58.603	48.134
413.287	246.045	60.252	47.563
415.731	244.852	63.379	49.444
417.906	245.189	61.268	49.976
421.830	246.529	58.251	48.569
426.647	245.448	54.809	48.978
427.737	245.834	53.815	49.979
431.144	247.592	53.571	47.451
432.606	246.544	52.413	48.421
435.667	245.750	51.809	49.743
442.467	245.817	53.102	48.794
443.917	244.132	55.098	48.722
448.083	245.799	52.869	47.631
453.057	245.270	49.934	47.217
456.709	245.890	47.702	45.648
462.566	245.720	43.975	44.344
464.560	244.847	46.662	44.026
465.172	243.876	48.349	44.244
463.204	243.441	50.809	46.264
457.725	241.162	57.100	49.634
454.667	240.045	58.607	52.095
453.146	240.316	55.727	50.686
448.336	239.226	50.488	52.267
448.628	239.980	60.268	51.982
450.782	243.291	57.130	49.561
455.690	244.656	52.607	47.290
458.175	245.807	50.158	44.724
460.046	246.543	50.583	42.920
460.844	246.525	54.504	42.594
460.939	247.112	57.354	44.301
459.868	246.794	58.424	46.927
459.943	246.573	53.723	49.772
459.406	247.341	52.325	48.832
459.421	245.892	48.560	50.634
458.672	246.060	49.419	50.005
457.881	245.302	51.212	50.387
456.673	244.400	52.540	51.239
457.137	242.890	52.021	53.026
456.746	242.194	50.953	53.045
456.780	242.566	48.540	52.078
455.049	243.492	50.323	49.350
451.704	243.489	57.066	47.389
447.420	241.952	61.044	50.665
447.360	244.115	56.805	45.662
445.306	242.145	62.156	50.353
446.059	242.506	56.421	54.395
446.138	243.399	49.749	53.196
447.466	245.093	44.349	51.799
446.142	245.094	46.596	52.957
438.179	245.891	62.645	50.518
438.325	245.182	61.655	51.392
441.552	246.974	55.681	48.059
444.372	247.542	49.129	47.067
444.309	247.397	47.542	47.679
440.863	248.358	51.158	47.003
438.581	247.659	54.491	48.687
437.138	249.797	54.207	47.476
440.109	248.272	50.291	49.457
444.691	247.100	45.556	51.181
445.595	245.640	44.298	53.008
437.708	242.106	62.346	51.321
436.688	241.538	60.838	49.385
438.678	239.612	60.474	48.668
441.419	237.998	57.969	48.828
442.592	235.099	62.002	49.936
440.331	233.870	63.503	52.961
445.022	233.042	57.943	55.240
447.193	232.767	55.509	56.129
449.242	232.012	53.870	53.289
448.790	230.762	61.044	49.905
449.901	228.622	62.249	49.496
450.877	228.956	61.273	47.830
451.856	229.351	60.567	45.872
451.507	229.404	60.740	45.255
450.567	230.603	58.301	44.905
445.414	231.773	58.288	46.938
434.778	232.780	66.040	52.023
419.814	233.721	67.526	53.652
415.697	232.446	67.707	57.001
406.432	233.875	68.542	57.500
401.701	234.391	65.135	56.602
400.342	235.774	58.558	54.176
395.671	236.268	58.725	51.955
386.908	235.603	56.239	51.529
388.638	228.027	59.736	53.755
386.257	227.890	55.885	55.293
386.398	229.261	48.494	54.358
396.702	239.130	52.982	46.946
409.505	242.882	46.132	50.888
397.999	240.419	61.876	56.132
398.848	242.814	66.572	54.982
408.513	244.684	57.130	51.450
415.531	243.394	56.732	49.054
426.878	238.972	55.003	49.160
432.696	235.309	57.987	47.536
439.419	229.125	60.933	48.357
443.178	224.870	64.701	48.561
448.208	222.060	67.638	48.779
450.874	222.378	67.812	45.662
453.422	223.316	65.353	45.250
454.792	225.409	58.527	43.364
454.455	227.511	52.332	43.132
449.600	230.512	51.430	45.009
445.633	235.089	51.646	48.340
435.113	238.163	58.290	49.273
428.603	239.691	60.946	51.734
424.648	241.426	58.634	51.728
420.826	245.815	58.077	48.337
418.239	246.857	55.999	48.010
416.550	247.005	57.234	48.856
415.661	246.412	57.423	49.903
415.042	247.253	57.281	48.430
414.481	246.675	59.370	48.142
415.113	245.585	59.446	49.367
414.582	245.802	62.467	49.427
416.009	243.998	61.512	52.140
419.077	244.287	58.955	52.767
420.000	244.689	59.328	52.439
422.977	245.792	59.564	51.237
424.657	245.123	60.760	52.289
427.478	245.349	59.321	51.585
428.851	244.594	58.848	52.284
430.829	246.069	58.266	51.032
432.111	245.678	57.862	51.203
433.134	245.296	61.489	50.997
435.168	244.881	61.876	50.827
438.044	245.213	59.899	48.656
439.989	244.431	58.082	47.792
441.982	243.491	59.419	47.420
443.916	241.741	58.062	49.020
446.824	242.045	51.510	48.606
447.739	243.172	53.170	45.134
449.527	241.355	51.359	48.990
449.987	240.071	58.991	49.431
449.010	240.519	60.221	48.561
452.504	239.965	60.549	46.925
455.808	241.119	59.119	44.215
458.739	242.447	57.068	41.730
460.768	244.186	56.049	39.728
461.900	245.470	55.158	38.301
462.343	246.104	55.947	38.761
462.585	245.333	55.652	41.595
458.001	245.327	58.229	45.322
458.888	244.767	54.941	46.842
456.931	245.433	52.223	47.851
453.744	245.675	50.422	46.968
450.858	247.318	47.848	45.974
446.525	247.217	47.996	44.596
439.261	249.299	51.616	44.354
433.424	247.357	54.414	47.968
427.774	246.864	58.124	46.342
426.072	247.778	58.453	46.370
424.696	248.388	54.445	45.869
422.425	249.927	52.846	44.152
417.608	250.214	55.350	43.978
412.681	250.065	57.706	46.332
413.366	249.778	54.348	46.898
412.040	251.834	53.675	45.436
410.563	252.486	51.972	44.485
409.332	253.354	52.399	43.609
407.850	252.286	52.652	45.292
408.920	251.890	51.623	44.238
410.196	252.393	49.921	43.036
411.380	253.582	48.246	41.704
412.858	254.131	48.099	41.734
413.407	253.954	50.647	42.209
413.125	252.698	52.275	44.518
414.213	254.224	47.918	43.231
416.147	254.058	44.687	44.092
419.475	251.870	46.214	48.031
420.249	251.958	45.678	48.000
421.772	250.743	45.607	48.009
422.934	250.348	49.655	43.745
423.621	246.412	52.395	43.819
423.633	244.774	53.383	41.920
425.128	244.280	52.262	41.342
427.482	244.270	51.313	40.511
430.555	242.272	49.413	41.570
434.618	240.392	51.495	42.338
438.215	238.980	52.215	42.583
444.111	238.450	52.848	42.274
450.748	237.168	54.045	41.108
459.906	235.589	52.266	40.410
469.717	233.347	52.671	40.691
480.633	230.551	53.272	41.258
489.094	229.732	57.845	40.661
499.677	226.259	53.460	42.090
508.395	223.543	53.751	41.713
517.836	219.136	55.427	44.807
527.385	215.568	58.557	44.515
531.210	213.450	61.324	41.738
534.685	211.230	61.419	41.684
537.928	211.839	59.686	40.935
538.768	211.905	59.748	48.839
537.730	218.855	59.276	61.309
533.073	215.890	61.865	54.098
529.163	225.310	69.223	56.328
522.047	231.754	76.803	52.938
503.927	235.172	64.042	51.129
483.301	240.466	70.072	49.396
468.371	246.580	63.370	46.018
449.721	247.617	75.436	47.001
424.784	247.365	75.176	50.392
412.565	245.765	69.447	50.956
402.248	243.245	64.963	52.616
391.941	239.963	64.511	52.968
387.907	238.675	59.938	52.582
383.998	235.723	58.259	53.390
382.115	235.270	59.701	52.255
381.360	234.691	61.043	52.514
385.370	235.750	61.262	50.745
392.400	237.742	59.883	53.013
401.638	239.063	60.733	50.512
420.707	240.747	56.148	51.318
437.401	241.925	55.538	48.848
453.596	240.477	51.129	48.218
475.765	236.512	63.235	47.649
491.535	230.270	65.499	48.760
516.742	220.708	62.661	49.088
539.338	211.709	59.855	44.982
560.030	205.536	57.237	44.701
573.225	197.567	67.717	42.260
584.937	193.547	54.338	44.262
604.838	192.728	53.841	41.162
611.222	191.121	54.831	38.159
618.056	190.408	50.833	38.271
615.653	192.911	53.928	37.584
605.210	199.672	62.188	39.786
582.128	205.117	50.233	49.270
563.353	214.650	60.113	44.672
540.661	222.489	70.925	48.109
528.543	226.868	63.764	48.620
502.558	231.345	68.926	46.810
465.480	232.446	57.461	46.864
444.659	230.847	62.381	47.965
429.366	227.082	55.332	49.130
418.059	222.757	51.706	48.388
408.423	218.021	50.666	47.887
404.372	215.054	45.851	47.899
403.668	214.226	42.907	45.282
402.071	215.599	41.275	44.389
401.877	218.373	40.344	41.842
404.777	224.283	40.090	38.317
417.778	234.008	36.947	34.474
421.092	240.948	40.958	43.500
426.537	243.904	52.061	45.345
444.145	245.752	55.898	43.318
469.593	245.909	62.869	42.824
494.411	238.648	63.693	47.613
519.441	227.594	60.523	51.317
537.281	215.835	59.322	50.904
517.015	241.842	63.698	51.165
505.238	237.982	68.618	49.179
488.547	231.395	66.144	49.206
480.963	227.285	64.144	48.415
476.411	224.663	62.543	49.658
476.353	224.341	65.581	49.569
482.120	225.923	67.510	52.687
492.486	231.005	71.118	53.380
554.410	200.087	58.992	52.278
523.743	214.074	60.488	43.629
507.354	216.842	58.147	45.733
472.105	223.811	58.314	42.219
440.323	225.106	70.832	39.751
414.372	220.977	60.756	43.141
396.444	216.459	60.658	44.993
386.565	210.419	57.270	47.445
383.747	204.669	53.065	48.351
380.294	201.235	53.659	48.878
378.965	200.885	55.130	47.958
383.005	201.080	54.458	48.805
385.423	203.691	59.300	49.604
391.769	209.588	54.348	50.326
399.766	212.971	61.227	50.113
405.884	217.390	58.282	48.743
415.454	222.955	53.497	46.227
426.687	226.067	44.915	45.110
434.881	229.237	40.726	44.619
443.917	229.190	40.861	48.355
449.337	229.113	37.885	47.200
454.354	230.099	50.091	45.547
457.988	227.925	48.278	43.087
460.168	226.225	48.919	42.701
462.121	225.733	49.240	41.557
462.259	225.126	50.744	39.076
462.816	224.584	51.475	39.781
462.250	224.472	51.698	40.164
461.968	223.457	49.956	42.455
461.405	224.578	48.678	47.766
460.229	229.514	47.048	48.342
457.515	233.660	47.816	48.758
454.198	239.022	50.751	50.835
451.626	244.571	51.539	51.220
450.329	250.208	51.509	50.158
450.208	256.036	48.432	44.825
449.626	259.332	47.816	41.562
446.569	257.849	49.837	42.823
446.829	252.004	54.243	47.123
446.868	247.649	53.515	47.665
446.664	242.653	48.746	47.741
448.126	238.539	42.233	44.342
448.419	234.923	39.361	43.268
449.319	233.588	45.848	39.268
449.711	229.616	47.521	38.343
448.308	228.654	45.870	36.478
446.025	229.739	44.404	34.034
443.302	228.399	41.472	36.005
441.468	237.480	46.047	34.349
437.861	245.000	44.796	35.153
437.990	251.601	40.066	44.696
431.119	288.422	43.366	31.622
425.344	308.061	49.415	34.353
421.240	321.394	55.973	41.152
421.501	323.381	60.552	47.749
421.792	315.572	62.651	55.260
428.530	283.354	66.769	65.096
433.325	250.854	64.218	73.202
452.389	200.243	48.487	73.558
442.522	175.119	51.652	75.660
476.370	236.302	57.060	59.813
474.378	223.665	50.501	56.701
469.763	214.268	52.020	63.094
466.896	208.102	49.129	56.072
477.106	214.769	50.599	55.500
459.349	210.234	50.778	57.065
455.905	214.715	47.415	55.004
450.845	230.591	53.266	57.509
442.258	225.255	55.293	66.013
525.546	135.983	56.291	49.078
531.197	171.807	56.792	44.074
553.098	200.461	61.660	54.985
556.525	221.735	75.599	63.470
561.776	241.806	81.493	62.445
568.888	253.803	85.110	69.263
583.941	266.266	78.932	72.389
593.291	275.417	77.573	71.059
597.633	278.836	75.362	71.958
600.099	282.346	86.181	72.022
602.338	278.634	87.036	77.401
602.573	270.295	89.702	76.377
603.264	259.412	86.545	78.582
599.844	248.222	92.295	76.057
598.098	239.187	98.655	79.544
596.006	232.150	99.696	75.079
593.556	225.485	102.895	73.564
594.215	219.510	101.663	71.075
592.120	216.435	100.587	69.902
596.042	216.431	85.568	59.791
588.271	214.562	98.844	57.235
585.141	213.335	102.300	58.803
580.437	212.421	101.041	60.070
584.302	212.301	87.778	56.884
578.719	220.498	92.616	53.078
583.647	217.935	80.090	60.201
567.692	219.072	89.712	69.737
554.313	219.655	94.471	70.808
549.653	221.752	92.328	73.481
541.182	223.224	94.997	73.419
534.945	225.277	98.062	72.155
524.422	223.979	103.750	76.226
522.186	226.108	104.138	76.175
522.003	228.065	93.646	75.449
518.866	230.017	85.507	71.105
513.978	227.578	76.781	69.538
502.809	227.989	81.413	62.611
491.074	226.698	78.112	61.533
481.458	221.725	84.409	59.535
480.137	218.526	85.348	62.434
471.260	212.626	84.980	65.017
467.056	207.292	63.868	67.160
460.661	204.345	74.163	68.152
456.579	207.611	78.170	65.289
447.756	210.576	86.779	62.369
448.372	215.750	71.985	59.468
445.609	214.375	70.377	54.910
447.117	214.688	86.728	54.338
447.337	214.381	93.645	54.347
451.014	213.570	80.325	54.634
457.090	216.369	82.117	51.103
460.558	217.974	81.535	49.498
465.368	219.098	77.482	46.631
469.466	220.421	80.808	53.519
473.354	219.269	79.380	56.634
476.280	219.031	82.559	62.907
482.236	220.407	85.265	60.671
484.739	224.277	76.451	56.356
511.956	220.150	66.540	53.380
520.796	218.707	64.634	51.633
520.809	216.780	69.191	54.705
516.391	215.156	80.453	56.487
517.823	214.859	78.075	57.236
511.795	218.307	79.185	51.867
515.025	219.488	74.200	49.654
521.907	218.409	77.238	52.829
520.255	220.678	78.758	52.839
519.680	223.590	77.048	54.287
519.347	226.880	68.809	55.986
530.299	234.950	60.759	51.360
520.489	237.007	60.429	52.286
522.138	250.379	65.294	48.021
534.689	248.567	63.678	51.534
537.777	244.942	73.268	56.938
542.047	242.952	82.370	62.429
550.119	241.850	85.451	66.971
556.806	242.584	89.134	68.112
560.777	243.889	89.727	71.599
565.833	248.990	88.830	72.116
569.964	255.303	87.063	72.306
574.243	262.608	85.145	71.105
577.755	269.867	82.970	73.484
580.078	277.651	85.652	69.654
583.290	283.983	84.332	67.473
593.164	285.751	74.056	69.202
593.198	289.642	73.619	65.704
592.855	290.039	74.347	64.129
592.571	293.733	74.068	60.874
594.592	289.452	68.293	65.124
593.873	292.051	70.092	63.273
592.478	291.608	71.487	62.745
589.699	291.421	71.665	62.585
587.480	290.615	70.612	62.457
584.865	289.150	68.037	63.783
583.599	289.609	68.261	61.123
577.497	286.728	71.874	59.676
572.735	284.324	72.922	60.735
569.530	281.116	73.808	61.628
567.245	278.334	73.518	59.359
565.371	275.333	71.398	59.851
563.391	274.211	71.120	59.029
562.664	272.919	71.041	59.042
563.027	270.646	70.220	60.097
562.773	271.222	69.967	59.291
561.822	271.709	71.818	57.571
562.711	271.940	71.210	57.391
561.976	269.447	73.689	60.686
562.795	265.544	75.469	64.744
559.597	264.293	78.382	67.081
561.236	263.578	75.668	66.240
572.063	261.969	64.937	66.216
567.728	262.711	67.880	64.143
567.365	263.948	63.767	61.536
559.957	260.051	77.103	60.780
553.781	260.755	82.519	58.706
554.582	263.586	78.399	56.464
555.631	265.719	73.630	52.782
556.401	266.107	71.788	53.378
556.783	266.199	70.879	54.350
558.156	265.305	69.890	56.052
556.246	263.543	76.470	58.450
556.873	260.714	81.223	62.307
566.602	259.899	71.024	63.518
577.190	259.184	57.558	63.944
584.754	256.309	42.308	66.332
589.609	256.663	36.680	63.841
589.617	256.808	30.237	63.763
596.380	269.370	31.797	49.583
599.516	271.162	35.593	43.110
601.829	270.578	40.249	42.109
608.642	273.227	39.606	42.174
616.464	273.722	31.328	42.811
617.925	278.344	31.076	46.011
617.233	272.087	37.916	49.141
603.600	268.520	53.383	49.338
596.740	261.918	58.658	49.989
594.895	257.240	57.739	45.394
593.027	244.917	57.315	45.177
594.488	236.908	52.497	41.569
595.109	229.026	49.446	38.796
597.285	224.605	45.123	32.333
602.312	221.589	41.529	28.368
606.124	218.345	40.689	31.881
614.967	224.934	45.265	34.499
633.292	242.138	46.390	34.237
644.203	250.276	50.158	41.163
652.167	262.992	53.027	47.593
658.860	276.727	53.815	54.356
660.765	281.693	71.995	59.695
663.799	278.085	66.572	64.892
644.496	267.459	67.870	63.078
635.282	255.292	66.188	60.414
623.142	230.077	64.020	60.699
613.379	213.667	70.421	58.064
613.459	203.997	67.555	57.743
603.641	197.628	71.537	56.240
599.107	198.164	67.977	53.286
592.517	205.717	65.826	49.245
593.978	215.182	62.369	49.416
595.805	224.953	58.871	50.375
590.819	238.120	43.487	61.685
602.826	259.043	46.913	57.951
621.162	279.198	47.996	61.180
630.497	288.601	42.346	55.225
639.304	294.457	38.948	51.335
640.447	296.543	41.914	50.213
642.830	298.187	41.248	47.464
641.636	286.818	42.398	54.308
633.209	281.154	46.735	50.021
624.936	273.144	50.811	44.428
625.930	269.556	49.642	44.512
624.744	263.692	50.016	46.527
618.833	257.700	53.327	45.780
611.565	253.415	57.921	43.338
606.797	250.667	55.044	42.610
605.805	248.792	55.031	41.889
606.162	245.713	57.131	43.621
604.691	241.310	55.039	48.994
597.848	233.568	53.575	52.892
593.753	226.514	52.942	52.845
590.108	213.607	49.632	53.198
588.781	201.477	51.074	52.083
579.273	193.901	58.348	44.935
573.394	191.784	59.309	40.966
562.964	184.053	65.023	42.765
560.686	184.769	68.000	40.744
563.810	186.402	65.922	40.029
570.515	191.404	62.080	42.242
576.438	199.279	52.219	49.729
583.525	211.256	41.751	48.930
591.199	226.116	43.167	51.086
596.752	240.257	42.386	44.898
602.664	246.946	46.079	48.363
604.181	252.979	49.980	48.869
605.987	254.913	56.780	45.740
607.641	254.092	55.763	45.582
614.544	253.548	48.475	44.117
608.140	254.074	53.892	41.781
606.426	253.320	54.576	42.444
605.677	252.765	54.710	42.147
604.066	251.546	56.206	41.624
604.633	250.711	51.612	41.496
604.122	250.656	52.630	39.822
601.331	251.073	54.620	41.093
599.660	250.424	54.251	42.340
598.129	251.269	53.596	43.098
595.411	249.641	49.717	45.493
580.131	251.265	59.011	44.376
572.462	249.353	51.451	47.022
562.057	250.202	56.060	44.961
558.066	248.261	53.128	47.370
538.960	241.086	59.891	49.586
521.605	244.265	60.947	48.585
509.866	240.093	59.774	51.762
501.193	243.915	61.692	47.247
493.420	243.610	55.353	47.649
488.389	244.804	52.410	47.053
481.606	244.443	52.340	50.923
473.752	243.735	50.741	53.419
471.986	247.030	51.464	49.100
466.618	247.982	51.589	48.019
462.991	248.219	50.181	47.922
459.479	248.607	50.284	44.967
456.535	249.646	52.083	43.318
453.920	249.091	53.323	43.645
451.716	246.602	55.591	47.748
449.964	244.602	58.938	50.172
451.159	243.840	60.712	53.201
455.575	243.556	59.064	52.702
461.729	243.394	56.421	51.900
464.133	243.914	56.984	51.403
475.010	242.518	52.558	53.805
479.458	242.437	54.301	53.149
487.578	238.771	52.965	54.368
490.182	239.720	57.398	51.742
498.184	241.816	54.170	47.658
501.773	239.186	55.866	45.405
509.887	237.718	52.386	46.104
515.586	238.214	52.080	44.685
520.372	235.419	51.962	46.789
526.836	234.166	51.092	47.669
533.359	232.563	48.797	46.896
539.740	235.168	53.717	42.568
541.033	235.011	57.752	42.160
552.307	232.443	51.013	44.761
557.460	232.188	59.570	45.930
560.064	231.552	55.135	48.471
563.448	232.114	56.575	48.599
561.271	231.464	57.396	49.110
564.305	232.957	53.445	49.531
565.671	233.297	52.124	48.829
568.785	232.570	52.962	49.498
571.842	233.001	56.072	50.685
573.610	233.354	56.514	50.417
573.130	233.016	56.964	50.895
572.790	233.870	55.139	49.648
573.858	232.101	61.546	50.725
577.697	233.768	57.950	49.138
575.021	237.625	53.884	45.304
578.143	234.193	61.074	49.340
580.480	231.538	60.427	52.989
580.344	231.928	60.553	53.268
580.445	231.640	60.697	53.855
579.350	231.887	62.533	54.403
579.325	231.293	64.064	54.742
580.132	231.488	63.540	54.674
580.427	230.908	63.708	55.675
580.332	230.880	64.366	56.190
579.251	232.430	66.125	55.135
578.662	232.158	65.541	55.501
578.474	231.387	64.762	55.552
578.065	231.003	65.609	54.694
577.073	229.754	67.461	55.470
576.105	228.984	68.350	56.881
575.406	228.920	68.713	55.776
574.856	228.926	68.966	55.832
575.063	227.989	68.463	55.931
574.328	226.399	68.359	56.585
573.642	226.644	68.039	55.404
573.043	225.611	68.140	55.157
571.853	224.851	69.512	55.297
571.311	223.369	70.735	56.608
570.263	223.169	71.537	55.783
569.174	221.445	72.937	57.435
569.254	222.426	71.557	54.758
567.701	221.834	70.770	55.814
568.339	223.327	72.178	55.957
566.355	223.439	72.057	55.675
567.001	223.762	72.908	54.623
568.325	223.703	70.968	55.539
568.197	223.210	72.165	56.129
568.567	225.475	73.124	54.745
569.061	225.404	75.503	55.298
569.464	224.079	77.373	58.125
571.032	223.902	77.496	57.789
574.169	223.885	77.494	57.902
575.430	223.933	76.434	57.540
576.042	224.159	76.883	57.043
576.014	223.660	80.100	57.396
579.139	223.771	79.029	56.974
581.146	221.249	80.399	58.022
583.290	218.244	79.803	59.671
585.251	217.357	76.857	59.402
586.146	215.834	76.629	60.702
587.624	215.138	76.516	60.805
591.469	215.045	77.059	60.454
586.945	218.632	69.066	57.092
593.227	223.575	72.752	49.715
594.731	225.646	69.843	47.394
593.707	226.743	66.546	44.642
602.416	225.514	58.742	45.963
602.814	222.625	68.154	51.175
595.724	217.616	77.458	58.209
593.004	211.396	77.695	64.924
592.228	211.745	75.444	66.280
591.815	211.345	76.839	64.468
589.091	212.961	81.367	63.294
586.606	214.044	82.944	63.197
583.690	213.847	82.458	64.269
582.823	213.998	78.358	65.199
580.689	219.482	79.930	58.496
577.759	232.731	64.579	47.377
577.293	232.377	61.843	46.772
573.877	225.461	61.708	48.844
569.139	217.495	58.743	55.278
565.379	212.198	56.672	59.159
558.730	213.152	56.604	56.771
557.133	209.890	52.993	55.110
558.686	213.027	51.780	55.646
567.135	213.612	65.219	59.185
559.561	210.284	80.082	62.109
549.717	208.123	65.260	60.389
557.761	210.661	71.810	58.803
552.989	204.962	80.963	65.575
551.949	204.058	79.720	69.948
549.426	210.887	68.837	61.638
551.051	211.976	72.101	57.104
554.172	214.706	62.528	56.892
555.443	213.526	50.688	60.183
555.565	216.512	39.523	57.037
552.161	220.892	37.765	53.577
552.338	224.577	39.770	49.172
547.975	218.715	38.775	50.892
545.864	215.968	43.865	57.774
546.038	214.160	53.490	60.506
539.958	210.605	68.137	60.473
541.207	212.274	73.434	62.724
551.710	218.697	63.401	59.045
551.057	217.471	54.370	61.497
562.035	226.395	57.577	54.053
562.558	231.222	59.204	50.941
557.670	218.631	51.135	64.146
559.286	223.320	56.181	57.661
555.221	220.379	68.868	57.915
551.859	216.028	72.556	62.795
551.477	215.928	76.155	63.896
550.476	214.245	73.748	66.075
551.926	216.016	69.620	64.616
552.445	218.283	66.546	62.135
554.735	218.606	67.158	61.884
555.711	219.756	66.649	60.314
557.310	218.720	63.045	64.150
560.428	218.896	65.545	63.213
568.649	220.168	62.348	61.160
570.144	218.644	62.674	61.286
573.090	219.205	62.879	59.686
575.724	221.792	61.198	56.735
577.398	223.800	61.878	53.254
583.821	225.734	57.619	50.348
586.203	227.311	55.566	47.692
586.406	223.614	55.706	49.104
588.314	223.602	53.547	47.897
590.921	222.076	51.184	48.168
594.146	222.219	49.169	46.511
595.235	219.074	47.885	47.635
594.036	215.675	49.234	49.461
596.518	218.272	47.110	46.122
600.245	214.887	43.641	47.484
600.648	214.770	42.820	44.664
595.664	212.124	47.175	45.009
590.680	210.192	50.587	45.554
587.480	207.224	51.976	47.428
583.884	206.132	53.377	47.277
582.836	202.009	51.424	48.791
576.451	204.025	55.550	44.880
574.585	202.725	54.584	45.441
571.749	200.067	55.657	46.880
568.344	195.523	55.488	50.608
558.128	190.513	56.716	52.656
554.653	189.926	58.188	51.033
548.653	187.958	55.557	52.478
542.903	187.854	51.936	52.018
535.380	186.686	53.588	52.110
528.929	190.836	57.108	48.011
523.903	190.046	55.393	49.176
514.759	187.549	56.342	55.268
474.643	180.049	60.620	58.730
468.644	180.361	46.543	55.607
472.431	178.770	41.381	53.826
486.699	178.650	58.632	55.392
489.193	174.869	58.834	58.321
487.199	170.235	58.088	63.019
484.905	177.038	59.118	57.436
486.943	174.916	56.001	58.908
486.682	179.790	57.480	54.150
486.595	185.518	55.129	48.821
484.517	185.702	55.837	49.293
486.035	188.172	53.604	46.846
483.585	186.675	55.106	47.753
482.507	188.379	55.752	46.877
481.927	187.119	56.111	48.172
481.032	185.873	56.477	48.901
481.655	184.607	56.692	49.930
479.548	181.874	60.283	51.715
479.890	180.494	61.947	52.445
479.614	180.671	63.067	52.949
478.074	181.026	67.409	52.145
482.097	179.113	65.138	55.919
484.661	178.284	65.941	58.322
482.341	175.340	71.765	62.047
486.515	175.161	70.367	63.559
497.480	174.821	61.732	65.468
503.161	169.859	57.837	72.071
500.284	172.908	64.078	68.373
507.289	178.253	57.582	62.648
509.165	181.350	55.791	58.614
501.170	176.631	61.852	59.162
484.107	170.728	68.495	64.005
479.580	160.645	67.594	71.029
483.389	155.573	64.295	72.555
483.415	151.223	62.073	70.026
485.027	148.791	61.083	68.955
488.039	148.313	59.018	67.507
493.624	143.550	64.903	62.936
486.418	143.689	70.213	60.772
492.406	138.368	71.491	63.061
488.790	133.989	75.192	63.810
503.966	132.741	68.791	63.066
504.410	128.432	66.870	59.641
503.710	126.520	67.127	59.852
499.654	125.187	69.948	59.431
498.531	123.409	73.523	60.015
510.757	120.351	65.465	60.700
512.678	120.598	61.157	59.080
517.152	117.680	60.918	57.678
514.270	115.673	65.065	58.302
519.299	115.026	59.689	56.218
515.755	111.961	65.776	58.155
520.478	118.886	60.139	52.005
523.097	126.482	58.990	46.491
523.953	120.519	53.392	51.964
526.213	114.428	55.911	53.653
523.857	110.074	58.267	56.406
520.972	106.825	60.952	58.095
523.141	103.061	60.114	58.992
523.840	101.714	60.089	58.000
524.628	101.243	57.948	58.002
523.527	101.042	56.251	58.251
522.294	109.959	56.598	51.385
519.621	114.225	52.586	49.377
514.105	112.079	58.550	51.862
516.967	94.955	63.169	63.683
511.063	91.342	70.977	61.665
512.263	98.942	64.114	56.717
509.059	113.395	64.427	55.772
504.943	110.165	62.875	62.144
502.508	121.616	69.181	61.988
502.870	126.869	64.017	60.469
508.833	136.954	53.747	62.271
503.747	152.888	53.339	61.007
504.480	154.583	49.810	64.860
500.037	166.653	51.818	61.841
499.482	174.001	58.138	62.577
496.003	172.587	60.700	62.327
486.655	197.707	58.524	57.184
496.625	190.351	58.776	51.163
494.481	189.895	43.839	54.402
490.679	188.595	43.229	52.445
487.498	196.386	52.016	51.154
487.013	192.957	60.506	52.450
503.960	181.370	51.124	51.234
496.791	187.937	59.509	51.999
503.063	179.952	57.047	54.352
504.081	185.913	60.711	48.375
498.758	184.921	65.608	53.564
506.893	176.076	62.017	54.449
508.999	182.990	62.997	48.107
503.578	176.109	59.605	51.768
513.795	174.530	57.112	50.838
511.537	176.566	58.731	48.502
515.471	168.679	60.204	48.336
513.821	167.469	60.592	46.357
516.768	166.286	60.928	42.000
515.712	166.212	63.414	36.446
516.697	167.264	60.927	28.305
519.250	168.288	60.821	25.082
521.986	169.054	57.296	32.168
527.099	166.993	56.231	29.819
513.519	163.292	49.164	33.416
529.336	165.109	50.651	31.771
530.078	165.391	52.773	31.354
540.318	165.171	46.338	34.430
527.807	167.172	57.024	35.617
524.683	166.600	64.053	43.141
522.172	167.937	65.685	48.369
520.035	168.320	67.895	52.637
516.863	174.981	72.192	55.451
520.677	172.262	64.056	54.428
520.391	179.376	64.135	53.894
516.464	183.055	70.175	54.928
513.685	184.257	73.222	57.434
514.234	185.678	72.897	60.372
513.670	191.454	72.844	59.438
511.840	189.801	70.760	64.254
509.712	196.708	72.432	61.327
510.303	195.145	69.817	61.576
507.687	198.216	70.173	59.566
506.103	196.727	70.442	59.444
503.494	196.750	70.226	58.248
501.685	198.189	70.297	56.868
499.568	199.722	69.898	56.331
497.758	199.201	70.901	55.489
496.163	199.739	72.138	54.677
498.974	200.356	72.733	52.085
499.394	203.220	61.778	48.802
504.505	197.451	53.355	56.378
509.533	192.878	49.620	51.789
509.246	198.999	49.317	44.463
512.882	198.648	45.572	39.704
499.365	215.125	55.927	36.509
497.204	208.050	53.970	40.974
499.025	202.681	56.281	48.316
496.873	200.449	57.804	48.894
492.731	198.998	60.487	50.944
488.952	193.237	55.521	52.448
489.126	190.519	65.305	52.449
486.541	191.450	67.999	50.731
485.778	189.785	69.149	50.353
485.574	189.603	68.439	49.648
484.706	189.639	68.094	47.230
485.450	189.638	66.445	46.153
485.640	189.680	65.493	44.914
486.011	189.693	64.502	44.543
486.610	190.046	63.956	43.042
486.936	189.583	62.526	39.865
488.003	188.301	61.743	40.060
489.010	187.181	61.669	41.406
489.110	184.080	61.173	42.603
488.470	181.550	61.016	44.832
489.479	176.788	61.478	48.079
489.530	169.038	63.060	55.316
487.270	166.916	63.814	57.452
489.988	161.571	57.070	61.130
492.507	159.653	56.603	61.575
493.829	156.546	57.611	60.825
493.346	159.055	56.011	56.939
496.253	158.688	55.851	56.946
494.338	158.754	54.824	57.126
504.526	159.059	47.844	55.386
494.109	160.011	46.671	55.628
495.487	160.685	47.688	55.237
494.249	162.334	51.794	53.664
493.268	162.339	53.558	54.225
492.214	162.601	55.371	51.787
491.651	160.790	54.684	51.459
491.727	159.603	54.602	50.854
492.899	157.453	53.314	51.830
499.388	155.494	48.330	52.269
495.649	154.944	52.396	53.355
503.484	153.432	46.754	55.801
487.791	151.125	61.439	55.305
494.939	149.533	56.196	55.353
487.503	147.953	57.360	56.131
490.066	147.058	62.288	55.180
496.271	144.923	60.797	56.835
488.378	145.173	64.786	54.200
493.315	142.363	65.450	55.928
496.560	140.933	65.901	56.409
505.587	139.719	62.579	56.915
505.501	140.585	62.843	55.412
502.717	139.545	66.224	56.066
508.257	139.005	66.807	55.698
506.032	138.780	64.883	56.324
509.455	138.109	68.568	54.859
512.004	137.673	66.205	55.826
513.600	138.046	65.242	53.830
514.585	136.468	63.706	53.051
515.965	133.689	65.556	54.562
518.503	129.577	62.751	59.214
517.388	125.786	63.113	65.655
516.085	120.938	65.275	70.638
517.016	117.862	65.140	72.548
517.355	130.840	61.361	58.855
519.473	152.760	63.036	38.619
521.213	164.522	63.125	23.483
524.227	168.079	59.217	20.814
523.189	166.988	61.579	18.325
529.993	127.511	64.380	49.433
528.161	126.369	67.125	57.813
527.814	124.018	67.480	60.582
526.805	124.546	69.499	60.852
527.153	124.075	70.191	60.779
527.750	122.800	69.658	61.320
528.121	121.998	69.818	61.587
528.948	120.965	69.199	61.397
527.417	117.980	68.895	63.191
526.856	116.350	69.008	63.068
525.432	114.129	69.130	62.781
524.930	112.173	68.750	61.369
522.792	108.519	70.644	64.626
520.531	108.590	71.710	63.444
519.763	106.192	72.688	63.142
518.226	105.749	74.869	53.110
515.953	104.039	78.249	52.927
502.944	102.512	87.113	49.358
501.608	103.787	90.772	50.434
480.473	102.960	82.672	57.541
465.654	102.520	78.000	57.212
466.724	101.524	79.649	62.915
447.939	103.367	77.249	57.237
442.987	104.222	65.134	57.757
445.791	106.911	63.780	53.758
446.517	109.995	63.644	52.717
450.093	110.994	64.779	52.434
450.162	110.024	67.358	55.842
450.783	108.015	69.478	58.652
450.205	107.893	72.516	57.886
448.767	108.696	75.227	55.591
449.291	107.686	73.098	53.882
450.410	109.189	72.273	53.992
454.487	108.722	72.575	51.083
455.325	110.813	66.289	56.043
463.052	110.900	67.863	57.599
463.882	111.122	70.088	59.016
470.545	111.787	67.564	59.608
470.535	113.653	66.132	66.475
474.347	115.172	67.829	68.569
476.204	120.422	68.940	64.150
473.670	124.215	71.877	62.540
471.993	127.251	72.311	58.940
472.552	130.686	71.201	56.615
474.714	132.643	69.362	54.599
475.476	134.747	68.631	53.184
477.581	136.525	66.396	52.213
478.704	136.981	64.905	51.707
479.580	137.548	62.011	51.785
477.199	137.342	59.018	52.016
479.795	137.289	58.442	51.820
483.344	136.519	47.158	51.705
484.069	136.382	48.607	50.054
488.770	136.474	55.730	48.546
487.980	137.493	56.796	46.202
487.597	138.138	54.855	44.533
489.881	139.579	59.960	42.344
490.003	139.043	60.101	43.985
490.354	138.479	61.590	47.626
490.199	138.944	65.390	50.734
495.372	137.177	60.015	54.796
491.216	142.156	62.565	52.948
490.618	142.891	62.079	53.892
490.072	146.528	62.756	55.505
490.075	146.672	60.955	53.293
488.261	153.226	63.363	50.485
486.323	155.998	65.902	50.363
485.683	156.641	64.935	50.815
482.856	155.386	58.977	52.777
479.197	154.053	63.258	50.505
480.344	156.448	60.705	51.851
478.090	155.218	60.549	54.622
477.777	152.784	59.773	54.401
472.714	147.907	63.281	54.591
471.887	144.186	62.737	55.581
469.261	142.385	64.560	54.717
467.620	142.170	64.790	53.560
467.575	138.055	64.685	56.908
467.385	133.735	60.746	57.906
469.612	133.620	59.541	55.371
475.009	134.406	53.243	52.512
478.738	129.016	50.199	54.370
477.209	124.790	52.646	54.217
468.659	118.754	63.134	54.134
468.008	113.428	58.989	53.566
474.487	112.504	56.023	51.983
471.029	110.844	57.408	50.574
469.965	108.548	53.660	41.607
481.155	103.118	50.294	48.177
469.679	100.427	56.633	42.381
468.839	100.072	57.876	51.287
467.633	97.552	58.342	52.149
466.875	95.251	58.797	53.573
466.033	93.005	57.031	55.197
464.691	93.691	59.075	53.472
465.374	93.671	60.655	53.145
465.043	92.005	52.582	55.101
466.896	93.445	49.589	55.797
483.748	100.884	39.546	55.483
469.184	107.051	55.697	56.600
466.333	115.456	63.533	56.440
467.280	124.368	61.287	57.420
467.513	139.708	61.640	60.333
471.222	161.345	61.165	60.720
468.652	183.083	60.334	60.696
468.843	208.189	62.374	59.398
469.973	224.824	62.440	63.323
468.686	249.726	62.892	62.326
468.015	272.523	62.766	55.175
467.565	286.668	59.474	59.128
474.824	301.766	59.840	59.535
464.437	303.510	49.633	60.098
467.188	309.366	53.502	58.398
462.211	315.992	64.046	51.959
463.465	312.493	66.633	54.261
465.365	308.594	68.048	54.588
464.791	308.404	68.842	56.978
465.882	305.569	67.007	54.531
464.467	304.200	66.854	49.921
465.239	302.891	62.645	49.724
467.362	296.089	66.671	51.636
470.419	293.907	62.729	50.753
468.682	292.782	63.525	50.689
464.496	290.384	67.254	49.939
465.187	288.336	66.890	51.146
464.903	286.600	67.689	51.140
463.027	283.573	68.980	51.630
462.335	279.047	69.233	54.514
461.228	272.280	72.367	54.936
461.895	267.760	70.555	56.933
463.130	262.668	73.096	57.524
465.056	255.199	68.438	58.845
467.068	249.278	64.586	59.282
471.781	240.672	62.119	54.680
471.368	236.111	62.566	51.108
470.231	229.247	65.081	53.780
469.645	223.914	65.602	53.809
470.230	222.031	63.891	50.925
472.609	216.773	58.793	55.655
474.017	218.391	55.330	52.412
473.160	221.464	57.283	47.561
472.407	221.859	58.594	49.206
468.727	221.087	63.989	50.017
467.716	222.347	64.586	49.351
467.327	222.952	63.411	48.469
466.138	221.390	65.436	49.301
466.492	223.390	58.669	45.542
467.587	221.863	64.322	49.280
472.833	220.609	57.740	52.497
475.954	221.305	53.082	52.874
477.067	219.545	51.937	53.202
476.585	222.906	53.541	51.213
474.494	221.212	57.877	51.442
470.647	222.242	64.917	51.631
469.959	222.639	66.204	52.269
468.794	224.054	65.864	51.530
470.104	225.452	63.842	50.853
470.790	226.368	63.718	49.362
471.635	228.103	60.778	49.500
469.558	230.244	62.091	47.373
469.094	229.453	57.683	49.944
464.328	233.368	58.556	47.991
455.965	238.743	61.765	44.054
450.323	237.941	53.310	45.862
452.180	237.700	48.452	45.497
425.121	234.039	59.401	49.028
412.294	229.635	65.876	52.742
400.715	227.573	66.920	52.528
390.791	223.126	66.008	54.749
386.068	219.240	63.151	54.659
378.794	217.031	61.890	53.811
376.807	213.393	60.461	54.770
376.057	212.063	58.703	54.171
374.145	211.304	59.726	53.663
373.012	210.116	62.581	54.102
372.406	211.474	68.701	54.336
378.405	213.293	62.443	53.206
386.895	214.831	61.649	52.900
394.136	216.608	56.565	46.918
404.122	215.809	49.413	46.188
413.605	215.671	46.517	46.688
418.753	213.756	44.854	47.411
423.721	214.813	41.571	46.216
432.176	207.925	41.093	52.277
435.973	204.853	40.187	54.940
437.863	205.831	41.134	53.959
438.857	210.821	44.159	49.130
440.018	214.302	48.805	46.144
442.073	214.108	51.441	47.239
442.662	212.495	58.848	50.048
443.994	211.323	59.708	52.403
445.428	212.903	63.245	52.226
447.036	213.637	64.700	52.250
459.995	215.118	58.962	51.125
504.041	203.884	59.904	56.904
494.674	195.183	59.944	56.069
480.966	188.919	63.412	57.734
470.546	184.062	64.467	54.130
458.745	181.307	68.759	52.277
444.640	180.168	66.082	50.338
433.556	179.086	67.024	49.858
428.363	179.987	65.162	49.727
424.942	179.227	61.399	49.819
424.507	180.426	62.299	48.478
424.783	180.721	61.353	51.198
427.159	182.342	62.310	50.221
433.849	182.948	61.111	51.066
442.316	183.518	58.355	53.220
452.887	184.641	67.449	51.882
472.244	185.347	76.707	53.512
496.045	186.275	64.269	61.413
496.146	233.196	73.549	48.752
486.854	228.083	77.290	51.960
474.010	229.875	72.987	50.337
451.480	228.907	67.654	53.000
430.141	226.514	68.983	54.925
418.925	222.687	65.685	57.129
412.259	216.589	62.640	56.831
402.421	211.535	66.782	54.086
402.251	207.777	63.371	52.623
402.730	205.546	61.972	51.978
405.026	203.822	59.724	52.043
409.674	204.107	57.678	50.779
413.902	203.886	62.957	51.254
419.809	204.627	65.511	50.967
425.941	205.721	60.304	52.601
434.653	198.456	67.164	71.846
512.053	216.380	75.936	56.450
512.959	218.056	71.324	58.052
503.445	212.554	71.022	63.301
487.468	205.631	81.017	64.603
482.439	203.462	86.003	65.774
484.930	210.295	72.845	57.651
485.554	217.916	73.546	50.663
475.008	233.325	52.313	53.017
472.691	237.591	48.996	49.717
469.889	233.955	46.527	53.638
468.087	231.041	36.700	57.676
466.989	230.042	32.437	57.215
463.622	225.987	30.028	57.317
460.974	230.131	25.652	48.982
457.727	232.707	27.899	47.037
451.945	231.670	32.681	49.093
444.789	235.248	40.755	46.955
440.393	233.155	48.049	50.788
437.604	235.110	54.272	50.219
437.070	234.290	59.140	50.957
440.769	229.984	69.863	55.711
447.792	230.128	65.763	55.125
457.953	226.467	59.460	54.744
466.742	224.609	59.702	54.399
478.155	223.552	53.467	55.626
490.314	216.443	49.659	60.240
493.747	215.137	46.997	59.875
497.623	218.555	50.807	55.686
501.158	216.786	51.378	55.388
503.199	210.125	63.484	58.882
499.644	207.602	70.791	56.027
501.861	205.986	67.893	54.097
497.412	205.716	73.335	52.956
496.659	206.164	76.073	51.054
495.315	206.189	74.943	51.403
494.227	206.563	72.501	56.096
492.060	208.202	62.683	55.630
486.881	212.456	61.726	57.780
487.818	209.878	69.110	60.906
501.012	208.408	58.880	60.471
491.893	211.460	61.492	58.283
481.346	220.989	65.505	53.207
479.810	221.765	63.146	55.712
478.129	223.428	62.208	53.270
476.563	224.856	62.400	52.891
475.911	226.301	62.665	50.880
475.422	226.977	60.517	51.541
474.253	228.272	62.116	51.602
474.915	227.426	61.553	51.246
476.415	227.837	58.972	52.085
474.987	230.363	61.199	49.913
470.974	230.618	66.924	52.411
478.371	225.273	65.298	57.172
482.527	225.238	66.057	54.286
485.432	224.765	64.603	54.049
491.879	225.044	59.198	53.212
494.872	226.129	58.117	54.104
497.100	226.636	62.788	54.727
496.422	223.769	67.794	57.654
503.797	225.182	69.592	57.330
505.211	228.555	62.048	57.530
506.057	227.982	57.945	57.162
510.610	224.679	53.761	59.288
508.004	222.590	60.389	59.991
501.739	223.754	67.071	60.589
499.877	223.974	71.306	59.008
499.449	224.596	75.091	57.623
497.948	224.781	76.205	57.280
496.332	226.589	62.802	55.073
506.801	230.123	57.519	51.151
498.147	227.844	68.098	52.298
501.347	227.779	66.181	50.727
499.247	229.503	67.365	49.887
498.881	229.680	64.722	51.125
497.881	230.607	60.482	50.974
499.772	231.510	54.324	52.055
496.424	232.306	53.172	52.668
500.380	234.835	51.417	50.594
498.336	234.614	52.006	51.260
497.549	234.350	53.521	52.018
496.728	235.629	54.707	49.659
493.873	240.306	58.823	45.355
492.900	239.968	59.937	46.020
491.693	237.878	62.268	48.803
496.452	235.405	62.662	51.421
494.845	235.440	68.183	51.230
498.209	236.426	67.319	51.187
503.463	235.334	64.467	47.066
508.127	235.037	58.269	46.913
511.000	234.577	64.002	47.564
515.888	233.289	64.997	50.984
523.222	232.138	63.965	50.143
534.252	233.949	58.149	47.799
542.946	234.013	54.973	46.330
550.396	226.349	56.652	52.144
554.117	223.108	63.461	52.201
556.523	220.662	69.697	53.455
559.340	220.496	72.032	53.485
566.549	223.098	57.770	53.897
571.009	221.414	64.255	43.985
570.763	217.967	71.341	54.359
575.009	216.911	67.443	59.455
578.116	216.003	64.716	60.881
578.256	215.910	66.028	61.088
579.563	216.163	65.360	60.753
574.400	218.625	69.918	57.455
573.777	219.187	68.178	56.401
573.769	221.225	63.663	54.272
573.501	221.634	59.646	52.719
567.913	224.936	62.383	49.154
562.598	224.409	66.078	52.030
563.693	225.848	60.003	52.685
563.577	225.394	58.321	51.260
559.773	224.269	60.638	53.525
558.633	224.503	60.177	51.417
551.634	225.946	64.440	49.208
552.906	224.236	61.463	50.497
551.447	225.917	62.387	47.289
548.902	225.647	63.167	47.316
550.028	225.761	57.466	48.249
549.943	226.062	56.438	48.882
551.064	225.098	51.377	51.422
551.906	228.601	47.642	48.970
554.377	228.505	44.492	50.141
554.691	229.670	44.128	49.438
554.763	228.993	42.950	52.320
552.053	233.571	43.011	50.482
550.333	239.908	43.752	44.197
549.850	239.450	44.270	45.027
549.247	240.472	48.681	44.609
551.636	239.326	66.367	46.619
545.675	237.778	85.830	48.119
562.702	231.973	76.259	54.152
563.381	233.083	76.984	50.413
548.261	237.506	82.580	47.620
543.024	237.320	83.439	50.520
538.666	232.516	95.144	54.536
582.534	229.384	69.697	54.648
590.688	230.435	67.228	52.071
600.452	232.325	57.253	52.202
604.730	236.453	51.569	50.396
536.297	239.258	49.396	45.662
535.900	236.785	45.744	45.467
537.884	234.695	41.742	46.089
538.560	233.861	39.292	44.312
539.347	231.899	37.338	43.868
541.655	227.271	35.804	44.658
541.876	222.222	40.403	47.141
542.257	218.451	45.372	47.187
542.134	216.618	50.946	45.129
543.304	215.801	53.613	42.473
545.978	212.440	56.940	44.711
547.987	212.116	58.989	43.039
551.481	211.203	58.350	43.474
552.065	209.548	57.804	45.555
553.945	210.859	58.221	49.255
545.475	212.235	64.438	50.275
539.490	212.726	67.940	52.820
537.117	214.050	67.352	53.215
534.767	216.516	64.873	50.316
534.235	216.626	60.747	50.722
532.042	218.037	58.284	48.579
525.568	216.820	64.646	49.007
524.552	216.041	65.673	48.693
524.652	215.600	66.605	47.952
525.524	214.230	65.832	47.842
525.648	212.912	66.809	47.997
528.410	213.554	66.248	48.373
529.235	213.862	63.983	49.363
533.862	216.863	58.631	49.399
530.251	219.155	59.720	52.354
529.105	222.036	56.281	51.788
524.600	227.212	57.756	54.747
521.528	230.855	56.925	52.830
514.148	231.057	60.986	55.371
502.896	233.336	67.242	52.997
494.720	233.165	70.768	51.888
490.584	231.463	71.062	54.745
492.480	231.485	62.953	55.754
488.193	229.258	68.372	55.134
485.653	226.587	70.649	55.028
486.185	227.112	69.623	53.091
485.505	227.425	70.548	51.683
487.054	227.359	69.611	53.683
490.436	232.491	58.882	50.439
494.866	228.563	64.770	53.770
494.914	229.122	62.792	55.770
498.929	229.986	60.938	55.254
497.724	229.339	61.629	56.954
493.130	230.127	66.280	55.553
491.045	229.648	68.978	57.243
489.790	229.354	67.954	57.347
488.523	229.397	69.224	57.757
486.490	230.585	72.328	58.108
486.261	229.517	73.971	59.780
486.996	229.439	73.323	58.527
486.816	227.384	73.736	57.803
491.343	226.190	69.172	58.515
498.134	226.139	61.736	53.252
503.063	224.073	56.097	51.565
505.967	222.415	55.623	54.355
508.576	219.585	58.197	56.915
507.879	222.636	65.459	55.053
505.670	223.026	71.492	54.296
507.750	223.452	69.703	53.771
508.837	223.707	68.358	54.863
513.880	227.601	65.751	51.695
516.892	228.903	67.763	50.322
518.289	229.639	68.316	53.057
521.324	230.545	66.930	52.373
526.708	231.402	63.845	52.155
536.535	237.198	55.452	48.763
540.373	234.686	53.002	51.561
543.102	235.934	55.829	49.084
543.630	234.418	60.535	49.625
544.746	236.216	62.172	48.045
549.921	233.106	60.425	51.743
550.259	232.100	61.968	54.579
554.412	229.874	62.793	56.351
557.801	228.526	61.147	56.750
560.408	225.776	62.839	54.388
563.644	222.067	65.222	54.672
561.522	222.463	70.698	50.798
561.469	221.869	71.711	50.694
562.400	222.254	71.113	49.949
560.384	222.635	71.088	51.315
557.388	224.838	62.920	48.350
557.254	223.903	63.813	53.094
553.077	225.522	61.149	52.804
547.667	230.533	61.458	48.915
543.190	231.343	59.976	49.070
539.231	234.077	58.491	49.595
533.829	237.034	58.962	47.268
527.036	238.977	60.989	47.518
523.318	240.122	58.060	49.044
522.560	242.249	53.689	48.300
522.345	244.627	46.316	47.363
521.732	248.144	36.945	46.612
520.299	251.543	36.959	44.750
519.617	252.473	32.502	44.738
520.859	255.098	29.901	43.213
520.813	255.152	29.213	42.892
522.949	253.875	27.300	45.508
526.388	251.055	20.426	47.411
526.105	246.548	20.078	51.992
526.860	244.055	20.576	48.838
528.398	246.459	19.770	46.455
528.746	244.972	19.228	48.124
528.481	246.661	18.763	45.768
528.268	246.355	17.257	46.429
526.816	247.783	17.881	47.607
525.018	246.012	18.747	49.626
526.079	245.995	16.136	50.833
527.035	247.174	15.419	50.060
525.989	254.039	17.425	44.053
527.308	256.818	18.303	40.694
529.780	249.538	18.927	45.832
533.040	244.539	20.283	48.984
536.750	234.832	21.331	51.576
536.495	226.616	25.558	36.464
540.193	218.492	30.864	32.911
546.311	211.346	30.784	31.560
550.658	199.745	33.825	32.338
555.707	183.250	37.160	34.862
551.380	164.981	37.512	35.767
554.779	150.170	44.635	37.774
553.282	136.257	53.481	42.698
549.614	121.514	62.506	47.220
546.804	112.259	69.564	49.792
545.369	105.416	72.758	55.114
544.454	101.659	77.940	57.111
545.836	103.221	75.350	58.935
547.180	106.695	77.041	59.490
549.888	109.862	77.336	64.958
555.979	114.526	75.051	57.544
561.352	119.768	71.081	55.213
567.114	123.439	66.673	54.559
568.957	125.701	68.782	53.220
571.373	124.907	68.887	54.463
573.282	121.638	71.564	54.863
574.774	117.156	75.623	57.736
577.912	110.643	76.267	57.991
584.098	105.308	78.231	64.952
591.236	102.952	83.335	63.774
601.657	102.264	85.247	62.949
608.852	105.357	87.778	61.358
630.985	109.699	71.601	60.136
652.174	115.800	61.514	58.365
666.076	125.941	57.155	61.767
655.893	146.476	64.763	65.970
676.036	190.746	72.367	54.128
686.367	177.334	56.344	62.644
676.183	200.403	54.748	70.054
672.474	216.982	63.574	71.424
658.948	226.989	72.151	65.897
624.072	230.282	68.181	61.605
