22.000	345.000	102.000	108.000
58.720	338.327	96.784	112.825
93.764	332.365	91.149	111.243
121.484	327.549	90.059	104.611
151.309	322.409	83.495	103.785
173.432	320.048	80.388	97.522
192.834	314.716	77.666	98.960
208.220	311.172	75.119	98.894
223.364	307.995	71.263	97.552
235.338	304.069	67.671	96.219
248.524	300.509	61.726	95.073
255.776	298.034	57.597	94.669
261.717	294.664	56.171	92.361
266.944	291.411	55.005	89.604
271.991	286.885	52.267	90.632
274.956	284.386	49.613	87.363
275.972	282.353	48.722	85.415
275.296	276.650	47.245	86.905
273.705	273.475	46.785	85.803
270.980	270.936	46.788	85.471
268.738	269.109	45.803	84.068
265.662	266.814	46.391	82.888
261.525	265.647	46.418	80.850
257.465	261.712	44.745	80.865
254.279	260.133	47.017	79.598
251.680	258.031	46.007	77.657
247.712	255.542	42.322	74.242
245.708	253.550	41.875	73.668
243.362	251.323	42.567	72.344
241.592	249.148	41.119	71.813
239.504	247.401	39.884	70.144
237.909	245.682	39.483	68.425
237.487	243.166	39.705	68.031
235.949	241.820	40.048	65.981
236.233	239.364	38.653	64.399
236.758	237.829	37.422	63.286
237.563	236.450	35.798	63.612
237.966	234.714	35.303	62.412
239.514	231.542	34.940	61.973
240.913	229.850	35.445	60.739
242.458	227.970	34.712	59.728
243.991	226.804	33.192	58.306
245.989	225.591	32.736	57.058
247.499	224.501	32.031	55.925
249.136	223.214	31.830	54.650
252.480	221.140	30.324	54.030
256.667	218.261	29.074	54.338
258.557	218.020	29.078	52.654
261.374	216.362	28.660	52.805
264.241	214.333	28.226	52.400
267.527	213.678	27.936	50.742
270.700	212.822	27.125	49.584
272.921	211.007	27.536	49.607
276.021	209.907	27.061	49.136
278.793	209.846	26.324	47.455
281.650	208.967	25.672	46.349
284.253	206.534	25.457	46.571
287.050	206.464	24.910	44.616
290.235	204.779	24.268	45.447
291.901	204.929	24.923	44.387
295.520	202.796	24.494	45.125
298.302	201.187	24.809	45.385
302.158	200.520	24.038	43.625
305.305	198.887	23.913	43.991
309.084	197.228	23.213	44.155
312.513	196.410	22.938	44.987
315.359	195.782	23.142	43.708
319.886	193.510	22.685	43.355
322.496	192.990	23.304	43.104
326.349	192.660	22.415	40.509
327.930	191.648	23.009	40.701
331.772	190.499	22.396	42.380
336.039	188.946	22.306	40.642
338.838	188.240	22.632	39.873
341.688	187.507	22.176	40.417
344.688	186.587	21.688	39.169
347.616	186.075	21.228	40.068
349.870	184.650	20.996	39.453
351.924	184.147	21.291	38.434
354.476	183.371	20.820	39.027
356.014	181.909	20.480	39.075
359.538	181.315	19.889	39.120
361.108	180.274	20.222	39.437
363.348	179.857	20.505	37.971
365.395	178.822	20.153	37.573
367.762	178.990	20.127	35.978
369.732	179.019	19.841	34.316
372.677	177.629	19.259	35.222
374.781	177.401	19.624	35.308
377.968	175.291	19.049	35.628
379.167	175.258	18.926	35.102
381.875	174.808	18.241	34.554
383.750	173.986	18.824	35.208
386.102	173.502	18.881	33.057
388.537	172.860	18.010	33.253
