584.000	81.000	46.000	31.000
581.886	81.543	45.227	32.030
578.211	82.708	46.532	31.609
574.711	83.237	46.757	31.768
571.450	83.525	47.975	32.580
568.127	84.290	48.690	32.078
564.802	85.186	48.547	32.334
561.534	85.925	49.133	32.487
558.114	86.578	49.443	32.588
554.696	87.190	49.630	32.846
551.189	88.078	50.386	32.560
547.580	88.948	51.001	32.879
545.038	89.091	51.554	33.447
541.858	89.400	51.552	33.726
538.259	90.281	52.059	33.516
534.828	91.176	51.769	33.670
531.449	91.565	52.167	34.339
528.196	92.894	52.250	33.804
524.501	93.330	53.478	34.717
521.042	93.875	53.212	34.788
517.150	94.712	53.853	35.092
514.114	95.769	54.043	34.897
509.564	96.291	54.518	36.068
506.271	96.989	54.841	36.123
502.719	97.567	55.440	36.734
499.091	98.017	56.928	37.059
496.613	98.352	57.420	37.415
493.192	99.154	57.109	37.559
489.980	99.823	56.957	37.977
486.876	100.560	57.413	38.395
483.185	101.078	57.816	38.711
480.414	102.306	57.846	38.707
477.503	102.810	58.185	39.407
474.061	103.354	59.399	40.030
470.977	103.986	59.202	40.458
467.544	104.984	59.426	40.505
464.897	105.667	58.494	40.872
461.254	107.077	59.278	40.670
458.499	108.294	58.963	40.943
455.376	109.223	60.174	41.369
453.280	109.257	60.527	42.260
451.032	110.049	60.501	42.356
447.608	110.341	61.097	42.962
444.216	110.722	61.277	43.824
441.357	112.038	62.248	44.513
438.761	112.672	62.108	45.155
435.729	113.277	62.640	46.187
432.888	114.971	63.502	45.367
430.847	115.864	63.019	45.578
428.115	116.722	64.078	45.803
425.967	117.611	63.613	46.468
423.767	118.197	64.218	47.121
422.332	118.708	64.359	47.971
420.091	119.214	64.540	48.553
417.350	119.977	65.589	48.987
415.430	121.361	65.619	48.883
413.230	121.832	66.241	49.667
411.614	122.568	66.088	50.293
409.547	123.505	65.863	50.661
407.038	124.505	67.001	50.942
404.599	125.358	67.613	51.772
402.517	126.442	67.546	51.798
400.640	127.545	68.162	51.651
398.382	128.871	69.050	51.664
396.977	129.700	69.047	52.535
395.482	130.652	68.866	53.250
392.889	132.470	70.180	53.057
391.547	133.399	70.069	52.451
390.025	134.561	70.364	53.181
388.262	135.998	70.671	53.409
386.757	136.580	71.370	54.219
362.230	138.112	73.340	54.159
325.060	140.126	72.922	54.621
304.897	144.326	74.952	56.544
304.354	146.291	74.210	56.706
303.179	147.867	72.977	57.232
302.025	149.928	73.770	56.418
300.750	150.580	73.810	58.083
298.396	152.040	75.023	58.412
296.683	153.954	77.042	58.845
295.606	155.485	76.749	59.407
294.813	157.175	76.830	59.881
293.813	157.159	77.497	60.742
293.310	158.760	77.710	62.175
292.156	161.204	78.373	62.333
257.702	164.159	82.885	61.702
224.220	166.527	81.669	63.940
225.297	167.829	80.974	65.401
225.664	170.200	81.609	66.326
224.232	172.583	82.961	65.517
225.562	173.534	81.378	66.919
226.046	174.352	82.301	68.382
225.194	176.785	84.490	68.725
224.917	177.727	85.739	70.401
226.290	179.189	85.750	70.972
227.825	180.692	85.555	71.981
228.110	180.946	86.547	74.182
228.844	183.365	87.031	74.279
227.609	184.807	89.748	74.939
228.611	187.041	90.169	75.750
229.301	188.587	90.632	76.434
230.527	190.584	91.578	76.889
230.318	192.049	93.584	78.565
230.230	193.293	94.981	80.095
231.247	194.628	96.453	81.355
231.780	196.850	98.866	81.742
234.058	199.105	97.968	82.303
234.368	200.821	99.935	83.949
234.686	203.078	101.866	84.363
235.491	205.249	103.087	85.453
236.787	206.854	103.429	85.998
239.253	208.771	102.597	85.732
239.879	211.257	103.907	86.111
239.648	213.697	107.203	86.430
240.191	215.627	108.471	88.454
241.860	218.697	108.017	88.924
243.441	221.197	108.880	90.107
244.701	223.022	109.962	91.450
244.793	226.249	112.153	91.452
245.857	227.733	112.887	94.434
245.507	230.047	115.490	95.605
246.158	232.072	115.928	97.092
246.092	234.090	118.352	98.822
246.884	236.065	118.620	100.190
247.099	238.564	118.752	100.233
246.030	242.062	120.215	100.127
245.238	244.061	120.672	101.622
242.293	246.740	123.040	102.603
240.115	246.695	124.974	106.041
237.511	249.903	127.662	105.952
245.003	252.404	128.804	105.026
275.583	254.984	130.305	105.537
308.232	255.663	128.421	108.124
321.182	257.544	129.948	109.621
317.697	257.530	132.723	112.480
310.407	258.824	139.125	112.999
305.493	260.670	143.690	115.274
298.710	263.738	147.604	114.586
292.171	265.192	152.570	114.750
283.685	267.748	158.379	114.242
273.154	268.323	164.951	115.908
265.746	268.714	169.129	117.368
265.878	270.996	179.880	117.790
291.404	270.398	181.642	120.639
319.660	273.061	186.472	119.331
317.808	269.813	195.360	119.852
305.934	270.417	200.375	122.612
294.925	272.837	205.583	121.100
285.933	274.056	209.035	121.030
271.500	274.975	218.836	122.466
255.103	276.747	227.768	123.714
235.398	278.528	235.564	123.909
222.545	279.247	243.007	124.765
208.271	281.600	244.222	124.332
198.505	282.214	247.524	124.282
182.625	283.803	257.626	122.990
165.464	284.342	262.652	123.120
143.855	287.653	271.757	121.931
126.020	287.807	275.885	122.596
113.676	289.845	275.566	123.263
99.265	289.081	283.970	124.469
61.445	289.157	307.607	125.359
54.180	287.962	297.222	128.031
76.919	290.788	290.958	126.358
81.588	291.658	297.792	125.250
59.015	296.056	306.484	118.873
36.454	294.892	303.699	120.647
16.015	295.936	302.388	120.063
9.075	299.981	296.048	116.565
6.920	294.919	291.827	119.929
11.799	294.951	297.936	120.914
28.280	291.900	293.585	120.546
41.924	296.807	302.380	113.784
66.643	300.534	291.098	115.701
48.471	297.768	288.016	116.605
30.863	297.386	291.237	116.772
32.744	294.779	293.152	116.572
50.262	292.618	283.816	116.146
67.390	291.836	280.155	114.054
87.264	288.211	275.745	115.956
107.960	288.394	270.358	112.727
126.748	287.054	265.549	111.486
140.472	285.619	262.970	110.144
164.146	282.867	254.037	109.436
169.439	279.094	247.194	108.644
161.080	274.987	235.527	110.178
152.164	274.500	226.742	107.399
140.712	274.550	221.168	102.217
126.533	271.667	227.007	101.349
117.283	269.337	210.071	100.674
106.830	264.605	202.193	101.889
97.884	261.275	200.678	101.697
89.618	260.007	194.583	99.619
79.110	258.051	189.125	98.710
68.936	256.236	185.666	97.390
55.512	253.786	179.370	95.538
49.245	251.390	179.956	96.184
39.154	249.925	177.492	93.647
25.558	246.012	173.061	93.510
20.515	244.837	167.608	91.621
11.748	241.206	164.893	92.683
