431.000	401.000	69.000	93.000
433.169	391.082	67.230	95.893
445.004	389.209	63.299	95.951
457.798	388.121	57.918	95.309
459.769	386.380	61.465	95.932
460.986	384.426	63.802	96.602
459.969	380.665	71.964	96.060
462.763	376.219	77.431	96.493
471.361	374.251	71.289	98.137
471.544	383.308	72.465	95.964
486.843	388.503	61.741	95.383
485.282	387.319	62.390	94.893
483.358	388.432	60.462	96.887
478.115	388.692	63.938	99.174
470.233	389.054	68.675	100.749
466.756	389.458	67.828	99.001
456.632	389.519	74.054	99.466
451.748	390.485	73.960	97.621
451.918	391.944	69.273	97.191
445.119	395.158	64.685	99.042
439.381	397.122	61.518	95.387
444.149	397.722	60.671	97.561
443.768	394.613	62.844	99.128
442.444	392.324	66.994	100.599
438.060	391.156	71.776	99.941
449.173	390.716	75.490	96.008
450.994	391.819	74.498	96.923
447.183	395.408	77.334	94.618
465.452	397.853	62.990	93.196
474.817	398.567	56.571	91.786
485.628	396.363	53.039	93.635
487.371	392.218	55.334	96.403
488.309	389.904	57.990	95.811
486.722	386.241	62.481	96.524
485.798	382.574	66.263	95.602
486.661	379.701	70.036	97.034
489.278	379.277	68.241	96.397
495.194	378.670	60.378	95.931
500.169	379.540	57.027	93.935
509.181	380.582	53.700	91.259
513.906	378.994	55.529	92.731
516.533	379.485	58.929	94.144
517.364	379.824	64.225	94.357
518.797	380.843	71.643	92.623
527.736	380.938	72.888	92.267
536.922	382.643	71.489	93.158
548.775	384.146	66.620	91.600
557.891	385.282	60.297	90.676
567.541	383.604	54.919	94.005
569.626	382.043	57.289	95.188
573.844	380.175	60.092	95.645
577.057	377.448	61.236	94.668
576.883	376.604	62.666	93.231
576.928	375.791	64.791	93.377
577.364	375.564	64.820	93.082
579.843	375.935	61.382	90.983
585.360	373.921	54.876	92.629
591.198	372.024	49.952	91.460
588.189	370.964	54.800	90.316
582.513	368.671	56.208	90.039
575.087	367.291	61.697	89.698
570.117	367.430	64.827	89.342
566.922	367.626	62.440	91.677
565.659	368.869	63.637	91.344
569.434	370.108	57.844	90.112
572.972	371.152	56.309	87.661
572.967	371.846	55.703	87.029
565.881	371.220	55.134	87.849
562.123	369.242	55.289	89.706
558.467	368.638	56.429	89.288
554.593	366.378	58.917	91.107
556.499	366.182	57.244	90.216
563.477	365.607	53.499	90.705
569.840	366.562	51.142	90.280
572.423	366.807	49.919	88.014
575.451	369.447	48.051	84.087
575.257	367.170	49.347	88.618
577.709	363.280	45.986	85.883
581.237	361.411	46.944	83.659
585.131	359.561	49.469	86.497
586.456	359.719	51.303	87.982
587.917	361.581	50.847	88.547
589.132	365.420	47.931	87.887
591.815	368.355	48.259	86.996
592.793	369.913	49.708	86.375
594.917	370.761	50.624	87.243
596.063	370.441	51.686	89.445
597.600	372.819	52.365	85.783
596.337	371.700	56.284	86.424
596.304	370.799	57.863	89.337
598.942	372.726	56.597	86.319
487.319	370.088	52.440	87.559
604.031	420.088	52.992	118.272
779.451	370.434	22.820	89.859
600.942	373.583	57.407	91.808
600.860	371.274	56.787	88.753
605.069	369.543	51.450	91.622
600.871	367.026	54.015	91.819
601.593	365.961	53.304	91.055
601.326	364.656	51.956	86.060
604.586	363.091	45.231	88.459
600.459	364.163	49.495	78.848
600.190	362.127	46.133	82.980
598.415	362.681	45.653	85.199
596.808	362.299	46.282	86.896
596.196	360.670	55.102	88.049
600.742	359.162	54.747	88.050
602.498	356.741	56.971	88.304
606.482	354.574	55.926	89.648
606.763	352.461	52.097	89.274
602.126	351.294	48.406	86.096
598.896	352.528	45.680	80.303
594.236	351.435	45.943	78.872
587.722	347.689	47.814	79.844
585.270	343.558	48.212	85.615
583.455	342.161	51.264	84.797
582.590	342.187	52.307	83.331
589.031	341.161	48.346	83.840
589.729	341.421	48.322	84.039
592.721	342.833	47.053	82.094
593.814	342.438	47.682	82.551
594.987	343.118	47.166	79.725
598.966	342.379	47.864	79.072
602.676	340.886	48.092	79.107
608.193	340.408	47.250	79.898
610.113	340.217	50.237	80.034
611.603	339.757	49.400	81.041
614.354	339.813	48.342	81.605
615.801	342.338	48.031	79.431
617.788	342.925	47.198	78.928
620.306	344.068	46.757	77.098
622.035	343.498	45.117	78.263
622.240	342.271	44.985	79.211
623.556	342.095	44.302	79.264
623.059	342.063	48.133	78.828
628.570	343.135	48.127	76.545
635.315	342.609	41.273	78.486
637.118	344.612	43.213	77.349
638.241	345.440	43.835	77.372
639.012	346.657	45.339	77.150
640.784	347.418	44.522	77.496
645.612	345.750	44.818	75.589
650.366	341.593	44.434	77.627
652.829	341.207	43.826	74.109
655.570	339.956	41.542	76.612
658.739	339.741	41.761	75.282
662.022	339.669	41.887	76.056
665.502	341.084	41.646	72.903
670.552	341.769	39.918	73.310
671.080	342.265	41.750	72.405
672.699	340.998	42.033	74.368
674.139	341.518	42.462	72.714
677.387	340.032	41.350	73.821
678.866	339.360	41.282	75.369
681.291	340.146	43.108	73.296
683.601	340.203	43.518	75.021
686.319	340.781	43.635	73.488
690.419	341.314	40.507	73.204
691.365	341.496	38.780	72.692
692.676	342.206	39.152	70.851
692.821	339.475	39.842	72.344
696.943	337.654	38.316	74.068
699.910	336.157	38.575	75.597
701.631	336.565	38.372	73.665
706.023	332.448	36.791	74.766
707.361	330.403	36.479	74.195
708.171	334.476	38.754	70.165
710.360	335.870	38.616	69.689
712.804	337.017	37.405	69.413
715.638	337.170	36.380	69.346
716.685	338.064	38.546	68.869
720.301	337.483	38.454	68.086
724.176	338.297	37.814	68.591
729.520	338.178	37.077	68.635
730.712	338.972	37.248	69.252
735.485	342.441	37.695	65.901
740.421	343.319	37.311	65.820
745.115	344.324	36.944	68.160
747.426	345.200	37.918	68.987
750.079	346.354	36.689	68.404
754.472	344.543	36.032	72.412
755.058	344.299	36.181	70.578
759.084	345.646	37.286	70.005
763.880	343.319	35.977	72.414
766.120	345.741	35.786	70.126
769.050	346.903	35.791	67.417
771.341	347.426	35.495	67.417
772.738	347.082	36.143	66.274
774.262	345.211	38.600	67.202
778.469	344.661	36.785	66.450
781.465	344.176	36.726	65.346
785.246	342.748	35.920	65.945
