210.000	277.000	54.000	83.000
201.087	278.834	52.257	81.119
192.923	278.415	50.676	81.527
184.319	278.944	50.418	81.277
174.657	278.676	51.393	81.814
165.969	279.274	50.457	81.926
157.044	279.499	51.043	81.761
147.701	281.423	50.925	80.240
135.770	282.941	50.419	80.066
126.888	282.656	50.642	80.411
120.290	282.849	52.843	80.411
110.114	284.238	54.000	79.983
100.918	284.846	56.102	80.359
91.891	285.957	56.968	80.785
83.688	287.463	56.616	80.867
79.068	288.351	54.590	81.736
76.357	289.037	49.999	82.213
74.490	288.906	45.673	83.298
70.409	290.701	45.169	83.724
69.068	291.427	42.220	85.449
70.685	292.420	38.942	86.792
67.588	293.856	38.261	84.891
67.023	295.934	36.471	83.630
66.301	296.221	37.517	83.972
64.848	298.190	37.178	84.300
65.699	298.938	36.395	86.746
66.143	298.763	38.838	91.761
68.596	300.418	39.830	91.447
69.741	300.234	41.805	91.533
72.680	300.233	43.004	92.021
74.507	301.050	45.009	91.943
75.557	301.322	45.408	90.674
79.572	301.783	46.817	92.786
83.497	302.948	48.169	94.291
88.434	303.382	49.548	94.774
92.601	305.662	51.966	93.906
97.612	307.034	53.304	91.576
105.179	307.352	53.300	90.658
111.061	308.426	56.055	87.217
121.481	310.082	57.135	84.163
131.313	309.958	57.181	84.589
139.462	308.534	59.397	89.119
148.409	308.759	60.018	88.899
157.308	307.560	59.400	88.349
161.766	307.556	60.355	87.872
169.685	307.016	61.479	85.628
176.674	306.990	62.234	84.567
183.388	306.094	63.930	85.864
191.423	305.797	62.798	86.511
199.463	305.177	63.549	86.516
207.885	304.437	62.543	85.964
214.524	303.505	60.731	87.072
220.162	302.239	60.379	87.569
225.032	300.698	59.792	88.487
229.417	299.516	57.986	88.807
233.392	297.156	54.108	90.744
236.706	297.062	52.549	91.294
240.963	295.251	50.591	91.307
244.483	293.732	48.680	92.373
247.867	293.818	47.289	90.814
249.235	293.173	46.942	89.834
251.100	292.208	46.537	90.114
251.945	291.769	47.731	87.762
253.766	291.171	47.653	87.599
254.371	290.586	48.932	86.389
255.425	289.302	48.442	86.121
255.117	288.991	48.601	85.818
255.341	287.745	47.380	88.325
255.731	286.248	45.503	89.746
255.452	286.204	44.569	89.086
255.643	285.466	43.009	89.243
255.585	284.389	43.254	89.568
254.083	283.826	42.493	89.013
253.921	283.497	40.172	88.307
251.867	283.007	39.464	86.967
250.355	281.788	38.538	86.292
248.048	280.909	39.011	85.563
246.544	280.154	39.834	84.267
245.902	279.330	39.736	85.165
245.319	278.210	40.110	85.765
244.929	277.042	40.168	86.035
244.949	276.011	39.966	87.448
244.881	275.806	40.732	87.429
245.346	274.546	40.181	88.145
245.438	273.885	41.069	88.612
246.434	273.445	41.271	87.263
247.416	272.946	43.677	85.772
248.882	271.815	42.827	85.616
249.819	271.538	43.127	85.002
251.212	270.524	44.016	84.109
252.139	270.026	45.015	82.840
253.074	269.281	45.051	82.287
253.787	268.317	44.721	82.152
254.888	267.022	42.218	83.375
254.987	266.630	41.562	83.258
255.711	265.717	39.804	82.302
255.039	265.219	39.187	80.436
254.640	264.799	37.757	80.273
253.577	264.394	35.803	78.420
251.654	263.691	35.388	76.884
248.598	262.630	35.823	76.806
245.159	261.469	35.725	79.010
242.565	260.296	35.101	80.954
238.022	260.139	37.482	78.456
233.428	259.328	38.585	75.015
228.163	259.120	40.860	71.655
220.983	258.651	41.360	71.125
215.661	258.961	42.855	71.080
211.322	258.996	42.166	70.391
205.907	258.088	43.400	72.261
200.290	257.210	44.195	73.928
194.635	256.763	43.909	73.982
191.050	256.190	42.247	76.596
186.013	255.999	43.458	77.086
182.778	255.783	43.630	76.969
178.016	255.912	43.307	77.230
173.588	254.460	43.560	78.728
168.050	254.059	42.867	79.743
163.056	253.631	43.158	79.009
157.437	253.151	43.992	79.093
150.307	253.143	46.001	78.007
144.263	253.154	45.706	76.663
137.925	253.150	45.729	74.890
129.869	253.136	47.768	73.727
120.838	252.531	49.175	72.641
118.050	252.687	46.906	72.388
108.577	252.669	50.425	71.574
103.888	252.678	49.686	72.753
97.185	252.489	50.100	71.418
91.919	252.469	49.411	73.421
85.513	252.440	49.278	71.847
80.201	251.865	48.879	72.215
74.428	251.985	47.499	71.552
66.999	252.028	49.429	71.290
65.376	251.788	45.050	68.009
60.760	251.207	43.355	68.247
54.362	250.625	45.025	70.198
51.829	250.196	42.399	72.562
51.205	249.006	37.974	74.928
48.597	248.837	37.391	76.282
46.186	249.224	36.778	76.450
43.112	248.577	36.393	74.647
37.912	247.829	34.851	75.066
32.816	248.922	36.236	68.352
29.912	247.870	37.722	67.616
42.530	246.875	39.792	68.084
48.612	245.893	41.092	72.839
60.210	244.993	43.813	68.979
80.975	244.949	41.900	67.144
94.975	243.961	41.590	66.448
117.228	244.154	40.463	67.528
135.080	243.888	42.083	67.018
155.974	242.961	39.177	65.891
170.315	243.241	38.851	65.557
188.810	248.290	34.941	66.060
189.137	248.708	31.990	57.722
189.159	249.511	31.691	54.700
189.127	250.078	31.231	52.923
187.678	249.257	31.206	51.295
187.197	249.630	30.989	54.847
185.679	249.911	31.680	55.995
184.962	249.640	31.786	55.872
184.469	250.090	32.010	52.346
184.252	250.209	31.637	51.668
183.829	249.323	30.572	51.807
184.980	249.884	30.167	51.534
184.709	250.142	30.157	55.122
182.876	249.972	30.269	52.105
183.091	249.802	29.509	57.257
181.043	249.738	29.104	54.769
181.244	249.675	26.417	55.926
178.300	250.810	26.122	52.681
175.772	250.750	27.089	51.376
173.476	249.024	28.342	54.285
171.852	249.074	30.233	57.288
168.004	247.410	33.941	57.997
167.906	249.148	33.409	60.568
165.403	249.240	34.882	57.237
165.805	249.316	33.233	57.904
165.014	246.159	34.693	59.820
165.916	248.144	34.489	61.077
166.728	246.415	35.394	61.750
165.231	247.941	35.398	58.783
165.112	247.570	33.934	60.242
164.441	246.671	33.843	61.823
163.395	248.229	34.624	60.455
163.504	247.794	34.783	62.686
162.568	247.029	35.430	64.290
162.736	247.544	34.971	62.722
163.081	247.339	34.210	63.036
163.050	246.588	34.244	65.511
161.799	245.863	35.344	66.624
161.734	247.630	35.009	64.211
160.786	247.614	35.137	64.430
160.214	248.350	35.912	62.649
160.217	249.028	35.802	62.191
159.966	249.488	37.350	62.066
158.937	250.935	36.301	61.426
157.993	250.012	35.926	64.562
156.142	249.561	38.809	65.818
155.915	249.628	38.790	66.076
156.736	248.657	38.349	65.332
158.289	247.798	35.750	69.237
158.285	246.691	35.631	69.236
158.545	247.903	34.865	68.225
158.959	248.357	35.085	66.588
158.928	246.900	34.931	68.003
158.210	248.055	34.588	67.524
158.052	248.523	34.326	69.275
156.386	247.064	35.052	69.138
150.316	249.732	37.290	68.813
145.874	249.778	38.155	65.719
143.890	249.964	36.563	69.313
142.039	248.748	35.369	72.145
142.566	250.125	33.436	74.994
143.113	251.369	32.277	74.719
142.257	251.154	32.257	72.167
143.400	250.104	30.867	68.779
144.190	247.995	31.395	71.051
145.044	250.061	33.158	71.821
144.462	249.081	36.626	74.727
142.864	249.603	37.933	70.512
142.650	250.544	36.461	70.082
142.700	250.306	34.621	71.157
143.001	248.790	35.415	75.405
142.489	248.449	37.317	73.662
143.196	248.379	36.433	75.187
141.734	250.161	37.907	68.286
142.427	249.594	36.851	73.769
142.294	247.923	36.722	74.289
142.163	248.868	36.724	72.141
141.040	248.331	36.938	69.943
142.219	248.573	35.292	74.463
141.698	247.412	36.807	72.589
140.879	247.488	37.781	73.297
140.520	247.694	38.584	75.441
140.411	247.636	39.163	75.922
142.520	247.227	37.746	75.777
143.210	247.687	37.916	74.434
147.665	246.210	34.121	70.914
150.930	247.111	32.684	67.625
153.326	247.493	31.110	69.188
155.286	247.446	32.637	64.818
155.519	247.849	33.012	64.301
157.579	248.619	31.401	63.623
158.093	250.046	32.687	61.786
160.443	249.281	33.196	59.783
162.657	244.651	32.970	58.813
161.440	243.135	36.048	62.393
168.221	246.270	32.192	62.477
170.191	247.869	33.202	61.927
170.629	244.768	33.485	61.453
173.583	245.556	31.030	64.450
175.216	247.582	30.592	60.262
174.528	249.080	31.806	59.820
176.497	250.139	30.476	58.259
172.916	244.862	33.995	61.585
175.949	245.274	31.717	62.594
175.612	245.642	31.560	64.513
176.634	247.525	31.566	65.185
173.241	246.574	34.884	64.001
175.595	247.950	33.352	61.849
171.565	246.963	34.610	61.710
175.635	247.300	31.037	60.910
172.029	246.587	33.267	61.753
173.733	246.198	32.087	62.007
168.864	242.162	36.837	63.782
172.245	246.589	33.317	66.901
168.561	243.394	37.142	66.900
168.427	241.162	36.922	70.324
170.079	243.715	35.870	71.255
167.451	244.387	38.677	68.341
164.894	239.939	40.784	72.819
162.646	238.138	42.467	75.030
162.574	232.340	40.717	75.337
169.790	237.596	37.434	75.455
172.953	232.794	37.666	68.882
174.954	243.932	38.193	64.590
175.207	245.839	38.967	62.059
175.618	246.546	35.198	61.405
175.387	248.207	34.996	60.142
175.367	247.689	34.687	60.189
175.435	248.035	34.709	59.724
176.279	248.381	34.750	60.553
176.243	249.049	33.057	60.373
177.722	248.325	32.757	58.104
178.209	248.914	34.242	57.358
178.691	249.041	33.868	57.943
178.739	248.277	33.920	58.542
178.521	248.383	33.865	59.068
179.217	248.905	33.292	58.813
179.277	247.060	32.877	56.796
180.026	246.339	32.631	57.204
180.419	245.218	31.561	59.089
180.227	244.928	32.538	59.843
179.704	245.798	34.033	57.293
179.765	247.117	32.310	56.983
179.501	247.405	31.890	57.431
179.424	247.146	33.274	57.284
179.154	247.764	31.405	56.016
178.905	248.182	30.275	54.545
178.566	248.066	30.649	55.144
179.337	249.442	29.096	56.329
179.337	248.299	28.790	54.630
179.782	247.333	28.544	54.175
180.254	246.307	29.480	51.621
179.766	247.125	30.038	51.864
179.966	248.527	29.627	51.250
179.784	247.269	30.207	52.032
179.903	246.586	30.402	56.661
179.687	247.820	30.018	54.929
179.125	245.383	30.021	56.449
179.062	247.894	30.439	52.626
179.327	246.382	29.731	55.131
172.491	238.136	45.261	71.646
177.949	247.578	30.486	67.448
176.732	246.290	30.442	62.715
176.013	247.707	32.827	61.814
156.924	241.154	65.880	96.606
220.558	194.106	38.731	64.257
53.971	234.366	32.824	69.685
53.449	233.985	31.450	69.775
52.203	233.472	31.995	72.417
51.593	235.367	32.352	73.095
51.692	236.888	32.611	69.691
50.943	236.542	31.131	70.933
0.000	268.982	33.474	88.497
0.000	252.124	0.000	74.242
0.000	277.712	0.000	76.662
0.000	231.872	0.000	71.958
0.000	231.626	0.000	73.403
0.000	307.931	0.000	87.967
0.000	232.504	0.000	73.711
0.000	305.684	0.000	89.640
0.000	254.713	0.000	72.462
0.000	308.581	0.000	87.772
0.000	232.311	0.000	73.832
39.890	240.530	34.610	74.227
41.688	242.173	31.892	75.075
40.569	242.645	32.259	74.567
39.002	243.682	32.704	74.043
38.382	242.623	32.960	75.563
36.890	243.874	33.896	75.793
36.559	246.002	32.495	74.457
36.515	245.206	32.702	77.439
35.557	245.650	31.486	76.780
34.849	245.563	32.694	78.667
34.093	246.777	32.060	78.510
33.670	247.013	32.008	78.338
32.516	246.310	32.188	78.614
31.060	247.081	33.469	76.918
30.798	247.002	34.035	78.966
31.170	248.810	33.750	79.262
30.822	250.654	32.580	78.128
31.523	250.470	33.105	79.353
31.400	250.019	32.255	80.471
30.357	250.296	32.768	79.078
28.970	252.089	35.337	77.291
28.381	252.105	32.988	79.744
26.995	251.507	33.179	81.988
25.818	250.653	33.427	82.978
24.604	253.798	33.584	81.182
23.972	254.085	33.672	81.228
21.816	254.990	35.000	80.955
20.278	254.253	33.681	82.081
17.557	255.508	35.219	81.086
16.788	256.301	34.942	82.756
16.861	257.371	33.669	82.891
15.784	258.821	33.364	81.279
14.636	258.073	33.953	83.135
14.122	258.475	35.688	83.380
14.222	259.912	36.355	84.495
14.410	259.960	35.466	84.469
13.348	260.960	34.388	83.773
12.478	261.577	34.546	82.837
11.526	261.928	34.762	83.345
11.850	262.062	33.885	84.304
10.791	264.249	34.408	83.043
10.127	263.075	35.193	82.878
9.952	263.927	35.680	84.147
9.942	263.322	36.667	86.823
10.387	265.744	36.228	82.885
10.213	266.022	36.751	84.402
11.313	266.419	35.348	83.700
12.083	265.298	35.469	85.892
11.815	266.190	35.770	87.814
10.923	267.118	36.292	86.645
11.028	267.939	35.123	85.516
10.282	268.403	35.422	85.793
10.690	269.391	35.530	86.804
10.100	270.699	36.347	86.023
10.357	271.490	36.308	88.337
10.902	271.736	35.172	86.864
9.573	272.466	37.000	85.626
9.401	271.813	37.086	87.589
9.549	273.761	35.791	85.276
9.173	276.532	34.559	83.306
7.640	275.482	34.950	83.031
6.931	275.148	34.413	84.834
7.293	277.189	34.186	87.619
7.001	277.282	34.867	89.530
6.405	277.869	35.290	89.380
5.534	277.424	36.079	88.493
4.614	277.252	36.824	89.516
3.355	277.739	37.556	88.282
3.375	278.938	36.670	88.096
3.774	281.607	35.686	86.638
3.820	279.348	34.456	90.011
3.827	281.451	34.886	85.207
4.131	282.077	34.973	91.696
4.470	283.525	35.710	92.338
4.686	283.369	36.589	91.701
4.323	283.757	36.188	89.230
3.287	285.550	38.243	88.582
3.791	286.387	37.208	86.379
3.310	288.379	36.821	88.409
2.289	287.085	37.264	90.470
1.375	287.155	37.046	90.135
1.877	288.537	37.071	92.955
2.194	291.952	38.315	95.778
2.842	289.408	37.693	97.279
0.000	279.207	0.000	85.548
2.701	290.276	37.921	97.137
2.958	291.902	38.194	96.494
0.000	251.680	0.000	88.261
0.000	252.769	0.000	91.168
3.373	293.602	37.375	95.466
3.907	293.230	36.981	97.760
4.361	295.154	37.007	98.518
6.012	296.110	37.123	101.287
0.000	323.740	0.000	99.860
0.000	318.518	0.000	98.049
8.340	296.849	37.451	97.313
8.026	296.937	38.626	93.771
7.525	300.677	38.966	90.160
7.825	299.222	39.088	91.999
9.220	301.946	40.190	95.595
0.000	289.718	0.000	87.489
12.600	305.984	37.762	101.442
13.907	303.339	38.027	101.798
13.616	304.958	39.192	99.721
13.104	306.803	39.606	101.798
13.301	307.465	39.725	100.299
0.000	335.575	0.000	100.546
13.398	309.977	40.267	95.465
13.969	308.568	40.635	100.174
15.151	314.244	40.506	99.929
0.000	297.145	0.000	92.060
16.584	313.516	40.656	104.435
0.000	299.890	0.000	91.553
16.958	316.429	40.403	105.501
0.000	304.500	0.000	89.376
15.045	320.548	42.478	102.991
15.273	319.015	41.570	105.896
15.219	320.320	40.298	103.534
15.540	321.472	39.899	107.443
15.908	324.261	38.962	103.080
16.408	324.216	39.525	109.420
17.372	322.729	39.969	110.144
222.793	301.423	59.604	121.034
14.874	325.437	43.093	109.868
13.095	329.283	45.699	107.604
12.313	331.772	47.433	114.219
13.462	337.732	45.079	108.987
210.221	310.552	72.525	113.516
320.726	447.156	73.188	33.844
304.439	390.233	70.732	76.186
310.223	458.701	83.089	22.299
273.582	249.371	32.846	77.092
384.239	237.649	15.948	77.212
382.231	242.912	20.589	71.833
268.575	246.644	30.940	84.699
263.534	246.321	33.738	83.670
257.512	246.303	37.527	84.507
252.013	245.759	38.858	84.590
244.293	244.752	36.566	81.886
240.294	245.854	36.650	81.808
233.879	246.416	38.005	83.287
222.808	245.844	44.432	83.661
222.497	246.550	40.147	81.395
221.573	245.708	36.233	78.577
220.378	244.786	33.227	85.271
340.588	250.276	14.471	76.466
214.608	245.854	33.011	78.316
209.365	245.820	32.925	75.938
205.699	247.407	33.060	72.824
200.253	247.197	31.175	66.708
196.780	244.680	29.362	61.711
190.795	245.898	27.928	58.565
186.088	245.998	28.955	56.727
180.082	247.279	29.602	56.085
175.290	246.128	29.238	55.480
170.729	247.094	30.544	54.556
163.843	248.597	31.481	53.406
158.975	250.169	32.840	55.949
155.687	249.793	30.503	57.570
148.661	251.319	32.602	59.041
140.026	249.905	38.247	67.713
136.468	250.383	40.647	75.234
132.119	252.076	39.830	82.222
131.393	253.012	39.197	75.615
132.215	253.307	35.210	76.647
129.009	255.564	36.820	80.468
125.927	254.183	36.991	85.090
123.748	254.349	37.765	88.056
121.906	253.804	38.610	89.591
119.227	257.019	40.332	85.605
117.593	257.408	39.313	85.772
117.624	257.162	39.426	86.477
121.468	265.168	34.779	80.187
120.470	258.975	34.422	85.909
120.189	256.538	34.950	85.386
121.240	258.409	34.352	86.905
120.195	257.156	35.350	88.052
118.980	260.382	35.804	86.486
117.903	260.271	36.595	86.350
117.119	260.498	36.579	86.271
116.138	260.880	36.567	87.201
115.683	260.183	36.279	89.262
115.928	261.961	36.414	90.721
114.986	264.115	37.062	88.740
115.613	264.413	37.436	87.601
116.462	263.607	35.527	88.545
116.327	263.565	34.204	89.117
116.233	264.345	34.691	88.056
114.753	264.602	34.246	88.720
114.634	263.820	33.763	91.904
112.564	266.894	32.174	90.803
115.446	266.472	31.537	88.787
108.623	268.688	38.251	89.237
112.197	265.659	36.549	90.221
111.663	266.519	35.964	90.726
112.274	267.386	38.861	90.485
115.482	267.445	37.356	91.719
117.466	267.341	35.333	93.884
119.098	271.312	34.889	90.357
116.250	271.093	37.980	90.111
116.909	270.602	36.743	91.105
48.395	237.826	35.109	76.922
122.158	271.327	32.867	91.412
111.947	264.505	40.394	96.778
121.040	271.832	36.235	93.997
250.175	378.274	18.767	70.179
227.310	187.943	37.436	31.395
128.564	271.670	35.074	88.900
43.124	243.542	36.102	75.381
42.130	244.583	34.757	76.565
127.513	275.927	38.032	88.671
127.540	275.231	38.330	92.433
126.761	274.561	40.910	93.800
128.746	276.035	38.256	97.193
129.863	276.159	40.994	95.420
134.509	277.361	39.336	97.481
136.099	277.820	40.186	96.631
139.155	277.383	38.867	99.737
141.207	278.073	39.457	101.158
140.153	277.174	38.188	102.319
138.421	278.652	40.474	98.979
140.213	279.673	39.179	101.457
135.792	282.152	41.549	97.840
133.920	282.037	43.784	99.880
131.245	282.774	43.140	99.727
134.462	285.662	39.645	96.690
130.175	284.318	40.048	96.677
126.701	284.942	40.259	97.732
122.768	285.357	39.475	100.556
114.901	284.595	40.900	99.976
111.182	285.682	44.772	97.936
106.495	287.635	44.213	96.242
102.337	284.875	43.170	97.544
89.436	282.161	55.633	117.154
90.584	281.715	45.812	108.892
93.933	279.575	40.765	109.708
90.876	285.661	41.222	101.343
90.469	284.836	39.112	103.244
87.802	284.633	39.416	103.879
81.201	287.169	43.576	100.116
161.807	190.476	54.109	37.445
150.349	200.280	57.491	55.947
72.909	286.079	44.197	99.144
69.912	287.026	43.388	95.950
69.465	286.739	40.742	96.116
65.616	279.608	41.561	77.691
29.442	266.271	36.726	84.921
29.105	268.431	37.563	85.855
28.804	270.181	35.751	83.682
27.726	271.692	36.375	82.956
26.198	270.619	37.047	87.544
25.756	273.358	37.741	86.901
26.805	273.273	36.358	89.894
27.926	273.860	37.730	88.564
28.426	271.908	38.594	89.631
27.211	274.028	39.582	88.555
25.651	277.237	38.264	89.385
23.639	278.843	38.778	88.517
20.734	277.302	39.001	90.312
18.136	278.181	38.519	89.232
17.248	280.134	36.600	90.713
14.957	281.353	37.690	89.552
13.852	279.733	38.162	92.029
10.908	280.428	39.100	91.616
7.864	282.205	39.675	93.736
5.306	283.170	39.825	93.151
4.660	282.828	38.782	94.321
1.519	283.119	39.560	94.935
1.271	284.753	36.698	96.252
0.992	287.495	35.202	96.866
0.450	286.368	35.798	97.196
0.429	285.505	37.042	97.723
0.004	288.470	40.692	92.592
0.000	290.379	33.554	92.940
0.000	292.048	26.340	92.654
0.000	291.880	23.332	94.602
0.000	293.191	21.674	94.588
0.000	298.509	19.882	93.713
0.000	299.116	18.444	93.809
0.008	299.999	19.034	94.350
0.000	300.901	17.589	96.089
34.024	295.393	63.841	109.895
36.670	296.380	61.351	112.175
37.664	297.510	58.394	108.947
41.257	296.989	57.209	109.018
42.679	298.389	57.477	111.081
0.000	261.686	16.389	115.097
51.364	301.722	58.058	109.100
57.770	298.990	53.095	110.332
61.956	301.894	51.798	109.497
55.456	289.986	73.514	127.232
62.145	295.368	58.836	115.807
66.135	292.397	58.937	115.331
67.123	292.724	56.090	100.695
69.635	304.284	44.883	105.442
68.124	301.232	43.897	103.696
70.287	294.569	46.371	100.922
68.637	302.523	41.511	106.523
67.955	302.952	72.718	123.682
70.867	303.900	54.709	113.361
69.688	305.963	44.011	104.320
71.372	307.954	43.968	110.992
69.651	309.804	42.001	102.686
2.533	305.238	133.745	145.195
68.635	304.497	64.959	123.896
174.995	418.556	78.814	62.444
0.577	331.610	27.773	103.081
0.000	338.717	27.338	102.873
0.000	348.025	0.000	105.104
0.000	273.883	0.000	94.275
0.000	300.714	0.000	96.553
0.000	344.903	0.000	111.911
0.000	345.937	0.000	111.225
0.000	347.432	39.479	111.735
0.909	348.714	41.567	113.344
0.826	349.537	43.908	112.118
0.000	350.426	43.689	109.117
0.417	351.422	42.220	110.740
1.715	354.259	43.030	108.133
4.519	356.492	45.515	106.569
6.225	355.465	48.989	108.223
6.578	358.290	52.972	108.085
7.592	362.378	54.911	109.620
9.808	364.285	54.527	111.796
11.488	363.550	53.053	114.417
14.680	365.087	48.799	115.065
17.248	366.938	48.352	114.060
21.129	370.079	48.981	110.921
25.733	369.643	47.370	111.357
22.889	370.868	53.009	108.005
21.432	376.061	58.079	102.781
24.290	378.879	56.182	100.486
26.508	379.266	56.855	99.174
29.186	378.542	54.673	100.383
33.163	380.602	53.050	98.240
38.543	385.485	51.975	94.448
40.525	385.686	56.825	94.062
42.550	385.417	56.563	94.351
42.419	391.234	58.965	87.443
44.850	395.087	58.716	83.917
49.312	395.882	55.734	83.117
53.781	396.806	52.556	82.487
57.576	398.896	49.547	81.729
62.939	403.140	48.202	77.259
67.932	403.907	48.087	76.370
68.442	404.052	52.849	75.697
68.026	408.039	59.251	71.215
70.780	412.517	58.459	67.785
75.403	413.527	56.504	66.985
80.203	412.562	52.658	67.136
86.092	416.379	49.413	64.403
88.860	420.887	52.066	60.113
90.453	421.830	51.470	59.027
93.847	420.910	51.058	59.704
94.484	423.225	54.166	57.025
98.515	428.046	52.331	52.361
102.130	431.222	47.538	49.778
104.248	431.480	47.615	49.520
108.563	433.627	48.641	47.373
114.239	438.365	48.260	42.635
119.783	441.456	48.624	39.202
120.777	441.425	49.018	39.490
123.258	443.618	46.334	37.382
128.651	448.616	39.786	32.384
132.647	451.392	35.489	29.608
135.456	452.778	34.001	28.199
140.759	453.136	33.877	27.864
145.542	460.038	30.928	20.962
152.356	463.117	28.562	17.883
156.723	465.887	29.489	15.113
162.435	476.485	29.535	4.515
184.500	480.348	23.724	0.652
152.381	481.000	22.895	0.000
185.312	409.011	30.887	29.641
170.656	326.104	45.212	97.075
175.552	320.954	43.232	110.577
175.437	320.724	42.210	110.755
173.717	320.266	41.321	112.369
170.826	320.076	42.035	111.504
167.925	318.758	43.076	109.605
147.999	290.796	97.291	140.323
161.719	315.690	43.336	112.597
160.269	316.427	43.429	108.541
159.179	315.154	43.436	108.725
160.876	313.761	40.810	107.063
161.914	313.011	40.337	109.141
160.674	313.100	42.075	108.621
161.926	311.580	40.426	110.331
163.697	311.367	38.560	110.050
162.859	309.941	40.113	110.153
160.688	310.873	40.991	108.526
160.771	309.287	41.190	108.925
162.031	306.990	38.856	110.861
160.890	308.629	41.535	106.177
163.283	306.376	39.765	106.635
165.332	306.062	40.577	105.885
166.880	303.696	39.973	107.706
167.919	302.583	39.138	107.359
168.723	304.349	40.208	107.581
170.213	301.143	39.258	107.379
168.926	301.724	41.666	105.565
168.916	298.605	38.811	111.166
167.590	298.347	40.635	109.597
167.236	297.138	39.592	110.770
165.576	295.846	42.100	111.873
164.484	296.476	43.611	111.531
166.445	296.020	43.251	111.285
165.747	291.374	44.750	113.487
165.646	291.988	43.363	108.973
166.735	291.088	42.194	109.451
165.318	289.497	46.433	109.200
326.162	235.877	17.786	70.467
315.173	240.452	18.291	68.423
165.036	286.769	38.783	111.075
165.666	284.943	38.252	110.749
163.600	278.923	38.568	115.638
163.291	275.579	40.046	120.763
163.531	276.710	40.306	116.957
165.942	273.380	39.296	121.596
162.405	274.391	42.682	118.996
165.106	271.227	40.581	121.349
222.726	377.295	93.945	102.471
164.933	278.844	40.712	111.621
166.297	277.743	39.978	112.186
164.207	278.006	41.613	113.369
164.489	276.610	42.451	112.145
163.266	280.598	44.344	106.203
317.004	254.238	19.362	69.449
314.258	238.515	18.384	63.360
168.818	282.979	39.646	103.405
171.924	281.868	38.397	101.918
172.880	279.441	39.295	104.073
175.535	278.104	41.336	104.005
174.981	278.175	42.097	104.940
178.468	278.504	39.986	104.928
179.040	277.343	41.154	106.381
180.591	275.457	42.302	105.005
180.739	274.599	44.135	104.125
183.676	275.720	43.253	100.017
187.429	275.974	43.884	100.812
192.075	274.861	45.210	99.759
195.013	273.643	48.818	99.062
199.375	275.087	49.416	97.244
204.656	275.253	45.342	95.549
207.799	274.145	43.544	96.909
210.769	274.680	43.256	91.832
216.069	274.288	39.806	91.751
221.409	272.725	36.796	87.687
223.371	270.453	38.573	89.265
227.454	271.416	42.924	96.161
230.670	273.131	44.114	94.360
232.402	273.522	45.439	92.586
233.551	272.051	44.554	94.151
241.453	270.126	38.717	92.717
247.521	269.330	36.537	91.927
250.648	268.609	37.855	93.002
254.016	268.024	38.812	92.493
257.940	266.967	36.894	94.889
259.195	267.764	35.527	93.480
261.901	269.361	33.919	92.921
264.449	267.279	33.823	94.217
267.291	263.994	33.398	94.725
269.291	260.122	33.831	96.659
270.908	259.221	37.153	100.423
273.053	258.508	40.794	100.434
275.011	258.819	41.812	101.264
277.668	258.959	42.263	99.918
281.738	259.426	40.564	96.994
284.758	259.941	37.821	96.274
286.743	261.888	35.744	95.850
286.420	262.013	34.919	93.462
284.105	260.207	37.811	96.559
281.036	257.963	41.934	97.099
279.164	256.389	43.346	99.076
278.830	257.802	43.648	97.356
279.634	254.785	42.956	99.423
279.124	259.767	40.272	95.849
281.802	257.562	37.668	95.727
281.281	260.280	38.715	91.266
280.100	259.158	39.177	94.751
277.916	258.032	41.430	92.925
274.571	257.253	44.222	94.237
270.925	251.655	47.491	99.597
268.115	246.669	60.326	103.329
266.813	251.716	56.423	97.855
264.495	249.374	67.204	100.824
263.792	256.779	63.760	92.112
264.654	257.629	63.716	88.820
266.429	257.370	63.459	89.860
427.903	250.684	24.247	79.708
266.828	257.666	52.167	90.508
264.919	257.520	45.140	88.160
263.549	258.340	35.535	86.183
260.785	257.871	34.173	83.416
259.197	256.812	34.142	83.290
257.524	256.940	35.673	83.328
258.199	256.619	35.885	84.720
259.733	256.547	35.998	84.515
261.562	255.644	38.883	85.341
263.674	253.869	44.059	86.275
265.171	252.357	53.118	87.373
265.236	251.949	61.204	87.094
265.224	250.876	66.749	87.393
264.543	248.577	68.472	89.297
263.400	245.424	68.428	92.371
262.992	241.831	68.538	94.783
261.286	242.205	68.707	95.081
259.299	244.140	69.186	92.909
258.422	244.065	69.245	91.247
257.887	244.118	67.902	91.754
259.868	244.030	64.429	90.223
260.399	243.610	61.113	89.442
260.044	241.948	57.409	91.831
257.273	240.935	57.018	90.941
254.677	239.531	56.854	92.651
250.626	238.100	58.068	93.471
249.189	236.295	57.777	96.138
247.684	234.417	56.530	95.698
246.295	232.791	54.505	96.577
246.382	233.273	52.384	95.479
244.012	233.021	50.790	94.517
241.257	233.782	51.848	91.135
239.522	232.131	52.002	91.707
239.191	230.185	51.317	96.757
235.053	232.106	48.181	93.311
231.886	232.027	47.520	93.287
229.198	232.277	48.361	91.993
227.288	233.077	47.953	89.644
226.023	233.781	45.325	87.489
223.986	236.020	43.114	85.072
224.593	232.531	45.984	90.892
224.429	235.257	45.730	85.170
226.842	231.761	46.632	89.137
228.012	231.026	48.062	89.592
228.565	230.490	50.434	89.984
228.843	233.049	49.270	87.688
230.094	229.466	49.078	91.936
229.855	235.339	42.657	81.638
230.397	232.736	47.539	83.436
233.661	227.828	47.792	90.056
234.936	224.623	49.104	93.566
235.243	225.745	49.161	90.990
237.544	227.635	48.754	89.272
242.476	228.472	46.222	89.015
248.082	225.414	47.786	91.710
250.809	223.988	49.138	92.090
254.361	224.071	49.072	92.317
258.417	223.773	47.457	93.009
262.483	222.680	45.713	94.087
267.142	221.057	42.999	94.019
270.382	219.941	40.908	93.681
271.977	220.153	41.472	92.653
275.674	220.793	42.698	92.117
278.560	220.704	45.994	92.179
283.036	222.538	47.314	90.374
287.776	230.325	48.336	82.074
289.612	231.557	40.261	81.803
292.266	231.148	38.657	82.450
291.630	230.789	34.013	82.070
281.182	231.139	43.875	82.848
274.385	231.351	52.648	81.841
273.561	232.091	58.278	80.924
281.750	232.093	49.921	82.100
287.415	233.199	41.693	81.111
290.075	234.641	35.984	80.701
288.734	234.433	35.229	81.033
281.165	233.999	39.928	81.122
273.389	235.247	43.123	80.930
268.164	235.135	44.148	81.851
263.969	235.041	45.703	81.910
263.768	235.154	44.455	81.441
266.659	235.819	40.525	81.557
272.357	235.740	31.719	82.625
271.351	236.428	32.728	81.985
268.316	237.306	35.703	81.415
262.385	238.260	37.686	80.916
262.010	238.881	32.726	82.203
256.374	238.335	34.308	82.396
245.040	240.093	40.901	81.614
242.148	239.516	39.431	83.509
241.309	240.381	37.665	81.846
240.102	240.716	37.380	81.399
240.106	240.666	33.477	82.083
236.457	241.945	33.051	79.796
234.813	242.114	33.134	80.054
231.205	242.820	36.510	79.641
227.182	243.603	38.173	78.638
223.833	244.016	34.450	79.227
220.094	243.078	31.313	78.430
215.603	243.716	32.447	73.346
212.937	242.979	30.804	73.047
204.635	241.325	33.099	72.099
203.285	243.393	31.176	66.067
203.137	242.810	28.528	66.674
198.176	243.443	31.567	63.607
192.936	245.908	29.514	62.683
191.024	239.453	30.398	65.003
185.752	246.276	29.827	62.718
181.450	245.450	28.081	63.170
176.344	245.034	29.291	63.556
171.205	244.353	32.355	63.876
165.876	244.544	33.074	65.301
164.463	245.094	31.824	67.606
159.021	244.433	31.924	68.096
159.015	245.152	30.814	70.319
158.439	245.577	29.663	69.036
157.149	246.328	30.741	67.819
154.976	246.112	32.167	69.084
153.556	245.332	31.725	71.281
150.116	245.189	34.006	72.724
150.816	244.574	31.450	72.227
149.294	244.835	30.433	70.582
146.014	245.363	34.105	70.702
145.545	245.895	34.705	69.360
147.501	247.875	34.247	71.587
147.712	247.121	34.945	68.867
145.509	246.457	37.038	68.871
145.785	246.942	36.939	71.978
146.052	246.632	37.340	70.577
145.398	246.384	37.223	70.455
144.443	246.232	38.035	72.772
142.456	246.744	39.989	72.062
140.711	247.186	40.703	69.029
138.943	246.340	40.508	72.976
137.212	245.866	41.201	77.291
134.316	247.428	43.388	76.460
133.175	247.338	43.599	77.664
132.159	248.113	41.053	76.139
131.370	246.645	39.577	76.908
132.225	246.309	36.660	79.529
133.608	245.167	36.253	79.354
134.878	245.591	35.274	78.236
136.411	245.038	33.250	78.430
138.069	242.229	32.378	80.588
138.897	244.025	32.096	81.399
139.424	244.161	32.222	79.739
140.404	243.920	31.610	72.116
140.308	244.627	32.583	77.338
141.887	244.412	30.690	77.725
142.042	243.591	31.406	72.936
141.498	243.742	31.630	78.697
142.578	244.359	30.491	71.899
216.960	209.216	37.672	72.979
142.845	243.853	31.272	72.953
141.903	244.267	31.491	75.334
142.058	244.050	31.510	77.277
143.590	244.699	29.927	73.264
142.496	244.065	30.960	74.589
142.846	244.618	31.292	73.037
