297.000	187.000	40.000	94.000
301.273	186.506	38.022	94.010
302.966	185.197	37.446	96.245
304.825	184.260	34.703	96.695
305.465	183.541	35.577	97.823
305.565	183.079	35.674	97.105
305.566	182.427	35.827	94.648
331.631	171.775	38.186	91.530
371.486	177.663	36.555	88.429
408.023	180.294	35.679	90.632
426.830	179.440	36.520	90.098
320.542	170.219	34.708	78.754
391.360	229.101	58.374	101.791
369.757	181.893	14.459	79.036
371.406	177.227	15.789	78.569
475.630	173.485	36.789	87.552
475.198	173.620	36.327	88.751
476.379	172.929	35.921	88.583
478.202	173.222	35.247	87.457
479.630	171.995	34.910	85.985
479.935	171.580	34.775	86.823
479.309	171.439	35.720	87.521
479.121	170.005	35.748	86.644
480.226	168.873	33.645	85.421
479.750	168.646	33.654	85.523
480.828	169.539	33.470	83.638
481.767	168.871	33.740	84.593
481.361	166.966	34.920	83.512
480.942	165.092	37.211	83.534
480.895	164.320	38.780	84.339
480.068	164.495	40.721	83.439
483.666	162.111	37.827	84.723
485.920	160.813	37.188	83.914
487.328	160.688	36.052	84.642
491.434	161.590	34.563	82.953
495.266	160.075	33.989	83.215
498.043	159.112	33.906	82.032
500.168	157.741	33.188	83.120
501.433	157.886	32.978	83.787
502.892	157.522	32.199	83.881
504.763	155.893	32.833	83.262
504.770	153.169	32.476	86.365
505.358	153.122	32.228	85.234
507.343	153.200	31.428	84.921
512.456	154.346	30.267	80.752
515.859	152.861	29.169	82.100
518.272	152.436	28.661	82.802
498.423	150.689	30.442	83.020
462.087	150.379	30.133	82.931
426.938	149.803	30.169	82.038
384.003	154.317	31.187	79.417
384.501	153.204	31.418	79.156
385.346	151.293	31.292	80.166
385.328	149.374	30.203	79.395
386.060	148.879	30.158	80.003
386.487	150.412	29.135	78.872
387.906	149.670	28.153	79.953
388.976	149.191	27.495	79.537
388.044	151.154	29.862	75.916
386.706	151.457	31.548	75.061
387.029	151.310	32.550	75.004
387.200	151.912	31.573	73.940
388.237	148.614	30.762	75.676
388.321	147.251	31.169	77.465
387.921	147.801	32.030	75.839
389.730	146.083	31.093	78.622
386.417	144.778	33.050	77.766
357.190	143.189	35.028	73.496
326.901	144.858	34.882	75.601
301.087	144.916	36.508	75.662
300.739	146.530	34.190	74.148
301.855	144.619	32.670	74.410
302.555	144.583	30.960	74.111
302.908	144.580	29.566	73.803
302.455	144.690	29.627	74.037
301.341	142.691	29.288	74.672
299.562	142.578	30.304	73.195
299.764	141.115	29.970	74.644
299.637	141.049	30.091	74.591
299.543	141.320	30.724	74.834
300.617	141.743	30.824	72.567
301.366	141.253	28.436	72.361
301.786	140.228	28.032	73.160
300.423	141.875	29.041	71.169
299.282	139.971	28.707	72.641
298.223	138.727	28.932	72.975
298.362	137.980	28.236	72.532
297.388	138.937	28.372	70.818
297.741	138.198	28.404	72.645
297.680	136.996	28.745	70.875
297.395	136.191	28.960	72.383
297.429	136.550	27.393	72.491
296.158	136.771	27.764	72.286
294.370	136.669	28.282	71.108
293.522	135.421	28.554	70.337
292.681	134.984	28.689	71.525
291.864	135.459	29.527	69.937
292.030	134.795	29.557	70.530
292.504	134.411	28.351	69.734
292.932	133.930	27.239	70.863
291.208	134.787	28.197	70.265
291.006	133.953	27.423	70.567
289.397	132.829	26.933	70.912
287.370	131.856	27.704	71.225
286.129	132.740	27.763	70.033
285.279	133.085	27.887	70.476
284.753	131.029	27.676	71.196
284.282	130.294	26.680	70.934
281.977	130.943	27.172	71.397
280.082	130.714	27.187	70.736
277.020	129.455	28.366	71.287
275.861	129.301	28.361	69.611
276.073	128.518	26.156	70.160
274.764	128.681	27.484	69.372
274.021	128.681	27.047	69.970
274.045	127.453	26.121	69.030
272.702	127.146	26.370	69.297
271.548	127.489	26.722	68.829
270.197	127.535	26.555	68.657
268.478	127.533	26.718	67.778
266.877	127.264	26.611	67.002
265.638	127.132	26.598	66.243
264.184	127.360	27.023	65.966
263.985	126.002	26.510	66.600
263.286	126.121	27.098	65.683
263.286	124.032	26.209	68.661
262.654	123.812	24.998	68.067
261.773	123.485	24.321	68.512
259.759	122.045	24.230	69.513
257.667	118.642	25.631	71.125
255.765	117.410	27.042	72.303
254.464	119.901	27.769	68.913
254.556	120.274	27.314	68.622
255.353	119.565	26.221	66.885
255.450	119.490	25.483	67.477
255.438	118.343	25.154	67.926
254.345	118.833	25.515	67.042
255.290	118.848	23.882	67.043
254.058	116.454	24.762	67.032
252.932	118.151	25.646	64.211
253.490	116.137	25.043	63.335
253.189	114.813	25.925	60.914
253.857	112.734	25.465	65.549
253.970	112.734	24.418	63.781
251.020	114.502	28.241	61.485
251.771	116.159	26.876	60.240
250.980	113.512	28.054	62.523
249.944	113.740	28.577	65.229
251.109	114.766	28.037	64.770
252.213	114.777	27.789	64.271
252.560	114.437	27.275	65.059
251.809	113.090	27.917	64.861
251.267	113.946	28.116	63.870
252.608	113.325	27.735	64.670
250.618	113.778	30.116	62.697
248.742	112.746	29.212	62.486
248.416	111.168	30.770	64.274
249.930	110.733	29.232	65.306
253.135	110.981	26.574	64.875
254.984	109.705	26.119	65.909
256.988	108.574	25.378	66.539
258.128	108.896	25.179	64.691
257.150	109.057	25.662	64.139
255.886	108.969	27.527	63.101
256.683	108.998	27.577	61.123
258.978	107.851	24.908	63.625
259.081	109.337	26.329	61.366
260.748	108.767	26.203	61.252
262.784	107.426	24.953	62.477
263.858	106.776	24.975	63.054
264.896	107.801	25.108	61.197
265.792	107.439	24.599	60.568
266.425	105.820	24.527	61.390
266.691	106.029	24.561	60.451
267.565	106.284	24.260	59.848
268.372	106.674	24.522	59.923
269.368	105.948	25.079	60.399
271.050	105.384	25.553	59.584
272.977	104.582	24.753	60.715
274.488	104.154	24.008	62.053
274.933	103.906	23.279	61.278
275.279	103.191	23.782	60.667
274.468	102.637	26.291	61.752
275.257	103.422	25.792	60.345
276.704	102.947	24.889	61.134
277.289	102.863	25.304	60.692
278.193	102.374	25.632	60.857
276.253	102.362	27.648	62.417
278.386	101.665	25.060	63.626
276.980	101.234	25.885	62.079
277.992	100.204	25.850	62.484
277.796	99.873	25.773	60.175
277.008	100.467	27.241	60.944
279.414	100.404	25.519	63.143
279.636	98.352	25.585	64.261
281.845	97.398	24.259	63.128
282.366	97.414	24.535	62.428
284.174	96.243	22.941	64.361
284.403	97.145	22.853	58.661
283.823	97.534	23.733	56.767
284.504	96.870	23.142	57.349
284.942	96.494	23.348	61.517
287.348	97.080	24.366	58.517
287.054	94.771	23.162	62.480
288.655	96.629	23.149	58.251
289.089	96.355	22.108	60.934
290.311	93.623	20.985	61.613
287.270	96.421	23.467	58.239
289.271	94.261	22.460	58.632
288.860	95.646	22.046	60.343
288.979	94.905	23.362	57.635
289.314	96.469	22.170	58.876
290.776	94.379	22.056	56.430
289.152	96.037	22.052	56.097
288.812	95.537	22.105	57.771
286.471	95.254	22.740	58.288
286.233	94.389	21.222	57.142
284.683	93.318	22.014	55.814
282.723	93.874	22.795	55.484
282.777	93.899	23.021	54.191
282.250	93.028	22.814	54.469
281.400	93.026	24.054	53.779
280.346	93.417	23.964	53.351
279.193	94.282	23.854	51.637
277.905	91.872	23.706	55.217
277.154	91.167	23.847	54.905
275.773	92.326	23.512	53.100
275.313	92.270	23.673	53.154
274.218	92.172	23.423	52.013
273.399	90.426	22.971	54.614
271.106	93.354	23.555	51.173
270.287	92.965	23.104	51.492
268.606	91.314	22.545	51.321
266.785	91.803	22.765	48.395
265.776	92.114	22.382	48.285
264.569	92.114	23.405	50.601
263.815	91.827	23.406	51.151
263.639	91.114	22.100	50.324
264.112	89.741	19.978	53.406
262.313	87.505	20.237	55.265
260.553	88.393	20.521	54.218
259.623	86.470	20.300	56.240
258.811	88.572	21.670	52.875
257.372	89.674	21.529	52.369
257.330	87.137	22.282	55.600
257.408	88.097	21.054	52.750
257.123	87.679	20.339	53.524
257.075	88.586	20.736	52.271
256.227	89.027	20.256	51.811
255.102	88.251	20.722	52.408
254.472	87.243	20.802	52.498
252.120	86.582	22.116	53.094
252.629	87.931	21.743	52.373
252.643	87.239	21.960	51.948
253.497	85.385	21.422	52.458
252.511	86.265	21.742	51.981
253.367	87.123	20.604	51.182
253.771	86.703	19.631	50.304
252.579	85.785	20.442	51.542
251.747	84.614	22.279	52.565
251.560	82.937	22.369	54.865
251.892	83.325	21.789	53.481
250.699	80.438	22.208	54.551
251.493	79.952	21.312	54.165
251.896	79.825	21.606	54.416
252.030	80.618	21.935	53.918
252.236	80.017	21.674	53.922
252.619	78.512	20.857	54.875
253.018	78.092	20.593	55.863
253.482	77.689	20.808	56.710
254.323	77.888	20.218	56.557
255.034	76.647	20.782	57.194
255.613	75.996	21.185	56.574
255.704	78.812	21.493	53.594
255.829	78.418	20.658	53.350
255.519	78.576	22.092	52.401
255.677	79.296	19.448	51.141
256.258	79.439	19.185	50.881
256.564	79.548	19.061	50.450
257.389	79.629	19.727	50.714
258.129	78.262	20.219	50.217
259.044	78.712	19.274	48.883
260.374	79.265	19.058	48.679
260.879	78.624	19.765	49.721
261.487	77.910	20.158	49.424
262.371	77.705	19.955	49.993
263.598	78.320	19.845	50.129
266.350	78.087	18.853	49.818
267.859	77.549	18.968	48.253
269.241	76.935	18.723	47.953
270.017	77.119	18.516	48.106
270.263	77.204	18.949	48.004
270.646	76.842	17.884	47.225
271.894	75.265	18.756	48.087
273.045	74.131	18.089	48.961
274.583	73.050	17.676	50.577
276.089	73.142	17.146	50.623
277.250	72.973	17.739	49.255
278.222	72.255	18.586	48.864
279.855	71.276	19.046	50.819
281.247	70.426	20.618	50.431
282.761	70.332	19.159	50.677
283.627	70.252	18.575	50.428
286.043	69.760	18.833	52.187
288.088	68.693	17.838	51.349
290.932	67.916	16.608	54.122
291.496	68.304	17.209	52.768
293.311	69.411	15.734	48.106
292.730	70.095	15.754	48.238
291.743	69.687	17.191	51.568
287.398	29.043	19.842	45.538
297.227	68.808	16.332	52.113
296.686	68.027	17.504	49.534
297.412	66.442	16.293	51.007
299.273	66.125	16.344	51.780
300.620	67.056	15.754	50.935
300.610	67.150	16.316	50.454
298.001	68.817	17.681	50.587
299.820	66.523	17.090	51.583
301.890	66.148	18.539	52.047
307.434	66.824	16.775	51.401
245.568	68.097	18.276	54.780
239.373	101.269	15.140	49.732
312.785	23.537	26.231	46.349
326.107	28.555	27.774	26.685
276.415	112.692	14.494	30.377
317.695	107.953	13.358	36.166
302.560	109.567	15.628	41.925
302.635	108.233	16.354	45.289
302.928	109.438	16.684	44.399
303.854	109.688	16.147	43.358
304.759	109.614	15.490	44.468
305.590	110.051	15.793	44.399
306.070	109.883	15.920	42.956
305.438	110.387	16.286	43.274
306.306	110.734	15.778	43.437
306.011	110.524	15.839	41.625
306.213	109.969	15.640	42.589
306.434	109.938	16.403	42.814
306.954	110.807	16.546	39.784
308.587	109.697	15.271	41.008
310.118	109.021	15.886	40.311
310.069	108.531	17.374	39.749
310.948	108.594	16.685	39.449
311.195	108.141	16.456	38.928
311.713	107.193	15.535	40.471
311.850	105.385	15.823	40.381
312.012	106.209	16.791	42.215
312.221	105.817	16.756	41.045
312.484	107.238	17.840	42.489
314.192	105.611	17.851	41.146
314.214	106.151	16.631	43.172
314.463	105.928	17.170	40.400
314.547	106.087	16.820	42.888
314.564	104.958	16.791	41.594
315.624	104.382	16.017	42.724
315.444	104.548	16.433	42.378
316.401	104.740	16.026	43.036
317.124	104.528	16.134	42.951
317.658	104.140	16.069	43.399
318.603	104.522	16.256	43.519
318.376	104.439	16.356	42.974
318.135	104.118	16.736	42.126
317.930	103.606	16.962	42.537
318.607	103.321	16.221	43.135
318.881	104.222	16.203	41.498
319.352	103.683	16.816	42.433
320.591	104.053	16.245	44.440
321.225	102.208	16.745	43.046
321.152	103.095	16.419	39.269
321.541	103.773	16.614	39.797
321.531	102.589	16.682	40.705
321.554	102.044	17.127	39.701
322.062	101.853	16.957	40.668
322.655	102.340	17.227	42.781
323.288	102.632	17.303	39.162
324.103	101.803	17.019	39.389
324.017	101.337	17.063	39.615
323.933	101.746	16.292	38.165
323.844	101.719	16.070	41.168
323.834	101.119	16.150	37.969
324.028	101.030	16.486	44.448
324.234	100.990	16.633	41.009
324.638	100.495	16.645	42.158
325.266	100.959	16.505	42.128
325.485	100.194	16.842	44.238
325.859	101.210	16.941	42.136
325.921	101.426	17.315	38.953
326.712	100.680	16.629	39.704
326.818	100.086	16.323	41.953
326.861	99.987	17.570	42.099
327.630	100.396	16.891	40.437
328.803	100.976	16.330	40.059
330.083	100.120	16.325	40.739
330.484	99.649	16.857	40.341
331.019	99.667	17.034	39.742
331.272	99.908	17.578	40.006
331.882	99.513	18.195	40.327
332.700	98.794	18.860	41.425
333.626	98.460	18.670	43.141
334.410	99.200	19.555	42.540
335.731	99.042	18.552	41.985
337.262	98.483	18.526	42.134
338.267	98.204	18.908	41.801
338.644	98.535	19.764	41.820
339.698	98.944	19.271	41.445
341.444	98.141	18.753	41.797
343.019	97.960	17.953	40.992
345.364	98.557	18.612	41.032
347.588	98.683	19.342	39.942
348.847	98.797	20.242	40.131
352.773	97.198	18.816	42.464
356.406	97.307	18.839	42.841
358.031	97.240	19.630	41.223
357.787	94.247	24.187	45.733
364.727	92.679	18.374	45.282
367.166	95.904	18.303	40.663
366.792	96.589	17.764	39.506
370.665	96.375	18.321	39.036
373.601	95.063	17.149	38.678
375.320	94.773	17.123	37.745
377.745	96.441	17.100	36.253
380.083	94.942	16.819	37.779
381.064	95.099	18.603	37.801
383.408	95.071	18.510	38.489
383.500	94.098	19.279	39.456
386.151	93.089	18.392	40.927
388.479	95.406	19.463	40.512
389.058	91.567	19.693	42.544
389.438	91.518	20.846	41.970
393.776	92.323	18.924	40.975
391.723	52.073	21.210	47.289
395.961	91.740	19.345	40.243
396.966	92.827	19.546	41.182
398.043	91.257	19.365	44.569
399.668	90.863	18.620	43.879
400.514	92.866	18.388	39.241
400.975	93.030	18.259	40.461
401.040	91.606	19.290	39.677
401.589	91.371	19.939	40.576
402.877	91.577	19.871	40.929
403.751	90.079	20.611	41.201
403.417	90.315	20.841	40.295
404.358	90.717	20.982	41.253
405.313	91.940	21.817	41.364
407.266	90.598	21.826	42.235
408.840	89.891	23.164	39.009
410.464	89.015	23.177	38.170
410.889	91.224	22.815	38.675
412.691	92.173	21.084	38.020
413.514	92.379	20.298	37.345
