102.000	155.000	194.000	398.000
96.130	160.672	200.982	384.834
108.778	165.485	195.988	381.101
117.679	169.185	196.656	371.444
126.572	167.030	198.751	366.496
138.052	167.502	198.640	352.554
149.144	168.521	199.624	352.166
163.212	167.921	205.908	346.210
197.770	163.488	192.205	350.773
216.887	161.312	185.499	359.722
229.708	157.698	183.855	356.031
243.289	153.248	179.078	354.563
256.167	149.276	176.296	355.673
267.153	154.006	176.046	348.133
280.932	152.113	170.228	324.426
276.889	152.676	180.807	332.251
272.761	150.878	174.902	320.484
271.699	146.530	162.562	327.252
271.036	143.368	164.735	354.068
277.152	143.085	163.503	351.733
294.080	147.997	160.563	352.191
615.976	488.633	233.568	87.367
317.932	148.602	164.435	358.353
320.993	151.270	168.235	360.858
330.990	150.009	169.111	353.425
335.910	144.875	162.491	352.404
342.633	137.341	155.540	355.569
348.966	127.696	153.791	357.493
354.954	121.378	152.436	359.258
358.911	118.645	152.645	348.668
362.955	114.357	160.078	344.406
366.329	115.908	161.202	336.705
371.015	110.899	163.663	339.812
376.364	104.297	160.143	339.847
378.879	101.461	159.769	338.809
376.076	93.575	164.100	343.639
377.617	83.897	166.085	345.256
376.419	77.006	164.085	346.395
379.572	69.898	158.534	344.988
374.542	73.745	163.835	337.674
375.810	71.985	159.185	340.055
375.830	70.144	156.556	337.365
376.085	66.303	150.699	334.786
376.908	63.659	144.785	328.077
369.931	63.306	141.161	322.949
355.388	59.822	135.399	319.500
350.605	57.686	132.919	319.691
350.834	56.622	134.665	325.237
359.189	60.871	135.257	327.254
382.035	69.384	129.872	324.972
416.271	84.055	133.000	325.609
434.439	97.716	133.085	326.454
437.365	105.719	134.922	324.786
439.981	107.689	138.866	325.364
440.700	101.672	140.603	324.310
447.442	83.513	139.581	319.931
453.181	72.795	142.009	313.306
457.059	58.801	144.807	313.056
458.658	53.299	146.890	307.274
465.306	51.596	148.942	302.694
484.296	51.625	141.614	302.258
495.696	51.069	136.600	298.558
499.495	48.082	136.825	302.956
503.835	43.505	129.755	307.539
493.102	44.539	137.176	304.989
493.126	43.781	134.380	301.488
499.375	45.693	127.753	299.171
496.316	45.909	125.324	295.288
483.714	44.194	130.991	289.848
473.071	38.727	133.536	283.293
465.313	27.975	127.734	281.998
462.466	20.613	126.118	283.136
461.451	12.571	128.302	285.083
464.114	10.379	129.241	282.592
468.930	9.300	125.560	281.480
476.448	6.733	123.590	289.689
473.677	0.612	126.147	297.162
468.353	0.000	129.724	305.234
465.682	0.581	131.900	303.476
462.503	0.537	135.375	297.486
462.063	0.000	135.317	280.861
464.479	0.927	130.798	271.321
465.826	1.696	129.573	257.170
469.016	1.221	126.304	247.506
469.361	0.000	130.886	235.638
464.274	0.000	133.791	225.856
462.799	0.000	129.608	225.719
462.520	0.000	127.057	218.111
454.489	0.000	126.104	208.876
452.276	0.000	116.301	202.068
448.953	0.000	119.729	208.077
449.674	0.000	116.608	213.115
452.260	0.000	105.812	217.691
452.574	0.000	100.058	213.436
448.041	0.000	97.102	243.388
427.712	24.986	104.775	230.752
421.385	39.610	102.663	237.174
398.169	48.006	112.598	251.565
599.373	113.448	125.008	268.643
373.033	59.620	115.887	254.006
356.429	91.414	110.812	229.511
354.685	85.061	114.198	239.615
350.671	97.209	112.129	236.432
342.403	113.697	114.483	224.661
335.835	121.747	111.164	216.396
353.867	0.000	150.622	79.025
360.389	0.000	157.190	63.961
301.206	141.290	107.386	202.040
286.471	139.206	115.152	201.277
280.300	141.749	114.133	196.496
482.650	177.272	129.604	252.979
440.384	183.015	151.010	254.323
477.803	181.022	115.230	243.231
566.290	171.490	123.655	231.087
495.281	185.280	109.396	244.135
310.773	148.575	107.741	203.510
319.681	131.042	103.811	186.953
317.365	133.413	99.388	184.272
326.580	125.858	87.452	179.838
314.776	134.225	96.033	182.626
317.513	127.510	90.741	188.120
317.006	120.309	93.337	193.159
304.275	152.081	99.149	192.622
308.450	159.684	111.782	198.733
305.454	116.990	94.699	205.166
312.283	122.061	85.942	188.975
312.929	118.555	84.234	171.188
316.190	112.868	84.826	166.381
319.781	120.894	91.677	164.042
331.877	108.578	90.360	160.540
353.351	121.760	95.277	153.658
544.458	150.073	107.784	181.855
398.184	132.234	107.194	189.770
419.661	137.959	109.213	201.926
431.038	141.061	105.809	180.985
450.761	124.306	95.517	174.943
460.587	118.749	93.736	169.407
466.840	111.408	94.555	175.341
471.515	107.057	97.350	163.144
646.725	161.378	101.570	195.560
486.390	91.989	105.500	168.711
503.503	90.174	101.382	158.889
516.898	108.155	98.968	153.546
524.488	101.276	96.213	144.729
523.388	97.529	99.336	149.246
532.139	95.087	93.444	153.795
526.725	96.281	97.450	158.386
524.636	93.021	92.136	161.744
527.480	93.267	90.476	152.164
523.278	92.304	90.665	151.362
526.405	89.157	86.569	153.649
527.907	79.186	83.140	166.741
531.569	81.140	79.407	175.023
524.150	83.049	83.957	158.073
516.848	82.018	87.588	163.177
508.716	86.880	86.314	160.075
501.009	86.881	91.359	157.753
492.675	84.249	92.941	156.768
483.390	83.984	96.919	159.356
474.565	79.807	97.898	165.389
464.224	70.611	95.970	155.773
457.601	82.779	99.506	153.188
461.818	71.027	94.751	155.352
453.151	81.456	101.906	156.924
459.893	70.764	96.970	159.739
450.211	76.428	115.101	179.817
451.971	68.539	105.891	163.240
455.328	80.441	110.579	173.962
447.419	73.650	112.102	165.142
445.790	64.589	106.963	191.940
437.695	66.497	116.399	208.326
432.652	66.304	112.563	225.584
434.896	66.238	112.032	231.511
429.390	86.504	112.095	221.160
424.688	81.085	109.752	218.724
430.199	85.022	114.314	222.065
427.740	79.428	103.796	216.429
428.253	90.412	111.127	203.514
426.151	84.706	100.959	204.047
420.851	76.796	95.843	192.507
410.944	69.081	104.131	187.851
410.672	90.362	111.265	175.733
399.041	79.629	97.175	191.698
399.655	102.221	118.138	175.892
384.062	61.341	91.764	186.521
376.414	46.674	89.319	194.961
364.566	47.446	89.398	192.565
359.298	50.222	90.205	196.769
357.106	45.577	90.091	186.649
354.499	48.897	89.764	188.750
353.276	49.167	87.154	186.147
348.256	38.357	88.328	189.491
346.594	46.536	88.607	192.945
346.132	38.321	91.469	187.265
346.433	38.378	89.935	174.511
344.477	38.651	90.305	182.348
341.365	37.501	90.582	171.617
340.939	38.570	87.875	162.564
338.719	39.045	84.001	169.092
333.299	39.985	85.960	165.192
333.876	46.953	84.373	156.891
332.761	39.607	84.765	159.013
331.661	39.760	84.874	157.292
328.334	35.822	87.266	165.330
326.420	33.340	88.445	167.371
325.136	34.089	88.421	166.427
327.544	32.252	88.094	165.281
329.419	30.485	90.792	165.610
331.404	28.320	89.793	167.465
333.091	24.274	93.190	167.451
330.922	29.038	91.883	173.854
335.779	32.435	89.578	159.104
339.954	30.868	85.027	159.711
340.189	28.902	83.949	163.704
342.439	27.073	82.092	166.171
341.743	25.964	83.689	157.221
348.187	22.355	82.631	156.051
353.121	23.550	82.623	162.733
359.874	23.310	86.034	159.554
364.596	20.631	88.345	161.906
368.810	26.004	87.581	163.492
375.320	26.335	88.990	152.621
500.062	77.046	97.065	171.699
374.845	24.926	88.778	155.797
372.776	27.484	84.624	149.141
375.520	27.254	86.714	149.287
371.959	32.502	93.317	136.703
373.293	32.593	90.607	139.493
370.304	32.599	85.879	149.586
364.309	32.140	88.329	148.262
374.070	32.264	77.801	147.209
364.702	31.511	86.525	153.234
371.250	30.834	78.943	176.046
374.242	31.542	80.894	176.645
341.660	83.149	94.209	185.581
493.744	248.372	155.747	310.826
348.079	78.388	93.865	196.649
123.211	104.281	81.569	215.795
122.372	96.826	87.647	214.547
195.069	109.115	108.623	221.752
223.689	95.235	96.289	229.116
176.625	106.911	95.581	254.770
442.866	187.858	162.574	330.101
1.564	122.949	93.288	226.233
4.935	102.617	95.102	235.918
7.052	111.049	107.944	216.988
8.981	116.848	98.585	208.695
4.398	100.389	98.882	220.233
8.757	94.984	101.916	225.063
3.869	111.717	99.410	212.921
4.830	107.692	95.829	216.565
7.921	101.554	98.601	223.172
8.743	102.841	91.964	224.376
5.072	99.660	92.950	223.457
7.648	89.187	94.935	228.990
7.644	88.319	93.389	231.758
9.670	89.983	91.430	225.460
15.750	75.938	90.781	225.303
0.000	39.589	0.000	196.166
11.156	75.143	95.008	225.256
238.626	56.723	97.563	224.936
236.942	61.609	99.910	214.819
311.375	81.793	106.251	243.569
302.572	92.212	107.789	252.998
456.596	33.682	112.668	221.007
490.600	0.000	143.536	0.000
17.628	90.742	84.528	213.788
14.534	75.144	91.539	221.460
181.232	63.365	167.025	215.972
158.191	79.304	102.438	243.044
163.212	98.821	105.953	225.377
242.540	55.902	85.126	215.102
399.455	186.649	148.985	280.986
430.443	101.469	199.527	350.826
455.166	123.061	107.584	268.540
366.605	149.653	191.503	287.122
390.198	125.887	167.018	300.486
383.880	123.119	176.523	305.140
384.426	106.273	274.822	352.318
382.495	101.547	206.658	321.673
368.038	86.679	316.982	371.708
724.515	0.000	153.975	24.519
