297.000	238.000	37.000	109.000
294.915	237.415	36.256	111.092
292.818	236.268	38.149	108.986
289.989	235.793	40.590	107.162
287.977	234.797	41.732	108.721
288.279	235.063	42.092	104.401
289.078	233.994	42.334	109.008
292.104	233.926	39.955	106.792
270.729	233.651	39.554	102.137
224.120	234.838	40.712	98.254
187.557	235.937	39.328	101.192
150.351	234.069	39.558	101.213
142.460	231.889	39.968	104.901
138.678	232.002	42.493	103.677
138.236	230.113	43.793	103.371
138.645	229.746	42.991	104.499
141.158	226.955	38.796	102.777
141.502	226.274	35.380	104.654
139.407	226.693	35.761	104.752
137.296	227.078	36.046	103.285
134.605	226.014	36.279	103.481
129.858	225.304	39.265	104.660
126.378	225.042	40.333	102.960
123.643	224.942	39.902	101.161
122.140	224.631	38.949	103.253
122.587	222.864	37.684	104.072
122.914	221.911	36.536	103.028
122.652	221.378	35.291	101.753
119.518	221.562	35.517	102.606
114.885	222.236	36.440	101.119
111.935	221.026	36.685	101.072
106.759	220.505	37.802	99.827
101.416	220.028	39.210	100.873
98.957	220.131	39.629	99.061
98.131	219.664	38.989	98.935
98.336	218.715	37.065	100.063
98.445	217.597	35.943	98.985
96.981	216.998	32.916	99.362
93.571	217.293	33.337	100.273
90.164	217.810	33.733	98.955
88.139	216.022	33.421	99.930
80.922	215.613	36.184	99.577
74.780	215.454	39.010	101.381
70.575	216.311	41.013	97.270
70.456	215.446	38.063	97.547
71.054	213.657	34.196	98.053
69.609	212.988	31.021	100.041
65.584	213.137	31.672	100.612
57.717	213.954	37.156	98.399
54.309	213.446	38.873	98.243
47.807	212.567	35.021	98.411
56.287	212.027	36.726	100.138
83.641	211.911	38.828	100.444
125.871	210.837	37.571	98.974
258.289	186.837	25.001	105.746
188.165	207.889	37.754	98.917
211.791	209.855	44.213	98.443
235.051	213.839	46.784	90.640
377.539	233.934	19.809	117.354
368.574	343.417	17.034	47.901
232.720	214.085	29.533	87.957
228.928	211.033	30.986	89.211
220.799	208.358	36.827	92.657
216.455	210.487	36.913	90.675
213.820	206.852	33.325	94.526
333.241	270.522	30.308	111.994
210.667	210.895	34.644	89.977
210.820	211.359	35.525	90.440
203.010	208.954	34.724	88.651
189.478	207.914	35.416	90.923
219.758	207.680	33.571	96.617
216.279	203.543	35.950	94.788
216.141	201.880	38.870	95.007
353.552	207.114	15.341	110.016
527.790	216.807	63.165	122.001
290.827	218.487	55.272	90.995
221.295	204.031	32.243	96.347
218.774	201.372	38.991	94.494
352.933	206.929	21.071	109.044
528.537	226.813	63.472	116.146
133.298	260.274	151.524	147.302
132.595	234.653	193.350	210.307
224.042	201.489	63.588	102.528
246.279	196.718	62.657	105.978
263.861	189.655	64.793	104.982
284.763	184.338	62.391	117.218
307.485	175.047	62.752	121.748
358.037	167.831	88.106	163.581
437.762	202.898	61.061	105.262
460.856	195.396	43.326	111.909
466.107	201.708	40.070	104.139
611.877	200.749	18.042	129.836
611.082	190.881	18.370	134.631
601.182	223.578	19.078	118.868
470.072	203.773	34.460	97.496
603.401	211.109	16.588	118.504
468.610	205.013	31.700	92.845
472.979	204.165	30.807	92.847
593.709	185.358	19.451	107.583
470.755	201.620	35.335	98.444
467.348	200.948	36.613	101.039
465.663	197.634	38.950	98.716
470.494	204.247	30.527	95.734
473.318	205.190	31.537	89.754
469.735	202.473	31.213	93.304
466.337	202.087	36.638	99.497
466.529	201.022	36.942	103.537
467.146	202.826	38.083	97.628
466.556	203.421	39.904	95.449
472.030	207.534	33.987	90.889
453.666	127.510	39.511	47.136
461.248	195.777	45.668	116.309
464.772	208.230	61.673	132.825
462.790	201.318	41.630	99.924
471.107	204.816	33.418	95.543
467.288	205.904	37.927	91.550
