588.000	279.000	41.000	118.000
583.482	275.045	39.196	121.432
579.444	275.471	41.433	120.572
577.300	275.248	41.011	119.437
574.695	274.428	40.866	120.422
572.756	273.171	39.707	119.903
570.269	270.370	40.183	121.053
568.668	269.950	39.174	117.352
566.307	270.521	39.205	114.824
561.403	272.261	40.821	113.242
557.794	273.398	39.945	112.259
554.374	271.828	38.700	113.305
552.308	269.461	36.691	114.650
550.294	268.312	35.590	114.853
545.100	267.842	37.619	115.053
543.579	269.511	37.261	113.484
541.259	269.095	37.138	113.031
539.848	266.644	37.583	114.050
536.174	264.594	39.655	112.693
534.254	262.899	39.575	113.468
528.655	264.400	41.243	110.238
524.731	263.902	42.303	109.069
523.777	265.342	38.602	107.555
520.577	262.651	36.767	109.978
517.435	260.324	37.835	112.842
515.696	260.121	38.445	111.864
513.766	260.864	37.473	110.366
511.965	261.669	36.341	109.629
509.214	259.749	37.133	110.601
505.696	258.962	38.516	110.706
502.307	257.740	40.069	109.105
499.394	257.528	40.430	108.260
493.166	256.675	44.402	108.407
491.326	257.697	41.768	107.061
489.978	257.651	40.210	106.409
487.095	256.078	38.560	107.204
484.446	254.279	37.614	108.410
481.421	254.975	37.857	107.598
479.231	256.893	36.904	105.442
476.901	257.259	36.590	104.360
474.388	256.082	36.685	103.663
473.373	254.583	36.547	105.374
471.626	252.984	36.230	106.101
469.239	252.773	35.460	107.283
465.256	253.085	36.113	107.400
457.403	250.636	38.714	109.618
454.999	249.235	36.555	104.611
452.665	248.708	36.036	107.065
450.147	248.847	36.756	102.804
448.425	248.942	35.328	99.798
447.863	247.397	34.519	96.059
446.943	245.754	34.357	97.710
445.289	243.854	34.712	96.925
443.433	243.931	34.680	96.641
440.941	243.316	34.831	95.931
437.823	244.703	35.063	93.059
433.745	244.942	35.538	90.777
428.586	244.506	36.384	85.265
423.898	242.625	35.910	87.479
420.091	242.365	36.942	87.479
416.029	240.981	36.845	89.378
413.858	241.586	37.421	89.816
411.585	242.079	34.906	90.738
409.812	241.052	33.060	88.553
406.446	239.248	35.764	84.059
403.455	241.216	34.861	81.919
401.643	240.160	34.041	82.084
397.309	240.945	34.716	80.065
392.523	241.427	34.976	79.935
387.652	239.758	35.121	83.411
384.582	238.919	34.690	82.596
382.271	239.125	34.206	79.403
379.283	237.231	35.231	81.111
378.561	236.878	34.063	80.658
378.093	237.241	33.150	77.659
377.701	234.909	32.781	76.439
377.021	233.510	32.209	78.873
374.940	233.086	33.222	84.010
373.730	234.097	32.953	83.751
371.317	233.953	32.331	85.138
368.883	231.740	33.433	83.779
368.607	230.129	32.506	84.523
369.723	227.458	32.627	83.304
371.060	229.393	32.356	79.883
374.767	230.547	29.896	77.770
378.343	227.974	30.866	78.417
382.430	228.148	30.945	79.138
384.913	225.695	31.474	76.135
387.679	224.834	31.753	73.041
390.484	223.691	31.057	71.933
394.366	224.434	29.126	70.476
397.318	225.095	28.400	71.601
400.647	225.141	28.458	69.533
403.458	222.643	29.043	70.788
406.790	222.091	27.992	71.877
409.588	221.694	28.194	74.057
412.681	221.145	29.095	76.876
415.641	221.538	31.912	74.551
419.521	221.599	33.524	78.477
427.018	219.662	32.351	84.261
431.399	217.786	32.954	87.305
435.263	216.373	34.417	85.186
438.744	216.910	35.395	85.671
442.520	216.461	34.882	88.412
447.263	216.436	35.450	88.009
453.633	216.214	33.769	90.497
459.058	212.946	32.464	92.335
461.461	210.486	32.916	94.691
465.205	210.542	34.058	93.593
469.103	211.147	34.947	93.047
470.870	212.558	42.029	90.059
451.981	213.096	41.531	88.585
440.370	214.799	43.269	89.853
430.039	211.614	41.568	88.987
419.974	212.880	38.053	89.493
405.619	210.084	39.860	90.072
393.485	212.741	38.648	94.128
379.394	214.841	38.387	90.537
365.039	215.506	42.726	91.136
356.066	215.141	44.124	88.760
344.945	212.100	44.064	92.808
338.607	205.910	41.109	104.623
323.908	208.637	42.803	101.396
312.396	209.150	39.504	101.737
304.922	209.331	34.360	113.564
290.550	203.451	37.761	112.001
271.798	216.953	36.797	105.569
262.930	216.314	36.792	100.929
248.394	209.273	39.751	97.655
388.557	221.705	16.366	110.342
233.383	207.420	48.404	97.486
368.965	303.035	35.015	94.855
206.021	216.871	45.843	88.656
328.325	144.623	36.070	116.796
189.131	218.937	38.415	87.780
176.350	215.232	42.891	89.688
162.580	213.987	47.972	89.013
152.597	212.686	38.795	88.112
137.618	211.863	39.516	88.740
128.329	210.726	36.525	99.646
117.951	208.990	39.517	94.973
108.391	210.659	37.195	99.366
96.966	214.705	45.783	92.574
86.428	216.294	48.917	87.525
81.678	228.575	46.462	78.853
93.591	214.847	37.223	89.692
98.158	218.351	36.750	85.994
104.599	222.086	39.860	83.955
110.045	220.291	41.545	83.258
112.244	220.374	43.349	84.200
120.785	219.046	40.069	84.504
126.449	223.054	37.517	79.730
133.306	221.862	35.760	82.835
138.183	220.646	35.704	84.768
142.004	213.990	42.324	89.021
146.821	216.219	48.355	86.357
150.431	214.669	46.745	88.914
158.625	210.731	40.516	92.057
166.605	211.557	35.778	92.990
175.908	214.372	37.453	88.531
176.404	215.293	39.865	88.615
181.873	214.885	37.415	89.468
186.988	215.143	36.952	90.600
193.861	212.538	34.198	90.067
198.552	215.065	35.083	89.085
199.080	213.981	40.293	90.138
201.285	214.814	44.237	89.148
206.188	209.057	44.051	94.985
216.374	197.252	41.108	99.793
226.590	191.000	35.767	89.877
233.260	210.127	43.492	91.463
244.485	200.626	36.485	97.898
252.063	208.364	35.426	92.718
256.913	206.541	34.876	85.144
262.533	207.648	34.499	88.432
267.140	206.792	37.087	82.881
269.669	199.045	37.130	89.777
276.474	199.954	38.849	87.035
284.724	199.373	38.336	81.127
292.548	142.231	82.978	150.876
304.717	170.558	69.398	116.764
302.465	178.974	55.841	104.491
309.727	179.335	45.169	102.068
314.324	184.779	45.636	96.330
433.565	65.918	101.621	180.797
401.039	127.438	96.692	169.079
379.543	150.996	89.232	165.246
331.239	189.918	63.802	124.511
344.409	191.387	47.520	112.922
350.633	191.434	41.927	108.899
354.596	190.334	56.621	124.658
358.368	199.842	62.623	120.471
362.800	108.530	133.951	198.135
394.329	154.407	115.377	186.381
369.593	174.917	90.946	160.901
387.541	173.068	45.656	125.687
394.164	194.226	43.220	105.815
401.844	197.428	39.354	108.392
351.494	132.084	104.136	173.122
411.737	175.405	65.466	121.473
421.183	177.143	49.820	97.515
428.606	186.938	46.082	88.548
408.928	150.712	88.274	139.089
332.236	64.051	168.320	239.494
409.862	94.263	101.635	220.719
446.906	173.751	72.574	143.050
457.066	178.266	46.804	110.589
468.914	104.829	74.865	174.102
459.930	171.074	54.196	134.631
470.966	187.342	50.154	85.884
373.349	139.473	109.348	158.240
471.773	131.901	64.501	164.000
488.924	174.926	47.385	114.931
505.350	189.985	40.183	96.063
511.109	193.639	40.104	86.802
500.816	191.773	41.679	95.191
490.352	192.367	43.665	93.783
479.845	187.515	38.768	88.228
468.742	200.728	36.036	87.816
462.986	188.320	36.148	97.414
451.693	189.176	34.785	102.660
440.786	189.698	38.261	97.968
429.955	190.731	40.221	100.205
420.277	194.466	39.579	93.374
409.092	189.804	35.002	97.724
397.971	196.518	34.558	93.931
387.404	187.282	36.668	99.684
374.723	186.294	40.363	102.478
364.323	185.920	36.184	103.959
470.752	154.279	45.504	125.109
340.480	195.940	37.205	100.255
327.452	178.937	35.389	115.620
318.847	187.972	39.047	113.179
309.553	191.500	42.777	109.385
301.189	188.771	38.916	107.253
289.999	191.574	36.522	103.533
279.589	193.641	36.864	102.239
269.046	190.527	40.061	103.129
258.947	189.904	39.271	107.676
261.071	164.958	48.572	116.638
246.153	156.362	54.159	128.805
220.349	138.638	66.131	141.882
448.032	128.911	97.378	242.966
434.890	131.810	97.392	217.367
343.271	105.015	190.850	298.099
299.502	52.914	302.480	422.196
255.941	0.000	359.366	472.407
237.582	0.000	381.310	475.893
0.000	0.000	544.839	481.000
249.808	44.840	308.729	425.033
225.281	0.000	385.018	469.709
89.238	0.000	507.282	479.769
0.000	0.000	561.325	481.000
140.237	85.896	298.175	395.104
72.224	24.191	441.264	456.809
0.000	0.000	486.861	481.000
147.879	64.557	306.802	416.443
217.146	142.188	188.835	275.918
182.903	207.185	141.599	208.523
215.917	184.225	113.321	205.248
234.327	187.609	138.572	208.165
291.999	481.000	139.817	0.000
160.230	177.407	76.375	153.315
163.120	179.867	63.404	121.664
170.677	183.103	48.986	106.328
184.238	191.467	43.378	91.760
189.527	187.920	36.096	96.288
188.492	179.738	38.840	94.810
154.288	52.830	92.132	158.945
173.526	198.608	155.861	207.062
210.406	136.114	267.967	300.239
129.095	0.000	370.214	444.300
182.955	143.635	222.963	337.365
212.738	216.374	88.131	171.928
230.082	194.773	91.622	174.611
46.201	180.188	154.469	221.002
172.315	125.282	229.402	306.068
231.584	172.675	78.085	173.932
247.507	161.315	95.842	162.094
41.140	182.727	139.028	236.961
158.346	140.559	250.465	300.616
60.927	94.396	397.832	380.732
180.000	137.793	259.715	302.754
221.501	0.000	299.477	463.497
198.827	228.590	100.595	190.650
247.388	158.400	95.579	178.888
