425.000	62.000	116.000	77.000
426.041	59.472	112.712	80.735
424.501	58.411	112.402	81.235
423.467	56.749	111.635	81.886
422.961	55.670	111.176	82.870
420.987	54.040	112.867	84.148
421.118	53.625	112.210	84.379
421.147	53.301	111.842	85.452
421.029	53.295	112.168	87.429
421.020	53.745	112.134	88.820
420.685	55.143	112.522	91.094
421.080	56.679	112.965	91.811
421.449	57.890	113.360	92.751
422.289	58.504	113.955	93.299
422.393	59.179	115.445	93.970
423.178	60.989	115.783	93.628
424.576	61.891	115.786	93.489
425.870	62.136	115.451	93.775
427.380	62.280	115.421	93.823
427.950	62.534	116.412	93.988
429.079	62.983	116.646	93.969
429.736	63.180	117.314	94.202
429.655	63.377	117.869	93.956
429.959	63.318	118.447	94.266
430.438	63.050	119.511	94.373
431.046	62.380	119.776	94.605
432.475	62.085	118.000	94.358
433.017	61.702	116.401	93.659
434.600	59.587	115.209	94.385
434.609	57.133	115.589	94.548
435.486	55.738	114.387	93.621
434.432	50.608	114.597	93.350
433.602	48.793	113.144	91.845
431.430	47.415	113.157	91.934
429.538	47.607	115.217	92.250
426.682	52.975	117.239	95.986
425.029	57.441	118.193	98.060
424.635	61.644	116.479	98.488
424.015	63.857	116.670	98.403
424.540	66.856	116.775	96.671
425.212	67.963	116.509	96.019
426.002	69.055	115.886	95.020
426.219	69.354	115.757	94.464
427.250	69.807	114.647	93.674
427.631	69.632	114.858	92.790
429.673	68.711	114.684	92.577
430.210	67.634	115.427	92.759
431.495	66.832	115.236	92.570
432.309	66.211	115.954	92.885
432.781	66.014	116.649	93.637
433.336	66.016	116.840	94.033
432.067	66.525	117.625	93.938
430.479	68.592	118.693	91.249
429.348	68.691	118.540	91.266
428.584	68.720	118.461	92.070
428.060	68.476	118.863	91.953
427.536	68.303	118.867	91.914
426.408	67.943	118.803	92.013
424.872	67.592	119.026	92.018
423.705	67.541	118.596	91.668
421.991	67.384	118.829	92.783
420.716	67.496	118.770	92.721
420.603	67.140	117.727	93.076
420.360	66.782	116.708	93.175
419.639	66.728	117.090	93.438
419.116	66.067	117.568	93.572
418.711	65.283	117.375	94.050
418.125	64.721	116.479	94.138
417.466	64.419	117.139	93.950
416.890	63.595	116.791	94.540
415.418	62.907	118.039	95.214
414.267	61.956	117.261	95.408
412.074	60.701	118.127	95.970
409.540	59.359	116.489	96.811
407.834	59.018	113.935	96.487
404.624	58.568	115.994	96.330
400.780	57.947	115.387	96.049
396.263	57.190	116.725	96.863
391.905	57.200	119.646	96.053
386.881	56.588	120.990	95.962
382.747	56.712	120.265	95.243
378.943	56.255	119.408	92.998
376.212	55.809	121.072	91.415
374.990	54.867	120.457	92.085
373.171	54.410	120.354	92.089
370.113	54.186	120.916	91.982
365.512	52.669	120.881	92.465
363.150	51.696	119.858	93.105
362.216	50.661	119.404	94.915
361.307	50.410	119.394	94.918
360.463	50.045	117.124	95.165
357.969	49.823	118.261	94.170
356.381	49.514	118.832	94.597
354.727	49.004	118.665	95.269
354.042	49.210	117.737	95.064
352.789	48.589	118.421	95.523
352.516	48.227	118.923	95.625
352.947	48.279	118.850	95.514
353.702	48.487	118.861	95.366
354.942	48.694	118.505	95.158
355.339	48.537	119.400	94.497
356.163	48.898	118.276	94.195
356.845	49.097	118.202	93.830
357.749	48.480	117.355	93.749
357.418	48.678	117.116	93.740
357.632	48.526	117.369	93.358
358.180	49.073	116.237	92.822
358.728	49.424	114.872	93.063
359.118	49.961	115.137	92.000
359.677	50.061	115.083	91.550
360.031	50.340	114.463	91.330
360.080	50.074	114.214	91.071
359.966	50.106	114.327	91.024
359.512	50.057	114.782	90.846
359.796	50.124	114.189	90.683
359.734	49.908	114.205	90.769
359.548	49.858	114.728	91.045
358.998	49.781	114.681	91.422
358.529	49.336	115.172	91.750
358.003	49.300	115.568	91.442
357.478	49.435	116.916	91.709
357.153	49.812	116.740	91.280
356.910	50.011	117.848	90.570
356.978	49.961	116.837	90.789
356.723	50.340	117.393	90.231
356.608	50.291	117.669	90.854
356.212	50.126	116.887	92.420
355.917	50.590	116.759	93.567
354.511	50.920	116.264	94.426
352.527	51.591	116.231	97.768
348.537	53.700	121.115	101.537
344.230	59.448	126.204	112.966
344.498	65.040	126.718	114.000
352.502	75.192	119.667	109.568
356.583	78.794	109.867	109.507
470.065	84.721	108.312	110.995
472.283	98.238	103.111	118.558
473.906	107.174	108.261	119.409
478.210	119.164	104.523	116.676
474.312	129.088	112.046	116.075
479.297	143.861	111.129	109.180
487.658	166.156	116.439	95.359
488.141	173.171	119.518	92.893
494.448	168.747	129.014	106.406
492.917	176.661	132.270	98.086
493.436	178.522	132.094	98.643
498.324	183.318	129.232	94.980
497.911	184.982	132.532	94.670
500.884	186.578	131.741	94.969
503.609	188.685	133.960	93.386
342.957	162.458	57.696	94.610
512.507	190.348	132.855	99.476
516.847	192.127	135.349	102.376
525.231	334.839	131.010	137.803
526.627	200.765	132.636	118.205
342.119	181.129	49.076	93.260
548.291	206.136	107.604	104.343
547.240	204.612	107.941	106.771
546.490	210.175	110.668	103.959
544.107	214.278	115.198	100.454
540.109	219.914	121.515	96.940
537.908	223.309	122.408	97.800
537.118	225.322	119.082	98.287
536.658	227.456	113.819	96.740
535.316	226.919	111.645	98.762
531.758	227.333	110.639	98.283
530.190	229.246	99.280	97.497
526.089	233.991	96.290	92.008
524.983	238.498	87.892	87.552
524.614	241.147	78.128	84.653
526.191	239.886	68.975	86.406
526.630	236.123	60.402	88.877
528.519	226.148	64.776	99.946
524.100	225.775	69.666	98.214
513.944	228.275	73.183	91.819
506.707	224.894	53.411	93.458
385.552	125.553	49.060	40.888
507.642	237.578	48.252	89.441
506.254	239.467	51.449	84.543
505.601	239.870	52.776	84.450
507.369	240.927	51.098	83.316
504.210	241.085	53.244	85.862
502.970	242.216	54.761	89.061
507.240	244.088	50.381	85.367
512.222	246.077	47.291	85.084
514.961	246.279	49.437	86.581
518.401	242.029	56.536	87.063
536.688	238.201	56.264	91.948
541.724	226.325	54.757	101.483
545.361	227.806	52.842	100.218
545.512	219.365	51.801	106.175
536.240	203.710	61.741	117.129
535.659	198.513	63.764	111.582
560.671	191.610	47.667	114.083
560.372	188.233	52.386	99.204
555.612	185.151	67.509	101.774
543.222	186.798	86.662	100.217
532.921	191.875	103.153	91.051
525.694	195.385	115.099	89.069
519.523	199.092	120.990	93.499
510.349	205.315	130.068	96.049
499.564	210.953	137.714	102.321
497.980	211.754	138.303	107.620
495.744	211.946	137.619	111.622
495.575	214.059	135.828	113.198
496.045	216.183	129.950	113.761
502.790	223.628	116.601	110.994
505.813	227.077	105.849	108.140
511.598	228.891	95.542	107.171
513.483	230.905	90.896	103.784
515.304	231.677	86.516	101.640
516.315	232.821	84.160	97.285
517.058	233.020	83.322	95.600
516.894	234.195	86.152	92.575
517.128	234.981	91.403	90.428
515.358	236.414	99.653	88.610
516.179	237.931	108.082	86.974
515.535	237.732	115.278	88.148
516.492	237.059	120.412	91.251
520.144	236.647	119.483	92.767
522.953	235.417	117.735	94.579
530.444	233.018	107.587	94.945
533.615	230.277	97.009	92.545
533.377	226.762	87.189	92.295
532.500	221.494	79.676	95.078
521.157	216.597	87.899	93.072
515.224	210.969	99.879	85.887
511.488	209.303	106.820	72.851
481.549	209.163	137.456	65.356
484.266	204.058	128.587	68.374
462.851	195.961	147.732	78.708
461.907	185.279	140.148	97.103
459.054	185.411	139.318	101.564
456.184	188.098	138.681	104.546
456.668	188.848	139.031	111.451
459.493	194.693	138.021	111.585
464.650	210.231	137.492	105.673
475.485	221.658	132.849	97.118
487.533	227.595	124.243	94.223
500.347	232.250	112.392	91.382
502.532	233.637	112.234	91.157
501.209	234.685	117.876	91.724
499.419	234.737	122.557	94.622
496.811	234.820	128.505	96.720
496.244	233.124	129.911	99.367
495.652	232.591	129.641	100.026
498.683	225.989	123.999	106.061
500.560	221.601	117.439	108.242
500.465	219.980	117.327	110.159
499.152	221.527	117.489	107.807
494.374	222.820	124.471	103.651
487.743	225.344	134.310	95.859
486.912	226.566	130.646	86.263
497.925	219.107	111.101	94.696
505.196	214.348	93.017	100.267
679.860	70.021	65.492	57.950
527.486	199.507	67.313	118.955
513.929	199.844	71.598	116.556
518.610	209.242	75.978	109.861
516.423	209.903	74.269	106.158
521.003	218.312	76.244	101.063
530.866	221.796	91.833	104.162
521.996	225.536	121.042	105.975
515.519	224.342	129.904	107.864
514.346	226.745	132.251	106.709
515.399	229.197	128.423	105.199
522.684	231.278	115.448	104.189
538.978	233.165	84.036	102.945
545.176	232.210	74.884	102.265
546.111	232.294	76.010	99.330
543.749	232.518	82.852	97.057
536.700	233.941	97.738	93.175
524.848	234.864	114.572	90.607
521.000	233.652	116.107	93.017
519.309	232.434	110.221	92.038
523.306	226.953	93.482	96.736
528.643	220.956	68.781	99.812
665.876	101.916	66.391	40.402
518.171	207.724	76.299	109.429
507.825	196.347	80.211	125.992
505.629	185.603	87.704	130.052
492.462	166.924	92.434	120.057
463.350	191.760	128.237	81.397
655.367	265.287	86.880	117.439
463.092	183.395	139.756	84.418
459.511	179.526	146.155	86.396
710.827	226.964	67.685	132.940
482.419	180.366	121.498	83.247
488.682	182.873	117.200	79.551
491.367	187.327	118.714	74.550
490.295	190.144	128.428	70.528
483.074	192.700	134.617	64.147
486.677	193.504	134.384	57.727
637.085	49.011	103.024	76.124
717.818	0.000	126.837	0.000
714.908	0.000	127.386	0.000
644.939	227.124	83.518	95.937
470.405	190.891	134.974	63.994
460.722	190.155	145.804	69.418
461.403	189.935	143.078	73.637
458.863	189.560	139.855	77.068
462.126	189.427	137.535	80.042
461.989	190.342	132.888	85.870
463.346	192.282	129.601	89.665
639.670	56.724	104.815	106.498
480.034	198.043	112.053	86.411
336.963	182.612	56.795	89.948
461.696	196.979	133.913	90.264
462.042	195.709	135.388	92.850
461.858	195.442	136.996	91.763
460.857	194.775	140.401	88.981
462.630	193.179	139.537	89.481
462.350	194.076	140.075	82.721
464.814	193.958	136.988	79.775
466.414	194.264	135.293	79.944
466.876	195.792	136.022	76.352
466.603	198.232	137.235	73.980
468.355	195.605	135.223	76.858
468.163	194.515	135.454	78.767
466.196	193.157	138.188	80.895
467.509	193.013	136.748	81.578
468.347	193.538	135.274	81.287
468.298	192.406	135.226	81.889
467.787	192.543	135.352	82.750
467.655	192.289	135.060	82.988
467.079	191.509	135.692	83.956
466.174	191.294	136.050	83.673
464.560	191.774	137.377	82.270
462.973	191.673	137.985	80.570
463.299	190.961	137.107	79.607
461.942	190.287	137.197	79.963
461.140	188.531	136.524	81.447
457.107	186.683	138.634	84.079
452.314	185.566	141.914	84.121
450.036	184.598	142.354	84.137
447.973	183.662	141.483	85.076
441.091	183.075	146.819	85.868
433.386	183.187	148.537	81.473
433.948	180.644	144.063	82.288
431.978	180.794	143.611	80.484
428.593	180.774	142.030	79.860
427.989	179.636	137.775	81.650
425.586	180.062	137.729	81.576
423.925	179.618	136.367	81.507
419.214	179.397	139.080	81.228
416.920	179.372	138.634	79.508
417.191	179.748	136.322	78.727
417.045	179.343	132.150	78.679
417.529	178.077	128.471	80.064
418.460	176.372	126.424	82.977
412.505	177.068	131.305	81.604
411.973	175.290	129.081	83.364
406.849	173.718	130.539	85.213
410.215	172.399	124.692	86.655
406.649	172.543	126.051	84.290
404.982	172.594	127.552	83.786
400.171	173.225	132.585	81.049
394.539	165.472	135.768	84.888
394.864	164.057	136.242	83.287
393.844	160.086	135.481	84.545
391.636	157.689	141.247	79.235
387.348	154.885	142.529	81.625
389.691	152.956	141.912	82.505
394.312	151.419	137.049	78.540
391.668	152.422	139.837	76.031
389.335	151.657	139.952	75.339
388.728	150.753	140.595	75.178
384.875	147.549	143.802	76.646
387.800	146.823	140.164	77.075
390.713	144.886	136.302	77.878
387.550	144.751	138.934	77.924
387.324	143.354	139.478	80.105
384.944	144.061	141.235	78.105
377.220	144.224	150.495	77.141
366.784	143.396	164.545	79.010
384.037	141.699	148.354	77.329
384.592	143.523	147.406	80.379
392.692	142.212	140.096	80.994
398.021	142.368	135.934	84.629
402.245	140.806	133.115	83.919
403.703	141.129	133.079	83.565
404.703	140.543	134.967	82.358
405.150	137.595	136.132	79.150
380.206	137.604	164.524	79.925
379.402	135.944	168.223	80.285
369.521	136.265	163.845	83.706
382.088	137.271	158.043	79.688
380.781	136.803	164.781	83.601
375.801	134.322	174.376	84.911
370.682	134.341	162.625	87.062
374.148	135.619	166.409	86.385
374.273	135.436	164.746	81.245
376.147	137.551	161.575	80.875
376.037	137.301	159.040	78.316
376.709	138.005	161.014	79.168
382.683	136.994	151.590	76.189
385.353	138.317	151.976	75.574
384.704	138.481	146.112	76.558
390.097	140.098	147.245	74.979
383.124	141.086	147.417	77.451
385.372	142.644	153.709	76.989
392.619	141.093	138.703	76.145
384.598	142.832	147.917	77.422
388.931	141.478	145.481	78.122
389.742	143.541	155.333	75.954
390.147	144.669	154.457	74.133
389.912	143.457	152.480	74.800
390.548	143.258	153.782	76.670
390.670	143.332	151.247	73.734
390.832	145.135	154.206	75.814
390.693	145.555	155.267	73.605
392.832	146.149	154.191	74.313
393.081	146.469	153.305	73.009
394.038	147.597	152.514	73.888
392.192	147.766	152.800	73.774
391.937	147.415	152.906	78.002
394.236	148.250	148.060	77.201
399.905	150.383	143.372	72.509
390.578	152.578	148.432	71.777
390.780	152.514	149.356	69.916
389.740	155.317	147.310	73.150
388.697	154.136	151.730	70.071
390.601	154.435	141.742	64.304
397.953	150.203	141.195	78.942
394.524	149.315	146.345	84.783
388.126	150.601	153.342	84.838
386.780	150.048	153.843	85.014
381.389	147.709	157.494	89.006
382.102	151.343	163.106	89.915
369.847	154.387	149.470	90.998
360.400	152.381	163.413	95.960
363.766	153.245	169.465	93.538
357.877	154.004	184.625	91.855
360.404	155.077	171.447	93.137
355.527	155.111	162.914	91.611
356.293	158.818	144.086	91.040
363.687	158.645	146.355	85.869
355.203	158.557	138.698	85.010
421.393	159.020	149.012	82.695
365.926	159.735	156.204	79.159
362.572	159.677	133.077	74.043
470.445	161.194	107.156	80.738
369.636	159.209	128.837	78.715
463.435	161.092	113.700	76.998
357.917	141.425	212.426	105.884
305.676	54.832	277.093	220.140
367.815	138.899	208.186	132.075
367.005	154.090	160.579	90.201
434.878	159.803	138.502	81.919
386.881	163.224	158.756	82.783
414.717	165.829	159.070	79.929
452.068	166.041	107.484	82.509
433.428	165.080	124.657	78.780
354.848	156.710	134.045	89.555
193.521	8.199	118.692	75.606
352.366	157.861	159.945	100.485
357.542	126.701	163.866	190.919
330.814	92.633	242.697	354.147
358.071	160.072	220.499	164.200
331.450	154.541	172.716	114.227
466.852	193.356	132.514	83.203
656.566	251.091	102.132	117.624
473.860	187.769	133.734	87.776
483.054	186.987	129.369	87.793
483.201	191.883	130.887	85.509
496.986	189.228	121.946	90.028
494.034	193.112	126.047	89.440
496.518	195.740	124.291	90.349
522.128	195.844	102.885	100.991
539.180	192.096	80.563	105.470
520.129	186.075	87.113	108.636
551.682	196.178	88.013	101.240
547.099	202.960	114.286	90.321
529.261	203.118	129.423	84.586
548.739	199.256	110.652	89.687
529.593	197.653	124.762	92.806
562.256	196.950	90.952	96.925
564.765	196.086	87.140	97.460
557.713	206.990	97.105	89.603
553.354	207.856	104.111	89.110
545.804	207.118	109.881	93.701
533.948	207.870	120.102	97.968
517.023	209.393	130.494	99.067
505.628	212.522	127.808	97.752
475.149	213.845	131.481	96.508
465.292	201.719	128.743	101.333
354.954	170.608	149.669	99.401
323.896	156.759	208.080	220.620
390.505	147.228	153.378	100.334
407.667	149.028	135.659	91.144
632.985	285.587	77.536	109.004
418.768	140.565	126.042	97.235
617.372	31.559	91.477	84.741
400.271	189.581	132.234	81.787
396.391	185.989	140.847	87.045
406.047	188.997	139.898	87.539
419.066	190.588	130.242	89.432
430.411	190.652	120.241	91.624
454.480	195.337	109.314	90.437
466.626	202.928	103.590	91.227
517.709	194.374	66.876	108.943
514.679	200.369	67.226	106.039
517.119	199.460	84.668	106.748
551.390	197.006	83.656	98.200
551.309	200.130	95.790	92.322
553.451	201.297	100.553	90.114
552.012	201.103	103.204	90.251
552.250	199.234	102.217	92.206
565.783	189.877	78.670	102.259
564.962	189.784	76.696	103.858
556.556	188.842	70.636	103.363
537.856	188.843	102.082	95.231
522.387	189.507	119.147	89.342
513.945	193.247	120.275	85.985
509.454	192.510	117.197	87.888
506.241	195.019	116.537	86.070
503.627	190.203	114.242	88.321
497.623	193.638	118.691	81.979
500.794	188.593	108.548	78.409
503.021	185.375	88.883	89.138
509.764	186.408	69.992	90.620
515.508	184.534	46.227	98.333
512.884	182.135	56.500	95.383
507.153	181.095	74.997	101.092
509.841	187.653	76.676	102.494
516.489	191.090	71.385	110.769
516.190	195.671	73.377	113.544
525.630	208.051	67.948	107.180
535.405	208.079	58.973	111.140
539.223	217.791	47.672	104.737
540.966	225.662	44.911	98.434
541.827	220.750	49.969	102.761
536.395	232.319	40.872	88.850
523.754	236.510	50.369	79.954
520.941	234.838	57.300	80.984
516.908	232.608	65.117	84.568
517.822	229.276	69.988	87.668
524.620	227.543	70.584	89.812
548.976	221.357	68.402	87.062
563.831	216.411	70.088	88.036
576.259	212.946	74.297	90.176
587.110	210.664	79.380	91.291
604.026	207.995	80.224	91.708
617.081	204.882	81.148	89.022
619.492	198.740	86.269	93.931
618.487	194.339	91.140	98.595
614.774	194.495	98.306	101.419
601.825	186.196	110.520	111.150
579.298	185.565	120.493	114.480
562.672	186.391	127.276	111.936
544.272	187.420	129.317	107.107
529.414	190.682	127.662	97.418
512.318	187.433	133.793	91.198
491.241	181.857	135.712	80.522
481.589	169.856	137.975	90.052
480.141	162.025	120.451	92.857
484.832	155.763	104.031	97.079
491.522	164.486	76.904	91.849
500.218	167.526	55.660	92.080
501.288	163.454	61.686	95.987
499.255	173.135	80.701	92.824
492.319	157.261	92.168	114.041
496.400	157.498	93.189	124.729
515.709	167.229	78.890	124.319
532.317	183.599	62.552	112.736
527.944	191.742	63.701	107.944
531.872	191.245	60.364	107.943
555.589	201.443	44.351	105.569
564.121	206.637	57.515	94.506
563.295	207.196	70.855	93.391
564.064	206.722	78.731	97.070
566.633	203.673	83.011	98.616
567.472	203.011	89.469	98.668
567.155	203.264	98.774	100.336
566.521	205.709	106.318	96.016
565.527	204.706	115.996	99.880
562.541	206.702	125.311	100.270
561.617	208.435	128.846	103.124
565.770	209.766	125.989	107.818
572.238	210.267	119.603	112.293
582.492	215.400	102.454	109.277
588.954	220.112	79.871	106.288
599.731	226.778	63.505	104.149
596.432	222.250	53.673	114.006
587.779	214.397	65.379	120.722
576.705	210.077	82.155	126.137
558.967	206.140	106.359	126.532
543.968	196.980	128.622	129.941
350.478	183.238	111.703	133.056
341.954	152.994	146.449	132.433
531.016	187.389	156.115	126.735
533.205	182.882	154.303	129.438
552.716	177.343	133.384	135.501
353.513	148.024	135.839	142.202
605.843	185.578	68.608	123.721
625.441	199.082	70.325	114.024
631.409	188.262	89.769	123.219
632.140	185.863	117.999	123.873
636.092	188.123	142.238	121.023
645.243	193.040	155.678	117.446
657.249	196.103	150.487	116.428
677.437	200.854	130.267	112.634
696.855	205.909	109.418	108.178
715.688	208.754	85.944	106.151
730.728	218.726	61.375	104.203
729.441	229.889	55.936	101.089
718.460	238.816	63.874	101.475
701.941	236.215	80.499	116.320
684.235	235.920	101.492	123.683
666.228	244.055	121.281	125.708
654.106	242.396	133.922	130.004
639.811	245.140	150.382	133.071
628.192	247.623	162.114	132.829
620.373	247.325	169.024	136.359
615.421	248.471	157.386	139.766
614.313	248.480	137.511	139.206
613.688	244.258	111.563	142.823
600.844	245.193	107.646	131.593
586.061	247.833	111.309	122.176
568.838	253.295	114.793	97.586
553.055	254.455	114.106	82.869
549.398	242.811	114.151	63.739
551.724	230.170	127.084	68.745
529.610	230.048	152.054	70.593
535.558	227.829	153.418	66.045
544.566	227.466	145.375	68.781
532.577	232.192	156.662	72.242
527.717	230.744	160.342	87.126
531.433	231.040	161.156	97.109
539.069	234.642	156.742	97.386
532.670	231.874	164.394	104.553
524.920	228.250	166.844	103.789
519.340	229.771	169.892	91.523
522.939	231.175	164.521	82.147
521.775	229.341	152.380	77.071
518.214	228.279	148.133	73.131
514.507	225.635	149.088	75.150
512.588	224.809	149.029	72.745
513.395	223.779	144.067	74.718
512.941	222.025	141.857	79.777
511.509	222.903	145.945	84.471
510.495	223.035	145.527	84.218
508.839	223.496	147.398	81.844
502.613	218.225	152.724	85.496
504.729	211.938	147.467	87.717
502.103	211.149	148.676	86.214
508.164	212.275	145.036	81.327
512.530	212.308	141.171	84.660
515.641	210.834	133.669	85.005
531.986	203.847	110.409	101.917
533.568	203.648	106.510	110.090
536.240	202.039	102.744	125.326
537.279	207.324	105.131	111.832
535.012	211.748	115.487	109.840
529.029	217.759	130.540	93.806
523.167	219.734	145.522	82.908
524.917	231.723	145.606	58.005
525.248	234.598	145.797	50.619
524.942	236.617	142.737	48.921
516.575	243.432	143.009	45.703
510.672	246.704	145.931	45.805
393.342	230.954	64.858	93.898
496.282	243.862	138.994	76.367
488.966	246.351	127.275	90.226
484.043	244.789	108.381	109.846
483.543	249.582	102.989	108.203
479.870	249.701	99.363	111.834
474.867	249.863	99.249	114.381
472.306	251.386	101.511	113.627
467.427	248.658	107.588	114.479
463.095	247.678	116.404	118.793
458.086	247.337	121.978	119.978
450.272	249.800	131.702	115.248
443.631	251.734	139.436	108.717
435.063	255.217	140.198	96.732
430.193	254.108	135.620	94.890
429.896	254.350	124.959	90.768
427.069	248.418	119.115	93.527
426.611	245.454	112.492	89.169
427.272	241.913	107.585	89.374
427.667	238.192	105.840	86.613
428.175	236.200	105.780	84.349
432.028	233.293	103.642	84.489
438.352	231.421	102.031	85.992
446.430	234.257	99.680	80.417
444.641	235.839	107.014	78.796
567.718	111.023	102.992	65.409
478.025	56.955	155.033	95.409
386.376	0.000	198.956	0.000
403.608	99.596	158.166	123.724
299.567	225.931	137.263	93.881
303.978	222.374	134.674	100.810
314.102	211.736	132.169	111.450
424.831	247.454	147.682	69.209
432.324	250.951	131.069	66.874
414.588	248.406	143.624	69.532
379.288	226.400	174.733	88.700
357.409	211.234	183.863	98.971
357.856	214.435	175.386	96.076
369.168	214.414	161.057	90.503
363.072	217.363	158.686	80.932
372.366	217.985	146.667	78.005
367.231	219.215	151.097	76.085
371.887	220.131	154.022	77.220
365.160	219.056	159.968	83.782
369.005	218.740	158.975	84.195
373.328	218.532	154.434	84.421
372.401	218.321	156.001	86.068
373.406	218.956	153.561	85.211
373.565	217.402	152.576	77.227
367.027	216.571	161.339	80.349
376.590	215.681	152.383	81.327
374.959	217.288	152.360	81.154
373.698	218.057	153.512	77.960
382.046	218.208	147.844	74.251
381.866	220.607	143.586	76.311
381.488	221.753	142.926	71.433
386.689	222.341	133.475	75.268
388.093	226.248	129.977	74.505
381.399	234.044	129.441	73.688
369.252	230.926	138.897	82.039
342.095	373.599	160.799	103.752
357.542	235.386	147.420	107.181
580.032	48.839	107.389	88.342
340.681	246.189	160.918	106.664
347.362	248.099	157.191	107.476
590.467	35.215	101.639	66.781
342.701	253.250	161.472	106.050
336.722	254.633	163.947	105.187
331.647	254.135	165.342	106.820
330.029	257.511	170.365	105.657
319.803	258.859	180.312	104.849
313.940	258.468	193.596	101.191
306.263	260.378	192.253	94.585
309.646	264.482	203.197	76.707
298.146	259.503	219.663	76.166
331.674	256.874	189.946	78.042
376.157	256.505	150.001	72.074
314.915	257.368	210.953	81.496
310.821	257.976	203.534	68.847
329.765	259.262	187.705	65.470
290.752	249.578	229.030	80.508
307.505	256.251	213.382	74.288
320.434	251.613	199.562	73.528
311.851	250.208	204.290	70.680
306.019	251.894	213.486	74.245
309.011	251.948	209.187	77.515
309.318	250.733	214.140	76.947
306.626	250.834	212.693	77.170
311.737	248.579	206.617	75.627
313.013	246.898	210.658	79.263
313.129	246.540	196.558	77.738
313.482	245.545	199.939	78.854
312.692	246.089	197.156	79.081
315.011	246.743	197.002	79.472
315.746	246.564	188.360	82.226
314.284	246.752	194.281	83.035
312.317	246.785	196.713	89.675
308.552	246.850	194.628	95.401
300.900	246.866	183.186	113.498
297.574	248.303	191.441	117.179
289.520	251.487	190.950	119.810
280.758	251.858	190.505	123.006
269.084	258.305	192.961	119.559
255.121	260.938	198.120	119.129
230.790	263.786	201.475	120.376
218.458	265.569	200.315	125.083
209.184	268.226	197.519	123.825
209.139	269.109	182.359	120.454
219.100	269.540	147.819	120.462
253.755	271.816	76.705	117.658
266.301	279.308	61.345	109.999
268.302	291.010	67.769	93.915
251.546	246.977	106.746	132.719
232.828	231.252	180.378	142.441
227.772	255.864	193.925	119.855
226.762	260.829	187.566	116.634
246.483	266.989	189.060	104.282
533.035	23.375	102.298	57.870
265.829	258.443	163.376	113.254
427.848	0.000	78.819	0.000
358.397	17.390	113.738	82.530
373.635	0.000	96.045	0.000
372.124	0.000	101.070	0.000
420.891	0.000	87.908	0.000
381.469	36.998	103.461	70.981
349.974	208.161	93.619	135.357
361.955	224.182	81.734	111.608
360.354	221.287	84.848	105.239
358.421	216.234	94.758	106.343
360.244	211.976	98.148	102.618
350.436	208.430	111.253	104.295
346.967	206.840	114.016	100.136
344.770	208.350	117.357	97.711
341.859	205.443	122.393	99.178
340.801	203.687	123.860	100.105
342.119	199.720	122.735	101.262
339.473	198.883	123.912	103.721
569.047	40.528	62.255	93.013
548.958	23.953	79.121	60.652
338.523	202.461	127.645	103.901
565.880	39.978	69.866	94.388
338.618	203.111	124.920	100.512
556.104	26.243	71.811	65.933
556.445	25.585	74.944	59.096
349.134	195.972	125.311	105.316
563.290	34.799	82.517	96.578
348.323	192.760	137.024	104.981
171.721	20.171	85.555	80.043
344.053	191.959	152.278	100.461
347.062	194.426	159.167	98.432
347.036	193.964	162.763	99.001
346.584	195.393	166.980	98.820
346.119	194.901	171.784	100.063
344.176	197.112	176.486	96.905
341.497	197.662	174.095	97.399
346.885	199.236	175.880	96.639
672.504	293.805	35.091	120.257
340.223	198.296	185.081	99.941
337.406	198.994	185.386	98.128
343.774	196.964	177.343	101.759
350.617	195.051	172.764	100.927
349.856	191.293	168.921	110.015
364.546	184.020	148.001	113.441
363.185	183.589	141.175	114.399
168.610	8.826	84.455	88.264
168.468	7.512	86.077	91.850
173.036	10.135	87.695	88.116
372.179	170.499	118.769	132.458
370.366	171.120	120.585	135.716
366.053	177.188	132.869	137.066
671.142	270.120	31.144	135.766
354.666	190.286	163.273	137.493
692.227	217.981	52.608	151.979
297.309	197.785	164.942	126.565
429.473	242.027	137.530	119.408
442.985	253.247	133.295	114.696
450.294	262.423	137.792	110.194
459.113	269.124	139.272	107.223
467.385	272.307	135.033	103.604
478.578	272.275	130.437	101.647
481.647	272.988	130.871	100.964
483.254	274.576	129.134	100.420
484.118	275.981	128.771	99.961
484.072	276.523	127.063	100.859
485.138	273.346	119.716	105.479
486.230	272.087	113.992	107.477
486.036	272.149	109.813	103.086
485.388	268.634	105.789	102.154
480.823	264.180	107.207	103.717
467.361	259.184	123.785	99.645
462.635	255.954	131.602	98.314
461.004	250.876	136.185	96.754
461.696	248.276	139.011	93.442
462.767	245.742	137.750	89.312
462.583	242.199	141.367	85.761
463.472	237.324	139.425	88.450
464.580	233.588	139.029	92.632
466.981	231.964	136.021	93.821
468.367	228.983	131.913	95.351
484.305	221.868	109.196	101.426
501.550	222.110	84.284	102.177
515.351	237.391	70.201	92.457
530.078	228.448	55.101	98.684
535.093	233.694	53.924	103.272
523.340	247.016	80.886	98.358
513.509	247.931	100.283	98.560
507.182	252.549	115.081	93.303
503.976	258.749	127.264	79.225
503.469	262.345	131.462	68.612
505.786	264.368	144.267	53.449
507.654	265.008	144.520	53.094
518.113	258.990	134.001	62.782
524.355	252.571	124.890	77.195
529.667	250.987	117.064	85.333
535.281	254.563	114.155	88.417
439.647	330.629	145.832	95.756
467.187	335.127	140.976	88.839
515.543	326.589	136.502	95.728
538.369	322.145	132.192	92.601
561.996	316.225	127.233	92.011
578.779	310.150	125.031	91.638
596.981	304.435	119.210	92.096
614.968	297.445	116.714	91.620
623.889	296.471	112.833	92.385
626.558	294.805	110.950	93.161
626.427	294.099	110.709	93.183
618.892	293.835	116.721	94.738
596.825	299.266	123.342	96.214
577.244	305.061	130.762	95.194
553.613	309.241	137.469	97.307
528.155	319.130	139.479	96.562
499.189	326.076	142.131	96.997
462.722	331.440	139.132	97.403
432.770	334.314	145.310	96.188
417.701	325.100	135.633	107.301
372.304	327.757	149.845	100.489
338.090	313.333	137.467	109.317
308.553	306.415	139.410	107.041
292.021	292.952	139.779	111.904
284.814	283.033	124.860	108.246
503.359	248.318	77.481	106.972
274.846	278.712	99.721	86.475
276.475	280.205	113.764	81.718
279.910	275.629	112.498	81.356
287.556	275.471	107.621	83.123
296.767	275.663	93.350	89.376
488.146	210.856	118.454	148.426
471.883	216.735	115.710	156.862
463.778	227.110	103.399	153.472
466.076	261.141	91.342	127.096
467.695	284.384	82.898	104.360
450.266	279.500	75.714	108.039
430.307	275.815	92.173	113.773
423.301	277.045	85.287	117.650
417.116	279.920	80.192	113.804
417.714	279.178	77.047	116.478
424.285	282.431	69.388	115.166
404.309	277.819	85.007	114.265
369.348	264.985	89.237	117.228
367.735	276.501	81.585	118.552
363.661	267.071	92.110	109.670
360.356	283.839	85.982	102.976
370.886	265.605	90.519	92.318
388.184	262.022	81.330	96.011
402.911	53.700	137.620	167.008
368.541	253.868	86.868	146.804
391.135	289.999	88.450	114.582
382.776	293.939	91.375	108.900
383.853	292.934	93.306	105.134
384.370	291.358	75.347	117.269
389.069	260.669	79.646	108.756
400.911	280.008	68.120	200.047
375.556	304.666	89.599	108.894
379.224	301.201	87.212	104.875
377.864	306.162	94.494	97.670
378.427	304.589	103.941	96.820
379.611	306.393	110.701	94.811
384.676	299.854	108.671	102.013
376.708	296.130	117.293	105.787
385.611	294.278	117.334	106.771
369.801	288.204	146.371	109.733
394.747	283.206	127.254	111.635
354.179	281.283	162.842	115.012
380.875	273.462	163.971	116.120
341.865	274.355	164.220	126.884
375.279	269.510	169.236	115.330
379.833	266.333	142.244	125.260
385.448	266.943	129.910	134.003
385.110	276.082	97.114	135.538
391.467	291.130	84.036	122.938
397.085	279.074	88.329	131.922
404.124	270.348	89.483	148.991
410.252	270.080	89.601	144.954
411.443	278.238	77.376	149.970
402.948	272.234	96.560	140.745
383.633	266.120	108.870	85.778
370.494	258.735	114.581	95.111
349.001	257.084	127.737	83.564
451.662	310.262	105.162	97.676
428.508	315.140	118.035	88.361
433.585	314.545	120.842	88.575
314.705	256.257	147.634	91.315
308.671	255.188	154.059	98.803
452.681	297.563	118.537	98.850
461.668	302.505	114.108	93.662
463.813	300.021	116.335	94.603
467.931	300.351	117.927	88.947
469.690	300.759	128.298	80.850
472.678	301.157	132.554	79.104
472.722	301.891	141.980	76.282
476.218	297.013	141.805	82.954
478.972	289.520	134.431	93.617
496.665	281.819	109.036	108.062
513.171	277.587	84.009	111.825
517.220	282.745	72.177	103.313
514.615	286.667	65.071	99.577
382.113	270.890	53.414	107.454
512.198	291.749	71.038	85.520
505.667	292.260	78.775	84.219
497.854	290.526	86.806	85.872
492.295	289.231	94.168	84.907
487.954	286.538	97.666	85.869
483.047	282.864	100.232	87.906
477.761	281.107	103.850	88.351
479.708	280.533	101.203	87.549
370.657	248.659	126.600	95.962
377.797	243.095	142.800	98.273
397.941	248.063	145.275	99.962
403.498	244.124	161.087	108.227
410.330	249.077	159.409	100.861
414.823	249.218	155.412	96.906
416.521	248.829	151.006	93.087
419.779	250.041	148.035	89.482
424.762	251.394	142.281	87.720
425.720	249.383	139.300	90.263
424.562	249.712	139.434	88.490
422.442	250.633	136.358	86.407
421.145	250.859	143.751	86.232
420.126	249.505	136.929	87.912
419.917	250.446	149.049	87.235
419.850	246.415	131.593	90.644
418.873	249.514	151.095	88.333
418.853	247.010	145.645	90.452
416.992	246.447	142.089	90.876
414.246	247.481	149.599	91.020
414.151	246.639	146.679	91.911
412.291	246.878	149.416	94.124
408.661	247.062	152.111	95.453
403.832	246.619	156.010	96.603
401.763	246.659	158.580	97.289
399.811	246.857	161.386	97.488
398.829	247.548	162.652	98.150
391.948	245.725	167.776	100.211
395.467	247.246	163.927	99.220
391.617	244.182	168.656	100.497
393.721	245.360	164.477	101.864
389.140	241.824	169.510	104.566
388.820	238.835	168.249	107.874
386.953	238.328	169.267	106.813
388.302	236.917	168.467	107.223
386.199	236.266	167.746	105.750
385.395	235.726	165.959	103.988
380.575	234.450	167.135	102.160
378.931	232.971	166.289	101.669
379.557	231.764	164.809	101.780
378.600	230.427	164.181	101.736
379.953	230.541	161.911	99.634
381.967	227.362	157.273	101.902
381.129	226.775	157.562	99.314
382.221	226.217	156.603	99.000
384.659	226.493	153.390	98.938
385.210	227.665	151.681	97.749
385.876	228.467	151.956	96.519
387.087	232.024	153.333	93.039
385.748	237.392	155.558	83.366
387.575	237.770	154.095	80.584
390.271	237.855	151.510	77.262
390.690	239.849	150.650	74.817
391.976	241.074	147.617	73.687
393.902	241.776	141.997	75.099
392.804	243.103	141.018	76.289
389.510	242.439	139.348	80.494
387.832	241.061	137.820	85.954
382.198	243.229	135.038	86.896
381.631	244.680	129.771	88.539
378.119	247.760	132.537	86.434
378.810	249.252	133.343	86.844
380.580	250.414	131.781	87.091
379.818	251.261	134.141	86.896
379.356	250.788	138.532	87.243
379.542	249.399	141.677	88.767
382.820	250.829	141.824	86.663
386.041	251.101	138.901	88.962
386.679	253.609	142.998	85.802
381.172	252.455	149.855	91.773
378.888	251.487	155.457	94.208
376.017	252.312	162.426	92.471
372.327	252.676	169.511	94.067
364.040	254.204	186.194	102.475
355.737	255.512	201.637	104.617
358.230	254.081	207.896	106.550
357.046	252.292	214.276	110.141
376.683	250.800	199.965	106.189
391.476	283.393	201.339	211.132
354.108	257.677	174.852	105.788
360.083	149.311	229.829	189.489
610.398	229.474	116.538	101.907
353.327	273.346	125.045	79.200
354.352	271.036	130.301	84.485
357.418	268.635	125.079	88.268
349.884	269.382	136.403	91.614
350.197	269.871	136.677	95.356
347.068	266.500	141.802	103.099
395.576	430.145	162.483	124.788
350.417	262.306	144.684	109.969
401.728	446.738	168.447	116.147
342.753	257.683	204.171	208.587
350.947	256.700	169.863	116.565
600.230	460.856	130.538	115.144
493.488	566.784	172.140	9.216
349.168	264.426	143.690	107.915
354.763	273.006	125.851	98.619
558.806	96.230	80.276	55.302
568.505	95.692	93.005	61.414
475.362	252.926	44.176	61.863
569.142	150.582	86.448	19.857
531.215	237.907	56.639	92.151
533.554	236.611	53.395	92.346
536.042	240.454	49.461	91.059
542.817	238.915	44.286	93.617
546.053	240.173	38.856	88.676
550.695	245.578	38.511	83.865
558.996	238.474	36.404	88.542
568.825	238.574	50.082	91.072
565.443	239.312	68.360	89.958
563.174	238.213	87.010	90.519
560.836	239.053	99.725	89.039
561.901	239.576	111.739	83.290
564.496	244.902	114.249	65.868
566.557	250.707	116.251	56.967
565.385	252.509	118.336	48.794
569.415	254.389	115.079	45.123
569.451	253.742	115.479	45.966
570.288	253.772	114.051	47.150
569.769	254.921	114.177	49.721
565.975	255.255	117.293	57.874
563.187	253.787	117.428	65.446
561.794	251.838	115.498	75.651
570.087	251.042	95.826	87.120
574.573	256.180	75.447	86.787
580.590	255.329	60.495	96.689
584.505	260.713	53.250	92.263
585.179	267.527	59.603	87.506
587.217	268.775	59.544	86.383
592.223	267.312	56.150	86.000
596.129	270.490	57.792	85.331
590.204	270.379	72.283	86.509
581.768	272.244	91.693	85.723
576.441	275.010	108.816	83.664
576.444	275.656	113.644	84.275
580.265	276.913	114.885	82.536
584.594	277.944	115.801	78.889
589.555	277.813	118.107	77.148
594.910	271.408	123.359	81.817
598.581	263.410	125.782	89.748
601.658	252.797	123.810	100.371
609.438	246.409	115.498	106.879
615.945	245.089	102.207	104.943
613.766	248.258	84.926	95.024
600.226	257.797	104.036	84.080
586.885	259.823	120.813	88.499
578.173	256.204	131.456	95.823
576.872	252.451	132.923	101.737
578.604	252.076	134.021	100.497
585.053	250.895	128.649	97.946
592.508	248.580	121.232	95.611
599.369	248.585	113.094	88.623
612.403	243.694	99.702	82.227
627.452	238.173	95.596	86.802
624.334	236.382	107.332	96.453
617.031	233.809	117.707	103.889
610.355	233.373	126.643	106.717
606.249	238.010	130.635	103.364
591.948	253.504	127.907	86.747
584.869	260.918	121.161	79.916
580.010	263.114	110.121	81.220
565.866	263.368	106.404	81.737
553.040	265.428	109.251	78.238
519.924	260.983	108.344	77.548
502.462	249.577	100.159	85.402
476.247	251.382	108.134	79.087
367.580	264.485	134.035	103.843
403.278	245.512	154.877	119.613
393.723	246.504	151.110	122.035
391.958	245.338	145.787	130.078
400.775	242.342	134.863	131.634
401.022	243.459	129.611	128.369
395.045	241.880	96.900	124.915
362.482	262.540	217.047	179.632
569.760	119.551	61.443	29.228
244.076	175.970	49.772	50.561
405.118	227.773	73.037	107.726
362.833	288.308	71.939	102.374
352.310	292.479	79.516	101.972
392.439	214.771	86.129	87.781
392.016	206.913	93.251	97.444
569.265	105.544	60.560	81.626
368.045	185.071	107.523	120.413
408.715	199.346	70.816	101.268
419.574	225.479	59.613	81.316
424.974	222.129	67.102	91.881
436.534	215.312	63.627	100.438
446.893	211.102	63.536	109.741
470.641	215.043	53.524	115.383
481.000	233.594	56.571	99.080
485.413	237.894	65.292	99.568
492.240	246.628	78.636	97.185
497.771	256.144	90.343	94.599
510.760	264.540	112.548	91.043
517.669	263.740	125.248	93.298
527.042	264.506	129.047	95.598
537.179	261.466	132.498	99.795
546.749	256.441	135.235	105.831
559.503	253.384	136.407	105.788
566.883	251.919	135.862	104.459
577.025	249.930	127.782	103.576
590.548	247.708	112.756	100.576
599.754	248.203	102.673	92.185
600.735	247.667	95.760	86.541
604.790	240.240	95.147	92.701
602.461	249.455	95.665	81.956
589.167	250.879	102.199	85.791
574.161	252.152	114.322	86.974
550.262	253.634	128.311	97.599
541.985	252.590	127.921	100.672
531.763	254.319	128.353	101.277
519.942	253.343	128.492	104.141
509.136	253.592	127.644	107.108
491.014	255.174	129.422	106.225
480.431	254.565	130.233	107.408
469.287	253.549	132.337	108.134
457.642	253.574	134.275	107.062
452.872	249.692	134.191	109.348
445.520	248.493	137.568	109.691
439.414	246.506	138.107	109.204
437.004	245.479	136.012	107.641
433.454	244.957	136.449	107.533
429.807	245.214	136.664	106.747
426.745	244.915	135.182	104.629
423.884	244.921	132.043	100.278
422.784	244.549	127.399	99.356
421.754	244.742	124.410	97.761
420.103	244.694	121.790	96.408
417.994	243.919	121.201	96.538
414.865	244.181	120.073	94.938
410.183	243.461	121.178	94.918
399.406	242.651	130.023	94.945
390.439	239.971	137.491	97.804
385.522	237.336	140.418	101.277
380.859	236.817	143.617	103.017
376.672	236.874	146.150	105.833
373.450	238.037	149.189	105.529
371.715	237.273	148.857	107.695
369.488	237.263	148.964	108.069
365.545	237.039	149.933	110.398
365.767	235.613	147.087	110.824
364.170	235.377	145.124	108.807
360.291	233.377	147.088	107.895
358.816	229.800	146.974	110.369
359.278	228.296	145.130	107.408
360.341	227.175	143.273	104.490
362.172	226.010	141.859	101.728
364.501	225.786	139.560	99.597
365.656	224.910	138.123	99.042
367.098	224.012	137.137	99.285
367.785	223.923	137.440	98.760
369.448	224.424	136.872	97.507
370.317	225.931	137.915	94.120
370.013	228.115	140.796	92.133
370.579	231.437	139.991	88.097
372.736	232.313	135.776	87.094
372.268	234.516	137.549	81.818
373.509	234.568	136.485	80.633
360.128	234.336	150.172	74.383
339.525	231.702	174.270	71.944
353.199	229.805	161.397	70.254
335.458	231.514	179.910	65.491
346.926	229.297	168.137	65.492
339.271	230.043	177.905	60.434
335.588	232.528	181.328	50.681
334.789	233.255	179.369	47.534
335.778	233.285	178.578	43.117
339.627	232.496	176.780	42.869
335.004	229.379	168.738	41.153
337.301	231.042	172.793	41.794
338.513	227.944	168.526	39.109
334.619	225.741	163.818	39.153
343.595	223.899	172.686	40.009
339.089	222.826	150.970	42.827
343.401	225.705	161.065	38.791
341.663	228.559	169.178	40.358
350.167	229.645	161.858	39.685
348.470	231.039	161.160	39.653
366.068	233.733	146.480	39.669
368.539	233.405	152.424	40.605
364.539	229.780	160.414	45.840
348.579	203.603	179.795	84.098
356.036	230.495	153.704	49.144
352.378	237.936	161.569	40.966
360.675	244.516	150.655	38.162
342.530	243.844	177.281	41.185
370.354	245.199	150.622	44.780
330.491	247.429	186.876	47.474
338.664	245.446	178.063	57.702
387.864	245.402	127.084	75.597
295.363	243.639	133.140	77.216
410.944	252.263	111.912	87.416
416.090	252.648	106.063	90.815
290.516	252.079	118.699	88.721
427.173	263.295	107.622	83.606
439.765	266.758	104.935	81.044
307.064	257.045	103.208	99.346
442.107	266.264	117.643	90.095
446.838	266.952	119.195	91.973
452.921	267.395	123.520	95.363
461.441	265.180	117.713	99.021
467.958	264.042	114.052	99.836
475.268	260.231	110.825	103.501
483.235	256.918	103.293	105.905
495.066	250.168	89.769	110.595
502.011	247.129	82.269	110.860
506.928	243.996	77.034	113.798
509.395	241.962	73.236	111.731
511.877	241.375	67.200	111.223
512.092	242.473	59.944	107.355
512.814	240.074	56.032	108.746
514.714	235.308	56.999	109.217
513.396	244.142	52.021	106.815
515.082	238.878	48.987	108.753
515.290	234.830	51.338	113.279
513.331	240.750	54.867	110.925
513.059	241.884	54.823	106.066
258.674	266.351	126.065	92.527
262.386	267.055	126.463	96.050
262.604	268.267	132.695	98.153
265.164	226.426	146.904	150.698
474.284	0.000	116.126	105.017
396.321	62.280	136.480	182.557
498.012	224.494	71.803	98.536
489.877	223.911	91.045	98.743
425.609	82.277	134.823	79.833
480.362	229.589	109.719	95.003
478.368	230.909	114.982	93.115
477.354	232.841	117.551	96.272
475.507	236.310	119.213	100.700
474.470	240.037	121.258	98.110
315.177	255.226	69.313	106.638
313.047	261.448	64.229	98.503
472.090	246.392	121.132	97.418
470.842	250.744	123.214	97.404
624.095	239.810	119.764	119.770
470.308	255.354	124.129	100.002
322.196	79.978	116.519	57.639
310.553	93.381	107.409	83.124
397.312	158.865	173.770	170.806
692.431	230.309	140.810	171.432
597.600	41.107	189.552	130.473
512.217	66.625	201.668	132.477
556.299	46.889	215.629	118.004
368.509	179.107	228.207	301.996
465.945	271.913	118.672	100.032
302.686	269.756	109.445	99.088
301.992	274.812	96.451	96.668
302.479	276.229	80.820	96.491
310.730	280.502	74.456	98.758
298.131	280.116	99.793	96.928
288.397	275.966	130.524	105.430
282.141	275.893	135.736	104.519
294.338	273.778	135.716	204.171
483.491	255.853	105.977	120.915
271.947	270.053	141.024	111.053
250.812	254.097	163.023	189.093
272.030	268.312	133.429	114.464
478.278	268.849	108.433	98.675
485.027	265.664	117.541	105.374
661.974	238.684	98.914	123.396
488.314	262.290	92.127	114.407
486.518	263.961	89.966	108.315
480.281	266.074	90.736	104.162
465.661	262.025	99.918	95.982
457.646	266.261	106.267	82.419
546.764	257.758	125.382	94.383
447.167	264.886	124.728	71.702
364.024	177.858	205.747	129.035
395.229	0.000	194.732	0.000
392.903	0.000	197.918	0.000
415.064	272.536	129.382	54.607
270.774	281.477	127.008	78.479
408.145	269.764	131.635	67.746
397.803	268.243	143.789	78.489
401.022	268.224	141.199	82.590
403.324	267.229	140.817	86.709
404.293	267.717	139.460	86.798
407.822	269.125	139.562	86.310
415.229	269.933	136.639	87.397
419.781	269.281	134.178	89.588
423.867	269.284	132.923	89.365
426.573	269.380	131.394	88.972
429.234	269.713	127.209	86.157
431.408	270.523	124.223	79.972
429.622	270.311	127.898	75.802
428.382	271.400	128.865	75.109
428.433	270.941	128.531	74.266
427.596	270.900	128.873	74.317
426.998	270.300	129.443	75.189
427.829	269.112	128.159	74.114
428.589	270.880	125.670	72.697
430.327	271.414	124.305	72.782
429.432	271.665	125.763	73.477
428.629	271.025	125.816	74.273
426.591	269.046	124.658	76.616
427.478	271.736	124.486	76.257
425.638	271.683	126.609	75.688
423.561	271.086	127.937	76.756
422.331	271.954	128.925	76.434
421.012	273.632	129.862	76.848
419.490	271.503	128.616	80.273
419.459	272.353	128.037	79.761
419.771	273.494	127.561	78.474
420.078	273.585	128.540	78.509
420.159	273.296	126.898	79.256
417.699	273.282	129.963	79.721
418.986	273.839	128.580	79.467
419.205	273.261	128.457	79.539
419.813	273.927	128.319	78.412
418.708	273.672	128.121	78.499
418.033	273.805	130.798	77.749
418.187	273.779	130.631	77.984
418.716	273.601	129.478	78.645
419.943	272.896	128.560	79.657
419.249	273.245	131.242	75.780
419.439	271.925	130.466	75.871
418.059	271.587	131.745	76.281
419.239	271.592	130.228	74.375
419.731	272.022	129.135	72.948
419.407	271.916	130.000	73.981
418.364	271.889	130.763	76.288
415.834	272.300	133.414	73.963
417.629	272.358	132.438	73.927
418.577	272.878	131.874	74.481
416.562	270.906	132.717	76.770
272.995	285.220	49.011	91.048
417.681	271.842	129.377	76.387
417.414	272.352	128.363	75.553
418.092	272.158	126.723	76.540
418.270	273.101	125.234	76.591
418.535	272.665	126.225	77.080
417.388	272.529	127.993	76.919
418.467	271.963	126.933	77.734
418.086	273.964	127.219	75.924
419.467	273.563	126.266	76.246
279.692	270.883	53.681	98.369
420.183	273.824	127.870	75.985
419.786	273.941	128.179	75.824
419.830	274.503	128.317	75.079
420.925	274.621	127.333	75.233
421.709	274.158	127.439	76.104
423.340	273.308	127.496	77.233
422.823	273.096	128.150	77.086
422.691	273.379	129.077	76.913
281.098	267.348	67.703	89.345
422.254	274.059	128.069	74.985
423.312	273.361	126.521	76.180
422.801	273.850	126.591	75.923
423.140	274.108	126.753	76.090
423.149	274.429	126.243	75.844
293.317	273.348	116.497	94.231
417.582	276.556	135.315	76.489
334.613	263.345	195.764	92.932
343.043	256.640	203.968	102.350
376.714	239.416	156.922	115.262
394.559	232.562	152.173	121.917
405.495	226.636	139.619	128.057
416.213	218.835	133.023	136.500
415.994	211.277	139.611	143.184
415.259	206.656	150.306	147.524
411.898	207.314	158.014	147.489
411.316	208.760	161.639	146.960
411.290	211.402	164.590	144.704
412.692	223.926	156.119	132.349
411.378	245.782	144.184	111.088
412.150	247.599	140.691	110.674
412.834	250.575	139.504	107.821
413.197	254.920	140.446	103.403
413.157	256.840	140.005	101.859
413.377	261.353	139.939	97.584
414.799	257.759	138.317	101.141
414.266	258.231	138.689	99.423
416.536	251.519	138.037	106.413
415.253	252.045	137.671	104.920
405.869	274.061	145.676	82.254
406.760	279.657	144.650	76.992
427.977	281.239	122.692	74.894
419.548	279.074	133.183	76.076
423.111	280.236	129.486	74.759
422.274	278.867	130.730	75.855
423.488	279.095	127.868	75.536
423.692	278.552	127.168	75.569
423.772	276.659	126.649	77.465
423.279	276.691	127.892	77.318
423.254	276.803	128.926	77.387
422.454	276.183	129.856	78.019
421.034	276.023	129.587	78.004
421.029	275.832	128.810	78.240
421.178	275.345	128.269	78.406
420.813	274.941	127.936	78.482
420.120	275.135	128.192	78.111
419.676	275.709	129.081	78.247
417.371	275.344	131.022	79.700
417.663	274.529	130.308	82.451
417.313	274.892	130.460	83.297
416.524	275.092	130.403	83.602
417.210	275.081	130.181	83.552
418.130	274.557	129.010	84.973
419.604	274.873	127.938	84.704
421.275	278.138	126.785	81.382
428.658	280.135	118.579	80.126
434.271	282.800	112.174	78.087
432.785	283.132	112.904	77.799
428.299	283.145	116.742	77.697
414.217	283.549	130.020	77.662
411.143	285.407	136.924	76.517
408.995	287.269	137.385	75.881
407.525	288.556	137.493	73.912
406.511	287.419	137.957	75.721
409.381	286.546	136.672	75.987
410.617	284.189	136.770	77.343
408.726	275.905	140.125	83.695
377.786	261.056	166.745	98.686
370.345	266.259	173.256	92.507
306.951	280.202	155.841	87.741
288.230	282.065	130.668	94.397
270.370	288.383	121.300	97.835
423.890	274.405	124.032	82.044
426.411	276.038	124.735	79.727
427.132	278.142	125.063	77.517
428.024	278.302	124.970	77.266
428.137	279.239	124.956	76.052
429.223	279.028	122.868	76.478
429.948	278.073	121.365	77.086
429.867	278.285	122.341	76.703
430.251	278.811	120.548	76.143
429.646	278.284	121.081	76.876
429.904	277.386	120.165	78.206
428.489	278.142	122.089	77.629
424.826	278.496	126.693	78.118
422.924	277.531	126.259	80.574
423.051	277.045	126.135	82.319
423.792	278.062	126.255	81.048
432.900	280.641	117.188	78.456
443.360	278.201	104.061	81.260
410.838	272.841	141.131	85.448
402.296	242.274	148.248	116.798
405.092	232.555	143.576	124.689
407.022	228.930	136.922	127.374
408.219	224.042	135.060	132.311
405.143	223.628	136.762	129.723
399.193	223.568	146.703	129.848
387.951	224.223	151.132	127.848
404.476	242.368	143.703	110.917
423.492	276.893	128.201	77.953
429.127	276.194	124.235	78.678
430.082	276.897	122.710	77.972
430.714	277.064	121.993	77.733
430.826	277.258	121.936	77.347
431.223	276.855	121.824	77.458
430.894	277.079	120.184	76.829
430.803	275.986	119.677	77.302
431.016	274.633	120.349	78.172
430.309	275.055	119.281	76.472
429.590	272.596	117.415	77.998
427.956	271.332	116.637	77.528
423.225	269.918	120.229	77.615
421.623	268.632	121.816	79.346
418.717	267.100	124.086	80.097
416.440	264.361	125.890	81.554
415.945	262.452	123.670	80.960
414.635	260.834	122.184	79.705
415.745	259.998	118.607	78.901
413.798	259.637	120.781	77.174
412.153	257.886	123.453	75.721
407.731	255.274	127.932	78.871
410.433	252.423	126.237	79.056
409.310	250.386	128.260	80.145
409.483	249.248	129.424	80.323
410.261	247.352	129.078	80.837
411.016	245.892	128.657	80.423
413.370	243.497	126.825	80.305
414.665	241.475	124.615	79.296
414.245	237.076	125.838	81.594
411.818	232.718	126.609	85.178
408.313	225.603	129.497	90.087
404.346	224.996	130.758	89.259
403.280	221.600	128.803	91.469
402.668	220.374	127.040	92.537
399.611	219.621	128.326	91.727
392.772	211.060	132.721	98.163
393.080	205.681	131.026	104.012
392.289	204.523	130.637	104.246
392.530	204.406	130.952	103.474
392.286	205.556	130.970	102.764
396.164	212.936	127.983	99.014
398.827	221.734	126.109	93.853
402.999	230.595	123.740	87.906
407.349	236.273	119.983	87.211
413.396	246.063	115.640	86.186
421.745	258.747	108.165	81.741
428.212	269.681	102.377	77.734
432.114	277.288	99.740	77.408
429.824	282.399	103.875	80.000
427.472	285.953	107.762	83.334
420.595	290.661	115.480	87.922
412.484	290.580	125.202	92.982
404.909	288.853	135.390	97.094
392.658	289.009	149.464	101.439
384.912	291.070	154.553	101.388
377.053	291.565	168.385	104.662
371.646	288.822	175.117	108.032
368.908	288.230	178.204	108.904
371.809	286.942	177.463	110.471
371.379	289.822	176.640	107.677
369.273	289.403	175.718	104.979
367.206	286.289	177.224	107.247
366.972	286.256	171.048	108.187
368.724	287.126	165.732	105.836
368.539	286.966	163.333	102.860
365.000	286.183	136.402	88.113
365.295	286.415	124.001	83.026
368.088	286.688	120.090	81.720
366.748	287.287	117.130	79.875
459.917	302.993	107.190	93.192
364.464	286.879	118.587	81.397
549.180	125.831	76.171	36.003
366.057	289.675	109.649	77.482
372.234	288.728	103.625	78.107
536.824	207.772	62.634	66.495
506.664	297.610	80.062	73.226
381.766	291.514	91.433	80.901
358.652	291.246	113.359	83.466
357.746	289.758	116.268	85.209
356.365	288.610	113.692	87.473
356.772	289.842	114.763	88.255
355.794	290.315	115.778	88.908
355.707	290.759	121.989	89.176
463.194	275.003	128.198	98.762
456.084	265.678	130.959	106.938
439.666	268.534	139.172	99.096
429.024	261.902	139.283	101.675
419.911	255.935	139.084	103.920
612.584	169.039	118.454	127.409
345.827	282.397	121.961	104.794
407.258	258.373	128.007	87.320
342.405	291.507	121.621	100.102
339.382	281.767	146.514	113.135
338.703	268.973	144.686	126.508
378.331	256.787	138.740	92.721
387.219	260.773	129.939	87.566
317.448	296.417	122.073	110.820
314.621	310.530	118.214	99.592
377.960	256.419	137.414	91.546
381.362	261.104	134.595	83.289
384.990	259.336	131.716	82.681
388.199	260.024	129.111	78.502
387.273	260.611	129.856	77.256
296.686	303.860	130.434	91.747
295.515	306.310	130.172	89.655
295.185	306.295	130.324	88.556
291.552	309.700	138.672	90.383
382.736	254.102	130.336	80.178
288.359	306.646	136.283	100.766
385.522	256.513	128.022	78.067
386.553	261.579	127.757	73.774
382.481	259.254	131.501	76.055
383.451	261.423	131.606	73.663
381.357	259.279	133.625	75.738
382.283	260.519	132.469	73.988
383.543	261.429	131.256	72.678
381.586	260.460	133.220	74.095
383.594	261.928	130.241	72.799
382.694	259.868	130.747	75.621
384.342	261.345	129.922	73.203
382.420	260.041	132.125	75.722
384.466	261.497	131.348	74.499
384.800	263.851	131.339	73.238
384.973	263.083	132.242	74.864
384.808	262.491	132.652	76.376
386.811	261.561	131.355	78.651
387.584	262.929	130.168	77.810
385.200	263.592	130.689	77.054
381.268	264.940	131.910	74.873
381.752	265.095	130.710	77.489
383.118	264.927	129.598	80.641
387.991	265.097	125.106	81.028
364.628	266.445	151.797	80.892
344.848	262.854	172.858	93.458
314.042	261.163	172.156	96.559
553.156	38.559	117.723	75.349
588.206	42.819	107.692	104.814
364.408	219.606	147.928	126.886
362.073	210.366	143.730	133.544
358.854	204.723	142.613	140.123
351.102	202.165	139.290	143.227
348.348	202.384	153.193	142.823
343.467	205.404	136.392	131.391
332.950	213.284	151.240	117.770
322.787	229.281	183.624	108.710
298.396	238.620	168.219	98.924
331.273	248.838	175.244	94.445
376.622	261.333	133.604	81.623
385.472	263.560	136.313	78.533
385.749	263.390	134.752	78.090
391.720	264.814	128.257	75.810
383.646	264.330	135.591	75.936
390.237	263.803	129.617	76.057
385.270	263.787	133.709	76.722
386.058	263.094	133.962	76.723
386.355	262.318	131.740	77.129
386.436	262.186	130.289	76.400
384.786	262.106	130.604	75.799
387.424	263.637	128.877	73.366
380.356	263.193	132.778	73.811
384.785	261.931	132.613	76.065
385.749	260.651	131.032	77.852
386.635	258.557	127.617	80.228
364.562	258.077	144.876	80.623
310.357	237.545	175.362	101.073
351.375	238.955	169.880	100.419
313.194	236.294	194.751	100.799
298.165	234.464	180.203	97.661
293.204	234.888	145.778	98.573
383.328	252.226	151.286	86.428
278.512	241.787	119.530	82.921
395.769	258.090	132.594	76.185
394.399	258.887	127.646	75.777
395.313	259.650	127.848	74.568
396.923	260.295	125.890	73.830
395.563	256.897	128.771	77.308
395.598	255.955	130.167	78.006
397.932	255.928	128.130	77.671
395.986	255.684	127.162	78.298
397.453	256.292	128.712	76.670
396.636	254.834	127.117	77.025
395.303	254.382	127.137	77.160
397.632	254.984	125.417	75.598
395.329	253.719	127.755	76.809
393.222	255.092	125.113	75.370
393.921	256.193	126.500	74.906
392.801	255.735	125.681	75.158
391.527	254.638	125.827	76.726
390.364	257.374	126.668	74.276
390.600	256.347	126.664	75.501
394.769	256.486	123.719	75.646
386.928	254.852	128.871	77.400
378.162	259.579	137.107	82.162
357.775	270.320	142.632	123.919
367.155	260.757	147.692	126.837
375.738	260.811	142.082	120.341
391.868	258.022	135.034	117.594
610.120	63.071	102.904	52.705
393.319	252.183	142.378	125.196
391.810	252.261	146.658	125.543
396.880	253.707	142.582	124.494
625.141	48.182	109.733	57.542
389.487	258.176	137.101	120.651
395.155	259.058	126.375	124.007
376.880	259.223	143.090	129.002
361.669	258.350	157.034	133.069
311.007	284.105	161.045	121.235
287.017	289.787	146.375	120.680
275.985	315.513	120.648	99.560
262.538	321.465	114.555	94.956
385.603	251.772	128.850	77.756
389.220	253.150	129.969	75.999
390.124	250.425	128.775	79.653
389.583	251.156	128.322	79.783
389.986	251.795	128.517	79.397
388.527	253.832	129.275	78.157
386.509	254.752	130.093	77.401
388.763	257.676	129.106	74.518
382.601	256.374	133.981	76.761
384.229	258.229	132.030	75.596
382.631	260.174	132.746	73.960
383.079	257.805	132.820	77.562
382.235	259.730	134.849	76.167
382.205	259.394	135.221	75.833
382.436	259.970	134.481	75.620
383.352	259.577	133.500	74.608
385.592	259.232	131.189	74.784
385.934	260.339	130.645	72.662
387.662	260.158	130.352	72.203
388.932	260.337	129.013	72.624
386.500	260.054	130.844	74.113
385.725	260.135	132.217	77.221
388.803	260.388	127.888	76.567
384.688	258.670	131.750	79.591
385.587	259.535	131.229	79.632
386.549	260.836	128.925	78.936
385.437	262.509	128.452	77.783
386.165	264.236	126.616	76.581
387.170	264.794	125.472	76.691
386.762	264.709	124.903	77.084
385.978	264.185	125.759	77.040
386.908	263.373	125.380	78.041
387.678	263.881	125.569	77.223
388.094	263.501	126.081	77.554
387.831	261.877	125.985	79.227
387.126	264.030	127.137	76.597
385.454	261.729	128.602	78.827
384.895	260.767	129.977	79.100
383.397	260.697	130.344	77.706
383.805	261.658	130.320	76.068
383.756	260.533	129.346	77.710
379.065	260.308	127.807	78.316
374.826	260.306	128.308	77.089
318.636	300.349	121.392	101.734
329.785	261.807	157.173	131.820
334.709	258.689	170.184	113.741
338.765	268.826	150.523	124.511
344.263	262.621	166.008	129.401
347.624	264.323	157.964	127.278
346.826	264.286	158.865	123.516
343.854	260.746	159.954	129.963
602.768	47.773	113.761	99.363
323.959	256.258	178.807	138.258
319.159	255.382	175.377	138.690
308.186	285.810	155.445	104.994
309.644	278.030	142.178	117.376
308.226	271.330	141.573	123.994
360.016	257.473	147.478	78.273
367.737	257.933	143.399	76.969
371.669	258.788	139.853	76.801
364.890	259.372	147.036	76.600
328.963	263.778	172.801	116.954
324.157	267.009	158.062	127.057
334.317	263.771	179.442	128.945
336.738	264.532	167.081	125.323
343.088	262.114	163.531	125.904
354.581	266.236	151.623	117.434
359.821	262.583	146.244	112.334
365.014	260.855	144.126	89.701
370.657	257.626	139.599	105.907
371.197	270.173	106.988	113.002
374.392	256.663	134.973	99.691
380.314	252.173	133.494	79.710
381.805	253.961	130.406	78.444
371.554	253.099	132.640	77.089
383.259	254.130	133.268	78.818
366.948	307.071	101.780	89.458
373.996	252.360	121.745	83.255
382.587	255.842	132.019	74.717
379.978	255.775	127.996	73.703
348.180	310.595	110.312	99.070
340.480	312.986	118.088	94.934
341.441	312.651	119.150	96.949
382.171	254.023	127.729	75.054
385.988	252.225	132.566	77.140
387.672	252.577	130.517	76.554
386.581	253.560	131.201	75.948
386.663	254.572	131.609	75.811
387.939	255.056	131.119	74.940
389.381	254.150	131.613	75.755
388.600	253.513	132.085	76.529
386.723	252.690	131.549	76.851
386.328	253.351	128.727	76.606
385.636	252.986	129.975	77.023
381.840	253.228	127.560	76.685
384.549	252.878	134.042	77.364
325.873	309.648	108.107	109.309
388.098	252.211	132.403	76.951
391.460	252.300	129.481	78.782
389.094	251.707	130.934	78.912
389.482	251.283	131.866	79.311
389.379	250.547	132.437	80.283
390.012	250.715	131.675	79.336
389.400	250.814	132.319	79.261
388.743	250.271	132.320	80.202
388.136	251.036	132.325	79.382
387.238	250.355	131.951	79.559
387.016	250.861	132.109	79.175
385.943	250.680	131.903	79.453
386.098	250.499	131.467	80.073
385.750	249.768	133.335	81.300
383.533	250.345	132.703	78.363
384.125	249.771	129.917	78.040
384.636	250.680	130.080	76.732
311.061	316.543	139.291	94.820
316.091	313.641	136.480	93.149
325.734	295.698	143.098	107.771
361.150	252.082	152.532	140.297
619.502	27.262	114.335	69.535
348.295	252.766	164.702	143.478
348.440	267.016	159.140	128.254
376.984	249.745	131.987	130.505
386.081	245.319	130.241	85.632
382.822	248.343	127.861	73.683
385.660	249.138	127.194	74.029
386.548	248.329	130.429	75.753
385.766	249.169	130.764	75.813
384.603	249.082	130.909	75.960
384.124	249.126	132.211	76.759
383.077	249.080	132.331	77.535
381.526	251.060	134.011	78.280
378.805	252.463	131.258	81.745
376.340	256.054	134.226	79.191
376.019	259.157	132.095	76.992
376.093	256.325	136.846	80.272
378.109	258.596	134.071	77.065
270.297	322.558	70.005	91.380
571.929	89.106	79.966	44.111
378.558	259.826	133.689	75.263
378.397	260.005	133.012	75.399
378.419	259.962	132.834	75.996
377.432	259.407	131.923	76.134
376.442	260.524	131.590	74.518
374.668	260.568	129.497	72.431
377.382	259.785	129.576	72.021
378.067	261.119	121.675	71.101
376.733	260.456	133.139	70.839
376.697	258.889	131.625	73.492
379.586	258.362	130.037	75.040
376.823	259.220	126.980	73.691
381.549	260.643	128.107	72.387
383.837	261.231	124.770	72.567
378.210	261.819	132.903	72.555
383.996	261.716	128.555	72.998
381.085	262.054	130.716	72.209
382.408	261.537	130.217	73.907
379.921	261.212	130.911	74.871
384.832	260.987	126.709	75.695
384.889	262.504	125.726	74.646
383.998	261.837	127.150	76.073
381.484	260.684	129.460	78.014
384.991	260.077	127.130	78.402
381.469	260.457	123.250	78.026
383.361	263.432	125.937	73.781
382.750	263.956	126.482	73.431
385.983	261.386	126.433	75.582
387.045	261.871	124.274	75.590
388.366	263.154	123.583	73.871
387.862	263.780	123.860	72.842
383.408	263.414	124.731	73.055
384.388	262.722	128.726	74.609
378.520	262.257	129.224	76.110
314.477	304.927	130.308	103.413
325.799	299.689	145.381	109.709
341.971	262.236	154.193	141.328
335.903	283.105	152.700	124.644
336.174	260.117	170.056	148.663
349.610	261.079	159.885	143.055
351.102	258.411	162.844	145.662
352.169	258.358	161.157	141.871
352.338	259.268	158.038	136.620
354.259	258.593	156.713	134.476
359.956	261.423	152.370	124.535
363.387	260.613	149.075	122.554
366.602	259.461	145.810	122.232
367.491	258.368	145.243	121.431
368.201	255.790	144.116	123.296
370.308	255.020	141.772	123.499
370.613	255.354	141.071	122.874
371.416	254.473	140.015	123.486
370.955	254.280	140.694	123.350
368.035	255.773	143.396	122.308
365.768	257.891	143.497	120.748
364.134	259.709	145.437	118.764
364.700	260.515	144.594	118.395
364.050	261.600	145.331	117.155
363.058	260.906	145.748	117.217
359.209	262.638	148.569	113.215
359.516	261.341	147.189	112.876
361.536	260.626	146.771	112.368
361.650	259.209	145.808	113.309
363.868	258.455	143.699	112.991
366.600	256.535	140.110	112.476
370.589	254.707	136.457	112.698
370.990	256.457	135.603	108.718
373.382	255.502	133.584	108.182
373.199	255.732	133.115	107.342
376.314	252.125	134.604	109.563
377.751	252.901	137.277	106.140
376.350	253.125	141.040	101.366
375.456	251.782	145.157	99.995
373.622	249.378	150.252	100.857
373.642	244.107	155.073	104.998
372.444	243.457	159.538	104.066
372.452	241.643	161.697	105.178
370.717	243.660	165.763	100.551
369.899	244.032	165.976	99.991
366.465	241.896	169.865	100.830
368.924	240.998	171.477	100.203
369.209	241.361	173.547	98.288
365.843	239.312	180.476	97.622
362.126	239.358	187.267	96.976
359.922	237.594	189.288	98.864
355.882	237.492	191.056	98.487
356.789	236.020	189.791	101.236
355.121	236.270	190.360	100.972
353.904	236.150	191.211	101.328
353.987	237.327	190.727	100.032
353.390	237.248	191.323	100.008
350.281	237.443	193.185	98.626
348.372	237.037	194.070	98.337
360.571	236.662	180.858	97.628
358.682	237.419	181.641	95.621
358.363	238.843	182.510	92.459
356.378	238.553	185.911	92.991
354.671	238.123	187.814	93.999
356.751	237.054	185.158	95.355
358.848	235.631	182.745	97.332
359.337	235.449	182.686	97.668
361.187	235.773	181.082	98.161
358.744	232.830	182.593	101.926
360.612	230.389	181.707	105.037
346.294	231.643	195.020	103.997
344.518	231.540	198.477	104.805
346.626	231.323	192.881	105.661
346.509	233.272	194.564	105.078
345.941	229.483	199.349	111.301
346.821	225.760	198.087	116.784
348.168	223.194	197.599	119.535
345.511	222.424	199.784	120.404
342.647	221.569	202.258	121.581
344.820	223.031	201.373	121.963
346.280	223.996	198.736	122.641
348.759	223.054	195.737	124.437
352.650	223.665	190.941	124.529
355.103	224.240	187.781	124.038
363.619	230.639	179.080	118.105
369.159	237.094	170.898	112.878
381.443	245.198	156.237	105.500
386.672	253.172	148.958	97.831
390.800	269.266	145.530	81.548
398.781	275.184	135.318	77.214
406.187	277.938	126.690	72.508
410.442	278.596	121.433	70.165
411.936	278.602	118.315	69.735
411.546	279.191	117.470	68.168
410.493	278.483	116.863	68.840
407.692	277.932	115.625	68.710
404.117	278.797	116.000	66.423
400.130	278.879	116.102	65.874
396.258	280.079	116.061	64.991
391.799	281.895	117.187	64.783
391.562	282.117	114.963	64.310
387.699	280.086	116.895	66.850
386.924	278.861	115.548	67.372
385.187	279.479	114.208	67.481
382.736	279.511	113.954	66.369
376.035	280.730	114.350	64.986
372.831	281.527	114.388	66.426
370.061	281.493	116.178	68.405
365.588	282.932	117.928	67.567
362.480	282.696	121.521	70.260
357.517	284.800	124.265	69.761
358.939	283.063	124.081	73.048
353.765	285.242	124.196	72.000
351.540	287.416	127.567	71.497
353.018	285.527	127.970	71.029
548.732	122.089	67.320	27.861
345.372	227.140	130.934	100.484
554.744	59.526	91.772	83.016
357.454	236.919	123.816	116.741
352.475	227.151	130.812	121.342
351.042	224.328	133.458	123.219
352.828	222.042	134.189	122.672
581.293	46.317	98.759	99.332
356.158	220.712	134.030	122.702
582.100	44.967	102.060	98.142
357.026	220.185	136.265	117.739
584.243	44.094	100.409	94.490
359.487	218.350	137.915	120.898
360.512	218.945	136.654	118.546
361.163	218.656	135.986	109.664
367.000	219.393	125.291	100.253
366.555	220.130	124.465	92.603
366.531	220.616	126.006	90.277
368.661	221.026	126.386	94.357
369.774	222.602	127.205	102.134
372.146	223.576	127.651	104.273
372.023	224.923	131.636	106.274
372.890	224.875	142.689	107.556
370.930	226.634	144.572	110.081
371.696	226.528	151.681	109.381
373.943	227.373	150.130	105.634
376.205	227.808	152.447	102.955
378.117	229.328	151.055	102.841
387.594	233.979	141.586	98.009
384.389	234.498	144.931	97.055
382.270	235.773	144.733	93.309
384.998	237.035	145.976	91.242
384.712	238.211	145.777	91.541
385.840	240.179	144.511	93.054
380.792	240.208	148.532	91.363
379.604	239.395	148.256	91.945
382.884	240.156	143.682	91.400
379.751	240.478	144.401	91.293
381.276	240.789	145.357	91.539
378.695	239.582	149.196	93.474
377.897	240.835	149.172	92.684
377.209	241.817	151.050	93.223
376.201	241.371	151.803	94.057
375.452	241.733	152.308	93.484
381.139	242.831	148.542	90.073
383.734	241.703	141.607	90.987
378.579	240.207	142.902	91.919
377.916	239.853	144.407	90.340
376.386	239.082	149.797	91.998
375.337	239.262	150.959	93.618
374.708	238.128	150.987	92.802
374.219	243.032	146.075	82.819
375.470	245.220	143.663	80.086
377.421	246.254	144.598	80.327
374.163	248.313	141.187	78.373
375.806	249.002	137.082	79.215
371.258	253.931	144.299	77.788
371.050	257.140	142.455	75.168
370.205	259.282	143.483	74.052
371.737	260.857	138.570	72.856
374.589	262.758	135.095	71.271
377.960	264.254	130.547	71.606
386.628	266.180	120.174	72.470
389.301	267.400	115.361	72.297
386.760	265.939	119.188	74.492
382.197	266.911	123.653	74.989
380.060	268.414	126.455	74.056
379.066	269.319	128.723	73.707
377.870	265.319	130.030	77.765
375.016	263.808	133.952	80.659
370.669	267.386	142.575	79.199
363.157	266.544	162.774	83.017
356.437	266.789	171.850	83.896
353.155	268.521	183.131	83.574
343.149	271.110	194.207	83.850
339.555	272.887	204.454	82.716
332.973	276.986	217.154	79.238
334.131	275.149	216.441	82.602
311.765	276.854	162.957	80.162
319.115	278.963	154.632	80.304
311.773	280.120	130.833	80.689
