529.000	73.000	27.000	113.000
525.746	74.395	33.841	113.445
524.231	73.801	31.209	114.204
522.943	74.048	33.839	115.023
519.946	73.157	35.637	115.423
517.051	72.730	35.640	115.453
513.468	71.808	39.063	117.421
510.117	71.206	41.347	118.105
507.158	71.658	44.013	117.846
504.653	72.527	46.027	117.158
504.022	72.943	44.396	116.457
502.510	73.603	44.514	116.268
500.729	73.667	45.241	116.859
500.566	73.664	43.180	116.145
500.184	73.624	41.397	116.172
499.772	73.718	40.309	117.007
498.438	75.432	40.988	115.501
497.014	75.336	41.002	116.897
496.065	76.514	40.858	118.429
494.693	77.333	40.999	118.015
493.543	77.596	40.696	119.210
492.870	77.243	39.377	119.434
492.050	77.279	38.103	118.839
490.598	77.079	37.770	118.329
489.753	76.444	36.263	118.504
488.579	76.601	34.516	119.166
486.641	76.842	34.040	119.052
484.565	76.411	33.600	119.270
480.321	76.874	36.548	117.934
476.028	77.601	41.278	116.522
471.500	78.054	45.847	115.296
467.752	79.431	47.478	114.082
466.244	78.721	47.368	115.886
465.531	78.263	45.154	117.013
464.171	78.435	45.210	117.552
463.430	78.617	44.183	117.083
462.494	78.191	43.119	117.062
461.989	77.449	39.975	118.648
461.196	77.051	39.332	118.091
459.141	77.491	40.342	119.182
456.925	77.655	41.006	117.708
453.815	77.362	42.538	119.122
450.632	78.273	44.842	119.092
447.588	78.277	46.815	119.185
444.420	78.740	47.808	117.922
443.002	78.822	48.120	117.947
441.765	78.371	47.718	118.984
441.011	79.082	46.830	117.592
440.403	80.085	45.916	116.177
439.964	80.465	43.862	116.072
439.738	81.563	42.487	116.444
439.718	81.897	40.759	119.004
438.803	82.081	40.616	120.008
438.757	82.050	38.954	120.795
438.411	81.979	38.069	121.619
439.443	82.102	35.564	120.982
438.700	82.810	33.894	119.814
436.840	82.493	33.948	119.907
435.586	82.882	34.522	120.662
434.087	82.696	33.950	120.803
431.927	82.654	34.466	120.114
430.648	82.376	34.330	120.334
426.490	82.833	36.804	119.149
423.253	84.137	38.346	116.094
418.319	84.292	42.393	116.528
415.217	84.195	43.863	115.986
412.478	84.510	44.586	115.191
411.910	84.551	42.399	116.401
410.096	84.560	42.163	118.273
409.410	84.136	40.369	120.150
409.653	84.289	37.812	118.823
409.420	84.821	36.017	119.397
408.973	84.326	34.979	119.309
407.787	84.059	34.644	119.526
407.218	83.373	35.110	120.050
404.652	83.305	35.876	119.560
402.465	83.411	38.666	119.777
400.354	83.896	41.284	119.463
398.244	83.160	41.946	120.478
396.505	83.469	42.083	121.779
394.560	83.638	41.714	119.907
393.209	83.991	42.269	120.002
392.485	84.267	42.828	120.235
391.893	85.031	43.057	120.575
390.703	85.236	44.977	121.139
389.329	87.025	46.578	118.500
389.372	87.227	44.217	118.308
388.089	87.717	44.334	118.298
387.621	87.842	42.285	119.210
386.621	88.318	40.815	120.146
385.838	87.746	41.033	123.109
384.811	87.581	40.104	125.909
382.531	87.550	41.782	125.485
380.987	87.764	42.972	125.518
379.072	87.441	43.900	124.860
377.887	87.831	43.536	124.249
376.248	87.779	43.728	122.308
373.483	86.906	45.337	122.217
368.938	88.250	48.415	119.598
366.233	88.238	48.014	120.324
361.918	90.171	50.363	119.314
360.015	89.914	49.984	119.544
357.893	90.576	48.320	119.477
358.208	90.290	48.156	121.406
358.882	90.732	48.283	120.817
358.557	91.357	46.930	121.010
357.240	91.099	45.556	121.433
356.490	91.118	45.928	121.893
354.091	91.024	46.770	123.536
353.469	91.474	46.048	123.945
353.371	91.431	44.518	123.980
351.271	90.822	43.674	125.146
351.362	90.710	42.116	124.621
348.758	91.647	45.087	125.389
346.982	91.614	46.020	124.337
345.539	91.658	46.716	123.914
344.065	91.545	46.273	120.997
343.666	92.347	46.530	119.536
342.381	91.962	46.012	120.034
341.560	92.703	44.167	121.391
341.065	92.623	44.875	120.673
339.552	93.817	44.816	118.950
336.523	94.064	46.209	119.161
332.288	93.351	49.427	119.520
333.986	93.325	46.729	120.592
335.646	93.362	45.263	119.480
333.285	92.541	44.068	121.197
332.587	93.167	42.643	123.271
329.215	92.312	45.441	124.048
327.913	93.340	45.525	123.931
324.995	93.083	47.106	125.223
326.398	92.789	44.898	125.891
322.370	93.029	47.799	125.015
324.502	92.505	45.706	125.601
316.727	92.690	49.187	123.636
322.072	93.602	45.481	123.112
311.091	95.115	52.569	121.209
317.413	97.003	47.174	121.846
311.984	96.790	50.215	122.156
312.987	97.677	50.777	121.155
310.126	97.399	51.993	122.429
304.419	97.080	55.013	123.513
298.526	95.946	56.356	126.528
301.150	99.927	55.998	120.656
296.270	97.212	55.614	125.397
298.343	99.111	52.904	122.927
292.825	101.883	49.942	121.757
295.203	100.055	48.260	123.851
291.261	100.800	47.415	123.221
287.978	100.021	46.812	123.320
288.674	99.867	45.953	124.336
289.137	98.036	43.881	123.108
289.719	99.583	43.020	120.790
286.163	99.534	44.726	120.789
282.625	100.299	47.439	120.828
281.905	101.229	45.787	119.750
285.103	99.882	44.021	121.278
280.603	101.150	46.852	120.113
278.205	101.171	47.728	121.578
277.187	100.446	47.897	121.811
271.686	101.111	48.195	122.685
270.217	101.555	44.995	123.466
267.318	102.796	44.135	123.585
270.191	102.586	40.423	117.208
267.410	102.673	39.499	122.071
264.269	103.392	40.316	122.349
259.710	104.017	42.668	120.419
256.290	102.215	42.504	122.764
252.187	102.088	44.826	123.873
247.400	102.641	47.805	123.370
249.238	100.906	47.031	125.619
244.645	102.035	49.887	125.343
239.515	101.337	53.580	125.397
236.031	104.407	52.638	124.596
232.949	107.361	56.354	124.746
231.410	104.272	55.997	125.868
232.786	105.936	56.026	126.078
229.193	106.375	56.512	124.638
226.435	104.487	54.818	128.268
226.118	105.461	50.189	124.826
222.500	104.345	49.537	128.217
224.225	104.421	44.524	125.104
220.713	105.753	44.975	124.084
219.358	103.274	43.704	126.013
217.726	104.074	43.163	122.349
213.411	103.041	44.121	125.159
210.625	102.020	45.579	123.973
206.556	101.578	47.266	124.626
202.696	102.389	48.092	126.235
199.412	104.175	49.623	126.117
198.138	105.267	51.942	126.534
196.998	104.781	51.790	128.132
195.655	104.554	52.354	128.331
192.326	104.327	51.497	130.066
187.780	103.220	51.754	131.816
186.148	103.716	50.761	132.189
183.197	103.549	51.150	129.853
182.774	103.204	50.164	131.694
180.812	102.497	47.013	131.481
180.669	102.013	44.551	131.029
175.556	101.930	46.451	130.529
169.852	103.018	49.636	127.547
163.836	103.855	53.113	128.202
164.328	104.140	53.433	126.546
160.772	106.231	53.002	125.220
157.588	105.072	56.269	127.364
156.000	104.366	55.119	129.011
153.357	104.366	59.017	128.713
153.470	102.849	58.716	130.905
148.147	104.171	57.515	132.425
146.797	102.062	58.381	133.469
146.524	104.364	54.962	130.926
144.875	101.120	53.392	133.867
143.324	102.560	50.773	131.154
140.215	102.130	51.159	133.821
140.797	102.069	47.349	132.893
140.045	101.596	45.730	134.840
138.508	101.888	45.421	130.709
133.975	102.344	47.639	128.141
130.316	102.059	50.805	128.363
124.955	102.541	52.392	127.941
120.460	103.050	52.986	128.902
116.324	104.176	56.753	129.335
114.274	104.333	57.056	129.813
114.544	104.350	55.407	129.623
110.586	105.810	59.572	131.055
109.882	104.950	59.719	131.854
109.283	102.940	59.882	134.259
108.082	101.980	56.644	134.839
106.067	102.756	56.047	134.510
108.881	101.379	49.660	132.483
106.081	102.298	47.098	128.268
106.039	102.617	44.193	125.765
104.853	101.563	41.935	122.787
105.660	101.886	39.152	126.158
100.292	102.315	42.595	127.827
95.953	102.574	44.886	128.211
94.653	102.572	44.747	129.091
88.187	101.657	48.451	128.851
92.158	101.604	45.533	129.022
93.894	102.489	42.715	128.350
91.377	103.649	43.555	126.822
94.307	103.734	41.547	126.739
86.990	103.693	46.059	131.220
84.978	103.534	48.106	130.933
81.610	101.228	48.206	131.947
75.400	101.248	49.361	133.397
80.489	101.517	43.125	129.324
78.010	100.595	41.574	124.332
74.483	100.020	40.635	126.257
73.944	100.493	39.447	122.523
70.935	97.985	39.135	127.878
72.370	100.550	36.506	124.277
68.755	99.906	39.312	125.129
65.788	99.646	40.606	125.703
64.079	101.570	42.221	125.184
61.722	102.666	43.168	124.814
60.007	102.363	43.947	124.141
54.498	103.750	47.616	126.568
56.881	102.307	53.330	130.679
69.947	101.311	49.902	125.834
74.575	100.477	54.529	128.641
82.733	101.186	52.748	126.249
88.703	102.457	56.169	127.241
95.013	101.888	51.048	128.444
108.803	101.078	50.130	122.293
117.160	98.995	47.822	126.787
126.296	99.752	48.052	124.251
138.589	99.052	46.476	125.908
147.882	99.843	45.455	129.701
156.721	99.305	47.081	125.009
168.757	98.981	45.462	127.175
173.341	99.842	49.639	125.275
185.268	99.594	48.320	125.289
197.319	100.705	49.949	122.520
204.505	97.911	51.523	126.536
213.169	97.360	52.978	125.315
223.078	95.794	57.330	127.535
231.574	98.006	54.374	124.332
240.501	95.875	57.637	127.747
246.751	99.124	56.166	121.924
260.360	97.303	52.771	124.008
269.820	98.432	50.409	123.788
281.542	103.891	45.945	118.517
294.448	97.696	39.847	120.996
308.220	98.922	35.008	122.332
318.658	102.354	35.743	121.374
324.396	100.378	38.264	122.952
331.086	99.703	41.037	124.259
337.403	101.962	45.962	120.918
347.453	98.607	45.988	122.082
359.310	97.346	47.534	123.042
356.606	101.160	54.053	121.287
374.889	103.689	50.587	119.240
381.725	97.256	51.935	123.562
399.507	99.167	46.659	118.577
409.299	94.052	45.663	124.318
399.304	99.232	48.100	128.445
411.695	100.929	48.767	121.602
421.794	95.686	45.639	132.865
432.642	94.996	47.194	132.345
440.906	95.470	46.677	133.167
450.414	96.526	45.801	131.131
445.588	96.979	49.908	129.314
448.982	96.713	48.217	127.211
443.206	97.910	49.639	127.675
453.163	96.161	45.113	128.731
451.303	95.431	41.792	127.999
433.461	101.573	45.461	122.234
446.146	98.105	46.605	126.325
431.817	97.911	47.233	126.451
437.250	95.489	45.720	128.367
431.106	97.099	46.741	126.095
435.870	96.039	48.389	127.248
430.623	96.869	42.429	126.558
434.313	95.695	43.655	125.114
429.565	95.510	44.733	123.353
428.048	97.532	43.380	125.622
425.859	96.468	44.791	120.145
426.399	93.476	39.700	123.083
423.783	93.607	39.031	124.982
418.406	95.563	39.752	124.274
416.938	95.756	40.006	126.216
412.043	97.282	42.866	125.475
412.587	97.306	44.148	125.768
407.774	97.676	45.214	125.857
410.160	96.804	45.867	126.950
409.351	97.042	44.911	125.304
403.493	99.443	49.002	122.710
406.422	98.433	46.366	122.808
401.594	98.555	46.466	124.746
397.999	98.778	46.785	123.120
396.639	97.294	44.058	121.301
394.398	96.211	42.070	120.915
393.572	96.952	37.284	118.955
390.975	96.432	36.574	119.916
388.392	95.101	35.035	122.785
373.911	99.682	43.719	122.176
382.943	97.831	38.703	123.658
381.358	96.462	37.378	125.599
375.376	96.622	41.005	125.080
374.060	96.205	41.962	124.702
370.749	96.730	42.225	125.201
370.267	97.160	43.498	124.597
370.195	98.127	42.527	123.549
369.092	98.060	43.337	123.866
366.209	99.038	45.412	122.086
362.869	97.626	45.999	125.452
359.744	98.308	46.600	126.040
356.649	96.352	46.759	125.705
355.987	96.409	45.416	124.469
357.168	95.417	40.659	123.224
355.098	97.094	36.589	121.711
352.449	91.929	35.643	124.418
351.693	94.120	34.748	123.349
350.774	92.857	36.299	126.534
346.552	95.025	37.214	125.524
346.855	94.981	37.624	126.183
339.699	96.716	41.020	125.442
341.076	96.221	40.514	125.410
338.430	97.317	41.336	123.674
334.861	97.621	43.876	123.531
332.558	99.782	43.989	123.130
329.841	100.925	44.954	121.561
326.512	100.856	44.918	122.051
325.685	99.789	43.117	122.092
323.906	99.259	38.315	122.692
320.714	97.569	38.655	123.946
317.667	99.370	37.279	122.305
318.500	96.874	35.813	123.550
312.244	100.439	38.310	124.820
310.940	97.291	38.070	125.708
312.146	97.557	36.600	124.677
306.729	100.375	40.190	124.747
306.524	100.286	40.769	123.726
302.737	99.479	44.039	123.189
301.957	99.355	42.766	124.110
300.824	99.441	44.249	123.657
297.443	99.956	45.479	124.348
295.812	100.039	47.011	124.720
294.883	99.046	46.511	123.693
293.800	99.411	46.811	122.854
293.140	99.241	44.130	122.475
291.539	96.851	42.365	125.975
289.550	96.981	41.245	125.392
286.490	96.685	40.297	125.237
283.468	96.387	40.154	122.901
281.857	95.565	37.603	123.886
279.434	95.115	34.611	125.534
277.515	94.709	34.216	126.148
275.318	93.821	36.370	127.680
273.904	92.678	37.569	129.250
271.983	95.275	37.891	128.275
269.792	95.261	39.611	127.690
268.545	95.068	40.547	127.635
267.308	94.932	41.204	127.292
262.714	96.896	45.597	125.588
259.520	97.753	47.337	125.110
257.621	98.677	48.946	123.205
255.727	98.621	49.767	123.051
254.086	98.509	49.366	122.413
252.496	98.880	46.853	123.220
250.738	98.981	45.618	122.771
249.152	99.920	42.529	120.812
247.407	98.660	39.393	123.406
246.336	98.694	37.866	123.681
244.816	97.789	35.629	125.123
244.336	97.851	34.072	125.013
242.556	98.939	35.174	124.706
241.173	99.889	35.234	123.673
239.190	100.180	36.444	123.717
236.937	100.510	37.451	124.216
234.037	100.259	38.264	125.117
231.052	99.137	39.850	125.969
228.531	99.601	41.104	125.885
224.885	100.179	44.240	125.000
222.311	99.363	45.216	125.847
220.165	99.104	45.694	125.740
217.831	99.626	46.835	124.327
216.279	99.971	46.377	122.594
214.014	99.694	46.123	122.134
212.944	98.791	43.772	122.287
210.383	97.395	42.140	125.212
207.659	97.458	41.349	124.597
207.014	97.005	39.752	125.773
207.051	97.865	36.107	125.888
204.845	98.203	35.399	127.452
203.411	98.924	35.044	125.941
200.109	98.549	36.860	125.243
198.517	99.135	37.132	124.299
196.335	99.515	38.159	123.985
192.838	99.607	40.364	123.161
188.467	100.025	43.834	123.856
186.387	99.825	44.161	124.790
184.796	99.961	45.706	124.230
182.984	99.720	47.504	123.781
180.199	100.085	47.378	123.305
176.869	100.029	47.573	123.360
174.711	100.196	46.290	122.607
173.385	100.031	44.874	121.595
171.445	98.218	42.558	122.939
170.190	97.372	39.977	123.998
167.667	97.072	40.137	123.768
164.660	97.512	39.919	123.793
162.272	97.127	40.383	125.419
161.042	97.506	39.985	124.378
159.077	97.815	40.227	124.862
157.395	98.826	40.230	124.248
155.280	97.686	40.994	126.200
153.972	98.022	41.391	124.825
151.687	97.862	42.641	125.904
148.884	97.772	43.371	126.540
146.836	98.254	44.481	126.218
144.365	98.465	45.991	125.139
152.295	98.849	44.654	124.205
160.949	98.503	42.348	125.423
172.625	97.052	43.986	125.403
178.193	98.048	41.868	124.504
189.022	96.235	43.673	126.460
197.775	96.049	38.751	126.267
209.538	92.801	36.814	130.436
218.168	94.237	38.774	129.387
228.060	92.873	36.276	130.002
240.691	91.809	39.505	130.086
246.508	94.158	39.302	126.562
258.460	92.951	42.041	126.970
264.697	93.539	42.517	126.401
273.722	93.426	46.017	126.514
282.398	92.395	47.674	127.570
291.312	94.011	47.336	123.788
301.336	93.983	49.419	122.219
308.808	94.954	47.908	121.276
308.675	94.031	47.466	123.004
306.240	92.293	45.441	123.700
303.079	91.557	43.110	123.645
302.846	90.537	39.981	125.462
299.123	90.358	37.218	125.608
299.401	90.518	34.277	125.687
297.424	91.206	33.831	128.036
295.781	92.331	32.951	123.981
295.067	92.412	33.310	123.949
292.947	91.364	34.555	124.787
291.071	91.469	35.802	124.681
288.738	93.115	36.906	124.496
286.489	90.924	38.088	126.631
286.571	89.373	37.604	128.807
284.171	85.888	38.612	132.179
280.879	88.143	42.137	130.466
278.577	84.724	42.687	132.363
274.230	85.547	43.725	132.841
273.485	86.793	41.631	130.453
272.601	88.461	41.854	129.583
270.904	90.450	41.271	125.240
268.986	89.581	40.389	126.234
268.068	90.299	38.161	123.415
268.089	90.218	35.669	123.103
266.115	88.787	35.863	124.368
264.159	89.190	35.827	123.415
262.845	89.957	36.558	122.654
260.227	89.487	38.128	123.394
258.747	90.276	39.233	123.719
255.389	89.867	41.315	124.773
251.025	91.304	44.872	122.708
248.130	91.317	45.391	123.724
246.312	90.880	46.496	123.613
244.240	91.315	47.926	121.728
243.740	90.753	47.775	122.781
242.033	91.067	48.769	122.125
240.838	90.400	48.692	122.340
239.328	90.866	47.837	122.443
238.513	90.064	46.109	123.004
237.383	90.026	44.001	121.897
236.472	89.187	41.258	123.882
234.298	89.567	40.766	123.218
232.303	89.276	39.756	122.971
230.847	89.321	39.398	123.291
229.140	90.333	39.349	123.853
228.598	89.265	37.551	124.791
227.135	89.196	38.104	124.002
225.483	89.240	38.499	124.075
224.077	89.581	38.063	123.659
223.041	89.674	38.650	123.953
221.266	90.238	38.529	122.751
220.261	90.475	38.820	122.164
218.984	89.765	38.887	123.164
218.077	89.086	38.113	123.612
216.264	87.081	39.071	125.185
214.564	87.517	39.762	124.374
212.548	88.176	40.829	122.760
211.005	86.956	41.022	124.178
209.190	86.574	41.147	124.207
207.851	86.574	41.061	123.912
206.099	87.070	41.394	123.163
204.757	87.011	40.713	122.759
202.644	86.848	40.919	122.766
200.938	85.634	40.625	124.230
199.244	86.847	40.587	122.506
197.043	86.185	40.875	123.088
194.789	87.578	42.071	121.776
192.128	86.575	44.079	122.390
190.111	87.113	44.962	122.593
188.846	87.120	44.993	123.290
186.908	86.591	47.660	124.380
185.005	86.943	49.532	123.338
184.494	86.716	50.143	123.738
182.671	88.286	50.006	120.676
181.520	86.259	49.365	122.854
179.856	85.616	47.628	121.994
177.028	86.740	46.858	119.070
175.640	86.043	44.443	119.428
174.015	85.888	42.650	119.419
172.603	83.328	40.290	123.745
