178.000	108.000	117.000	86.000
179.258	107.483	114.766	87.984
178.934	106.686	113.768	89.333
178.653	106.686	112.837	87.876
178.237	106.567	112.817	87.897
177.796	105.131	112.137	87.547
177.687	104.010	111.415	89.000
177.547	103.524	110.600	88.550
177.540	102.980	110.296	88.265
177.905	101.661	108.970	87.652
177.891	101.321	108.605	87.037
178.594	100.446	106.755	87.303
178.131	99.700	106.596	87.725
178.131	98.423	105.743	87.459
178.455	97.458	105.136	87.004
178.891	96.688	104.436	87.261
179.877	95.823	103.665	86.864
181.195	96.787	101.278	85.890
181.222	94.911	102.426	86.513
181.277	94.219	102.942	84.778
181.876	92.235	102.364	86.004
183.232	91.641	101.910	85.398
183.538	90.750	101.771	84.831
185.205	89.867	100.804	84.178
188.940	88.888	103.145	79.598
190.849	87.649	106.125	78.887
191.859	86.213	108.535	80.500
193.038	84.457	112.061	80.385
194.712	83.532	112.601	80.978
194.466	84.064	114.671	79.487
196.138	83.755	116.880	78.763
197.529	83.354	117.302	78.823
198.789	83.163	119.437	78.049
199.645	82.522	120.138	78.608
201.327	82.778	123.096	78.979
203.269	82.520	125.440	78.722
203.904	82.363	127.062	78.369
205.785	81.766	128.884	78.152
206.930	81.738	129.672	77.684
208.943	81.640	132.987	77.049
210.248	81.380	133.212	77.140
212.732	81.331	136.854	77.319
213.708	80.633	136.476	78.515
216.429	80.029	139.403	78.198
216.603	79.728	140.406	78.421
219.952	78.604	143.242	79.130
218.776	79.067	144.361	78.414
222.859	78.559	146.369	78.699
223.965	78.519	146.542	78.067
224.740	78.005	150.922	78.215
227.923	76.756	152.079	79.820
227.029	76.993	151.821	79.336
229.740	76.971	151.936	79.290
231.063	76.091	154.866	79.041
235.564	75.596	155.866	78.830
239.482	75.671	157.189	77.348
239.203	75.098	159.265	78.207
243.195	73.754	160.850	78.392
244.520	73.311	160.995	79.159
248.090	73.175	162.325	78.171
250.041	73.063	163.324	78.722
253.597	72.224	163.910	78.585
258.082	71.551	163.960	78.260
259.712	71.240	163.966	77.724
261.377	71.823	163.914	77.745
265.744	71.146	164.297	78.922
269.318	71.016	165.522	77.554
271.455	70.500	164.684	78.386
272.745	71.066	162.895	77.688
277.958	70.957	166.158	76.318
281.085	71.238	165.100	76.834
282.253	72.070	162.825	76.001
287.431	72.959	161.653	74.528
287.347	73.384	159.835	74.505
292.859	72.309	156.850	75.302
295.976	71.164	155.241	77.362
296.794	71.587	155.244	76.138
300.601	71.838	152.617	74.579
301.337	72.506	152.343	73.784
308.064	72.424	150.243	73.245
311.471	72.337	149.222	73.492
315.060	71.677	150.330	73.789
317.265	70.901	151.152	74.074
319.252	70.108	151.707	75.300
323.756	69.267	150.602	75.960
324.020	68.825	151.954	75.285
330.236	69.477	146.233	74.073
335.193	69.277	145.943	74.442
335.621	68.892	142.488	74.098
340.218	69.142	140.223	72.805
342.768	68.795	139.927	72.560
347.067	68.188	134.890	72.000
351.582	68.469	133.105	71.855
353.538	67.961	133.853	72.458
357.582	68.670	133.880	72.220
360.265	67.398	136.548	73.398
365.278	67.326	138.871	74.230
369.719	68.362	140.203	71.865
373.354	68.189	139.924	72.687
376.510	67.926	136.752	74.112
378.291	68.016	137.108	73.447
382.108	67.714	135.105	72.593
386.186	67.529	132.601	72.955
389.227	68.481	141.524	71.461
394.592	68.891	140.030	72.229
397.292	68.665	144.271	72.327
400.945	67.672	140.305	70.348
402.859	68.271	152.464	69.578
409.455	67.561	165.272	70.862
416.131	64.758	165.400	73.872
422.773	62.944	167.999	75.321
424.119	62.592	172.024	77.638
425.293	62.816	171.922	78.393
425.357	62.549	172.211	79.466
423.808	62.953	174.544	78.607
422.688	62.201	175.279	79.403
426.033	61.218	171.795	79.849
427.752	61.061	172.862	79.068
430.354	60.887	172.779	78.834
425.743	60.983	179.015	79.778
424.370	60.380	180.535	80.732
424.454	60.154	181.821	81.062
427.088	61.145	180.663	80.367
425.327	61.481	186.333	80.909
426.510	60.668	195.293	82.440
422.942	59.402	196.763	84.836
424.219	60.243	192.433	84.069
423.344	60.267	185.341	83.997
424.653	60.835	167.789	82.237
428.197	62.185	160.562	80.311
428.312	62.859	158.439	77.350
436.672	61.739	150.330	76.812
437.799	61.741	148.250	77.215
440.946	62.526	146.285	76.889
441.882	64.419	147.140	74.941
443.215	63.460	148.325	77.473
442.029	64.290	147.690	76.249
444.727	64.203	145.280	75.405
442.922	65.467	148.497	74.063
443.424	64.534	146.354	75.149
443.230	65.713	148.008	73.721
443.855	64.962	148.593	74.117
444.730	64.561	146.169	75.217
443.510	65.024	146.210	74.410
443.042	63.498	143.177	76.109
444.089	64.018	142.133	75.485
444.842	63.666	142.471	73.947
445.109	63.174	144.639	75.538
