64.000	63.000	18.000	50.000
67.026	65.077	21.411	42.816
70.073	66.064	21.368	41.707
72.317	65.430	21.081	41.374
75.321	65.124	21.760	40.686
78.666	64.198	21.785	39.550
81.698	64.019	20.809	39.551
84.644	64.021	20.694	38.197
87.236	64.763	21.368	35.679
92.511	64.450	21.827	36.564
96.350	63.449	20.924	37.304
99.746	62.819	20.766	37.501
102.395	63.122	21.437	36.542
105.816	63.418	21.260	37.099
107.454	63.693	20.392	36.514
110.843	64.246	20.411	36.707
114.378	62.781	20.967	38.337
117.958	62.267	20.877	38.833
119.939	61.325	19.829	39.542
121.430	61.761	19.623	38.776
125.805	68.788	23.334	33.357
134.043	66.671	19.087	35.781
134.318	61.930	21.507	38.069
137.145	61.389	22.339	39.022
141.554	62.218	21.522	37.311
145.780	61.781	19.950	38.647
150.256	61.125	22.220	37.921
150.456	61.656	24.850	36.851
155.422	60.132	22.100	38.448
158.724	60.962	21.510	37.935
161.609	61.115	21.504	37.849
165.574	61.294	20.826	38.331
170.715	60.184	20.872	39.591
172.994	59.440	21.944	40.526
176.113	60.126	21.486	39.831
178.777	60.537	21.955	39.219
185.126	60.453	19.438	40.148
188.092	58.839	20.284	43.179
189.747	58.991	20.667	44.287
193.157	59.088	20.875	44.704
195.938	58.428	21.241	46.019
197.219	59.133	21.930	45.013
199.942	61.244	20.956	44.250
202.854	67.915	21.186	37.642
208.792	58.918	21.619	37.797
210.601	58.362	22.579	38.131
215.225	58.676	21.936	40.924
220.516	58.855	20.813	41.995
226.270	59.060	19.602	38.111
230.287	56.911	20.360	37.418
232.291	57.390	20.519	39.284
234.224	57.223	21.286	40.409
240.314	57.350	21.607	38.288
245.549	57.599	18.358	39.922
248.002	54.118	21.813	40.212
250.775	54.547	21.987	39.018
259.960	55.235	18.461	41.018
258.835	52.414	18.726	41.840
261.741	46.895	19.981	40.426
269.089	54.992	19.490	43.035
269.681	55.804	19.634	40.687
272.667	54.954	20.164	39.022
279.263	56.700	20.566	43.366
284.279	51.952	21.552	43.774
285.816	51.840	21.553	46.585
293.287	56.690	21.833	42.220
295.101	53.661	21.710	45.821
296.982	53.154	21.653	42.951
299.222	57.762	24.699	50.207
299.187	58.902	27.533	55.259
306.580	54.458	22.759	47.868
310.092	53.735	21.100	41.601
315.933	57.174	21.917	50.296
316.612	52.351	23.620	43.538
320.206	52.886	22.160	44.218
325.658	53.205	19.961	41.858
328.093	54.024	20.579	40.259
331.064	54.636	20.678	41.268
334.165	53.060	20.914	42.411
337.545	52.528	20.471	43.315
341.387	51.840	19.560	44.889
343.382	52.980	20.974	43.706
346.618	53.455	21.077	45.834
350.967	52.992	19.675	44.948
354.578	53.028	20.634	45.734
358.026	51.817	20.186	45.155
360.516	51.348	21.979	48.834
360.030	50.990	25.229	52.147
365.543	52.875	22.405	50.026
368.152	52.671	22.602	48.216
372.839	52.651	22.299	47.685
378.261	51.955	21.084	48.219
380.672	52.584	22.850	47.341
381.491	52.505	25.364	49.907
386.184	51.785	22.586	47.953
390.391	51.702	21.302	46.752
392.098	49.150	21.865	42.971
392.924	48.908	22.361	44.768
397.573	50.556	21.815	47.996
402.389	50.796	19.973	42.974
405.985	49.702	19.316	42.165
408.124	49.380	19.319	43.001
409.466	48.620	22.166	38.371
412.886	48.640	22.771	45.824
415.453	58.377	25.226	42.691
419.374	47.720	21.621	48.692
421.028	46.834	22.397	51.508
423.124	46.126	23.353	46.506
426.167	46.356	22.786	46.799
430.834	49.586	21.199	46.050
432.501	50.179	22.470	48.695
434.761	49.884	22.797	49.220
438.834	49.240	21.315	46.898
442.713	48.612	20.788	47.299
445.552	48.912	20.653	49.609
447.383	49.223	21.475	47.776
448.573	49.550	22.998	46.480
453.145	48.365	23.122	46.790
458.105	47.829	20.936	46.688
460.898	46.696	20.613	46.945
463.019	46.584	19.950	46.061
467.929	48.753	20.530	42.078
464.884	43.824	25.275	44.599
473.619	45.154	20.459	43.098
476.073	45.905	21.498	46.326
477.698	44.960	21.472	45.964
481.474	44.330	21.823	48.562
