507.000	287.000	37.000	92.000
504.316	288.639	38.537	90.508
503.303	288.808	38.412	91.483
501.985	288.675	39.292	92.199
502.045	287.415	39.640	92.429
502.086	286.178	38.203	92.811
500.819	286.531	38.377	92.254
500.083	286.907	39.338	92.454
499.530	287.684	39.567	92.009
498.503	287.402	38.985	92.800
495.255	289.054	40.479	91.149
492.842	289.766	42.548	91.342
490.273	290.002	42.721	91.564
489.630	289.090	42.516	93.001
488.290	288.325	42.705	93.526
486.400	289.405	44.888	92.031
484.303	289.422	45.013	92.128
482.886	288.940	44.128	93.616
481.388	288.422	44.433	93.653
479.123	288.573	44.887	93.171
479.484	288.788	42.576	92.828
479.298	287.803	42.412	93.791
477.470	288.071	43.121	92.980
475.147	289.280	43.671	92.543
472.126	289.612	45.292	92.796
470.652	287.756	43.663	94.714
469.798	286.390	42.935	95.642
468.798	288.162	41.744	93.192
466.860	287.283	40.110	95.444
464.897	287.414	39.546	95.270
463.825	287.020	39.644	95.577
462.402	287.349	38.918	95.335
459.705	287.571	37.852	95.365
458.691	288.661	41.382	92.675
455.884	287.571	41.212	94.544
454.543	286.770	40.731	95.788
452.028	287.159	42.940	95.654
449.831	287.316	43.055	96.917
446.533	288.286	42.154	95.593
445.693	288.620	41.894	94.640
444.803	288.422	40.561	95.135
442.452	287.378	42.256	95.786
442.434	286.345	42.172	96.965
440.720	286.969	41.292	96.692
437.269	287.769	41.126	96.099
435.415	287.543	41.134	96.715
435.226	287.490	39.845	96.196
432.873	288.000	39.359	95.710
433.707	287.662	38.100	95.696
429.605	287.352	41.344	95.889
428.174	287.920	41.246	94.712
425.740	287.683	40.742	95.617
424.260	285.824	39.918	97.004
422.279	285.147	38.416	98.717
420.331	285.669	38.806	97.111
415.593	285.055	41.369	97.306
414.285	282.914	40.631	99.607
412.236	282.277	40.013	100.083
410.971	281.549	39.549	100.089
410.017	282.719	40.108	98.191
408.858	284.007	40.116	96.837
405.859	284.855	41.785	95.234
401.883	283.536	43.287	98.046
401.531	281.972	41.774	98.457
397.943	282.090	41.461	99.129
394.921	282.179	40.366	99.174
393.401	283.406	41.965	97.959
390.585	281.366	43.548	100.306
391.918	281.090	41.233	101.481
389.951	282.033	40.817	99.939
388.638	282.325	39.827	99.879
385.209	282.686	41.840	100.252
380.375	283.661	45.140	98.913
382.081	282.934	40.315	101.300
377.683	285.008	43.730	98.267
378.611	284.299	41.872	99.378
377.203	286.034	42.532	98.424
374.129	285.333	44.374	99.573
372.073	286.624	43.830	99.657
370.827	286.230	41.650	101.234
369.644	286.305	40.951	101.822
367.849	286.154	40.254	101.679
365.681	286.219	41.200	103.866
365.396	286.410	41.329	105.035
363.458	286.534	42.667	104.749
360.343	286.365	44.972	104.131
357.174	286.047	46.364	104.857
359.624	285.608	44.243	107.147
359.294	286.500	45.433	107.304
356.797	289.811	47.911	104.777
358.346	291.233	47.747	107.317
359.909	291.735	48.414	108.613
360.184	290.811	49.915	108.944
361.803	290.013	50.583	108.122
363.614	287.284	47.978	109.023
364.814	285.937	45.435	107.945
364.961	284.795	45.415	106.440
366.021	283.381	44.849	108.994
366.225	282.908	44.144	108.417
364.664	282.830	46.114	107.080
365.413	282.475	44.771	107.616
364.841	282.385	44.651	105.562
362.329	282.380	45.773	104.595
361.555	283.027	44.923	105.633
360.238	283.669	46.506	105.507
361.539	283.971	45.561	104.496
363.820	282.908	45.115	105.115
363.712	281.322	44.753	106.709
363.294	279.650	44.546	107.347
361.117	280.061	44.580	106.610
355.055	281.817	45.584	108.339
351.842	284.955	46.548	108.002
350.303	285.541	47.554	107.556
356.462	285.073	48.860	107.586
358.743	284.613	50.408	105.280
366.929	279.057	47.421	106.529
369.639	276.537	45.775	104.847
366.780	276.929	46.732	107.358
367.935	279.844	49.440	109.224
373.528	283.082	50.086	109.718
387.994	286.060	46.666	110.063
401.950	284.083	43.204	108.465
414.995	283.415	43.166	108.231
415.757	285.716	41.155	108.733
413.720	287.935	38.168	109.554
410.652	288.631	41.844	109.187
399.871	289.197	49.925	107.124
396.867	292.551	59.196	105.807
408.015	291.204	52.483	106.606
390.294	304.315	46.484	95.460
298.044	300.415	55.400	106.878
296.278	304.972	54.649	110.824
293.876	310.702	51.934	111.558
293.098	312.860	47.308	113.986
291.695	315.382	43.945	111.603
291.909	309.906	42.436	115.543
294.300	307.831	43.496	113.248
294.885	307.494	45.772	111.157
290.019	307.242	47.756	112.057
280.403	307.432	53.985	112.303
268.907	307.795	59.938	113.875
259.654	311.157	63.392	112.653
250.919	316.516	68.731	109.913
250.751	317.088	66.031	112.209
252.598	318.939	63.637	111.547
253.792	318.916	61.796	112.624
254.076	317.011	60.906	114.289
255.931	316.533	57.744	113.657
258.683	316.240	49.397	113.472
260.871	316.675	46.060	113.191
260.656	316.429	43.724	115.418
260.739	318.052	44.059	113.975
253.201	320.203	51.625	114.083
245.529	322.243	58.060	114.677
239.596	323.656	62.970	113.181
236.439	326.093	67.246	113.283
238.217	327.703	66.878	113.738
243.162	328.646	62.283	115.127
247.574	328.721	57.787	115.903
249.742	329.518	56.083	115.624
253.211	328.888	49.532	115.352
256.220	328.276	44.062	116.911
257.123	328.349	42.829	115.463
257.096	327.724	42.023	114.135
252.342	326.032	46.509	116.911
244.269	325.948	55.603	116.421
238.805	325.499	62.890	117.500
234.477	326.861	68.109	117.190
231.293	326.869	72.892	116.905
232.741	328.293	72.182	115.492
236.530	328.142	69.252	117.481
240.349	325.920	64.748	119.770
240.025	327.043	63.585	118.887
239.831	326.570	60.796	120.074
238.825	326.112	56.757	119.588
238.911	325.102	52.278	121.214
237.788	324.727	53.001	119.953
235.430	323.792	57.135	119.986
229.924	324.452	61.580	120.123
220.091	325.540	70.438	118.784
210.529	324.729	77.687	120.381
203.490	325.463	79.323	120.081
202.415	327.424	78.220	118.785
206.696	325.742	71.315	121.449
209.147	324.800	66.148	122.771
208.521	324.772	63.967	121.966
209.590	323.685	59.174	122.428
211.446	322.357	51.814	122.452
209.774	322.048	48.265	120.910
206.954	321.030	48.654	122.076
202.801	320.661	52.142	121.989
193.256	319.241	61.163	122.542
182.540	318.301	68.715	123.420
173.528	318.182	76.698	123.869
167.538	319.102	81.706	123.706
165.694	318.954	82.160	123.129
167.803	319.534	78.993	122.549
173.701	318.233	73.222	125.226
177.739	318.314	68.293	125.282
176.904	317.241	67.357	127.286
177.647	317.047	64.499	126.939
178.513	317.674	60.022	126.066
178.966	318.424	52.858	125.019
178.785	317.862	49.098	124.734
177.387	318.208	51.398	124.167
173.302	317.849	58.376	123.752
164.113	317.341	71.329	123.928
154.597	316.512	83.929	125.933
147.287	317.533	91.293	124.524
150.203	318.591	85.623	124.610
157.704	319.587	79.272	124.794
165.961	316.812	69.244	129.223
167.423	317.265	66.763	128.054
171.795	315.889	60.768	129.183
177.172	315.914	53.303	127.926
177.594	316.331	49.126	125.870
176.374	316.537	49.269	125.727
175.750	316.537	50.797	125.841
170.495	316.121	57.389	126.806
163.357	315.832	67.112	127.484
157.731	314.960	74.356	127.577
152.981	313.796	80.834	128.887
151.488	314.969	86.149	126.390
156.623	313.168	82.937	127.667
162.494	312.563	78.699	128.012
168.246	311.386	73.570	129.253
170.671	310.946	71.857	130.241
172.112	310.588	68.950	130.972
171.977	310.539	61.499	130.953
174.747	311.099	52.802	128.780
173.488	311.799	51.595	128.429
170.155	311.879	54.451	127.460
165.629	309.741	58.718	130.629
153.354	311.854	72.991	128.335
143.130	312.301	82.532	128.609
133.477	312.963	89.435	127.282
131.458	311.936	90.961	129.237
135.007	312.487	83.404	130.043
143.809	314.208	74.432	130.388
145.003	314.178	72.031	130.018
145.262	312.811	66.959	130.742
147.504	312.547	56.548	130.374
150.167	313.291	48.400	129.993
147.517	313.787	51.080	129.823
145.077	312.396	53.240	129.728
137.543	311.060	62.230	129.677
130.725	308.785	70.789	131.331
125.541	308.874	79.129	131.459
120.793	310.460	86.167	129.868
120.503	310.513	88.469	130.877
124.272	311.157	88.787	131.845
133.151	311.969	83.289	132.505
136.247	311.338	81.997	133.180
138.047	311.243	78.168	133.885
139.967	311.009	71.373	133.764
140.590	309.917	62.002	135.275
139.640	310.035	54.639	133.027
138.152	310.694	53.729	132.537
134.740	310.985	59.361	132.433
125.385	311.148	69.629	132.951
114.874	311.199	83.636	133.713
103.591	311.759	95.076	132.187
101.074	312.452	95.292	131.866
103.606	311.203	87.649	133.815
109.187	312.701	80.181	134.316
110.509	312.213	78.076	134.662
112.231	312.090	71.456	134.945
114.905	313.241	61.218	133.349
115.484	312.085	53.412	134.215
114.482	311.155	51.653	134.318
112.482	310.689	54.339	134.171
105.577	310.399	60.896	134.673
99.814	309.735	68.595	134.784
98.644	308.817	72.479	136.542
95.795	308.643	80.508	137.823
97.397	309.466	80.949	137.696
95.603	310.623	84.652	136.406
93.641	310.565	86.170	136.342
95.696	310.800	85.110	136.263
102.256	311.020	80.202	135.826
102.167	311.296	80.170	136.511
106.721	313.081	74.521	134.814
112.265	310.670	65.283	137.748
113.806	310.574	61.381	136.852
118.350	309.786	61.053	137.336
123.706	309.112	59.596	136.930
123.263	312.064	64.735	133.913
128.274	312.965	67.543	132.226
130.149	313.752	73.402	129.931
134.909	313.901	75.727	128.162
141.029	311.780	75.420	129.961
146.126	311.109	76.276	131.974
151.385	311.688	76.322	132.807
156.910	310.405	75.984	134.392
162.553	308.641	69.587	135.910
169.407	306.304	66.706	136.179
172.476	304.647	60.652	136.612
176.118	303.417	55.518	137.003
170.085	302.691	64.042	136.755
167.167	301.899	73.253	135.587
172.110	299.457	73.708	137.589
173.730	298.656	77.818	136.859
176.451	296.896	83.931	136.469
178.667	294.543	86.380	136.987
180.292	289.393	87.320	142.440
188.793	288.684	81.834	142.693
193.061	287.434	79.873	141.738
197.996	287.986	72.943	139.688
202.517	289.223	67.669	138.058
205.033	290.029	55.606	136.143
202.957	291.136	52.359	136.562
203.241	290.734	49.482	137.181
202.173	290.866	53.204	138.726
196.320	293.593	66.710	135.667
202.323	294.627	73.434	133.744
213.459	294.600	73.947	131.345
228.067	293.927	74.385	131.870
248.353	290.652	68.880	129.320
260.673	289.371	66.134	128.598
268.594	286.108	67.157	133.680
270.578	285.936	62.741	135.377
268.043	286.510	58.678	137.068
267.315	287.063	56.247	137.128
266.585	288.000	54.379	137.821
262.397	287.735	57.771	138.646
259.203	287.532	59.933	138.070
257.016	286.740	59.778	138.006
252.325	285.979	62.812	136.645
246.435	287.055	72.898	134.205
239.904	286.895	76.374	134.005
231.538	285.454	79.581	135.969
225.980	288.719	81.515	133.221
223.551	289.417	77.432	137.180
221.509	287.966	72.720	140.570
218.183	288.093	70.086	142.366
217.970	289.968	68.701	141.287
217.963	290.744	62.322	141.354
216.733	291.135	56.813	140.878
212.820	291.985	58.239	142.356
207.660	292.211	60.183	142.271
205.892	292.479	60.815	141.158
204.108	293.635	64.896	138.539
204.878	293.192	63.111	138.483
204.496	294.059	63.568	136.609
204.312	293.043	64.735	134.847
203.383	293.258	63.590	132.450
206.738	291.945	60.074	134.323
207.636	292.516	59.953	134.076
206.428	292.270	61.582	136.954
202.803	293.517	62.052	139.152
201.577	292.150	57.254	140.178
201.292	289.239	57.759	145.037
200.051	289.265	60.427	143.308
191.737	288.355	64.665	142.985
181.563	287.285	78.958	144.572
170.361	291.955	84.236	137.462
162.845	291.794	89.145	141.533
158.574	289.456	88.475	144.268
158.023	294.545	81.992	137.905
159.772	298.131	77.240	143.201
158.047	298.539	74.855	140.276
163.714	296.753	63.732	143.797
164.481	297.817	54.843	144.033
162.890	298.066	58.772	145.166
162.280	299.728	59.834	143.246
164.500	298.934	58.539	147.327
166.020	299.070	66.792	142.753
164.834	297.410	74.966	146.651
162.106	299.889	83.911	140.212
162.969	298.876	88.163	138.610
165.302	301.311	90.492	132.289
173.607	301.100	85.614	133.742
194.961	301.341	76.517	142.171
269.078	295.449	76.003	142.195
236.667	299.119	61.407	144.265
248.823	296.193	56.639	142.319
255.373	297.867	56.895	143.906
260.141	294.497	57.958	143.855
262.755	293.037	60.236	145.621
265.316	290.586	71.767	143.019
266.851	292.251	66.009	138.508
267.127	290.640	76.185	142.499
335.168	287.274	66.423	138.405
281.570	289.749	78.027	140.639
294.925	288.134	74.664	138.670
303.457	290.046	68.070	140.570
308.465	289.703	68.539	144.595
314.161	289.273	61.798	144.925
318.382	288.106	64.431	144.442
323.205	287.856	56.039	140.747
326.658	286.991	56.915	143.849
325.411	286.084	53.448	139.464
324.108	284.204	56.081	145.378
318.402	283.124	65.910	138.547
311.265	283.892	70.101	137.357
303.914	284.933	79.196	136.468
301.291	285.594	79.124	134.291
300.486	285.238	77.503	134.559
302.571	285.107	72.872	132.836
306.990	284.193	63.021	141.557
314.433	286.420	58.369	141.162
319.918	281.142	53.665	145.382
324.452	283.436	54.780	141.910
330.428	280.909	50.636	142.637
335.194	279.822	52.919	143.050
335.488	279.967	55.292	143.541
333.419	279.553	58.529	140.209
329.029	278.417	69.341	136.695
325.260	279.984	74.445	139.479
330.525	276.256	74.959	137.353
333.838	275.903	72.889	136.703
335.174	275.897	73.782	137.550
349.211	272.019	78.772	142.651
353.405	272.786	81.764	146.883
385.993	269.555	59.512	150.666
376.385	271.974	64.926	148.847
382.122	269.777	60.620	150.192
365.876	271.834	66.279	149.408
337.812	275.336	64.764	145.883
332.930	279.426	60.433	137.026
325.444	280.301	72.148	138.536
320.178	277.693	78.417	141.896
317.130	278.438	81.273	142.134
313.281	280.350	78.765	138.879
309.255	279.424	72.693	139.316
308.096	280.930	70.189	139.857
304.077	282.735	60.906	142.913
301.373	284.718	51.061	145.646
300.790	285.787	48.102	146.042
293.938	286.283	53.407	147.206
291.395	287.638	55.564	147.330
283.318	288.215	61.578	146.298
283.760	290.716	65.003	149.449
266.397	293.802	59.000	142.327
266.194	302.036	64.318	142.149
266.842	299.210	78.658	146.959
271.116	305.647	74.981	143.298
276.018	307.466	78.872	142.443
277.439	312.676	77.188	146.690
288.549	315.688	70.949	144.745
298.421	316.292	67.021	146.575
298.170	314.955	68.504	149.088
282.739	318.660	69.047	144.338
282.874	318.987	67.629	149.196
276.421	319.512	67.254	149.156
262.096	321.097	73.186	139.293
266.120	319.317	74.108	142.114
265.782	316.406	77.978	145.697
260.393	316.531	81.527	145.995
253.628	315.497	85.243	143.256
254.709	316.036	90.309	146.867
263.163	316.043	80.200	147.214
258.991	319.425	90.198	150.557
264.695	321.726	80.347	149.440
260.392	324.288	75.350	149.237
255.035	323.275	70.195	148.337
251.920	320.114	64.979	151.954
248.936	320.082	63.260	153.709
247.873	320.264	57.623	150.293
248.404	323.755	59.444	150.006
244.891	323.358	64.877	155.145
233.418	325.728	77.610	152.957
237.264	327.244	72.648	143.743
235.528	328.967	74.392	143.033
235.738	327.286	78.275	145.585
235.551	329.132	82.414	144.940
237.957	329.711	87.842	149.585
243.596	328.696	78.256	152.039
246.381	324.693	74.361	154.978
254.733	322.623	66.525	157.979
260.549	321.558	64.336	156.479
257.792	319.371	64.008	155.335
256.172	321.004	65.729	153.112
252.177	320.448	69.959	154.697
245.683	323.698	81.413	155.460
237.208	325.680	91.317	149.681
242.073	331.690	91.383	141.333
245.613	330.870	92.878	144.740
250.717	330.783	90.297	147.390
256.247	330.701	93.711	150.137
266.817	330.763	84.275	151.431
271.789	331.843	76.433	149.215
285.008	334.078	68.792	152.019
291.749	331.404	66.105	153.879
298.808	330.214	63.558	150.661
304.055	334.076	66.896	141.049
310.477	332.579	66.240	148.120
310.486	332.194	73.664	148.164
311.028	331.072	81.404	147.889
315.364	333.311	89.577	143.357
324.758	333.545	88.758	143.089
329.040	332.303	95.453	144.974
341.715	332.366	84.881	148.818
348.745	331.820	80.103	148.679
354.194	333.986	77.073	150.536
358.175	332.376	74.512	154.871
359.934	338.352	67.876	149.757
359.429	344.558	61.809	139.961
358.107	346.085	60.169	143.170
357.739	340.367	61.269	147.371
347.206	339.913	71.333	148.218
336.752	334.765	84.206	151.183
331.722	333.861	88.790	146.259
329.193	331.784	92.442	147.823
321.817	330.409	101.800	151.026
327.134	331.409	94.633	150.004
332.321	330.680	89.426	152.028
336.528	331.428	87.253	151.083
336.002	329.924	86.902	153.656
342.764	329.593	77.077	150.360
344.840	328.783	69.886	146.522
341.891	327.026	64.438	150.912
340.916	326.716	65.344	152.978
337.857	328.208	71.873	148.428
330.229	326.995	81.456	147.847
335.067	327.500	79.534	144.763
337.407	326.784	80.294	144.803
338.051	326.217	80.754	143.264
334.502	324.386	83.131	145.903
331.096	324.362	85.743	149.298
331.886	322.559	84.325	149.538
333.105	323.087	75.854	148.435
331.385	325.245	73.080	137.167
334.086	323.056	68.575	136.271
326.278	323.984	68.095	134.300
316.562	334.284	72.281	131.858
303.947	325.260	76.745	136.239
307.011	322.264	76.763	143.526
292.058	322.448	85.574	137.812
289.185	323.056	80.015	138.306
285.343	325.108	74.276	135.999
289.067	327.254	79.519	136.538
287.416	327.359	73.933	139.551
287.495	330.823	68.822	138.362
283.399	329.269	62.501	137.047
304.155	328.672	59.927	138.582
281.183	324.716	60.262	148.618
312.874	328.434	54.844	130.249
300.313	329.161	64.975	134.715
274.948	326.183	63.045	144.371
310.393	327.325	58.968	133.183
315.720	325.198	53.536	135.262
313.777	328.616	60.786	131.555
315.031	326.994	61.820	131.868
317.023	326.938	62.428	129.293
319.320	325.849	63.007	131.365
319.663	325.255	64.491	134.459
321.453	323.773	64.121	138.200
320.282	322.613	58.780	137.342
318.978	322.566	61.950	137.221
318.008	322.958	57.369	135.437
321.036	321.717	54.160	138.457
306.447	321.276	67.415	139.446
276.294	320.905	83.779	140.440
308.730	322.305	64.282	135.617
308.506	323.168	64.066	133.161
249.140	322.608	78.596	133.667
302.286	327.614	63.672	134.360
279.449	328.380	91.448	138.674
268.064	328.862	100.288	144.557
300.753	336.434	69.932	136.705
294.872	335.013	72.091	137.972
289.544	332.446	68.715	138.205
291.123	330.499	64.451	135.536
289.044	329.018	56.616	137.220
291.780	327.004	55.788	139.515
294.546	326.956	56.296	139.291
296.007	325.906	56.561	136.540
296.977	325.571	58.394	137.621
295.634	327.126	61.992	137.077
293.814	327.051	63.231	138.494
290.739	327.105	65.843	139.124
282.175	326.234	73.612	139.496
287.727	324.447	66.106	137.863
286.602	326.307	62.599	136.860
282.338	326.551	61.119	134.087
278.658	325.390	59.360	135.290
273.647	322.946	53.288	135.693
267.203	321.479	55.967	138.023
263.118	320.106	56.606	137.850
264.464	318.989	56.958	136.432
261.824	317.528	56.426	135.058
266.992	316.603	54.308	134.640
254.632	316.807	64.288	130.481
244.994	313.424	80.723	131.606
260.150	306.463	64.832	136.252
258.514	303.339	69.255	135.838
256.390	300.422	73.565	136.265
261.859	298.599	67.798	137.754
264.258	295.559	65.160	136.130
264.610	291.972	61.840	134.454
271.081	289.197	55.245	134.467
278.419	289.197	52.982	133.812
286.245	286.837	53.609	132.949
288.832	283.064	55.235	133.327
289.205	277.057	56.654	132.120
288.999	272.718	60.061	131.688
289.673	267.800	63.239	132.230
294.445	264.981	64.663	132.159
309.661	265.519	65.418	127.704
336.751	266.037	62.304	129.424
347.396	266.254	60.761	130.115
351.508	265.675	58.739	130.929
353.801	265.243	55.744	130.946
353.998	261.275	56.412	130.772
353.256	257.475	56.132	129.640
353.174	255.779	57.010	130.118
351.313	255.608	60.896	128.907
352.879	254.615	61.413	127.823
347.479	253.289	67.493	128.943
347.879	253.455	71.550	128.141
360.232	249.645	72.727	130.646
370.517	248.100	73.169	131.036
382.400	248.819	72.195	129.967
394.146	250.372	68.631	129.404
399.213	252.461	67.878	128.598
404.722	252.886	66.468	129.538
411.395	251.107	63.424	131.497
418.588	249.249	58.290	130.535
421.406	247.067	54.746	131.327
423.544	245.052	52.191	131.986
427.047	242.337	54.882	126.357
428.223	241.512	56.786	125.422
426.294	241.199	61.033	125.691
423.790	242.232	64.908	123.913
420.191	242.772	67.078	123.292
404.814	242.574	67.783	125.423
398.232	237.528	66.298	127.413
389.783	232.255	66.328	126.685
382.180	227.076	63.968	125.497
377.518	222.197	58.148	123.720
378.297	214.619	51.068	125.738
380.652	212.861	48.359	123.528
386.253	210.545	48.485	121.385
382.557	210.593	51.010	125.180
371.012	214.988	61.622	123.240
366.384	218.043	71.770	123.224
377.293	218.577	69.446	126.905
390.339	218.112	70.655	129.523
407.100	224.036	72.900	129.222
426.147	230.250	77.790	129.258
454.397	239.772	73.146	128.193
458.613	245.655	69.843	128.856
459.814	247.306	70.846	125.163
462.161	246.715	67.155	124.393
464.784	245.262	60.040	125.149
464.148	243.780	54.819	125.482
459.103	237.648	53.868	125.084
452.334	235.650	51.767	121.085
444.752	237.303	54.493	121.749
438.858	238.138	57.776	124.781
441.598	240.438	56.240	123.821
440.871	241.573	60.351	122.782
441.912	243.431	63.739	124.975
443.806	250.051	63.985	123.316
443.816	255.191	60.608	124.289
444.688	261.907	59.601	123.465
447.932	265.079	55.066	124.996
448.091	266.615	55.302	122.968
446.246	268.037	53.978	122.835
443.052	269.138	52.020	125.001
436.466	275.675	53.895	122.930
428.798	278.732	59.721	118.313
422.342	279.178	65.272	119.319
421.205	277.152	72.310	123.419
420.323	274.096	77.256	128.368
429.794	274.078	73.666	125.188
435.862	276.251	70.952	122.035
445.061	275.268	63.868	121.413
448.998	274.851	60.318	120.591
448.885	275.841	63.806	119.799
455.020	274.902	60.462	120.406
463.249	275.229	55.011	121.207
468.933	273.153	50.088	121.812
471.133	272.647	50.822	120.991
477.656	274.200	50.151	121.658
496.051	282.296	54.212	116.648
506.310	284.272	55.730	117.831
511.252	285.213	57.921	116.711
516.394	284.026	61.118	117.098
521.388	283.188	59.468	117.436
520.680	286.513	57.490	116.593
517.406	290.649	57.718	114.847
512.561	292.349	57.477	117.025
509.901	290.781	55.556	118.808
510.631	288.709	52.727	119.342
510.736	283.122	50.277	121.665
506.990	281.832	50.534	126.469
497.148	281.421	54.325	120.214
485.850	279.779	53.557	118.916
475.923	278.964	55.207	117.859
471.798	282.089	56.216	116.516
473.304	282.412	57.830	114.047
476.023	282.230	62.181	112.905
483.120	283.026	58.970	110.835
482.842	282.371	63.344	113.683
480.045	282.919	62.542	114.133
479.413	283.172	60.460	114.129
479.361	283.358	50.065	113.866
480.154	283.105	50.315	115.145
481.680	281.545	50.165	116.312
483.685	284.049	50.000	118.710
486.153	285.222	49.070	124.342
487.297	287.509	52.121	126.885
487.597	287.336	52.045	118.550
488.599	287.367	54.268	112.436
483.721	287.121	52.512	109.840
486.491	286.278	51.411	110.183
483.246	284.974	52.554	111.006
484.312	284.106	52.627	112.004
485.863	282.555	55.538	112.009
488.257	280.567	52.364	111.899
489.791	276.039	52.976	116.181
492.338	275.441	50.830	116.237
493.159	273.287	49.360	119.225
490.463	271.695	53.834	129.189
481.439	272.915	59.334	126.128
474.111	272.775	63.063	124.109
467.489	272.437	65.830	123.060
463.805	275.803	64.579	120.911
457.923	277.335	66.200	121.998
449.450	276.831	63.324	124.518
440.863	275.046	63.162	127.286
433.618	274.648	62.903	124.560
427.545	273.091	62.663	123.159
335.153	274.999	68.454	118.494
337.154	276.419	60.833	117.010
335.655	277.743	57.776	116.160
335.262	278.342	55.675	117.014
335.355	278.470	51.681	116.550
334.053	280.133	48.090	115.239
333.622	279.790	45.716	118.174
331.200	280.749	47.380	118.222
405.556	278.088	61.980	128.319
405.418	279.549	61.119	125.671
406.967	281.999	59.239	122.090
414.138	279.816	55.041	121.211
336.598	283.256	52.499	114.323
337.316	285.023	54.595	114.126
339.699	286.664	52.804	113.051
343.802	286.470	50.522	113.799
346.251	286.293	47.923	113.117
416.987	282.705	58.140	118.228
410.434	283.227	65.644	126.604
407.021	286.428	61.641	121.966
399.756	287.355	64.717	122.601
398.411	289.205	63.075	119.954
398.554	291.292	64.396	118.599
415.562	290.399	61.835	119.360
341.064	291.564	56.979	115.730
341.096	293.541	61.126	113.083
344.451	293.747	60.315	112.752
348.378	293.570	61.003	112.341
352.379	292.400	54.591	112.228
354.378	294.227	56.784	110.444
358.725	293.881	55.417	109.701
361.714	291.396	53.536	112.601
363.591	290.798	49.054	112.481
363.347	290.483	48.268	111.845
423.144	286.766	55.726	121.586
421.576	288.415	58.172	117.437
422.558	290.762	58.253	115.617
367.767	289.151	54.570	108.593
369.265	289.558	53.612	107.898
373.139	290.862	51.047	106.856
372.714	290.971	50.620	106.043
370.101	290.788	50.041	107.536
367.479	290.126	51.376	108.017
365.311	290.359	52.943	107.944
363.863	290.202	52.071	109.226
365.468	290.014	46.819	109.958
366.858	289.547	45.313	109.729
367.266	290.413	41.316	111.793
370.357	292.291	43.198	108.857
371.684	292.396	46.232	110.086
372.210	294.014	46.274	109.555
370.382	295.538	50.231	109.146
366.048	297.348	51.784	108.864
363.974	297.321	51.862	109.132
362.127	298.796	50.984	108.126
360.732	299.364	49.750	107.925
360.408	300.041	47.701	106.299
360.458	301.794	45.151	104.763
361.898	299.405	47.410	106.435
364.610	299.204	39.197	109.410
367.479	300.378	40.774	108.900
393.909	299.645	50.076	107.876
360.764	301.489	48.519	105.104
356.974	300.970	67.443	105.560
388.846	301.491	57.286	112.204
384.050	304.218	56.400	110.095
352.433	303.796	52.775	105.060
353.998	302.264	43.799	102.316
346.692	304.323	49.539	103.548
350.071	304.431	45.581	101.236
353.806	302.250	44.316	104.295
363.554	299.652	49.083	106.966
436.734	300.566	50.928	110.052
437.550	298.343	48.862	112.463
382.492	298.081	50.533	113.943
367.563	298.681	42.522	110.022
368.579	297.898	40.565	109.352
365.871	301.582	41.694	104.109
361.693	303.499	46.010	101.962
358.224	304.923	47.021	100.509
358.016	299.914	52.269	104.191
424.673	300.820	54.116	110.361
423.649	302.698	50.642	109.467
415.966	298.457	48.980	111.599
368.691	299.648	49.525	107.709
367.625	300.267	51.255	102.171
368.019	299.571	43.155	104.715
362.942	303.189	42.264	101.700
360.505	305.022	42.992	100.538
356.376	306.593	43.243	100.684
354.402	305.812	44.339	101.633
353.891	307.368	44.584	103.915
350.287	307.950	44.636	102.371
345.214	309.591	46.715	101.047
343.614	308.718	45.270	100.392
337.750	307.853	47.947	98.010
337.903	307.516	45.693	97.665
335.242	305.119	45.599	99.096
333.819	304.934	46.005	100.048
333.582	304.504	45.719	102.708
336.497	302.819	43.343	102.467
339.815	303.655	38.436	102.290
341.520	300.942	42.298	106.787
341.773	301.650	38.061	102.810
338.933	300.792	45.805	105.578
339.217	302.057	47.648	101.166
341.449	301.515	53.024	101.493
344.556	301.050	55.325	100.719
346.313	300.348	53.047	101.574
346.615	299.849	43.238	101.908
346.291	298.537	42.998	102.475
346.981	298.643	48.164	101.416
351.326	292.315	45.085	105.138
367.965	294.052	45.462	103.450
375.615	293.571	46.866	102.298
382.112	293.324	47.772	102.494
377.926	292.639	46.952	105.505
349.310	289.198	45.552	103.492
384.967	291.428	49.112	100.111
337.092	284.307	52.960	103.046
337.695	283.566	50.231	101.338
338.321	283.429	49.241	100.867
331.289	284.002	50.220	99.908
327.483	286.967	51.163	100.161
330.539	289.519	47.087	102.341
331.072	292.858	42.913	105.291
329.160	297.322	43.568	104.706
325.268	300.070	42.364	103.258
324.740	304.974	40.659	102.732
320.704	305.812	41.867	100.802
314.862	306.213	45.586	101.739
309.170	308.952	51.119	100.682
305.520	310.886	52.812	99.849
304.780	313.209	47.407	99.191
303.551	315.153	49.129	99.737
308.290	317.027	48.644	99.696
309.312	318.400	46.321	100.376
300.384	323.290	50.700	100.712
299.589	323.936	47.057	101.022
290.680	328.203	48.850	101.670
289.810	329.702	46.224	100.467
287.267	332.331	47.579	99.631
283.887	334.982	45.492	97.569
284.288	335.496	44.500	97.285
279.854	337.203	44.786	98.242
278.845	338.124	46.675	98.202
272.438	339.638	48.495	97.283
272.024	339.821	48.189	98.085
268.807	340.220	47.524	97.580
269.578	339.342	45.298	97.362
274.849	337.351	45.843	97.476
273.930	335.247	40.535	97.580
276.952	335.655	44.316	96.457
289.210	332.640	39.535	96.509
311.461	329.795	42.698	96.488
314.375	329.792	42.735	96.205
315.546	329.215	40.508	97.112
323.791	329.769	43.789	94.370
338.343	327.184	41.819	95.797
327.210	325.280	50.150	96.255
305.267	325.572	51.514	93.199
312.264	322.354	48.186	93.307
323.603	321.316	43.837	91.655
305.822	318.851	44.623	92.968
315.075	317.550	39.097	91.262
313.268	315.412	46.574	92.757
324.843	314.088	41.502	93.797
336.765	312.122	44.065	94.338
339.457	313.067	41.537	94.467
350.946	316.032	36.435	94.764
339.146	318.438	38.699	97.447
385.406	321.161	39.853	93.548
457.472	308.933	43.841	106.727
460.135	308.368	41.794	105.744
457.395	306.290	43.972	107.677
453.969	308.585	47.498	104.458
392.415	314.189	41.188	99.721
338.481	314.604	37.111	97.189
341.015	311.744	39.266	100.374
346.920	308.871	38.047	96.407
351.487	305.737	39.777	94.318
353.228	301.691	39.265	94.187
353.229	298.029	39.947	96.300
404.031	295.384	39.394	96.462
399.707	290.418	41.532	98.416
407.445	287.303	41.371	97.825
408.975	282.208	44.692	98.084
416.922	282.620	42.805	95.971
420.557	281.276	38.301	95.517
425.911	282.313	39.154	93.565
429.000	283.039	40.016	91.806
443.512	279.741	40.558	92.880
464.953	274.759	44.772	95.374
483.585	274.837	40.911	95.059
483.531	275.678	40.853	91.877
498.949	274.279	41.743	94.235
510.978	277.585	40.710	92.472
479.247	278.919	47.560	95.783
485.599	281.361	41.628	97.740
491.032	284.660	43.007	95.020
544.589	285.011	41.419	91.695
548.832	284.980	40.700	95.078
552.806	285.486	41.566	96.548
553.650	286.576	39.813	93.880
553.771	287.157	40.474	93.497
553.334	287.227	39.374	92.663
549.876	287.179	42.942	92.673
542.024	284.939	40.338	94.113
539.782	283.409	39.262	93.731
534.792	284.168	42.510	91.756
532.965	284.120	38.253	91.113
532.936	283.467	40.662	91.213
478.193	285.139	43.808	95.753
525.869	284.373	41.921	95.651
470.863	287.894	43.651	94.560
465.849	289.002	43.506	95.825
512.988	289.266	45.788	95.633
511.212	290.564	43.928	95.562
504.294	292.734	43.976	93.051
439.383	294.557	43.855	94.732
429.555	297.534	40.828	93.088
423.621	299.169	41.978	92.949
418.888	300.710	41.230	92.264
416.551	301.795	41.969	93.675
414.877	301.893	42.369	93.012
412.068	302.192	43.020	92.936
407.698	300.127	41.933	92.421
406.459	296.174	43.886	94.560
403.077	290.304	44.759	96.047
404.781	286.023	41.091	95.394
450.931	278.193	42.186	99.008
450.398	276.779	42.047	96.155
402.605	275.767	42.531	93.970
449.074	271.035	39.044	96.836
451.282	270.410	37.211	95.622
503.470	268.745	41.120	97.040
502.431	268.522	35.933	95.576
501.097	265.663	36.607	97.669
500.529	265.213	38.709	98.190
499.757	265.669	36.491	96.518
500.125	265.336	37.402	98.092
498.611	266.683	36.277	96.977
497.924	267.894	36.899	97.045
498.227	268.047	37.244	97.558
497.391	267.769	45.365	100.550
505.459	262.294	43.201	105.160
499.668	260.945	44.233	107.530
496.496	263.152	42.689	107.112
497.548	266.017	43.182	106.271
499.506	267.984	44.086	107.232
498.160	268.713	43.198	109.173
498.036	269.555	43.347	108.063
492.910	270.518	44.097	108.386
489.325	272.138	44.302	107.069
413.324	279.815	50.940	97.685
413.591	282.511	40.947	95.096
410.947	283.393	42.674	94.120
408.588	285.762	39.328	95.223
404.456	287.565	40.792	93.054
401.526	287.909	41.431	92.680
403.489	287.227	40.418	93.651
