268.000	121.000	20.000	50.000
266.196	122.772	22.744	47.773
266.810	122.306	22.640	48.177
267.654	122.825	22.214	48.230
267.167	123.033	23.118	47.721
267.913	123.408	21.976	47.456
268.308	122.495	22.010	49.298
269.365	122.980	21.462	49.431
269.731	121.740	20.605	50.435
269.757	121.522	21.365	50.831
269.069	121.984	21.646	50.193
269.190	122.845	22.255	49.494
269.161	122.534	23.066	50.209
269.245	122.051	22.628	51.034
270.029	121.893	23.517	51.450
270.878	122.721	21.902	51.544
271.394	122.840	21.581	51.811
272.029	121.613	21.464	53.276
271.712	122.596	21.866	51.416
271.547	124.771	21.374	50.454
271.563	125.121	21.900	49.850
270.501	125.511	23.455	49.368
271.521	123.948	22.228	51.790
271.806	124.430	22.184	51.922
272.826	125.265	21.537	51.549
273.446	126.926	20.063	49.976
273.856	126.003	20.421	50.834
273.181	125.808	21.732	51.549
272.712	127.361	23.281	49.724
272.397	127.392	24.292	50.323
273.074	125.322	24.078	51.323
275.487	126.581	21.947	52.327
275.535	125.766	22.430	53.361
275.219	126.944	23.197	52.272
275.959	128.022	21.981	52.437
276.974	127.266	22.317	54.200
275.934	128.337	24.222	51.804
275.600	128.954	24.706	50.378
275.902	129.062	24.805	51.213
276.986	128.888	23.729	52.022
277.046	128.026	23.967	53.990
277.433	127.675	23.650	55.839
278.874	128.682	22.299	55.129
278.979	129.313	23.342	53.673
279.325	128.388	22.861	54.760
278.633	129.607	23.662	53.971
278.011	128.498	24.588	54.930
277.627	129.869	24.533	54.234
277.625	128.456	25.014	54.729
277.989	129.399	24.515	55.506
279.224	127.614	23.128	58.056
279.285	130.740	23.370	55.393
279.459	130.849	23.318	55.328
279.846	131.100	22.324	55.166
279.605	131.295	22.384	55.359
278.939	130.623	22.640	55.628
278.743	132.416	23.136	55.248
277.574	131.407	23.905	56.045
276.652	132.762	25.099	54.909
277.717	133.161	24.217	56.242
278.175	131.809	23.879	57.051
277.809	131.488	23.427	57.123
277.651	132.900	22.711	57.031
277.631	134.534	22.131	55.457
277.263	133.817	21.999	55.958
275.671	133.290	23.564	56.286
274.995	132.953	24.254	56.449
274.869	134.795	23.923	56.190
275.400	135.338	23.603	56.411
275.019	136.567	23.741	54.877
274.177	135.613	22.737	56.572
273.915	136.153	23.073	56.416
272.904	135.318	23.346	57.751
272.051	134.974	23.673	57.247
272.078	136.241	24.470	56.369
272.460	136.620	24.651	57.607
271.867	137.651	24.160	57.229
272.803	138.319	24.320	55.778
270.895	138.186	24.988	56.200
269.506	140.086	25.576	55.063
269.938	140.233	24.404	56.458
269.197	141.152	24.755	54.914
270.002	139.854	24.022	56.471
270.167	139.772	24.825	56.571
271.323	141.751	23.595	56.703
270.900	141.528	23.336	57.770
269.928	142.222	23.995	55.418
269.652	142.124	23.660	57.123
268.646	142.520	24.351	57.387
268.351	143.921	24.238	57.218
267.556	140.808	24.296	59.494
267.295	141.047	24.442	59.541
267.380	141.357	24.775	60.308
267.207	141.610	24.870	61.428
266.800	141.311	24.552	60.915
265.854	144.127	24.668	58.650
265.334	142.511	23.645	62.288
264.247	142.389	24.488	61.988
262.662	142.905	24.904	62.132
260.121	143.333	25.871	62.016
258.324	143.227	26.682	62.199
256.417	144.938	26.131	61.219
254.000	145.224	26.147	63.397
251.124	145.638	26.341	62.475
247.917	146.226	25.886	61.754
241.332	147.779	30.481	60.530
236.049	149.706	34.427	58.598
232.769	149.261	34.962	59.065
229.230	147.654	31.071	60.674
226.056	148.379	29.507	60.544
222.813	149.061	28.834	60.169
219.588	150.889	29.022	58.499
215.598	149.863	28.674	59.798
212.802	149.505	26.436	60.701
205.267	151.163	30.324	59.148
198.380	152.462	34.651	58.738
193.911	151.248	34.776	60.301
191.857	151.664	24.900	62.534
186.041	151.218	23.182	59.820
175.286	150.091	30.604	61.855
171.348	155.447	30.502	55.525
168.975	150.459	25.054	60.319
161.421	147.661	26.889	63.983
159.510	151.821	28.968	59.537
150.763	155.015	34.828	56.982
145.044	151.604	27.707	60.735
140.502	152.019	25.440	60.090
131.678	151.477	30.721	59.162
165.206	150.030	35.074	60.635
190.972	144.716	34.768	61.769
210.399	137.872	27.799	56.977
215.203	131.045	36.617	72.080
262.607	120.345	34.269	80.639
280.709	144.555	34.061	62.592
281.017	144.798	26.968	57.392
280.076	151.170	23.320	50.364
268.011	156.257	30.271	47.396
261.100	152.923	31.952	49.639
258.744	144.423	32.248	56.600
253.200	150.851	30.135	52.091
250.203	144.835	23.018	58.328
241.721	145.722	27.783	53.652
232.211	145.641	34.014	54.609
228.425	143.447	33.806	54.835
224.044	142.618	28.606	54.343
227.936	136.873	33.757	58.343
260.048	135.619	33.085	59.860
285.163	135.622	33.817	63.722
316.648	137.185	37.994	61.501
344.995	139.656	35.066	60.149
355.283	133.887	26.985	61.792
352.220	134.274	29.174	63.104
345.933	136.689	34.013	61.416
340.455	136.920	34.755	60.325
333.352	123.607	29.283	63.543
322.958	132.784	30.447	56.643
319.732	124.449	24.127	63.289
314.466	136.439	29.500	54.047
309.687	133.824	28.468	57.353
305.601	132.390	25.227	54.929
300.246	134.532	27.332	54.293
285.685	160.714	25.400	61.178
282.782	140.786	29.719	57.317
280.675	129.203	29.897	67.578
265.657	157.086	37.433	57.470
264.045	170.506	38.307	69.911
249.394	160.872	45.400	82.155
258.981	154.070	45.214	74.637
357.373	125.704	38.611	75.911
362.052	141.646	42.643	58.512
362.438	138.898	38.381	64.067
362.268	141.567	37.360	60.068
362.233	145.956	38.899	65.731
357.789	144.891	39.820	62.520
357.497	141.587	36.165	60.399
355.322	143.673	34.918	59.323
351.159	140.981	38.335	59.391
360.318	138.681	36.536	73.631
339.737	122.515	47.679	92.874
311.034	134.726	57.645	84.697
275.799	127.111	47.196	79.890
304.731	120.740	43.572	78.979
331.226	110.368	38.395	83.703
340.596	112.237	34.112	71.194
338.886	114.389	34.610	59.055
332.008	115.209	32.559	58.069
327.072	122.990	30.564	52.398
322.316	117.971	29.382	56.312
318.718	114.618	28.321	54.696
313.862	110.999	30.089	54.179
312.490	112.902	30.124	53.066
305.316	121.828	29.407	43.992
299.585	120.850	27.304	44.589
296.991	124.277	23.311	44.016
291.938	121.415	24.590	44.469
290.664	123.679	26.291	51.203
274.973	113.908	33.372	52.138
263.929	108.335	41.664	71.027
262.588	115.616	33.283	61.378
260.205	115.786	28.208	48.436
252.497	106.172	26.923	56.284
258.550	101.068	24.544	62.403
242.816	94.820	24.688	54.819
234.208	102.872	25.686	55.200
228.201	101.345	26.205	52.667
225.332	94.008	25.930	51.982
224.311	94.362	37.288	64.651
207.317	104.498	49.707	79.883
159.669	120.565	102.683	150.784
199.340	170.674	94.578	136.527
230.538	187.237	75.841	142.417
200.097	210.364	91.473	131.771
189.953	194.061	96.912	140.726
203.804	157.649	105.580	151.349
176.213	193.234	111.445	122.683
170.139	234.352	72.706	112.395
147.708	213.572	71.850	110.674
153.234	218.172	78.043	104.053
141.947	206.347	78.156	98.317
161.395	220.774	72.074	112.870
168.675	207.821	77.192	105.536
200.655	161.190	66.160	133.427
184.634	128.731	81.091	126.840
206.625	93.341	55.996	105.635
216.910	79.404	37.116	70.970
214.508	98.157	28.709	63.815
211.556	96.580	27.518	50.145
203.423	98.143	29.442	44.359
201.694	93.631	27.361	48.685
198.738	98.609	24.509	46.833
198.394	94.867	37.045	73.158
197.965	118.531	53.590	84.919
178.335	128.083	61.299	113.784
156.054	163.783	74.450	125.613
134.954	205.988	63.354	114.793
112.301	220.426	64.382	116.495
137.993	223.258	57.747	109.108
117.090	231.856	61.385	112.433
112.269	232.131	56.974	103.613
117.180	235.686	52.884	82.537
110.659	243.732	46.266	75.668
99.232	230.594	49.126	90.683
89.819	225.589	58.005	97.685
97.947	227.801	60.261	112.971
85.100	226.333	64.307	111.950
94.561	210.495	70.261	134.007
118.427	205.976	71.158	136.213
134.215	187.626	74.866	132.617
130.920	209.872	70.220	126.786
116.399	208.786	72.624	124.932
101.515	195.069	73.136	125.953
130.692	186.000	69.803	120.625
198.159	131.771	51.719	98.910
200.133	131.986	44.050	75.692
205.501	124.537	37.899	79.246
202.853	113.581	37.190	86.157
185.727	152.461	47.444	82.738
168.506	145.018	59.213	108.943
152.640	181.710	66.224	116.581
157.075	189.234	80.865	149.611
192.442	217.704	84.317	116.932
136.857	261.423	60.320	119.687
158.767	225.061	71.619	120.385
187.964	173.875	63.677	128.785
209.138	181.437	66.326	118.113
190.977	181.152	77.874	128.103
175.636	187.055	85.064	142.851
204.779	185.274	61.044	136.668
181.815	196.562	80.356	132.069
200.833	200.997	58.085	114.951
175.320	197.946	68.237	120.490
152.196	236.831	60.410	111.430
151.481	214.956	60.056	100.289
198.874	219.951	56.870	95.521
211.718	204.171	60.865	105.887
218.803	171.159	72.032	117.533
215.423	101.996	49.270	100.150
222.908	85.942	37.318	70.644
230.890	88.378	25.990	57.364
226.689	88.108	27.544	55.030
222.733	88.307	31.274	55.485
219.507	88.120	29.808	57.087
241.612	85.065	29.239	59.318
269.790	84.699	29.228	56.323
287.751	76.376	33.789	76.280
330.539	69.636	31.581	71.474
340.218	103.676	36.440	72.825
344.683	132.641	31.582	77.036
348.076	117.159	40.639	80.715
342.737	123.861	35.315	77.569
337.879	124.203	37.658	88.353
323.117	122.456	49.573	104.543
336.167	118.093	48.045	101.152
332.113	106.986	43.664	103.962
335.744	128.328	47.194	93.150
279.201	80.227	36.396	74.645
277.352	62.985	25.628	67.637
277.311	60.535	34.586	82.088
260.983	70.565	40.495	80.701
266.410	82.764	49.574	102.837
243.134	121.151	56.762	104.562
227.065	157.731	64.385	98.672
216.582	145.411	63.604	114.178
228.119	158.404	72.641	135.819
209.328	216.594	89.997	125.213
201.295	225.016	85.480	121.776
220.116	210.545	83.240	126.737
222.310	211.773	72.322	110.071
210.915	187.061	74.047	115.668
192.514	160.936	63.203	95.360
208.974	164.355	61.903	98.500
216.597	156.654	63.630	101.185
222.298	158.823	66.819	112.031
213.909	187.185	71.848	102.251
222.517	193.611	72.727	116.224
236.331	206.106	71.295	116.909
231.676	220.514	70.039	112.281
239.100	191.144	71.749	112.959
249.564	185.124	75.318	127.285
238.550	215.632	76.792	127.131
250.710	195.241	78.706	130.731
242.193	182.375	79.219	131.307
252.779	134.032	76.506	153.154
239.884	206.871	86.787	118.790
242.346	219.187	71.735	129.144
254.474	181.772	80.421	125.748
246.823	203.369	79.609	132.185
241.644	206.719	78.379	126.175
222.261	171.504	79.170	136.481
232.604	192.229	88.030	139.365
224.111	205.239	87.740	128.331
252.742	205.635	73.577	134.016
232.945	174.069	78.776	131.388
227.922	213.501	78.417	125.715
224.399	245.721	71.010	118.890
235.770	213.962	84.737	143.777
277.168	235.387	74.100	115.805
287.339	196.360	86.633	129.034
265.157	199.639	94.046	137.393
242.758	226.488	69.385	134.398
228.888	191.876	78.639	121.606
214.800	178.038	77.748	119.157
202.703	195.289	81.537	122.233
186.339	176.182	86.762	114.626
258.752	217.876	52.741	88.889
221.781	210.269	53.816	64.053
216.028	218.909	46.762	62.577
211.063	217.283	43.608	65.059
199.155	194.306	49.374	81.942
188.843	201.776	55.542	77.992
176.679	189.107	60.840	90.411
170.975	194.161	63.864	96.526
170.010	201.086	60.202	90.306
162.867	195.826	61.760	92.649
174.819	186.532	62.119	93.855
165.703	199.356	65.254	96.222
181.546	186.190	66.319	96.507
171.578	200.944	67.895	96.010
165.473	194.730	66.536	89.973
164.891	198.154	62.147	92.360
177.808	198.681	63.951	92.436
171.898	197.850	63.340	94.618
177.464	161.880	73.958	112.698
185.802	179.111	82.064	123.442
174.212	181.203	86.465	138.755
157.385	156.085	89.513	126.542
189.335	185.031	80.601	115.260
168.736	180.417	76.926	130.308
178.970	192.327	86.475	114.828
164.450	182.131	84.567	124.329
152.371	164.001	75.036	109.850
162.087	168.035	80.421	115.640
172.632	185.216	83.209	115.757
162.412	178.223	78.753	104.547
146.808	211.673	80.246	112.151
165.186	202.385	75.651	111.665
147.949	217.901	76.108	114.821
160.651	219.068	88.404	104.036
143.200	239.899	81.374	115.741
153.724	169.399	94.031	129.254
169.767	168.660	94.222	166.966
158.736	178.848	100.060	149.781
179.353	166.210	104.777	142.381
200.860	166.704	97.782	121.418
212.837	167.030	97.629	130.037
236.463	167.549	93.492	130.493
214.738	145.836	97.091	139.876
229.834	145.325	101.441	140.141
210.357	151.991	97.494	135.829
222.727	143.620	100.829	132.950
257.367	143.295	85.853	134.045
247.927	147.298	87.184	135.639
266.324	170.621	91.154	126.216
296.282	195.240	84.527	120.490
312.016	157.623	89.041	106.901
337.763	171.524	83.940	129.003
366.515	159.304	81.502	112.443
388.677	154.066	77.911	102.778
402.018	165.214	71.690	126.211
415.228	185.035	76.015	113.675
438.153	175.805	74.121	119.904
462.580	159.047	68.765	120.945
476.272	161.261	61.482	121.120
474.978	139.094	62.809	122.654
484.856	101.355	53.236	124.977
495.247	87.214	45.645	86.723
490.233	97.138	30.221	69.054
487.169	123.290	33.232	64.580
480.497	93.747	28.299	69.223
475.449	100.501	25.704	59.326
472.603	101.297	24.093	47.554
471.947	103.126	22.788	44.725
468.112	102.559	25.472	44.160
463.945	104.018	22.189	52.675
459.651	103.121	23.088	52.687
456.793	105.827	22.958	45.962
451.582	105.743	23.933	55.009
446.728	103.540	23.310	56.959
441.426	105.635	29.140	57.186
439.126	107.737	30.826	56.062
433.605	107.564	29.476	56.739
431.970	111.733	23.736	53.988
428.549	105.923	24.781	57.900
423.319	114.830	27.033	58.960
417.452	106.464	24.135	56.502
413.887	108.435	23.801	52.595
410.194	110.008	23.994	48.116
406.682	111.040	27.187	55.203
401.772	108.753	25.449	59.367
399.194	106.728	24.126	60.438
396.705	108.581	23.800	57.817
393.302	106.349	24.634	55.792
385.728	121.590	28.231	52.347
383.650	117.961	28.954	60.725
375.543	112.773	27.105	59.494
371.307	112.405	27.546	55.747
372.958	126.487	26.063	73.935
371.391	135.234	28.008	73.469
365.814	117.804	28.965	62.240
367.660	119.621	23.559	54.524
360.624	130.832	24.307	52.111
358.228	127.913	26.898	60.753
352.368	116.937	25.833	74.772
347.490	98.811	26.022	62.474
343.420	109.564	26.318	63.600
338.229	119.781	27.455	55.075
335.681	121.410	27.760	56.186
333.232	124.731	28.829	52.769
331.470	124.454	26.768	51.627
325.701	118.632	29.480	56.110
322.836	118.619	31.440	55.940
321.400	119.918	29.175	55.074
316.540	115.741	28.215	57.220
313.999	110.399	27.035	67.158
312.959	105.124	27.065	63.981
314.048	106.328	47.022	71.071
305.462	103.202	50.587	89.633
311.769	119.959	59.372	84.921
366.264	112.741	44.444	72.821
373.238	101.499	37.799	69.673
385.063	95.352	44.153	85.242
361.601	109.369	68.256	96.394
333.189	131.681	74.547	108.636
317.707	133.346	63.054	102.801
300.917	140.039	63.444	114.322
283.597	148.644	72.689	115.838
259.811	145.292	73.311	118.550
280.459	135.377	73.710	112.870
289.718	136.643	60.988	98.580
312.496	139.873	51.113	82.543
306.325	131.644	52.295	88.291
307.829	133.630	47.421	82.110
302.179	127.581	48.240	87.640
294.145	125.186	54.248	90.767
301.165	152.954	60.327	88.589
284.570	147.058	64.239	109.329
303.777	146.096	62.437	92.365
289.489	149.976	60.512	98.028
272.675	172.126	72.335	115.325
283.217	146.481	72.076	115.145
296.461	145.366	65.164	105.919
315.600	146.506	61.607	94.731
302.081	151.112	59.835	101.841
281.146	156.880	66.347	107.470
260.960	137.898	77.087	106.992
237.815	134.089	76.333	109.777
190.648	134.903	55.491	95.338
181.112	130.356	52.247	95.878
169.226	139.000	55.621	95.030
182.645	138.441	49.447	82.589
189.309	136.839	38.381	81.499
193.180	126.848	36.254	66.053
193.523	124.599	33.944	68.404
185.025	135.773	41.441	68.947
183.909	139.264	39.527	69.840
182.530	139.124	35.746	70.965
190.526	134.473	34.372	86.669
191.785	139.175	39.653	86.518
199.545	145.959	53.787	94.951
238.860	139.992	51.563	100.648
280.377	137.221	47.359	108.721
309.368	132.224	48.068	85.373
274.036	97.694	43.020	85.005
317.806	135.971	43.078	75.467
325.968	122.607	43.062	87.637
312.265	112.093	52.097	85.499
258.270	103.503	46.017	82.194
250.925	100.706	38.015	67.757
255.050	105.066	47.483	97.651
262.259	130.408	63.554	95.634
205.672	162.464	45.073	95.495
212.010	135.357	58.796	96.869
230.288	118.416	59.959	87.308
249.129	98.709	61.436	104.675
308.797	130.942	51.316	85.502
321.815	125.576	48.826	83.308
317.152	136.057	46.829	84.654
322.833	129.864	45.233	81.676
314.922	133.404	49.720	81.199
319.793	140.404	44.312	91.281
321.073	133.477	46.981	75.564
321.376	123.236	42.769	74.948
317.364	131.686	44.152	73.167
322.033	140.499	43.493	90.142
323.605	133.230	47.250	89.011
328.395	118.848	43.419	83.915
343.034	128.167	41.431	78.400
351.865	131.688	52.726	88.261
370.389	144.535	50.592	98.939
407.176	143.191	52.771	104.226
427.075	146.151	53.911	94.869
431.905	126.446	64.846	109.135
443.557	124.049	52.259	86.430
450.791	126.737	39.930	75.910
458.822	132.338	32.914	71.981
453.539	134.097	37.579	68.577
459.518	132.648	32.673	65.987
449.054	135.083	37.669	73.234
456.113	131.507	34.095	73.861
446.721	128.590	41.627	80.242
451.140	131.613	44.555	82.200
444.407	130.858	41.299	80.763
445.950	130.373	44.919	76.693
453.927	133.966	39.406	68.874
445.247	136.696	41.513	78.839
450.657	131.718	41.991	77.191
457.012	131.548	34.982	77.211
450.493	128.348	43.022	73.751
443.829	129.454	45.520	79.871
451.325	133.976	37.663	72.670
459.065	128.117	34.688	71.924
446.598	128.797	45.422	77.617
442.909	138.315	44.499	73.289
447.240	134.727	41.076	73.794
456.099	132.263	34.233	70.296
446.864	126.812	39.614	73.921
444.757	136.452	40.522	77.848
453.166	134.862	37.654	68.202
448.733	135.096	39.578	79.763
453.140	133.768	38.253	75.070
445.280	129.747	45.073	85.019
447.947	132.372	44.384	75.263
441.930	130.616	43.576	79.049
450.031	135.572	51.361	82.093
441.290	121.136	44.877	77.503
452.771	113.623	40.734	77.268
446.965	129.069	45.838	81.873
454.895	129.237	38.916	71.490
456.956	134.785	38.183	84.123
464.436	135.958	47.434	82.698
478.110	130.306	50.671	98.429
488.993	145.345	52.100	96.281
469.029	109.861	61.553	103.385
476.611	109.806	72.604	129.849
455.115	113.357	84.633	131.136
498.031	134.821	60.320	110.541
491.886	155.559	45.249	97.729
490.317	149.315	44.240	99.273
489.567	145.111	44.385	99.584
497.398	155.251	35.865	93.560
478.212	146.984	55.528	96.005
474.715	142.861	55.541	104.015
457.223	150.079	63.070	92.368
467.057	115.226	68.405	106.216
450.550	147.121	70.303	102.968
357.476	91.056	118.707	145.879
324.266	105.770	92.078	126.700
298.173	93.600	77.134	106.748
191.956	115.205	91.037	192.708
186.153	102.237	58.887	127.880
196.420	84.420	41.963	79.512
186.115	108.972	34.038	56.480
177.793	119.175	33.226	43.625
175.692	120.570	30.939	42.325
172.824	119.742	27.401	48.243
169.991	117.979	24.367	47.768
167.341	118.983	22.619	46.004
161.506	120.875	23.556	42.244
159.032	119.257	23.142	42.725
149.950	112.809	25.476	51.481
146.505	89.670	25.191	61.591
142.990	117.470	24.312	54.401
134.319	111.492	25.502	63.121
131.161	122.689	25.530	50.728
125.464	120.810	29.017	51.250
121.299	118.144	27.060	53.198
118.273	121.929	27.696	50.850
117.304	122.722	24.120	49.839
132.506	121.638	26.748	48.218
166.311	120.053	24.949	49.099
192.201	119.806	28.040	50.366
220.367	121.677	24.524	54.109
214.926	121.147	24.294	52.517
210.110	119.596	24.944	55.125
207.327	121.697	22.631	53.766
204.041	122.391	23.437	51.584
199.011	122.942	23.675	52.108
195.068	122.376	23.178	53.152
191.626	116.279	24.274	49.057
186.419	119.907	22.784	53.312
183.387	120.692	20.844	50.355
178.450	123.118	23.964	52.792
173.810	123.193	23.526	51.806
169.223	123.069	23.361	49.857
164.928	123.593	22.951	47.712
161.400	123.603	21.793	49.669
156.148	124.823	22.578	48.977
151.252	124.811	22.667	46.790
146.991	125.200	23.387	46.101
142.385	125.631	23.158	45.327
133.350	124.568	25.830	49.670
123.517	123.745	36.342	67.755
115.251	151.004	40.654	77.657
124.928	172.489	49.625	88.384
128.346	180.440	64.503	103.806
147.111	175.232	74.377	121.809
172.041	187.359	70.379	114.713
189.360	195.612	61.601	102.682
198.570	172.423	67.007	109.504
212.884	177.261	55.021	116.108
196.064	184.859	65.230	107.139
188.043	198.202	58.155	96.100
202.987	200.200	51.762	93.874
204.439	167.256	58.623	105.788
191.959	159.768	68.305	126.477
209.080	141.578	71.228	133.031
210.662	148.378	64.066	126.714
205.916	124.131	55.460	117.772
212.733	114.047	43.797	106.534
213.756	115.263	35.590	92.455
197.029	153.042	54.721	97.938
207.181	179.760	57.135	99.074
194.748	179.348	66.214	107.009
186.488	183.852	63.197	103.464
208.034	187.405	58.404	107.637
217.464	188.460	56.590	99.049
198.834	159.921	70.242	119.658
212.955	164.469	72.761	134.110
196.865	172.433	91.779	140.030
156.899	182.380	105.611	138.474
180.734	167.910	102.785	149.345
194.702	188.241	114.836	129.343
183.767	194.873	101.490	119.929
232.627	190.521	72.074	119.516
245.593	210.631	91.814	107.976
286.247	198.650	79.002	109.830
299.119	195.892	53.604	116.014
303.846	189.803	48.415	109.218
300.035	191.905	52.243	103.584
297.844	188.475	52.753	105.125
307.743	196.994	58.010	104.941
298.011	185.833	58.328	106.699
301.665	193.786	54.495	107.339
294.119	199.430	61.940	95.087
305.605	190.274	65.493	94.573
304.337	188.079	60.151	103.749
313.196	183.590	74.116	104.368
293.847	190.738	68.238	97.120
290.512	183.325	65.812	108.166
305.802	199.058	59.109	101.146
296.856	189.853	59.765	99.685
305.401	203.061	70.455	97.701
298.567	199.643	63.649	102.168
291.372	186.317	57.221	109.330
299.149	197.953	62.137	95.400
289.241	193.559	58.505	95.028
292.960	192.591	54.145	97.481
295.284	184.183	56.675	98.146
304.337	194.335	63.596	102.333
291.180	189.985	67.760	97.134
290.499	183.846	60.898	102.320
305.550	198.625	61.153	99.671
299.357	187.837	63.027	91.065
284.200	187.263	66.421	96.405
286.560	188.269	66.726	96.049
295.219	188.786	60.381	95.648
303.428	198.970	76.596	99.821
298.703	193.589	71.820	99.111
293.098	189.025	56.375	102.509
302.642	187.739	60.150	106.564
288.869	186.602	54.398	98.864
294.257	186.025	64.642	95.657
285.481	187.995	54.602	98.872
287.340	190.001	50.556	99.959
287.430	216.108	60.486	88.575
298.844	190.531	47.059	98.566
280.640	195.688	65.194	99.131
289.242	181.664	52.725	97.041
300.162	182.751	58.701	87.269
290.158	188.428	55.934	100.551
294.390	188.181	51.639	102.872
292.037	192.307	61.269	95.867
294.942	194.129	59.634	99.851
295.364	195.724	62.893	100.965
283.312	188.784	62.262	103.028
288.947	187.397	55.695	96.376
286.966	185.243	55.003	84.691
311.270	183.110	53.662	82.280
303.839	214.791	54.479	88.763
307.458	206.862	53.138	92.131
294.426	190.108	51.273	97.870
279.499	195.191	64.744	99.214
302.722	186.553	58.829	93.574
288.633	186.567	53.159	88.279
286.433	187.776	53.211	86.670
285.406	183.513	51.595	87.297
293.599	183.167	49.704	93.987
276.251	190.684	70.419	101.699
270.563	179.286	71.458	111.041
289.917	156.741	76.727	126.301
314.197	177.598	83.802	123.925
339.700	173.942	81.728	122.452
362.590	167.502	87.323	124.616
403.453	175.409	78.621	124.028
474.666	166.364	58.418	118.629
500.559	173.816	57.745	111.676
496.279	191.221	59.450	105.030
490.896	187.048	59.310	107.347
480.994	213.799	51.995	91.446
489.611	185.297	47.777	100.731
499.668	184.644	56.659	102.453
505.794	185.814	52.438	100.231
501.936	210.573	49.442	86.739
500.528	216.459	47.551	87.531
507.716	209.031	55.994	87.315
499.045	203.592	47.354	96.695
500.050	210.402	40.925	87.874
492.251	223.232	43.521	86.033
489.017	235.380	49.801	84.861
512.210	218.144	50.220	79.384
507.341	205.865	47.965	89.797
504.528	202.490	49.374	99.094
511.849	191.869	47.811	105.746
501.983	190.726	50.891	105.751
492.803	180.046	51.701	99.245
488.442	220.475	46.490	81.154
499.037	204.201	45.159	88.994
495.919	219.614	45.605	82.225
493.253	229.561	42.881	86.439
502.541	226.285	45.550	79.291
500.350	205.374	45.661	107.773
489.552	204.465	55.897	92.510
516.732	212.649	47.634	80.203
504.219	212.674	40.477	85.413
490.012	234.451	39.570	81.211
502.284	215.919	48.478	84.970
494.775	229.531	48.999	79.303
476.903	220.885	63.988	85.191
471.464	217.301	61.458	100.263
468.369	199.650	65.258	103.352
458.624	202.087	74.176	105.377
484.718	179.892	70.821	106.417
473.549	200.911	66.912	97.297
454.515	186.680	77.571	119.622
442.635	184.574	88.627	111.933
427.899	177.730	87.849	112.741
382.334	161.426	74.338	96.101
391.224	171.166	71.046	111.297
364.810	150.245	71.580	105.593
345.461	176.982	65.354	102.166
368.932	176.262	69.064	103.617
373.273	171.720	78.896	116.719
181.743	108.569	108.238	187.799
213.801	84.168	58.132	154.296
161.835	105.758	121.226	240.045
166.834	104.068	106.958	189.114
204.590	108.779	76.819	185.987
183.225	131.981	94.896	160.861
152.559	164.439	96.807	130.422
208.973	88.333	56.250	121.497
169.279	125.132	107.774	179.954
210.835	86.049	63.721	172.422
202.886	114.199	68.682	158.732
215.423	84.601	45.002	104.030
218.352	80.890	32.617	64.277
221.990	81.555	26.110	55.369
222.536	82.308	26.219	55.510
222.513	80.917	24.906	57.679
220.468	81.899	26.838	54.641
219.093	81.184	27.007	56.530
218.892	81.275	27.589	56.369
218.293	82.442	28.165	54.650
218.206	82.421	27.493	53.877
219.112	81.780	26.326	52.648
219.555	82.125	25.861	53.198
220.334	81.774	25.604	53.821
219.721	80.707	25.983	55.618
219.278	82.492	26.260	52.521
219.748	80.652	25.074	53.403
