102.000	155.000	194.000	398.000
96.130	160.672	200.982	384.834
108.778	165.485	195.988	381.101
117.679	169.185	196.656	371.444
126.572	167.030	198.751	366.496
138.052	167.502	198.640	352.554
149.144	168.521	199.624	352.166
163.212	167.921	205.908	346.210
197.770	163.488	192.205	350.773
216.887	161.312	185.499	359.722
229.708	157.698	183.855	356.031
243.289	153.248	179.078	354.563
256.167	149.276	176.296	355.673
267.153	154.006	176.046	348.133
280.932	152.113	170.228	324.426
276.889	152.676	180.807	332.251
272.761	150.878	174.902	320.484
271.699	146.530	162.562	327.252
271.036	143.368	164.735	354.068
277.152	143.085	163.503	351.733
294.080	147.997	160.563	352.191
307.871	148.770	160.895	356.675
317.932	148.602	164.435	358.353
320.993	151.270	168.235	360.858
330.990	150.009	169.111	353.425
335.910	144.875	162.491	352.404
342.633	137.341	155.540	355.569
348.966	127.696	153.791	357.493
354.954	121.378	152.436	359.258
358.911	118.645	152.645	348.668
362.955	114.357	160.078	344.406
366.329	115.908	161.202	336.705
371.015	110.899	163.663	339.812
376.364	104.297	160.143	339.847
378.879	101.461	159.769	338.809
376.076	93.575	164.100	343.639
377.617	83.897	166.085	345.256
376.419	77.006	164.085	346.395
379.572	69.898	158.534	344.988
374.542	73.745	163.835	337.674
375.810	71.985	159.185	340.055
375.830	70.144	156.556	337.365
376.085	66.303	150.699	334.786
376.908	63.659	144.785	328.077
369.931	63.306	141.161	322.949
355.388	59.822	135.399	319.500
350.605	57.686	132.919	319.691
350.834	56.622	134.665	325.237
359.189	60.871	135.257	327.254
382.035	69.384	129.872	324.972
416.271	84.055	133.000	325.609
434.439	97.716	133.085	326.454
437.365	105.719	134.922	324.786
439.981	107.689	138.866	325.364
440.700	101.672	140.603	324.310
447.442	83.513	139.581	319.931
453.181	72.795	142.009	313.306
457.059	58.801	144.807	313.056
458.658	53.299	146.890	307.274
465.306	51.596	148.942	302.694
484.296	51.625	141.614	302.258
495.696	51.069	136.600	298.558
499.495	48.082	136.825	302.956
503.835	43.505	129.755	307.539
493.102	44.539	137.176	304.989
493.126	43.781	134.380	301.488
499.375	45.693	127.753	299.171
496.316	45.909	125.324	295.288
483.714	44.194	130.991	289.848
473.071	38.727	133.536	283.293
465.313	27.975	127.734	281.998
462.466	20.613	126.118	283.136
461.451	12.571	128.302	285.083
464.114	10.379	129.241	282.592
468.930	9.300	125.560	281.480
476.448	6.733	123.590	289.689
473.677	0.612	126.147	297.162
468.353	0.000	129.724	305.234
465.682	0.581	131.900	303.476
462.503	0.537	135.375	297.486
462.063	0.000	135.317	280.861
464.479	0.927	130.798	271.321
465.826	1.696	129.573	257.170
469.016	1.221	126.304	247.506
469.361	0.000	130.886	235.638
464.274	0.000	133.791	225.856
462.799	0.000	129.608	225.719
462.520	0.000	127.057	218.111
454.489	0.000	126.104	208.876
452.276	0.000	116.301	202.068
448.953	0.000	119.729	208.077
449.674	0.000	116.608	213.115
452.260	0.000	105.812	217.691
452.574	0.000	100.058	213.436
448.041	0.000	97.102	243.388
427.712	24.986	104.775	230.752
421.385	39.610	102.663	237.174
398.169	48.006	112.598	251.565
185.003	88.600	138.119	251.862
373.564	67.897	109.873	237.332
356.870	83.037	114.206	239.960
353.247	89.423	114.409	237.897
350.710	96.019	112.563	235.558
341.975	116.446	113.593	226.210
337.223	114.171	110.074	207.847
313.869	136.927	118.897	188.752
306.608	132.745	112.604	216.326
299.306	139.948	109.837	202.460
286.390	139.615	115.385	201.417
280.297	141.935	113.144	199.822
280.235	142.634	108.549	191.347
287.001	146.793	108.157	186.935
296.640	143.916	104.838	184.073
306.972	135.025	99.912	181.779
305.448	146.712	100.569	177.885
322.375	129.607	91.938	167.034
319.282	144.689	97.720	168.440
325.445	131.831	89.319	165.796
315.500	142.244	95.541	173.365
323.980	128.605	84.715	163.881
311.991	133.982	92.455	175.299
315.601	128.055	89.871	177.552
316.403	123.639	92.213	188.323
100.985	120.828	117.225	196.095
109.945	141.578	103.112	230.382
115.821	126.244	111.692	240.896
302.795	122.373	93.301	210.224
311.283	120.108	93.692	177.705
322.984	111.500	87.577	171.228
333.273	108.072	90.114	159.992
351.379	125.513	97.964	149.203
375.399	115.920	96.597	157.526
397.865	135.920	101.531	156.264
420.767	135.860	98.955	173.246
436.872	132.374	96.331	169.132
454.404	121.956	93.485	176.123
460.461	120.707	91.762	173.362
467.326	112.177	94.241	171.257
474.342	107.946	93.948	172.339
479.666	116.031	94.620	168.576
483.643	109.164	106.955	158.556
500.777	99.461	103.747	147.423
517.970	108.800	97.332	135.311
523.656	99.227	97.029	144.400
521.423	98.142	100.369	144.491
530.794	97.266	94.383	153.773
526.141	96.492	97.381	160.534
526.535	94.680	88.948	160.407
525.349	94.716	91.000	150.799
523.479	91.874	88.813	149.695
527.026	85.902	87.925	153.485
528.124	79.869	82.559	169.394
530.705	77.813	80.786	170.876
526.451	83.161	83.457	163.433
517.154	81.486	86.465	168.111
509.325	85.447	84.927	158.189
501.187	85.729	90.191	157.449
492.269	82.115	93.840	160.130
483.584	83.348	98.071	159.513
474.046	78.234	97.774	164.885
463.606	69.623	97.337	154.334
456.579	85.465	100.835	157.088
463.370	67.883	96.873	167.801
454.840	73.398	109.755	169.829
455.611	64.542	103.556	165.776
450.151	92.212	115.525	170.847
448.635	77.536	116.114	183.003
451.243	64.988	111.987	176.837
450.648	70.818	112.821	195.529
446.402	66.676	115.460	189.058
439.208	64.994	109.811	190.732
436.173	63.366	115.929	209.769
429.381	62.045	111.862	233.276
421.648	127.610	105.957	217.868
426.506	97.973	115.098	227.328
416.758	125.951	113.665	198.387
433.356	62.407	105.526	214.770
430.207	66.504	105.639	210.805
428.996	68.359	100.515	208.483
431.890	67.082	114.222	216.104
405.110	87.616	119.631	199.690
400.695	76.311	107.830	190.439
407.784	96.996	111.875	188.076
391.386	68.778	94.245	174.950
382.358	68.238	85.882	179.813
378.022	64.135	84.447	183.072
366.312	60.808	81.003	180.125
361.295	51.071	84.898	189.703
357.772	46.123	90.382	196.725
354.066	46.399	91.239	192.239
352.475	48.916	89.075	190.331
348.585	41.034	89.174	187.544
347.605	46.855	86.833	179.528
347.896	43.154	87.640	177.834
346.499	40.818	88.720	178.102
345.169	40.213	91.233	170.042
342.506	39.243	88.361	173.696
339.865	38.301	87.967	174.613
336.542	40.534	87.577	170.367
334.468	39.371	86.535	170.565
335.166	36.027	83.667	164.423
331.468	43.425	84.775	159.795
332.661	36.121	85.167	152.022
328.057	36.089	87.493	164.687
325.892	33.367	88.873	166.956
325.451	34.343	87.708	167.973
327.908	31.653	88.126	165.654
329.096	30.543	90.943	165.476
331.325	28.261	90.322	165.080
332.802	26.032	91.112	167.955
332.620	28.549	91.724	168.215
335.423	33.139	93.563	160.681
338.946	30.890	85.783	169.793
339.719	28.237	85.790	163.149
342.460	26.196	81.943	164.214
342.128	25.731	85.062	157.954
348.193	21.860	82.589	154.600
352.690	21.000	83.252	165.076
359.132	22.449	85.262	165.096
364.201	21.921	89.335	157.419
368.791	25.634	87.671	162.748
375.718	28.222	88.591	154.072
368.801	26.785	87.054	157.220
374.618	26.392	83.950	160.458
375.345	26.305	87.293	156.393
372.429	27.916	84.579	149.443
374.153	31.719	90.316	136.415
373.026	33.084	88.983	144.323
369.047	32.696	86.682	148.299
365.193	32.775	87.062	149.876
371.812	34.768	80.534	146.963
365.309	33.038	85.851	153.169
368.928	30.037	81.240	184.023
370.666	33.491	83.931	186.267
369.696	30.145	90.522	194.878
357.087	63.405	101.146	180.993
352.144	61.333	88.717	174.614
353.996	57.084	91.694	181.842
364.725	33.232	97.168	191.727
350.499	75.783	86.957	182.079
355.344	65.962	87.145	203.032
336.933	101.320	98.728	206.653
244.727	86.974	89.979	235.549
186.554	115.073	106.102	240.495
204.778	85.664	119.401	243.651
222.421	73.521	113.242	237.757
248.750	72.041	136.154	255.778
316.333	133.051	110.721	252.306
315.600	97.368	113.687	266.376
314.399	118.865	108.026	239.251
311.246	121.814	109.020	240.555
308.799	113.613	112.347	237.261
311.235	125.664	108.261	234.609
306.232	112.632	113.068	235.465
311.200	121.814	112.427	237.322
244.150	68.763	116.808	245.711
241.798	73.105	92.810	214.578
217.336	65.409	117.306	230.993
241.178	64.109	98.543	207.080
238.028	62.322	101.361	226.328
241.922	64.322	92.275	221.313
236.461	61.585	100.067	215.053
237.818	62.255	92.601	206.210
231.212	62.871	97.501	200.200
230.835	56.733	105.029	206.851
232.569	63.351	100.172	203.099
226.623	65.835	104.863	197.004
239.935	66.923	93.108	198.639
237.329	57.895	97.154	202.599
242.251	61.010	90.534	204.674
238.140	59.697	89.281	199.471
231.066	54.237	100.714	212.585
220.059	59.311	111.370	209.253
170.486	75.346	104.260	240.638
162.740	96.647	100.927	228.037
182.801	73.046	112.945	213.321
176.286	85.386	103.334	233.912
173.323	91.939	103.831	219.148
182.818	85.986	108.087	226.613
179.911	81.544	105.579	231.933
180.275	74.495	106.845	228.258
186.638	75.704	106.988	227.677
