295.000	14.000	50.000	32.000
260.329	10.830	45.876	39.495
233.863	22.818	37.118	41.834
223.036	37.403	36.171	48.791
227.388	46.211	39.251	42.656
236.929	47.627	35.055	38.738
255.713	35.619	46.172	48.404
292.274	17.093	46.949	49.363
332.611	12.054	49.298	37.779
356.325	15.579	55.941	30.298
391.079	17.266	53.814	34.841
416.906	26.121	52.639	37.221
436.615	31.437	44.493	40.722
447.917	33.448	40.194	38.297
454.297	31.372	47.166	41.952
460.333	28.645	50.239	39.402
461.597	25.947	54.600	40.034
454.396	24.464	60.707	36.365
451.424	24.167	55.354	34.908
431.819	28.151	53.653	33.087
416.005	35.855	47.598	33.764
391.825	44.844	42.914	43.886
393.039	67.456	38.687	48.181
394.158	71.510	41.058	51.475
398.411	79.331	42.039	52.089
404.081	65.362	39.778	51.718
431.185	57.332	48.016	49.597
452.018	41.328	48.724	51.889
474.829	43.225	60.769	50.111
493.253	46.194	59.702	43.181
520.437	57.860	57.977	40.946
549.171	64.560	50.277	46.341
560.542	68.998	50.600	43.506
562.449	63.602	51.393	51.732
553.913	53.933	54.226	48.883
537.916	49.149	52.780	43.065
511.707	47.888	61.215	39.879
484.791	51.582	65.922	40.883
455.419	58.109	56.687	45.310
420.074	73.022	59.658	44.213
406.965	93.498	45.652	47.554
391.616	109.184	43.675	50.136
386.496	112.132	44.734	45.410
385.757	112.910	46.562	46.127
388.885	102.674	50.575	46.811
418.685	86.725	50.727	47.964
458.598	72.609	57.101	43.567
493.530	69.662	56.714	61.013
537.522	72.090	65.103	42.719
575.846	86.890	52.286	51.087
578.997	96.220	51.847	50.671
577.157	101.576	53.256	53.383
576.170	101.016	53.653	52.510
573.610	90.140	54.138	53.153
569.285	87.425	55.052	50.419
564.386	88.843	61.961	48.684
561.918	93.881	63.311	57.158
563.166	109.850	61.022	51.024
569.963	110.323	54.955	58.995
570.681	112.128	56.345	67.926
568.803	129.183	54.548	64.384
561.214	130.096	55.980	70.840
556.588	132.332	54.993	70.911
559.478	148.554	49.895	67.900
547.875	167.705	60.934	61.736
550.937	190.879	64.851	71.992
551.661	221.618	63.040	70.854
543.742	243.331	67.837	69.774
541.611	251.959	69.865	75.527
534.721	275.364	75.390	72.549
388.804	298.823	81.302	71.147
404.731	290.320	77.416	71.770
394.361	279.669	74.838	63.951
380.767	243.751	75.798	67.116
368.949	211.998	59.002	81.220
379.428	181.803	60.270	69.580
363.784	161.823	71.738	70.329
342.195	158.578	98.065	96.760
293.193	137.648	152.919	98.125
267.668	93.348	163.733	132.503
254.462	95.259	193.952	154.783
365.346	74.253	188.434	105.845
527.205	132.761	97.713	152.258
543.690	117.022	80.108	83.634
554.190	119.435	67.954	66.952
557.481	115.363	68.402	68.888
551.966	109.589	69.261	71.861
549.927	122.201	66.972	71.758
554.047	136.716	66.105	65.672
548.861	135.589	66.316	65.856
550.723	145.247	70.200	63.726
549.645	149.467	70.435	69.624
543.459	154.973	76.604	65.120
545.703	148.027	74.069	77.684
532.459	129.927	81.771	93.144
545.736	136.915	83.319	100.144
521.420	164.209	101.316	89.547
517.267	159.794	97.632	86.115
519.510	140.073	102.405	98.204
373.440	138.607	58.068	86.436
371.585	113.954	67.147	79.483
369.746	89.005	68.624	73.215
348.631	68.773	94.489	79.269
367.622	31.163	109.978	81.458
367.852	0.000	90.253	49.051
368.885	14.575	77.448	46.411
358.081	24.438	98.149	66.273
379.177	19.724	107.420	89.767
387.226	5.961	107.386	79.421
538.957	61.283	82.138	93.223
556.645	62.457	60.453	73.062
557.472	71.590	53.429	67.447
555.112	73.044	54.640	66.836
553.490	72.867	53.423	68.413
554.186	75.751	52.695	65.852
555.535	82.955	56.449	68.225
556.558	90.060	57.761	71.285
562.224	101.245	56.268	69.113
566.791	109.681	53.603	73.662
569.390	110.410	56.477	70.901
572.235	108.772	56.624	68.993
573.709	106.888	54.664	70.639
572.785	110.113	54.487	70.164
570.338	110.495	56.572	69.887
565.709	105.685	60.599	74.856
560.837	94.864	60.103	82.097
552.110	94.282	62.970	80.310
539.700	97.432	68.411	79.121
546.374	85.228	64.875	85.890
540.597	91.832	68.874	83.203
536.818	98.492	79.980	79.722
535.162	99.690	90.147	79.418
540.898	104.611	84.970	82.309
549.723	106.791	71.540	87.645
557.567	108.017	65.629	95.798
556.905	118.090	58.467	94.952
556.516	125.153	60.637	86.445
551.288	131.646	62.920	86.477
544.245	140.993	63.629	81.129
531.442	154.565	59.178	73.518
522.259	167.975	56.807	65.606
505.980	175.052	58.370	68.921
488.400	173.423	62.063	80.254
468.304	179.896	62.898	83.903
452.786	194.285	63.456	80.972
436.254	205.289	67.609	77.505
432.337	209.679	67.265	80.436
430.397	216.831	68.468	80.301
428.311	227.668	72.232	76.273
429.378	236.152	71.999	74.986
426.384	243.162	72.994	74.379
425.353	246.007	73.375	74.643
423.987	249.569	75.323	73.232
421.319	253.210	76.985	72.744
416.136	257.506	79.088	73.578
403.386	263.196	79.215	71.419
387.801	266.056	79.008	71.381
358.307	270.467	80.876	66.695
338.083	270.973	81.843	63.778
321.285	269.963	80.347	63.955
310.565	270.194	74.785	63.228
302.013	270.384	68.731	62.156
286.852	273.150	69.587	60.731
272.331	270.458	64.112	64.797
257.838	266.253	64.376	65.041
248.927	263.400	65.553	64.431
249.109	259.836	69.645	67.123
256.862	259.372	68.083	66.758
265.496	267.680	74.080	60.293
269.161	271.111	72.956	58.181
262.665	273.956	75.536	54.534
255.376	272.818	76.092	55.554
235.933	268.174	72.644	60.815
211.329	264.478	65.269	63.223
195.196	263.726	63.093	64.686
182.300	265.112	67.088	61.993
177.528	265.542	62.326	60.663
171.741	264.374	64.675	61.658
168.149	252.800	67.012	65.383
158.169	256.561	71.460	55.350
150.207	247.313	67.922	64.515
152.834	250.197	75.603	58.977
167.197	250.864	70.611	56.113
174.139	254.237	71.549	55.422
180.240	257.348	69.984	53.898
178.147	251.863	72.356	59.536
183.516	248.613	66.662	59.812
185.968	247.185	73.289	57.134
200.338	241.470	76.951	62.665
216.113	243.875	80.986	60.267
236.845	240.653	74.264	61.631
241.590	237.450	76.892	62.304
242.610	235.911	78.890	60.313
244.270	234.523	77.953	59.383
251.773	236.766	73.813	55.307
254.914	237.965	76.146	57.655
263.257	240.290	71.152	60.413
267.839	242.689	68.575	59.785
270.817	241.036	70.299	61.055
270.640	240.578	74.702	64.784
277.785	237.834	72.342	64.570
282.778	232.770	70.370	64.121
283.954	228.403	70.100	63.576
286.088	224.111	72.960	62.668
295.069	224.392	75.315	60.632
303.611	224.344	76.674	60.944
314.175	225.589	78.481	62.125
321.904	225.332	73.668	61.989
326.250	222.353	72.574	63.847
334.237	222.819	71.141	62.049
337.985	221.779	72.016	62.253
332.828	218.166	75.720	64.813
326.005	216.547	78.036	63.638
327.985	214.054	74.439	67.119
326.660	213.264	74.980	66.526
323.368	211.141	76.055	63.703
317.947	209.427	79.557	63.221
312.833	203.863	70.942	65.334
300.583	200.283	72.663	65.011
288.656	197.283	75.800	66.009
283.738	195.536	73.318	62.981
280.421	193.698	68.623	61.623
277.760	192.976	70.276	61.971
275.810	195.835	70.333	63.081
269.104	201.234	69.250	61.373
258.650	208.271	68.937	64.454
250.503	216.318	68.713	64.158
243.218	226.517	73.397	66.647
235.864	233.616	70.920	67.875
229.808	240.208	69.672	64.849
223.311	239.180	65.798	63.882
213.799	238.269	69.505	63.460
206.707	237.265	70.919	63.927
201.588	237.142	69.558	61.721
194.994	233.347	69.398	64.696
189.146	231.034	67.096	61.736
185.093	228.943	62.680	60.717
182.274	231.742	62.703	57.351
175.828	232.751	63.679	59.608
160.936	234.862	63.457	58.605
141.315	230.199	63.040	58.376
126.780	224.240	63.821	60.928
103.798	219.650	63.875	59.100
82.506	213.052	65.159	62.140
65.686	202.320	65.514	70.325
59.925	190.464	64.342	74.315
60.055	181.519	65.040	75.410
65.437	176.630	65.398	71.629
71.952	167.051	71.900	66.820
90.672	159.769	77.513	63.915
111.795	154.459	76.135	65.503
133.963	149.456	66.056	72.279
155.604	145.923	71.941	71.556
169.018	144.403	71.226	69.939
185.636	140.557	61.997	70.610
192.107	132.199	64.335	74.640
202.129	129.147	67.874	72.528
223.765	124.517	65.689	66.010
248.324	121.629	56.546	65.917
262.210	132.063	51.338	71.503
263.514	148.338	56.549	70.811
261.624	162.430	59.402	69.978
260.431	172.600	59.923	73.919
257.018	180.092	61.929	72.920
254.463	188.665	61.410	69.638
248.429	195.510	64.299	65.089
243.091	201.329	65.358	62.520
257.433	205.426	56.360	63.542
259.720	203.621	58.124	68.177
265.856	207.122	58.270	65.054
272.286	205.012	61.032	67.737
278.574	204.819	64.235	66.360
285.771	203.613	64.944	66.197
290.258	202.326	65.634	61.085
295.829	201.320	66.015	59.521
300.549	201.642	64.948	59.165
305.982	199.734	64.124	61.004
308.410	198.082	64.787	61.704
306.664	198.449	65.594	62.836
308.723	198.569	63.363	64.480
305.800	198.775	65.436	65.007
307.449	197.301	61.343	65.491
307.462	196.349	63.141	67.808
307.082	198.602	65.789	64.537
305.980	199.717	65.599	63.971
306.838	201.793	66.286	63.343
307.519	201.976	66.472	63.195
308.519	202.107	68.545	63.612
309.873	202.932	68.514	61.260
311.040	202.490	65.657	61.785
311.504	203.019	66.406	60.420
310.626	202.281	67.143	59.459
311.282	203.282	66.739	60.041
311.521	204.123	66.757	58.509
307.241	205.011	69.029	58.554
305.710	205.832	67.436	59.438
304.135	205.528	67.171	60.550
302.782	204.431	65.307	61.472
303.601	205.614	63.053	61.117
304.179	205.762	63.108	59.899
304.520	206.924	63.964	58.233
304.559	205.475	64.165	60.101
303.907	205.425	63.874	61.058
305.362	205.584	63.185	59.695
303.746	205.698	64.318	58.919
304.309	206.701	64.608	59.158
305.019	206.016	63.836	59.645
305.097	205.921	63.155	59.896
303.600	205.636	65.158	58.981
304.977	205.739	64.175	59.082
303.430	206.038	65.533	58.617
304.124	205.582	64.337	59.895
303.907	206.571	64.587	58.748
303.754	204.908	64.766	59.946
304.054	204.710	64.102	60.189
304.054	205.831	63.938	59.989
304.140	205.394	64.446	59.730
303.688	205.800	63.613	59.285
305.409	206.162	63.541	60.237
303.021	205.443	64.090	59.727
304.426	205.893	63.392	59.861
304.894	205.921	63.396	58.634
303.823	205.877	64.061	58.847
304.105	205.698	62.906	59.972
303.768	204.883	63.307	60.236
303.645	205.015	64.338	60.238
303.581	205.243	63.472	59.656
305.170	205.481	62.068	59.257
303.456	205.468	64.056	59.258
304.643	205.077	62.497	60.497
304.105	205.449	62.939	60.063
304.230	204.883	62.332	60.041
303.258	204.633	64.303	58.915
304.602	204.881	63.124	58.818
305.893	204.005	62.963	58.889
306.148	204.093	63.421	58.593
305.516	202.244	65.967	60.907
307.104	200.695	65.242	61.630
307.346	198.668	66.069	62.155
306.452	197.247	66.501	61.960
304.356	196.480	69.825	60.130
306.807	197.159	68.074	57.729
305.766	196.193	69.088	57.464
310.640	196.780	65.866	56.900
313.764	196.600	63.758	56.177
315.071	194.781	63.593	57.796
314.413	194.652	64.035	56.580
314.046	194.316	65.527	55.381
313.295	194.998	64.269	55.085
313.322	194.408	64.383	55.646
313.486	195.058	63.649	55.888
309.791	194.821	66.540	56.140
313.070	195.078	63.817	55.448
310.756	195.205	65.240	54.409
312.372	195.436	64.249	54.632
310.166	195.083	65.801	55.188
312.847	196.220	62.589	53.330
312.214	195.715	65.129	54.469
312.465	196.592	64.034	53.228
315.220	197.394	62.038	52.885
316.101	195.873	61.091	54.154
317.139	198.435	60.457	52.383
318.103	197.225	60.852	53.344
319.509	197.447	60.755	53.808
320.135	199.741	61.452	55.059
320.040	202.292	60.055	53.863
322.696	202.894	58.212	57.231
322.824	205.225	59.139	59.013
322.787	209.083	58.095	60.321
319.704	215.516	57.658	63.260
316.214	223.492	57.276	62.906
316.496	228.440	55.583	63.782
317.180	231.782	54.970	66.239
322.385	237.520	56.156	63.977
330.358	243.554	57.140	64.488
339.782	245.661	52.362	66.553
346.977	251.774	49.200	63.658
350.309	251.542	51.260	66.556
351.163	255.897	49.605	67.043
351.454	259.663	50.866	69.987
353.091	259.300	50.565	68.181
356.485	259.686	52.724	66.122
362.018	259.398	52.597	67.418
371.974	261.866	51.524	66.824
384.966	264.012	51.665	64.130
392.710	262.885	51.618	64.393
396.749	266.945	53.337	62.072
407.942	269.361	54.015	61.832
423.473	282.131	57.952	58.985
441.027	280.245	49.433	64.604
453.029	282.319	53.389	70.652
462.207	285.928	65.014	78.191
474.103	287.554	65.571	73.257
487.903	296.874	73.319	68.669
497.038	298.388	75.976	69.434
511.520	306.103	66.279	66.047
505.673	309.844	81.461	65.360
543.052	297.842	59.601	78.020
543.256	283.851	63.487	89.451
532.404	277.854	60.024	94.039
519.639	292.833	57.410	79.789
517.308	298.145	51.952	69.546
514.396	299.790	51.024	70.833
514.070	301.838	48.612	74.933
507.577	303.758	55.042	69.064
493.761	309.540	48.727	68.150
487.972	311.739	51.809	70.167
480.851	312.144	48.746	71.166
473.994	308.006	49.866	71.418
463.805	308.438	55.815	73.596
452.315	313.864	59.471	68.066
449.848	310.772	51.465	69.987
432.407	305.545	58.999	71.171
417.198	293.863	71.955	69.914
377.086	291.145	78.532	63.100
374.192	278.728	83.431	81.175
375.370	285.579	85.186	74.687
377.218	289.487	69.822	61.682
391.886	285.347	57.884	67.854
394.351	287.537	54.407	75.603
386.501	283.770	61.664	69.349
355.956	287.327	80.948	74.451
356.386	292.837	84.419	74.416
359.769	283.865	83.817	73.238
343.091	291.749	97.294	71.448
331.439	297.102	93.625	71.461
360.423	291.807	72.994	69.294
361.080	292.860	77.755	66.752
363.529	294.604	68.003	69.153
353.772	298.488	70.509	71.947
348.248	298.029	71.850	72.360
337.347	300.653	71.569	64.001
303.326	307.577	80.055	66.781
285.551	310.686	70.432	67.803
274.416	313.361	58.139	71.090
266.312	312.351	64.026	69.920
264.914	303.081	75.606	71.817
268.646	297.128	93.423	74.986
278.939	289.313	70.611	78.216
287.366	296.840	55.183	66.545
287.217	303.013	59.466	59.210
