389.000	117.000	62.000	66.000
390.792	116.634	60.226	66.254
391.409	116.524	59.793	66.238
392.858	116.290	59.009	66.459
393.428	115.474	58.910	66.057
394.132	114.440	60.144	64.719
396.739	114.150	58.778	64.596
398.142	114.470	58.283	62.041
398.884	114.185	57.481	61.303
400.257	112.315	56.397	61.375
401.168	110.460	56.204	59.749
401.998	108.788	55.258	57.784
402.735	106.139	53.385	60.330
412.902	103.914	42.562	58.165
419.971	103.425	41.669	55.769
419.572	102.536	47.208	54.848
418.324	101.319	51.337	56.651
415.359	101.131	55.625	56.659
411.621	101.263	56.865	57.926
411.637	102.131	55.123	59.137
411.938	104.071	53.476	58.344
412.304	106.296	52.375	58.919
413.108	107.394	56.783	59.547
414.085	108.766	59.599	62.355
413.847	113.205	61.086	60.970
411.254	114.855	63.975	60.416
409.144	116.624	64.192	61.452
408.422	121.055	64.186	60.287
407.483	125.004	62.953	57.103
403.664	131.326	60.306	54.709
400.883	134.586	59.991	56.212
400.502	133.017	61.169	58.207
400.911	129.887	63.509	60.405
402.484	127.981	65.558	62.299
405.085	127.037	66.311	62.459
405.048	126.395	68.597	62.556
406.337	125.867	68.566	63.971
408.130	125.062	68.064	64.919
410.720	122.877	68.069	65.206
412.799	117.865	67.328	67.779
415.338	116.592	66.019	68.258
416.914	117.087	62.412	66.401
418.246	118.229	58.363	64.078
421.541	119.633	50.233	63.355
421.478	125.039	45.876	56.535
421.382	126.233	44.622	54.992
420.700	125.592	46.857	54.622
425.163	124.535	45.425	56.378
428.387	128.099	47.267	55.076
433.343	131.933	46.027	52.036
432.877	135.741	46.656	49.241
435.427	139.209	49.942	50.468
433.130	142.096	55.987	45.364
433.497	143.645	57.459	45.815
432.039	145.185	58.698	45.263
439.744	144.942	51.618	45.481
434.578	145.164	57.410	45.815
434.243	144.113	56.456	47.120
434.323	144.144	55.861	46.693
435.500	143.374	52.593	46.468
435.136	144.146	54.269	45.646
435.835	145.022	53.049	45.909
432.376	143.590	51.460	46.860
429.246	142.166	54.247	47.188
430.717	140.884	53.523	48.123
433.492	139.139	51.190	49.813
434.573	139.673	49.728	50.019
437.355	138.462	49.612	51.016
438.528	138.675	49.533	49.739
436.308	138.345	52.115	49.623
434.713	136.439	50.956	53.843
432.438	136.111	50.396	57.865
428.674	134.431	53.065	57.268
426.820	133.086	60.087	57.174
413.626	126.119	77.259	61.573
399.790	119.722	93.950	65.900
395.290	118.664	97.061	63.889
392.163	115.116	97.348	66.447
390.065	114.350	100.149	63.759
389.162	112.384	98.536	63.302
387.732	112.140	98.679	62.941
386.802	111.182	98.803	60.701
385.567	111.063	98.113	59.614
385.469	110.983	96.752	59.497
386.919	111.226	94.724	58.677
388.216	112.182	92.471	57.795
389.644	112.814	89.793	56.933
390.707	112.697	88.015	57.204
390.718	112.275	87.816	57.162
388.069	113.052	91.534	56.652
386.112	113.336	93.597	55.947
384.771	113.350	96.026	56.120
383.998	112.682	97.067	56.331
385.415	112.884	96.983	55.770
387.562	113.162	96.688	55.084
389.286	112.981	96.396	54.963
389.362	112.666	97.319	55.852
389.523	112.849	98.281	55.460
390.942	113.171	97.505	55.762
394.725	114.041	93.793	55.151
400.683	113.843	87.365	55.847
403.895	113.630	84.888	56.036
403.552	113.575	85.007	56.646
415.684	108.034	113.248	64.913
419.370	107.783	114.753	63.666
397.470	107.187	128.942	64.605
388.051	106.080	104.682	63.315
385.941	106.111	83.834	63.433
389.343	105.565	74.433	61.799
389.971	106.883	71.321	60.209
389.491	107.229	71.768	59.386
389.237	107.035	72.297	59.170
389.032	106.761	72.188	58.976
388.875	106.020	71.892	60.618
388.360	105.769	71.645	60.455
387.597	105.333	72.534	60.125
385.469	104.806	74.152	58.822
384.576	104.033	74.359	57.446
383.646	102.651	72.270	56.992
382.312	100.697	72.247	57.451
382.656	100.363	72.534	58.135
384.783	100.662	72.008	57.190
386.640	101.702	71.167	57.387
388.544	102.609	69.675	52.504
389.753	102.715	69.375	54.552
390.576	102.624	69.117	54.983
390.410	102.628	69.810	54.004
390.962	102.572	69.922	54.863
391.185	103.139	69.440	54.193
391.805	104.014	69.152	56.804
391.962	104.271	69.959	52.493
391.470	104.996	70.299	53.713
392.236	104.932	70.474	55.406
391.209	105.464	70.308	54.519
391.442	106.286	70.057	55.002
391.407	105.523	70.906	57.108
391.029	105.705	71.452	57.378
390.432	106.399	70.798	54.011
389.360	107.228	70.572	53.890
388.680	107.139	70.945	54.018
387.999	107.473	71.218	50.922
387.767	107.882	70.314	52.608
387.226	108.162	70.262	49.173
385.209	108.126	71.859	48.823
385.255	108.083	72.907	50.780
383.782	108.508	73.556	50.925
384.502	108.571	71.575	49.672
382.693	108.260	74.020	53.439
383.853	108.468	71.892	49.718
383.995	108.592	78.803	56.390
381.657	108.721	73.747	50.454
381.900	108.852	74.786	54.388
381.430	109.142	73.461	50.548
379.759	109.061	74.511	51.571
380.888	109.304	72.758	50.954
380.084	109.607	72.543	50.421
379.661	109.764	72.856	52.055
379.963	109.885	72.540	51.856
379.538	109.890	72.085	49.909
378.391	109.608	73.521	51.404
378.360	109.715	74.202	52.194
378.348	109.733	73.794	51.174
378.498	109.372	75.284	52.978
378.956	109.874	74.309	52.526
378.264	110.193	73.880	51.408
377.665	109.854	75.190	52.660
377.334	109.817	74.642	51.986
376.044	109.180	75.149	53.240
376.309	108.579	73.762	52.565
376.958	107.082	75.665	55.123
372.343	106.760	77.648	55.270
427.995	116.880	99.869	59.850
429.094	117.434	99.361	59.672
425.217	117.359	101.488	59.563
426.417	117.994	102.501	58.552
428.471	118.096	100.345	58.486
430.100	118.058	97.113	59.138
429.339	118.078	97.489	59.058
428.002	117.337	95.349	59.089
423.703	116.574	97.705	60.189
429.535	118.154	92.540	60.156
433.227	118.997	83.056	59.924
394.463	93.736	77.958	62.204
407.616	98.311	78.858	72.732
411.306	106.438	92.924	64.921
405.392	113.181	108.112	58.525
399.937	113.840	97.755	63.933
395.203	113.857	97.127	64.378
394.165	116.247	96.253	59.826
392.773	116.760	97.957	58.495
393.357	117.102	96.970	58.709
392.993	117.232	96.853	58.973
393.194	117.418	97.180	59.155
392.383	117.533	98.549	59.658
392.742	117.165	97.738	57.764
393.297	116.726	96.917	58.841
393.039	116.488	96.417	58.801
393.113	116.542	95.983	59.368
392.650	116.488	95.929	59.752
392.457	116.284	95.837	59.957
396.554	116.181	96.564	58.169
396.998	115.830	102.450	58.469
399.818	114.713	102.851	57.697
401.936	113.071	101.631	58.418
404.903	112.953	100.394	58.258
405.156	113.605	101.134	57.750
406.712	113.746	95.032	55.797
407.103	113.559	87.231	55.019
406.873	113.696	79.421	54.978
406.574	113.580	76.634	54.040
406.900	113.609	74.782	53.630
406.992	113.529	74.071	52.310
406.628	113.415	74.059	51.393
406.713	113.600	74.835	52.095
406.410	113.959	74.327	51.912
406.528	113.276	74.165	54.672
407.109	111.217	73.096	56.126
407.789	108.320	74.785	57.553
409.408	104.423	82.152	64.705
408.007	99.943	89.316	69.038
411.184	97.493	89.107	71.310
410.242	94.615	82.384	73.390
409.359	93.463	72.691	74.783
409.195	99.167	87.420	74.640
411.755	94.068	78.857	76.835
403.833	96.936	86.561	75.308
423.292	101.352	79.959	71.564
415.087	102.413	87.803	71.576
402.369	101.271	83.611	71.885
403.170	103.598	82.054	70.129
405.317	105.220	77.736	68.200
405.473	106.832	77.995	67.540
408.988	107.707	77.590	65.101
406.572	109.016	77.781	65.052
407.483	110.527	82.361	63.978
405.808	112.045	85.127	62.587
410.276	112.492	86.065	61.200
418.725	113.756	78.603	59.091
418.297	114.080	78.789	58.863
416.588	114.316	80.653	58.778
419.099	114.949	79.219	57.810
419.048	114.842	79.443	57.888
416.080	115.080	82.793	58.369
420.949	115.299	79.087	57.441
413.678	115.415	84.480	58.273
418.464	115.534	82.460	57.605
417.793	115.185	82.793	57.745
421.871	114.516	79.441	58.086
413.655	114.400	86.571	58.631
418.613	114.292	83.552	58.312
424.438	114.060	77.171	58.383
404.083	113.604	94.296	58.811
407.814	113.269	93.015	59.224
408.923	113.185	92.624	58.970
409.200	113.421	92.783	58.876
411.309	113.421	90.915	58.559
413.903	113.604	88.144	58.860
417.226	113.865	85.391	58.678
420.805	114.081	81.199	58.092
420.450	113.789	80.590	57.826
422.516	113.806	77.669	57.461
417.254	113.161	82.601	57.351
420.155	112.838	80.540	57.737
419.147	112.156	82.020	58.084
417.072	112.473	85.966	57.671
415.063	111.929	90.764	57.625
413.805	111.101	97.902	58.068
415.788	110.540	98.553	58.854
420.820	110.257	97.883	58.817
426.705	109.271	95.534	58.712
429.915	108.905	97.170	58.380
434.283	108.740	97.288	58.292
436.331	108.293	97.833	58.512
439.088	107.825	97.007	58.770
441.647	107.347	95.931	59.275
443.429	106.600	95.523	59.752
444.303	106.569	95.911	59.386
445.801	106.794	95.747	59.625
445.893	106.682	95.235	60.106
446.303	107.018	95.315	60.175
445.457	107.198	95.102	60.330
445.673	107.811	97.744	59.839
446.161	108.257	98.621	59.438
445.948	108.478	98.826	59.614
446.353	108.699	98.940	59.656
447.730	108.813	97.229	59.950
449.010	109.105	98.824	59.792
449.920	109.255	98.420	60.042
450.697	109.217	97.732	60.316
451.250	109.141	97.008	60.392
451.457	109.283	96.680	59.884
451.051	109.406	97.292	60.435
451.008	109.535	97.133	60.002
451.061	109.013	96.704	60.488
451.292	108.936	96.891	60.398
450.563	108.702	96.972	60.300
450.563	108.762	97.295	60.202
449.741	108.432	96.802	60.297
448.772	108.143	96.760	60.018
448.332	108.229	96.363	59.832
447.103	108.356	98.889	59.146
446.880	107.853	98.706	59.799
447.083	107.891	99.067	59.729
447.292	107.764	98.480	59.519
446.812	107.439	99.717	59.512
445.879	106.666	100.016	60.196
445.665	106.365	100.256	60.446
445.008	106.553	100.094	60.224
445.117	106.516	100.517	60.329
444.252	106.107	100.799	60.521
444.010	105.989	101.321	60.959
444.558	106.116	100.894	61.496
444.630	106.230	99.653	61.659
443.629	105.828	99.372	61.935
436.416	104.451	96.998	62.582
441.097	105.278	101.922	61.756
435.874	103.848	94.516	61.603
426.378	99.442	97.519	82.584
428.482	103.279	94.673	58.762
431.398	103.477	97.485	61.746
431.680	103.691	93.464	62.850
429.103	103.819	98.049	63.009
423.652	104.274	94.551	63.189
392.330	105.069	112.769	61.231
426.576	105.001	94.239	62.657
385.488	104.160	117.193	63.603
416.623	104.029	90.350	63.404
410.899	103.961	72.492	63.907
371.581	109.251	77.536	60.244
370.493	112.006	73.354	60.666
368.990	113.187	72.116	54.889
369.453	112.803	71.302	55.683
368.309	113.102	72.509	54.922
367.272	112.893	72.498	55.201
366.163	112.646	72.740	54.654
365.127	112.074	71.659	54.187
364.282	111.599	70.104	54.775
363.106	111.581	68.986	53.325
363.110	111.194	69.253	54.015
362.278	110.917	68.746	53.342
361.598	110.629	67.448	54.788
360.495	110.728	68.080	53.420
359.115	110.297	67.476	55.429
358.198	110.552	68.733	55.118
358.813	110.447	67.850	55.775
358.771	110.447	66.647	55.196
357.746	110.394	67.663	56.445
357.931	110.298	66.920	57.363
358.049	110.564	66.440	57.184
357.716	110.731	65.400	57.696
357.417	111.015	64.478	56.925
356.691	110.968	64.824	57.065
355.457	110.824	65.610	56.412
354.685	110.734	65.247	57.198
352.675	109.473	65.469	59.417
350.477	108.707	66.589	60.188
348.488	107.968	65.454	59.490
347.098	106.771	65.387	59.181
346.042	106.523	65.273	57.706
344.849	105.667	66.507	58.384
342.904	105.153	68.581	58.436
342.936	103.870	70.428	57.140
343.019	103.953	72.501	56.071
345.100	103.734	73.063	55.273
347.112	104.215	73.212	56.042
349.572	104.490	71.592	56.326
392.884	109.284	82.810	57.380
393.075	110.663	84.694	60.055
386.317	111.322	85.479	62.359
383.906	111.731	86.591	61.070
382.079	111.987	90.969	59.960
379.484	111.970	90.253	60.180
375.631	112.388	95.887	59.730
370.699	112.317	98.521	60.613
373.075	112.096	103.048	61.173
370.127	112.016	100.622	61.763
379.376	113.494	97.389	59.710
374.343	111.786	97.950	61.170
375.089	112.212	100.939	61.607
374.548	112.539	100.386	62.189
375.812	110.878	97.572	64.701
375.746	108.366	96.338	66.867
378.726	109.128	96.522	65.461
379.883	108.707	94.683	65.773
400.984	113.500	76.530	59.857
385.727	111.778	87.979	61.760
376.799	110.179	93.262	63.391
379.230	111.898	95.263	61.691
378.006	112.628	98.144	60.811
376.622	113.373	99.849	59.953
374.508	113.784	102.890	59.481
373.818	114.376	105.052	59.610
372.330	114.654	105.633	59.381
373.657	114.283	102.681	60.228
374.424	114.067	93.134	61.286
375.787	113.306	92.013	62.608
378.616	113.837	90.025	62.695
382.269	114.389	89.466	61.931
375.372	113.660	73.945	63.835
380.656	115.255	82.508	62.598
378.392	114.653	78.606	63.377
387.407	116.967	86.078	61.606
375.388	115.114	72.163	64.268
382.925	114.827	76.131	63.906
390.374	117.122	86.704	61.272
374.595	114.973	79.637	64.131
380.496	114.183	83.627	65.575
384.860	117.613	92.706	61.004
387.424	117.550	90.073	61.580
384.927	118.062	90.040	61.104
385.480	118.101	90.932	61.237
380.328	116.697	89.303	62.190
377.707	117.620	79.673	60.347
382.560	117.632	84.977	59.247
379.708	116.585	92.073	59.986
371.635	114.268	77.217	60.355
374.355	112.573	77.826	60.136
376.436	111.260	76.802	60.089
380.187	109.878	93.360	61.330
377.232	111.216	76.528	60.517
384.387	111.742	83.998	61.979
383.014	112.037	73.124	61.648
385.244	111.953	74.532	63.489
384.572	113.054	82.489	61.481
384.974	113.324	78.813	60.748
383.481	111.538	75.407	60.613
398.198	107.883	89.066	64.526
393.700	107.138	96.438	78.170
375.141	98.165	94.200	87.140
374.365	91.960	112.452	65.239
372.204	85.095	109.669	66.445
370.682	82.182	105.385	67.570
371.747	79.510	112.076	72.688
367.780	82.295	94.342	67.497
372.169	87.427	79.227	66.060
386.912	88.450	95.142	64.830
385.879	93.727	97.114	62.628
385.484	101.864	93.744	60.935
377.924	105.341	81.885	59.973
385.426	108.218	65.576	59.539
386.805	111.710	67.267	56.667
387.782	112.031	81.197	57.013
383.385	112.543	70.572	56.625
384.311	112.252	67.168	57.655
382.595	110.678	68.838	57.759
409.364	110.330	86.325	54.424
410.324	98.100	84.654	59.253
418.341	93.299	79.323	63.011
375.128	97.662	99.564	60.502
377.918	93.554	109.471	63.480
372.780	96.245	94.150	62.586
373.032	100.065	84.129	60.770
373.646	102.352	75.810	57.997
377.567	105.645	81.148	61.360
404.495	108.556	81.504	77.382
382.922	116.810	88.716	66.491
390.946	116.927	94.902	66.388
392.036	117.039	90.162	64.212
421.416	111.861	89.707	66.050
427.536	107.488	89.166	66.163
435.367	102.360	89.511	70.587
448.317	97.393	93.239	70.085
451.720	92.203	102.428	68.233
456.592	88.842	101.881	68.638
461.403	86.845	101.981	67.522
464.261	86.686	96.106	67.867
466.933	89.711	92.159	67.620
466.843	94.067	88.034	64.290
465.954	97.016	84.045	63.100
466.277	99.021	75.034	62.509
464.720	99.894	60.994	63.192
465.642	100.154	60.279	62.536
466.037	99.860	59.452	62.334
466.657	99.744	59.622	61.060
468.004	99.972	58.773	61.284
468.903	100.161	58.040	61.382
470.724	100.194	56.598	60.670
471.862	100.181	54.760	60.752
472.253	100.946	52.996	59.153
470.835	101.323	51.242	59.348
463.305	100.451	55.009	59.069
457.289	100.718	57.365	56.682
452.508	102.866	57.329	51.446
449.169	104.867	58.134	47.453
446.191	103.099	59.105	46.898
443.973	101.120	60.896	46.138
442.328	98.719	63.651	49.033
442.614	98.324	68.389	58.188
447.862	94.926	66.377	61.549
457.590	90.936	66.075	64.530
468.701	89.003	57.010	60.191
476.759	89.413	56.001	54.229
479.549	84.449	57.528	56.657
479.908	78.087	64.782	53.295
481.391	75.359	66.525	53.400
482.576	73.071	65.483	55.195
481.233	69.711	64.568	57.118
480.188	67.013	68.699	60.603
479.949	64.741	70.665	63.414
480.333	66.518	70.757	61.952
484.072	71.844	70.244	54.559
487.334	73.673	70.745	53.305
495.191	74.167	66.822	54.725
502.897	75.643	62.218	55.739
508.088	77.808	60.278	55.562
511.171	80.129	59.382	55.662
514.169	81.031	58.541	54.666
517.015	82.579	57.882	53.533
519.672	83.405	56.609	55.171
521.699	84.734	56.338	54.625
522.929	85.762	57.290	55.008
524.494	86.798	56.735	55.430
525.475	86.983	56.328	55.037
526.690	87.284	56.125	55.750
527.465	87.926	56.724	55.572
528.504	88.360	56.299	55.538
529.522	89.920	56.077	54.628
530.594	90.046	56.135	55.550
531.267	90.662	56.177	54.591
531.686	90.595	56.809	56.425
532.058	90.884	56.807	56.151
532.187	91.044	56.634	55.708
532.350	90.990	56.979	55.478
532.812	90.502	56.272	55.370
533.205	90.577	55.447	55.186
532.562	88.941	56.431	55.455
531.942	87.556	56.892	55.753
532.041	86.876	57.045	55.417
532.350	85.418	56.462	56.034
532.729	84.729	56.488	55.768
533.285	83.633	56.429	55.119
534.089	82.700	56.056	55.295
534.855	83.031	54.969	54.565
534.770	83.057	56.401	54.017
535.376	83.146	55.743	53.632
535.037	83.400	56.116	53.508
535.222	83.456	55.816	53.275
535.403	83.828	55.384	53.107
535.328	83.779	55.855	53.673
535.406	83.701	55.489	53.403
535.812	84.076	55.116	53.892
536.177	84.241	54.977	53.313
536.498	84.477	55.227	52.698
536.881	84.427	55.190	52.861
536.955	84.071	55.485	53.288
537.465	83.855	55.002	53.751
537.365	83.883	55.532	53.616
537.661	83.537	55.492	53.580
538.141	83.104	55.671	53.354
538.689	83.296	56.817	54.040
540.204	82.632	57.345	53.862
541.434	82.259	56.343	54.789
542.256	82.145	56.512	54.166
542.456	81.745	57.156	54.401
542.830	81.491	56.908	54.648
543.090	81.202	56.610	55.042
542.766	81.462	57.678	54.468
542.913	82.644	57.339	53.573
543.080	82.572	57.069	54.051
543.312	83.331	57.300	54.406
543.801	83.855	56.369	53.696
543.938	84.332	56.430	54.597
543.700	85.317	56.511	54.042
544.082	86.098	55.287	54.498
543.161	86.974	55.584	54.062
542.559	87.539	55.564	54.425
541.196	88.167	56.549	54.991
540.412	89.029	56.937	54.044
540.629	89.734	57.815	54.848
542.197	91.810	58.280	53.015
544.081	93.724	60.808	53.965
545.030	95.815	63.522	52.568
544.619	99.394	66.733	51.513
546.854	106.849	61.037	46.748
536.169	113.935	66.146	42.208
530.566	119.166	65.583	42.330
515.625	123.176	65.698	43.072
490.513	123.579	66.737	44.475
466.831	125.472	62.264	44.197
449.390	124.614	58.186	40.382
436.906	121.413	62.911	43.350
427.973	121.130	67.350	42.780
424.352	120.096	64.912	40.768
422.329	112.982	65.711	43.330
418.308	106.101	69.196	46.163
432.500	96.788	57.315	54.878
445.023	86.862	58.846	67.567
448.937	79.520	56.385	67.025
469.162	74.236	40.988	74.871
482.278	72.389	37.807	67.628
489.419	71.756	42.228	63.462
486.529	73.511	51.225	61.066
483.725	75.596	57.001	58.029
481.123	80.278	55.931	55.337
480.830	85.650	53.928	53.492
481.281	90.918	53.313	52.750
482.126	92.648	53.625	50.596
483.210	92.794	55.875	47.670
487.417	92.124	55.135	51.276
490.659	91.194	56.560	50.049
494.373	91.058	55.621	49.012
496.636	89.855	56.153	51.046
498.423	88.959	55.140	51.588
499.198	88.801	55.039	51.793
499.490	88.721	56.231	49.899
499.907	88.517	56.155	51.035
500.864	88.290	55.868	51.408
501.415	88.236	56.201	49.871
501.795	88.067	56.810	50.410
502.359	87.451	56.411	50.045
502.366	87.412	56.311	50.164
502.598	87.147	57.008	50.298
502.962	87.283	57.002	50.364
503.107	87.176	56.536	51.105
501.639	86.638	55.711	53.526
499.484	86.966	56.105	52.760
497.168	88.163	55.829	50.917
494.153	87.721	56.408	52.532
492.002	87.532	56.212	52.200
489.642	87.200	56.158	52.397
487.642	87.458	56.672	51.106
468.059	87.263	75.212	60.107
435.480	84.442	87.805	60.353
427.476	84.935	83.592	60.956
437.536	87.143	88.120	62.658
443.941	89.338	78.906	67.937
446.478	88.619	82.323	73.227
446.838	92.505	80.766	69.678
448.904	93.001	86.282	69.357
446.005	98.354	82.438	64.709
446.744	101.255	78.503	62.491
448.115	95.482	80.139	68.647
448.844	91.961	80.485	69.431
453.292	91.110	78.630	68.204
457.534	91.006	76.101	65.230
450.879	90.092	81.565	62.829
440.461	89.441	89.585	62.053
436.794	87.317	89.356	58.762
433.416	84.528	85.884	61.379
430.777	81.582	77.604	64.232
430.904	79.108	81.739	64.697
429.621	77.788	84.215	66.770
426.527	75.795	87.109	67.376
426.422	75.707	88.176	66.168
425.626	74.869	88.721	66.612
424.443	73.868	90.004	67.555
423.851	73.948	90.834	66.135
424.187	73.957	91.750	66.134
423.859	73.991	91.691	65.680
424.432	73.626	91.055	66.959
424.109	74.271	90.863	66.726
423.922	74.343	90.918	67.242
424.252	75.035	90.235	66.286
424.488	75.585	90.361	66.201
424.382	75.724	90.664	66.429
423.782	75.542	90.725	67.247
423.761	75.962	90.665	65.785
422.665	75.615	92.371	66.205
420.880	75.976	95.189	64.590
416.726	75.681	97.082	63.283
409.324	73.882	85.888	64.708
404.428	72.688	85.300	63.908
401.865	71.247	82.613	63.499
400.054	71.627	81.543	62.980
398.124	72.347	82.557	63.070
398.135	73.165	81.417	63.895
405.254	82.955	94.005	57.742
400.005	79.970	75.939	65.125
407.914	82.096	81.604	64.774
401.043	82.257	79.008	63.516
397.469	83.784	85.000	59.966
396.606	84.390	83.859	59.108
396.135	83.587	85.045	59.650
396.017	83.463	85.361	60.203
397.561	84.315	82.062	60.509
422.233	84.026	79.332	59.101
400.626	83.972	77.117	59.860
411.776	84.463	79.888	60.005
411.469	83.911	81.679	60.460
412.496	84.480	93.842	60.736
442.435	85.717	86.263	63.441
452.166	88.191	88.948	63.400
461.610	90.514	82.934	64.944
468.244	94.116	85.150	64.100
474.928	97.220	86.383	63.040
483.141	99.642	81.401	63.743
490.786	102.110	82.066	63.042
497.655	104.913	83.811	63.823
502.083	106.047	85.178	62.725
505.119	106.806	84.741	63.164
506.476	107.058	84.003	63.334
506.522	107.101	84.877	63.607
507.222	106.978	84.064	63.699
507.277	106.638	83.148	63.645
506.994	106.435	83.437	63.187
505.659	105.833	85.576	62.824
506.295	106.421	81.269	61.365
506.413	107.154	86.025	60.953
506.073	106.806	85.867	62.689
504.711	107.074	87.540	62.535
502.403	107.086	87.475	63.435
500.696	106.964	87.301	63.053
499.259	107.950	83.551	62.412
498.163	108.373	88.233	62.180
496.380	108.461	87.529	63.463
492.385	109.603	87.686	64.388
488.398	109.968	88.299	66.205
484.516	111.594	89.587	64.694
482.788	112.245	87.519	64.000
477.859	112.548	88.891	62.896
476.704	111.950	85.679	63.612
474.037	112.607	85.937	64.623
466.693	99.446	94.500	75.645
430.506	103.511	105.187	64.310
436.074	108.889	107.345	69.187
442.011	108.850	94.637	71.782
446.099	110.268	95.348	73.601
449.304	111.776	87.754	75.769
450.076	114.432	99.982	73.273
449.984	119.422	106.076	69.735
451.712	124.687	103.389	68.446
448.896	126.391	104.434	65.338
449.303	127.932	101.478	62.257
452.753	128.172	95.977	61.960
456.034	128.053	89.190	60.809
455.302	127.584	85.182	60.993
456.128	128.764	83.577	58.433
455.766	129.811	83.534	58.921
457.969	131.491	85.600	58.657
460.055	132.195	86.368	58.753
465.264	132.059	84.256	58.909
470.321	130.226	80.654	60.347
471.557	128.822	81.841	60.819
471.574	128.137	83.118	60.091
472.130	126.593	77.320	61.489
472.745	124.810	79.347	60.357
472.587	123.709	78.570	61.212
472.775	122.128	80.109	61.125
473.944	121.994	81.955	60.472
474.337	121.204	81.748	60.470
474.619	119.972	80.567	60.362
474.668	118.569	81.845	60.250
473.689	117.276	78.424	60.757
471.077	114.222	77.276	62.521
470.213	111.170	78.896	64.973
471.450	109.612	79.119	64.006
467.377	108.986	78.021	63.382
467.285	106.997	75.815	63.461
466.008	106.872	78.407	62.522
464.305	106.329	77.600	61.984
463.775	106.197	77.900	61.714
463.151	106.000	77.853	61.342
462.736	105.645	79.053	61.279
461.955	105.293	79.940	60.904
462.024	104.275	76.301	61.037
459.667	104.138	82.028	61.481
454.811	103.947	85.809	61.685
449.717	103.413	88.082	61.696
443.816	103.781	93.047	60.876
440.708	103.908	90.238	61.108
437.042	102.718	88.119	63.700
412.876	94.392	103.556	71.665
413.057	96.702	97.945	71.423
409.101	97.940	97.583	72.158
411.307	97.610	91.437	74.083
405.597	96.857	91.544	73.398
413.084	95.091	83.040	76.873
407.629	95.821	89.865	75.910
403.345	96.417	94.161	75.839
403.201	92.867	98.324	76.679
400.099	92.587	107.606	76.509
439.897	92.063	89.575	68.794
461.862	93.828	88.504	62.476
481.901	95.309	87.538	59.511
499.915	99.261	87.342	57.293
511.953	104.609	83.936	56.109
521.982	110.174	84.011	55.027
525.055	116.410	82.193	52.274
526.544	117.571	81.259	53.395
525.630	118.010	82.020	54.561
523.551	117.896	86.543	55.097
522.645	117.645	88.779	56.768
521.699	117.788	89.685	57.487
521.386	117.736	89.498	58.089
520.428	117.200	89.864	59.320
519.510	115.773	88.479	60.943
518.121	111.781	87.317	62.810
512.585	106.620	88.420	64.313
508.844	101.095	87.678	69.205
508.459	94.438	80.499	74.815
506.367	88.368	75.577	78.389
501.512	81.350	69.957	82.723
494.297	77.052	67.596	82.018
483.170	75.762	71.327	82.228
474.079	79.960	75.050	79.308
467.869	87.950	82.907	73.859
465.808	94.778	91.900	62.188
468.170	96.869	95.663	61.225
476.146	95.630	94.290	68.511
488.352	94.369	86.842	71.021
494.864	97.247	83.748	72.616
499.547	97.561	78.390	73.489
499.577	99.584	75.188	72.108
496.147	100.590	78.277	71.947
492.552	100.321	79.607	73.071
492.530	101.513	76.589	65.698
499.531	98.154	61.714	62.220
499.953	93.219	62.664	61.441
501.986	91.512	70.347	61.250
492.715	93.938	85.104	38.511
491.679	94.445	88.199	35.796
497.745	88.981	83.150	46.592
503.860	87.568	76.710	57.528
501.640	93.475	77.766	59.899
499.612	97.703	78.251	65.004
498.046	102.321	76.584	66.839
497.277	106.556	75.766	67.878
496.691	110.553	73.131	68.154
496.612	112.345	72.954	68.952
496.466	113.248	73.549	70.909
496.723	114.986	73.616	68.743
495.894	116.248	73.227	68.388
491.224	120.341	79.411	63.448
485.523	124.231	83.977	56.892
476.269	129.092	89.442	49.476
458.533	134.986	100.874	39.228
440.367	136.428	106.439	38.468
430.901	139.261	98.645	35.703
429.927	141.602	80.622	34.730
402.258	140.107	95.250	40.941
391.190	122.638	92.650	64.873
385.870	139.548	82.179	53.306
388.452	135.094	81.598	63.651
428.160	109.029	81.861	72.303
412.896	118.988	93.131	75.050
427.041	109.648	86.966	75.495
431.408	113.307	81.511	74.137
360.389	143.738	90.084	66.057
371.097	146.155	86.619	65.053
365.749	145.945	92.280	63.888
362.755	146.119	95.326	62.497
356.431	147.151	97.914	60.417
354.660	148.031	94.923	60.749
360.588	149.686	94.800	63.361
355.030	150.490	91.018	63.446
353.018	150.747	95.096	64.584
353.506	149.762	81.951	66.524
346.822	150.457	78.338	66.018
346.962	152.743	74.601	67.213
340.789	150.563	76.611	70.612
344.646	153.555	66.139	68.047
342.477	154.772	64.051	66.468
348.541	149.692	62.533	69.038
347.539	150.044	61.291	68.885
352.520	147.973	65.284	69.968
351.004	143.873	71.617	70.963
356.603	142.922	72.786	68.456
365.405	145.015	80.987	57.080
381.250	145.263	80.213	58.135
386.162	96.366	83.031	52.329
368.840	93.193	81.726	43.543
335.234	89.533	104.010	47.797
299.211	89.503	111.070	56.688
283.288	97.658	109.784	56.167
265.559	105.346	117.382	57.518
256.043	111.811	116.167	57.189
251.364	114.962	111.685	58.735
245.674	117.656	117.670	58.564
248.312	119.569	116.716	57.432
249.755	120.805	117.658	55.885
253.005	121.799	116.400	54.133
257.989	121.823	114.736	51.671
267.075	121.354	110.337	46.123
281.500	119.750	101.788	41.421
299.326	117.629	90.426	39.799
314.496	103.655	80.369	44.337
328.919	101.407	76.452	37.159
344.896	98.741	73.440	33.992
361.876	100.291	74.405	34.474
373.335	99.736	72.953	36.717
380.504	101.368	74.680	36.367
431.433	120.041	70.082	63.404
404.793	111.679	76.467	61.195
403.449	114.562	75.294	59.133
408.728	113.394	68.870	60.539
408.802	112.986	67.422	63.076
412.317	113.208	65.846	64.168
411.792	112.778	67.283	64.350
409.360	114.747	71.060	60.257
408.236	117.155	73.626	56.857
406.638	119.333	75.492	46.227
406.470	119.317	75.437	44.285
402.800	117.968	76.244	46.567
397.118	117.763	80.893	45.198
385.835	121.415	91.566	45.133
392.071	123.073	105.013	44.312
395.289	116.067	115.590	51.864
418.726	115.988	91.192	43.995
445.439	115.930	80.393	43.053
461.870	116.784	72.054	52.778
474.259	121.232	68.135	52.502
488.875	126.857	61.515	56.991
504.744	134.504	53.074	57.776
508.421	141.821	53.370	59.785
513.845	145.499	51.510	60.783
515.059	147.403	51.476	61.284
514.705	148.455	53.055	61.618
512.832	148.993	55.117	59.953
509.357	148.020	57.502	60.079
507.963	145.911	57.024	59.945
502.695	145.489	58.890	58.190
495.728	144.181	63.376	57.342
486.964	144.646	68.153	55.190
476.721	144.565	74.571	53.761
465.529	145.036	78.827	53.600
454.162	144.296	82.169	54.343
437.606	144.824	86.690	53.986
436.829	146.181	82.515	49.370
425.698	147.655	82.034	45.132
426.275	144.686	68.528	48.120
424.622	148.610	76.511	37.386
391.602	104.448	72.961	57.658
393.609	106.762	76.396	57.532
400.406	111.785	71.292	52.234
400.374	116.482	71.375	47.136
400.090	126.827	76.973	35.936
400.168	131.148	78.039	34.599
398.908	130.857	78.933	33.590
399.875	132.396	81.099	33.320
401.297	132.024	83.972	34.907
403.374	132.249	83.773	35.845
403.979	132.452	82.586	36.437
404.705	133.731	79.837	35.625
404.954	134.595	81.364	36.798
401.204	135.632	81.165	37.653
394.148	135.165	85.801	37.082
393.970	134.332	84.066	36.358
396.925	132.635	100.511	35.071
380.995	130.425	121.665	32.758
374.220	130.722	135.290	28.873
421.799	132.168	113.874	34.637
448.361	132.141	94.081	40.751
466.166	135.344	90.619	44.882
480.740	142.285	84.075	44.364
486.032	143.291	89.214	50.229
505.327	148.726	76.697	55.002
509.276	155.187	80.554	58.126
512.431	162.586	79.826	57.098
514.583	166.420	80.118	57.092
516.204	169.225	76.025	55.224
515.653	171.175	76.373	53.712
517.082	171.563	74.632	52.971
517.531	171.573	75.328	51.470
517.918	171.140	75.742	49.499
518.498	171.309	76.561	48.008
519.170	171.404	74.884	47.860
519.595	171.753	73.915	48.547
519.782	172.174	74.187	49.154
519.976	172.399	75.186	50.468
520.233	173.624	75.681	49.648
520.959	173.419	76.111	50.065
521.620	173.500	75.175	49.810
523.070	172.458	77.003	50.293
525.707	165.854	80.305	55.082
527.032	157.789	79.654	62.073
527.453	149.560	76.150	67.410
526.433	140.661	70.969	70.449
525.417	130.406	56.967	72.329
525.428	124.519	44.461	69.809
508.663	124.613	42.542	65.023
497.503	123.397	44.665	67.660
484.961	123.579	56.411	70.485
477.115	124.483	64.685	73.176
475.129	127.140	66.685	72.449
473.233	126.841	72.379	74.630
473.121	126.556	73.775	73.551
473.987	125.981	72.505	74.227
473.368	126.557	73.458	74.619
473.685	127.702	74.515	75.092
475.441	128.234	73.087	74.444
475.649	129.137	73.576	71.264
476.763	128.874	73.022	71.265
478.185	128.281	70.796	73.870
479.940	130.914	68.317	71.541
478.590	127.717	65.272	72.170
479.956	128.495	63.348	76.948
476.089	130.987	63.840	73.474
469.717	131.881	64.301	73.129
465.845	133.952	63.457	74.107
464.490	133.623	66.649	73.505
464.541	137.715	66.433	67.428
464.902	142.429	66.427	63.179
467.230	146.329	66.870	61.730
473.128	148.704	62.236	63.361
478.651	151.061	60.966	64.895
485.412	151.944	58.965	67.950
493.331	152.592	56.612	68.445
499.680	152.098	53.302	69.260
501.800	153.752	53.009	65.319
503.856	154.565	52.472	65.252
505.108	152.378	51.959	69.269
504.013	148.095	52.109	73.222
502.152	146.890	54.667	75.045
500.471	144.310	57.272	75.465
499.161	144.909	54.976	75.246
497.751	144.751	55.388	74.858
496.874	144.390	55.843	74.890
496.079	143.900	55.562	75.461
495.426	143.923	55.816	75.376
494.748	144.033	57.029	76.288
494.468	143.934	57.052	76.409
493.765	143.558	57.504	76.527
492.870	143.779	55.944	76.207
492.274	144.082	56.037	75.746
491.850	143.796	56.865	76.026
491.153	143.807	56.667	76.198
490.216	141.898	55.860	76.126
489.121	142.760	57.690	76.636
488.800	140.300	60.861	79.434
487.470	138.146	63.271	78.385
486.178	138.815	63.791	77.110
485.924	138.777	61.596	76.742
485.345	138.341	61.016	78.185
485.163	137.745	60.296	77.274
484.709	138.247	58.209	78.549
483.819	135.586	61.443	77.902
483.370	136.835	58.422	76.172
482.744	134.599	59.850	77.444
481.420	133.888	60.991	76.854
480.238	132.545	61.744	78.110
478.887	132.909	61.260	78.307
476.985	130.330	63.705	78.648
474.389	132.087	61.670	76.326
471.974	128.252	66.052	78.681
468.605	128.056	65.624	78.107
465.714	127.434	65.025	76.723
463.375	126.077	63.722	76.081
460.991	124.586	63.554	75.539
458.767	123.280	63.313	73.165
456.767	123.060	62.543	71.610
455.930	122.718	63.485	68.783
455.426	123.725	63.150	68.297
455.180	123.857	63.812	68.447
455.471	125.552	65.656	68.112
455.738	125.983	66.101	68.399
455.945	127.367	66.652	63.705
456.355	127.952	64.395	61.875
456.124	127.839	63.941	59.841
455.348	129.178	63.348	58.102
453.956	129.161	61.507	58.494
451.535	129.333	62.403	57.583
449.370	129.753	63.439	56.836
447.865	129.360	63.248	57.415
446.789	129.659	62.590	57.571
443.423	132.687	65.051	55.996
441.828	135.729	67.786	55.424
434.793	137.448	76.577	55.360
433.167	138.913	79.989	56.326
426.266	140.136	86.526	55.950
420.620	141.138	94.385	56.163
417.949	141.340	99.372	56.551
415.566	141.882	104.377	56.823
410.300	142.508	107.897	56.800
408.473	143.419	91.723	53.157
407.753	142.691	88.191	50.092
473.945	144.562	58.603	63.932
479.495	145.133	54.985	62.559
484.657	144.959	51.670	64.261
491.133	145.234	48.943	65.004
494.406	145.525	48.591	66.295
498.839	147.441	46.608	63.356
502.166	148.180	47.116	62.804
505.421	147.449	48.357	62.583
507.316	146.247	51.334	63.246
511.077	144.914	47.428	64.047
517.383	145.850	42.075	64.076
518.494	145.671	45.894	63.905
522.243	146.387	49.578	63.077
523.100	143.507	51.139	65.160
523.222	140.794	52.120	64.452
524.021	139.927	52.527	65.305
525.564	137.277	52.239	62.642
527.978	139.021	52.883	61.235
528.839	136.870	52.515	63.118
530.530	135.434	51.534	63.681
529.605	138.908	52.085	58.913
528.817	141.405	53.039	58.583
528.114	143.855	53.396	57.632
525.759	145.622	55.872	58.015
520.845	146.464	60.664	57.298
517.102	147.438	63.461	56.258
515.312	146.964	64.193	57.934
513.008	147.630	65.344	59.389
510.442	150.650	70.726	59.464
509.870	152.723	74.420	59.367
510.670	152.646	74.158	60.347
512.847	152.777	72.790	60.318
514.316	152.484	71.815	60.699
514.995	152.453	74.219	61.294
515.819	151.432	77.024	62.927
516.870	148.893	81.100	65.196
519.250	149.177	82.972	65.121
523.446	149.444	82.170	66.563
527.295	149.784	80.516	67.510
531.102	151.485	75.170	67.026
535.107	152.780	64.631	65.934
538.576	156.146	54.604	61.930
536.018	155.068	45.863	60.342
525.482	157.657	52.218	52.932
515.345	153.213	55.686	54.978
508.952	151.860	56.908	53.663
502.984	142.793	55.678	56.939
492.907	139.144	61.207	52.059
486.680	138.173	62.557	48.399
479.609	136.317	59.370	48.380
468.285	134.617	63.645	49.547
464.251	133.708	60.937	51.160
462.309	133.387	57.975	49.726
439.561	130.288	73.678	52.333
423.499	125.042	77.008	58.522
424.883	127.808	75.259	59.460
429.659	131.020	68.738	58.011
427.561	133.733	71.635	54.985
427.418	135.165	70.431	54.220
424.372	136.346	72.112	57.220
424.789	138.160	72.219	58.440
422.848	138.110	76.290	61.752
426.990	141.615	83.803	70.184
420.429	146.745	77.960	56.884
429.910	150.099	68.044	54.930
426.326	152.883	70.030	49.078
425.123	155.802	67.622	46.441
424.512	155.284	66.804	48.803
428.764	162.306	61.586	46.452
430.905	165.728	61.717	43.367
430.816	168.482	62.032	40.862
431.343	168.392	60.381	40.827
433.002	170.677	64.775	38.631
433.143	171.364	64.872	37.273
437.374	170.489	63.740	36.841
434.859	160.178	69.138	41.100
420.426	150.220	81.830	40.018
409.614	144.652	86.013	36.133
388.223	129.433	79.174	44.087
375.862	123.097	90.694	47.547
347.378	101.894	87.447	60.735
340.796	101.973	104.286	64.944
319.826	97.630	107.187	63.441
313.935	103.023	96.164	75.444
271.095	98.157	111.092	93.801
247.245	105.441	111.188	88.792
224.374	120.056	102.829	90.414
196.562	140.551	105.097	80.327
179.714	145.171	104.700	90.527
264.944	251.867	78.451	66.016
268.863	270.037	75.465	77.480
263.365	285.738	70.806	109.556
219.610	241.976	109.110	131.625
124.695	244.824	109.019	126.253
122.834	313.827	124.590	118.409
125.487	384.954	133.370	114.358
