297.000	238.000	37.000	109.000
294.915	237.415	36.256	111.092
292.818	236.268	38.149	108.986
290.773	235.454	39.360	106.981
288.716	234.667	40.634	107.802
288.492	235.009	41.647	104.385
289.945	233.834	40.917	105.811
292.306	232.835	39.052	107.897
271.732	233.093	38.542	104.170
224.520	234.477	39.998	101.935
187.985	235.691	38.898	101.304
150.522	232.773	39.380	102.330
142.645	231.671	39.755	105.228
138.678	232.002	42.493	103.677
138.236	230.113	43.793	103.371
138.645	229.746	42.991	104.499
141.158	226.955	38.796	102.777
141.502	226.274	35.380	104.654
139.407	226.693	35.761	104.752
137.296	227.078	36.046	103.285
134.605	226.014	36.279	103.481
129.858	225.304	39.265	104.660
126.378	225.042	40.333	102.960
123.643	224.942	39.902	101.161
122.140	224.631	38.949	103.253
122.587	222.864	37.684	104.072
122.914	221.911	36.536	103.028
122.652	221.378	35.291	101.753
119.518	221.562	35.517	102.606
114.885	222.236	36.440	101.119
111.935	221.026	36.685	101.072
106.759	220.505	37.802	99.827
101.416	220.028	39.210	100.873
98.957	220.131	39.629	99.061
98.131	219.664	38.989	98.935
98.336	218.715	37.065	100.063
98.445	217.597	35.943	98.985
96.981	216.998	32.916	99.362
93.571	217.293	33.337	100.273
90.164	217.810	33.733	98.955
88.139	216.022	33.421	99.930
80.922	215.613	36.184	99.577
74.780	215.454	39.010	101.381
70.575	216.311	41.013	97.270
70.456	215.446	38.063	97.547
71.054	213.657	34.196	98.053
69.609	212.988	31.021	100.041
65.584	213.137	31.672	100.612
57.717	213.954	37.156	98.399
54.309	213.446	38.873	98.243
47.807	212.567	35.021	98.411
56.287	212.027	36.726	100.138
83.641	211.911	38.828	100.444
125.871	210.837	37.571	98.974
146.982	208.180	34.872	104.309
188.165	207.889	37.754	98.917
211.791	209.855	44.213	98.443
235.051	213.839	46.784	90.640
232.061	210.632	38.706	95.428
222.907	212.475	39.111	91.255
225.505	211.606	34.658	89.765
223.834	211.760	35.484	89.262
219.395	210.905	38.032	89.450
216.838	210.650	35.785	92.006
213.384	206.552	33.455	95.419
205.578	204.116	33.598	95.555
209.354	210.856	34.576	89.815
208.245	210.710	35.728	91.786
197.688	207.074	37.878	89.863
221.500	212.551	41.812	92.397
219.874	209.039	31.100	97.618
216.064	201.020	38.345	98.115
160.021	194.971	35.079	86.932
219.270	208.823	22.704	101.457
222.870	206.549	31.264	91.826
221.223	211.516	32.252	93.120
222.922	205.306	34.242	94.115
220.687	203.463	34.860	96.368
219.903	210.776	33.430	94.770
216.784	198.032	38.743	102.881
256.177	208.546	39.359	95.526
282.365	201.615	45.616	93.686
309.898	204.510	38.942	99.744
353.900	203.595	42.161	95.589
329.739	200.505	51.025	92.089
337.240	198.851	59.463	104.310
361.105	193.311	58.445	106.514
388.910	202.845	51.353	96.809
467.563	197.478	39.095	106.814
465.019	195.279	41.989	105.843
469.905	201.054	35.341	98.870
467.556	199.653	38.014	98.653
469.230	203.711	37.015	97.167
468.909	205.013	32.904	95.938
473.356	207.695	31.765	96.643
470.301	206.642	38.728	91.081
469.594	200.786	33.814	96.339
471.589	203.913	32.672	91.832
472.020	209.275	34.647	91.456
469.471	200.014	40.205	101.651
447.498	189.421	48.553	102.910
465.803	202.826	35.632	101.527
468.758	201.878	32.357	96.761
473.027	204.573	32.340	90.268
469.670	201.552	31.907	94.039
466.377	201.085	36.110	99.470
467.537	204.863	35.303	100.129
467.465	201.510	38.448	98.626
467.588	204.481	38.184	93.825
471.894	206.518	33.153	91.815
466.318	200.939	39.452	92.101
467.896	199.796	39.875	98.635
467.840	205.068	36.574	94.587
471.368	203.758	32.150	96.121
470.503	203.678	33.794	94.065
466.556	204.557	39.407	93.066
