124.000	392.000	57.000	59.000
131.193	375.288	52.641	57.155
137.676	361.372	51.153	51.704
147.484	346.558	52.407	44.644
158.164	335.633	52.707	45.731
169.070	328.041	53.714	40.420
180.482	323.867	56.181	39.000
192.256	323.353	62.030	43.872
207.996	326.525	53.984	41.187
222.950	333.508	52.686	43.653
237.076	344.236	53.338	52.140
248.519	365.408	51.975	49.430
257.031	386.967	49.446	49.184
263.614	410.764	47.893	45.089
259.959	389.858	45.742	48.008
257.586	371.785	46.413	51.529
257.788	358.881	44.576	51.581
260.149	342.180	46.653	56.844
259.913	335.015	48.071	41.756
272.733	333.543	52.460	37.959
270.492	331.330	62.436	39.075
286.286	333.279	51.610	39.474
295.416	338.507	43.644	40.218
302.705	349.193	44.827	48.509
307.323	372.271	45.886	43.248
307.757	394.725	47.940	47.951
306.345	393.473	49.556	50.121
301.516	375.199	51.950	58.353
295.493	359.789	52.576	53.886
290.454	345.931	53.193	51.030
286.955	335.688	52.098	48.346
283.784	324.884	52.168	48.476
281.178	312.507	50.953	49.818
278.156	299.519	51.361	52.551
276.506	291.460	50.817	49.306
274.694	285.732	51.883	50.700
273.190	283.999	52.769	51.934
273.349	285.694	52.036	52.632
273.384	293.865	50.014	55.799
273.200	308.203	47.205	55.254
261.677	341.117	53.525	54.173
254.347	358.629	50.808	56.961
246.441	386.697	52.736	51.776
234.373	402.958	51.981	48.505
223.053	379.985	49.997	50.757
212.455	357.124	49.037	54.732
204.266	344.720	47.478	51.714
198.688	334.326	46.125	46.769
194.834	322.272	46.746	42.919
192.003	314.001	48.455	39.477
195.135	308.517	47.306	38.937
198.053	305.068	51.259	35.707
212.164	304.162	48.882	33.864
225.739	303.468	44.570	36.213
241.210	304.968	36.218	38.563
242.525	287.784	42.690	56.577
243.112	280.032	60.176	64.621
266.439	295.289	70.642	76.066
296.983	312.433	74.891	67.879
321.500	313.797	64.706	77.869
315.338	224.340	62.377	71.005
317.121	236.526	74.209	66.375
352.014	373.553	78.587	47.193
375.268	372.258	52.779	58.631
374.463	362.734	51.438	52.948
371.111	352.350	52.447	50.993
366.835	340.897	52.128	50.710
365.046	329.306	48.795	52.197
361.460	317.597	50.836	49.686
359.617	307.125	48.964	46.504
355.778	296.323	48.449	46.277
353.363	284.994	49.395	46.525
349.965	274.810	52.032	49.885
352.349	263.789	51.154	48.542
357.249	254.575	48.630	50.121
355.935	249.417	51.687	50.057
358.623	247.618	53.003	47.236
362.726	244.307	53.893	49.396
368.770	247.903	56.938	50.034
374.374	254.085	59.916	54.113
384.686	266.341	57.730	57.243
390.597	290.178	57.047	57.581
396.529	323.394	54.152	61.951
399.405	387.257	53.203	60.502
395.308	405.122	56.875	53.042
385.317	374.209	56.675	60.558
369.260	344.702	62.625	63.661
359.910	339.959	60.584	56.335
340.355	293.013	57.912	54.224
332.144	276.984	58.657	53.222
326.233	259.663	60.238	56.825
318.023	243.122	60.684	60.601
312.435	237.223	64.868	58.128
310.409	234.633	66.163	53.022
311.003	231.165	67.158	50.733
314.726	228.202	69.311	50.944
322.088	226.233	68.033	52.020
337.638	226.465	72.868	49.148
361.046	230.960	67.337	50.645
382.166	239.646	67.906	53.974
405.015	250.489	58.654	59.595
417.447	266.147	60.611	65.548
431.197	283.017	60.739	63.116
450.014	318.021	59.173	57.228
448.910	341.931	60.479	64.217
453.004	380.139	55.505	62.135
447.821	410.436	62.754	48.776
438.570	393.434	59.706	46.030
416.416	342.024	52.497	57.104
408.161	329.123	41.577	51.418
400.327	315.804	39.754	48.206
395.073	295.793	35.121	47.804
394.195	291.486	44.486	38.326
389.412	274.962	46.225	47.107
389.537	272.913	48.211	45.289
390.333	270.067	51.006	41.008
398.634	265.221	49.382	44.117
412.266	258.463	48.587	46.194
427.636	258.354	48.360	45.667
447.876	256.236	48.512	42.610
466.999	268.004	59.285	44.737
484.000	265.045	59.240	61.712
496.103	281.549	76.722	71.781
520.254	287.156	80.435	82.328
551.428	294.913	84.414	68.989
584.545	300.993	75.227	65.369
709.240	227.922	75.897	134.319
656.273	251.697	82.764	59.385
711.461	286.667	55.092	60.232
736.685	319.226	53.153	55.833
753.183	350.806	55.050	54.490
772.797	368.632	55.987	57.674
774.230	349.625	48.529	60.914
772.678	320.194	49.279	59.914
777.425	289.286	46.887	56.440
766.206	266.008	53.013	53.031
757.658	247.142	56.017	50.077
753.424	228.664	53.016	53.572
745.321	218.811	53.806	47.592
736.495	208.843	54.666	44.868
728.194	200.090	53.942	45.833
718.673	191.794	54.097	47.654
709.657	185.718	54.387	47.015
701.512	181.868	55.444	45.630
695.919	177.714	54.510	46.114
692.484	176.678	53.224	43.388
691.432	175.674	52.318	43.131
693.268	178.091	50.812	42.736
693.067	182.885	49.237	42.722
693.478	190.509	49.302	43.732
691.417	198.112	54.490	44.970
697.633	211.493	54.606	47.444
706.286	227.442	52.475	53.347
712.879	251.819	54.646	59.473
717.653	275.736	48.986	63.609
720.238	316.408	50.184	61.300
722.542	353.751	49.710	58.450
724.108	393.421	48.127	53.466
715.282	374.130	52.948	57.043
702.363	341.908	53.636	59.272
692.438	311.514	52.240	58.533
680.605	286.071	55.719	57.818
668.898	261.933	56.670	54.138
659.524	246.044	56.866	51.069
653.975	233.699	54.920	48.116
649.143	223.062	53.576	48.487
641.589	216.628	53.718	45.954
638.464	213.435	50.639	44.030
634.523	211.133	52.290	44.437
634.930	210.117	52.109	45.539
635.636	210.848	53.483	44.719
638.407	215.207	55.418	45.688
647.198	221.281	52.477	47.174
656.352	231.071	52.138	49.735
663.399	243.076	55.781	48.853
672.659	258.232	54.399	48.936
685.052	277.651	56.986	54.850
694.530	302.177	52.501	59.633
703.693	333.361	50.462	57.811
712.645	368.213	49.886	58.187
718.056	400.027	50.533	58.623
721.204	402.938	50.580	57.515
721.342	395.100	49.252	57.320
717.395	377.615	49.669	56.227
711.525	331.538	50.787	54.070
705.448	314.086	50.896	48.659
697.749	298.252	54.484	47.256
694.266	285.574	50.069	48.171
686.393	278.999	50.180	45.216
678.501	272.122	51.537	44.009
672.974	269.606	50.997	44.776
661.583	272.879	54.934	44.524
661.451	282.811	48.807	50.387
658.779	305.129	47.789	53.966
655.414	331.419	49.089	56.513
654.607	361.735	47.585	59.299
652.151	397.114	46.177	55.526
642.590	406.590	51.224	53.269
636.436	386.638	47.233	56.524
621.003	359.011	50.040	54.333
607.684	333.447	50.402	50.092
595.722	308.053	48.654	48.347
588.632	292.314	48.270	44.759
585.926	273.047	49.231	49.541
592.670	256.944	46.543	45.600
567.526	249.295	57.132	45.229
546.975	242.480	63.551	50.257
528.617	243.399	67.581	63.125
513.361	249.941	64.657	56.476
498.898	249.546	65.116	58.170
491.710	254.229	58.286	52.674
492.080	260.333	54.936	46.697
490.250	260.623	56.957	47.425
490.878	262.922	62.893	46.864
507.616	255.448	56.747	55.089
500.014	264.248	63.983	69.462
510.303	257.985	62.684	76.122
556.153	247.239	57.291	54.947
580.624	247.089	47.569	47.108
597.402	248.849	46.245	43.446
604.169	250.412	51.935	45.705
609.869	254.402	51.359	49.341
610.737	261.739	51.545	47.975
611.404	269.018	53.814	47.403
618.294	282.908	53.756	53.057
622.206	304.779	51.840	59.867
621.057	336.466	50.125	61.042
614.246	374.140	50.410	62.062
600.375	409.919	55.537	69.349
590.894	447.768	58.443	53.439
576.864	419.825	55.300	67.177
558.746	378.608	57.972	68.940
549.320	350.906	58.515	69.873
546.214	315.753	52.874	62.112
536.765	300.748	52.354	50.892
530.576	285.780	49.549	48.856
515.025	271.158	50.162	51.467
497.700	259.968	56.504	51.564
482.496	257.986	57.149	47.600
478.840	257.343	56.584	47.528
486.732	253.224	54.854	48.694
504.289	249.034	58.780	52.821
527.931	246.530	58.065	56.308
552.568	241.324	58.727	60.262
596.392	235.578	57.269	63.839
607.667	230.665	59.917	66.185
618.461	226.816	62.272	65.550
630.539	225.868	61.048	64.248
647.914	227.871	60.399	54.642
660.588	228.548	57.312	48.464
670.245	228.269	54.488	50.097
682.049	234.364	53.101	51.684
683.198	244.449	52.192	51.369
678.752	253.925	58.135	51.193
650.093	264.709	59.510	53.117
615.815	282.174	61.924	57.580
593.545	301.473	60.376	60.774
577.628	328.118	56.122	55.806
570.925	363.541	54.051	61.698
566.806	400.103	53.408	62.657
563.684	434.670	51.970	62.147
551.050	471.087	60.767	61.524
529.929	474.981	58.131	59.664
512.097	440.368	55.324	64.783
493.091	408.029	53.654	57.718
487.204	383.187	45.376	55.860
479.545	360.322	47.505	50.951
481.574	349.005	49.967	45.215
501.118	317.922	41.761	52.213
521.655	309.377	45.237	45.269
530.865	304.140	44.178	43.670
535.039	299.750	43.348	41.324
533.739	299.238	45.127	36.276
534.156	302.096	43.678	42.975
540.410	303.361	44.052	38.622
551.426	302.804	40.426	35.285
560.463	299.108	38.169	37.058
567.682	295.660	39.742	40.230
569.693	291.194	39.350	38.499
562.076	286.701	44.184	39.627
546.936	283.030	47.414	40.021
526.779	283.127	51.976	42.882
514.562	285.464	53.810	51.583
513.992	293.421	52.283	49.519
519.643	300.811	51.885	48.357
532.815	309.072	52.714	48.020
543.306	320.356	53.618	51.999
549.843	337.693	51.745	52.206
547.083	364.222	55.922	60.822
553.182	406.842	52.721	59.756
555.036	446.897	53.123	62.081
552.569	488.306	51.668	62.716
537.610	525.306	59.386	48.394
546.247	518.138	52.748	56.869
545.982	481.858	51.476	65.155
544.813	446.713	53.303	59.023
543.581	411.612	52.392	61.495
539.963	380.533	53.717	59.751
534.424	360.580	53.276	57.009
528.937	340.188	50.174	51.376
528.001	325.485	53.295	53.285
527.944	313.445	54.135	50.841
532.012	305.671	50.359	47.708
536.400	298.748	47.275	48.099
532.117	297.618	53.367	51.547
535.133	292.565	53.028	54.377
527.975	288.404	65.564	67.236
534.146	286.522	60.701	64.620
541.351	290.153	59.828	57.787
551.480	293.088	57.227	53.014
557.444	296.996	51.076	54.993
558.003	298.961	57.006	51.764
557.212	297.189	58.385	50.430
557.447	298.090	58.800	50.809
561.932	304.198	60.753	53.472
574.664	300.410	60.068	56.293
590.700	303.978	56.748	50.934
603.730	309.988	54.697	47.539
615.877	317.141	52.983	51.150
621.222	328.167	53.548	50.975
631.080	339.893	55.808	54.242
638.966	358.073	57.377	58.878
643.538	376.946	55.961	65.967
638.247	408.721	54.204	64.156
635.511	438.588	47.351	63.256
606.804	418.738	74.379	69.451
578.270	381.529	86.350	79.248
566.854	466.672	74.995	67.935
555.322	442.610	56.709	61.785
546.670	416.452	50.183	60.665
537.950	393.715	49.904	53.713
532.929	378.101	46.962	48.752
531.805	366.191	47.166	47.298
530.914	358.606	46.161	40.053
534.429	351.041	43.802	40.609
540.767	341.244	44.442	41.000
551.296	333.547	47.859	41.614
560.996	330.989	46.084	41.569
564.230	330.431	46.480	41.520
568.566	330.879	47.268	46.537
574.194	345.275	48.106	45.756
580.485	371.004	47.057	54.016
588.373	404.245	47.035	56.946
594.964	433.320	49.084	55.623
602.693	472.285	48.216	49.316
611.869	455.431	53.254	53.032
621.083	433.110	48.391	51.954
632.878	410.635	46.703	49.692
641.147	392.074	56.761	47.836
639.677	384.254	71.901	60.759
656.143	397.315	73.671	63.014
659.176	367.013	72.867	80.536
657.299	391.472	75.088	69.366
658.041	388.318	68.288	69.716
667.159	362.926	67.820	69.406
664.385	330.946	65.031	85.605
662.046	311.763	69.783	79.480
666.031	298.803	64.228	65.831
660.078	297.790	61.378	59.156
651.882	300.516	61.796	57.740
605.121	295.805	57.470	45.578
595.168	305.386	56.688	38.614
608.953	313.599	81.175	97.653
568.114	290.702	129.516	200.489
562.199	288.049	95.212	111.077
600.375	333.052	90.395	81.119
571.383	368.501	78.057	85.557
565.722	417.432	59.544	68.934
572.419	438.326	53.864	60.182
580.421	413.659	53.299	64.354
603.141	383.841	50.826	63.268
615.389	363.129	51.157	56.677
613.864	342.806	58.761	56.020
632.454	316.264	49.240	58.641
640.745	294.273	64.071	67.316
647.681	279.247	56.218	72.272
641.589	288.554	65.768	72.928
642.392	322.268	65.475	60.101
646.640	311.265	61.038	61.284
647.191	315.754	18.856	59.574
650.936	329.023	56.678	43.453
655.078	324.049	60.244	49.730
665.794	317.171	62.241	54.375
664.349	318.446	65.104	52.922
676.329	321.986	62.811	51.386
681.876	315.165	63.471	58.193
679.932	317.354	67.788	57.495
656.017	320.140	76.344	55.566
692.284	312.120	64.798	56.192
681.318	314.870	77.122	66.785
675.602	302.609	85.884	75.092
634.155	292.299	104.084	79.940
583.797	311.431	101.825	69.629
472.902	302.137	87.933	87.596
465.712	300.839	96.209	57.465
441.633	323.756	76.099	57.453
427.463	352.852	52.003	60.256
421.636	386.355	47.421	59.301
421.843	417.185	47.683	54.181
431.080	400.923	50.352	59.760
456.640	369.946	50.710	56.034
480.922	346.728	46.556	49.616
509.269	317.318	51.845	51.022
529.184	298.540	45.851	47.662
541.876	284.866	44.818	47.343
549.378	272.134	42.692	46.328
550.485	262.670	45.076	46.069
552.315	253.003	43.641	44.822
552.823	244.853	45.525	42.699
554.022	239.963	47.343	42.982
557.449	236.169	44.879	40.529
558.569	232.616	43.780	40.263
556.330	230.904	46.321	38.957
553.277	228.707	44.161	38.804
549.912	228.075	44.179	37.544
547.753	228.954	44.306	35.043
545.059	229.961	43.078	35.944
542.532	233.540	40.933	36.433
539.126	239.877	39.567	36.697
535.943	246.638	37.900	36.807
533.694	256.174	37.413	38.678
532.172	267.238	37.493	38.837
531.613	279.696	39.277	41.747
531.627	295.246	35.857	44.782
530.139	317.590	38.400	48.576
530.307	346.171	39.238	45.906
531.834	377.610	39.575	45.703
533.346	402.873	38.128	50.839
533.691	405.412	41.950	49.656
539.203	383.397	39.560	51.354
542.296	361.537	37.230	45.910
542.654	341.035	33.327	42.698
539.579	329.517	34.415	40.278
543.435	309.227	34.595	42.905
547.038	292.376	41.118	51.653
550.885	277.711	51.538	54.635
562.118	277.699	66.523	55.089
546.805	262.232	54.546	53.027
556.132	264.562	53.485	47.842
546.549	263.647	61.948	52.779
535.509	270.099	74.383	67.106
529.744	279.138	54.167	81.227
512.119	325.257	64.453	64.928
505.306	264.423	53.174	38.815
498.055	269.155	37.044	37.301
492.648	276.203	35.548	34.029
484.017	283.620	38.526	33.735
480.594	287.806	37.557	35.893
477.645	290.930	37.787	36.710
476.832	291.847	38.437	35.817
475.750	291.445	38.767	35.625
474.750	287.589	38.978	39.350
472.688	283.045	39.815	39.860
471.728	278.928	39.358	39.645
471.974	273.430	38.592	41.672
476.304	267.792	39.442	40.305
481.509	264.252	41.206	38.135
486.712	261.955	41.657	35.783
492.167	260.139	40.782	36.129
493.603	259.815	38.970	35.629
494.335	259.750	38.594	35.657
492.606	262.210	39.483	34.767
491.503	265.426	39.221	36.370
490.590	268.862	39.329	37.062
490.293	271.256	38.693	36.541
490.256	272.489	38.965	35.529
489.365	273.227	39.210	34.294
489.047	273.184	39.125	34.540
485.494	272.987	40.153	35.931
479.139	273.383	39.139	34.199
474.266	273.194	38.090	34.062
469.981	273.429	37.988	33.371
465.840	273.234	40.634	34.803
463.088	272.988	39.921	34.665
460.367	272.221	41.397	34.805
459.703	271.611	39.122	37.336
459.172	271.361	40.121	35.261
458.539	270.725	39.551	34.536
458.683	269.996	39.770	33.314
457.988	269.601	40.926	34.342
456.240	269.692	41.000	34.877
454.076	269.876	43.586	34.694
451.464	270.715	43.284	35.206
445.324	272.177	44.795	35.353
437.673	274.119	43.536	36.148
430.807	275.617	41.547	37.270
426.501	277.174	42.516	35.326
422.034	278.184	43.263	36.461
418.713	278.536	43.569	35.589
415.263	278.911	44.505	35.473
413.488	278.439	43.420	35.685
413.446	277.095	41.221	36.856
414.008	276.139	41.553	37.158
416.569	275.354	41.408	36.547
418.549	274.930	42.298	36.530
421.169	275.222	43.712	36.001
421.570	275.490	46.681	34.891
423.144	276.003	45.288	35.563
423.690	276.251	42.282	36.590
418.210	274.913	41.189	37.448
412.768	276.257	41.224	35.491
409.819	275.090	39.265	35.100
402.322	271.863	43.768	33.110
407.918	267.043	40.894	34.547
411.473	263.906	39.303	36.395
415.676	262.429	39.263	35.955
424.959	259.866	41.638	35.277
435.275	256.547	38.968	36.218
445.973	256.826	44.802	35.265
457.233	255.735	44.266	35.943
466.277	255.246	42.631	36.624
469.202	256.693	44.247	36.357
467.165	256.456	45.942	38.099
460.490	255.886	49.342	38.647
452.680	258.571	48.250	37.309
446.624	260.099	45.195	35.681
443.555	259.258	43.697	36.545
439.385	258.834	44.223	36.133
432.572	257.738	43.795	35.797
426.402	256.534	41.218	35.880
422.169	255.563	40.378	35.121
417.507	254.353	40.670	34.701
410.960	253.584	41.440	33.853
403.601	251.956	40.985	33.975
394.325	250.387	40.292	33.731
387.436	248.237	40.542	34.919
382.621	245.764	39.621	34.153
380.625	252.590	39.928	45.822
382.153	249.648	48.421	46.443
375.371	250.597	59.671	59.192
349.572	248.649	76.656	80.502
318.756	248.686	95.760	96.430
321.959	274.101	72.035	106.396
322.624	275.025	78.702	104.250
329.659	270.164	67.227	101.779
362.450	294.163	72.190	99.232
340.369	273.108	76.238	100.379
308.966	221.475	63.879	81.390
299.938	206.074	47.305	42.572
293.716	206.163	43.439	37.687
287.358	204.782	41.950	36.497
282.993	204.104	40.892	35.891
279.177	203.014	40.144	35.676
276.348	201.342	41.547	36.564
274.802	199.715	41.623	37.885
271.928	198.390	42.542	38.828
268.917	198.021	42.843	38.753
265.469	197.257	44.093	39.552
261.456	197.504	43.490	39.957
255.801	199.751	44.652	41.936
249.777	205.107	44.447	43.615
245.510	213.031	42.037	41.857
244.249	215.419	40.609	39.817
244.149	215.064	40.279	40.041
244.859	213.248	39.870	39.215
243.840	212.913	39.015	37.894
237.589	212.993	38.825	38.052
231.291	212.394	39.269	37.223
226.243	212.994	39.321	37.373
222.735	216.925	35.853	36.841
220.359	221.551	35.242	36.708
218.999	226.250	33.009	35.140
220.066	228.764	32.618	34.125
222.370	232.264	32.503	34.525
227.359	232.030	35.480	36.577
236.615	230.844	34.563	36.839
243.871	231.462	36.485	35.314
245.795	235.622	33.795	36.190
246.205	238.498	33.136	33.859
246.882	238.136	32.152	34.615
251.595	237.418	33.380	34.122
256.288	238.197	34.825	33.763
260.667	236.029	36.332	36.165
268.148	230.474	35.579	37.340
273.894	228.352	36.430	36.323
279.691	227.087	33.369	35.464
286.648	222.935	36.914	37.424
299.757	217.873	37.360	39.607
315.188	214.113	42.205	40.268
331.304	212.603	46.655	44.253
344.729	212.281	48.318	50.805
361.542	211.352	50.543	50.042
368.816	210.998	45.344	44.018
372.928	210.926	38.524	42.136
366.363	213.593	33.733	37.182
372.281	216.561	35.823	39.838
371.604	226.381	43.189	42.369
374.949	225.651	48.649	57.941
387.346	251.538	55.998	57.879
382.716	265.511	82.793	72.719
370.977	397.715	86.546	59.749
388.790	367.077	104.217	74.897
387.679	373.153	116.660	85.297
427.867	382.201	82.549	62.577
441.510	384.133	86.261	69.651
473.293	363.747	96.687	79.672
466.526	319.324	135.867	109.023
510.881	244.413	132.460	94.649
497.418	228.397	111.854	109.178
540.033	242.521	99.776	99.539
559.749	264.991	89.135	85.020
572.792	248.917	112.554	94.872
590.153	203.407	166.341	189.851
630.348	233.056	171.541	102.291
694.285	236.788	118.903	93.524
707.266	255.681	89.919	86.128
733.593	244.032	88.816	98.587
714.344	268.962	96.344	70.331
754.722	258.526	110.849	127.616
776.843	254.714	91.247	87.258
799.898	257.149	74.763	76.132
788.229	181.606	52.445	65.953
811.017	179.084	51.794	53.692
828.226	174.197	59.431	59.404
829.782	181.527	109.789	122.466
859.447	215.127	100.553	131.213
856.095	170.278	103.376	108.686
873.977	200.434	80.345	92.344
914.169	215.706	45.831	65.622
924.999	238.583	35.001	73.497
919.322	209.584	39.701	83.696
885.159	197.743	59.557	90.028
868.583	182.968	65.691	92.266
840.493	189.470	70.426	86.432
814.496	193.695	65.778	98.351
776.712	237.178	72.901	89.821
770.445	275.961	50.977	57.912
760.128	261.436	52.522	66.207
676.194	271.243	64.572	73.934
686.924	276.007	63.650	67.898
697.004	279.198	59.359	68.216
713.292	280.417	50.185	69.810
724.280	280.488	49.601	67.944
720.626	270.472	52.672	52.909
718.030	257.769	54.492	56.602
736.153	261.379	51.909	62.272
753.904	254.689	52.235	70.177
744.990	242.072	68.309	60.439
736.165	242.088	60.708	60.503
745.524	238.386	58.241	64.893
764.212	255.767	68.049	56.940
790.322	251.995	66.244	59.945
794.385	239.276	68.207	73.982
806.212	250.636	65.408	67.990
787.793	232.318	66.285	74.799
797.388	224.097	63.956	74.862
807.631	233.776	67.718	81.746
813.441	237.967	74.292	93.900
812.543	249.037	80.091	91.163
819.043	218.878	71.267	73.874
824.438	208.718	64.656	69.391
830.124	219.813	63.537	67.589
838.578	214.784	61.916	66.974
840.209	220.672	61.644	82.049
848.271	244.588	58.624	78.199
849.398	240.346	50.301	75.234
856.402	254.654	59.040	60.697
859.908	250.439	38.997	62.668
864.437	252.131	39.268	57.298
868.331	252.337	37.372	56.360
877.362	250.188	44.467	60.863
889.640	231.423	54.014	59.995
899.984	216.237	56.759	65.925
910.931	213.644	48.363	67.860
893.325	192.757	63.994	146.866
901.064	216.389	58.936	106.489
909.853	228.386	50.147	93.783
917.787	231.083	42.213	89.183
925.600	220.216	34.357	88.155
932.622	226.774	27.378	80.680
941.415	234.157	18.585	63.621
928.698	224.849	29.383	59.865
930.990	217.346	29.010	65.404
927.508	210.088	32.293	67.496
915.217	205.486	41.421	70.379
907.562	203.580	49.426	71.907
899.534	200.274	54.944	71.059
870.960	208.728	68.464	78.947
833.654	217.826	94.318	88.881
770.706	233.847	77.512	77.998
763.466	276.083	73.334	63.766
780.712	280.605	57.517	62.059
790.684	265.688	53.531	63.151
785.345	274.109	56.617	52.436
788.218	275.404	48.179	49.665
765.963	276.019	59.365	40.584
776.056	270.609	51.863	43.405
780.300	272.399	52.105	46.448
784.602	270.083	47.705	44.790
794.175	267.237	44.411	48.531
801.214	268.984	45.493	50.650
798.708	263.957	43.162	49.169
801.063	265.354	40.822	51.132
802.783	267.285	39.160	51.970
807.967	271.466	38.486	54.845
802.523	269.610	40.478	59.060
800.270	267.764	42.871	61.594
793.536	259.100	46.806	51.698
794.069	263.261	44.944	49.311
790.003	265.894	39.690	50.774
792.136	267.519	35.957	56.023
788.555	266.990	39.991	51.107
783.325	258.378	52.389	46.131
778.965	257.358	44.682	63.046
778.100	255.999	47.943	73.248
765.275	238.500	63.907	104.004
765.351	249.282	58.103	87.638
769.986	251.952	55.490	80.513
771.447	252.294	50.799	76.277
772.028	253.994	49.918	77.472
770.304	245.311	46.586	73.791
768.778	245.365	49.426	63.058
770.593	252.267	49.048	59.439
775.421	248.409	45.500	64.892
776.012	249.109	43.656	66.861
774.494	249.022	42.625	68.721
774.452	247.255	46.413	69.280
768.862	248.942	49.448	69.638
773.571	249.766	48.168	74.348
767.534	252.042	49.328	69.865
771.134	247.017	48.956	73.075
773.420	247.678	48.188	73.832
770.542	251.817	47.722	69.923
763.861	252.981	51.983	62.430
761.607	255.075	49.604	43.980
763.954	255.639	45.014	41.268
760.542	256.502	42.429	38.278
759.441	257.058	39.219	38.510
760.416	258.233	39.081	35.026
759.531	258.096	38.909	34.370
758.279	258.080	39.835	34.301
756.446	255.733	41.494	37.613
750.756	252.729	40.341	42.035
751.225	254.406	40.888	44.620
749.933	251.767	41.177	49.609
744.247	248.968	41.105	48.384
745.371	252.743	44.645	49.333
747.488	249.502	44.421	55.333
749.011	250.561	42.558	55.444
748.198	253.213	44.472	59.416
754.167	253.193	40.718	66.718
749.809	247.202	46.559	64.889
749.160	246.688	42.193	65.622
745.259	249.371	41.360	56.461
738.854	247.718	48.023	55.986
739.768	248.837	43.616	57.305
739.363	248.949	42.716	54.388
738.595	248.993	42.382	52.625
735.190	247.995	43.162	51.718
733.293	245.913	42.527	46.972
731.627	247.781	39.390	41.780
729.731	246.580	35.029	40.663
729.199	251.471	39.370	40.490
727.516	248.064	35.705	42.022
730.008	249.039	37.269	38.086
726.867	249.360	35.023	35.892
730.177	249.627	35.180	41.131
728.478	249.126	35.186	36.817
726.633	248.196	34.730	41.450
730.575	249.812	35.974	37.866
723.592	246.256	35.151	41.695
724.610	248.302	36.441	41.804
725.205	248.346	33.706	39.480
715.826	252.012	39.237	41.157
714.066	251.580	42.035	43.158
717.533	249.426	41.802	45.553
719.441	246.381	39.541	48.351
727.518	249.696	44.423	57.331
722.901	248.567	44.217	66.568
719.933	253.446	47.275	69.919
718.806	250.565	48.176	71.347
713.568	254.497	52.308	70.431
712.259	254.575	52.460	78.014
710.182	253.201	51.731	79.863
708.155	254.534	52.520	78.485
706.881	254.954	58.138	76.636
699.156	252.379	56.321	78.731
695.004	257.734	54.437	77.422
691.603	257.586	53.293	77.608
688.842	253.518	57.641	76.260
682.147	252.169	58.682	76.090
684.013	258.030	54.687	76.429
688.271	251.062	50.907	82.063
678.923	255.308	55.423	72.607
683.584	261.261	50.710	77.310
686.309	261.693	47.231	75.644
681.601	261.690	51.927	74.519
682.782	263.963	48.480	70.866
682.840	260.333	49.947	71.468
689.970	265.723	49.542	70.044
681.850	261.507	56.866	69.089
916.802	210.586	43.198	122.648
915.413	208.058	44.587	103.883
915.120	199.993	44.880	96.170
898.109	204.459	52.633	77.760
899.531	206.410	44.538	67.509
902.602	207.104	53.919	81.999
906.643	204.418	51.836	95.389
905.125	214.531	54.875	100.935
917.423	213.448	42.507	97.057
921.946	216.846	38.054	91.960
919.216	212.483	40.350	99.987
909.393	215.332	48.661	94.261
909.261	227.672	50.336	86.032
902.217	229.270	55.656	86.333
880.635	211.436	56.416	73.660
872.208	213.407	66.243	74.360
853.665	229.520	45.173	73.622
864.259	225.636	61.248	67.435
869.947	219.455	63.361	75.402
856.128	223.311	74.645	53.793
821.387	224.510	64.389	48.076
822.556	226.104	44.280	41.773
804.321	240.508	30.661	55.931
892.547	234.167	67.453	91.127
830.270	231.862	75.921	83.242
784.547	238.624	100.143	64.025
799.247	227.358	72.816	89.516
801.619	239.101	71.158	65.620
803.516	239.489	61.966	67.292
794.104	245.336	68.139	64.114
786.639	233.170	68.115	76.874
761.223	239.995	62.960	75.586
759.664	234.781	60.500	71.872
759.369	247.145	33.509	81.369
743.360	246.412	55.674	65.452
738.028	250.697	49.574	66.580
720.580	252.847	57.572	61.660
711.652	260.173	60.092	62.333
704.053	264.107	61.394	62.960
681.069	246.486	68.363	70.508
668.345	240.092	74.386	72.572
680.980	255.907	73.902	75.484
688.554	257.931	70.109	77.268
680.852	246.401	74.942	73.244
668.714	254.498	84.146	65.780
691.609	253.335	70.115	70.331
656.334	254.913	74.500	67.865
628.410	256.261	68.246	68.091
605.035	240.839	77.506	68.094
586.127	251.755	88.336	60.459
578.302	246.686	67.654	68.244
568.881	253.974	71.325	70.085
717.581	228.812	81.859	113.396
701.948	225.293	72.274	98.413
705.080	235.776	76.730	95.906
707.852	251.243	86.869	82.936
729.180	234.906	74.614	94.913
693.524	215.443	96.948	126.214
718.441	226.288	81.319	105.753
739.816	243.674	68.573	87.206
717.363	248.405	97.260	83.904
757.574	248.058	54.878	75.960
757.329	242.799	49.604	74.061
748.112	240.131	55.396	68.713
751.825	240.106	53.220	67.845
757.063	240.248	53.140	66.214
757.066	239.398	49.552	69.886
757.535	236.130	50.816	72.117
761.117	236.969	49.009	73.196
764.590	234.887	47.723	75.865
765.803	234.916	47.488	78.348
764.064	231.291	47.585	82.820
761.585	229.286	47.972	84.055
761.814	231.793	45.976	81.095
762.593	231.139	45.378	80.471
761.273	233.599	45.226	78.507
759.831	227.296	47.145	82.657
748.784	234.508	49.102	74.560
747.886	224.471	52.792	77.017
746.185	222.219	51.306	76.027
743.741	224.115	53.741	78.214
745.893	232.320	51.283	82.492
743.652	227.315	53.425	82.870
738.412	226.389	59.535	89.504
741.272	220.077	60.384	87.217
742.317	220.576	58.768	86.762
740.724	219.302	56.660	85.360
804.258	169.980	68.468	56.258
809.471	173.954	62.848	55.361
824.428	182.951	58.202	50.074
827.384	187.079	59.242	56.843
817.073	177.525	62.432	60.360
825.771	181.391	63.031	61.162
818.643	188.035	62.047	68.330
818.206	200.067	54.666	68.587
816.953	185.445	58.025	60.796
826.504	184.442	58.828	60.210
830.785	187.054	64.106	61.594
824.742	187.658	65.864	63.773
826.066	185.517	61.310	66.416
820.906	195.364	63.801	67.683
831.513	186.876	69.695	133.175
821.889	183.384	73.715	92.608
826.612	182.434	63.505	79.641
818.486	170.295	82.073	152.820
821.298	193.945	84.739	108.425
810.212	173.462	71.998	86.326
812.839	192.526	66.179	76.676
896.114	179.966	63.886	138.535
909.113	200.204	50.138	105.129
892.910	194.036	62.170	79.896
893.420	194.398	54.409	77.159
892.627	196.337	56.456	64.175
895.857	202.572	50.982	63.771
900.428	204.879	48.464	63.077
902.964	204.434	46.763	67.258
881.204	198.636	60.875	72.359
818.457	188.484	67.828	64.204
813.593	174.872	80.801	141.126
909.373	172.298	50.627	133.562
904.409	195.318	55.591	94.583
907.070	201.481	52.930	77.148
909.447	206.182	49.035	76.631
845.360	189.274	50.261	64.585
849.132	189.459	47.243	57.623
844.681	196.487	47.573	48.583
845.239	200.099	42.379	45.395
837.553	198.950	45.628	51.431
842.845	194.555	43.839	49.560
835.992	199.041	47.030	47.040
845.171	195.164	40.969	47.533
841.011	194.967	43.074	45.661
839.899	192.090	42.191	47.624
835.867	192.084	45.892	47.164
836.381	190.492	45.203	50.409
838.815	196.003	43.637	50.241
841.255	205.802	44.863	44.114
847.976	208.475	47.333	53.424
845.486	198.079	42.413	48.679
841.041	194.941	57.403	51.609
850.492	192.418	46.739	49.881
835.956	190.144	56.660	58.236
827.707	188.777	59.092	59.314
821.730	182.599	56.408	59.981
817.838	183.584	51.873	55.701
821.758	189.330	53.377	51.902
824.736	182.314	46.756	55.808
826.354	188.485	52.579	53.672
838.229	186.219	57.898	55.093
844.473	191.493	54.266	52.942
846.001	183.391	51.959	54.125
844.163	191.459	53.867	54.697
860.433	182.972	55.108	59.141
894.189	181.176	47.084	53.259
895.519	175.817	41.966	49.856
901.256	177.426	43.725	51.973
898.438	171.454	39.734	50.107
897.392	171.988	45.662	60.116
899.521	175.612	48.498	73.446
875.151	186.090	56.173	86.908
841.601	168.488	83.125	152.337
819.783	187.400	83.622	137.255
850.885	210.643	75.502	111.406
853.607	234.709	73.927	88.388
838.434	234.140	61.118	82.201
829.023	237.560	53.198	80.305
835.121	241.341	50.572	74.898
821.534	226.064	51.613	77.339
876.856	271.739	40.893	52.880
876.708	273.122	34.936	50.292
876.505	272.079	36.526	50.471
872.423	248.570	35.477	60.030
903.052	195.570	33.886	51.073
895.271	201.705	50.182	60.466
904.570	196.630	51.469	79.733
900.196	188.987	46.935	57.287
901.606	195.839	47.988	52.765
907.973	198.506	41.041	46.752
910.464	200.498	41.291	46.445
918.290	205.159	40.039	48.559
913.856	202.674	39.710	51.820
914.398	204.327	42.991	47.153
914.653	207.474	45.347	52.186
915.151	205.497	40.314	51.041
916.530	204.424	43.470	49.716
913.371	204.929	40.326	51.362
914.550	195.094	40.089	56.787
926.731	204.317	33.269	56.708
916.792	204.534	38.925	47.839
913.540	205.691	37.196	42.646
906.080	208.528	43.049	44.800
914.208	202.976	35.073	41.433
898.841	206.465	48.755	53.719
877.965	206.260	60.874	57.439
865.207	203.123	61.882	61.650
874.924	193.691	58.485	65.283
869.778	193.849	69.150	67.560
869.506	189.846	69.268	63.546
865.648	202.046	61.169	59.298
874.084	195.837	59.477	60.555
871.439	201.330	55.664	56.255
875.462	193.618	51.940	62.370
876.087	197.220	52.566	66.627
877.505	198.617	62.242	68.785
881.509	198.444	61.225	63.293
872.902	201.624	54.990	67.615
880.807	294.803	48.089	61.528
867.437	287.253	37.424	59.812
847.069	253.876	54.624	79.563
826.872	227.827	69.729	78.232
801.323	233.715	73.426	79.721
810.285	234.654	71.470	93.589
805.603	246.541	69.436	85.288
810.664	247.895	68.158	96.611
832.630	256.680	67.211	102.088
844.803	269.186	64.582	114.075
841.391	283.269	70.690	117.292
830.039	294.777	73.895	73.072
828.868	293.479	65.847	80.457
821.176	289.504	62.628	80.166
816.701	298.897	66.234	63.052
814.943	287.576	64.158	79.580
810.061	251.334	80.878	161.775
822.707	248.765	67.749	136.016
823.469	253.872	63.759	108.578
818.953	265.381	64.470	98.697
815.334	287.642	61.076	92.697
818.474	297.787	50.177	81.485
792.385	278.313	64.115	83.211
780.183	286.446	49.351	82.793
777.790	292.751	46.067	62.279
785.064	307.411	41.640	47.310
793.538	292.859	38.421	48.777
800.042	280.259	37.956	51.648
803.680	288.687	39.135	48.562
805.550	279.108	40.580	49.626
810.227	291.856	39.662	43.647
813.473	291.670	36.357	39.502
818.722	294.468	32.277	36.293
824.226	294.016	28.717	34.648
823.991	291.571	31.985	35.893
827.615	295.826	35.481	32.881
832.303	293.961	33.759	34.673
839.120	292.791	35.523	34.687
844.679	292.023	35.636	33.185
850.045	290.439	32.342	34.383
850.742	290.110	32.087	31.566
856.157	290.199	28.934	31.981
859.299	291.673	29.039	32.609
857.834	289.771	30.664	32.606
859.485	290.094	30.519	34.538
861.971	288.413	32.078	37.428
864.656	295.231	31.517	33.344
868.013	292.385	31.877	38.290
869.652	292.207	32.229	36.753
869.495	276.724	34.829	41.889
865.634	260.364	41.054	54.487
869.611	283.302	36.919	55.135
871.420	271.982	49.855	61.003
878.401	280.808	48.933	70.924
881.901	271.626	50.359	66.871
884.275	287.415	55.571	65.691
870.954	244.805	67.453	121.520
877.073	245.481	60.927	100.258
890.758	253.530	58.717	89.844
881.351	240.579	66.363	129.960
882.584	249.425	60.931	97.075
886.653	235.195	67.528	132.244
889.071	250.717	61.932	102.103
892.874	252.853	53.391	102.250
903.516	260.422	48.694	100.762
905.963	270.170	48.538	95.245
915.054	270.447	43.975	89.834
911.551	283.486	48.449	68.010
926.400	278.415	33.600	69.543
929.477	291.791	30.523	58.784
935.621	289.273	24.379	61.206
941.989	289.135	18.011	61.215
938.922	289.456	21.078	55.668
944.445	301.834	15.555	55.276
938.092	312.699	21.908	49.729
935.811	305.433	24.189	52.080
935.081	307.944	24.919	49.736
931.554	306.364	28.446	47.808
924.689	315.327	33.084	51.275
912.104	310.840	43.459	53.079
907.569	310.198	48.869	55.129
902.397	320.087	52.582	56.624
896.662	322.650	54.627	58.418
916.535	318.328	43.465	70.474
911.901	308.132	47.960	72.973
915.394	290.361	44.606	89.142
919.223	273.169	40.777	89.913
910.123	274.637	49.877	97.357
897.196	289.659	62.804	101.397
905.811	317.005	54.189	92.559
902.620	326.857	56.966	83.634
914.145	322.612	45.855	82.042
910.061	321.652	48.532	80.811
914.142	325.252	45.667	77.725
910.847	333.354	46.925	90.989
900.535	337.476	56.155	109.495
888.377	344.600	63.959	109.829
914.396	295.600	45.604	108.941
931.891	258.366	28.109	102.737
909.091	252.051	50.909	91.733
920.735	250.353	39.265	98.525
926.886	247.942	33.114	95.704
933.567	271.279	26.433	78.911
937.339	281.843	22.661	74.800
926.806	263.004	33.194	78.133
916.174	252.867	43.826	91.416
915.285	240.306	44.715	122.731
909.014	268.114	50.986	103.098
895.938	278.830	64.041	101.260
852.258	253.134	70.469	94.392
846.346	241.112	67.355	89.739
857.921	246.090	77.941	80.919
870.043	252.780	60.778	74.538
873.142	248.123	64.372	72.352
875.888	249.165	57.097	77.278
876.756	251.618	58.016	74.907
876.755	254.542	54.878	80.478
874.966	258.348	54.326	88.410
871.461	246.626	55.494	94.874
867.176	251.409	58.104	94.810
867.455	249.459	57.343	97.999
863.615	242.815	57.050	92.316
853.896	245.288	58.241	81.440
849.312	254.724	58.224	66.348
847.594	258.336	53.332	62.344
849.476	259.009	52.157	61.195
850.147	263.015	48.474	60.708
854.443	261.590	51.734	54.206
859.438	255.581	49.093	62.103
852.758	232.767	72.057	131.343
861.933	237.031	69.336	88.627
872.451	232.928	72.218	78.602
887.635	226.118	65.988	79.938
867.904	324.213	90.736	50.918
887.756	314.745	72.244	63.136
901.400	279.417	58.600	77.310
914.885	240.399	45.115	91.715
932.660	213.641	27.340	73.739
936.839	218.537	23.161	60.181
938.342	218.764	21.658	57.291
924.281	218.220	35.688	53.763
925.017	198.431	31.985	66.141
924.689	198.485	34.698	64.298
920.474	201.285	39.413	57.453
923.699	203.845	34.940	54.977
918.661	202.482	39.313	49.738
912.459	205.948	40.208	53.559
914.290	196.196	37.749	53.845
914.035	203.166	42.383	58.937
910.834	198.541	36.928	56.804
916.627	201.181	37.096	63.054
905.195	197.026	41.670	55.514
915.626	204.022	39.962	66.325
921.257	218.104	36.416	62.548
930.513	229.147	29.487	56.977
941.955	242.914	18.045	59.404
933.712	229.162	26.271	64.604
920.007	226.387	39.689	82.944
907.777	249.624	49.968	88.786
869.743	245.573	68.132	84.918
830.958	242.216	83.350	77.200
786.356	241.408	60.646	65.661
790.220	253.234	74.355	99.857
802.289	243.287	63.332	63.697
736.594	249.641	72.087	122.585
805.806	241.190	72.887	76.108
817.454	241.747	53.429	66.318
755.876	262.156	70.023	106.907
817.822	247.605	60.209	75.412
827.797	237.193	48.609	66.410
827.855	246.533	51.621	57.973
835.828	243.795	48.643	57.927
825.954	256.736	53.726	49.991
840.727	252.562	51.136	49.332
845.980	242.836	45.741	52.943
845.503	244.023	45.570	55.073
837.499	242.793	60.527	84.373
778.357	223.477	82.434	132.912
850.090	239.550	55.826	89.652
804.699	263.958	51.996	69.948
812.915	282.832	41.373	52.243
803.485	264.229	43.772	54.696
802.987	263.821	44.153	68.401
821.106	264.716	22.950	71.956
833.387	247.414	45.503	58.495
833.347	246.598	49.053	62.762
839.079	250.127	44.071	55.869
832.656	253.278	41.546	59.182
824.060	252.442	43.755	62.924
823.082	257.583	43.043	57.265
818.849	255.128	44.208	49.650
814.892	253.572	42.147	57.614
810.030	254.849	42.162	56.173
806.847	252.657	44.764	52.602
801.185	253.893	48.061	52.364
797.949	253.619	48.567	58.922
796.031	253.336	49.203	61.418
792.212	255.066	53.031	63.779
792.841	257.633	49.141	74.832
789.164	253.199	52.831	78.896
795.113	254.796	48.641	82.186
787.830	259.514	50.308	76.555
781.394	252.082	51.825	75.429
773.398	254.620	53.435	58.628
777.243	257.026	44.534	68.948
787.603	267.386	29.306	75.358
775.686	264.641	45.196	51.304
764.689	272.516	44.479	51.278
762.268	265.837	50.422	47.894
777.071	264.461	43.840	46.882
775.567	261.497	48.880	48.188
780.870	274.088	51.738	40.770
751.956	262.677	65.224	104.636
763.244	274.603	60.540	79.359
752.358	277.353	67.175	75.492
750.899	304.764	17.854	60.961
803.667	314.332	34.152	35.759
816.859	311.068	44.051	30.541
818.696	296.575	42.850	44.347
823.610	281.939	44.991	42.100
832.837	264.981	49.901	50.747
819.789	262.649	55.363	59.259
787.429	251.547	65.418	57.211
789.552	247.315	65.839	61.120
769.371	246.765	67.648	73.539
739.780	261.833	68.550	83.976
707.402	257.678	70.306	81.949
689.113	255.099	68.853	74.116
679.277	259.108	59.117	70.269
676.784	264.300	48.562	63.961
677.551	274.065	44.148	53.236
672.236	277.890	38.864	47.178
670.972	276.982	38.222	46.815
667.662	279.640	42.600	44.017
667.886	280.387	42.261	52.832
661.826	278.643	44.457	54.418
657.414	281.228	46.217	56.278
655.894	285.619	52.169	61.555
652.434	281.190	53.924	67.933
652.280	286.831	50.091	65.409
645.832	278.843	52.358	72.953
642.757	278.044	49.450	67.646
639.652	279.675	49.995	67.642
642.752	273.526	48.807	68.066
637.922	280.139	48.482	71.480
639.348	281.569	47.718	67.423
628.650	277.670	52.190	61.744
629.528	281.681	50.771	55.440
627.108	284.555	52.245	53.131
621.706	283.453	50.422	56.205
617.481	283.168	46.025	55.592
618.738	284.600	43.337	58.375
617.972	288.884	46.725	59.178
620.665	292.171	43.424	59.405
609.898	289.422	45.696	62.828
598.501	280.325	42.331	59.450
595.733	281.816	45.064	62.758
591.406	284.689	45.636	57.769
590.237	286.521	43.747	63.916
584.177	287.312	45.522	63.703
579.111	287.058	46.437	63.648
576.820	289.344	47.713	63.820
574.698	284.617	40.964	65.194
577.371	290.437	49.019	67.744
570.501	287.447	52.744	74.188
566.861	286.808	45.208	67.476
564.442	288.135	46.249	66.312
560.874	285.382	42.437	69.000
559.592	284.503	43.142	69.885
556.036	290.511	41.185	73.064
546.923	291.630	48.340	58.931
546.705	287.830	45.999	62.071
541.844	288.607	49.267	56.791
541.424	287.990	45.703	49.866
529.338	291.531	51.926	56.013
533.407	288.663	54.301	66.834
528.350	284.861	55.523	76.865
525.092	283.055	55.665	80.468
517.099	288.892	59.004	77.857
408.969	253.796	50.084	40.560
410.587	255.354	46.019	36.093
409.879	254.989	45.104	37.681
408.380	255.640	45.603	37.606
406.474	255.862	46.429	38.309
405.624	256.908	46.186	38.391
404.211	258.339	46.124	37.705
403.678	258.960	45.272	38.523
402.549	259.680	45.313	38.506
401.321	260.177	45.806	38.904
400.676	260.166	45.979	39.752
400.114	260.853	46.325	39.363
399.843	261.440	46.241	39.394
399.686	261.729	46.051	39.128
399.662	261.990	46.065	38.919
399.784	262.091	45.757	38.922
399.263	262.684	45.759	38.411
398.926	262.704	45.935	38.591
398.518	262.829	46.297	38.735
398.754	262.578	46.067	38.818
398.446	262.604	46.328	38.857
398.353	262.578	46.398	38.923
398.784	262.247	45.989	39.233
399.177	262.118	46.113	39.363
399.308	261.988	46.005	39.493
399.486	261.988	46.514	39.348
399.019	261.966	47.074	39.359
399.118	261.992	46.394	39.298
399.059	262.489	46.680	39.217
399.114	263.074	46.511	38.951
399.468	262.630	46.289	39.382
399.672	262.976	46.492	38.567
399.917	262.342	46.362	38.491
399.908	261.734	45.705	39.051
399.513	261.401	45.502	39.707
397.706	261.156	46.792	40.064
395.902	260.735	47.319	40.396
393.050	260.034	47.984	40.752
391.014	259.890	47.960	40.690
390.280	259.796	47.990	40.450
389.628	259.612	47.027	40.613
388.466	260.484	47.387	39.792
387.398	260.842	47.887	39.926
387.482	261.332	47.499	39.709
387.360	261.955	47.250	39.732
387.270	262.219	46.628	40.176
386.919	262.533	46.766	39.978
386.658	263.368	46.657	39.250
387.193	263.853	45.747	38.649
387.807	263.879	45.446	39.208
387.997	263.990	44.768	39.210
386.549	263.965	45.160	39.025
385.327	265.189	45.449	37.946
384.415	266.166	45.525	37.684
383.223	266.609	46.279	38.367
382.802	267.318	46.221	38.726
381.527	267.805	46.238	38.858
379.667	267.421	45.595	39.097
376.599	267.807	45.462	39.076
374.612	268.414	45.526	38.609
372.383	268.736	45.635	38.420
370.212	268.638	44.552	38.414
366.872	269.636	44.321	38.098
362.586	270.353	44.522	37.629
356.574	271.247	46.277	37.806
353.900	272.322	47.117	37.815
353.068	272.660	46.270	38.415
350.700	274.136	47.412	38.354
349.308	274.683	46.814	39.366
348.860	276.596	45.306	38.626
346.349	277.399	45.755	38.577
343.597	278.908	44.412	38.074
336.683	279.183	47.211	38.930
332.334	279.415	47.350	39.206
331.066	278.939	46.216	39.979
330.247	278.596	45.607	40.238
329.986	277.257	44.877	40.963
333.092	274.998	45.840	41.319
341.091	273.550	49.959	40.167
355.174	271.624	52.084	40.084
364.847	271.091	48.310	39.414
365.781	269.923	47.107	39.783
357.093	269.245	49.622	40.118
338.466	266.828	52.373	41.514
319.065	266.117	52.577	41.967
302.939	265.959	52.760	42.029
291.070	267.945	51.162	41.293
287.085	270.207	45.753	40.350
282.464	273.785	45.948	39.839
278.558	277.764	44.622	40.055
271.682	282.106	45.422	40.717
266.623	284.923	45.248	40.405
262.923	287.486	43.722	39.376
258.573	289.172	44.164	37.978
256.078	289.370	43.230	37.931
252.429	288.851	43.477	39.051
244.843	288.912	45.888	39.222
237.520	289.174	46.022	39.831
228.878	290.278	47.461	39.649
224.248	291.615	45.244	40.317
214.649	293.483	48.214	39.860
213.384	294.974	44.871	39.779
210.388	297.000	44.990	38.727
207.793	298.236	45.647	39.583
208.348	299.577	44.415	39.067
205.964	301.143	45.582	38.085
209.222	302.324	42.235	38.031
206.673	302.854	44.264	37.403
208.457	303.599	44.649	37.458
209.274	303.208	46.971	37.170
211.665	301.489	50.114	38.322
215.456	299.200	51.608	39.865
223.223	296.003	50.629	39.803
228.194	292.158	52.681	41.469
232.964	287.552	54.101	42.971
244.317	283.092	47.865	41.512
247.635	279.569	46.719	41.608
249.389	276.052	46.066	41.244
249.738	274.138	45.916	40.182
249.352	274.080	45.915	39.130
248.875	275.301	44.484	38.896
249.458	278.399	44.716	41.031
251.506	284.395	42.918	39.788
252.697	292.343	43.466	40.974
253.986	302.770	44.615	43.267
257.099	318.141	42.447	46.267
258.340	339.306	41.088	47.685
255.941	361.993	42.370	47.151
261.637	388.000	38.728	48.756
263.194	413.915	37.698	45.805
254.776	419.723	44.923	44.425
259.327	400.331	38.322	50.508
245.987	378.167	40.794	46.342
243.867	364.538	40.770	45.035
227.760	351.892	47.143	61.640
209.095	332.314	57.538	79.666
212.458	314.337	56.624	75.103
214.444	313.759	60.157	72.983
222.935	297.835	55.729	62.422
224.479	296.994	55.162	66.242
230.035	295.954	54.860	59.915
231.448	294.727	56.047	58.386
231.118	289.817	54.015	52.403
235.107	294.972	54.098	50.627
233.382	292.011	54.568	55.997
227.279	290.176	58.598	58.042
235.149	290.855	57.022	55.442
242.604	293.783	49.443	54.058
248.961	295.164	45.968	51.344
233.892	297.914	61.097	53.787
237.944	292.459	61.429	62.892
248.389	287.431	60.086	69.513
252.746	268.601	49.086	49.774
257.316	273.704	41.380	40.681
268.285	271.407	32.064	38.632
269.848	270.370	33.653	36.275
268.805	270.805	38.033	36.201
268.131	273.282	43.125	37.178
270.854	277.535	44.994	39.275
274.804	284.106	48.075	40.210
286.030	294.252	48.662	44.643
293.337	310.143	50.611	48.979
304.792	333.484	46.892	48.349
311.497	359.933	47.006	53.162
315.651	392.161	46.677	50.943
319.262	423.498	46.341	47.296
311.988	401.379	47.754	52.538
305.668	376.081	46.550	54.724
297.261	352.868	48.535	50.050
291.884	332.780	47.968	52.603
283.786	317.542	50.509	47.691
279.613	306.660	51.622	47.500
276.899	297.211	50.498	45.845
275.095	290.673	48.878	44.548
272.306	285.512	48.737	40.813
271.282	282.470	47.984	40.378
269.395	280.361	48.244	42.634
268.895	279.420	48.457	43.344
267.790	279.099	50.404	44.082
267.996	280.120	51.515	44.798
268.094	280.764	53.775	44.541
270.860	281.928	54.587	43.331
275.369	282.210	54.693	43.555
280.590	282.213	53.236	43.690
283.178	281.131	52.756	44.215
288.820	279.555	50.199	45.424
290.567	277.661	51.316	46.623
294.683	274.647	50.426	47.780
296.309	271.869	51.337	48.074
298.739	269.610	51.644	48.208
302.722	267.505	51.410	45.592
305.484	267.179	51.182	45.290
307.981	268.292	51.734	44.152
310.576	271.265	53.824	42.741
316.067	277.720	50.296	42.727
323.248	286.972	46.196	44.130
326.065	299.255	45.335	44.292
326.154	311.108	47.911	48.413
324.276	324.671	49.546	52.009
318.279	345.581	51.780	54.328
311.581	375.858	45.926	55.926
308.186	398.055	44.948	52.011
303.020	407.509	53.107	53.350
277.580	405.876	57.331	54.926
267.381	390.498	46.629	49.919
258.608	369.991	48.273	48.459
246.349	355.126	55.488	50.043
243.231	349.996	52.218	42.581
241.987	343.013	48.665	42.228
240.430	337.303	48.512	40.004
241.231	333.386	47.896	39.860
242.084	330.919	48.337	40.601
243.241	330.615	50.337	40.379
247.884	331.888	51.313	40.150
255.776	333.101	51.596	40.892
265.862	338.912	51.091	38.456
275.798	341.599	48.938	41.467
285.825	351.203	47.464	41.201
296.498	359.448	41.628	46.223
305.606	366.811	38.013	51.710
299.069	356.907	41.687	52.315
300.530	354.983	44.622	54.273
301.625	351.760	42.603	50.224
347.262	405.615	43.075	46.269
340.995	396.032	50.050	51.767
340.379	365.332	53.470	62.573
356.720	351.969	47.932	49.855
363.765	347.512	44.662	44.737
367.903	340.280	41.108	42.992
367.981	333.461	38.255	41.042
364.652	329.278	40.159	38.729
363.407	324.717	40.478	38.358
361.656	317.750	45.604	39.196
360.035	311.624	48.898	41.685
359.189	303.361	51.202	42.607
362.308	295.889	45.329	40.789
355.753	291.244	48.600	41.868
348.439	287.055	48.530	46.712
340.107	291.308	55.366	42.430
339.613	292.105	55.010	42.467
320.762	294.233	73.723	58.720
299.035	301.158	72.729	73.059
273.106	296.006	86.690	84.277
247.769	295.719	73.110	95.814
242.825	312.701	71.123	85.037
231.855	321.245	58.749	78.674
223.247	331.905	66.281	72.563
224.460	343.501	67.930	62.867
224.083	341.541	62.840	59.344
225.256	341.068	57.202	56.607
218.457	349.359	63.543	49.996
227.277	350.422	56.106	50.106
234.358	353.206	54.965	54.123
239.091	352.159	45.407	60.145
224.815	354.509	51.206	56.932
216.788	364.880	40.783	54.338
207.644	352.756	38.481	47.471
196.795	361.983	38.002	55.522
166.385	356.866	47.719	57.414
151.454	360.724	51.803	45.742
156.457	363.509	41.580	49.329
149.684	353.332	42.846	48.502
164.723	375.357	47.232	40.219
178.735	374.598	45.784	42.729
176.891	376.057	46.037	41.420
165.165	379.149	45.361	38.191
168.907	371.213	32.793	43.500
175.985	375.579	13.981	43.990
167.712	380.649	32.226	33.266
151.296	367.898	49.682	42.603
140.936	358.330	55.223	46.501
140.458	295.261	81.651	114.297
147.522	336.544	85.926	73.968
158.282	331.426	79.153	69.913
168.086	348.472	68.814	55.831
178.487	365.882	54.234	42.973
180.813	369.694	49.210	45.181
179.389	365.383	46.642	46.280
184.022	370.876	36.368	46.596
175.689	373.628	38.321	45.059
160.045	368.699	42.449	50.601
146.728	351.842	39.044	60.777
130.484	362.215	40.597	60.137
128.821	348.602	44.782	63.854
118.089	348.559	44.191	67.220
113.069	348.494	43.830	59.364
109.825	337.809	50.818	61.375
123.824	315.098	57.383	61.213
302.675	298.195	87.359	97.177
304.848	296.692	80.229	93.982
299.337	269.694	108.641	158.555
271.231	308.942	94.978	69.853
289.013	265.672	110.066	168.671
306.338	266.487	93.176	121.898
290.585	288.522	75.658	82.803
294.642	286.285	73.085	79.069
296.289	274.966	79.445	76.127
326.959	335.169	61.112	87.512
309.949	296.002	69.354	79.926
302.531	277.391	82.771	70.364
291.621	275.638	83.707	70.351
291.946	264.514	86.124	75.943
287.528	271.766	80.119	61.484
336.947	272.463	66.368	59.826
357.120	278.138	46.128	49.799
351.502	274.659	51.326	50.672
348.486	273.667	56.086	46.367
355.284	270.015	49.991	46.938
356.053	264.332	50.455	47.686
358.338	257.113	50.298	47.832
361.227	249.623	50.754	45.731
364.340	241.937	51.176	45.232
366.645	234.475	52.373	43.947
368.988	227.463	52.417	43.669
370.524	220.603	51.635	47.893
369.503	215.113	52.696	48.880
366.932	210.250	53.096	46.088
363.458	207.029	52.175	47.345
359.149	205.781	52.660	47.249
355.696	205.110	52.354	47.497
351.909	204.048	52.961	47.823
349.095	204.031	52.417	46.896
347.779	204.041	52.173	46.947
347.773	204.134	52.162	46.487
350.531	204.497	51.836	46.074
353.296	205.140	52.602	45.055
356.612	206.181	52.689	45.221
360.990	208.342	52.816	46.970
366.691	212.142	52.250	45.609
372.016	219.284	54.380	43.306
378.440	226.826	54.330	43.343
382.345	237.096	55.021	46.076
384.307	248.567	53.659	46.878
381.018	259.255	53.029	43.786
373.778	265.594	50.581	42.567
