448.000	186.000	26.000	52.000
444.814	185.904	23.166	53.547
439.751	185.577	22.492	52.684
434.259	184.920	22.334	51.986
431.228	184.562	22.026	53.270
426.285	185.958	22.464	52.173
422.349	187.071	23.426	51.658
417.431	187.262	25.468	52.983
413.225	185.868	24.432	54.510
409.850	187.302	22.678	54.062
404.219	188.809	23.583	52.258
399.740	189.868	22.978	50.347
396.170	189.628	21.089	49.404
391.646	189.219	20.616	49.508
388.168	189.879	21.413	48.622
382.079	189.562	21.597	50.051
378.675	189.452	21.719	50.371
375.560	188.698	21.904	50.126
371.569	189.745	20.932	51.702
394.227	187.432	23.302	51.150
362.145	186.992	23.007	54.039
356.641	187.972	21.571	53.499
354.150	188.996	21.637	51.330
349.600	189.966	23.020	51.673
344.085	189.563	21.374	50.996
340.067	187.250	21.162	51.792
337.033	188.893	19.782	49.279
331.685	189.796	19.684	48.951
328.955	189.966	19.908	50.054
324.234	185.990	21.156	52.364
301.225	181.563	17.414	56.966
313.061	188.710	24.271	54.236
308.000	189.698	22.362	56.749
305.594	189.259	21.465	58.327
301.068	189.398	20.610	57.645
296.569	189.486	22.945	57.079
292.465	190.911	23.672	55.836
306.298	185.868	24.924	59.533
303.175	187.112	26.272	56.162
296.714	185.610	24.274	57.185
294.539	184.666	27.371	58.943
287.480	185.695	24.853	59.781
274.414	185.407	34.120	54.801
269.992	183.242	25.376	53.805
269.565	185.595	25.236	54.944
266.962	184.607	22.748	54.127
297.275	186.667	19.918	56.939
290.775	187.003	22.989	56.731
285.345	187.343	27.081	55.798
280.853	184.821	24.934	58.120
276.134	185.425	22.294	55.649
265.423	178.863	27.336	60.039
259.005	179.880	29.759	59.780
204.868	184.057	28.858	53.637
228.947	187.978	20.470	47.541
227.283	186.579	19.123	46.622
223.779	188.124	18.633	46.070
217.370	190.909	20.608	43.432
214.350	190.089	18.961	45.989
211.594	187.245	17.994	55.344
217.127	184.953	20.748	50.098
205.033	186.598	26.063	56.721
201.497	187.553	25.748	55.656
196.284	186.818	21.891	56.062
192.094	184.711	23.048	61.818
190.999	184.801	23.164	58.215
185.019	189.082	22.984	54.999
182.781	185.869	24.049	62.551
179.129	186.117	24.195	58.608
176.766	185.403	21.985	61.131
173.212	185.740	22.762	59.297
170.288	185.676	23.499	58.499
167.710	186.115	22.211	55.724
164.331	185.280	21.118	57.687
159.866	184.782	23.594	57.762
156.399	185.182	22.879	57.164
153.514	187.409	22.111	53.375
151.219	185.104	20.067	55.129
147.119	185.098	21.659	55.403
144.518	184.725	21.991	54.609
142.600	184.160	20.380	54.496
140.777	184.913	21.146	53.505
137.708	184.339	19.919	53.767
135.856	184.340	22.301	53.354
132.380	183.803	21.635	53.773
128.582	183.516	20.474	52.841
125.470	184.891	18.941	53.167
122.190	184.979	18.960	52.575
121.013	184.616	19.017	46.956
121.380	183.873	18.658	46.352
118.820	184.463	18.792	47.032
115.465	184.863	18.735	49.060
112.960	182.725	19.530	53.195
111.380	180.125	20.810	54.061
108.815	181.131	21.446	53.799
106.979	183.096	20.485	50.324
104.155	182.184	20.025	51.593
103.897	182.358	20.122	51.703
100.816	181.076	19.667	52.263
99.342	182.190	20.269	52.379
95.577	180.250	20.612	53.028
93.013	183.077	20.860	49.812
77.922	175.332	31.600	66.381
72.124	214.837	28.148	68.120
71.476	217.924	27.880	65.190
69.359	214.895	28.343	67.354
67.466	214.893	28.698	67.765
80.798	177.118	20.294	55.169
99.030	185.409	20.619	50.460
128.391	182.429	20.528	51.904
148.768	179.524	20.699	47.080
145.681	178.227	19.247	49.497
146.499	179.142	18.482	49.287
147.068	177.990	18.115	49.058
147.568	179.144	18.409	50.124
147.386	179.113	18.508	49.231
148.360	178.815	18.009	50.470
178.892	180.261	19.032	47.811
200.562	178.495	24.957	50.219
227.062	176.648	21.157	51.115
233.351	177.124	17.506	49.334
230.814	176.843	18.240	49.343
231.028	176.842	17.362	49.534
240.370	174.797	19.491	50.825
231.966	175.802	21.723	49.549
229.731	177.021	19.272	47.949
227.626	175.594	19.657	48.320
225.997	173.431	20.659	51.105
224.555	174.280	20.011	50.169
223.663	175.094	21.214	48.583
222.923	174.432	20.800	49.327
222.037	174.230	19.056	47.572
220.602	173.186	18.901	46.103
217.510	172.141	19.362	50.659
219.279	171.985	26.597	49.405
214.652	172.944	20.473	48.407
211.303	171.844	19.786	50.345
208.351	172.297	21.647	48.527
206.208	172.979	19.409	48.871
195.149	195.077	21.626	59.051
191.927	191.816	23.527	64.775
192.974	192.638	22.416	61.520
198.408	166.491	18.869	43.181
197.446	171.170	18.787	42.502
192.931	170.970	15.997	39.839
190.445	171.234	16.359	41.456
188.278	170.282	15.834	43.343
186.538	172.224	15.887	41.944
185.043	171.637	15.511	45.215
183.194	171.720	16.047	45.263
180.977	170.868	16.317	46.566
178.750	171.155	16.146	46.926
176.518	170.962	17.267	46.894
175.031	170.905	17.623	47.216
173.598	170.775	16.526	47.644
171.997	169.913	16.069	47.997
171.177	170.068	15.853	47.709
170.095	170.885	14.983	46.672
168.538	169.962	15.962	47.757
167.516	169.473	16.096	47.540
166.737	169.294	15.955	47.608
165.154	169.608	16.580	47.525
163.526	170.529	16.924	46.656
161.986	169.451	16.714	47.124
160.683	168.853	16.626	47.712
159.878	168.840	16.132	47.601
158.703	168.755	16.093	46.959
158.049	168.198	16.305	47.291
157.200	167.739	16.799	47.310
156.006	167.808	16.886	47.762
154.792	168.671	17.872	46.878
153.475	168.611	18.305	46.285
152.031	167.986	17.609	47.157
150.551	168.099	17.912	47.171
148.792	168.675	18.450	45.889
147.982	168.749	17.630	45.867
146.705	167.787	17.515	46.759
146.124	167.020	17.425	46.614
144.736	168.188	17.222	45.760
143.611	168.300	17.034	45.835
142.163	167.523	17.046	45.750
140.799	166.821	16.637	45.423
139.233	167.484	16.711	45.195
138.111	167.639	16.547	45.946
137.369	167.479	16.821	43.911
136.819	167.216	16.962	44.942
135.818	166.656	16.341	46.091
134.271	166.209	16.115	45.287
132.545	166.619	16.392	44.878
130.826	166.578	17.283	45.409
129.429	166.409	17.465	45.354
127.921	165.986	16.693	45.470
127.186	165.715	15.477	45.571
125.659	166.401	15.805	44.886
124.877	165.954	15.102	45.668
123.412	165.587	15.921	45.773
121.735	165.550	15.370	45.493
120.573	165.470	15.663	45.375
118.544	165.578	16.328	45.614
117.438	164.990	15.850	46.333
116.821	165.132	15.659	45.452
116.293	165.563	15.289	44.637
115.660	165.656	14.657	44.258
115.165	165.277	15.182	44.369
114.193	165.251	15.746	45.072
113.441	165.252	15.796	45.047
112.005	165.624	16.253	44.675
110.216	165.361	15.882	45.139
108.705	165.174	16.214	45.085
107.289	164.408	15.930	45.961
106.154	165.967	16.322	43.220
105.242	165.846	16.242	43.796
104.551	165.006	16.386	43.956
103.728	165.046	16.087	43.872
102.321	164.650	16.086	44.074
100.549	164.562	15.549	42.944
98.467	164.606	16.209	41.978
96.878	164.875	15.940	43.562
96.256	164.403	15.885	44.699
95.302	165.111	16.087	42.641
94.466	163.752	16.730	44.735
93.782	163.910	15.993	44.491
92.706	163.375	16.211	43.422
90.982	164.000	16.068	42.398
89.931	164.705	16.261	43.403
88.653	164.807	16.179	43.927
86.865	164.748	15.196	46.463
84.984	164.495	15.521	46.048
84.082	164.795	15.655	45.813
82.862	163.597	15.974	46.838
82.115	163.990	16.906	47.744
81.488	164.409	16.500	48.574
80.994	162.591	16.800	46.770
79.681	162.308	17.199	48.139
79.121	162.491	16.443	48.418
77.786	162.592	17.356	50.033
76.011	163.023	17.875	49.220
73.801	162.891	18.074	44.082
71.928	162.233	18.883	46.224
70.792	162.595	17.947	43.049
70.123	163.249	17.404	42.867
68.562	162.924	15.389	39.939
66.941	163.893	17.003	40.027
65.243	162.767	16.951	38.932
64.407	162.503	17.292	39.079
63.350	162.237	17.488	38.516
61.272	162.173	17.408	40.939
59.439	162.725	16.838	42.954
57.811	162.381	17.300	42.524
55.158	161.456	18.575	42.009
53.889	160.739	18.993	45.238
52.597	161.652	18.277	43.048
50.492	162.654	17.630	41.980
48.696	163.147	17.230	40.192
47.047	161.701	16.929	40.208
45.652	161.631	17.841	41.713
42.194	161.222	18.433	41.388
40.087	161.229	18.331	41.053
38.618	161.811	17.615	41.519
36.430	161.295	16.547	42.011
