775.000	326.000	149.000	221.000
777.560	320.170	145.323	222.577
776.140	315.761	147.387	218.374
767.926	308.777	146.735	219.286
764.163	307.134	145.069	219.283
759.929	306.297	145.396	220.596
761.774	306.471	138.845	228.224
762.953	308.015	134.007	229.922
766.037	310.951	133.290	228.807
766.673	308.971	134.349	230.852
766.398	303.028	130.134	233.768
767.644	293.515	132.332	241.023
770.358	286.450	128.312	239.173
768.389	282.810	125.347	234.180
768.393	281.200	125.672	233.606
767.458	279.664	129.641	233.254
769.303	275.599	128.346	230.783
771.536	272.691	126.035	225.863
772.458	267.494	122.288	221.053
772.197	265.753	119.754	213.745
770.318	264.668	121.830	211.803
772.158	265.490	126.626	211.412
773.507	265.815	129.864	216.104
768.872	267.773	135.637	219.540
762.410	270.593	140.656	217.421
757.169	271.576	138.946	224.154
753.980	275.323	135.019	226.417
754.956	280.973	131.143	229.173
757.695	287.740	130.702	229.533
756.679	293.834	130.624	226.715
749.988	295.671	128.496	227.842
740.977	300.832	127.030	222.440
734.518	301.533	127.574	214.868
729.740	303.594	126.021	207.387
730.298	307.664	124.309	206.947
730.775	311.573	129.169	210.649
734.658	315.718	127.206	216.610
736.510	323.277	124.938	221.427
740.994	331.227	128.273	220.287
750.156	347.640	132.034	216.406
758.598	351.241	133.307	217.554
764.389	356.828	128.094	214.515
766.123	362.743	116.487	211.681
765.115	367.970	111.725	204.855
761.263	371.922	109.608	201.612
760.581	376.845	107.795	195.939
759.915	378.990	108.882	193.992
759.645	382.181	106.805	193.053
757.792	384.947	110.018	190.463
752.865	388.076	109.537	187.924
749.675	388.134	110.233	187.866
745.439	388.978	110.820	186.375
741.530	389.607	111.079	186.393
738.309	390.390	109.989	185.610
730.526	396.806	111.049	179.194
727.020	401.892	110.881	174.108
725.131	404.269	110.741	171.731
721.756	404.503	113.028	170.344
715.755	402.999	116.309	172.678
705.300	402.899	117.148	173.101
700.818	402.825	114.002	173.175
697.328	401.804	112.459	174.196
697.468	402.529	112.736	173.471
698.411	401.914	110.774	174.086
699.085	400.677	111.620	174.779
699.551	399.794	112.948	175.321
702.888	400.159	116.985	175.289
708.992	403.261	119.730	172.739
715.776	409.386	122.803	166.614
721.549	418.548	127.267	155.704
724.974	421.063	124.715	154.295
726.056	420.705	124.486	153.817
727.609	421.536	123.084	152.881
726.428	422.610	119.902	152.765
721.797	420.966	123.789	154.729
716.831	419.485	127.450	156.419
710.662	419.607	128.921	155.609
705.303	419.874	129.880	155.234
699.544	416.660	128.908	158.448
693.963	409.175	129.979	165.410
688.721	402.013	132.375	172.187
684.196	395.340	133.163	180.660
680.638	388.672	134.357	187.328
679.941	383.308	131.700	191.380
681.205	374.315	128.255	195.314
682.448	368.102	124.272	195.552
682.740	366.516	121.744	192.552
683.427	366.192	117.716	191.311
683.714	365.441	116.243	196.123
685.295	363.711	112.289	202.776
688.085	361.587	116.679	205.967
691.787	356.809	117.549	208.150
693.862	350.632	121.357	208.894
693.356	345.497	127.258	204.116
694.360	338.532	134.084	198.706
696.326	333.828	132.958	196.547
698.093	330.329	134.824	199.008
702.722	326.279	135.561	201.812
708.965	321.814	130.920	202.196
715.814	313.523	129.602	201.947
717.828	306.450	129.142	199.638
719.346	301.559	126.806	196.212
719.436	299.672	127.443	191.814
717.220	296.593	126.323	191.675
716.628	295.515	126.972	186.905
715.420	294.405	125.087	188.302
714.274	293.948	126.660	188.315
714.567	290.735	122.357	191.235
713.283	287.796	123.216	191.269
713.881	284.443	123.805	189.793
715.544	282.529	123.768	187.899
718.656	280.451	123.102	184.596
720.121	276.362	122.733	183.342
719.993	273.251	122.002	180.854
719.517	267.940	121.017	178.814
717.234	266.210	120.447	173.416
716.228	264.637	117.810	174.464
716.397	262.965	116.873	174.034
714.012	262.111	117.408	173.189
711.664	258.159	121.316	174.403
712.105	255.558	123.406	175.405
712.536	254.206	121.440	176.066
713.175	252.573	121.804	177.681
711.153	252.270	123.517	177.777
710.910	252.091	125.229	179.442
713.315	251.285	125.601	182.392
714.459	250.566	124.943	184.153
716.154	250.075	124.303	184.975
717.974	249.700	122.170	184.722
715.157	249.826	123.504	181.785
713.985	249.272	122.771	179.249
713.990	248.959	121.257	177.167
713.122	248.000	120.841	177.642
717.411	248.113	118.414	174.181
722.489	252.812	121.605	168.483
727.556	256.790	121.989	169.394
730.041	261.216	120.216	167.583
730.531	262.866	122.588	168.483
729.940	263.512	123.486	167.254
726.488	262.616	122.918	167.326
720.303	262.616	122.861	164.881
714.205	262.977	120.632	162.091
706.741	262.620	120.239	160.344
700.622	260.838	119.792	158.838
694.250	258.825	121.549	157.510
688.504	257.435	122.233	157.946
684.577	256.421	124.765	157.486
683.398	256.185	127.528	156.089
681.893	254.987	128.733	156.971
679.884	253.368	126.723	159.236
677.498	252.730	129.221	160.513
676.154	252.732	128.793	162.052
675.103	253.804	127.857	164.589
673.151	255.115	125.865	166.038
671.023	256.379	125.501	167.063
669.647	257.027	126.106	166.804
667.975	258.016	123.658	166.898
665.766	257.231	124.787	166.871
664.169	257.010	126.220	167.314
661.402	254.750	128.966	168.805
660.320	253.781	135.304	169.658
659.334	253.476	138.015	169.676
660.733	252.633	137.083	171.873
660.300	253.177	139.515	173.659
661.454	252.773	140.855	176.417
666.170	252.877	136.913	177.706
667.624	252.155	129.391	178.382
669.368	250.731	118.725	178.753
668.169	250.198	110.905	178.678
662.859	248.068	102.325	180.321
660.959	248.608	97.800	181.482
661.231	251.042	98.182	179.329
660.522	254.277	101.653	181.284
658.869	257.526	104.214	182.491
655.572	261.577	109.536	181.941
649.434	267.006	116.775	177.872
644.998	267.215	119.595	175.684
641.981	267.333	122.093	175.562
638.705	268.363	125.021	172.564
633.987	268.939	125.664	170.216
632.652	268.457	118.405	170.196
630.303	268.952	114.984	171.864
628.532	268.578	110.573	174.044
627.824	268.286	106.257	177.501
626.189	268.792	107.723	179.227
626.051	269.558	111.543	178.884
624.948	270.527	117.147	177.776
622.354	271.373	121.356	179.081
621.542	273.525	122.908	179.271
620.442	274.680	119.745	179.529
622.610	278.135	112.550	177.527
627.116	279.381	109.447	176.274
632.561	280.615	105.123	174.314
636.430	281.330	101.378	173.881
639.138	281.457	97.585	175.810
641.333	280.002	97.544	178.170
642.016	279.551	100.475	178.850
642.030	278.719	104.194	180.581
642.423	277.618	106.739	181.065
641.310	278.262	109.398	178.843
639.157	278.756	114.248	178.109
638.553	279.313	117.353	176.963
640.255	280.577	117.952	174.251
643.423	280.832	116.706	174.538
644.796	281.896	118.494	174.272
647.172	282.143	117.666	174.818
646.820	284.452	117.316	174.294
646.027	285.333	115.442	176.885
646.226	286.424	111.806	178.908
645.369	288.431	107.024	175.136
644.820	290.156	106.950	173.516
644.593	290.933	107.404	175.837
642.304	292.036	110.301	173.305
639.836	291.891	110.198	174.866
640.741	294.131	104.415	173.168
642.558	296.258	97.798	171.769
643.988	296.119	93.891	171.585
645.338	297.101	91.198	172.156
647.089	295.822	88.364	175.719
645.775	294.855	89.217	176.179
643.522	295.259	90.112	176.410
642.742	296.590	91.660	178.039
642.227	297.612	93.459	180.659
642.317	299.722	96.779	180.138
641.147	301.021	100.647	179.840
637.990	303.253	107.180	179.363
636.332	305.588	108.229	178.925
633.742	307.825	110.380	176.392
632.473	309.145	112.712	174.901
627.411	309.242	117.812	173.972
625.043	309.404	117.563	173.659
621.073	310.317	117.403	174.635
622.992	312.013	113.320	173.885
625.097	315.300	107.423	173.357
626.396	318.225	104.750	170.988
630.053	324.680	107.099	166.620
632.007	328.280	108.175	167.449
632.456	331.670	111.303	170.127
634.025	333.905	112.996	173.974
633.366	336.586	118.775	176.480
638.421	339.423	120.998	177.727
643.107	341.032	122.567	174.086
645.935	338.762	121.322	174.515
650.188	339.023	118.278	173.783
653.014	338.171	114.222	174.650
656.707	337.835	108.381	177.541
657.447	335.860	107.528	184.226
660.133	334.417	107.908	188.360
663.693	334.137	109.981	186.400
667.012	335.796	111.182	184.872
669.123	337.710	113.720	185.576
666.821	339.209	118.979	180.160
666.492	339.314	120.691	180.717
666.798	340.832	119.778	176.726
665.180	342.321	119.676	171.740
659.911	343.548	117.283	170.583
658.750	342.054	112.345	170.031
661.363	338.924	107.949	176.155
663.380	342.305	109.220	175.610
663.981	344.205	112.062	174.290
664.344	345.035	117.129	172.878
666.837	345.152	119.787	172.018
669.839	345.255	123.108	170.974
672.322	345.852	125.179	170.052
673.556	347.010	124.178	171.999
668.398	348.867	124.173	171.399
663.797	348.671	122.787	173.463
660.928	347.035	117.531	180.759
657.751	349.358	113.000	183.589
656.113	349.495	110.153	174.123
654.501	350.989	113.100	167.343
653.273	352.440	116.051	171.274
647.026	353.093	123.302	171.102
650.625	353.329	121.449	172.825
645.585	353.967	126.644	173.429
644.755	356.710	129.153	171.287
644.808	358.711	128.070	172.149
642.285	358.561	128.904	170.453
643.846	356.857	124.686	168.911
644.593	356.029	118.810	166.929
646.612	354.780	109.553	169.780
645.842	354.929	104.882	171.378
646.268	352.558	99.555	176.216
644.079	352.159	97.296	176.649
643.436	354.481	99.945	167.627
640.765	358.513	104.532	160.921
638.564	362.430	109.451	157.050
639.575	364.285	111.317	157.693
639.759	366.855	114.615	157.115
639.435	368.251	114.851	156.509
635.950	368.137	112.832	160.090
629.715	373.306	118.645	155.870
621.497	374.525	117.616	155.502
616.071	372.232	111.224	162.269
613.433	355.200	101.296	178.663
597.813	362.206	109.062	176.859
601.574	365.858	102.545	171.820
602.173	366.336	99.750	172.852
606.094	365.149	92.683	173.069
606.045	372.903	91.863	166.151
606.804	378.416	94.604	161.833
607.796	382.529	95.451	158.617
606.685	389.188	96.949	157.531
600.215	389.753	104.221	162.887
580.192	386.411	120.704	164.757
566.832	392.499	123.741	157.179
561.557	392.439	121.878	157.020
560.528	387.332	113.903	162.132
561.622	384.224	102.723	167.953
561.084	381.812	94.958	173.201
550.403	380.423	95.129	172.572
550.806	394.666	93.530	160.402
553.940	400.160	91.238	152.722
546.881	395.791	93.483	154.643
553.263	400.125	87.784	152.990
551.626	400.418	87.692	153.358
549.832	404.402	88.044	152.274
549.245	409.845	86.776	147.660
551.711	404.953	85.849	148.917
541.381	395.178	93.908	149.868
541.537	391.728	87.582	153.369
537.142	397.435	87.541	149.847
538.430	398.230	80.486	149.475
531.190	393.252	88.238	150.042
522.505	401.198	95.125	141.893
529.657	406.515	86.082	135.372
510.133	404.223	100.623	149.282
509.558	410.410	106.009	142.319
499.244	408.957	114.539	144.184
