102.000	155.000	194.000	398.000
96.130	160.672	200.982	384.834
108.778	165.485	195.988	381.101
117.679	169.185	196.656	371.444
126.572	167.030	198.751	366.496
138.052	167.502	198.640	352.554
149.144	168.521	199.624	352.166
163.212	167.921	205.908	346.210
197.770	163.488	192.205	350.773
216.887	161.312	185.499	359.722
229.708	157.698	183.855	356.031
243.289	153.248	179.078	354.563
256.167	149.276	176.296	355.673
267.153	154.006	176.046	348.133
280.932	152.113	170.228	324.426
276.889	152.676	180.807	332.251
272.761	150.878	174.902	320.484
271.699	146.530	162.562	327.252
271.036	143.368	164.735	354.068
277.152	143.085	163.503	351.733
294.080	147.997	160.563	352.191
307.871	148.770	160.895	356.675
317.932	148.602	164.435	358.353
320.993	151.270	168.235	360.858
330.990	150.009	169.111	353.425
335.910	144.875	162.491	352.404
342.633	137.341	155.540	355.569
348.966	127.696	153.791	357.493
354.954	121.378	152.436	359.258
358.911	118.645	152.645	348.668
362.955	114.357	160.078	344.406
366.329	115.908	161.202	336.705
371.015	110.899	163.663	339.812
376.364	104.297	160.143	339.847
378.879	101.461	159.769	338.809
376.076	93.575	164.100	343.639
377.617	83.897	166.085	345.256
376.419	77.006	164.085	346.395
379.572	69.898	158.534	344.988
374.542	73.745	163.835	337.674
375.810	71.985	159.185	340.055
375.830	70.144	156.556	337.365
376.085	66.303	150.699	334.786
376.908	63.659	144.785	328.077
369.931	63.306	141.161	322.949
355.388	59.822	135.399	319.500
350.605	57.686	132.919	319.691
350.834	56.622	134.665	325.237
359.189	60.871	135.257	327.254
382.035	69.384	129.872	324.972
416.271	84.055	133.000	325.609
434.439	97.716	133.085	326.454
437.365	105.719	134.922	324.786
439.981	107.689	138.866	325.364
440.700	101.672	140.603	324.310
447.442	83.513	139.581	319.931
453.181	72.795	142.009	313.306
457.059	58.801	144.807	313.056
458.658	53.299	146.890	307.274
465.306	51.596	148.942	302.694
484.296	51.625	141.614	302.258
495.696	51.069	136.600	298.558
499.495	48.082	136.825	302.956
503.835	43.505	129.755	307.539
493.102	44.539	137.176	304.989
493.126	43.781	134.380	301.488
499.375	45.693	127.753	299.171
496.316	45.909	125.324	295.288
483.714	44.194	130.991	289.848
473.071	38.727	133.536	283.293
465.313	27.975	127.734	281.998
462.466	20.613	126.118	283.136
461.451	12.571	128.302	285.083
464.114	10.379	129.241	282.592
468.930	9.300	125.560	281.480
476.448	6.733	123.590	289.689
473.677	0.612	126.147	297.162
468.353	0.000	129.724	305.234
465.682	0.581	131.900	303.476
462.503	0.537	135.375	297.486
462.063	0.000	135.317	280.861
464.479	0.927	130.798	271.321
465.826	1.696	129.573	257.170
469.016	1.221	126.304	247.506
469.361	0.000	130.886	235.638
464.274	0.000	133.791	225.856
462.799	0.000	129.608	225.719
462.520	0.000	127.057	218.111
454.489	0.000	126.104	208.876
452.276	0.000	116.301	202.068
448.953	0.000	119.729	208.077
449.674	0.000	116.608	213.115
452.260	0.000	105.812	217.691
452.574	0.000	100.058	213.436
448.041	0.000	97.102	243.388
427.712	24.986	104.775	230.752
421.385	39.610	102.663	237.174
398.169	48.006	112.598	251.565
384.091	53.884	110.877	239.557
369.311	73.064	109.771	229.994
360.007	80.306	109.773	239.817
354.732	84.665	114.186	240.769
350.206	96.200	112.738	244.282
556.352	152.189	117.453	302.960
549.066	160.215	112.789	295.976
440.793	161.024	124.446	293.233
514.927	171.108	115.316	279.434
299.070	137.351	110.514	232.770
292.684	143.521	107.358	198.743
283.664	141.427	111.006	190.675
277.417	147.582	113.189	176.302
286.466	146.732	107.645	183.922
294.529	144.269	105.336	182.427
306.001	141.749	100.765	181.404
313.456	132.963	97.469	184.389
321.211	133.757	97.108	184.445
322.167	134.138	95.353	178.203
323.089	134.644	91.761	174.562
319.544	135.001	94.968	175.131
318.502	128.451	94.104	180.726
314.463	128.576	92.953	182.188
314.409	126.426	91.978	179.555
312.407	123.614	93.319	189.524
313.008	153.416	107.732	214.827
304.471	129.750	96.720	218.306
305.937	127.782	90.679	188.525
311.823	120.479	87.665	178.246
315.576	117.284	84.799	169.494
322.139	112.504	88.337	164.702
330.243	117.836	93.680	160.126
352.273	116.146	95.562	157.146
378.455	120.306	101.566	165.207
399.492	133.033	99.318	165.271
421.857	130.820	98.354	179.956
438.016	135.948	96.836	180.411
453.045	123.861	95.026	164.807
461.636	122.998	90.914	176.387
467.155	109.562	96.414	169.841
467.619	112.532	99.364	171.126
475.456	112.359	100.678	157.123
488.956	106.116	103.008	146.944
506.108	97.370	97.721	146.027
516.991	108.274	98.251	139.080
523.840	99.113	97.498	144.792
523.370	94.745	99.395	148.751
530.568	99.180	95.783	148.708
526.698	94.577	97.397	156.992
525.462	92.598	91.346	160.319
526.487	90.900	90.502	152.361
522.949	90.235	93.174	152.358
525.250	84.811	87.771	156.079
530.900	75.401	79.996	165.069
531.520	87.773	82.861	184.071
523.032	85.995	88.056	165.980
518.876	81.448	82.869	160.743
506.636	87.475	90.422	155.885
501.065	84.828	89.687	157.955
492.488	80.248	92.576	156.887
484.476	85.025	96.266	153.688
475.654	75.494	96.288	163.735
463.261	67.198	101.042	150.372
457.436	83.927	98.397	169.221
462.137	73.405	95.925	167.739
456.234	60.955	101.541	162.405
451.916	80.322	100.148	164.344
455.547	70.409	99.939	160.478
453.033	74.923	105.244	163.498
452.659	72.382	106.033	177.244
448.464	64.825	106.995	177.846
449.253	70.084	112.566	202.390
436.811	72.590	114.671	217.633
433.673	69.397	114.683	226.142
431.748	75.545	115.822	219.015
431.998	65.832	109.606	210.434
431.340	74.965	110.472	222.581
435.960	61.174	107.497	218.729
432.071	66.610	102.757	212.104
413.117	129.876	98.442	214.421
429.526	68.391	104.041	203.698
421.416	73.565	104.448	204.227
424.145	100.857	114.852	188.448
406.667	72.922	94.468	180.414
407.868	98.045	110.690	171.764
394.121	68.392	90.446	174.913
381.575	70.168	86.370	176.214
376.733	63.003	87.216	184.155
365.628	60.506	82.305	181.424
362.159	49.887	84.621	188.655
357.601	46.544	90.705	194.657
354.180	47.594	90.768	194.442
353.240	51.153	87.927	187.850
347.663	34.787	90.319	181.720
346.426	43.006	88.572	184.137
347.322	42.935	87.720	180.918
347.173	36.366	90.205	176.727
345.814	39.200	90.358	177.349
341.692	39.023	90.293	174.874
340.245	37.698	88.034	169.528
337.004	40.214	87.120	168.541
333.714	39.885	86.682	169.187
335.525	34.387	83.247	164.739
330.903	43.978	86.476	161.012
332.350	36.941	85.228	155.837
328.008	36.650	88.178	169.030
327.085	29.599	87.841	167.176
324.611	34.798	88.866	161.162
328.303	32.106	87.126	165.481
329.434	30.414	89.795	166.953
331.325	28.261	90.322	165.080
332.802	26.032	91.112	167.955
332.620	28.549	91.724	168.215
335.423	33.139	93.563	160.681
338.946	30.890	85.783	169.793
339.719	28.237	85.790	163.149
342.460	26.196	81.943	164.214
342.128	25.731	85.062	157.954
348.193	21.860	82.589	154.600
352.690	21.000	83.252	165.076
359.132	22.449	85.262	165.096
364.201	21.921	89.335	157.419
368.791	25.634	87.671	162.748
375.718	28.222	88.591	154.072
368.801	26.785	87.054	157.220
374.618	26.392	83.950	160.458
375.345	26.305	87.293	156.393
372.429	27.916	84.579	149.443
374.153	31.719	90.316	136.415
373.026	33.084	88.983	144.323
369.047	32.696	86.682	148.299
365.193	32.775	87.062	149.876
371.812	34.768	80.534	146.963
365.309	33.038	85.851	153.169
368.928	30.037	81.240	184.023
370.666	33.491	83.931	186.267
369.696	30.145	90.522	194.878
357.087	63.405	101.146	180.993
352.144	61.333	88.717	174.614
353.996	57.084	91.694	181.842
364.725	33.232	97.168	191.727
350.499	75.783	86.957	182.079
355.344	65.962	87.145	203.032
336.933	101.320	98.728	206.653
442.566	60.739	94.849	181.655
458.134	62.377	119.941	184.412
471.988	147.142	117.092	226.813
462.795	158.338	112.908	270.847
461.306	156.797	117.343	277.180
464.433	144.853	122.338	255.452
464.628	117.099	118.100	228.630
460.412	71.076	128.139	258.328
467.192	117.514	128.499	233.510
461.560	107.008	125.023	281.950
483.890	124.366	129.113	245.856
464.035	71.569	126.644	261.861
469.465	105.057	128.141	231.877
470.114	144.948	129.615	215.505
466.147	142.742	123.648	207.616
470.015	105.020	122.236	222.245
459.977	50.146	122.035	229.543
461.365	31.587	131.911	204.703
464.597	54.593	129.108	188.144
462.519	52.801	132.215	209.529
465.296	68.029	121.565	269.348
468.740	92.348	117.275	249.199
466.192	66.096	125.452	268.396
159.922	114.108	104.642	237.325
241.797	72.061	90.287	189.856
243.914	58.541	89.604	201.745
240.543	58.175	97.773	206.448
240.531	59.364	93.615	201.164
235.484	58.052	93.634	205.907
227.225	53.780	99.942	210.569
178.965	78.401	109.802	232.684
170.252	102.318	98.067	229.632
164.544	92.321	101.132	215.384
178.081	85.187	101.367	217.758
173.365	87.207	112.959	228.828
170.813	87.454	107.630	217.887
191.695	76.924	102.043	220.076
181.237	83.690	105.638	229.991
180.593	75.052	107.874	232.740
186.173	74.496	112.883	232.427
