124.000	392.000	57.000	59.000
131.193	375.288	52.641	57.155
137.676	361.372	51.153	51.704
147.484	346.558	52.407	44.644
158.164	335.633	52.707	45.731
169.070	328.041	53.714	40.420
180.482	323.867	56.181	39.000
192.256	323.353	62.030	43.872
207.996	326.525	53.984	41.187
222.950	333.508	52.686	43.653
237.076	344.236	53.338	52.140
248.519	365.408	51.975	49.430
257.031	386.967	49.446	49.184
263.614	410.764	47.893	45.089
259.959	389.858	45.742	48.008
257.586	371.785	46.413	51.529
257.788	358.881	44.576	51.581
260.149	342.180	46.653	56.844
259.913	335.015	48.071	41.756
272.733	333.543	52.460	37.959
270.492	331.330	62.436	39.075
286.286	333.279	51.610	39.474
295.416	338.507	43.644	40.218
302.705	349.193	44.827	48.509
307.323	372.271	45.886	43.248
307.757	394.725	47.940	47.951
306.345	393.473	49.556	50.121
301.516	375.199	51.950	58.353
295.493	359.789	52.576	53.886
290.454	345.931	53.193	51.030
286.955	335.688	52.098	48.346
283.784	324.884	52.168	48.476
281.178	312.507	50.953	49.818
278.156	299.519	51.361	52.551
276.506	291.460	50.817	49.306
274.694	285.732	51.883	50.700
273.190	283.999	52.769	51.934
273.349	285.694	52.036	52.632
273.384	293.865	50.014	55.799
273.200	308.203	47.205	55.254
261.677	341.117	53.525	54.173
254.347	358.629	50.808	56.961
246.441	386.697	52.736	51.776
234.373	402.958	51.981	48.505
223.053	379.985	49.997	50.757
212.455	357.124	49.037	54.732
204.266	344.720	47.478	51.714
198.688	334.326	46.125	46.769
194.834	322.272	46.746	42.919
192.003	314.001	48.455	39.477
195.135	308.517	47.306	38.937
198.053	305.068	51.259	35.707
212.164	304.162	48.882	33.864
225.739	303.468	44.570	36.213
241.210	304.968	36.218	38.563
242.525	287.784	42.690	56.577
243.112	280.032	60.176	64.621
266.439	295.289	70.642	76.066
296.983	312.433	74.891	67.879
321.500	313.797	64.706	77.869
355.414	325.265	56.447	59.305
366.009	361.193	46.216	46.757
375.841	384.821	50.444	45.517
376.802	374.452	50.267	54.675
373.971	361.559	51.665	54.042
371.031	352.537	52.421	50.584
366.944	340.742	51.938	50.612
364.775	329.387	48.970	52.018
361.270	317.441	51.173	49.842
359.610	306.967	49.169	46.650
355.965	296.203	48.484	46.506
353.247	284.923	49.773	46.916
349.865	274.555	52.282	50.153
352.318	263.644	51.194	48.577
356.581	254.232	49.007	50.196
356.080	249.009	51.595	49.982
358.548	246.978	53.037	47.923
362.484	243.934	53.914	49.310
368.747	247.792	57.011	50.693
374.466	253.601	59.801	54.270
385.024	266.631	57.535	57.518
390.725	290.129	56.642	58.056
396.613	323.361	54.005	61.898
399.511	387.285	53.020	60.390
395.247	405.170	56.869	53.043
385.317	374.285	56.632	60.350
369.417	344.543	62.448	63.779
360.077	339.780	60.369	56.492
340.457	292.995	57.401	55.976
331.530	274.683	60.422	55.964
325.384	260.259	60.590	56.473
318.130	243.153	60.329	60.450
312.533	237.328	64.710	58.022
310.743	234.536	65.735	52.923
311.101	230.730	67.582	51.467
314.844	228.201	69.228	50.802
322.175	226.262	67.834	51.836
338.731	226.213	72.941	49.528
360.877	231.370	67.882	49.918
382.220	239.575	67.820	54.081
405.082	250.282	58.652	59.290
417.145	266.126	60.972	65.130
430.896	282.580	60.888	63.224
450.153	317.820	58.482	57.348
451.190	342.793	59.019	63.710
453.439	380.553	55.724	61.447
448.732	411.968	61.360	48.360
436.472	391.032	65.012	48.604
416.557	341.291	52.769	57.050
408.185	328.725	40.682	51.952
400.192	315.661	39.766	48.180
394.956	294.909	35.205	48.941
393.687	290.515	45.207	39.490
388.857	274.702	47.956	46.601
389.042	271.897	46.811	45.903
389.819	268.959	50.586	42.707
398.368	264.530	50.178	44.614
412.474	258.249	48.572	46.467
427.716	258.323	48.524	45.626
447.772	256.312	49.628	42.709
467.916	264.916	58.607	41.367
488.561	264.531	60.426	54.686
504.759	282.800	71.975	69.101
523.252	290.677	80.409	75.582
553.700	294.148	81.624	67.006
586.779	301.112	71.959	62.017
663.428	254.762	52.085	41.679
685.200	265.004	52.649	40.694
719.137	291.117	46.586	51.878
737.114	319.200	51.032	54.069
752.796	350.183	55.128	54.929
772.828	368.699	55.771	57.591
774.342	349.718	48.470	60.601
772.705	320.155	49.312	59.861
777.449	289.246	46.835	56.178
766.085	265.939	53.221	52.921
757.625	247.235	56.076	49.984
753.424	228.694	53.016	53.542
745.387	218.811	53.741	47.466
736.518	208.820	54.636	44.642
728.162	200.061	53.952	45.830
718.607	191.734	54.205	47.847
709.591	185.718	54.475	47.157
701.585	181.841	55.303	45.524
694.235	177.961	56.350	45.699
692.729	176.531	52.890	43.460
691.432	175.627	52.343	43.099
693.400	178.070	50.680	42.632
693.311	182.918	49.162	42.446
692.790	190.357	50.129	43.796
690.859	197.697	55.103	46.126
697.910	211.164	54.076	47.815
706.002	227.368	53.186	53.285
712.786	251.848	54.735	60.518
716.849	278.787	50.910	60.616
720.793	316.882	49.565	60.475
721.960	353.977	50.785	58.434
724.133	393.795	47.881	52.725
715.389	374.053	53.177	56.948
702.399	342.027	53.426	59.121
692.583	311.724	51.774	58.289
680.527	285.562	55.302	57.980
669.183	262.481	55.664	53.641
659.715	245.961	56.703	50.890
653.943	233.502	55.397	47.950
649.385	223.015	53.310	48.499
641.843	216.509	53.364	46.025
638.560	213.484	50.610	44.017
634.962	211.257	51.915	44.467
635.042	209.957	52.007	45.519
635.687	210.754	53.431	44.755
638.656	214.990	55.083	45.881
647.433	221.636	52.118	46.376
656.495	230.905	51.726	49.319
663.412	242.964	55.611	48.977
672.801	258.289	54.051	48.581
684.844	277.583	56.934	54.948
694.530	302.029	52.501	59.667
703.766	333.501	50.389	57.593
712.671	368.187	49.817	58.089
718.101	400.083	50.530	58.606
721.316	402.994	50.410	57.459
721.421	395.050	49.173	57.322
717.452	377.551	49.664	56.053
711.590	331.341	50.842	54.256
705.364	313.782	50.920	48.923
698.539	298.223	53.347	47.158
694.380	285.532	49.875	48.065
686.454	278.978	50.018	45.128
678.546	272.009	51.470	44.122
673.062	269.556	50.910	44.749
661.843	272.772	54.674	44.427
661.512	282.745	48.662	50.322
659.140	305.992	47.431	52.687
654.731	331.888	49.326	55.253
654.343	361.515	47.557	59.679
652.236	396.807	45.977	55.833
642.498	406.221	51.325	53.504
636.406	386.607	47.230	56.435
621.084	358.974	49.897	54.215
607.719	333.412	50.305	50.042
595.413	308.065	48.962	48.020
588.493	292.341	48.460	44.751
586.141	272.963	49.039	49.525
593.046	256.775	46.328	45.788
567.677	249.493	58.123	46.212
547.858	242.843	61.702	50.908
526.894	243.320	65.117	60.201
511.954	249.221	66.202	56.140
498.689	250.136	64.506	57.393
492.387	255.147	57.664	51.599
491.618	259.648	55.159	47.253
490.455	260.431	56.732	46.948
489.839	262.133	64.182	47.408
509.732	255.268	53.210	54.480
499.799	261.486	67.010	69.543
510.764	257.690	64.543	76.466
550.458	245.245	62.031	58.447
575.993	246.357	51.322	48.225
596.815	248.001	47.313	43.513
605.108	249.902	50.851	46.319
609.957	254.654	51.230	49.173
610.753	261.617	51.669	48.126
611.559	269.109	53.582	47.278
618.319	282.793	53.574	53.113
622.206	304.673	51.762	59.864
621.170	335.962	49.578	62.148
614.277	374.241	50.315	61.813
600.196	409.962	55.912	69.523
590.270	447.896	58.526	53.384
576.195	419.716	57.186	66.655
557.749	378.495	59.010	68.760
550.527	350.942	56.423	63.883
545.132	317.040	52.950	59.768
537.183	300.679	51.127	50.910
530.586	285.309	48.872	49.487
514.888	270.998	50.446	51.627
497.584	260.951	57.630	52.943
484.578	257.026	55.689	48.767
478.952	256.986	56.305	47.695
486.242	252.507	54.789	49.433
504.489	248.912	58.483	52.810
528.286	245.931	57.709	56.772
552.438	241.105	58.456	59.972
596.151	235.193	57.136	64.047
607.435	230.840	59.980	66.163
618.648	227.063	62.114	65.139
630.780	225.688	60.508	63.598
694.416	290.793	54.430	59.441
658.755	227.177	58.173	49.415
670.805	228.141	54.054	50.358
681.843	234.230	53.067	51.756
683.198	244.245	52.247	51.474
678.481	253.635	58.121	51.062
649.857	265.453	58.792	51.838
616.482	281.783	60.444	57.206
594.257	301.153	58.639	59.919
578.168	327.843	55.157	56.709
571.387	361.102	55.169	62.791
566.005	401.366	54.344	62.273
563.754	434.475	51.826	62.837
550.843	469.369	60.343	62.859
530.344	473.726	56.776	61.015
511.976	440.483	55.302	64.384
493.122	408.746	53.568	57.318
485.328	382.728	48.576	56.033
479.252	359.972	48.198	51.944
481.497	348.128	50.609	46.232
500.528	317.049	42.910	53.778
521.346	309.073	46.266	45.345
531.722	303.888	44.187	43.725
535.771	299.620	42.549	41.016
534.593	299.111	44.126	37.181
534.016	302.040	43.837	42.600
540.317	303.230	44.172	38.503
551.512	302.622	40.482	35.430
560.546	299.050	38.161	36.875
567.682	295.631	39.799	39.994
569.716	291.145	39.348	38.417
562.132	286.490	44.310	39.160
546.986	283.198	47.502	39.515
526.881	282.994	51.814	43.301
514.562	285.345	53.883	51.613
514.029	293.379	52.272	49.344
519.669	300.751	51.859	48.238
532.887	309.035	52.711	47.793
543.344	320.322	53.580	51.871
549.843	337.721	51.745	52.208
546.969	364.144	55.925	60.900
553.182	406.566	52.440	59.878
555.277	448.071	52.402	60.127
553.073	488.350	50.821	61.480
537.006	525.316	59.319	50.264
544.742	517.711	55.420	57.958
545.111	482.237	52.206	65.072
544.780	446.178	53.252	60.324
543.890	410.735	52.101	62.246
539.447	380.738	53.664	59.866
534.028	360.011	53.334	57.290
528.999	340.155	50.153	51.427
528.036	325.457	53.205	53.211
527.908	313.392	54.060	50.826
532.012	305.671	50.359	47.615
536.534	298.600	47.087	48.146
534.219	297.783	51.497	49.886
521.989	296.573	59.293	59.675
521.283	290.992	65.897	70.787
529.845	287.015	64.877	62.049
539.951	291.034	61.024	56.948
551.232	292.772	56.814	54.231
554.297	302.468	55.106	53.954
556.053	299.454	60.076	55.000
556.585	295.596	59.536	54.176
557.276	297.546	59.040	51.424
565.230	302.691	57.644	52.158
518.619	344.368	52.265	56.153
519.484	343.402	50.780	62.030
602.969	310.469	53.780	48.168
615.335	316.818	53.238	50.934
621.330	327.989	53.562	50.853
630.998	339.605	55.783	54.559
638.990	358.015	57.319	58.835
643.568	376.946	55.739	65.855
637.212	407.899	54.207	64.728
636.082	438.513	46.097	63.412
623.282	425.506	64.170	62.594
625.654	425.053	70.256	63.590
576.130	419.397	90.543	90.282
553.116	439.765	59.813	68.774
545.634	415.596	51.615	62.285
537.741	393.774	50.269	54.362
533.172	377.929	47.118	48.919
532.034	366.216	46.937	47.122
531.219	358.378	45.392	39.683
534.241	350.611	43.908	39.705
540.221	341.720	45.802	40.577
551.342	333.324	48.060	41.631
560.801	330.706	46.694	41.735
564.031	330.410	46.261	41.285
568.762	330.945	47.271	46.508
574.262	345.223	47.868	45.733
580.514	370.867	47.553	53.624
587.671	403.785	47.607	57.068
594.655	432.964	49.831	55.861
602.686	472.392	48.123	49.140
611.903	455.434	52.821	53.201
621.359	433.103	47.664	52.259
632.803	411.018	46.352	49.468
641.228	392.630	56.078	47.127
639.515	382.763	74.035	61.826
658.114	393.757	76.442	66.521
652.427	372.489	65.938	78.170
663.536	355.962	75.924	95.784
667.919	342.702	70.408	90.646
677.771	301.562	58.801	71.895
674.828	298.253	56.473	62.271
667.677	294.602	57.932	59.859
665.143	297.140	58.028	57.133
658.105	303.156	64.921	55.439
652.802	297.618	58.307	56.163
603.317	295.324	57.364	46.327
596.260	306.533	54.784	37.527
583.154	312.088	39.926	48.168
565.108	325.655	51.679	54.669
573.381	339.923	51.277	47.575
563.156	348.672	60.337	60.462
566.241	390.296	45.273	59.927
568.843	421.950	51.654	55.609
574.057	439.855	49.326	58.714
581.599	414.320	52.487	62.185
603.568	383.564	50.995	63.005
615.393	364.356	51.378	56.537
609.558	341.549	61.117	57.426
632.765	314.830	58.298	58.833
642.893	289.359	68.176	70.085
647.489	279.292	58.323	75.359
645.737	293.702	61.812	71.880
645.346	322.723	63.624	58.792
639.634	304.138	63.769	67.731
646.492	324.997	57.416	52.776
655.698	322.649	63.514	52.262
653.013	318.238	57.537	60.173
661.548	316.948	61.829	56.488
664.261	321.403	65.873	51.216
676.088	319.898	61.421	53.126
683.227	316.628	62.678	57.992
674.760	315.129	67.233	58.241
698.604	315.323	63.537	54.623
703.980	313.893	62.973	55.335
546.446	283.954	64.051	45.707
530.040	286.219	54.833	44.405
521.517	296.011	75.316	61.105
499.731	285.426	68.101	55.363
479.841	298.762	55.174	49.528
463.268	313.590	51.634	41.099
443.621	332.577	44.926	44.481
428.266	356.006	44.581	53.132
422.131	389.283	45.789	56.904
422.236	417.452	46.483	53.071
430.928	401.413	50.315	58.754
457.093	369.440	50.517	55.648
480.666	346.020	47.534	50.600
508.606	316.400	53.681	50.183
529.075	298.015	45.906	47.830
541.848	284.816	44.799	47.337
549.450	271.984	42.619	46.366
550.463	262.557	45.030	46.149
552.359	252.891	43.566	44.934
552.823	244.750	45.476	42.739
554.022	239.912	47.368	43.012
557.449	236.018	44.879	40.627
559.211	232.370	43.161	40.081
556.282	230.786	46.186	39.289
552.872	228.484	44.270	38.722
550.146	228.146	43.918	37.181
547.763	228.748	44.673	35.076
544.964	229.731	43.221	36.328
542.625	233.368	41.124	36.148
539.077	239.821	39.668	36.797
535.965	246.682	38.231	37.103
533.664	255.934	37.742	39.069
532.030	266.964	37.994	39.173
531.442	279.479	39.652	41.873
531.479	294.921	35.927	45.251
530.139	317.342	38.351	48.374
530.327	346.208	39.113	45.837
531.914	377.615	39.491	45.738
533.365	402.884	38.109	50.777
533.762	405.412	41.855	49.630
539.222	383.366	39.469	51.327
542.336	361.569	37.255	45.739
542.731	341.237	32.948	42.429
539.983	329.547	34.072	40.024
543.807	310.540	35.915	43.990
547.602	291.067	40.246	54.034
551.043	275.796	49.021	53.414
554.207	276.614	71.240	53.673
549.806	265.659	56.642	52.490
548.019	261.612	55.839	51.311
553.093	261.233	57.942	54.713
543.881	264.453	71.274	65.226
535.343	259.633	62.174	84.771
514.722	266.896	64.026	83.416
505.670	262.324	54.615	41.473
497.735	268.367	37.475	37.986
492.692	275.953	35.556	34.581
484.027	283.707	38.326	34.053
480.586	287.751	37.562	35.670
477.850	290.844	37.314	36.773
477.257	291.876	37.759	35.896
475.885	291.407	38.536	35.589
474.667	287.684	39.017	39.017
472.680	282.933	39.874	39.944
471.707	278.928	39.379	39.511
471.953	273.406	38.588	41.612
476.248	267.743	39.544	40.245
481.474	264.183	41.216	38.033
486.674	261.891	41.670	35.705
492.148	260.078	40.873	36.067
493.603	259.741	38.917	35.630
494.335	259.712	38.594	35.581
492.606	262.210	39.483	34.689
491.523	265.474	39.176	36.231
490.457	268.992	39.012	36.767
490.290	271.310	38.674	36.433
490.256	272.434	39.025	35.510
489.392	273.191	39.182	34.238
489.074	273.148	39.118	34.552
485.494	272.950	40.226	35.943
479.247	273.315	39.091	34.250
474.334	273.149	38.086	33.948
469.959	273.385	38.047	33.277
465.883	273.181	40.521	34.832
463.176	272.885	39.571	34.662
460.411	272.202	41.328	34.846
459.703	271.555	39.029	37.315
459.172	271.322	40.067	35.257
458.559	270.653	39.430	34.502
458.823	269.728	39.364	33.489
458.009	269.529	40.906	34.345
456.283	269.525	41.513	34.892
454.165	269.798	43.156	34.704
451.398	270.636	43.406	35.070
445.425	272.106	44.738	35.347
437.700	274.067	43.638	36.145
430.833	275.563	41.653	37.268
426.549	277.155	42.424	35.345
422.338	278.111	43.005	36.300
418.508	278.471	44.254	35.808
415.475	278.804	44.180	35.618
413.534	278.381	43.297	35.653
413.511	277.054	41.080	36.784
414.139	276.119	41.063	37.063
416.517	275.418	40.948	36.402
418.538	274.934	42.136	36.366
420.853	275.162	44.463	35.865
421.692	275.366	46.151	34.941
423.255	275.902	44.916	36.169
423.690	276.187	42.473	36.428
417.951	274.771	41.515	37.753
412.879	275.702	40.888	36.010
409.522	275.035	39.234	35.556
402.654	271.216	43.847	33.696
407.983	265.137	41.620	36.925
411.371	263.760	39.691	36.821
415.526	262.414	39.269	36.187
424.973	259.825	41.631	35.501
435.195	256.635	39.828	36.274
446.050	256.611	44.535	35.459
457.175	255.735	44.346	35.965
466.118	255.396	42.130	36.292
469.502	256.941	43.479	35.940
467.275	256.665	45.500	37.853
460.814	255.995	49.358	38.436
452.885	258.413	48.360	37.608
446.789	260.078	45.695	35.881
443.698	259.227	43.846	36.680
439.674	258.818	44.037	36.054
432.650	257.676	43.825	36.025
426.299	256.417	41.549	35.915
422.169	255.529	40.110	35.137
417.484	254.314	40.693	34.679
411.033	253.526	41.437	33.852
403.563	251.937	41.365	33.956
394.668	250.256	40.176	34.007
387.436	248.218	40.624	34.840
382.550	245.825	39.779	34.261
379.288	251.507	40.340	46.476
379.060	254.297	49.534	50.667
373.086	241.556	68.403	57.917
348.001	233.420	82.423	88.793
322.168	245.470	97.500	108.734
325.545	274.633	77.665	113.708
322.222	263.393	81.617	116.124
374.796	303.518	68.139	98.152
322.162	214.001	50.188	45.029
317.584	214.403	43.427	38.285
310.378	211.611	42.156	38.048
301.966	208.559	42.820	36.839
293.747	206.445	42.976	36.525
287.376	204.985	41.927	36.146
282.648	204.079	41.349	35.696
279.154	202.914	40.107	35.458
277.105	202.061	40.834	35.235
275.076	200.021	41.211	36.890
272.175	198.571	41.930	38.208
269.184	197.886	42.448	38.339
265.572	197.249	43.695	38.823
261.638	197.711	43.006	39.234
255.922	200.097	44.454	41.398
250.075	204.981	43.962	43.501
245.736	212.917	41.834	41.518
244.226	215.298	40.838	39.851
244.086	214.919	40.403	40.053
244.859	213.248	39.870	39.215
243.840	212.913	39.015	37.894
237.589	212.993	38.825	38.052
231.291	212.394	39.269	37.223
226.243	212.994	39.321	37.373
222.735	216.925	35.853	36.841
220.359	221.551	35.242	36.708
218.999	226.250	33.009	35.140
220.066	228.764	32.618	34.125
222.370	232.264	32.503	34.525
227.359	232.030	35.480	36.577
236.615	230.844	34.563	36.839
243.871	231.462	36.485	35.314
245.795	235.622	33.795	36.190
246.205	238.498	33.136	33.859
246.882	238.136	32.152	34.615
251.595	237.418	33.380	34.122
256.288	238.197	34.825	33.763
260.667	236.029	36.332	36.165
268.148	230.474	35.579	37.340
273.894	228.352	36.430	36.323
279.691	227.087	33.369	35.464
286.648	222.935	36.914	37.424
299.757	217.873	37.360	39.607
315.188	214.113	42.205	40.268
331.304	212.603	46.655	44.253
344.729	212.281	48.318	50.805
361.542	211.352	50.543	50.042
368.816	210.998	45.344	44.018
372.928	210.926	38.524	42.136
366.363	213.593	33.733	37.182
372.281	216.561	35.823	39.838
371.604	226.381	43.189	42.369
374.949	225.651	48.649	57.941
387.346	251.538	55.998	57.879
382.716	265.511	82.793	72.719
324.260	272.563	73.187	81.809
330.349	289.041	81.785	75.355
369.452	255.479	71.922	98.022
397.260	248.580	78.899	94.872
398.491	224.772	91.843	97.417
415.754	192.738	83.217	97.825
437.787	225.406	99.256	104.537
455.955	222.656	127.902	119.885
236.926	30.333	132.280	83.415
278.198	32.151	103.384	84.596
283.451	36.407	102.768	79.841
281.267	32.580	102.019	82.713
288.190	36.274	96.105	79.850
287.411	28.851	96.942	83.362
289.245	31.479	95.583	82.025
291.164	31.565	95.342	79.828
291.873	35.499	93.309	78.292
289.870	31.556	95.821	81.725
292.991	35.115	99.296	82.961
289.421	30.110	100.747	84.431
288.499	30.666	101.492	78.792
293.445	32.044	96.053	80.492
290.371	36.463	105.550	79.025
293.293	34.370	103.953	79.237
283.259	42.302	103.455	78.085
285.127	36.930	103.013	79.181
287.169	40.784	92.698	77.897
281.647	46.878	96.332	73.862
296.061	37.443	92.789	78.491
296.096	34.072	98.611	84.499
284.620	45.149	100.340	75.031
303.725	46.051	94.122	73.533
304.589	41.233	97.010	75.997
302.833	48.132	85.263	68.584
306.160	42.693	92.215	72.888
304.496	49.524	90.578	68.691
307.912	38.906	94.112	75.886
304.812	43.516	93.964	71.504
307.541	45.322	92.082	71.418
307.532	39.436	92.873	76.125
305.773	47.489	92.325	69.420
305.662	39.622	93.136	74.954
309.494	48.033	86.795	69.628
318.046	41.412	87.431	71.933
305.524	45.180	90.895	71.755
313.880	45.072	88.393	70.059
314.955	47.489	95.014	67.665
312.143	46.978	95.075	67.914
313.842	45.033	95.140	70.013
313.038	43.326	91.559	70.783
315.168	41.735	93.163	72.348
316.405	46.694	89.579	67.896
320.892	44.136	87.522	69.508
320.459	41.541	87.433	72.106
321.740	41.913	83.370	71.596
320.234	42.841	85.307	70.872
322.661	44.057	81.933	70.927
321.799	41.597	84.048	73.438
320.038	36.472	86.109	77.192
318.134	39.122	88.613	74.739
317.726	39.436	89.216	73.506
318.658	37.376	91.914	74.235
309.927	36.396	95.899	76.358
317.758	38.210	91.385	73.121
309.683	37.297	97.113	76.623
318.920	38.144	89.344	74.726
322.125	35.951	87.738	76.449
316.304	36.297	91.865	78.337
321.911	39.140	86.561	74.700
324.003	37.776	84.385	76.644
324.530	35.653	83.799	78.853
325.322	33.140	85.418	80.091
324.833	30.393	88.219	82.956
314.193	32.155	96.003	81.155
318.994	30.950	96.195	79.700
324.846	37.193	92.250	76.599
328.538	39.530	87.543	75.641
335.621	41.196	81.441	72.753
334.905	24.127	85.387	85.019
340.652	36.400	79.177	76.987
341.621	34.161	83.782	73.541
339.634	28.822	88.147	77.344
347.233	42.419	80.282	67.214
347.234	41.539	77.590	70.348
352.902	48.605	72.737	62.786
348.959	53.508	74.813	59.247
353.293	49.124	73.444	63.059
352.070	51.548	75.019	60.418
352.209	52.985	76.381	60.404
347.551	45.072	82.724	64.630
339.577	48.605	92.351	62.350
390.507	214.002	58.328	20.965
408.984	214.228	34.635	34.457
411.711	213.785	32.410	32.715
413.256	213.145	31.082	32.240
413.892	212.709	30.599	32.060
414.252	211.596	30.281	32.846
412.965	211.313	31.275	32.131
411.720	211.427	31.394	31.853
411.447	211.293	29.779	31.213
410.656	211.496	29.999	30.825
408.252	211.860	30.490	29.907
405.418	211.999	29.977	30.343
401.573	212.486	29.594	30.937
397.839	212.348	29.875	31.392
395.450	212.509	31.504	31.603
393.647	211.921	31.336	32.079
389.742	211.730	32.480	32.103
383.846	212.246	31.792	31.735
379.607	212.052	32.992	32.095
377.094	212.435	33.765	31.543
374.729	213.095	34.156	31.454
371.541	213.939	34.706	31.120
368.697	214.365	34.624	31.724
367.542	215.648	34.804	31.553
366.889	217.236	34.674	32.167
366.436	218.665	34.575	31.552
366.411	219.579	33.815	32.238
366.752	221.345	33.978	30.829
367.435	222.011	33.452	31.321
368.216	223.397	32.823	31.755
368.738	223.595	32.864	31.321
368.738	223.743	33.292	31.946
368.490	224.057	33.688	31.265
368.145	223.956	34.051	31.416
368.200	223.575	33.970	32.005
367.277	223.760	34.120	31.160
366.307	223.541	33.606	31.131
365.708	223.452	33.440	30.828
364.390	223.058	33.002	30.919
362.633	222.491	33.383	31.108
360.946	222.655	33.205	30.609
358.941	222.812	33.049	30.664
356.638	223.751	33.286	29.903
354.595	224.687	32.369	29.345
353.457	225.657	31.784	29.258
351.857	226.226	31.992	29.316
350.248	226.815	31.772	29.413
348.872	227.539	31.550	29.846
347.370	227.790	31.416	29.505
346.245	228.088	31.423	29.416
345.478	227.594	31.662	29.824
344.550	227.951	31.773	29.793
344.026	228.170	31.582	28.785
343.905	228.263	31.748	28.766
343.692	228.824	31.712	27.979
344.000	230.232	31.967	27.839
344.565	230.768	31.461	28.026
344.675	232.079	30.865	27.425
344.401	233.335	30.901	27.078
343.766	234.533	30.886	28.369
343.407	235.420	31.342	30.082
343.002	236.179	31.184	30.249
342.291	237.604	31.155	29.540
341.544	238.057	30.357	28.329
340.338	238.834	31.228	27.353
339.453	238.849	31.191	27.698
338.470	238.849	30.982	26.413
337.295	238.622	31.005	26.510
336.990	238.622	30.972	26.291
336.565	238.279	30.553	26.518
336.004	238.125	30.569	26.720
335.864	238.181	30.332	27.000
335.557	239.469	29.820	27.139
335.082	240.804	29.823	26.998
333.454	242.371	30.342	28.383
330.752	244.106	29.956	29.081
326.737	246.461	30.078	28.595
322.535	248.128	30.000	29.801
317.800	250.470	30.438	28.944
313.663	252.294	30.525	28.827
307.749	255.274	31.303	27.624
304.397	257.787	29.514	27.764
299.739	260.539	29.482	29.597
295.252	262.507	29.205	29.763
289.943	263.958	29.870	29.787
285.989	265.147	29.724	30.713
280.114	266.203	30.538	31.353
276.292	266.272	30.722	30.851
271.735	266.406	30.053	31.772
267.621	267.292	29.998	31.253
264.926	267.006	28.142	30.878
258.857	265.879	28.562	30.612
243.229	265.239	44.554	38.027
232.174	268.444	59.483	51.733
238.451	295.341	51.055	43.146
233.664	289.558	57.698	46.143
235.398	293.115	51.739	43.766
224.380	292.314	49.752	43.596
217.637	297.057	49.548	38.590
223.758	296.087	46.835	39.468
221.246	294.028	50.445	44.236
213.951	265.974	33.629	47.182
213.613	272.502	31.262	37.328
212.017	279.032	32.050	37.106
212.889	291.820	33.432	36.138
216.473	298.112	43.831	39.332
235.109	302.302	46.113	43.472
232.765	302.100	46.999	41.303
230.866	301.389	49.131	41.894
237.938	300.923	45.780	41.078
238.375	301.994	48.201	40.467
238.594	300.546	50.217	41.843
241.491	299.318	49.441	42.330
242.983	301.060	48.921	39.469
242.245	299.599	45.625	39.009
245.953	299.349	46.286	39.235
212.559	293.939	37.678	39.707
202.320	292.619	37.108	37.164
201.588	292.788	42.087	41.388
203.992	291.699	40.969	33.578
202.589	290.621	41.991	35.844
198.956	287.089	44.553	33.974
200.719	285.689	46.567	35.997
202.974	287.227	44.017	37.181
204.860	285.590	41.665	35.553
207.108	285.466	41.757	35.107
211.011	285.384	43.792	31.982
209.215	285.238	46.283	32.312
213.252	284.012	47.035	30.215
215.530	282.936	48.045	32.054
225.323	279.321	41.073	33.841
230.637	278.274	37.602	32.200
236.653	274.512	33.112	33.087
240.261	270.801	31.522	33.671
241.306	267.293	31.243	31.736
242.141	265.193	32.010	29.934
242.441	264.732	32.235	28.559
243.256	263.900	32.390	27.912
244.038	264.576	32.413	29.036
244.724	266.761	32.992	30.028
245.926	270.160	35.240	32.953
250.522	277.829	34.253	34.784
253.402	286.330	34.829	35.176
252.909	295.226	39.051	41.966
256.810	296.894	37.216	50.823
255.540	299.548	41.517	60.954
253.964	298.837	42.850	63.244
251.504	304.858	44.832	61.306
263.793	333.059	39.448	56.351
259.774	317.564	38.543	53.257
264.409	315.590	36.584	53.183
262.596	295.183	39.039	51.560
265.072	290.282	35.729	42.477
264.227	288.780	36.421	36.423
266.408	283.041	34.145	39.493
268.292	275.837	33.092	44.376
268.205	274.326	35.208	44.204
265.252	273.513	35.794	43.939
268.665	273.589	34.415	38.215
266.343	274.087	34.148	40.671
262.416	274.296	39.132	43.472
261.338	280.373	44.704	38.868
264.830	280.440	43.109	39.972
260.679	278.712	43.358	39.561
259.221	281.390	43.705	37.534
264.282	277.101	45.130	38.996
268.164	277.442	45.561	38.714
270.531	278.893	51.202	38.900
277.513	277.929	51.173	40.358
282.928	272.122	47.232	42.149
277.466	268.915	46.271	50.691
280.022	271.573	50.689	46.332
304.410	273.426	37.750	38.305
314.788	273.866	30.278	32.917
319.437	269.929	31.737	29.550
323.118	265.995	33.633	31.059
329.395	259.910	32.211	31.931
332.897	254.775	31.326	31.941
334.973	251.047	31.453	31.602
337.032	247.503	30.070	30.954
337.143	246.417	30.785	28.987
337.283	246.079	31.456	29.386
337.452	246.643	30.911	29.182
337.855	248.821	30.590	29.168
337.455	253.030	31.443	28.887
335.873	259.194	32.312	30.543
335.090	266.487	30.757	36.184
331.997	281.589	30.498	38.657
326.829	298.063	33.521	34.846
324.573	305.468	32.229	45.383
323.746	335.642	33.672	38.935
320.453	347.596	35.013	35.712
316.430	332.284	32.007	40.552
306.180	314.824	35.452	40.628
297.659	303.295	43.580	46.315
288.422	295.929	43.458	39.963
286.287	276.153	34.681	42.006
285.031	275.061	37.227	43.010
280.110	272.178	38.549	40.374
274.715	268.233	38.963	40.404
273.858	267.035	37.793	42.146
273.135	266.232	37.427	39.548
269.614	265.070	37.238	30.958
268.496	263.810	37.180	30.167
268.711	263.283	36.283	29.021
269.831	259.369	33.229	32.707
271.809	261.560	33.527	33.149
273.226	262.084	34.329	32.768
276.121	262.648	33.486	31.487
278.324	262.562	33.676	30.943
280.634	261.886	35.743	29.879
284.852	261.582	34.058	30.131
286.035	260.576	36.230	30.643
288.177	259.731	36.196	30.585
290.882	258.849	34.673	32.219
291.714	258.595	36.048	33.035
291.839	258.394	36.964	34.610
292.261	258.389	36.639	33.173
292.549	258.266	36.986	33.216
292.455	258.450	36.715	32.543
292.938	258.622	36.437	32.008
292.739	259.320	37.272	31.102
293.771	259.353	36.224	31.979
294.841	259.073	35.442	31.856
295.990	257.738	36.062	32.421
296.377	255.386	36.711	34.277
296.719	252.452	34.838	35.799
296.325	249.229	32.884	33.694
296.096	245.369	32.930	34.052
294.905	242.385	32.998	33.911
294.575	238.914	31.992	34.417
294.217	236.188	33.738	33.167
294.114	234.758	34.147	30.727
293.919	234.896	34.752	29.408
294.222	234.889	34.623	29.738
295.093	235.008	34.105	29.520
295.113	235.870	34.639	28.545
295.387	236.381	34.143	28.415
295.494	236.668	33.746	28.394
294.055	236.746	34.873	28.743
291.942	236.687	36.353	29.283
290.160	235.420	37.328	30.313
287.211	234.435	37.078	30.155
284.570	232.477	35.625	31.246
281.966	230.739	34.464	31.910
279.776	228.416	34.433	32.350
278.391	225.802	35.687	33.793
278.062	223.346	35.453	34.116
278.030	220.973	34.736	33.729
279.503	219.194	35.538	33.330
280.606	216.710	35.483	33.531
282.436	214.404	36.250	33.156
284.957	211.792	36.714	33.104
288.251	209.770	37.035	32.277
292.681	207.724	36.857	33.221
296.919	206.019	37.249	33.713
302.478	204.420	37.224	33.428
307.860	203.071	37.456	33.893
311.532	203.003	38.354	33.099
314.967	202.497	37.981	33.319
317.199	202.003	37.827	33.512
317.891	201.279	37.892	34.875
318.183	200.764	37.750	35.317
317.057	200.335	38.506	34.850
316.455	199.119	38.432	35.041
315.756	198.579	38.563	35.025
315.514	198.068	38.373	34.995
315.097	196.995	38.765	35.212
315.179	195.877	38.877	36.210
315.137	194.983	39.022	36.047
315.511	193.846	38.994	36.932
316.411	192.841	38.808	36.935
317.449	192.386	39.016	36.406
318.353	191.489	39.643	36.065
319.718	190.663	39.621	35.927
320.378	189.628	40.199	36.313
321.107	188.633	40.454	37.640
321.978	188.474	40.518	36.979
322.683	188.000	41.099	36.614
323.643	186.834	41.110	37.410
325.253	185.620	41.139	37.026
327.432	184.701	40.961	37.099
330.484	183.544	40.750	36.443
332.451	182.759	41.020	36.822
333.802	182.279	41.157	36.675
334.918	181.319	41.983	37.071
337.066	180.949	42.536	37.294
340.148	180.817	41.988	37.251
341.956	180.781	42.630	37.565
344.175	180.620	41.988	37.883
346.457	180.396	41.372	38.167
348.646	180.245	40.969	38.681
349.836	179.990	41.116	38.494
350.789	180.262	41.622	37.842
351.525	180.040	42.427	37.687
352.023	179.987	42.299	37.637
352.066	179.768	42.480	37.896
351.411	179.978	41.854	37.963
350.477	180.457	42.056	37.132
350.311	180.237	41.698	37.000
350.386	180.399	41.462	37.211
351.049	180.423	41.195	37.109
352.656	180.472	40.825	36.730
354.256	180.683	40.614	36.385
356.813	180.180	40.166	36.596
360.668	179.914	41.022	36.614
365.220	179.659	40.299	36.237
370.337	179.289	39.882	36.098
375.195	179.369	40.156	35.404
380.773	178.940	39.724	35.626
386.718	179.612	39.656	35.958
392.358	179.699	40.073	36.552
396.960	180.035	40.237	37.311
398.548	180.664	40.263	38.059
398.260	181.429	41.146	38.075
395.733	181.396	41.666	40.001
391.743	182.601	42.932	40.361
385.279	184.867	45.018	41.831
378.920	189.472	45.035	42.646
371.129	193.860	44.563	42.908
364.589	198.620	44.605	41.836
364.368	201.747	43.252	42.337
367.839	206.061	42.770	41.481
370.275	212.497	41.955	41.684
371.129	221.420	42.582	43.687
371.030	231.584	42.105	43.249
367.809	240.809	42.947	41.989
362.550	244.415	44.517	39.828
355.331	244.165	46.094	39.105
349.307	244.050	44.459	39.320
345.830	242.748	43.128	40.201
345.435	236.359	44.142	48.227
347.861	226.006	44.743	45.410
349.270	222.639	43.544	42.938
350.080	221.854	43.300	42.641
347.892	224.217	43.432	41.557
345.429	224.480	43.542	40.691
342.519	224.262	43.953	41.485
333.664	226.995	47.155	43.658
325.034	231.927	47.110	45.715
323.679	235.293	44.446	44.279
330.090	235.462	44.029	44.619
338.289	231.529	45.868	44.255
346.527	230.123	43.774	44.185
350.904	229.424	43.512	42.783
355.868	228.276	43.574	40.985
360.689	227.363	43.470	41.829
364.758	227.101	42.710	40.798
368.684	227.288	41.680	41.096
371.817	226.358	42.398	41.608
376.500	226.966	43.148	42.094
382.156	227.510	43.382	41.503
387.784	227.502	43.854	41.523
393.419	227.129	45.157	41.408
399.085	226.520	44.350	42.496
402.451	226.515	45.342	42.387
405.341	226.906	44.771	44.229
407.719	226.929	45.217	43.544
410.463	226.979	43.815	42.738
411.267	227.053	44.222	41.291
412.634	227.101	43.368	41.158
413.850	226.649	42.492	41.123
414.709	226.960	41.932	40.972
415.933	227.395	42.728	39.941
416.677	227.710	42.493	39.274
416.798	227.973	42.497	38.315
416.767	228.201	42.541	38.509
416.407	227.590	42.272	39.109
416.169	227.743	42.581	38.452
417.232	227.285	41.891	38.943
418.524	227.159	41.981	39.152
419.358	227.159	42.385	39.008
419.833	226.915	42.672	39.159
419.970	227.277	42.641	39.423
419.951	226.777	42.690	40.609
419.633	225.331	42.692	41.834
418.572	224.218	42.948	42.080
416.379	223.532	43.455	40.723
414.397	222.363	43.177	39.902
412.674	221.802	42.872	39.632
409.001	222.534	42.598	39.894
408.188	221.399	42.605	39.806
409.612	218.919	42.343	39.917
411.054	218.096	41.101	38.973
409.081	217.466	42.959	38.385
407.050	214.701	42.440	40.557
406.778	213.775	42.447	39.619
406.974	213.266	43.019	39.445
405.659	212.804	43.730	39.442
402.569	212.601	44.515	38.441
394.872	215.072	46.868	40.160
382.681	218.343	48.956	40.974
369.035	221.597	50.499	43.153
358.007	225.801	49.181	40.873
343.798	229.558	50.334	38.223
335.222	232.129	47.504	38.903
327.594	234.520	47.869	39.686
328.207	234.634	47.048	40.195
331.785	235.417	49.252	38.443
339.691	235.913	52.489	36.906
353.499	235.288	56.387	37.253
368.642	235.753	60.879	38.800
384.208	237.461	65.819	38.404
406.530	239.213	62.925	40.135
430.923	245.999	59.880	39.426
449.038	255.668	56.447	42.659
471.383	270.807	45.531	46.906
480.661	292.577	40.999	48.879
480.107	316.093	44.935	48.410
480.600	341.971	45.296	54.790
475.731	374.355	45.189	57.889
461.436	394.769	52.951	49.172
453.828	385.557	50.005	49.306
414.308	341.689	52.672	53.543
401.701	328.757	49.075	48.225
383.255	311.631	51.650	43.904
381.493	301.553	48.884	42.343
385.169	291.831	44.594	42.229
384.928	282.249	47.552	39.574
391.840	273.826	46.784	39.420
403.376	267.347	42.069	37.674
408.170	262.367	46.585	37.353
417.127	258.294	47.534	38.200
428.730	255.922	47.789	38.128
439.157	254.974	46.635	37.804
449.876	253.702	46.005	38.162
459.071	253.175	44.557	37.707
465.486	253.179	43.806	36.533
468.256	251.543	43.516	36.704
469.940	249.501	43.081	39.176
469.285	246.133	43.764	41.469
463.311	249.289	45.398	40.220
457.917	246.398	45.289	39.531
448.962	244.709	47.025	37.142
441.023	244.461	47.196	37.683
432.986	246.458	46.379	36.680
424.495	249.411	47.004	38.207
416.691	253.197	46.296	41.079
406.572	260.459	46.104	40.959
402.846	265.772	46.223	38.523
399.171	278.031	41.230	40.778
395.879	292.692	35.893	42.808
391.558	309.179	35.802	46.271
389.158	334.204	33.318	39.671
374.154	340.834	46.800	55.468
363.859	340.877	52.010	61.987
336.738	311.543	70.166	73.839
325.135	282.324	67.160	59.289
325.354	278.354	69.740	59.473
349.472	316.838	71.677	70.125
353.461	323.977	81.380	66.253
365.529	317.521	68.809	66.002
376.170	300.351	79.321	73.653
379.719	301.226	78.821	65.753
380.580	294.530	74.815	65.329
380.640	288.476	56.060	53.648
384.314	292.847	52.427	52.288
384.829	295.769	58.722	50.499
381.080	302.757	48.949	47.389
381.179	314.674	45.072	44.942
381.933	327.476	38.300	40.616
380.323	337.836	39.156	38.846
378.745	348.412	35.234	41.267
376.871	367.911	37.093	37.837
375.275	381.893	39.367	39.070
374.987	397.791	39.804	38.257
371.039	385.870	39.050	41.955
366.095	371.813	38.750	43.815
361.873	362.208	36.252	37.298
359.715	349.379	33.901	41.428
357.334	343.082	37.296	38.944
356.132	338.741	37.577	36.651
355.529	336.543	38.235	36.585
354.275	334.421	39.520	34.330
354.910	331.627	38.734	35.554
355.977	331.959	40.316	35.538
358.209	332.972	42.871	36.663
363.032	338.566	43.045	37.352
366.670	347.400	41.790	37.002
370.711	355.705	40.100	36.019
372.687	366.400	42.545	37.591
375.278	377.193	42.345	39.631
376.984	389.560	43.543	38.068
375.660	378.610	42.199	39.468
372.800	368.568	41.924	39.223
369.447	358.666	41.159	38.562
366.869	350.660	42.343	39.530
366.320	345.403	41.372	39.847
365.516	341.861	40.490	39.388
365.065	338.923	41.229	41.605
371.197	344.136	43.824	41.199
384.214	356.323	47.013	42.654
402.869	370.841	45.825	41.706
419.890	372.236	46.170	42.165
430.763	355.198	42.383	43.981
440.389	346.058	37.461	41.405
447.971	339.124	34.947	37.119
449.853	333.357	42.168	37.862
458.944	319.457	48.575	46.204
446.707	303.326	61.962	62.727
435.627	264.826	58.734	75.962
431.758	257.075	68.899	72.901
420.964	259.149	68.224	87.601
408.567	255.057	75.836	82.098
405.667	251.207	72.298	80.994
402.827	247.334	74.544	83.344
404.779	256.033	69.592	79.422
387.665	271.118	68.861	65.850
390.730	268.881	67.185	70.555
392.926	266.660	76.596	78.303
401.451	255.434	67.097	77.292
374.184	282.859	49.937	64.880
376.361	308.001	49.958	54.329
388.138	319.584	48.276	52.225
394.357	276.563	49.370	55.230
397.092	261.949	56.370	60.846
394.822	259.742	55.846	64.740
387.999	258.099	58.914	63.228
392.470	259.754	65.043	67.267
430.370	296.645	51.112	62.907
425.283	289.045	62.936	52.495
429.253	284.609	60.119	46.220
429.759	277.783	63.484	57.237
443.525	272.340	57.205	48.930
434.231	267.277	68.197	54.332
434.880	261.447	77.361	64.667
434.766	257.953	66.991	60.188
444.343	252.110	51.734	46.893
441.793	247.318	47.313	42.729
436.739	246.110	49.415	41.193
432.321	245.200	46.465	41.672
431.509	247.786	43.783	39.893
430.929	255.881	40.927	39.109
428.055	265.502	42.032	41.204
426.533	277.895	41.617	46.787
423.607	287.638	40.943	56.210
409.585	303.132	54.400	69.165
399.253	307.733	57.826	69.864
386.306	297.850	65.520	84.075
364.654	290.397	76.534	84.939
358.727	276.637	83.447	89.245
343.868	256.442	85.612	88.162
339.827	249.251	80.356	84.927
333.894	257.157	79.838	95.848
338.038	274.615	83.418	84.551
106.021	359.560	75.004	81.912
109.826	353.107	69.892	68.444
124.694	360.207	71.822	49.031
126.121	363.677	70.347	46.514
145.876	362.752	54.453	44.829
137.848	364.791	58.734	39.708
117.417	364.291	71.043	45.573
115.718	364.724	74.797	51.462
123.458	366.444	66.079	46.516
134.956	363.808	55.120	41.531
146.522	362.951	51.718	45.749
147.318	365.767	45.695	40.726
153.880	363.972	34.973	41.904
151.927	366.775	37.536	39.354
156.255	358.324	42.132	42.064
149.132	360.092	43.319	43.555
146.587	361.350	44.677	38.871
148.934	360.234	41.020	39.133
146.372	356.867	42.696	38.153
155.860	352.665	37.737	44.257
160.980	352.311	45.337	42.720
154.474	354.565	38.317	47.371
151.021	356.191	39.851	46.618
146.173	355.668	42.350	42.259
140.152	346.098	52.498	46.598
148.895	345.606	54.786	47.930
202.654	332.360	44.451	40.130
206.270	336.250	42.734	36.791
203.011	337.827	45.765	36.208
202.340	339.177	47.783	35.875
190.005	338.812	49.305	36.532
172.180	337.829	41.890	38.417
167.451	340.486	40.472	39.208
168.457	339.083	43.062	39.533
165.262	344.799	39.699	37.433
169.961	339.843	48.078	34.559
166.155	346.413	40.399	33.567
165.874	345.155	41.014	31.913
198.898	337.790	42.201	38.657
198.509	338.652	45.676	36.784
197.570	340.761	46.433	35.402
196.855	340.925	45.770	36.647
195.001	341.834	45.930	35.935
190.603	344.892	48.469	32.861
191.248	342.285	48.905	35.448
193.673	340.349	44.486	36.619
194.278	343.228	44.056	33.111
187.994	341.681	49.708	35.689
193.679	339.837	43.155	36.410
193.803	340.128	45.084	36.832
188.343	341.994	48.420	36.187
192.235	343.205	44.556	34.746
191.936	341.812	45.913	36.830
189.751	340.897	44.617	38.142
194.333	340.489	42.689	38.500
190.976	344.364	44.708	34.915
189.318	340.284	44.157	37.758
190.887	339.404	43.568	38.205
191.104	342.219	42.554	34.672
191.171	342.573	47.311	34.658
191.368	343.323	42.567	34.784
191.631	341.261	42.155	36.427
193.547	344.566	40.722	33.555
192.828	346.463	39.422	31.520
195.010	345.550	38.489	33.458
194.633	346.627	36.731	31.351
192.158	345.094	40.241	33.748
192.733	342.960	37.427	34.584
191.706	343.403	40.909	34.808
194.521	342.236	40.039	35.489
192.379	341.965	38.829	36.431
193.186	342.766	40.297	34.577
189.473	339.338	42.170	37.188
191.928	341.525	40.365	35.640
189.149	339.579	43.741	37.086
190.789	341.044	42.085	36.129
193.832	341.946	40.588	34.551
193.445	343.244	40.142	32.693
194.129	343.491	39.559	32.552
191.565	342.541	39.705	33.155
191.223	341.331	40.385	34.632
194.000	342.733	39.224	33.144
193.417	340.809	39.976	36.001
190.133	338.619	42.176	37.705
190.256	341.129	41.616	35.354
184.959	338.988	44.587	38.697
181.620	337.330	43.925	38.784
180.955	337.936	47.188	39.197
177.346	337.230	46.936	39.653
178.346	336.784	45.843	39.610
177.998	338.819	46.836	37.806
175.685	338.684	45.473	37.712
178.942	340.369	43.536	35.725
180.263	340.753	43.427	36.868
174.393	341.801	46.809	35.256
177.844	339.675	46.570	37.498
176.957	340.302	47.201	36.415
178.760	340.184	45.298	36.745
177.276	340.752	47.729	35.694
177.637	340.243	44.839	36.799
179.320	340.662	43.180	38.186
179.389	343.491	42.130	34.652
176.665	340.126	40.670	37.064
179.687	342.264	41.318	35.980
174.784	342.237	42.570	35.562
177.213	342.276	43.033	36.179
174.562	343.877	42.490	33.949
168.577	342.894	44.939	34.403
169.429	339.554	45.250	38.070
165.559	340.521	46.188	36.612
162.609	343.831	50.919	35.232
159.100	340.908	47.370	38.361
155.631	341.938	52.259	38.153
147.878	340.953	55.000	39.148
139.821	341.020	54.754	40.602
128.156	339.659	61.889	42.194
143.103	341.684	48.800	37.478
136.439	344.546	52.000	36.428
139.827	342.188	52.630	41.549
138.373	344.910	47.415	36.722
128.651	345.144	52.480	38.809
133.052	345.989	49.872	39.363
125.437	345.826	49.876	41.054
115.788	347.632	53.141	38.190
114.050	343.034	53.985	43.576
107.964	340.955	53.754	45.146
103.329	345.503	66.188	45.226
111.565	339.189	52.138	42.631
95.902	349.459	54.528	38.654
96.962	353.757	57.299	50.976
83.770	357.165	66.518	52.103
63.330	369.524	78.440	41.716
41.488	362.054	85.646	64.953
22.526	373.596	98.028	69.855
0.303	377.787	95.451	78.788
0.000	370.135	91.982	75.964
0.089	375.973	70.544	75.949
0.000	381.301	61.952	63.750
0.000	378.612	52.529	61.759
2.688	358.460	51.502	61.667
0.000	350.038	41.874	72.796
0.000	343.330	41.974	76.896
0.000	356.180	36.401	72.194
0.000	364.058	36.427	63.048
0.000	374.774	25.555	61.469
0.000	382.899	22.930	53.401
0.000	382.105	22.021	51.086
0.000	371.031	36.017	43.189
0.000	368.832	34.112	46.111
0.000	368.876	36.406	55.921
0.136	356.020	52.409	49.482
0.000	348.116	44.725	57.391
0.000	348.150	58.072	52.965
0.000	353.959	47.839	59.176
0.000	359.964	49.991	63.975
0.000	357.202	54.418	58.741
0.000	353.355	39.045	65.198
1.720	360.173	52.560	49.841
0.000	356.625	40.572	49.587
0.244	357.681	48.698	48.801
11.588	362.240	50.699	54.044
8.346	358.425	57.991	56.310
16.160	357.076	57.402	60.050
7.298	361.200	59.521	58.663
21.042	356.775	59.676	50.480
21.460	361.200	60.100	47.894
19.186	359.967	55.214	59.314
0.000	388.538	42.743	63.619
0.000	391.861	40.728	64.038
0.000	394.289	36.757	63.402
0.000	394.376	43.530	56.810
0.000	393.142	33.244	64.312
27.267	366.277	50.639	45.172
20.783	367.320	47.468	44.605
23.599	362.754	45.739	46.285
17.925	364.836	46.980	46.252
16.903	360.554	48.359	48.924
27.485	363.596	59.355	51.626
50.533	361.641	59.341	59.721
42.829	357.629	62.801	59.135
26.679	354.292	65.052	54.883
22.201	353.144	58.932	55.046
19.827	352.927	56.068	54.997
18.607	360.544	50.918	49.585
19.505	358.274	45.237	50.145
23.483	353.666	49.827	52.849
33.025	347.643	52.317	58.264
48.075	354.569	59.346	55.923
0.000	376.026	37.335	90.418
0.000	385.556	42.009	69.927
0.000	378.461	38.443	71.783
0.213	383.356	36.876	66.819
0.000	378.930	32.114	62.109
0.000	377.093	31.634	62.437
1.799	374.729	33.089	60.881
0.000	375.733	30.195	59.790
1.517	376.581	27.838	58.527
3.145	374.652	30.538	58.962
2.122	385.582	29.248	49.489
4.232	388.955	30.517	44.862
0.000	395.160	29.703	36.626
2.105	389.037	31.829	40.838
0.000	389.732	28.235	40.461
0.427	388.561	22.507	42.503
0.000	394.436	21.050	40.388
0.000	394.661	17.322	41.998
0.000	395.538	20.577	38.936
0.000	384.909	22.999	42.872
0.285	380.676	29.694	36.695
0.000	380.934	27.766	35.336
0.000	381.720	25.862	34.944
0.000	381.733	26.761	33.988
0.000	383.116	27.020	37.079
0.000	382.171	27.079	37.116
0.000	380.016	24.091	37.520
0.138	385.105	22.714	34.610
0.000	385.221	20.457	34.597
0.000	377.269	33.755	40.719
4.412	365.619	47.890	49.956
0.000	355.396	50.959	50.976
2.895	363.501	56.221	47.136
0.000	355.706	49.234	58.652
1.533	356.268	53.587	50.460
0.000	352.855	50.878	49.897
0.000	356.666	41.043	45.504
0.000	361.006	38.196	42.125
0.177	363.517	35.986	41.539
0.000	362.655	39.978	41.968
0.000	361.611	38.493	43.834
0.000	364.327	36.588	41.563
0.000	361.930	36.641	43.705
0.000	365.102	36.031	41.079
0.000	364.965	35.983	42.013
0.000	366.499	35.887	42.965
0.000	367.096	34.522	42.842
0.741	368.981	34.871	42.059
0.835	370.989	35.167	41.014
0.725	371.066	35.749	39.853
0.821	370.618	37.196	41.445
0.503	370.566	36.858	40.943
0.267	369.070	35.665	41.528
0.718	366.529	35.062	42.411
0.858	365.771	35.181	42.396
0.726	367.065	35.651	42.180
0.196	368.277	33.869	41.534
0.696	369.263	32.958	40.653
0.769	370.207	32.307	40.732
0.965	368.383	31.791	42.446
0.623	368.355	32.443	42.961
0.826	369.453	32.341	41.883
1.049	369.182	31.881	41.740
0.681	370.260	31.672	40.493
1.095	369.642	30.910	41.011
0.893	370.144	31.096	39.796
0.883	370.492	30.945	39.579
1.208	368.328	30.957	42.181
1.429	365.771	32.482	43.320
0.772	364.465	32.607	44.005
0.921	364.872	35.343	44.046
0.541	363.710	37.058	45.843
4.992	364.954	44.033	45.897
4.155	366.386	48.639	43.550
1.295	365.608	44.597	43.933
0.194	366.823	48.281	43.516
0.000	362.686	49.092	46.839
0.000	363.629	48.714	46.869
0.000	365.376	48.434	46.219
0.000	367.155	45.910	44.366
0.427	366.888	45.515	44.021
0.572	364.831	43.555	44.622
0.024	365.515	40.095	47.879
0.000	367.876	34.485	52.121
0.000	367.314	31.757	59.919
0.000	364.088	31.237	63.314
0.000	364.323	34.603	59.886
0.000	366.451	34.567	62.421
0.000	366.783	31.405	64.039
0.000	366.786	31.800	65.515
0.000	368.285	29.741	69.155
0.000	375.070	34.301	77.779
4.639	369.573	61.402	51.909
40.245	354.236	55.668	62.608
56.706	365.754	65.541	50.685
75.776	371.866	54.154	47.338
66.095	373.505	57.494	45.175
32.606	367.737	48.314	50.372
28.146	363.498	49.068	54.403
30.358	378.593	56.169	47.999
33.480	378.373	61.246	47.099
23.633	371.105	56.817	53.563
9.832	370.339	51.309	49.622
7.629	366.100	47.526	51.307
9.337	370.267	50.287	47.700
7.678	368.295	52.806	50.398
3.935	372.561	55.654	50.474
5.374	368.198	57.762	54.470
6.598	362.958	50.782	59.044
2.995	384.478	54.254	48.471
2.644	368.143	51.800	57.522
1.448	363.901	51.377	63.487
1.097	373.256	48.028	58.551
0.663	362.163	45.162	61.157
0.000	354.231	43.415	61.180
0.000	358.428	45.751	61.630
0.000	360.762	41.525	63.830
0.000	363.982	39.177	65.425
0.000	366.132	38.251	63.094
0.000	370.474	36.045	63.273
0.000	375.712	38.534	60.376
0.000	379.320	35.642	59.217
0.000	366.911	31.111	58.684
0.000	373.224	32.067	51.067
0.000	375.221	28.874	46.819
0.000	375.754	27.947	46.269
0.000	381.335	25.947	46.981
0.000	390.557	23.037	47.361
0.000	390.027	26.076	48.239
0.000	403.562	22.606	45.037
0.000	414.776	19.625	44.293
0.000	421.346	19.583	39.669
0.000	421.137	19.908	35.374
0.000	419.071	19.270	34.133
0.000	424.905	21.820	30.619
0.000	428.147	19.345	30.016
0.000	422.797	18.699	32.510
0.000	419.662	20.491	34.067
0.000	414.685	22.435	38.817
0.000	398.761	24.364	48.664
0.000	368.558	31.717	46.256
0.000	362.981	32.430	42.751
0.000	362.631	33.862	41.510
0.000	363.088	36.564	41.755
0.000	363.401	38.078	39.962
0.000	366.619	42.603	38.962
0.350	366.047	40.408	39.555
0.000	364.707	44.266	39.452
0.000	363.874	42.802	42.279
0.000	364.375	37.045	43.042
0.764	364.897	35.800	40.425
0.000	366.582	37.397	40.099
0.000	366.053	36.680	41.611
0.000	364.333	30.089	47.179
0.000	365.651	26.427	49.451
0.287	364.548	38.839	43.273
0.000	365.125	37.609	43.030
0.000	365.795	32.471	46.123
0.000	367.106	32.452	42.111
0.000	367.564	31.144	39.836
0.542	366.419	29.611	41.457
0.000	367.527	28.387	39.513
0.712	368.175	28.166	40.192
0.216	367.755	28.882	40.533
0.062	367.621	28.237	39.561
0.598	368.022	28.009	40.617
0.685	368.476	27.979	39.620
0.517	367.853	29.545	40.222
0.340	368.870	29.608	40.458
0.555	365.945	29.173	41.014
0.536	366.436	28.851	42.275
0.161	365.853	29.022	42.728
0.000	366.564	27.313	43.076
0.000	364.729	29.258	44.779
0.000	364.666	28.876	44.439
0.674	366.502	28.958	46.899
0.825	363.449	32.259	47.342
0.520	361.749	41.860	45.944
0.388	363.987	44.527	45.407
0.000	363.314	49.680	46.377
0.000	365.071	51.128	42.121
0.000	361.942	49.119	46.424
0.000	362.834	45.473	44.273
0.000	361.814	47.431	43.530
0.000	359.642	45.150	44.673
0.000	362.696	50.380	43.583
0.000	358.725	45.710	47.061
0.649	360.629	50.152	45.826
0.000	357.650	45.522	48.364
0.000	356.326	45.776	51.390
0.000	356.584	50.847	49.043
0.000	357.851	48.975	50.780
0.376	361.386	49.931	47.418
8.479	357.624	51.891	51.539
4.224	361.473	51.172	47.711
9.138	361.087	50.680	48.817
7.078	355.430	48.751	51.577
