261.000	122.000	20.000	40.000
266.175	121.532	21.809	39.136
269.014	121.415	22.615	38.998
271.322	122.229	23.904	38.658
272.469	121.543	27.305	38.338
281.791	121.102	22.392	39.382
285.973	120.257	21.222	41.022
291.783	120.141	18.397	42.134
294.541	120.786	21.479	41.681
300.749	125.987	22.508	36.151
304.692	119.582	21.439	40.981
307.275	118.763	22.140	44.979
310.382	120.255	22.322	43.860
313.801	119.975	23.880	41.829
318.084	118.827	22.802	41.841
322.415	118.973	21.557	41.698
327.300	118.472	19.310	42.070
331.368	118.171	20.531	41.583
336.261	118.777	21.889	41.628
339.931	117.132	23.801	40.089
343.285	117.312	21.463	40.954
346.018	118.114	23.392	39.182
348.541	118.385	25.732	39.842
353.784	117.168	24.719	42.082
355.678	119.247	23.401	41.339
362.764	118.028	20.584	39.384
364.960	122.702	23.313	37.988
369.004	125.518	25.262	36.320
374.402	127.747	25.827	33.487
370.451	117.706	26.340	37.606
381.333	113.889	21.003	41.279
383.717	116.867	22.251	40.045
389.490	116.507	21.682	40.210
392.696	114.815	20.905	40.023
394.948	111.767	20.420	38.990
397.369	112.252	20.209	37.213
403.125	113.682	17.598	36.314
407.713	114.131	17.468	35.272
373.243	110.890	21.262	29.008
333.041	115.055	18.847	34.239
299.023	116.955	21.786	33.779
269.773	118.263	22.764	37.723
248.284	116.268	21.496	34.562
252.763	110.563	21.791	32.113
259.436	110.911	22.563	45.513
261.172	119.086	21.294	43.734
265.389	109.156	26.849	51.289
283.698	103.340	35.161	46.865
286.647	107.491	39.729	57.076
295.791	110.504	41.526	58.069
299.286	106.606	43.169	69.525
299.299	124.901	40.219	65.019
308.862	121.270	35.060	52.864
302.150	107.889	37.441	59.086
294.633	106.459	40.502	62.196
299.688	117.576	39.155	63.491
295.435	112.494	39.727	68.101
299.691	118.589	41.868	72.175
301.330	117.460	40.998	61.103
293.488	113.545	42.652	69.637
293.133	124.975	38.763	69.925
293.805	127.134	39.030	71.859
288.223	123.032	43.229	73.789
288.679	125.740	42.459	71.754
295.393	126.714	44.042	72.032
288.699	118.696	48.679	75.453
299.342	119.037	44.971	71.829
310.373	113.073	44.080	63.507
298.051	122.267	41.344	71.831
353.882	107.285	29.312	55.483
357.990	108.651	23.926	50.837
363.391	109.720	22.311	49.442
369.257	110.148	22.573	53.204
370.846	108.208	24.553	47.692
374.327	109.551	23.991	50.190
376.747	112.428	25.350	50.452
379.486	110.408	27.176	51.672
380.054	108.833	28.911	55.249
387.122	107.282	24.890	54.302
391.034	108.222	23.381	55.580
392.658	109.642	25.328	53.984
396.648	109.779	26.976	53.966
403.590	109.547	23.236	43.761
406.548	106.846	21.947	51.779
408.003	116.418	24.501	47.118
412.613	114.056	24.141	47.027
417.892	108.748	21.040	53.474
420.212	107.971	22.766	52.609
425.428	107.221	22.142	52.435
427.613	107.204	24.076	52.277
430.792	106.975	24.565	50.171
437.075	107.233	22.324	43.757
439.310	106.888	21.576	44.357
441.849	106.782	21.682	37.815
444.495	107.229	22.522	38.621
449.326	107.454	21.626	37.870
456.118	106.249	18.196	37.709
459.366	106.658	18.360	37.799
463.028	106.454	17.906	38.178
466.802	105.887	18.860	37.410
