258.000	181.000	23.000	55.000
258.035	179.751	22.847	57.762
258.060	179.712	23.625	58.216
257.947	179.719	23.884	58.807
258.294	179.737	24.045	59.982
258.831	180.222	24.196	59.408
259.053	180.492	24.127	59.963
259.408	180.897	24.110	59.022
259.599	180.412	24.562	59.866
260.059	180.282	24.531	60.337
260.161	180.381	25.015	60.525
260.713	180.383	24.879	60.338
261.378	179.997	24.927	60.394
262.278	179.798	24.249	61.178
262.516	179.524	23.830	61.052
263.379	179.205	23.008	60.226
262.787	179.412	24.068	60.030
263.467	179.816	23.410	59.002
263.925	179.933	23.507	60.565
264.165	180.005	23.532	61.363
264.553	181.059	23.741	59.494
265.049	181.073	23.646	60.543
264.972	181.517	24.283	59.891
266.118	181.509	24.189	59.946
266.432	181.599	24.431	59.139
266.674	181.494	23.964	60.384
267.063	181.408	23.476	60.982
263.216	181.817	25.002	59.884
235.863	181.687	26.822	60.804
245.811	178.958	28.389	65.735
242.821	180.701	27.690	65.508
243.741	181.369	27.753	60.867
243.848	181.218	29.247	59.972
245.663	183.836	25.782	61.339
246.284	181.379	28.047	61.428
244.747	183.165	28.796	63.523
245.919	183.616	29.205	60.264
244.011	182.885	30.699	59.869
247.398	183.562	28.077	60.240
249.944	184.952	27.319	57.455
247.676	183.094	27.951	59.014
252.010	183.820	26.677	59.714
251.124	183.747	26.421	59.786
252.485	183.086	25.180	59.176
253.125	183.913	25.883	59.839
253.468	183.982	25.436	61.521
253.854	182.736	25.519	60.429
253.864	183.582	26.400	61.467
254.048	184.422	26.085	62.734
254.352	183.494	26.178	62.059
254.806	184.671	25.462	62.159
255.159	184.826	26.312	62.690
254.769	184.678	25.538	62.457
256.116	185.030	24.627	62.504
256.128	184.962	24.764	62.689
255.908	184.311	25.303	62.011
257.045	184.481	24.979	60.964
256.799	183.306	25.484	63.089
257.122	183.496	24.892	62.371
258.030	184.569	24.935	62.449
257.910	184.790	24.559	62.718
258.696	184.424	24.955	64.243
258.868	185.317	25.363	64.262
259.225	186.002	25.448	63.067
259.509	185.955	24.759	63.390
259.628	186.889	26.080	61.897
260.023	185.656	25.546	63.512
260.208	185.991	26.221	63.678
260.467	186.037	26.871	64.016
260.970	185.593	26.850	64.439
261.133	185.535	26.394	63.866
261.409	185.795	27.017	63.781
261.539	184.853	26.666	64.354
261.739	185.295	26.885	62.913
262.213	185.240	27.185	62.350
262.228	185.517	27.466	61.299
262.605	186.224	26.867	60.911
263.065	186.424	26.743	60.900
262.824	186.256	27.473	61.488
263.410	187.113	27.085	61.518
263.472	187.415	26.695	61.465
263.951	187.030	26.355	62.656
263.704	187.303	27.126	63.054
263.728	186.570	27.670	64.110
263.801	186.562	27.814	63.794
262.684	186.240	29.344	65.389
236.999	187.891	28.312	65.199
247.809	185.585	30.265	60.418
242.974	187.818	29.514	64.952
246.589	186.541	30.948	65.837
243.934	186.155	30.436	67.572
246.337	188.298	31.253	66.460
246.101	188.393	31.090	67.356
246.528	187.167	30.180	68.152
247.888	189.154	32.048	66.875
247.621	187.936	29.421	67.982
250.252	187.801	30.583	66.831
249.315	188.087	30.322	69.080
250.289	187.960	31.136	70.025
250.610	186.310	29.740	71.614
253.326	187.546	28.830	70.647
254.622	186.485	27.018	69.305
254.833	187.430	26.604	66.155
255.983	188.207	25.585	65.414
255.937	187.763	27.129	63.288
255.913	187.359	26.232	63.584
247.245	188.806	28.179	64.594
225.063	186.509	28.508	68.214
232.566	185.444	30.047	70.820
236.368	189.811	28.449	66.913
236.092	187.862	27.639	66.789
238.227	188.876	29.310	66.863
237.283	194.625	29.394	63.738
237.815	187.725	28.531	68.597
239.953	188.850	30.224	69.848
237.166	189.286	30.386	68.193
241.190	185.329	30.701	62.666
238.125	190.665	29.977	63.901
240.142	192.849	30.516	63.629
240.162	188.551	29.259	65.187
244.398	193.935	24.502	65.050
242.983	191.591	27.493	65.038
242.196	191.018	28.891	65.051
244.094	192.200	27.441	65.324
244.661	191.674	28.873	66.505
244.442	190.200	28.291	66.849
245.570	192.752	29.880	66.459
244.880	191.266	30.072	66.762
245.935	192.185	29.397	63.769
245.936	192.019	29.477	64.621
245.614	192.055	30.335	65.550
245.654	190.937	30.630	65.549
245.461	192.254	31.650	67.208
245.841	191.064	31.443	67.719
246.376	191.570	31.603	66.168
247.407	192.152	29.933	64.792
247.994	192.174	30.193	65.958
247.390	192.433	29.705	66.733
248.790	193.752	28.889	66.687
248.439	192.906	29.399	67.039
249.005	193.246	28.628	67.480
249.860	193.184	28.203	67.262
249.802	192.367	28.178	67.795
249.627	192.614	28.929	67.646
250.586	192.693	28.583	67.869
250.804	191.853	28.875	67.808
250.534	192.490	29.961	68.848
246.444	193.971	31.266	64.926
221.113	192.786	31.213	66.289
234.463	192.724	30.704	70.429
230.794	194.554	31.452	68.828
229.352	194.286	32.032	66.020
230.721	195.328	33.814	68.143
230.548	195.942	30.980	68.448
232.319	193.104	31.039	69.061
231.297	195.567	32.315	69.334
231.493	194.877	30.504	69.863
233.971	193.155	29.516	68.680
232.676	194.362	29.322	67.597
234.401	194.941	30.107	67.486
232.548	192.953	29.485	68.279
234.468	194.608	28.688	68.464
234.580	194.738	27.683	68.126
234.091	195.184	28.209	63.685
236.112	195.341	27.107	65.991
235.829	196.325	27.233	64.944
235.468	195.065	27.078	65.529
236.278	197.058	27.689	66.838
235.680	196.264	27.879	66.533
236.696	196.060	27.922	65.427
236.704	196.807	28.410	66.027
237.696	196.575	27.132	65.894
237.650	196.368	27.837	66.212
238.302	196.575	27.605	67.304
238.122	195.863	28.242	67.479
238.757	196.479	28.570	68.437
238.772	197.266	28.434	67.622
239.010	197.184	28.552	68.220
239.047	197.062	28.020	69.336
240.597	198.247	27.463	68.196
240.963	197.131	26.609	69.812
241.333	197.740	27.245	68.852
241.503	196.937	28.270	69.654
241.897	196.761	28.477	68.515
242.595	196.785	28.515	68.633
243.833	196.856	28.850	68.719
243.807	196.240	29.697	67.701
244.819	196.926	30.036	65.621
245.228	196.727	28.763	67.341
246.096	197.093	28.935	67.096
246.178	197.461	29.022	67.964
246.696	197.204	28.868	67.870
247.190	197.297	28.302	68.059
248.900	198.064	27.559	68.145
248.264	198.583	27.434	68.127
249.458	198.559	27.692	68.260
249.806	199.491	27.148	66.250
249.875	199.040	27.473	67.856
246.034	198.799	29.677	66.535
220.270	201.062	30.213	64.064
231.461	197.198	31.079	66.759
227.220	198.396	31.439	69.200
226.781	198.514	33.779	68.300
229.117	198.271	32.065	68.972
229.796	200.266	29.594	69.027
231.342	199.359	30.790	67.916
230.239	200.085	32.907	70.681
230.690	201.066	34.400	67.918
232.488	200.429	34.126	68.347
233.115	200.746	32.508	68.330
235.396	201.304	33.762	68.452
235.542	200.016	31.235	67.158
237.865	200.881	31.513	70.399
237.281	200.624	30.996	69.129
239.172	199.727	29.103	69.923
239.681	200.444	28.429	71.272
240.180	200.679	27.720	70.185
239.576	199.689	28.348	68.651
240.215	200.735	29.116	69.916
241.143	199.874	27.421	70.405
242.204	200.002	27.662	69.048
242.990	200.601	26.656	70.783
243.383	201.142	27.683	69.332
242.818	202.173	27.013	67.436
244.640	202.605	25.838	69.042
244.838	201.517	25.589	69.573
244.225	201.021	26.352	70.748
244.433	201.832	27.166	68.809
245.334	201.361	27.505	70.049
245.078	201.417	28.362	67.461
246.169	201.491	28.495	67.651
246.261	201.393	27.474	67.454
246.466	201.261	28.383	69.141
246.433	201.671	28.873	71.030
247.003	202.112	29.216	71.477
247.037	202.414	29.299	71.496
247.326	203.546	29.829	69.377
247.896	203.191	29.912	67.863
248.323	203.353	29.943	69.373
249.046	202.936	29.916	69.579
249.522	202.865	30.402	70.144
249.597	202.987	31.023	72.520
249.999	203.143	31.150	71.632
250.286	203.278	30.794	71.435
250.937	203.005	29.952	71.752
251.370	202.939	29.718	72.662
251.563	203.096	29.561	71.596
251.899	203.448	29.660	71.553
252.319	203.521	29.354	70.733
252.023	203.824	29.803	70.723
252.611	204.196	29.792	71.648
251.312	205.546	31.091	69.642
251.526	205.517	31.015	70.045
252.097	205.644	29.975	71.002
252.647	205.594	29.607	70.692
253.146	206.031	29.743	70.436
253.566	206.223	29.411	70.959
253.519	205.385	29.336	71.957
253.296	204.959	30.513	73.139
253.417	204.967	30.957	73.625
253.687	205.324	30.717	72.186
254.874	204.820	29.836	73.949
255.825	205.009	29.253	73.555
256.153	205.716	29.912	72.220
256.173	206.038	31.996	71.793
257.146	206.457	31.734	71.528
257.840	206.075	31.440	71.219
258.601	206.244	32.499	72.063
259.287	205.589	33.984	71.969
260.592	205.599	33.523	72.427
261.437	205.624	34.198	73.511
261.566	205.863	34.008	73.859
262.079	205.166	32.945	75.947
261.599	205.259	34.665	75.718
261.571	205.266	35.604	75.859
262.842	205.810	34.997	75.237
263.268	205.916	34.996	73.802
264.432	206.180	34.151	74.037
265.077	206.342	33.365	74.217
265.510	206.406	32.695	74.927
266.262	206.227	32.326	76.079
266.048	207.215	33.855	75.819
266.156	206.939	33.385	75.828
266.554	206.675	33.890	76.431
266.869	206.111	34.097	76.534
267.128	207.014	33.241	74.481
267.800	207.114	33.401	72.692
269.096	207.237	32.409	72.337
269.420	206.623	31.898	73.410
270.545	206.971	31.011	74.031
270.737	207.719	31.897	73.032
271.584	207.249	31.485	75.161
272.058	208.623	31.705	74.356
271.814	208.011	32.259	73.943
272.369	208.338	32.345	74.909
273.049	208.034	31.912	75.812
273.752	208.818	32.360	74.939
274.718	208.287	32.566	75.769
274.508	208.886	33.937	75.949
274.798	208.182	34.992	76.283
275.208	207.865	35.960	76.951
275.697	207.934	36.797	79.116
277.309	207.626	35.655	79.159
277.947	208.233	34.868	79.497
278.689	208.392	35.450	78.604
280.486	208.473	33.820	79.246
281.144	209.168	33.961	77.593
281.966	209.887	32.426	79.073
281.760	210.198	32.852	78.400
282.186	210.440	32.857	77.272
282.688	210.306	32.656	78.223
283.266	210.603	32.628	77.927
283.837	210.523	32.858	78.042
284.503	210.923	32.080	76.971
284.997	210.181	31.637	77.214
285.156	209.725	32.235	77.287
286.137	209.434	32.671	76.463
287.598	210.051	31.549	76.485
287.831	209.957	32.280	77.038
287.909	210.314	32.700	76.440
288.116	210.948	33.427	76.724
288.032	211.251	34.065	77.028
288.211	211.645	34.942	77.597
289.310	211.440	34.379	78.616
289.034	212.025	35.770	78.290
290.189	211.535	34.874	78.560
291.391	211.424	34.619	78.782
292.691	211.496	34.812	78.820
293.905	210.770	33.810	78.370
295.544	210.799	31.900	77.216
296.089	211.197	32.261	77.160
296.370	211.766	32.247	76.437
296.721	212.023	31.908	76.424
296.637	211.888	32.929	77.134
297.421	212.372	32.714	76.911
297.811	213.112	32.621	76.519
298.465	213.851	32.267	76.397
298.131	214.093	32.942	76.408
298.473	214.349	33.334	75.935
