22.000	287.000	40.000	126.000
24.866	285.966	43.180	129.172
30.292	286.084	42.558	130.323
35.974	285.996	47.618	130.820
37.472	286.567	48.395	128.612
40.619	286.841	50.757	126.398
44.446	287.617	55.441	124.609
45.338	288.914	53.516	124.206
53.377	286.496	48.896	128.075
62.194	285.662	45.050	127.700
70.984	286.315	42.257	125.383
73.506	283.668	42.234	130.234
77.038	282.795	43.769	128.958
80.831	283.576	50.900	127.250
82.555	284.300	52.918	124.856
86.839	282.961	52.410	125.678
92.105	283.904	51.895	124.689
99.774	284.986	48.731	122.369
108.788	282.709	40.227	125.346
114.783	281.462	38.271	126.783
118.716	282.066	46.866	126.571
119.421	283.168	48.035	125.928
122.520	281.384	47.940	125.224
124.847	281.523	48.751	124.155
130.533	281.131	44.885	123.948
137.550	279.111	41.935	125.208
150.931	279.321	49.844	124.697
155.971	279.665	49.023	121.770
158.583	278.998	50.261	122.202
163.813	278.994	47.651	122.264
168.673	278.252	45.528	122.683
172.895	277.061	43.958	125.106
176.288	277.022	43.460	125.057
180.212	276.092	43.273	125.064
189.382	275.805	43.621	124.174
192.358	274.834	42.254	124.708
194.899	274.305	41.965	122.753
208.734	271.169	41.601	124.047
214.094	271.768	43.388	123.001
216.601	270.209	42.487	123.616
221.006	269.130	44.778	124.808
224.748	268.779	44.059	122.266
229.225	268.268	41.038	122.492
230.660	268.248	40.152	121.815
233.612	267.787	42.136	122.236
243.846	265.785	42.641	123.004
249.901	263.014	42.009	119.282
253.167	262.387	40.282	122.416
255.602	262.445	40.414	122.257
258.056	262.778	42.901	120.520
261.674	262.737	47.184	120.317
264.699	262.119	46.114	117.518
266.438	261.860	45.496	115.984
268.088	261.171	45.175	116.575
272.563	260.831	44.785	115.750
276.068	259.310	45.340	116.322
279.970	259.876	49.862	115.862
282.487	259.033	51.044	117.279
284.246	259.600	49.295	115.907
285.433	259.335	48.514	115.971
286.161	259.454	48.181	116.920
295.461	256.288	58.861	115.076
299.770	254.894	59.355	117.581
306.213	254.992	54.464	116.914
297.089	256.520	52.473	117.574
299.168	253.566	51.183	118.975
305.480	251.969	46.912	119.081
309.860	252.364	44.507	116.386
311.214	252.861	45.767	115.158
314.086	252.782	47.305	114.455
323.268	252.389	43.985	115.176
327.350	251.140	48.745	110.659
326.293	249.187	50.656	114.106
327.654	248.350	49.035	114.733
329.632	248.691	49.470	112.134
332.990	248.139	46.118	113.320
259.895	247.686	46.418	113.502
270.548	245.505	41.227	112.726
273.454	244.371	42.308	112.287
272.958	243.153	46.442	109.537
239.577	243.399	47.250	109.552
230.523	242.187	44.697	112.349
234.068	242.457	44.001	110.470
232.477	243.343	44.688	111.208
236.743	241.656	41.064	113.639
238.429	242.223	38.818	112.024
239.863	241.774	38.773	110.759
242.588	240.745	40.311	111.068
243.026	240.037	41.160	110.373
244.335	239.839	43.372	107.531
240.538	240.048	47.801	107.682
240.806	240.699	47.864	107.404
242.507	240.881	41.692	107.343
210.903	239.198	49.518	109.102
163.987	239.959	47.014	109.017
166.010	239.234	46.375	110.441
167.316	239.336	45.564	106.797
163.932	240.694	45.350	106.632
169.894	238.733	44.677	106.052
170.623	238.085	41.413	106.816
172.789	237.190	41.663	106.516
178.148	236.676	38.931	108.265
178.321	235.830	37.121	107.821
180.191	235.317	37.998	108.976
182.118	235.761	40.280	107.971
183.814	235.711	38.694	105.430
185.711	234.471	36.477	106.667
186.849	234.615	37.815	105.920
188.756	234.934	37.798	106.021
189.296	234.929	38.699	106.625
189.001	233.648	41.789	107.650
186.392	234.111	45.989	107.113
188.693	233.585	45.435	106.031
190.510	232.248	45.596	106.029
189.901	231.285	45.654	106.662
191.345	231.015	44.363	106.798
193.952	230.790	41.718	106.097
195.372	231.615	39.930	105.419
197.660	232.395	38.736	104.803
201.845	230.414	40.545	105.881
204.102	228.704	38.961	105.397
205.726	229.294	36.811	104.242
206.984	228.491	36.247	103.957
207.567	228.621	36.537	103.427
208.948	228.192	38.826	104.878
208.466	228.794	40.748	102.855
208.985	228.580	42.266	102.994
209.081	228.713	43.761	102.363
208.862	228.289	45.240	102.023
209.190	227.149	46.157	101.812
209.835	225.508	44.543	103.305
209.889	224.825	43.772	103.224
210.951	224.576	42.656	104.048
213.974	224.683	39.345	102.626
216.424	225.324	40.265	101.520
219.298	225.409	41.006	98.431
221.743	224.579	38.412	96.462
224.296	222.933	34.795	96.138
225.763	222.549	34.161	99.278
227.262	222.232	34.634	99.489
228.418	222.030	37.388	101.870
227.937	221.872	40.033	101.896
226.628	222.417	44.071	100.519
227.653	221.775	46.131	101.117
231.097	220.961	43.085	101.184
230.914	219.547	43.440	100.072
233.665	218.814	39.905	100.136
237.658	218.624	36.086	101.372
239.657	218.539	33.569	101.313
241.892	218.018	33.578	100.079
243.005	218.471	34.734	99.250
245.044	218.476	33.993	99.003
245.736	218.427	33.067	99.583
246.634	218.163	33.160	98.570
247.583	217.647	32.405	99.188
247.860	217.063	32.549	98.997
248.855	216.262	33.388	99.791
251.028	216.095	35.462	99.104
250.717	216.098	38.086	100.085
249.332	216.378	41.625	98.900
249.136	216.346	42.844	98.611
249.725	215.964	42.598	99.152
251.276	215.106	41.844	99.739
252.442	214.229	40.947	98.207
253.247	214.038	39.924	99.049
256.436	213.458	37.777	100.039
258.785	213.442	36.292	99.514
261.156	213.454	36.056	99.536
263.499	213.751	36.625	98.335
266.394	213.535	34.687	96.906
268.583	213.115	33.112	97.076
270.641	212.439	32.637	96.914
272.870	211.893	32.990	97.504
274.155	211.342	34.245	98.604
274.109	211.863	35.453	97.205
275.650	211.360	35.900	97.361
277.227	211.912	35.389	97.411
279.082	212.263	34.171	97.771
280.469	210.610	33.381	96.748
280.529	210.087	33.093	94.957
281.734	209.659	33.182	96.446
283.379	209.894	33.046	96.417
284.288	210.355	33.767	94.846
286.140	210.021	34.003	94.006
286.950	210.208	34.807	94.302
288.480	209.376	33.643	95.260
291.180	208.872	31.853	95.005
292.935	207.947	30.603	94.881
293.760	207.903	31.295	93.910
295.068	207.318	30.815	93.707
296.231	207.216	31.828	94.516
296.277	207.538	32.132	93.753
297.313	205.497	33.293	93.858
299.847	203.849	31.127	93.210
300.811	203.628	30.899	92.580
302.440	204.132	30.776	92.344
303.710	204.440	30.849	92.676
305.361	203.790	29.951	92.906
305.676	203.450	30.777	92.236
308.236	202.868	30.064	91.053
309.358	201.675	30.667	93.005
309.894	201.752	31.674	92.847
310.029	201.536	32.889	92.861
309.726	201.418	33.675	93.229
310.096	201.520	34.020	92.069
310.564	201.748	33.583	92.376
311.097	201.206	32.832	93.521
311.492	200.851	32.653	92.756
312.662	199.391	31.362	91.429
313.257	198.739	30.175	92.165
313.410	199.285	29.903	91.445
313.263	199.473	30.619	90.883
313.060	199.077	30.968	91.419
312.851	198.615	31.062	91.321
311.862	198.909	31.959	92.218
310.378	199.075	32.437	91.500
309.302	198.917	32.451	91.670
308.345	198.792	32.757	91.672
307.994	198.663	32.235	92.157
306.776	198.759	32.453	91.653
306.125	198.729	32.586	91.325
305.082	198.635	32.418	90.407
304.092	198.995	31.400	90.096
303.827	198.753	31.061	90.360
303.160	198.535	31.098	90.337
302.448	198.096	31.127	90.576
302.201	197.816	31.414	91.227
301.312	197.440	32.356	91.651
301.751	196.744	31.278	91.741
300.310	196.724	33.200	90.962
298.885	196.702	35.053	90.344
297.936	197.329	35.848	88.023
297.658	197.183	35.704	87.701
297.727	197.315	34.816	88.046
297.031	197.269	35.630	87.499
296.212	196.893	36.675	87.592
296.130	196.504	36.133	87.977
295.566	196.426	36.014	89.262
294.812	196.513	36.349	88.639
296.336	195.556	32.811	86.954
301.542	195.120	29.804	84.919
298.684	195.065	31.848	85.126
298.277	194.412	31.992	86.294
301.220	195.173	30.238	85.375
298.987	194.005	31.764	87.116
303.568	195.032	29.705	85.847
303.537	193.616	28.854	85.765
307.735	193.566	28.571	84.716
306.517	192.984	28.673	84.697
305.384	192.454	29.093	84.752
304.408	191.530	29.202	86.352
306.789	191.102	26.685	84.480
307.739	191.522	26.378	84.176
308.090	190.397	27.316	84.983
308.421	191.090	27.360	82.158
308.499	190.705	28.590	83.067
309.977	190.432	28.315	83.270
310.470	190.615	28.785	81.684
311.797	189.859	28.914	83.389
312.421	190.033	28.377	83.095
312.873	189.720	29.030	82.030
313.813	189.379	28.658	81.799
315.404	189.064	27.545	81.948
316.553	189.520	27.966	81.338
317.209	188.364	28.009	82.312
318.019	188.068	26.998	82.216
317.700	188.101	26.942	81.830
317.457	187.519	26.467	81.425
317.839	186.669	25.107	81.590
318.090	186.875	24.944	80.546
318.185	187.439	26.784	79.095
318.571	188.384	26.910	76.881
318.842	188.587	26.285	77.719
320.926	188.930	25.471	77.991
322.938	188.276	24.276	78.815
323.813	187.175	24.770	80.550
323.797	186.948	31.726	79.479
321.984	186.003	29.949	80.562
321.742	185.743	29.961	78.312
320.344	186.085	30.285	78.219
320.314	185.810	30.098	80.433
318.580	185.761	32.169	81.142
318.034	185.256	33.122	82.875
318.538	184.885	33.292	83.237
320.289	184.436	32.010	81.077
321.437	183.834	30.996	81.590
322.979	183.600	30.309	82.100
326.175	182.748	31.895	83.546
326.760	183.338	34.221	79.019
327.514	180.982	34.303	81.740
329.213	181.890	33.287	81.083
330.663	181.205	32.452	80.670
332.854	181.284	31.083	81.397
333.463	182.030	30.514	81.282
333.679	182.434	30.586	81.526
334.113	182.588	29.588	80.080
334.533	181.236	29.924	78.076
334.415	180.978	30.869	78.291
335.066	179.324	30.424	79.176
335.902	178.936	29.585	79.414
336.206	179.298	29.908	78.648
337.909	179.474	28.893	78.607
339.211	179.307	27.216	79.585
340.808	179.899	25.964	79.289
340.922	179.628	26.118	79.002
341.556	178.902	26.406	78.640
342.585	177.643	26.064	79.087
343.468	178.059	25.690	78.898
343.209	178.100	25.857	78.466
343.010	178.057	25.667	78.484
343.263	178.535	25.930	77.936
343.231	178.824	25.980	77.472
342.304	178.611	26.734	76.896
341.756	176.260	26.804	77.397
341.772	176.482	26.405	76.708
342.123	176.378	26.151	76.478
342.501	175.347	25.729	77.986
342.777	175.343	25.646	77.266
342.550	174.844	26.263	76.371
342.195	174.116	27.147	76.583
342.424	173.824	27.343	76.819
343.227	173.741	26.890	77.068
343.247	174.117	27.924	76.900
344.279	173.956	27.266	77.610
344.361	173.956	27.554	77.228
344.641	173.370	27.411	77.126
344.641	172.681	27.612	76.389
344.173	172.350	27.806	76.498
344.394	171.437	27.435	77.445
347.258	172.115	28.192	76.518
349.903	171.015	26.298	75.943
352.241	170.391	25.145	75.717
352.653	170.582	25.210	76.196
353.303	170.340	25.023	75.715
353.600	170.728	25.333	74.840
353.811	171.318	25.919	74.366
354.011	171.304	26.098	75.001
353.915	170.181	25.662	75.941
353.351	170.362	26.416	75.027
353.282	169.920	26.304	73.625
353.576	169.775	26.123	73.657
353.542	169.573	26.647	73.892
354.281	169.279	25.606	74.358
355.095	168.670	25.689	74.128
355.712	169.277	25.646	73.354
357.082	168.692	24.245	74.634
357.645	168.725	24.682	74.682
357.953	168.460	25.589	72.871
358.102	168.135	25.627	73.011
358.312	167.768	26.115	73.391
358.542	167.775	26.303	72.610
358.232	167.284	26.722	73.299
358.878	167.142	26.410	73.448
359.548	167.544	26.750	73.375
360.095	166.849	26.654	72.814
360.060	166.502	27.473	72.023
360.274	166.191	27.871	71.333
360.836	166.131	28.672	72.451
361.500	164.978	29.410	72.770
362.261	164.742	30.458	73.137
364.301	164.589	31.902	73.702
367.187	164.371	31.860	73.308
369.038	164.216	30.784	72.277
371.276	164.507	29.245	71.511
373.408	164.450	27.163	70.421
374.889	164.223	26.493	70.251
376.515	163.457	25.652	70.624
378.158	162.274	24.984	71.916
379.516	162.539	24.388	71.812
379.895	161.805	25.474	72.727
380.736	161.505	24.860	72.579
382.315	161.728	24.644	71.988
383.114	161.521	24.384	71.401
384.362	160.415	24.986	71.653
385.314	158.563	24.900	70.939
385.738	157.565	24.892	71.264
385.743	156.929	25.188	71.928
387.875	157.316	24.823	71.881
389.032	156.648	25.707	71.671
389.930	156.245	25.681	70.717
389.631	156.296	26.699	70.895
389.950	156.800	26.386	69.832
390.647	156.080	26.237	70.798
390.723	156.441	25.777	69.989
391.975	155.543	25.303	71.060
392.692	155.445	25.076	71.667
393.378	155.662	25.289	71.052
394.177	154.904	24.989	70.314
394.975	154.549	24.462	70.399
395.840	154.429	24.854	70.210
396.660	154.645	25.358	69.432
396.934	154.549	25.434	68.421
396.776	155.270	27.671	67.472
398.985	154.769	25.466	69.461
399.952	154.717	24.877	69.330
400.819	153.545	25.539	69.723
401.804	152.911	24.593	69.907
402.625	151.944	25.005	69.672
403.606	151.308	25.020	70.740
403.907	151.252	25.457	71.301
404.447	150.760	25.941	71.080
404.749	150.316	26.155	70.659
405.273	150.349	25.665	70.017
405.691	149.607	24.701	71.384
405.514	149.653	24.600	69.513
405.207	151.093	24.231	68.330
405.469	151.616	23.734	67.125
405.660	152.278	23.170	66.590
405.825	152.375	22.968	66.912
405.871	151.857	23.254	67.909
406.175	151.248	23.547	66.806
404.885	150.191	23.898	67.841
405.771	149.954	23.536	67.755
405.553	149.972	23.709	68.291
406.166	150.206	22.982	67.245
405.815	150.299	22.804	66.809
405.894	150.805	22.111	66.453
406.162	150.867	21.709	66.002
406.186	150.262	21.667	66.070
406.727	149.580	22.096	65.643
406.317	148.162	22.667	66.767
406.591	148.398	22.677	66.531
408.442	147.681	23.089	65.540
409.170	146.434	23.494	65.628
409.447	145.582	23.448	67.586
409.242	146.143	24.050	66.829
409.622	146.189	24.017	66.335
409.855	146.508	23.898	67.431
410.059	146.551	23.576	67.438
410.130	146.204	23.660	67.002
410.201	145.061	23.892	66.295
410.363	144.654	22.994	66.044
410.134	144.222	23.215	65.957
410.027	143.847	23.564	66.365
410.202	144.009	22.916	66.427
410.128	143.697	22.907	65.780
409.922	143.992	23.592	65.622
410.229	144.106	23.575	65.811
410.820	144.286	22.831	65.690
411.600	144.064	23.005	65.615
411.944	143.209	23.172	65.755
412.068	143.173	23.018	65.685
411.760	143.128	23.296	65.524
412.057	142.669	23.456	65.978
411.744	143.029	23.998	65.455
411.791	143.185	24.015	65.685
412.206	143.167	23.359	66.060
412.012	143.219	23.286	64.938
411.431	143.386	23.169	64.871
411.611	142.955	22.553	64.906
411.281	142.713	23.447	63.413
411.389	142.792	22.647	63.415
411.782	142.108	22.447	64.036
412.506	141.850	22.168	63.309
412.790	141.565	22.197	63.362
412.325	141.366	22.991	63.997
412.099	141.759	22.840	63.159
411.774	141.884	22.528	63.640
411.296	141.775	21.998	64.061
410.336	140.574	22.747	63.163
410.454	139.879	22.170	63.152
410.358	140.565	21.902	62.784
410.905	140.454	21.599	63.891
411.009	139.773	22.008	64.406
410.603	139.012	22.981	64.577
410.633	137.789	22.734	65.764
410.677	137.356	22.605	65.120
410.719	137.776	22.583	65.287
410.055	138.160	23.619	64.789
409.589	137.826	23.399	64.915
409.279	137.656	24.038	63.405
409.363	136.964	23.091	63.613
409.092	136.765	23.268	63.640
409.470	136.479	23.008	63.620
409.913	136.364	22.896	63.261
410.187	136.391	22.790	62.917
410.021	136.552	23.416	63.096
409.839	136.364	23.073	63.497
410.294	136.221	23.191	64.206
410.773	135.321	22.886	64.708
411.371	136.359	22.025	62.898
411.773	137.055	21.703	61.601
412.119	137.048	21.979	62.397
411.912	137.051	22.432	61.771
412.306	136.960	21.980	61.768
412.511	137.439	21.442	60.480
412.844	137.263	21.173	60.733
412.480	136.898	20.874	61.369
412.356	136.480	21.074	60.747
412.293	135.892	21.192	60.443
412.850	135.431	21.087	60.375
412.580	135.191	22.097	60.264
412.523	135.279	22.233	60.110
413.107	135.113	21.506	59.634
413.833	135.124	21.415	59.861
415.219	135.001	21.008	60.687
415.583	135.748	21.123	59.761
416.305	135.645	21.588	59.177
417.511	135.137	21.560	58.563
417.998	134.460	22.013	58.357
417.241	134.572	22.815	57.519
416.978	134.283	23.311	57.690
416.658	134.605	23.778	56.616
417.089	134.454	22.836	56.687
417.259	134.592	22.189	55.937
417.288	134.697	22.255	56.069
417.689	134.773	21.385	56.266
418.136	134.639	21.433	56.370
417.930	134.255	21.960	55.976
417.859	134.030	21.655	56.690
417.316	133.941	22.313	56.896
417.596	134.109	23.469	55.938
417.649	134.189	23.035	55.037
417.485	134.164	22.405	55.866
416.696	134.087	22.487	55.892
416.309	134.049	23.057	55.956
416.095	133.495	23.418	56.612
415.384	133.450	23.700	56.042
414.720	132.280	24.376	57.012
414.444	131.534	24.351	57.936
414.387	132.227	22.728	56.885
414.012	132.240	22.168	56.302
413.743	132.887	21.571	55.951
413.849	133.101	20.876	56.023
412.979	133.160	20.892	56.090
412.286	131.957	20.742	56.484
411.860	131.009	21.765	56.603
411.344	131.312	22.192	56.372
410.946	131.292	22.126	55.759
410.633	131.147	22.287	56.622
409.544	130.906	22.204	56.551
408.975	130.611	22.303	57.051
408.386	130.333	21.510	57.344
407.693	130.378	21.976	56.883
407.487	130.417	22.045	56.007
407.316	130.009	18.411	56.142
407.173	130.500	19.380	55.160
407.198	129.999	19.953	55.604
406.607	129.919	20.200	55.580
406.343	129.938	21.215	54.718
406.145	130.174	21.485	54.759
406.200	130.086	21.224	55.004
405.869	129.707	21.054	55.259
405.711	129.333	20.345	55.022
405.476	128.426	20.414	55.902
405.082	127.850	21.454	56.158
404.459	127.701	21.552	55.699
404.008	127.305	22.389	56.475
404.110	127.253	22.257	56.176
403.811	127.188	22.930	55.755
403.685	126.884	22.863	56.866
403.799	126.672	23.035	57.005
403.610	126.407	23.431	57.280
403.603	125.707	22.993	57.805
403.081	125.230	23.372	57.801
403.167	124.854	23.638	58.837
402.816	124.232	23.949	58.022
402.597	123.535	23.302	57.722
402.576	123.173	23.141	58.147
402.068	122.760	24.063	58.330
402.236	122.757	24.110	58.524
401.985	123.083	23.714	57.597
401.981	122.813	23.755	58.393
401.749	122.615	23.999	58.454
400.416	121.196	24.369	57.548
400.196	120.996	24.155	56.719
399.869	121.146	23.936	56.595
399.681	121.780	22.530	55.461
398.795	121.485	21.970	55.591
398.653	119.956	21.401	56.434
398.431	119.817	22.057	56.799
398.003	119.846	21.111	56.956
398.083	120.544	21.528	55.792
398.168	120.228	20.702	56.680
398.105	119.935	20.461	56.390
397.982	119.266	20.155	56.044
398.221	118.853	20.282	55.632
398.398	118.639	20.185	56.194
398.114	118.859	21.012	55.884
398.806	119.274	19.757	54.603
399.272	119.397	20.274	54.510
398.779	119.704	19.304	54.445
398.472	119.014	19.788	55.524
398.225	119.270	19.732	55.288
397.819	118.636	19.757	54.801
398.282	118.434	19.540	55.039
397.370	117.460	18.816	56.089
397.737	118.044	20.192	55.276
397.823	117.651	19.561	55.222
398.299	118.265	19.682	53.767
397.410	118.278	19.746	55.489
398.759	117.987	19.446	54.963
398.627	118.228	19.150	55.048
398.783	117.965	19.627	54.066
398.788	117.213	20.025	54.691
398.635	117.044	19.112	54.596
399.734	117.534	19.557	53.871
399.239	117.655	18.685	54.519
399.493	117.945	19.483	54.272
398.510	116.765	19.182	53.249
398.532	116.052	19.225	54.454
398.552	116.631	19.649	53.371
398.561	116.097	19.502	53.134
398.709	116.627	19.183	53.462
398.627	116.348	19.414	54.393
398.600	115.902	19.507	55.075
399.599	116.135	19.066	53.992
399.374	115.982	18.985	53.537
399.579	115.397	19.459	53.606
399.617	115.296	18.953	54.043
399.942	115.457	19.276	53.302
400.005	115.710	18.547	52.293
399.873	115.866	18.839	52.723
399.568	115.653	18.804	53.173
399.552	115.275	18.437	53.428
399.449	115.347	18.328	52.650
399.121	114.404	18.720	53.391
399.043	114.132	18.630	52.901
398.871	114.197	18.795	52.602
399.071	114.338	18.813	53.082
399.053	114.418	18.304	52.347
399.304	114.940	18.815	51.986
399.811	115.021	18.557	52.166
400.834	114.599	17.903	52.624
401.061	113.980	19.287	52.488
401.282	113.962	17.701	52.160
401.148	113.994	18.575	52.199
401.258	113.928	18.519	51.064
400.262	113.333	18.915	51.749
401.175	113.121	17.579	51.591
400.883	113.021	17.550	51.692
402.123	113.251	16.618	51.304
401.590	113.420	16.854	51.236
401.610	113.985	17.908	50.636
402.024	113.294	17.350	52.032
402.944	112.178	17.888	51.453
401.748	112.136	17.938	51.613
401.868	111.726	18.609	51.834
401.690	112.219	18.061	51.990
402.598	112.110	17.928	50.194
403.149	111.647	18.712	50.075
403.303	111.617	17.795	50.676
403.404	112.071	17.092	50.335
404.620	111.057	19.708	49.976
405.543	111.094	20.245	50.145
405.578	110.612	20.507	50.671
406.486	110.762	19.292	49.604
406.318	110.731	19.465	50.234
406.602	110.754	19.676	49.819
406.648	109.518	19.593	51.145
406.782	109.807	19.193	50.048
407.473	109.434	19.332	49.988
407.296	108.296	19.095	51.611
407.390	108.785	19.149	50.676
407.351	108.708	19.511	50.497
407.583	109.478	19.797	50.784
407.919	110.484	20.509	50.054
408.138	110.132	20.176	50.429
408.582	109.604	19.345	50.572
409.207	109.110	19.303	50.111
409.084	108.239	19.851	50.177
408.788	108.567	20.567	50.040
408.881	108.439	20.648	50.762
408.792	108.520	20.327	50.131
409.477	108.280	19.537	50.191
408.907	108.525	20.269	50.001
409.230	108.394	20.125	50.128
409.002	108.234	20.416	50.374
408.445	107.843	19.927	49.934
408.842	107.617	19.877	50.007
408.464	107.039	21.260	51.459
408.937	106.980	20.262	50.561
408.834	107.196	20.318	51.087
408.808	107.884	21.010	51.006
