370.000	113.000	17.000	31.000
369.117	112.626	17.757	32.633
366.601	113.067	17.649	32.338
365.559	113.285	17.962	32.814
363.108	113.273	17.420	32.855
360.967	113.788	18.418	32.844
358.990	114.043	18.811	32.774
357.305	114.160	18.638	33.302
354.857	114.343	17.345	33.591
352.854	114.647	18.571	33.543
349.624	115.562	17.779	32.842
347.833	115.376	18.495	33.497
344.297	115.620	17.603	33.744
342.661	115.793	18.419	33.937
340.559	116.064	18.325	33.984
336.435	116.374	18.498	34.096
334.336	116.722	19.195	33.894
330.703	117.619	18.873	33.630
327.811	117.387	20.385	34.321
324.510	118.358	19.035	33.511
322.261	118.767	20.280	33.850
320.192	119.322	20.612	33.429
315.219	119.004	20.889	34.287
313.160	120.093	21.967	33.579
308.298	119.905	22.900	33.877
307.711	120.264	22.742	33.838
305.149	121.061	21.809	33.761
300.941	121.138	21.922	33.859
300.569	121.022	20.261	33.991
298.720	121.073	19.216	34.485
296.238	121.817	17.545	34.894
293.456	122.340	18.757	34.255
290.355	122.392	18.154	34.676
288.285	123.413	16.393	34.800
285.283	123.667	17.147	35.776
280.107	123.734	19.023	39.148
278.389	125.470	19.937	39.966
275.440	125.954	20.356	39.320
269.995	126.104	22.632	39.360
266.808	126.578	24.866	38.781
263.671	126.293	22.378	36.394
260.673	125.860	24.009	37.190
259.370	126.269	23.942	37.313
256.628	126.870	24.747	36.589
253.112	127.259	24.610	36.759
251.484	127.830	24.070	37.045
247.571	128.344	24.669	36.859
246.107	129.307	24.397	36.115
243.600	129.671	23.741	36.556
238.944	129.868	23.258	36.292
238.315	130.068	23.170	36.222
233.909	130.808	22.336	36.601
232.376	130.121	22.613	37.929
230.778	130.431	22.558	37.442
227.186	131.921	22.875	37.327
225.229	131.843	22.716	37.826
223.899	133.032	22.034	37.716
219.800	134.190	22.575	36.391
218.431	132.729	22.385	38.802
215.104	133.715	22.875	38.624
213.555	133.696	22.677	39.060
212.064	134.721	23.018	38.430
208.488	134.471	22.917	39.417
207.743	134.545	23.061	40.104
205.840	134.729	23.147	40.120
202.682	135.981	23.335	39.606
201.294	135.621	22.411	40.927
199.682	136.925	23.494	39.759
195.206	137.275	23.706	40.668
195.134	138.171	23.583	39.979
194.181	138.584	23.225	40.081
191.284	139.366	22.925	40.025
190.545	139.139	22.472	40.749
188.866	139.634	22.682	40.465
186.884	139.984	22.325	41.018
184.425	139.787	22.872	41.761
182.153	140.609	23.101	42.056
181.474	140.826	23.272	42.324
180.461	141.310	23.162	42.363
178.235	141.512	22.910	42.963
177.489	141.808	22.712	43.520
174.578	142.264	21.942	43.920
174.393	142.707	22.185	43.808
173.037	143.582	22.880	43.561
171.121	144.001	22.748	44.121
170.557	144.443	22.807	44.624
169.429	145.004	22.977	43.932
167.491	145.924	23.422	44.249
166.701	146.046	22.975	45.215
165.633	146.596	23.397	44.673
163.780	147.360	23.504	44.730
162.924	147.879	23.934	44.945
161.072	148.757	23.519	45.429
160.477	149.093	23.454	45.595
158.580	149.662	23.149	45.897
157.606	150.548	23.821	46.322
156.837	150.863	23.946	46.245
155.571	151.647	23.682	46.586
154.690	151.894	23.793	46.566
153.924	152.425	23.961	46.947
153.232	153.482	23.902	46.760
151.965	154.156	24.450	46.686
151.343	154.416	24.271	46.938
149.761	155.177	24.386	47.120
149.022	156.674	24.553	46.302
148.540	156.634	24.580	47.142
147.902	157.537	24.556	47.366
147.007	158.024	24.781	47.719
146.311	158.335	24.844	47.952
146.189	158.943	24.654	48.052
145.598	159.848	24.401	47.848
144.806	160.522	24.940	48.867
144.044	160.945	25.529	49.205
143.183	162.472	26.097	47.858
143.224	162.856	25.724	47.563
142.834	163.740	26.139	47.579
142.739	163.763	26.747	50.470
142.482	164.089	26.104	50.552
142.075	164.613	26.302	51.166
141.579	165.995	26.253	51.107
141.370	166.887	26.115	50.063
140.949	166.564	25.835	51.371
140.120	167.479	26.290	51.118
139.724	167.783	26.538	51.434
139.070	169.225	27.074	50.464
138.579	169.616	27.088	51.566
138.297	169.979	27.063	51.846
137.990	170.407	26.974	53.042
137.471	171.225	27.300	53.801
137.114	171.379	27.394	54.405
136.843	173.608	27.613	53.338
135.776	173.759	28.175	54.204
135.523	174.335	28.060	55.412
135.219	175.846	28.352	54.703
134.310	175.796	28.329	54.998
133.803	176.542	28.677	54.326
133.177	176.338	28.553	54.736
132.982	178.133	28.704	53.563
132.266	178.299	29.929	57.043
132.121	178.989	29.678	58.741
131.886	180.470	30.613	57.942
130.940	180.967	31.235	57.513
130.847	183.018	31.471	57.483
130.405	183.306	30.532	57.729
130.251	183.751	29.374	58.550
129.193	184.956	30.347	59.155
128.331	185.684	30.823	58.982
128.102	185.884	30.541	60.244
127.283	186.701	30.701	60.284
127.554	186.845	30.743	61.340
126.355	187.698	31.186	61.971
125.804	188.806	31.363	61.150
125.229	191.303	31.193	59.780
124.312	191.338	31.707	61.194
124.796	192.098	31.419	61.364
124.680	192.456	31.463	62.444
124.150	193.506	31.258	61.972
122.647	193.750	32.482	62.793
123.755	194.836	31.155	64.089
122.967	195.027	31.228	64.231
122.500	196.456	32.066	64.439
121.774	197.579	32.502	65.568
121.034	197.799	33.648	65.788
121.543	199.287	33.243	67.326
120.860	201.105	33.970	66.212
121.362	201.197	33.858	67.776
120.977	202.606	34.065	68.225
120.970	203.154	34.889	67.545
166.387	189.984	30.091	60.711
120.123	207.003	35.626	66.281
120.548	207.245	35.710	67.095
120.426	208.645	35.661	68.012
166.055	194.129	29.734	61.044
164.092	194.742	29.774	61.473
121.322	167.101	31.556	68.170
119.695	165.654	34.844	71.249
121.437	170.710	34.880	71.057
121.211	169.045	34.376	73.449
121.591	169.267	36.103	74.431
159.354	159.503	32.062	68.592
122.161	171.413	36.084	75.161
122.402	172.494	36.585	73.332
157.988	155.204	33.237	69.365
157.743	156.357	32.238	63.776
155.722	158.131	32.338	65.122
158.387	159.662	30.719	64.467
156.504	159.376	32.348	65.966
157.119	160.612	31.826	66.238
156.631	162.165	32.414	66.136
154.561	162.994	34.201	68.063
155.920	161.972	33.200	67.101
153.342	161.760	35.237	69.822
155.468	162.741	32.881	65.137
156.435	164.860	31.795	65.452
141.725	194.600	41.454	76.763
142.329	190.365	42.985	82.150
143.760	192.771	43.865	81.225
146.377	183.582	42.583	90.669
145.307	194.736	43.654	83.191
148.392	201.636	42.627	79.999
147.810	183.351	44.518	97.147
149.498	194.802	44.301	89.393
150.517	202.502	43.334	82.529
151.276	204.568	43.461	83.240
152.467	205.761	41.897	84.152
151.780	207.087	43.457	86.096
151.803	208.094	43.327	87.092
150.421	210.465	44.414	86.159
151.710	178.262	39.618	76.272
148.250	167.266	42.617	86.675
148.610	171.759	42.366	86.934
148.939	170.546	41.732	89.334
147.374	174.624	44.454	90.005
144.841	172.724	45.610	93.506
144.189	173.734	46.426	94.770
139.817	175.943	48.614	94.383
138.345	179.178	48.039	92.526
134.284	180.007	49.783	97.744
131.347	180.912	50.961	96.844
128.507	181.087	51.829	98.773
125.562	183.159	52.668	98.871
122.441	184.254	53.826	99.927
118.009	186.215	55.190	100.270
111.435	187.753	56.404	103.124
107.727	189.190	56.567	103.079
102.165	192.045	56.986	105.462
99.719	193.732	57.053	103.781
90.975	196.822	58.751	104.812
86.514	197.716	60.844	105.826
80.263	199.398	63.526	106.806
73.370	202.911	63.081	105.525
68.799	204.866	62.851	106.018
60.322	161.570	59.745	110.912
51.095	164.121	64.880	103.936
40.054	167.247	66.993	104.510
31.256	167.293	71.699	107.529
18.271	172.179	74.172	105.443
12.443	174.187	75.226	105.709
