361.000	217.000	49.000	168.000
358.248	220.153	60.413	167.938
364.371	219.789	56.053	172.079
371.248	217.792	55.511	172.170
377.795	216.577	53.974	172.676
381.961	218.111	55.337	174.339
384.659	220.824	60.511	173.617
384.377	222.892	68.997	172.077
389.074	225.443	75.946	168.386
395.645	224.625	75.004	171.283
402.517	224.440	66.804	170.763
406.616	223.686	59.821	171.382
410.742	224.149	57.161	171.728
411.763	223.972	59.195	169.523
407.283	224.155	63.122	174.094
395.758	225.668	65.830	171.486
381.591	227.800	72.016	169.432
373.692	228.039	67.041	169.161
368.531	227.175	63.281	172.721
360.107	226.686	62.664	173.260
352.930	224.805	61.669	176.975
344.882	225.149	62.635	176.606
337.782	226.143	61.524	177.221
319.835	228.247	72.197	175.773
310.496	230.710	76.590	173.043
300.286	232.199	77.700	171.300
289.949	231.076	73.818	166.538
282.408	230.404	65.807	168.749
269.304	230.192	61.086	173.185
257.283	231.142	62.684	174.686
241.711	231.515	70.498	174.713
228.364	234.380	70.875	170.363
218.014	234.208	63.864	171.677
207.480	233.758	65.460	174.909
197.429	232.957	64.177	173.521
187.921	232.776	63.968	173.669
177.023	233.130	65.997	176.800
158.509	237.822	78.052	169.430
144.170	240.043	84.635	167.343
135.835	238.398	81.515	168.131
123.926	235.911	63.526	173.381
108.346	236.137	60.127	173.220
95.211	236.432	67.266	173.389
80.647	239.913	77.800	169.398
69.098	241.394	81.254	168.317
59.413	240.220	73.724	168.328
51.016	238.862	66.211	170.373
41.097	237.104	63.071	171.488
29.802	235.625	60.793	173.848
20.511	235.514	65.108	173.721
16.511	238.762	76.556	169.727
20.539	239.441	84.262	167.287
29.740	234.975	80.085	170.250
35.861	231.740	68.602	172.927
44.209	228.677	61.227	175.246
46.459	227.340	61.367	178.294
49.857	228.201	68.100	175.398
52.544	230.625	72.785	169.057
58.989	232.020	74.276	166.354
67.557	229.474	70.196	167.026
71.859	227.064	62.511	167.521
73.585	225.372	61.658	166.406
80.395	224.086	62.044	172.924
85.128	224.732	69.397	174.349
86.106	227.745	82.988	168.270
97.562	228.096	82.513	167.407
101.510	227.540	79.746	168.360
107.586	224.555	73.891	171.772
113.153	224.100	60.784	173.392
117.078	224.168	59.576	175.151
121.455	225.813	62.490	172.723
120.615	226.503	71.724	171.681
122.650	227.767	79.041	166.949
132.102	228.065	76.296	167.458
136.233	227.171	65.800	166.994
138.753	225.802	64.141	168.711
143.574	223.378	60.357	171.115
148.171	221.205	58.867	173.516
155.274	222.561	61.257	172.204
155.246	222.699	73.739	174.398
154.992	226.356	86.050	166.411
167.277	224.445	81.032	167.902
171.439	222.865	77.462	169.550
177.984	222.045	69.793	169.106
182.174	221.379	63.623	169.531
186.755	221.196	58.102	169.497
191.849	221.095	60.069	168.123
193.016	221.448	66.583	170.521
195.445	225.518	75.108	163.262
195.135	224.536	72.612	166.628
189.026	223.393	62.002	165.901
180.782	222.073	59.463	169.156
168.122	221.277	59.198	170.770
160.690	221.752	60.228	172.431
148.450	223.548	66.580	171.139
137.160	225.948	71.275	164.587
134.851	229.867	73.993	159.578
141.090	226.857	70.333	165.563
148.010	225.909	67.616	164.385
154.475	222.503	58.995	166.878
157.839	221.378	56.937	169.605
161.990	221.204	56.423	170.309
164.931	222.005	57.017	166.483
167.553	220.604	58.831	165.447
172.213	220.978	64.541	157.861
176.799	218.205	62.385	163.538
183.669	218.438	58.024	163.541
190.974	217.908	53.772	163.926
200.700	216.814	51.605	161.078
208.143	217.565	50.033	163.865
210.944	215.174	52.375	167.399
213.110	219.343	57.848	157.559
210.271	217.501	57.119	161.972
202.263	216.000	55.594	163.847
193.770	214.652	60.242	165.268
186.987	213.676	59.142	164.056
179.628	212.261	56.344	165.358
172.720	211.559	55.738	168.165
165.701	211.930	54.357	165.189
154.913	213.371	58.031	160.178
144.566	213.603	61.223	158.522
134.857	213.939	59.175	156.797
127.838	211.223	60.690	159.017
128.067	210.818	64.123	158.454
132.468	208.837	58.320	159.610
138.008	208.237	56.937	161.290
145.276	209.976	66.715	159.552
153.040	211.664	75.385	155.914
158.480	209.351	75.830	158.970
166.398	208.724	73.778	158.523
174.590	204.809	64.091	162.924
179.316	202.603	56.060	165.266
185.441	202.057	53.122	167.375
193.147	202.066	51.417	167.379
195.274	203.456	59.041	165.554
200.361	204.216	62.245	164.067
205.059	204.313	64.555	159.275
213.522	202.555	59.044	161.248
220.466	200.587	55.287	163.763
217.729	198.455	55.303	165.714
210.092	198.857	57.669	167.180
203.832	197.336	58.349	168.384
192.063	198.482	64.935	168.829
182.471	201.119	67.171	161.529
176.389	200.666	62.910	159.692
173.483	199.581	59.367	158.272
175.528	198.026	54.638	159.965
186.141	197.665	51.546	163.350
196.333	197.356	50.213	164.752
213.551	195.080	51.641	165.293
226.055	192.913	51.602	168.201
235.205	192.861	51.986	168.102
244.378	193.190	54.376	168.920
256.318	190.834	54.069	168.844
264.990	189.489	55.707	167.769
276.389	187.648	55.180	168.189
286.375	187.589	55.742	167.937
297.740	187.495	55.416	165.915
311.132	187.271	54.406	163.485
321.755	184.700	52.029	167.822
335.234	185.351	49.739	167.985
344.479	185.432	50.128	168.758
355.980	184.297	49.667	168.669
361.699	185.438	50.858	165.814
357.482	185.716	54.138	163.620
345.982	186.885	64.275	161.618
340.736	188.879	67.415	158.259
338.556	188.608	67.419	159.693
331.423	187.007	61.784	160.678
309.935	185.528	59.614	160.474
305.970	185.811	55.672	152.240
315.248	182.532	57.448	154.634
301.837	181.345	57.480	155.726
291.036	181.900	57.948	155.416
283.742	181.724	57.917	155.866
279.740	180.777	59.765	155.230
275.514	180.155	54.733	152.958
272.380	178.664	54.593	153.782
270.457	178.255	49.592	156.747
268.571	177.539	46.151	161.707
266.233	178.670	45.489	160.868
261.882	180.127	46.655	159.071
258.308	180.228	47.676	158.214
252.625	180.976	49.548	157.327
256.416	180.103	52.395	157.224
266.108	178.740	54.114	153.711
281.153	174.545	51.211	153.655
286.964	173.339	49.798	155.464
298.897	171.728	49.878	156.971
292.699	171.895	48.799	156.944
285.067	171.305	51.356	157.084
274.746	172.648	59.975	155.013
267.268	172.142	65.108	152.775
261.471	170.880	68.049	153.139
257.773	169.301	63.325	152.409
253.933	168.219	54.208	151.895
250.174	166.814	49.341	154.713
245.352	166.829	50.656	154.968
241.567	166.545	52.609	156.673
233.907	167.541	55.250	155.287
226.843	168.016	58.449	153.521
221.847	168.448	60.219	151.693
219.213	167.184	57.310	150.129
216.391	166.230	56.840	149.741
213.475	165.747	56.300	146.960
208.308	164.502	53.022	147.702
203.281	162.242	50.450	151.171
199.833	162.267	49.595	151.598
194.525	162.282	50.183	152.772
187.959	162.424	54.301	153.845
178.926	163.277	59.840	154.424
172.944	164.829	60.244	149.040
168.006	164.166	58.359	147.712
164.054	161.976	53.735	150.399
161.932	163.046	53.380	147.300
158.732	162.104	49.767	150.448
152.153	160.146	50.136	154.268
147.829	161.716	49.234	151.995
139.587	162.074	53.859	151.563
132.989	162.435	57.457	148.421
126.865	160.363	58.071	148.600
123.742	159.850	55.797	148.577
119.296	156.923	53.152	149.505
116.630	156.255	50.898	145.322
111.966	154.360	50.960	146.955
107.639	154.233	49.862	147.874
103.208	154.334	51.819	147.575
96.396	154.477	55.818	148.694
90.327	154.937	59.546	145.204
85.779	155.564	61.887	144.761
79.679	154.585	63.850	145.319
76.348	153.601	63.402	143.331
73.438	151.907	56.123	143.517
69.732	152.443	50.910	143.393
66.816	151.644	49.802	145.905
64.832	150.611	47.496	146.600
60.830	151.183	48.802	145.097
56.964	151.582	49.713	145.214
54.079	152.002	50.055	144.007
51.022	151.033	48.995	143.458
48.703	149.801	49.377	143.020
52.435	146.545	47.869	145.830
56.551	144.696	50.746	143.543
61.059	144.589	51.031	142.649
63.052	143.681	52.109	143.255
67.226	141.561	52.448	143.519
73.600	141.960	53.696	141.432
78.169	143.374	54.396	139.528
85.044	144.123	55.092	137.794
90.382	142.474	56.010	138.838
94.621	140.691	58.548	141.214
99.215	138.752	57.935	141.582
104.772	138.466	54.390	142.173
109.602	135.434	49.654	142.836
113.248	135.478	48.636	142.357
119.104	135.560	48.817	140.773
123.115	134.887	48.522	140.765
127.868	134.916	50.075	140.739
134.455	135.257	51.158	138.021
137.897	135.734	52.808	136.382
143.647	133.639	52.339	135.657
149.285	132.010	50.191	135.718
154.243	129.538	48.230	138.650
157.452	129.961	48.992	136.940
163.399	128.175	47.850	138.443
169.970	128.277	49.306	136.307
171.525	126.890	52.104	136.513
175.694	128.595	57.578	132.447
177.841	128.161	59.895	133.640
181.936	127.435	58.931	135.487
187.920	125.671	55.697	134.959
193.822	124.773	52.277	135.705
196.284	122.435	49.427	136.898
201.194	122.362	48.177	137.918
207.233	121.896	47.303	138.028
211.788	122.636	47.453	135.675
215.866	122.443	47.102	135.979
222.765	123.095	47.383	134.061
226.840	121.569	47.497	136.761
232.371	117.559	46.398	137.965
239.326	117.103	46.245	132.542
246.131	115.623	45.038	129.904
251.195	114.390	44.686	124.975
259.809	113.313	42.018	108.346
265.629	112.897	41.085	95.681
271.923	111.920	39.632	92.157
279.695	110.307	37.706	90.076
284.140	110.030	36.590	82.480
288.170	109.655	36.671	83.723
295.316	105.929	35.720	86.867
300.307	104.355	36.037	87.242
305.489	102.695	34.368	93.154
310.490	106.887	33.837	94.970
315.138	107.879	34.953	94.189
321.965	106.563	34.066	96.534
327.860	106.087	34.859	91.643
336.138	102.463	34.126	90.067
343.188	101.917	34.192	85.835
347.830	102.381	36.179	86.448
353.819	99.440	38.604	83.348
361.436	97.670	37.565	80.860
364.510	94.161	38.993	68.287
372.237	96.936	38.077	68.575
375.133	98.405	38.411	71.781
383.869	95.221	36.445	68.835
386.047	96.585	38.854	70.349
394.523	94.764	39.187	70.777
397.930	92.509	42.175	71.459
402.189	92.916	41.576	71.102
406.409	89.867	42.511	75.645
415.482	91.378	40.929	73.278
420.268	91.537	40.792	78.080
424.712	91.409	43.129	79.214
431.097	90.782	45.056	80.105
440.094	88.863	42.629	81.851
446.323	87.537	43.080	88.486
451.915	85.263	45.404	95.241
457.000	82.756	46.976	102.871
461.504	81.438	48.575	113.735
469.567	83.000	45.594	115.166
476.647	83.579	44.753	120.131
479.628	85.156	45.202	120.419
485.083	84.424	44.291	120.052
493.506	84.479	41.970	118.803
500.649	82.501	42.992	120.664
507.314	81.359	42.229	121.753
512.154	80.074	42.139	123.248
524.315	80.498	43.563	124.764
532.964	79.140	42.996	119.627
545.276	79.795	41.129	118.237
553.208	77.333	40.427	118.511
560.922	76.650	40.318	118.974
562.975	73.515	39.147	129.137
560.171	73.429	40.729	123.754
556.686	74.793	40.816	120.979
555.065	75.331	39.562	119.667
551.115	75.823	39.075	117.621
546.315	76.584	40.395	117.135
545.137	75.923	37.894	113.705
541.620	74.556	37.426	116.081
540.990	73.245	36.755	119.268
527.111	70.401	36.891	121.995
519.711	70.049	38.851	116.491
515.093	68.912	38.571	116.625
513.458	64.736	37.909	127.747
513.771	65.872	39.735	130.584
539.271	67.730	40.450	120.093
487.445	66.198	36.987	117.485
481.619	63.425	39.451	121.232
476.602	61.780	37.941	120.881
477.694	59.699	38.120	122.785
473.035	60.596	35.912	122.673
471.490	62.018	34.902	110.442
468.838	60.515	34.815	112.249
466.614	61.195	36.038	111.953
465.332	60.531	35.034	114.679
463.566	57.356	36.137	123.629
458.963	57.652	35.150	116.759
455.017	57.084	35.913	117.402
451.450	56.808	38.480	117.742
448.930	54.945	37.524	119.584
388.591	20.033	38.097	124.455
437.054	50.801	33.598	114.982
429.517	51.211	37.566	120.589
426.964	52.740	37.602	114.427
425.502	51.754	32.498	107.581
425.928	52.549	31.371	105.973
423.356	50.028	34.208	108.299
421.538	48.122	50.793	119.492
358.724	28.619	36.082	119.900
359.870	24.131	32.130	128.893
361.026	29.520	33.094	125.425
355.743	27.595	34.383	119.010
347.385	40.788	37.026	115.977
404.086	77.567	30.023	106.849
403.138	81.228	32.130	112.572
443.996	86.955	34.602	119.493
446.455	80.430	36.467	128.470
454.390	82.399	36.561	129.627
444.778	93.281	37.946	123.410
455.413	92.212	38.385	123.629
438.972	100.056	39.292	124.387
448.212	100.471	32.945	129.431
432.217	108.560	40.530	125.644
437.324	116.996	35.259	126.606
437.595	121.342	34.501	127.567
437.266	126.868	34.444	125.829
428.023	133.452	38.332	122.273
428.930	135.265	38.578	126.416
426.544	140.469	37.849	125.438
426.062	144.625	38.424	126.277
421.852	149.960	38.190	127.603
417.729	155.560	37.998	128.378
414.092	163.863	39.443	129.935
411.095	178.529	40.724	122.077
411.539	179.919	39.474	124.213
408.848	186.331	40.006	121.841
406.941	191.316	40.042	121.231
402.994	191.442	41.303	122.331
403.594	203.669	39.039	119.567
401.936	211.274	38.424	117.442
398.978	216.587	38.762	118.310
395.119	224.487	40.124	118.624
390.578	236.090	40.215	114.790
387.114	238.230	38.739	121.792
381.487	244.281	40.587	121.539
351.415	261.612	34.236	112.410
343.192	260.277	37.544	119.751
341.711	261.510	33.574	115.069
375.611	251.377	37.888	118.152
375.785	249.752	38.027	122.297
375.266	251.457	37.986	119.020
373.311	250.187	37.106	120.217
369.204	252.952	37.454	116.426
368.591	254.740	37.129	114.011
362.689	257.254	39.161	109.495
362.209	254.489	35.151	113.731
356.315	257.489	34.945	109.881
355.345	254.645	38.426	110.173
361.387	256.964	39.601	110.206
364.725	253.376	39.153	113.769
376.038	251.500	38.707	112.290
377.978	252.256	36.614	111.206
386.145	250.109	37.809	115.564
391.777	253.192	37.759	111.884
399.912	253.321	36.872	112.731
406.798	252.535	36.267	111.983
438.526	253.162	36.540	107.010
448.690	255.403	38.249	103.451
465.508	251.528	38.051	106.279
478.943	251.236	37.588	105.939
493.928	246.746	37.064	110.764
494.639	245.015	42.255	108.587
504.828	227.819	36.500	119.141
518.060	237.926	41.421	114.759
517.911	240.124	42.019	114.085
525.340	243.074	37.880	111.584
530.738	244.775	38.037	110.287
513.189	248.649	57.278	109.482
540.561	240.354	40.624	116.387
550.398	238.965	37.873	114.712
555.732	243.189	37.703	109.281
562.727	246.504	35.153	105.403
563.912	242.003	35.883	108.638
558.425	244.327	35.157	105.075
554.215	243.678	38.317	106.800
553.214	242.212	37.897	109.233
548.078	242.944	37.643	107.553
544.637	241.073	37.938	107.673
542.620	238.791	35.468	107.005
541.584	239.083	34.818	106.524
540.438	234.771	35.775	110.124
536.007	235.067	35.618	110.111
543.179	230.063	32.145	115.173
536.649	231.850	34.084	110.357
536.851	233.851	34.530	109.463
534.668	234.987	33.950	106.019
535.150	234.069	31.550	104.361
498.190	236.987	33.522	103.723
492.989	236.786	31.123	106.418
489.627	236.976	35.112	101.862
487.353	238.340	31.628	105.474
488.277	237.477	33.177	108.298
522.670	228.477	32.469	105.185
521.104	228.728	32.118	105.254
520.176	228.493	31.770	105.363
518.152	228.259	32.386	105.704
516.388	229.326	33.669	104.984
516.247	226.267	32.204	107.301
514.615	229.327	35.761	104.320
512.332	227.849	32.117	105.923
512.972	227.236	30.282	106.710
509.467	226.745	31.566	104.833
509.307	227.201	30.605	103.005
508.194	230.815	30.220	98.953
505.207	226.376	31.088	105.025
505.058	225.183	29.305	104.682
501.798	223.817	30.991	104.748
502.317	224.900	31.130	104.394
500.062	227.159	33.336	102.121
500.295	227.532	33.181	100.330
496.651	229.073	32.328	98.593
491.621	226.838	32.809	99.796
490.936	226.991	30.912	99.065
485.094	227.829	34.344	97.263
467.733	226.459	35.485	95.417
488.588	221.887	30.803	101.850
462.464	228.533	32.839	93.506
458.465	226.755	33.277	95.297
484.282	221.110	31.483	98.437
486.917	217.382	29.977	100.263
483.469	222.174	32.141	98.229
483.029	217.217	32.229	98.888
484.184	219.773	30.994	97.333
485.613	219.378	29.798	97.625
486.260	220.900	26.591	94.917
487.490	221.500	29.091	94.831
478.838	218.980	33.868	98.310
479.600	222.888	30.542	94.880
480.561	220.169	29.513	97.415
481.915	219.032	30.152	98.462
478.485	215.632	31.347	96.445
