93.000	170.000	25.000	66.000
91.276	170.358	27.512	66.577
92.694	169.822	28.910	69.913
94.770	170.159	29.188	71.331
95.505	170.260	29.108	71.304
97.045	170.871	29.271	71.260
98.919	171.324	29.207	71.165
100.171	171.646	28.967	69.836
103.314	171.423	27.537	69.206
105.615	172.391	28.237	69.807
108.479	173.508	26.713	70.517
109.815	174.582	26.569	70.990
111.798	174.953	26.890	68.459
113.018	174.520	26.538	69.664
114.517	174.027	27.986	69.098
116.197	174.925	29.143	68.716
120.326	176.570	29.587	69.755
121.284	175.771	29.686	69.546
122.505	175.611	28.139	69.389
124.914	176.437	26.700	71.358
127.624	177.409	26.257	69.618
129.561	177.782	25.151	70.663
130.705	177.616	24.102	70.605
131.527	176.723	23.702	71.167
133.469	176.328	22.694	72.837
136.569	178.830	22.274	74.437
137.764	179.047	21.093	74.773
138.535	179.262	21.420	72.717
138.789	177.590	21.455	75.248
140.733	179.271	29.594	72.652
143.439	179.394	28.858	72.161
145.154	178.787	28.991	73.453
145.570	179.788	31.050	72.721
148.860	181.300	30.664	75.943
154.682	180.967	26.774	73.965
157.989	182.148	26.204	71.239
158.507	181.181	28.695	70.428
160.493	181.008	26.435	74.527
160.730	183.772	28.463	71.391
162.787	183.905	31.041	73.394
164.815	184.191	30.525	71.706
165.447	183.874	31.069	71.908
167.350	184.506	28.660	71.133
167.867	184.839	30.252	72.812
168.729	185.343	31.689	75.572
169.492	186.180	30.776	75.098
173.305	187.798	28.490	74.019
176.918	188.046	27.622	76.750
180.230	186.087	26.852	76.193
183.328	186.953	26.650	75.378
184.927	185.326	27.655	76.740
186.945	186.322	27.401	75.462
187.781	186.785	26.993	73.973
188.710	188.585	28.215	71.041
189.296	187.679	27.987	71.652
189.378	186.864	28.876	76.294
189.584	188.544	28.197	74.086
191.931	189.271	28.048	74.890
192.761	189.056	26.518	74.245
194.875	189.074	27.307	73.542
195.705	189.002	28.411	75.432
198.863	189.155	28.725	75.181
201.189	189.885	30.604	78.538
207.998	190.499	27.397	79.759
210.386	190.539	25.805	77.991
180.090	195.133	28.205	71.932
212.505	192.380	29.904	77.692
214.256	192.094	31.007	81.445
215.717	193.711	30.605	75.316
214.867	193.862	31.273	80.737
217.802	194.413	30.164	78.860
222.514	193.631	27.186	76.667
224.704	194.346	28.500	76.085
229.750	196.556	30.998	76.413
232.479	196.633	31.062	77.273
236.303	194.725	28.317	81.264
237.405	196.434	28.382	79.509
239.190	197.229	27.827	79.065
240.330	198.228	29.954	75.657
241.792	198.896	28.967	75.828
244.600	199.513	29.108	74.778
244.406	199.112	26.361	76.732
246.709	198.907	26.705	77.702
250.976	200.578	28.022	76.025
252.221	200.482	27.727	75.854
255.765	200.535	26.888	77.806
265.820	202.015	28.415	77.047
270.019	204.518	29.236	74.688
272.310	203.217	27.462	78.710
273.934	204.538	32.022	74.753
275.919	203.630	32.670	74.568
280.541	204.431	32.707	74.985
289.810	203.931	26.847	77.055
290.646	204.089	28.887	84.377
293.999	205.311	27.469	77.519
294.772	206.963	28.262	74.803
297.781	206.657	27.281	79.992
300.181	207.990	27.446	77.964
300.038	209.296	28.678	72.508
302.466	208.294	27.994	71.767
302.467	207.624	28.199	74.073
305.172	207.610	30.298	74.677
306.468	209.701	29.725	68.820
306.275	210.150	33.268	71.006
309.064	211.203	32.483	75.451
309.340	211.528	32.133	76.177
