441.000	26.000	57.000	57.000
442.891	24.478	53.952	58.678
442.358	24.310	54.598	59.149
442.786	24.333	53.687	59.446
441.179	24.937	55.397	58.753
442.275	24.682	54.102	59.746
441.306	25.757	55.911	58.491
441.709	25.752	55.013	58.815
441.676	26.576	55.512	57.972
441.875	26.694	54.836	57.940
442.423	25.791	54.068	58.561
442.280	25.475	54.666	59.105
442.004	25.384	54.983	59.223
442.076	25.354	54.910	59.452
441.528	25.554	55.458	59.043
441.744	25.394	55.268	58.934
441.786	25.153	54.886	59.443
441.709	25.909	55.129	58.717
441.231	25.697	55.813	59.144
440.908	25.584	55.572	58.912
441.887	25.831	54.604	59.006
441.910	25.868	54.743	58.710
441.516	25.707	55.138	58.900
441.822	25.493	54.821	59.348
441.118	25.900	55.926	58.734
441.852	25.194	54.182	59.613
441.151	25.627	55.016	58.833
440.712	25.384	55.389	58.958
439.509	25.633	56.078	59.113
440.005	25.342	55.122	59.392
440.887	25.234	54.033	59.875
440.116	25.329	54.938	59.335
440.856	24.869	54.130	59.848
440.292	25.045	54.609	59.412
440.527	25.245	54.397	59.213
440.576	24.892	54.407	59.716
438.777	25.165	56.700	59.533
439.881	25.009	55.559	59.785
440.544	25.056	54.582	59.588
440.327	25.234	54.004	59.333
440.494	24.892	54.196	59.983
439.639	25.274	55.290	59.323
440.414	25.274	54.803	59.412
440.274	25.434	55.016	59.132
440.856	25.594	54.680	59.153
441.470	26.145	54.174	58.789
441.846	26.440	54.100	58.669
441.828	26.400	54.241	58.621
441.395	26.400	54.817	58.946
441.946	26.067	53.712	59.546
441.261	25.943	54.453	58.966
440.329	25.788	55.049	59.266
439.645	25.940	54.211	59.317
437.196	26.458	54.864	58.679
435.904	26.758	54.346	59.362
432.834	27.394	55.037	59.021
429.082	27.513	55.414	58.753
426.684	27.234	55.641	59.148
424.465	27.234	53.818	58.910
420.604	26.713	54.478	58.757
419.268	26.718	53.563	58.484
417.942	28.494	51.066	55.908
418.283	29.880	48.128	54.912
419.516	30.511	45.760	54.472
420.777	32.300	43.319	53.046
423.408	32.549	40.970	52.649
424.445	32.963	40.848	51.684
425.255	32.606	40.521	51.932
426.208	31.816	40.268	51.401
425.971	30.685	40.644	51.759
425.224	30.239	40.749	51.734
422.368	28.956	42.497	53.001
420.977	28.691	42.552	53.707
417.396	28.372	44.952	54.208
415.869	28.023	46.025	55.160
412.222	27.874	48.909	55.221
410.836	27.110	49.260	55.890
409.264	26.653	50.373	56.384
407.462	25.706	50.604	56.936
406.666	25.298	50.883	57.241
405.996	25.268	50.800	57.334
404.934	24.596	51.650	57.720
404.539	25.482	52.092	56.841
404.186	25.999	52.402	56.488
404.953	26.650	51.971	55.942
404.419	26.161	52.279	56.265
405.669	26.392	51.198	56.062
405.820	26.039	51.164	56.444
406.153	25.769	51.284	56.658
406.395	25.375	51.195	57.079
406.779	25.771	51.122	56.573
407.644	25.140	50.442	57.145
408.387	25.307	50.323	56.589
408.387	25.064	50.040	57.164
408.354	24.746	49.941	57.228
408.222	24.491	50.073	57.211
408.097	24.958	49.813	56.744
408.360	24.672	49.846	56.989
407.613	24.572	50.642	56.566
407.737	24.570	50.571	56.962
408.065	24.294	50.404	56.955
407.236	24.135	51.093	57.510
407.603	24.137	51.021	57.279
407.899	23.501	50.643	58.001
407.570	24.058	50.812	57.329
408.288	23.910	51.015	57.004
408.417	24.066	50.670	57.047
408.133	23.910	51.309	57.260
408.188	23.741	51.044	57.761
408.899	24.216	50.314	57.058
408.398	24.175	50.636	57.187
407.941	24.066	50.708	57.104
408.285	23.871	50.373	57.299
407.427	23.555	50.672	57.529
407.580	23.555	50.804	57.472
407.403	23.988	51.140	57.239
406.697	24.183	51.241	57.102
408.116	24.058	49.956	57.215
407.101	24.143	51.063	56.770
407.686	23.595	50.194	57.490
407.704	23.988	50.524	57.182
407.934	24.337	50.507	56.776
408.097	24.183	50.264	57.097
408.291	24.175	49.619	57.187
408.584	23.627	49.755	57.512
407.921	23.250	50.426	57.245
408.451	23.559	49.964	56.772
408.354	24.262	49.810	56.411
408.620	24.265	50.047	57.045
409.033	24.222	49.525	56.747
409.836	23.914	49.609	56.773
410.456	24.419	49.644	56.381
411.881	25.064	48.972	55.567
415.388	26.671	46.987	54.443
417.057	26.318	45.865	54.526
419.640	25.793	44.631	54.980
421.328	25.400	44.453	55.364
423.342	24.553	43.733	55.857
423.578	24.396	43.857	55.852
423.297	24.150	43.659	56.660
422.572	24.386	44.180	56.481
420.746	24.738	44.574	55.963
417.935	24.661	46.372	55.793
416.171	24.824	47.702	55.579
412.670	25.437	49.580	55.932
411.943	25.177	49.713	56.310
410.342	25.603	50.303	56.226
409.151	25.494	50.879	56.005
408.748	25.610	51.097	56.168
407.959	24.945	51.199	57.453
406.605	25.656	52.012	57.119
405.772	25.028	52.510	57.793
404.652	23.977	53.211	58.947
404.837	23.963	53.109	59.232
404.591	23.638	54.029	59.646
405.709	22.630	53.681	61.301
408.612	24.977	52.900	59.185
411.846	26.490	49.301	57.764
414.965	27.043	45.014	56.250
417.243	27.950	44.776	47.876
419.863	29.319	42.630	41.283
420.551	29.096	42.893	38.230
422.764	29.280	44.215	39.838
423.072	29.411	45.772	41.546
423.363	29.625	46.017	42.993
422.172	31.787	47.398	42.157
420.028	31.376	48.251	42.180
419.402	29.725	46.308	43.243
419.587	29.810	44.219	41.101
419.719	29.359	43.430	43.103
420.419	28.345	46.724	41.040
419.951	27.448	45.933	39.349
419.306	27.011	48.804	44.612
419.193	24.410	53.338	49.495
418.228	22.598	55.754	54.848
417.591	21.771	57.120	53.913
416.837	22.689	56.401	51.804
413.205	22.312	59.065	50.807
415.612	20.661	55.816	51.225
415.193	20.315	55.562	50.156
415.453	19.056	53.717	52.934
414.063	18.935	54.054	52.515
414.116	18.660	52.445	53.729
415.358	16.971	49.863	57.388
414.787	15.045	48.789	59.487
414.858	14.034	48.599	60.738
415.362	12.493	46.177	62.418
415.506	11.879	45.607	62.466
415.985	10.940	44.663	63.072
416.656	11.242	43.335	62.571
416.497	12.026	43.715	61.576
415.283	12.993	45.594	60.956
415.453	13.410	45.853	61.126
414.597	14.852	47.054	60.088
414.255	15.353	48.286	60.204
414.197	15.270	48.970	59.958
414.765	15.328	50.806	59.973
415.255	14.964	51.419	60.888
415.891	15.877	51.507	60.363
416.849	15.834	52.426	59.941
417.613	15.071	52.400	60.660
418.090	13.951	51.683	61.001
418.430	13.511	51.625	61.425
418.835	13.563	51.927	60.871
418.463	13.725	51.754	61.148
418.020	14.548	52.548	60.251
417.881	14.649	52.522	60.559
417.423	14.483	53.284	60.694
417.611	14.824	53.299	60.256
417.342	14.866	53.962	60.455
418.254	16.139	53.289	59.899
418.117	15.753	53.307	60.725
418.270	15.260	53.745	60.703
418.205	14.631	53.404	61.302
418.135	14.456	53.786	61.218
418.090	13.736	53.323	61.561
418.719	13.266	53.334	61.624
419.973	11.395	52.055	62.101
420.638	10.146	51.570	62.497
421.895	8.501	50.196	63.710
423.552	7.118	47.963	64.668
423.740	5.827	47.583	65.093
424.051	5.045	46.589	64.871
424.467	1.333	44.941	66.396
425.112	0.049	44.636	66.243
426.196	0.000	44.065	64.638
427.780	0.000	43.332	61.840
429.159	0.000	42.150	61.954
429.917	0.000	42.433	61.972
431.366	0.000	42.358	61.778
431.168	0.000	43.232	61.735
431.783	0.000	43.412	62.347
432.639	0.000	42.479	62.890
432.977	0.000	42.611	62.351
433.392	0.000	42.427	62.620
433.015	0.000	43.130	61.936
432.560	0.000	43.585	62.133
432.280	0.235	43.188	61.632
431.729	0.000	43.813	62.312
431.950	0.236	42.928	61.871
431.824	0.000	42.943	61.338
431.528	0.000	42.985	60.320
431.960	0.000	42.431	59.755
432.160	0.000	42.158	60.073
432.160	0.000	42.854	60.440
432.677	0.000	42.602	61.073
432.157	0.000	43.479	59.770
432.937	0.000	42.726	57.696
433.134	0.000	41.226	50.377
434.242	0.000	38.996	46.112
437.281	0.000	35.752	41.801
438.032	0.000	34.151	39.041
438.882	0.000	34.162	37.975
439.727	0.000	33.040	37.187
440.308	0.000	32.705	36.065
440.588	0.000	32.169	34.837
440.682	0.000	33.000	33.177
441.769	0.000	32.259	33.435
441.705	0.000	33.256	32.738
440.521	0.036	35.847	31.974
439.573	0.000	37.151	32.005
439.506	0.000	37.311	31.763
440.291	0.000	36.823	32.236
440.803	0.000	36.462	32.538
440.901	0.000	36.600	32.683
441.030	0.000	36.345	32.851
440.957	0.000	36.448	33.150
442.002	0.000	35.796	33.733
442.949	0.074	35.824	34.786
444.522	0.000	35.364	35.355
445.027	0.175	35.486	35.240
445.398	0.000	35.869	36.039
447.234	0.000	33.814	37.352
447.498	0.000	34.254	38.103
448.112	0.000	34.076	39.893
448.280	0.000	34.715	41.005
448.023	0.000	34.708	42.533
447.888	0.000	34.235	43.144
447.556	0.000	34.324	44.153
447.484	0.000	34.396	46.522
447.847	0.000	34.588	47.357
446.911	0.000	34.749	47.776
446.701	0.000	35.354	48.619
446.005	0.000	36.209	48.560
444.622	0.000	38.083	49.486
444.925	0.000	37.926	51.890
444.786	0.000	39.149	54.281
443.298	0.000	40.927	58.057
444.106	0.000	39.860	61.265
443.859	0.208	39.319	63.412
441.952	0.789	41.230	66.863
444.074	0.000	40.270	70.022
445.911	0.424	39.397	72.432
446.754	0.841	39.195	71.511
448.900	0.011	38.939	72.198
449.699	0.000	38.686	70.788
448.172	0.000	40.007	69.184
449.013	0.000	38.899	69.456
448.988	0.000	38.496	69.857
448.142	0.232	38.749	69.078
448.515	0.000	37.454	70.676
447.728	1.335	37.256	70.268
447.458	2.448	36.188	73.126
445.442	4.054	36.946	72.735
443.478	4.908	36.553	72.838
441.900	5.134	36.266	73.907
439.989	4.709	36.734	74.685
437.722	3.606	36.788	74.541
437.160	3.674	36.498	74.422
436.897	3.881	35.608	75.283
436.283	4.399	36.745	76.141
435.491	5.477	38.116	77.807
434.973	9.387	39.062	77.999
435.657	11.601	38.737	78.245
437.216	14.191	38.378	79.203
438.902	16.258	38.958	79.511
438.848	16.686	38.877	79.051
439.664	15.926	38.338	79.735
440.709	14.533	37.767	78.183
441.081	13.036	36.968	78.317
440.890	11.819	37.312	78.158
439.669	12.785	37.648	77.707
437.754	13.570	38.606	79.213
434.942	16.289	39.040	79.858
433.849	18.493	37.720	78.823
430.716	23.142	37.812	79.865
428.470	25.230	37.644	79.567
426.571	27.107	36.879	80.271
423.984	27.312	37.727	80.786
423.496	27.609	37.776	80.623
423.081	29.251	37.756	80.512
423.741	30.606	37.458	79.558
423.747	32.821	38.034	79.788
424.116	38.807	38.267	76.371
424.092	41.784	38.082	76.715
423.324	46.711	39.160	76.614
424.307	51.332	39.705	77.035
424.365	53.090	39.467	78.147
423.858	54.686	39.619	80.578
422.599	52.912	39.141	84.027
421.795	52.795	39.537	83.904
421.067	52.882	39.586	83.282
419.515	54.092	40.022	83.057
417.978	55.216	40.298	84.030
415.833	57.378	39.744	86.447
408.924	63.981	41.916	86.983
405.973	65.808	41.179	89.551
400.810	71.619	41.682	90.360
399.202	71.936	41.652	89.896
398.027	71.491	41.255	90.143
396.519	72.142	41.529	90.990
394.669	74.279	42.236	89.536
394.524	76.462	41.347	87.861
395.559	77.261	42.159	88.498
396.103	81.384	42.298	85.950
395.769	86.463	42.839	83.361
394.690	92.861	45.657	84.069
394.975	97.191	44.935	84.568
395.677	99.917	44.736	87.780
395.430	100.722	45.317	89.792
394.490	100.445	45.317	91.576
392.421	101.129	46.128	93.262
389.738	103.105	45.787	96.035
386.931	104.010	46.552	96.782
382.368	106.235	46.844	97.833
379.545	107.584	47.224	98.909
375.270	114.073	46.153	99.226
373.341	117.164	44.859	99.097
370.411	120.510	44.391	99.085
365.999	125.233	45.434	97.609
363.128	127.324	46.296	96.590
362.124	128.635	44.923	95.029
361.155	132.478	43.421	90.010
362.425	133.141	42.004	89.564
362.142	135.851	42.244	86.590
363.149	138.398	41.758	87.340
363.541	141.422	41.497	83.937
363.388	146.173	42.410	84.127
364.750	150.848	44.085	85.111
364.641	153.097	43.247	87.404
365.943	156.909	43.971	88.116
366.088	159.930	46.008	91.435
368.341	158.669	45.009	95.133
368.493	159.704	44.368	93.527
367.986	162.471	44.510	91.150
367.207	163.972	43.990	91.282
364.780	166.811	43.067	94.554
363.516	170.047	43.021	90.583
359.767	173.044	43.704	94.572
355.735	179.444	44.324	97.136
352.551	182.134	44.785	94.232
350.476	186.368	44.477	95.903
345.183	193.302	44.352	100.981
342.958	198.076	45.225	96.815
338.011	204.268	45.020	98.836
335.890	206.821	46.476	96.585
334.360	209.740	46.057	101.723
335.772	215.688	49.152	100.386
336.629	217.793	47.904	97.957
337.003	218.686	47.916	101.686
335.942	221.201	49.635	100.769
336.765	224.191	49.172	99.219
337.047	225.557	49.257	103.063
337.067	233.388	51.920	100.537
335.887	235.595	52.433	99.783
338.866	241.086	50.722	100.766
338.730	239.759	50.360	105.938
338.459	243.861	50.498	103.193
337.572	241.579	51.445	107.256
338.809	242.435	50.727	107.383
336.775	241.927	53.615	108.319
341.372	244.197	52.430	106.253
341.520	245.408	50.250	105.415
343.294	249.452	53.254	105.334
344.363	250.427	51.423	106.420
345.551	253.917	50.094	103.934
347.010	257.690	49.106	105.013
344.797	256.592	50.381	105.968
350.310	257.415	52.418	109.643
354.817	257.976	53.032	107.791
355.785	258.461	52.459	109.316
359.826	259.109	51.071	104.720
362.838	253.524	54.965	109.054
360.927	249.436	54.063	113.554
362.239	252.005	58.759	103.763
365.317	246.077	54.935	108.632
368.180	245.734	51.371	107.084
369.332	241.280	56.738	109.929
371.564	243.175	58.148	107.758
372.397	238.432	63.315	105.070
380.845	237.474	62.177	102.630
377.346	229.599	63.800	104.191
372.641	226.062	50.177	94.482
384.805	218.949	53.986	96.236
386.197	211.446	56.055	95.776
395.621	211.187	68.334	88.490
399.285	201.339	70.122	92.566
407.826	200.464	72.707	88.575
426.700	196.299	66.749	90.299
434.936	192.563	66.631	90.118
448.657	189.325	63.543	89.230
455.290	184.874	57.890	87.214
462.329	185.428	56.206	83.116
472.380	183.103	63.654	88.512
482.678	169.407	57.919	89.356
486.938	166.189	54.624	83.682
487.478	160.820	49.795	81.462
490.905	148.329	53.719	83.502
492.981	146.108	52.975	79.260
495.440	142.251	47.694	80.778
494.522	139.420	45.380	75.934
494.549	137.651	45.362	81.988
493.138	133.527	42.742	79.438
492.005	131.806	45.436	83.829
489.016	130.114	44.968	80.210
488.267	129.620	45.313	82.556
487.426	127.074	44.870	86.038
486.784	124.952	44.018	83.635
487.073	122.405	42.433	81.424
484.707	118.074	43.926	84.401
485.525	113.267	44.401	82.282
484.340	108.950	45.653	78.457
485.468	106.067	45.548	82.067
485.187	102.558	45.614	75.881
486.789	101.781	43.578	78.394
488.342	97.730	43.500	78.996
488.529	96.684	43.597	76.689
489.956	95.074	43.814	81.950
490.320	94.873	45.053	82.272
492.249	95.166	44.488	81.763
493.890	93.027	44.784	76.219
494.906	91.721	45.253	74.163
496.063	86.781	44.007	75.466
496.460	83.491	44.315	73.864
496.019	79.158	45.207	75.773
497.966	74.986	43.645	79.432
497.926	73.006	44.007	78.939
496.446	71.589	45.487	79.327
495.287	70.785	46.388	79.772
494.933	70.108	46.476	79.017
494.848	68.841	46.360	80.718
495.286	69.201	46.177	79.909
495.926	67.878	46.810	81.125
497.926	66.365	46.725	81.456
499.753	64.339	47.012	80.784
500.812	62.251	46.705	81.879
503.342	61.439	46.894	82.391
504.610	60.800	47.817	82.977
507.175	60.882	48.876	81.546
509.083	59.498	48.553	82.472
511.115	55.275	48.010	83.062
512.410	52.628	48.139	83.141
514.431	49.873	46.747	82.564
514.812	46.860	47.250	80.916
514.459	43.983	46.381	80.343
513.566	40.415	46.841	80.679
511.658	38.476	46.546	77.414
510.060	38.105	47.606	75.530
508.304	35.679	48.296	76.616
506.363	35.077	48.776	76.839
505.967	36.058	48.963	75.115
504.284	36.552	49.736	73.874
502.357	34.510	50.795	73.286
502.701	33.547	50.152	73.144
502.522	31.445	52.477	73.861
503.715	29.985	53.306	73.968
504.559	29.677	53.385	73.600
506.014	28.675	52.188	73.580
506.623	28.121	51.714	73.919
506.437	27.558	52.578	73.986
507.066	27.417	53.775	72.660
507.840	27.203	53.844	70.853
509.763	25.038	52.571	68.656
510.286	23.480	52.771	66.537
512.812	18.651	50.545	66.618
512.820	16.958	50.297	66.210
514.303	14.803	48.838	67.049
514.531	12.288	48.712	67.777
515.436	11.611	47.642	68.044
515.669	12.222	47.331	67.138
515.325	12.285	47.675	66.811
513.031	13.415	49.313	67.091
511.663	14.164	50.307	67.065
510.021	13.320	49.554	67.749
509.725	11.721	49.393	67.680
509.613	9.138	49.159	68.533
508.924	6.569	50.283	68.297
509.345	5.492	49.353	68.951
508.818	5.326	49.771	68.348
508.706	4.624	50.110	67.806
508.974	4.241	50.520	67.160
509.083	4.354	51.148	67.238
511.423	4.921	49.563	66.821
513.521	3.811	49.267	66.362
515.762	2.801	48.192	65.463
518.423	0.755	46.453	65.562
520.858	0.000	44.524	61.881
522.080	0.000	43.868	60.278
523.682	0.000	41.994	56.924
524.550	0.000	40.388	56.395
523.937	0.000	40.742	55.393
523.241	0.000	41.091	53.391
522.939	0.000	40.730	52.300
522.459	0.000	40.321	53.154
520.918	0.000	41.514	54.346
519.034	0.000	42.894	54.243
517.811	0.000	43.191	55.560
515.808	0.000	44.426	55.164
515.671	0.000	44.603	54.899
515.028	0.000	45.039	52.678
516.087	0.000	44.420	52.180
517.022	0.000	44.186	50.969
516.902	0.000	44.162	49.653
517.291	0.000	43.140	50.082
517.550	0.000	42.417	50.315
517.746	0.000	43.213	51.551
516.781	0.000	44.830	52.209
516.342	0.000	46.084	52.662
517.102	0.000	45.737	52.499
516.867	0.000	47.058	50.624
517.774	0.000	46.533	48.744
519.652	0.000	45.041	44.700
520.312	0.000	45.445	44.278
522.382	0.000	43.214	42.783
524.709	0.000	41.045	41.953
527.184	0.000	38.210	41.765
527.775	0.000	37.729	41.108
527.434	0.000	37.209	41.896
526.432	0.000	37.799	42.400
525.002	0.000	38.891	43.122
523.814	0.000	39.054	42.476
522.142	0.000	39.377	42.299
517.988	0.000	39.929	44.342
516.903	0.000	39.106	45.077
513.808	0.000	40.949	45.832
510.875	0.000	42.103	45.444
510.042	0.000	41.303	45.133
508.942	0.000	39.854	44.763
506.776	0.000	38.468	45.648
505.235	0.000	37.695	46.629
503.855	0.000	38.213	46.925
501.254	0.000	39.299	48.605
501.955	0.000	38.431	48.927
501.204	0.000	38.645	48.792
501.574	0.000	38.533	49.917
501.763	0.000	38.362	50.920
501.513	0.000	39.577	51.926
500.403	0.000	39.306	52.038
499.689	0.000	36.543	52.733
497.219	0.000	36.659	52.134
493.631	0.000	39.553	51.972
486.424	0.209	35.454	52.266
483.552	1.285	35.974	50.253
477.120	0.000	38.191	47.070
473.992	0.000	39.272	45.949
471.190	0.000	40.301	46.019
470.254	0.000	36.802	46.481
467.582	0.000	37.054	45.419
465.656	0.000	36.031	45.942
462.385	0.000	35.181	44.149
461.528	0.000	35.136	42.847
459.286	0.000	34.764	42.386
458.147	0.000	34.955	42.759
456.675	0.000	35.385	42.786
454.695	0.000	35.258	43.622
453.336	0.000	34.932	42.852
451.382	0.000	35.322	42.219
449.301	0.000	35.266	42.463
447.981	0.000	35.433	42.674
446.813	0.000	35.764	43.449
445.693	0.000	35.451	44.058
444.665	0.000	35.385	45.381
442.997	0.000	36.077	47.876
442.315	0.000	36.028	49.173
441.132	0.000	35.119	53.329
440.794	0.000	35.089	53.997
439.538	0.000	34.924	54.232
439.014	0.000	33.734	54.462
438.629	0.196	33.395	53.945
438.304	0.000	33.593	54.848
437.782	0.000	34.608	55.535
436.513	0.000	35.262	55.222
435.794	0.000	35.965	54.422
435.488	0.000	35.015	53.276
435.956	0.000	34.940	53.654
435.273	0.000	35.668	54.512
435.333	0.000	35.654	56.465
435.866	0.000	34.968	57.789
436.023	0.000	35.194	58.048
435.917	0.000	34.935	58.285
435.289	0.000	35.209	60.156
435.273	0.380	35.137	61.201
435.683	0.690	34.681	62.956
435.580	1.141	35.044	64.845
435.409	0.678	34.882	65.362
435.473	0.172	34.591	65.989
435.888	0.149	33.916	65.861
435.162	0.171	34.380	68.281
434.845	0.000	35.090	69.892
434.795	0.000	36.520	71.721
435.513	0.851	38.590	73.676
436.152	1.140	40.113	75.775
436.899	1.979	41.847	77.096
438.804	4.526	42.845	78.071
440.592	5.114	42.922	79.212
444.539	6.226	42.694	78.794
446.298	6.479	42.101	78.556
448.539	5.706	41.674	79.659
450.678	5.286	42.593	79.132
452.340	5.437	41.469	78.700
453.616	5.562	40.733	77.676
454.592	5.868	39.048	77.345
455.535	5.852	38.331	78.194
455.535	6.726	38.516	78.496
454.745	9.204	37.821	78.699
454.636	10.575	37.635	79.664
453.950	11.652	37.898	79.974
452.692	13.362	38.200	79.608
451.739	14.568	38.686	80.285
451.109	15.929	38.158	80.947
449.663	18.360	38.115	81.450
448.540	20.177	37.601	80.914
446.741	20.656	38.288	81.390
445.612	20.662	38.853	81.470
444.813	20.491	38.901	81.681
444.848	22.060	39.702	82.618
445.696	22.769	39.641	82.430
447.380	23.305	40.606	82.735
448.074	23.128	42.316	82.780
449.291	23.030	41.685	83.673
451.658	24.460	41.117	84.374
452.574	26.252	42.235	84.925
452.933	28.311	42.373	84.645
452.091	28.357	41.837	83.762
450.259	26.008	40.198	83.325
448.814	25.430	40.045	83.721
447.659	26.299	39.411	83.504
444.666	28.613	39.637	83.600
443.018	29.890	39.795	84.871
439.317	32.751	39.125	84.196
437.529	34.066	38.950	84.219
435.273	36.566	39.118	83.425
432.284	39.796	39.102	85.003
430.096	42.181	40.429	83.751
428.377	44.259	40.357	84.496
424.900	44.025	41.105	85.299
423.455	43.908	41.533	84.919
423.068	44.403	41.094	84.800
422.804	44.912	43.035	85.282
423.793	46.929	42.590	86.612
424.312	48.808	42.759	87.092
424.338	50.375	43.069	87.617
424.326	50.065	43.121	86.626
424.492	51.379	42.056	85.789
424.204	52.673	41.631	84.439
424.598	55.479	39.943	82.737
424.760	56.512	38.405	81.496
424.146	56.498	37.120	80.854
423.045	54.241	36.766	80.654
421.214	54.031	37.246	79.376
419.981	53.129	36.496	79.880
418.379	54.216	37.056	77.242
417.856	55.564	36.133	76.485
417.133	57.317	35.874	76.786
416.090	56.765	36.044	77.547
416.372	57.614	36.684	75.821
413.521	61.248	43.662	78.423
416.028	63.465	45.398	78.994
417.421	65.772	46.546	76.794
418.711	73.485	51.592	71.021
417.181	76.914	50.255	68.516
413.759	76.005	56.629	71.108
410.463	71.736	51.454	73.494
407.737	68.464	48.291	77.353
402.909	63.948	41.394	85.331
390.295	65.471	44.012	83.092
385.465	68.639	48.534	80.445
374.441	68.831	55.827	81.197
367.870	71.754	62.571	81.441
369.891	73.854	59.167	81.907
370.174	75.505	56.793	84.604
374.176	78.082	47.959	78.617
379.068	77.794	42.276	78.494
385.132	78.630	37.159	79.597
390.550	83.919	39.793	78.367
391.770	87.081	43.401	75.779
398.574	89.821	48.341	76.602
397.656	92.425	53.942	75.594
394.793	97.389	63.211	69.396
395.388	98.365	62.133	69.202
395.392	96.780	64.095	71.120
395.513	92.659	57.881	77.234
394.002	91.740	53.147	80.623
384.332	91.176	43.631	82.089
376.680	92.528	42.322	81.236
367.481	94.074	43.733	88.487
358.868	99.436	48.850	90.654
358.563	103.595	46.562	83.777
356.252	107.026	46.890	85.668
355.237	109.319	45.717	85.633
356.721	110.623	43.122	91.256
360.622	111.315	39.292	86.047
362.763	113.648	40.726	84.858
366.375	117.644	46.689	82.942
369.636	119.426	48.330	82.584
368.514	124.169	50.737	79.608
369.055	126.768	52.723	78.935
372.067	130.853	51.981	76.245
369.612	132.436	53.010	84.318
364.671	133.796	48.906	84.892
356.265	135.013	46.803	93.252
353.213	139.266	42.424	90.492
346.760	141.251	42.581	87.784
340.818	145.929	41.702	82.402
339.819	146.912	40.235	87.610
337.893	143.724	40.994	89.624
337.663	143.716	41.066	85.508
338.772	140.856	41.109	90.897
340.803	141.472	42.488	91.493
348.053	141.361	42.726	91.350
352.151	141.919	43.272	92.968
358.290	141.914	44.336	92.296
363.047	144.071	48.480	89.636
368.360	141.577	52.752	93.207
374.191	145.824	49.889	92.487
376.036	152.109	58.322	89.812
378.047	154.823	59.965	89.471
378.056	155.544	61.831	91.549
378.938	153.968	60.340	94.077
378.826	153.719	53.967	96.113
374.113	148.981	48.042	100.906
367.699	151.491	49.604	99.559
357.346	153.322	43.256	99.591
342.648	149.783	47.124	102.313
331.068	158.307	44.931	95.131
319.754	161.841	44.170	94.560
311.410	162.718	45.175	98.663
311.816	165.953	44.342	98.358
312.473	165.201	44.129	102.673
317.138	168.975	43.677	98.287
320.844	171.107	45.093	99.931
328.410	173.607	47.962	96.846
329.164	176.880	54.726	94.201
329.517	183.400	72.315	87.759
329.798	191.767	71.901	80.702
329.271	198.373	87.533	70.433
337.476	203.543	94.728	63.137
345.546	207.743	99.766	58.832
353.297	213.679	103.373	51.585
355.423	211.101	106.083	53.012
363.190	210.291	102.821	56.754
368.382	209.712	102.417	64.267
368.380	207.764	99.796	67.817
374.119	212.709	101.972	65.158
381.777	212.973	86.419	67.361
388.913	216.609	90.296	62.732
371.283	216.291	92.517	58.811
376.705	218.444	98.548	50.975
381.559	218.040	86.216	59.216
379.655	219.385	93.860	64.075
386.717	228.511	91.236	106.627
393.392	231.937	105.171	110.976
361.441	217.997	114.749	106.848
356.353	218.472	121.410	69.292
355.924	225.720	114.325	55.507
357.071	231.476	110.964	56.276
357.856	231.655	111.890	56.303
359.761	233.703	106.715	56.986
359.196	234.672	108.598	56.857
353.703	235.128	112.937	62.156
353.920	234.091	112.850	61.026
351.732	233.873	108.192	59.695
354.963	236.589	94.519	50.274
374.948	221.334	76.167	63.714
376.097	222.016	69.910	59.782
369.301	221.828	80.182	54.315
368.584	213.702	83.209	55.754
369.927	207.601	86.418	58.725
358.226	203.011	98.507	55.731
361.056	192.426	106.234	54.570
362.588	190.322	104.480	53.216
358.498	186.051	105.387	53.573
358.787	182.517	106.890	49.160
360.581	181.862	106.787	46.491
357.954	180.036	106.241	51.008
356.049	177.536	104.270	50.294
355.553	178.551	105.137	49.985
356.884	174.919	101.257	54.300
363.976	172.115	92.372	52.222
359.204	163.904	86.521	54.859
354.763	156.745	87.628	49.190
357.352	152.571	88.901	50.506
352.260	147.360	87.939	50.890
353.445	145.927	93.229	50.094
353.261	147.371	95.880	48.901
354.314	147.191	99.293	48.571
353.885	148.394	94.287	51.996
365.658	146.980	93.733	54.048
363.219	146.535	99.088	51.660
367.740	145.564	96.443	52.014
373.506	141.591	92.072	44.563
377.670	138.138	84.797	49.541
374.449	132.786	93.526	51.492
385.460	126.308	89.243	44.397
381.541	124.405	89.530	47.197
378.920	124.449	95.338	49.373
382.810	123.508	91.115	48.410
378.784	122.109	94.419	49.588
382.522	122.534	92.918	49.561
383.390	123.458	90.592	51.890
382.082	125.430	89.006	52.264
388.672	126.887	80.610	53.943
398.647	132.248	70.317	51.749
385.603	141.114	76.846	46.243
385.433	140.128	87.457	47.361
391.698	137.290	86.856	43.321
392.748	136.292	81.263	44.388
398.685	129.431	87.649	44.426
408.485	126.898	79.455	46.475
402.817	124.664	86.986	44.441
409.693	123.233	88.258	44.846
414.863	122.936	89.976	46.458
415.037	121.595	94.184	48.360
419.829	120.346	93.526	50.781
419.752	121.733	89.393	48.190
423.644	119.122	94.840	48.617
424.209	121.580	90.179	43.545
428.156	118.308	93.114	42.042
426.256	116.745	90.632	44.431
428.082	115.911	93.711	43.061
425.398	115.203	88.867	44.506
427.442	113.102	85.366	46.662
426.125	110.056	84.582	43.208
424.836	108.842	88.699	43.048
420.912	106.392	88.889	43.460
416.888	106.236	88.211	47.262
415.903	106.458	85.508	44.699
412.500	103.296	88.255	49.545
412.568	101.849	88.924	50.656
408.356	105.087	88.433	48.039
407.718	104.719	90.201	48.401
405.408	101.654	91.316	49.361
403.123	104.465	92.688	45.983
402.971	98.865	88.485	49.258
400.357	100.334	85.864	47.793
402.211	95.440	88.709	45.632
402.374	95.630	84.543	45.165
404.280	90.318	89.483	42.663
403.346	89.789	87.461	45.086
410.905	85.942	88.456	48.808
412.387	84.343	90.202	49.517
417.322	81.288	88.546	50.018
418.320	75.306	87.619	51.519
418.582	79.067	87.412	47.264
420.946	80.131	83.461	44.121
422.179	78.026	87.348	43.134
421.689	80.878	84.652	43.349
419.158	76.608	86.622	43.601
419.434	78.042	83.134	44.286
419.788	73.536	86.393	45.060
416.567	77.482	82.006	44.869
419.007	72.407	85.260	45.651
414.243	75.863	85.044	45.971
414.967	76.944	84.850	45.243
413.022	77.081	83.292	47.480
412.240	72.394	86.913	50.998
412.151	72.599	86.756	52.128
411.468	68.942	86.066	51.285
409.601	68.816	87.245	51.708
407.611	70.456	86.649	50.955
406.064	66.913	87.407	53.321
407.080	66.091	85.842	52.176
407.751	68.257	85.422	48.704
407.804	69.326	83.640	48.066
408.808	68.814	79.740	46.425
408.153	68.732	79.652	46.202
408.718	69.374	81.236	44.960
412.239	70.149	78.438	44.160
413.744	70.138	80.817	44.967
417.532	67.085	78.191	44.248
416.123	63.952	79.872	47.136
416.932	62.766	79.846	46.511
419.021	58.216	83.500	46.937
421.271	56.324	79.611	46.534
422.720	54.349	80.930	45.502
421.453	54.681	78.889	44.829
422.928	52.622	82.022	46.191
423.483	53.837	79.964	46.826
426.458	53.072	80.879	48.408
424.726	53.946	79.438	48.256
424.094	53.186	79.407	47.977
423.179	52.766	79.319	48.205
426.062	50.363	75.691	50.099
427.246	50.589	74.901	49.710
425.094	50.056	77.315	49.956
424.839	48.103	75.095	50.854
424.912	46.031	77.763	51.019
425.259	46.910	79.319	49.780
425.846	43.384	79.511	51.763
428.401	42.853	77.486	50.718
428.947	42.403	77.671	49.681
430.851	38.859	75.781	50.983
429.782	39.126	75.166	51.044
433.818	36.821	69.393	57.460
435.935	34.948	70.412	62.259
436.717	34.808	70.976	65.758
436.516	36.070	71.852	62.080
440.782	30.340	65.502	68.472
444.241	30.694	59.499	71.399
447.937	27.458	55.041	71.586
450.387	25.036	48.918	74.316
451.747	24.746	45.043	74.155
453.466	23.328	39.876	76.153
453.116	22.508	37.489	76.869
452.284	23.570	38.556	75.037
449.960	22.664	40.778	76.481
447.692	22.700	41.173	75.919
446.277	23.878	42.163	75.357
443.385	24.719	43.779	72.633
442.682	23.949	43.324	75.131
442.818	23.608	39.100	76.042
443.436	24.802	36.527	75.343
444.168	24.451	35.654	75.204
443.810	25.389	34.955	75.715
444.119	23.650	35.597	76.000
444.211	22.713	35.158	76.782
443.954	21.602	36.269	75.895
443.322	20.167	37.076	76.098
442.181	18.821	39.696	74.410
439.192	17.800	45.000	72.411
438.382	16.405	45.217	68.875
440.645	14.895	46.816	70.621
438.999	14.356	49.737	69.716
442.523	14.184	48.285	71.076
443.942	14.427	48.405	69.815
444.939	16.299	50.951	70.537
443.066	17.107	53.763	66.105
443.455	16.402	56.851	65.446
441.592	18.438	62.146	61.438
444.851	14.510	63.792	59.877
442.155	18.820	63.141	58.259
444.196	15.628	66.976	54.806
445.177	16.700	65.710	56.244
445.281	17.320	68.341	51.642
445.713	15.232	70.361	50.935
445.482	16.595	68.680	51.294
444.863	16.327	71.470	51.001
446.750	17.380	69.622	51.336
446.197	16.044	70.401	51.317
446.288	14.236	72.707	53.197
446.886	11.555	72.947	54.842
447.421	9.409	70.501	55.092
446.204	8.910	70.582	51.523
445.872	7.287	67.560	55.648
445.714	4.270	66.730	59.769
445.354	3.354	66.408	60.880
445.028	3.175	60.370	57.769
444.643	1.732	55.582	59.690
445.747	0.782	52.803	64.245
446.975	0.444	51.991	61.813
449.240	0.000	46.654	61.307
451.201	0.000	43.144	61.935
454.300	0.000	37.726	61.837
456.684	0.000	35.488	61.543
457.088	0.561	34.094	60.572
457.328	1.209	33.901	58.798
457.975	0.896	34.610	58.549
457.084	0.514	38.016	57.018
458.317	0.567	37.632	55.795
460.822	0.205	35.856	55.118
462.046	0.200	33.876	53.915
463.657	0.000	33.564	53.771
465.216	0.175	32.704	54.211
465.398	0.240	33.434	53.492
466.577	0.118	34.858	53.387
466.724	0.064	35.536	55.239
465.824	1.347	38.994	53.927
464.702	2.250	42.245	53.251
463.147	1.634	45.786	50.303
460.587	1.951	50.303	52.963
459.654	1.775	51.321	50.493
458.427	1.730	55.085	50.230
459.064	1.621	55.865	49.967
459.031	1.861	57.371	49.853
459.278	3.748	55.622	51.452
460.434	1.945	55.359	56.933
461.632	2.490	53.864	58.422
464.088	3.223	50.050	61.479
464.985	4.444	47.081	63.564
464.592	4.843	47.732	64.493
465.564	5.646	44.277	65.633
467.606	5.144	39.886	66.311
469.027	5.284	36.358	67.012
469.874	4.828	34.144	68.766
470.175	5.902	33.224	70.464
469.310	5.745	34.009	71.297
469.443	6.171	35.143	70.109
469.056	6.807	36.501	69.313
470.170	6.344	36.516	70.162
472.550	6.340	35.594	70.036
474.186	7.806	34.817	68.377
476.624	8.849	32.871	68.235
478.282	9.452	32.817	67.880
480.233	11.573	33.567	67.475
482.903	13.514	31.048	69.038
483.137	18.098	31.911	68.242
483.087	19.935	32.105	67.170
481.280	24.658	34.061	66.635
479.683	26.270	38.389	66.316
475.418	28.956	43.697	65.621
472.185	32.649	47.689	65.592
466.853	41.632	54.992	59.368
464.537	48.865	58.234	54.870
461.731	55.017	63.507	50.525
460.166	59.892	65.352	48.557
459.941	61.045	65.857	48.139
459.652	66.787	67.068	45.120
459.518	69.979	67.149	42.654
460.757	74.827	67.370	38.033
460.628	77.195	67.378	37.127
461.201	79.027	67.222	36.784
462.515	78.388	66.362	39.527
464.503	78.564	65.115	43.291
466.021	79.029	62.836	45.347
468.007	78.183	61.327	48.367
469.180	77.649	61.222	49.817
470.505	77.047	61.456	50.121
471.284	75.785	61.096	52.475
472.709	74.232	60.790	53.292
473.685	72.998	59.874	54.450
474.701	69.136	58.676	57.235
475.398	66.441	56.946	58.591
476.144	63.435	55.790	60.837
476.234	61.048	55.357	61.106
476.161	58.992	55.112	62.841
476.176	55.590	54.743	64.045
475.363	55.484	56.525	63.364
474.448	53.135	56.933	64.125
474.190	52.579	57.844	63.443
472.879	51.561	58.589	64.118
472.189	51.918	59.246	63.395
471.349	52.605	58.901	61.889
469.492	52.267	58.800	60.779
466.904	51.072	59.019	59.084
464.462	50.243	60.188	58.933
459.335	50.112	65.301	55.452
455.141	51.632	69.110	50.995
453.340	51.462	68.310	48.993
451.699	50.804	67.956	47.459
448.172	50.269	70.422	45.365
447.145	49.141	69.376	45.890
446.444	48.774	67.927	44.466
444.073	48.581	68.099	43.884
442.345	51.519	67.877	39.809
440.169	52.065	66.987	39.118
438.101	53.359	67.687	37.165
436.708	52.301	67.651	37.175
434.345	52.179	68.271	36.193
433.571	51.280	67.891	36.306
432.539	51.223	67.232	37.088
431.441	50.701	66.504	37.832
433.329	48.188	64.201	40.166
434.749	46.369	61.644	42.228
426.190	46.125	69.703	42.049
429.744	44.422	64.728	43.625
428.725	44.242	65.674	44.475
428.730	42.878	65.083	45.103
428.698	42.675	65.247	45.357
427.374	41.952	65.778	45.737
425.744	42.194	66.391	47.057
421.704	42.134	68.493	47.163
421.379	44.346	68.326	48.296
422.702	45.285	66.535	48.749
420.486	43.622	66.291	50.497
418.349	43.269	65.829	50.500
416.504	40.591	66.086	53.637
413.556	42.008	64.881	53.906
410.677	40.269	65.842	55.191
408.402	40.723	65.220	54.863
406.762	39.125	66.000	55.766
404.204	36.368	65.797	58.062
401.710	40.410	65.620	55.199
399.018	38.476	66.546	55.817
399.972	40.531	64.516	56.854
396.517	37.635	66.262	58.740
396.995	37.850	65.552	59.193
396.159	36.415	65.832	59.609
395.344	36.313	65.054	59.592
396.518	34.672	63.506	62.694
394.801	33.096	64.448	64.704
396.431	33.779	63.401	64.494
397.885	33.129	61.110	65.206
397.881	32.916	62.370	64.594
401.150	30.435	58.008	67.164
405.671	29.247	53.684	67.810
405.624	25.454	54.605	70.348
404.327	21.040	53.459	73.600
407.331	19.510	53.226	73.506
407.411	18.203	53.496	74.789
409.574	17.008	52.201	75.032
409.959	14.878	48.682	76.978
410.332	16.150	52.309	76.577
413.266	17.330	48.759	76.588
411.343	16.285	49.138	78.443
412.768	17.493	47.365	78.423
412.675	16.550	46.273	77.601
411.494	16.650	47.686	77.556
410.419	15.602	47.979	78.499
409.889	15.511	48.607	79.278
409.266	14.000	47.965	80.149
407.962	12.384	48.317	80.366
406.420	10.383	48.045	82.140
408.391	9.583	47.171	82.485
407.802	10.021	46.415	81.124
409.005	10.912	44.154	80.684
410.368	11.028	41.944	80.989
408.504	12.734	40.286	79.768
411.591	14.355	41.756	80.142
411.417	15.944	40.148	80.035
414.032	21.023	40.937	80.491
415.906	21.781	37.659	82.350
416.777	24.728	37.888	80.324
416.406	25.526	39.075	79.494
418.823	24.611	36.077	80.136
418.499	22.697	35.575	80.716
418.332	23.057	36.448	80.868
419.928	23.773	34.697	81.512
420.859	24.103	34.924	81.825
419.686	25.630	37.005	80.140
419.465	24.179	35.798	83.201
418.956	25.463	35.744	83.762
418.647	27.050	36.331	83.482
417.861	30.504	35.978	82.504
417.082	34.291	35.558	82.958
416.020	34.772	37.210	84.194
414.856	34.908	37.661	84.484
412.364	36.386	38.032	83.725
412.360	35.560	37.517	84.701
410.345	34.184	37.344	86.028
409.667	35.067	37.167	86.237
408.601	34.446	38.032	85.329
408.558	31.949	37.210	88.606
409.092	32.825	36.696	88.009
409.061	34.538	36.901	87.744
409.529	36.328	37.697	90.509
408.857	39.349	39.130	88.968
409.394	41.547	39.953	88.589
411.377	43.029	40.109	90.297
413.095	45.147	39.919	91.877
414.944	47.688	40.198	90.332
417.354	48.875	39.028	88.739
418.487	49.139	40.673	90.997
419.718	50.334	40.891	89.131
422.308	48.333	41.875	90.752
423.211	48.268	42.437	92.084
426.430	50.826	42.640	89.235
427.136	52.462	42.979	89.271
428.061	54.037	42.820	91.044
428.750	56.784	42.732	90.316
427.785	57.163	43.767	94.100
426.751	59.844	43.699	93.707
426.014	64.378	43.748	93.836
426.596	63.263	42.795	98.987
423.999	68.011	43.358	95.858
420.454	70.481	42.763	96.606
417.182	71.956	42.451	95.701
413.003	76.249	40.930	94.408
409.015	80.609	38.751	93.863
405.561	83.695	38.960	91.592
401.108	84.490	38.778	91.094
397.598	84.833	39.417	91.420
395.585	85.159	39.721	88.920
393.254	84.731	38.290	88.000
392.141	80.306	39.540	91.163
389.962	81.464	41.083	90.000
390.061	81.503	40.674	91.761
389.097	82.392	43.347	91.416
391.241	83.374	42.164	91.218
392.025	83.310	41.220	91.793
393.087	85.688	44.247	91.847
395.132	85.121	44.533	92.246
399.019	86.353	42.564	90.730
400.556	86.653	41.069	90.672
405.618	86.420	41.178	90.775
407.087	85.695	39.575	92.002
409.125	86.558	41.297	90.423
410.145	84.635	41.723	91.681
411.066	84.057	40.956	91.137
412.408	82.933	42.947	92.409
413.133	80.232	41.998	92.154
414.282	79.724	42.852	91.930
414.097	79.150	41.948	94.749
414.094	75.938	40.318	94.003
413.740	76.994	41.032	92.080
414.066	73.520	41.058	95.272
415.228	73.371	41.057	95.878
414.848	73.851	42.649	96.035
416.444	73.511	41.841	96.257
416.339	74.224	41.278	95.101
416.049	75.430	41.119	95.792
416.564	75.828	41.095	95.247
415.504	78.710	41.068	95.543
413.987	81.121	42.432	96.792
412.906	83.615	42.199	97.256
411.552	87.021	43.472	95.999
410.894	88.427	44.548	95.316
409.435	89.882	43.461	94.287
409.370	90.281	43.444	97.304
409.517	91.458	41.571	97.319
410.115	93.559	43.456	95.092
410.258	94.522	42.450	96.974
409.769	95.982	43.833	95.625
410.315	97.401	43.610	98.111
412.119	98.898	46.600	101.210
413.702	102.463	47.144	102.326
417.466	107.490	49.065	98.431
423.986	110.544	49.145	99.105
426.530	112.997	56.294	97.443
439.552	111.429	55.064	102.556
447.756	115.748	50.996	99.249
457.856	123.415	49.086	96.610
464.762	124.910	47.830	101.081
469.040	125.772	43.170	96.665
475.575	127.894	41.943	100.044
482.121	131.267	40.192	101.105
487.589	134.403	39.423	125.811
493.768	136.029	42.236	135.503
497.753	142.008	44.502	145.059
502.593	144.687	42.365	142.245
501.749	147.070	44.293	139.877
504.251	154.401	41.538	129.957
503.585	152.926	45.498	128.623
500.738	164.936	41.601	114.800
499.509	163.265	40.066	104.994
494.004	166.588	40.424	102.644
480.790	161.082	40.482	97.982
472.498	160.310	41.215	97.771
466.675	154.540	43.390	99.807
453.638	149.226	45.657	105.744
443.447	159.775	51.370	99.077
438.230	159.055	44.369	90.430
422.429	154.826	48.611	103.761
418.337	145.926	48.917	102.545
403.522	143.939	46.486	94.301
398.648	135.983	42.819	101.232
390.803	130.852	42.170	105.691
384.128	122.372	41.269	101.319
379.507	120.625	43.070	96.857
377.867	113.505	39.609	93.187
373.870	109.370	41.987	95.002
375.225	103.690	40.091	93.939
373.604	95.845	39.076	96.101
372.521	88.205	39.279	96.416
371.602	90.223	41.544	92.628
373.863	84.982	40.839	92.341
373.212	80.271	40.412	93.267
373.940	81.213	40.866	90.636
375.778	75.985	40.791	92.809
377.513	72.100	40.448	94.059
380.327	68.319	40.832	95.242
382.648	69.033	39.279	95.291
384.478	70.302	41.188	94.330
386.503	70.959	41.369	95.159
390.001	75.511	39.950	94.059
392.458	76.403	39.531	95.606
392.474	80.868	42.065	93.550
397.423	84.496	41.499	94.078
399.349	85.880	42.216	94.170
402.659	87.319	43.191	93.382
405.248	88.694	41.037	93.663
409.164	87.698	41.774	93.430
411.801	88.153	42.814	93.251
416.736	87.144	43.808	93.900
419.466	86.104	41.191	92.811
423.784	80.532	39.404	93.617
425.120	80.980	39.577	92.479
426.242	83.525	38.266	92.201
425.660	79.339	39.481	92.202
423.721	83.516	41.376	91.211
422.429	85.351	42.660	91.254
418.981	87.895	45.994	91.255
414.985	86.557	44.850	90.995
412.078	85.771	42.793	94.648
406.478	83.415	45.785	86.106
401.712	80.976	46.620	88.727
396.118	76.090	44.598	88.205
391.178	70.837	41.916	90.485
391.369	70.999	40.597	88.106
388.055	66.926	41.799	90.787
389.475	66.799	38.527	88.754
390.823	66.085	39.643	87.966
390.393	66.783	41.709	86.357
393.587	65.472	38.239	88.897
396.955	66.894	40.476	88.515
397.997	66.856	40.755	88.852
399.132	69.521	39.295	92.551
400.773	78.756	40.164	85.063
401.679	79.597	37.811	84.535
404.003	80.344	40.706	87.875
409.500	82.759	41.871	84.325
412.621	83.048	38.908	83.241
420.471	75.704	38.137	87.477
422.985	73.343	37.062	87.734
427.741	68.750	36.512	92.415
429.857	65.481	39.047	91.470
432.626	61.134	37.600	94.305
438.105	57.222	36.311	87.029
437.803	56.279	36.985	85.618
441.214	54.589	38.324	86.634
442.548	53.926	37.298	89.959
443.583	56.157	37.973	86.536
448.081	58.107	37.726	88.582
449.754	59.550	36.351	86.340
450.835	61.541	35.700	84.192
448.221	64.303	36.128	83.164
447.145	62.129	36.272	82.222
442.855	66.763	35.192	80.826
439.679	63.953	37.310	81.175
433.785	69.618	39.393	78.717
432.692	61.768	41.363	82.367
425.646	67.443	48.190	76.895
421.912	71.487	53.014	68.925
419.882	71.605	58.055	65.411
415.565	73.527	64.144	60.294
414.022	76.268	64.616	59.317
413.556	71.756	65.927	62.243
412.038	70.753	70.145	60.738
410.151	71.087	71.420	55.509
407.136	68.548	73.021	55.900
409.048	66.563	71.603	53.857
411.026	64.660	67.086	53.626
410.248	59.164	63.940	55.203
408.306	56.447	66.561	54.629
402.327	52.267	71.231	55.666
401.610	49.525	73.219	56.104
394.709	49.210	79.204	57.814
398.694	46.301	74.885	59.438
399.599	46.522	71.913	63.425
405.986	44.844	64.978	67.662
404.107	45.645	63.393	71.001
416.326	47.114	52.661	71.771
412.365	48.961	51.882	71.156
408.843	47.861	50.630	76.010
405.811	47.290	50.332	78.540
406.589	46.312	47.156	75.513
400.228	47.822	46.468	76.081
400.004	47.947	44.349	73.761
400.131	49.555	40.559	72.368
401.637	46.974	38.183	75.397
401.484	49.243	38.703	74.819
404.475	50.043	36.625	76.062
406.228	45.385	35.245	78.449
405.463	46.163	36.731	76.372
407.243	41.266	36.599	76.364
408.908	33.186	39.035	80.059
414.966	77.944	44.692	71.687
414.140	21.263	37.721	77.837
419.311	17.649	38.761	78.030
419.643	16.341	41.309	76.828
420.920	14.091	44.387	73.700
416.558	12.531	49.866	74.622
423.298	12.182	50.066	71.926
427.015	13.243	52.709	70.731
425.537	15.631	57.209	66.802
429.930	14.832	55.819	65.813
432.263	13.401	53.877	68.104
435.143	9.922	51.811	70.427
435.672	7.490	46.647	71.025
435.888	5.302	43.661	72.895
437.178	3.318	37.621	72.812
437.150	2.798	33.203	73.760
434.669	2.484	34.613	74.685
433.717	2.058	34.367	75.180
436.240	1.876	32.713	74.645
436.638	2.251	33.503	74.918
440.731	5.326	35.629	76.799
442.106	5.167	35.530	75.853
446.721	8.279	39.995	74.104
449.867	8.552	40.263	73.643
452.162	10.088	43.414	74.428
456.711	9.387	44.506	74.151
458.310	10.006	45.352	71.629
456.641	8.986	46.044	73.161
455.883	7.597	43.569	72.684
455.038	5.387	40.096	72.691
455.087	3.826	36.712	73.224
453.264	3.162	34.401	71.920
451.347	3.103	33.168	70.422
450.185	1.998	32.446	70.389
448.859	2.031	33.413	69.708
449.341	0.589	32.281	69.831
450.300	0.855	34.083	69.271
451.141	1.002	33.500	68.596
454.083	1.090	32.961	68.259
454.651	0.955	33.195	68.745
455.073	1.550	32.977	67.799
453.677	1.044	33.943	70.594
453.170	1.181	32.774	69.249
450.355	0.694	33.131	68.857
448.209	0.272	32.851	68.077
447.275	0.000	32.732	64.753
446.746	0.095	33.070	63.497
447.762	2.236	33.324	59.287
449.180	2.372	33.744	55.992
451.980	0.892	33.130	58.330
452.124	1.606	34.038	58.803
452.415	1.501	37.990	56.840
452.700	0.000	38.945	58.446
450.895	0.000	39.695	57.302
449.684	0.000	38.079	58.034
448.519	0.651	35.494	59.462
444.520	1.123	35.534	58.079
442.387	0.803	33.535	56.887
440.344	0.617	32.206	57.626
436.283	1.464	32.836	55.897
434.349	0.000	32.782	53.459
431.608	0.000	33.640	54.606
436.173	0.083	31.971	54.207
438.370	0.000	32.920	51.370
439.732	0.000	32.906	51.738
443.343	0.000	32.325	52.946
446.878	0.000	30.540	50.339
447.861	0.000	32.041	49.073
447.456	0.000	33.634	47.694
448.693	0.000	34.308	46.702
448.842	0.000	34.152	47.004
446.233	0.000	33.683	46.732
443.939	0.000	33.733	47.417
440.170	0.000	30.676	47.531
434.067	0.000	31.951	46.523
431.507	0.000	31.744	45.137
426.698	0.000	32.781	43.034
428.776	0.000	30.221	43.648
423.735	0.000	35.797	40.158
430.528	0.000	29.977	41.823
425.348	0.000	33.738	41.153
428.438	0.000	29.763	41.669
421.977	0.000	35.338	42.030
425.778	0.000	30.704	42.929
427.251	0.000	29.308	41.792
427.051	0.000	29.831	42.300
426.313	0.000	30.854	41.316
426.423	0.000	30.688	41.352
424.990	0.000	31.347	41.592
423.619	0.000	30.308	41.699
421.937	0.000	29.985	41.855
420.428	0.000	30.852	41.512
419.109	0.000	29.879	41.676
416.968	0.000	29.950	40.370
414.362	0.000	30.624	41.434
412.919	0.000	30.300	41.855
408.836	0.000	30.755	41.197
403.331	0.000	32.167	42.386
399.824	0.000	32.942	41.496
395.727	0.000	31.053	42.586
392.330	0.000	32.139	41.376
393.594	0.000	29.677	41.895
391.967	0.000	29.997	43.746
390.202	0.000	29.504	43.629
388.267	0.000	31.937	44.876
387.120	0.000	31.311	45.933
389.224	0.000	29.517	47.309
387.471	0.000	29.385	47.046
387.571	0.000	30.163	48.970
385.949	0.000	29.612	47.360
383.334	0.000	31.757	48.977
383.521	0.000	30.764	49.399
384.887	0.000	29.540	48.109
384.290	0.000	29.423	46.977
382.228	0.000	31.170	48.475
381.209	0.000	32.094	48.883
379.378	0.000	32.999	47.270
383.494	0.000	28.893	48.202
381.418	0.000	31.228	51.611
382.373	0.000	30.023	47.376
383.118	0.000	29.647	46.102
377.618	3.609	36.084	55.913
384.255	2.211	29.821	54.330
382.185	0.207	32.213	48.679
380.308	0.984	32.764	55.125
384.207	0.000	30.728	48.303
382.693	1.841	31.070	47.437
381.544	0.000	31.295	46.989
381.231	0.000	31.490	47.475
384.357	0.000	29.344	48.714
383.150	0.852	29.433	46.586
382.970	0.000	30.773	49.396
381.453	0.000	31.241	48.490
382.100	0.000	30.622	47.870
380.023	0.000	31.659	50.315
378.093	0.000	32.382	51.349
382.312	0.000	29.330	47.313
379.945	0.000	28.595	45.886
380.815	0.000	28.731	44.461
378.601	0.000	30.038	43.902
376.870	0.000	31.535	45.537
380.666	0.000	29.222	46.465
377.415	0.000	32.715	45.931
378.509	0.000	31.004	47.081
376.123	0.000	32.440	48.587
375.737	0.000	32.566	51.172
372.461	9.385	35.912	51.396
374.123	0.000	32.590	55.518
369.783	13.273	38.247	56.585
370.559	0.000	34.695	56.716
372.560	22.069	36.352	62.937
369.830	13.622	38.868	65.911
369.444	18.195	40.354	61.263
368.624	0.000	36.209	53.455
367.109	0.000	31.712	45.626
366.384	0.000	33.155	46.033
364.509	0.000	29.821	44.775
361.774	6.720	42.010	53.864
361.537	0.000	38.570	54.241
359.092	1.003	32.255	57.927
358.247	0.000	36.990	48.567
358.054	0.358	33.472	53.111
357.223	0.000	33.669	51.744
362.024	21.371	41.631	66.017
356.962	0.000	35.177	58.271
357.156	0.000	30.670	51.712
355.976	0.000	31.219	50.224
354.251	0.000	31.096	47.535
352.876	0.000	30.980	49.742
350.913	0.000	32.993	50.110
349.322	0.000	33.340	48.390
348.091	0.000	31.600	50.718
345.377	0.000	32.552	49.344
346.663	0.000	33.090	50.162
341.611	0.102	38.838	54.695
348.469	0.000	33.815	55.228
348.522	0.000	34.488	51.188
351.641	0.000	34.533	49.978
356.829	0.000	35.401	50.026
359.000	0.000	32.521	49.618
363.923	0.000	34.646	47.502
369.417	0.000	35.028	61.878
371.703	0.000	35.670	52.018
375.881	0.000	33.837	50.707
382.331	0.000	35.458	50.562
383.545	0.000	36.102	51.099
392.677	0.000	33.557	51.034
396.190	0.000	32.415	50.973
402.404	0.000	31.665	51.647
399.095	0.000	36.185	51.044
408.626	0.000	31.326	51.252
412.868	0.000	31.099	52.527
416.514	0.138	30.595	55.094
420.454	0.000	31.551	55.044
423.059	0.000	32.901	55.601
429.823	0.193	30.855	59.135
431.135	0.000	33.352	59.032
437.789	0.930	33.194	61.207
441.837	0.401	33.168	61.839
444.091	0.207	35.264	62.584
447.166	0.283	34.924	63.097
450.502	0.992	32.478	63.109
451.642	1.642	30.844	62.945
451.432	0.000	32.297	63.181
453.268	0.923	30.804	66.197
449.937	0.000	32.873	63.401
446.541	0.000	34.438	64.488
443.892	1.021	34.971	66.831
440.797	0.000	33.788	64.385
438.012	0.000	31.992	69.025
435.114	0.461	29.858	69.330
430.193	1.887	32.103	69.244
426.268	4.522	32.405	70.968
423.801	2.284	33.281	73.396
423.748	6.577	40.865	74.584
422.853	15.991	42.669	66.263
423.291	18.351	42.463	66.472
420.557	16.769	37.797	70.079
421.161	23.863	36.581	64.807
420.347	25.992	36.560	65.192
417.318	25.072	38.891	66.562
415.313	24.862	37.461	67.194
412.887	23.225	35.513	68.091
411.036	25.282	34.629	64.958
407.748	25.200	33.914	64.337
406.154	27.489	32.989	61.454
406.121	26.976	32.352	61.168
406.062	23.543	31.614	60.931
405.134	18.637	32.179	64.240
404.918	18.776	32.509	63.919
405.200	17.562	32.076	65.062
403.824	11.040	34.515	70.188
403.169	8.021	34.007	72.610
404.084	9.968	35.855	72.315
398.566	5.556	42.035	68.573
404.807	10.296	41.616	64.498
397.682	8.997	45.640	60.803
392.569	6.493	48.818	61.840
386.421	5.924	51.004	59.583
383.365	5.730	51.769	58.823
379.271	4.324	51.275	57.963
378.199	4.392	51.217	57.569
368.299	2.683	54.299	57.893
363.656	0.651	55.941	59.594
363.685	4.806	51.293	56.794
352.214	1.381	54.828	57.473
347.828	0.000	56.670	58.873
342.819	0.000	56.535	61.363
340.356	0.000	54.809	58.758
333.178	0.901	55.656	69.665
328.587	14.552	55.569	64.747
324.609	0.000	53.051	58.920
320.569	0.000	54.305	57.836
316.589	0.000	53.469	53.602
316.323	0.000	51.204	53.894
314.176	0.000	49.102	53.962
314.635	5.785	45.746	55.113
298.941	0.220	51.846	54.012
297.341	0.574	53.691	55.356
296.274	11.318	57.990	71.448
284.635	7.200	59.073	70.626
268.584	21.904	65.815	48.109
283.005	0.000	53.975	54.704
266.347	8.152	67.280	63.757
249.509	0.000	66.238	57.098
243.811	0.000	60.464	49.234
243.032	3.072	62.402	46.693
238.856	0.000	53.717	34.189
233.037	0.000	48.843	35.975
232.902	0.000	42.812	42.631
228.157	0.000	51.372	36.318
241.112	0.089	46.595	47.404
245.640	0.000	44.302	46.118
242.996	0.000	41.236	48.194
239.766	0.000	45.280	43.160
231.541	8.868	48.947	53.375
223.467	15.095	49.901	51.138
224.412	14.310	45.828	53.377
219.488	18.355	47.435	43.351
214.570	10.605	42.059	52.187
213.567	0.000	42.174	45.008
211.853	0.000	44.136	49.847
208.135	0.000	57.419	44.875
199.682	0.000	55.268	61.925
210.334	14.267	47.477	74.248
209.619	9.564	48.729	70.744
197.990	12.882	54.657	56.613
196.427	0.000	45.607	51.931
195.376	8.852	55.134	56.166
176.679	0.000	48.117	38.898
164.733	0.000	65.123	44.226
164.303	3.627	62.648	52.819
162.917	3.802	63.491	57.643
157.665	0.000	55.303	44.245
158.856	0.000	55.371	44.093
158.595	0.000	57.081	39.081
156.999	13.825	48.607	57.680
147.746	3.797	56.789	63.739
