563.000	282.000	36.000	105.000
556.085	285.054	39.102	99.690
553.503	284.142	37.342	98.446
547.232	282.755	39.697	102.221
540.056	284.774	38.352	96.596
531.696	287.582	40.706	97.447
526.266	287.522	42.600	98.994
520.854	287.333	40.178	101.070
514.866	286.633	38.791	101.808
507.765	286.873	37.098	102.271
503.276	288.230	36.489	103.710
496.888	290.954	40.107	100.330
490.956	291.279	42.252	101.004
483.709	290.651	39.388	101.036
477.518	291.719	37.442	98.596
472.678	294.361	38.046	97.481
461.778	296.608	45.752	97.674
455.897	293.509	45.491	101.805
450.383	292.651	36.965	102.491
441.907	291.412	34.896	104.551
432.306	292.661	41.580	105.317
424.625	294.705	42.886	105.807
419.352	296.399	43.133	101.479
411.605	295.576	36.091	103.570
404.299	294.736	37.687	103.719
396.642	296.681	43.498	103.077
390.122	298.774	45.293	100.908
383.046	299.034	41.658	100.601
375.483	296.046	38.514	104.306
368.216	295.687	37.415	104.532
360.961	297.577	37.741	102.806
352.440	299.072	42.680	104.152
348.168	298.966	42.762	104.469
344.812	299.539	40.870	103.905
340.689	297.983	35.159	106.722
332.305	298.841	36.190	103.876
324.863	300.097	39.178	104.957
318.507	302.813	44.053	102.571
312.435	301.825	42.538	104.547
308.725	300.337	39.248	105.586
301.652	300.349	36.230	104.005
290.843	302.887	38.990	101.717
284.107	304.517	40.683	102.307
274.400	304.576	46.194	102.877
267.714	305.872	42.195	104.971
263.461	304.993	38.533	97.892
260.580	307.200	37.109	98.187
255.418	306.693	40.085	99.340
259.350	308.332	43.749	95.832
283.495	311.524	42.157	92.783
273.967	309.487	41.107	90.892
270.594	302.880	39.088	94.445
262.120	302.601	38.337	96.238
254.320	304.066	38.804	94.831
240.011	305.412	42.219	95.498
236.533	304.088	37.385	101.754
231.381	300.986	35.914	104.919
223.268	300.162	35.852	103.010
210.222	302.178	41.400	101.291
200.464	303.033	43.360	102.171
192.844	301.515	39.329	100.042
189.370	299.192	35.922	102.302
181.347	300.550	39.022	102.400
206.360	302.061	41.684	100.017
232.208	303.829	41.511	97.464
258.860	299.421	39.635	101.999
251.525	297.129	43.249	102.063
247.404	296.501	41.905	102.948
243.436	296.572	41.290	101.901
239.761	299.426	38.325	100.706
234.879	297.446	36.983	100.075
229.503	295.609	35.368	101.032
223.566	295.835	34.763	99.711
215.266	294.782	38.059	100.710
208.610	295.864	39.937	99.954
204.529	297.296	41.264	100.440
191.850	295.539	45.639	98.721
188.485	294.727	44.555	95.725
202.425	295.188	38.719	101.536
239.513	292.117	37.888	109.936
261.801	295.408	35.835	102.561
257.655	291.467	37.216	103.262
257.756	295.681	37.444	100.503
254.445	293.037	37.412	103.844
246.642	292.635	39.722	103.448
240.812	293.983	41.961	103.511
234.494	294.572	40.127	100.165
227.645	292.007	35.523	102.887
223.320	289.775	38.406	104.475
219.824	291.248	38.110	103.852
217.569	289.375	37.051	106.693
213.244	290.111	35.632	105.259
207.652	290.163	36.303	105.529
203.788	289.486	36.305	104.389
196.051	289.336	39.820	104.089
186.501	289.330	46.444	102.488
182.547	288.728	45.483	102.243
179.038	287.006	40.070	103.697
174.447	285.499	39.352	104.336
170.317	285.652	37.811	104.306
166.932	284.790	37.423	104.900
164.152	284.984	36.245	104.489
161.700	284.828	36.208	103.998
157.611	283.925	35.531	103.659
154.943	284.205	35.055	102.108
148.302	283.574	39.275	101.871
143.445	284.497	42.488	99.359
140.865	283.584	40.933	98.741
156.789	282.222	38.521	98.545
190.199	281.292	36.930	95.411
221.552	280.048	37.415	101.419
218.082	279.778	39.300	101.352
217.483	279.735	36.865	101.437
213.915	278.229	36.780	101.504
211.485	277.467	36.797	100.321
208.712	276.807	36.467	100.057
204.987	276.610	37.888	100.243
201.586	277.756	39.370	99.043
198.406	276.642	37.837	98.701
194.374	275.838	39.117	98.418
190.394	274.435	38.153	99.398
185.066	273.295	38.745	99.848
183.654	272.898	37.983	100.053
182.413	273.275	37.181	99.721
181.235	273.050	35.730	98.664
178.279	271.789	36.295	98.148
176.129	270.269	34.981	98.885
171.668	270.023	37.500	99.696
168.152	270.813	39.436	97.214
166.237	270.248	39.370	96.593
162.091	269.475	38.764	97.192
155.984	267.907	39.538	97.607
153.020	267.771	38.798	96.309
151.265	267.155	36.510	97.051
149.654	267.065	34.785	96.757
146.107	266.124	35.122	97.881
161.721	264.786	34.363	98.486
189.987	263.854	38.494	94.431
221.776	264.344	38.559	92.825
246.125	263.411	34.536	93.010
243.348	263.828	35.497	90.989
239.058	262.001	36.530	93.494
236.799	261.290	36.444	94.807
235.767	261.326	35.101	93.440
233.775	262.085	33.879	92.964
231.130	260.279	34.763	94.590
227.316	259.095	35.657	93.358
223.555	258.267	35.526	91.963
219.899	257.797	37.130	92.173
217.329	257.900	37.240	89.822
213.764	257.270	37.605	91.616
210.562	256.454	35.559	92.110
208.494	256.723	33.902	92.482
206.547	256.908	33.059	91.453
204.012	257.082	33.816	92.252
201.181	256.431	34.273	92.921
199.493	255.018	34.506	92.392
196.891	254.041	34.494	91.653
194.754	254.098	34.139	90.732
192.808	254.019	33.581	91.899
189.712	253.737	34.387	91.224
185.571	253.654	36.099	90.986
183.506	252.414	34.814	90.996
181.377	251.338	35.131	90.774
178.004	252.019	36.543	90.195
174.352	251.510	36.799	91.079
168.930	250.656	40.620	90.615
167.326	250.766	38.762	88.413
167.265	249.427	35.361	89.862
163.563	250.090	36.470	88.952
161.081	251.520	36.776	86.227
157.938	250.129	37.390	87.257
154.638	248.824	34.969	88.053
151.127	247.882	34.803	88.091
148.118	247.277	34.759	88.800
145.510	247.997	36.625	87.577
144.210	248.111	35.684	87.211
143.941	247.391	34.199	88.931
143.388	246.757	33.768	88.609
142.531	245.692	33.106	87.388
141.338	244.963	33.178	88.390
137.110	244.828	36.148	87.145
134.553	244.848	36.539	85.937
131.784	244.880	35.688	85.300
129.277	243.607	36.272	87.461
126.675	243.240	35.554	87.317
124.760	243.515	33.804	87.380
122.502	243.202	34.074	87.128
121.014	243.400	34.001	86.931
119.968	242.248	33.662	86.822
118.715	242.197	32.914	87.111
117.382	242.994	32.425	86.364
116.617	242.082	31.868	85.902
115.633	241.964	31.613	84.982
114.009	241.720	32.525	84.873
111.730	241.612	32.338	85.306
109.819	241.072	32.577	85.500
107.753	240.026	32.206	86.416
105.720	239.853	33.328	84.445
104.108	238.864	33.526	83.687
101.550	239.303	34.461	82.798
99.827	239.188	34.945	83.326
99.331	238.657	34.418	82.857
97.411	237.784	34.957	82.831
94.409	237.336	34.502	82.209
91.103	238.051	35.317	81.974
88.677	237.188	34.406	83.138
83.353	235.635	34.627	82.726
80.663	235.044	35.530	84.650
78.567	236.185	36.085	84.172
77.421	236.819	35.156	82.761
97.559	236.661	32.902	78.737
129.508	235.788	33.916	80.596
174.065	232.231	33.078	78.303
180.272	234.404	33.544	82.273
178.217	236.484	32.300	82.155
175.375	238.043	33.122	80.431
171.920	238.191	34.452	79.582
172.422	237.733	32.413	78.513
170.992	238.890	31.389	74.069
168.804	239.383	32.239	76.752
166.108	240.404	31.443	73.690
