550.000	348.000	19.000	36.000
548.009	347.113	18.724	37.322
546.983	346.257	19.022	36.758
546.186	345.631	18.495	36.486
544.544	343.457	18.002	36.366
544.411	341.536	17.353	36.713
542.856	340.996	17.596	36.049
541.527	340.816	18.244	36.115
541.043	341.364	18.282	36.781
540.362	342.800	18.206	36.916
540.658	345.093	18.178	37.008
541.947	348.722	18.657	35.660
541.896	350.145	20.088	35.535
543.099	350.541	19.870	37.266
544.032	352.008	18.689	37.526
543.923	352.246	18.102	39.678
544.035	353.843	17.868	39.609
543.874	353.754	16.759	38.557
544.182	354.443	17.744	39.548
543.708	354.970	18.489	39.019
543.884	355.987	18.758	37.360
543.179	356.159	18.269	36.636
542.495	356.058	18.587	37.183
541.844	356.161	18.900	37.040
541.814	355.584	19.076	36.920
542.848	355.341	19.637	37.273
544.100	354.812	20.094	36.656
544.159	354.723	19.536	36.047
544.362	354.290	18.903	37.186
544.034	354.654	19.221	37.137
543.555	354.726	18.554	37.345
541.496	356.359	19.402	36.379
541.863	356.519	17.839	36.378
540.815	356.735	17.827	36.237
539.781	357.438	17.963	36.085
538.975	357.735	18.097	35.712
537.756	358.001	19.263	35.682
536.147	358.308	19.989	35.376
535.312	357.920	20.402	35.974
533.776	357.837	20.725	35.514
533.095	357.411	21.083	35.680
531.932	357.077	20.555	36.326
531.207	356.871	20.398	35.997
529.716	356.734	19.997	36.719
529.319	356.957	19.367	37.324
528.435	357.405	19.379	37.342
527.054	359.211	19.191	37.944
527.622	360.840	18.574	37.311
525.231	362.637	19.747	36.136
524.770	362.969	19.762	36.960
524.600	363.930	19.192	36.185
523.259	364.122	19.635	36.384
521.883	365.003	20.254	35.368
520.759	365.424	20.678	35.011
519.970	365.156	20.251	34.926
518.958	364.798	18.390	35.340
517.292	363.737	19.641	37.441
515.880	364.299	19.902	37.347
516.583	364.529	18.295	38.586
514.112	365.292	18.986	37.495
515.096	366.331	18.659	36.700
496.304	367.427	21.214	38.566
510.743	367.682	19.975	37.056
511.553	367.680	19.613	35.757
510.012	366.982	20.049	36.965
508.327	367.074	21.200	36.526
506.938	366.814	21.323	37.485
507.082	366.144	20.363	37.581
505.213	365.233	20.001	36.659
504.749	363.853	18.454	37.150
504.037	363.932	17.604	36.548
503.463	363.887	16.899	36.543
503.199	363.277	16.112	37.314
500.916	363.290	17.625	36.559
499.532	362.486	18.519	35.365
498.881	362.008	19.096	35.281
497.116	359.849	19.508	35.378
496.451	358.204	19.714	35.203
497.186	356.331	19.224	35.308
498.137	355.048	19.570	36.100
499.613	354.226	20.141	36.400
501.207	353.632	19.281	36.137
502.296	353.826	18.986	35.764
501.681	354.508	18.638	35.310
502.992	354.449	17.848	36.031
503.826	354.953	17.862	35.471
504.769	354.981	17.918	35.980
504.183	355.494	19.140	34.941
504.240	355.685	19.060	36.026
502.354	356.868	20.977	36.939
501.568	358.601	21.282	37.077
500.017	361.637	21.354	36.932
483.029	362.023	21.652	40.700
497.935	364.976	20.953	36.936
498.977	364.742	19.958	36.979
497.276	364.724	19.783	37.302
496.082	364.245	18.965	37.109
495.484	363.296	17.864	37.671
494.507	362.503	18.141	38.076
493.567	362.362	18.003	37.484
492.937	362.174	17.550	36.976
491.146	362.674	19.030	36.076
489.656	363.208	19.385	36.329
488.881	364.195	19.810	36.531
488.216	364.445	19.366	35.694
487.823	364.643	19.519	36.529
487.290	365.360	18.777	36.620
485.855	365.594	18.102	36.734
484.668	365.637	18.207	36.970
484.093	366.397	17.235	36.226
482.572	366.453	17.921	36.382
482.043	366.166	18.389	36.382
480.806	365.345	18.452	36.733
479.197	364.811	19.255	35.957
478.993	364.422	18.559	35.054
477.806	363.405	19.692	35.414
476.998	362.881	20.174	34.919
475.561	362.965	20.953	34.744
475.192	362.336	20.567	35.694
474.703	362.321	19.620	35.294
473.629	362.389	19.412	35.538
472.615	363.004	19.383	35.159
471.868	363.180	18.700	35.656
471.312	363.509	19.162	36.323
469.111	364.113	19.106	35.527
468.868	364.207	19.146	35.669
468.213	364.243	18.869	35.700
466.687	364.158	20.006	35.903
466.066	364.019	19.871	36.387
465.512	364.071	19.585	35.827
464.185	363.970	20.367	35.756
463.210	364.124	20.351	34.974
462.815	363.655	20.447	35.530
462.519	363.532	19.702	34.854
461.855	363.146	19.158	34.709
461.174	362.735	18.898	35.312
460.815	362.588	18.488	36.230
460.478	362.998	19.084	36.215
460.143	362.920	19.753	36.521
460.571	363.556	18.905	35.558
459.668	364.180	19.088	34.851
458.364	364.156	20.672	35.409
458.166	364.464	20.565	35.330
456.853	363.919	21.510	35.565
454.655	361.958	23.273	35.363
454.876	360.781	22.056	35.183
453.951	359.671	22.233	34.886
453.197	357.375	21.793	35.989
451.885	355.562	21.040	37.161
450.900	355.877	21.551	36.310
449.883	355.300	20.641	36.135
449.371	354.923	19.814	37.441
447.628	355.437	20.462	37.104
447.607	356.344	19.785	36.155
445.443	355.982	21.249	37.916
445.059	358.543	21.075	36.954
444.903	358.966	21.288	36.498
443.543	360.154	22.392	37.035
443.562	360.693	22.054	36.374
443.710	360.643	21.531	36.681
443.265	362.003	21.658	36.318
443.250	362.273	20.369	36.779
442.024	362.214	20.675	37.363
440.507	362.504	20.278	37.276
440.669	363.308	19.677	36.989
438.910	363.596	20.171	36.581
436.937	364.111	21.591	36.279
435.707	364.298	22.083	37.179
435.268	364.152	22.370	37.164
433.770	364.151	22.828	37.251
432.400	364.049	23.131	36.508
431.980	363.909	23.213	35.920
430.754	363.814	23.859	36.253
430.103	363.639	23.530	36.383
429.260	363.789	22.485	35.828
428.573	363.631	20.753	36.651
427.695	364.028	22.101	36.929
426.506	365.006	21.016	37.216
425.903	366.111	20.309	36.599
425.214	366.816	19.752	36.093
424.953	367.191	20.650	36.233
424.209	367.314	20.918	35.875
423.471	367.625	21.477	35.797
423.279	367.376	21.526	35.847
422.998	367.524	21.157	35.614
422.804	367.553	21.498	35.834
423.439	367.900	20.936	36.061
423.486	368.813	20.401	36.080
423.435	370.557	19.728	35.816
423.001	371.373	20.198	35.609
423.508	371.348	19.809	35.989
423.448	371.130	18.493	36.571
421.776	370.584	20.039	36.071
420.557	369.509	20.852	36.727
419.240	369.449	21.343	37.328
418.366	369.536	22.334	36.634
417.262	369.614	22.336	36.991
415.378	369.025	23.682	37.252
414.786	369.467	23.633	35.625
414.231	369.263	22.833	36.470
413.729	368.911	22.558	35.979
412.165	367.952	21.156	36.208
411.096	367.326	21.285	35.395
409.130	366.623	21.574	35.528
408.672	366.239	20.205	36.068
408.460	366.259	19.863	35.013
407.520	365.674	20.869	35.653
406.723	364.880	21.071	36.522
405.010	365.174	21.655	36.553
404.293	365.752	21.960	35.968
402.725	366.111	22.757	35.871
402.047	366.487	22.368	35.698
401.111	365.742	22.323	36.875
400.153	366.126	22.499	36.907
399.845	366.424	21.759	36.785
399.327	367.015	20.335	36.838
398.430	366.911	20.743	36.244
396.317	366.060	21.070	36.240
394.623	366.052	21.302	37.424
393.863	366.842	21.797	36.464
392.391	366.365	22.837	36.269
392.405	365.796	21.660	36.298
389.978	364.918	21.930	36.546
390.870	365.162	20.716	36.006
388.836	365.589	21.752	35.249
388.348	365.126	20.825	35.393
387.196	363.700	21.220	35.948
386.389	363.088	20.692	35.881
385.481	362.254	20.771	36.297
385.110	362.622	20.517	36.392
384.110	362.598	20.195	36.411
384.450	363.009	19.322	37.960
385.107	363.453	19.685	37.700
385.580	363.628	20.106	38.270
385.900	364.607	19.842	37.356
385.889	365.088	20.193	37.757
384.998	366.272	21.134	36.792
384.511	366.199	21.461	37.243
384.131	366.492	20.865	36.502
383.485	366.561	21.356	36.366
382.367	366.542	21.460	35.944
382.379	365.949	20.799	36.718
381.031	365.249	20.964	35.951
382.193	364.744	20.256	36.258
382.516	364.522	20.486	36.351
381.793	364.151	20.887	36.897
381.619	363.921	20.371	37.097
379.223	363.653	21.061	35.845
379.451	362.872	19.630	35.156
378.385	361.151	19.911	36.227
376.981	359.923	20.410	35.282
375.907	359.184	21.198	36.184
374.613	357.970	21.744	36.075
376.346	355.821	19.277	36.031
377.661	355.434	19.283	36.240
379.579	354.097	18.877	36.971
381.312	353.944	19.005	36.782
384.999	353.316	18.605	36.647
386.386	352.906	18.211	36.802
385.948	353.285	18.517	36.051
385.433	353.170	19.197	35.240
384.010	352.825	20.221	35.536
382.554	352.309	21.228	35.192
381.681	351.395	21.357	36.073
380.851	351.138	21.460	35.797
380.458	350.630	21.275	36.110
379.903	350.511	21.479	36.502
379.068	350.545	21.693	36.684
380.632	350.249	20.501	36.624
381.086	349.936	19.482	36.610
381.526	349.351	19.257	35.966
381.566	348.765	17.828	35.824
381.500	348.148	17.251	36.452
379.845	348.241	18.605	36.214
377.871	348.876	19.759	34.749
376.787	349.200	20.487	35.030
376.671	349.871	20.682	35.864
376.523	350.565	20.877	35.155
377.512	350.642	21.286	35.089
378.428	350.613	21.596	34.922
379.878	350.648	21.464	34.702
380.364	350.314	21.365	35.137
381.700	349.598	20.142	36.055
382.699	348.662	18.845	37.688
383.540	348.467	18.853	37.639
383.603	347.732	18.940	37.482
385.103	346.680	18.763	37.841
386.531	346.506	18.913	38.229
386.625	345.835	19.852	37.900
385.942	345.462	20.825	36.457
384.836	344.860	20.797	36.261
383.919	343.890	21.339	36.510
383.852	342.568	21.059	36.699
382.441	342.518	21.883	34.877
381.529	341.422	21.867	34.582
381.006	339.573	20.454	35.811
380.321	338.492	18.818	35.285
380.547	338.317	18.180	34.661
378.532	337.165	17.812	35.595
376.520	336.715	19.105	35.636
375.143	335.932	20.083	37.601
373.227	336.693	21.139	37.699
372.655	337.596	21.036	37.699
371.903	338.313	21.524	37.398
370.415	338.416	22.612	37.635
369.471	338.233	23.368	37.683
368.370	338.125	22.927	37.680
367.469	337.103	22.408	36.836
366.090	335.123	20.098	37.480
366.294	334.421	19.885	38.306
364.848	333.470	19.522	38.281
364.549	333.062	17.470	37.245
362.253	332.318	18.060	38.635
360.027	332.059	19.176	37.425
358.931	331.586	19.904	37.286
358.439	331.860	19.849	36.227
356.080	331.982	21.391	36.304
355.249	332.187	22.061	36.017
353.333	331.997	22.900	36.139
351.962	331.949	23.354	36.230
350.639	332.019	23.615	36.883
350.822	332.121	22.467	36.742
350.463	332.424	21.229	36.257
349.175	332.351	19.324	35.773
348.134	331.177	18.301	36.891
346.967	330.811	18.842	36.436
345.815	330.858	19.693	36.548
342.905	330.929	21.699	35.161
341.851	329.911	22.146	34.493
340.348	329.599	22.854	34.459
338.651	328.929	23.558	34.825
338.374	328.398	23.444	35.637
337.222	328.238	23.751	36.495
337.386	330.121	21.755	36.979
338.362	332.095	21.324	36.626
341.968	334.641	22.400	36.222
352.332	336.984	21.550	36.031
364.808	337.947	21.199	37.298
381.787	338.861	21.462	37.156
382.694	338.929	21.707	35.841
380.996	336.029	23.175	36.367
381.632	333.154	21.972	36.903
379.728	329.957	23.774	35.871
378.796	320.436	23.981	39.130
377.482	315.367	24.773	37.691
377.853	307.891	21.994	38.324
379.315	303.795	18.619	37.394
379.143	301.546	18.638	37.435
378.241	301.151	19.474	36.747
377.547	300.969	19.534	37.050
376.613	301.496	19.773	38.001
375.618	302.643	20.654	36.252
376.120	303.339	20.249	37.582
377.278	305.359	21.790	36.500
378.384	306.346	22.881	35.479
379.390	305.718	22.503	35.881
382.326	304.997	25.810	36.276
394.252	303.679	26.175	36.183
388.239	301.965	26.798	37.827
401.826	301.854	23.355	36.886
410.388	303.490	23.817	36.858
415.796	305.485	22.479	35.913
445.399	305.348	19.277	37.237
447.028	307.534	19.024	35.589
446.790	306.712	19.441	36.637
448.195	304.697	19.761	36.734
449.666	302.091	20.945	35.319
452.513	297.484	23.112	35.480
461.558	290.881	21.490	36.977
464.957	289.507	20.840	36.664
468.338	289.220	20.893	35.973
470.790	289.229	20.366	37.395
474.653	290.737	20.504	37.379
478.859	292.738	19.004	37.388
480.186	293.083	20.416	37.162
482.213	293.236	21.754	37.721
484.980	292.801	23.031	37.114
487.076	291.356	22.501	38.278
487.897	290.834	22.307	36.982
487.477	287.987	22.176	37.484
490.036	286.690	21.871	36.954
490.858	286.159	21.737	36.817
489.016	284.425	21.769	37.096
489.300	283.808	20.415	36.520
489.475	283.060	19.180	38.063
490.097	283.236	18.669	39.151
490.616	283.648	18.772	39.320
491.192	285.236	18.821	38.460
490.307	287.151	19.348	38.313
490.460	288.028	19.320	38.014
490.676	289.440	19.244	37.437
490.678	289.897	19.477	36.855
489.405	289.931	20.090	36.846
488.265	289.394	20.726	37.637
486.705	289.405	21.529	37.403
486.323	288.952	21.045	37.355
484.404	288.691	21.439	37.751
484.591	288.461	20.474	37.802
484.092	288.208	19.454	38.485
481.496	288.972	18.724	38.798
480.994	290.164	19.240	38.260
480.343	290.403	19.602	37.912
479.911	290.249	19.915	37.869
477.528	290.185	20.946	37.227
475.349	290.227	22.008	36.637
473.958	288.556	22.137	36.920
472.945	288.448	21.975	35.550
472.031	286.505	22.603	36.782
470.880	285.279	19.723	36.797
469.481	284.841	19.368	37.738
468.430	285.556	19.118	38.862
467.211	286.710	17.821	39.203
467.011	287.498	17.760	38.078
466.541	287.649	18.332	38.285
465.080	287.825	19.226	38.890
464.030	288.457	19.762	38.451
462.041	288.768	20.750	38.559
460.596	289.933	21.634	38.497
458.877	291.541	22.229	38.466
457.837	292.720	22.443	37.626
458.177	293.348	20.384	38.715
457.889	293.822	20.107	38.938
456.342	294.594	20.256	38.772
454.960	294.371	19.995	38.599
452.824	295.111	18.181	37.563
451.139	295.490	18.365	37.246
449.595	297.034	18.812	36.584
448.285	298.081	20.926	35.885
446.618	297.734	20.982	35.977
444.294	295.594	22.168	36.927
443.409	292.494	21.623	37.233
442.752	289.237	21.522	37.044
441.252	284.826	21.494	38.133
440.182	278.516	20.637	38.845
440.669	276.981	18.699	38.114
440.190	276.169	18.689	38.149
439.147	276.254	18.837	38.029
438.122	277.217	19.140	37.807
437.415	280.190	19.306	35.706
437.666	280.533	18.762	36.229
436.643	279.402	19.764	36.270
434.853	277.215	20.638	37.125
433.729	275.696	20.585	36.346
432.571	273.476	21.595	37.461
430.165	272.011	21.631	36.637
429.340	271.418	21.199	36.397
428.149	271.377	20.876	36.109
427.868	270.589	19.964	35.946
426.354	270.408	20.122	35.175
425.384	268.773	19.301	37.244
424.919	268.519	19.760	38.326
422.722	270.986	20.604	38.054
414.210	272.864	28.474	38.166
421.521	276.464	21.125	37.540
419.601	279.841	21.214	35.697
420.673	280.151	21.420	36.231
419.279	280.784	21.317	36.370
418.145	281.101	21.246	36.016
417.933	281.807	21.418	36.150
415.902	282.571	20.074	37.618
413.236	284.223	19.046	37.771
411.862	285.755	20.016	37.305
409.717	286.548	18.372	38.299
407.986	288.766	17.595	37.111
407.545	288.912	18.533	37.835
404.943	290.663	19.730	36.766
403.172	291.482	19.388	35.895
400.702	291.190	19.866	35.888
397.960	291.139	20.666	35.297
390.196	287.632	18.943	36.982
386.197	284.595	18.190	38.209
380.748	282.474	19.870	39.338
377.372	282.011	19.428	38.618
373.344	278.055	20.045	40.343
368.720	274.386	18.708	39.424
367.815	273.006	19.330	38.566
367.348	272.964	18.236	36.861
367.403	272.957	17.742	36.178
364.819	273.018	18.351	36.913
362.525	273.372	20.434	36.713
360.733	275.529	20.125	35.030
359.762	276.125	20.319	34.893
357.755	275.946	21.868	35.407
356.339	274.724	22.042	35.937
353.470	274.286	22.156	36.176
351.487	273.522	20.812	36.414
348.155	272.368	20.149	37.127
345.207	269.607	19.347	38.179
341.969	266.585	18.744	39.087
338.223	264.563	18.226	37.751
334.959	262.314	17.566	38.203
331.247	260.613	17.780	37.059
327.595	259.169	17.983	37.307
323.966	258.906	18.360	37.474
318.688	257.160	18.977	39.733
315.128	258.902	19.387	38.795
311.403	260.105	19.755	38.651
308.178	261.965	19.724	38.455
300.969	267.415	20.240	37.285
285.839	272.862	21.772	40.430
276.880	281.673	25.491	41.323
268.077	292.249	24.113	40.729
249.431	301.946	27.505	41.717
239.253	312.479	24.938	42.318
235.772	320.489	23.330	45.216
236.129	324.693	23.505	45.623
237.273	326.458	22.870	44.229
235.196	328.064	21.845	41.500
234.573	325.223	24.090	40.718
227.137	318.577	22.087	40.680
224.278	311.446	20.149	43.694
220.886	305.814	20.007	42.800
217.993	299.668	20.261	43.115
215.265	294.658	19.679	43.028
210.775	292.603	19.888	40.787
206.721	290.111	20.795	41.190
204.247	288.241	21.035	41.485
202.881	286.501	20.949	40.185
202.530	285.264	20.320	39.245
200.618	283.051	19.785	38.577
198.744	282.847	20.849	38.666
197.009	282.335	20.497	39.313
195.497	284.478	19.852	38.522
193.796	287.295	20.422	37.037
189.680	287.605	17.563	38.455
189.023	288.200	17.305	39.070
187.912	289.507	17.043	37.196
187.197	288.781	16.951	37.515
186.934	287.916	16.389	36.543
184.316	286.099	18.178	37.452
181.935	285.848	19.874	37.182
179.553	286.351	20.709	36.785
178.337	286.668	20.653	37.629
178.191	287.484	19.736	36.012
176.438	287.371	20.673	36.064
174.585	287.984	21.016	36.932
169.277	286.981	21.139	38.496
165.323	288.117	19.151	36.822
162.450	286.543	17.923	36.777
156.170	282.913	18.002	36.717
154.132	280.106	18.546	37.571
153.290	277.372	18.078	39.216
153.129	276.273	17.604	39.331
151.811	275.658	18.310	39.750
149.031	276.718	20.905	38.803
148.646	278.359	20.463	38.989
147.174	281.335	21.800	39.558
145.595	282.771	23.209	40.935
146.768	284.587	20.779	39.137
144.163	288.123	21.602	38.287
145.716	289.345	19.306	37.525
143.489	288.770	20.508	38.925
142.157	288.077	19.461	39.552
142.046	288.342	17.678	39.785
140.494	289.987	18.748	39.985
140.092	291.941	18.166	38.502
140.675	294.172	17.710	37.497
138.396	296.292	19.983	36.661
137.253	297.988	19.866	36.763
135.972	298.988	20.685	38.953
134.189	300.412	22.219	37.173
135.163	300.719	20.938	38.014
132.236	300.558	21.529	38.033
130.534	299.427	21.767	38.879
126.879	298.743	23.762	40.820
128.173	297.415	19.605	41.630
126.545	296.856	18.777	40.726
119.691	296.908	23.086	41.981
124.828	297.996	18.194	40.346
122.808	299.768	19.855	39.262
124.543	301.596	18.277	37.370
118.860	302.600	23.118	37.126
122.160	302.753	19.576	36.291
116.571	302.341	24.388	36.808
115.476	301.290	26.168	37.691
102.643	300.274	27.077	38.543
114.433	300.272	23.229	37.038
107.942	299.277	23.685	37.133
100.746	298.746	18.282	37.397
100.713	298.239	19.407	37.185
101.505	298.522	18.945	37.372
102.258	299.234	19.969	37.011
100.339	299.239	21.697	38.076
102.495	298.997	25.193	38.303
99.692	299.003	27.774	38.950
102.230	299.599	24.715	37.850
102.931	300.401	24.011	35.989
97.287	300.575	27.336	36.620
99.586	300.044	24.694	36.671
92.958	299.469	24.109	37.769
93.633	299.973	23.348	37.424
87.757	300.521	25.417	37.693
89.135	301.839	23.539	38.358
90.035	304.190	23.647	37.854
84.545	307.756	25.720	36.964
89.546	308.575	22.897	37.502
87.983	309.680	23.798	37.937
84.049	310.631	26.406	38.304
85.813	311.018	25.445	37.284
80.256	309.215	29.663	37.478
80.727	307.300	28.965	38.408
77.667	306.111	30.517	38.836
78.005	306.066	28.070	38.127
78.794	305.540	25.878	37.426
76.820	304.877	25.161	37.733
79.274	303.917	22.263	37.907
74.165	302.540	24.359	38.314
72.658	301.196	24.437	38.068
71.777	299.215	25.193	38.236
69.411	297.684	24.159	37.925
66.436	296.405	21.591	36.703
65.784	295.921	21.252	36.012
64.996	295.132	21.904	35.852
62.765	294.061	23.062	35.900
28.987	297.911	19.510	36.442
26.989	298.154	18.985	35.371
27.850	298.352	17.992	36.014
25.358	297.836	18.575	35.672
24.201	297.881	19.717	35.650
24.844	297.046	19.333	36.936
21.257	297.184	19.396	37.858
22.885	299.020	19.531	37.679
19.642	300.548	20.221	37.935
22.713	302.017	19.905	36.820
21.263	301.471	18.674	36.469
18.816	295.991	19.406	39.888
16.291	293.610	20.579	40.601
18.202	292.521	19.199	39.945
18.838	292.034	18.018	38.008
19.900	290.877	18.477	38.221
17.204	288.744	24.142	39.128
29.747	288.170	30.470	38.402
14.963	273.860	26.204	44.440
35.838	274.015	25.338	43.952
50.772	280.928	25.917	39.349
70.664	286.086	22.912	36.004
77.861	288.290	21.463	34.602
81.333	290.787	19.209	34.089
85.805	289.674	17.810	34.793
92.173	287.954	18.645	35.147
99.630	284.015	18.897	35.067
101.556	281.274	18.601	35.390
101.393	279.961	18.996	36.605
102.597	279.821	19.457	36.534
103.509	281.172	20.245	35.878
102.542	281.812	20.908	37.536
102.068	283.963	20.945	38.040
102.514	286.745	21.014	36.736
102.786	288.245	22.388	37.335
103.787	288.293	22.233	37.484
105.261	290.267	22.017	35.851
105.524	291.246	20.981	37.198
105.846	292.874	21.300	35.391
104.251	292.413	22.298	35.422
104.144	292.211	19.606	35.889
148.794	297.054	18.775	34.162
148.260	296.795	19.338	34.030
148.112	296.697	18.844	34.870
146.119	293.877	19.954	35.570
145.338	293.148	19.535	36.411
142.370	293.171	20.528	36.027
140.944	293.326	20.698	35.649
97.251	286.817	20.149	39.467
97.120	288.201	19.525	37.710
96.573	288.987	19.940	37.272
96.977	289.683	18.393	35.950
95.527	290.345	19.692	36.318
95.719	291.347	18.908	35.499
96.638	290.850	17.946	35.626
93.066	288.780	18.554	37.104
94.042	288.456	18.401	35.936
93.472	288.440	19.305	35.607
93.568	287.662	18.883	36.741
94.362	288.032	17.977	35.965
93.792	288.907	17.992	34.902
91.905	291.233	18.091	35.934
91.545	292.739	17.755	36.453
91.729	295.115	17.199	37.434
91.026	297.873	18.052	36.670
91.258	300.133	17.206	35.810
90.582	302.752	16.724	34.973
89.432	303.395	17.033	35.140
89.605	303.758	16.789	36.073
88.392	303.517	16.136	36.118
86.921	303.574	16.890	35.709
83.544	303.375	18.003	36.694
80.802	303.496	17.857	35.710
82.012	303.201	16.639	36.677
78.148	304.073	18.033	35.226
78.712	305.225	17.216	35.189
71.464	306.498	16.704	35.565
69.626	308.518	16.569	34.968
66.946	312.423	19.174	35.349
66.085	313.785	18.679	36.612
65.869	316.778	19.012	36.930
65.508	321.587	20.354	35.413
72.989	323.603	20.151	37.143
57.973	323.641	22.102	36.144
50.742	325.448	17.219	36.363
51.190	324.603	18.547	34.778
51.393	323.545	19.574	35.035
49.499	321.209	22.076	36.356
50.682	318.465	24.376	38.250
46.639	319.850	19.980	37.051
45.211	318.929	17.523	36.706
49.003	317.741	20.745	35.333
55.173	315.910	18.221	36.838
54.471	316.096	18.056	36.561
55.169	316.705	17.370	36.549
55.139	317.253	17.029	35.797
55.603	317.830	18.173	35.249
55.796	319.864	18.268	35.220
53.447	319.796	18.585	35.603
53.818	321.353	17.465	35.758
53.432	321.428	18.392	35.690
53.709	321.977	18.223	35.437
58.256	322.251	21.352	37.354
53.027	322.555	18.335	35.555
61.990	322.254	20.397	36.565
52.162	320.467	18.812	36.740
48.518	318.002	16.357	36.564
48.744	317.060	16.200	36.053
47.905	316.189	15.851	35.914
47.939	314.912	15.889	35.925
48.996	313.475	17.633	36.473
49.073	313.820	17.752	37.106
49.051	313.649	18.911	37.316
51.161	312.721	23.332	38.022
44.795	313.974	19.263	37.703
59.481	315.301	17.456	35.116
59.585	313.127	18.179	37.457
62.142	314.824	16.190	38.129
64.016	315.131	16.709	41.251
66.889	313.951	19.884	41.925
65.890	313.679	20.744	40.687
57.521	314.444	21.643	37.413
62.605	315.249	20.393	36.009
65.769	314.974	19.363	34.740
71.257	313.024	18.918	36.210
73.404	312.128	20.181	36.830
75.675	311.583	23.497	38.854
76.506	311.897	22.649	39.457
77.429	311.377	20.904	37.617
78.355	310.369	20.838	36.244
79.145	308.722	20.091	35.178
84.833	304.470	20.570	36.897
89.203	302.344	20.004	35.836
91.650	299.641	19.850	36.080
92.351	297.086	20.080	36.449
93.827	297.749	18.641	34.925
94.992	297.118	19.086	36.696
95.891	296.623	18.108	38.743
95.659	298.553	18.546	39.022
94.702	298.340	19.414	41.750
94.685	299.928	19.144	42.563
93.888	304.123	25.706	43.536
100.108	304.587	24.037	49.079
104.027	306.907	24.938	44.775
109.308	310.966	21.403	42.445
114.820	313.234	23.419	39.901
120.973	316.486	21.562	37.941
120.070	316.079	22.071	37.550
109.015	312.967	23.515	41.564
117.988	319.547	20.927	36.003
119.086	320.594	21.189	35.073
108.075	313.138	19.863	38.949
110.885	309.778	27.572	39.496
110.022	311.545	24.265	39.882
106.212	308.111	25.996	39.961
107.655	305.837	22.795	40.769
101.951	302.813	23.672	41.302
95.934	301.362	27.744	40.136
87.967	298.604	30.547	42.155
85.902	297.869	29.820	42.403
82.481	295.673	29.617	40.515
71.568	293.269	27.125	43.550
51.843	283.415	24.275	48.736
38.345	285.198	26.697	49.451
28.724	287.768	26.490	50.734
24.694	297.330	28.106	45.091
27.658	298.620	23.709	41.684
32.450	300.834	25.486	39.479
38.062	305.631	22.118	36.722
20.653	295.709	29.675	45.233
27.102	303.412	29.921	44.347
36.225	307.633	25.298	42.331
39.034	310.885	23.716	40.486
46.142	313.193	22.315	39.646
47.967	312.623	21.658	40.058
48.881	314.746	21.040	37.787
47.946	313.456	21.142	40.453
48.134	312.161	22.458	40.930
50.060	309.823	27.252	43.103
56.036	315.392	27.338	39.108
50.958	309.739	24.139	42.479
53.084	313.600	25.762	41.739
56.692	317.330	29.154	41.845
62.115	309.070	27.561	47.992
69.261	312.947	29.176	46.495
72.925	314.253	30.089	43.465
77.537	311.411	27.683	43.839
82.936	310.932	27.583	42.703
88.360	308.455	25.825	39.442
95.852	304.624	23.939	37.752
122.310	303.569	22.467	36.140
129.904	304.487	20.707	34.723
131.530	306.573	20.239	34.566
132.405	305.565	22.010	37.769
138.234	295.236	24.026	43.308
141.594	311.514	21.236	37.269
139.215	313.277	20.835	33.550
148.336	314.368	19.398	33.794
154.443	313.800	16.627	33.821
152.550	315.032	20.195	33.078
156.754	315.576	19.400	34.411
158.821	318.389	18.534	34.735
152.101	322.576	24.208	34.839
158.587	324.243	22.130	36.242
165.152	326.295	17.239	34.287
167.908	327.542	17.883	33.607
167.749	329.034	19.494	32.532
175.266	327.184	18.535	32.607
181.786	326.930	17.272	33.058
187.338	326.903	16.669	32.567
189.024	327.321	17.785	32.116
190.859	327.741	17.723	32.759
192.918	328.521	16.815	34.161
192.781	330.234	17.403	33.857
192.901	330.825	17.324	34.630
193.865	331.618	16.508	33.720
195.029	330.797	17.088	34.024
196.648	328.093	17.122	33.906
