355.000	305.000	46.000	44.000
351.574	307.371	45.850	40.608
347.843	301.480	45.165	44.853
350.009	299.776	43.535	44.531
355.603	296.978	42.948	44.461
362.161	296.268	44.790	43.462
371.820	297.710	44.772	42.321
393.654	300.680	45.822	41.098
403.721	303.916	45.257	40.769
414.424	307.078	45.345	42.006
424.080	310.706	45.356	43.168
432.412	314.840	45.257	42.420
438.071	319.880	45.613	45.866
437.718	323.641	46.577	43.930
436.550	328.613	44.842	44.253
429.639	332.911	46.103	42.786
420.075	333.701	48.386	43.589
401.904	334.611	48.012	43.118
392.253	332.190	48.716	45.325
385.056	328.639	47.682	45.255
381.269	323.192	46.314	45.514
377.360	317.080	44.601	45.541
372.869	300.772	43.263	48.836
371.639	296.700	44.301	44.657
370.827	289.264	44.081	45.667
370.526	281.951	43.720	46.516
369.691	275.174	44.230	46.342
367.916	264.181	44.136	45.982
365.525	260.891	44.605	47.906
363.751	262.281	46.042	45.115
361.792	265.680	44.385	44.685
356.234	271.017	45.395	46.020
336.606	281.318	47.499	45.672
325.199	286.059	49.374	45.872
314.616	290.427	49.234	46.658
306.110	293.949	49.547	48.953
303.536	297.943	46.106	48.794
302.320	304.842	45.859	47.945
305.640	308.403	45.816	46.011
312.673	308.211	45.665	46.586
321.545	306.592	46.956	46.882
331.130	303.892	47.857	47.836
345.236	298.536	48.821	46.648
354.973	296.597	48.153	46.803
363.473	293.756	48.554	47.490
371.343	292.539	48.487	46.449
377.561	290.566	48.750	46.752
389.202	287.729	48.869	47.557
399.401	285.965	48.002	47.208
407.887	284.094	48.679	47.016
417.372	282.903	49.243	46.340
428.357	280.699	50.262	46.495
453.322	276.618	50.628	47.800
468.187	274.679	51.451	47.427
483.784	273.138	52.265	47.376
500.179	271.203	52.527	47.333
515.889	269.545	52.090	47.604
538.587	266.619	49.307	47.781
545.722	264.735	49.800	47.244
548.048	264.128	47.228	47.269
546.072	263.362	47.863	47.301
537.793	267.319	47.347	44.645
522.212	277.264	47.339	46.683
512.486	283.309	49.851	47.721
505.979	288.126	48.415	46.464
500.012	289.161	49.359	47.512
496.939	290.603	48.948	47.220
499.451	287.769	47.640	48.636
507.218	286.195	48.481	47.290
518.702	283.905	49.007	47.679
531.271	280.985	49.319	47.032
542.419	275.304	49.521	47.385
553.877	264.645	48.787	46.728
559.028	258.576	47.430	48.566
565.957	258.325	47.891	46.151
571.035	259.332	48.321	45.011
575.270	260.752	46.328	44.641
576.206	258.795	47.077	46.487
577.516	255.821	45.310	47.201
577.726	250.767	45.617	47.787
578.076	244.620	46.525	48.167
580.779	237.412	44.989	46.897
583.038	223.758	46.868	49.298
585.987	218.963	45.674	47.438
589.814	213.725	46.364	48.199
594.725	210.520	46.207	46.699
597.451	208.692	46.803	46.419
599.466	208.792	45.592	44.637
598.681	210.606	45.476	44.186
592.853	215.706	44.922	44.412
581.067	221.190	47.850	45.334
566.362	227.330	48.088	44.010
595.871	231.158	52.033	42.590
576.109	233.983	50.797	43.686
556.853	236.753	50.783	44.900
540.526	239.751	49.718	44.314
526.605	240.230	48.637	45.165
505.734	236.750	51.254	47.611
499.191	233.234	47.386	47.958
492.070	230.975	48.535	47.014
493.690	231.238	46.331	46.103
494.667	230.585	45.389	46.134
496.381	228.029	47.558	47.349
502.384	228.201	46.935	46.034
508.233	228.446	47.004	45.266
515.553	229.595	46.816	44.734
523.622	231.470	46.129	44.106
465.672	239.437	46.935	46.874
472.415	242.910	46.936	44.964
477.714	246.136	48.076	44.883
483.366	248.884	46.980	44.861
487.367	250.772	47.208	44.815
490.710	253.326	48.601	46.451
494.330	255.574	47.038	46.027
497.394	257.433	48.403	46.827
501.557	260.101	48.679	47.277
506.968	262.560	48.275	48.181
511.916	267.766	49.680	49.026
512.198	270.656	50.010	47.571
511.584	271.788	50.268	48.571
510.382	273.350	50.054	47.807
508.941	274.186	49.885	48.550
506.672	275.965	48.726	49.617
503.700	277.069	49.745	49.294
501.050	277.856	50.988	48.593
498.736	277.699	51.215	49.634
497.279	278.912	50.756	48.415
496.029	279.206	50.833	48.791
496.654	280.053	50.593	49.645
498.182	282.243	51.198	51.346
502.436	284.016	49.968	50.877
504.339	284.932	52.252	50.439
506.450	285.684	52.488	50.435
509.846	288.667	52.675	51.570
512.441	288.913	52.227	52.401
512.314	290.756	52.666	51.222
510.848	290.904	53.159	51.584
507.293	292.192	53.039	51.743
499.230	291.590	54.923	52.066
497.200	291.204	54.730	52.454
496.358	291.260	53.814	52.816
495.654	289.534	54.231	53.303
496.336	285.347	53.912	55.643
498.029	280.080	53.181	56.945
498.820	280.964	53.501	53.979
499.546	280.655	53.925	54.175
502.806	282.417	53.853	55.123
509.056	288.338	53.968	53.973
526.438	297.248	52.991	56.105
536.883	302.275	54.759	54.857
552.828	308.692	55.137	59.458
569.841	321.132	54.778	58.911
584.232	329.809	55.843	60.365
609.808	343.307	55.562	58.662
622.744	350.573	58.134	58.416
636.077	356.774	59.225	58.193
649.693	363.300	59.473	58.523
661.681	368.739	58.429	57.440
671.744	373.696	58.608	57.276
673.070	373.529	59.066	57.545
671.115	368.657	59.888	60.731
666.094	364.330	60.320	60.447
656.377	357.940	60.015	61.167
639.770	350.909	62.143	59.679
633.001	347.487	60.945	59.593
625.548	343.832	60.120	59.694
620.248	339.530	59.665	60.861
618.323	333.566	59.763	61.598
613.467	311.972	59.599	65.030
610.232	304.588	59.571	61.732
606.055	293.776	57.813	62.309
599.945	286.414	57.212	60.624
591.415	275.187	58.524	62.970
573.457	255.176	60.313	63.721
561.342	248.604	61.044	61.623
549.497	240.969	61.879	63.239
537.254	234.711	60.812	63.832
522.618	229.550	61.072	63.569
505.154	225.377	61.233	62.368
495.719	225.558	62.477	59.994
484.147	225.952	62.721	59.206
472.409	225.135	62.974	58.679
457.653	221.221	64.036	60.133
434.937	214.139	62.188	62.131
424.465	212.276	63.115	60.858
420.614	212.111	61.715	59.474
417.525	210.808	61.205	59.768
413.922	209.157	60.518	59.546
410.206	207.704	60.669	59.602
407.878	208.218	60.152	59.559
406.204	211.621	59.916	60.810
405.035	212.981	59.710	60.496
403.660	219.014	59.575	60.696
401.447	226.004	58.811	59.313
396.237	229.084	58.884	60.647
389.191	232.307	59.911	60.385
383.325	233.256	59.945	63.678
377.146	241.972	60.294	63.144
364.073	249.338	62.308	61.578
359.148	249.599	61.323	62.409
354.518	250.018	62.652	61.312
352.467	248.469	62.640	62.012
353.220	243.783	61.769	64.297
355.369	237.227	62.475	63.610
357.445	230.471	61.596	64.508
357.171	224.358	60.535	64.450
355.707	218.034	60.618	65.905
353.238	213.710	61.807	64.522
350.753	208.456	61.771	63.552
346.823	204.044	62.083	64.559
341.602	201.525	62.421	63.643
336.983	199.711	63.807	63.401
334.764	201.401	63.479	61.545
334.426	211.687	62.044	63.469
335.287	218.404	62.304	64.041
336.832	219.351	61.813	65.860
335.677	221.018	63.019	63.809
332.796	218.756	64.268	64.699
330.779	211.929	63.432	67.206
330.077	212.948	63.925	64.617
330.528	212.811	64.085	64.601
329.971	214.586	64.866	64.970
329.369	217.945	64.852	66.939
327.382	224.384	64.390	63.400
325.314	226.137	64.552	63.229
322.346	227.832	64.707	62.021
320.311	228.220	64.566	61.748
320.385	228.502	64.723	61.820
322.940	230.319	64.943	61.719
327.405	232.356	64.457	63.111
331.317	236.044	65.657	64.385
335.781	235.192	66.047	65.527
338.800	235.496	66.782	65.296
341.220	233.060	68.661	66.718
342.659	230.932	68.054	67.960
342.933	229.334	68.717	68.277
343.687	230.319	68.539	67.038
344.732	229.427	68.075	67.152
346.428	231.532	68.442	65.404
348.955	231.293	69.191	65.378
353.019	229.695	70.627	66.511
357.001	227.257	70.100	68.183
361.292	225.096	70.000	67.878
365.585	220.793	73.155	70.445
368.535	220.682	72.428	69.742
371.427	221.235	71.824	68.760
373.931	222.582	71.797	68.954
375.372	226.271	71.907	68.493
373.388	225.535	72.495	69.977
367.797	225.861	73.551	68.769
361.664	226.631	73.440	69.480
357.008	227.196	74.580	71.028
352.932	229.716	74.645	70.847
350.019	234.470	75.042	72.878
349.089	237.644	75.607	73.494
349.833	239.945	75.479	74.115
353.863	242.219	74.728	71.962
358.899	241.820	76.761	72.282
364.769	239.120	78.063	73.812
373.959	235.242	78.457	75.353
381.445	235.018	78.748	73.215
388.613	233.458	80.068	73.435
395.110	233.108	78.899	72.494
401.459	231.821	78.803	71.954
403.222	228.878	79.377	74.397
403.590	227.900	79.147	74.694
402.009	225.104	79.912	76.254
397.004	221.697	81.674	78.747
390.807	222.512	82.126	76.696
389.193	225.746	83.879	77.328
388.514	230.914	83.070	78.021
407.389	351.834	82.046	79.929
410.687	363.313	83.342	81.960
415.890	372.282	84.416	84.690
420.492	378.997	83.737	81.543
423.583	383.339	82.762	79.750
425.338	384.104	83.370	80.237
425.241	383.129	82.736	81.596
423.146	391.284	83.465	80.944
418.725	395.350	84.025	82.222
412.027	402.330	84.926	84.398
399.771	407.367	85.138	83.462
388.251	410.811	83.924	82.243
355.573	299.760	82.939	79.166
351.331	302.612	80.408	77.061
351.106	307.415	79.188	76.591
354.881	311.023	77.711	75.778
356.079	310.827	77.214	76.312
354.792	307.476	76.945	75.523
352.460	304.514	76.810	74.775
352.769	301.725	76.461	74.086
359.586	304.453	72.971	70.795
364.995	305.692	73.503	70.676
367.477	306.993	71.958	69.437
364.934	303.557	72.570	70.335
356.548	300.828	72.681	67.984
345.915	297.796	73.124	68.677
337.307	297.126	70.974	68.501
327.027	298.845	70.325	66.435
315.610	302.304	69.451	66.094
310.523	302.726	67.065	64.170
303.199	303.343	67.849	62.818
298.951	302.119	66.383	62.891
294.395	298.108	65.692	63.599
292.136	293.648	65.136	64.258
291.776	293.172	64.107	62.654
292.352	292.303	63.133	62.359
296.236	292.742	61.280	60.758
300.225	293.732	62.217	61.313
302.445	298.831	62.107	62.128
304.642	299.301	60.787	61.688
305.579	302.187	60.262	62.893
307.646	304.986	59.462	61.797
310.449	307.722	59.565	61.521
317.167	312.373	60.781	58.707
324.552	314.366	59.765	59.329
330.888	316.546	59.639	58.355
337.432	318.140	59.001	59.135
341.443	321.151	58.569	57.269
348.775	324.817	58.358	57.216
353.590	322.885	58.114	57.571
359.961	319.406	59.138	58.644
366.771	313.133	59.673	59.500
374.161	307.477	59.100	59.265
382.393	301.812	58.496	58.211
386.775	301.421	56.838	57.091
389.876	302.803	55.501	56.195
390.341	307.252	55.717	56.006
389.189	309.903	56.281	55.921
385.352	311.148	54.212	55.069
378.394	312.296	55.528	54.189
371.985	310.803	56.741	54.864
367.602	309.146	55.895	55.488
364.781	310.664	56.301	53.561
364.699	315.529	54.186	56.224
362.824	323.807	53.576	55.445
353.811	330.507	54.447	55.040
426.763	327.575	53.739	55.591
417.610	330.404	53.101	52.059
414.953	331.068	53.730	51.827
336.017	335.035	52.873	51.785
341.018	331.901	54.404	52.843
344.953	324.522	52.948	54.728
347.958	311.192	52.841	57.726
359.648	284.924	52.392	56.347
367.108	274.219	54.219	54.838
378.300	265.475	53.553	52.857
390.735	259.586	52.926	55.364
403.538	254.075	51.787	53.226
416.069	246.564	51.895	50.858
423.025	243.002	51.333	51.983
429.840	242.028	50.540	50.156
437.739	243.257	49.872	48.351
444.288	244.394	49.097	47.684
450.689	245.580	48.696	47.971
451.859	243.527	49.021	48.990
452.052	239.022	48.918	50.922
449.907	234.382	48.997	50.472
445.386	230.518	49.002	49.780
432.080	225.087	50.746	49.902
422.162	221.642	50.129	49.617
412.184	221.275	51.479	47.543
405.494	221.887	49.050	47.275
398.147	226.471	50.435	47.019
388.762	231.402	49.186	47.373
384.898	232.340	48.103	47.435
379.609	233.485	49.161	46.561
375.420	232.465	48.936	47.725
371.843	231.988	48.751	47.249
368.461	232.982	47.912	46.249
367.084	234.019	46.592	47.255
366.091	236.569	47.072	46.861
366.720	238.882	46.996	47.066
370.205	241.996	47.566	46.409
375.992	246.105	47.538	45.465
376.867	245.324	48.014	46.717
377.853	243.995	47.436	47.864
376.097	238.975	46.473	49.970
370.456	233.799	47.806	48.318
355.997	222.028	48.289	47.732
343.639	215.923	49.793	50.951
332.128	214.206	51.461	50.091
324.380	218.089	50.494	47.974
316.142	222.608	51.951	48.666
304.439	231.496	48.194	50.069
300.463	233.489	47.943	47.254
297.103	235.236	48.550	46.109
294.344	236.152	48.446	45.914
290.962	239.113	47.500	46.560
285.290	245.702	47.180	49.095
285.027	252.415	45.850	48.497
287.026	259.357	47.719	50.491
296.609	267.153	48.179	46.865
306.894	272.066	48.182	45.356
320.819	274.359	49.862	45.250
331.894	275.151	49.662	45.015
344.010	276.844	48.790	45.590
356.353	281.372	49.274	46.258
370.426	286.722	47.700	46.306
384.176	293.993	47.022	47.241
392.491	298.866	47.978	44.740
395.977	300.025	46.384	44.850
396.226	301.347	47.025	44.835
396.203	302.556	46.181	44.521
394.623	306.220	45.169	44.783
394.053	308.220	46.638	44.352
398.798	313.136	45.081	43.868
405.424	316.392	45.936	42.569
413.520	315.881	46.003	43.664
424.806	310.733	47.396	46.045
433.705	306.581	46.514	44.716
439.121	301.542	46.019	45.701
441.701	297.518	46.100	44.106
440.871	293.461	45.015	45.426
428.714	291.920	46.576	44.019
416.101	292.713	47.171	42.769
405.061	294.220	47.460	42.278
392.621	297.029	47.495	41.911
381.142	298.447	46.857	41.704
372.219	298.044	45.525	42.321
373.245	296.113	43.504	43.285
375.957	291.982	43.836	44.423
385.732	287.510	43.921	42.588
397.537	282.963	44.456	44.010
425.553	277.067	49.539	42.827
444.240	274.985	47.469	41.959
462.219	271.070	46.862	41.059
478.034	264.779	46.330	43.157
494.311	307.431	44.864	43.077
484.059	241.307	44.547	43.104
471.496	234.533	45.643	41.557
448.285	233.550	47.880	41.497
483.395	230.777	51.042	44.303
460.177	240.886	43.555	45.629
413.116	266.678	46.229	46.127
329.707	283.923	46.049	44.373
369.361	285.077	48.161	42.978
355.385	289.855	44.182	41.251
349.659	295.284	42.591	41.350
358.031	299.306	43.484	40.620
373.061	301.243	47.457	39.624
331.175	307.023	48.959	39.606
358.336	306.624	49.844	40.765
396.144	352.036	49.585	43.749
381.273	342.356	50.585	44.338
403.292	336.344	47.067	43.397
470.663	277.332	43.106	45.531
470.315	279.166	43.545	40.623
462.736	279.020	43.876	40.999
484.831	286.487	47.356	42.829
462.320	292.619	45.516	41.244
437.543	300.639	46.948	44.108
417.739	307.755	46.435	44.306
399.876	315.652	46.891	40.565
394.264	320.879	42.368	39.236
397.940	319.321	43.453	41.175
342.063	321.576	42.691	39.288
348.356	313.765	43.364	41.778
353.007	305.519	43.196	42.692
340.167	289.635	43.625	43.688
320.424	287.197	44.804	42.143
297.703	286.954	45.861	41.942
273.696	290.860	47.436	40.239
255.913	297.292	45.756	46.188
234.414	314.569	43.779	46.466
237.862	321.805	42.228	44.528
247.462	328.191	45.092	40.071
266.104	326.117	45.915	41.463
291.248	316.987	50.383	43.128
321.424	306.667	49.086	43.953
362.654	289.452	54.565	48.103
390.883	283.561	48.872	42.521
405.804	280.656	43.693	40.377
406.162	281.092	43.164	40.012
395.500	284.455	44.836	38.683
369.005	294.905	44.905	42.757
359.436	301.056	43.410	42.268
357.613	304.533	42.119	43.195
358.946	309.287	43.015	41.964
369.688	312.602	43.118	40.675
386.382	314.654	43.274	39.168
384.056	311.680	43.994	41.892
370.432	309.519	46.248	41.208
337.712	307.420	50.857	41.946
300.612	307.710	53.047	42.677
304.514	314.905	55.506	43.041
341.155	322.802	47.923	41.835
328.659	332.704	42.808	44.754
326.379	338.245	42.328	45.410
274.270	352.130	44.539	42.815
261.120	356.508	52.634	40.525
230.067	351.458	55.146	46.631
208.053	342.137	55.610	46.391
240.802	329.064	58.570	53.160
276.847	309.447	50.076	47.467
305.031	290.162	42.865	49.039
295.639	287.005	45.254	40.343
336.718	285.303	47.905	43.559
372.574	291.005	47.153	40.209
400.955	295.879	49.622	41.172
405.621	311.851	50.948	42.182
384.015	318.406	45.471	40.671
367.256	325.092	44.464	40.377
357.480	330.469	43.129	45.066
354.894	335.879	42.319	46.734
365.444	330.738	48.173	84.445
325.366	364.240	56.018	74.006
279.449	408.902	49.802	49.596
299.862	412.606	42.997	42.374
306.904	405.658	45.535	45.149
318.294	359.955	39.166	66.526
315.751	341.139	45.126	90.160
307.256	333.927	62.729	91.031
299.220	302.584	66.243	126.614
283.953	301.958	86.974	109.939
277.626	318.198	86.889	108.005
291.795	319.017	93.029	106.839
304.209	334.923	100.549	108.934
317.605	334.064	113.060	127.293
319.525	335.961	141.732	149.082
318.532	336.372	183.622	158.605
325.853	313.495	173.951	139.497
280.810	326.502	201.215	148.966
288.380	303.587	159.035	128.715
282.756	294.993	195.179	172.640
242.135	290.164	187.491	122.048
200.413	267.373	209.618	162.233
258.039	227.154	165.318	150.720
220.512	267.319	172.103	157.668
187.709	294.341	184.480	152.068
188.114	252.260	231.504	180.794
383.159	45.464	135.306	195.538
381.526	66.584	140.064	154.007
243.273	401.447	114.839	36.875
310.318	384.493	50.373	63.743
362.137	312.751	45.248	53.815
350.866	288.728	46.156	64.488
340.071	273.983	41.743	55.462
324.298	263.271	45.339	46.576
313.207	260.843	42.332	38.440
376.627	323.059	38.441	38.037
354.941	264.923	39.987	31.511
350.800	227.659	43.588	69.930
362.644	335.434	45.033	21.550
318.077	351.294	29.607	41.670
298.938	300.095	39.971	34.992
304.955	266.071	37.580	56.817
293.729	200.100	40.339	48.903
296.213	172.229	42.482	79.071
319.230	306.514	40.127	26.429
322.436	300.380	44.140	44.315
319.973	257.481	37.996	41.109
315.253	264.058	41.868	44.250
306.652	271.845	42.931	42.639
297.076	274.765	43.932	39.336
284.248	266.977	41.671	40.372
274.576	261.065	43.303	42.540
269.015	256.060	42.267	41.374
266.138	252.302	41.857	41.976
266.934	248.756	41.674	43.399
276.394	245.835	42.490	42.252
286.336	245.762	44.343	40.308
299.344	245.344	44.906	40.054
312.370	245.103	45.174	39.580
326.000	245.879	45.004	39.377
348.232	249.079	43.501	38.992
357.451	252.394	42.107	38.510
363.790	254.913	42.460	38.723
368.198	256.371	42.343	39.153
370.246	256.515	43.127	39.418
375.394	254.271	43.476	41.633
377.552	254.046	42.462	39.940
379.734	254.225	42.665	39.679
380.761	256.512	42.952	40.742
381.240	260.676	42.692	41.877
383.143	267.187	40.908	42.031
386.412	271.664	42.068	40.892
394.820	274.164	42.796	40.342
406.485	272.815	43.205	41.067
417.189	267.459	43.369	41.968
433.544	259.495	45.714	41.386
445.253	254.913	43.967	44.431
455.590	251.395	43.523	43.194
464.525	251.662	43.397	41.511
471.213	253.066	44.327	40.326
477.321	255.284	43.475	40.666
481.068	255.473	42.702	40.524
483.246	257.283	42.211	40.431
484.173	256.520	42.106	41.732
484.190	256.312	42.086	42.161
477.735	250.331	43.058	41.964
470.895	244.825	42.668	43.347
462.114	240.542	43.142	43.887
447.362	234.803	45.389	44.276
430.369	230.176	43.744	42.472
410.575	228.580	43.441	43.062
398.717	230.751	44.477	41.782
387.516	235.091	46.579	43.686
375.076	242.265	46.986	43.715
415.652	248.944	46.056	44.943
379.748	275.861	41.677	48.114
358.372	291.546	43.592	49.508
339.523	307.952	44.168	49.776
321.744	325.215	43.740	53.149
306.562	343.934	42.691	54.854
277.642	388.985	41.848	50.838
267.015	409.057	41.949	54.613
248.832	382.075	45.153	81.345
243.661	396.566	42.205	65.535
197.290	516.053	40.154	20.936
197.134	475.686	37.494	50.436
202.755	486.455	44.671	47.067
210.890	489.337	46.370	44.131
208.622	420.103	45.304	18.789
230.937	449.584	45.980	41.968
212.498	474.441	46.165	45.002
234.284	477.913	48.310	44.525
258.924	473.698	49.846	46.133
285.659	409.009	48.272	49.382
259.877	499.517	45.206	32.404
310.725	444.009	47.594	51.320
327.829	414.365	51.175	67.624
343.344	384.397	48.307	64.851
356.451	367.464	39.635	57.786
359.670	352.205	40.686	52.035
363.315	338.928	40.341	44.092
361.272	331.930	39.919	41.058
358.142	318.977	38.538	45.668
345.565	260.874	39.955	46.732
346.833	292.668	38.862	49.509
337.085	229.338	37.816	38.969
320.631	171.197	40.273	43.433
324.708	254.515	39.272	22.445
359.001	203.405	42.729	33.812
407.697	233.860	42.442	39.587
375.215	231.225	42.508	37.300
359.904	230.763	42.904	38.201
341.759	228.946	42.109	39.471
323.176	224.460	42.697	38.931
307.708	218.608	42.038	40.918
282.171	218.108	41.160	37.850
270.835	219.914	43.106	37.315
257.999	223.240	41.680	37.801
242.817	227.278	41.640	37.675
224.615	229.087	44.151	38.717
206.783	229.363	43.701	39.862
177.568	227.302	42.243	38.318
168.144	227.683	41.654	37.121
162.876	228.406	42.499	36.431
161.597	230.665	40.682	37.649
160.983	235.203	39.666	40.669
159.538	245.261	39.249	40.362
160.505	252.776	37.619	42.743
162.042	261.444	38.137	43.454
164.503	271.610	39.273	42.116
172.318	281.754	39.861	42.056
194.327	297.284	40.579	43.210
211.385	307.455	41.218	42.612
228.328	314.143	42.249	42.758
242.417	318.260	42.881	39.563
260.940	322.195	43.777	38.095
287.612	330.556	52.141	44.350
318.570	337.547	43.335	46.950
341.923	348.976	42.629	42.582
365.815	362.751	40.507	44.314
387.755	377.105	40.251	42.910
421.678	392.815	43.004	42.553
431.326	394.704	44.660	39.812
443.778	393.649	43.094	39.537
451.222	387.443	41.779	39.854
453.744	381.971	40.488	40.850
453.071	381.278	40.675	40.461
450.823	383.816	40.612	39.015
446.346	388.716	41.055	41.474
444.102	394.400	39.989	42.637
435.692	401.502	41.017	39.816
405.739	396.263	41.966	39.573
384.963	383.250	41.523	43.207
363.725	375.870	42.453	41.609
348.427	369.107	39.414	40.879
333.172	365.343	40.202	40.678
322.133	364.335	39.514	39.450
315.675	362.239	41.275	39.964
311.503	358.852	40.236	40.052
309.079	353.677	37.710	38.724
304.853	347.238	38.081	38.350
300.404	333.733	38.096	42.451
296.418	329.433	36.688	38.401
292.819	319.897	38.063	41.065
290.311	312.245	36.666	40.881
286.755	302.102	38.228	42.695
285.695	294.812	38.984	39.837
285.689	289.714	37.626	37.845
287.316	285.321	38.024	36.585
288.628	282.068	37.786	38.419
292.772	282.156	38.532	36.361
302.360	284.521	38.905	36.557
311.200	286.775	39.200	36.608
321.423	289.189	38.763	36.519
332.745	292.375	40.140	36.236
345.570	295.384	40.855	35.795
369.054	299.800	39.809	36.736
381.031	304.518	41.508	35.907
392.467	308.579	39.739	36.007
402.260	313.083	39.454	40.340
410.313	320.745	40.061	40.628
415.966	329.431	37.573	41.179
415.657	336.393	37.896	40.311
414.162	342.947	36.648	39.334
408.147	349.355	38.636	39.834
399.172	355.836	40.093	39.942
376.361	366.180	40.497	40.281
361.766	372.429	41.079	37.202
345.312	374.929	42.194	37.954
326.370	376.969	42.762	38.207
303.421	377.402	42.773	38.567
308.802	327.613	49.091	37.434
294.219	367.655	43.459	39.566
232.018	367.542	32.452	39.122
209.444	362.394	43.838	42.103
202.540	362.646	42.011	38.784
201.293	359.196	37.041	36.887
204.157	356.752	39.579	38.409
211.579	354.047	39.097	38.710
222.288	350.638	41.170	36.225
239.605	347.539	40.821	36.687
282.328	385.310	42.200	37.894
303.812	380.950	43.542	37.855
326.157	377.835	44.474	38.348
349.466	373.837	44.195	39.999
367.672	371.568	44.264	38.254
405.486	365.074	44.307	39.688
424.987	363.595	44.216	38.462
439.368	359.952	43.671	37.640
452.756	358.127	43.647	38.513
464.145	360.736	41.891	37.323
485.073	368.764	39.489	42.077
491.773	335.634	38.939	42.489
505.483	348.756	37.579	42.577
520.511	363.102	36.163	44.047
532.408	378.930	38.323	40.652
552.270	389.965	38.967	40.941
563.145	388.618	39.359	36.763
571.046	381.856	39.294	39.895
577.439	369.059	38.778	43.503
582.074	354.377	38.158	44.919
579.711	328.546	37.569	45.392
568.331	316.611	37.925	43.066
555.488	306.823	38.047	44.530
534.056	298.512	40.102	40.335
514.158	295.410	40.714	35.963
482.676	291.354	39.874	36.837
471.292	291.846	41.380	36.484
463.779	289.416	38.486	37.401
457.345	285.699	38.379	37.155
457.068	280.896	35.643	37.560
459.409	266.177	37.346	38.768
464.431	258.274	36.716	38.346
469.460	251.644	36.668	37.332
472.482	246.282	36.877	36.022
472.087	241.756	35.550	35.583
464.771	237.193	36.681	34.193
456.599	232.675	37.302	37.884
445.297	229.175	38.093	36.736
429.497	225.089	39.159	35.324
417.357	256.940	40.345	40.205
377.729	207.128	41.305	38.346
364.215	201.614	37.963	36.161
346.904	197.566	38.585	36.494
329.188	194.783	39.215	37.601
307.350	190.433	39.482	36.012
345.917	259.639	38.071	24.242
335.123	256.213	38.753	38.041
327.088	257.156	39.513	36.144
319.103	257.926	39.251	35.877
309.858	256.711	39.978	36.277
293.227	249.901	36.658	35.605
287.558	248.847	38.286	35.786
281.830	249.978	38.161	34.407
281.307	253.396	35.492	35.126
280.530	258.143	35.815	38.634
280.609	271.392	34.934	42.273
281.291	283.053	34.757	40.209
282.055	293.409	34.399	40.829
284.146	303.254	34.736	40.872
287.857	314.934	36.773	41.501
307.774	340.297	36.593	40.991
323.352	354.523	36.187	46.437
337.258	366.849	38.144	46.791
349.012	373.627	40.215	53.656
300.365	313.990	37.114	48.154
323.647	336.808	39.941	43.749
336.591	341.509	39.983	39.175
353.984	350.527	37.428	39.758
369.082	356.745	38.556	40.071
387.332	364.569	37.517	39.980
415.305	377.020	37.620	37.530
424.811	382.157	39.212	34.888
435.661	385.885	38.758	35.342
445.883	388.210	38.503	35.733
453.684	388.796	39.400	35.740
464.073	383.407	36.781	35.027
468.577	378.705	36.034	38.294
471.706	373.653	36.146	37.265
473.840	365.682	36.729	38.329
476.409	357.685	36.052	38.376
478.622	345.662	36.979	40.652
481.472	323.257	35.655	41.405
481.489	311.208	36.712	41.947
481.641	303.378	35.428	39.849
481.417	296.556	36.000	38.223
480.627	284.604	34.935	37.624
476.851	282.140	34.198	36.209
472.924	276.148	34.046	36.053
467.397	271.282	34.982	36.236
459.950	264.245	36.680	36.721
453.035	254.733	36.327	38.756
439.498	236.026	35.347	40.316
432.183	226.830	36.013	39.835
426.559	218.935	35.508	39.079
423.400	216.631	34.185	35.181
421.118	216.682	36.737	35.717
418.331	221.553	34.705	34.091
416.335	225.842	34.245	37.240
415.058	229.702	35.118	37.240
413.897	234.135	34.904	35.430
412.558	235.987	34.377	34.465
409.405	236.633	35.852	34.636
406.989	235.611	35.047	35.451
405.048	233.359	33.808	36.261
401.930	232.129	34.117	35.409
398.180	231.942	35.438	35.215
397.977	271.656	34.309	35.650
393.667	276.645	35.507	36.377
389.495	281.097	35.674	34.661
384.928	285.121	36.367	34.192
382.890	289.857	35.222	33.609
378.017	293.311	36.475	35.126
377.270	294.812	35.594	36.052
375.848	299.842	35.412	35.576
374.056	304.439	34.489	36.191
371.362	310.185	35.222	38.167
366.366	317.613	34.918	37.115
363.863	321.882	34.912	34.919
355.097	283.946	36.461	39.123
356.761	285.511	35.217	35.802
359.006	289.836	35.447	37.297
364.999	309.242	33.638	42.351
360.762	286.166	35.959	68.275
363.836	306.460	39.496	65.821
367.385	326.675	40.988	60.560
380.342	375.662	37.043	57.449
392.174	404.917	36.669	49.346
387.652	343.025	37.071	34.466
405.013	415.506	35.885	16.445
412.014	408.189	37.038	38.685
422.335	403.254	38.318	35.477
450.378	397.687	39.343	36.416
463.728	391.345	41.445	39.001
477.096	385.328	38.175	37.417
487.516	377.180	38.283	38.846
496.157	371.758	38.243	37.894
511.139	361.913	39.613	38.420
518.849	361.675	37.963	35.492
526.498	362.433	38.215	35.708
533.428	363.426	37.769	35.963
538.822	361.222	36.747	36.322
540.239	341.291	36.654	39.837
539.530	326.700	35.413	42.734
537.593	319.534	33.740	39.749
530.197	307.246	36.406	42.836
522.613	302.763	36.791	37.351
502.653	294.785	37.837	36.116
489.248	296.763	39.272	34.494
474.500	298.029	39.600	35.086
461.042	300.394	37.552	35.310
446.714	305.661	37.288	33.657
425.491	306.918	38.187	33.978
413.790	307.168	38.943	34.393
403.627	305.615	39.836	36.181
395.573	304.027	37.968	35.260
389.219	300.268	36.693	36.102
381.491	296.126	36.686	35.004
378.511	294.004	37.694	36.827
377.234	293.434	37.695	35.883
376.392	293.323	37.076	35.293
376.244	293.048	36.594	35.312
377.990	292.695	36.271	35.282
380.811	294.458	36.875	34.083
385.460	296.614	36.738	33.679
389.688	297.537	37.043	33.350
393.003	297.586	38.008	33.440
399.216	297.180	38.638	34.468
403.363	296.965	36.493	34.595
406.169	297.171	37.396	33.821
409.138	297.311	37.438	33.401
412.071	297.435	38.005	33.431
421.648	291.857	36.648	33.858
426.140	287.723	37.794	34.358
430.877	283.390	35.962	33.803
435.288	278.064	36.165	33.715
440.126	273.161	35.881	33.615
447.096	266.963	37.624	34.101
452.832	262.511	36.790	35.324
459.225	257.443	37.121	34.796
465.548	250.310	36.844	35.346
471.181	243.017	36.322	36.079
480.463	230.268	37.035	37.305
484.755	226.585	36.336	34.676
487.169	221.897	37.186	35.234
490.442	217.727	36.935	34.842
494.059	212.962	36.272	34.007
497.192	203.377	36.922	37.177
499.404	199.200	36.130	35.507
500.760	193.353	36.131	35.418
500.872	185.743	36.480	36.944
501.323	176.404	35.815	38.816
497.903	155.170	33.390	40.632
490.218	151.282	36.549	36.136
483.655	150.025	38.495	36.626
476.248	150.177	38.333	36.485
468.851	150.250	38.699	35.738
466.862	149.894	36.295	35.441
466.403	150.474	36.373	34.576
466.294	150.216	36.504	34.772
466.313	150.353	36.291	34.892
466.387	150.353	36.145	34.528
466.387	150.375	35.836	34.451
466.438	150.323	36.224	34.279
466.304	150.217	36.064	34.114
