448.000	186.000	26.000	52.000
444.814	185.904	23.166	53.547
439.751	185.577	22.492	52.684
434.259	184.920	22.334	51.986
431.228	184.562	22.026	53.270
426.285	185.958	22.464	52.173
422.349	187.071	23.426	51.658
417.431	187.262	25.468	52.983
413.225	185.868	24.432	54.510
409.850	187.302	22.678	54.062
404.219	188.809	23.583	52.258
399.740	189.868	22.978	50.347
396.170	189.628	21.089	49.404
391.646	189.219	20.616	49.508
388.168	189.879	21.413	48.622
382.079	189.562	21.597	50.051
378.675	189.452	21.719	50.371
375.560	188.698	21.904	50.126
371.569	189.745	20.932	51.702
366.313	189.869	22.663	52.171
362.515	188.677	22.404	53.002
356.196	187.306	22.031	54.716
353.738	188.356	22.355	51.286
349.970	189.411	22.710	52.130
343.183	188.031	22.538	52.790
311.762	181.161	21.456	54.925
335.763	187.650	20.796	49.987
331.121	189.343	20.196	49.635
304.845	182.705	21.216	55.885
300.949	181.242	21.572	55.976
320.864	189.010	22.261	50.565
315.037	188.862	25.091	54.645
309.217	189.527	21.528	57.132
305.793	189.378	21.606	58.077
301.068	189.398	20.610	57.645
296.569	189.486	22.945	57.079
292.465	190.911	23.672	55.836
307.492	186.618	24.422	59.152
304.154	186.824	24.543	56.309
296.701	185.532	24.596	56.896
276.640	188.166	23.498	57.221
288.093	185.329	24.012	59.149
311.842	185.065	24.785	54.539
306.683	187.355	28.332	56.262
303.747	186.442	23.563	58.688
300.492	185.208	23.437	60.035
297.257	185.656	20.600	58.283
290.206	186.515	23.485	57.808
285.559	187.518	26.945	55.343
280.852	185.069	25.060	57.919
276.134	185.425	22.294	55.649
265.423	178.863	27.336	60.039
338.313	181.057	26.143	56.672
363.155	180.847	21.746	58.061
358.610	180.359	22.764	58.035
426.533	185.310	20.444	51.272
420.506	186.845	24.447	53.468
416.482	187.022	25.279	53.308
412.607	184.843	22.685	53.789
409.711	185.977	21.919	52.767
396.612	188.036	24.639	51.661
391.794	188.120	23.827	52.161
390.033	185.916	23.634	55.225
387.690	183.781	29.662	54.263
393.873	184.139	22.574	54.419
378.357	183.926	31.394	54.572
385.782	183.443	22.685	54.651
370.082	183.369	27.877	56.414
364.447	184.600	22.437	56.219
359.654	187.347	25.917	55.611
357.217	188.588	24.660	51.977
356.293	184.383	36.831	56.503
348.775	185.890	25.260	53.618
295.977	178.394	22.588	58.359
292.752	182.067	24.141	55.360
289.413	181.496	23.033	55.702
286.261	180.784	22.485	56.192
284.137	180.120	21.418	57.365
281.805	180.405	22.157	56.232
280.998	180.253	22.517	55.974
280.391	180.620	22.093	56.013
280.146	179.882	21.767	57.032
278.694	179.101	21.805	57.050
278.513	178.518	21.370	56.728
276.795	180.022	20.370	54.547
273.166	179.994	21.418	53.449
305.679	188.431	21.136	52.152
302.692	186.357	19.655	55.197
311.250	185.114	27.746	53.491
297.932	186.520	24.094	53.349
293.868	186.995	22.701	53.383
290.837	186.218	21.595	54.402
323.037	182.291	23.565	56.875
324.897	183.267	26.629	55.337
318.178	183.769	25.032	52.972
311.537	184.338	22.097	55.232
310.071	183.423	27.915	56.072
305.538	183.937	25.087	57.791
300.060	182.302	25.667	58.870
299.303	184.572	24.446	55.488
297.580	184.300	25.798	54.814
299.800	185.188	24.274	54.901
289.669	183.358	27.224	57.633
287.226	184.670	24.902	56.112
284.877	183.572	24.970	57.212
279.391	184.110	21.929	55.375
283.900	184.201	21.837	56.984
280.446	182.644	25.894	57.467
290.298	186.059	29.147	62.160
326.120	190.042	24.238	55.659
336.926	180.634	25.179	57.158
346.398	179.692	25.080	55.260
339.962	177.460	25.479	56.679
341.040	177.273	26.403	57.295
332.503	181.065	32.040	54.382
321.383	177.418	35.438	55.922
343.409	175.878	26.797	60.064
350.271	177.270	28.409	56.228
367.967	171.286	25.471	50.286
395.236	186.334	24.235	44.311
400.406	183.995	20.276	43.352
390.041	167.772	23.361	47.601
394.903	176.281	22.884	45.309
395.804	172.938	21.646	46.273
394.785	177.821	19.121	41.102
393.646	172.473	18.982	44.838
391.209	181.720	18.622	43.989
390.812	183.735	17.660	41.796
387.085	180.945	19.688	42.568
386.645	179.281	20.399	43.859
386.999	181.239	19.114	42.590
387.425	180.852	17.399	44.010
387.335	180.777	17.109	42.158
387.629	181.277	18.269	41.163
386.843	180.923	18.793	41.319
385.957	181.052	19.601	38.309
386.654	180.273	18.301	39.972
386.276	180.746	18.419	40.732
385.750	179.100	19.359	44.298
384.686	177.297	19.838	43.828
385.835	179.218	18.199	40.888
387.053	178.397	17.971	42.737
387.973	170.434	18.379	46.758
388.601	174.686	19.692	45.044
390.188	174.208	18.885	45.798
389.189	171.022	18.909	46.127
390.792	172.973	18.902	44.240
390.069	177.407	18.453	42.295
390.827	173.892	18.170	41.089
391.073	169.366	18.893	44.838
392.035	173.562	19.407	43.929
395.712	150.834	19.390	55.817
394.986	150.684	18.650	59.159
394.407	152.750	21.836	61.507
393.118	167.509	21.259	53.136
395.109	171.033	19.692	46.232
392.707	160.367	19.182	51.171
394.092	163.483	18.276	47.447
394.694	155.565	20.451	56.108
417.426	170.137	22.390	49.190
395.788	167.505	20.817	48.302
394.907	163.504	20.799	52.561
395.472	158.358	21.620	56.944
395.762	153.249	19.435	57.077
394.463	157.747	20.529	57.362
395.492	149.163	18.869	58.560
395.587	149.619	20.860	56.908
397.019	154.212	21.621	55.609
397.521	160.957	21.932	52.927
397.418	162.147	20.733	50.626
399.177	165.794	20.275	48.222
392.202	156.490	22.153	51.864
393.460	159.821	21.011	49.234
397.483	159.461	21.902	48.125
396.522	157.497	19.962	51.018
394.686	156.866	19.066	50.713
396.354	157.104	21.239	49.418
397.113	156.818	22.686	55.444
400.767	160.879	21.307	56.153
392.136	158.631	20.923	50.215
375.338	155.145	18.614	45.822
372.574	160.568	16.768	37.968
374.403	158.407	16.152	38.319
370.160	160.191	15.853	36.858
370.843	160.812	16.886	38.446
374.441	157.326	16.107	38.850
370.522	158.396	19.645	38.946
372.094	156.164	17.180	37.993
372.908	154.503	17.431	40.158
375.635	154.329	16.319	40.481
379.960	154.963	18.244	46.872
373.715	155.343	20.279	43.831
371.919	155.578	19.695	42.252
375.113	153.113	18.212	42.492
381.357	156.137	17.272	40.705
372.690	157.274	17.009	39.927
372.293	157.005	17.250	38.210
373.631	155.002	20.065	38.507
374.340	155.655	17.813	38.826
378.778	154.775	19.969	41.437
389.027	153.199	17.142	42.750
399.689	153.769	19.072	54.631
385.022	153.138	18.828	46.608
379.992	153.763	21.602	44.517
321.934	152.115	20.851	45.176
320.178	153.031	17.498	42.123
322.263	153.466	16.083	40.589
322.519	153.306	15.709	40.318
322.703	153.447	15.908	39.505
321.393	153.680	17.317	39.122
323.540	154.280	15.913	38.543
324.183	154.395	16.529	39.461
325.012	153.325	15.950	41.034
371.814	154.018	16.669	40.800
369.011	154.227	16.503	41.789
375.257	156.647	17.056	42.459
374.764	154.411	17.084	40.617
326.598	151.798	16.558	44.419
327.712	152.689	15.848	42.818
328.059	151.323	16.159	42.618
328.866	150.105	15.561	43.470
328.591	151.697	16.625	40.115
329.011	150.182	16.130	41.714
331.876	152.120	15.090	38.483
331.781	151.781	16.418	38.155
333.545	153.175	16.147	36.290
333.808	152.790	16.420	35.502
334.703	151.163	16.570	37.445
336.059	150.028	16.378	35.955
382.544	156.120	15.842	41.903
386.368	155.177	20.081	46.024
388.351	158.692	18.405	47.571
400.946	181.264	25.778	46.077
442.202	181.751	21.046	55.246
438.406	184.564	23.805	53.458
435.469	182.639	21.466	55.863
425.292	181.579	27.183	56.370
428.032	180.047	31.354	57.207
432.740	180.064	25.423	59.496
431.700	180.970	22.900	55.505
416.837	180.408	26.079	54.039
418.670	179.453	24.067	51.428
373.682	181.466	23.809	50.256
367.396	182.850	21.719	48.850
373.988	180.908	20.208	50.274
397.565	181.835	21.081	43.979
391.039	179.635	25.057	39.589
364.135	182.313	19.617	50.927
361.291	186.185	20.233	56.060
357.727	181.410	19.356	57.734
354.829	177.827	19.807	60.322
374.595	182.818	22.005	53.285
370.582	183.697	20.873	52.374
369.904	181.827	23.528	52.984
368.099	181.664	23.157	53.808
364.556	179.738	25.709	54.212
364.396	182.092	23.892	54.576
360.495	179.997	23.740	55.480
356.830	179.284	20.943	58.415
357.065	176.311	25.278	61.070
