357.000	236.000	56.000	111.000
363.195	238.368	55.810	108.888
369.792	240.506	52.935	106.926
385.307	240.762	45.525	108.729
392.875	241.236	43.948	108.060
397.160	245.743	49.182	104.991
407.096	245.800	44.809	111.114
414.947	245.739	43.630	113.738
395.400	245.877	49.155	111.600
366.388	249.255	60.350	107.553
338.910	251.085	59.354	106.672
310.889	251.696	47.276	106.192
284.190	252.818	42.701	109.277
255.504	253.767	47.102	109.416
228.359	256.995	49.531	103.185
200.386	258.139	45.247	99.092
170.323	257.226	45.893	107.678
147.122	259.139	52.525	110.859
117.005	259.948	64.531	110.480
84.390	261.881	63.599	110.424
87.938	261.275	51.587	113.419
97.039	262.539	54.003	112.708
113.040	263.244	48.307	111.988
117.277	262.524	56.322	113.817
125.675	264.273	50.625	110.117
136.181	264.269	47.381	115.822
144.115	265.163	54.236	113.250
154.660	266.759	62.126	114.245
158.738	267.304	60.952	112.561
171.735	264.676	52.207	114.229
181.078	265.603	54.524	113.868
186.861	267.836	57.770	110.110
192.840	268.153	67.354	110.367
199.954	267.805	62.855	110.310
214.058	265.759	52.231	113.769
221.501	266.036	54.637	111.814
232.012	266.703	53.326	112.715
244.529	268.017	53.166	110.790
256.277	266.967	52.992	107.012
263.441	266.621	56.895	101.872
272.084	267.471	52.729	98.136
279.284	268.768	53.745	92.798
290.335	269.356	49.571	90.778
294.826	268.166	51.494	88.570
303.713	269.201	49.989	88.026
313.346	271.048	53.407	86.804
324.895	268.514	53.812	89.001
333.492	269.824	59.573	88.442
339.436	270.128	58.899	86.791
347.236	271.824	57.180	84.971
353.351	272.240	56.214	90.728
366.629	273.086	53.711	87.397
373.248	271.241	60.410	94.254
356.426	273.467	59.310	96.583
330.289	275.567	56.782	96.992
305.933	274.519	53.748	97.356
275.755	274.520	66.088	95.495
249.289	276.922	59.734	96.108
226.951	278.961	55.505	93.755
202.522	279.553	60.144	91.454
175.144	279.573	57.559	92.410
147.678	280.803	58.574	87.266
122.667	282.523	57.383	89.815
101.056	284.132	55.854	85.642
86.150	282.818	55.128	86.457
66.785	284.868	55.179	84.397
73.426	284.672	55.588	85.272
73.781	285.487	62.170	83.817
86.058	286.478	61.483	85.359
94.375	285.995	69.482	85.068
100.982	285.651	72.139	87.866
105.898	287.124	66.457	88.712
110.673	287.142	60.940	86.102
111.777	287.659	61.734	87.438
114.360	288.489	60.307	84.033
115.007	288.244	59.631	86.030
114.098	288.595	59.903	87.663
115.080	287.630	60.368	85.586
114.694	288.523	60.190	85.931
114.605	288.191	59.969	88.161
115.009	287.755	59.709	88.105
115.705	287.829	59.612	86.547
115.837	288.776	59.228	86.086
115.671	288.720	59.418	88.056
115.708	288.708	60.710	89.256
116.756	289.783	59.271	89.502
118.208	289.173	57.870	87.391
116.234	289.369	60.196	86.700
115.719	289.717	59.862	85.557
115.141	288.778	59.985	88.012
114.574	289.719	60.517	85.930
115.280	289.250	60.306	87.844
115.430	289.603	60.826	89.758
114.664	289.902	62.818	89.371
115.472	290.544	61.424	88.076
115.984	290.126	61.089	86.838
116.893	290.823	59.789	85.138
117.552	290.486	58.837	87.133
118.404	290.068	57.917	87.906
119.293	290.366	57.287	89.195
117.897	290.085	58.578	89.654
117.221	291.011	59.877	89.342
117.724	291.070	59.220	88.627
117.494	289.802	58.297	90.455
116.893	291.535	59.782	85.550
117.873	290.238	58.216	84.626
117.910	290.821	58.281	88.144
119.856	289.537	56.629	89.858
119.594	289.475	56.882	91.618
117.854	289.525	60.135	91.037
117.872	291.621	60.348	88.579
117.888	290.326	60.398	92.127
118.813	291.474	59.898	88.249
119.218	290.137	58.735	91.086
118.341	290.147	59.905	92.635
117.425	292.310	60.456	88.233
117.922	292.244	60.252	89.720
118.187	290.938	60.812	90.224
118.027	290.567	62.057	89.310
117.970	288.731	62.329	90.273
118.232	286.596	61.853	91.179
117.641	284.278	62.624	94.855
114.544	282.817	63.152	94.254
112.494	281.563	61.670	92.214
109.871	281.241	60.242	93.871
108.656	280.686	58.622	91.763
107.893	280.935	57.310	94.434
108.492	281.603	54.760	92.665
108.158	279.354	57.793	90.823
110.695	280.382	54.296	90.286
111.391	280.968	52.689	91.805
111.683	280.884	55.015	89.275
111.692	281.642	54.896	90.065
111.290	280.919	55.123	90.084
110.298	279.753	54.720	90.994
109.861	280.434	53.982	91.000
109.059	280.977	53.591	88.653
107.936	279.304	53.009	92.467
107.011	280.569	54.134	91.140
105.476	280.225	54.151	87.909
107.095	279.728	51.251	92.001
104.985	279.861	53.578	88.351
105.864	279.349	52.149	90.465
106.348	280.073	53.010	90.654
106.513	279.676	54.749	93.655
107.096	280.291	55.589	88.701
107.889	279.999	57.336	92.397
108.341	280.833	56.266	91.399
109.486	280.701	56.717	91.391
108.920	281.016	57.955	92.982
109.326	281.507	59.473	91.053
109.377	281.065	58.259	90.716
109.978	281.238	56.928	89.469
111.208	280.883	55.120	91.516
111.471	281.321	56.044	90.030
111.496	281.383	55.151	91.052
111.961	281.506	55.589	92.163
113.265	280.997	55.387	90.258
112.646	280.698	57.326	92.977
112.598	281.686	57.189	91.758
112.445	281.017	58.405	90.605
111.432	280.897	57.965	92.837
111.190	282.117	57.053	90.847
111.088	281.043	57.860	90.796
111.993	281.731	56.117	90.816
111.956	282.725	56.594	87.672
112.257	280.577	56.674	91.620
113.120	281.602	55.375	90.931
111.365	281.227	57.174	89.930
112.590	281.230	55.787	90.385
112.177	280.762	58.094	93.397
110.703	280.939	61.102	92.500
111.400	281.163	58.345	93.484
110.577	282.262	59.891	91.122
111.372	280.566	59.040	92.388
111.384	280.695	59.721	91.700
112.518	282.016	58.586	91.447
111.131	280.094	60.970	94.059
112.285	281.259	58.850	92.769
112.670	281.918	59.571	92.662
112.584	281.886	59.945	90.192
113.376	282.475	59.536	90.713
113.663	281.466	61.782	92.509
113.228	282.453	60.943	92.513
112.854	282.317	62.318	90.181
113.919	281.674	61.603	92.246
112.874	282.183	60.914	92.991
113.763	282.544	61.050	92.533
114.946	282.398	59.758	90.756
113.382	283.963	61.518	91.834
112.884	284.145	61.129	90.336
112.688	283.632	62.241	91.806
110.200	283.805	66.648	91.080
110.857	282.980	68.140	92.686
111.324	283.596	66.329	93.271
111.810	284.797	67.127	93.479
112.288	283.957	65.325	94.539
111.811	285.609	64.675	90.752
112.165	284.913	65.054	91.557
112.555	283.898	67.806	92.428
112.931	284.288	67.371	93.751
113.038	283.958	69.151	95.701
116.470	282.820	64.590	96.687
112.302	281.653	64.851	95.823
113.487	281.842	67.516	96.057
113.759	281.829	67.303	96.461
115.449	282.406	67.728	94.664
115.307	283.004	65.231	92.828
115.936	282.731	62.760	90.217
115.896	282.274	60.759	93.654
116.369	281.315	62.964	91.238
115.288	281.990	64.470	92.770
114.484	282.100	65.328	92.369
113.716	281.270	65.999	93.355
114.046	282.908	63.423	87.900
115.212	281.696	60.353	92.557
114.391	282.149	58.966	90.003
114.036	283.071	61.327	91.542
114.527	283.601	65.134	90.433
113.951	281.758	66.303	94.111
113.075	283.251	67.066	91.424
114.394	283.268	63.785	90.303
114.271	282.429	61.674	90.637
114.561	282.540	63.435	91.069
114.839	282.332	66.101	93.082
114.573	283.180	65.917	92.128
114.199	281.716	66.186	94.177
113.745	282.393	67.145	93.197
113.745	283.008	68.533	96.024
115.380	282.691	67.364	95.267
115.371	282.397	67.151	94.494
115.276	282.691	67.844	95.280
116.189	281.354	66.382	94.349
114.026	280.625	67.826	92.712
113.481	282.122	64.250	90.655
114.268	281.869	61.678	90.361
115.212	280.603	59.236	91.344
113.764	281.904	57.358	91.083
115.247	281.169	58.427	91.620
116.285	281.297	55.062	90.594
113.187	280.791	56.171	90.092
114.660	280.136	56.624	92.533
114.942	280.897	55.461	93.466
113.901	280.969	61.452	90.366
114.552	281.612	56.214	88.813
115.873	281.523	57.459	89.593
116.588	279.688	54.266	91.926
115.662	280.217	55.521	91.905
115.627	280.418	55.906	90.850
114.850	279.512	55.211	90.842
115.935	280.601	56.289	93.447
116.753	280.901	54.686	90.868
116.822	280.093	57.481	90.609
115.565	280.254	58.820	92.699
116.185	280.870	62.087	91.217
117.446	280.058	62.481	91.086
117.016	280.815	64.699	91.651
116.670	280.189	66.665	91.684
116.755	280.722	67.260	94.285
117.804	280.749	66.652	94.587
117.185	280.433	67.669	94.391
116.206	280.113	68.515	94.282
116.840	279.816	67.918	95.580
110.965	279.431	72.736	94.430
109.678	280.087	74.212	97.336
109.022	279.980	73.538	98.657
111.862	280.366	69.469	98.830
112.635	281.181	64.833	95.553
118.589	281.072	61.133	93.785
119.296	280.018	61.692	96.453
121.153	281.521	60.243	94.760
119.907	280.508	60.265	95.750
121.911	279.751	58.822	97.300
120.646	279.915	60.874	96.764
120.218	279.697	58.420	97.946
122.009	278.988	55.020	95.947
121.450	278.814	56.542	97.911
119.557	278.024	51.928	95.988
116.897	278.512	52.626	96.957
116.732	278.606	54.320	97.330
117.837	278.588	53.588	93.493
112.828	279.951	54.237	95.172
106.935	280.666	61.489	95.515
105.344	280.528	64.163	92.623
101.784	280.892	68.483	95.929
105.094	281.591	64.113	92.468
114.527	280.400	54.987	92.974
120.143	281.390	50.573	87.944
116.823	281.075	49.849	91.242
118.112	280.313	50.933	92.958
115.637	281.981	54.956	92.794
118.615	284.247	57.469	91.809
119.942	286.901	55.607	87.677
120.697	290.911	56.618	82.269
122.561	293.653	56.676	79.410
125.475	295.332	57.725	79.580
125.779	294.755	57.074	80.893
126.729	294.723	55.761	80.667
127.069	295.904	55.721	79.922
125.711	296.013	56.738	79.968
124.815	296.424	59.064	79.033
126.883	295.599	56.540	81.978
128.141	293.608	54.793	81.831
126.769	290.461	54.657	84.795
123.258	287.553	59.213	86.926
118.351	283.414	56.083	88.968
110.001	282.013	48.658	90.379
102.829	282.666	46.677	81.763
95.667	283.400	45.462	81.672
88.902	282.749	48.477	85.868
82.538	283.727	53.838	85.585
68.504	285.370	54.128	85.524
56.801	283.558	51.842	88.360
46.653	283.026	55.973	90.053
30.180	281.653	63.085	93.904
18.127	286.019	68.920	94.108
10.385	284.777	58.096	97.673
0.255	282.501	61.421	98.377
0.509	284.325	55.607	97.087
0.000	287.742	38.193	95.107
0.000	305.065	25.620	73.169
0.329	294.315	33.680	73.531
0.000	283.638	52.929	76.961
19.856	285.324	57.333	85.022
43.441	283.901	52.931	86.179
69.504	281.223	56.878	89.071
89.635	280.915	56.613	82.749
105.601	282.366	55.707	85.986
124.176	281.359	55.814	82.343
145.142	280.016	56.446	85.459
170.411	278.758	55.793	86.028
182.189	280.174	53.355	87.955
168.382	281.262	57.842	109.284
160.996	279.106	58.885	108.032
156.253	278.784	52.358	108.890
142.047	279.601	57.731	112.306
125.781	281.968	66.453	111.028
115.913	281.356	60.774	112.128
107.612	278.924	54.759	116.381
91.943	281.663	58.647	118.024
79.253	282.510	64.784	116.494
72.239	281.997	60.994	120.050
67.316	281.349	56.528	119.555
58.711	282.457	52.879	119.424
32.149	283.215	70.509	118.936
27.935	285.999	69.846	115.398
26.972	282.737	56.613	114.890
64.014	280.275	52.583	118.356
86.453	281.668	59.689	116.879
120.055	282.979	63.034	113.161
149.228	277.574	58.939	115.939
169.081	275.684	57.560	118.592
199.652	273.534	58.045	120.530
222.694	278.370	63.712	116.450
248.629	277.182	62.961	118.734
281.579	274.695	50.358	119.860
292.552	275.070	50.979	118.511
282.120	276.954	49.297	116.271
262.667	276.784	58.992	116.561
255.236	274.920	54.632	113.964
248.374	272.990	50.380	114.740
221.185	276.421	64.460	114.580
215.584	274.411	65.267	118.339
213.173	272.519	56.630	119.679
204.967	271.361	48.158	121.917
182.446	272.229	64.641	119.148
170.756	273.589	68.206	117.102
168.876	273.626	66.095	120.743
166.829	272.942	53.108	121.054
157.633	273.367	54.290	121.874
133.881	276.330	66.485	118.972
129.028	274.691	63.033	119.566
127.106	276.497	56.924	116.293
150.770	277.640	54.468	115.242
180.916	277.034	53.571	117.340
203.368	278.109	61.332	110.549
244.721	282.337	57.272	109.948
290.912	276.856	51.455	114.430
323.870	278.035	51.088	113.359
352.505	278.867	60.699	111.619
367.418	265.774	58.671	127.023
363.869	268.958	58.151	123.936
363.389	273.834	55.280	118.142
361.966	276.862	54.963	115.200
361.075	277.080	54.028	115.550
359.503	280.375	54.303	112.265
359.280	279.296	52.785	112.372
358.375	279.745	53.328	113.067
364.537	279.645	45.882	111.921
363.450	278.423	47.580	114.123
364.312	280.843	45.793	112.355
363.085	278.175	46.143	114.680
364.121	275.346	44.390	118.139
364.445	278.715	45.103	114.284
363.451	276.711	45.410	116.076
363.850	276.459	44.684	116.404
362.600	276.459	44.368	117.627
363.329	282.729	43.718	111.529
347.791	279.215	59.207	114.981
343.398	280.984	65.259	113.129
345.247	280.311	61.794	114.084
361.386	280.967	46.114	114.990
360.933	276.930	50.952	117.122
362.219	278.621	49.866	116.518
362.626	274.040	49.606	120.851
363.990	275.819	48.470	119.935
358.996	276.734	55.000	119.115
359.868	274.804	53.964	121.559
354.723	270.020	58.308	126.317
355.058	278.096	56.341	119.545
356.627	277.241	55.673	118.327
359.280	275.201	53.888	119.834
361.134	277.483	52.130	118.302
361.822	275.489	51.530	120.690
361.655	278.133	52.887	118.132
357.468	276.358	57.626	119.784
356.428	273.854	56.764	120.856
356.172	277.333	56.447	119.376
358.281	279.308	55.085	117.322
358.748	280.199	53.956	116.406
357.941	282.150	53.961	115.129
361.823	281.185	53.497	114.276
361.995	278.842	49.359	117.346
359.799	279.998	56.394	117.258
361.843	280.709	52.518	114.802
363.186	279.958	49.150	116.595
361.846	276.840	52.969	120.526
361.230	279.316	53.190	116.479
362.178	279.489	53.971	116.525
365.074	275.551	51.123	120.807
365.954	276.358	51.391	119.825
366.783	277.909	52.442	117.677
367.437	278.825	52.303	117.799
367.956	273.895	51.118	120.963
365.260	276.677	54.437	118.956
365.169	276.764	54.357	119.092
366.410	272.821	54.183	122.323
363.929	271.838	55.228	124.425
357.155	266.825	62.510	130.228
353.505	265.835	66.090	130.344
352.077	271.905	66.317	124.413
352.302	262.825	62.644	135.359
352.036	265.154	64.925	130.675
354.811	266.864	63.600	130.779
353.104	259.056	64.437	136.815
355.801	264.854	61.511	131.773
352.082	260.822	66.773	136.365
357.840	263.905	59.435	131.886
354.060	260.333	63.116	137.160
356.121	256.416	61.337	140.877
352.194	262.638	64.761	134.993
357.607	257.742	60.454	139.187
354.928	260.386	61.854	137.167
358.386	253.327	58.794	143.135
354.558	265.090	65.372	132.618
357.644	255.351	59.379	140.893
355.208	259.999	63.216	137.476
360.876	254.281	58.324	142.267
356.877	260.785	59.306	136.782
359.156	257.771	57.575	138.936
358.495	253.198	58.282	144.186
360.955	263.152	58.394	134.398
359.163	256.406	56.210	140.842
362.387	256.925	60.696	140.284
357.209	260.936	59.993	134.653
362.062	263.676	60.149	132.533
358.800	263.355	57.045	134.575
363.300	258.321	62.987	137.891
358.529	257.629	61.607	139.045
362.423	257.487	62.409	138.483
357.529	267.452	65.703	128.791
361.092	256.907	64.466	138.535
360.040	260.833	64.165	136.435
362.089	257.005	60.386	139.091
358.890	266.922	61.820	130.440
362.108	264.749	61.430	130.574
360.471	261.894	60.184	135.540
341.653	272.792	57.820	123.046
304.743	268.780	57.128	128.380
270.034	270.308	61.155	127.482
238.123	267.095	61.195	130.972
228.392	263.454	60.250	132.923
265.745	273.230	59.913	122.671
294.784	266.934	53.722	130.290
332.834	268.680	54.514	128.631
323.341	264.379	56.816	132.161
282.592	272.586	57.193	125.103
250.317	268.581	58.901	128.044
224.140	275.637	53.534	121.938
211.684	267.565	59.688	129.176
249.997	271.036	55.003	125.943
281.170	266.613	56.348	130.478
310.529	271.110	56.682	125.512
340.872	272.223	56.685	123.757
298.572	267.539	59.460	128.597
273.070	270.917	55.726	123.837
252.670	274.499	55.328	124.467
225.708	274.272	55.677	123.467
223.031	271.575	55.836	126.539
252.467	273.759	54.967	123.602
274.273	271.095	57.077	126.847
300.776	268.930	61.048	127.060
321.876	274.298	59.543	122.397
305.114	266.241	59.251	126.730
274.816	274.025	59.865	122.754
242.214	269.626	58.315	128.205
204.207	269.435	57.992	128.145
224.201	273.916	54.965	124.768
266.613	269.371	51.467	129.240
300.276	262.754	57.530	135.817
340.941	276.946	62.954	119.021
315.643	269.378	54.722	125.051
278.767	270.740	57.410	126.587
245.980	269.700	57.774	127.022
212.305	272.165	60.463	125.579
206.085	271.758	56.848	124.728
244.412	274.286	58.897	121.982
280.338	269.157	57.463	128.946
336.239	268.963	56.848	127.225
323.593	259.912	57.328	137.314
284.411	280.243	60.735	117.603
262.450	264.341	53.473	132.402
232.800	278.372	56.509	119.876
207.203	265.855	55.332	130.809
229.785	280.112	57.156	119.404
259.738	269.713	59.290	127.395
296.148	271.823	54.984	124.283
321.824	272.630	60.803	123.344
297.753	275.359	63.290	119.851
258.034	273.726	66.732	122.989
222.227	274.351	64.678	122.115
211.887	271.322	60.449	127.051
228.425	281.870	66.579	115.862
264.455	270.572	58.862	125.400
288.654	274.902	67.373	123.590
303.734	269.552	63.416	126.529
267.546	273.044	64.769	124.595
222.101	270.285	66.993	126.521
205.981	272.753	69.257	125.428
209.861	273.143	68.098	125.429
246.919	271.619	64.367	124.195
271.148	273.712	63.926	122.141
299.907	268.949	64.812	126.727
321.371	260.349	64.606	136.362
276.807	272.664	71.429	123.758
240.045	273.680	74.134	123.790
217.986	275.887	69.448	123.028
184.413	284.212	59.897	117.645
222.120	278.313	63.078	125.378
254.189	274.767	62.464	124.418
277.638	277.824	62.400	122.310
316.963	274.328	55.816	125.075
330.768	274.387	58.474	125.198
330.368	270.780	64.219	129.087
323.787	270.117	68.755	130.178
332.955	272.416	61.884	126.625
327.219	265.120	70.959	135.955
328.498	271.849	66.350	127.685
327.028	269.627	63.598	130.728
332.121	267.461	64.089	131.869
327.973	273.277	65.149	125.760
326.123	273.784	64.487	124.451
329.707	271.481	64.949	128.396
334.086	272.721	61.445	127.574
326.296	265.100	67.187	138.587
331.962	267.140	65.442	133.019
322.398	270.436	68.514	131.987
332.517	268.538	63.015	130.646
334.952	266.147	59.180	135.370
330.921	267.553	63.810	134.590
337.949	265.838	58.496	135.398
334.562	261.155	60.087	141.805
338.327	266.474	59.777	131.500
336.184	259.416	60.492	135.803
348.518	261.841	51.947	136.508
337.029	265.725	60.693	132.053
342.036	259.198	57.053	138.111
336.286	264.929	61.082	131.844
337.527	265.196	57.951	131.074
335.684	270.307	57.682	127.259
335.900	273.200	58.260	123.956
337.675	276.468	58.392	119.917
342.651	275.922	54.276	119.348
345.339	274.713	54.845	120.352
347.242	275.246	54.508	119.696
348.963	279.974	53.022	114.988
350.476	282.261	51.058	113.911
351.288	283.626	49.990	112.631
347.715	288.663	53.035	107.499
350.164	290.718	48.081	105.549
357.828	287.155	43.184	104.847
357.898	289.904	46.839	100.587
362.140	287.783	48.216	105.987
363.782	286.254	52.534	108.331
367.713	288.379	47.611	111.221
372.833	281.099	50.097	112.262
377.765	283.018	54.783	115.161
381.326	284.779	57.772	109.708
387.293	280.539	58.319	112.682
390.516	281.711	59.441	113.834
391.104	282.005	63.466	108.410
392.603	282.479	63.510	107.434
392.713	281.630	64.617	109.976
393.784	281.008	66.055	109.662
392.798	276.920	67.795	112.429
395.338	279.368	66.739	113.849
393.344	278.891	69.820	112.634
395.032	279.877	66.646	114.315
394.845	280.131	66.299	116.915
393.468	281.145	66.666	116.870
392.226	278.385	65.341	121.328
391.759	278.714	62.017	118.800
393.197	282.841	59.201	111.574
392.815	284.973	58.278	108.304
390.594	285.045	59.549	110.794
392.021	286.208	56.234	108.824
392.961	287.823	54.975	107.302
373.238	286.290	56.634	109.328
339.315	287.258	55.220	106.178
304.136	289.131	53.199	105.381
270.863	290.203	50.768	105.936
246.797	290.409	51.301	106.497
253.353	291.126	52.972	108.338
254.808	292.637	56.975	106.775
256.884	290.590	62.674	109.064
262.048	290.673	63.852	111.153
259.954	289.221	72.311	113.813
265.160	286.705	72.883	115.405
271.128	285.330	75.718	117.579
279.877	285.219	77.617	119.042
287.686	283.966	76.129	120.195
296.865	286.706	72.839	120.145
305.849	287.774	70.793	116.848
313.809	287.041	70.203	118.071
325.527	288.186	66.597	118.347
307.338	290.214	71.250	114.480
282.950	291.643	69.345	114.241
254.528	295.333	75.145	108.276
231.652	294.166	65.047	105.090
218.217	295.366	54.109	108.773
206.821	294.332	58.747	109.668
176.243	296.621	60.771	108.846
151.514	299.862	65.678	110.933
134.944	301.649	58.339	110.990
120.428	303.060	68.459	104.848
112.107	307.583	64.744	102.347
131.183	300.008	76.615	112.788
153.543	303.310	73.838	109.196
168.713	302.030	82.101	118.840
196.790	302.513	65.551	122.639
206.219	301.539	77.411	122.641
227.321	302.588	80.764	114.363
260.473	303.181	73.887	112.190
279.583	304.960	74.905	102.885
306.378	299.938	72.128	105.616
322.080	301.209	62.918	97.000
315.008	303.616	50.104	86.268
316.778	304.391	49.696	76.694
305.547	304.694	49.964	74.850
276.058	304.000	65.400	71.116
274.719	307.964	75.561	78.793
262.311	308.101	73.557	86.984
246.232	308.032	80.957	85.313
242.612	308.320	76.381	83.875
233.727	310.632	54.438	84.340
228.667	310.729	62.071	76.180
212.971	312.421	73.595	87.027
205.514	314.211	76.220	101.210
192.278	315.258	81.988	105.025
173.420	316.380	86.591	106.452
172.688	318.199	63.437	112.409
170.486	318.144	67.649	98.610
153.013	318.864	85.245	99.349
144.477	321.690	77.024	104.799
124.677	321.739	93.491	114.307
122.708	324.067	85.922	115.186
142.601	325.679	93.879	110.711
171.884	323.506	81.307	112.005
196.902	326.055	75.867	101.708
219.555	324.528	77.375	102.545
242.297	327.329	94.291	111.716
264.602	328.052	93.281	116.310
275.840	329.431	103.471	117.507
292.568	330.832	121.174	121.837
294.924	333.669	115.535	125.343
281.987	334.670	115.934	132.233
270.088	334.126	112.900	136.123
256.665	333.717	108.144	138.814
270.892	334.002	106.108	138.848
290.658	340.891	95.376	134.296
311.820	343.696	84.207	133.398
327.151	350.955	75.029	126.085
346.282	357.650	66.589	120.327
357.206	360.843	63.213	115.968
368.049	366.340	62.064	110.567
379.677	373.579	63.302	102.866
