12.000	231.000	37.000	85.000
16.703	228.253	33.347	89.106
18.113	228.463	33.064	86.001
20.377	227.005	32.670	86.848
22.382	225.445	33.675	87.418
26.779	225.161	34.096	86.036
31.022	223.861	34.009	85.112
34.074	221.195	34.449	86.532
36.205	220.726	34.192	86.689
40.416	220.729	32.604	86.832
43.126	218.607	31.925	85.206
44.447	217.459	34.343	86.312
47.596	216.299	34.894	87.543
50.470	217.496	35.893	84.933
53.901	215.524	35.251	86.518
57.980	214.024	34.865	86.654
59.955	213.811	34.606	85.366
63.862	213.382	31.428	84.715
65.278	211.812	30.069	84.826
66.868	211.003	30.743	83.977
67.854	211.498	34.469	82.580
70.774	211.872	35.628	81.150
77.143	209.175	32.701	82.483
79.800	208.335	31.471	82.322
83.357	209.493	31.160	81.499
85.819	209.459	30.416	79.737
88.364	207.867	29.717	79.318
90.716	206.140	29.772	80.139
93.701	205.890	32.584	79.041
96.912	205.613	33.499	78.974
98.621	204.533	32.704	80.906
101.224	203.057	33.147	83.308
105.317	204.280	32.290	84.325
106.510	202.996	30.321	84.616
108.308	200.723	27.793	88.334
108.572	198.352	29.009	86.073
109.649	198.330	30.719	81.834
112.210	199.434	31.064	79.478
114.777	199.602	31.301	76.764
118.237	198.270	29.125	76.463
120.206	197.158	27.861	78.817
121.445	197.327	27.180	77.100
123.629	196.028	25.164	77.379
123.600	194.816	26.461	76.409
123.905	194.853	27.991	75.632
123.631	196.307	30.229	73.104
126.253	195.887	28.174	72.770
129.980	193.736	26.568	73.841
131.295	192.963	27.440	73.329
132.733	192.508	27.022	74.329
135.457	192.491	24.438	72.925
135.603	191.133	24.767	72.818
135.597	189.969	26.894	71.500
137.309	189.862	26.688	72.167
139.620	188.827	25.627	73.657
141.989	188.106	25.801	72.104
144.232	186.463	24.625	73.945
144.481	186.413	26.265	73.387
145.956	186.421	26.967	73.323
147.446	185.760	27.200	73.339
148.486	184.896	26.228	70.838
150.315	184.889	26.684	69.514
153.188	185.290	27.009	70.248
155.770	185.633	26.859	68.620
158.121	184.670	25.967	69.038
159.525	183.403	26.022	71.175
160.734	183.174	25.448	72.251
161.135	182.537	25.634	72.798
161.607	182.200	25.798	73.496
161.366	180.959	27.417	74.132
163.474	181.376	26.171	71.095
164.669	180.802	25.687	71.560
166.880	179.590	26.583	73.575
169.057	179.804	26.180	72.527
169.032	179.480	24.935	72.415
169.423	178.539	24.290	71.381
168.129	178.171	24.733	70.928
163.869	177.735	29.329	71.920
164.722	177.508	28.649	71.777
167.263	178.228	29.570	68.054
168.789	177.684	27.385	68.785
169.669	175.430	29.018	69.621
170.538	175.636	27.739	69.973
172.033	176.871	26.630	68.210
170.382	176.984	26.006	67.273
171.260	175.390	27.924	67.285
174.998	174.365	25.826	70.577
146.756	180.581	32.520	76.119
149.642	188.648	29.008	79.739
178.275	172.246	29.201	69.693
177.428	173.878	27.856	69.509
176.898	172.066	28.368	69.205
181.118	171.919	25.690	68.613
182.929	173.475	25.114	67.603
181.509	173.837	26.410	65.103
181.919	170.560	28.477	67.211
185.544	168.761	26.066	67.686
184.497	171.653	27.659	65.310
186.815	170.791	25.559	63.942
185.319	170.801	26.468	61.459
184.014	168.293	28.794	67.194
189.540	167.439	25.002	67.596
182.811	169.406	26.178	65.848
181.947	167.668	29.220	67.848
173.782	168.019	32.692	67.192
186.221	166.064	26.777	64.941
178.702	176.118	26.676	72.606
182.362	172.515	29.645	63.277
183.243	173.232	28.606	60.609
184.063	175.037	27.059	57.606
184.112	164.459	30.064	66.142
187.548	172.739	26.144	57.076
190.130	172.786	25.605	64.455
187.601	166.878	30.791	68.569
191.126	170.180	29.362	67.923
194.049	171.301	27.509	70.632
196.182	162.786	27.572	72.562
196.703	163.337	27.655	75.945
199.479	159.650	26.433	74.955
228.205	159.745	27.728	71.093
201.716	157.668	25.380	73.005
189.493	160.277	29.747	76.026
200.395	162.478	25.805	78.593
200.593	157.948	28.375	77.098
203.010	157.854	27.728	80.012
202.254	158.283	28.356	80.560
190.650	159.885	28.874	81.120
200.782	163.627	31.996	75.683
200.121	156.222	31.733	75.258
206.307	158.501	27.394	79.601
193.998	162.036	35.903	77.651
204.085	157.804	29.382	82.402
206.458	161.499	27.834	76.317
209.422	152.912	26.707	77.632
198.254	160.189	29.313	73.922
206.574	159.718	30.176	76.572
191.436	161.060	28.444	70.968
210.163	155.685	26.274	78.880
210.754	155.008	28.128	80.878
212.035	152.107	27.049	80.851
213.758	152.205	28.926	79.431
190.142	158.443	26.431	74.004
189.576	164.257	36.798	70.350
195.949	166.935	27.095	65.694
192.653	166.513	26.863	66.038
193.344	163.168	27.675	69.548
217.278	151.421	27.861	74.486
192.389	157.170	27.333	74.430
217.482	153.850	29.181	72.294
217.683	150.744	29.963	77.258
219.056	158.873	27.842	71.508
219.518	149.480	26.073	76.218
208.246	153.236	40.182	70.335
223.228	146.551	27.659	78.610
226.093	147.250	27.549	78.688
227.423	145.219	27.235	80.344
228.408	144.913	27.923	70.885
229.154	147.362	29.371	75.376
230.796	143.720	27.035	77.297
231.727	144.694	26.895	76.302
231.444	143.526	28.565	78.549
232.065	143.461	26.548	77.856
232.084	142.522	27.050	71.124
233.797	142.783	24.491	69.266
233.598	139.706	25.321	60.787
234.236	141.247	22.681	61.537
234.524	140.416	21.934	63.747
235.022	139.638	24.622	68.599
236.174	144.016	25.794	69.322
207.180	135.253	27.209	73.224
230.646	140.226	29.139	73.245
235.433	140.676	25.514	72.401
228.851	139.334	26.384	72.979
237.416	140.475	26.009	74.923
237.985	137.877	23.954	67.029
233.092	140.422	27.100	62.957
230.950	140.838	26.671	70.274
238.059	139.349	25.893	72.453
237.420	138.667	24.465	69.543
236.938	136.259	26.232	62.015
230.484	136.722	26.847	67.605
236.145	137.213	25.470	64.261
242.062	136.692	23.701	63.933
241.315	133.467	22.852	57.188
241.646	135.690	21.800	59.891
235.019	135.316	26.258	62.618
216.950	132.415	26.760	64.002
216.437	129.381	29.786	62.959
217.515	129.334	23.123	66.948
236.577	132.744	30.497	61.014
243.254	134.755	22.387	61.309
244.886	135.081	20.245	60.128
244.057	133.245	21.837	63.205
218.054	129.532	25.066	64.705
243.550	132.963	25.776	66.271
246.777	133.946	24.655	68.823
217.799	126.793	27.058	64.270
221.137	127.685	22.964	58.275
222.297	125.825	21.004	60.309
246.323	131.885	21.987	64.171
245.115	129.358	23.537	69.273
244.296	131.241	23.913	69.700
239.212	131.320	25.604	67.489
242.069	131.305	24.565	68.493
243.627	131.043	26.656	67.970
233.010	131.697	27.301	65.830
240.831	131.384	24.964	64.874
222.335	122.789	22.234	68.515
221.898	124.530	20.545	60.890
222.363	124.773	20.735	62.153
241.089	127.497	22.282	60.593
239.099	129.398	20.125	59.363
230.079	126.749	25.430	64.878
237.281	128.136	22.219	61.651
239.405	131.053	24.348	68.009
238.188	127.522	25.111	67.838
219.299	121.537	23.217	67.662
220.026	122.120	20.772	67.002
220.314	123.667	28.274	65.962
216.779	119.544	24.231	65.450
218.848	120.996	21.584	66.352
238.303	125.210	23.064	67.173
237.477	125.183	22.134	66.541
234.881	123.826	23.921	63.115
239.474	125.551	24.378	62.060
234.661	124.376	21.904	61.306
237.750	124.429	27.670	63.430
231.102	122.688	23.670	64.354
219.714	121.131	19.965	59.164
238.261	123.752	21.378	63.090
236.771	124.135	21.429	63.399
233.505	123.105	24.970	62.051
215.655	120.066	22.408	57.329
215.078	120.060	24.058	59.290
213.431	119.247	24.332	57.878
214.330	119.089	25.057	58.763
215.002	118.578	22.570	60.310
215.303	117.011	22.198	62.769
215.351	117.653	20.669	59.593
213.996	118.653	21.419	58.196
213.373	119.187	22.813	56.394
212.604	117.140	24.367	57.160
212.683	115.867	25.778	59.508
234.954	120.681	21.847	60.325
234.979	121.319	20.909	56.082
234.060	120.028	21.446	58.979
232.208	118.326	22.776	58.940
232.402	119.860	22.827	61.171
234.006	120.875	21.444	61.402
233.185	118.482	21.157	63.531
234.348	119.695	21.375	60.706
232.320	118.956	20.464	55.623
234.284	118.795	19.062	54.855
233.216	119.060	18.565	52.983
233.310	119.182	18.054	50.753
232.342	119.562	17.623	52.174
231.547	117.513	19.687	52.401
231.583	116.497	19.984	54.443
232.969	116.619	19.882	55.131
231.988	116.920	18.094	53.451
232.066	118.123	18.110	48.856
232.022	118.100	18.349	48.179
231.198	117.573	18.106	48.724
230.045	116.210	16.869	50.048
230.153	116.659	16.568	49.411
229.064	116.840	18.264	49.948
231.183	117.380	17.589	50.957
229.563	115.569	17.659	50.644
230.574	116.784	17.058	48.887
229.017	116.422	17.728	48.598
230.338	116.947	17.729	47.796
229.342	115.729	16.995	49.013
229.391	115.894	16.229	47.530
229.338	114.906	17.034	47.585
228.265	115.686	17.466	48.060
229.468	116.348	18.296	47.226
230.059	114.962	16.952	48.266
229.145	114.993	17.833	47.239
228.096	115.554	17.749	46.783
228.402	116.088	18.330	46.610
227.072	113.736	17.182	47.296
228.053	114.090	17.665	47.298
227.833	114.579	17.371	46.006
228.466	115.163	17.531	45.405
227.704	113.707	19.754	47.009
227.906	114.337	18.243	44.215
228.601	114.575	18.051	45.898
227.462	113.794	16.991	46.741
226.928	113.096	17.259	47.076
226.218	111.246	17.573	48.244
227.669	112.755	17.953	46.841
227.693	113.617	18.427	45.384
228.600	113.626	18.109	46.793
227.424	112.761	18.211	46.006
226.648	111.348	18.400	46.318
226.022	111.592	17.149	47.279
224.768	110.912	17.668	45.830
225.144	110.714	16.535	45.958
224.722	111.348	16.315	44.795
224.973	111.560	16.712	44.556
224.979	111.319	17.426	44.143
226.004	111.975	16.036	43.838
225.058	110.144	16.529	45.181
224.560	109.528	16.444	46.281
