431.000	353.000	57.000	130.000
430.802	355.590	56.590	125.078
431.892	355.284	61.739	126.145
433.506	355.300	63.536	127.166
434.950	354.865	64.041	127.285
435.999	354.316	64.540	127.505
436.536	353.812	64.625	127.739
438.060	352.489	65.676	129.099
438.555	351.507	65.404	129.929
439.437	350.605	66.915	130.262
441.792	348.973	65.700	131.661
442.090	348.110	68.795	130.560
444.197	344.915	66.922	132.002
445.877	343.144	65.174	133.093
447.049	342.236	65.097	132.847
448.905	342.053	64.532	131.790
450.469	341.080	62.657	132.400
450.577	336.457	62.594	132.242
448.548	332.636	62.949	131.935
445.658	329.806	63.569	132.452
443.734	328.743	63.702	130.482
443.870	326.471	62.867	130.435
443.973	324.290	60.944	131.267
442.748	323.735	62.315	131.662
442.018	325.026	62.645	131.760
440.870	326.664	62.570	131.433
439.155	326.496	62.771	132.114
432.637	325.831	64.062	130.621
428.708	324.766	63.368	130.968
425.314	323.792	64.342	131.716
423.748	324.713	63.441	131.783
422.738	326.380	61.489	132.538
420.872	327.475	61.694	133.301
420.683	327.762	59.811	131.768
418.741	328.611	60.059	130.735
414.969	328.747	62.916	128.822
410.084	327.951	65.596	129.220
395.614	327.317	66.707	129.736
387.809	325.327	65.018	131.583
383.361	324.939	61.673	130.565
378.842	326.128	61.355	128.370
375.746	326.797	59.544	127.534
373.739	326.082	55.232	130.517
369.910	327.774	56.900	129.767
364.799	328.668	59.344	129.399
359.773	328.762	61.044	128.426
357.499	327.024	59.592	130.825
351.912	326.464	64.253	131.200
350.479	324.061	64.718	133.973
349.243	323.865	65.321	134.001
346.596	324.867	68.015	133.482
345.117	326.642	67.775	131.850
342.428	325.828	67.798	132.435
338.522	324.990	68.860	132.191
335.970	324.485	67.732	132.764
333.155	324.830	68.304	132.224
332.542	323.056	67.423	133.496
330.356	322.644	69.079	134.550
328.596	322.393	68.618	134.993
325.101	323.302	70.350	132.888
321.254	323.995	71.458	131.385
319.692	324.293	70.415	131.579
317.651	324.808	69.277	132.564
314.602	325.201	69.439	132.972
312.194	326.662	68.849	132.266
309.196	327.100	68.281	132.360
306.338	326.810	68.318	132.395
302.882	326.519	67.795	132.754
300.999	327.610	66.962	131.612
299.143	326.278	65.753	132.802
296.647	326.393	66.497	131.887
294.900	326.806	67.007	131.241
294.043	326.096	66.950	132.074
293.971	326.100	66.842	131.379
294.094	326.275	67.492	131.094
294.625	325.353	67.306	131.706
295.269	325.413	66.926	131.088
295.942	325.057	66.446	130.913
296.894	325.850	65.957	129.997
296.793	328.346	65.667	127.549
297.763	329.316	63.547	127.038
298.876	330.388	61.778	125.569
299.209	331.695	59.921	123.713
298.190	332.276	59.610	122.519
298.032	331.470	59.160	122.696
297.970	331.567	58.875	122.278
297.410	331.480	58.688	122.526
297.973	332.609	56.818	122.078
297.249	333.821	56.965	122.384
295.674	333.867	57.039	123.157
294.077	333.689	59.359	123.951
293.142	334.192	60.479	124.062
289.837	335.223	64.042	124.002
288.393	335.516	64.860	124.792
286.866	336.591	65.361	124.250
283.063	337.751	68.542	122.764
280.450	338.710	68.960	122.356
275.665	338.861	69.818	121.821
271.654	338.173	73.603	122.137
269.677	336.682	74.881	124.032
269.343	336.278	73.984	125.568
268.235	336.285	73.114	124.930
265.484	335.731	72.666	125.224
263.503	335.048	72.361	125.185
261.571	334.715	75.112	125.251
258.879	334.787	78.070	125.302
256.734	335.587	80.046	125.061
252.647	338.099	75.089	125.557
250.481	340.109	74.876	124.868
249.018	343.363	74.082	122.742
247.933	345.289	71.522	122.408
244.696	346.477	71.324	121.534
239.645	347.096	70.054	120.400
237.438	346.427	65.802	120.326
236.105	346.804	63.081	119.555
234.680	347.567	62.942	118.935
233.927	347.887	62.328	118.553
231.452	348.841	62.226	117.347
228.986	348.243	62.859	118.858
226.818	348.244	63.925	118.894
225.772	348.961	64.453	118.252
225.129	348.522	64.539	118.523
224.751	348.201	64.140	118.844
226.552	347.594	64.240	119.508
229.072	346.037	64.711	121.148
231.464	345.319	63.637	121.738
233.895	345.194	62.608	121.919
237.179	345.683	61.106	121.970
241.266	344.780	62.271	122.293
245.748	343.320	63.390	123.110
250.458	343.329	63.080	121.945
253.672	343.933	63.123	121.085
258.786	343.396	64.203	120.853
262.393	342.576	65.575	120.793
268.661	341.769	63.645	121.197
275.262	340.937	61.694	121.331
280.615	340.644	61.349	121.871
284.532	338.127	61.055	121.798
286.978	336.348	59.150	122.625
288.539	334.802	57.633	123.684
288.867	333.332	59.308	123.958
290.387	331.167	60.167	124.641
292.696	330.344	62.422	124.407
298.157	330.756	63.492	123.940
303.959	330.783	64.118	124.066
308.945	330.867	65.723	124.683
313.225	333.363	65.671	124.425
319.067	337.187	65.767	125.361
322.465	338.778	67.275	124.184
327.463	339.047	65.498	123.621
329.397	339.631	65.805	122.570
330.489	340.404	64.606	122.458
331.542	345.104	63.831	122.391
332.860	348.457	62.989	120.768
335.426	350.678	62.514	120.349
337.584	352.424	63.031	120.338
338.762	354.684	60.950	119.953
337.066	355.219	61.595	120.495
332.482	355.534	63.250	120.646
327.958	353.629	63.327	121.518
323.270	352.328	63.318	121.237
320.592	351.871	64.505	120.442
320.437	350.573	65.486	120.899
320.359	352.738	68.014	119.619
322.230	354.430	67.051	119.185
322.770	355.695	66.270	119.769
323.261	356.490	65.725	118.963
322.885	356.843	66.226	118.241
322.042	357.200	64.130	116.154
320.515	356.302	62.490	116.410
319.023	356.218	61.338	116.128
318.295	356.308	61.065	115.170
315.817	356.778	62.580	114.319
313.217	356.737	63.488	113.445
313.397	354.870	63.654	112.704
312.100	353.905	63.444	112.859
311.873	353.598	64.032	113.538
312.558	353.847	62.608	113.453
315.898	353.981	60.601	114.020
318.583	354.165	60.817	115.635
320.707	354.479	60.796	117.644
320.772	356.067	61.008	119.314
319.489	358.327	63.444	117.319
321.023	359.859	60.569	119.898
319.805	361.417	63.151	118.741
317.900	362.157	65.527	118.228
315.605	362.960	66.724	117.749
312.716	364.121	68.012	117.262
308.442	364.584	68.822	116.810
303.308	365.054	70.759	116.228
299.298	365.804	68.760	115.392
293.825	366.415	69.334	114.542
289.627	365.351	68.461	115.506
288.136	364.060	62.277	116.552
289.320	361.614	59.791	118.174
289.900	360.418	59.879	119.138
291.570	360.867	62.055	119.804
291.518	360.660	66.491	120.737
292.396	361.345	70.142	119.664
291.946	362.516	71.476	118.881
291.051	362.404	71.909	118.454
290.723	361.141	70.783	118.088
290.191	359.462	69.094	119.014
289.117	358.056	67.284	118.606
288.567	357.040	66.545	119.711
288.186	355.632	65.401	120.725
288.761	354.520	63.900	120.764
289.610	354.217	62.091	120.404
289.434	353.638	62.512	121.750
290.806	353.050	63.092	122.799
292.475	353.244	62.732	122.739
292.221	353.285	64.008	123.100
291.085	353.240	66.271	122.430
291.242	353.130	67.234	123.471
293.073	353.511	69.716	123.660
294.509	354.460	73.849	122.619
297.997	354.844	74.188	123.560
300.519	354.766	74.582	123.666
305.590	354.272	71.378	124.243
309.768	353.664	71.043	124.285
312.300	353.107	71.306	124.427
313.843	353.065	72.171	124.351
316.840	352.965	70.758	124.726
321.107	354.435	70.769	125.922
322.893	356.171	72.628	124.948
325.187	355.662	71.921	125.724
326.883	355.320	71.735	125.945
327.236	356.085	72.872	123.934
328.699	354.488	71.719	125.555
331.217	353.348	70.171	125.357
335.525	353.123	66.861	125.495
340.881	352.782	64.142	126.327
346.006	352.620	63.339	125.405
352.038	353.625	63.808	127.012
354.673	354.264	64.314	126.702
357.047	355.235	64.103	124.994
357.517	355.213	68.005	123.535
358.072	355.104	71.571	122.814
361.176	356.490	74.120	121.539
364.068	356.652	74.514	121.590
369.549	355.880	71.528	122.570
370.650	355.170	74.210	123.564
371.918	355.719	77.078	123.068
379.884	356.062	73.889	122.928
388.229	354.231	69.158	124.865
395.081	353.637	65.685	124.258
402.801	353.262	62.509	124.122
408.529	353.037	65.467	124.475
414.339	352.646	64.866	125.589
417.728	353.389	65.501	124.473
420.620	353.390	65.520	122.668
422.164	354.301	66.875	121.887
424.164	354.526	67.137	121.418
428.494	354.377	63.859	121.166
431.117	355.677	63.161	119.380
432.665	353.396	60.770	121.067
434.719	355.437	59.678	118.018
439.020	355.117	57.516	119.109
444.932	358.040	55.845	114.070
444.151	351.196	57.924	120.509
445.610	354.792	59.906	116.339
450.418	354.460	62.034	114.296
456.921	354.812	61.672	114.629
462.733	353.850	65.043	112.867
460.477	354.563	63.693	110.758
460.274	354.868	63.244	109.083
460.956	356.103	61.997	108.853
454.417	355.352	63.768	110.093
456.799	353.314	68.958	114.028
455.419	354.269	61.325	113.753
466.016	359.180	71.578	107.741
503.002	353.110	58.966	112.331
504.864	350.164	62.557	119.859
516.341	350.585	57.801	124.244
519.848	351.087	54.577	123.834
519.639	350.065	63.371	123.786
521.542	348.420	62.391	125.168
520.532	349.310	66.156	124.160
525.767	350.231	69.160	125.659
529.054	350.853	71.057	126.818
533.585	349.793	69.842	127.731
536.212	348.219	71.361	129.232
539.120	346.613	71.343	130.488
547.153	346.548	67.947	130.569
552.416	346.197	63.839	131.432
552.121	345.311	68.779	132.743
554.574	345.800	69.917	133.120
556.077	346.557	70.325	132.228
557.095	346.916	73.890	131.325
558.677	347.105	71.848	131.486
559.518	348.455	70.863	130.721
561.167	349.308	68.613	130.459
563.625	349.530	66.064	130.549
565.650	351.218	65.537	134.389
566.428	354.118	65.079	131.606
568.919	352.998	63.585	133.030
567.463	352.571	66.803	132.905
567.230	353.471	70.490	131.859
566.344	354.850	76.715	131.199
567.773	355.106	78.013	129.310
570.830	355.082	77.835	129.680
572.004	356.843	78.734	129.614
571.012	358.012	80.372	130.341
568.519	357.294	81.042	131.118
566.318	353.391	78.515	132.666
563.500	350.858	74.465	133.175
562.412	349.823	70.096	132.741
560.374	350.589	70.709	131.599
562.157	349.916	69.673	134.098
562.601	350.644	70.779	135.732
563.245	351.105	71.800	135.232
562.348	352.538	73.705	134.390
561.549	352.627	75.159	135.935
561.054	353.104	75.496	136.010
560.917	353.862	75.882	135.631
560.872	354.351	75.399	134.886
560.735	354.448	74.621	134.953
561.183	354.070	73.571	135.849
562.114	353.111	73.906	135.257
561.594	351.874	74.471	136.174
561.361	351.286	76.501	136.037
560.962	351.533	77.329	136.442
560.452	351.021	78.336	136.173
558.860	349.995	80.203	137.153
558.087	348.927	81.675	138.668
557.673	348.826	81.951	139.025
557.637	348.178	80.876	139.307
557.124	347.692	79.620	139.167
555.354	347.252	77.620	139.437
552.836	348.180	76.895	138.900
551.943	348.232	75.041	139.322
551.109	347.585	74.817	138.223
551.097	347.186	74.004	137.892
551.981	346.819	71.936	139.335
552.840	347.564	71.135	139.953
555.470	347.961	70.302	139.983
556.090	348.708	70.840	139.427
556.758	348.836	70.490	139.934
556.446	348.813	71.217	139.921
556.840	348.124	71.774	139.604
558.256	347.555	72.513	140.466
560.182	347.706	71.785	139.957
562.460	346.984	71.810	141.660
564.602	347.421	71.454	141.167
566.874	346.166	70.658	143.322
567.791	344.990	70.981	145.134
567.998	344.005	71.770	145.917
567.931	343.372	72.505	145.588
567.263	343.413	73.150	145.386
567.433	344.484	73.588	144.344
565.758	344.952	76.204	144.583
563.074	345.736	79.258	144.443
560.051	345.967	82.132	144.040
557.032	346.391	85.553	143.898
557.220	347.492	83.934	143.431
557.942	348.217	82.045	143.090
561.060	349.520	76.527	142.927
564.133	349.876	72.555	143.824
565.377	350.774	70.687	143.524
559.340	352.932	74.268	142.096
556.615	354.408	75.025	142.047
555.208	356.819	75.817	140.225
556.043	357.639	74.688	140.904
556.628	358.695	74.691	139.806
563.012	359.434	68.545	139.480
565.745	359.368	65.596	139.162
567.239	358.162	63.506	139.245
567.568	357.511	62.897	138.606
567.443	356.445	62.943	138.378
566.978	356.040	63.255	137.751
566.231	355.413	64.191	137.763
564.974	355.859	64.914	136.845
563.779	355.356	66.505	137.159
562.429	355.420	67.678	137.956
560.586	356.650	69.995	138.442
559.532	359.113	73.290	137.154
558.870	359.371	73.801	137.932
560.065	359.456	72.035	137.057
557.590	360.109	72.252	137.008
555.026	360.109	72.410	137.008
554.713	360.201	72.365	137.436
554.985	360.476	72.526	136.414
554.474	360.713	71.935	136.237
553.735	361.043	71.173	135.744
551.778	361.877	70.679	135.006
548.991	361.822	69.899	134.851
543.794	362.860	71.673	134.305
539.748	362.472	71.180	133.655
537.085	359.789	71.369	135.226
534.960	357.944	70.977	133.907
535.592	357.868	68.020	133.435
535.305	357.552	66.587	133.657
535.060	357.421	65.323	133.366
535.223	357.867	62.747	132.761
537.230	358.550	59.353	132.239
537.770	358.565	61.589	131.827
537.463	356.383	64.053	134.293
536.814	356.518	65.371	134.666
535.841	357.421	67.379	133.227
529.833	357.666	72.524	132.336
527.350	358.487	71.605	131.055
525.180	358.394	73.116	130.719
520.825	357.745	74.605	130.423
518.339	357.015	73.256	130.927
511.633	354.634	71.775	134.113
507.594	353.711	69.405	135.434
501.534	353.387	68.583	136.188
494.379	354.952	71.370	134.622
491.818	354.225	70.114	135.938
491.253	353.528	65.767	138.443
489.742	352.599	61.525	138.986
487.711	354.943	60.852	136.794
486.004	356.763	60.204	135.042
484.329	360.104	59.875	131.806
477.949	361.483	63.559	132.989
474.077	362.006	64.998	133.086
468.806	360.303	67.425	133.185
461.169	366.390	69.848	125.594
453.153	367.898	73.266	122.612
448.609	362.764	71.889	125.956
446.678	360.930	68.147	128.436
434.354	361.239	66.248	128.040
439.790	362.081	68.431	127.782
422.344	362.573	73.245	128.441
427.227	361.297	69.905	127.843
430.476	362.005	69.408	128.387
421.817	362.118	72.984	127.736
426.035	359.608	68.566	128.853
404.672	365.959	64.814	123.225
405.896	370.124	54.086	120.343
407.897	358.740	52.483	131.689
403.995	367.614	55.241	121.727
404.489	367.162	51.340	122.875
400.437	368.367	49.323	121.312
392.988	367.482	48.367	123.283
392.185	365.859	51.128	124.962
388.300	367.208	52.840	124.442
384.249	367.539	58.255	123.059
380.488	367.831	58.494	124.029
374.104	367.290	58.669	125.288
368.217	366.842	62.630	125.178
362.220	366.464	66.558	125.239
357.895	366.710	66.427	124.350
355.077	365.236	66.627	125.259
352.395	364.107	66.300	126.097
351.698	364.191	67.271	125.674
350.457	363.923	68.890	126.386
347.964	363.283	70.387	127.342
343.632	363.000	71.893	128.562
340.177	362.701	69.277	130.572
335.871	362.348	67.876	130.362
330.386	362.238	69.323	130.782
326.002	362.524	71.969	129.451
324.200	362.744	73.560	128.641
317.119	363.617	77.882	128.506
316.350	365.021	76.729	127.821
315.324	365.533	75.570	127.642
314.254	365.914	72.814	127.123
312.733	366.045	70.341	127.394
308.385	364.365	66.769	127.736
305.624	364.612	63.937	127.145
302.940	365.003	62.685	127.278
299.347	365.748	63.899	126.914
296.484	366.268	65.228	127.758
290.959	366.822	63.439	128.655
287.196	366.007	62.001	129.164
284.381	364.297	61.661	128.234
281.584	362.376	61.324	129.248
279.637	360.927	61.891	130.077
276.471	359.886	62.216	131.630
274.431	360.101	61.977	131.719
271.643	361.474	63.560	129.796
269.197	362.534	63.426	128.142
265.855	363.604	63.821	127.979
263.144	363.773	64.259	129.102
260.499	364.408	65.602	129.038
256.784	365.491	66.718	128.178
252.781	365.501	67.594	128.650
248.483	364.935	68.254	128.189
242.438	364.310	66.258	127.551
238.658	363.451	67.352	128.417
236.527	362.986	66.574	129.015
234.594	363.283	66.791	128.988
232.454	363.758	67.512	128.514
231.130	364.901	65.550	127.747
232.183	365.227	62.248	127.973
231.569	365.272	61.027	127.510
231.078	365.134	60.278	127.360
229.644	365.216	60.992	126.951
228.281	364.867	61.362	127.478
226.776	364.916	62.242	127.285
225.738	365.400	63.086	126.509
223.543	364.933	64.863	126.755
222.902	364.787	65.790	126.012
223.149	365.153	64.844	125.336
223.841	365.413	63.328	125.901
225.139	366.671	60.458	125.813
225.458	367.102	58.291	126.053
223.183	367.796	59.647	125.098
218.711	367.852	60.052	125.569
216.424	367.391	59.244	126.483
213.576	367.007	60.091	126.986
210.673	366.597	61.595	126.394
208.419	366.720	63.223	126.360
208.298	366.913	64.027	125.460
208.039	367.507	66.146	124.749
208.320	367.447	67.586	124.136
208.165	366.956	67.138	125.020
205.623	366.764	68.143	124.787
202.382	364.855	67.902	125.274
197.578	363.784	65.504	124.790
196.608	363.188	63.566	125.589
197.470	363.482	62.012	125.537
198.864	363.380	63.640	125.918
200.105	363.086	67.056	126.831
197.809	363.635	72.371	127.356
197.700	362.832	74.332	126.615
199.519	360.994	74.755	127.228
205.072	359.954	73.845	127.505
211.341	359.166	72.690	128.588
223.462	361.906	71.669	129.848
232.337	362.133	71.649	131.355
241.425	363.503	72.182	129.380
249.440	363.221	72.120	128.405
256.280	362.483	69.782	129.496
262.548	362.656	67.124	130.299
265.448	363.557	65.407	130.989
266.203	365.435	66.034	129.645
266.050	365.376	66.728	129.733
265.240	366.679	67.630	129.970
264.067	367.403	66.725	129.665
263.602	367.014	65.487	129.906
262.414	367.099	65.589	129.448
262.630	367.311	67.885	129.120
263.424	367.277	67.681	130.207
266.665	367.519	67.910	132.436
269.798	369.619	66.587	132.629
272.002	370.780	65.571	133.293
272.973	373.167	66.095	132.483
274.247	375.311	65.991	130.420
276.194	375.825	65.526	130.763
275.777	375.638	65.419	130.303
273.925	375.460	66.459	129.631
273.068	375.121	68.894	129.091
273.708	375.320	69.720	128.399
277.090	377.783	71.880	127.311
279.347	378.814	73.378	128.118
280.864	379.129	74.750	128.092
282.438	378.854	76.176	128.121
287.172	378.049	74.976	128.659
296.213	377.830	71.027	128.940
301.675	376.695	68.498	130.855
308.569	376.718	67.146	132.276
312.928	378.019	66.729	131.425
317.362	378.994	65.203	129.436
318.683	379.743	65.215	128.227
319.080	379.290	65.905	127.606
318.823	377.743	66.030	128.360
317.609	378.684	67.259	126.645
318.534	379.011	68.084	125.118
319.547	379.000	72.973	124.553
321.149	379.065	72.129	124.130
323.159	378.276	73.089	125.195
325.971	378.106	76.277	126.155
331.946	376.606	74.023	126.980
345.793	378.232	67.327	127.154
352.689	378.324	64.302	128.830
359.499	379.271	63.092	128.693
363.230	380.048	62.133	129.546
366.199	382.484	58.864	124.777
366.916	381.110	53.446	125.622
365.879	380.415	54.820	125.989
365.998	379.667	54.870	126.376
366.059	385.773	54.474	120.335
366.517	379.934	50.388	127.192
366.973	384.281	57.993	122.624
366.865	386.857	56.698	123.267
363.064	389.469	60.465	121.467
364.812	391.262	57.585	120.860
361.399	390.986	59.703	120.020
361.738	391.988	57.316	119.717
360.028	391.758	61.209	120.959
361.032	390.665	61.926	121.957
359.536	389.080	60.777	123.285
362.985	388.384	64.623	124.076
424.393	384.318	60.840	127.619
425.429	389.982	59.967	121.629
431.429	392.338	58.586	121.668
438.882	393.503	57.684	121.440
443.009	393.159	58.128	124.021
451.159	396.920	57.300	120.611
455.338	399.214	55.587	119.299
458.068	398.709	57.846	118.590
461.224	398.348	58.999	118.493
465.929	397.398	61.201	118.703
475.029	395.087	61.178	121.745
479.368	395.158	60.794	121.504
341.856	376.586	65.779	114.894
333.265	375.195	63.857	117.712
329.547	376.061	63.881	116.724
323.470	375.852	71.513	115.667
317.321	375.078	76.014	115.311
312.253	374.606	75.233	116.017
307.735	375.076	71.161	114.857
305.573	376.448	68.710	112.416
303.284	376.929	67.309	112.110
300.163	375.870	66.759	113.447
297.611	375.263	65.752	114.379
295.099	371.765	60.536	117.284
291.580	371.170	59.593	118.209
286.601	371.312	60.700	116.214
281.851	371.212	60.942	116.043
276.140	370.893	60.134	116.033
271.482	373.234	59.529	114.092
267.683	373.029	60.125	114.745
264.884	373.618	59.781	114.245
261.626	374.212	59.758	113.445
257.345	374.357	61.445	113.533
251.640	375.230	62.634	112.049
249.965	374.520	60.361	112.499
247.223	373.663	60.055	113.960
243.952	372.627	60.751	115.124
240.695	373.072	60.854	114.608
234.922	372.558	61.565	115.681
228.869	372.496	66.858	115.574
222.252	370.460	72.067	117.297
217.171	369.666	72.756	116.918
214.963	367.931	68.854	117.880
211.999	367.212	67.051	118.504
208.938	367.688	67.620	118.380
206.656	369.023	67.117	117.328
205.242	369.717	66.075	116.385
202.840	369.835	64.436	115.788
200.686	368.715	62.695	116.232
198.661	369.452	61.086	115.931
198.321	368.852	60.525	116.656
199.203	369.166	62.357	116.506
199.452	368.716	61.362	118.161
197.591	368.708	62.184	117.780
196.823	367.287	60.766	119.090
193.678	366.560	62.258	118.936
188.513	366.365	65.026	118.914
185.838	364.941	66.189	120.423
182.999	364.491	66.572	120.531
182.770	363.571	64.021	121.464
183.240	363.710	63.663	121.123
183.605	364.386	64.818	120.088
183.859	365.031	64.798	119.330
184.738	365.016	67.059	119.335
184.718	364.876	69.256	120.259
185.543	364.596	70.576	120.578
185.855	364.622	71.929	120.496
184.532	364.650	74.715	120.515
185.264	362.973	76.759	121.379
187.019	362.247	75.974	122.301
189.520	361.167	75.050	122.911
191.517	361.876	74.219	122.672
192.308	361.597	75.277	123.509
192.406	361.679	74.976	123.678
193.779	361.793	74.936	124.660
194.207	362.042	76.369	124.695
193.606	362.847	78.072	123.651
194.578	363.875	78.088	123.102
194.956	364.245	80.464	122.596
200.186	364.809	79.487	122.662
202.605	364.328	79.311	124.063
205.859	365.237	80.134	123.001
210.980	365.402	78.406	123.376
218.743	364.472	72.990	124.980
227.915	364.856	73.340	124.882
234.624	364.265	70.859	126.736
238.628	365.171	70.446	124.935
240.745	364.957	71.738	124.221
242.337	364.807	72.538	125.190
244.065	365.757	75.869	123.754
246.076	365.574	75.627	123.754
248.134	366.240	76.130	122.614
251.831	366.594	75.191	122.216
255.669	365.882	75.221	123.748
262.978	367.089	74.146	122.251
269.684	366.054	72.131	124.134
277.927	365.504	67.534	124.802
282.384	364.639	67.487	125.850
288.295	364.169	65.983	126.471
293.518	363.236	64.950	126.824
293.394	365.313	67.218	124.297
294.128	364.124	71.512	125.445
294.699	365.402	75.687	124.766
295.918	367.011	78.784	122.994
298.926	369.002	80.815	121.583
301.375	370.674	80.791	120.387
304.207	371.802	80.238	118.807
307.323	372.365	81.479	118.802
311.853	373.058	81.050	118.217
323.642	372.030	73.330	119.967
329.693	369.909	68.290	121.757
335.333	369.149	64.446	122.129
338.872	369.896	61.729	121.477
341.355	369.887	58.988	122.184
347.735	371.834	54.453	118.831
349.090	371.602	54.430	119.640
351.927	374.421	54.037	116.821
354.699	370.845	52.233	121.112
355.282	370.988	54.636	120.696
356.920	369.626	56.305	120.897
357.963	375.026	60.490	116.262
358.668	372.379	56.402	118.748
357.491	372.693	62.342	117.605
359.361	376.969	66.896	113.152
360.892	375.413	66.633	114.182
405.332	375.057	73.835	115.743
418.403	373.577	71.705	115.016
436.675	371.196	55.198	119.776
437.647	366.772	53.377	125.334
438.488	371.392	59.461	125.037
441.441	372.720	57.293	124.741
441.005	373.571	58.182	125.604
440.457	375.080	59.613	123.877
442.967	376.607	60.838	122.357
442.053	378.417	67.113	119.854
442.691	377.976	69.567	120.473
445.285	377.428	70.201	121.767
449.447	377.346	69.612	123.219
451.888	376.394	66.459	124.906
455.673	377.310	67.498	125.247
457.954	377.211	70.497	125.854
462.366	377.764	71.807	126.750
465.502	379.103	74.451	126.578
469.267	380.480	75.337	126.067
472.818	380.285	77.076	126.858
476.259	380.298	75.737	125.574
478.694	378.772	74.656	126.893
480.093	378.441	75.672	125.873
483.289	378.154	75.584	125.111
489.767	377.975	74.902	124.364
494.885	377.920	73.135	124.796
501.639	377.964	68.927	124.614
504.866	377.080	69.773	125.898
508.749	377.056	70.013	126.224
513.987	376.337	70.736	127.030
519.671	375.624	70.229	126.651
524.278	376.204	71.646	126.628
528.774	376.864	72.993	125.731
532.936	377.158	73.631	125.379
539.104	378.756	74.406	124.140
542.069	379.303	74.245	124.469
545.365	380.162	74.054	123.661
548.905	381.621	74.939	122.465
552.669	382.936	75.040	122.090
559.584	383.172	74.661	122.224
563.530	382.308	74.529	124.156
568.936	380.185	72.189	126.144
572.988	378.920	71.186	126.942
575.187	377.537	71.812	127.693
575.964	375.089	76.933	128.696
576.365	374.490	82.199	128.693
577.526	375.156	85.029	127.840
577.224	375.760	86.975	126.506
577.784	376.175	86.100	125.287
580.499	375.740	84.962	125.450
584.127	376.271	81.891	125.616
587.379	376.712	81.279	125.340
592.346	376.067	77.697	126.964
596.104	374.903	75.402	128.798
600.905	374.464	75.148	128.356
604.484	373.010	74.685	130.178
608.806	371.864	73.101	131.890
612.755	371.505	71.373	130.948
616.571	370.713	70.485	131.491
618.776	371.169	72.039	130.588
622.025	371.530	73.193	130.581
622.510	371.980	74.916	130.398
624.442	372.162	75.171	130.945
627.285	371.703	74.657	132.070
630.300	373.494	73.969	131.801
632.132	374.048	73.011	131.548
633.013	374.638	73.770	131.039
633.266	374.150	75.155	131.964
635.994	374.480	74.334	131.933
640.107	374.845	72.835	132.842
644.055	375.175	72.695	133.164
646.420	374.679	72.542	134.039
648.660	373.814	72.583	135.024
651.886	373.327	73.347	135.903
653.072	373.299	77.390	135.669
654.195	372.782	80.419	137.190
655.897	373.033	83.786	136.802
657.269	373.844	88.027	137.818
661.875	375.491	86.643	137.306
667.816	376.809	83.665	137.524
670.093	376.510	83.133	138.515
671.570	376.430	79.578	138.632
671.246	375.906	78.824	136.264
671.914	374.775	77.660	137.686
673.715	374.327	75.808	136.648
675.157	374.602	75.255	138.298
676.730	374.181	76.288	140.442
678.431	374.432	74.919	140.414
680.174	373.735	74.631	142.266
682.612	371.238	74.293	141.837
684.857	371.775	75.033	142.516
686.857	372.646	79.377	145.072
689.798	373.576	82.185	145.734
693.726	372.736	82.494	147.630
694.358	363.137	80.788	148.503
689.739	358.129	82.184	146.755
688.192	357.532	80.967	145.740
690.551	357.784	79.581	145.520
694.675	358.274	81.299	147.436
707.886	359.130	76.314	149.240
712.549	361.155	73.926	146.514
714.073	361.377	73.616	146.816
714.185	360.817	74.194	146.757
715.213	359.790	72.071	147.044
715.284	358.093	73.839	146.137
715.188	357.303	75.395	145.656
714.812	357.110	76.152	145.784
716.481	357.805	78.461	146.543
718.554	359.055	78.890	148.989
719.226	362.280	78.602	147.060
718.701	363.993	75.355	145.130
714.804	364.771	75.882	143.808
709.404	365.597	78.579	142.491
704.417	365.438	79.637	141.163
693.550	365.429	79.462	142.690
688.080	364.951	77.514	144.838
683.352	364.070	74.721	147.936
679.510	363.926	72.212	148.352
675.846	362.990	75.875	148.443
673.327	361.030	77.381	149.467
673.252	359.568	77.207	150.632
673.604	361.415	74.117	150.769
672.043	362.985	73.683	150.845
665.663	364.580	80.663	149.346
658.273	368.202	82.174	145.625
650.516	369.749	80.665	143.991
649.141	369.064	78.149	142.988
647.384	369.695	77.793	141.566
644.963	370.047	79.610	141.115
643.180	370.623	79.567	140.492
638.984	370.738	78.036	140.126
637.446	368.963	77.400	141.834
631.853	367.521	79.522	142.567
627.472	365.960	77.858	143.631
623.220	364.559	74.757	145.688
616.494	364.456	77.276	144.681
612.784	364.267	77.818	144.565
609.447	364.949	78.689	142.476
607.333	366.060	79.464	140.482
604.594	366.811	78.891	139.875
600.995	366.707	79.584	140.231
596.707	365.358	81.566	140.191
592.793	365.130	81.880	138.967
590.114	364.464	80.976	138.385
587.611	364.501	79.552	136.851
586.831	364.849	75.138	136.581
586.782	366.177	72.047	135.820
586.433	366.502	70.490	137.595
585.906	367.403	67.944	138.618
584.083	369.698	67.927	136.780
579.659	370.964	67.756	136.700
576.679	371.189	68.058	137.156
575.045	369.437	67.422	139.216
573.660	369.448	67.479	138.095
570.983	369.673	69.952	137.121
568.594	370.599	70.442	137.747
568.286	372.295	67.799	137.592
566.843	373.753	67.717	136.660
565.766	374.755	67.088	135.712
561.461	375.323	68.143	135.437
552.949	375.554	70.245	133.955
545.882	375.818	72.898	133.359
538.602	376.062	73.616	132.112
536.132	375.130	70.221	132.267
533.738	374.957	70.394	131.729
528.382	374.144	74.599	132.106
526.471	372.766	74.763	132.896
524.349	372.721	75.309	131.491
521.149	372.059	77.263	131.935
518.857	371.409	76.385	131.706
512.500	371.230	76.585	130.393
509.220	370.295	77.100	131.862
507.213	369.736	76.280	131.869
505.161	370.047	72.817	130.557
504.683	370.158	69.689	131.085
502.293	370.357	69.439	130.140
499.282	370.651	69.981	130.098
497.816	370.250	68.103	129.434
494.309	370.335	67.806	127.921
491.776	366.759	67.103	130.521
481.868	363.526	72.269	128.968
473.880	360.637	72.973	130.737
468.057	359.240	71.582	129.215
462.918	358.447	71.634	128.519
459.677	357.352	71.863	126.987
456.278	354.654	72.220	127.860
454.659	353.617	73.725	126.486
453.043	351.538	72.748	128.775
450.612	350.211	71.515	127.898
448.045	347.563	69.606	128.406
440.081	343.366	68.595	126.712
438.220	337.237	63.228	131.462
437.090	335.754	61.467	130.623
437.946	334.302	57.133	131.156
439.245	330.787	55.512	133.856
440.947	339.320	58.580	120.397
446.396	336.146	52.588	121.864
449.848	335.456	48.508	120.900
450.533	332.194	48.403	122.204
451.507	330.125	47.445	123.635
447.585	324.238	53.959	122.937
428.725	324.638	87.397	121.516
378.629	319.229	84.478	123.409
387.964	319.170	82.398	121.921
392.384	317.392	82.353	125.791
399.332	315.024	82.495	124.609
399.446	318.893	87.371	121.502
400.999	319.943	82.486	120.383
408.334	321.190	81.089	119.865
388.187	327.036	71.878	113.958
390.869	329.479	56.602	121.036
391.695	328.630	50.322	121.527
388.325	329.173	52.424	121.623
385.364	330.656	50.228	119.857
380.452	330.835	54.625	119.753
376.291	333.433	52.975	117.856
371.051	333.058	55.801	119.885
368.626	333.642	54.756	118.890
364.925	334.690	56.474	118.500
362.216	333.031	56.674	120.172
353.996	333.333	62.008	120.381
348.425	333.930	65.407	118.718
345.881	334.689	64.627	119.499
343.010	334.356	64.214	120.293
339.893	334.188	66.278	121.344
333.889	335.870	69.919	119.764
331.128	337.292	71.450	118.564
329.967	337.222	70.964	119.323
327.481	336.941	70.754	119.069
323.673	335.920	70.538	118.910
318.610	333.006	67.459	120.756
317.091	332.937	64.132	121.117
315.929	333.652	61.261	121.993
313.101	335.682	61.154	122.135
311.050	337.668	60.697	122.186
305.973	339.863	62.657	121.971
301.539	339.310	63.936	122.682
295.285	338.900	66.703	122.212
294.391	337.769	63.763	122.846
293.556	338.297	61.853	122.629
292.784	339.529	58.201	124.819
290.206	341.283	57.538	121.659
286.732	340.725	58.812	121.453
282.799	339.339	59.366	120.594
280.258	339.019	57.218	120.659
279.410	338.963	55.726	121.762
279.294	340.124	55.340	122.060
277.855	341.641	56.443	122.391
275.007	342.006	57.440	122.252
272.534	342.870	58.926	122.071
267.665	342.380	60.448	121.829
266.824	341.686	59.114	122.229
265.949	341.137	58.617	122.885
263.818	341.319	59.338	122.343
261.705	341.593	58.576	122.757
259.849	341.363	58.799	123.128
257.705	341.076	59.315	123.482
254.876	340.225	60.983	124.809
251.034	340.933	63.573	124.274
248.281	340.412	65.749	124.339
245.827	340.670	67.440	125.934
244.024	341.331	69.355	125.626
244.099	341.085	70.130	124.971
244.099	340.417	71.198	125.781
245.855	340.872	71.531	125.899
249.367	343.671	70.202	126.854
251.197	345.192	69.820	124.927
253.584	346.116	68.038	124.059
254.564	345.985	67.605	123.504
253.851	345.572	67.768	122.708
254.919	345.952	69.075	121.876
257.147	346.281	70.023	121.432
259.811	346.701	71.130	122.113
262.001	347.690	73.387	122.421
263.540	348.594	75.775	122.682
266.850	348.789	76.798	122.291
270.007	348.290	75.630	122.087
273.396	347.293	74.173	122.823
276.801	346.219	73.164	122.422
280.534	345.745	71.213	122.829
285.712	346.487	75.845	122.037
292.241	346.786	73.526	123.696
295.994	348.237	73.393	122.105
297.925	348.275	73.819	122.584
298.959	348.307	73.889	122.026
301.683	348.471	72.004	120.697
303.166	347.852	75.636	122.434
306.108	348.041	76.432	123.973
309.125	348.719	77.439	125.589
314.263	349.899	76.700	126.569
320.940	351.576	74.675	127.496
328.022	352.495	73.857	126.758
329.955	352.625	73.799	127.343
330.371	353.474	76.263	126.555
330.133	356.565	78.431	125.261
331.235	358.843	77.991	123.464
334.138	363.205	78.281	119.600
335.891	364.068	75.558	118.439
338.483	367.176	77.219	114.373
343.205	367.386	77.102	113.974
345.075	368.265	76.568	112.669
355.469	366.739	65.289	114.262
363.879	364.257	54.955	116.397
363.731	365.920	61.911	114.214
370.615	364.402	61.514	115.147
370.957	368.722	62.824	111.109
372.660	367.657	69.514	109.491
376.145	368.839	79.301	107.664
387.070	363.244	84.087	112.839
453.049	367.058	57.950	116.788
452.141	367.530	54.438	114.771
454.187	365.761	56.366	117.019
456.387	365.438	54.650	118.400
456.523	364.678	57.427	119.939
464.339	362.814	56.521	123.345
464.743	361.654	62.657	124.550
470.551	360.420	66.549	128.497
473.074	360.254	70.682	129.237
478.533	360.960	74.154	127.904
484.544	361.523	78.709	125.006
493.623	363.126	81.528	125.063
520.459	362.831	82.656	126.100
546.152	365.035	76.469	127.648
