677.000	138.000	18.000	40.000
674.497	139.693	21.470	38.500
674.316	139.168	21.321	38.564
673.576	139.942	21.589	37.628
672.450	139.541	22.303	37.447
672.488	139.459	21.654	38.764
672.672	139.819	21.670	38.330
671.995	138.982	21.852	39.508
672.048	138.807	22.050	39.813
671.508	138.526	22.615	39.555
671.192	138.015	22.704	40.348
670.773	137.971	22.897	40.553
671.861	137.799	22.787	38.714
670.810	138.344	23.573	38.096
672.241	138.919	22.538	37.099
670.134	138.789	24.601	38.943
671.314	138.074	23.053	38.287
670.703	138.101	22.900	37.826
671.815	137.733	22.294	36.172
671.984	137.542	22.417	36.538
671.596	137.982	23.359	35.664
670.490	138.907	25.384	35.126
671.036	138.688	22.845	37.036
653.332	144.015	24.579	38.128
671.656	139.237	21.594	35.207
634.282	143.627	23.513	41.977
646.782	142.616	23.179	40.400
649.643	144.462	22.823	38.778
648.232	146.041	23.051	37.362
629.042	143.645	22.886	39.165
626.702	146.350	21.702	38.255
644.163	146.740	25.063	36.999
646.498	148.281	21.917	36.317
645.912	148.813	20.970	35.943
644.909	148.996	20.746	36.333
644.082	149.338	21.160	35.547
642.960	150.534	21.159	35.044
642.010	151.172	21.290	35.756
642.362	151.265	21.126	35.404
640.975	150.648	21.819	36.276
640.196	150.496	21.571	35.555
640.534	151.594	20.199	34.987
638.128	151.335	21.511	35.901
595.973	146.987	22.080	45.593
585.987	147.296	24.655	44.208
591.728	96.768	32.483	39.003
434.093	230.930	56.065	75.687
443.709	148.891	34.424	59.345
440.979	244.088	38.157	73.105
441.446	244.895	37.718	73.187
442.033	244.783	37.220	75.617
444.615	245.160	36.878	76.646
440.065	243.883	41.035	76.487
422.331	244.186	40.960	78.308
349.542	313.010	72.305	113.851
266.407	271.901	45.929	112.854
260.051	285.734	53.212	109.475
555.507	264.078	29.267	108.738
381.782	278.508	66.948	153.830
384.983	251.910	72.025	173.129
399.660	253.067	51.549	150.595
407.301	250.214	45.063	108.564
401.728	265.267	75.888	172.181
421.227	293.019	59.215	125.884
434.194	298.084	49.501	114.554
448.250	292.745	45.345	114.118
458.867	293.645	41.763	115.689
465.603	296.774	44.070	111.233
470.142	295.133	42.120	110.499
572.230	336.532	49.279	106.875
475.977	289.064	61.098	114.576
494.265	294.943	48.125	109.015
502.342	288.183	44.550	112.997
507.912	367.345	51.010	130.905
516.850	288.725	43.107	112.959
522.592	290.325	43.673	110.214
528.523	290.239	42.963	108.192
537.849	288.986	42.127	107.232
547.171	289.165	46.683	106.864
551.489	288.095	48.076	105.474
554.771	288.330	48.770	106.277
565.383	286.630	43.979	106.172
573.582	287.595	43.129	103.319
580.215	285.291	43.189	105.777
583.928	280.172	44.150	110.350
587.778	278.004	42.952	109.724
595.088	276.581	44.283	109.230
593.872	342.615	50.457	125.314
594.886	335.264	51.584	127.909
606.757	272.559	42.848	110.355
613.636	272.869	39.362	106.920
619.993	273.596	37.975	106.606
622.066	271.814	37.975	108.482
625.227	267.290	40.461	110.528
631.031	263.574	36.354	113.205
631.202	266.891	40.827	106.761
635.484	268.690	43.321	106.128
637.575	264.645	45.054	108.593
644.862	264.217	43.128	106.929
649.174	260.911	41.750	110.309
650.152	253.693	42.988	117.227
652.999	259.829	43.439	106.661
656.554	256.173	40.012	111.171
660.070	258.011	37.926	110.053
663.473	257.233	38.504	106.005
538.946	257.684	18.261	107.991
661.097	263.522	40.237	99.594
649.750	259.403	40.422	98.970
654.984	257.682	45.447	97.220
660.675	256.201	41.810	105.103
674.783	259.385	40.242	100.579
677.847	257.106	39.800	95.244
668.835	257.283	36.208	92.339
670.752	260.093	31.708	94.277
676.753	260.150	36.172	90.004
692.709	260.096	38.420	95.659
695.913	257.995	36.622	101.132
703.381	258.853	35.527	100.456
709.302	261.552	33.132	100.350
710.736	265.504	34.238	91.699
714.891	263.165	31.591	95.001
768.000	295.931	0.000	86.567
720.715	260.512	32.653	94.283
723.392	260.456	34.137	93.538
727.856	261.210	32.724	92.816
768.000	274.557	0.000	90.410
735.597	259.922	30.233	86.891
739.608	261.781	27.670	85.232
745.492	260.603	22.508	86.367
747.195	259.242	20.805	77.475
744.033	259.020	23.430	68.553
751.459	255.787	16.541	68.984
720.480	251.383	42.155	112.368
768.000	266.810	0.000	101.046
504.328	265.374	58.147	108.982
744.604	260.711	22.259	74.297
737.778	258.161	28.430	80.757
738.263	254.085	28.028	84.365
740.006	258.390	27.231	92.004
732.537	262.442	31.363	86.043
730.090	256.672	34.575	94.658
768.000	263.643	0.000	82.679
739.183	255.529	26.579	96.353
768.000	221.937	0.000	74.785
743.884	258.229	24.116	95.270
742.143	254.735	24.267	92.794
749.189	250.886	18.811	81.350
749.826	242.307	18.174	91.744
748.693	244.245	19.307	79.874
742.538	251.576	24.223	83.252
749.200	254.479	18.800	86.803
739.968	270.290	27.234	87.253
743.804	274.354	24.196	87.410
738.041	275.159	29.959	80.362
569.121	257.193	38.761	97.477
768.000	289.373	0.000	64.763
739.933	278.549	28.067	148.113
734.985	308.471	31.718	132.340
727.709	332.098	40.197	112.943
717.421	328.422	50.579	113.797
710.637	324.594	51.202	112.862
702.589	323.112	50.380	110.741
692.414	316.558	50.298	110.330
679.857	312.666	49.868	109.350
671.589	306.056	48.564	111.084
664.606	306.940	46.853	104.425
656.034	304.097	47.427	101.853
646.699	301.275	49.017	99.429
638.435	297.525	49.882	100.679
634.059	294.268	49.559	101.734
618.808	291.591	53.438	98.103
614.545	289.569	50.573	95.773
608.059	255.737	47.171	123.176
597.757	274.429	52.723	102.736
590.655	272.455	46.337	103.352
584.870	273.690	42.675	98.681
578.483	274.646	46.607	95.878
574.402	273.732	44.282	94.390
563.975	272.406	43.027	90.177
559.117	268.213	42.134	91.310
553.402	267.200	41.169	89.489
548.997	262.098	38.251	89.625
460.969	346.985	53.829	86.786
540.673	259.351	39.104	86.579
535.642	257.342	39.880	83.654
532.695	250.040	39.813	86.514
531.257	246.649	39.402	88.119
530.337	247.223	36.632	82.536
529.405	249.199	35.790	83.380
427.710	373.227	14.084	36.990
530.708	247.493	35.258	78.904
434.091	194.748	11.759	69.654
530.515	243.436	41.842	76.794
530.912	239.678	37.048	73.849
438.010	190.586	11.875	66.518
529.729	235.790	38.983	76.115
529.231	236.540	42.854	75.330
528.879	230.943	39.280	74.856
528.298	230.792	42.830	77.274
527.907	228.543	37.907	70.187
527.991	227.423	38.499	71.176
528.068	226.020	38.012	73.610
529.554	225.063	38.408	71.899
454.740	244.189	50.455	94.866
532.079	225.286	35.096	66.738
534.381	223.439	32.395	64.938
537.094	222.018	29.741	66.132
539.268	220.266	29.254	62.901
540.627	219.273	29.244	65.769
542.660	217.343	29.363	63.909
484.710	235.729	41.252	82.478
485.932	209.847	59.741	89.841
467.870	177.126	57.904	83.682
579.031	387.034	68.992	116.175
455.264	176.878	32.469	58.062
459.844	177.031	24.550	58.068
539.616	165.397	15.741	54.605
532.855	146.693	33.680	48.389
520.895	146.152	34.273	45.917
524.016	136.091	31.833	47.935
525.143	133.708	30.051	46.105
525.041	137.632	28.672	44.568
527.165	141.956	29.985	44.290
527.244	135.194	29.429	45.525
528.528	135.302	30.170	45.545
524.512	96.832	28.539	47.448
522.061	136.175	33.493	44.364
521.850	136.222	32.919	47.656
526.108	138.149	31.576	48.056
463.408	85.792	27.502	53.779
576.022	141.088	19.437	38.549
575.642	140.657	19.263	36.592
574.683	141.215	18.829	33.568
574.893	141.374	17.532	33.118
574.385	141.557	17.933	33.175
574.525	142.066	17.563	33.568
574.831	141.667	17.169	33.571
574.455	142.043	17.642	33.274
573.766	141.828	17.639	31.857
573.981	142.186	17.308	31.078
573.718	142.348	16.833	31.804
573.330	142.093	16.956	31.432
572.295	142.941	16.854	31.652
571.542	141.987	17.168	30.837
570.721	141.394	16.634	30.097
569.748	141.507	16.344	29.924
569.489	141.116	16.676	31.585
569.008	141.470	16.938	31.173
568.585	141.927	17.482	30.208
568.218	141.397	17.005	31.722
566.062	141.401	18.515	32.823
567.049	141.920	16.972	31.516
566.070	142.692	16.930	31.490
565.554	142.788	16.649	32.425
565.657	143.137	16.060	31.580
563.952	142.254	16.861	30.449
563.424	141.411	16.096	34.037
562.068	142.039	16.831	33.122
561.863	142.307	16.646	32.345
560.584	141.618	17.202	32.241
560.767	142.250	17.455	31.087
559.915	141.527	17.489	32.458
559.883	142.448	17.931	33.612
559.148	142.620	18.292	35.151
558.289	142.313	18.145	35.585
558.214	142.566	18.336	38.663
557.231	142.943	18.859	37.306
556.923	143.371	17.445	35.693
555.572	143.539	17.666	32.861
555.353	142.820	16.976	32.364
554.852	142.352	17.439	31.751
553.731	143.170	17.386	34.473
554.588	143.838	16.311	32.444
554.014	144.534	17.301	30.598
553.809	144.289	16.431	31.636
553.388	144.061	17.684	32.336
552.608	143.122	17.196	31.249
552.461	142.640	17.501	33.044
552.522	142.285	17.339	35.730
550.929	142.026	17.667	34.727
550.115	142.849	17.906	36.842
550.574	145.347	17.944	38.349
548.322	144.910	17.471	34.528
547.693	144.531	17.646	31.681
547.156	144.464	17.321	33.905
547.249	143.863	16.711	37.287
518.960	160.887	24.574	48.012
507.235	155.133	42.918	55.261
502.276	162.056	34.459	47.455
504.920	159.112	40.249	50.579
601.237	239.305	14.830	36.537
575.564	222.550	50.804	87.099
560.259	231.682	68.044	115.487
563.297	263.554	91.404	145.503
630.388	452.472	60.920	80.949
524.104	346.354	165.653	174.239
417.882	373.509	236.332	159.542
381.101	368.016	310.691	207.984
297.253	193.906	425.487	352.827
155.097	150.906	463.457	373.808
326.588	257.102	110.866	147.998
321.733	244.905	137.681	174.102
77.430	350.446	42.867	154.643
327.856	270.801	66.457	129.296
528.221	288.667	28.854	84.517
224.670	236.954	36.199	73.753
220.517	237.539	30.041	77.397
330.395	279.819	12.494	90.410
198.151	238.963	34.436	71.500
203.455	236.666	34.663	76.659
210.430	235.183	29.260	75.727
216.142	236.950	30.619	75.233
218.675	237.287	34.388	74.749
217.224	232.451	42.141	87.691
232.214	234.318	28.682	69.299
237.849	234.949	29.487	69.459
237.989	236.258	36.939	68.965
241.782	235.767	36.403	70.431
247.949	230.823	33.379	70.215
255.067	204.711	31.157	59.831
258.946	215.884	49.908	95.446
201.647	244.796	36.652	71.417
276.095	236.201	30.522	68.038
240.717	245.316	39.808	87.202
282.379	218.221	48.374	82.375
307.420	201.158	34.431	71.360
293.171	202.322	48.816	89.330
227.998	228.973	61.890	111.075
280.892	245.392	85.080	156.925
238.788	249.112	34.395	86.317
322.000	205.612	28.437	68.843
329.195	204.953	26.631	68.680
327.673	201.696	28.262	71.474
242.137	258.775	28.528	78.431
291.660	203.190	34.231	69.808
289.840	207.188	30.873	69.040
290.158	201.896	29.635	64.895
303.898	183.430	48.012	94.765
309.335	204.703	31.836	57.951
323.492	194.362	29.398	74.291
238.360	208.846	33.165	73.948
235.303	264.932	33.971	82.530
351.894	228.995	29.571	65.308
210.198	198.121	17.538	68.144
229.665	263.681	36.655	53.143
241.143	216.717	28.943	63.802
222.828	263.375	38.130	74.882
183.315	262.901	47.458	88.307
181.484	263.212	36.139	84.823
231.864	267.881	36.618	91.260
284.533	211.286	32.750	70.070
295.841	258.296	45.662	115.949
335.018	272.355	51.974	104.912
289.711	277.021	38.186	81.697
292.966	270.969	59.664	127.998
179.934	267.421	48.851	91.431
280.276	263.307	57.823	129.504
292.696	214.808	28.985	71.728
337.053	263.480	37.604	75.738
334.924	254.784	49.468	91.614
253.038	409.389	87.755	121.350
223.861	398.545	94.884	120.045
205.271	404.206	111.692	116.677
183.962	406.886	103.260	112.755
210.969	279.532	69.169	107.765
156.368	400.206	95.060	108.377
133.752	377.723	77.432	122.200
79.835	377.182	78.496	114.557
74.717	359.971	85.619	101.924
52.207	354.299	70.515	104.178
35.221	352.313	60.600	100.230
21.756	356.444	48.025	94.002
169.781	287.339	18.256	88.454
222.820	231.955	28.575	66.866
303.043	285.900	56.961	109.218
300.607	272.374	69.725	137.006
266.281	247.311	130.909	155.123
312.217	269.333	59.515	137.224
197.250	418.511	155.261	115.896
65.706	567.633	118.767	8.367
303.514	262.115	133.266	151.770
461.597	172.892	59.754	102.119
310.217	288.258	66.143	113.793
274.392	533.090	120.574	42.910
314.072	281.533	61.051	130.424
527.874	209.439	44.417	106.152
316.354	277.288	66.576	140.688
312.049	292.326	56.080	115.878
319.035	295.263	46.915	116.435
320.066	286.517	62.236	140.832
318.182	276.614	103.052	155.412
320.760	296.055	45.842	121.402
321.646	297.260	44.902	110.586
322.852	298.668	47.269	115.260
315.959	287.272	71.289	143.296
326.894	295.736	52.249	127.718
326.969	304.809	50.266	112.208
321.506	280.947	71.505	179.559
331.534	293.261	50.820	102.920
329.829	312.331	48.726	104.544
329.680	309.737	45.249	99.651
333.177	312.491	43.287	100.562
333.587	306.676	45.629	98.711
326.849	302.577	65.291	115.566
329.778	317.942	55.438	104.429
330.274	314.712	47.890	106.346
326.894	321.078	49.716	100.796
332.323	302.270	63.997	161.300
327.166	279.674	90.423	185.182
328.598	319.405	48.582	95.206
333.963	315.467	65.336	140.674
330.466	281.044	86.254	173.139
315.486	269.300	124.445	196.810
311.856	252.299	183.114	233.522
338.676	299.174	74.760	160.768
326.747	323.358	52.245	127.733
343.203	315.048	64.117	183.909
332.318	330.669	59.589	103.087
341.930	340.438	81.198	143.367
332.510	294.790	103.389	201.272
344.519	352.024	51.875	134.643
336.280	325.791	84.875	161.238
324.428	324.598	45.576	88.856
326.955	320.937	53.402	109.597
337.626	272.228	45.315	134.740
338.690	342.764	54.477	117.961
324.804	325.745	62.274	112.578
331.163	316.830	52.097	132.593
331.764	254.534	48.639	127.007
334.324	276.818	45.951	118.242
449.148	238.222	51.068	85.340
382.718	228.191	82.551	97.929
392.995	231.110	40.620	81.661
492.217	214.979	31.733	70.123
585.826	212.662	24.460	65.747
591.508	215.408	19.764	62.330
498.696	219.127	29.592	71.416
500.141	219.642	29.710	72.579
563.774	220.300	46.604	94.103
530.993	222.511	55.539	84.315
504.996	222.453	30.927	78.820
507.927	224.866	30.813	77.496
520.676	228.614	31.229	85.470
553.071	229.824	38.302	88.976
645.427	226.802	33.879	73.754
639.152	232.219	38.821	89.599
663.896	233.336	37.222	85.188
768.000	174.752	0.000	88.915
529.786	401.992	65.813	114.822
