5.000	226.000	37.000	44.000
10.921	222.336	34.785	48.071
26.819	220.054	40.909	48.702
38.047	212.557	39.509	57.371
49.654	196.053	51.859	57.364
161.308	241.009	23.878	81.098
133.711	139.926	49.427	48.503
159.927	122.205	51.184	47.382
86.240	204.373	26.337	42.073
215.216	98.578	43.627	41.177
262.451	83.045	42.287	37.407
291.454	72.995	41.309	37.071
311.395	66.705	41.212	36.406
333.642	62.253	42.835	34.927
361.831	61.955	42.167	34.177
410.121	55.059	40.681	34.048
432.524	54.730	40.224	33.368
454.017	55.530	42.536	33.479
475.152	57.798	42.960	34.563
496.193	61.551	44.255	35.851
543.573	70.948	40.687	35.767
562.581	75.121	42.900	37.641
582.458	81.125	43.399	40.101
602.284	89.332	44.068	40.953
624.365	100.626	42.587	41.044
667.518	124.917	40.278	44.641
659.776	120.601	73.213	68.769
687.214	126.495	47.864	53.618
695.912	116.549	45.201	46.352
695.813	109.135	42.328	43.257
691.987	97.213	42.768	40.704
689.114	90.596	41.652	40.577
687.833	85.808	40.790	37.592
686.785	80.308	38.507	35.717
684.393	78.497	38.814	35.015
680.494	78.018	39.103	33.507
677.884	77.653	38.181	34.399
674.763	79.678	37.788	35.573
671.703	83.085	37.822	37.374
669.922	86.612	37.918	40.549
666.148	100.647	38.994	37.561
663.787	106.884	40.143	39.388
663.663	114.690	38.730	43.697
663.016	119.624	38.486	53.130
651.613	131.933	58.370	86.982
659.295	149.144	46.442	70.348
657.957	179.315	44.321	50.620
656.898	194.474	42.010	52.886
656.891	203.837	40.600	54.410
655.552	157.950	46.757	110.440
721.233	302.959	44.316	45.345
629.399	238.850	114.057	135.808
661.534	291.664	109.758	139.379
849.630	310.080	62.789	160.136
850.494	309.732	65.778	152.461
849.295	312.459	61.696	147.358
850.497	321.957	58.328	138.487
849.874	322.967	59.530	140.822
853.236	330.228	55.822	135.645
857.987	338.527	50.827	130.289
860.451	340.497	49.392	124.565
861.218	341.940	46.782	125.349
860.953	341.749	47.635	124.930
861.814	339.700	47.653	122.521
860.900	338.574	50.335	119.030
850.520	288.697	86.709	175.916
843.949	336.466	65.098	108.361
845.387	278.627	99.248	175.754
960.000	271.566	0.000	159.113
960.000	185.616	0.000	150.613
835.659	332.590	70.822	121.972
836.404	337.275	67.665	121.275
840.591	338.879	67.028	121.711
845.639	339.301	58.984	117.316
847.343	341.119	57.490	118.919
847.085	341.439	55.541	116.844
848.226	339.192	53.713	123.297
847.703	342.097	53.080	114.647
849.935	339.353	53.225	118.881
850.771	342.238	52.409	121.694
848.711	351.557	55.629	112.338
943.294	440.878	16.706	121.732
831.006	304.628	90.502	164.826
846.229	332.664	64.536	142.993
842.382	340.154	58.262	123.243
845.645	349.903	53.228	125.777
845.600	340.703	52.955	127.920
846.387	347.734	52.113	120.882
846.284	341.910	51.766	126.711
844.165	344.343	53.661	123.389
844.787	343.079	52.927	122.582
848.293	343.387	50.042	125.149
851.924	344.022	46.179	125.850
852.091	344.113	47.003	123.465
852.825	341.652	47.370	127.570
849.613	343.967	51.506	118.173
849.985	341.164	49.966	120.837
843.161	339.599	56.521	110.241
960.000	339.821	0.000	132.669
960.000	341.675	0.000	132.126
847.075	329.289	56.714	135.142
841.348	342.066	60.858	123.081
843.279	339.640	57.410	128.441
843.249	344.948	56.130	124.817
841.988	344.313	56.691	128.438
845.199	345.350	56.002	132.483
960.000	348.783	0.000	142.605
845.642	346.102	56.981	132.903
528.916	264.822	130.567	251.688
532.451	259.904	138.470	249.221
