486.000	269.000	62.000	178.000
487.148	265.062	65.558	176.705
485.492	263.241	67.835	176.988
486.277	263.228	65.785	176.229
484.665	263.554	64.987	175.997
479.433	262.339	65.194	172.708
474.812	257.428	65.608	165.634
472.291	251.695	64.782	170.221
471.998	251.342	63.616	169.444
472.725	251.539	62.444	167.455
472.495	248.124	62.991	166.443
472.856	244.037	64.619	168.393
473.535	242.606	63.363	170.130
472.777	242.624	62.217	168.124
470.042	241.677	61.875	163.256
466.616	240.183	62.847	161.607
462.164	238.096	63.579	162.674
457.992	237.631	66.237	160.868
458.231	239.748	66.459	159.761
460.177	233.717	63.093	164.206
459.312	228.981	62.325	162.508
457.718	224.963	62.732	162.298
458.056	223.890	61.428	156.150
456.476	222.456	60.344	153.296
452.326	219.460	62.052	156.083
448.174	218.535	62.699	156.069
445.543	216.083	61.387	154.154
442.997	215.637	62.857	151.929
445.083	213.945	60.182	152.358
448.319	210.616	57.577	150.971
447.664	209.620	57.137	148.747
444.378	212.235	55.702	143.386
440.661	211.669	54.444	141.632
436.401	211.669	56.076	142.879
435.138	209.820	54.464	144.785
433.322	209.543	53.765	138.689
433.118	207.056	53.079	133.938
432.580	205.453	52.694	134.380
431.694	207.283	53.377	131.820
431.612	205.729	53.440	128.300
431.207	205.317	51.803	124.009
429.089	205.935	52.530	115.038
427.469	202.688	51.654	113.482
426.920	198.701	50.487	117.277
425.117	197.600	50.263	122.909
425.986	196.921	47.512	122.631
424.676	196.835	48.215	123.629
424.980	195.936	47.260	122.153
423.884	196.022	48.208	119.914
425.487	191.341	49.521	122.765
424.987	189.821	48.361	124.933
424.651	190.045	46.878	124.388
422.643	188.480	44.462	125.790
420.866	185.362	44.184	131.960
415.674	183.302	48.349	123.751
410.965	180.438	49.271	122.067
409.608	181.359	50.801	117.289
407.336	181.228	48.307	117.843
406.158	179.939	46.576	115.959
405.355	177.339	46.147	119.088
404.588	176.016	46.590	124.218
405.649	174.343	45.546	129.038
404.056	172.032	48.422	132.365
403.566	173.053	47.196	120.745
401.472	172.143	45.564	115.542
395.970	171.566	49.042	114.758
395.032	171.117	47.598	116.580
393.078	168.921	48.671	115.847
390.928	168.385	49.414	120.026
391.125	167.707	48.488	123.359
392.399	167.199	46.034	129.265
393.070	165.164	45.395	142.105
389.792	165.796	47.498	135.980
389.107	164.313	46.682	132.134
390.159	162.842	45.509	138.302
388.455	162.861	44.702	136.399
387.771	162.054	45.228	132.988
385.782	161.623	43.724	120.855
384.753	161.177	43.370	122.955
381.936	160.358	46.061	129.271
377.371	158.428	48.903	135.129
372.780	157.757	49.717	129.924
368.660	158.591	50.578	129.026
363.975	158.058	49.140	128.225
361.872	155.403	49.494	134.971
362.665	154.994	49.474	142.703
364.283	158.112	49.058	134.016
363.027	156.756	51.082	121.957
365.548	154.701	47.652	122.571
365.060	153.255	46.746	115.393
365.627	150.712	44.126	116.679
367.566	149.945	41.609	127.424
367.007	150.837	43.840	126.501
365.990	150.593	45.908	131.654
367.871	151.131	43.287	123.382
367.265	150.926	43.718	123.745
369.419	151.235	41.845	121.507
367.871	151.382	42.062	116.119
366.955	150.158	43.080	109.103
366.367	149.535	43.612	104.529
366.808	148.819	43.992	108.165
368.155	147.549	44.497	112.680
369.905	148.646	44.811	118.923
371.648	148.520	47.916	121.872
380.792	150.244	42.300	105.673
383.176	146.311	44.720	122.035
384.282	145.689	43.414	127.486
383.515	145.480	45.265	126.405
383.406	144.881	44.806	127.591
382.358	144.983	44.103	127.630
380.206	145.929	43.053	126.998
376.233	147.025	43.062	124.997
370.264	145.386	46.101	126.453
363.606	145.297	48.766	125.296
358.658	144.726	47.201	123.556
355.260	144.556	45.419	124.105
350.985	142.795	46.102	132.168
349.413	143.211	45.919	132.894
348.597	143.634	45.042	129.671
347.662	142.125	43.483	132.060
345.953	141.329	42.929	132.647
342.312	141.565	44.088	131.053
339.863	141.486	44.182	134.517
335.864	142.804	46.184	132.207
331.820	143.569	49.169	129.238
324.959	143.279	53.762	126.184
320.130	143.040	51.197	121.095
317.612	142.296	48.301	117.521
318.040	141.301	43.469	118.298
317.621	138.852	42.162	121.326
316.394	139.026	41.649	120.199
315.120	135.617	42.035	126.015
315.585	134.868	43.790	127.372
313.677	133.014	44.829	128.152
313.497	132.727	45.255	132.840
312.140	133.266	45.843	133.388
310.714	135.198	45.728	128.767
305.640	134.888	49.066	124.840
295.960	133.507	46.628	122.364
297.955	132.265	52.474	128.245
285.638	130.923	50.730	125.573
284.302	129.602	49.202	130.166
283.818	130.710	49.909	128.809
283.959	131.170	49.109	127.161
285.426	129.358	46.897	128.162
286.348	126.625	46.022	131.459
286.063	125.573	45.886	131.007
285.559	125.322	46.723	127.589
286.369	125.042	44.645	126.769
286.561	126.215	44.143	124.782
285.628	126.308	44.019	125.634
283.923	125.413	44.380	125.535
282.942	124.062	43.892	124.176
281.763	122.912	44.033	121.574
281.136	121.790	44.464	122.800
282.956	120.508	43.613	124.517
286.171	120.826	43.168	124.957
288.108	120.086	43.467	123.334
289.147	118.198	42.471	123.942
290.343	117.887	41.710	123.934
290.698	118.097	41.511	123.307
289.670	117.954	42.632	121.945
289.069	117.082	42.136	121.120
287.582	117.358	42.692	118.697
286.317	118.866	41.942	127.031
287.390	157.202	42.143	117.211
288.571	198.237	39.719	119.932
290.778	255.497	36.991	119.776
289.715	298.506	37.844	114.761
290.050	307.528	42.397	116.936
290.095	306.135	42.431	118.069
290.958	304.865	43.010	119.883
291.722	303.897	42.508	117.776
291.337	303.982	42.452	114.240
291.037	304.051	41.639	113.875
291.919	303.039	40.531	112.212
292.499	301.058	40.134	110.321
292.727	300.750	39.755	112.939
293.055	300.200	40.000	114.590
295.211	300.493	40.853	115.678
296.024	298.940	41.534	117.743
297.732	297.505	43.098	117.579
299.015	296.399	42.953	114.133
299.739	297.057	43.738	108.839
301.390	296.300	42.444	110.642
301.520	294.794	42.543	111.017
304.033	294.567	39.950	107.433
305.879	293.290	39.223	104.914
307.909	294.253	38.503	106.338
310.765	293.865	38.057	105.881
313.441	293.236	38.576	103.431
315.234	291.631	41.013	103.457
316.859	290.689	40.494	103.666
318.772	290.745	40.604	99.864
320.012	291.234	39.903	99.683
320.416	290.186	40.505	103.619
322.508	288.550	39.166	104.663
324.631	287.353	37.282	103.833
325.732	285.979	36.741	104.561
326.288	287.514	37.198	100.564
329.147	288.159	36.168	96.159
331.605	287.136	36.209	98.123
331.199	285.199	39.119	97.488
332.283	284.250	39.583	100.185
332.948	283.641	39.227	101.575
333.289	284.394	38.283	101.469
333.903	282.592	36.272	99.214
333.296	281.240	36.008	94.719
331.660	280.922	37.645	100.454
332.169	280.310	36.214	91.141
334.059	280.365	36.197	88.125
335.485	279.424	37.474	90.467
337.688	277.932	35.768	94.937
340.478	277.958	34.956	93.720
341.466	277.567	36.038	94.134
341.811	278.257	35.953	91.859
342.753	278.210	36.753	85.737
341.212	276.494	39.981	88.229
344.735	275.546	37.950	89.848
347.559	276.049	37.953	86.202
351.238	277.228	38.015	77.626
360.410	275.806	36.618	76.360
364.143	274.087	35.461	75.109
370.310	273.701	36.704	73.744
374.364	273.378	35.082	73.171
377.940	274.457	33.549	73.137
384.129	274.457	34.342	73.078
389.147	272.551	34.318	76.208
395.293	272.161	31.738	77.476
401.156	272.579	29.780	77.132
410.201	272.945	32.963	76.680
418.685	271.827	30.653	75.329
424.339	268.840	31.327	67.606
426.178	269.787	33.335	70.488
433.376	269.432	35.267	72.671
522.693	258.572	35.293	96.033
432.272	227.852	39.723	93.309
444.446	270.852	31.820	78.811
447.707	267.057	35.636	69.583
457.841	268.675	36.143	74.010
464.406	265.327	32.923	78.849
473.570	262.547	33.020	80.094
479.259	265.650	35.931	79.577
481.312	255.191	33.615	80.234
488.891	264.731	36.199	80.715
494.364	263.044	38.551	80.881
495.779	260.824	42.084	83.817
502.212	262.069	39.377	89.261
510.660	259.687	39.561	88.070
504.387	250.144	71.885	121.387
511.339	265.941	46.318	110.689
519.078	259.549	43.533	96.390
524.836	254.191	40.894	105.727
524.150	265.166	42.486	96.220
528.662	257.766	38.359	103.769
521.903	264.253	48.108	102.049
