268.000	121.000	20.000	50.000
266.196	122.772	22.744	47.773
266.810	122.306	22.640	48.177
267.654	122.825	22.214	48.230
267.167	123.033	23.118	47.721
267.913	123.408	21.976	47.456
268.308	122.495	22.010	49.298
269.365	122.980	21.462	49.431
269.731	121.740	20.605	50.435
269.757	121.522	21.365	50.831
269.069	121.984	21.646	50.193
269.190	122.845	22.255	49.494
269.161	122.534	23.066	50.209
269.245	122.051	22.628	51.034
270.029	121.893	23.517	51.450
270.878	122.721	21.902	51.544
271.394	122.840	21.581	51.811
272.029	121.613	21.464	53.276
271.712	122.596	21.866	51.416
271.547	124.771	21.374	50.454
271.563	125.121	21.900	49.850
270.501	125.511	23.455	49.368
271.521	123.948	22.228	51.790
271.806	124.430	22.184	51.922
272.826	125.265	21.537	51.549
273.446	126.926	20.063	49.976
273.856	126.003	20.421	50.834
273.181	125.808	21.732	51.549
272.712	127.361	23.281	49.724
272.397	127.392	24.292	50.323
273.074	125.322	24.078	51.323
275.487	126.581	21.947	52.327
275.535	125.766	22.430	53.361
275.219	126.944	23.197	52.272
275.959	128.022	21.981	52.437
276.974	127.266	22.317	54.200
275.934	128.337	24.222	51.804
275.600	128.954	24.706	50.378
275.902	129.062	24.805	51.213
276.986	128.888	23.729	52.022
277.046	128.026	23.967	53.990
277.433	127.675	23.650	55.839
278.874	128.682	22.299	55.129
278.979	129.313	23.342	53.673
279.325	128.388	22.861	54.760
278.633	129.607	23.662	53.971
278.011	128.498	24.588	54.930
277.627	129.869	24.533	54.234
277.625	128.456	25.014	54.729
277.989	129.399	24.515	55.506
279.224	127.614	23.128	58.056
279.285	130.740	23.370	55.393
279.459	130.849	23.318	55.328
279.846	131.100	22.324	55.166
279.605	131.295	22.384	55.359
278.939	130.623	22.640	55.628
278.743	132.416	23.136	55.248
277.574	131.407	23.905	56.045
276.652	132.762	25.099	54.909
277.717	133.161	24.217	56.242
278.175	131.809	23.879	57.051
277.809	131.488	23.427	57.123
277.651	132.900	22.711	57.031
277.631	134.534	22.131	55.457
277.263	133.817	21.999	55.958
275.671	133.290	23.564	56.286
274.995	132.953	24.254	56.449
274.869	134.795	23.923	56.190
275.400	135.338	23.603	56.411
275.019	136.567	23.741	54.877
274.177	135.613	22.737	56.572
273.915	136.153	23.073	56.416
272.904	135.318	23.346	57.751
272.051	134.974	23.673	57.247
272.078	136.241	24.470	56.369
272.460	136.620	24.651	57.607
271.867	137.651	24.160	57.229
272.803	138.319	24.320	55.778
270.895	138.186	24.988	56.200
269.506	140.086	25.576	55.063
269.938	140.233	24.404	56.458
269.197	141.152	24.755	54.914
270.002	139.854	24.022	56.471
270.167	139.772	24.825	56.571
271.323	141.751	23.595	56.703
270.900	141.528	23.336	57.770
269.928	142.222	23.995	55.418
269.652	142.124	23.660	57.123
268.646	142.520	24.351	57.387
268.351	143.921	24.238	57.218
267.556	140.808	24.296	59.494
267.295	141.047	24.442	59.541
267.380	141.357	24.775	60.308
267.207	141.610	24.870	61.428
266.800	141.311	24.552	60.915
265.854	144.127	24.668	58.650
265.334	142.511	23.645	62.288
264.247	142.389	24.488	61.988
262.662	142.905	24.904	62.132
260.121	143.333	25.871	62.016
258.324	143.227	26.682	62.199
256.417	144.938	26.131	61.219
254.000	145.224	26.147	63.397
251.124	145.638	26.341	62.475
247.917	146.226	25.886	61.754
241.332	147.779	30.481	60.530
236.049	149.706	34.427	58.598
232.769	149.261	34.962	59.065
229.230	147.654	31.071	60.674
226.056	148.379	29.507	60.544
222.813	149.061	28.834	60.169
219.588	150.889	29.022	58.499
215.598	149.863	28.674	59.798
212.802	149.505	26.436	60.701
205.267	151.163	30.324	59.148
198.380	152.462	34.651	58.738
193.911	151.248	34.776	60.301
191.857	151.664	24.900	62.534
186.041	151.218	23.182	59.820
175.286	150.091	30.604	61.855
171.348	155.447	30.502	55.525
168.975	150.459	25.054	60.319
161.421	147.661	26.889	63.983
159.510	151.821	28.968	59.537
150.763	155.015	34.828	56.982
145.044	151.604	27.707	60.735
140.502	152.019	25.440	60.090
131.678	151.477	30.721	59.162
156.397	132.685	47.934	95.564
185.955	135.932	42.786	75.347
210.485	125.781	33.384	72.688
278.713	143.478	27.248	78.259
307.287	120.160	68.612	91.001
282.747	146.899	32.062	59.659
206.604	216.061	15.069	52.274
280.222	151.531	22.946	50.228
268.029	156.211	29.632	47.436
260.916	153.354	32.240	49.213
258.744	144.423	32.248	56.600
253.200	150.851	30.135	52.091
250.203	144.835	23.018	58.328
241.721	145.722	27.783	53.652
232.211	145.641	34.014	54.609
228.425	143.447	33.806	54.835
224.044	142.618	28.606	54.343
227.936	136.873	33.757	58.343
260.048	135.619	33.085	59.860
183.300	128.391	29.722	71.220
316.648	137.185	37.994	61.501
344.995	139.656	35.066	60.149
355.283	133.887	26.985	61.792
352.220	134.274	29.174	63.104
345.933	136.689	34.013	61.416
340.455	136.920	34.755	60.325
333.352	123.607	29.283	63.543
322.958	132.784	30.447	56.643
319.732	124.449	24.127	63.289
314.466	136.439	29.500	54.047
309.687	133.824	28.468	57.353
305.601	132.390	25.227	54.929
300.246	134.532	27.332	54.293
285.685	160.714	25.400	61.178
282.782	140.786	29.719	57.317
280.675	129.203	29.897	67.578
263.478	161.392	37.688	67.016
262.096	156.719	42.892	80.534
250.423	147.271	47.258	82.052
255.057	155.885	42.816	71.020
238.946	156.847	49.200	76.194
358.743	130.877	30.320	75.503
362.519	140.955	39.492	62.841
364.259	141.657	36.853	60.335
324.687	127.391	86.441	89.451
296.675	133.362	138.664	115.507
347.168	133.259	49.002	73.137
352.325	137.772	42.299	66.084
349.561	132.047	43.315	66.679
359.020	124.558	40.310	77.937
186.255	104.030	75.158	99.564
127.465	79.005	137.431	146.307
216.721	0.000	103.675	0.000
276.451	108.605	121.323	143.374
292.857	107.705	88.300	129.223
326.420	110.465	61.574	100.930
332.434	113.053	42.438	83.570
330.331	113.816	35.293	65.150
326.666	123.083	31.787	55.049
321.978	117.847	29.892	57.154
318.576	114.311	28.607	55.814
248.008	58.058	10.278	12.037
312.478	112.449	30.100	54.286
305.319	121.753	29.673	45.084
299.641	120.776	27.237	44.910
297.566	124.316	23.097	43.848
291.957	122.513	24.969	45.284
291.305	124.653	26.635	50.770
274.957	113.984	33.843	51.953
263.929	108.335	41.664	71.027
262.588	115.616	33.283	61.378
260.205	115.786	28.208	48.436
252.497	106.172	26.923	56.284
258.550	101.068	24.544	62.403
242.816	94.820	24.688	54.819
175.989	156.504	17.942	45.223
135.375	158.545	35.395	61.229
205.711	108.389	59.864	95.676
246.734	171.993	62.128	92.357
156.614	194.816	99.809	189.943
134.628	224.477	109.361	163.531
217.253	202.676	148.904	208.287
231.746	209.383	64.980	144.201
234.069	198.660	134.028	197.484
168.467	151.580	242.822	266.937
277.014	209.904	72.257	167.176
286.756	180.569	105.727	201.071
254.844	134.203	154.474	247.776
265.186	228.345	85.570	150.915
572.017	303.074	58.983	175.730
631.000	245.984	0.000	140.210
631.000	355.801	0.000	123.446
543.182	333.852	67.453	122.623
631.000	386.426	0.000	94.574
630.089	419.373	0.911	61.627
487.220	346.383	80.912	122.111
467.513	351.728	73.779	116.706
456.234	356.407	70.770	114.779
439.521	360.208	67.434	110.844
422.128	365.167	66.659	106.262
404.833	370.862	64.576	101.945
382.115	374.771	66.601	98.574
380.359	379.264	70.056	96.176
389.879	385.324	69.151	90.852
401.576	390.771	71.351	83.864
415.178	394.857	68.858	79.501
403.862	399.139	76.029	73.681
367.074	414.358	71.489	64.441
437.667	434.726	84.248	46.274
329.609	421.851	63.207	58.196
418.180	448.923	64.068	32.077
286.498	434.299	51.155	45.560
369.807	459.741	41.692	21.259
231.794	447.119	43.337	33.658
204.029	453.417	37.754	27.583
168.325	459.002	35.729	21.998
173.392	481.000	37.757	0.000
39.247	314.083	47.951	23.869
115.387	334.386	85.944	123.366
92.427	273.064	85.481	119.941
80.376	221.179	89.669	126.932
404.676	219.661	90.807	166.723
391.831	146.371	126.144	243.308
394.192	214.908	110.076	165.499
396.051	143.383	150.279	252.211
197.699	109.368	244.676	328.285
185.919	121.497	151.667	277.252
339.700	129.679	164.028	269.443
145.325	73.447	250.493	374.097
80.789	44.865	361.090	436.135
129.518	67.234	263.618	395.626
127.767	67.154	188.937	378.138
133.629	17.263	321.036	458.043
46.905	55.117	427.349	425.883
0.000	0.000	500.293	481.000
0.000	0.000	618.806	481.000
11.612	18.293	619.388	462.707
1.223	22.992	629.777	458.008
0.000	22.105	631.000	458.895
0.000	23.872	631.000	457.128
2.595	19.208	628.405	461.792
0.000	19.024	631.000	461.976
0.000	16.790	631.000	464.210
0.000	27.139	631.000	453.861
11.602	25.753	619.398	455.247
10.622	32.633	620.378	448.367
18.938	29.059	612.062	451.941
19.884	21.523	611.116	459.477
56.866	481.000	425.177	0.000
34.818	10.863	379.158	468.854
0.000	23.279	553.739	457.721
73.200	32.920	347.134	448.080
117.486	96.362	316.482	384.638
202.415	80.240	62.358	120.922
227.499	81.599	53.402	87.115
260.804	80.443	45.273	69.806
286.241	76.354	42.202	88.136
327.416	72.418	38.413	69.356
334.462	99.723	44.120	71.538
343.742	107.424	44.111	99.844
235.569	181.419	65.350	105.934
250.194	163.905	71.865	108.304
232.683	157.509	66.386	112.052
302.330	113.590	77.367	126.747
81.674	157.553	131.503	212.190
266.267	84.133	67.993	113.896
270.601	77.347	46.791	77.115
335.288	94.121	51.571	103.234
335.356	98.877	59.061	110.009
318.313	149.237	69.334	93.437
337.780	127.939	54.570	93.513
321.366	127.360	62.857	100.100
333.078	131.145	56.495	91.462
316.202	135.861	62.443	106.221
291.861	240.110	87.236	167.420
309.110	288.197	79.446	81.592
326.261	273.688	84.414	159.945
325.025	233.714	75.821	110.147
339.218	213.586	86.354	121.099
382.786	329.962	84.191	108.853
304.231	175.484	107.252	128.348
147.669	67.162	167.607	270.282
224.517	235.451	102.387	108.266
22.111	54.033	130.729	268.684
336.472	131.682	108.853	130.242
320.178	157.724	108.361	139.060
294.211	190.683	120.461	138.793
312.884	164.710	119.914	148.628
292.653	165.025	121.430	142.141
225.165	209.533	103.462	133.615
369.789	215.680	133.155	242.018
362.760	222.748	138.401	231.424
216.688	177.788	102.980	131.515
210.210	133.305	99.128	142.027
239.510	107.179	91.578	128.688
394.821	0.000	95.340	41.965
194.279	112.878	162.288	280.369
242.623	201.219	92.656	129.670
182.802	84.692	184.217	280.305
217.753	152.741	102.660	163.009
4.634	183.475	108.143	225.009
385.020	223.152	131.794	257.848
5.021	137.813	112.405	279.999
196.147	225.841	123.395	122.553
192.882	177.993	96.469	176.737
3.923	141.459	115.722	279.163
206.547	209.422	107.573	167.227
387.774	104.431	115.964	155.266
477.569	207.628	119.370	247.850
524.115	252.769	97.301	195.846
538.675	256.374	82.879	159.012
497.449	215.878	95.868	152.712
631.000	262.004	0.000	156.407
631.000	229.074	0.000	159.950
402.514	131.080	88.975	137.662
410.840	166.064	90.814	128.535
569.447	265.718	58.227	155.604
580.101	244.456	50.226	146.178
539.377	201.268	62.381	124.258
513.376	151.062	76.227	145.744
222.361	154.596	85.380	229.134
615.951	230.541	15.049	151.558
631.000	13.743	0.000	146.902
281.809	150.611	164.981	230.047
141.705	84.871	255.823	345.988
205.573	136.138	155.300	301.642
337.378	128.663	81.477	113.624
186.094	103.945	115.447	193.855
381.326	128.089	85.086	132.576
235.449	124.355	86.830	130.212
390.820	158.644	98.410	141.625
264.328	117.199	136.187	250.307
389.823	134.192	80.314	128.069
247.209	128.698	85.273	133.045
295.168	162.150	126.004	222.409
161.350	103.818	253.356	312.192
163.126	147.151	239.528	296.620
35.412	135.971	187.057	233.924
277.421	120.571	124.858	155.285
308.344	140.641	112.516	154.830
286.240	137.260	114.003	143.049
171.740	116.888	118.618	144.398
301.755	135.405	104.928	137.516
14.387	140.347	149.597	157.942
338.339	117.532	106.300	125.655
386.606	124.239	83.377	123.441
357.831	127.764	96.534	135.070
444.353	110.047	66.735	98.242
462.181	144.607	63.270	91.887
476.169	124.228	68.093	109.753
453.144	120.984	86.416	129.254
394.477	193.331	121.437	213.750
154.452	139.164	217.796	292.904
325.921	142.496	150.144	150.445
304.448	132.049	115.770	134.988
207.915	41.360	158.070	192.249
276.122	169.496	111.438	134.482
309.103	141.090	104.677	136.419
286.206	152.785	114.304	133.189
212.274	52.539	162.189	205.841
172.413	129.282	173.634	174.430
242.982	134.718	126.538	140.167
109.095	117.441	166.364	197.135
147.998	120.010	149.551	195.857
65.212	0.000	105.463	97.390
162.766	182.545	114.791	137.047
272.017	155.152	113.361	108.562
111.050	170.693	87.299	154.243
314.971	149.265	106.284	114.373
277.038	136.929	155.751	152.698
272.998	102.092	212.211	244.176
319.881	173.567	125.085	143.249
303.621	141.184	192.183	217.974
331.799	152.844	127.205	145.134
311.868	118.483	177.565	228.542
363.216	98.889	132.276	182.336
381.097	114.345	132.680	170.322
450.961	73.183	87.866	155.925
465.583	81.295	71.798	141.133
345.033	147.047	137.806	156.665
341.733	27.490	161.940	237.170
439.784	84.539	83.103	147.416
453.189	91.361	64.581	121.832
455.467	91.019	56.954	107.997
412.681	109.104	96.687	175.562
440.471	94.241	69.550	144.147
452.088	91.205	53.791	95.450
448.469	101.389	40.520	65.450
447.165	103.462	31.369	60.060
444.307	102.549	27.881	56.638
440.577	104.426	30.410	58.237
438.015	105.882	32.374	57.905
433.091	104.920	30.682	58.321
430.230	108.876	27.479	55.428
427.100	101.420	27.072	63.247
420.087	105.677	30.812	60.490
415.286	104.200	28.228	55.030
411.996	105.492	27.791	56.095
408.006	107.828	28.124	49.142
404.199	108.811	30.171	55.862
400.947	107.039	27.686	61.712
397.952	105.384	26.573	62.478
395.665	105.190	27.385	61.403
390.438	105.105	29.208	61.966
366.508	139.548	53.217	109.040
375.749	138.215	46.701	77.832
373.964	126.353	33.690	67.054
370.147	115.070	33.098	70.281
368.645	120.720	33.781	82.208
367.288	124.157	34.434	83.605
363.495	115.159	35.559	70.880
365.629	123.390	30.690	63.877
358.923	134.321	28.650	59.468
354.223	127.481	31.727	62.998
349.623	117.082	30.180	74.146
345.730	96.221	29.819	72.225
340.126	102.253	33.745	68.219
336.845	115.871	30.202	60.263
334.351	116.313	31.755	61.588
331.147	117.678	32.876	61.039
328.379	119.869	31.916	56.800
324.057	115.959	32.496	58.894
321.346	113.970	33.731	60.990
320.001	113.413	32.052	61.900
314.494	110.939	32.093	63.044
311.793	110.811	31.904	65.977
308.515	106.411	33.981	69.680
303.857	107.199	56.437	93.336
286.493	101.018	68.363	106.256
307.286	112.048	69.291	95.289
366.228	102.674	55.039	81.085
358.475	96.764	51.002	80.977
329.296	120.290	67.291	94.147
279.575	128.893	76.763	100.382
171.403	126.278	66.316	106.055
150.939	123.698	74.928	113.238
162.978	114.243	71.632	112.661
107.303	105.638	77.225	98.687
298.271	125.386	77.128	114.807
169.978	120.527	69.111	98.702
177.738	119.156	69.031	98.205
167.639	122.126	73.239	96.707
173.045	167.096	88.283	152.501
174.553	141.959	81.151	125.625
280.869	110.088	73.790	106.936
272.956	118.293	78.237	99.745
264.005	126.905	86.328	107.801
130.765	111.116	99.545	155.111
298.954	0.000	102.067	55.030
155.327	117.935	81.110	126.673
136.644	108.954	91.735	118.137
132.196	107.790	86.883	115.202
151.958	118.516	76.448	123.047
158.253	122.370	72.502	119.541
148.817	128.556	73.316	119.185
176.217	113.885	66.236	110.392
290.820	112.399	84.323	105.934
441.384	180.258	81.588	133.952
368.088	242.383	84.341	101.571
366.658	240.566	91.252	120.197
373.256	222.277	109.673	136.297
436.661	204.731	106.943	145.565
163.685	127.367	80.980	123.727
183.397	106.188	57.968	96.544
181.624	108.637	55.799	87.859
288.628	108.599	60.823	96.434
277.604	97.807	69.615	103.294
177.525	117.568	55.077	84.359
265.901	78.601	66.388	105.073
403.851	174.723	101.174	167.203
347.544	213.718	182.477	243.800
148.207	94.301	317.566	386.699
484.536	210.977	105.209	162.755
273.126	125.590	95.246	124.405
294.040	109.310	83.036	107.983
276.484	101.836	86.992	95.871
268.060	94.976	77.489	96.174
283.789	146.694	100.655	149.749
226.384	82.638	128.601	176.878
254.440	113.667	100.732	132.337
293.168	111.373	80.360	116.366
283.909	111.872	80.003	112.854
299.967	118.330	75.863	103.975
305.293	119.641	73.357	109.608
291.309	107.105	80.465	101.384
275.104	98.206	81.875	94.098
307.781	98.130	69.159	88.913
307.439	123.325	63.928	92.343
297.809	99.025	70.622	98.716
279.816	107.917	80.644	110.907
271.191	104.977	79.082	99.590
294.932	104.361	71.420	114.339
25.359	106.455	106.409	170.538
164.199	114.124	70.480	86.530
304.060	128.420	70.295	92.544
307.181	119.085	71.324	108.273
162.087	119.499	153.472	140.276
320.464	118.755	58.108	95.089
334.645	115.716	60.296	89.087
306.823	55.299	63.832	126.445
360.756	118.940	76.194	134.846
234.571	146.688	172.340	170.314
321.180	228.762	74.973	116.464
419.930	254.109	94.819	124.204
438.414	121.751	64.112	88.830
439.323	117.773	53.602	91.562
447.509	125.264	56.248	87.724
436.222	130.503	58.047	104.942
447.790	120.351	56.977	76.925
341.885	125.780	59.584	112.392
443.534	124.142	56.677	96.243
433.209	109.625	59.613	100.976
445.316	121.242	61.212	105.411
429.158	114.729	61.694	96.260
323.308	121.232	67.757	129.502
433.786	117.194	64.658	92.054
444.137	130.600	58.493	100.972
425.693	126.168	68.633	101.004
442.608	118.460	54.278	100.381
171.185	118.230	78.659	124.343
175.259	127.940	76.822	162.111
279.139	276.104	23.917	50.941
429.135	117.266	66.794	100.093
376.004	95.599	74.707	105.212
447.095	126.447	57.807	103.061
428.883	110.082	65.992	99.205
446.960	120.382	59.345	95.017
540.400	201.233	74.321	112.744
425.769	159.893	98.928	170.620
437.973	104.796	65.087	95.766
431.439	121.573	65.008	100.938
416.300	116.773	90.485	141.462
435.232	119.398	67.091	112.109
423.446	116.999	74.017	85.791
440.247	107.459	61.272	94.540
389.653	105.055	71.318	121.041
115.819	116.885	94.962	177.571
438.396	96.718	68.887	91.599
385.103	124.346	103.843	153.627
378.673	103.147	67.960	94.832
283.893	253.384	30.650	75.358
439.674	133.177	63.989	96.583
404.021	76.876	78.671	110.408
432.031	121.585	89.455	124.010
416.188	124.115	89.804	120.753
256.444	159.372	132.529	151.994
263.804	49.146	104.358	222.431
524.620	115.220	76.384	123.714
493.985	128.555	73.606	120.256
501.850	99.586	81.704	126.983
529.633	118.363	71.115	124.240
502.393	128.113	79.555	120.355
405.344	129.650	88.864	120.980
269.304	99.842	129.644	208.118
300.656	0.000	133.753	0.000
213.662	186.738	119.604	132.601
194.821	124.710	143.610	238.365
194.616	103.669	96.583	157.253
185.259	77.670	63.119	85.098
199.568	81.899	35.870	76.466
263.188	158.570	55.411	66.513
199.598	84.250	30.347	69.936
197.513	86.033	31.265	69.358
173.817	103.369	51.788	106.584
171.878	112.554	51.198	56.302
173.476	117.835	37.589	45.379
170.815	117.680	33.195	44.168
168.766	116.166	27.487	46.582
165.096	116.129	25.382	46.953
160.407	117.950	25.765	44.088
156.803	117.674	26.205	44.376
148.752	112.501	28.470	45.596
145.276	112.844	27.411	42.582
142.901	115.290	25.002	47.232
131.997	110.321	25.272	55.215
129.918	120.559	27.152	51.355
125.932	119.741	29.036	51.383
120.730	118.493	29.661	51.842
119.133	119.758	30.045	51.807
116.679	120.658	26.971	49.071
129.613	118.895	30.675	50.801
157.492	117.673	32.539	50.306
90.949	132.611	25.473	77.191
218.832	117.686	27.821	54.693
211.665	117.283	28.547	53.577
208.963	118.100	26.952	52.526
206.929	119.407	23.546	53.714
202.560	120.642	24.742	52.491
197.383	121.565	26.003	52.334
194.148	119.792	24.640	54.561
191.363	117.017	26.207	47.346
185.155	118.164	24.644	52.004
182.608	119.695	23.773	49.079
176.919	120.529	26.758	51.054
173.227	122.093	25.754	49.713
168.499	121.398	25.321	48.228
164.136	122.474	24.744	47.229
160.127	122.092	23.811	48.108
154.411	122.949	25.083	46.344
147.612	123.383	26.839	46.062
143.789	123.093	27.532	45.823
139.873	123.412	25.387	46.035
134.612	120.643	34.275	49.746
147.773	121.661	38.555	65.071
128.437	143.101	87.186	137.224
118.931	145.118	88.740	160.349
5.400	154.147	209.476	241.886
205.595	112.350	133.965	181.090
213.636	163.766	111.770	128.830
198.975	177.211	90.579	122.361
209.899	108.864	139.905	178.741
178.278	170.854	79.461	118.091
195.390	181.519	76.576	109.918
180.495	180.989	68.443	107.043
197.111	178.457	67.066	106.292
190.546	165.770	69.002	118.188
38.946	160.382	74.650	143.665
180.802	149.620	85.982	133.125
205.815	166.017	79.924	118.362
194.430	119.197	73.551	135.085
196.380	109.076	113.999	175.632
89.560	118.128	204.141	262.466
203.607	170.938	94.997	118.735
193.685	172.685	88.345	113.667
186.091	174.604	84.041	115.066
177.920	174.002	79.507	114.449
182.938	180.954	80.140	112.567
174.585	178.767	76.610	107.730
154.367	159.665	95.195	129.103
27.681	164.453	95.908	146.388
155.897	168.755	118.509	155.210
80.363	166.303	99.933	156.489
0.000	119.881	0.000	150.020
156.319	182.533	91.375	125.517
244.679	181.373	104.813	135.708
219.353	185.584	90.863	128.232
251.549	181.198	85.737	125.688
286.111	200.008	88.902	106.376
297.768	188.938	62.162	114.827
304.726	193.173	58.266	108.749
297.765	190.137	58.441	109.434
303.306	194.984	62.432	106.961
302.504	193.287	62.267	106.362
297.726	197.759	66.146	96.420
294.569	202.868	69.151	95.317
313.158	85.457	89.555	110.378
298.576	188.918	77.026	107.490
306.100	187.334	89.815	111.562
305.500	186.208	96.515	112.607
294.917	186.012	95.093	114.953
298.036	186.282	78.960	113.890
297.245	187.549	83.714	111.913
295.867	185.899	76.972	114.109
280.441	187.071	94.456	115.875
282.234	181.422	84.852	119.083
295.731	183.955	84.058	115.799
287.562	186.224	84.162	115.318
303.519	187.922	98.063	110.194
291.363	181.966	97.303	118.497
293.611	181.570	89.220	119.948
289.750	190.185	90.061	110.070
287.905	185.496	86.977	113.551
281.506	190.903	97.594	107.078
291.017	187.499	86.117	112.327
298.384	185.374	85.771	116.651
295.746	187.559	79.728	114.149
300.013	183.735	90.035	115.152
297.001	187.846	85.473	109.873
293.468	184.979	70.636	115.473
286.667	184.710	91.510	108.811
287.162	186.239	95.560	108.743
294.667	178.586	95.385	115.818
292.110	186.242	84.309	109.751
285.318	186.071	90.301	108.958
292.045	190.588	93.087	105.697
293.271	189.345	76.686	112.009
299.828	197.464	80.540	104.253
296.668	189.857	67.424	110.746
287.066	186.876	74.760	110.135
296.512	184.909	84.227	109.748
297.572	181.529	72.878	114.761
287.584	189.052	79.102	107.560
297.586	190.638	78.369	108.738
292.352	182.565	74.948	113.593
285.557	188.606	80.026	104.760
300.962	185.710	79.377	110.367
299.774	185.060	75.910	110.448
294.887	185.740	80.721	108.685
293.933	184.890	81.499	112.612
302.321	179.982	88.442	111.399
302.148	182.941	77.051	114.238
300.812	182.696	73.610	113.200
298.399	182.152	67.955	115.817
288.676	186.703	82.138	108.077
297.605	185.619	95.064	107.205
288.235	187.464	78.628	108.638
294.977	186.744	93.057	110.091
297.061	185.054	74.020	115.229
286.327	183.297	76.765	110.735
296.494	185.138	92.449	114.991
355.616	166.438	102.918	131.871
362.307	153.162	95.086	143.927
400.594	156.552	93.579	142.879
429.983	147.860	95.123	151.846
481.565	158.029	84.734	141.141
483.825	164.068	81.006	133.198
472.202	174.120	87.712	121.485
491.141	174.227	81.636	120.730
505.376	179.233	68.515	114.971
494.428	185.048	80.413	108.171
488.675	190.374	75.860	104.731
497.674	185.752	65.108	109.174
496.594	180.369	70.245	106.969
499.129	181.169	68.295	108.998
631.000	171.738	0.000	110.081
631.000	101.436	0.000	114.630
507.992	191.674	71.161	101.019
491.033	183.667	70.004	107.739
503.023	185.735	65.942	108.716
631.000	238.262	0.000	115.383
631.000	178.316	0.000	105.416
631.000	181.426	0.000	110.969
507.174	191.772	64.087	103.758
497.741	199.664	68.106	99.452
511.931	186.260	64.115	108.109
495.452	193.737	75.126	103.409
504.243	192.946	68.272	102.913
498.142	196.218	71.367	97.676
631.000	198.578	0.000	115.190
493.339	186.422	74.418	105.821
631.000	197.550	0.000	122.747
502.801	182.422	66.419	112.279
518.658	192.820	69.219	102.882
512.333	194.398	65.354	99.833
631.000	184.845	0.000	108.616
631.000	118.840	0.000	113.355
631.000	262.596	0.000	122.752
378.557	181.216	89.516	111.671
226.275	99.083	45.432	103.945
224.839	95.407	59.713	149.342
163.441	103.821	130.123	195.893
188.597	114.519	99.275	159.626
181.773	128.731	98.256	153.187
368.901	106.164	98.437	152.630
333.599	147.204	91.596	133.938
215.334	101.371	61.343	124.665
374.952	123.817	57.008	118.506
355.874	126.365	78.868	128.222
224.818	87.902	46.099	107.172
156.634	105.508	118.097	178.233
81.983	0.000	96.562	16.892
185.997	150.259	100.758	136.479
131.084	118.840	136.524	248.371
190.902	81.688	103.668	206.715
200.803	92.916	84.123	153.959
217.125	94.641	62.408	136.382
166.675	119.872	127.098	216.285
178.075	81.916	97.317	184.491
123.108	82.436	161.937	264.759
142.035	85.664	145.820	267.397
169.319	78.002	116.999	197.613
189.504	100.663	87.741	184.879
131.048	23.775	146.666	254.158
151.866	80.666	120.604	213.552
187.523	85.344	89.020	191.016
199.085	91.426	75.493	138.989
215.948	78.271	44.377	95.222
284.949	109.915	60.313	99.887
258.911	129.808	70.806	116.841
180.048	89.057	92.985	197.289
199.015	75.155	76.175	159.601
241.904	99.385	188.280	202.160
184.939	99.382	95.937	204.426
199.860	80.627	73.429	160.405
197.379	99.407	72.053	134.900
193.775	188.471	86.785	106.180
203.041	175.644	80.319	122.486
152.456	125.920	134.649	186.419
213.963	77.193	48.291	93.366
203.046	171.272	81.289	121.485
152.439	107.395	129.712	201.377
