297.000	238.000	37.000	109.000
294.915	237.415	36.256	111.092
292.818	236.268	38.149	108.986
289.989	235.793	40.590	107.162
287.977	234.797	41.732	108.721
288.279	235.063	42.092	104.401
289.078	233.994	42.334	109.008
292.104	233.926	39.955	106.792
270.729	233.651	39.554	102.137
224.120	234.838	40.712	98.254
187.557	235.937	39.328	101.192
150.351	234.069	39.558	101.213
142.460	231.889	39.968	104.901
138.678	232.002	42.493	103.677
138.236	230.113	43.793	103.371
138.645	229.746	42.991	104.499
141.158	226.955	38.796	102.777
141.502	226.274	35.380	104.654
139.407	226.693	35.761	104.752
137.296	227.078	36.046	103.285
134.605	226.014	36.279	103.481
129.858	225.304	39.265	104.660
126.378	225.042	40.333	102.960
123.643	224.942	39.902	101.161
122.140	224.631	38.949	103.253
122.587	222.864	37.684	104.072
122.914	221.911	36.536	103.028
122.652	221.378	35.291	101.753
119.518	221.562	35.517	102.606
114.885	222.236	36.440	101.119
111.935	221.026	36.685	101.072
106.759	220.505	37.802	99.827
101.416	220.028	39.210	100.873
98.957	220.131	39.629	99.061
98.131	219.664	38.989	98.935
98.336	218.715	37.065	100.063
98.445	217.597	35.943	98.985
96.981	216.998	32.916	99.362
93.571	217.293	33.337	100.273
90.164	217.810	33.733	98.955
88.139	216.022	33.421	99.930
80.922	215.613	36.184	99.577
74.780	215.454	39.010	101.381
70.575	216.311	41.013	97.270
70.456	215.446	38.063	97.547
71.054	213.657	34.196	98.053
69.609	212.988	31.021	100.041
65.584	213.137	31.672	100.612
57.717	213.954	37.156	98.399
54.309	213.446	38.873	98.243
47.807	212.567	35.021	98.411
56.287	212.027	36.726	100.138
83.641	211.911	38.828	100.444
125.871	210.837	37.571	98.974
258.289	186.837	25.001	105.746
188.165	207.889	37.754	98.917
211.791	209.855	44.213	98.443
346.690	316.226	32.489	84.789
232.061	210.632	38.706	95.428
230.541	212.500	32.906	88.970
232.720	214.085	29.533	87.957
228.928	211.033	30.986	89.211
220.799	208.358	36.827	92.657
216.455	210.487	36.913	90.675
344.688	205.614	18.069	103.955
333.241	270.522	30.308	111.994
210.667	210.895	34.644	89.977
210.820	211.359	35.525	90.440
203.010	208.954	34.724	88.651
189.478	207.914	35.416	90.923
219.758	207.680	33.571	96.617
216.279	203.543	35.950	94.788
216.141	201.880	38.870	95.007
353.552	207.114	15.341	110.016
527.790	216.807	63.165	122.001
523.468	220.762	49.740	101.723
552.563	254.151	38.157	83.795
631.000	228.622	0.000	90.939
631.000	257.297	0.000	101.112
371.236	289.533	21.704	151.521
544.508	231.325	44.380	94.482
631.000	278.707	0.000	129.180
631.000	253.124	0.000	125.600
607.288	236.836	23.588	88.172
611.557	240.822	17.398	101.886
631.000	281.006	0.000	104.873
596.438	228.001	27.676	125.888
594.638	217.969	36.362	132.474
469.503	203.303	32.442	98.450
469.678	195.694	37.114	103.990
467.301	199.792	37.330	101.524
466.190	199.367	41.116	100.730
469.067	206.800	34.812	96.418
469.638	205.765	32.640	96.502
470.064	201.359	37.227	98.457
471.537	205.083	37.677	91.283
468.795	204.364	30.473	92.152
472.402	207.379	30.004	92.765
472.728	206.760	34.646	89.360
470.496	200.841	33.463	96.746
469.848	202.861	37.091	100.895
465.910	196.760	36.015	100.140
471.529	204.479	30.039	94.542
473.073	204.897	32.758	90.483
470.044	201.941	30.680	94.180
466.436	201.926	35.449	98.683
467.841	204.217	34.940	100.638
467.373	202.065	37.972	97.768
465.802	204.479	39.949	94.139
472.567	207.907	33.408	90.393
460.345	198.561	43.610	91.499
599.373	201.516	18.123	133.095
631.000	227.690	0.000	135.421
470.139	202.524	33.368	97.931
469.671	202.758	35.370	94.177
464.879	202.459	41.333	95.383
