124.000	392.000	57.000	59.000
131.193	375.288	52.641	57.155
137.676	361.372	51.153	51.704
147.484	346.558	52.407	44.644
158.164	335.633	52.707	45.731
169.070	328.041	53.714	40.420
180.482	323.867	56.181	39.000
192.256	323.353	62.030	43.872
207.996	326.525	53.984	41.187
222.950	333.508	52.686	43.653
237.076	344.236	53.338	52.140
248.519	365.408	51.975	49.430
257.031	386.967	49.446	49.184
263.614	410.764	47.893	45.089
259.959	389.858	45.742	48.008
257.586	371.785	46.413	51.529
257.788	358.881	44.576	51.581
260.149	342.180	46.653	56.844
212.235	267.022	65.685	52.694
202.612	301.577	120.110	118.352
166.136	258.949	134.420	184.942
175.079	292.398	136.234	148.549
179.981	255.389	157.415	207.592
293.972	339.062	55.813	61.437
305.061	366.612	48.884	50.711
308.091	392.487	47.825	49.765
306.454	395.573	49.709	48.246
301.546	377.435	52.112	56.169
295.901	360.165	52.190	52.921
290.450	346.146	53.233	50.777
287.107	335.737	51.864	48.433
283.784	324.884	52.168	48.476
281.178	312.507	50.953	49.818
278.156	299.519	51.361	52.551
276.506	291.460	50.817	49.306
274.694	285.732	51.883	50.700
273.190	283.999	52.769	51.934
273.349	285.694	52.036	52.632
273.384	293.865	50.014	55.799
273.200	308.203	47.205	55.254
261.677	341.117	53.525	54.173
254.347	358.629	50.808	56.961
246.441	386.697	52.736	51.776
234.373	402.958	51.981	48.505
223.053	379.985	49.997	50.757
212.455	357.124	49.037	54.732
204.266	344.720	47.478	51.714
198.688	334.326	46.125	46.769
194.834	322.272	46.746	42.919
192.003	314.001	48.455	39.477
195.135	308.517	47.306	38.937
198.053	305.068	51.259	35.707
212.164	304.162	48.882	33.864
225.739	303.468	44.570	36.213
241.210	304.968	36.218	38.563
299.731	323.579	69.402	92.343
266.067	270.003	99.342	108.680
266.439	295.289	70.642	76.066
296.983	312.433	74.891	67.879
321.500	313.797	64.706	77.869
355.414	325.265	56.447	59.305
366.009	361.193	46.216	46.757
375.841	384.821	50.444	45.517
376.802	374.452	50.267	54.675
373.971	361.559	51.665	54.042
371.031	352.537	52.421	50.584
366.944	340.742	51.938	50.612
364.775	329.387	48.970	52.018
361.270	317.441	51.173	49.842
359.610	306.967	49.169	46.650
355.965	296.203	48.484	46.506
353.247	284.923	49.773	46.916
349.865	274.555	52.282	50.153
352.318	263.644	51.194	48.577
356.581	254.232	49.007	50.196
356.080	249.009	51.595	49.982
358.548	246.978	53.037	47.923
362.484	243.934	53.914	49.310
368.747	247.792	57.011	50.693
374.466	253.601	59.801	54.270
385.024	266.631	57.535	57.518
390.725	290.129	56.642	58.056
396.613	323.361	54.005	61.898
399.511	387.285	53.020	60.390
395.247	405.170	56.869	53.043
385.317	374.285	56.632	60.350
369.417	344.543	62.448	63.779
360.077	339.780	60.369	56.492
340.457	292.995	57.401	55.976
331.530	274.683	60.422	55.964
325.384	260.259	60.590	56.473
318.130	243.153	60.329	60.450
312.533	237.328	64.710	58.022
310.743	234.536	65.735	52.923
311.101	230.730	67.582	51.467
314.844	228.201	69.228	50.802
322.175	226.262	67.834	51.836
338.731	226.213	72.941	49.528
360.877	231.370	67.882	49.918
382.220	239.575	67.820	54.081
405.082	250.282	58.652	59.290
417.145	266.126	60.972	65.130
430.896	282.580	60.888	63.224
450.153	317.820	58.482	57.348
451.190	342.793	59.019	63.710
453.439	380.553	55.724	61.447
448.732	411.968	61.360	48.360
462.165	348.154	104.843	101.165
500.250	371.860	102.821	85.946
408.185	328.725	40.682	51.952
400.192	315.661	39.766	48.180
394.956	294.909	35.205	48.941
393.687	290.515	45.207	39.490
388.857	274.702	47.956	46.601
389.042	271.897	46.811	45.903
389.819	268.959	50.586	42.707
398.368	264.530	50.178	44.614
412.474	258.249	48.572	46.467
427.716	258.323	48.524	45.626
453.982	247.754	92.803	100.835
436.566	284.235	139.269	182.113
457.348	201.837	158.052	253.464
458.181	202.160	199.474	253.144
470.996	195.527	187.840	252.138
467.008	198.042	225.394	250.209
481.998	189.450	191.634	246.150
481.545	179.491	238.642	269.810
473.986	173.196	287.041	276.462
675.862	260.772	92.555	96.887
565.868	277.038	79.847	103.599
752.460	350.722	56.380	53.328
772.828	368.699	55.771	57.591
774.342	349.718	48.470	60.601
772.705	320.155	49.312	59.861
777.449	289.246	46.835	56.178
766.085	265.939	53.221	52.921
757.625	247.235	56.076	49.984
753.424	228.694	53.016	53.542
745.387	218.811	53.741	47.466
736.518	208.820	54.636	44.642
728.162	200.061	53.952	45.830
718.607	191.734	54.205	47.847
709.591	185.718	54.475	47.157
701.585	181.841	55.303	45.524
694.235	177.961	56.350	45.699
692.729	176.531	52.890	43.460
691.432	175.627	52.343	43.099
693.400	178.070	50.680	42.632
693.311	182.918	49.162	42.446
692.790	190.357	50.129	43.796
690.859	197.697	55.103	46.126
697.910	211.164	54.076	47.815
706.002	227.368	53.186	53.285
712.786	251.848	54.735	60.518
716.849	278.787	50.910	60.616
720.793	316.882	49.565	60.475
721.960	353.977	50.785	58.434
724.133	393.795	47.881	52.725
715.389	374.053	53.177	56.948
702.399	342.027	53.426	59.121
692.583	311.724	51.774	58.289
680.527	285.562	55.302	57.980
669.183	262.481	55.664	53.641
659.715	245.961	56.703	50.890
653.943	233.502	55.397	47.950
649.385	223.015	53.310	48.499
641.843	216.509	53.364	46.025
638.560	213.484	50.610	44.017
634.962	211.257	51.915	44.467
635.042	209.957	52.007	45.519
635.687	210.754	53.431	44.755
638.656	214.990	55.083	45.881
647.433	221.636	52.118	46.376
656.495	230.905	51.726	49.319
663.412	242.964	55.611	48.977
672.801	258.289	54.051	48.581
684.844	277.583	56.934	54.948
694.530	302.029	52.501	59.667
703.766	333.501	50.389	57.593
712.671	368.187	49.817	58.089
718.101	400.083	50.530	58.606
633.853	387.183	49.190	59.972
721.421	395.050	49.173	57.322
717.452	377.551	49.664	56.053
711.590	331.341	50.842	54.256
705.364	313.782	50.920	48.923
698.539	298.223	53.347	47.158
694.380	285.532	49.875	48.065
686.454	278.978	50.018	45.128
678.546	272.009	51.470	44.122
673.062	269.556	50.910	44.749
661.843	272.772	54.674	44.427
661.512	282.745	48.662	50.322
659.140	305.992	47.431	52.687
654.731	331.888	49.326	55.253
654.343	361.515	47.557	59.679
652.236	396.807	45.977	55.833
642.498	406.221	51.325	53.504
636.406	386.607	47.230	56.435
621.084	358.974	49.897	54.215
607.719	333.412	50.305	50.042
595.413	308.065	48.962	48.020
588.493	292.341	48.460	44.751
586.141	272.963	49.039	49.525
593.046	256.775	46.328	45.788
567.677	249.493	58.123	46.212
547.858	242.843	61.702	50.908
526.894	243.320	65.117	60.201
511.954	249.221	66.202	56.140
498.689	250.136	64.506	57.393
492.387	255.147	57.664	51.599
491.618	259.648	55.159	47.253
490.455	260.431	56.732	46.948
489.839	262.133	64.182	47.408
509.732	255.268	53.210	54.480
499.799	261.486	67.010	69.543
510.764	257.690	64.543	76.466
523.613	230.870	100.176	183.847
537.266	3.369	129.762	97.611
581.935	242.939	64.098	58.041
603.327	248.639	52.450	50.023
610.048	254.342	50.706	49.452
610.753	261.617	51.669	48.126
611.559	269.109	53.582	47.278
618.319	282.793	53.574	53.113
622.206	304.673	51.762	59.864
621.170	335.962	49.578	62.148
614.277	374.241	50.315	61.813
600.196	409.962	55.912	69.523
590.270	447.896	58.526	53.384
576.195	419.716	57.186	66.655
557.749	378.495	59.010	68.760
550.527	350.942	56.423	63.883
545.132	317.040	52.950	59.768
537.183	300.679	51.127	50.910
530.586	285.309	48.872	49.487
514.888	270.998	50.446	51.627
497.584	260.951	57.630	52.943
484.578	257.026	55.689	48.767
478.952	256.986	56.305	47.695
486.242	252.507	54.789	49.433
504.489	248.912	58.483	52.810
528.286	245.931	57.709	56.772
552.438	241.105	58.456	59.972
596.151	235.193	57.136	64.047
607.435	230.840	59.980	66.163
618.648	227.063	62.114	65.139
630.780	225.688	60.508	63.598
701.368	156.527	67.775	61.203
650.417	227.833	65.968	53.307
671.133	228.471	53.404	50.285
682.231	234.202	52.403	51.199
683.273	244.429	52.302	51.113
678.652	253.617	57.937	51.145
650.878	264.604	58.774	53.082
616.016	282.648	62.391	56.445
594.159	301.275	59.312	60.028
578.005	327.513	55.430	55.685
571.658	361.011	54.063	63.125
566.291	401.437	54.040	62.168
563.775	434.448	51.690	62.270
551.086	471.087	60.731	61.560
529.894	474.878	58.324	59.734
512.023	440.618	55.675	64.635
493.462	408.265	53.543	57.852
487.070	382.897	45.440	55.932
479.574	360.186	47.595	51.037
481.547	348.622	49.994	45.782
500.523	317.078	42.561	53.644
521.301	309.097	46.007	45.116
531.065	303.995	44.247	43.902
535.457	299.632	42.888	40.807
534.593	299.111	44.126	37.181
534.016	302.040	43.837	42.600
540.317	303.230	44.172	38.503
551.512	302.622	40.482	35.430
560.546	299.050	38.161	36.875
567.682	295.631	39.799	39.994
569.716	291.145	39.348	38.417
562.132	286.490	44.310	39.160
546.986	283.198	47.502	39.515
526.881	282.994	51.814	43.301
514.562	285.345	53.883	51.613
514.029	293.379	52.272	49.344
519.669	300.751	51.859	48.238
532.887	309.035	52.711	47.793
543.344	320.322	53.580	51.871
549.843	337.721	51.745	52.208
546.969	364.144	55.925	60.900
553.182	406.566	52.440	59.878
555.277	448.071	52.402	60.127
553.073	488.350	50.821	61.480
461.627	506.261	41.989	54.337
487.319	440.023	56.145	18.273
545.111	482.237	52.206	65.072
544.780	446.178	53.252	60.324
543.890	410.735	52.101	62.246
539.447	380.738	53.664	59.866
534.028	360.011	53.334	57.290
528.999	340.155	50.153	51.427
528.036	325.457	53.205	53.211
527.908	313.392	54.060	50.826
532.012	305.671	50.359	47.615
536.534	298.600	47.087	48.146
534.219	297.783	51.497	49.886
521.989	296.573	59.293	59.675
521.283	290.992	65.897	70.787
529.845	287.015	64.877	62.049
539.951	291.034	61.024	56.948
551.232	292.772	56.814	54.231
558.775	201.910	68.674	42.039
557.930	296.911	59.092	37.057
556.452	298.604	58.220	49.115
556.747	298.821	58.693	50.046
558.068	306.562	62.598	53.557
573.189	301.977	60.644	56.288
590.119	303.542	58.141	52.096
603.738	309.675	54.739	48.637
615.654	317.079	53.129	50.960
621.168	328.079	53.633	50.863
631.121	339.857	55.661	54.224
638.686	358.210	57.907	58.291
643.568	376.946	55.739	65.855
637.212	407.899	54.207	64.728
636.082	438.513	46.097	63.412
620.261	377.829	77.312	115.957
573.154	334.230	135.684	226.727
551.966	271.962	165.450	283.923
540.624	223.474	172.763	332.850
543.385	268.517	159.642	271.569
544.082	282.095	151.380	170.102
530.714	258.049	176.411	278.934
573.909	279.222	146.176	214.135
548.986	260.678	185.491	278.662
601.472	576.000	198.669	0.000
567.872	250.198	215.464	284.837
532.645	272.967	279.735	303.033
615.733	233.518	189.376	287.780
619.325	248.086	207.688	276.684
614.849	235.045	210.808	288.764
615.243	262.954	150.464	177.742
561.225	335.333	85.747	97.032
420.996	292.587	35.541	85.848
593.432	431.316	51.774	61.445
601.720	469.825	49.959	52.237
611.642	455.875	53.177	53.587
717.581	373.998	27.222	32.983
550.298	356.512	41.288	36.879
641.468	391.660	53.679	47.380
637.693	386.496	73.044	57.895
655.498	266.048	95.647	162.747
646.352	254.909	110.283	268.468
648.985	285.796	111.330	191.059
640.451	244.222	118.780	270.929
621.276	234.678	137.290	277.644
387.740	230.418	166.863	156.911
612.892	253.126	134.457	270.231
590.041	135.050	175.998	357.498
601.080	266.994	144.674	254.061
499.555	459.057	46.463	83.529
590.330	303.515	127.037	217.551
567.648	181.823	89.819	60.355
568.435	309.787	61.768	69.064
558.050	319.555	61.685	58.121
568.396	337.749	55.985	51.121
563.637	315.162	97.156	86.328
582.935	244.014	121.679	218.983
573.176	239.560	168.351	265.368
585.883	277.344	135.946	205.772
572.076	239.781	171.792	262.306
603.450	264.219	122.013	204.673
611.473	224.990	124.943	281.326
456.129	165.423	227.337	159.334
627.243	242.289	102.219	258.433
369.202	0.000	142.671	99.102
556.792	189.428	164.956	290.760
793.008	576.000	166.992	0.000
617.662	287.015	104.129	152.502
599.696	257.825	141.755	246.908
579.883	230.016	162.999	271.482
585.264	245.411	145.381	253.784
590.453	280.937	124.452	219.095
571.342	253.694	148.052	244.040
537.070	242.517	193.798	278.016
578.349	249.546	112.303	246.470
598.719	0.000	154.865	93.970
774.132	0.000	120.792	0.000
328.328	13.802	142.252	97.315
559.680	256.180	118.575	237.859
574.857	576.000	167.885	0.000
484.336	248.959	216.532	257.431
539.105	255.937	149.367	224.662
497.537	245.692	194.855	237.288
499.319	259.069	196.316	225.718
439.032	232.535	301.958	291.775
494.047	264.943	178.573	210.967
421.735	220.872	348.835	217.376
115.417	119.153	695.722	296.808
399.233	207.900	304.311	238.591
459.394	262.629	183.946	186.590
444.743	212.589	384.676	247.475
297.354	227.297	662.646	186.143
470.255	247.546	391.636	144.069
314.997	225.534	645.003	199.803
22.095	156.799	788.514	302.445
580.481	246.165	121.846	212.900
564.776	228.998	155.043	243.907
547.916	241.824	141.477	191.688
562.055	210.801	158.762	261.341
572.830	234.817	128.719	220.048
557.173	216.856	164.864	253.342
569.530	236.002	141.181	142.449
552.670	220.681	145.625	244.069
563.049	227.151	124.174	233.639
548.343	203.966	144.637	254.846
550.426	228.283	122.347	155.566
561.118	228.588	114.180	235.136
540.477	226.872	70.706	76.229
536.417	236.433	48.694	45.285
535.033	245.347	40.172	38.892
533.533	255.792	38.155	39.411
532.127	267.046	38.039	39.190
531.442	279.479	39.652	41.873
531.479	294.921	35.927	45.251
530.139	317.342	38.351	48.374
530.327	346.208	39.113	45.837
531.914	377.615	39.491	45.738
533.365	402.884	38.109	50.777
533.762	405.412	41.855	49.630
539.222	383.366	39.469	51.327
542.336	361.569	37.255	45.739
542.731	341.237	32.948	42.429
560.590	287.235	42.601	30.145
560.098	272.117	47.704	47.757
552.406	267.965	50.041	50.130
476.466	189.202	23.799	25.430
516.157	293.192	83.056	98.268
545.721	261.030	55.639	57.050
447.689	329.021	107.129	66.425
531.584	372.905	55.606	22.073
529.429	359.891	44.726	49.964
530.057	250.142	59.161	62.087
465.403	287.191	77.697	101.031
506.270	265.967	39.269	35.632
498.715	270.465	32.296	34.406
492.998	276.805	33.979	33.496
484.215	283.689	38.207	33.807
480.594	287.777	37.539	35.764
477.850	290.844	37.314	36.773
477.257	291.876	37.759	35.896
475.885	291.407	38.536	35.589
474.667	287.684	39.017	39.017
472.680	282.933	39.874	39.944
471.707	278.928	39.379	39.511
471.953	273.406	38.588	41.612
476.248	267.743	39.544	40.245
481.474	264.183	41.216	38.033
486.674	261.891	41.670	35.705
492.148	260.078	40.873	36.067
493.603	259.741	38.917	35.630
494.335	259.712	38.594	35.581
492.606	262.210	39.483	34.689
491.523	265.474	39.176	36.231
490.457	268.992	39.012	36.767
490.290	271.310	38.674	36.433
490.256	272.434	39.025	35.510
489.392	273.191	39.182	34.238
489.074	273.148	39.118	34.552
485.494	272.950	40.226	35.943
479.247	273.315	39.091	34.250
474.334	273.149	38.086	33.948
469.959	273.385	38.047	33.277
465.883	273.181	40.521	34.832
463.176	272.885	39.571	34.662
460.411	272.202	41.328	34.846
459.703	271.555	39.029	37.315
459.172	271.322	40.067	35.257
458.559	270.653	39.430	34.502
458.823	269.728	39.364	33.489
458.009	269.529	40.906	34.345
456.283	269.525	41.513	34.892
454.165	269.798	43.156	34.704
451.398	270.636	43.406	35.070
445.425	272.106	44.738	35.347
437.700	274.067	43.638	36.145
430.833	275.563	41.653	37.268
426.549	277.155	42.424	35.345
422.338	278.111	43.005	36.300
418.508	278.471	44.254	35.808
415.475	278.804	44.180	35.618
413.534	278.381	43.297	35.653
413.511	277.054	41.080	36.784
414.139	276.119	41.063	37.063
416.517	275.418	40.948	36.402
418.538	274.934	42.136	36.366
420.853	275.162	44.463	35.865
421.692	275.366	46.151	34.941
423.255	275.902	44.916	36.169
423.690	276.187	42.473	36.428
417.951	274.771	41.515	37.753
412.879	275.702	40.888	36.010
409.522	275.035	39.234	35.556
402.654	271.216	43.847	33.696
407.983	265.137	41.620	36.925
411.371	263.760	39.691	36.821
415.526	262.414	39.269	36.187
424.973	259.825	41.631	35.501
435.195	256.635	39.828	36.274
446.050	256.611	44.535	35.459
457.175	255.735	44.346	35.965
466.118	255.396	42.130	36.292
469.502	256.941	43.479	35.940
467.275	256.665	45.500	37.853
460.814	255.995	49.358	38.436
452.885	258.413	48.360	37.608
446.789	260.078	45.695	35.881
443.698	259.227	43.846	36.680
439.674	258.818	44.037	36.054
432.650	257.676	43.825	36.025
426.299	256.417	41.549	35.915
422.169	255.529	40.110	35.137
417.484	254.314	40.693	34.679
411.033	253.526	41.437	33.852
403.563	251.937	41.365	33.956
394.668	250.256	40.176	34.007
387.436	248.218	40.624	34.840
382.550	245.825	39.779	34.261
379.288	251.507	40.340	46.476
343.547	263.334	69.494	96.454
291.234	353.558	86.423	86.450
380.527	193.519	111.240	206.112
345.878	206.715	111.105	169.257
316.571	258.279	96.627	137.097
333.114	241.960	132.697	160.444
352.132	0.000	139.075	302.316
319.983	30.532	183.290	442.739
313.703	74.794	250.110	402.152
334.091	30.053	171.749	403.108
319.203	221.517	141.920	256.154
312.699	204.636	111.807	195.254
282.551	205.742	156.666	288.763
306.871	0.000	252.611	399.662
273.346	178.262	115.339	108.352
357.081	78.904	126.268	286.327
346.915	0.000	201.785	346.713
297.850	184.201	132.451	217.343
404.606	0.000	161.743	312.575
272.339	182.814	128.742	221.525
365.613	150.479	168.102	274.528
257.459	182.197	84.479	102.775
260.936	189.894	105.883	228.774
255.853	201.593	87.937	185.435
250.370	198.116	80.292	163.314
242.092	213.033	92.013	210.812
242.479	218.463	96.733	169.553
240.420	197.442	73.626	87.559
240.368	280.620	71.029	86.486
232.632	210.218	41.059	38.649
226.563	211.994	41.757	36.736
223.486	216.836	38.236	35.739
221.124	221.547	38.287	35.787
220.222	226.349	37.443	33.955
220.984	229.196	37.587	33.270
223.459	232.657	34.684	33.386
228.562	232.058	38.611	35.568
237.396	230.707	40.723	35.991
243.917	231.224	37.861	34.938
247.056	236.341	36.946	34.726
246.850	239.358	36.503	32.162
247.806	238.181	34.495	33.921
252.606	237.413	35.463	34.238
257.151	238.392	36.583	34.263
261.511	235.959	38.308	36.006
269.092	230.862	37.886	37.210
274.817	228.680	39.318	35.794
281.001	226.979	37.841	35.429
287.463	223.081	41.590	36.787
301.910	217.788	43.238	39.359
317.581	215.334	43.802	39.781
333.366	212.563	44.549	42.581
349.148	213.254	45.118	45.216
362.891	210.479	43.952	43.570
370.341	212.204	44.100	39.037
373.520	212.297	35.985	38.483
371.180	215.245	34.028	34.437
383.590	277.899	42.765	22.990
394.022	293.394	39.816	19.598
268.844	276.039	95.715	81.230
389.828	257.996	54.722	58.596
306.578	265.237	116.116	98.439
314.789	264.071	74.112	88.228
333.386	281.496	79.357	70.786
380.320	259.518	64.551	93.996
389.418	262.945	114.078	151.182
403.777	183.444	69.275	95.208
429.484	276.243	157.799	121.517
420.686	213.629	115.227	94.647
382.421	218.406	121.172	208.981
373.311	192.775	159.195	242.104
397.770	248.770	126.991	141.979
425.572	283.328	104.804	128.245
390.423	203.030	167.026	228.019
439.405	233.842	101.160	200.461
407.060	211.101	139.086	238.774
420.521	233.567	117.785	192.306
436.050	289.787	98.901	143.775
448.549	309.281	78.104	96.728
440.243	211.674	83.715	71.560
642.524	449.955	110.745	109.201
490.916	225.763	59.262	68.961
505.183	235.469	51.343	54.957
416.805	227.928	67.257	143.833
503.121	232.895	59.964	73.921
513.057	231.818	88.814	146.250
517.125	202.610	108.796	229.465
384.608	200.835	169.293	241.822
404.183	255.982	101.485	158.207
395.091	217.537	135.975	221.757
393.841	191.477	159.169	249.174
395.705	196.625	162.778	250.850
523.710	166.939	174.326	278.557
470.558	149.707	232.999	158.875
407.059	180.058	145.625	255.492
293.698	40.667	102.369	82.441
325.964	46.886	131.945	118.499
414.833	199.190	98.651	223.411
393.164	204.192	120.338	230.439
396.246	247.706	101.482	152.288
662.410	200.082	116.752	215.212
377.398	267.599	99.135	127.004
318.971	0.000	92.178	0.000
311.503	43.148	85.002	70.879
323.744	0.000	90.161	0.000
324.073	0.000	90.707	0.000
325.654	0.000	89.666	0.000
320.363	47.840	79.430	67.767
341.231	201.123	109.171	36.610
316.091	50.484	86.335	64.463
321.222	49.983	83.389	64.930
320.074	49.133	83.607	65.415
323.898	48.772	80.847	65.227
323.210	47.669	82.479	67.579
327.458	46.384	79.355	67.471
329.129	46.681	79.057	69.108
327.834	45.111	79.803	70.594
326.789	46.144	78.337	69.669
330.073	46.800	73.940	69.085
327.414	46.421	77.804	70.310
330.252	46.120	76.181	68.589
328.629	44.246	76.054	71.330
329.326	45.318	76.843	68.086
325.125	41.695	80.187	69.837
325.103	40.130	80.813	71.739
320.899	36.420	85.110	74.459
320.979	42.401	88.696	69.969
325.173	37.596	82.469	73.882
323.085	37.070	84.938	75.022
204.188	35.997	68.982	73.137
104.397	0.000	69.642	0.000
312.269	32.205	101.306	82.769
330.167	39.967	77.793	72.770
324.723	35.725	85.504	77.825
325.697	32.799	84.605	79.837
324.066	33.377	88.784	78.924
324.329	32.607	90.038	79.328
328.310	35.040	88.024	77.186
331.477	36.595	84.471	77.839
335.197	40.988	81.247	71.551
335.892	24.250	82.847	84.988
342.612	37.488	77.269	75.932
340.546	41.862	84.052	69.309
351.031	41.075	75.036	67.775
345.291	48.242	79.786	64.154
348.176	52.700	77.135	60.153
351.077	52.334	74.215	60.365
352.181	54.306	73.980	56.370
352.070	50.819	73.308	60.178
362.930	0.000	87.284	0.000
351.674	50.235	77.706	62.651
365.076	217.340	79.818	146.177
366.472	218.987	98.892	188.611
359.235	213.951	105.871	204.968
349.015	199.596	117.898	217.820
342.741	198.749	131.596	214.100
341.738	192.006	115.366	77.355
374.115	233.072	84.125	160.052
363.021	215.207	96.824	190.224
354.255	55.607	76.300	54.384
276.466	0.000	65.935	0.000
355.319	51.646	79.258	56.533
441.669	0.000	73.414	0.000
354.355	52.808	79.661	56.211
335.296	9.777	111.134	91.689
357.304	53.015	79.575	56.241
348.425	218.410	87.629	134.547
349.389	203.568	107.103	179.541
123.086	340.153	278.832	235.101
0.345	86.453	196.490	395.388
331.297	214.304	117.157	197.508
322.215	254.193	106.971	118.876
325.597	219.037	113.966	184.070
350.862	25.716	109.110	76.568
335.842	27.722	132.115	95.823
205.463	0.000	122.774	0.000
129.931	429.282	232.346	103.657
11.221	377.392	239.292	198.608
150.295	273.986	145.700	137.655
134.248	309.123	130.153	111.985
169.014	299.853	75.427	92.569
164.276	291.830	90.145	106.821
158.053	325.423	92.220	97.039
132.582	300.581	131.239	118.471
0.000	234.062	79.366	106.545
184.986	282.858	101.044	129.404
212.335	252.563	141.158	147.658
147.611	286.213	124.928	131.330
181.247	309.194	88.748	103.345
168.554	288.753	131.609	129.122
187.156	250.361	179.002	172.569
173.049	279.114	118.970	141.773
93.476	402.836	241.227	173.164
186.727	283.293	117.730	129.936
178.488	320.604	94.442	88.199
170.905	302.286	111.820	117.236
175.988	334.748	74.895	80.623
155.144	295.797	119.648	122.220
211.525	254.775	120.879	150.399
221.812	276.864	154.103	131.655
10.829	341.065	68.273	52.492
0.000	326.615	75.568	85.644
1.135	306.443	72.655	76.879
17.942	395.342	78.973	127.040
11.106	356.148	86.752	154.042
2.998	253.743	110.269	150.861
0.000	288.472	75.806	108.869
2.747	257.578	82.275	88.389
151.615	282.543	124.949	130.735
196.539	309.687	84.288	98.217
248.341	250.847	117.771	151.506
350.214	56.994	98.536	47.038
348.213	27.644	91.851	76.028
436.083	0.000	95.101	0.000
441.161	0.000	93.736	0.000
443.303	0.000	93.262	4.419
282.922	225.412	94.209	155.677
225.713	208.227	130.946	189.610
177.100	318.298	90.705	79.051
316.339	277.307	62.970	63.215
190.238	298.509	106.123	87.959
196.152	276.563	74.768	122.491
163.966	288.933	95.631	107.498
187.326	303.032	83.937	110.515
158.648	287.620	123.252	122.537
240.109	237.318	129.075	166.236
210.570	209.266	161.801	199.215
235.120	215.944	108.127	177.588
226.131	233.994	132.814	178.647
208.997	270.204	119.932	131.862
246.549	232.360	107.142	175.875
119.484	384.841	279.841	191.159
171.518	507.322	249.026	68.678
138.890	367.382	262.546	208.618
238.502	242.520	100.239	163.341
189.832	224.557	143.797	182.734
173.537	286.486	103.748	121.522
174.376	310.987	77.879	87.109
175.389	331.778	70.746	60.012
177.473	309.536	71.370	74.658
171.924	317.226	87.502	65.706
169.936	320.073	75.361	77.810
171.658	262.140	96.848	137.290
150.127	328.105	88.896	76.767
135.644	493.331	96.160	43.569
146.726	345.260	84.889	58.230
142.494	284.664	111.887	125.982
153.382	270.646	104.025	132.382
145.208	275.899	106.088	131.627
124.169	426.174	74.847	59.439
115.919	315.393	117.918	104.681
169.225	222.847	100.853	147.270
144.629	248.150	130.974	167.777
148.898	230.292	100.580	147.922
340.580	55.906	92.621	44.358
454.361	0.000	69.705	0.000
231.312	0.000	110.586	0.000
317.480	0.000	117.936	0.000
448.244	0.000	100.152	0.000
220.142	0.000	104.848	0.000
442.872	0.000	105.258	0.000
339.915	30.217	95.158	82.145
339.833	29.186	96.469	78.315
339.394	25.167	94.502	81.762
339.482	28.213	94.014	80.779
338.148	28.201	96.412	78.146
337.721	24.422	96.490	82.317
340.677	40.264	92.172	69.682
342.307	44.049	93.344	65.209
434.336	0.000	103.342	0.000
435.032	0.000	101.285	0.000
341.570	41.696	93.695	67.326
342.600	41.632	92.232	65.812
341.834	39.473	92.226	67.574
341.717	43.817	91.959	62.831
342.303	43.316	91.442	63.179
342.920	44.126	90.293	62.254
245.288	0.000	92.946	17.871
333.020	10.609	100.477	100.265
341.448	40.630	91.847	67.092
343.675	42.060	88.913	64.347
343.149	42.622	89.597	64.198
342.905	43.269	89.015	64.304
343.992	42.737	88.284	65.640
336.724	37.863	98.969	68.433
329.017	0.668	118.418	104.858
331.056	29.632	103.835	82.059
338.685	38.934	94.997	71.241
340.732	2.878	102.265	78.586
336.788	31.099	95.907	75.684
338.184	36.816	95.437	73.101
331.959	31.484	102.050	77.593
335.306	34.523	97.480	73.807
333.359	32.098	100.130	76.212
333.540	35.307	99.754	74.166
331.419	36.710	102.437	73.289
318.465	0.000	132.096	123.122
331.212	44.882	105.264	70.222
316.080	21.703	135.728	112.278
295.654	0.000	162.331	119.505
334.502	38.432	108.302	69.413
154.560	229.922	116.944	162.049
310.278	32.132	114.837	73.759
244.136	302.682	61.102	72.943
317.318	422.201	25.851	71.484
149.998	418.978	70.275	68.211
143.007	304.009	101.713	87.910
262.269	282.674	39.845	39.739
266.193	276.007	35.559	44.037
264.611	273.928	38.136	44.301
258.734	273.949	44.188	42.332
264.230	274.408	38.338	42.116
260.714	273.762	40.595	44.463
260.052	275.484	41.628	42.701
178.128	320.619	76.162	70.470
202.256	261.724	101.889	126.752
199.278	282.229	91.875	119.789
199.147	278.380	99.762	99.696
192.183	300.681	127.214	107.059
204.144	258.680	84.114	131.111
50.947	443.634	226.186	124.427
208.654	251.423	98.251	149.767
9.994	203.255	48.464	108.023
247.145	228.577	89.805	170.629
195.057	215.446	155.155	188.378
54.844	386.515	350.844	160.154
215.666	230.840	119.822	168.443
73.861	389.738	324.258	183.753
4.455	355.589	426.368	215.464
0.283	257.541	46.563	123.055
228.207	233.542	124.721	167.183
203.487	302.792	113.150	99.945
216.378	238.106	113.198	155.166
227.050	208.933	128.751	194.369
195.082	293.406	109.150	107.204
205.053	251.013	108.274	148.888
219.801	211.535	121.426	186.240
189.398	311.225	99.917	93.907
184.742	316.969	74.598	82.359
192.353	259.533	98.044	139.215
132.363	199.119	166.194	212.399
230.939	461.883	88.914	57.252
311.589	302.257	47.166	49.873
322.462	332.171	36.419	44.683
320.545	347.560	35.228	35.452
316.698	333.842	31.518	37.868
290.979	296.988	48.932	58.959
293.601	299.490	50.268	52.357
287.106	285.255	43.081	47.007
285.432	273.308	36.824	44.317
286.152	274.641	36.648	43.928
280.819	272.759	38.163	40.267
273.515	269.898	39.556	39.387
275.570	268.006	35.182	39.425
271.713	268.628	37.650	33.864
270.567	265.592	36.258	30.691
268.791	265.134	37.522	31.275
269.494	263.234	36.348	30.812
270.207	260.034	33.103	32.598
272.191	261.637	32.595	32.839
273.710	262.469	33.205	32.044
276.379	263.138	32.765	30.614
279.184	263.399	32.194	29.935
280.260	262.946	35.321	28.240
284.850	261.955	33.559	30.867
286.002	261.100	35.624	30.035
288.970	259.962	34.357	30.563
291.584	259.412	33.457	31.132
292.494	259.068	34.932	32.678
292.184	258.866	36.475	34.735
292.683	258.738	36.336	33.909
292.773	258.664	36.690	33.155
292.790	258.979	36.076	32.421
293.050	259.186	36.159	31.316
292.949	259.793	36.710	30.484
294.030	259.809	35.549	31.181
295.304	259.566	34.835	31.099
296.669	258.236	34.859	31.974
296.957	255.756	35.627	33.618
297.249	252.562	34.040	35.018
296.912	249.829	32.824	33.839
296.646	246.072	32.636	33.622
295.268	243.015	31.885	33.680
295.023	239.443	31.255	34.287
294.621	236.697	32.674	32.656
294.553	235.252	33.091	29.631
294.293	235.515	33.878	28.955
294.643	235.515	33.570	29.357
295.676	235.588	32.785	28.796
295.789	236.575	33.155	28.294
296.002	236.926	32.760	27.407
295.750	237.237	32.504	27.984
294.909	237.344	33.297	28.038
292.617	237.240	34.769	28.441
290.631	235.952	35.660	29.273
287.840	234.853	35.136	29.238
285.252	232.817	33.883	30.484
282.468	231.210	32.991	30.987
280.243	228.825	33.516	31.311
278.873	226.258	34.610	32.532
278.422	223.701	34.503	33.053
278.346	221.265	34.091	32.907
279.832	219.543	34.775	32.478
280.981	217.113	34.804	32.874
283.016	214.628	35.272	32.547
285.312	212.113	35.955	32.598
288.524	209.985	36.375	31.774
293.293	207.985	35.689	32.396
297.441	206.178	35.918	32.882
303.311	204.690	35.963	32.486
308.304	203.599	36.277	32.164
312.446	203.796	36.886	31.405
316.086	203.180	36.201	31.722
317.849	202.710	36.252	31.969
318.770	202.751	36.343	31.836
318.977	202.346	35.751	32.177
317.723	201.094	36.952	33.430
317.019	199.361	37.593	33.946
316.518	199.075	37.305	34.238
315.887	198.371	37.662	34.275
315.254	197.096	38.124	34.650
315.263	196.071	38.427	35.872
315.257	195.059	38.668	35.835
315.667	193.903	38.732	36.943
316.411	192.841	38.808	36.935
317.449	192.386	39.016	36.406
318.353	191.489	39.643	36.065
319.718	190.663	39.621	35.927
320.378	189.628	40.199	36.313
321.107	188.633	40.454	37.640
321.978	188.474	40.518	36.979
322.683	188.000	41.099	36.614
323.643	186.834	41.110	37.410
325.253	185.620	41.139	37.026
327.432	184.701	40.961	37.099
330.484	183.544	40.750	36.443
332.451	182.759	41.020	36.822
333.802	182.279	41.157	36.675
334.918	181.319	41.983	37.071
337.066	180.949	42.536	37.294
340.148	180.817	41.988	37.251
341.956	180.781	42.630	37.565
344.175	180.620	41.988	37.883
346.457	180.396	41.372	38.167
348.646	180.245	40.969	38.681
349.836	179.990	41.116	38.494
350.789	180.262	41.622	37.842
351.525	180.040	42.427	37.687
352.023	179.987	42.299	37.637
352.066	179.768	42.480	37.896
351.411	179.978	41.854	37.963
350.477	180.457	42.056	37.132
350.311	180.237	41.698	37.000
350.386	180.399	41.462	37.211
351.049	180.423	41.195	37.109
352.656	180.472	40.825	36.730
354.256	180.683	40.614	36.385
356.813	180.180	40.166	36.596
360.668	179.914	41.022	36.614
365.220	179.659	40.299	36.237
370.337	179.289	39.882	36.098
375.195	179.369	40.156	35.404
380.773	178.940	39.724	35.626
386.718	179.612	39.656	35.958
392.358	179.699	40.073	36.552
396.960	180.035	40.237	37.311
398.548	180.664	40.263	38.059
398.260	181.429	41.146	38.075
395.733	181.396	41.666	40.001
391.743	182.601	42.932	40.361
385.279	184.867	45.018	41.831
378.920	189.472	45.035	42.646
371.129	193.860	44.563	42.908
364.589	198.620	44.605	41.836
364.368	201.747	43.252	42.337
367.839	206.061	42.770	41.481
370.275	212.497	41.955	41.684
371.129	221.420	42.582	43.687
371.030	231.584	42.105	43.249
367.809	240.809	42.947	41.989
362.550	244.415	44.517	39.828
355.331	244.165	46.094	39.105
349.307	244.050	44.459	39.320
345.830	242.748	43.128	40.201
345.435	236.359	44.142	48.227
347.861	226.006	44.743	45.410
349.270	222.639	43.544	42.938
350.080	221.854	43.300	42.641
347.892	224.217	43.432	41.557
345.429	224.480	43.542	40.691
342.519	224.262	43.953	41.485
333.664	226.995	47.155	43.658
325.034	231.927	47.110	45.715
323.679	235.293	44.446	44.279
330.090	235.462	44.029	44.619
338.289	231.529	45.868	44.255
346.527	230.123	43.774	44.185
350.904	229.424	43.512	42.783
355.868	228.276	43.574	40.985
360.689	227.363	43.470	41.829
364.758	227.101	42.710	40.798
368.684	227.288	41.680	41.096
371.817	226.358	42.398	41.608
376.500	226.966	43.148	42.094
382.156	227.510	43.382	41.503
387.784	227.502	43.854	41.523
393.419	227.129	45.157	41.408
399.085	226.520	44.350	42.496
402.451	226.515	45.342	42.387
405.341	226.906	44.771	44.229
407.719	226.929	45.217	43.544
410.463	226.979	43.815	42.738
411.267	227.053	44.222	41.291
412.634	227.101	43.368	41.158
413.850	226.649	42.492	41.123
414.709	226.960	41.932	40.972
415.933	227.395	42.728	39.941
416.677	227.710	42.493	39.274
416.798	227.973	42.497	38.315
416.767	228.201	42.541	38.509
416.407	227.590	42.272	39.109
416.169	227.743	42.581	38.452
417.232	227.285	41.891	38.943
418.524	227.159	41.981	39.152
419.358	227.159	42.385	39.008
419.833	226.915	42.672	39.159
419.970	227.277	42.641	39.423
419.951	226.777	42.690	40.609
419.633	225.331	42.692	41.834
418.572	224.218	42.948	42.080
416.379	223.532	43.455	40.723
414.397	222.363	43.177	39.902
412.674	221.802	42.872	39.632
409.001	222.534	42.598	39.894
408.188	221.399	42.605	39.806
409.612	218.919	42.343	39.917
411.054	218.096	41.101	38.973
409.081	217.466	42.959	38.385
407.050	214.701	42.440	40.557
406.778	213.775	42.447	39.619
406.974	213.266	43.019	39.445
405.659	212.804	43.730	39.442
402.569	212.601	44.515	38.441
394.872	215.072	46.868	40.160
382.681	218.343	48.956	40.974
369.035	221.597	50.499	43.153
358.007	225.801	49.181	40.873
343.798	229.558	50.334	38.223
335.222	232.129	47.504	38.903
327.594	234.520	47.869	39.686
328.207	234.634	47.048	40.195
331.785	235.417	49.252	38.443
339.691	235.913	52.489	36.906
353.499	235.288	56.387	37.253
368.642	235.753	60.879	38.800
384.208	237.461	65.819	38.404
406.530	239.213	62.925	40.135
430.923	245.999	59.880	39.426
449.038	255.668	56.447	42.659
471.383	270.807	45.531	46.906
480.661	292.577	40.999	48.879
480.107	316.093	44.935	48.410
480.600	341.971	45.296	54.790
475.731	374.355	45.189	57.889
461.436	394.769	52.951	49.172
453.828	385.557	50.005	49.306
414.308	341.689	52.672	53.543
401.701	328.757	49.075	48.225
383.255	311.631	51.650	43.904
381.493	301.553	48.884	42.343
385.169	291.831	44.594	42.229
384.928	282.249	47.552	39.574
391.840	273.826	46.784	39.420
403.376	267.347	42.069	37.674
408.170	262.367	46.585	37.353
417.127	258.294	47.534	38.200
428.730	255.922	47.789	38.128
439.157	254.974	46.635	37.804
449.876	253.702	46.005	38.162
459.071	253.175	44.557	37.707
465.486	253.179	43.806	36.533
468.256	251.543	43.516	36.704
469.940	249.501	43.081	39.176
469.285	246.133	43.764	41.469
463.311	249.289	45.398	40.220
457.917	246.398	45.289	39.531
448.962	244.709	47.025	37.142
441.023	244.461	47.196	37.683
432.986	246.458	46.379	36.680
424.495	249.411	47.004	38.207
416.691	253.197	46.296	41.079
406.572	260.459	46.104	40.959
402.846	265.772	46.223	38.523
376.986	348.305	57.297	21.717
395.879	292.692	35.893	42.808
391.558	309.179	35.802	46.271
389.158	334.204	33.318	39.671
363.919	341.867	53.939	65.167
348.464	303.104	59.668	67.516
333.773	285.632	66.533	71.747
324.715	285.724	62.948	57.456
352.046	337.325	68.038	62.685
315.143	48.077	102.551	78.100
330.469	39.800	82.161	81.805
336.126	40.803	76.324	80.774
337.270	42.424	75.995	78.355
337.483	46.655	78.209	75.261
346.872	50.618	70.312	71.810
351.445	55.981	66.300	66.396
353.556	53.455	65.991	68.727
356.097	53.895	65.259	67.586
354.715	50.763	67.995	68.051
353.422	53.187	68.601	65.773
354.225	54.922	70.560	64.681
353.501	52.696	70.856	67.934
351.115	53.187	72.309	66.440
349.428	51.799	72.799	68.129
354.400	52.250	70.666	67.577
352.206	53.784	71.453	67.442
353.863	53.164	74.014	67.920
355.364	51.810	73.117	68.388
356.848	51.287	70.283	68.289
355.660	52.177	70.871	68.009
355.476	54.641	73.135	66.079
351.116	54.581	77.378	66.245
344.424	50.179	78.720	70.224
323.378	10.980	109.203	94.919
330.817	30.767	88.612	85.817
308.473	15.323	130.571	105.764
309.045	21.806	126.972	116.780
326.022	33.196	111.088	109.822
383.947	240.818	116.153	182.458
381.878	220.343	127.565	213.366
376.408	205.857	141.994	227.573
366.233	217.858	159.306	212.746
380.409	221.077	125.911	202.648
375.042	377.574	43.374	41.159
372.758	368.468	42.083	39.346
369.398	358.535	41.468	38.726
367.012	350.673	42.135	39.480
366.320	345.403	41.372	39.847
365.516	341.861	40.490	39.388
365.065	338.923	41.229	41.605
371.197	344.136	43.824	41.199
384.214	356.323	47.013	42.654
402.869	370.841	45.825	41.706
419.890	372.236	46.170	42.165
430.763	355.198	42.383	43.981
440.389	346.058	37.461	41.405
447.971	339.124	34.947	37.119
449.701	256.216	75.265	85.078
456.443	278.584	79.534	86.371
406.262	229.919	128.281	186.715
397.005	239.984	159.106	178.037
397.242	239.006	148.755	182.011
395.261	242.397	140.298	180.063
391.420	241.456	131.442	183.271
389.015	242.551	127.960	183.358
388.329	242.978	125.333	184.057
386.814	241.091	123.940	185.134
384.668	242.108	119.968	183.130
382.486	240.388	117.189	184.495
380.310	239.905	114.036	184.284
379.883	240.675	110.597	183.665
382.374	244.325	105.371	180.032
386.715	250.013	98.152	173.950
390.352	257.353	90.386	167.876
390.263	253.541	89.758	173.079
390.849	251.646	90.183	175.902
388.676	252.225	90.706	176.537
388.336	255.383	90.243	173.379
390.936	250.777	88.560	178.633
383.869	253.645	95.198	177.591
387.799	254.017	95.015	179.431
382.647	254.406	101.925	178.403
379.896	252.174	104.280	180.475
375.865	253.610	107.389	178.257
376.454	252.767	103.267	181.041
377.534	253.165	105.409	180.380
376.606	250.998	103.415	183.525
378.311	248.876	102.549	186.120
376.410	248.749	100.870	186.741
380.193	244.718	101.518	190.393
377.010	244.289	103.578	190.414
378.539	248.374	100.652	187.804
376.909	255.184	100.232	180.436
373.075	260.173	101.776	172.212
382.659	256.232	91.820	177.291
378.613	259.774	93.467	172.982
372.972	251.527	96.619	182.456
363.200	263.146	104.478	168.512
370.583	265.834	95.079	166.600
367.511	260.530	95.057	174.649
363.656	264.184	96.684	170.758
356.352	265.801	101.493	171.523
361.401	258.935	95.109	174.488
354.701	261.748	98.645	174.088
358.509	262.974	95.724	173.973
357.020	261.129	97.142	173.726
361.066	257.524	93.907	174.122
353.421	259.656	99.848	174.714
354.251	259.087	98.972	175.856
349.795	261.861	102.367	174.478
352.274	261.546	98.066	173.921
348.734	265.374	101.064	168.886
351.837	263.602	96.664	170.603
349.674	260.157	96.659	173.004
342.792	260.476	101.723	172.463
347.907	262.106	98.454	175.928
348.238	267.084	98.815	168.721
364.367	258.975	82.058	181.460
349.214	264.437	91.143	179.879
376.365	259.229	69.135	177.963
353.980	263.144	85.500	178.992
371.977	261.530	72.500	175.921
354.798	260.316	86.526	183.068
363.786	267.394	82.359	172.404
361.559	271.896	83.679	166.416
352.969	281.106	93.070	159.954
368.722	278.251	85.565	159.493
367.785	271.147	86.445	158.436
362.581	268.113	88.577	166.267
361.575	303.550	93.680	138.270
372.460	316.991	91.144	126.263
397.337	358.498	83.042	82.728
429.753	348.542	57.658	86.882
425.312	328.107	54.964	86.867
422.386	305.053	51.986	70.616
423.907	293.306	48.239	55.323
426.088	286.253	45.395	50.633
423.739	276.777	47.351	48.265
421.199	269.600	48.161	47.435
419.801	262.512	47.225	43.386
419.546	258.311	46.779	40.317
418.878	256.463	46.824	39.602
417.937	255.163	46.596	39.942
417.152	254.939	46.716	39.517
416.504	254.906	46.430	39.670
416.445	256.153	45.822	39.506
415.969	256.891	45.735	39.572
415.402	257.705	45.548	40.073
414.190	257.988	46.234	39.204
413.986	258.196	45.680	38.914
413.630	257.855	45.474	38.851
413.498	256.668	44.829	39.750
413.322	256.049	44.871	39.429
413.024	255.695	45.199	38.730
412.498	255.504	44.976	38.041
410.966	255.594	46.018	37.202
410.255	255.347	45.706	37.687
410.317	255.395	44.527	38.918
409.185	256.201	44.637	38.503
407.380	256.813	45.545	39.090
406.295	257.884	44.996	38.584
404.768	258.960	45.709	38.416
403.919	259.168	45.322	38.699
402.452	260.189	45.763	38.915
401.256	260.587	45.730	39.459
400.520	261.015	46.176	39.732
400.114	261.899	46.233	39.496
399.402	262.415	46.612	39.850
399.573	262.276	46.405	39.812
399.457	262.977	46.495	39.026
399.843	263.099	45.303	39.054
399.438	263.243	45.607	38.954
399.143	263.401	45.834	38.487
398.770	263.417	46.068	38.614
398.895	263.195	45.714	38.875
398.833	263.143	45.482	38.603
398.500	263.218	45.841	38.710
398.568	262.561	45.942	39.550
398.967	262.092	45.771	40.146
398.825	261.810	46.648	40.811
398.901	261.603	46.958	41.084
398.924	261.553	46.762	40.048
398.716	262.318	46.802	39.557
398.605	262.454	46.701	39.422
398.573	263.016	46.638	38.932
398.811	263.117	46.599	39.229
399.243	263.611	46.733	38.275
399.693	262.811	46.502	38.626
399.936	262.369	45.963	39.623
399.655	261.962	45.740	40.662
398.361	261.462	46.484	42.218
395.751	261.092	46.371	43.231
393.282	260.691	47.031	44.922
391.693	260.723	46.966	44.158
390.561	260.411	47.412	42.312
390.121	260.330	46.469	40.829
389.033	260.971	46.681	40.846
388.240	261.484	47.120	42.502
387.766	261.444	47.552	41.878
386.675	262.547	48.060	41.490
387.502	262.596	46.532	40.639
386.164	263.178	47.307	40.903
386.163	263.540	47.154	40.072
385.652	263.893	47.500	39.491
385.619	264.069	47.509	39.378
386.034	264.343	46.229	39.126
383.576	264.828	47.615	38.945
380.425	265.855	49.553	38.878
383.200	266.740	46.686	38.962
381.308	266.976	48.503	39.518
381.411	267.347	47.511	39.674
380.530	267.842	46.864	39.627
377.660	267.834	47.312	39.768
375.527	267.816	46.651	39.844
372.963	268.555	46.769	39.725
369.225	269.147	48.254	39.520
366.688	269.075	47.969	39.944
362.908	270.028	48.309	40.363
357.387	269.667	49.094	41.152
345.078	271.335	56.904	40.150
341.849	271.846	57.980	42.286
345.898	272.968	52.678	41.688
345.542	274.509	52.163	40.487
344.394	274.847	51.117	40.685
348.508	276.431	45.498	39.342
338.818	278.428	52.423	39.371
333.709	278.166	52.601	41.496
326.993	277.972	54.366	43.103
317.228	279.600	60.967	42.207
323.384	278.834	52.856	42.557
317.303	279.505	56.842	41.568
322.163	277.789	51.382	42.599
319.601	276.230	57.192	43.226
314.942	278.636	63.861	64.908
294.732	198.696	68.675	92.002
260.431	305.042	65.863	94.665
260.139	304.439	64.203	93.125
257.728	305.806	64.142	91.840
244.426	306.470	64.294	92.866
218.151	290.283	141.645	109.371
219.847	245.078	126.864	167.542
237.537	277.082	101.180	141.639
223.872	278.983	104.910	166.179
219.479	275.379	106.792	172.881
207.364	281.427	104.907	169.792
208.783	283.558	103.655	173.004
191.744	215.051	123.020	249.187
209.652	287.371	94.425	179.966
196.424	297.963	99.278	169.282
205.439	291.228	92.740	173.667
196.775	294.952	97.168	173.118
193.324	293.141	95.425	173.227
186.002	293.696	96.359	172.157
179.065	296.546	96.545	170.093
171.884	297.932	95.954	169.609
164.555	299.878	95.315	168.317
158.222	299.978	97.091	171.828
155.165	306.877	94.972	166.537
167.315	303.108	83.650	167.009
154.528	306.216	92.201	171.949
161.792	305.772	85.660	165.511
154.660	307.473	88.766	173.064
168.447	305.214	80.890	167.556
158.312	307.401	89.431	172.565
164.235	309.080	87.477	166.359
163.088	308.287	93.859	170.417
168.697	304.912	94.663	164.740
164.948	303.834	100.035	172.174
183.788	302.975	87.523	160.682
176.124	304.452	99.345	170.556
161.843	242.021	128.779	242.196
196.729	300.699	85.792	158.973
191.691	304.408	89.498	170.353
190.289	310.187	92.167	163.519
194.682	309.048	88.141	164.837
174.984	244.915	118.321	237.769
186.627	292.440	94.665	179.598
181.409	292.355	97.132	188.101
189.145	295.346	89.880	182.642
181.062	297.465	98.749	177.130
178.514	304.880	97.355	167.895
190.211	325.176	91.149	138.727
184.594	324.962	86.711	121.562
201.766	337.421	81.985	116.324
208.870	355.227	88.987	119.187
230.981	409.760	75.734	65.129
246.714	399.035	56.823	72.312
243.443	377.892	55.833	81.741
222.921	352.279	65.036	101.064
194.299	330.448	63.366	139.008
235.370	19.894	165.197	105.261
191.322	315.159	87.161	152.299
190.162	313.945	87.749	155.009
198.309	313.571	86.951	153.621
185.440	232.808	117.130	238.974
186.967	219.780	119.177	251.377
206.587	293.986	94.371	179.818
220.130	295.358	80.661	178.075
219.938	296.162	80.209	168.378
213.255	289.087	83.238	166.277
222.773	291.741	79.321	175.027
221.453	282.268	78.470	173.774
224.488	287.583	81.568	176.551
227.445	288.020	79.449	176.970
228.849	287.515	80.112	175.847
231.877	292.505	80.428	173.390
232.590	289.538	83.888	171.601
231.989	291.197	88.404	178.103
229.786	289.833	92.678	179.960
231.671	287.707	98.930	179.680
240.611	281.805	96.471	172.002
229.896	308.781	107.127	150.403
242.305	295.425	87.117	151.712
246.372	310.089	83.508	141.889
240.988	274.668	83.414	151.865
211.643	204.506	116.837	237.538
222.624	297.412	119.918	176.498
237.882	310.589	106.611	161.478
191.443	278.493	140.513	199.546
309.577	378.514	65.115	87.262
312.545	419.501	58.656	55.004
312.404	400.683	51.248	63.988
305.338	376.293	50.532	64.534
297.104	349.446	52.198	64.874
288.858	328.228	52.590	59.193
281.946	317.421	52.016	49.702
277.182	307.260	53.800	50.784
275.420	297.798	52.213	48.840
270.156	290.004	55.456	48.012
267.546	285.731	55.134	44.077
267.523	281.616	52.654	43.692
266.394	279.994	52.305	42.813
266.922	278.415	50.497	44.101
265.791	278.496	51.427	45.770
266.112	279.765	52.544	46.107
268.794	280.143	52.111	46.722
271.812	282.076	51.673	46.501
276.018	282.489	52.045	46.386
280.101	282.659	52.325	46.859
283.587	281.212	51.711	47.902
286.098	279.615	52.632	45.268
291.045	277.090	50.496	44.942
295.277	274.908	48.890	43.415
297.490	272.632	49.086	43.708
299.430	270.152	49.486	43.362
303.164	268.056	50.099	42.700
305.959	268.343	50.241	44.181
309.209	269.860	49.152	41.383
311.443	272.093	52.244	41.937
319.198	278.991	48.687	43.290
323.962	290.315	72.364	90.977
336.161	292.464	75.817	125.619
328.817	296.263	78.310	127.023
326.467	306.366	70.445	115.648
318.328	322.980	60.797	99.448
311.441	367.946	59.230	72.817
306.113	391.753	60.399	74.426
304.142	399.311	77.351	71.985
286.457	319.700	89.826	140.917
267.811	377.219	74.206	80.739
254.228	362.006	58.335	67.324
246.021	352.849	55.797	58.182
240.334	344.811	54.236	49.160
241.084	341.215	49.687	46.154
240.045	333.342	49.024	45.497
241.169	331.612	46.996	41.555
241.701	331.263	47.453	45.280
242.719	329.287	49.447	42.247
247.100	329.703	50.779	45.772
252.710	327.380	54.040	46.802
262.627	332.479	52.675	47.065
273.725	337.622	50.043	46.313
283.594	347.181	49.692	47.176
293.871	359.088	48.568	49.639
301.866	357.485	47.147	63.657
303.018	346.769	52.345	92.501
322.140	345.443	60.121	118.338
384.749	298.122	75.052	117.601
389.589	291.345	75.020	126.615
309.919	310.270	79.531	148.415
319.014	306.156	86.506	147.702
398.315	283.428	83.990	140.274
394.383	286.283	86.723	135.048
383.479	293.206	88.016	126.781
391.352	284.467	84.548	136.527
397.289	280.428	103.226	136.240
395.900	279.918	97.800	142.579
400.497	279.480	100.556	144.980
397.445	276.023	98.008	148.537
400.564	277.947	96.765	147.551
401.359	278.498	100.534	148.481
408.121	277.303	98.145	149.925
404.078	280.915	103.317	146.178
407.453	276.943	102.153	149.732
407.983	283.019	101.481	142.794
418.337	294.542	95.523	130.568
416.007	293.112	94.361	131.008
415.988	290.149	94.099	135.701
429.976	285.820	86.073	139.768
439.383	281.051	81.447	141.296
449.352	294.613	78.516	126.495
446.918	283.261	79.615	133.878
442.386	268.549	102.988	158.972
436.329	250.822	128.082	185.329
349.356	275.752	94.986	168.577
368.202	273.299	77.495	146.926
342.991	286.814	78.974	141.678
373.162	280.341	73.208	136.268
335.206	270.897	112.018	152.841
313.124	264.741	110.892	165.380
330.289	270.271	84.110	163.471
345.995	276.670	66.980	157.459
331.159	287.712	75.996	169.310
326.003	266.269	81.591	165.067
324.029	271.950	80.618	168.406
508.274	109.445	85.168	119.927
450.677	280.202	65.539	140.630
452.565	276.148	63.653	139.649
456.243	274.689	62.804	146.340
457.658	272.506	68.874	147.734
353.613	278.552	62.974	151.046
462.511	284.994	78.663	133.753
467.422	285.439	79.137	134.245
469.619	290.993	82.202	131.551
472.159	289.407	79.786	128.685
478.132	285.161	76.056	132.902
482.886	286.794	77.544	128.947
487.417	288.208	78.263	128.163
496.857	285.699	74.622	128.348
493.747	284.331	83.906	127.422
324.171	295.659	82.761	131.242
521.598	287.246	78.425	125.518
526.582	282.817	77.357	127.447
728.520	461.924	41.780	86.891
528.514	286.781	80.683	126.044
361.971	308.127	47.947	153.827
540.232	298.036	70.329	115.209
285.767	322.686	127.234	119.586
278.871	345.611	84.903	109.357
265.996	334.947	60.092	86.934
267.976	329.657	73.048	78.518
252.382	319.994	75.533	70.552
253.505	310.217	63.615	73.873
290.020	71.896	109.204	51.203
258.878	304.998	56.826	68.349
262.516	315.576	61.023	62.902
278.957	306.243	70.952	83.663
286.342	297.337	82.707	83.971
291.548	296.390	104.823	149.828
296.873	272.017	77.642	103.841
323.699	308.554	73.155	131.042
330.421	314.534	70.600	148.099
317.785	292.349	74.064	176.195
315.730	298.915	77.549	178.654
317.174	301.786	80.939	173.900
310.506	298.320	79.773	175.271
317.529	310.710	80.430	164.865
307.495	289.258	79.698	181.688
299.011	296.584	91.582	181.893
274.236	216.274	142.223	260.841
288.106	277.462	104.416	192.568
293.065	274.689	104.446	198.797
305.023	270.303	97.667	196.557
311.050	270.921	94.453	203.678
269.357	204.357	142.071	280.610
285.684	254.252	121.981	227.800
283.184	262.546	123.774	222.937
286.410	262.208	121.001	218.252
285.401	265.662	121.268	218.152
285.181	250.138	124.064	228.150
294.701	253.629	120.156	228.175
288.497	253.937	127.149	229.444
288.615	247.928	128.911	232.039
289.081	242.500	128.789	235.924
289.312	251.605	127.635	227.436
287.094	247.342	130.125	228.915
287.719	246.199	125.832	233.643
285.972	236.174	126.230	242.788
284.844	224.051	124.560	256.579
283.789	208.097	124.937	273.528
280.953	208.393	128.110	276.088
284.719	210.469	123.178	272.567
288.911	220.307	120.722	264.633
284.196	216.834	124.645	266.756
280.235	212.438	132.595	270.655
285.719	219.471	126.116	262.635
284.842	235.392	122.380	243.414
290.104	251.674	115.172	230.376
285.732	258.744	115.226	216.737
283.955	259.280	112.707	214.023
