623.000	291.000	96.000	72.000
621.947	296.422	93.807	69.492
619.127	299.700	92.864	69.814
613.549	302.642	94.811	70.041
608.771	303.758	97.750	71.117
603.693	303.470	101.397	69.731
599.178	301.479	104.529	64.791
591.630	299.513	108.768	57.306
584.164	298.432	111.447	48.317
579.322	296.356	112.948	41.534
572.959	292.158	115.477	38.039
567.246	286.898	118.278	37.836
554.796	280.506	124.407	38.694
573.298	269.568	91.724	38.594
544.389	259.297	110.710	42.359
534.610	247.112	111.060	46.212
528.318	234.728	114.208	55.879
499.686	228.166	123.454	59.360
492.665	227.449	114.799	59.887
483.935	227.290	113.378	59.774
466.612	229.055	119.798	59.894
454.217	240.532	115.643	57.274
429.713	253.836	117.441	51.142
420.684	259.934	105.918	57.857
408.717	264.893	106.624	62.497
363.405	263.505	132.579	156.375
380.083	257.589	112.510	90.614
351.070	272.154	148.596	176.550
360.884	253.258	152.382	95.741
347.640	263.910	139.755	75.533
342.417	266.777	137.674	66.048
347.403	266.667	191.146	80.839
354.789	206.006	263.853	112.140
363.672	240.776	160.371	101.930
379.293	237.848	118.610	86.340
389.271	227.333	109.650	88.235
409.130	219.652	93.245	90.204
426.350	218.769	90.622	87.569
434.092	220.406	102.169	86.575
441.545	218.341	111.649	90.846
447.211	217.496	110.989	91.805
434.907	9.862	133.745	90.149
452.170	219.914	114.087	58.906
453.921	47.582	116.439	65.907
452.177	218.288	103.861	44.505
446.173	217.444	95.551	55.841
449.010	219.772	96.582	73.384
448.250	226.122	98.906	72.140
448.396	234.709	97.583	63.067
445.903	254.183	99.354	48.559
452.833	257.539	83.911	45.221
451.514	258.860	76.874	40.947
427.196	260.412	92.961	49.472
409.792	260.208	107.623	51.726
391.896	259.908	118.885	53.736
385.625	263.571	111.095	50.660
372.905	268.992	114.158	46.483
377.410	265.864	110.559	61.119
395.164	263.402	98.037	71.370
409.684	260.906	86.706	74.507
417.235	257.577	89.447	75.882
425.940	252.520	94.213	82.008
428.161	248.452	95.693	78.278
434.622	244.073	88.106	82.997
434.697	239.629	86.597	81.969
429.374	234.752	93.166	79.573
416.876	229.563	106.403	73.642
411.447	224.717	113.291	68.549
408.570	37.335	123.122	76.399
436.749	22.422	139.233	81.470
412.440	204.707	115.828	74.194
413.510	201.247	117.201	74.253
403.394	13.861	131.948	77.759
414.831	197.715	119.782	65.117
418.416	205.844	112.939	86.519
416.376	209.342	115.931	88.453
411.410	214.338	119.737	86.071
410.440	215.716	119.266	87.817
407.823	215.892	121.333	88.635
399.842	19.094	133.703	95.777
447.301	0.000	163.293	0.000
402.438	215.898	123.876	89.105
399.512	217.404	125.503	83.896
395.554	215.692	125.529	84.041
392.936	211.637	123.361	92.221
388.617	212.932	130.499	111.453
390.991	207.570	145.046	129.109
389.672	204.923	155.755	137.735
389.797	204.021	155.376	138.680
388.610	201.784	155.473	136.177
389.807	203.379	152.841	134.846
391.232	199.500	143.747	129.984
389.306	200.268	136.056	130.484
389.845	199.264	135.029	131.487
390.739	199.919	137.007	132.631
391.578	199.020	126.156	134.595
393.286	194.532	115.272	135.599
399.372	193.215	108.312	144.245
400.931	198.767	97.277	139.314
399.009	200.089	96.645	141.025
397.068	195.090	93.043	133.975
397.680	198.902	98.209	131.310
399.168	197.752	89.244	129.658
399.989	201.487	99.314	130.106
401.510	204.153	117.806	131.030
405.095	207.573	103.891	128.427
208.980	199.604	100.606	114.783
545.710	22.846	127.733	98.249
407.145	204.793	97.094	133.189
407.775	204.824	93.271	132.478
410.081	205.359	89.249	134.633
410.185	204.344	87.675	133.550
417.262	203.518	80.680	137.698
411.307	204.003	85.582	133.610
413.096	203.544	83.962	137.164
410.735	203.379	85.983	135.763
409.188	201.691	88.623	138.192
405.825	198.512	91.173	138.188
401.267	195.604	96.554	142.158
399.354	192.485	99.763	143.687
393.929	188.841	103.985	145.241
388.802	184.232	107.693	145.178
385.990	184.419	108.388	142.947
379.442	181.194	114.128	144.893
378.280	178.252	114.166	147.531
375.715	181.453	119.305	145.245
374.214	181.987	122.428	143.929
372.997	182.902	124.167	142.596
372.870	183.763	126.360	141.664
371.425	182.728	128.326	142.878
373.465	183.539	129.343	142.682
372.975	182.638	131.008	145.518
375.849	181.267	130.894	145.698
375.610	184.455	133.961	141.098
379.633	180.218	131.308	147.511
380.348	186.296	131.308	137.963
385.359	183.567	128.191	143.323
391.685	185.814	123.500	142.657
402.810	190.061	111.820	139.315
410.500	203.436	106.523	130.313
424.508	202.811	97.009	135.330
438.620	209.339	98.401	130.836
459.451	213.638	90.348	128.893
477.384	209.348	83.815	132.046
497.910	203.003	69.242	129.460
515.436	195.582	61.143	133.157
521.195	194.039	72.957	124.165
521.073	192.929	96.549	122.188
522.954	197.433	119.821	110.779
519.299	206.938	131.805	93.276
516.396	219.392	144.860	74.419
520.853	229.252	146.195	65.027
524.075	33.368	143.766	55.442
433.342	236.515	231.432	91.759
490.894	266.005	176.546	79.162
509.686	281.888	158.485	60.442
515.864	288.299	143.062	51.869
532.484	275.660	122.617	60.907
538.339	270.717	101.254	64.703
531.217	270.813	85.954	65.357
530.210	274.059	87.268	72.035
527.963	276.799	89.822	68.007
528.644	284.405	89.689	63.503
527.624	284.607	89.091	63.223
532.521	279.344	83.978	69.998
532.390	276.434	85.784	65.324
531.497	274.567	89.106	70.211
531.919	272.555	89.355	65.594
529.709	271.499	90.272	74.003
530.749	269.911	90.939	73.292
531.056	267.381	91.396	79.465
532.611	267.104	91.371	81.983
532.873	266.216	91.038	83.729
529.491	265.461	95.036	83.368
530.327	265.888	94.913	83.871
693.426	418.154	67.710	70.503
526.194	265.564	95.253	86.009
525.589	269.243	91.490	82.048
525.736	273.011	85.754	78.022
527.125	273.486	85.176	78.962
525.788	273.325	81.692	79.534
526.915	273.737	79.458	78.765
526.594	273.378	78.729	78.675
527.273	273.939	78.362	77.908
526.528	273.928	78.153	77.954
526.541	274.392	77.546	77.975
523.880	271.050	79.381	80.985
518.558	262.273	80.529	83.232
511.945	250.285	89.892	84.451
503.032	239.561	93.314	85.309
492.091	227.880	96.124	87.821
481.932	211.525	91.669	98.810
476.216	205.146	78.949	98.385
477.233	200.097	62.762	101.096
472.441	199.235	54.374	97.625
470.809	196.796	46.027	98.367
467.503	194.362	43.168	99.057
461.864	198.108	47.418	95.808
454.956	191.638	47.663	100.360
452.200	183.092	44.293	102.970
441.616	194.171	54.062	92.563
424.537	197.014	65.258	95.610
414.691	207.431	75.846	85.230
407.876	212.793	103.987	85.033
410.003	209.693	112.163	102.115
413.615	188.174	100.261	143.098
429.233	0.000	106.416	94.830
433.405	177.216	81.634	161.659
447.159	169.535	79.838	103.405
450.880	173.909	84.874	83.694
449.228	176.416	90.052	85.038
421.951	171.572	116.427	179.667
413.306	182.644	124.316	158.190
404.812	190.185	138.439	149.841
387.319	164.637	171.461	180.442
401.015	172.096	142.245	166.956
403.043	177.005	141.282	160.514
407.503	174.596	131.886	149.866
416.349	171.817	123.147	154.490
417.348	168.748	119.825	158.783
427.001	154.408	109.536	163.271
431.878	149.529	105.850	127.861
429.353	151.442	101.999	122.849
423.491	144.400	104.885	135.708
436.452	155.960	88.791	159.694
428.342	151.764	92.010	147.738
423.974	147.208	98.870	106.475
458.277	184.217	67.883	134.512
457.371	179.728	63.694	130.898
462.408	176.941	61.665	146.771
443.182	160.014	82.297	141.180
463.693	194.068	72.207	130.637
398.611	148.705	103.996	74.982
403.185	149.719	99.876	72.136
487.127	32.710	101.859	79.644
532.301	0.000	112.936	0.000
401.012	147.623	103.643	74.504
398.322	150.472	106.305	68.872
479.899	31.425	110.022	76.882
395.733	149.718	108.507	68.200
394.975	150.134	109.164	67.342
395.048	150.872	108.438	67.408
395.684	151.695	106.602	66.592
398.092	151.530	104.150	67.355
482.754	34.181	111.310	77.884
433.151	79.568	96.560	100.614
397.917	145.446	130.803	178.386
386.599	151.872	115.267	67.612
419.721	163.687	98.523	162.612
388.806	155.710	108.805	66.010
420.842	159.111	94.787	169.167
389.350	162.929	114.607	83.867
436.374	209.864	78.527	119.146
398.050	165.282	104.141	81.333
405.708	138.235	115.936	170.769
404.259	140.428	125.014	333.988
419.302	168.678	106.107	177.584
451.989	196.504	80.318	155.820
440.131	178.557	99.772	94.618
556.535	64.865	110.462	84.523
453.654	18.824	103.191	77.866
486.088	204.173	97.065	162.364
466.471	23.456	108.082	111.121
498.291	190.557	101.106	128.476
514.126	222.397	91.810	151.377
512.519	206.003	104.484	139.646
521.491	224.932	104.180	144.027
531.796	241.342	105.298	141.616
536.511	245.033	107.580	148.647
542.755	240.560	108.377	143.652
557.965	28.641	118.105	107.234
555.488	232.302	107.880	93.314
559.906	236.528	107.174	87.271
565.131	243.370	103.200	84.204
569.085	71.823	109.840	80.488
536.757	17.063	115.707	76.575
424.870	31.697	94.762	65.197
409.045	0.000	113.610	0.000
564.870	263.524	115.760	102.102
567.910	74.096	126.674	85.023
690.311	41.222	111.178	78.878
469.528	254.384	70.340	70.855
581.483	283.546	96.900	74.897
583.180	286.088	98.505	70.604
582.719	287.551	102.232	68.376
584.266	288.212	104.640	67.282
586.035	286.191	104.616	68.278
589.529	283.745	103.602	70.059
591.547	282.375	102.265	70.708
594.115	281.379	98.208	68.554
593.330	282.546	100.855	73.502
594.306	280.850	102.056	73.796
695.856	446.799	118.878	50.418
593.736	283.834	133.375	69.623
589.169	275.283	110.412	75.696
681.032	424.465	127.885	62.209
587.560	278.133	122.908	73.629
610.932	297.458	115.518	56.301
610.528	305.391	122.257	51.057
602.674	298.021	121.383	55.923
689.278	426.957	127.076	63.208
795.810	540.093	127.586	35.907
695.929	422.098	118.923	61.167
695.568	409.399	114.932	66.300
840.901	468.712	99.179	81.007
690.998	406.246	118.536	67.706
688.218	410.998	118.432	67.577
591.672	278.509	115.941	66.533
673.405	409.285	125.950	70.389
588.918	275.162	118.342	70.007
587.182	274.255	117.873	74.719
587.007	274.623	116.786	73.617
583.362	274.735	118.688	73.827
604.225	273.368	97.266	76.133
613.417	272.521	83.757	77.078
606.605	272.149	89.934	75.590
590.520	271.170	103.489	77.976
587.448	270.459	102.071	79.334
588.156	270.409	96.512	80.687
598.646	269.996	86.232	80.797
595.165	271.625	87.818	79.127
602.875	270.796	77.425	80.997
604.807	270.526	74.925	81.501
743.086	286.294	56.105	83.660
597.838	270.235	81.452	80.145
596.803	270.162	82.316	82.756
754.321	290.673	50.185	81.728
606.636	271.300	78.447	83.455
603.524	270.760	85.901	83.702
592.573	270.805	95.071	83.906
739.441	424.230	85.380	68.163
671.291	409.013	118.327	74.471
831.939	430.402	93.165	86.917
657.737	412.661	137.575	84.558
557.307	84.770	146.095	81.923
590.021	55.215	142.951	82.335
554.666	272.153	141.721	94.618
559.107	271.015	136.786	97.375
559.563	271.266	137.261	103.811
567.946	271.965	130.412	106.124
576.608	271.616	126.065	86.220
679.423	421.519	134.721	87.428
583.380	270.220	126.586	86.367
583.644	79.703	132.420	76.640
573.596	271.111	130.608	55.653
576.379	104.537	141.384	53.781
576.640	66.850	147.970	56.634
577.968	273.009	134.819	72.035
582.158	272.204	131.116	78.160
589.497	272.859	125.779	81.353
598.740	273.808	117.751	82.479
607.588	274.486	111.281	80.288
613.861	275.464	106.678	76.545
616.480	277.717	105.766	69.240
620.036	278.586	105.200	68.765
623.995	279.829	105.035	67.941
629.460	280.795	104.139	67.688
632.400	281.122	105.290	68.769
635.522	282.007	103.876	67.337
639.974	281.720	99.475	67.879
641.791	281.727	97.610	68.009
642.956	281.726	96.192	67.730
641.184	280.495	97.013	71.347
638.804	280.467	98.633	72.629
638.158	280.362	98.930	68.552
636.439	281.026	99.391	66.571
634.369	281.003	100.096	67.272
635.127	280.237	99.070	67.278
633.995	277.496	100.480	66.365
616.705	333.409	71.396	105.118
617.541	266.674	117.286	71.308
611.318	261.684	120.909	74.326
615.123	252.769	123.456	77.768
784.897	412.962	99.481	80.162
481.390	291.990	129.432	137.061
499.470	278.201	131.850	78.994
588.217	219.077	137.344	88.054
581.417	213.825	141.198	88.069
660.582	418.457	108.938	87.791
524.242	230.821	75.495	118.085
580.811	212.305	141.754	75.796
589.703	11.005	135.221	66.060
583.270	209.662	148.805	35.225
601.004	30.511	112.366	69.704
508.298	83.938	131.189	37.015
607.798	36.218	105.234	67.762
575.728	28.443	135.777	67.531
571.577	209.067	122.476	55.837
569.258	75.428	118.814	79.438
609.486	25.900	110.186	108.332
697.918	23.695	119.586	95.393
628.559	34.261	133.120	102.491
684.351	0.000	157.184	0.000
568.495	200.818	123.365	118.662
402.709	9.636	154.971	90.844
568.214	206.917	126.071	129.985
568.172	213.706	127.181	122.739
570.862	222.090	129.653	132.797
584.611	223.557	121.417	173.953
587.832	222.065	125.609	162.879
589.775	219.965	123.243	181.218
593.516	208.779	125.865	155.574
618.591	337.069	103.666	119.236
631.394	337.151	110.122	113.896
639.039	330.053	107.347	106.965
647.527	329.899	107.821	97.689
650.073	328.758	112.912	90.867
647.023	325.317	114.544	88.834
645.775	322.246	115.171	91.678
644.670	316.841	117.326	100.868
644.426	312.434	113.299	109.135
641.992	313.661	109.093	109.006
633.013	311.705	106.715	111.174
620.302	309.313	107.429	106.544
606.268	308.397	104.074	100.637
597.334	309.013	99.417	94.524
687.093	431.464	112.416	102.393
585.145	302.295	80.716	104.863
583.115	302.280	68.151	100.178
580.019	303.301	65.132	97.676
577.480	301.953	65.032	97.325
575.201	299.062	65.987	102.659
579.906	302.791	60.271	95.699
577.020	301.941	66.828	97.486
576.327	300.475	77.994	98.987
577.025	302.203	90.452	98.170
658.542	422.472	108.835	101.652
723.462	446.016	127.081	99.288
603.679	300.426	83.580	99.992
608.868	297.627	82.888	93.604
610.628	295.141	87.290	92.385
609.330	290.677	98.174	96.953
603.888	284.018	112.407	107.145
604.268	268.797	114.813	111.716
598.780	254.757	116.414	110.876
588.924	243.882	120.307	113.913
577.330	235.197	114.702	104.590
571.264	206.206	96.600	120.858
534.458	185.032	107.940	122.778
526.581	178.803	96.163	113.091
537.734	137.726	145.458	88.824
549.158	152.422	139.045	77.487
548.411	162.920	148.383	80.845
554.616	176.915	145.935	75.811
549.265	174.099	156.444	88.335
558.112	178.850	145.566	96.848
534.147	189.581	169.548	96.917
510.454	198.429	187.076	99.254
558.245	207.516	147.681	94.153
559.953	207.538	139.626	94.174
562.769	211.470	142.785	86.591
529.763	16.328	172.796	70.222
559.946	214.264	150.416	79.541
510.059	18.686	171.038	65.204
492.905	201.199	227.742	133.574
442.062	45.303	148.530	85.456
565.527	213.138	148.656	77.231
494.231	24.916	173.021	80.134
550.053	0.000	175.402	0.000
522.995	226.254	178.879	86.345
519.245	223.000	174.324	91.737
502.490	216.243	202.071	101.482
496.293	214.590	216.960	107.197
489.610	219.860	220.122	94.750
479.249	222.049	235.961	79.505
493.393	223.219	214.612	81.923
495.946	219.056	216.432	91.645
504.595	219.680	212.172	92.191
562.529	211.073	161.930	95.491
562.222	227.453	145.959	80.025
574.471	230.635	133.501	77.614
563.867	231.334	138.801	74.781
570.726	219.620	145.029	88.548
580.456	227.993	139.578	84.076
591.121	235.983	120.890	81.892
597.704	229.762	120.646	90.624
631.741	218.210	95.981	103.807
624.186	245.090	79.557	77.469
630.239	234.261	80.880	88.934
632.540	233.323	87.888	88.502
618.595	230.671	95.811	92.744
636.725	59.834	92.439	84.115
607.166	213.095	131.425	113.305
543.550	218.314	198.994	116.929
838.625	466.014	121.375	108.854
551.148	193.414	201.486	127.181
358.498	290.490	142.186	185.348
634.306	211.512	83.300	113.573
619.323	222.219	76.254	99.248
623.126	223.803	69.444	101.957
625.729	219.959	68.951	106.845
623.318	218.909	72.609	96.607
619.023	223.897	75.562	94.955
614.651	219.615	81.168	97.376
607.194	224.850	93.370	92.733
600.676	224.881	95.216	94.923
458.197	75.702	23.265	69.078
600.375	231.329	81.521	90.951
593.208	228.193	96.792	95.454
586.492	237.171	104.983	90.243
596.088	225.529	108.729	101.179
588.860	227.963	116.288	101.645
587.823	231.753	109.246	101.872
585.778	250.869	96.496	83.417
596.154	232.359	102.437	102.975
605.094	233.941	108.231	98.434
600.723	234.900	107.917	99.957
601.789	231.343	115.364	105.277
613.487	231.553	111.673	116.723
611.993	230.370	105.688	116.991
615.029	229.862	111.343	121.580
621.298	231.692	109.277	116.457
603.285	248.887	83.133	132.058
598.899	244.678	96.001	134.890
614.668	240.860	90.049	135.797
621.982	238.635	90.608	138.368
619.600	244.481	89.831	138.648
628.296	246.133	76.857	144.027
631.648	237.489	76.527	160.722
633.887	236.164	77.046	158.287
629.940	251.806	75.624	146.426
627.495	251.989	76.278	143.684
621.829	247.668	80.192	143.944
618.519	261.516	82.260	133.217
616.241	289.071	79.449	110.400
617.945	291.657	79.761	104.128
620.652	289.839	75.241	101.511
622.902	287.142	75.070	102.858
626.471	283.062	74.131	101.118
633.626	283.251	68.446	95.948
635.070	283.245	69.711	91.066
635.101	283.936	69.564	86.708
635.152	282.027	69.938	86.443
632.390	283.112	73.158	84.277
623.939	282.334	76.165	79.241
599.919	282.521	93.607	72.473
593.345	281.225	95.033	59.016
592.425	273.100	80.990	57.895
586.495	257.369	90.588	58.769
588.569	217.470	119.725	81.722
589.608	211.365	150.001	86.029
581.566	211.963	164.035	82.686
583.158	211.668	167.769	82.809
585.670	214.143	170.120	79.338
579.564	218.256	157.857	75.145
586.497	217.853	159.543	77.427
588.109	223.398	158.885	71.734
591.027	228.458	156.834	69.785
590.151	217.835	161.751	80.568
587.377	230.941	160.901	69.134
590.003	222.095	165.403	76.357
597.280	222.838	168.936	75.556
601.725	224.398	161.630	70.098
609.429	228.356	153.283	66.593
622.616	231.791	140.685	63.320
623.328	237.084	136.787	61.138
622.928	241.352	135.387	60.727
623.456	243.430	138.000	60.184
620.895	244.791	130.233	62.422
626.870	249.146	130.907	55.539
630.196	250.180	106.036	59.806
624.084	250.851	102.319	66.035
631.388	249.362	104.390	66.260
628.033	249.067	125.741	59.670
619.061	246.745	75.832	74.341
622.539	244.278	84.155	68.720
619.734	244.319	85.186	66.605
621.118	235.840	125.751	135.612
626.592	244.137	133.093	66.518
633.223	243.841	109.940	59.167
628.060	243.807	88.101	70.044
621.990	242.902	75.684	65.336
614.454	244.662	90.980	61.659
611.569	245.813	99.061	62.923
620.589	247.563	107.273	57.598
618.910	249.594	114.170	57.541
619.742	250.292	129.631	51.130
617.143	254.337	130.073	54.977
619.098	255.424	140.388	51.900
623.420	257.120	132.556	54.210
625.936	259.326	132.912	53.789
624.260	260.748	139.626	52.560
623.965	260.146	136.042	54.134
624.797	261.825	141.116	51.997
621.918	260.965	139.188	53.459
621.879	261.034	145.630	52.496
623.872	260.795	144.067	52.560
621.593	260.282	150.655	53.667
617.954	258.957	151.864	54.687
602.303	249.168	172.929	65.026
604.827	257.684	147.597	58.094
595.810	248.016	182.097	75.422
574.493	239.574	210.450	91.185
616.509	247.273	157.013	72.638
606.500	244.801	132.503	80.021
632.264	245.399	138.488	62.704
635.197	244.167	140.260	58.873
638.769	242.784	139.296	57.247
592.643	244.862	174.349	109.807
635.432	240.851	142.254	76.082
761.918	438.220	136.792	59.883
567.850	251.224	191.694	142.654
612.987	241.310	174.327	76.700
