448.000	186.000	26.000	52.000
444.814	185.904	23.166	53.547
439.751	185.577	22.492	52.684
434.259	184.920	22.334	51.986
431.228	184.562	22.026	53.270
426.285	185.958	22.464	52.173
422.349	187.071	23.426	51.658
417.431	187.262	25.468	52.983
413.225	185.868	24.432	54.510
409.850	187.302	22.678	54.062
404.219	188.809	23.583	52.258
399.740	189.868	22.978	50.347
396.170	189.628	21.089	49.404
391.646	189.219	20.616	49.508
388.168	189.879	21.413	48.622
382.079	189.562	21.597	50.051
378.675	189.452	21.719	50.371
375.560	188.698	21.904	50.126
371.569	189.745	20.932	51.702
394.227	187.432	23.302	51.150
411.948	186.731	26.885	51.067
388.360	183.469	39.930	55.902
401.683	184.697	24.976	55.366
349.289	189.683	24.077	51.824
454.271	176.776	34.700	60.595
311.663	181.024	21.048	56.665
337.033	188.893	19.782	49.279
331.685	189.796	19.684	48.951
328.337	189.373	20.187	50.394
323.036	186.072	22.004	52.812
347.103	185.438	25.711	53.596
339.298	186.515	42.075	54.735
349.851	184.713	29.559	56.090
353.356	187.749	23.710	53.890
301.598	188.852	21.970	58.677
297.014	189.898	23.650	58.216
291.311	189.464	26.093	58.007
399.594	120.763	22.698	54.042
427.594	180.047	25.326	45.251
421.940	178.981	22.515	55.625
417.834	179.374	23.448	57.156
414.634	180.088	26.685	57.178
406.788	180.160	29.246	57.985
373.522	180.644	26.413	58.430
399.587	179.676	22.930	57.375
395.278	179.811	23.981	56.865
388.802	180.298	28.045	56.521
385.613	180.933	26.237	55.376
380.047	180.338	24.522	56.246
348.375	180.969	30.917	60.493
371.715	181.649	27.402	55.576
367.322	181.621	26.945	55.582
334.859	181.013	25.270	56.708
428.598	185.260	24.024	54.197
474.813	178.587	25.671	53.895
428.552	185.806	20.613	51.868
421.891	186.379	23.317	53.352
416.043	186.757	24.860	53.310
412.794	185.078	22.475	53.673
409.758	185.793	21.772	53.198
396.570	188.034	24.024	51.973
391.578	188.194	23.540	52.031
389.725	185.941	22.636	54.977
384.916	184.243	29.772	53.125
390.641	183.174	24.933	54.727
380.870	182.240	29.029	55.580
312.882	181.714	26.165	59.104
371.928	184.229	29.043	56.187
364.736	185.410	20.074	54.486
359.244	186.473	25.319	56.115
356.217	188.148	25.259	52.480
354.046	184.389	32.075	56.962
358.379	183.829	28.117	55.056
347.782	186.748	23.207	53.526
349.116	186.572	32.215	54.245
389.585	181.278	20.466	57.655
344.670	185.810	27.471	54.332
383.033	181.772	24.778	55.436
377.966	181.338	26.106	55.927
374.411	182.381	26.650	56.650
372.210	182.278	25.716	56.700
369.519	182.719	26.866	54.876
364.361	181.326	25.065	58.302
360.021	181.911	24.631	56.737
355.241	182.704	26.669	57.751
350.024	182.222	27.577	59.644
347.877	182.595	24.941	58.294
344.602	182.858	25.225	58.034
339.727	183.161	27.074	54.947
337.985	183.103	25.199	54.716
334.483	183.014	24.122	52.930
333.067	182.572	22.258	55.988
325.730	183.024	25.729	56.489
322.637	184.205	27.946	54.260
316.823	181.010	30.090	61.566
256.299	120.397	22.952	54.944
308.254	183.179	25.491	57.828
305.970	183.726	27.336	57.686
298.668	183.559	27.294	58.594
298.864	184.600	23.515	55.263
297.409	183.482	25.469	56.769
300.507	185.544	23.773	54.531
289.230	183.387	27.407	57.297
287.226	184.670	24.902	56.112
284.877	183.572	24.970	57.212
279.391	184.110	21.929	55.375
283.900	184.201	21.837	56.984
280.446	182.644	25.894	57.467
290.298	186.059	29.147	62.160
326.120	190.042	24.238	55.659
257.106	237.436	12.833	51.823
346.398	179.692	25.080	55.260
326.707	176.195	38.771	66.541
333.502	174.612	33.011	62.305
341.618	177.670	27.327	58.683
326.009	181.645	25.216	51.583
345.941	178.725	23.898	54.250
328.341	156.559	52.217	74.728
370.175	176.425	23.221	44.746
329.656	148.207	22.602	42.518
400.370	185.077	20.451	42.771
392.623	172.939	23.647	45.179
393.884	170.901	22.719	44.813
395.768	183.078	22.372	39.192
394.486	178.102	18.949	39.565
395.467	166.362	20.442	45.551
417.603	174.654	24.904	44.876
352.036	141.550	16.816	40.613
387.090	181.532	19.714	41.998
386.961	178.172	20.697	43.157
333.029	148.009	10.450	44.572
402.809	171.227	28.243	59.711
385.358	179.737	24.430	57.450
386.697	180.464	19.913	51.256
385.582	180.205	20.599	47.720
385.241	179.839	20.189	42.860
359.523	165.814	21.511	44.190
417.044	170.369	21.449	44.314
362.219	166.978	17.989	52.590
407.522	171.333	24.343	48.179
385.846	176.020	21.446	49.300
387.077	176.585	19.043	48.368
387.704	170.268	17.247	48.405
388.430	172.382	19.765	46.477
401.528	166.640	29.747	64.964
380.689	173.877	43.851	85.991
390.678	175.254	18.400	48.147
390.309	176.752	18.354	42.813
390.556	176.597	17.883	38.727
343.039	190.191	7.045	52.573
301.671	195.411	25.359	56.984
293.387	168.177	34.407	61.332
222.152	188.391	23.106	61.685
242.263	141.399	20.618	41.867
300.711	161.646	19.527	34.858
308.166	124.044	17.387	26.258
310.116	145.146	20.433	38.976
313.817	145.369	19.061	37.716
369.871	109.716	9.902	39.894
393.672	170.431	22.754	50.692
395.588	164.431	22.073	51.157
395.949	158.489	21.962	56.961
395.110	156.322	21.566	58.939
394.934	151.564	20.343	57.509
393.775	152.072	18.922	61.238
393.713	154.859	20.028	58.773
396.059	149.174	20.472	57.190
396.952	153.292	21.202	55.416
415.321	167.624	32.418	80.515
398.368	165.515	22.990	59.204
397.663	166.110	23.599	52.605
396.137	157.533	21.093	52.969
396.642	158.201	20.394	51.700
399.949	158.220	19.452	50.796
394.796	157.675	19.753	50.298
393.923	156.077	19.070	46.477
391.819	156.743	20.572	48.960
392.002	159.261	24.579	54.037
401.736	160.236	22.694	54.575
381.101	157.139	18.962	43.948
364.709	116.065	20.112	37.687
372.265	159.355	14.194	38.175
395.448	156.552	21.302	61.002
369.762	159.704	15.013	36.676
370.870	160.980	16.429	38.075
373.864	159.034	16.017	37.547
397.661	150.569	25.760	64.248
394.052	151.326	24.421	62.075
397.445	157.685	21.894	55.180
395.898	158.878	19.222	51.169
401.004	161.645	18.707	51.106
393.089	151.518	21.088	52.251
388.267	153.319	20.568	50.250
373.450	155.218	17.905	43.746
398.609	113.685	21.910	47.840
373.200	157.290	20.227	38.331
373.584	156.861	16.635	39.836
373.589	155.659	18.372	38.982
325.019	152.995	11.119	42.796
377.851	155.270	21.904	40.769
389.300	152.970	19.089	42.485
401.585	154.008	19.221	49.521
384.204	154.651	20.740	47.402
384.211	152.885	20.778	44.150
373.684	152.025	22.798	50.376
320.309	153.211	17.153	43.978
322.297	153.937	16.274	41.282
322.834	153.219	15.750	41.132
273.978	173.575	12.016	43.357
323.819	153.169	15.398	39.258
323.463	154.293	16.382	38.597
324.203	154.057	16.436	39.969
324.899	153.554	16.126	40.524
308.350	121.382	20.194	37.826
326.761	153.321	15.705	42.071
325.877	151.891	16.681	43.122
318.169	155.091	18.164	42.369
326.644	152.204	16.318	43.556
327.491	152.836	16.035	42.960
288.632	120.518	21.408	35.369
328.866	150.105	15.561	43.470
379.383	151.946	16.243	41.564
378.322	150.272	15.688	38.946
331.876	152.120	15.090	38.483
331.781	151.781	16.418	38.155
333.545	153.175	16.147	36.290
333.808	152.790	16.420	35.502
334.703	151.163	16.570	37.445
336.059	150.028	16.378	35.955
301.897	156.374	18.476	37.417
335.284	151.909	17.852	34.672
337.580	153.627	16.375	33.569
338.659	152.728	17.015	34.855
339.850	153.269	16.788	34.865
339.781	152.995	16.107	33.652
340.677	150.248	16.113	37.622
382.264	112.445	16.812	41.913
343.071	148.930	15.248	36.594
344.334	150.665	15.328	36.263
306.814	153.395	17.283	32.080
383.267	112.069	17.072	40.315
395.386	150.162	25.272	62.988
340.819	274.456	53.537	83.633
334.596	275.445	52.773	98.940
324.547	280.370	43.583	97.541
320.181	277.223	43.706	105.268
311.584	277.407	46.554	109.847
303.474	282.061	46.668	105.872
295.173	279.212	44.766	111.657
285.669	280.433	44.081	102.280
280.741	283.616	41.180	98.044
270.994	286.654	44.267	103.263
261.349	285.735	46.864	106.639
251.631	286.043	45.280	112.333
242.272	286.971	50.508	108.990
233.980	289.048	50.409	111.419
224.187	289.056	49.196	109.727
216.629	289.173	47.210	107.596
208.882	291.118	46.882	108.492
196.446	295.876	49.129	108.678
