677.000	138.000	18.000	40.000
674.497	139.693	21.470	38.500
674.316	139.168	21.321	38.564
673.576	139.942	21.589	37.628
672.450	139.541	22.303	37.447
672.488	139.459	21.654	38.764
672.672	139.819	21.670	38.330
671.995	138.982	21.852	39.508
672.048	138.807	22.050	39.813
671.508	138.526	22.615	39.555
671.192	138.015	22.704	40.348
670.773	137.971	22.897	40.553
671.861	137.799	22.787	38.714
670.810	138.344	23.573	38.096
672.241	138.919	22.538	37.099
670.134	138.789	24.601	38.943
671.314	138.074	23.053	38.287
670.703	138.101	22.900	37.826
671.815	137.733	22.294	36.172
671.984	137.542	22.417	36.538
671.596	137.982	23.359	35.664
673.094	137.042	16.937	37.613
671.047	138.035	23.867	36.178
653.263	143.785	24.515	38.154
636.853	144.296	27.141	39.053
633.550	143.490	23.030	42.258
633.227	142.810	32.421	41.002
631.309	143.891	21.351	38.521
628.354	144.126	22.124	38.484
627.051	145.498	21.708	38.196
627.210	145.088	21.803	39.261
626.776	145.168	22.498	38.689
626.314	144.995	21.907	40.099
576.705	145.063	17.375	39.478
587.339	143.612	18.299	35.330
589.641	142.834	19.808	34.667
591.178	145.090	21.310	34.125
593.028	144.754	20.114	36.936
592.688	144.368	18.891	35.791
594.184	144.509	26.536	38.016
593.235	142.957	20.865	40.040
605.518	145.586	23.784	41.265
570.638	149.156	20.130	42.184
571.685	155.823	20.263	40.384
541.493	136.347	23.576	49.270
554.004	146.842	21.432	45.988
553.091	146.542	25.451	41.131
549.282	150.820	26.902	45.784
547.871	147.406	25.321	47.784
550.239	147.591	25.041	44.421
552.490	147.738	24.307	40.471
545.004	148.240	23.088	41.851
547.563	152.005	24.060	41.402
520.399	149.640	23.000	42.220
510.237	146.770	24.362	40.831
526.553	153.505	22.833	40.816
493.793	152.556	24.140	42.899
457.110	152.543	22.060	42.961
457.097	152.431	19.955	41.795
457.501	153.749	19.830	40.459
455.605	154.103	19.940	44.236
455.574	153.147	19.514	41.640
455.100	153.745	18.451	38.770
454.355	155.201	18.132	35.401
453.751	153.926	17.276	34.567
453.783	155.229	19.320	32.229
454.753	156.751	17.937	36.942
453.868	155.412	19.539	36.915
453.116	156.458	19.620	39.290
454.281	158.040	19.354	42.558
453.304	157.650	18.791	39.754
452.750	159.286	18.550	37.932
447.413	158.825	20.674	35.051
449.178	160.404	18.242	41.960
446.471	160.440	20.136	39.477
447.745	160.708	18.367	39.590
447.266	161.218	21.067	40.073
446.360	160.540	19.149	40.345
445.427	159.983	19.273	42.999
444.274	159.243	19.732	41.597
444.702	160.296	19.448	37.161
443.931	160.446	18.542	39.373
444.707	161.172	18.735	36.551
441.660	160.493	20.178	37.835
442.367	160.908	19.068	39.273
441.011	160.766	20.045	40.359
440.768	161.494	21.406	38.760
441.149	161.233	20.148	41.543
441.044	160.488	19.779	41.587
439.837	160.711	20.221	40.127
439.909	160.328	19.340	40.113
439.438	158.987	18.432	43.657
438.361	161.736	19.500	43.130
436.422	161.509	20.622	43.111
436.088	161.786	20.905	43.960
435.652	161.953	20.345	45.554
434.272	162.589	20.733	43.704
433.630	161.572	20.410	43.010
432.920	164.075	20.880	40.888
431.592	164.959	21.019	43.009
430.828	163.300	19.994	43.254
429.935	162.698	20.052	43.266
427.923	162.858	22.114	42.383
427.491	162.934	21.244	43.008
426.250	163.733	20.916	45.036
426.095	162.492	20.717	44.814
441.987	167.578	14.189	43.639
449.659	162.021	19.673	39.189
447.989	161.851	27.728	41.128
453.791	163.714	28.332	46.620
445.493	164.386	23.687	45.422
453.911	164.511	26.556	43.422
423.546	162.181	20.693	39.406
421.690	161.231	21.059	40.043
422.636	162.689	20.708	40.140
422.440	162.980	19.405	40.145
421.853	164.178	18.956	38.989
419.633	163.728	21.825	38.505
429.208	167.260	24.706	40.660
457.061	162.429	21.674	47.005
471.253	164.936	22.295	45.705
468.587	163.519	23.920	46.240
468.128	168.721	22.859	42.721
464.118	164.795	26.958	42.322
467.997	161.629	21.828	47.595
462.431	165.247	24.897	45.090
461.089	167.214	24.296	48.186
451.050	163.404	23.131	46.424
444.973	164.413	23.390	47.335
448.438	163.847	23.810	44.061
406.245	166.115	21.191	43.958
405.513	168.442	19.495	45.483
404.645	169.043	19.709	46.561
404.244	169.092	19.540	45.885
402.747	167.218	19.493	45.932
401.702	169.454	18.237	43.041
400.232	168.899	19.030	42.113
400.099	168.747	18.703	40.960
399.461	169.809	18.884	43.336
397.886	172.144	18.938	43.927
396.068	171.702	20.298	43.258
396.128	170.635	20.011	45.335
394.805	171.389	20.427	45.204
394.082	171.490	19.785	43.185
392.450	170.900	19.971	43.850
392.449	172.110	19.472	45.331
390.826	171.482	20.575	46.123
390.106	171.522	20.344	48.351
388.475	172.266	20.912	46.930
388.304	171.475	21.277	48.842
387.666	171.945	19.623	49.123
386.275	171.817	19.104	48.190
385.808	171.390	18.973	46.756
384.922	170.757	19.083	48.697
384.610	172.621	20.100	48.647
383.945	172.376	20.518	50.167
383.312	172.989	19.814	50.053
382.370	174.027	20.729	53.910
381.806	172.055	19.887	53.252
380.406	173.098	20.404	46.343
380.180	171.356	19.477	46.359
378.891	171.055	19.615	46.793
377.254	172.540	19.417	46.538
376.082	172.038	19.071	45.818
397.765	172.938	9.275	49.020
396.092	172.923	19.688	39.668
396.848	174.389	21.076	46.470
399.184	170.427	33.196	44.439
395.788	173.008	23.665	50.522
408.123	171.285	24.081	50.331
369.839	173.789	19.640	49.630
365.920	170.282	23.582	51.470
365.404	170.227	21.724	50.126
363.666	171.174	22.669	48.591
366.834	176.273	20.831	49.780
366.089	175.329	19.890	51.790
364.564	176.359	19.554	52.185
363.552	179.305	22.928	49.663
363.035	178.480	21.900	48.804
361.795	179.902	20.883	48.349
359.153	178.550	23.124	49.799
359.490	179.868	20.146	48.613
358.129	182.369	19.498	45.517
360.933	184.733	25.307	45.923
354.882	179.138	22.524	50.231
355.715	180.058	20.503	50.010
354.035	180.540	23.106	47.511
353.179	181.118	21.940	47.381
352.609	182.185	21.013	48.320
350.941	182.567	22.115	48.705
351.997	184.265	22.232	49.183
348.358	182.488	22.755	48.516
346.595	181.158	21.999	49.732
346.224	182.531	20.322	49.932
345.530	185.803	21.424	47.562
359.820	178.033	23.011	48.715
360.560	179.040	26.102	53.081
371.210	183.744	22.755	48.169
370.366	186.698	25.534	50.010
387.965	175.127	23.028	55.323
386.529	176.842	23.248	56.169
387.174	180.159	26.481	56.463
399.578	177.804	24.398	52.880
385.303	179.255	25.863	54.217
384.510	178.402	35.740	55.013
382.129	181.080	24.571	55.324
382.768	181.917	21.875	55.842
387.565	179.922	25.376	56.553
378.875	181.173	27.426	56.885
375.969	178.610	25.813	55.322
383.376	178.723	26.800	55.221
395.558	185.783	30.160	53.322
399.311	180.471	35.050	61.482
334.448	174.502	31.392	70.473
339.834	175.589	31.960	69.801
340.534	173.574	29.571	71.169
334.054	174.705	31.817	68.932
327.191	183.623	29.870	68.834
325.623	187.370	27.902	63.189
325.963	192.585	29.297	62.045
325.954	192.235	28.615	63.063
322.823	192.180	28.004	65.753
322.373	193.615	26.773	62.252
323.763	177.993	30.635	66.382
319.929	192.487	27.049	63.819
317.476	192.339	27.934	63.745
321.308	179.319	27.634	60.341
324.013	178.857	26.477	57.582
317.807	192.946	28.163	56.425
314.473	187.262	30.897	58.060
323.207	176.802	27.585	57.094
322.474	181.199	26.514	57.480
320.355	180.775	28.350	54.991
316.613	186.016	28.452	53.009
321.481	176.612	28.207	53.155
320.878	180.648	26.262	48.212
315.847	185.021	25.738	45.896
316.312	186.187	25.383	46.284
323.666	180.006	28.341	52.615
318.828	182.893	28.473	50.672
338.256	180.852	25.862	61.507
381.641	183.135	14.320	56.879
385.091	179.614	22.646	54.850
389.754	175.824	27.007	61.967
396.539	175.133	27.144	66.594
421.286	169.452	25.371	65.264
425.806	172.013	25.225	69.093
424.171	166.362	24.352	71.228
423.503	173.877	24.813	70.842
407.261	172.595	33.120	70.147
391.541	179.138	27.158	67.573
401.428	180.061	26.965	65.406
399.568	177.384	27.984	66.699
410.359	180.217	27.164	65.330
405.910	180.625	28.329	65.137
402.276	181.398	27.007	64.834
399.072	180.004	27.697	61.642
392.103	177.444	25.189	61.737
399.208	176.349	24.572	56.366
392.235	179.229	24.652	56.699
393.635	180.536	23.776	55.417
387.025	184.233	24.504	57.638
381.811	185.053	26.631	57.473
377.436	185.451	28.446	62.444
382.255	186.809	28.021	64.880
382.209	187.187	28.441	64.392
372.089	182.694	27.855	61.653
356.454	183.199	25.916	65.782
372.263	183.616	25.282	65.685
377.776	188.280	24.940	66.549
376.054	185.466	25.719	63.380
373.501	185.878	25.775	65.993
371.381	185.253	24.862	62.239
368.392	185.522	26.674	63.597
365.851	186.379	26.184	61.286
371.931	187.213	27.064	61.727
370.322	187.668	26.824	64.235
365.929	187.770	28.292	65.200
361.816	188.398	26.035	66.517
358.448	188.499	29.837	66.583
369.525	186.777	27.425	64.751
360.226	188.135	30.365	67.660
367.168	190.868	28.467	61.182
367.263	188.610	23.954	63.529
357.753	191.632	28.626	64.982
358.289	195.549	29.293	61.619
352.208	189.053	28.445	65.129
353.258	190.306	27.142	66.423
351.209	190.744	28.882	68.397
284.631	230.765	29.385	57.021
283.527	227.508	28.784	52.909
285.810	227.747	27.745	58.314
318.625	231.592	11.346	62.982
312.508	228.250	32.200	56.399
301.119	224.170	42.120	72.622
309.858	231.384	29.454	65.971
311.470	232.789	30.061	63.366
311.033	233.496	30.246	58.013
311.910	235.614	28.885	56.111
309.999	236.587	27.840	59.363
308.355	233.789	28.586	58.125
307.867	234.329	29.018	57.995
260.228	235.296	34.412	69.206
269.463	238.807	27.993	72.269
273.454	234.869	38.803	71.936
303.427	232.449	22.589	65.521
302.524	233.319	29.386	62.088
301.395	232.927	30.323	65.506
301.259	234.239	30.336	60.257
299.750	239.022	30.753	69.304
298.534	235.671	30.366	64.635
300.121	238.636	29.740	59.268
299.790	237.035	30.756	67.439
298.940	237.523	33.769	60.904
301.948	225.854	31.920	72.361
303.706	204.499	31.509	78.986
309.912	202.355	31.696	66.113
318.144	205.398	35.521	67.972
305.297	200.980	32.957	66.691
307.318	203.627	27.232	65.706
307.278	204.006	27.261	62.053
304.504	203.507	27.056	57.273
306.444	203.937	24.247	56.992
305.917	202.419	24.253	58.999
326.460	204.550	21.415	61.851
314.439	203.556	33.483	63.556
304.740	201.061	31.229	67.088
311.248	203.642	25.469	57.030
320.817	206.361	26.518	57.074
328.309	205.599	24.201	55.041
325.081	210.241	25.266	63.194
331.313	207.343	24.162	66.199
324.720	201.267	31.064	67.907
317.321	202.884	34.489	70.692
326.029	197.507	28.024	73.699
290.703	201.114	31.921	74.346
290.398	202.737	30.596	69.333
290.229	206.090	30.053	66.329
289.791	203.905	29.354	63.853
288.313	204.538	29.474	63.641
303.469	264.273	27.678	60.549
307.588	223.620	33.112	73.558
306.837	205.575	33.871	70.059
315.812	265.683	33.141	53.953
305.032	217.576	27.418	69.731
312.679	210.484	31.078	63.977
322.343	211.060	23.895	68.415
308.721	208.801	26.371	66.249
302.665	211.098	27.087	61.072
235.676	220.328	27.358	62.723
235.354	217.598	27.344	62.783
235.286	222.610	27.218	61.217
234.342	222.068	26.719	64.018
262.056	218.044	14.718	70.182
265.399	220.224	26.371	64.968
273.403	219.141	27.128	61.731
297.455	218.935	27.088	62.653
295.102	216.564	25.482	64.110
291.151	215.457	24.807	52.587
295.294	217.977	24.535	57.303
298.929	217.010	25.544	55.050
288.775	215.309	28.411	57.722
293.086	223.760	30.265	61.432
291.051	217.354	26.607	59.736
296.079	219.728	27.854	51.380
288.166	219.855	26.972	50.516
286.690	214.068	28.379	58.220
292.262	224.009	27.325	58.354
288.943	223.146	22.521	58.215
248.717	223.507	29.789	69.132
217.041	229.247	31.003	66.688
216.315	231.108	29.694	66.779
214.695	232.610	30.073	64.506
217.544	231.230	27.881	67.233
213.886	230.892	29.004	69.389
213.769	234.685	29.193	65.575
217.075	233.192	27.360	68.158
248.343	229.488	30.599	69.992
251.283	226.032	29.970	73.228
250.990	227.278	35.413	73.272
250.093	228.409	29.531	71.173
240.778	228.350	29.145	70.168
249.495	230.687	34.169	73.033
270.003	227.751	30.151	73.961
242.835	230.656	30.907	72.919
240.101	230.900	31.799	74.695
238.757	233.120	30.693	72.860
270.209	231.564	16.672	72.388
264.457	232.014	30.541	64.465
263.476	231.203	31.870	72.519
269.211	229.669	30.551	66.789
263.560	231.325	32.258	75.861
204.431	236.959	29.126	76.353
227.494	235.547	31.538	74.974
230.097	235.457	30.389	75.554
261.664	232.236	25.356	74.599
266.719	229.731	27.790	63.569
255.628	236.418	26.812	65.483
259.452	231.107	30.707	64.390
256.437	233.726	28.507	64.422
255.930	233.982	30.420	71.063
234.757	241.820	41.456	75.353
252.879	237.107	32.344	76.717
218.219	241.357	31.389	75.687
222.148	240.893	31.927	75.013
251.754	235.541	27.090	61.575
252.279	237.817	28.753	59.033
253.918	237.355	29.755	58.569
251.671	240.280	30.954	68.571
246.154	243.521	29.032	71.257
248.737	238.036	32.804	70.447
241.979	241.324	31.492	72.950
246.648	242.522	29.313	71.209
249.019	236.507	31.430	58.739
250.927	238.606	29.374	73.961
243.470	243.844	29.341	77.855
241.158	244.878	30.984	80.045
176.129	255.024	30.080	77.534
171.261	253.312	34.303	80.774
170.342	255.091	33.631	79.303
166.937	254.539	34.367	79.748
166.587	254.281	35.824	81.022
164.706	256.600	36.457	78.238
162.676	256.513	37.711	79.709
160.807	256.315	34.482	77.981
146.254	257.897	34.085	72.870
146.656	260.450	37.304	75.272
156.598	256.169	34.979	74.607
110.672	249.901	37.627	57.722
135.452	262.829	37.581	74.693
140.750	262.547	36.314	78.657
141.477	267.430	34.194	74.252
137.430	271.091	33.121	69.240
134.022	269.591	32.379	72.740
137.182	278.356	35.312	64.832
122.887	266.458	31.895	67.489
122.234	270.445	32.082	66.006
110.744	283.008	29.905	63.729
104.357	273.269	32.632	60.225
98.160	273.113	31.576	68.959
94.556	276.865	33.834	73.471
106.927	287.169	33.873	69.000
142.011	279.249	20.991	70.761
154.293	287.524	41.641	57.617
168.129	271.875	32.394	73.366
200.128	244.173	20.937	65.804
192.253	249.937	52.324	69.179
200.663	235.305	61.966	80.770
210.745	222.929	67.466	95.561
