565.000	193.000	24.000	83.000
564.768	192.802	24.003	83.530
558.902	192.528	26.955	83.154
571.368	192.601	26.550	82.616
557.802	192.980	25.976	82.017
547.634	191.307	26.065	81.329
540.263	192.990	28.724	80.419
535.964	191.988	27.440	81.290
534.144	192.919	25.392	80.433
528.859	192.419	25.878	77.469
522.211	192.537	26.497	79.310
480.067	193.340	26.703	78.045
527.181	190.150	28.984	80.920
528.711	191.315	26.921	76.884
523.253	190.718	25.057	79.010
556.183	191.945	25.756	78.526
547.701	191.494	27.175	78.342
545.193	192.313	25.518	78.597
540.930	191.076	25.320	78.665
537.794	190.073	24.834	77.975
529.897	191.284	27.678	79.379
527.065	191.673	28.810	81.770
520.746	191.154	28.302	81.354
568.629	196.887	25.253	81.621
569.150	195.557	29.325	80.411
557.836	195.398	30.976	81.814
568.809	192.659	29.386	83.769
561.438	191.576	25.857	85.108
569.407	191.890	27.133	82.810
566.213	193.389	27.229	79.782
563.015	194.040	24.698	78.099
492.413	190.502	27.895	78.981
488.983	188.885	25.727	79.248
487.004	188.310	25.466	78.260
483.538	188.288	25.168	79.791
476.928	187.261	28.420	77.340
510.787	190.444	27.452	81.793
472.378	187.819	27.331	76.375
469.270	188.294	25.699	77.528
501.205	189.631	26.449	83.571
462.284	189.124	26.364	75.932
430.283	185.106	27.171	79.534
419.178	185.511	27.029	77.520
425.642	184.628	24.266	75.366
411.680	185.614	28.555	77.357
422.608	181.254	23.039	74.442
402.732	184.461	22.935	74.618
400.073	184.564	22.581	74.939
398.569	183.073	22.641	76.961
396.971	185.771	21.646	73.794
393.453	182.543	22.580	77.373
390.749	182.676	22.768	74.033
387.634	184.393	24.068	70.005
384.374	184.199	23.466	68.327
384.715	184.355	22.090	66.611
382.213	183.462	22.269	66.712
418.937	181.428	22.911	76.418
448.560	182.648	28.904	75.932
447.775	184.024	25.450	74.337
455.235	183.937	32.901	70.784
449.272	184.421	31.662	73.071
438.939	183.267	24.521	72.029
434.996	178.930	25.726	76.101
433.545	182.365	23.442	72.024
429.654	182.926	24.882	71.680
391.701	182.288	23.936	69.333
355.785	178.532	25.942	65.974
355.286	180.250	21.623	61.919
351.785	181.640	20.234	61.946
345.676	181.440	21.199	60.603
339.631	179.917	21.534	60.528
336.773	179.062	21.140	61.702
331.558	180.114	21.239	61.415
329.445	181.556	20.620	61.288
326.214	179.623	22.031	58.616
323.903	179.471	21.273	60.216
318.249	180.395	21.486	59.927
317.233	179.596	21.377	63.255
265.665	150.462	21.165	51.748
261.824	147.352	18.598	54.789
260.926	145.377	18.948	52.901
259.666	145.113	19.620	55.043
259.656	143.886	18.096	55.025
265.044	143.845	23.879	57.895
249.657	142.846	18.961	57.054
241.654	144.811	20.967	52.426
198.301	132.710	20.664	59.937
185.559	148.646	21.196	58.593
217.768	142.987	20.570	54.277
236.072	143.073	19.968	52.950
233.778	143.962	19.446	55.123
210.897	144.601	18.890	51.824
208.876	145.511	18.547	52.032
225.873	143.954	19.602	54.256
225.040	144.318	20.647	55.343
204.055	144.045	20.107	54.265
212.647	144.637	24.983	51.672
224.038	145.419	19.812	53.581
218.619	142.206	21.437	57.139
212.135	144.553	23.719	55.830
200.124	145.754	24.607	58.585
187.306	143.556	20.078	56.977
203.400	136.754	15.485	60.520
205.083	147.149	23.441	50.835
167.110	146.003	21.329	57.794
165.177	144.947	18.995	57.401
165.374	144.118	20.924	57.651
165.008	144.485	18.944	56.970
165.592	145.840	18.012	55.445
163.543	146.576	17.923	54.035
163.186	145.687	16.920	55.147
175.760	144.263	18.188	52.780
187.865	141.334	19.226	53.156
192.021	143.052	25.400	52.850
188.556	140.764	26.655	53.070
192.902	143.114	22.588	52.991
187.068	141.422	26.269	55.087
192.670	139.559	19.945	58.564
195.172	141.764	19.978	56.030
185.960	142.256	17.782	52.538
184.565	141.883	18.831	51.383
183.346	142.439	18.235	52.194
189.940	139.464	23.788	52.361
184.793	141.008	19.866	53.454
149.554	138.660	22.224	56.696
162.300	139.796	23.013	54.029
178.740	140.558	19.119	51.657
180.055	140.568	19.720	51.867
182.303	141.726	20.362	54.507
196.437	150.807	24.424	64.048
173.485	137.641	23.596	57.904
177.041	138.551	20.939	57.105
148.376	138.337	19.271	55.850
155.960	137.877	20.338	55.123
169.560	139.662	19.260	55.468
169.313	139.507	18.210	53.407
167.497	139.579	18.317	52.568
177.896	138.137	21.316	56.908
151.612	136.505	23.381	56.266
166.582	137.086	19.544	54.234
167.805	138.518	20.116	53.617
165.730	137.521	17.956	55.115
163.436	137.119	19.695	55.106
163.411	136.375	20.414	56.368
166.889	137.356	18.703	55.496
169.858	136.114	18.009	55.780
146.387	131.234	17.341	49.488
154.729	136.724	21.146	53.062
131.077	135.211	20.087	55.516
123.512	135.273	27.365	60.243
144.407	151.693	18.422	67.772
132.024	168.394	36.887	74.352
163.845	178.051	32.111	70.343
207.584	169.311	26.516	71.434
190.271	174.300	23.500	60.916
184.414	173.969	23.540	64.129
188.858	173.932	27.239	64.199
186.528	171.692	22.569	66.136
189.677	173.433	23.108	65.073
203.639	172.349	22.843	64.416
171.425	177.103	23.654	69.764
174.682	173.729	23.065	60.925
198.468	172.030	24.744	62.031
188.527	173.470	20.587	60.794
188.341	173.376	20.561	62.300
186.297	172.639	20.552	64.979
182.453	173.040	21.839	62.533
178.774	172.663	21.886	64.078
176.440	174.076	23.233	65.297
172.098	176.031	21.948	67.726
171.100	168.369	26.052	75.219
193.357	147.506	25.182	69.807
185.254	164.890	29.616	67.555
130.613	169.613	28.046	72.362
133.087	170.645	36.725	72.773
143.845	167.292	36.092	81.097
122.987	171.533	25.983	75.906
132.843	173.003	23.311	71.090
80.102	153.448	23.695	66.972
76.240	149.681	23.603	66.316
77.907	153.744	24.808	69.193
76.577	151.772	22.791	64.786
76.729	153.037	22.006	60.277
75.354	152.232	22.429	63.543
75.336	154.890	22.483	62.478
68.376	152.260	25.826	66.661
56.336	152.962	28.489	65.629
44.712	151.162	22.672	66.462
58.543	150.605	26.860	66.637
43.692	151.435	23.195	61.159
41.410	150.847	21.379	61.257
39.388	151.486	21.700	63.999
37.318	153.300	22.143	59.360
34.527	152.204	20.994	57.692
39.009	151.909	23.294	58.722
36.696	150.921	21.782	59.787
52.934	145.872	22.901	64.512
37.501	148.287	23.436	62.820
33.627	149.582	21.259	58.134
52.988	145.232	19.569	63.396
52.357	147.113	21.299	60.470
75.613	148.739	22.276	60.516
124.594	165.954	17.379	61.972
123.006	167.142	25.878	64.497
117.903	166.485	29.787	64.836
115.154	165.283	27.121	64.103
109.319	162.716	25.468	66.083
97.359	157.864	28.981	68.390
99.734	162.772	21.828	66.632
106.456	163.365	24.937	65.003
103.709	160.714	26.648	68.306
104.821	160.934	23.550	66.146
106.915	160.299	22.754	65.577
106.633	157.563	26.347	66.746
92.168	160.393	28.910	66.785
80.295	164.806	24.031	62.986
83.729	147.921	32.533	70.166
92.414	141.186	25.278	60.404
77.529	129.899	21.493	47.250
95.844	130.249	19.817	46.296
87.649	130.224	18.625	48.246
97.141	129.649	20.754	47.553
100.206	130.003	18.146	45.749
96.605	129.019	18.834	46.835
77.537	130.024	18.643	49.180
91.195	128.454	18.093	47.776
89.485	127.084	18.156	47.441
86.491	128.810	17.396	46.748
82.874	128.897	18.864	46.006
80.640	127.852	18.701	46.439
60.259	128.936	18.316	52.035
67.470	129.795	14.531	53.040
70.885	127.967	17.657	48.648
68.015	127.803	18.289	47.718
63.959	127.218	18.875	52.204
56.910	127.068	19.635	49.227
54.057	129.183	19.658	49.571
59.983	127.789	19.608	45.246
53.006	126.978	18.871	48.349
57.600	127.424	16.634	45.213
42.180	127.491	16.427	46.683
46.344	127.246	18.397	47.564
51.761	126.737	15.778	45.861
34.269	126.869	16.666	48.663
43.584	127.646	13.503	44.443
28.648	128.230	18.602	45.474
25.984	127.081	19.233	47.079
13.311	129.572	17.966	46.707
21.344	128.990	15.668	44.209
34.484	128.656	17.936	43.769
32.034	123.593	18.332	46.566
28.964	127.649	18.323	44.351
28.977	127.536	21.246	44.103
23.815	127.571	18.477	45.681
20.788	128.182	17.707	44.729
19.054	128.202	16.988	43.909
18.413	127.940	16.358	44.328
14.757	127.716	18.813	45.230
8.248	127.450	23.466	45.564
0.000	126.336	15.778	47.651
0.000	127.094	12.308	45.208
0.000	124.941	14.054	46.059
2.330	128.213	16.805	43.498
2.161	126.987	17.982	44.614
0.710	127.889	17.989	46.375
0.000	128.418	17.838	43.364
0.000	129.153	15.248	41.695
0.000	128.017	13.489	44.294
1.973	131.107	16.301	43.836
24.994	150.194	13.036	57.287
35.937	149.751	22.264	59.337
32.740	149.295	22.129	62.893
26.333	149.949	26.063	59.621
23.635	150.933	25.480	59.611
19.630	151.100	21.812	58.976
13.800	150.086	22.394	59.895
70.308	157.889	19.152	55.538
63.913	158.118	20.495	54.841
59.362	158.575	22.832	54.303
57.392	158.965	22.679	53.797
54.574	158.232	21.904	54.400
51.953	158.626	20.032	53.000
46.144	158.097	22.471	54.294
44.752	158.806	21.909	52.782
41.996	158.121	22.272	54.089
39.878	157.821	19.020	53.968
36.608	157.852	19.080	54.927
32.046	157.893	20.229	54.183
26.758	158.287	21.284	52.761
23.900	158.409	20.518	52.610
21.555	157.904	20.703	53.727
18.283	157.387	20.264	54.347
14.929	157.631	21.866	53.750
12.900	157.408	20.809	53.205
9.601	155.811	19.322	54.327
5.280	156.041	19.461	54.500
3.046	155.875	19.562	54.739
2.801	154.550	27.200	56.510
0.291	149.388	28.056	69.740
0.000	149.769	17.460	65.232
25.177	199.119	23.570	60.861
26.165	191.941	24.799	73.084
24.444	193.608	27.219	81.779
22.220	189.574	28.565	79.361
22.280	195.777	27.424	78.350
23.080	193.423	27.564	75.208
22.629	195.718	26.768	73.261
22.297	193.337	26.409	75.019
21.671	192.532	26.654	77.181
21.798	193.117	25.859	76.873
21.016	193.045	27.000	76.209
20.353	190.931	27.504	77.773
18.635	188.635	29.261	77.915
21.320	188.426	27.575	82.633
20.943	189.372	27.643	77.841
22.415	188.531	26.283	74.053
23.111	190.228	25.400	72.724
22.521	189.200	26.278	73.212
