598.000	124.000	33.000	91.000
595.893	121.706	32.419	93.634
594.320	120.594	32.753	95.537
592.692	120.659	33.275	95.591
592.870	120.251	32.301	96.031
591.473	118.803	32.313	97.433
590.296	117.384	32.420	97.584
588.926	117.237	32.776	96.817
587.431	116.078	32.878	97.420
583.936	116.221	33.759	96.175
582.013	116.867	33.785	95.658
578.847	117.387	32.491	95.153
575.838	118.029	30.671	95.600
573.286	118.068	31.057	94.868
567.973	119.211	33.673	93.667
564.380	118.932	34.902	93.662
561.237	118.918	31.813	91.965
557.540	117.725	29.024	92.971
553.605	118.438	29.693	92.543
544.051	118.407	37.647	92.904
538.204	116.355	38.329	94.063
534.440	115.428	30.929	94.448
529.124	114.626	31.019	95.354
525.135	114.396	31.952	94.289
522.760	116.651	30.746	93.031
519.848	116.177	30.920	92.193
515.999	114.510	32.081	89.370
512.227	113.753	34.134	92.483
507.887	112.527	36.239	93.494
506.135	112.710	36.362	93.159
504.769	114.290	35.288	91.747
503.259	113.158	33.158	91.578
502.091	111.142	32.538	92.202
500.097	109.021	33.160	94.320
498.025	105.312	34.722	99.488
497.775	102.282	35.972	101.352
500.254	100.344	35.013	102.021
503.356	99.823	33.973	99.541
503.952	100.573	33.120	98.179
503.403	100.634	34.421	98.526
502.590	99.749	34.330	99.153
501.798	102.854	33.705	94.548
501.846	106.255	32.688	90.370
502.010	106.472	32.838	90.497
504.330	105.936	31.525	91.494
506.000	105.535	32.175	91.070
510.765	105.258	29.032	89.824
513.250	103.880	29.035	92.557
515.329	101.541	28.159	94.627
516.059	100.073	28.922	94.902
516.264	100.163	29.900	91.357
516.076	98.331	32.216	94.698
518.998	95.665	32.784	97.168
521.112	93.657	32.217	98.525
521.692	92.310	31.218	99.073
523.188	91.518	30.582	97.622
523.824	90.921	30.609	97.371
524.623	90.226	29.352	98.613
523.542	90.997	29.689	98.320
521.979	90.785	30.099	95.991
520.755	89.194	29.889	96.642
520.047	88.832	30.079	98.524
519.640	88.668	30.234	99.432
518.281	88.009	30.215	97.191
516.974	86.459	29.674	98.864
514.795	84.973	31.204	97.307
513.543	84.090	31.615	94.752
510.139	83.330	32.352	97.249
507.942	84.059	33.425	95.695
504.488	83.732	33.906	94.590
502.870	83.756	33.105	91.393
500.873	83.580	33.642	90.378
500.489	83.477	33.601	88.486
500.016	84.000	33.531	85.439
500.386	82.437	32.181	85.292
500.074	81.456	32.563	84.560
499.892	80.417	31.649	84.995
498.893	80.770	30.823	85.172
497.837	80.547	30.539	85.481
496.138	80.488	30.887	85.654
494.115	81.179	31.931	83.897
493.450	81.191	32.418	82.587
493.228	80.680	32.024	82.879
492.773	80.524	32.225	83.573
493.810	79.206	30.611	83.811
493.892	77.695	29.954	83.241
493.260	77.063	29.848	83.693
492.543	76.745	29.788	84.011
491.330	77.575	30.307	82.417
490.229	77.740	29.811	82.182
489.044	77.262	27.892	82.497
484.887	77.704	27.874	80.068
480.614	77.577	30.884	79.789
478.614	78.434	31.536	78.663
476.155	78.363	32.777	78.544
474.532	77.462	29.775	79.890
470.948	77.722	27.858	79.071
466.454	79.020	29.335	78.331
464.302	79.095	29.637	77.900
463.485	78.955	27.489	77.126
461.927	77.874	27.151	77.461
457.107	76.804	30.228	76.354
453.462	77.695	31.538	75.709
450.829	76.685	32.074	77.201
449.052	75.936	31.285	77.274
447.722	74.371	28.441	78.427
445.088	73.544	26.764	79.945
440.964	73.295	29.200	80.608
439.182	72.309	29.135	81.718
437.478	72.095	28.876	81.402
434.990	71.141	28.863	81.413
434.201	71.148	28.315	81.281
433.311	71.306	28.680	80.874
432.497	71.901	30.407	80.433
431.932	72.327	31.391	78.424
431.283	71.029	30.702	78.832
433.661	97.224	25.551	87.090
431.796	142.970	28.052	78.211
431.159	162.039	29.943	79.358
428.868	161.714	29.273	78.962
426.748	161.898	30.191	77.319
425.480	162.346	30.674	78.521
424.432	162.318	31.159	78.534
423.729	161.718	30.719	78.812
422.839	160.297	30.881	78.645
422.623	159.691	30.008	78.592
422.314	159.520	29.053	78.678
421.300	159.364	27.975	79.038
419.002	158.212	28.794	78.616
416.623	157.659	30.550	76.648
415.414	156.993	30.222	77.913
414.952	157.165	31.215	77.295
414.689	156.243	31.915	76.886
414.768	155.351	31.494	76.264
415.223	154.765	30.761	77.296
413.805	154.669	30.252	77.600
413.262	154.685	28.904	77.446
411.488	154.888	29.482	76.025
409.294	154.564	30.187	75.187
407.674	153.827	30.782	75.565
407.043	153.124	31.211	75.226
406.309	152.814	30.536	75.200
406.009	152.538	30.673	73.752
405.694	151.924	29.532	74.622
405.287	151.834	28.858	74.641
404.792	152.181	27.834	74.681
404.044	152.261	27.080	74.541
403.257	152.294	26.197	73.451
400.887	151.622	27.676	73.374
400.134	151.557	28.564	73.166
399.299	151.902	28.249	71.736
398.928	151.369	27.958	72.730
398.487	150.176	27.515	72.499
398.813	149.700	27.184	72.913
398.852	149.268	26.897	73.322
398.396	148.964	26.798	73.922
398.074	148.635	27.744	73.210
398.709	148.407	29.455	72.659
399.958	148.373	29.915	72.720
401.221	147.732	29.323	73.473
402.446	147.107	28.992	74.260
403.304	147.768	28.723	73.145
403.722	147.776	28.778	72.870
403.930	147.523	28.635	73.123
404.185	147.624	28.706	73.197
404.437	147.448	28.453	72.908
404.039	147.382	28.613	72.782
401.632	148.072	28.716	72.077
400.190	147.757	28.558	72.637
398.418	146.799	28.641	73.169
395.825	147.190	28.266	72.732
393.818	146.827	28.493	72.638
393.023	146.836	28.178	72.757
391.911	146.967	28.582	72.301
391.282	146.557	28.117	72.968
389.799	145.850	28.613	72.955
389.523	145.447	27.849	72.482
388.822	145.387	27.427	72.392
387.376	145.991	27.552	72.079
386.672	146.002	26.792	71.739
385.359	145.070	27.772	70.843
385.431	144.344	27.360	71.553
384.789	144.524	28.189	71.085
385.225	144.839	27.387	70.866
385.969	144.274	26.984	70.848
386.617	143.588	26.220	71.172
386.566	143.345	25.598	71.982
385.749	143.464	25.838	71.264
385.146	143.223	25.614	71.429
368.897	145.167	22.081	63.095
395.888	144.940	24.229	65.777
430.295	145.696	21.891	62.500
466.161	144.958	23.154	66.409
499.820	145.220	23.144	64.828
508.419	140.016	23.048	67.266
508.947	139.264	22.774	68.552
508.459	138.647	24.703	70.487
508.628	137.913	25.063	69.113
507.460	137.864	23.521	68.910
506.771	139.199	24.241	66.176
507.249	137.909	24.339	67.178
506.278	137.532	24.226	68.021
507.638	137.472	23.599	68.216
506.362	137.476	25.116	68.028
505.884	137.961	22.250	67.555
505.225	136.819	24.989	67.567
505.598	137.670	24.394	67.936
506.276	137.105	24.244	67.978
507.194	138.059	24.079	65.796
506.892	137.293	24.514	65.779
507.967	137.804	24.148	64.871
508.111	135.638	25.153	66.960
508.916	135.173	24.636	67.452
508.904	136.120	24.488	65.879
508.451	135.412	25.339	67.153
507.666	135.866	26.552	66.239
506.954	136.042	24.347	65.597
507.155	135.735	23.627	64.283
507.004	135.768	23.366	65.543
506.606	135.768	24.598	65.848
506.732	136.127	23.685	65.911
506.200	135.532	24.263	65.235
506.580	135.592	23.883	64.491
506.436	135.336	23.499	64.263
506.042	135.776	23.972	64.466
505.743	135.569	24.700	64.600
505.978	136.133	22.439	62.662
505.342	136.150	22.102	63.426
505.682	135.050	22.965	62.837
505.265	134.508	23.650	64.629
506.718	136.030	24.428	63.405
506.793	134.866	24.587	62.994
508.041	134.688	24.792	63.536
508.967	134.705	25.863	62.921
509.526	133.643	25.026	64.176
510.648	134.487	24.354	63.505
510.524	134.006	25.656	63.302
511.767	135.387	25.888	61.197
511.478	133.617	25.211	63.656
512.831	133.572	24.499	61.723
512.769	132.388	26.802	64.988
513.856	134.278	26.615	61.313
514.311	133.919	27.917	62.628
516.518	132.654	25.704	61.766
517.962	132.312	26.503	62.159
519.211	130.903	25.543	63.233
520.470	131.810	25.838	63.486
521.996	130.506	24.603	63.533
521.679	129.868	26.197	64.330
522.660	131.770	24.733	61.112
524.258	131.151	24.401	59.840
525.086	130.006	24.641	62.869
525.560	130.170	26.142	62.067
527.971	130.312	26.125	61.347
529.107	129.576	25.112	62.630
530.977	129.548	25.407	61.158
533.486	128.331	24.919	63.278
533.783	129.234	24.731	62.677
533.849	128.439	26.942	62.887
533.816	130.740	26.980	59.119
535.828	128.420	24.804	63.080
535.615	128.034	24.517	59.692
536.711	129.129	24.429	59.898
537.143	127.540	24.335	61.605
537.984	128.446	23.736	59.168
537.871	129.046	24.171	59.579
539.066	126.802	23.900	60.829
539.322	125.445	24.270	61.273
539.409	126.020	24.193	61.362
538.856	125.469	24.561	62.532
538.238	124.787	24.169	61.833
537.848	126.669	23.241	60.601
537.600	125.793	22.259	59.176
537.569	125.357	21.490	60.141
537.183	125.481	21.848	61.269
536.967	126.210	22.620	59.336
536.754	125.618	22.847	57.387
536.126	124.673	23.100	58.105
535.835	124.106	23.364	59.228
535.334	123.965	23.480	60.841
533.797	125.173	24.228	59.406
532.603	124.902	24.451	59.869
532.185	123.748	24.202	59.413
531.994	123.412	23.408	58.782
531.717	123.586	23.656	59.001
530.548	123.737	24.500	58.681
530.368	123.657	23.413	58.280
528.976	123.065	24.259	59.163
528.493	123.033	22.701	57.557
528.074	124.204	23.554	57.548
526.993	125.479	25.441	57.570
527.464	122.609	26.564	58.834
529.161	119.906	25.467	58.692
529.926	118.969	25.447	62.915
515.480	122.201	38.712	57.594
525.994	123.200	28.640	57.128
526.237	123.539	26.421	56.897
524.750	123.958	25.910	56.300
521.946	123.898	24.210	55.442
520.382	121.301	22.379	56.399
517.756	123.041	21.296	55.392
515.416	121.286	19.738	56.760
514.071	120.053	18.561	57.145
511.825	120.974	19.226	56.544
509.450	121.300	19.293	56.085
507.952	120.514	18.854	55.782
505.784	120.714	19.553	55.537
502.167	120.225	21.838	56.469
500.998	120.722	21.573	55.620
498.360	120.549	21.937	54.989
497.332	119.833	21.487	56.621
494.103	119.563	23.067	55.894
494.631	119.266	21.331	56.219
493.428	119.245	20.871	56.998
492.271	119.715	21.994	57.267
489.646	118.700	23.528	56.489
490.432	117.570	22.434	55.632
491.276	117.483	21.020	56.392
490.008	118.201	21.866	56.220
489.645	117.623	21.042	57.097
488.645	117.826	21.808	56.630
484.744	117.561	23.807	56.701
511.361	111.218	22.338	61.889
496.191	101.938	25.423	70.057
474.557	104.799	28.550	72.283
452.906	103.258	37.307	70.939
421.768	89.850	36.826	78.272
322.387	111.798	28.480	64.196
291.077	116.394	28.082	60.905
290.554	119.740	23.565	57.369
289.475	117.664	23.102	60.005
288.384	117.322	23.337	58.653
287.133	119.053	22.585	57.110
286.535	118.983	23.120	57.045
285.810	118.702	22.888	57.095
284.900	117.676	22.863	57.855
284.264	116.700	23.685	57.577
284.119	117.518	24.042	56.337
284.672	116.554	26.923	58.880
284.992	117.706	22.552	56.694
285.652	115.927	22.375	58.746
286.202	115.839	22.717	57.015
285.147	115.657	23.660	56.975
285.492	115.468	23.282	57.299
285.818	115.605	23.501	57.241
285.642	115.073	22.983	57.407
285.533	114.732	22.896	57.279
285.516	115.589	23.660	56.036
286.429	115.669	22.438	56.040
261.189	114.983	22.755	56.880
250.058	99.072	24.330	58.774
233.912	78.645	28.456	64.315
308.916	152.740	21.209	31.164
311.242	137.799	22.761	43.623
298.768	136.752	30.302	54.678
284.203	135.248	32.137	61.587
274.892	125.361	38.265	71.884
262.051	116.796	34.508	72.870
251.694	142.661	41.335	71.386
239.090	132.047	42.533	68.393
227.850	133.400	38.338	73.880
218.223	136.832	34.189	61.214
223.353	138.930	32.975	56.917
230.114	139.793	32.254	57.450
235.580	138.806	34.883	61.016
232.383	139.890	34.677	59.556
222.496	140.818	34.193	62.616
223.306	144.139	30.583	57.713
232.546	140.959	28.724	53.134
225.097	142.145	29.152	49.349
229.899	140.888	27.068	49.755
225.228	140.691	26.478	49.797
224.147	145.159	25.557	48.690
228.156	140.898	26.071	48.609
232.029	140.555	28.165	52.432
228.803	142.106	28.391	49.069
226.440	141.945	27.395	50.627
219.852	141.818	28.013	49.416
229.706	140.014	26.613	53.543
222.418	142.090	27.503	48.337
231.650	140.384	26.156	53.475
237.050	141.388	30.625	52.104
231.589	142.505	29.400	54.177
240.005	140.487	30.326	55.368
234.266	141.620	31.077	53.936
224.086	142.047	31.248	54.708
230.393	139.610	31.601	58.534
236.560	139.799	33.193	60.296
