297.000	238.000	37.000	109.000
294.915	237.415	36.256	111.092
292.818	236.268	38.149	108.986
290.773	235.454	39.360	106.981
288.716	234.667	40.634	107.802
288.492	235.009	41.647	104.385
289.945	233.834	40.917	105.811
292.306	232.835	39.052	107.897
271.732	233.093	38.542	104.170
224.520	234.477	39.998	101.935
187.985	235.691	38.898	101.304
150.522	232.773	39.380	102.330
142.645	231.671	39.755	105.228
138.678	232.002	42.493	103.677
138.236	230.113	43.793	103.371
138.645	229.746	42.991	104.499
141.158	226.955	38.796	102.777
141.502	226.274	35.380	104.654
139.407	226.693	35.761	104.752
137.296	227.078	36.046	103.285
134.605	226.014	36.279	103.481
129.858	225.304	39.265	104.660
126.378	225.042	40.333	102.960
123.643	224.942	39.902	101.161
122.140	224.631	38.949	103.253
122.587	222.864	37.684	104.072
122.914	221.911	36.536	103.028
122.652	221.378	35.291	101.753
119.518	221.562	35.517	102.606
114.885	222.236	36.440	101.119
111.935	221.026	36.685	101.072
106.759	220.505	37.802	99.827
101.416	220.028	39.210	100.873
98.957	220.131	39.629	99.061
98.131	219.664	38.989	98.935
98.336	218.715	37.065	100.063
98.445	217.597	35.943	98.985
96.981	216.998	32.916	99.362
93.571	217.293	33.337	100.273
90.164	217.810	33.733	98.955
88.139	216.022	33.421	99.930
80.922	215.613	36.184	99.577
74.780	215.454	39.010	101.381
70.575	216.311	41.013	97.270
70.456	215.446	38.063	97.547
71.054	213.657	34.196	98.053
69.609	212.988	31.021	100.041
65.584	213.137	31.672	100.612
57.717	213.954	37.156	98.399
54.309	213.446	38.873	98.243
47.807	212.567	35.021	98.411
56.287	212.027	36.726	100.138
83.641	211.911	38.828	100.444
125.871	210.837	37.571	98.974
146.982	208.180	34.872	104.309
188.165	207.889	37.754	98.917
185.488	208.971	56.113	95.982
212.469	194.002	28.409	118.621
234.618	228.737	46.299	106.062
225.272	211.910	40.514	90.353
210.432	207.923	52.020	95.347
226.681	213.969	38.076	88.247
220.791	209.541	38.428	90.992
211.039	193.538	41.767	99.436
210.060	206.395	36.240	97.564
205.126	203.374	37.760	99.668
210.106	206.695	34.339	95.196
208.760	210.359	35.542	90.733
199.449	207.499	36.605	89.855
209.273	207.109	42.176	97.789
221.410	208.506	33.441	94.688
217.621	203.315	35.940	96.551
210.610	199.000	41.787	92.835
214.973	205.380	38.776	101.681
213.954	205.004	37.973	100.446
220.574	209.853	33.019	96.152
222.783	210.524	37.324	91.213
231.015	206.970	35.247	104.855
214.904	212.474	43.484	99.269
216.907	200.730	40.789	99.884
182.692	176.654	57.683	109.651
196.796	210.399	36.268	108.924
205.418	194.698	54.536	98.583
220.510	182.316	59.359	102.552
262.234	183.406	39.789	116.662
272.160	173.166	59.690	116.319
304.892	330.454	53.486	55.655
308.400	337.767	34.432	87.894
310.319	321.250	38.266	93.920
303.607	305.281	50.250	100.405
305.960	317.549	51.693	121.861
301.462	316.917	48.688	106.411
298.862	287.677	55.867	116.636
298.164	200.754	52.141	137.016
290.803	183.341	46.290	92.729
285.803	190.118	35.375	81.064
283.544	189.152	30.034	84.320
294.267	188.992	36.754	79.747
267.953	190.853	32.529	79.343
267.519	187.880	32.277	84.863
262.445	186.578	38.434	81.842
254.982	188.225	44.655	84.087
181.904	187.718	42.002	77.996
202.129	189.943	39.034	78.523
207.293	185.229	43.488	86.305
220.498	188.011	46.933	82.070
253.830	158.716	35.933	106.270
275.557	172.198	41.909	94.977
268.776	181.971	47.467	86.545
266.056	183.104	44.421	84.657
252.793	181.029	45.250	90.213
243.596	182.254	49.550	89.986
214.228	185.361	49.703	79.739
184.527	187.476	30.945	71.405
181.072	190.622	27.834	65.677
174.915	189.250	28.343	70.305
