623.000	291.000	96.000	72.000
621.947	296.422	93.807	69.492
619.127	299.700	92.864	69.814
613.549	302.642	94.811	70.041
608.771	303.758	97.750	71.117
603.693	303.470	101.397	69.731
599.178	301.479	104.529	64.791
591.630	299.513	108.768	57.306
584.164	298.432	111.447	48.317
579.322	296.356	112.948	41.534
572.959	292.158	115.477	38.039
567.246	286.898	118.278	37.836
554.796	280.506	124.407	38.694
573.298	269.568	91.724	38.594
544.389	259.297	110.710	42.359
534.610	247.112	111.060	46.212
528.318	234.728	114.208	55.879
499.686	228.166	123.454	59.360
492.665	227.449	114.799	59.887
483.935	227.290	113.378	59.774
466.612	229.055	119.798	59.894
454.217	240.532	115.643	57.274
429.713	253.836	117.441	51.142
420.684	259.934	105.918	57.857
408.717	264.893	106.624	62.497
386.493	288.694	88.084	96.710
384.458	272.058	109.965	84.364
363.296	255.098	153.071	147.774
368.923	256.136	130.300	89.748
353.908	260.236	129.503	76.051
352.967	260.009	129.479	73.426
356.929	255.457	138.160	73.898
361.772	274.712	131.335	49.750
423.953	260.544	78.761	80.522
383.574	248.739	107.604	68.819
391.678	225.107	101.228	86.691
415.509	219.114	87.309	85.100
424.986	217.727	88.155	88.640
435.104	220.523	100.220	87.077
429.462	234.400	121.194	89.314
448.580	216.961	111.869	93.796
450.836	218.373	112.037	91.548
452.682	218.962	112.062	91.771
452.219	219.573	114.010	92.343
448.913	218.407	116.354	93.978
442.711	217.817	117.856	92.833
439.970	219.100	115.455	86.853
438.949	226.253	111.849	74.755
440.346	229.086	107.873	71.050
439.670	240.006	106.461	60.047
444.231	253.935	94.592	49.106
440.674	255.819	90.437	48.426
426.050	257.552	99.455	51.673
405.888	259.688	112.166	54.055
388.522	257.003	129.360	58.588
383.343	260.757	118.077	54.807
372.653	268.144	119.074	47.530
374.586	265.762	116.492	62.210
392.280	262.254	101.896	72.557
406.326	259.398	91.086	78.673
412.414	257.375	96.112	78.844
421.168	251.950	98.170	86.199
425.217	247.276	100.374	83.393
430.184	242.965	94.400	86.222
430.534	238.932	94.748	85.921
425.563	234.041	101.438	85.025
413.843	229.216	114.096	78.510
408.861	224.006	119.877	73.921
408.598	217.382	118.664	72.165
410.140	209.754	117.736	74.621
411.207	203.573	117.556	74.501
410.312	199.180	121.803	78.382
410.703	198.184	124.343	84.582
410.416	198.741	126.034	91.632
413.599	200.702	122.205	94.500
414.442	204.923	122.065	93.705
410.104	209.360	124.643	92.187
408.186	210.516	124.889	95.729
404.822	211.736	128.060	98.027
402.366	211.563	129.642	99.170
400.657	210.551	130.379	100.974
398.524	210.220	131.480	100.797
395.950	209.994	132.004	98.147
392.744	209.699	132.004	96.618
391.416	206.292	129.580	102.233
387.398	205.505	136.722	121.481
387.774	204.769	150.840	139.198
386.617	203.798	160.460	143.262
385.565	201.672	163.293	144.729
385.192	199.767	163.941	144.893
386.780	198.182	160.360	146.552
387.137	196.802	155.359	146.078
385.315	197.126	156.867	141.240
384.420	196.791	158.279	139.861
383.860	195.695	152.082	143.936
384.234	195.946	142.225	145.369
389.064	188.890	127.316	152.742
394.677	187.444	119.472	153.014
396.576	186.398	115.411	152.632
396.865	186.103	106.802	153.246
395.187	187.473	103.304	151.101
394.037	188.181	108.833	149.489
396.146	187.892	115.671	149.825
399.166	190.339	122.635	146.969
400.459	192.209	123.983	145.517
402.295	192.670	121.225	143.815
402.934	193.440	117.694	143.109
404.625	194.661	109.988	143.520
404.551	197.315	107.887	140.915
405.754	199.583	104.129	138.388
405.327	202.232	101.597	135.121
404.905	203.995	100.525	131.882
404.767	204.137	97.438	131.598
405.695	205.355	95.585	129.827
405.318	206.149	94.361	129.170
406.224	206.232	92.304	130.539
405.147	205.347	94.145	131.244
403.408	203.456	95.008	133.096
400.772	201.924	96.947	133.583
399.071	198.968	99.032	134.946
391.794	196.130	108.047	136.855
386.136	192.188	114.130	140.408
382.232	190.484	119.184	140.923
377.848	187.225	123.328	143.326
373.798	186.139	127.624	142.611
371.952	184.616	129.155	145.002
370.260	184.427	132.595	144.854
368.483	184.618	134.744	143.871
367.969	184.519	137.556	144.585
369.108	185.224	138.921	143.585
369.779	186.447	139.743	142.781
370.707	186.605	140.948	142.521
372.895	186.550	140.301	143.039
374.253	186.802	139.990	142.470
377.334	185.341	138.036	144.815
379.505	184.740	137.082	145.699
383.826	183.986	134.602	147.505
390.728	183.872	129.151	150.065
401.123	184.275	119.843	152.660
407.589	194.315	113.645	144.668
419.662	195.473	104.756	144.823
434.466	202.766	104.491	139.949
452.278	210.680	100.593	133.287
470.175	201.584	92.657	142.204
492.774	196.294	76.392	139.467
506.334	191.569	74.019	141.069
513.890	188.015	83.187	136.029
513.554	189.696	105.351	127.299
512.713	196.009	127.641	114.823
519.134	201.740	135.872	99.576
509.597	214.727	152.461	84.187
513.457	226.657	152.943	70.932
528.844	241.171	142.809	67.047
527.249	262.426	144.080	56.390
505.806	270.501	154.424	67.593
516.273	282.329	155.288	63.353
510.499	287.201	151.531	52.245
523.127	278.128	132.438	62.235
524.730	273.406	113.110	67.739
522.778	270.057	96.748	71.027
528.310	271.449	90.762	75.597
526.653	274.915	91.835	73.099
525.809	283.707	92.783	66.780
528.156	283.203	89.881	69.311
529.684	278.225	88.144	74.527
529.092	274.799	90.441	74.759
528.718	272.441	92.611	73.950
529.850	270.139	91.709	76.208
528.126	269.342	94.257	78.852
528.276	268.227	95.835	79.201
527.424	266.288	98.490	82.481
527.758	265.192	99.443	84.820
528.745	264.174	99.381	86.597
525.923	263.889	101.340	87.180
525.069	263.453	102.356	89.173
524.161	263.621	102.654	90.852
522.404	264.490	102.215	89.890
523.841	268.313	97.926	86.334
522.848	271.117	95.496	83.037
523.443	272.193	91.431	82.733
524.424	271.916	88.515	82.833
526.006	272.128	82.966	82.162
525.960	270.232	83.333	83.833
526.060	271.013	83.069	82.593
526.137	270.524	82.964	83.185
525.537	270.824	82.105	83.050
523.752	267.514	82.859	85.593
515.366	257.762	82.697	87.845
510.893	248.063	94.208	89.891
496.622	236.837	102.143	90.677
487.689	224.095	102.121	95.199
472.078	204.005	104.482	109.489
471.158	201.098	85.739	105.096
466.404	191.078	74.394	111.383
460.597	186.661	68.835	110.767
465.148	185.340	54.590	111.873
462.268	185.718	52.544	109.897
454.780	183.831	55.105	110.924
445.750	168.187	58.726	119.159
443.332	162.257	57.478	122.195
432.896	166.610	67.090	123.279
420.572	169.792	77.446	126.609
412.543	168.079	90.046	130.913
403.938	176.695	122.952	126.195
403.197	168.916	117.851	148.173
402.709	165.136	111.735	170.394
414.923	163.292	105.586	176.336
427.315	167.827	94.641	173.037
443.930	173.208	77.732	149.414
443.562	167.267	93.477	108.106
432.511	166.398	106.949	161.857
418.342	171.461	119.000	174.791
410.737	173.339	134.002	169.101
402.766	174.706	143.190	167.217
399.884	173.832	146.118	166.367
398.800	170.317	147.034	167.482
398.882	170.308	146.706	166.510
403.362	171.395	138.486	157.953
407.993	166.006	132.080	162.966
411.157	160.501	128.522	166.598
420.596	157.585	120.353	165.346
421.199	149.518	117.853	170.208
426.270	150.048	110.637	171.631
425.732	143.683	105.788	179.074
425.906	148.266	101.329	177.340
428.456	148.775	92.064	176.864
422.425	138.786	104.547	127.717
429.622	158.370	95.846	160.052
428.626	159.376	93.106	163.070
448.583	167.296	72.733	159.949
461.878	180.312	65.915	141.794
422.449	162.381	102.207	119.496
406.507	147.519	103.662	74.691
408.529	148.713	117.815	107.714
456.897	187.749	96.312	137.197
451.044	174.307	104.678	150.570
449.116	180.127	106.417	141.905
449.335	182.213	105.987	142.131
446.959	177.348	110.995	150.016
441.092	177.676	112.504	151.186
439.349	172.076	113.463	153.155
436.938	176.309	114.406	154.496
432.479	175.311	113.693	152.226
424.922	174.994	116.394	148.454
419.518	169.703	118.195	152.035
391.898	152.822	129.118	165.683
426.531	165.834	104.294	164.317
391.888	148.545	125.910	172.409
374.935	161.875	138.612	157.874
415.512	151.977	101.525	172.607
428.615	171.446	89.811	157.355
425.132	180.556	89.405	146.377
431.670	200.174	83.270	132.546
434.845	202.778	78.914	132.446
427.201	176.024	86.596	159.893
445.136	185.427	72.878	156.456
423.644	170.322	104.083	139.087
429.684	187.698	102.984	139.710
446.124	182.877	96.221	141.120
468.511	208.172	86.898	149.767
449.371	182.337	115.574	145.946
489.061	191.174	91.104	152.341
494.404	188.804	96.141	154.874
498.363	191.202	100.421	180.827
506.916	202.676	102.126	174.563
515.376	211.388	102.420	167.857
520.455	226.904	107.932	157.558
527.470	239.407	112.580	152.517
530.912	236.821	114.693	156.084
533.721	237.322	119.443	154.703
535.848	233.298	123.225	161.199
538.529	232.690	127.471	161.098
545.140	237.883	126.535	149.862
547.849	249.273	125.754	135.285
553.509	252.046	119.705	128.455
560.216	254.447	113.433	122.122
563.911	254.848	109.153	118.504
565.573	260.628	111.794	108.559
567.491	264.306	114.031	99.432
568.458	265.420	120.968	95.370
571.425	270.830	117.118	90.110
574.441	276.122	105.282	84.893
580.669	280.810	100.542	76.334
581.898	285.104	100.581	72.798
582.327	286.400	102.931	69.943
583.782	286.556	103.423	69.355
584.643	284.270	107.372	72.118
587.909	282.920	103.584	73.533
591.086	281.574	104.593	73.756
593.179	280.433	100.829	72.816
592.897	281.030	102.893	74.675
593.584	279.526	103.325	75.654
595.308	277.400	116.353	76.927
590.018	275.215	112.216	79.636
593.631	274.392	110.538	80.801
588.339	273.482	111.262	79.766
589.741	275.101	116.731	77.787
600.944	280.792	124.884	73.628
591.326	277.884	130.776	76.186
599.633	273.585	123.832	82.281
596.875	274.000	125.093	80.991
607.348	290.975	116.095	63.971
612.936	290.702	109.431	59.851
608.770	283.918	113.716	65.892
600.599	275.060	118.030	74.686
597.508	274.429	115.737	75.927
589.986	274.900	121.160	74.791
583.097	276.153	125.414	72.414
581.224	275.167	127.316	74.111
578.393	274.323	128.247	75.470
579.297	273.207	126.002	78.037
581.325	273.397	122.437	77.450
582.251	273.497	120.231	77.282
589.430	272.595	111.496	76.432
590.912	272.623	109.625	78.689
590.139	271.822	106.599	79.225
581.970	270.825	111.817	80.621
586.144	270.491	107.307	80.779
589.259	270.069	99.194	80.763
590.738	269.948	94.100	81.920
595.086	270.224	88.435	81.679
601.247	270.312	80.910	81.695
604.004	269.563	77.087	82.181
598.675	269.953	82.074	81.202
593.736	269.594	86.561	80.773
586.859	269.497	92.526	83.281
615.348	270.976	99.410	87.908
603.803	269.133	82.079	89.321
602.535	270.217	90.038	85.766
599.020	270.992	89.962	84.506
585.724	270.249	103.724	84.063
573.519	270.028	117.004	83.795
564.844	270.107	128.280	84.895
556.901	270.165	137.560	85.808
552.859	269.724	140.492	89.057
557.340	269.448	137.467	93.777
557.713	269.926	140.325	97.783
556.869	269.551	142.551	99.909
558.492	270.921	142.329	106.489
562.152	269.903	139.583	111.772
573.753	270.258	130.846	91.870
588.370	270.697	139.325	103.044
580.243	270.018	130.089	84.978
583.332	269.481	129.034	87.456
577.121	269.537	138.018	85.240
569.648	270.373	145.264	84.265
572.910	271.078	145.016	81.698
575.221	271.226	141.576	80.446
582.304	271.354	139.008	87.691
589.459	272.650	134.192	85.998
594.190	274.304	127.656	83.589
607.032	274.770	117.378	82.328
613.696	275.699	113.003	79.437
617.820	276.500	111.665	73.738
618.953	278.313	105.893	72.796
621.683	279.488	108.669	71.283
628.144	280.740	106.943	69.146
631.853	279.697	106.708	71.550
637.949	280.923	107.604	71.495
637.228	281.930	102.347	69.949
638.818	281.962	100.886	70.937
638.090	281.429	100.866	71.776
641.118	283.603	97.036	70.833
637.338	280.210	100.468	75.243
634.954	282.117	99.691	73.973
632.407	282.289	101.952	67.115
636.102	280.211	102.229	70.169
632.788	280.599	100.357	67.606
635.032	278.188	102.714	68.731
628.051	272.185	107.790	73.619
622.675	268.080	117.209	74.368
617.474	262.062	121.982	80.641
596.193	258.269	130.121	102.305
596.075	243.207	143.894	83.534
589.077	235.099	147.755	84.678
579.231	225.827	149.767	89.902
559.357	221.177	144.539	109.747
504.120	243.316	173.177	117.752
495.392	232.458	117.959	118.953
520.872	225.137	80.999	115.424
578.343	209.738	145.666	81.415
579.741	211.541	149.483	79.429
577.207	209.113	151.349	83.777
575.554	209.758	148.225	91.454
573.801	209.894	143.401	94.373
575.384	209.171	134.185	99.337
572.811	208.879	128.539	104.715
555.752	206.558	123.473	102.193
573.037	203.747	119.828	116.434
576.225	201.752	117.023	120.719
572.892	199.443	122.337	122.295
549.193	194.416	121.136	141.332
568.330	194.372	126.638	121.680
566.792	193.333	121.419	124.965
561.800	195.580	126.964	131.559
558.192	205.435	133.251	131.729
555.713	218.447	142.829	124.032
560.052	218.997	142.015	143.436
571.588	220.012	133.290	174.295
581.452	216.136	131.099	185.385
584.924	211.616	132.484	168.249
587.296	201.639	129.774	159.416
595.030	199.177	130.479	164.580
627.678	332.622	115.008	117.919
634.612	332.334	114.530	105.241
647.596	329.689	111.371	98.865
648.980	327.745	115.743	89.543
646.086	327.028	117.899	87.069
643.910	322.039	120.956	92.482
646.074	317.847	118.125	99.778
642.621	312.155	117.041	109.783
638.628	313.376	114.785	110.476
630.462	311.512	110.530	111.439
619.094	308.828	110.379	109.672
604.854	308.486	107.269	102.809
597.028	308.545	101.647	97.042
592.202	305.913	90.640	103.463
587.325	303.971	77.745	102.062
581.422	302.904	70.179	103.047
574.981	302.345	69.036	101.399
573.020	299.434	69.183	103.165
571.270	299.745	69.276	101.914
578.655	301.733	62.842	97.974
575.252	300.133	72.855	100.789
574.487	300.541	84.115	98.918
576.335	302.346	94.044	98.827
585.981	301.825	89.274	101.222
593.464	301.603	86.156	101.141
603.748	300.825	85.539	101.392
609.940	293.677	83.720	105.176
608.023	290.555	92.297	98.734
608.047	289.835	102.758	104.018
602.450	282.206	114.218	110.363
601.963	270.303	118.667	111.014
597.462	252.302	117.265	116.804
589.672	242.851	120.973	115.247
578.491	229.723	118.452	111.035
576.302	212.215	96.263	116.838
529.524	182.202	115.213	130.729
525.335	171.066	100.003	124.337
554.851	143.075	133.614	96.044
477.371	183.466	106.765	83.715
467.750	192.625	132.976	55.782
490.048	200.523	194.865	52.597
532.126	167.023	177.839	95.229
496.607	176.509	209.449	102.852
497.091	188.579	209.344	100.529
494.614	213.652	214.026	98.149
510.902	204.491	196.111	110.612
533.141	207.370	177.763	105.400
556.449	208.748	150.765	97.415
558.785	211.830	151.941	87.771
540.429	228.317	155.045	100.029
517.888	241.495	135.205	97.400
486.208	259.309	91.075	104.069
557.179	215.596	160.648	75.099
570.659	210.151	151.164	78.380
579.538	214.026	148.092	79.340
506.977	241.703	162.155	73.386
522.354	242.352	166.760	71.898
511.369	221.519	186.106	90.303
494.291	216.592	218.373	101.310
496.546	214.278	220.462	107.312
480.794	221.199	227.463	98.941
473.141	228.227	235.937	74.547
486.030	227.945	221.976	79.783
511.441	222.179	203.422	84.346
501.058	218.365	212.828	95.643
560.529	209.836	161.641	100.452
553.264	228.886	151.069	80.254
566.631	224.462	151.838	85.005
532.957	231.785	167.779	78.131
567.021	214.763	158.716	91.708
548.421	241.881	167.571	72.211
523.201	245.139	170.658	72.626
545.863	240.203	140.767	83.360
549.892	241.811	119.197	84.560
564.272	248.624	98.698	75.643
577.158	232.686	99.048	88.765
578.400	251.396	108.745	77.127
559.624	267.409	98.495	62.344
601.848	230.464	97.644	97.891
606.909	215.591	103.867	112.554
594.235	232.569	90.164	94.083
594.090	236.900	84.681	91.552
594.504	222.797	94.390	105.898
608.560	220.185	91.140	103.391
606.254	218.440	83.670	106.494
585.653	218.576	103.660	102.365
593.303	212.274	103.705	107.713
573.875	219.997	104.260	100.839
572.544	235.814	110.165	85.107
565.068	254.704	104.514	64.817
585.369	217.829	105.062	102.722
596.436	206.112	103.069	113.553
599.627	220.229	97.891	99.739
589.972	220.953	101.697	101.667
600.031	216.247	96.167	105.986
574.198	236.157	114.915	92.883
575.281	252.179	100.587	81.744
574.514	247.349	87.373	84.382
572.571	266.293	87.282	67.265
575.143	262.009	83.102	73.919
584.790	260.876	79.514	74.531
595.371	253.748	82.174	80.539
602.907	245.616	89.740	88.502
598.835	242.761	96.531	91.478
596.137	234.195	107.392	101.570
608.050	228.646	113.939	113.188
612.690	228.632	114.035	117.635
619.055	228.631	114.949	124.722
619.427	228.439	114.147	137.132
605.756	235.169	115.919	143.580
600.140	240.640	126.132	141.316
607.266	232.094	118.671	144.966
620.072	230.575	116.879	144.294
624.772	229.668	106.575	154.921
624.820	233.438	96.572	158.795
631.829	238.113	79.284	157.310
631.997	231.049	84.092	166.724
632.304	271.229	70.494	127.308
627.189	278.697	71.111	121.869
621.751	284.903	74.939	114.292
634.585	218.685	80.851	94.979
616.839	290.154	74.794	109.402
618.927	289.784	80.884	108.303
619.700	290.669	77.952	102.640
621.317	285.247	79.364	106.151
624.895	278.732	76.985	106.931
636.546	211.047	84.280	106.189
638.961	208.997	76.368	131.930
635.280	247.699	73.181	124.124
632.406	275.451	95.817	106.083
631.421	257.072	77.422	112.486
618.670	258.780	86.061	103.575
601.161	281.615	95.523	71.298
592.242	282.308	98.484	58.123
591.593	269.921	90.495	59.897
586.688	257.315	88.958	62.716
588.371	213.983	123.442	86.967
589.646	209.341	154.346	89.853
575.865	212.154	172.938	85.979
578.247	211.261	170.620	86.891
578.149	211.733	176.304	85.520
578.769	218.612	167.935	79.216
582.760	225.371	164.274	73.042
585.857	223.019	162.054	75.808
585.255	229.212	162.576	72.417
586.136	214.504	172.430	83.625
585.342	230.627	162.280	71.132
587.845	218.601	174.287	79.586
593.694	221.037	171.471	78.313
595.717	223.715	169.346	71.962
600.113	227.686	164.176	66.565
611.855	230.969	149.510	65.346
620.704	234.904	145.129	64.617
619.704	239.711	147.897	60.812
621.729	242.983	142.100	58.501
623.636	245.199	140.007	57.374
624.661	247.669	137.866	60.395
626.602	250.133	125.982	63.063
623.556	249.008	133.194	64.635
626.912	249.090	128.080	61.624
624.161	248.862	130.983	65.310
620.149	248.075	135.242	68.476
619.881	247.270	134.070	64.296
619.424	246.010	134.065	63.219
627.762	244.763	129.352	58.625
628.155	245.450	119.842	75.738
629.900	243.892	129.238	67.531
630.096	243.919	125.607	66.247
623.818	243.800	135.223	65.194
617.411	245.232	144.666	58.765
610.822	245.547	154.310	58.021
620.230	249.269	142.533	57.582
617.664	250.392	143.982	54.089
619.931	252.524	149.811	50.495
612.811	254.331	152.671	52.092
625.276	254.561	143.898	50.417
618.506	257.662	146.535	54.466
623.963	260.425	146.182	53.722
622.208	260.522	147.190	54.544
621.593	261.832	146.932	53.522
622.787	262.855	142.728	52.656
622.118	262.011	144.964	53.756
624.919	262.309	142.789	53.156
625.098	261.951	147.303	53.045
621.435	260.969	153.323	54.127
617.036	260.258	159.751	54.639
618.854	260.807	160.632	53.208
612.786	260.420	168.109	53.051
618.084	256.733	164.876	57.444
616.873	254.195	156.160	61.064
626.915	248.561	148.403	69.745
624.421	246.847	149.649	67.328
630.601	244.100	150.269	60.180
630.991	243.065	151.026	57.998
637.003	242.516	149.909	58.759
635.345	241.537	149.871	59.495
639.112	240.428	149.247	60.144
638.912	239.582	146.682	59.900
637.771	239.554	150.523	58.930
636.390	240.043	151.094	58.434
