785.000	332.000	58.000	104.000
767.506	327.327	56.882	106.033
750.849	323.948	55.508	106.484
732.934	324.397	56.637	104.512
717.000	324.324	57.710	99.978
701.095	322.406	52.541	101.396
683.644	319.162	51.801	103.562
666.774	317.845	52.823	102.686
650.600	318.534	50.574	102.029
634.214	317.524	51.764	103.138
619.368	316.785	51.282	102.215
603.912	315.219	51.094	102.640
587.944	312.579	51.884	103.391
572.985	310.324	54.215	104.054
560.365	308.959	53.948	102.346
549.967	306.170	52.768	101.088
540.211	304.513	56.213	100.225
535.484	303.487	54.865	100.646
532.854	302.113	53.101	100.283
532.288	299.314	51.356	100.135
528.477	300.075	52.450	100.146
525.783	297.697	50.062	100.802
520.369	297.757	50.502	100.294
515.009	297.376	50.815	100.256
510.311	298.387	49.559	97.434
504.955	298.985	50.308	97.241
496.400	300.269	51.129	95.621
487.927	300.865	49.593	96.042
480.190	301.670	51.557	96.905
478.471	300.372	49.768	97.269
475.285	301.736	48.290	95.672
470.045	301.457	49.162	96.540
463.648	303.417	49.212	93.817
459.744	303.163	48.887	93.401
455.666	303.998	49.496	94.845
454.294	302.352	49.268	96.289
452.963	303.202	49.678	95.390
451.059	303.541	51.160	96.286
449.588	303.749	50.968	95.871
450.228	303.588	49.973	96.548
449.467	305.164	50.271	95.167
449.517	303.957	49.517	96.856
449.078	306.132	49.315	95.929
375.129	300.474	51.959	102.341
374.037	301.002	59.868	102.012
376.250	300.960	56.748	102.401
371.900	304.526	57.872	99.623
372.243	300.039	56.416	99.701
368.593	303.916	56.047	99.107
367.589	299.953	55.300	101.612
366.630	300.593	54.594	100.852
365.762	297.990	56.735	103.341
366.170	302.504	54.874	96.905
366.444	299.690	60.075	99.561
366.317	302.884	56.697	97.306
366.914	300.670	56.017	96.194
364.420	299.164	57.883	100.975
365.550	299.665	56.743	98.230
366.416	298.786	52.932	102.941
365.819	298.792	56.029	102.070
367.231	297.066	56.704	104.094
368.071	294.674	57.168	100.333
368.579	299.846	53.855	98.076
372.162	298.841	56.681	97.523
369.627	298.197	57.359	96.201
371.624	300.579	57.626	96.473
374.324	300.458	57.516	95.374
376.956	299.674	55.903	96.527
379.748	300.298	56.438	95.538
381.942	301.420	55.538	93.647
384.942	300.737	55.778	94.602
388.364	303.523	56.375	94.824
391.315	301.800	52.927	95.286
392.814	300.231	54.249	95.659
393.119	303.282	51.983	93.085
394.781	301.976	52.657	93.336
396.147	302.433	51.685	92.084
398.346	303.515	52.250	93.218
397.195	305.128	52.590	90.569
401.221	308.026	52.819	89.346
404.867	308.011	52.391	89.682
408.228	308.363	51.397	87.737
409.776	308.709	51.316	88.369
411.698	308.841	51.994	88.391
409.959	307.140	53.980	90.725
413.358	308.279	54.347	88.712
413.236	307.852	56.300	89.387
416.378	306.636	53.834	91.099
416.409	308.117	57.376	88.417
419.912	307.586	57.467	91.113
420.222	305.093	58.326	92.439
421.720	304.441	55.132	90.530
421.886	308.402	55.396	87.744
420.694	309.778	55.631	87.097
419.694	310.179	55.147	86.501
421.197	308.118	52.806	88.606
420.494	308.111	53.074	88.588
421.788	307.129	51.215	88.154
419.559	307.045	52.968	87.533
421.657	306.067	51.354	87.894
419.466	305.155	52.705	88.388
421.771	304.959	51.780	88.488
420.472	305.001	52.756	88.805
421.992	304.684	52.379	89.268
424.169	306.126	52.818	87.019
423.239	305.477	54.156	87.921
429.474	307.950	51.165	83.553
432.128	308.140	52.505	83.549
436.715	307.627	51.632	85.422
440.661	307.893	51.673	85.026
442.934	309.000	51.713	84.820
441.560	309.348	52.925	84.668
444.730	309.588	51.906	83.776
439.764	309.771	53.000	83.532
444.346	311.366	50.964	81.724
443.223	312.034	49.955	81.827
436.642	310.325	52.969	83.945
437.412	310.153	54.344	83.269
431.035	306.019	57.772	87.344
429.506	305.688	57.696	88.829
428.433	305.554	56.829	85.496
426.865	306.773	54.687	85.900
427.694	305.859	54.271	85.956
427.350	305.319	51.763	85.825
426.393	305.344	51.604	83.619
426.227	304.037	50.729	83.249
429.035	301.580	48.746	84.281
429.549	302.235	48.914	82.887
430.261	301.500	47.531	83.263
432.686	304.151	44.704	80.682
434.598	305.560	47.256	79.877
437.204	304.952	44.419	79.695
438.705	304.678	44.587	80.017
436.545	305.165	45.683	76.747
428.154	302.373	52.292	75.019
429.161	307.507	53.361	72.619
434.169	311.598	50.310	69.782
438.105	310.877	50.408	72.267
441.565	312.162	50.895	71.598
444.288	312.296	51.222	72.264
451.703	311.540	47.076	75.097
455.569	311.516	46.511	75.632
459.044	314.113	44.181	73.651
460.484	314.536	43.317	73.499
462.271	312.016	42.647	77.296
464.408	310.409	44.034	78.612
465.697	311.939	46.712	79.212
466.550	313.142	48.629	79.395
469.518	315.663	47.842	74.565
476.528	314.043	45.702	68.731
478.357	315.231	48.316	73.907
485.223	313.244	58.657	71.671
484.682	312.406	55.264	71.352
495.450	314.340	53.523	69.929
505.097	315.021	49.095	71.652
513.836	315.937	43.778	68.051
519.309	316.817	38.494	68.102
524.006	315.467	39.439	70.148
531.055	318.278	42.725	67.964
537.657	320.870	47.857	65.525
548.509	323.222	30.427	63.179
549.006	320.852	40.533	67.879
483.647	311.964	43.497	85.695
485.031	313.806	47.650	79.860
487.722	315.187	46.570	77.912
491.812	318.037	43.134	75.194
494.815	318.731	43.431	74.708
496.518	317.405	42.516	76.445
498.870	319.786	43.361	74.262
499.567	318.960	44.554	74.353
501.301	318.474	47.255	74.074
502.470	317.837	44.166	73.533
503.076	318.526	44.216	72.517
504.009	315.601	43.933	74.991
501.739	315.331	44.470	74.018
501.970	314.740	42.623	74.404
500.823	314.080	42.070	75.745
498.742	314.150	44.063	74.539
498.175	315.047	43.782	75.186
497.147	313.001	45.513	75.311
498.803	315.980	44.134	74.058
497.574	314.900	43.723	75.371
499.709	315.704	43.646	73.649
503.734	316.492	44.127	71.316
532.022	319.177	43.598	66.791
532.230	317.655	42.360	66.293
528.701	319.360	43.117	63.732
528.137	320.216	40.085	62.794
529.712	321.193	38.818	61.121
530.535	320.879	37.296	60.170
528.865	322.720	37.446	58.482
525.792	322.270	38.762	59.034
526.658	322.909	36.047	58.181
525.276	323.284	36.487	57.504
521.888	322.527	37.895	58.709
519.009	320.058	39.739	61.130
512.094	318.493	45.986	66.129
509.995	321.302	44.385	65.354
502.893	317.946	47.481	65.555
492.487	317.650	50.595	67.307
495.759	307.943	23.258	84.142
492.820	315.679	42.673	75.109
487.830	315.007	46.734	75.597
482.619	312.835	49.931	80.369
489.967	311.218	49.413	82.375
488.598	306.331	54.998	85.233
475.190	312.541	53.999	82.612
484.112	312.538	50.486	82.518
480.272	311.980	52.657	81.446
484.247	311.085	47.642	83.292
476.789	309.295	53.722	84.828
482.911	311.494	48.404	84.985
477.893	310.038	52.172	85.598
484.636	310.953	47.183	85.904
483.215	312.647	52.665	83.095
480.867	313.299	50.061	82.298
484.223	312.073	47.311	84.131
480.758	313.305	50.996	81.300
480.319	315.318	52.749	78.933
481.929	315.145	51.864	79.420
481.354	316.565	49.794	78.195
481.267	316.516	49.814	77.575
482.590	315.721	49.971	77.848
480.392	319.366	49.434	75.285
490.289	320.496	50.189	72.824
487.355	320.392	47.056	72.520
483.258	323.744	48.802	69.267
492.388	322.325	53.871	70.733
488.564	321.839	51.487	71.665
483.688	321.843	49.491	71.752
478.402	322.120	49.034	71.585
480.870	321.115	48.786	72.250
479.238	314.909	47.684	78.404
493.064	322.681	56.694	69.196
496.000	320.924	60.908	72.383
514.132	322.705	53.083	69.188
518.443	323.245	43.706	66.187
502.783	321.348	53.513	64.848
494.527	318.282	63.484	69.642
474.344	312.541	60.374	75.852
468.622	313.603	57.821	77.636
461.837	313.589	60.115	78.968
458.611	311.322	57.371	79.893
450.375	309.485	55.360	79.949
459.043	305.822	53.041	81.796
461.548	307.576	51.428	80.715
463.398	307.246	50.611	81.780
464.419	308.197	49.739	81.149
440.449	307.196	55.594	80.880
429.742	306.744	57.191	80.727
433.741	304.631	52.222	82.580
434.485	306.242	47.691	79.214
434.660	301.558	50.181	86.005
433.306	300.941	47.641	85.406
429.849	298.258	50.544	85.734
427.533	305.931	49.150	79.593
428.989	302.561	47.392	77.804
427.359	303.592	47.243	80.186
424.439	303.522	48.868	80.194
426.720	300.175	48.785	84.369
413.400	304.201	51.814	78.089
401.078	306.215	55.640	73.732
400.882	305.815	49.088	69.796
422.125	305.301	46.567	78.644
395.991	305.411	64.119	71.594
412.318	306.724	55.734	72.101
406.634	311.132	56.663	69.827
415.944	304.296	53.696	70.912
419.775	306.683	50.174	69.573
421.812	307.839	46.534	72.193
418.879	304.150	45.251	72.503
420.790	303.352	43.377	74.928
418.065	301.441	45.426	73.900
418.880	300.852	44.119	75.548
420.323	301.481	43.193	79.183
420.565	301.574	49.130	84.554
422.339	297.739	48.995	88.068
423.163	297.578	50.953	87.415
424.023	295.892	51.173	88.088
424.473	295.967	50.522	85.681
431.863	306.059	52.709	80.952
439.482	300.951	47.482	80.571
441.845	305.880	50.608	77.580
437.204	304.845	50.705	79.793
437.032	305.955	52.339	77.406
432.985	307.344	52.144	71.132
441.215	308.652	50.969	78.547
549.010	310.883	47.503	81.094
560.845	314.164	53.437	80.883
540.553	312.154	56.095	80.307
549.691	316.462	51.625	81.176
549.568	317.948	51.432	78.341
552.622	321.280	48.009	76.018
554.311	316.723	49.494	75.774
565.747	318.531	33.080	79.079
567.489	323.816	39.667	72.036
555.152	320.846	40.235	70.925
547.772	322.429	43.978	72.483
517.889	315.850	44.097	77.827
515.537	316.199	40.761	76.220
511.238	316.664	40.518	75.542
512.363	316.001	39.594	75.376
509.069	317.147	45.430	74.261
509.993	316.338	46.410	75.229
511.987	316.109	47.758	75.540
515.932	316.124	51.597	75.151
520.483	316.446	48.932	76.241
522.731	317.600	49.530	74.845
525.600	318.147	50.236	75.122
527.059	318.751	49.549	75.135
527.146	318.591	45.240	75.531
528.029	319.239	42.861	76.067
526.589	320.358	44.505	76.374
523.055	319.754	47.167	75.872
518.318	320.625	51.966	75.696
516.434	321.374	52.607	75.104
514.221	320.953	52.561	75.823
513.253	320.499	53.042	76.646
512.223	320.522	51.920	76.442
511.025	321.531	51.326	75.226
509.798	320.993	49.267	75.017
508.750	320.549	46.977	74.623
508.338	320.300	44.331	74.092
505.437	320.174	44.575	73.745
502.174	319.949	46.561	73.693
499.125	320.167	48.440	73.722
497.546	319.454	50.372	75.823
497.107	320.167	48.446	74.832
498.538	321.299	47.920	73.489
502.589	321.397	45.706	74.073
487.073	320.825	50.709	74.083
488.947	320.605	49.736	74.702
490.548	320.837	47.960	74.188
491.528	321.758	44.412	73.441
517.325	322.975	48.323	74.046
504.939	323.589	44.009	71.767
494.868	322.623	48.910	72.076
511.239	322.677	42.513	76.668
511.966	325.503	41.247	74.206
503.870	326.422	44.919	73.163
489.225	326.387	46.714	72.072
487.920	325.880	45.840	73.397
487.277	326.195	47.132	73.972
506.563	327.582	47.118	71.567
494.290	325.153	51.370	75.692
479.221	324.230	47.911	77.457
470.614	319.015	42.884	84.045
474.495	324.929	45.431	78.180
477.717	325.784	42.201	77.281
477.551	327.413	42.395	77.953
471.297	324.916	43.871	80.931
458.304	325.787	44.519	77.366
457.456	327.565	44.827	75.385
456.852	330.411	44.089	76.022
467.251	330.441	37.405	78.594
474.540	339.387	41.787	77.949
464.382	349.819	43.743	76.770
454.827	355.128	41.584	78.211
447.410	356.552	41.188	77.049
444.829	355.548	40.757	78.128
452.600	349.676	46.609	78.324
446.502	341.283	52.944	81.199
438.524	331.755	46.726	82.821
426.623	325.678	45.094	83.545
449.088	325.697	38.413	78.374
444.409	325.929	40.479	76.178
434.686	326.223	45.425	76.098
434.547	324.645	43.620	77.968
416.872	322.202	48.482	78.798
432.861	321.788	49.577	79.518
434.023	321.548	49.322	80.493
430.901	323.410	48.349	79.567
423.648	320.613	47.122	81.996
420.687	320.260	43.789	81.460
419.220	314.810	43.006	85.780
419.145	312.973	44.697	85.192
421.045	307.919	47.520	83.894
423.411	307.400	45.052	79.728
424.419	306.335	44.721	77.972
426.650	309.783	41.370	76.938
425.417	309.660	40.771	78.054
424.969	308.928	39.755	79.451
421.271	309.442	42.225	78.875
413.817	308.405	47.794	78.604
411.904	303.790	49.740	82.105
410.689	301.329	52.194	83.635
411.884	300.721	51.933	82.924
413.279	300.112	52.214	83.749
414.200	300.123	50.563	83.052
412.656	300.021	50.355	81.564
406.756	297.694	49.532	78.659
402.891	297.017	53.189	74.899
401.221	290.854	52.637	77.312
402.317	290.218	46.456	75.994
401.623	289.292	46.248	76.605
407.565	287.923	47.129	77.662
404.529	286.526	46.277	78.787
404.011	285.867	42.238	79.804
400.682	286.941	44.502	78.366
397.347	288.126	42.393	77.803
392.720	287.447	42.948	79.922
392.476	290.554	44.418	74.541
385.728	293.296	48.215	70.511
362.277	299.909	45.333	59.952
353.364	297.856	40.437	60.181
355.988	302.457	44.599	57.540
367.694	306.009	25.261	53.260
357.273	309.688	39.402	46.041
391.123	302.706	37.008	61.516
390.098	298.295	39.587	65.810
378.535	300.515	44.281	65.350
367.008	306.333	42.486	57.582
356.639	308.775	41.700	56.563
359.075	307.456	37.610	58.100
384.974	300.112	37.210	66.128
389.899	297.628	42.829	68.560
380.562	297.248	51.852	68.591
390.843	297.276	47.984	69.477
378.663	297.084	43.972	72.267
385.380	296.156	40.854	72.976
380.341	298.968	44.960	70.243
388.602	297.896	40.889	72.771
382.454	300.760	46.492	69.366
389.489	300.145	43.720	70.702
384.042	299.598	44.288	70.308
376.900	297.996	49.053	71.311
378.267	298.777	50.552	70.372
348.633	296.920	45.865	69.141
351.466	297.862	44.032	69.202
349.375	297.679	44.221	67.029
349.703	297.896	41.939	67.200
347.482	298.053	41.732	65.952
346.270	297.113	40.289	65.337
349.124	296.657	44.775	65.208
344.822	294.951	43.428	66.730
345.745	293.724	41.426	65.154
348.627	294.368	38.002	65.023
349.294	293.288	37.768	66.378
347.359	294.163	39.253	65.447
345.512	294.792	40.810	65.623
339.159	298.464	41.409	69.029
336.995	300.241	43.642	67.225
334.887	300.508	45.721	66.988
332.047	301.135	48.226	66.768
330.134	301.978	49.620	66.257
327.615	300.661	50.878	68.441
328.193	299.717	48.311	69.338
328.626	299.881	45.515	68.113
323.839	300.356	44.789	66.576
324.441	299.233	41.627	68.279
325.035	298.489	37.851	67.589
310.398	298.440	41.813	64.295
312.237	298.082	43.004	65.919
311.666	297.212	42.105	65.190
310.164	296.966	39.700	65.640
305.463	296.427	40.256	66.531
304.537	295.552	49.903	67.939
296.498	296.398	44.167	66.965
293.055	297.275	45.040	64.289
288.938	296.552	45.231	65.853
283.752	295.880	44.780	65.827
279.727	296.096	41.849	65.567
276.616	295.351	40.514	66.114
279.032	294.069	47.424	65.735
270.329	292.165	36.868	68.582
266.243	293.326	37.136	67.445
263.073	293.257	37.190	66.302
295.815	299.632	34.485	58.531
294.370	298.162	35.142	60.110
271.489	289.326	58.163	72.548
242.328	288.217	44.058	69.663
238.783	289.876	41.913	68.017
234.223	289.213	42.893	67.886
232.018	288.821	43.336	67.808
229.018	287.904	42.319	67.965
226.288	287.050	43.685	68.364
223.956	285.990	42.942	68.768
223.527	286.071	39.235	67.310
220.991	286.290	41.938	66.662
218.424	285.169	40.941	67.809
218.520	286.039	39.180	65.718
216.545	285.320	39.441	66.822
215.311	285.202	40.411	66.684
215.145	284.148	39.209	68.052
214.099	284.407	38.751	67.747
214.282	284.724	38.053	67.414
213.524	285.041	38.881	66.872
214.519	284.474	37.324	67.399
214.379	283.984	38.202	68.335
214.598	285.210	37.593	67.548
214.181	285.193	37.920	67.498
214.096	284.289	38.076	69.003
213.119	284.310	39.435	69.111
213.232	284.660	39.437	68.208
213.390	284.749	39.257	67.969
212.881	284.857	39.529	68.397
213.694	283.997	38.070	68.999
212.908	285.132	39.297	68.079
212.380	285.375	37.568	67.367
210.686	285.097	38.146	68.673
208.403	284.125	39.384	68.810
205.361	284.370	40.502	68.540
188.927	278.758	54.830	71.162
197.082	281.257	43.503	71.152
193.006	281.522	44.715	70.272
188.320	281.105	46.397	70.626
182.790	281.553	48.351	69.968
177.131	280.981	47.323	69.750
175.822	276.433	59.904	74.332
166.008	278.195	47.279	71.444
164.979	278.435	45.098	70.841
163.765	278.412	41.413	69.623
161.749	277.172	38.986	70.330
158.691	277.707	39.006	68.956
160.528	276.603	34.321	68.844
161.022	275.929	34.166	69.674
160.494	275.654	33.431	69.644
159.714	274.439	35.202	69.821
159.378	274.007	37.394	69.160
144.554	273.330	53.234	70.372
158.060	274.876	44.756	67.139
159.679	274.584	45.325	68.210
167.234	273.311	50.466	69.268
162.352	275.249	47.707	67.414
166.885	276.450	47.275	66.609
170.825	275.093	44.679	68.035
177.304	276.490	44.537	66.643
185.243	275.185	42.677	68.845
191.287	275.266	38.916	69.864
196.204	275.004	38.629	69.851
201.110	275.985	37.367	69.740
204.068	277.571	37.852	68.205
207.085	279.758	37.883	66.780
209.524	278.326	41.394	68.550
210.127	278.312	46.288	69.162
211.433	279.262	47.561	68.541
213.666	279.525	47.439	69.267
215.420	279.318	47.865	69.346
219.071	279.714	46.623	68.886
222.653	279.264	44.940	69.404
225.424	279.895	43.229	69.328
228.081	279.760	41.986	69.505
231.039	279.738	42.015	69.006
230.815	279.642	45.487	69.027
233.002	280.325	46.321	68.345
240.589	280.214	43.691	69.662
240.269	281.436	46.390	68.265
241.545	281.817	49.549	68.023
245.219	282.779	49.118	67.106
248.622	282.525	48.598	67.792
253.827	283.345	44.723	67.806
259.034	282.702	41.516	68.908
263.622	282.657	39.825	69.259
269.756	282.970	36.409	68.763
272.391	283.692	37.151	67.986
275.813	282.969	36.811	68.627
278.700	283.018	37.014	67.691
281.001	283.479	37.843	69.112
283.333	283.387	40.367	70.094
285.992	283.621	42.789	69.283
287.849	283.760	45.693	69.624
289.124	283.545	46.926	70.428
292.023	283.755	46.569	70.955
293.951	284.647	46.619	69.763
300.224	284.310	43.213	70.509
305.635	284.897	39.842	69.853
309.821	284.550	38.927	69.746
315.095	283.806	38.761	71.313
319.140	284.455	42.080	70.456
320.307	284.225	40.535	71.028
321.699	285.612	43.244	69.307
326.118	285.172	44.233	70.593
326.740	284.735	48.551	72.256
328.256	286.843	49.607	70.672
330.143	284.647	49.313	74.744
330.278	285.582	49.319	72.287
332.934	285.885	47.771	71.807
339.117	285.295	43.524	71.470
346.087	285.044	39.358	72.031
349.735	286.152	38.355	71.454
353.368	285.335	35.996	71.960
355.613	286.129	35.899	71.579
357.280	286.384	39.425	71.115
358.371	286.237	42.837	71.805
359.248	285.577	46.158	72.825
360.134	286.868	49.754	71.424
360.072	286.238	51.536	72.540
362.877	286.093	48.622	71.984
367.076	285.416	45.160	71.776
371.902	285.905	43.356	71.855
378.301	286.037	39.046	72.497
384.711	287.354	34.379	71.589
386.669	288.043	36.969	71.888
388.756	288.519	37.835	70.742
389.549	289.595	39.125	69.665
390.610	288.905	43.318	70.796
390.474	288.606	47.717	71.659
391.719	288.647	48.877	71.934
392.671	289.734	50.408	70.799
393.702	290.306	49.725	70.635
396.096	290.070	48.151	70.751
401.889	289.419	44.610	71.727
408.086	289.671	40.218	71.599
412.733	287.757	35.854	72.531
418.213	288.571	37.981	71.525
422.329	288.463	38.096	70.502
429.348	287.856	37.231	71.537
437.472	287.668	40.110	69.831
443.866	287.693	43.804	70.317
448.773	289.244	46.225	69.603
451.288	288.758	47.723	72.107
454.003	286.690	46.728	74.125
455.171	287.168	47.960	74.972
457.244	288.629	42.682	72.047
459.068	289.386	40.613	72.921
460.875	288.108	41.031	73.850
462.554	288.735	40.895	73.982
463.020	288.518	41.361	74.559
465.808	290.601	38.955	71.304
464.748	289.805	43.635	73.563
465.413	289.550	45.912	71.082
471.611	288.208	47.177	75.751
468.583	290.533	49.243	71.811
474.900	288.944	47.962	75.385
497.985	287.629	52.054	77.906
497.958	288.078	49.855	75.348
502.792	288.452	51.256	74.761
513.115	286.901	51.824	78.649
511.872	286.634	51.450	75.657
520.414	288.605	50.109	77.334
529.959	286.562	49.415	78.897
532.479	288.519	44.939	78.297
535.403	287.050	45.019	79.914
532.305	289.447	46.256	79.945
521.407	288.432	53.124	78.943
527.448	291.756	30.400	78.920
566.397	296.906	17.567	74.296
537.227	295.650	42.454	71.822
535.659	290.766	47.726	77.883
536.367	293.167	44.673	76.727
547.760	290.598	43.633	77.779
548.474	290.247	42.513	79.002
546.206	289.459	48.411	80.464
546.368	289.477	52.052	80.971
550.884	289.264	50.920	81.690
552.331	289.124	50.649	81.947
553.357	289.458	50.891	82.483
553.594	291.248	52.856	82.723
557.176	292.004	51.261	82.139
563.528	292.125	46.992	82.532
567.770	293.070	45.834	81.656
575.900	293.059	48.794	84.268
575.575	294.399	47.490	82.114
573.611	297.697	44.167	79.081
587.669	294.376	32.175	84.454
577.790	297.980	41.233	78.418
570.497	295.586	45.236	80.587
582.192	296.666	45.879	81.627
608.024	298.865	37.009	80.160
614.686	300.658	39.122	76.749
619.920	299.410	43.850	78.394
616.806	298.597	41.580	80.318
614.138	299.385	45.419	78.740
620.555	299.199	41.687	77.446
621.062	299.256	42.215	78.404
626.504	300.067	41.434	79.110
626.988	299.621	42.955	78.510
596.324	294.907	45.674	84.577
604.184	295.126	43.415	84.420
632.985	300.992	45.066	81.141
642.065	303.444	39.218	80.536
640.869	304.236	38.291	79.429
637.580	304.669	42.132	79.077
638.446	304.881	42.383	80.478
640.840	305.858	42.550	78.530
616.089	301.070	39.175	81.689
612.168	302.428	43.243	83.265
641.200	305.422	46.217	82.299
646.560	307.549	43.299	78.450
649.502	308.234	42.190	76.267
651.725	310.067	42.965	76.061
653.499	309.227	43.977	78.076
648.332	307.173	49.996	81.864
653.231	308.320	49.234	82.589
657.489	310.729	49.748	76.636
653.217	311.172	58.060	78.363
666.095	312.225	46.288	81.006
665.822	311.365	48.134	79.722
669.423	312.000	47.239	81.183
672.262	312.438	45.481	82.149
674.719	313.294	46.246	81.823
677.423	313.290	46.575	81.361
679.354	313.942	47.084	80.793
683.877	316.354	46.718	77.271
686.970	315.488	45.247	79.546
687.920	316.289	46.290	78.112
690.417	316.314	46.779	79.024
693.156	315.698	45.968	80.126
695.180	317.437	49.697	79.953
699.947	318.791	50.702	76.667
701.637	317.549	52.560	79.304
703.325	317.930	53.474	79.833
708.332	319.993	39.639	78.084
708.045	321.043	54.915	77.735
660.781	313.440	50.296	79.977
662.356	313.124	51.278	80.075
665.678	314.135	51.622	79.547
666.707	313.099	51.751	80.155
669.723	313.485	49.139	80.522
671.036	314.259	49.060	80.128
672.211	315.707	49.169	78.977
673.335	315.591	46.139	79.809
674.907	316.287	45.983	78.978
675.946	315.144	48.945	80.365
678.186	315.625	52.437	79.921
680.870	316.240	51.397	78.695
681.714	317.374	50.548	78.382
679.820	318.641	51.577	77.430
679.720	317.940	51.060	78.523
683.519	318.372	50.027	77.322
680.977	317.842	53.518	78.085
680.294	317.128	52.276	79.322
682.008	317.782	53.120	79.075
682.449	318.294	51.627	79.119
685.051	318.554	50.825	79.706
685.580	320.797	46.859	76.778
690.383	321.869	48.552	75.607
698.976	322.859	55.171	75.137
690.740	322.871	47.591	73.976
692.030	322.687	46.086	74.639
692.298	324.859	44.086	70.765
696.777	323.974	44.018	73.967
698.834	323.728	48.760	73.844
698.483	322.872	47.569	75.546
700.892	321.731	46.865	76.253
702.695	324.163	44.141	72.030
704.948	322.813	45.827	74.686
704.705	323.310	46.862	73.980
706.344	321.703	44.776	74.111
709.962	324.806	43.208	73.291
717.185	324.881	41.178	73.945
712.198	320.796	44.098	75.820
711.427	322.867	45.128	73.688
719.744	321.933	47.270	75.680
719.309	322.192	48.517	74.781
726.693	319.619	47.953	76.872
724.455	322.772	47.596	72.342
729.766	321.030	46.954	74.385
740.443	324.393	49.796	72.360
741.693	323.252	46.106	73.838
764.377	324.414	45.188	72.481
770.760	325.199	49.138	71.366
764.526	324.373	44.909	71.690
755.622	324.008	46.615	74.208
753.245	322.886	47.489	76.597
753.840	323.807	49.520	75.518
755.984	323.244	50.422	76.715
758.572	321.977	49.487	76.205
759.039	322.060	51.066	76.331
763.656	322.823	49.863	75.953
762.016	322.977	50.219	75.373
761.083	324.282	52.063	73.714
767.437	327.529	58.951	73.447
759.353	325.994	52.461	71.281
760.229	326.410	52.494	72.731
768.303	325.821	50.229	73.081
772.855	329.196	42.861	70.144
772.813	328.620	43.947	69.638
774.621	328.317	50.125	71.205
773.704	326.607	51.314	74.280
776.204	326.852	51.338	74.081
780.298	325.748	49.574	74.116
783.533	325.364	48.375	72.358
786.215	325.089	45.079	73.823
791.572	327.119	46.964	71.231
789.388	326.325	46.283	73.020
788.799	327.198	41.687	73.384
789.372	328.454	41.798	70.056
791.159	328.192	36.887	71.184
791.720	329.716	37.940	69.247
791.191	329.528	39.090	70.061
792.513	329.443	38.258	69.904
794.351	328.301	36.993	70.282
796.440	328.265	37.301	70.517
797.930	328.135	37.939	70.000
798.961	329.393	40.086	69.004
801.562	328.938	37.470	69.209
803.693	329.599	35.533	69.114
805.094	328.412	38.282	70.693
807.356	327.193	39.637	73.500
807.537	327.788	42.472	72.945
809.116	329.579	42.064	72.179
810.359	330.692	43.136	71.052
809.135	330.564	42.772	69.497
810.868	330.908	37.070	69.724
813.637	330.446	42.804	71.086
816.673	331.199	41.211	67.351
817.585	330.874	39.040	69.474
852.083	333.162	40.928	75.142
817.451	331.233	42.998	72.333
820.723	331.770	43.943	72.911
844.462	331.361	23.486	74.775
821.281	332.596	40.891	71.321
824.820	332.373	43.743	72.027
827.463	330.907	43.754	74.795
826.890	329.660	43.946	75.862
826.208	330.766	45.239	75.033
829.374	331.785	42.110	74.233
832.591	331.867	39.357	74.764
832.706	332.559	40.208	74.365
832.640	332.836	40.401	74.263
831.808	332.437	41.830	75.397
830.901	331.626	39.080	75.408
830.341	331.830	38.788	75.224
832.333	327.373	44.432	78.083
825.262	328.924	40.570	77.863
821.188	331.259	40.503	74.313
821.470	331.643	38.424	73.932
819.488	332.652	40.489	73.746
843.009	333.360	49.210	70.589
854.580	335.567	39.407	72.454
853.421	335.633	41.737	70.789
859.623	334.480	38.118	73.709
859.456	335.982	39.569	70.979
862.342	333.908	36.205	70.026
863.474	335.383	38.723	72.580
863.356	335.566	39.729	72.604
864.426	335.380	37.737	72.640
865.027	334.428	40.498	73.588
865.707	334.426	40.609	74.320
865.621	335.112	39.893	73.346
865.476	335.059	40.761	73.336
864.968	335.359	42.125	72.705
862.813	334.342	41.585	73.857
863.878	335.765	42.124	73.178
867.418	335.067	39.347	73.321
868.254	334.370	37.475	73.054
869.452	334.822	38.338	72.784
870.193	334.093	39.110	73.159
873.810	333.626	36.181	72.651
