190.000	213.000	38.000	97.000
186.355	212.400	38.968	98.225
180.546	215.422	39.188	98.760
174.730	214.614	43.667	101.656
170.239	214.341	45.358	103.084
164.959	216.623	40.923	101.725
156.767	215.693	38.695	105.794
151.591	216.106	39.786	104.035
142.968	219.017	44.427	101.284
128.116	219.259	47.698	102.480
122.554	218.639	43.484	94.910
118.130	221.442	40.993	82.732
110.790	223.188	42.047	81.958
99.754	228.913	45.562	85.191
91.598	224.178	46.717	89.511
85.613	222.425	46.492	91.907
79.998	226.665	44.026	90.088
70.658	227.584	41.637	87.471
63.566	227.394	39.808	92.695
56.440	226.731	40.770	89.430
44.729	233.645	43.458	92.370
38.706	231.127	40.495	105.815
30.427	228.883	41.944	109.600
21.616	240.983	42.220	101.877
11.651	239.792	51.570	103.349
10.611	245.263	46.613	97.400
2.849	242.626	44.366	98.993
8.219	235.277	49.261	100.545
32.149	229.596	47.508	105.781
62.125	237.066	48.527	100.139
102.319	235.429	42.478	106.357
131.942	244.719	42.370	93.787
159.307	249.337	39.382	89.572
180.962	235.800	52.941	102.713
206.060	231.468	53.537	108.523
239.779	230.291	44.812	107.819
271.401	230.044	39.975	110.703
300.863	228.718	37.049	118.621
329.118	233.738	40.126	106.747
338.648	232.718	40.163	114.204
344.555	232.069	40.074	115.241
339.662	233.121	38.453	110.950
331.417	235.761	45.071	114.281
323.690	237.984	49.536	109.757
312.480	239.621	49.055	109.694
306.585	238.414	46.635	104.501
299.939	239.252	46.880	111.727
292.071	244.559	47.515	113.849
285.195	243.662	47.086	113.793
274.791	241.989	47.463	118.405
268.950	244.991	45.900	117.425
260.347	248.140	48.473	112.727
249.496	249.496	49.192	109.819
244.235	247.077	45.612	107.933
237.367	248.350	43.272	89.686
221.046	250.963	50.410	112.527
216.234	253.207	48.315	121.867
207.174	253.060	45.882	121.682
196.626	252.786	46.710	122.980
176.170	254.796	63.681	121.328
168.370	256.148	67.337	122.718
164.198	254.228	55.982	125.589
164.352	254.427	47.852	126.318
182.008	256.094	61.972	124.248
204.426	258.256	69.369	122.014
235.379	257.417	59.066	122.726
267.451	254.255	41.952	125.048
285.254	254.933	47.900	123.051
299.172	256.422	65.223	120.693
290.759	255.219	64.342	123.647
284.136	254.158	52.190	122.483
263.512	255.620	57.245	122.000
249.966	256.018	66.535	122.439
243.179	257.126	67.778	124.076
235.394	256.783	52.260	125.358
222.488	256.604	47.159	124.994
199.863	259.416	67.622	122.551
195.386	260.476	66.014	123.076
189.370	258.471	51.889	121.886
177.806	258.374	43.004	123.340
162.290	261.576	56.048	120.009
148.974	263.189	64.848	120.631
174.608	260.959	50.835	112.412
200.935	259.307	44.707	122.785
211.565	261.551	64.654	122.047
238.115	265.004	63.791	114.763
269.847	261.974	52.855	119.670
283.725	257.583	47.122	124.835
304.546	254.890	55.411	128.856
322.029	261.982	68.367	122.199
347.642	266.785	56.646	117.330
338.294	261.013	45.346	125.143
321.338	264.736	55.536	121.640
307.596	264.723	66.812	120.940
302.768	266.391	60.659	118.083
293.506	265.482	47.817	118.437
282.407	265.998	49.587	116.866
264.348	266.526	63.543	120.400
257.331	269.211	60.442	116.442
249.203	265.175	46.082	119.945
229.520	266.063	55.322	117.053
221.263	268.507	58.608	116.079
218.196	275.738	48.893	107.310
209.108	272.143	44.836	110.195
216.057	269.176	58.588	117.523
234.379	266.220	61.601	114.515
255.837	270.208	70.777	111.501
287.313	278.424	54.808	101.498
307.348	279.240	51.450	100.604
332.270	275.311	57.843	106.454
361.240	267.638	52.076	104.289
