635.000	208.000	105.000	103.000
628.001	211.298	114.125	93.888
625.685	210.984	108.396	93.746
621.235	211.531	101.203	91.693
611.747	211.640	105.614	89.926
606.478	211.332	101.378	90.542
603.138	211.056	94.715	91.462
601.688	211.059	90.121	92.686
597.690	209.268	84.268	97.983
593.293	208.673	81.279	98.706
589.852	207.468	77.309	99.328
583.437	207.971	71.778	98.229
571.694	209.269	76.150	94.938
561.608	210.008	74.803	94.068
553.248	211.592	74.048	92.987
545.093	214.304	79.218	91.480
535.198	213.126	79.185	94.627
524.049	213.142	81.666	94.791
512.245	212.359	83.241	95.668
503.704	211.970	83.065	95.130
496.716	211.972	81.117	96.114
490.342	210.030	83.829	99.210
485.392	207.935	94.890	100.910
477.101	211.622	112.518	92.731
477.000	211.115	117.169	90.913
472.159	203.708	119.587	97.063
452.401	203.058	116.104	97.627
455.018	206.969	114.692	94.705
433.566	210.861	87.165	97.824
431.655	210.742	78.574	100.115
423.761	210.500	88.133	98.570
425.641	210.185	87.742	102.624
420.879	210.006	91.544	100.834
436.183	209.012	86.512	101.058
448.879	207.783	78.187	102.781
456.457	207.706	77.617	102.045
469.928	208.802	81.834	98.854
492.855	210.425	88.528	95.623
558.586	212.585	99.573	91.514
590.131	212.574	107.813	93.010
630.996	212.774	108.931	92.833
668.363	212.362	109.133	94.524
699.122	214.205	105.019	95.732
740.881	212.887	98.448	100.758
737.297	214.245	95.329	99.021
746.703	214.429	100.233	97.417
736.394	213.856	92.778	98.282
730.770	213.799	94.107	96.997
724.856	212.885	81.989	98.296
719.120	212.285	84.563	100.397
712.742	213.703	89.448	98.949
718.083	213.786	85.833	99.033
724.520	213.077	85.498	97.850
744.632	216.384	85.947	96.378
757.422	216.787	87.861	96.404
764.442	214.983	89.034	100.074
773.739	214.858	86.520	100.427
779.413	214.646	82.299	97.532
783.197	213.771	78.137	96.209
783.685	213.211	75.324	95.345
782.297	213.938	72.905	93.668
779.917	215.450	72.475	91.374
774.832	216.241	74.368	90.436
762.631	218.116	81.962	89.205
754.708	219.019	79.673	88.550
735.825	220.436	82.308	87.344
727.958	221.185	86.332	86.191
708.750	222.782	98.864	83.096
711.734	222.033	88.637	86.141
705.652	223.633	91.054	83.158
693.288	224.413	97.777	81.463
693.661	224.717	94.032	83.358
690.820	225.943	95.876	82.547
687.010	226.193	92.624	82.733
684.248	227.608	93.338	79.350
683.848	227.931	90.575	79.098
681.746	228.032	88.949	78.545
680.701	228.962	90.076	79.645
677.223	231.200	93.316	77.135
675.662	232.944	93.961	75.093
677.286	234.004	91.078	74.810
676.813	233.899	90.784	74.045
676.499	233.689	90.837	73.270
676.856	234.438	89.661	72.929
678.292	234.038	88.194	73.488
678.838	234.810	87.242	72.539
679.333	234.757	86.154	72.945
677.679	234.438	87.311	72.527
676.887	233.871	88.773	73.111
678.276	234.586	87.754	71.860
678.837	234.989	87.304	71.804
676.742	235.172	89.583	70.883
676.264	234.374	90.056	72.286
678.276	234.855	88.116	71.964
678.679	236.074	87.802	70.473
677.252	235.659	89.212	70.608
677.172	234.757	89.388	71.912
677.282	235.096	89.896	71.213
677.876	235.948	89.300	70.284
677.905	234.988	89.415	71.773
676.395	235.158	91.022	71.128
677.133	234.237	90.928	72.535
677.682	232.749	89.622	74.200
676.045	231.081	91.350	75.384
673.949	229.990	92.419	75.526
675.950	228.698	89.679	78.413
676.666	227.723	89.635	79.556
677.272	225.998	89.140	81.939
677.338	223.968	89.788	83.807
677.331	223.493	90.527	83.842
679.015	222.685	89.167	84.500
680.239	221.908	89.498	84.440
682.130	221.329	89.036	84.692
683.729	221.151	90.653	83.025
681.446	220.347	93.969	82.389
683.004	220.876	94.387	80.380
683.256	220.225	97.196	81.268
683.605	219.564	99.194	81.983
683.697	218.430	101.617	83.667
685.612	217.391	102.787	84.107
687.848	217.593	102.641	84.788
687.898	217.044	105.408	85.860
688.306	216.920	107.891	86.110
691.718	216.359	108.407	87.166
693.081	215.852	108.544	88.689
691.505	216.285	111.372	88.991
691.548	216.365	112.495	89.250
692.046	216.085	112.999	90.089
693.333	216.134	112.183	90.438
695.857	215.156	110.188	92.122
696.730	214.721	109.449	92.122
695.197	214.725	112.905	91.692
695.521	214.038	114.543	92.611
694.937	213.145	115.981	93.493
696.267	212.582	114.441	94.658
695.374	213.985	113.291	92.820
696.634	214.346	113.363	92.930
696.328	214.675	111.668	92.966
694.961	215.300	110.706	92.285
695.382	215.543	106.919	92.448
694.449	216.362	106.421	91.378
692.598	215.563	107.428	92.009
691.121	213.458	110.638	93.566
689.543	211.520	109.082	95.452
689.900	210.606	112.049	94.689
689.123	209.339	113.563	95.590
688.764	208.717	113.717	96.403
689.122	208.614	113.563	95.609
688.550	209.676	111.987	94.381
688.457	211.210	109.030	93.231
688.182	211.977	107.536	92.696
686.772	212.353	110.271	91.427
684.560	212.500	111.035	91.551
683.405	211.253	109.881	93.026
684.424	209.648	109.690	94.542
684.774	207.942	108.478	95.594
684.827	206.919	111.212	95.858
685.915	206.437	108.761	96.665
684.873	205.755	110.897	96.253
682.994	205.284	110.892	96.186
681.222	205.488	112.628	95.178
681.197	205.984	110.378	94.852
679.492	206.051	107.745	94.403
678.102	207.385	106.739	92.687
676.485	206.836	102.734	93.160
675.294	206.131	101.122	94.001
674.797	205.631	98.423	94.082
674.477	205.596	96.048	93.447
673.680	203.273	91.975	95.020
674.116	199.868	84.078	103.850
673.390	197.854	83.284	105.628
670.524	197.294	84.603	105.671
669.411	196.274	82.924	107.353
665.626	196.878	84.808	107.114
660.695	199.502	85.148	105.340
655.109	199.695	87.526	105.642
649.982	201.911	88.118	102.319
647.282	201.845	85.221	101.044
644.916	201.600	87.128	101.010
637.189	199.149	86.165	102.820
626.295	196.496	86.742	107.361
627.568	191.533	72.156	108.543
618.429	191.274	76.759	105.408
608.005	191.294	82.321	108.073
606.311	192.874	74.139	107.978
597.414	193.709	73.015	105.302
593.576	197.388	78.266	102.254
589.305	197.546	74.944	101.276
576.675	197.375	80.908	105.368
559.694	197.068	88.709	106.107
545.721	194.878	93.096	111.064
537.719	194.913	95.138	110.423
546.585	194.005	91.461	109.584
518.128	193.284	102.432	112.514
529.314	193.759	86.094	112.430
522.051	192.009	89.863	112.229
525.985	192.212	82.767	110.889
518.720	192.726	87.440	109.230
509.675	193.667	88.177	111.078
507.738	194.462	80.896	113.118
494.986	194.687	87.728	112.052
488.282	195.020	92.964	112.286
476.695	194.306	96.126	114.065
475.845	192.581	86.969	114.919
464.267	191.135	91.003	116.981
458.395	189.919	96.636	119.566
450.575	188.878	105.544	123.529
434.817	188.960	99.915	123.922
406.744	188.952	120.237	125.057
401.203	188.218	116.620	128.332
387.612	188.636	124.816	126.607
399.895	188.279	102.627	125.296
394.180	187.844	101.725	125.034
381.265	189.619	110.787	122.637
380.286	190.436	107.217	119.577
373.039	190.587	107.395	119.479
367.138	189.497	109.817	122.016
358.531	189.215	115.591	122.478
348.624	189.220	103.155	128.234
339.346	186.897	105.133	127.686
313.239	193.533	123.989	117.402
313.883	189.821	124.555	123.610
313.437	187.736	116.590	126.910
302.276	195.031	124.996	120.090
296.588	188.670	125.866	130.455
303.415	184.632	120.798	131.434
292.289	186.447	124.848	132.086
295.817	186.078	123.182	132.867
287.590	185.713	127.273	135.783
295.672	182.583	118.197	136.631
299.476	192.376	119.544	127.189
257.543	194.286	132.543	120.453
292.766	203.590	126.772	115.129
245.358	196.639	124.388	113.054
258.589	184.713	109.324	123.415
240.851	178.865	111.625	122.352
241.286	178.780	116.964	118.426
234.980	179.501	114.478	117.856
227.806	180.792	112.969	117.517
222.049	180.170	111.753	114.994
225.809	180.808	105.291	111.134
220.593	183.058	98.390	108.935
212.011	188.386	115.761	112.763
220.683	186.240	119.553	109.481
179.784	183.304	128.242	119.246
163.183	183.093	128.608	124.701
152.800	180.614	128.168	128.452
133.479	180.524	132.232	127.998
126.543	179.419	138.498	126.865
102.338	181.581	149.069	122.771
101.058	180.410	144.132	124.947
89.455	180.612	148.264	123.672
79.724	183.357	148.292	122.189
70.166	186.281	148.291	121.906
61.797	183.313	148.726	126.904
55.403	182.939	149.296	127.484
52.561	180.088	146.561	129.843
50.186	178.141	147.435	132.342
44.798	174.865	154.299	136.671
36.196	174.184	164.760	140.207
26.860	174.563	173.376	137.682
11.360	175.272	183.873	139.557
