554.000	305.000	24.000	61.000
552.336	307.900	26.185	54.858
553.173	307.742	25.094	55.075
554.204	307.913	24.048	55.455
554.682	308.479	24.745	55.384
555.048	308.395	25.418	55.478
555.809	309.561	25.747	54.352
556.651	310.170	25.801	54.300
557.414	310.289	25.652	54.520
558.444	309.988	25.086	54.922
559.342	309.665	25.093	55.296
560.432	309.319	24.509	55.289
561.400	309.490	24.330	55.053
562.217	309.129	25.300	55.316
562.566	308.799	26.293	55.350
562.659	309.102	26.985	54.894
562.271	308.478	27.975	56.321
562.116	309.920	28.978	54.851
562.611	310.613	30.385	53.997
563.392	310.535	30.456	54.146
564.145	310.968	29.859	53.887
564.975	310.843	30.038	54.253
566.382	311.354	29.332	53.783
567.473	311.561	29.260	53.900
569.077	310.755	27.777	55.319
570.384	310.294	26.801	55.909
571.539	310.174	25.850	56.061
572.657	309.294	25.304	57.171
573.022	309.936	25.847	56.997
573.995	310.307	26.239	57.010
574.901	311.245	27.313	56.082
576.087	311.333	26.903	56.389
576.870	311.602	26.833	56.514
578.025	311.736	26.497	56.910
578.693	311.249	27.155	57.395
579.568	311.405	26.746	57.350
580.667	310.614	26.023	58.200
582.467	310.262	25.076	58.787
582.729	310.228	26.510	58.269
582.792	310.756	27.650	57.588
582.788	310.875	28.941	57.310
582.365	310.641	30.422	58.239
582.499	310.801	31.101	58.070
582.610	311.767	32.433	56.822
583.408	311.783	32.472	57.263
584.851	311.786	31.978	57.410
586.332	311.723	31.211	57.702
587.378	311.684	31.340	57.823
588.589	311.978	31.419	57.556
590.147	312.009	30.276	57.673
592.048	311.598	28.479	58.380
593.402	311.612	27.583	58.658
594.026	310.582	27.239	60.327
594.460	310.266	28.870	61.253
595.185	311.258	29.789	60.330
596.049	312.101	29.887	59.396
597.238	313.231	29.884	58.687
598.405	313.810	29.057	58.547
599.624	313.919	28.258	58.824
600.970	313.800	27.323	58.919
601.926	313.343	27.049	59.150
602.577	313.223	27.117	59.467
603.099	312.143	27.822	60.562
602.648	311.899	30.012	60.485
602.776	312.215	30.902	59.667
602.326	313.040	32.000	59.320
602.629	313.080	32.525	59.382
602.475	314.120	33.262	58.502
602.749	314.473	33.376	58.204
603.881	314.875	33.380	58.420
605.342	315.071	32.705	58.611
606.416	315.000	31.922	59.323
607.622	314.469	30.936	60.049
608.582	314.304	30.266	59.935
610.013	313.422	29.435	60.769
611.506	313.429	28.327	61.372
612.195	312.987	27.742	62.427
612.720	313.157	27.964	62.835
613.439	315.081	29.150	61.123
614.521	315.470	28.770	61.130
614.912	315.263	29.487	61.439
616.100	315.679	28.447	61.163
617.096	316.142	27.940	60.552
617.998	315.197	28.212	61.800
618.983	314.987	27.974	61.913
619.753	313.793	28.152	63.079
620.639	313.622	28.158	63.438
620.037	313.600	30.112	63.315
619.817	313.081	31.675	63.613
619.473	313.392	32.502	63.058
619.406	313.579	33.607	63.064
619.767	313.940	33.757	63.422
619.837	315.350	34.054	61.750
620.690	314.210	34.037	63.108
621.700	315.432	34.345	63.174
623.083	315.143	33.115	63.529
623.987	315.468	32.787	63.236
625.264	315.943	31.701	63.115
626.737	315.336	30.613	63.780
627.816	315.226	30.050	64.096
629.233	314.712	28.947	64.669
630.011	315.050	28.470	64.730
630.738	315.545	28.896	64.740
631.336	315.475	30.111	65.246
632.020	316.505	30.859	64.363
632.551	316.680	31.269	64.820
633.228	316.527	31.451	65.191
634.292	317.164	30.516	64.500
634.948	316.907	30.277	64.991
636.771	316.433	29.332	65.524
638.240	316.510	28.911	65.257
638.935	316.296	29.307	65.455
639.065	315.651	30.213	66.025
638.193	315.543	32.887	65.755
638.206	315.770	34.839	65.378
638.325	316.142	35.521	65.638
638.494	316.437	36.113	65.885
638.671	317.346	36.497	64.754
639.174	318.220	37.073	64.207
640.651	317.708	36.596	64.738
641.791	318.002	35.786	64.592
643.270	317.470	34.597	65.540
644.525	317.380	33.736	65.784
645.648	317.933	32.829	65.332
647.395	317.703	31.353	66.089
648.753	316.949	30.511	66.811
650.181	316.856	29.186	66.842
650.764	316.737	28.863	67.730
650.687	316.578	29.997	68.883
651.283	317.166	32.288	68.390
651.538	317.177	33.464	68.354
653.173	318.182	32.611	67.838
654.035	318.153	32.186	67.939
655.023	318.908	31.330	67.362
656.467	318.488	30.788	68.080
657.537	318.207	30.288	68.487
658.922	317.851	29.558	68.498
659.540	318.114	29.950	68.281
659.591	317.565	31.362	68.351
658.808	317.184	34.526	68.552
658.632	316.937	35.476	68.954
658.704	317.623	36.221	68.936
658.659	318.470	37.817	68.301
659.149	318.700	38.447	67.929
659.598	318.931	38.953	67.924
660.872	319.640	37.793	67.166
661.801	319.608	37.411	67.295
663.273	319.790	36.857	66.858
664.816	319.285	35.436	67.675
666.061	319.079	34.293	68.670
667.827	318.394	32.747	69.189
669.173	319.014	31.877	69.102
670.465	318.521	30.625	69.238
671.245	318.588	30.316	69.701
671.896	318.327	32.393	70.478
672.574	319.697	34.061	70.172
673.694	319.152	34.265	71.029
674.306	318.813	34.309	71.942
675.232	318.820	33.988	71.843
676.784	319.414	32.611	71.247
677.958	320.061	31.856	70.975
678.915	319.789	31.383	71.455
680.371	319.961	30.701	70.958
681.401	319.845	30.509	70.632
681.113	319.488	33.310	71.041
680.903	318.732	35.368	71.689
680.373	319.232	37.252	70.622
680.478	319.853	37.876	70.244
680.197	319.724	39.453	70.841
680.770	320.479	39.867	69.966
681.912	321.025	39.261	69.652
682.566	320.275	39.691	70.458
683.460	320.479	39.702	70.399
684.813	320.574	38.788	70.370
686.323	319.905	37.551	71.586
687.694	320.051	36.435	71.676
688.764	320.236	35.824	71.848
689.550	320.261	35.300	71.871
690.975	319.507	34.268	72.358
692.563	319.820	33.448	72.380
693.898	319.247	32.779	73.583
694.589	319.019	32.263	74.014
695.212	318.841	32.926	75.010
695.422	320.114	33.921	73.860
696.360	320.166	35.288	73.948
698.036	320.407	35.566	74.154
698.824	320.739	36.310	73.977
699.782	321.109	36.929	73.532
700.305	321.382	36.838	73.465
701.621	321.429	36.398	73.459
702.231	321.649	35.553	74.117
703.156	322.115	34.792	73.326
703.886	322.014	34.378	73.422
705.104	322.014	33.599	73.321
706.563	321.645	33.385	74.024
707.519	321.227	33.561	74.454
708.301	321.166	34.374	74.256
708.475	321.008	36.055	74.548
707.823	321.403	38.573	73.417
708.114	321.442	39.271	73.578
708.039	321.443	40.211	74.397
708.439	321.534	41.213	74.636
708.847	322.461	41.622	73.993
709.552	322.617	41.521	73.861
710.291	322.465	41.831	74.292
711.188	322.879	41.530	74.343
712.452	323.160	41.091	74.013
713.733	322.668	39.948	74.708
715.020	322.617	38.648	74.760
716.777	322.389	37.535	75.517
717.517	322.530	37.155	75.769
719.076	322.607	35.638	76.012
721.324	321.654	33.560	77.128
722.621	321.763	32.865	76.710
723.900	321.955	32.469	77.081
724.503	322.845	33.169	77.040
725.407	323.081	35.070	77.449
725.231	322.359	38.847	79.131
725.663	323.059	40.131	77.799
726.709	323.457	40.259	77.183
727.838	323.510	39.617	77.529
729.242	323.644	38.339	77.332
729.933	324.201	37.477	77.157
730.967	324.454	36.717	77.285
733.084	323.932	36.053	77.528
734.711	323.657	35.139	77.561
735.484	322.899	35.669	78.190
735.842	322.528	38.109	78.253
735.133	322.066	40.093	78.447
729.953	321.389	44.772	79.280
723.966	322.101	45.488	78.374
715.977	322.890	44.950	78.298
706.341	322.161	44.684	78.805
698.804	324.490	44.429	76.289
692.171	323.342	43.776	77.598
686.187	324.333	43.885	76.736
686.815	323.747	43.423	77.918
687.915	324.229	41.495	77.724
689.428	324.024	39.494	78.457
691.847	323.629	37.131	79.032
693.481	323.869	35.621	79.435
694.575	323.072	34.521	80.375
695.822	322.324	34.582	81.111
696.500	322.836	35.134	80.758
697.805	322.835	34.696	81.138
698.887	323.727	35.126	80.569
699.458	325.640	36.897	78.850
700.627	325.735	37.646	78.909
701.573	324.379	39.106	80.388
702.658	324.901	38.864	80.702
703.353	324.771	39.011	80.783
703.941	324.824	38.242	80.998
704.912	324.575	37.819	81.240
706.310	324.857	37.062	80.737
707.933	324.672	36.364	80.841
708.434	324.517	37.632	80.358
708.529	324.199	39.922	80.610
708.564	324.378	41.222	80.362
707.838	324.514	43.940	80.597
707.625	324.505	45.459	80.590
709.646	325.148	44.943	79.812
712.441	325.247	42.800	80.303
713.102	324.096	43.017	81.883
714.417	324.227	42.597	82.283
714.822	324.227	42.742	82.827
717.141	324.310	40.484	82.672
717.694	324.548	40.025	82.155
718.926	325.129	38.584	81.278
719.670	324.960	37.297	81.711
720.572	325.802	36.028	80.530
720.617	325.152	36.401	81.310
722.714	324.955	34.719	81.934
723.009	324.828	35.183	81.934
724.415	324.900	34.392	80.718
725.450	325.181	34.110	79.996
725.053	324.899	37.061	81.626
724.958	324.638	39.877	82.300
725.868	324.874	39.413	82.438
725.143	325.462	41.136	82.425
725.441	325.576	41.430	82.898
726.440	325.571	40.806	83.924
729.370	325.531	38.508	83.622
731.009	325.391	38.031	83.150
731.665	326.103	39.078	82.421
734.611	326.358	39.093	80.584
736.014	325.773	40.966	76.734
736.062	323.784	43.737	80.544
739.180	324.749	43.591	74.685
740.897	321.402	41.686	74.145
739.165	320.029	45.075	70.742
742.153	323.053	38.675	75.417
742.383	326.399	40.723	75.763
744.148	325.488	36.147	74.915
745.376	327.362	34.169	79.188
745.525	325.178	34.312	78.929
748.441	325.147	36.485	83.005
748.070	324.789	35.931	79.819
747.788	324.398	33.756	82.553
748.035	324.990	34.043	77.028
749.012	324.901	32.571	76.863
750.185	324.647	31.919	76.846
750.611	324.605	32.493	81.014
751.950	324.562	33.612	83.858
751.041	325.168	34.926	84.017
752.297	325.917	36.951	79.739
754.859	325.207	37.080	76.915
754.632	324.283	35.569	81.018
757.582	326.529	36.062	76.575
759.065	325.268	35.820	78.078
760.095	324.752	34.985	81.180
761.732	326.588	33.739	79.274
761.569	322.999	33.553	82.969
754.079	324.023	36.827	81.514
748.099	323.834	36.037	82.446
744.769	326.142	37.836	80.366
744.770	326.854	37.376	82.888
743.421	327.148	34.529	85.087
742.336	327.444	37.774	79.415
739.472	327.829	37.410	81.140
742.207	328.085	39.247	78.211
739.774	327.177	35.667	84.014
740.303	326.440	35.627	80.470
740.884	324.785	36.152	86.556
741.561	324.783	33.794	83.159
742.523	324.407	33.400	78.900
743.204	327.592	32.619	83.823
741.924	325.909	33.027	89.644
737.942	326.026	33.696	85.916
725.873	327.083	38.977	86.842
722.299	327.195	39.604	87.031
718.968	329.096	38.993	82.441
719.034	329.232	34.757	81.842
795.266	336.881	39.767	85.585
795.131	332.709	45.354	85.178
794.639	335.278	42.261	83.853
799.692	335.469	35.887	80.869
789.524	334.031	46.035	83.466
785.864	333.748	44.124	85.238
782.228	334.094	43.956	86.331
788.664	331.657	39.795	83.541
780.465	332.679	44.330	87.705
780.547	332.827	43.216	82.897
775.452	335.054	39.965	82.038
777.043	338.757	43.925	81.203
783.434	335.694	50.144	86.112
774.530	340.536	47.854	83.886
778.315	338.301	46.794	86.019
780.125	337.244	43.463	88.622
783.571	336.279	43.074	88.164
783.077	333.968	41.884	89.074
777.823	333.157	42.145	86.253
781.983	333.349	39.654	81.190
788.180	333.818	38.137	81.224
789.381	333.886	40.733	82.191
793.347	333.350	38.175	86.244
794.200	333.321	39.744	89.131
792.561	334.319	41.878	89.340
792.264	337.494	43.358	90.999
789.844	336.611	47.727	90.519
785.928	337.022	49.041	89.562
788.609	338.994	44.806	88.283
792.004	340.940	45.309	88.748
795.821	342.503	44.122	89.343
799.472	345.681	42.445	89.593
805.550	342.651	39.075	93.149
807.559	342.672	40.960	93.532
712.162	338.769	43.155	93.563
718.381	340.546	41.824	91.389
721.039	338.274	42.140	92.181
722.129	341.763	45.541	91.702
722.647	340.854	45.400	93.061
721.701	339.214	44.289	91.630
718.854	338.692	44.718	93.527
722.123	337.412	42.433	93.314
722.626	333.838	39.267	95.115
717.581	339.192	41.870	90.511
724.590	337.827	38.379	91.370
723.767	337.800	38.209	89.776
725.175	336.961	39.073	90.147
724.906	335.358	38.307	93.842
727.475	333.213	41.626	95.666
730.112	338.288	42.734	90.409
731.407	337.665	44.072	91.711
734.438	336.204	45.084	94.569
731.678	337.179	49.136	95.147
735.072	337.887	48.440	95.558
737.752	341.191	47.680	95.254
740.049	338.628	47.061	95.477
743.300	333.749	44.957	99.810
743.590	331.948	47.618	103.121
746.058	329.905	49.956	106.572
748.324	328.724	49.088	107.316
750.943	327.774	50.146	111.001
753.522	330.328	49.296	108.687
748.028	337.428	50.495	105.124
748.981	337.127	55.206	109.277
752.227	335.436	58.976	109.831
754.372	337.717	63.601	108.965
758.055	338.874	65.870	105.532
760.615	344.018	65.266	103.962
764.567	345.345	56.959	105.668
768.462	347.314	51.121	104.050
771.300	352.181	55.904	98.820
777.906	354.742	50.788	99.020
785.009	355.431	49.555	102.729
782.948	353.896	47.107	103.645
778.366	350.218	51.577	101.049
770.327	344.299	49.371	106.149
756.014	342.425	51.053	109.549
742.856	347.318	53.228	108.252
720.771	348.119	59.215	100.737
708.725	346.930	56.260	100.566
698.084	341.621	56.113	98.073
690.258	347.876	57.079	96.799
678.359	350.225	55.811	97.106
668.425	343.946	55.778	96.702
657.577	350.823	60.159	93.029
646.773	342.190	57.305	98.147
643.109	346.397	54.100	96.597
639.215	342.284	52.900	98.240
633.046	338.909	55.087	98.553
636.101	342.903	50.900	99.567
628.845	339.583	51.797	101.174
623.211	346.054	51.559	97.643
628.722	344.008	49.682	94.540
625.750	344.656	49.392	90.114
623.511	345.593	49.145	90.579
620.678	345.583	49.882	92.741
617.413	344.866	51.105	90.547
627.446	341.247	45.245	92.039
621.061	346.518	47.727	89.020
626.451	342.543	51.929	85.564
625.432	346.946	54.333	87.698
623.153	349.741	52.979	91.485
636.048	350.493	49.509	92.661
644.152	362.267	47.423	86.040
640.317	351.483	48.956	90.795
643.457	348.558	51.610	92.590
640.697	347.674	49.389	95.817
634.569	349.181	49.731	94.303
627.863	349.286	53.278	90.001
678.465	337.095	48.674	88.541
660.039	334.508	47.708	87.928
644.230	337.492	50.849	84.904
628.769	335.715	45.229	90.701
621.415	339.999	50.977	95.729
683.606	338.453	50.798	87.824
686.276	343.078	47.721	83.108
690.088	338.824	48.815	86.013
703.603	339.534	47.482	85.320
707.812	339.339	45.898	86.044
688.150	341.355	43.844	84.117
685.174	338.770	41.626	85.982
683.798	338.844	42.276	84.359
688.761	342.230	40.124	83.138
689.934	340.831	39.297	87.276
706.123	338.173	41.132	87.000
692.810	331.151	42.323	85.316
683.140	340.122	47.269	87.584
691.328	337.394	51.491	88.985
729.557	337.708	46.808	88.503
739.506	339.023	42.562	87.132
721.318	339.352	54.527	86.837
725.698	339.138	50.796	88.672
731.205	339.884	53.107	88.254
719.295	338.323	52.431	93.153
721.542	337.865	53.697	92.652
738.988	336.975	48.278	89.306
724.254	330.575	48.064	90.604
710.496	334.216	49.395	89.354
695.118	335.001	57.842	90.250
647.434	339.349	51.690	99.277
654.097	337.252	65.343	98.244
684.938	335.251	51.277	95.794
679.304	334.411	48.935	94.357
681.580	337.125	48.647	90.100
667.807	337.035	53.632	91.951
650.956	336.632	43.143	94.716
642.780	343.973	44.950	95.761
629.688	346.603	49.209	97.363
619.642	347.054	47.969	97.504
602.923	341.575	55.078	101.659
618.236	341.835	49.895	99.224
625.891	345.112	45.374	96.638
611.324	343.765	45.009	97.854
605.814	345.603	46.760	94.838
608.673	347.966	50.984	94.950
623.221	348.960	47.258	94.188
622.765	350.208	45.349	95.119
615.746	348.995	50.075	96.589
610.782	346.738	46.912	99.076
604.753	343.818	49.117	98.455
598.423	337.084	55.076	102.410
606.631	331.122	48.211	104.632
592.998	328.889	60.285	101.838
588.781	328.268	55.262	100.854
601.174	327.444	56.132	99.121
606.370	324.208	48.067	101.300
591.623	327.207	59.222	98.576
594.681	327.817	49.517	99.987
595.163	327.517	48.661	99.537
602.271	328.791	46.939	97.862
595.324	325.469	52.850	99.882
603.192	326.029	48.809	98.572
600.392	325.401	48.334	98.084
593.277	327.235	53.327	95.508
591.386	328.259	52.108	96.406
597.840	328.095	48.324	97.903
594.270	330.916	49.112	96.084
579.426	329.628	52.910	99.509
555.791	328.100	47.307	101.969
530.902	327.419	48.374	103.922
535.978	334.668	47.444	99.819
514.481	335.427	58.836	100.145
509.412	336.340	59.719	99.025
500.515	338.111	54.752	95.086
510.586	330.446	56.788	97.332
560.784	334.508	46.341	92.053
539.416	336.991	38.910	96.596
538.125	344.994	53.552	92.490
532.579	346.677	58.194	94.866
486.312	334.137	42.191	101.014
491.425	338.067	50.234	96.984
502.974	334.436	53.083	101.137
529.873	339.225	48.998	97.297
557.966	342.309	47.051	96.418
546.211	344.123	57.370	92.604
567.873	344.952	44.955	93.937
570.778	346.355	44.947	92.792
569.066	343.227	45.488	94.341
563.990	344.347	49.501	94.124
543.051	345.904	65.484	93.871
565.982	343.450	49.423	94.840
573.620	345.016	44.168	93.581
565.780	344.445	45.508	94.685
563.652	344.506	45.786	92.048
560.288	344.967	49.452	91.631
563.182	343.034	47.944	93.706
540.809	342.845	69.517	94.696
567.584	343.953	47.575	94.066
466.069	343.625	43.919	97.463
464.505	344.851	46.982	96.812
465.018	343.959	47.305	97.387
467.495	343.751	45.757	96.077
460.800	337.944	43.968	96.495
440.795	340.535	47.332	99.929
423.310	335.684	51.360	98.601
407.674	343.841	56.320	92.565
393.307	347.506	53.917	95.196
410.299	332.912	46.819	103.669
415.068	337.674	42.451	98.784
418.152	341.478	42.420	92.914
411.630	334.962	45.655	98.625
413.464	340.224	45.172	96.134
418.997	336.166	48.928	97.295
419.040	337.344	43.739	96.230
419.240	334.540	41.505	99.876
418.705	334.486	41.791	97.575
414.917	336.559	45.065	97.621
419.093	334.365	40.876	96.886
420.046	334.066	40.302	96.912
423.360	333.906	38.557	91.969
424.557	332.738	37.870	90.232
425.244	333.160	37.619	93.938
426.323	334.140	37.248	91.921
426.380	334.778	38.374	91.999
417.580	338.550	45.543	95.776
409.199	343.635	50.756	98.267
420.366	328.583	44.296	104.492
414.808	339.834	52.027	100.261
390.181	348.251	56.035	96.782
387.492	329.810	50.948	107.478
358.667	344.084	55.254	101.008
346.874	351.128	54.593	94.490
362.400	343.405	49.077	101.137
356.148	349.083	52.821	95.102
347.646	347.209	58.804	100.791
328.227	350.519	69.883	99.726
291.012	353.585	56.058	100.664
275.570	352.589	58.223	101.684
286.829	354.344	56.949	99.645
287.822	353.021	58.814	101.945
301.419	354.709	57.059	98.671
315.825	353.867	55.900	94.771
308.539	352.702	55.853	99.200
319.276	351.717	53.267	98.345
322.611	347.165	57.761	100.550
317.065	350.723	55.239	100.318
331.994	356.378	52.247	92.338
336.337	353.886	50.242	95.683
321.950	347.176	59.642	99.512
298.429	356.140	74.889	95.801
247.397	363.633	59.614	93.974
238.777	365.977	61.747	87.064
233.266	358.160	58.902	95.675
221.150	370.889	63.052	87.433
210.661	370.609	63.420	85.974
230.477	371.779	54.860	89.168
220.503	357.912	62.827	97.805
217.467	366.838	61.170	91.364
223.582	368.981	60.161	89.716
220.592	369.946	54.080	89.592
231.053	369.977	53.602	87.709
230.002	345.422	63.855	107.919
231.212	348.681	67.917	103.507
235.444	351.226	67.068	97.181
220.354	356.794	60.301	99.158
208.744	356.393	60.323	100.901
222.338	357.717	63.999	99.619
220.899	358.777	55.823	99.352
216.508	361.936	53.209	97.251
226.503	358.638	58.072	98.179
216.189	357.016	57.779	100.425
216.242	353.879	56.422	103.718
217.796	359.212	58.602	98.888
235.801	358.583	52.341	98.183
238.707	355.497	56.868	98.345
241.834	358.717	54.140	92.212
236.302	359.390	55.806	102.391
218.420	358.549	67.695	99.128
230.591	364.069	68.616	95.926
249.500	367.567	67.190	90.245
269.587	368.248	55.560	90.208
277.182	369.618	57.032	84.043
263.896	368.635	70.325	87.681
282.622	368.136	55.445	85.471
273.407	361.470	63.885	89.074
293.195	367.597	54.710	88.859
296.417	365.985	60.708	87.245
300.761	361.590	59.882	88.576
316.717	355.634	59.892	94.383
323.074	352.568	56.778	97.709
327.668	356.784	59.597	96.336
324.860	367.979	56.487	86.636
317.883	363.535	61.096	92.037
328.318	363.869	53.671	88.545
316.027	369.713	63.388	79.949
331.293	356.170	59.505	87.850
345.061	355.436	55.313	89.658
322.794	366.093	51.490	82.720
356.072	363.266	42.826	85.689
363.661	359.651	46.680	89.284
360.261	354.506	52.695	95.340
372.717	355.018	54.421	93.600
376.721	361.713	55.766	87.387
380.645	363.480	54.013	83.067
386.600	367.408	51.592	79.094
371.213	360.856	59.925	86.020
354.122	368.732	78.835	82.019
395.476	372.525	50.775	83.691
401.028	355.234	49.681	95.079
378.050	348.180	70.702	91.931
393.765	353.543	68.417	90.217
393.234	347.667	65.944	91.612
415.961	357.278	58.071	90.049
432.515	368.646	48.641	81.962
439.355	369.909	49.145	74.725
427.442	334.767	55.921	100.262
412.499	346.246	73.792	103.272
389.746	348.503	51.308	102.444
396.689	345.034	50.463	102.356
393.224	358.809	54.271	88.520
400.036	363.527	50.597	85.546
399.701	364.630	50.573	85.969
409.355	363.634	49.424	85.024
409.780	364.550	48.666	85.970
409.008	353.153	46.485	92.518
403.482	349.679	51.570	100.168
417.237	350.922	54.857	100.212
402.697	367.293	71.685	87.376
425.837	357.088	54.251	96.303
438.213	359.291	52.465	94.301
450.489	366.221	52.209	88.625
453.449	370.610	52.370	82.344
454.516	366.115	52.584	80.968
459.303	365.511	50.550	84.060
462.088	356.299	49.696	92.181
458.267	345.674	50.798	100.978
461.135	358.122	49.672	92.347
459.325	365.808	51.305	86.357
436.557	336.209	64.861	112.458
421.912	348.722	57.770	105.321
429.994	365.287	52.975	87.644
434.668	350.766	51.061	101.362
416.026	335.794	69.525	109.973
436.148	360.447	59.766	92.633
450.166	367.939	54.419	84.139
460.618	349.824	52.802	96.815
444.078	350.002	64.562	101.232
416.227	351.436	53.308	102.392
414.156	352.997	53.801	100.434
416.600	357.681	53.153	95.973
402.932	358.980	56.989	102.539
400.296	364.674	58.871	91.674
416.734	361.998	56.473	96.006
422.871	337.666	57.179	109.603
427.898	351.985	58.504	102.137
426.346	333.537	52.062	107.510
442.439	361.798	53.945	93.402
460.928	363.721	52.714	88.521
474.128	353.509	56.830	95.661
462.416	351.281	55.238	98.354
468.170	357.237	59.302	89.927
480.475	357.862	56.215	92.182
478.640	355.025	54.546	94.705
475.849	363.013	55.704	86.449
487.406	354.078	54.672	93.530
469.387	342.121	61.607	103.247
478.903	356.624	62.324	90.174
463.836	345.564	65.065	104.268
440.984	347.391	69.104	95.331
459.627	352.207	65.812	85.455
486.172	352.539	54.278	93.665
505.075	360.577	51.618	93.652
515.572	356.992	58.472	92.540
535.853	368.741	52.707	84.074
532.006	366.098	51.965	81.417
545.488	364.073	47.545	85.329
549.812	360.949	51.851	84.847
540.326	347.862	59.773	97.998
538.741	363.524	56.904	88.371
540.137	350.649	59.465	94.089
542.004	348.688	54.149	89.618
518.381	325.382	56.331	104.062
501.861	340.871	61.201	94.381
504.666	349.286	63.272	93.364
497.949	340.191	58.179	97.409
494.587	340.411	57.130	96.240
507.615	344.517	60.228	91.976
513.220	338.766	64.525	100.466
527.676	350.983	67.965	93.032
549.856	340.715	59.714	99.121
535.718	343.891	62.239	97.057
534.023	343.340	52.498	94.308
517.937	332.428	62.953	103.441
530.903	334.642	62.302	99.013
541.303	332.990	62.748	102.590
534.636	341.359	64.277	95.738
526.451	334.547	60.679	100.879
541.782	349.350	64.871	90.788
557.152	340.985	60.177	94.350
562.382	341.451	62.185	102.630
567.610	342.775	65.592	103.825
594.158	353.957	57.660	87.705
604.332	355.923	64.846	90.664
628.646	338.737	64.026	92.612
650.175	348.364	58.455	95.103
647.848	340.625	59.576	97.212
641.419	335.674	59.747	97.576
606.253	333.406	52.077	104.700
605.923	327.618	57.772	111.922
580.881	328.255	61.148	102.900
590.411	334.542	68.802	98.910
587.548	329.141	62.550	106.035
608.223	340.620	61.354	96.884
622.050	330.068	57.667	98.322
622.062	327.002	65.097	108.946
633.287	341.549	68.902	95.408
621.563	322.546	58.619	106.353
602.420	343.971	66.703	94.883
601.737	334.609	58.948	98.972
593.455	324.247	62.277	109.829
608.682	327.395	62.897	108.288
624.462	337.428	60.726	96.709
638.555	330.172	51.805	104.299
623.088	334.286	59.431	100.737
622.591	336.624	57.926	102.465
618.669	342.621	65.677	93.340
621.845	348.720	65.629	88.190
630.609	345.080	70.859	91.217
647.428	339.871	66.786	88.708
633.317	321.541	59.789	102.275
622.362	322.660	56.409	90.209
640.643	324.151	57.905	99.731
662.176	346.786	56.529	84.893
685.179	340.135	52.371	88.926
694.938	341.660	46.118	86.787
686.019	338.055	51.949	89.085
666.259	316.052	59.185	108.656
681.693	339.191	61.861	88.780
689.364	322.010	56.995	106.388
692.218	320.188	57.111	105.941
684.710	318.517	58.246	106.569
676.978	317.716	53.756	104.069
676.517	320.095	51.146	99.446
678.650	318.585	49.155	101.509
677.760	315.270	48.545	109.247
673.380	314.424	51.875	107.770
672.028	314.141	52.291	109.511
664.080	312.609	57.778	108.336
676.262	328.264	60.605	100.767
663.822	312.298	56.647	108.129
667.105	324.613	68.909	105.941
654.306	321.072	61.952	100.659
639.666	311.882	56.456	104.631
646.258	317.721	49.615	90.756
649.293	315.792	47.204	88.405
641.682	318.163	52.297	92.762
646.148	320.718	45.842	89.970
646.734	322.749	41.887	83.740
647.863	325.077	42.891	85.550
663.369	324.597	45.248	88.872
678.477	330.967	47.789	90.712
702.315	338.393	44.656	89.148
726.744	324.473	40.533	84.188
730.451	329.342	41.753	83.742
730.858	330.367	38.074	77.349
731.326	329.755	35.817	87.693
735.985	331.002	34.192	86.399
726.996	325.876	39.333	86.623
723.759	332.552	41.879	87.071
721.633	331.178	42.496	92.044
718.166	325.947	46.112	94.736
720.760	324.545	46.857	92.960
720.074	328.324	45.893	89.732
722.429	327.540	47.645	90.248
720.453	330.645	46.575	76.355
726.165	329.289	46.834	81.979
722.366	331.818	46.858	76.526
722.158	330.213	43.872	76.028
725.535	332.088	46.027	82.676
725.801	326.072	41.801	80.081
724.305	322.730	37.367	77.859
735.290	320.648	39.351	77.621
742.399	319.782	38.920	75.074
760.239	326.523	39.125	73.933
705.429	343.581	42.523	82.115
726.043	338.009	41.628	85.048
731.768	338.999	44.175	84.086
746.619	340.674	43.452	84.041
749.263	339.127	41.894	80.963
748.906	335.035	41.203	85.141
748.501	332.410	41.042	86.778
750.622	334.105	39.104	84.125
751.645	332.644	38.128	84.164
749.904	333.205	39.538	81.072
752.143	333.185	36.635	79.774
754.359	335.703	35.865	77.713
754.295	334.930	36.407	78.110
758.644	330.760	34.854	81.465
762.423	328.412	33.323	85.983
764.546	328.386	34.001	85.416
765.978	332.104	34.603	80.737
768.284	329.340	35.485	82.343
772.113	331.080	35.811	85.111
778.901	328.841	36.318	86.221
789.339	332.558	35.860	81.637
798.077	332.872	35.672	81.754
801.236	335.669	36.904	81.095
803.316	334.861	37.258	83.123
805.204	338.932	38.402	80.306
804.414	339.224	39.879	79.808
808.070	337.344	35.255	81.366
809.645	334.882	35.216	82.128
808.760	334.334	37.357	80.703
810.484	332.831	36.448	81.172
812.975	333.205	34.323	82.253
812.250	333.435	35.697	84.385
814.085	332.373	35.494	83.774
815.174	330.319	36.264	83.272
815.823	329.252	36.975	83.172
817.119	328.730	37.779	83.356
816.007	328.199	39.492	82.162
816.249	325.237	41.634	84.461
816.183	323.788	42.471	84.218
814.632	323.471	43.887	84.555
816.550	324.166	43.036	83.049
816.699	323.097	43.743	84.171
818.603	323.749	44.165	82.889
818.360	325.894	46.447	81.190
819.710	323.605	45.792	83.526
819.319	324.001	46.567	83.194
820.110	326.883	45.549	80.829
820.549	328.137	44.503	80.654
820.051	330.192	43.245	79.559
817.271	329.835	42.705	82.259
815.049	330.182	42.439	82.296
816.256	329.374	42.764	81.899
816.051	319.169	42.978	90.790
813.773	325.597	42.921	81.563
811.737	326.552	42.547	79.320
806.932	326.682	44.069	79.606
806.376	326.549	40.966	80.125
804.923	325.889	39.975	80.735
804.418	325.781	39.110	80.674
803.825	323.498	39.235	83.093
806.205	323.803	36.145	83.035
806.750	326.251	34.984	80.237
806.284	323.858	34.812	82.169
805.465	324.608	36.144	81.015
806.076	325.748	35.327	79.755
805.779	320.943	37.157	84.504
805.741	322.813	38.103	82.583
806.221	322.990	38.743	82.591
806.109	322.947	39.467	82.770
805.795	323.326	39.255	82.074
805.143	324.900	40.315	80.362
805.800	323.150	40.909	81.481
805.687	323.160	41.274	81.240
807.417	322.478	40.182	81.922
807.851	323.349	39.964	81.108
808.370	321.455	39.506	82.944
808.165	319.192	40.554	85.031
808.663	318.054	40.501	86.132
809.457	320.501	41.009	83.789
808.232	322.452	41.430	82.190
809.543	322.450	40.160	81.862
809.379	325.290	40.123	79.262
808.391	322.865	40.833	80.963
808.725	329.256	41.911	74.927
808.601	323.144	41.741	81.578
809.646	325.323	42.166	80.055
812.199	324.440	39.991	80.258
812.516	322.670	40.601	81.815
813.311	322.896	39.505	81.225
814.725	319.012	39.067	85.220
816.628	320.922	38.139	84.073
818.443	320.025	36.732	84.727
818.831	321.244	36.137	82.553
819.657	321.703	36.197	81.828
819.453	322.000	37.288	81.578
821.302	321.577	36.706	82.598
821.647	321.766	36.422	82.043
821.931	320.453	36.527	83.218
822.667	318.721	36.859	84.915
822.060	319.075	37.977	84.576
823.524	317.439	36.322	86.273
825.094	322.255	35.535	82.706
824.094	320.596	37.846	81.708
825.571	321.743	35.503	80.542
824.352	322.210	37.117	79.462
824.815	322.199	36.948	80.368
825.406	321.711	37.043	81.361
826.991	322.928	36.501	79.354
827.711	323.462	37.812	78.187
828.004	328.418	39.180	74.894
827.108	321.691	38.809	80.838
829.566	325.226	39.115	77.226
830.824	326.832	39.211	75.752
832.853	322.846	39.928	80.053
830.723	321.951	42.109	80.379
832.760	323.133	41.456	78.781
833.083	323.373	40.825	78.893
832.271	323.373	41.795	78.958
833.089	323.192	41.708	78.954
834.210	322.745	41.304	79.467
835.574	321.772	41.192	80.006
837.650	321.452	40.191	79.897
838.827	321.372	39.802	79.757
839.778	320.773	39.343	78.913
841.306	319.364	39.850	81.385
841.554	319.065	40.314	80.948
843.921	321.040	39.169	79.785
845.047	319.387	38.945	80.965
843.546	321.907	40.573	78.049
844.610	323.935	39.779	75.458
849.585	323.926	35.736	74.482
850.870	324.505	35.933	74.011
849.183	324.703	36.666	73.945
852.958	323.806	34.744	73.886
854.015	324.031	34.139	74.714
855.023	322.510	33.960	76.739
856.551	322.538	35.039	76.580
857.958	327.015	36.412	71.907
862.243	325.784	36.672	72.383
869.709	320.875	35.531	74.081
871.358	325.536	36.250	73.064
873.990	317.532	36.731	79.529
874.735	324.242	39.030	75.178
876.586	320.271	38.813	76.994
880.625	322.663	38.511	75.765
883.683	319.873	36.729	77.746
886.434	319.297	35.676	79.619
888.394	320.347	36.911	79.273
889.764	323.072	38.953	79.567
891.132	326.568	38.755	77.502
888.922	325.759	40.687	80.637
891.057	328.920	41.055	77.121
889.856	323.883	40.103	81.771
891.853	326.565	41.126	79.618
905.249	321.409	40.891	84.809
916.674	321.671	41.228	85.192
