330.000	232.000	70.000	88.000
331.743	232.116	69.641	87.846
330.134	231.095	70.191	87.957
328.475	230.237	73.907	87.313
328.643	228.822	74.833	86.724
332.421	229.039	73.842	87.354
335.618	230.059	75.102	86.696
340.081	229.743	75.386	86.764
343.071	229.507	76.630	85.795
346.953	229.941	78.895	86.306
351.320	230.632	81.085	84.034
367.563	230.484	77.040	80.635
382.337	227.820	78.446	77.354
397.829	225.475	81.752	72.932
420.858	219.868	83.573	74.331
448.097	212.997	83.020	76.574
494.110	205.588	78.790	76.610
529.882	204.919	75.176	72.896
551.732	203.140	79.057	73.526
584.727	201.261	77.110	69.933
606.047	201.972	78.497	67.198
636.222	204.495	69.907	70.827
653.951	205.961	66.038	76.917
658.771	208.961	68.055	78.077
662.300	210.730	67.097	78.171
663.940	213.354	66.302	79.398
663.503	215.938	63.717	79.872
662.102	218.919	61.709	77.952
660.572	220.005	59.648	78.219
659.026	219.990	58.402	78.284
657.099	220.168	58.938	78.019
654.550	220.632	61.823	78.937
651.815	223.246	68.116	80.000
649.478	228.444	72.492	80.726
642.748	235.183	73.083	84.118
633.871	244.817	77.141	85.034
616.964	259.401	85.680	86.126
585.732	279.384	94.291	80.434
545.878	291.698	101.470	75.766
508.192	293.584	96.490	77.554
482.080	281.193	86.959	87.996
461.477	269.630	88.339	84.636
435.968	260.418	92.543	81.887
425.656	255.064	96.070	84.034
420.932	254.890	95.447	82.332
419.586	253.046	92.078	85.868
423.963	252.777	85.424	87.403
428.854	258.606	79.820	84.300
433.685	260.430	78.402	83.192
446.070	263.596	75.844	78.880
457.604	264.772	76.915	76.802
463.677	262.160	75.003	80.673
465.209	256.403	73.650	83.335
469.526	258.560	73.490	78.012
473.230	256.707	72.111	78.821
474.778	257.963	73.389	79.662
476.469	260.342	74.209	79.735
480.020	259.999	73.672	80.043
481.675	262.179	74.900	79.951
489.751	257.519	71.551	82.937
498.889	252.226	71.424	80.579
508.418	243.399	71.226	82.748
520.128	239.477	71.820	80.694
529.461	234.708	70.200	83.419
536.167	237.640	68.997	79.956
540.423	236.753	67.981	79.401
544.627	233.852	67.620	81.679
546.961	235.310	69.997	78.438
547.643	235.520	72.413	78.203
548.306	235.733	73.361	78.389
548.473	235.841	74.304	78.982
550.282	235.045	72.965	79.902
552.103	232.100	73.363	79.475
552.452	227.259	74.102	81.240
552.010	224.377	73.852	80.449
552.932	222.220	71.819	79.175
551.636	221.404	72.967	79.126
548.523	220.056	75.713	78.321
545.176	219.430	77.720	78.610
540.862	218.241	77.875	79.727
535.994	218.546	79.001	78.775
530.207	219.952	81.087	76.040
524.255	221.364	80.164	74.930
518.608	223.880	80.157	73.131
514.722	230.507	78.805	65.248
512.072	244.576	79.790	50.688
501.234	268.222	91.374	40.138
500.137	275.811	85.961	53.492
499.019	284.285	83.987	61.059
507.591	285.455	72.823	69.458
518.492	284.695	63.398	73.759
520.888	285.694	63.335	74.569
521.263	284.603	64.173	72.695
519.507	283.633	66.554	68.226
514.195	282.714	72.987	58.950
511.737	280.639	76.883	48.847
510.718	276.942	79.107	41.756
510.747	273.575	78.857	37.742
509.125	271.983	79.401	37.051
508.133	271.161	79.532	37.398
507.087	270.488	82.410	42.351
506.606	269.358	80.154	46.797
505.744	269.346	78.882	49.892
504.171	269.378	69.278	52.162
504.560	270.946	68.083	53.843
499.540	274.776	65.202	79.172
487.266	253.042	71.544	80.276
481.666	229.792	73.319	87.939
475.238	227.848	80.647	83.617
475.597	224.604	79.825	86.568
473.493	224.688	80.599	85.142
473.355	223.659	79.072	86.044
474.084	224.818	78.316	84.910
475.508	226.865	77.462	82.267
476.467	227.917	76.723	80.949
476.673	228.207	77.491	80.486
476.084	228.368	79.176	80.615
476.688	228.185	79.667	80.850
477.210	228.880	79.964	80.573
477.905	229.721	80.407	80.233
479.149	230.250	79.834	79.829
478.758	231.791	79.798	79.429
481.945	232.432	76.460	79.931
484.170	233.085	77.041	80.542
487.095	236.473	78.853	80.926
488.850	238.930	79.165	79.020
491.903	240.885	80.147	78.721
498.496	241.689	79.310	77.582
500.135	243.123	81.061	76.182
498.543	243.602	84.445	75.764
495.497	242.805	86.375	75.832
498.486	241.735	80.550	76.628
492.066	241.453	82.839	76.715
488.008	241.729	81.733	76.921
484.358	241.968	79.182	77.206
480.446	242.141	80.617	77.306
479.268	241.610	79.445	77.355
479.472	241.333	77.033	76.990
480.009	239.962	75.807	77.486
480.136	238.743	75.785	77.969
479.346	238.119	76.225	78.120
480.682	236.961	74.462	78.545
479.876	236.849	75.024	78.140
479.406	236.590	75.248	78.263
478.147	236.851	74.782	78.322
474.422	236.947	75.519	77.735
468.938	236.867	75.799	78.177
462.002	236.880	77.935	81.417
454.283	238.608	82.431	81.439
451.744	240.708	77.294	78.820
449.206	240.159	76.820	78.022
448.107	239.743	77.835	78.507
447.350	239.187	77.752	78.371
446.691	239.380	78.653	78.119
446.796	238.780	78.957	78.726
446.991	238.627	78.538	78.867
446.991	238.470	78.908	79.065
446.758	238.991	77.705	78.591
447.181	239.995	79.455	77.076
447.674	241.153	80.592	76.712
449.833	244.013	80.370	77.052
451.793	247.840	77.842	77.472
456.781	252.323	75.278	81.237
459.487	258.538	75.449	75.887
461.269	260.547	80.120	75.565
464.942	259.964	86.226	75.055
466.411	257.785	83.547	73.858
467.834	249.358	82.278	77.500
464.526	244.664	84.029	77.831
462.507	241.612	84.612	78.920
459.999	239.411	85.743	82.783
457.318	238.323	87.187	85.842
455.044	237.803	87.451	87.830
454.414	236.166	87.242	91.128
453.038	235.859	88.519	91.283
455.912	233.351	90.784	94.439
453.068	233.459	94.563	96.991
452.352	234.548	96.005	96.066
451.984	236.722	98.175	93.748
451.710	238.486	101.691	92.290
451.387	240.442	102.099	91.074
450.509	240.874	100.855	93.214
449.645	236.921	97.995	99.448
447.544	234.183	99.698	102.463
445.248	235.349	104.560	99.882
445.108	236.556	107.681	102.328
465.710	235.260	93.680	110.234
455.317	231.428	103.666	119.363
471.571	233.477	87.397	119.683
468.847	230.806	82.239	126.771
469.064	232.139	81.371	124.238
469.334	229.286	82.876	119.518
469.123	227.564	86.520	124.900
470.091	226.295	85.151	128.361
468.682	224.884	90.923	128.748
466.776	225.275	94.776	127.711
466.287	225.276	96.851	127.260
465.732	226.898	100.466	126.769
468.166	224.334	102.013	127.415
470.641	228.110	106.132	121.564
475.165	231.347	107.028	119.654
479.261	231.414	107.522	120.089
492.753	230.874	98.130	114.341
476.044	230.827	107.396	127.754
500.469	229.266	93.265	118.978
475.345	245.415	97.202	114.278
492.328	225.555	102.406	129.813
478.681	223.246	116.516	129.724
481.821	219.819	118.305	123.962
494.201	217.440	111.013	126.562
492.627	216.913	114.077	125.749
486.554	217.293	118.764	125.026
483.360	218.137	120.166	126.897
477.732	218.865	119.058	122.858
472.996	218.524	123.667	125.188
461.509	221.986	130.447	118.290
447.541	242.213	122.751	97.415
443.492	261.934	103.796	78.686
435.849	271.083	98.107	69.119
418.881	269.973	105.057	74.657
411.394	268.655	104.415	81.971
412.532	267.658	97.780	86.218
410.324	264.713	95.512	88.776
408.915	256.135	95.424	92.597
411.471	253.811	90.516	92.040
413.845	251.470	90.049	91.619
415.764	252.112	87.463	88.421
415.653	249.929	88.123	88.457
417.065	252.784	87.455	82.188
420.488	251.022	84.602	82.744
422.417	251.784	83.748	81.045
423.470	248.920	82.601	83.533
420.966	248.017	84.048	84.640
414.564	249.853	85.484	86.597
406.739	254.840	85.016	82.337
394.858	253.178	85.394	84.410
387.425	255.335	80.627	79.788
380.392	253.921	78.186	79.438
374.269	252.015	75.345	80.380
372.278	249.309	73.484	82.616
372.132	249.088	72.834	81.876
371.637	247.868	73.572	82.659
371.981	248.173	73.659	82.085
373.095	246.710	74.935	83.078
375.092	246.839	74.645	83.652
377.920	246.297	74.927	84.711
379.837	248.176	75.290	82.767
384.101	247.763	76.193	83.791
389.523	251.132	78.965	81.239
397.713	251.669	80.566	83.341
410.017	254.093	82.327	81.058
421.371	254.342	84.800	80.669
425.631	249.405	99.638	86.308
437.434	237.673	105.915	87.344
442.231	214.178	106.853	91.354
458.678	205.100	95.824	75.495
459.254	187.849	93.179	85.725
452.267	180.853	88.004	87.419
435.185	188.600	83.615	79.172
418.953	195.425	96.729	78.839
402.080	205.111	106.143	75.718
394.336	218.231	106.992	71.594
393.775	225.225	105.445	71.032
392.671	232.064	108.446	71.274
394.341	238.148	106.454	67.109
395.997	246.161	104.753	61.105
394.804	255.661	104.634	51.886
394.507	265.594	105.281	43.243
419.899	274.070	88.909	45.045
421.327	275.041	91.615	45.601
430.990	277.511	80.078	56.674
441.083	277.914	77.127	55.326
436.576	279.050	79.209	51.432
439.467	278.203	76.141	46.978
437.954	276.681	76.206	43.430
430.319	279.520	83.450	39.571
419.751	282.828	91.526	35.285
420.231	286.331	87.238	34.367
415.667	293.637	89.548	28.605
413.988	289.159	95.374	39.166
412.400	285.115	99.741	50.840
411.592	283.216	102.343	56.985
409.791	283.508	105.085	59.429
410.006	282.459	104.516	63.545
409.566	280.763	107.971	66.699
405.065	280.525	108.571	66.591
406.130	278.971	104.761	68.233
407.544	275.270	102.317	69.676
407.887	273.668	101.263	67.911
407.940	273.332	98.604	65.467
410.631	275.860	90.281	60.423
411.566	268.488	86.488	65.432
411.942	260.854	83.074	70.005
412.916	250.725	81.420	74.073
412.963	244.612	83.384	69.693
411.109	236.790	84.836	68.668
409.463	227.767	89.230	69.155
408.256	219.656	101.243	69.931
408.766	216.922	107.349	68.200
411.855	217.284	102.036	64.966
414.049	230.083	102.867	53.590
415.914	244.356	99.733	39.560
425.454	255.130	91.814	39.196
431.035	258.774	94.686	51.453
422.998	260.607	96.028	57.149
416.564	259.737	104.070	49.865
420.690	259.642	96.062	45.848
420.828	257.406	97.340	47.460
415.865	255.731	95.719	49.619
415.676	250.999	89.798	60.040
417.201	246.232	86.985	68.566
416.603	245.835	87.202	70.379
416.411	247.067	89.453	70.763
416.523	263.323	89.451	59.462
411.980	263.454	88.132	67.524
417.366	265.230	75.462	75.216
423.735	271.701	63.120	78.571
425.045	281.824	56.051	76.749
428.074	281.844	50.722	77.154
432.693	280.932	52.365	74.030
434.898	277.941	68.015	63.996
428.477	290.191	83.839	42.686
430.949	295.664	83.897	31.159
432.195	293.043	78.419	48.306
422.415	289.266	76.071	63.387
413.001	283.855	72.557	74.535
403.576	280.785	71.151	78.614
388.156	278.305	80.954	78.728
382.574	272.487	84.335	84.170
378.489	269.501	88.347	86.730
378.766	265.440	90.236	88.491
382.231	261.754	90.164	89.298
386.702	257.588	88.248	90.905
394.986	255.841	83.719	88.826
401.022	254.353	80.369	83.524
412.563	254.290	69.282	78.022
420.722	255.143	64.457	74.886
431.720	253.386	69.127	76.898
450.036	268.931	88.980	74.835
444.184	255.605	99.147	99.858
429.136	240.660	118.075	110.781
427.700	235.638	113.926	118.732
526.835	216.026	99.768	81.395
517.460	217.017	99.457	74.044
513.341	216.631	100.176	73.874
510.849	218.080	94.892	79.020
504.686	221.962	91.885	82.086
501.106	228.033	94.009	77.587
484.254	231.855	95.108	96.149
468.333	235.762	92.422	100.613
454.745	222.512	93.240	118.149
456.395	217.336	93.304	125.198
460.630	218.154	84.120	130.829
465.532	223.887	85.708	129.785
470.015	224.095	79.265	132.944
478.231	281.127	89.287	81.649
479.134	297.396	94.177	65.783
480.010	293.949	72.918	71.331
475.819	288.974	71.598	76.630
498.373	262.287	94.450	105.839
500.996	251.796	106.125	117.619
494.956	258.938	116.829	120.984
491.014	258.210	122.155	124.910
486.000	264.077	127.364	125.352
486.589	268.648	125.914	121.914
488.084	270.990	122.203	121.958
491.295	274.085	118.570	120.997
494.225	283.873	116.108	111.733
499.852	284.475	109.740	117.472
503.623	285.096	107.795	119.253
505.360	283.619	106.772	120.120
506.249	282.005	105.607	121.614
505.290	280.820	107.535	121.879
504.876	282.228	114.417	119.502
502.172	280.693	118.449	120.476
501.756	281.470	118.640	119.516
498.573	278.573	121.434	122.058
496.296	280.004	123.185	120.114
494.783	279.510	124.263	120.608
495.821	281.511	123.378	119.189
496.130	282.818	123.353	118.275
496.757	284.344	122.680	116.524
495.883	284.764	124.030	116.569
494.667	284.129	125.255	117.870
493.834	286.063	125.157	117.505
491.665	285.547	126.489	119.835
488.834	289.307	129.629	117.156
479.387	293.037	140.401	113.953
458.800	297.819	151.603	109.508
442.388	303.098	112.205	89.874
439.042	311.022	99.927	83.328
433.795	314.631	88.615	73.947
422.345	316.935	80.327	73.545
414.396	318.614	68.807	72.779
402.042	317.152	65.742	77.825
398.145	314.346	59.796	77.873
394.838	313.565	57.597	82.903
393.242	308.958	54.353	88.010
391.640	304.668	56.260	92.252
397.352	283.220	45.679	100.068
395.732	283.130	49.459	92.004
396.515	281.586	52.263	88.458
396.578	275.009	55.265	88.301
395.573	269.617	58.728	88.620
397.040	263.593	58.133	89.183
396.357	260.814	57.822	87.796
396.882	260.373	59.634	87.256
394.180	258.729	67.694	85.246
389.261	256.245	61.597	87.207
381.592	256.791	73.814	83.384
380.533	256.816	76.443	84.843
378.880	254.015	77.523	90.903
374.081	253.724	109.591	109.480
367.970	249.948	118.925	117.825
361.811	245.321	119.324	122.037
357.521	237.186	120.991	129.360
355.064	239.516	131.624	125.868
356.176	238.894	117.358	126.051
359.256	235.315	123.150	128.878
360.202	233.948	114.875	132.188
360.836	231.909	105.386	133.558
362.368	225.527	98.930	136.945
372.393	246.187	78.647	119.031
374.125	243.075	70.033	118.072
410.315	258.607	77.087	94.773
389.568	253.210	65.180	109.483
396.306	241.883	76.041	89.811
397.574	243.231	77.314	85.483
398.589	266.785	68.475	69.070
400.207	268.662	78.109	66.364
396.193	252.946	75.969	85.331
389.608	238.404	62.739	100.525
389.332	237.283	53.763	122.628
391.677	230.561	46.141	137.992
395.236	259.633	58.966	116.893
396.423	277.838	65.672	97.203
395.431	293.313	60.794	86.336
390.450	303.549	67.931	77.214
385.163	307.389	68.512	73.202
379.377	304.346	69.249	77.046
376.301	272.276	67.481	109.004
375.989	267.489	67.383	110.144
373.494	262.229	48.588	101.792
367.956	267.604	61.173	95.000
346.916	269.043	91.157	108.535
343.305	271.918	108.629	114.818
344.279	271.024	116.667	114.167
346.834	275.729	134.928	107.452
355.308	276.422	144.847	108.343
368.284	279.179	162.210	108.867
387.867	280.813	165.682	110.808
406.993	282.023	164.768	114.065
428.541	286.364	164.389	111.846
454.128	288.919	152.884	113.050
488.706	287.846	130.954	121.147
498.334	284.871	131.321	124.449
498.614	284.483	144.171	124.587
496.772	284.762	157.237	130.568
493.705	284.777	164.909	131.781
491.297	283.803	167.979	134.993
487.315	285.160	168.818	134.671
486.235	284.718	160.622	133.753
485.369	284.004	159.795	132.103
483.548	279.625	158.731	132.605
488.724	278.908	168.936	127.397
495.462	275.490	163.517	128.774
507.166	275.598	153.672	129.348
516.928	274.298	144.262	130.797
527.364	275.624	133.514	129.777
538.188	283.123	121.164	122.609
545.176	285.967	112.202	119.930
550.003	289.563	108.543	115.541
554.647	289.631	104.141	115.168
556.007	290.867	103.972	112.735
559.812	290.205	100.991	114.062
559.892	293.019	100.894	111.504
560.886	293.927	100.889	110.909
561.756	294.947	99.975	112.471
561.979	295.590	101.474	112.152
565.754	295.191	99.525	113.740
568.618	295.535	98.491	112.790
570.994	295.666	97.185	113.267
572.626	295.022	96.114	113.947
573.576	294.276	95.525	112.520
574.107	294.432	95.943	111.360
574.659	294.961	96.031	110.590
575.145	295.299	95.146	109.541
575.109	294.873	95.024	109.327
574.851	294.582	95.469	109.314
575.116	293.427	94.733	109.446
575.408	293.949	94.210	109.002
575.577	294.289	93.070	109.219
576.452	295.928	92.818	107.616
576.105	296.599	91.846	107.952
575.155	296.728	93.024	109.614
573.762	297.070	93.345	110.213
572.777	297.436	95.078	111.324
571.388	297.783	96.255	113.157
568.590	298.432	98.976	113.825
566.917	299.081	100.891	115.060
565.714	298.748	101.880	117.098
565.088	298.816	102.849	117.738
564.755	299.142	103.541	118.902
564.589	299.791	103.940	118.798
564.898	300.025	103.646	117.841
565.610	299.398	102.866	118.170
566.493	299.609	102.042	117.474
567.672	299.591	100.349	117.082
568.190	300.004	98.982	115.633
567.642	299.716	98.234	115.936
565.529	299.430	99.975	115.820
564.989	299.124	99.920	116.722
564.040	299.247	101.277	115.758
563.756	299.169	102.684	115.026
562.856	299.375	104.586	114.371
561.878	299.800	105.876	114.383
561.366	299.924	106.465	114.242
562.957	300.370	104.882	114.031
564.356	299.821	103.781	115.198
565.423	301.105	102.785	114.620
567.769	301.331	99.994	115.256
568.833	302.149	99.219	114.480
569.489	301.974	99.011	115.102
569.619	302.512	99.287	115.669
569.900	302.550	99.355	115.794
569.689	303.004	101.222	116.231
569.023	303.495	102.985	116.972
569.155	304.087	102.924	116.766
568.992	304.729	103.630	116.522
569.155	304.671	104.296	116.580
570.086	304.204	103.568	116.649
571.296	303.853	102.333	116.685
571.711	303.811	102.134	116.304
571.897	303.811	101.931	116.383
572.238	304.109	101.703	116.865
572.503	303.965	100.849	117.605
571.906	304.197	100.808	116.957
571.322	304.506	101.096	116.352
571.072	304.283	100.626	116.524
570.288	304.340	102.126	116.109
569.373	303.731	103.761	116.130
569.173	302.554	105.069	116.762
568.766	302.798	105.535	117.472
569.347	302.798	104.093	117.029
568.991	302.481	104.254	115.861
570.257	302.148	103.624	117.453
571.025	302.488	102.835	117.304
571.590	302.698	100.698	117.261
571.929	302.304	100.406	117.483
570.197	301.833	101.501	117.304
568.754	302.738	103.295	116.149
567.902	302.310	102.497	116.761
566.298	302.543	103.496	116.527
566.009	301.808	103.734	117.387
564.660	301.531	104.585	118.189
561.430	301.427	107.442	118.364
560.225	301.956	109.198	117.744
559.216	302.281	110.011	116.825
559.070	301.692	110.214	117.097
559.609	301.604	108.784	116.908
559.728	300.897	107.343	116.636
560.781	301.177	104.148	116.061
561.702	300.977	102.792	116.206
561.546	301.082	103.120	115.530
561.410	301.537	103.699	116.460
561.786	301.022	104.426	116.548
562.775	300.736	103.505	116.484
563.123	301.176	103.430	115.391
564.172	300.853	102.908	115.897
564.442	300.246	102.538	116.297
564.496	300.428	103.163	115.908
565.496	300.717	102.148	115.068
566.174	301.178	102.625	115.235
565.539	301.234	102.805	117.182
564.992	300.919	104.111	117.867
564.813	300.216	104.253	118.382
564.972	301.386	104.670	117.213
565.317	301.663	104.378	117.521
565.180	301.393	104.350	117.504
564.697	301.393	104.231	117.504
562.910	300.657	104.970	117.569
562.357	300.470	104.670	117.205
560.471	300.216	104.801	116.710
558.190	300.334	105.798	115.049
556.219	300.011	107.667	116.367
552.971	300.318	111.141	116.244
550.215	300.096	113.205	116.757
550.354	300.394	112.605	116.438
550.131	301.280	112.508	115.532
549.382	301.222	112.498	115.753
549.435	301.252	112.405	115.288
549.783	301.634	111.538	114.723
550.156	301.709	111.414	115.107
550.534	301.651	110.848	116.037
550.419	301.899	110.165	117.578
550.119	301.550	110.809	118.118
550.821	302.828	110.003	117.455
552.527	301.829	107.580	119.101
553.590	301.540	107.017	119.128
553.831	301.302	106.869	119.530
553.357	301.182	107.443	119.242
551.476	301.719	109.253	119.031
553.069	301.130	107.634	119.502
553.597	300.740	107.737	119.495
554.492	300.200	107.109	118.986
556.201	299.739	106.692	119.109
556.794	298.538	107.592	119.667
557.837	300.096	109.063	118.370
558.034	298.592	110.724	119.566
560.351	298.411	109.881	121.481
567.221	297.748	101.858	121.832
570.073	289.806	99.644	125.771
573.398	296.815	96.175	118.663
569.334	194.090	103.780	81.887
579.002	192.416	92.967	73.317
590.988	192.718	81.705	73.151
601.620	195.317	65.042	71.673
602.867	200.493	62.517	74.496
604.111	205.588	59.508	74.049
600.435	210.437	60.645	75.585
587.046	216.782	70.426	74.920
568.445	220.423	78.058	79.968
561.940	220.581	84.538	87.565
539.951	225.493	94.681	88.981
520.106	231.270	93.708	94.589
493.798	239.335	90.269	93.455
466.760	253.652	93.953	87.127
446.731	264.781	94.121	84.025
415.802	275.827	106.393	82.517
401.365	281.323	103.097	80.154
382.377	283.805	106.824	77.042
366.816	285.464	106.947	78.380
355.695	289.376	109.336	75.737
349.528	292.177	109.081	73.817
347.273	291.442	109.021	74.961
347.208	291.776	109.133	78.777
350.517	286.945	112.013	85.215
355.383	293.281	121.021	84.980
383.676	290.204	115.962	85.947
411.574	274.077	113.632	83.894
439.067	237.299	113.433	93.715
454.584	192.568	108.879	110.615
443.567	184.963	97.911	87.067
434.547	177.462	99.705	77.935
425.384	156.610	100.036	95.201
419.255	144.781	86.476	94.629
407.940	149.709	92.367	83.861
396.202	152.575	103.703	87.095
388.226	165.370	109.643	76.558
384.875	179.172	108.735	85.571
376.994	190.197	124.531	93.860
370.204	211.016	145.003	87.806
371.342	221.581	147.814	92.566
362.472	261.239	111.004	96.440
361.324	267.195	123.097	106.427
375.010	254.187	123.944	124.558
408.487	251.766	107.918	123.946
425.573	282.824	115.789	118.035
417.123	250.130	102.197	121.009
409.528	230.739	85.484	125.530
426.379	230.228	73.420	116.823
444.291	256.605	66.179	124.848
446.738	275.734	90.385	128.985
443.020	278.145	85.814	136.298
442.568	271.506	88.493	136.627
435.870	264.234	83.677	137.422
433.439	258.925	85.423	143.308
434.965	254.156	82.454	144.503
434.633	261.045	72.658	143.827
430.076	255.703	74.325	140.303
420.246	266.760	81.273	123.992
416.340	261.584	86.215	127.419
413.071	259.609	90.565	129.261
410.878	257.226	95.976	131.989
411.009	252.058	101.886	135.598
410.745	245.375	104.174	139.580
412.590	242.779	106.379	139.445
416.012	238.529	103.571	136.802
423.600	234.876	97.164	134.057
424.831	227.827	92.513	133.651
439.393	223.834	79.227	139.877
437.609	217.963	71.734	141.363
448.584	220.871	72.236	134.492
444.775	219.829	80.477	135.639
446.871	220.414	78.605	138.048
441.575	223.345	90.599	137.406
439.584	225.417	94.549	141.034
439.309	234.544	90.698	134.136
439.532	233.709	82.991	136.041
438.680	227.569	81.422	143.132
440.832	223.621	78.230	145.920
438.019	219.312	81.175	148.925
444.554	212.144	76.973	151.799
443.679	209.707	81.461	146.032
438.984	209.253	87.631	144.648
435.621	207.154	96.812	137.130
438.833	204.261	98.356	135.200
440.818	202.161	101.420	132.838
447.701	199.739	102.624	132.148
458.238	199.439	99.168	128.578
469.463	196.322	95.053	125.675
472.735	195.418	98.611	122.545
482.308	196.085	93.997	119.500
486.613	196.869	92.643	119.787
489.430	198.204	88.164	115.538
496.682	198.957	80.906	116.942
495.823	197.483	79.248	116.356
495.288	195.879	77.071	119.462
494.718	194.646	76.063	120.508
492.390	193.991	78.960	119.089
488.428	191.968	84.868	122.622
477.439	192.202	93.853	125.463
467.167	194.453	108.948	126.118
459.299	202.894	118.978	121.993
451.704	211.885	131.130	114.416
446.799	217.164	146.968	109.607
445.545	224.053	146.906	104.797
448.884	240.728	154.254	86.391
444.016	252.911	168.762	69.695
438.362	255.178	166.762	62.184
459.812	258.580	155.649	69.782
443.875	261.918	168.123	80.734
463.091	262.776	158.349	80.349
448.083	263.171	168.725	88.783
459.854	263.564	168.342	100.531
476.620	267.290	165.176	103.877
495.431	271.768	157.674	103.012
496.598	275.699	159.503	104.263
496.179	277.069	164.009	107.272
506.355	280.015	162.731	110.749
517.502	280.733	151.404	116.684
530.249	286.005	138.637	115.603
538.625	289.992	130.917	112.986
541.488	289.444	124.788	115.212
541.759	288.721	122.635	116.193
537.681	292.191	125.273	114.244
537.922	292.110	125.468	114.078
548.523	293.094	118.069	123.449
558.288	293.040	104.706	127.002
541.147	291.042	119.671	125.049
559.492	294.425	100.810	130.446
550.744	291.055	111.243	125.672
551.779	291.657	104.571	127.951
556.496	287.474	99.513	134.973
553.558	287.601	115.128	128.240
551.380	288.051	122.649	119.454
552.753	283.712	121.311	116.453
547.468	281.128	124.527	111.301
539.023	281.080	128.713	109.038
530.972	280.315	132.756	113.758
526.990	280.981	134.788	116.046
515.941	278.718	127.337	109.847
504.107	276.009	125.945	108.433
498.183	277.782	124.076	103.142
488.895	277.360	134.793	108.457
482.173	277.427	143.364	101.766
478.915	283.685	150.398	99.970
479.533	283.417	152.396	106.206
484.739	288.651	163.244	105.381
503.363	291.057	138.216	115.691
479.848	295.725	157.654	133.683
512.374	291.215	150.028	137.092
507.347	293.407	149.649	139.293
512.129	293.543	141.469	141.304
518.689	295.302	132.540	142.362
517.875	295.630	133.077	142.894
517.429	296.310	130.910	141.273
526.226	297.944	124.714	139.491
528.393	296.162	121.335	147.656
527.675	297.337	118.074	148.753
529.190	294.597	124.065	146.155
423.561	281.321	117.353	107.795
448.728	256.177	100.527	96.649
455.983	233.678	92.561	93.252
452.087	216.586	82.662	84.861
442.171	207.960	94.443	88.882
424.921	209.454	101.570	88.290
412.592	216.480	110.129	83.991
414.978	223.926	106.545	83.560
418.842	234.357	106.824	79.830
419.920	246.542	109.936	76.600
420.983	254.349	111.332	81.047
424.047	264.597	112.143	77.122
428.606	268.716	110.055	78.169
432.240	271.344	110.433	79.357
434.600	274.691	109.755	77.762
435.604	279.249	108.207	73.717
435.273	281.475	108.179	69.893
434.379	284.011	108.541	65.262
434.959	287.575	107.810	60.463
434.500	291.827	106.344	57.217
434.310	298.212	104.515	53.316
435.021	304.531	105.975	51.940
438.223	310.783	100.717	54.333
442.608	314.207	90.207	59.767
445.041	317.088	82.713	66.925
445.697	322.197	74.266	75.839
447.047	324.031	71.169	82.377
442.243	333.254	74.001	79.563
434.994	352.448	85.467	64.300
429.804	364.212	88.823	60.320
414.954	378.606	92.151	67.175
404.434	383.691	96.016	77.550
400.798	389.249	92.064	79.454
398.714	395.210	87.740	76.954
398.300	396.528	91.365	78.314
401.680	389.905	107.480	84.615
416.600	376.762	111.929	90.167
454.924	351.351	91.736	92.914
467.539	316.724	89.510	94.703
478.178	282.259	84.645	101.052
468.917	254.214	84.062	100.202
458.342	238.792	92.136	91.205
450.660	226.359	95.173	87.640
447.533	224.256	93.426	70.817
448.228	211.375	91.046	86.857
444.276	212.963	83.377	88.161
443.754	220.483	80.342	90.243
436.247	231.252	90.190	97.993
423.448	251.777	97.598	90.209
419.932	277.488	93.296	84.028
419.996	297.980	108.472	84.259
431.069	298.284	110.357	80.717
454.056	288.701	102.690	78.764
493.715	269.897	97.941	76.440
515.845	250.641	101.994	74.901
534.316	240.912	101.511	67.301
544.979	238.939	97.226	60.184
559.618	237.283	86.252	64.964
567.110	236.625	78.506	66.868
571.754	237.489	72.786	67.159
563.941	236.812	73.751	71.127
564.092	241.471	73.248	72.551
561.295	241.331	77.608	76.098
556.123	239.484	83.446	80.865
550.105	238.992	86.848	86.193
540.331	243.199	90.099	90.384
534.539	244.190	82.396	92.199
533.373	249.250	83.778	90.757
531.965	252.284	80.845	87.620
528.751	257.061	81.327	87.166
527.109	258.407	82.080	87.614
514.798	259.022	93.705	90.387
512.523	257.158	94.409	93.318
509.335	257.214	98.140	92.866
506.372	257.634	101.201	92.804
503.343	258.160	101.497	91.726
500.182	253.686	100.961	94.119
497.972	251.126	97.902	92.843
495.371	249.483	96.132	90.707
498.474	249.118	87.862	87.570
492.585	247.447	82.665	84.788
488.211	244.884	81.151	84.650
484.086	245.709	78.098	81.097
480.526	246.630	75.591	80.255
475.899	250.670	71.120	81.470
473.288	260.918	66.423	81.412
472.067	270.252	64.671	81.999
470.045	283.387	67.041	78.233
470.153	292.141	70.335	79.508
473.089	298.777	74.326	80.634
473.946	303.672	75.718	81.362
475.746	304.727	73.959	80.912
474.148	304.846	72.135	79.484
468.251	301.567	72.777	78.481
464.283	294.380	72.382	80.503
455.943	281.204	76.370	85.043
450.254	267.288	82.343	85.710
448.199	254.357	82.768	83.822
449.792	237.778	82.006	88.011
452.207	229.313	77.968	86.871
452.060	221.705	77.452	84.313
444.342	216.755	85.002	83.087
441.815	215.206	90.672	79.503
441.331	213.990	91.653	79.457
441.142	213.227	92.229	80.025
441.058	213.725	93.394	80.797
443.158	215.281	92.354	80.743
445.050	218.821	91.232	79.064
449.784	221.901	86.999	79.597
456.447	225.408	80.566	83.354
460.881	227.138	85.253	87.051
473.368	242.674	81.406	74.035
470.554	269.430	81.445	59.776
464.467	287.222	80.306	58.974
454.686	305.281	87.428	51.028
444.905	319.611	92.272	52.792
437.754	325.421	95.189	52.351
441.246	325.067	91.842	53.087
451.386	304.072	89.835	67.298
469.500	271.825	79.442	81.143
448.004	247.830	96.564	76.828
445.294	224.709	98.515	75.877
440.407	198.995	86.594	81.984
422.164	186.504	100.151	81.745
419.989	183.598	102.655	75.054
416.818	168.519	100.347	86.834
411.570	168.454	91.180	87.696
404.319	169.992	104.059	88.813
406.825	171.596	100.672	99.105
402.938	188.304	103.967	100.815
398.300	217.537	110.656	96.033
401.861	250.077	109.202	93.068
402.988	286.797	99.824	103.903
401.374	323.989	120.916	82.563
403.361	360.602	116.854	100.140
409.748	402.213	115.196	99.389
415.302	452.968	114.291	95.466
415.127	486.153	131.251	85.053
540.156	312.188	124.452	128.514
541.646	294.070	123.111	145.516
541.349	293.407	122.637	143.403
537.051	292.729	124.857	143.344
533.734	290.948	124.663	142.816
530.788	288.863	124.125	143.577
527.443	286.345	123.649	145.471
525.962	286.995	121.075	143.768
522.164	289.507	118.807	140.858
517.355	290.649	118.857	140.417
514.973	291.830	117.899	139.413
513.411	291.463	116.938	140.243
511.029	291.878	119.174	139.923
504.761	290.479	123.888	146.322
497.270	290.329	129.376	146.760
487.649	291.418	138.725	143.623
479.037	291.574	150.001	140.779
468.202	293.582	166.188	127.052
447.617	288.845	135.136	126.980
437.123	282.223	99.519	126.105
424.925	277.325	104.322	123.695
413.948	271.010	108.458	125.054
403.094	264.268	117.181	127.889
393.680	255.057	121.904	134.458
387.888	248.091	123.669	138.193
380.097	242.115	130.247	143.516
374.011	238.297	135.083	144.036
370.185	236.179	138.082	142.084
367.564	235.615	139.741	137.465
359.443	236.787	148.884	131.134
357.526	237.098	150.999	129.266
360.049	234.484	150.265	131.079
361.471	235.948	151.915	128.562
366.732	236.721	152.238	128.416
374.625	239.108	149.942	128.316
382.294	241.874	148.205	128.659
392.223	246.048	146.873	126.870
403.452	249.540	144.197	126.231
418.001	251.157	144.174	127.920
429.595	254.181	142.820	127.157
440.732	254.390	140.728	127.449
453.669	253.757	134.426	126.210
469.822	244.658	124.360	129.755
491.145	226.473	105.719	131.962
498.462	206.716	97.407	128.986
494.039	191.039	108.889	126.887
485.338	176.838	126.164	123.588
470.849	171.468	142.100	122.665
452.516	166.899	152.538	116.416
440.332	164.448	155.594	107.357
433.879	165.932	144.058	104.652
432.657	169.076	121.577	101.217
431.560	175.695	113.948	101.599
432.753	188.105	108.323	107.863
448.471	198.529	114.809	117.086
445.508	207.091	105.030	123.994
448.146	212.897	103.844	124.819
452.272	218.579	91.222	121.859
451.021	224.242	89.517	119.153
449.160	225.963	87.225	124.277
450.159	225.373	85.846	117.390
452.231	225.188	92.421	136.897
452.174	224.311	89.915	119.435
447.530	227.235	96.956	110.078
446.897	225.108	97.333	115.259
448.578	222.551	95.774	116.887
447.100	218.713	99.736	118.432
448.181	210.952	103.393	123.317
449.938	203.450	105.443	124.261
446.664	202.756	109.105	119.427
451.523	200.420	108.003	120.911
449.772	202.391	110.696	120.332
453.506	203.256	108.250	121.382
452.329	206.380	110.309	112.833
451.285	203.528	110.148	107.968
451.761	195.613	108.628	112.138
451.831	191.507	110.574	113.115
452.153	191.545	110.371	112.201
453.187	194.187	106.734	113.538
449.546	196.831	107.997	116.387
444.861	200.194	107.226	117.048
444.495	204.776	105.234	114.666
445.718	212.430	108.263	112.266
446.000	222.125	106.104	108.590
446.357	230.141	106.220	100.706
446.880	235.082	105.863	94.019
453.108	242.481	100.819	87.030
459.421	243.044	95.248	87.430
464.072	243.436	93.279	89.593
464.961	246.220	93.900	85.204
466.588	246.082	93.235	86.971
469.624	241.287	91.446	90.288
472.146	240.881	90.183	85.116
463.786	246.560	97.718	75.265
461.970	257.998	99.720	63.716
463.715	272.930	104.075	57.134
465.217	271.783	105.020	58.692
467.355	272.338	101.969	59.820
467.664	272.866	101.567	59.185
462.927	275.628	96.609	57.095
462.897	273.837	87.514	57.431
459.697	271.766	87.161	55.619
458.460	273.719	85.905	53.728
433.932	304.196	67.907	84.971
433.930	300.134	61.486	87.093
437.350	280.368	79.802	89.720
435.591	284.062	75.295	92.618
427.449	287.331	68.858	91.515
417.343	294.641	61.463	91.873
406.581	289.716	58.581	99.501
398.584	290.453	58.210	105.235
389.065	297.510	73.059	107.087
385.479	302.296	84.175	98.902
380.248	304.296	96.797	98.448
381.862	303.157	103.112	97.228
385.620	303.698	103.569	95.566
393.123	300.857	99.564	88.073
399.408	294.716	99.932	90.159
407.848	287.509	97.511	93.959
416.895	280.793	97.997	83.739
426.848	267.134	96.874	89.104
434.193	255.381	103.919	94.734
433.764	245.748	110.227	91.447
435.976	238.629	101.515	87.341
432.561	234.069	96.901	83.383
433.387	233.661	102.600	79.569
427.277	237.271	95.970	74.437
424.337	241.217	95.790	71.047
424.019	246.864	96.220	71.641
424.930	252.513	98.737	72.993
425.379	254.929	98.987	74.504
430.966	254.003	97.292	79.855
436.845	257.185	94.490	80.762
442.397	271.086	93.445	73.863
448.502	276.334	94.663	72.816
454.822	282.403	91.903	75.231
461.290	287.617	88.125	80.061
464.200	293.184	87.041	82.270
466.805	302.841	85.108	81.972
468.060	310.279	81.138	82.799
466.356	317.665	80.927	78.748
467.005	322.990	75.894	75.120
466.356	326.035	74.814	73.651
463.724	329.500	78.713	72.092
461.360	330.974	80.180	71.698
459.697	331.060	82.978	72.202
460.054	325.964	81.400	74.987
461.431	312.627	76.246	83.671
472.946	283.969	75.081	98.567
464.550	259.197	96.979	95.127
455.597	235.985	106.270	91.130
472.689	209.054	99.107	96.455
477.175	188.054	113.487	99.180
448.227	172.044	113.875	90.213
432.144	158.665	134.141	98.263
430.436	154.429	147.813	103.790
428.320	157.780	136.355	101.349
429.214	158.883	139.839	103.564
417.422	181.554	114.784	99.597
412.408	203.493	107.377	106.528
409.329	229.718	111.700	97.181
414.203	276.216	108.090	86.820
419.883	295.478	100.349	96.229
423.299	338.609	91.889	83.963
419.608	381.831	88.151	90.240
422.319	407.716	77.674	119.644
417.285	438.334	87.623	118.295
408.546	460.385	103.924	98.936
417.624	482.190	93.745	79.559
419.742	485.253	109.676	79.483
421.294	483.981	128.487	82.958
424.466	488.490	166.538	79.334
429.789	490.763	160.526	79.083
439.944	489.610	150.845	82.748
444.697	488.821	138.900	84.198
447.481	487.057	125.448	87.077
448.774	487.534	120.467	85.606
449.553	487.960	119.851	84.804
449.206	488.572	119.852	83.599
448.853	488.196	119.318	84.035
449.082	488.298	118.204	84.451
448.670	490.622	118.531	82.141
448.795	493.483	118.950	80.060
449.393	492.714	118.406	81.033
449.908	491.908	117.810	81.165
450.498	492.452	116.616	80.473
450.552	493.285	116.175	79.621
451.043	493.828	115.351	78.792
452.097	494.894	113.903	77.273
452.598	494.688	113.746	77.916
453.038	494.881	112.767	77.940
453.068	495.180	112.550	77.568
452.676	494.654	112.456	78.281
452.741	495.132	112.265	77.573
452.763	495.190	111.950	77.357
453.385	495.094	111.442	76.771
453.435	495.480	110.740	76.159
453.543	495.506	111.041	76.237
453.732	495.413	111.301	76.502
453.570	495.506	111.387	76.323
453.732	495.319	111.301	76.638
453.381	495.480	111.467	76.417
453.409	495.226	111.778	76.517
453.381	495.156	111.693	76.871
453.167	494.922	112.472	77.018
453.302	495.131	112.143	76.791
453.193	495.131	112.558	76.704
453.138	494.992	112.459	76.887
453.029	495.316	112.722	76.737
452.810	495.270	112.788	76.566
452.535	495.635	112.910	76.244
452.514	495.771	112.971	76.108
452.459	495.771	113.257	76.108
453.090	495.239	112.540	76.753
453.138	495.362	112.003	76.604
452.841	496.072	112.875	76.041
452.950	496.158	112.844	76.490
453.193	495.826	112.100	76.650
453.708	495.539	111.547	77.109
453.435	494.906	111.563	77.827
452.755	494.257	112.690	77.777
452.576	494.058	112.505	78.223
452.082	494.387	112.848	77.719
452.005	494.294	113.119	77.681
452.258	494.294	112.547	77.812
452.497	494.362	112.627	77.674
452.878	494.125	112.169	77.824
452.708	494.456	112.384	77.536
452.544	494.690	112.548	77.477
452.715	494.922	112.796	77.070
452.872	494.456	112.297	77.275
453.144	494.783	112.025	76.731
453.654	495.407	111.524	76.299
453.381	495.618	112.072	76.409
453.761	494.969	111.313	76.971
453.815	494.875	111.033	77.022
453.544	495.202	111.454	76.565
453.435	495.109	111.639	76.615
453.381	495.249	111.617	76.605
453.598	494.969	111.249	76.670
453.517	495.434	111.746	76.205
453.272	495.295	112.334	76.172
453.381	495.202	112.378	76.522
453.138	495.085	112.536	76.837
453.138	495.224	112.459	76.742
453.356	494.618	112.241	77.348
453.411	494.172	112.878	77.689
453.082	494.200	112.924	78.082
453.038	493.097	112.920	79.273
453.129	493.690	113.668	78.516
453.403	494.018	113.237	78.188
