494.000	186.000	20.000	52.000
494.426	185.939	21.295	51.668
495.468	186.098	21.044	51.300
496.101	187.041	21.647	50.582
496.845	188.043	22.024	49.902
497.243	188.087	21.898	52.530
498.046	188.633	21.464	50.907
499.181	189.534	21.162	50.901
499.455	189.812	21.289	52.490
500.135	189.115	21.177	54.107
500.948	188.748	20.710	54.565
501.330	188.558	21.610	54.392
503.032	190.555	22.172	53.128
505.173	190.089	22.109	52.553
508.194	191.213	21.981	51.890
510.526	190.754	22.650	52.005
513.529	190.636	24.598	52.138
523.358	190.394	22.112	54.553
527.097	190.793	23.728	54.498
533.203	191.588	23.074	54.134
536.059	192.177	24.853	54.325
539.016	192.645	24.827	54.326
542.321	192.792	24.204	56.987
543.006	193.818	25.213	55.715
543.718	194.900	25.559	54.987
545.404	196.025	26.090	54.266
547.261	197.421	27.426	54.280
554.307	198.581	24.796	55.392
554.603	199.214	26.289	54.924
555.801	199.751	26.303	53.662
557.177	200.043	25.797	53.791
557.840	201.083	26.174	52.831
558.784	200.902	25.576	53.344
561.362	200.902	24.802	52.998
565.288	201.453	24.377	53.098
567.721	200.273	23.988	53.503
568.625	201.577	24.151	52.080
571.740	202.785	21.533	49.649
574.756	204.001	19.992	48.892
576.084	202.844	17.429	40.678
578.217	203.990	16.690	36.558
579.368	205.392	17.109	37.557
582.324	203.457	18.424	35.881
582.223	206.545	18.537	39.604
583.600	204.455	17.230	37.076
581.240	205.951	19.060	36.476
579.595	208.106	19.762	39.864
579.912	205.729	18.325	37.342
579.377	206.324	17.775	36.658
579.135	205.702	18.117	36.502
579.640	205.169	17.385	38.338
581.101	204.507	16.791	38.671
580.678	202.501	17.341	38.840
580.912	200.517	17.671	44.780
580.885	192.571	17.430	47.250
579.648	197.018	18.080	44.069
579.460	194.474	17.919	46.968
577.526	193.392	19.123	45.477
576.346	187.104	19.938	45.027
576.107	198.970	19.341	44.242
574.559	195.700	19.841	47.618
574.290	197.633	18.820	46.989
572.417	194.423	21.222	48.761
572.876	195.142	20.813	48.068
573.170	192.206	21.404	49.815
572.007	194.738	20.717	48.057
572.318	190.331	23.265	52.105
571.907	195.221	22.816	48.860
573.050	188.580	26.530	53.930
574.275	189.459	25.072	55.651
572.096	189.011	27.126	58.676
572.603	191.316	25.011	54.203
574.792	190.060	27.088	54.106
576.860	189.104	31.367	58.746
572.762	188.279	32.761	59.399
573.486	189.181	28.092	54.064
570.250	189.282	29.123	56.080
572.880	192.633	23.617	51.836
574.998	191.024	24.933	52.806
573.291	189.700	25.787	58.965
569.636	191.477	27.491	54.315
571.483	191.438	23.950	53.408
571.997	189.372	23.139	51.035
576.097	188.142	22.863	51.329
576.666	189.895	22.667	52.043
580.612	188.681	23.914	53.057
581.542	188.757	25.463	55.595
582.358	191.140	22.808	50.477
585.494	187.149	26.815	56.350
585.045	190.977	25.425	53.695
586.485	191.643	26.207	57.034
589.646	191.594	30.064	58.440
586.480	190.584	29.576	58.450
588.144	188.422	30.888	58.883
588.045	189.376	25.979	53.554
587.183	189.852	23.966	56.331
588.796	186.613	26.433	55.505
586.464	188.460	24.823	51.942
587.296	188.143	24.383	52.647
588.872	187.176	25.081	53.865
588.410	184.580	29.380	53.351
588.109	183.948	25.254	51.790
587.440	183.246	24.725	52.962
588.915	183.343	25.061	51.599
589.843	182.148	26.679	54.502
589.798	179.952	26.090	53.021
589.404	180.540	24.486	52.650
587.205	180.490	23.843	53.763
586.588	181.572	22.517	51.504
587.351	181.382	24.070	51.594
587.854	180.229	24.702	54.231
587.992	180.026	26.866	56.373
583.885	180.173	28.124	59.444
577.144	190.697	30.961	73.759
579.453	184.930	36.373	80.223
583.938	178.079	35.553	81.017
574.777	183.378	37.898	93.509
521.939	178.744	31.163	96.647
521.791	186.761	27.390	91.802
515.320	216.686	24.140	72.102
515.530	224.348	18.993	67.289
515.014	227.596	21.186	61.799
512.222	230.253	20.503	60.416
511.493	231.467	21.165	58.420
510.700	233.505	20.853	56.825
510.248	233.779	21.385	56.890
509.202	234.600	22.124	58.144
507.351	235.047	23.361	59.060
506.492	236.227	23.468	57.813
505.049	237.088	23.043	57.469
503.277	237.007	22.956	59.045
501.173	237.957	24.128	57.665
498.339	238.274	24.932	57.322
497.142	239.014	25.551	56.269
496.238	239.339	25.339	56.969
495.238	240.030	25.709	56.849
494.333	240.188	25.841	57.691
493.253	240.134	26.390	58.807
491.053	241.090	26.578	59.135
489.407	241.499	26.469	58.275
488.031	242.968	23.609	56.601
485.928	242.850	22.936	58.449
483.363	243.760	24.072	57.479
481.984	244.780	24.221	57.273
480.297	244.733	25.579	57.581
478.297	245.178	27.116	56.754
476.471	245.430	28.731	56.595
473.508	245.821	30.461	56.658
471.913	246.520	31.915	57.308
470.592	247.076	32.203	57.404
469.471	247.593	31.182	57.604
468.697	247.638	28.264	58.221
467.329	248.227	22.936	57.944
465.471	247.707	21.280	57.903
463.285	248.101	21.175	58.196
461.085	248.518	21.854	57.293
456.854	248.476	25.098	57.690
454.818	248.886	26.173	57.538
452.489	249.197	28.101	57.369
451.035	249.109	29.576	57.397
449.377	248.773	31.065	57.797
448.148	248.710	32.314	58.489
447.293	248.881	33.053	58.308
448.502	248.501	30.317	58.237
449.848	248.414	28.025	58.420
451.331	247.917	25.494	57.696
452.245	247.568	23.640	58.157
452.423	246.891	21.979	59.003
450.041	245.690	23.834	60.054
448.202	246.553	24.638	59.715
444.500	246.551	26.979	59.796
441.074	247.200	29.980	59.355
438.152	247.166	31.561	59.696
437.141	248.521	32.294	58.799
434.804	248.866	33.591	58.980
433.464	248.881	33.937	58.705
431.621	249.359	32.997	58.191
430.532	250.608	32.013	56.500
428.135	248.583	25.210	58.964
426.210	249.351	24.645	58.808
423.537	249.329	24.315	59.232
421.980	248.691	24.697	59.656
419.287	248.919	26.779	59.510
416.436	249.837	29.171	59.328
415.635	249.931	29.903	59.370
412.313	249.944	32.036	59.333
409.948	249.898	33.312	59.733
408.696	250.089	34.639	59.914
407.351	250.117	32.673	59.727
405.605	249.851	30.440	59.811
404.684	249.757	29.471	59.240
403.077	249.142	25.373	60.331
400.588	248.202	24.526	60.626
397.322	248.486	24.884	60.822
394.980	247.970	25.436	61.296
392.106	248.073	27.294	61.568
389.263	248.247	29.598	61.450
385.814	248.575	32.766	61.496
384.058	249.713	34.151	60.213
382.455	248.928	35.466	61.084
380.851	248.452	36.954	61.306
379.771	248.388	36.289	61.587
378.220	249.045	35.572	59.987
376.551	249.049	32.347	58.256
374.839	247.554	30.577	59.552
372.545	247.940	27.990	60.461
371.269	247.667	26.757	62.064
369.390	247.369	26.663	63.124
365.906	247.493	27.947	64.201
366.860	246.760	29.469	65.264
367.347	245.590	29.913	66.505
365.291	244.601	30.992	67.613
364.206	246.576	30.398	65.680
365.648	245.384	32.873	66.137
363.403	246.070	32.808	65.857
364.276	244.916	34.713	65.140
358.669	244.374	36.422	67.426
367.289	245.048	33.474	64.915
370.768	245.456	30.432	64.217
368.285	244.726	31.250	65.137
367.737	245.275	33.037	66.287
368.648	245.335	31.770	65.399
368.628	245.518	31.926	65.249
369.966	245.487	31.446	65.301
371.139	245.397	30.155	64.945
372.460	245.503	29.711	64.128
372.192	245.399	30.471	63.601
373.443	244.756	29.803	63.931
374.330	245.346	29.520	63.060
374.954	245.683	29.213	62.368
376.079	245.790	28.130	62.674
376.710	245.843	27.990	62.429
376.650	245.447	28.016	62.898
377.566	245.468	27.852	62.976
376.372	244.358	28.816	64.108
377.091	239.694	28.254	64.558
378.387	235.861	27.313	64.502
378.827	233.903	29.082	62.344
386.835	234.992	33.788	61.606
400.015	242.201	36.986	57.093
407.857	243.866	42.282	65.134
421.810	231.705	39.754	78.855
403.425	227.380	58.104	101.375
388.675	173.786	67.419	143.675
477.165	257.008	62.743	80.870
489.136	258.845	43.185	74.597
478.752	258.448	40.931	71.272
473.046	261.602	35.945	66.684
473.673	270.460	35.565	69.791
474.170	279.693	28.671	79.196
472.874	293.342	29.512	76.562
466.087	304.257	32.262	73.042
466.306	306.903	35.560	70.220
470.232	304.405	35.056	68.185
471.339	302.639	34.357	68.779
470.463	300.253	34.695	65.705
465.241	296.330	35.578	67.821
463.464	291.497	34.007	68.740
472.150	281.465	31.053	65.747
475.368	274.144	34.173	63.996
474.828	271.081	35.283	71.008
470.146	260.268	41.373	81.270
456.512	240.886	50.050	101.635
454.320	195.805	40.408	112.806
476.737	190.644	42.056	102.920
512.247	199.713	35.822	104.299
541.451	188.082	35.767	83.393
571.609	187.699	34.612	83.363
610.194	190.080	39.630	85.806
624.827	184.245	40.033	100.240
633.741	153.806	37.590	91.709
641.403	162.847	32.570	98.760
642.761	152.607	38.320	114.382
653.234	207.607	42.651	103.288
657.976	202.749	53.463	118.803
736.926	251.581	49.776	77.165
751.117	253.263	39.939	71.066
740.869	258.268	41.033	66.864
732.866	253.176	44.091	69.696
745.413	247.484	43.518	68.925
750.160	241.729	42.260	70.450
753.219	230.964	38.219	75.253
685.318	154.017	32.293	75.276
696.652	116.603	35.195	92.262
702.739	118.914	34.686	96.181
699.159	104.623	42.727	101.494
709.655	99.619	41.080	110.690
716.404	118.448	37.954	100.644
739.471	161.403	42.081	103.569
753.851	129.885	50.490	117.783
768.633	130.734	63.032	138.336
782.905	104.747	68.864	131.934
797.490	108.950	64.140	119.755
807.611	141.590	75.705	130.995
807.227	140.665	70.001	134.413
802.136	147.325	66.081	115.828
804.542	155.395	48.642	108.314
812.432	186.350	54.020	132.517
797.533	198.373	65.153	148.971
788.583	170.538	67.869	163.875
807.091	173.539	69.595	166.911
717.752	197.276	53.837	124.920
695.586	187.410	52.149	116.336
721.964	186.362	42.888	111.493
761.913	235.862	37.809	77.294
761.609	242.027	34.174	65.090
753.672	235.596	33.678	72.038
740.556	209.545	32.432	97.083
698.128	229.916	39.840	88.539
682.061	239.677	41.788	83.892
660.408	243.530	42.595	79.452
642.287	242.071	43.216	82.355
633.381	242.481	42.777	86.333
608.614	241.120	44.637	85.997
598.007	257.359	41.591	74.961
590.152	257.715	38.843	79.026
584.947	254.511	39.359	87.831
583.126	263.182	39.994	85.048
582.121	265.255	38.564	88.228
581.617	262.456	38.179	96.948
583.713	270.488	37.505	92.295
585.191	282.689	35.631	82.483
587.472	290.314	34.737	71.239
596.028	291.163	33.369	66.671
601.985	294.143	34.133	62.406
609.501	292.612	27.267	60.727
615.900	288.223	28.372	61.878
622.287	285.122	28.143	61.315
628.686	282.605	31.914	61.378
634.591	282.131	31.384	61.534
641.229	284.226	29.347	62.031
646.407	287.244	28.018	61.157
649.040	290.722	29.287	60.728
645.926	288.415	34.297	67.658
644.810	287.875	34.312	71.695
642.983	296.324	31.390	65.287
640.722	303.160	27.593	59.977
637.445	304.725	26.801	57.308
633.547	305.824	24.787	57.905
629.415	307.628	23.412	58.015
625.810	306.666	24.197	62.493
621.456	304.493	26.073	64.181
615.673	314.037	27.926	60.161
610.590	311.341	29.100	62.956
605.064	313.581	28.709	61.561
600.237	311.846	29.827	62.791
596.416	306.935	31.502	65.419
595.365	295.272	32.154	71.932
595.630	302.807	33.658	60.401
594.705	302.694	33.542	59.306
587.508	303.554	29.634	57.413
577.530	307.250	27.393	55.114
565.655	308.820	26.046	56.413
556.404	311.974	24.867	54.745
546.417	313.869	23.346	52.826
541.740	312.381	22.732	54.119
537.556	308.205	23.505	57.919
532.350	305.016	27.571	59.397
531.132	304.016	27.200	59.181
520.797	304.039	33.994	56.300
510.342	301.655	35.710	56.326
502.529	296.625	35.083	58.843
499.734	292.752	34.811	60.083
498.848	290.466	33.389	59.389
498.175	290.261	32.899	57.641
497.228	289.195	32.958	58.068
494.585	288.919	32.551	57.034
489.072	284.398	27.751	57.053
480.748	278.513	26.412	58.255
467.661	273.659	28.262	55.712
452.472	270.632	29.889	57.062
440.755	267.218	28.201	55.678
431.415	263.589	28.522	55.675
426.760	261.220	28.631	55.486
424.708	256.891	27.490	55.434
421.239	254.762	28.480	55.473
420.427	252.240	30.361	55.441
422.112	246.832	30.006	56.275
424.010	239.798	28.458	55.290
429.354	226.712	26.993	54.476
435.898	220.639	25.519	55.129
442.636	214.201	25.581	53.983
449.551	209.070	26.024	53.381
457.338	205.886	27.006	51.905
467.911	200.970	28.024	57.047
479.007	198.159	28.957	57.142
493.529	197.480	29.131	54.672
508.335	194.503	29.092	56.041
521.090	192.029	29.884	54.402
532.099	189.303	29.688	55.403
539.105	189.026	29.694	55.084
541.796	190.679	29.362	56.153
546.067	193.817	28.647	55.948
551.474	196.940	27.621	52.738
556.061	197.312	27.059	51.235
561.353	192.100	26.224	54.387
563.311	187.090	25.055	54.426
560.251	181.867	24.861	51.420
551.452	177.057	28.695	53.811
533.414	174.278	31.774	56.749
517.800	175.815	32.060	57.238
499.219	178.399	33.026	57.599
482.597	182.397	34.271	55.846
469.573	186.808	35.698	55.050
462.994	191.563	32.080	53.251
456.696	195.550	32.398	52.615
454.342	199.416	30.225	52.998
453.144	203.728	27.459	53.547
451.310	209.391	25.042	53.882
452.764	218.352	24.275	51.989
457.534	221.823	24.148	51.250
464.720	224.041	25.385	52.266
471.166	225.356	25.092	55.393
478.840	228.610	25.735	54.321
495.559	232.436	26.359	55.647
507.769	230.209	24.600	56.895
515.198	235.823	27.001	53.090
527.623	240.381	25.100	51.732
539.511	245.601	24.446	48.605
553.994	251.193	27.144	47.984
565.097	253.648	26.364	49.718
574.943	252.763	26.909	52.795
589.475	257.699	26.628	45.522
602.853	257.594	26.205	44.633
622.192	253.101	24.895	47.326
635.442	249.796	28.373	49.092
656.388	246.625	25.805	48.632
674.630	243.318	25.645	51.020
692.091	241.521	23.221	51.531
705.537	243.116	25.692	48.536
725.971	246.240	27.268	48.056
736.869	247.957	26.973	48.346
747.433	249.474	27.012	46.630
759.290	250.687	27.794	45.033
776.007	252.697	31.389	43.586
788.534	253.699	30.358	43.893
802.371	257.586	30.318	45.939
803.147	259.050	31.886	43.504
803.851	258.982	31.041	43.530
810.945	260.173	33.182	46.266
811.166	261.699	33.106	42.329
833.398	261.728	26.266	47.569
838.634	263.684	24.933	48.920
868.247	267.877	29.403	45.728
861.330	270.197	32.477	48.377
861.275	270.143	25.252	50.352
865.976	274.397	22.985	49.806
867.318	278.614	20.141	53.130
869.245	282.758	21.254	50.570
868.478	291.199	21.271	52.741
867.332	293.104	23.325	55.081
862.847	295.486	26.224	53.987
849.672	303.656	28.062	50.492
839.201	307.838	28.473	51.798
811.154	318.067	28.293	51.586
794.650	321.674	26.706	51.711
779.742	322.863	25.961	47.039
757.635	319.896	27.077	47.750
735.799	320.744	29.955	47.632
708.814	318.294	28.814	49.609
692.132	318.403	27.064	49.039
681.551	324.725	26.671	43.583
675.011	321.621	28.052	47.875
671.384	321.307	26.081	47.212
664.762	321.598	25.842	47.113
658.463	318.553	29.014	47.336
656.714	315.331	27.846	48.474
656.854	311.054	25.792	49.466
655.143	307.862	25.470	50.797
659.964	303.321	26.574	51.868
665.446	302.250	27.358	50.615
675.876	301.722	25.656	50.019
688.998	300.358	24.205	50.067
700.810	299.898	26.344	50.171
728.428	302.391	31.601	51.497
745.770	305.370	27.622	52.811
751.661	309.707	27.245	51.116
758.037	311.902	25.399	49.879
759.276	312.945	26.970	52.058
767.449	320.449	24.731	48.439
770.077	323.639	26.021	46.941
769.115	324.318	24.422	47.930
767.696	325.003	25.628	49.729
763.091	328.839	22.946	48.261
755.273	328.892	22.159	48.998
750.846	330.218	22.270	46.749
746.854	330.699	22.810	47.232
747.089	331.266	21.304	47.461
744.749	332.136	23.156	49.801
748.639	332.442	24.459	49.852
751.599	334.447	23.477	48.327
755.887	331.816	20.523	51.004
758.226	337.744	21.812	49.266
759.850	339.963	22.802	46.547
764.614	340.861	24.274	47.210
765.252	341.098	25.226	46.337
766.658	341.429	25.161	47.726
768.339	342.534	24.234	48.087
769.426	343.522	23.670	48.867
770.600	343.222	22.257	50.305
768.993	344.997	23.691	49.158
769.577	345.307	23.214	48.845
768.327	345.027	23.888	47.249
767.176	344.198	24.303	47.064
764.890	343.742	25.432	47.502
756.751	341.562	23.350	47.785
753.565	343.055	22.811	48.023
750.202	344.343	22.606	45.733
746.425	344.240	20.673	45.695
743.032	343.840	21.116	46.956
736.430	342.631	20.436	46.144
733.765	341.914	20.872	48.936
731.251	341.528	21.567	51.322
729.308	340.533	21.383	48.945
727.687	341.044	20.449	49.684
724.424	342.370	20.492	50.362
723.281	344.213	22.442	48.501
722.950	344.823	22.775	47.888
721.795	343.329	22.219	48.877
719.844	342.929	22.074	50.010
714.592	342.358	21.565	49.308
711.094	343.440	22.530	48.116
707.481	344.138	23.573	46.926
705.379	344.488	23.245	47.732
702.396	344.248	23.994	47.057
698.934	343.131	23.704	46.554
698.214	342.472	23.530	46.620
698.000	342.567	23.127	45.825
698.192	342.264	22.791	45.529
698.685	341.467	22.420	46.383
701.510	341.158	22.511	45.766
703.200	340.255	22.036	46.697
704.339	339.121	22.534	47.559
705.619	339.677	21.996	48.048
706.259	340.026	22.214	48.150
707.598	341.457	21.621	47.427
708.899	341.076	21.487	47.723
709.895	341.207	21.496	46.303
709.615	340.520	21.919	47.324
710.347	340.237	21.677	46.810
710.199	334.525	22.442	51.272
711.291	336.531	22.453	50.351
711.130	336.091	22.309	50.697
712.218	336.740	21.666	50.415
711.034	337.578	22.643	49.142
710.504	341.088	20.343	48.238
710.165	342.632	20.513	47.142
709.439	343.941	20.532	45.535
708.498	343.427	21.168	46.755
707.425	343.031	20.807	46.762
705.066	340.950	20.628	45.668
703.884	341.794	20.700	45.582
702.512	341.124	21.391	45.624
701.836	341.352	22.159	44.752
701.433	341.007	22.086	44.768
701.857	339.674	22.206	44.730
701.878	339.187	22.990	43.475
702.612	338.584	23.195	43.650
704.204	339.275	22.670	43.516
705.511	338.563	23.043	45.462
709.009	338.377	22.594	45.892
710.399	338.692	22.707	46.500
712.150	338.674	21.834	46.381
713.420	338.154	21.548	47.432
714.810	338.027	21.656	47.015
718.374	339.080	21.959	47.193
720.206	339.861	21.096	45.977
721.364	340.414	20.817	44.752
722.892	340.693	20.895	43.791
725.056	340.088	21.163	44.638
730.148	339.858	21.891	47.080
732.837	341.306	22.846	46.231
736.774	340.303	22.823	47.105
741.926	339.122	22.320	49.536
744.223	337.644	22.302	46.870
748.632	338.996	21.738	44.535
750.473	339.190	21.473	44.188
751.161	339.368	22.265	43.083
751.358	339.145	21.952	41.965
751.268	338.558	21.353	42.243
748.635	338.202	21.484	43.389
748.397	338.696	20.985	42.589
748.510	338.485	20.928	43.007
748.558	337.626	19.629	43.351
748.793	334.415	19.359	44.844
750.209	327.865	22.358	46.778
752.283	323.609	22.730	48.763
754.901	319.421	22.398	49.787
755.208	316.289	24.894	50.026
758.297	310.997	25.273	48.967
759.832	301.586	24.800	51.336
761.469	297.732	23.869	53.369
761.922	293.780	23.798	53.085
760.382	289.278	24.395	53.641
756.931	284.689	23.881	56.236
748.717	276.127	25.515	56.546
745.159	270.573	24.628	56.687
742.330	268.384	23.694	53.564
740.118	264.309	24.265	52.804
740.125	256.481	22.845	58.315
737.987	251.049	22.795	61.164
738.202	248.726	24.301	59.288
734.853	243.747	24.539	58.906
735.133	239.426	25.121	55.048
734.776	235.108	24.418	50.877
728.153	231.284	22.802	49.546
723.607	229.541	23.702	47.817
718.868	229.019	24.110	46.895
713.424	225.508	24.008	48.419
706.872	214.560	24.421	55.884
698.981	220.677	23.501	51.066
694.189	217.586	23.889	49.105
690.775	216.121	23.334	48.101
688.605	214.338	22.725	48.515
685.415	212.643	22.384	48.012
678.978	211.870	22.657	46.019
676.134	211.004	23.517	45.716
672.484	211.306	24.064	49.230
669.482	207.257	23.075	48.963
666.256	207.804	22.591	48.594
659.006	208.967	21.620	48.563
656.601	208.165	21.180	45.728
653.005	209.448	21.550	45.331
650.431	208.827	20.772	46.516
647.040	208.680	21.381	47.256
640.081	213.067	21.482	48.743
636.722	215.141	21.608	48.649
633.520	215.228	21.504	47.746
629.695	218.544	22.030	48.206
626.442	217.257	22.216	47.163
620.341	218.459	21.901	44.665
616.446	219.250	22.438	44.795
613.723	220.136	22.169	46.374
610.524	222.055	22.683	44.341
607.319	223.455	22.420	46.437
602.991	225.663	24.223	42.260
601.595	225.809	25.325	41.664
601.175	225.498	25.537	42.046
600.580	225.910	24.536	41.775
600.597	226.146	24.704	41.107
601.760	226.646	23.793	41.127
602.922	226.072	22.604	43.173
603.293	226.468	23.332	42.507
603.520	225.631	23.807	43.883
604.018	224.286	23.139	43.981
606.028	222.967	22.727	44.597
607.290	223.025	22.496	42.825
607.920	223.854	22.137	42.438
607.831	224.129	22.278	42.799
606.693	225.506	22.321	42.648
605.471	227.321	21.720	44.000
606.021	228.909	22.377	42.009
608.571	229.455	22.064	44.887
610.196	230.161	22.156	45.786
612.282	231.271	22.546	46.476
616.431	233.300	21.919	48.570
618.015	234.504	20.873	47.157
618.120	235.077	21.312	49.655
617.349	237.062	21.946	48.291
616.702	239.354	22.020	48.596
616.200	242.286	21.587	49.026
616.101	244.312	21.460	45.873
615.098	245.528	21.839	45.576
614.283	245.686	22.028	44.907
613.207	245.271	22.179	44.345
611.393	243.516	22.822	46.294
605.477	243.705	22.086	51.745
603.455	245.289	23.810	49.115
600.941	245.668	22.453	49.923
598.594	247.267	22.300	50.381
596.203	251.925	22.318	46.360
595.546	253.855	21.409	46.110
595.032	255.597	20.374	44.579
596.357	255.786	20.779	45.110
597.453	256.062	22.387	47.392
601.546	256.385	21.618	50.483
609.158	261.207	22.398	50.565
614.465	261.450	23.043	51.679
619.532	263.528	22.117	50.329
624.363	265.091	21.988	48.947
627.608	266.544	22.484	47.798
630.122	267.950	21.986	45.736
631.005	269.557	21.653	44.540
630.600	268.940	22.060	45.633
630.936	269.419	21.909	46.207
631.200	270.590	21.536	44.812
630.968	271.691	20.683	44.636
630.715	272.850	20.776	44.559
632.050	272.428	20.161	46.885
632.527	273.250	20.208	48.220
632.937	275.257	20.464	46.638
633.194	276.588	20.116	46.588
632.747	276.912	20.362	48.159
630.913	283.176	21.286	50.282
623.444	286.568	21.629	47.855
610.485	270.560	25.349	60.751
580.834	282.577	26.514	59.521
573.804	279.952	24.637	52.845
572.809	278.951	22.698	49.516
577.190	277.494	20.349	47.792
573.605	279.237	22.357	47.442
571.474	282.501	22.174	49.548
570.352	280.939	22.463	51.703
569.303	280.875	25.090	50.534
566.913	284.194	25.149	46.997
561.998	280.421	22.518	48.022
540.725	285.973	21.609	52.196
530.582	289.496	24.745	55.089
523.379	293.026	26.455	52.103
516.141	296.547	24.800	53.239
510.113	299.337	23.594	53.319
509.884	301.158	22.921	57.054
510.958	308.972	23.260	59.120
511.784	307.631	23.553	53.629
509.309	309.082	23.487	63.887
502.434	294.101	24.275	66.543
485.993	297.948	24.950	72.223
478.064	297.578	25.542	71.185
474.444	302.107	25.617	63.879
477.706	305.954	23.099	57.520
485.377	306.734	22.954	48.783
507.352	306.359	23.374	43.447
518.307	302.863	26.658	45.898
534.093	304.998	28.998	50.510
550.779	298.219	28.109	58.991
552.969	297.237	29.282	62.714
555.814	293.269	25.505	61.628
559.446	292.933	23.325	52.489
562.566	294.345	20.711	46.138
563.204	292.356	21.970	46.441
563.374	292.137	21.486	47.251
560.434	290.463	22.765	47.900
566.216	290.451	22.007	46.030
572.835	289.668	21.360	45.148
575.394	288.963	23.143	46.159
581.953	289.164	21.000	46.176
590.376	290.230	22.408	45.196
596.894	290.503	21.788	45.357
602.583	289.397	22.826	44.387
611.961	287.615	21.055	43.759
621.233	283.615	21.758	47.456
633.941	286.849	24.070	53.487
642.342	289.955	23.673	51.298
648.237	290.100	23.773	49.642
653.214	293.351	24.627	43.495
658.411	291.283	22.300	43.925
660.902	293.413	21.147	42.108
659.599	294.208	21.295	40.835
656.201	293.042	22.228	40.497
653.638	292.293	21.485	41.201
648.734	293.770	22.071	41.100
641.006	295.650	22.811	40.582
638.736	295.394	22.664	38.796
638.486	293.694	22.210	39.338
637.921	293.560	22.468	40.112
632.639	292.469	22.899	42.335
626.503	292.884	22.688	43.467
621.254	291.542	22.931	43.606
615.530	289.581	22.928	45.256
607.621	289.111	24.690	46.072
600.907	292.280	26.148	43.079
595.772	288.660	27.656	45.442
594.132	290.682	26.431	44.629
596.497	292.731	24.742	46.011
599.778	292.510	25.403	46.303
604.025	289.703	24.729	50.090
617.114	293.631	23.401	48.393
625.206	298.046	22.443	45.631
628.284	299.229	23.194	49.932
631.549	302.341	24.352	48.624
632.396	303.563	25.379	44.873
637.113	298.958	24.371	46.446
638.194	294.991	23.961	50.042
641.445	299.695	23.147	46.706
642.700	303.531	23.064	43.128
646.738	303.128	21.510	40.843
651.710	307.357	20.560	39.085
654.733	307.809	18.120	38.522
656.077	307.752	17.856	38.175
656.706	307.756	18.623	39.506
646.833	305.902	18.658	40.523
647.389	306.741	21.001	41.198
647.291	310.127	22.030	40.236
646.042	311.893	20.303	40.562
644.951	313.414	19.458	39.926
645.322	314.071	18.457	38.678
646.016	313.411	20.075	37.581
647.075	313.431	19.406	37.934
647.695	313.090	19.540	38.469
648.343	314.000	18.834	37.530
646.808	313.946	19.906	38.524
645.683	315.773	20.778	40.630
645.304	316.244	20.236	41.491
644.684	318.109	20.068	44.655
644.419	317.132	20.316	47.421
644.062	315.782	21.119	46.159
649.466	311.286	21.179	47.359
651.589	312.826	23.773	59.053
652.401	311.821	26.862	63.947
655.320	307.903	28.978	61.517
659.645	306.621	28.717	59.037
664.280	308.643	29.879	58.419
668.549	307.440	27.480	61.576
674.155	306.521	27.962	58.002
679.354	303.163	28.528	46.897
684.420	299.630	26.219	50.905
689.434	297.858	25.455	42.581
696.200	297.187	21.891	43.184
700.934	293.906	21.788	46.938
704.250	291.731	22.895	46.930
710.780	291.011	21.509	44.995
710.861	292.510	23.085	42.299
712.531	292.112	22.870	42.020
714.217	291.953	23.461	41.010
719.672	292.044	20.781	41.420
720.395	292.001	18.987	42.615
718.721	293.393	19.578	41.208
712.292	290.874	21.446	43.213
704.897	287.232	22.853	42.636
695.150	289.215	25.407	45.510
689.951	292.362	22.927	44.003
687.077	288.539	22.345	46.096
680.055	290.462	23.554	54.396
672.012	288.632	25.254	58.575
663.844	288.519	27.483	61.305
662.287	285.222	27.727	54.087
663.656	286.068	20.636	46.447
655.837	286.538	22.252	46.334
651.377	287.972	21.629	44.381
646.337	288.266	21.319	42.368
634.348	288.992	23.412	43.384
624.116	292.725	22.015	43.850
618.200	294.987	21.462	44.041
611.997	297.673	21.633	46.530
607.016	300.775	22.100	47.254
604.978	301.486	21.126	58.254
600.584	301.016	22.655	58.495
599.978	302.825	22.849	45.139
601.393	304.205	21.678	40.142
605.491	307.834	19.213	42.280
605.177	307.001	20.092	45.488
602.757	312.550	21.872	47.822
599.062	315.869	23.631	55.860
589.208	317.710	27.221	57.980
585.999	319.996	26.867	58.083
573.151	323.027	31.432	57.933
563.574	318.114	30.147	56.873
555.002	312.684	27.762	59.066
547.435	309.938	28.585	54.356
542.016	312.836	27.526	47.031
540.843	314.610	26.811	46.829
539.957	311.664	27.099	45.763
540.806	317.057	27.367	43.593
541.448	319.654	27.040	45.247
543.462	321.884	25.267	43.910
542.299	325.749	23.972	47.130
539.435	330.862	24.231	47.175
534.819	333.927	24.779	54.036
529.182	340.987	26.446	52.797
530.475	345.226	23.660	46.892
533.252	348.492	20.810	39.722
532.485	348.644	19.459	39.080
529.033	348.914	20.792	37.991
526.617	349.833	20.051	38.850
520.348	350.746	20.141	42.373
511.603	354.174	20.809	54.125
501.503	351.189	24.756	61.079
488.472	344.438	28.189	52.514
481.189	343.139	26.772	51.905
479.803	337.642	25.245	51.680
475.178	327.204	24.711	49.550
477.019	317.769	21.894	49.190
470.950	308.077	23.502	49.555
465.662	305.807	23.255	52.107
458.510	303.171	25.180	56.353
454.838	304.083	25.094	51.610
450.735	302.502	24.746	50.824
445.926	302.988	24.715	50.086
440.952	302.959	25.612	51.871
438.672	306.921	23.949	48.247
432.882	310.088	24.971	46.576
431.417	313.169	23.437	46.006
432.588	315.361	21.184	46.035
433.290	321.432	21.123	43.953
434.599	323.656	20.191	42.791
435.154	322.656	19.863	43.520
435.104	324.944	19.447	41.438
435.004	325.800	19.099	39.141
435.276	325.793	18.523	40.014
434.913	325.312	18.432	40.065
434.447	325.575	18.858	40.909
434.238	326.200	19.171	40.667
434.838	328.225	20.369	42.721
434.872	330.600	21.444	42.576
434.675	330.806	21.519	39.187
434.320	331.734	21.404	38.647
434.210	333.327	21.951	39.174
434.982	335.574	21.848	38.798
435.708	336.610	21.620	39.482
438.512	337.217	22.393	40.244
440.809	339.419	23.722	38.980
444.701	340.244	23.629	40.963
452.637	341.798	22.725	41.325
457.510	342.717	22.308	39.097
461.835	343.035	21.413	40.290
465.197	343.707	21.330	39.392
469.133	343.946	20.922	39.547
474.851	343.897	21.452	38.832
477.922	343.409	19.954	38.672
479.556	342.331	20.052	40.477
480.655	342.874	19.940	42.563
481.283	345.080	20.560	44.727
481.421	350.147	21.995	43.459
480.897	353.818	21.967	42.964
480.473	356.543	21.475	40.558
479.826	355.609	21.377	41.488
479.001	354.030	21.955	41.946
479.335	351.876	21.836	44.728
479.640	351.522	22.395	43.539
480.236	351.968	21.860	42.012
480.629	353.218	22.243	43.600
481.313	355.198	21.394	43.291
479.707	354.929	21.994	43.803
477.199	355.266	23.071	45.304
473.748	355.532	23.481	46.343
469.496	356.261	23.791	45.192
465.723	358.932	21.902	43.519
460.414	364.894	21.371	43.879
458.968	367.004	21.631	45.156
457.357	370.646	22.397	40.734
456.585	372.335	21.442	41.117
456.233	371.230	22.547	42.151
458.922	372.863	23.085	38.885
461.821	372.732	22.912	38.921
465.959	371.373	22.409	38.733
469.428	370.305	22.106	39.807
472.551	369.981	22.361	38.983
475.109	368.112	22.226	39.275
475.791	368.615	22.086	39.170
474.400	365.611	23.015	40.203
472.696	363.030	22.874	40.863
472.209	360.945	22.257	40.936
472.160	357.972	22.004	44.978
472.229	357.643	21.728	43.815
472.591	358.470	19.954	42.249
472.089	355.854	20.801	40.710
473.853	356.541	21.130	41.448
479.144	353.263	21.718	41.440
481.536	351.544	21.960	41.080
483.858	350.070	21.539	41.788
485.430	350.199	21.056	40.323
487.033	350.437	20.571	38.632
488.073	350.234	20.618	38.124
488.355	350.289	19.681	37.552
487.662	346.796	20.875	40.915
487.195	345.811	20.682	41.946
486.531	345.529	20.715	40.702
484.884	347.738	19.174	41.209
482.274	350.066	21.434	40.414
480.692	352.091	21.295	40.066
478.456	353.560	22.182	39.820
476.898	355.499	21.809	38.234
474.272	355.566	22.569	37.900
472.042	355.021	22.126	38.359
470.146	354.928	22.016	38.658
468.481	353.837	21.793	38.593
467.028	354.091	22.187	37.016
465.434	352.998	22.653	38.804
464.678	353.125	22.461	38.238
464.502	353.325	21.542	38.778
464.290	353.149	21.335	37.334
465.493	352.662	21.258	38.465
468.658	349.548	22.855	41.861
472.184	348.268	22.967	44.207
474.806	346.295	22.933	45.938
476.901	344.944	22.766	44.400
479.223	343.212	22.247	45.797
481.779	344.136	22.533	43.084
484.297	342.446	21.967	42.544
487.002	343.000	21.323	41.361
490.161	340.667	20.360	41.212
492.137	341.946	21.085	39.126
495.244	341.334	21.261	38.222
496.958	339.845	20.940	38.413
498.444	337.646	20.933	39.652
500.333	335.338	21.007	39.861
502.352	336.271	20.596	37.109
503.547	335.233	20.273	37.641
503.209	333.995	21.068	37.746
501.554	333.698	21.535	38.799
499.696	333.378	21.574	39.154
497.794	332.649	21.316	39.618
494.658	331.029	21.619	41.160
493.215	332.415	20.683	39.980
491.595	331.535	20.814	41.820
490.924	331.618	20.841	41.831
490.963	331.388	20.067	41.887
491.222	331.489	19.577	41.248
491.293	331.647	20.189	40.048
492.343	331.689	20.432	40.094
492.821	331.856	20.798	37.741
493.285	331.553	19.893	38.082
489.507	331.753	20.972	38.306
487.794	327.823	22.189	41.480
487.141	328.990	22.112	39.787
486.838	327.041	21.820	40.756
486.071	328.494	21.743	38.828
484.985	327.611	21.855	42.688
484.080	328.561	21.802	40.594
483.918	327.962	21.199	41.929
484.119	326.626	20.695	42.798
484.681	325.167	20.275	44.055
484.662	324.623	20.870	44.196
484.863	325.526	20.687	41.355
485.610	325.675	20.255	41.599
486.512	324.904	19.673	42.043
487.642	324.927	19.741	40.624
488.946	324.923	20.998	37.311
491.038	323.654	19.985	36.745
492.777	319.904	19.472	37.527
494.373	319.987	19.402	37.103
496.654	305.887	18.981	48.285
498.919	293.529	20.277	58.780
501.241	286.079	24.489	66.180
504.716	285.486	27.005	64.689
509.645	286.905	27.580	62.906
514.322	285.416	26.666	64.398
519.115	281.502	29.786	66.694
523.622	281.246	29.548	70.242
529.759	290.405	33.016	62.169
530.179	294.062	28.823	59.300
528.642	305.816	25.471	48.097
532.225	318.638	20.219	36.676
532.403	318.682	19.340	34.430
534.646	318.482	18.109	35.351
535.986	317.917	17.644	35.422
537.125	317.451	17.363	35.814
538.088	317.233	17.341	36.389
539.170	317.416	17.863	36.153
540.403	318.248	17.667	36.096
541.072	319.436	17.071	35.326
539.990	319.301	17.470	34.987
539.126	318.686	17.024	35.925
536.715	317.465	17.643	36.296
535.411	317.687	17.640	36.210
534.207	315.560	16.974	39.099
531.542	312.715	18.826	41.702
529.242	314.746	20.296	40.094
525.292	312.383	20.614	42.014
527.075	320.227	19.900	34.707
528.138	321.032	17.181	34.688
528.388	321.897	16.871	33.345
528.372	321.241	17.157	34.131
527.184	313.905	19.319	40.106
528.302	314.104	20.188	39.196
532.843	301.552	21.254	48.790
536.057	295.555	22.110	51.027
538.102	291.005	23.595	52.661
548.136	288.492	20.785	52.455
549.024	287.968	19.947	53.493
550.117	297.868	19.126	45.806
550.042	297.663	18.160	44.891
548.145	286.199	18.189	52.325
545.061	288.206	19.651	48.289
544.252	290.312	18.992	48.294
543.980	293.416	18.449	44.796
544.236	298.456	17.405	39.046
545.126	298.213	18.065	37.329
548.419	281.439	19.407	49.816
549.946	279.653	20.014	53.395
550.493	280.491	20.377	55.124
550.059	280.626	20.768	54.634
549.233	279.156	21.463	58.881
547.930	285.775	20.010	58.327
543.630	287.449	20.663	54.577
536.952	298.028	20.657	46.771
530.724	301.482	20.093	40.948
524.656	297.577	20.293	40.608
517.089	302.547	18.235	38.547
516.383	305.998	17.697	35.496
516.061	306.046	16.889	36.351
514.370	307.661	17.438	35.594
513.280	308.339	16.959	37.180
514.844	309.068	17.176	36.823
516.146	306.299	17.087	38.545
515.998	308.687	17.544	35.846
513.202	305.779	18.103	36.537
509.568	306.040	19.021	36.198
505.977	305.445	16.424	38.498
503.719	307.023	17.203	37.578
501.948	308.258	17.212	35.781
500.700	308.693	16.657	35.198
500.631	307.482	16.371	37.242
506.959	302.137	18.750	37.663
511.193	290.546	19.883	46.479
514.853	285.060	23.044	54.692
518.978	286.233	25.184	55.069
526.198	283.540	24.331	56.985
539.528	275.771	26.483	61.242
547.590	280.802	25.387	57.378
549.582	279.853	27.729	57.611
552.966	279.895	26.401	58.007
555.438	279.408	28.530	60.130
561.207	282.275	28.029	58.506
562.758	281.141	29.046	59.679
563.998	282.452	28.950	58.406
566.034	280.986	28.469	58.570
567.699	284.548	26.861	55.308
573.662	288.971	23.910	49.694
578.302	302.860	20.821	37.949
579.285	304.075	18.855	34.423
579.568	304.356	17.890	33.734
579.595	303.587	17.426	35.394
577.934	298.391	18.669	37.837
576.588	295.211	18.719	41.231
574.618	295.457	19.823	38.820
572.663	282.272	20.512	48.488
570.621	278.770	21.178	53.916
572.150	286.111	21.578	42.092
576.415	290.334	20.156	39.428
580.325	287.729	19.457	40.227
584.176	286.082	19.356	39.267
586.535	280.036	21.105	42.088
594.032	277.443	18.479	41.954
597.329	272.953	19.000	44.880
599.772	268.044	20.326	45.596
602.669	265.460	20.163	46.980
605.753	257.662	20.543	52.999
608.560	261.716	21.189	52.564
620.587	271.840	22.337	47.064
629.939	264.583	22.733	46.015
638.315	261.297	24.227	49.659
648.220	256.404	25.908	52.121
653.869	241.800	32.313	59.981
669.635	248.851	32.944	51.136
679.304	240.982	32.450	55.233
693.138	240.318	28.561	56.687
697.520	236.906	28.579	60.200
711.054	241.866	29.057	59.014
715.141	241.143	29.710	55.306
723.031	243.572	25.844	53.364
729.272	251.435	24.896	47.829
734.893	250.006	24.183	45.134
745.773	251.324	26.397	46.047
755.122	248.635	25.844	47.298
763.644	245.170	24.659	48.765
770.628	242.655	25.541	48.485
776.627	237.781	25.267	50.165
787.934	228.285	27.069	54.242
791.351	231.727	28.107	53.403
798.027	227.321	25.975	54.405
799.552	231.812	21.615	51.635
802.806	232.358	21.897	50.176
803.820	235.958	21.114	47.612
804.546	237.909	18.820	45.591
805.601	246.640	19.053	41.051
807.920	252.470	18.561	37.452
809.948	248.025	17.264	40.534
806.591	249.290	18.463	43.802
800.272	254.606	20.190	40.185
795.303	252.084	21.494	43.625
789.542	249.374	25.672	48.143
788.785	235.384	31.293	55.556
779.699	231.736	29.524	59.975
770.594	229.685	29.928	60.336
762.371	234.125	33.578	57.633
770.434	231.802	32.765	60.749
765.799	235.689	35.559	60.839
758.837	241.828	31.811	58.387
752.215	237.921	35.016	67.884
745.524	236.572	40.364	71.215
740.006	237.149	42.397	71.484
735.521	243.631	44.340	65.832
731.414	243.825	42.513	67.339
719.878	241.451	45.485	74.972
709.878	243.255	44.985	72.454
699.420	254.659	45.806	67.853
699.305	261.087	36.553	59.491
687.862	254.070	42.536	64.997
669.411	257.471	40.707	63.381
663.768	250.677	38.232	63.852
658.082	260.065	38.132	58.739
655.953	257.719	32.431	54.581
643.959	268.302	34.936	51.232
632.993	259.748	32.992	52.685
624.749	270.588	34.173	52.164
616.420	265.673	33.630	53.720
608.292	260.093	34.446	51.189
593.486	254.702	38.209	61.529
584.386	249.123	35.038	58.212
577.476	253.277	36.010	59.076
570.162	257.020	33.963	56.122
566.660	259.734	33.930	54.104
558.279	257.384	29.444	56.765
553.452	258.763	31.372	56.057
550.506	254.365	31.414	54.535
548.445	265.251	27.512	46.593
547.520	263.745	24.632	45.711
545.199	255.138	23.458	50.474
546.981	250.445	22.967	49.638
549.828	238.609	22.275	53.015
551.461	238.704	22.478	51.566
552.017	228.729	22.937	57.186
554.408	233.367	23.638	52.777
559.633	223.039	22.192	56.160
562.212	211.762	23.627	59.522
565.582	206.777	25.795	61.296
570.501	201.534	27.632	65.322
576.831	203.644	28.036	61.067
594.209	208.191	24.864	53.978
603.295	213.795	21.709	46.484
610.179	204.460	20.770	48.325
616.598	210.948	19.740	42.017
621.858	208.414	18.290	40.513
627.100	205.160	18.218	39.251
626.822	205.259	17.929	37.481
628.366	202.840	17.067	39.276
