734.000	203.000	126.000	276.000
712.835	202.021	145.848	275.909
701.407	203.253	155.923	274.030
693.669	202.225	161.278	273.022
686.403	201.519	160.779	270.869
683.026	198.786	154.033	268.827
676.870	196.895	147.285	269.094
671.584	194.141	132.124	269.939
662.087	192.257	121.585	267.934
651.687	189.613	114.217	271.366
643.525	188.025	114.027	271.578
636.557	188.955	111.901	269.910
626.813	189.471	114.651	269.347
617.895	190.585	117.516	268.846
607.656	189.694	121.990	270.280
599.767	188.516	126.170	271.278
591.394	186.357	129.041	272.568
581.985	184.530	129.193	269.672
574.017	181.333	124.115	267.571
565.704	180.549	116.062	260.691
558.777	179.635	112.747	253.955
554.775	179.049	108.751	251.318
550.809	178.131	106.639	250.985
540.208	178.451	110.275	250.802
522.702	178.619	121.922	250.709
514.643	179.138	126.443	249.659
510.399	179.160	127.594	248.465
504.392	178.308	130.037	247.358
501.791	175.094	128.379	250.502
493.366	174.785	126.339	241.991
488.797	171.689	117.845	240.279
483.669	171.347	106.248	242.527
475.044	172.016	100.378	238.288
471.305	172.238	94.675	237.010
460.397	170.865	99.698	236.014
453.291	170.543	104.534	236.632
446.203	170.370	109.539	238.548
439.996	169.596	115.320	240.140
432.115	168.431	119.696	241.066
422.119	166.435	122.233	242.068
415.451	163.978	126.221	242.430
411.977	161.925	125.320	240.931
410.506	159.269	119.500	236.114
406.969	157.984	115.893	227.965
404.171	156.829	98.736	225.899
398.433	155.929	97.939	223.436
393.967	155.621	95.588	221.162
390.659	155.016	95.525	219.426
387.157	154.343	90.973	215.438
381.956	155.016	89.251	208.945
375.619	155.673	88.976	205.787
369.599	153.201	85.752	211.183
362.908	152.340	86.642	214.408
358.582	151.206	85.944	212.965
354.705	149.674	86.899	211.140
344.899	149.023	91.206	203.789
339.516	147.169	95.969	210.784
332.244	146.731	100.356	215.356
326.946	144.943	104.783	218.008
318.031	143.527	108.148	214.149
312.822	143.403	112.071	211.120
308.602	143.463	114.078	200.877
303.762	143.662	117.558	199.083
300.786	143.442	117.888	200.118
297.645	141.879	114.659	202.362
294.294	140.647	112.905	200.580
293.666	139.429	108.462	197.172
292.834	137.394	101.945	194.710
291.200	136.669	98.603	192.999
289.223	134.648	94.402	194.850
286.926	135.110	91.664	193.276
285.542	134.683	89.093	189.666
282.230	135.736	85.512	186.204
279.950	138.021	82.642	180.951
275.060	139.206	79.520	177.050
272.240	138.788	78.752	177.384
268.621	136.391	79.642	182.557
265.029	136.208	80.122	180.466
261.469	133.468	81.749	184.219
255.688	132.069	84.179	186.072
249.381	130.988	89.184	188.778
243.216	129.478	95.099	189.378
237.975	129.085	102.749	188.308
232.302	129.181	108.440	183.929
229.034	128.083	109.889	184.624
223.824	127.826	110.904	180.331
221.891	128.874	108.882	177.464
220.468	128.800	106.029	178.483
218.421	129.184	102.955	178.491
216.488	128.225	101.303	180.274
215.252	126.450	97.761	181.847
214.375	125.479	93.424	180.391
213.714	124.938	90.330	179.553
212.356	124.744	87.980	181.601
211.979	124.877	85.481	177.387
211.228	126.752	83.465	170.795
209.974	125.814	83.691	168.568
208.782	125.839	82.760	168.957
205.933	125.130	80.255	170.710
200.657	125.678	78.723	169.807
197.387	123.401	78.109	171.981
193.168	121.718	79.449	173.730
188.920	118.260	80.669	176.004
184.605	116.331	83.945	176.640
178.714	115.996	93.500	176.747
175.089	115.527	98.494	175.044
170.940	115.845	105.411	174.421
167.688	115.536	111.118	175.885
165.005	115.163	112.266	177.529
162.822	115.902	112.702	176.259
161.018	116.061	108.909	174.312
159.571	115.797	105.461	170.038
157.845	116.969	100.572	167.475
157.406	116.629	93.604	167.051
157.229	117.605	89.186	166.223
157.264	118.238	80.190	166.837
156.624	117.748	76.714	166.808
155.239	118.752	75.708	165.462
153.917	119.486	73.895	165.012
152.531	121.548	72.760	164.757
150.910	123.852	70.132	164.600
148.783	125.466	70.775	164.985
146.184	126.296	70.825	165.181
143.199	126.125	71.264	162.737
139.711	123.376	72.741	161.796
135.228	119.474	75.610	162.284
131.238	116.557	80.388	162.790
127.793	115.508	85.816	163.178
124.174	116.027	89.556	162.352
121.012	116.298	94.720	161.171
115.884	116.741	101.836	160.336
114.513	117.461	101.993	159.181
113.979	116.543	99.850	159.043
113.259	115.999	97.261	157.632
113.736	115.439	92.512	154.773
114.578	114.050	84.707	153.120
114.637	113.927	81.263	152.339
114.793	113.046	76.760	151.847
115.687	113.520	72.626	151.357
114.537	114.014	71.613	150.033
114.102	115.986	69.981	148.333
114.388	116.922	69.275	148.255
113.554	118.369	68.771	147.792
112.779	120.535	66.853	147.498
109.489	122.238	67.776	145.745
103.121	124.886	66.845	144.422
99.281	125.849	67.649	145.593
96.521	126.040	69.749	145.080
94.019	126.271	72.974	145.568
92.272	126.079	76.017	146.971
87.773	127.916	83.542	145.064
84.093	128.035	89.358	145.717
81.189	127.549	93.122	144.133
78.907	126.770	95.510	144.258
77.502	126.404	96.814	142.585
75.988	123.956	94.832	144.110
75.626	121.920	92.547	142.973
77.129	120.081	85.723	144.046
77.434	119.196	81.435	143.475
78.185	119.197	74.899	141.646
77.786	118.727	69.102	141.199
77.885	118.548	67.520	141.160
77.317	119.063	66.907	140.540
77.083	119.276	65.601	138.934
76.113	119.644	65.475	138.650
74.150	120.073	65.561	137.510
72.482	119.141	66.189	136.666
70.592	117.662	66.719	135.902
68.522	114.552	65.995	136.492
65.840	112.009	67.798	135.619
62.926	110.356	70.438	135.764
60.713	108.496	74.238	134.950
59.110	108.158	75.835	134.735
57.286	108.119	77.572	133.761
55.208	108.137	78.949	133.730
54.153	108.095	77.737	133.949
52.649	109.148	77.104	132.524
53.080	109.429	74.510	131.883
51.719	109.489	71.545	129.490
51.187	109.179	69.011	127.700
50.262	107.406	64.493	128.145
49.452	106.948	62.454	128.342
48.395	106.660	61.306	128.764
47.185	106.659	60.762	128.704
45.663	107.681	61.429	128.061
44.412	108.244	61.131	126.914
43.746	108.315	60.476	127.066
41.920	109.059	62.318	126.245
41.036	108.378	61.319	127.096
39.757	108.551	60.788	126.959
38.165	108.712	60.290	127.073
37.376	107.401	59.524	126.462
36.272	106.266	60.057	126.562
34.921	105.343	62.285	125.449
33.689	105.069	64.007	125.050
32.406	104.945	66.457	124.635
31.556	105.219	67.577	124.737
30.600	106.181	68.610	123.425
29.968	106.394	68.502	122.831
29.767	106.919	68.165	121.899
29.744	106.023	65.385	121.194
28.994	105.327	63.830	120.369
28.210	103.356	62.545	120.616
27.760	102.870	60.690	121.185
27.753	101.299	58.543	121.076
26.776	101.033	57.775	121.045
25.898	101.857	57.608	120.266
25.065	102.018	56.909	120.082
23.807	103.048	57.722	119.133
22.371	103.536	58.656	118.617
20.459	103.120	59.144	118.763
19.192	103.242	59.368	117.772
18.539	100.877	58.260	118.269
17.374	100.162	57.481	118.099
15.559	100.414	58.467	117.357
14.113	100.852	59.325	115.853
13.380	100.931	59.898	116.031
12.217	100.469	61.830	116.158
11.351	101.172	61.684	114.942
10.957	101.974	61.620	114.176
10.141	101.775	61.404	114.502
9.466	102.260	60.523	113.400
8.515	101.573	60.607	112.764
8.397	100.616	58.674	113.777
