677.000	138.000	18.000	40.000
674.497	139.693	21.470	38.500
674.316	139.168	21.321	38.564
673.576	139.942	21.589	37.628
672.450	139.541	22.303	37.447
672.488	139.459	21.654	38.764
672.672	139.819	21.670	38.330
671.995	138.982	21.852	39.508
672.048	138.807	22.050	39.813
671.508	138.526	22.615	39.555
671.192	138.015	22.704	40.348
670.773	137.971	22.897	40.553
671.861	137.799	22.787	38.714
670.810	138.344	23.573	38.096
672.241	138.919	22.538	37.099
670.134	138.789	24.601	38.943
671.314	138.074	23.053	38.287
670.703	138.101	22.900	37.826
671.815	137.733	22.294	36.172
671.984	137.542	22.417	36.538
671.596	137.982	23.359	35.664
670.490	138.907	25.384	35.126
671.036	138.688	22.845	37.036
630.609	95.921	25.469	36.574
671.656	139.237	21.594	35.207
634.282	143.627	23.513	41.977
646.782	142.616	23.179	40.400
649.643	144.462	22.823	38.778
648.232	146.041	23.051	37.362
629.042	143.645	22.886	39.165
626.702	146.350	21.702	38.255
644.163	146.740	25.063	36.999
646.498	148.281	21.917	36.317
645.912	148.813	20.970	35.943
644.909	148.996	20.746	36.333
644.082	149.338	21.160	35.547
642.960	150.534	21.159	35.044
642.010	151.172	21.290	35.756
642.362	151.265	21.126	35.404
640.975	150.648	21.819	36.276
640.196	150.496	21.571	35.555
640.534	151.594	20.199	34.987
638.128	151.335	21.511	35.901
595.973	146.987	22.080	45.593
625.130	156.977	22.376	33.130
564.825	147.946	32.297	50.455
570.949	148.189	29.120	59.143
571.110	151.076	25.856	43.337
612.515	141.220	23.307	40.989
553.639	147.258	23.294	40.952
500.599	102.690	15.024	40.224
557.805	155.603	22.285	40.531
527.421	148.352	24.306	46.186
524.508	146.752	22.764	42.916
512.071	147.009	36.539	42.667
526.089	151.856	23.253	46.364
524.424	153.486	23.449	42.556
522.023	152.703	23.005	43.727
522.461	155.323	23.205	40.883
520.903	152.936	21.965	45.140
521.326	154.716	21.009	42.502
520.365	155.674	20.938	41.618
520.396	155.957	20.442	40.542
518.842	157.625	20.516	39.604
518.277	156.937	21.027	38.750
517.363	157.241	20.601	37.517
516.272	157.453	19.445	37.046
514.524	156.851	20.929	38.272
513.477	155.494	20.665	40.654
510.882	154.322	21.247	40.923
507.275	154.282	24.639	41.889
505.052	156.889	23.544	42.435
503.005	153.959	23.374	40.100
505.449	154.317	22.100	41.455
498.132	152.681	27.055	46.816
507.121	153.535	21.402	49.202
489.271	154.424	21.929	43.233
491.074	154.051	24.085	43.503
499.574	155.650	25.052	44.698
501.588	154.668	23.176	44.714
500.902	156.001	22.742	42.550
488.625	153.975	19.655	42.333
496.153	154.808	26.284	44.778
489.774	154.021	29.963	46.296
499.022	153.205	21.617	46.654
495.639	156.028	23.943	47.403
486.733	155.468	26.990	48.943
496.343	156.866	23.132	51.070
494.882	159.336	25.924	46.501
496.436	159.113	22.963	46.538
471.730	158.241	24.839	45.172
496.915	156.611	20.475	46.757
494.441	160.590	23.599	42.371
474.380	159.527	22.064	44.614
437.223	161.109	22.923	46.900
495.122	161.924	20.604	42.668
494.507	163.553	20.456	41.970
492.348	162.303	20.833	40.598
492.081	162.713	20.097	38.168
492.408	162.982	19.249	38.759
485.992	156.441	24.950	53.097
480.744	157.024	27.849	54.286
470.893	157.330	26.926	48.719
468.927	158.191	23.468	47.166
468.423	157.758	29.471	52.677
547.320	156.401	19.455	45.981
449.355	164.598	19.148	43.954
448.814	165.472	19.762	39.174
423.043	164.624	20.813	39.774
460.733	159.808	23.812	44.749
457.975	160.880	22.326	43.252
458.219	165.753	21.963	44.643
471.972	159.659	28.270	61.185
476.167	166.162	23.895	49.298
475.820	165.842	23.769	47.617
475.352	167.329	22.751	45.475
473.742	169.083	23.247	41.232
459.905	164.196	23.199	42.681
473.248	168.626	22.553	45.462
471.711	168.283	23.408	42.140
472.192	165.495	21.534	43.250
454.147	161.183	23.686	45.821
468.328	170.540	23.119	43.437
465.871	159.887	25.797	59.651
463.522	162.679	25.260	51.374
461.934	161.504	25.427	48.797
452.862	164.355	29.085	50.152
450.294	165.394	25.889	46.979
447.201	163.566	24.649	46.097
405.157	165.665	20.188	49.101
448.286	163.190	26.424	48.266
456.345	161.651	26.588	48.893
445.473	164.559	24.239	45.894
440.413	165.771	23.950	43.906
444.460	163.716	26.634	46.261
440.812	164.959	22.560	43.859
457.501	166.166	24.110	56.821
454.464	166.050	23.895	48.556
444.294	166.949	26.468	48.834
450.619	163.426	25.746	50.608
440.730	166.007	26.998	48.589
447.629	171.236	26.617	47.049
451.834	168.504	22.083	48.313
445.615	165.002	25.805	48.226
437.008	165.207	31.093	47.889
445.645	165.773	26.302	53.394
450.365	164.516	20.557	52.324
433.461	163.618	32.534	62.986
445.880	164.521	23.144	49.671
439.331	166.349	28.070	48.312
445.596	164.048	21.613	51.927
444.143	166.611	22.232	51.300
434.299	165.425	30.269	57.952
443.205	167.058	22.345	52.091
426.689	175.535	31.877	64.044
433.544	111.877	30.941	57.711
441.686	167.384	21.905	49.332
421.373	169.015	24.147	48.407
418.627	167.472	26.648	51.042
438.522	168.950	23.675	48.625
436.931	167.804	23.924	49.839
437.356	169.044	23.003	47.737
436.592	169.213	22.600	48.231
436.063	169.967	23.024	47.297
432.183	169.256	26.272	47.940
425.600	172.412	31.790	51.857
414.577	172.324	28.113	53.415
433.319	169.393	22.047	54.233
429.953	168.860	23.575	51.704
430.415	169.907	22.846	53.707
429.465	173.415	23.312	51.243
429.656	171.261	21.465	50.384
429.006	170.743	21.513	49.435
428.421	171.911	21.448	51.354
426.539	173.075	22.142	52.167
421.126	173.095	26.127	51.796
424.772	178.647	23.384	48.497
397.714	184.869	24.939	48.861
423.434	177.049	22.580	49.532
421.336	177.280	23.056	47.981
422.253	177.289	21.433	47.936
411.149	174.136	23.533	46.078
392.206	177.563	26.104	49.771
390.514	186.749	27.400	58.858
421.353	174.753	20.767	51.156
389.292	186.342	24.437	48.525
530.400	249.495	39.275	88.298
421.069	174.346	19.342	45.017
419.768	171.710	19.600	45.597
418.053	171.960	20.732	52.705
416.870	178.930	21.918	50.471
417.795	177.179	19.370	52.253
395.368	176.542	21.639	49.185
416.387	176.780	20.707	53.846
368.260	176.877	28.631	54.978
360.757	180.768	34.156	54.725
451.914	172.189	15.216	61.161
410.537	174.688	20.449	54.032
373.587	188.230	24.466	47.893
389.162	177.387	23.456	55.069
380.593	181.550	28.915	55.245
331.127	177.112	24.831	55.598
361.885	183.352	23.269	53.265
362.793	181.463	26.908	54.466
398.892	176.960	24.314	51.745
365.193	188.230	31.863	60.139
363.856	181.683	29.496	58.562
330.846	181.792	38.027	83.875
332.232	188.910	37.283	78.074
376.352	179.842	27.347	56.315
387.701	179.055	26.302	55.940
395.651	184.477	27.184	54.584
398.843	182.291	33.431	60.969
441.978	176.748	25.312	58.296
461.546	175.650	24.760	54.847
458.954	175.025	23.957	55.789
457.902	174.923	22.334	55.157
458.660	175.225	21.660	58.611
458.380	176.760	21.145	56.686
457.510	177.474	22.242	54.441
456.257	177.944	22.362	54.656
457.209	177.304	21.927	56.907
454.671	177.200	22.881	44.747
463.581	174.445	22.659	42.655
453.070	177.883	19.459	43.777
450.245	175.558	19.210	51.699
447.413	179.075	21.689	54.268
448.407	178.242	20.338	56.929
446.548	180.087	23.331	56.241
445.364	179.853	23.625	56.921
445.235	180.299	23.418	57.934
443.829	179.545	23.637	58.213
442.084	180.089	24.318	58.743
440.473	182.285	24.112	55.811
436.015	181.974	24.343	55.936
436.868	181.717	22.006	56.002
433.094	182.874	24.464	56.677
427.816	182.024	25.830	57.216
426.216	180.085	21.481	53.451
426.128	177.309	25.827	57.108
424.286	180.386	26.479	60.513
422.874	180.744	27.537	58.479
420.211	175.925	26.917	56.499
414.545	175.289	25.670	67.383
412.015	176.953	28.879	62.729
421.561	173.372	27.680	67.492
421.642	172.613	28.771	69.692
420.562	165.176	28.809	72.975
420.996	178.339	27.288	68.052
409.093	170.754	31.429	71.972
332.501	170.952	43.647	100.584
340.755	170.183	32.834	76.436
342.204	178.895	32.601	67.512
345.827	179.175	28.442	68.021
355.496	178.476	28.485	57.102
360.764	186.857	24.409	56.028
359.147	185.673	29.219	59.869
360.195	183.029	30.880	61.152
359.902	182.039	31.350	65.642
337.637	185.150	40.064	93.829
386.813	180.460	26.458	64.266
346.123	181.233	43.100	88.044
382.864	185.295	26.774	61.696
379.293	186.477	26.551	62.958
383.710	187.128	28.110	64.595
379.851	186.376	28.508	62.963
370.578	184.141	27.744	61.985
357.816	177.167	40.000	75.973
375.962	186.017	25.251	65.535
336.916	184.461	40.479	83.463
370.997	185.519	27.239	65.771
369.895	186.650	25.008	60.014
369.357	186.094	25.437	65.111
332.133	203.209	39.018	89.290
371.474	186.299	26.205	65.528
371.276	186.902	26.444	60.819
344.264	177.758	37.504	77.229
352.628	183.906	38.777	74.333
361.353	185.260	27.528	67.244
357.813	186.891	30.216	68.748
369.423	185.839	27.539	63.842
362.319	187.984	29.984	67.203
322.668	215.478	42.856	91.612
320.454	209.435	43.551	91.653
357.419	191.619	27.455	64.425
354.031	192.034	29.522	67.569
321.803	225.656	29.364	70.539
304.120	221.180	44.752	83.055
322.238	226.338	27.315	52.155
307.440	229.945	44.406	72.990
337.198	169.259	41.688	83.687
310.041	218.139	40.802	81.480
327.611	303.290	39.103	68.456
314.561	231.573	29.311	69.794
310.062	224.122	39.164	83.413
347.565	194.224	28.389	66.508
252.829	222.394	52.384	84.563
276.462	218.903	56.813	102.141
271.442	229.526	35.266	81.641
286.156	228.260	60.236	94.860
287.675	233.780	48.831	86.956
177.466	234.441	34.137	75.825
272.988	230.842	40.305	89.074
272.264	234.813	46.924	91.600
272.265	236.644	43.640	78.245
245.071	233.193	59.758	80.437
279.859	236.222	38.989	84.309
301.455	234.307	29.020	63.904
275.162	233.607	45.170	83.431
223.954	235.280	17.584	70.401
297.654	235.503	30.480	65.155
291.088	239.635	42.037	88.806
223.810	239.769	64.977	84.645
223.016	234.198	62.143	80.814
211.709	240.846	42.199	81.638
305.610	203.348	29.566	61.444
309.106	203.218	27.068	63.188
308.946	202.775	38.861	67.876
293.465	241.194	44.160	101.917
279.611	223.649	54.215	92.620
253.532	235.537	69.867	71.567
270.772	249.874	72.697	132.818
273.622	229.573	65.655	78.312
288.084	239.218	65.130	156.704
280.583	222.732	63.040	99.468
316.201	203.977	29.164	66.258
285.384	244.486	53.947	86.279
247.309	211.156	26.695	54.519
305.742	206.619	31.011	59.304
299.036	196.872	40.749	88.407
294.154	250.438	47.371	98.822
286.615	198.257	25.552	56.722
294.777	191.929	40.052	81.302
289.773	207.404	26.212	61.641
299.323	206.350	47.419	89.414
288.365	209.596	27.951	65.417
288.888	207.102	28.354	64.409
302.247	196.161	46.736	79.195
287.190	204.623	29.506	66.289
286.637	202.842	29.564	67.166
286.451	206.786	28.728	68.787
284.772	214.960	28.359	66.316
294.213	211.935	33.025	66.336
302.027	208.436	37.100	69.409
283.720	213.021	28.767	69.826
280.042	214.994	26.101	63.626
276.703	214.306	26.992	67.238
281.970	212.577	33.004	67.067
285.963	258.747	58.343	125.770
222.425	229.135	62.753	117.772
296.855	264.932	42.008	102.933
295.516	261.754	63.205	136.436
236.423	228.742	34.339	87.775
266.467	212.709	32.498	73.767
266.641	218.441	27.787	69.643
292.607	218.778	39.973	93.907
287.640	214.560	41.468	88.049
293.292	215.566	26.291	62.880
286.949	214.770	38.895	79.939
287.979	219.055	31.868	70.368
291.064	214.028	27.358	65.645
259.766	222.461	29.487	65.020
276.669	248.954	50.379	102.036
279.204	277.681	40.736	97.558
282.397	277.044	37.413	84.900
224.969	280.613	36.866	93.381
223.740	284.557	40.530	92.231
207.546	279.846	73.538	100.609
215.800	226.920	29.504	67.948
219.984	274.878	56.853	100.277
224.294	292.049	37.460	93.148
228.073	289.888	36.482	96.056
296.152	280.848	60.262	124.852
253.369	225.354	33.689	74.769
255.111	224.775	28.945	71.244
311.057	278.509	73.325	146.189
305.744	283.690	62.434	125.613
298.489	279.019	78.357	142.730
314.931	289.842	50.856	118.014
219.689	421.933	91.861	98.449
226.917	289.640	50.352	104.173
300.842	428.746	121.025	99.436
558.051	257.739	23.981	42.851
315.574	291.673	48.589	107.618
455.210	454.058	94.741	75.774
505.508	468.219	79.652	62.391
315.701	287.514	69.624	126.041
514.628	442.291	67.864	80.441
314.014	276.519	59.548	144.269
322.871	289.947	51.889	111.614
318.342	293.500	51.284	112.181
322.855	287.223	64.738	135.369
322.882	299.408	42.811	111.872
325.018	293.748	46.344	113.655
324.723	300.536	49.171	112.714
325.735	306.628	48.072	111.014
329.455	311.814	43.350	110.105
330.178	309.086	48.173	120.760
329.463	278.808	65.141	117.749
300.966	279.575	90.335	136.635
330.456	304.378	41.551	100.785
332.163	306.835	42.052	103.648
334.294	309.686	45.070	99.055
332.534	316.873	46.462	100.673
326.736	312.680	38.302	96.554
321.615	307.594	66.680	114.566
352.655	249.991	93.618	143.606
329.064	320.664	49.114	115.445
330.611	320.794	52.403	107.108
334.466	307.091	70.310	166.437
326.934	316.014	44.818	110.387
328.717	317.908	68.797	150.171
328.533	343.498	67.885	117.139
336.040	306.153	72.476	164.704
330.375	318.078	52.696	115.044
338.247	320.706	67.148	159.493
340.940	341.327	56.726	115.557
340.853	312.118	72.234	112.031
340.868	340.276	105.388	147.152
336.347	272.218	128.191	236.314
345.307	352.628	51.475	127.354
338.160	308.637	75.663	172.399
321.671	321.073	54.605	102.263
208.804	251.617	36.694	77.026
156.597	257.520	36.609	75.967
235.587	250.827	35.978	84.839
325.058	286.030	12.015	88.930
238.700	367.666	60.419	138.495
192.852	252.000	37.638	82.113
191.033	256.669	35.807	77.781
203.745	240.488	29.927	86.875
195.793	256.707	32.597	82.041
193.466	257.526	34.950	79.940
244.545	381.308	59.768	141.355
244.026	236.303	33.784	71.133
92.161	379.227	15.885	39.049
231.433	250.015	30.244	86.192
223.762	255.252	35.355	85.240
227.544	253.410	30.566	79.042
221.981	253.858	31.401	79.224
184.660	261.612	33.101	85.878
198.385	262.028	37.242	85.614
233.609	254.098	56.413	105.626
238.155	248.542	68.122	107.184
305.317	259.360	49.262	114.067
350.968	256.972	39.268	77.533
263.413	261.066	36.806	74.823
169.700	355.776	24.570	54.200
321.859	265.767	37.649	80.016
