426.000	153.000	84.000	166.000
422.678	150.561	91.603	168.052
421.324	151.822	89.396	164.907
418.403	152.026	89.421	163.961
417.117	152.640	89.768	163.758
416.392	153.262	88.878	163.899
415.845	152.799	87.434	164.869
416.373	153.567	82.689	163.562
415.261	153.974	79.037	164.927
415.042	153.300	75.031	166.123
415.129	152.520	72.837	163.802
417.004	152.619	70.292	165.311
418.096	152.789	69.749	165.292
419.746	153.857	68.828	163.345
421.767	153.656	71.029	163.277
423.813	153.645	72.991	163.582
424.917	152.887	74.124	164.514
426.598	153.426	73.570	163.091
430.532	151.283	66.516	166.946
435.160	151.070	64.277	167.891
437.587	152.222	64.051	166.166
439.846	152.350	63.352	165.473
440.361	151.653	64.624	166.772
439.957	152.560	66.639	165.847
441.255	153.110	67.694	165.055
440.935	154.894	72.449	163.425
441.508	156.609	72.546	160.598
442.841	157.297	71.765	160.157
446.878	158.602	69.740	158.616
451.265	157.979	67.565	159.183
456.931	157.497	65.282	157.253
462.015	156.118	61.652	158.081
466.053	157.486	61.898	157.429
463.411	158.971	65.026	158.899
458.638	160.986	71.761	158.825
453.638	162.147	76.679	156.965
449.642	164.908	80.541	152.413
447.744	166.901	81.452	149.970
447.704	167.626	80.017	149.523
451.020	168.050	76.009	149.532
455.203	169.053	71.023	147.626
461.687	168.908	62.766	148.903
467.744	168.675	58.606	153.009
471.466	169.038	57.448	150.849
473.592	167.966	55.731	153.829
474.750	167.541	57.515	153.177
476.037	167.706	60.256	150.672
476.133	167.799	60.700	152.247
476.053	168.447	60.645	150.503
475.458	169.097	59.323	149.094
474.784	171.357	58.089	145.836
474.636	171.626	55.389	146.135
474.074	171.054	53.063	147.072
472.884	168.583	50.776	150.262
471.962	167.758	50.547	151.597
471.509	167.892	50.058	153.308
469.092	168.595	52.625	150.954
468.529	170.056	52.863	150.167
467.797	172.803	53.099	147.370
467.420	174.170	53.155	146.645
466.224	174.637	55.488	144.778
465.186	174.370	58.713	143.853
465.660	173.278	60.075	144.909
464.614	172.674	61.970	144.171
463.736	173.229	64.166	146.497
463.141	174.560	65.811	143.536
462.324	176.207	66.152	142.110
462.517	177.023	65.305	140.191
462.451	178.352	64.171	138.854
462.276	178.039	61.147	139.145
461.494	177.673	56.810	138.431
460.868	176.925	55.738	138.105
459.624	177.020	53.748	138.762
458.532	177.621	52.842	138.740
457.224	177.990	52.911	137.596
456.132	179.240	52.612	136.223
455.146	180.311	51.266	134.970
454.742	181.933	49.790	133.868
454.510	182.286	49.322	133.492
454.490	181.825	48.026	136.432
453.813	181.290	47.903	137.129
452.969	180.911	47.640	138.059
451.858	180.393	48.983	139.076
451.701	180.504	48.773	138.535
453.028	180.759	46.696	138.960
452.621	182.168	46.671	137.366
452.521	182.192	46.510	136.552
452.627	183.002	46.889	135.420
452.107	182.956	47.539	135.094
450.910	183.694	50.694	134.839
449.908	184.797	51.528	132.444
450.588	183.919	50.924	133.680
450.790	184.837	50.316	133.306
453.034	185.014	47.999	133.924
453.203	185.057	47.927	133.051
452.463	186.013	45.836	132.544
451.977	186.986	44.641	132.166
450.929	187.051	42.566	132.038
449.130	186.854	40.564	131.659
448.689	188.016	37.903	130.325
446.657	188.283	38.036	130.484
444.967	188.322	38.370	129.939
442.022	188.188	40.322	129.675
437.187	188.223	43.068	128.747
432.510	187.546	47.166	129.779
432.081	186.952	46.304	130.071
431.405	186.322	46.713	131.473
431.683	186.130	45.334	131.568
430.415	186.637	45.568	130.924
429.370	186.277	45.485	131.518
428.227	186.592	45.227	130.852
427.338	186.471	45.051	130.660
426.367	186.291	44.656	131.015
425.489	186.561	44.631	130.744
424.557	186.961	44.615	129.542
424.411	187.551	44.055	128.695
424.582	188.342	43.571	127.959
425.062	188.216	43.067	127.344
425.393	188.810	43.002	127.821
426.389	189.080	42.233	126.964
426.851	189.318	41.978	126.567
427.191	189.390	41.675	126.568
428.024	189.260	40.796	126.754
428.388	188.769	40.571	127.540
428.773	188.825	40.035	127.755
428.641	188.461	40.551	127.921
428.964	188.693	40.228	127.886
428.022	188.650	41.280	127.930
428.034	188.664	41.170	128.526
427.473	188.666	41.511	128.190
426.970	188.622	42.074	127.952
426.831	188.461	42.326	128.769
426.766	188.551	42.123	128.455
426.886	188.593	42.059	128.465
427.121	188.856	41.712	127.917
427.436	188.931	41.497	127.417
427.501	188.959	41.475	127.915
427.651	188.620	41.223	127.830
427.909	188.883	41.178	127.681
427.578	189.091	41.284	127.275
427.459	188.825	41.349	127.585
427.763	189.003	41.158	127.758
427.927	189.178	41.048	127.357
427.657	188.999	41.205	127.410
427.399	189.130	41.573	127.393
427.726	189.222	41.195	127.539
428.000	189.310	40.920	127.677
427.871	189.266	40.991	127.044
427.716	189.165	41.037	127.441
428.024	188.912	40.458	127.951
428.212	188.956	40.270	127.907
428.137	189.034	40.507	128.080
428.024	188.783	40.620	128.204
428.284	188.739	40.304	129.044
428.147	188.648	40.184	128.294
428.323	188.474	39.890	129.300
428.354	188.518	39.633	129.607
428.161	188.604	39.503	128.733
427.938	188.461	39.556	128.710
427.667	188.593	39.707	128.577
427.212	188.726	39.787	128.106
426.901	189.165	39.967	127.497
426.678	189.422	39.846	128.134
426.413	190.043	40.347	126.243
425.945	189.981	41.164	127.086
425.499	190.347	41.859	126.387
424.989	190.347	42.703	126.555
424.613	190.664	43.318	126.334
424.787	190.631	43.565	126.323
426.119	190.194	42.861	126.647
428.417	190.707	41.729	126.178
430.844	191.638	40.419	124.849
432.252	192.209	39.994	125.701
432.940	193.215	40.773	124.075
432.707	193.758	42.440	123.374
433.194	194.205	43.203	122.014
433.717	194.576	44.515	121.548
434.540	194.541	44.731	122.444
435.180	193.282	45.041	124.185
436.273	193.051	45.905	123.715
436.780	192.965	45.635	122.766
437.101	193.016	45.903	124.325
438.274	193.410	45.460	124.612
439.871	194.551	45.511	123.471
441.374	197.350	45.927	121.081
442.845	199.332	45.676	119.859
444.624	199.873	43.716	119.338
446.126	200.907	43.177	117.944
447.547	201.469	42.762	119.107
449.264	202.105	42.157	118.176
450.349	202.390	42.250	116.629
452.231	202.479	41.567	116.643
453.413	200.379	40.542	118.791
454.866	199.163	40.260	120.226
456.804	198.154	40.762	119.444
457.690	198.061	40.799	120.944
458.079	197.963	42.859	119.681
457.925	198.831	43.780	118.227
460.779	199.628	43.694	117.334
462.861	201.379	42.794	117.390
465.198	201.309	43.130	116.866
467.495	200.711	41.902	117.465
468.721	201.039	40.691	116.403
469.126	200.777	40.543	116.243
469.989	199.206	39.733	117.646
470.165	199.049	40.711	117.800
470.313	199.884	41.402	116.032
470.276	199.211	42.587	116.908
471.360	200.115	42.100	116.534
471.962	202.574	41.375	114.756
472.216	203.129	40.535	114.002
471.808	203.043	40.787	113.204
472.056	203.116	40.697	113.207
472.378	203.587	40.639	111.834
472.343	203.889	41.131	112.754
472.354	203.727	41.952	113.701
472.978	205.224	41.662	112.394
473.806	206.189	40.637	111.271
474.362	205.506	40.074	113.289
474.685	204.472	39.988	114.217
475.291	204.258	40.046	114.780
475.793	203.048	39.723	115.339
475.793	202.008	39.986	114.921
475.892	203.021	40.164	113.570
476.101	206.402	39.981	110.338
476.259	206.811	39.327	110.478
476.994	207.344	38.208	109.863
