210.000	277.000	54.000	83.000
201.087	278.834	52.257	81.119
192.923	278.415	50.676	81.527
184.319	278.944	50.418	81.277
174.657	278.676	51.393	81.814
165.969	279.274	50.457	81.926
156.766	279.499	51.409	82.192
148.290	280.710	50.265	80.897
136.177	282.941	50.087	80.105
126.360	282.717	51.004	79.778
120.250	283.339	52.911	80.114
109.670	283.926	54.261	80.484
100.989	284.843	55.586	80.766
91.346	286.335	57.327	80.754
83.695	287.508	56.557	81.639
80.460	287.944	52.848	82.553
78.028	288.699	48.521	82.046
75.563	288.877	45.321	83.341
70.339	290.591	44.699	83.495
69.117	291.940	42.309	84.056
70.620	292.133	38.988	86.089
67.185	293.721	38.259	83.842
67.396	295.904	37.068	81.330
65.957	296.908	36.964	79.829
64.964	298.177	37.590	82.485
66.015	299.076	36.214	85.793
66.606	298.967	38.690	90.911
68.480	300.635	40.175	90.697
69.641	300.109	41.916	91.034
72.960	300.639	42.960	91.572
74.457	300.785	44.910	92.192
75.610	301.229	45.521	90.514
79.490	301.626	47.082	92.967
83.601	302.603	48.316	94.149
88.234	303.017	49.551	95.196
92.623	304.683	49.949	95.342
97.810	306.127	50.229	92.322
103.300	306.726	50.886	91.376
108.911	307.642	52.961	88.072
118.434	308.980	58.083	86.629
127.186	309.194	58.201	87.863
133.568	308.167	61.645	90.400
143.037	308.196	59.623	89.100
151.986	306.694	61.955	90.153
157.855	306.984	60.427	89.647
166.599	307.365	62.807	85.812
174.396	306.314	64.326	86.304
183.186	305.378	58.679	89.034
190.282	305.104	57.203	90.772
197.808	303.764	61.967	89.614
205.725	303.872	57.915	88.648
211.426	302.566	55.307	90.229
216.877	301.621	53.023	89.492
223.018	300.301	56.581	89.316
227.975	298.576	56.451	91.913
233.799	296.781	54.164	93.157
235.930	296.358	53.041	93.423
242.489	294.922	49.191	94.611
244.188	293.705	46.864	94.402
248.073	293.407	44.609	94.003
248.949	293.003	44.193	93.618
251.758	292.283	45.312	91.982
252.117	291.540	47.282	91.482
253.831	290.718	46.506	91.799
254.354	290.035	46.949	93.190
254.894	288.942	45.396	94.085
254.869	288.266	45.987	94.627
255.117	287.218	46.131	92.967
255.730	286.201	44.081	92.553
255.305	286.073	43.770	90.958
255.614	284.897	41.906	93.250
255.970	284.292	41.499	93.858
254.717	283.283	40.605	94.195
253.876	282.862	39.214	91.805
252.085	282.442	38.678	92.075
250.521	281.446	37.930	91.777
248.151	280.581	39.474	90.770
246.716	279.543	40.181	90.845
246.639	278.633	40.618	89.505
245.813	277.802	41.585	90.078
245.288	276.370	40.858	90.823
245.152	275.686	40.882	90.838
245.442	275.232	40.642	90.838
246.108	274.338	39.577	90.772
246.621	274.239	40.177	88.410
247.350	274.251	40.309	87.320
248.780	273.474	41.242	87.922
249.214	272.259	41.054	88.326
250.297	271.814	42.024	86.933
251.388	270.943	41.571	86.299
252.815	269.741	42.497	86.056
252.807	269.743	41.831	84.835
253.408	268.147	42.923	85.714
254.362	267.782	40.936	85.224
254.549	266.999	40.799	86.020
255.410	265.966	39.777	85.427
254.614	265.491	38.353	84.105
254.418	265.432	36.783	82.975
253.149	264.175	36.015	83.309
251.450	263.619	35.088	82.230
248.816	262.318	35.262	83.896
244.574	261.561	36.205	83.258
241.189	260.412	36.914	85.605
236.795	259.903	39.548	83.449
231.701	259.499	40.534	78.907
227.349	259.290	42.357	74.748
221.139	258.704	41.065	71.236
215.962	258.771	42.097	71.882
210.850	258.728	42.187	71.299
206.421	257.932	42.233	73.596
200.105	257.498	44.118	72.744
195.782	256.510	43.268	74.385
191.675	256.112	42.947	78.290
186.967	255.459	43.930	79.382
182.512	255.326	45.319	79.638
179.451	255.329	42.473	79.540
176.864	254.155	41.693	80.497
168.657	254.405	43.896	79.499
164.545	253.828	42.633	79.802
159.886	253.129	41.945	79.590
152.009	252.711	45.045	78.578
146.465	252.727	44.035	77.091
139.930	253.019	44.270	74.829
132.697	252.961	45.916	73.288
123.623	251.910	47.116	73.098
119.751	252.536	45.975	72.503
112.178	252.277	47.267	71.673
105.628	252.435	48.063	71.962
98.827	252.117	49.307	72.327
94.009	252.129	47.626	72.864
86.475	251.993	48.358	72.591
82.084	251.539	47.703	71.510
74.626	251.419	47.895	71.589
70.707	251.573	46.473	71.118
67.633	251.541	43.275	68.585
58.222	250.769	47.090	67.299
53.848	249.286	45.490	71.561
53.034	250.033	41.774	70.581
51.756	248.955	38.005	73.626
49.238	249.191	37.105	71.296
45.704	248.817	35.395	73.004
43.421	247.777	32.953	70.150
38.242	247.263	32.994	67.574
32.581	247.692	34.454	62.827
30.801	246.064	37.318	65.483
43.461	245.746	36.529	66.292
55.328	245.032	36.703	66.294
63.223	243.135	42.012	64.443
85.148	244.441	36.939	64.611
97.144	242.663	41.476	64.970
117.404	242.003	39.577	65.599
137.743	242.668	38.884	67.030
155.439	241.965	38.440	65.106
173.169	241.585	37.763	65.214
188.012	247.179	34.771	64.609
188.841	247.111	32.351	61.215
188.095	248.044	32.943	58.845
187.526	247.698	32.406	56.028
186.976	246.394	31.166	56.802
185.514	247.470	32.129	60.340
184.355	248.443	32.853	58.448
183.926	248.953	33.143	57.924
183.926	248.941	32.371	55.423
183.307	248.217	32.101	54.628
183.650	247.692	30.229	56.167
183.525	248.197	31.559	55.443
183.361	245.228	30.206	56.774
183.025	247.843	30.404	56.367
181.435	245.835	30.282	58.521
180.781	243.821	28.053	61.869
179.345	245.995	27.966	63.054
176.397	248.399	28.798	59.132
174.590	249.217	28.759	55.007
172.888	246.650	29.228	54.981
170.744	248.406	31.970	55.292
167.941	246.009	33.636	59.454
167.523	248.333	33.310	59.967
165.365	248.819	34.457	58.574
167.031	248.000	32.447	58.955
164.489	246.631	34.006	58.704
167.141	247.854	33.012	60.413
167.053	245.675	35.319	60.636
166.036	246.609	34.202	61.664
164.789	246.088	34.360	61.785
164.941	245.357	32.829	63.849
164.128	246.861	33.697	61.873
164.183	246.239	33.981	64.123
163.689	245.300	34.570	64.269
162.928	246.574	34.115	61.232
164.041	246.403	32.977	61.824
163.936	245.714	32.725	64.204
162.598	244.414	34.846	64.788
162.378	247.142	33.892	64.459
161.376	246.204	34.852	64.357
160.441	248.242	35.043	63.184
159.828	248.495	35.408	62.155
159.450	249.016	36.700	63.374
158.575	249.850	35.672	60.079
157.878	249.323	34.735	63.064
156.883	249.577	36.684	62.858
156.955	249.132	37.658	64.400
157.970	247.371	36.030	65.842
157.974	246.888	36.151	66.077
158.110	246.769	35.172	65.362
158.912	247.691	34.640	64.075
159.464	247.928	34.447	64.703
159.841	246.518	34.489	66.503
158.690	246.926	35.154	65.659
157.648	247.280	34.317	66.228
156.648	247.786	33.895	64.617
150.805	247.928	35.933	65.162
146.067	248.341	36.629	64.197
143.725	249.336	36.475	70.309
142.624	248.746	35.138	67.002
141.767	249.589	34.471	70.720
143.072	248.594	31.888	70.373
142.365	251.103	32.366	64.536
143.089	249.275	31.103	62.659
143.974	247.098	31.408	68.053
143.925	249.131	33.950	68.593
144.601	247.716	36.450	67.135
143.129	248.669	35.308	68.564
142.363	249.829	36.390	63.336
142.307	249.316	34.808	68.140
142.259	248.892	36.220	67.396
142.336	249.301	37.822	70.904
142.927	247.799	36.366	69.401
142.700	249.921	35.856	65.817
142.208	250.227	36.061	66.803
142.343	248.507	36.427	68.938
142.200	249.174	35.376	66.278
141.380	248.752	35.729	65.627
141.687	246.548	36.580	69.864
141.266	247.953	36.374	68.193
142.045	246.090	36.636	70.422
140.786	247.195	37.621	73.815
140.430	246.680	39.340	71.435
142.540	246.988	37.114	74.648
143.383	247.392	36.535	72.027
148.097	246.622	33.247	70.319
150.595	246.514	33.136	67.070
153.110	246.405	31.566	67.238
155.562	246.878	32.195	65.208
156.570	247.412	32.633	65.624
157.638	248.150	31.026	64.908
158.010	247.669	34.150	62.106
159.610	247.957	33.812	61.147
159.928	240.436	35.679	64.557
157.213	236.905	35.236	69.848
157.752	232.150	36.615	72.744
159.108	231.866	42.542	75.820
162.041	231.990	38.428	78.795
164.162	230.261	39.600	79.513
164.405	228.463	38.359	75.312
165.863	228.037	36.609	75.046
168.953	226.946	33.426	76.414
167.365	228.027	36.687	75.402
167.642	228.110	35.932	71.363
167.980	228.855	35.263	73.566
167.307	228.783	37.336	75.166
165.531	228.123	38.678	75.733
166.483	226.734	37.370	74.035
166.400	229.101	36.173	76.064
165.251	230.290	38.580	72.894
165.841	230.295	37.819	75.212
164.848	228.738	39.071	76.605
164.000	229.510	40.959	77.682
163.493	228.962	40.519	77.190
162.855	229.200	38.817	75.777
162.265	230.425	41.483	75.529
163.028	229.687	40.818	80.211
162.078	231.298	42.606	78.090
159.579	230.858	42.505	77.439
159.600	230.302	39.866	79.363
162.086	230.409	40.706	79.187
169.003	233.367	37.493	78.412
173.011	228.505	38.314	74.863
174.199	240.047	39.465	68.092
175.842	241.324	41.925	66.636
174.324	245.372	38.759	66.367
174.640	245.809	38.118	62.631
175.572	244.989	36.780	63.170
175.397	245.990	35.908	62.142
176.038	247.065	35.277	61.103
176.020	247.639	34.297	61.432
175.611	247.987	36.447	60.545
177.596	248.494	35.552	60.986
178.062	246.702	35.033	62.395
177.903	244.805	34.909	63.923
178.041	245.730	34.824	61.929
179.482	246.758	34.472	60.744
179.449	244.068	34.067	60.401
179.320	241.936	34.790	60.562
179.849	240.680	35.209	62.424
178.543	242.791	36.612	61.632
178.419	243.330	36.965	61.172
178.976	241.305	35.381	61.549
178.818	242.812	36.801	61.340
178.929	241.895	36.387	60.365
178.233	244.580	35.592	59.601
178.428	242.854	33.797	61.419
177.472	246.130	33.715	59.875
178.521	246.666	30.553	58.362
178.308	246.305	29.449	57.601
178.541	244.439	30.086	56.487
179.257	243.389	30.063	56.195
179.355	246.293	32.538	56.375
178.749	246.577	31.383	57.506
178.840	245.121	31.221	58.914
179.384	244.696	32.158	58.833
179.025	243.638	32.014	59.058
178.522	239.464	31.849	60.733
177.905	242.178	32.415	58.534
178.728	241.509	32.057	60.269
176.746	241.661	32.180	62.243
178.277	236.444	33.225	65.179
176.288	239.754	33.369	66.649
177.271	237.727	35.989	65.596
175.484	232.758	36.231	69.779
176.991	229.917	35.800	65.992
226.873	202.113	31.821	60.866
177.769	234.320	37.176	63.145
285.361	285.012	11.295	66.197
236.525	206.563	29.117	64.065
238.825	206.693	29.204	63.391
241.735	207.380	28.261	65.307
243.207	207.786	28.511	63.405
244.356	209.073	28.602	65.029
248.158	210.432	29.090	67.028
250.860	211.252	30.050	67.339
254.168	211.607	30.364	68.388
256.639	212.260	31.685	67.022
259.776	213.399	31.887	68.766
263.640	214.709	31.400	68.334
267.822	215.357	31.265	68.843
270.952	215.919	31.244	68.234
274.886	217.681	32.080	70.806
278.738	217.896	33.331	69.446
283.545	218.904	32.852	67.748
287.811	220.415	33.239	67.026
291.309	220.635	33.123	64.750
295.863	222.126	32.540	68.104
298.575	221.641	33.858	66.677
302.141	222.786	33.690	61.910
305.684	224.042	33.991	62.948
307.482	226.134	34.733	62.665
310.168	226.958	34.541	70.893
313.657	227.368	35.116	66.835
319.544	229.622	33.560	70.420
321.809	230.688	34.539	71.274
324.938	231.645	34.292	76.315
328.833	232.703	35.399	79.678
331.449	233.858	35.678	80.777
334.524	234.685	35.278	82.490
338.861	236.522	33.320	82.084
341.824	238.645	34.375	83.315
343.948	238.912	34.204	84.659
345.245	241.636	36.251	87.516
349.309	241.599	33.149	85.305
352.028	243.921	33.964	83.527
355.951	247.591	36.094	83.538
360.139	246.677	36.020	85.688
363.452	250.675	37.561	85.512
369.161	250.790	36.489	86.732
372.780	252.273	37.115	87.063
375.743	256.158	36.968	88.207
377.994	255.268	36.344	90.675
379.722	257.710	37.240	88.372
380.837	258.135	37.117	88.669
382.001	261.564	36.905	85.913
382.259	263.516	37.650	87.312
383.128	265.236	38.209	91.898
381.794	267.715	40.704	91.066
382.344	269.141	39.523	94.312
379.082	270.843	40.606	92.854
379.534	274.517	40.660	93.919
379.407	277.326	40.739	92.464
377.665	278.497	41.236	94.202
377.298	279.540	41.951	96.977
377.559	283.162	40.822	95.373
375.936	284.521	42.331	96.400
374.615	287.189	43.321	101.083
374.393	291.329	43.280	103.875
372.817	293.298	43.446	106.531
373.103	295.367	41.795	104.679
371.282	300.159	43.153	103.919
371.111	302.169	42.885	109.634
370.511	304.934	43.770	110.036
369.741	307.533	44.517	110.500
369.909	309.503	45.019	110.806
368.703	313.695	44.905	114.706
368.807	317.407	45.132	122.244
365.942	319.627	46.374	119.191
365.874	324.455	46.338	123.589
364.618	327.377	45.652	125.529
362.758	330.170	46.428	128.007
359.015	336.084	48.652	127.896
356.764	337.391	48.036	132.150
352.096	344.426	49.071	130.748
347.714	347.550	49.759	129.901
347.135	351.667	49.790	128.424
344.609	355.843	52.815	125.157
342.865	358.595	54.793	122.405
345.498	364.038	51.738	116.962
346.327	369.752	53.720	111.248
348.799	375.125	54.287	105.875
352.978	380.469	53.008	100.531
355.562	386.046	54.410	94.954
357.712	391.110	55.674	89.890
361.319	396.932	55.856	84.068
364.504	403.313	57.615	77.687
369.015	408.019	58.216	72.981
366.176	394.530	71.580	86.470
254.037	280.546	50.031	102.253
263.983	288.492	35.507	95.273
247.790	286.754	51.515	92.480
247.357	286.190	45.808	92.956
261.104	286.384	38.370	94.326
245.720	285.560	36.984	97.121
244.451	290.079	36.459	96.028
245.629	285.424	42.258	95.841
259.902	287.832	38.142	94.670
255.673	288.731	40.377	93.570
290.117	232.680	32.505	72.466
291.745	229.978	29.442	77.787
292.239	231.309	29.926	77.483
293.312	232.696	29.359	76.561
295.627	234.972	28.524	73.914
295.071	230.813	28.421	78.041
295.412	236.748	29.093	72.844
294.745	234.543	30.156	75.278
292.462	228.987	32.721	81.977
291.560	232.668	33.252	79.448
293.380	229.645	30.040	82.592
292.913	230.020	31.689	82.603
291.800	229.848	32.933	83.402
293.285	229.899	31.441	83.752
288.534	229.174	38.046	85.093
293.706	230.622	33.097	84.272
295.236	232.322	32.205	83.527
292.847	234.590	34.331	82.589
290.932	226.711	35.948	91.144
291.845	226.925	34.795	90.548
289.764	227.635	36.422	90.225
286.816	232.572	38.775	87.303
285.418	230.724	39.406	89.741
285.149	233.136	39.219	87.113
284.094	235.011	38.292	86.293
284.921	232.577	39.030	88.648
286.499	233.401	39.045	88.834
285.469	233.983	39.090	88.206
285.840	236.347	35.786	87.374
283.606	235.313	38.679	87.738
282.744	235.367	37.802	90.502
281.971	233.461	37.583	92.468
280.429	232.932	40.870	91.907
280.736	231.162	39.501	94.687
281.250	238.602	37.746	89.672
282.292	240.843	35.169	85.353
283.937	238.452	36.780	87.029
283.045	237.962	35.496	87.477
282.881	240.820	34.901	86.393
282.608	245.860	34.980	82.812
280.502	241.274	37.039	86.235
278.885	244.573	36.343	84.710
275.953	241.159	38.026	86.210
275.401	243.849	35.875	85.170
273.190	243.791	35.610	85.894
270.798	241.884	36.669	85.687
269.608	244.574	35.572	85.264
268.128	246.740	33.747	82.208
267.325	244.772	32.601	86.787
262.252	245.823	35.992	84.709
256.579	244.782	38.543	86.358
250.580	244.510	38.693	85.504
244.815	242.960	36.282	83.291
239.437	243.575	37.590	83.288
229.696	243.930	42.467	85.943
223.495	244.957	44.314	83.464
223.255	245.845	40.389	81.061
221.062	244.257	36.971	80.849
219.513	240.743	34.004	81.057
217.227	241.263	33.380	79.584
213.630	241.766	34.367	78.173
209.724	243.067	33.133	66.402
206.169	241.186	30.859	70.331
199.561	240.821	32.352	66.814
196.154	239.427	31.248	66.390
190.294	242.593	30.210	63.252
185.582	241.178	29.449	63.825
179.817	237.201	31.776	65.355
169.873	245.952	34.677	63.323
168.016	244.821	32.218	62.787
164.308	247.839	31.424	59.066
160.825	249.553	31.057	59.913
154.258	249.511	33.018	61.753
148.762	250.341	32.781	66.357
141.605	249.354	37.777	66.942
136.423	249.424	39.210	71.377
133.068	250.155	37.584	77.159
132.239	250.945	38.568	76.709
131.922	253.416	35.175	75.122
127.195	254.946	38.306	81.610
125.127	254.989	36.664	85.037
123.874	254.350	38.017	88.366
121.791	254.246	37.876	89.960
118.176	256.313	41.268	86.601
116.902	256.134	39.301	87.545
118.112	261.260	38.050	82.464
116.215	250.758	38.109	92.057
116.526	258.520	37.874	85.370
73.913	232.773	41.773	78.431
170.329	266.861	43.642	80.804
117.012	258.096	37.329	88.232
113.489	258.566	40.300	88.830
113.770	258.057	39.694	90.966
110.255	259.478	43.081	89.823
112.161	260.319	42.513	90.445
109.614	260.217	39.058	90.067
114.991	259.893	38.367	92.988
109.271	262.262	39.647	90.685
113.460	264.197	38.017	88.026
107.764	260.527	40.741	89.550
59.134	232.640	32.011	70.777
111.602	261.874	42.760	94.763
58.618	230.274	31.103	72.557
58.396	227.983	32.874	76.014
56.626	232.363	32.889	74.786
160.901	159.821	20.321	49.036
107.864	266.230	38.942	90.890
110.093	263.472	36.735	93.852
110.950	265.314	36.643	91.870
110.591	266.112	39.219	93.604
115.491	267.327	35.995	93.425
115.197	265.563	36.845	95.808
116.469	268.495	38.092	92.921
117.152	268.792	36.291	93.582
113.575	270.408	40.143	91.620
117.774	269.415	37.172	92.429
116.899	268.355	37.090	95.127
118.775	269.261	35.131	93.320
116.061	268.234	39.745	98.504
123.440	269.332	35.281	93.026
125.510	270.508	34.612	95.768
127.079	271.511	35.779	90.672
127.266	272.188	37.456	92.930
127.874	273.113	36.929	88.616
126.686	274.461	38.703	93.199
126.182	275.763	38.281	92.930
126.618	273.815	37.638	93.535
127.234	273.765	40.130	99.185
129.227	276.367	39.892	94.752
134.225	278.501	39.232	96.727
135.592	279.160	39.131	95.224
137.043	278.015	39.870	98.901
139.888	276.064	39.392	102.341
138.723	277.382	39.984	100.234
137.575	278.597	40.971	99.808
140.173	279.550	38.598	101.380
135.293	283.150	42.949	96.848
133.128	280.505	44.420	100.269
130.718	281.822	43.404	99.162
132.605	284.085	41.751	98.023
129.149	282.819	41.861	99.686
128.254	283.741	38.612	100.301
122.275	282.381	40.829	103.081
115.128	283.136	42.502	101.787
111.479	284.888	44.713	101.612
106.989	285.842	44.177	101.051
102.396	283.932	44.634	102.080
94.763	280.724	44.389	107.572
89.745	280.238	46.510	108.845
91.227	280.636	43.216	107.623
89.923	285.412	41.439	103.238
90.111	282.558	39.577	107.084
87.285	283.788	40.177	105.189
81.822	285.309	42.941	102.610
79.329	286.946	42.701	97.967
76.323	286.099	43.419	100.656
72.522	285.569	43.881	100.063
69.878	286.524	43.425	98.516
66.512	285.463	42.120	97.561
64.356	281.287	43.210	79.448
66.101	279.707	40.141	83.796
67.152	283.734	38.749	86.929
66.735	288.771	39.292	93.222
64.353	288.570	41.658	98.068
63.135	289.331	43.080	104.557
63.002	290.407	42.226	100.716
61.225	287.131	41.475	100.512
27.384	271.765	38.311	89.145
28.529	273.045	37.784	88.860
27.424	274.651	39.169	86.320
25.525	277.010	39.586	86.245
23.500	278.590	38.540	84.273
56.380	286.606	37.076	106.137
57.781	285.130	37.534	108.772
16.869	279.033	35.719	90.204
15.111	282.247	36.736	88.688
13.962	280.968	37.628	90.632
10.577	281.558	39.453	89.859
7.184	283.764	41.305	88.353
51.375	287.552	48.921	107.769
51.479	290.199	47.944	102.517
51.843	291.204	45.292	102.161
51.437	291.255	43.667	103.298
47.981	293.298	47.360	102.137
46.259	294.557	46.081	103.334
146.633	275.422	49.405	58.726
44.229	291.854	39.639	106.093
41.171	295.437	42.350	104.532
39.366	293.323	44.124	109.061
5.443	288.365	84.554	120.975
36.978	294.194	51.082	112.565
41.012	295.059	43.909	107.139
41.728	293.718	44.804	109.415
41.399	294.240	50.688	112.708
38.814	294.528	57.398	106.691
37.502	293.542	59.092	108.374
40.528	295.564	56.318	110.329
38.446	297.390	57.888	107.088
38.952	295.791	59.751	108.499
39.743	297.783	61.175	108.842
42.288	299.500	61.657	109.832
47.167	299.361	60.874	108.270
52.729	298.333	60.861	109.446
57.698	298.640	59.133	110.038
60.228	296.010	55.272	111.311
63.278	291.360	55.106	117.364
65.708	294.211	58.315	117.390
68.481	303.494	50.024	111.002
70.561	305.253	44.378	109.371
71.071	307.930	42.351	104.647
69.942	300.971	43.966	114.955
68.913	301.594	45.191	118.512
69.609	306.422	44.203	113.756
70.005	306.482	44.864	117.471
70.774	306.614	43.930	116.242
71.245	304.429	45.302	117.691
71.189	310.062	44.251	111.883
71.545	308.399	43.344	117.062
70.535	313.301	45.050	112.490
69.126	311.913	44.714	116.044
66.474	310.717	45.616	116.433
64.299	311.466	45.380	117.364
64.430	308.759	45.702	125.544
64.687	316.243	45.705	122.579
64.910	315.859	45.977	126.027
65.455	318.426	47.343	123.696
68.656	320.432	44.525	122.105
68.292	318.471	46.202	123.974
68.198	323.366	47.662	121.816
66.595	326.952	48.860	118.233
65.020	326.137	47.099	118.481
64.284	325.635	48.586	119.663
64.070	324.236	48.210	121.640
65.935	330.391	44.293	123.089
66.015	327.722	44.562	128.753
67.805	325.863	44.516	129.801
66.049	329.557	48.752	127.088
66.165	333.113	48.499	121.900
65.623	333.458	47.238	121.755
65.065	334.281	45.085	123.104
63.511	336.927	44.666	120.385
62.772	335.416	44.257	121.402
60.661	333.472	45.417	125.019
60.167	333.769	45.337	125.116
61.255	332.558	47.355	129.878
63.057	338.252	49.442	124.041
66.727	334.958	50.400	127.872
71.797	335.498	50.759	130.871
74.337	333.798	53.605	133.564
25.183	346.533	115.301	133.560
40.385	327.015	138.471	153.985
0.000	285.963	173.659	195.037
52.170	343.115	100.924	132.610
92.175	342.067	58.394	126.643
113.062	340.562	44.638	128.487
120.192	345.556	43.510	123.292
122.476	339.605	46.430	125.929
124.408	352.414	49.738	114.579
126.904	347.818	52.912	116.656
140.488	348.675	65.120	115.305
147.320	341.424	62.598	117.663
147.297	344.032	59.153	121.042
152.172	343.295	60.176	121.521
155.590	342.728	63.873	118.149
158.907	339.113	56.283	122.206
164.533	334.369	54.551	123.925
168.197	338.275	58.745	120.880
171.143	333.544	59.692	124.245
171.217	331.847	60.370	122.428
172.622	328.715	61.094	123.924
174.149	331.172	60.865	121.941
173.727	327.251	51.388	121.857
176.976	324.141	44.176	124.271
178.595	330.721	42.802	116.713
178.080	329.475	42.036	119.468
172.761	327.979	46.717	120.762
173.668	327.525	45.470	121.861
175.343	326.242	44.937	121.085
177.361	323.901	43.186	122.767
178.773	326.218	42.739	118.150
178.984	325.006	43.127	114.932
177.766	326.184	42.661	115.485
175.290	325.203	43.979	111.995
174.445	326.098	45.042	108.660
173.325	324.950	45.199	111.564
172.284	323.719	46.279	112.902
172.597	323.476	46.700	113.536
172.532	322.181	46.494	113.161
174.150	321.243	44.651	111.890
175.339	319.875	42.459	111.951
174.896	320.103	41.594	109.887
173.876	320.400	41.178	108.948
171.315	320.303	41.752	107.598
167.437	318.803	42.434	107.950
165.476	317.161	41.857	109.042
163.003	315.587	41.450	109.995
163.185	315.558	43.251	108.367
160.306	314.702	45.296	109.526
161.482	315.258	42.753	103.160
162.524	314.209	41.179	107.385
160.326	313.295	43.601	107.684
161.541	311.849	40.956	109.197
163.569	312.848	39.720	108.380
160.651	310.975	43.233	107.376
160.822	311.392	40.820	105.375
161.098	309.804	38.767	105.680
162.248	307.763	37.694	106.565
161.025	306.417	40.750	105.185
163.697	310.021	38.742	100.329
166.011	306.880	39.513	104.811
167.344	305.220	39.692	104.203
168.407	303.578	38.472	105.061
169.860	302.243	39.025	107.482
169.728	300.845	39.552	106.238
169.086	303.147	41.723	101.788
169.138	298.516	38.955	108.213
167.642	298.720	40.137	106.135
166.493	297.624	40.870	107.923
164.962	296.621	42.439	107.888
163.951	297.803	42.097	105.952
164.300	294.722	43.307	108.933
166.192	295.624	42.348	109.366
166.721	293.275	43.300	105.930
166.287	290.851	41.187	109.414
166.193	292.246	43.889	105.983
165.720	295.133	38.903	100.823
165.449	291.852	38.696	102.563
167.118	289.294	35.254	107.295
166.386	285.338	36.156	108.843
165.669	282.601	35.377	111.498
165.300	278.443	36.172	116.029
165.349	284.997	37.116	107.987
166.838	276.333	36.479	117.933
165.497	277.929	37.196	112.683
166.529	276.053	37.232	115.901
166.233	277.870	36.826	114.246
166.900	281.912	37.353	108.398
167.779	282.076	35.984	107.986
167.160	282.380	36.930	108.182
167.227	279.573	37.938	107.595
165.761	282.099	40.175	102.163
167.507	285.589	36.925	100.354
167.403	282.617	38.499	102.260
169.324	281.821	38.743	102.857
172.088	281.809	39.476	101.358
173.046	279.527	38.724	104.151
176.804	278.941	38.881	102.572
175.117	278.065	40.468	102.284
179.513	280.329	37.915	102.443
180.285	280.012	39.159	101.528
181.184	276.388	40.676	102.617
182.464	275.617	41.288	99.385
184.151	277.439	41.235	95.750
189.095	280.019	40.840	94.223
194.098	279.349	41.136	93.364
198.105	276.508	41.445	93.249
203.435	275.003	42.694	93.872
207.321	275.264	41.006	93.533
209.616	274.702	40.445	91.549
212.584	274.338	39.429	91.310
218.086	273.306	36.664	87.704
222.478	270.600	34.761	89.485
223.383	268.504	37.296	89.976
228.898	273.503	41.261	90.340
230.679	271.892	43.777	93.098
232.839	271.302	44.180	91.813
235.819	270.232	42.260	91.428
242.568	269.441	37.439	90.993
247.894	266.773	36.413	94.225
250.991	267.190	38.444	93.063
253.730	266.507	40.054	93.272
256.815	265.507	38.422	95.087
258.223	264.747	35.615	93.959
261.431	269.346	33.904	90.136
264.202	265.946	34.062	93.661
266.860	262.887	33.960	93.147
268.932	258.499	34.334	96.300
270.354	258.565	37.670	100.412
272.378	259.092	40.294	98.286
274.816	257.661	42.705	100.251
277.420	260.223	41.791	97.236
281.863	260.273	39.211	94.672
285.184	264.547	34.441	91.101
286.048	268.208	33.884	86.550
286.204	267.177	34.247	85.695
283.958	264.194	36.653	89.991
281.157	260.377	38.426	92.755
280.323	258.349	39.200	94.711
278.724	257.693	42.149	95.305
279.882	256.362	39.505	95.012
279.920	255.517	39.476	95.555
281.314	255.414	37.204	95.096
281.266	258.380	36.837	89.648
280.457	257.885	38.366	92.524
277.937	254.200	45.688	94.405
275.395	251.243	52.598	97.295
272.176	249.884	51.574	95.995
269.578	244.415	52.967	102.641
267.261	242.429	68.584	104.613
267.003	251.035	55.306	96.532
264.512	254.491	69.390	91.672
265.987	258.446	64.721	84.366
266.618	257.273	61.944	86.531
267.974	258.237	57.326	85.706
266.460	256.355	47.896	91.648
265.292	257.462	43.709	87.215
263.694	257.561	35.319	85.617
260.761	256.872	34.198	85.573
258.376	254.259	35.681	86.157
256.967	253.480	36.539	86.741
257.227	253.465	37.167	87.218
258.941	254.242	36.564	84.708
261.400	252.680	39.781	87.629
263.959	252.049	44.115	87.744
265.089	252.349	45.961	87.241
264.673	250.608	52.816	88.255
263.630	250.259	50.641	86.703
262.481	249.832	50.404	87.275
261.031	247.839	46.720	89.359
259.231	248.582	43.703	88.366
257.345	246.790	42.370	88.470
256.040	246.961	49.838	89.389
255.333	246.953	56.574	88.746
255.288	245.312	60.397	89.791
258.369	243.352	54.635	87.992
258.148	243.094	47.812	89.011
256.638	243.830	44.929	87.331
254.052	244.458	39.204	86.797
251.122	242.662	45.380	89.601
247.490	238.623	47.182	91.639
241.713	238.981	48.693	91.469
237.385	235.550	57.922	93.466
232.419	238.077	48.355	91.521
231.823	239.962	53.062	90.400
233.726	234.112	52.197	95.786
232.198	239.937	39.362	84.605
229.754	239.998	39.779	84.185
228.634	244.581	36.400	81.733
227.547	244.243	35.719	80.608
226.707	243.010	35.223	82.565
223.892	241.507	35.751	81.293
222.214	241.711	36.287	80.867
220.975	240.532	37.117	82.532
220.267	240.547	35.916	83.316
220.125	241.442	36.097	82.323
221.359	238.943	35.826	84.958
222.362	237.147	35.817	84.406
225.124	237.876	37.111	82.514
225.353	239.133	35.431	80.161
226.301	239.038	35.366	79.934
226.950	238.769	34.104	82.879
227.703	237.958	36.998	78.310
227.995	236.408	37.614	78.923
231.209	235.767	34.563	78.782
233.290	234.729	36.094	83.196
231.587	234.464	40.872	82.127
238.224	226.846	42.569	90.280
243.257	228.884	43.466	87.447
247.851	225.927	43.392	91.227
250.629	229.852	41.018	86.689
254.287	226.987	42.151	90.368
257.468	228.048	40.756	88.371
260.936	224.322	42.490	93.451
265.997	221.523	42.462	94.556
270.000	219.500	40.541	95.933
271.740	219.505	39.610	95.225
275.209	221.816	42.253	91.354
278.096	221.592	45.054	91.281
281.924	226.342	43.095	86.953
287.060	230.856	43.282	82.315
290.112	231.488	35.249	81.966
292.401	230.249	34.271	82.630
290.961	229.291	33.279	83.433
282.574	230.405	41.941	82.830
284.436	230.805	42.798	82.937
278.093	231.013	54.021	82.557
286.499	231.278	44.909	82.264
288.971	231.280	39.428	81.655
290.442	230.190	35.580	84.900
287.540	229.938	35.648	84.970
280.208	231.062	39.551	82.771
272.448	232.679	43.398	84.643
266.997	231.673	45.470	85.952
269.166	231.812	41.403	82.256
268.634	233.968	40.354	80.325
268.633	234.667	37.693	81.453
271.897	233.000	31.658	84.173
271.169	233.653	32.140	83.994
266.870	235.280	35.514	83.241
263.418	235.966	37.375	82.495
261.428	237.225	33.420	83.014
253.342	234.816	36.153	83.645
242.179	237.628	43.433	83.268
241.699	237.914	39.188	83.260
241.142	236.909	36.859	83.006
232.267	237.631	44.130	83.116
229.369	237.510	41.909	81.816
233.885	237.911	34.432	80.841
231.208	238.699	36.383	81.162
226.050	240.350	40.190	80.314
224.647	242.309	39.767	78.430
221.855	242.313	35.086	78.722
206.015	233.382	49.018	90.775
199.694	237.344	50.523	85.255
198.178	227.678	39.819	76.818
196.821	192.034	52.350	97.561
171.941	250.135	67.033	106.765
185.024	204.106	50.454	82.904
165.902	235.431	65.302	96.659
194.814	186.616	53.603	100.011
193.210	203.737	49.860	91.513
195.047	199.795	52.826	93.813
175.313	236.123	40.515	71.414
177.040	226.511	66.109	91.335
207.510	202.654	33.455	54.234
161.531	243.743	36.948	61.587
143.058	241.025	54.014	75.643
205.776	204.767	32.506	50.737
206.113	202.486	41.633	57.366
225.310	200.381	31.786	57.810
207.366	200.044	38.339	84.621
147.348	244.464	38.298	62.960
333.481	207.652	28.443	81.465
147.054	244.350	36.628	74.941
148.004	243.498	34.354	69.895
146.975	243.224	33.152	68.827
144.180	243.968	36.276	67.873
143.795	243.890	36.133	70.047
146.359	244.282	36.250	71.011
147.385	244.675	35.043	67.516
145.231	244.418	37.559	66.221
143.880	245.008	39.187	68.139
146.052	245.190	37.133	70.720
145.780	244.518	37.591	68.697
144.426	245.589	39.021	67.590
144.015	244.594	38.487	73.944
139.456	243.990	40.095	73.155
136.649	245.065	40.661	76.038
135.393	245.329	42.405	77.438
133.889	245.889	43.192	76.966
132.942	245.114	42.538	77.493
131.484	246.689	41.313	78.058
131.577	244.744	39.939	79.596
131.682	243.911	37.906	81.693
133.216	242.752	37.422	82.063
132.886	244.307	37.782	80.600
135.456	243.638	36.391	79.957
137.359	242.435	35.347	75.883
138.045	242.732	34.036	81.870
140.401	242.507	32.730	73.066
141.281	242.045	33.014	75.220
141.503	242.393	32.004	74.427
141.590	243.500	31.861	75.143
142.707	243.977	32.637	69.625
141.349	243.542	33.056	72.194
141.724	242.287	32.204	70.230
141.920	243.395	34.169	73.076
141.674	243.205	32.640	74.075
141.736	243.345	32.077	73.018
142.118	241.958	32.184	73.204
142.926	243.155	31.103	77.990
142.689	242.671	31.811	73.312
142.582	243.580	32.261	72.710
