460.000	200.000	43.000	110.000
459.394	203.622	45.458	103.739
458.995	204.092	45.933	103.538
459.248	204.749	45.456	103.198
459.745	205.186	45.085	103.911
460.243	205.409	44.388	105.184
460.478	205.227	43.972	105.510
460.358	205.131	44.587	104.994
460.334	205.128	45.340	103.748
460.594	203.826	45.729	106.961
460.568	203.039	46.571	107.934
460.817	202.418	46.648	109.126
458.507	201.763	47.868	109.014
457.943	202.013	47.413	108.913
457.995	201.487	46.427	108.893
460.283	202.147	45.949	107.266
459.399	202.365	46.658	106.310
457.816	202.513	47.523	105.754
457.562	202.131	47.328	106.578
455.960	201.281	47.519	107.651
454.535	201.110	48.449	107.598
454.231	200.125	48.481	109.826
453.671	199.840	48.567	110.562
453.176	199.298	48.343	111.863
452.187	198.743	49.134	111.581
451.719	198.324	48.937	112.171
451.442	198.478	49.514	111.825
451.059	198.825	50.020	111.421
450.552	198.898	50.161	111.176
450.029	199.001	50.443	111.611
449.764	198.764	50.779	111.602
448.868	198.194	51.614	112.882
448.115	197.657	52.576	113.140
447.895	197.666	52.559	113.708
447.161	196.849	53.140	112.890
446.188	196.190	54.369	112.969
446.170	195.294	53.612	115.779
445.893	195.282	53.625	115.635
446.028	195.282	52.863	116.546
445.903	196.007	52.709	115.420
445.446	196.149	52.724	115.160
444.573	196.373	53.165	114.901
443.993	195.990	52.576	116.063
442.786	195.037	52.763	117.133
440.735	194.811	53.096	117.583
441.006	193.976	51.395	119.638
440.775	193.648	50.950	119.747
440.264	193.235	50.384	120.378
440.091	192.695	50.151	120.864
438.399	192.065	51.087	120.622
438.516	192.214	50.673	121.083
438.008	192.380	51.101	121.305
438.048	192.497	50.595	121.311
438.695	192.882	49.560	121.415
438.279	193.028	49.598	121.080
438.041	192.486	49.841	120.854
438.041	191.703	49.550	121.398
437.279	191.318	50.283	119.775
436.926	190.885	51.007	119.186
437.115	189.843	50.571	121.183
438.067	189.422	49.561	122.875
437.079	187.908	50.117	124.679
439.927	188.609	47.649	124.259
440.637	191.727	47.645	120.347
440.576	201.848	47.647	107.479
440.556	207.033	48.391	102.494
438.562	217.203	47.022	90.718
438.063	216.026	46.713	87.567
428.816	189.930	50.476	118.267
431.535	187.417	47.813	128.381
431.674	187.300	48.204	126.868
432.259	186.491	46.686	128.838
433.263	184.929	43.736	133.079
433.702	183.629	43.156	134.478
433.599	184.585	44.232	132.879
433.073	185.502	44.523	131.704
432.471	189.638	44.941	126.481
429.831	192.559	47.453	124.767
427.942	196.257	49.225	118.889
426.552	201.681	51.096	113.306
419.635	203.590	57.787	110.613
420.154	200.710	58.467	111.823
423.205	193.440	64.018	112.166
421.531	182.771	55.972	124.851
419.047	180.551	56.494	134.001
418.965	181.531	56.575	134.994
419.857	182.181	56.148	133.853
419.469	181.826	56.219	134.061
418.696	181.658	56.779	132.936
418.059	181.699	57.145	134.219
416.957	182.319	57.613	133.167
417.600	181.935	55.871	133.445
416.777	182.056	55.420	133.877
415.918	181.039	55.029	135.695
414.899	180.019	54.836	136.153
413.544	179.350	55.601	137.051
412.810	178.197	55.845	138.488
412.019	177.873	56.323	138.410
412.431	176.905	55.248	139.433
411.588	176.809	55.603	139.781
410.729	176.610	56.231	139.218
410.938	176.601	55.855	138.151
411.485	176.776	55.215	137.632
412.058	177.131	54.627	136.983
412.604	177.414	53.936	137.409
413.174	176.847	53.477	137.110
412.931	176.067	53.950	138.516
412.646	175.544	54.575	139.963
412.500	174.423	55.091	141.941
412.006	173.470	56.589	143.028
411.506	172.752	57.904	144.084
411.575	172.392	58.672	145.044
411.418	172.105	59.040	145.515
411.198	172.148	59.660	145.764
410.827	172.889	60.666	144.257
410.569	172.894	61.186	143.377
410.674	173.290	61.204	141.750
411.172	172.777	60.547	141.825
411.172	172.601	60.661	141.071
411.471	171.170	58.961	142.956
411.046	170.342	59.216	144.503
410.672	168.973	59.382	146.591
409.799	168.046	60.145	148.302
409.689	167.361	60.176	150.063
409.199	166.073	60.509	152.053
409.063	166.187	60.676	151.310
409.292	166.389	60.257	150.820
409.737	166.533	59.639	149.726
410.612	166.989	58.448	149.572
411.466	167.567	57.729	149.360
412.685	167.064	56.698	150.519
413.324	166.230	56.459	151.759
413.189	165.546	57.455	151.787
413.034	164.439	58.028	153.488
412.691	162.948	59.960	155.573
412.477	161.764	61.485	157.150
412.410	160.991	63.017	158.734
413.302	160.914	63.043	158.289
413.559	160.830	63.598	158.550
413.303	160.805	64.478	158.040
413.222	161.694	64.732	156.363
413.126	162.043	64.960	156.481
413.528	161.376	64.383	157.434
413.391	160.533	64.341	157.955
412.979	159.359	64.459	160.099
412.112	158.468	65.393	159.975
411.374	157.496	65.739	161.461
410.745	156.155	66.588	163.813
410.483	156.257	67.000	163.131
410.126	155.203	66.685	165.069
409.404	155.051	67.474	164.988
409.361	155.054	67.595	165.037
409.613	155.449	67.018	164.716
410.090	155.675	66.432	163.620
411.378	156.437	64.558	162.940
412.358	155.132	63.390	164.960
412.549	154.507	63.500	165.415
412.732	153.595	64.354	165.635
412.703	151.910	65.073	168.488
412.460	150.686	66.672	169.894
411.609	148.399	68.582	171.144
411.605	146.741	69.412	172.032
411.803	146.210	69.672	171.633
412.150	147.019	70.046	171.970
412.665	146.870	69.608	173.550
411.718	146.948	70.935	173.027
411.677	147.084	71.118	171.997
410.549	146.942	72.367	170.955
409.911	145.989	71.967	172.063
408.882	144.783	72.194	173.114
407.610	142.840	72.333	175.867
406.616	140.044	72.572	177.911
405.868	139.481	72.042	180.089
405.788	138.586	71.392	181.083
404.965	139.572	73.002	179.243
403.681	139.080	74.012	180.712
403.218	138.798	74.611	179.184
402.778	139.369	74.887	177.718
404.007	139.502	73.114	179.723
404.124	140.580	72.755	181.781
404.293	141.375	72.528	181.930
405.198	140.659	71.546	184.305
405.399	138.412	71.156	183.034
404.591	133.081	72.774	183.704
405.036	137.837	74.562	186.231
405.994	134.718	73.297	190.417
406.223	133.397	73.847	190.602
405.908	132.724	74.775	189.943
404.813	132.641	77.295	189.593
403.342	132.315	79.437	188.731
402.116	133.657	80.643	185.418
402.243	133.823	80.576	182.051
401.168	131.389	80.527	183.704
399.345	129.765	81.909	184.195
399.445	129.021	79.748	185.538
399.592	126.983	79.039	188.181
399.162	124.470	77.789	191.921
398.308	122.763	78.274	195.340
396.385	123.166	80.786	195.438
395.814	123.381	81.565	195.889
395.396	123.818	82.277	197.760
396.277	123.006	83.329	198.096
396.317	121.454	83.409	197.320
396.479	123.255	83.488	196.457
398.050	122.606	81.540	196.667
399.137	122.389	80.362	198.001
400.065	122.154	79.791	199.148
400.792	121.429	79.636	201.871
400.538	118.316	80.929	201.386
400.358	114.577	82.576	203.175
399.625	114.935	84.377	205.842
399.780	113.005	84.976	209.114
399.409	111.870	86.126	211.123
399.184	112.405	86.805	211.412
397.967	110.780	88.178	211.196
395.807	111.429	90.858	208.707
395.229	111.649	92.003	208.714
394.497	110.889	91.763	210.210
392.999	108.480	92.313	212.738
390.841	106.962	93.800	214.115
390.295	103.909	92.831	218.167
388.594	101.902	93.778	220.139
386.346	100.565	95.638	221.268
385.494	100.015	95.106	221.884
384.850	100.079	95.308	222.237
385.099	98.534	93.724	223.330
385.489	100.144	93.668	221.487
386.128	99.839	92.226	220.839
386.078	100.176	92.382	220.086
386.308	98.661	92.128	222.203
387.271	98.849	92.269	219.255
387.456	96.548	91.832	218.248
388.420	94.797	91.920	218.143
388.858	90.886	91.708	221.908
388.160	90.388	94.376	227.421
385.576	86.501	98.703	233.057
384.016	85.897	102.140	234.225
383.198	86.135	104.104	236.646
381.709	85.787	106.677	238.740
380.496	85.568	107.912	238.296
377.411	84.979	111.434	236.986
376.606	84.177	111.420	235.901
375.509	82.881	111.891	238.627
374.016	81.605	113.129	238.726
373.533	77.873	112.142	242.343
372.216	75.201	111.946	246.905
372.045	72.979	110.639	250.814
371.618	72.669	110.930	250.844
371.208	71.654	111.583	252.779
371.824	71.028	110.974	252.733
372.671	68.477	108.926	254.593
374.379	68.361	107.898	254.253
375.966	67.162	105.410	255.329
376.504	66.104	105.182	256.182
376.408	63.991	106.083	258.034
377.333	61.363	106.147	260.559
378.296	59.175	106.394	263.828
379.000	57.803	107.791	265.681
378.655	56.731	109.203	268.087
377.817	55.738	112.333	268.474
377.519	53.812	115.389	269.385
377.208	52.264	116.917	273.096
376.448	52.008	119.437	274.797
373.732	51.440	123.556	275.545
372.824	52.480	125.014	272.821
370.658	52.605	126.454	270.388
369.462	49.527	127.586	273.988
368.748	48.763	128.980	275.188
369.014	48.718	127.993	274.544
368.681	46.686	127.547	275.170
367.364	43.718	127.221	281.636
367.159	45.196	126.777	283.364
366.581	41.250	126.933	287.324
