355.000	305.000	46.000	44.000
351.574	307.371	45.850	40.608
347.843	301.480	45.165	44.853
350.009	299.776	43.535	44.531
355.603	296.978	42.948	44.461
362.161	296.268	44.790	43.462
371.820	297.710	44.772	42.321
393.654	300.680	45.822	41.098
403.721	303.916	45.257	40.769
414.424	307.078	45.345	42.006
424.080	310.706	45.356	43.168
432.412	314.840	45.257	42.420
438.071	319.880	45.613	45.866
437.718	323.641	46.577	43.930
436.550	328.613	44.842	44.253
429.639	332.911	46.103	42.786
420.075	333.701	48.386	43.589
401.904	334.611	48.012	43.118
392.253	332.190	48.716	45.325
385.056	328.639	47.682	45.255
381.269	323.192	46.314	45.514
377.360	317.080	44.601	45.541
372.869	300.772	43.263	48.836
371.639	296.700	44.301	44.657
370.827	289.264	44.081	45.667
370.526	281.951	43.720	46.516
369.691	275.174	44.230	46.342
367.916	264.181	44.136	45.982
365.525	260.891	44.605	47.906
363.751	262.281	46.042	45.115
361.792	265.680	44.385	44.685
356.234	271.017	45.395	46.020
336.606	281.318	47.499	45.672
395.326	282.502	48.457	45.330
385.541	286.692	45.729	44.241
364.780	236.532	50.254	47.044
372.540	293.435	44.996	46.178
364.601	247.539	45.761	45.494
304.132	307.270	45.992	46.813
382.729	303.943	46.576	45.370
392.323	301.991	46.895	47.111
400.923	299.394	48.071	47.558
424.046	350.123	47.860	45.477
425.256	289.967	48.562	48.935
434.281	288.651	47.840	47.477
442.082	286.611	48.155	47.916
448.744	284.862	48.274	47.150
460.790	282.348	47.875	47.888
470.285	280.340	47.561	48.160
478.426	278.896	48.383	47.533
488.367	277.837	50.045	46.545
500.803	275.606	48.298	46.579
516.842	214.518	51.267	50.059
531.861	213.669	51.466	48.525
547.167	211.350	52.338	48.274
498.331	271.017	54.209	45.624
579.963	206.781	51.438	48.346
611.577	261.000	48.410	48.118
554.623	322.194	51.643	49.647
547.731	263.020	47.807	48.717
546.264	264.698	48.015	46.061
537.515	267.391	47.527	44.882
522.616	277.213	46.706	46.995
512.729	283.563	49.825	47.454
506.403	288.145	48.117	46.290
500.016	289.095	49.462	47.328
497.014	290.555	48.896	47.130
499.451	287.769	47.640	48.636
507.218	286.195	48.481	47.290
518.702	283.905	49.007	47.679
531.271	280.985	49.319	47.032
542.419	275.304	49.521	47.385
553.877	264.645	48.787	46.728
559.028	258.576	47.430	48.566
565.957	258.325	47.891	46.151
571.035	259.332	48.321	45.011
575.270	260.752	46.328	44.641
576.206	258.795	47.077	46.487
577.516	255.821	45.310	47.201
577.726	250.767	45.617	47.787
578.076	244.620	46.525	48.167
580.779	237.412	44.989	46.897
583.038	223.758	46.868	49.298
585.987	218.963	45.674	47.438
589.814	213.725	46.364	48.199
594.725	210.520	46.207	46.699
597.451	208.692	46.803	46.419
599.466	208.792	45.592	44.637
598.681	210.606	45.476	44.186
592.853	215.706	44.922	44.412
581.067	221.190	47.850	45.334
566.362	227.330	48.088	44.010
606.186	285.900	51.614	47.099
576.109	233.983	50.797	43.686
556.853	236.753	50.783	44.900
540.526	239.751	49.718	44.314
526.605	240.230	48.637	45.165
505.734	236.750	51.254	47.611
499.191	233.234	47.386	47.958
492.070	230.975	48.535	47.014
493.690	231.238	46.331	46.103
494.667	230.585	45.389	46.134
505.732	284.487	47.151	48.617
502.384	228.201	46.935	46.034
508.233	228.446	47.004	45.266
515.553	229.595	46.816	44.734
523.622	231.470	46.129	44.106
465.672	239.437	46.935	46.874
551.478	293.851	47.638	47.982
477.654	246.079	47.371	45.289
483.657	248.490	46.809	45.451
487.380	250.769	47.013	44.670
490.935	253.951	48.231	46.694
494.493	255.473	47.019	46.499
497.525	257.433	47.921	46.607
501.531	259.868	48.760	47.661
507.070	262.377	48.230	48.025
511.830	267.747	49.661	49.233
512.257	270.660	50.206	47.202
511.584	271.695	50.268	49.008
510.347	273.270	50.164	48.011
508.941	274.186	49.885	48.550
506.672	275.965	48.726	49.617
503.700	277.069	49.745	49.294
501.050	277.856	50.988	48.593
498.736	277.699	51.215	49.634
497.279	278.912	50.756	48.415
496.029	279.206	50.833	48.791
496.654	280.053	50.593	49.645
498.182	282.243	51.198	51.346
502.436	284.016	49.968	50.877
504.339	284.932	52.252	50.439
506.450	285.684	52.488	50.435
509.846	288.667	52.675	51.570
512.441	288.913	52.227	52.401
512.314	290.756	52.666	51.222
510.848	290.904	53.159	51.584
507.293	292.192	53.039	51.743
499.230	291.590	54.923	52.066
497.200	291.204	54.730	52.454
496.358	291.260	53.814	52.816
495.654	289.534	54.231	53.303
496.336	285.347	53.912	55.643
498.029	280.080	53.181	56.945
498.820	280.964	53.501	53.979
499.546	280.655	53.925	54.175
502.806	282.417	53.853	55.123
509.056	288.338	53.968	53.973
526.438	297.248	52.991	56.105
536.883	302.275	54.759	54.857
552.828	308.692	55.137	59.458
478.893	292.112	55.489	84.060
584.232	329.809	55.843	60.365
609.808	343.307	55.562	58.662
622.744	350.573	58.134	58.416
636.077	356.774	59.225	58.193
649.693	363.300	59.473	58.523
661.681	368.739	58.429	57.440
671.744	373.696	58.608	57.276
673.070	373.529	59.066	57.545
671.115	368.657	59.888	60.731
666.094	364.330	60.320	60.447
656.377	357.940	60.015	61.167
639.770	350.909	62.143	59.679
633.001	347.487	60.945	59.593
625.548	343.832	60.120	59.694
620.248	339.530	59.665	60.861
618.323	333.566	59.763	61.598
613.467	311.972	59.599	65.030
610.232	304.588	59.571	61.732
606.055	293.776	57.813	62.309
599.945	286.414	57.212	60.624
591.415	275.187	58.524	62.970
574.024	318.900	73.147	89.535
573.306	326.682	58.927	61.047
550.617	239.549	61.674	65.508
546.202	310.258	62.130	64.723
523.604	229.973	61.054	61.940
505.780	225.542	60.886	61.960
495.238	225.806	62.434	59.695
484.943	225.376	61.522	59.562
472.348	225.183	63.158	58.520
457.653	221.221	64.036	60.133
434.937	214.139	62.188	62.131
424.465	212.276	63.115	60.858
420.614	212.111	61.715	59.474
417.525	210.808	61.205	59.768
413.922	209.157	60.518	59.546
410.206	207.704	60.669	59.602
407.878	208.218	60.152	59.559
406.204	211.621	59.916	60.810
405.035	212.981	59.710	60.496
403.660	219.014	59.575	60.696
401.447	226.004	58.811	59.313
396.237	229.084	58.884	60.647
389.191	232.307	59.911	60.385
383.325	233.256	59.945	63.678
377.146	241.972	60.294	63.144
364.073	249.338	62.308	61.578
359.148	249.599	61.323	62.409
354.518	250.018	62.652	61.312
352.467	248.469	62.640	62.012
360.487	324.420	62.758	66.109
355.369	237.227	62.475	63.610
357.445	230.471	61.596	64.508
364.694	303.315	62.552	68.072
355.707	218.034	60.618	65.905
353.238	213.710	61.807	64.522
350.753	208.456	61.771	63.552
346.823	204.044	62.083	64.559
341.602	201.525	62.421	63.643
336.983	199.711	63.807	63.401
334.764	201.401	63.479	61.545
344.731	294.758	61.982	62.265
337.186	218.254	62.806	61.440
348.982	303.982	61.951	67.198
347.471	305.096	62.899	66.488
343.789	301.990	65.147	67.315
342.145	296.634	65.318	69.441
341.889	299.311	64.812	66.361
341.249	299.016	65.516	67.407
341.423	303.999	64.906	65.782
339.751	306.945	66.092	67.388
337.637	313.133	66.107	66.999
335.132	315.018	65.752	64.225
333.106	316.434	65.949	63.803
331.246	316.877	65.931	63.800
330.820	317.103	65.509	64.944
333.715	320.389	66.482	65.849
339.436	323.510	65.533	65.206
343.685	327.172	67.467	65.213
347.036	327.232	67.461	67.308
350.215	327.532	68.362	67.065
353.603	325.260	70.300	69.317
354.297	324.607	69.482	69.325
355.664	323.174	69.569	70.496
355.949	323.848	69.383	69.757
356.779	324.907	69.863	68.309
359.565	326.906	68.999	67.524
360.664	324.888	70.727	69.448
364.095	326.437	71.494	68.168
355.634	225.438	71.438	73.691
372.998	322.101	72.147	70.924
378.364	320.623	73.322	70.709
381.303	319.305	74.929	71.885
385.319	320.936	73.694	71.272
388.819	322.368	72.657	72.840
390.306	325.998	72.559	71.895
388.353	325.829	71.864	73.031
382.347	327.095	73.162	72.050
376.595	329.146	74.604	72.539
372.081	329.795	73.462	73.603
367.532	333.936	74.809	74.885
364.500	339.334	75.872	76.116
363.629	343.103	76.211	76.640
365.072	346.469	76.238	77.551
368.041	348.836	75.552	75.992
358.246	241.665	75.421	73.092
364.390	238.681	78.648	76.359
387.142	345.430	81.055	77.341
394.329	344.214	79.690	77.420
401.941	343.342	81.429	77.600
408.332	343.729	80.648	76.130
415.609	343.118	81.760	75.511
417.408	341.911	81.495	77.434
419.173	340.301	81.625	79.113
418.541	337.625	81.472	80.822
414.319	338.254	82.217	78.786
408.016	336.717	82.719	79.877
404.812	340.898	83.235	81.744
404.034	346.550	83.454	82.307
406.346	354.114	83.366	82.674
410.771	362.705	83.511	82.691
415.953	372.271	84.219	84.512
420.325	378.772	83.954	82.499
423.493	383.299	82.973	79.589
425.338	384.104	83.370	80.237
425.241	383.129	82.736	81.596
423.146	391.284	83.465	80.944
418.725	395.350	84.025	82.222
412.027	402.330	84.926	84.398
399.771	407.367	85.138	83.462
388.251	410.811	83.924	82.243
370.122	413.764	87.097	79.999
367.402	414.314	82.349	80.719
365.236	416.952	82.636	79.062
368.138	421.428	81.543	77.286
370.362	418.588	80.974	81.107
369.465	413.937	79.437	80.370
367.448	409.804	78.144	77.767
367.178	405.766	78.320	77.212
372.625	408.151	76.651	74.506
378.893	406.549	76.575	74.395
382.703	407.683	73.849	72.731
380.629	402.291	74.292	72.394
371.601	397.573	74.741	71.359
361.736	393.034	76.806	71.772
350.354	392.263	75.309	70.457
342.091	391.629	72.355	69.519
328.851	393.002	71.921	69.056
322.537	394.342	70.380	66.388
315.242	391.934	70.080	67.112
310.743	389.696	68.617	67.586
307.221	385.944	66.645	67.337
303.792	381.325	66.179	65.475
303.175	378.694	65.183	66.108
303.753	378.175	64.534	64.660
306.219	378.989	63.978	62.898
310.369	379.733	63.466	62.582
314.153	381.893	62.335	63.167
313.763	383.287	63.268	62.348
306.708	303.240	62.616	61.448
306.238	304.264	64.197	63.101
321.198	389.881	60.725	61.150
327.083	393.860	62.645	60.344
334.128	394.167	61.857	61.109
339.448	396.105	61.922	61.206
346.928	397.560	61.746	59.921
352.970	399.335	59.824	58.369
359.131	398.853	60.231	59.605
362.146	397.880	61.370	60.450
369.338	393.090	61.372	62.545
375.831	387.645	61.697	62.605
382.090	380.896	60.520	61.451
390.623	375.580	60.017	61.339
395.399	375.314	58.985	58.885
399.364	377.110	56.552	58.000
400.128	380.447	56.767	58.061
400.059	383.725	56.052	56.876
396.889	383.840	54.321	56.097
378.933	309.708	54.669	56.620
380.235	380.154	55.831	58.575
374.455	377.352	57.080	59.406
372.378	379.845	56.942	56.461
372.892	387.547	55.133	54.850
372.596	394.189	53.689	55.332
365.394	398.527	55.239	56.352
352.029	403.008	57.210	56.123
343.922	403.691	54.908	56.059
328.770	365.946	73.793	98.022
342.064	401.534	55.768	54.664
350.656	398.706	53.763	53.607
346.995	322.768	52.701	56.100
357.164	375.157	53.904	63.452
367.982	347.607	55.012	59.930
366.870	271.802	54.570	57.498
377.161	265.338	52.965	54.127
397.560	323.574	54.846	55.307
411.214	316.978	54.279	53.243
424.516	308.941	53.621	53.444
429.873	304.614	54.779	52.250
440.426	303.889	52.917	51.223
446.635	304.727	51.293	50.200
453.117	305.360	50.895	50.227
459.316	304.800	50.199	50.270
451.504	243.467	49.689	47.918
458.383	297.736	52.430	50.900
449.986	234.693	48.221	50.631
445.246	230.573	49.252	49.835
432.011	224.920	50.685	50.069
422.162	221.642	50.129	49.617
412.184	221.275	51.479	47.543
405.494	221.887	49.050	47.275
398.147	226.471	50.435	47.019
388.762	231.402	49.186	47.373
384.898	232.340	48.103	47.435
379.609	233.485	49.161	46.561
375.420	232.465	48.936	47.725
371.843	231.988	48.751	47.249
368.461	232.982	47.912	46.249
367.084	234.019	46.592	47.255
366.091	236.569	47.072	46.861
366.720	238.882	46.996	47.066
370.205	241.996	47.566	46.409
375.992	246.105	47.538	45.465
376.867	245.324	48.014	46.717
377.853	243.995	47.436	47.864
376.097	238.975	46.473	49.970
370.456	233.799	47.806	48.318
355.997	222.028	48.289	47.732
343.639	215.923	49.793	50.951
332.128	214.206	51.461	50.091
324.380	218.089	50.494	47.974
316.142	222.608	51.951	48.666
304.439	231.496	48.194	50.069
300.463	233.489	47.943	47.254
297.103	235.236	48.550	46.109
294.344	236.152	48.446	45.914
290.962	239.113	47.500	46.560
285.290	245.702	47.180	49.095
285.027	252.415	45.850	48.497
287.026	259.357	47.719	50.491
296.609	267.153	48.179	46.865
306.894	272.066	48.182	45.356
320.819	274.359	49.862	45.250
331.894	275.151	49.662	45.015
344.010	276.844	48.790	45.590
356.353	281.372	49.274	46.258
370.426	286.722	47.700	46.306
384.176	293.993	47.022	47.241
392.491	298.866	47.978	44.740
395.977	300.025	46.384	44.850
396.226	301.347	47.025	44.835
396.203	302.556	46.181	44.521
394.623	306.220	45.169	44.783
394.053	308.220	46.638	44.352
398.798	313.136	45.081	43.868
405.424	316.392	45.936	42.569
413.520	315.881	46.003	43.664
424.806	310.733	47.396	46.045
433.705	306.581	46.514	44.716
439.121	301.542	46.019	45.701
441.701	297.518	46.100	44.106
440.871	293.461	45.015	45.426
428.714	291.920	46.576	44.019
416.101	292.713	47.171	42.769
405.061	294.220	47.460	42.278
392.621	297.029	47.495	41.911
381.142	298.447	46.857	41.704
372.219	298.044	45.525	42.321
373.245	296.113	43.504	43.285
375.957	291.982	43.836	44.423
385.732	287.510	43.921	42.588
397.537	282.963	44.456	44.010
435.196	326.847	46.318	43.300
450.691	324.262	47.080	42.468
462.219	271.070	46.862	41.059
478.034	264.779	46.330	43.157
494.311	307.431	44.864	43.077
488.355	287.480	46.208	47.908
476.015	282.318	47.413	43.676
454.583	280.986	47.622	43.521
492.163	280.420	49.008	43.823
468.916	290.260	42.452	43.933
485.040	310.566	47.440	45.592
472.031	368.545	47.111	45.885
440.893	326.888	44.442	43.213
426.437	331.753	43.336	42.613
432.196	386.166	43.700	43.881
365.958	346.340	44.984	42.334
444.412	344.834	47.413	38.666
401.849	350.894	46.888	39.177
434.351	399.799	50.561	41.354
396.638	350.217	50.070	42.911
380.970	342.209	50.132	43.643
403.140	336.287	46.440	43.044
413.562	330.528	45.908	44.015
411.105	281.950	50.569	45.512
462.629	278.736	44.481	40.443
430.531	338.048	45.175	44.457
521.651	291.228	48.493	40.156
498.306	297.439	43.528	42.394
477.755	304.858	44.513	42.851
462.270	310.639	44.267	42.980
457.038	316.556	41.308	38.792
459.035	314.393	44.286	40.991
464.403	309.437	44.001	41.461
478.109	350.785	43.601	42.925
472.139	291.638	45.171	46.310
462.858	278.256	43.601	46.569
443.218	277.649	43.358	43.046
416.539	276.587	45.989	44.138
396.396	281.458	46.575	41.924
366.257	240.067	46.387	47.016
358.003	304.597	41.954	44.137
371.000	359.405	41.195	44.639
362.446	268.811	43.679	42.398
388.813	314.322	47.109	41.611
359.177	362.041	48.348	42.652
391.561	351.520	46.867	43.695
369.669	291.103	55.401	42.533
390.566	283.222	49.547	42.752
406.010	280.765	43.351	40.466
406.105	280.960	43.221	40.479
395.609	284.455	44.555	38.565
368.639	295.419	45.449	40.976
367.917	349.446	45.601	43.827
364.824	353.920	42.577	41.809
366.395	356.908	45.818	42.694
370.080	312.844	43.001	41.220
393.119	361.527	41.730	41.900
389.089	359.062	46.123	43.470
438.371	349.353	44.881	46.000
338.424	306.948	49.760	42.118
300.849	307.993	53.420	41.612
307.871	364.484	53.415	44.652
268.455	278.830	50.460	46.153
328.969	332.375	43.590	43.841
328.593	339.020	41.067	45.241
284.341	399.147	46.132	45.147
322.970	350.674	49.339	40.294
293.966	345.969	53.020	45.245
268.304	339.735	54.193	42.343
247.383	327.697	53.083	45.239
275.842	309.231	51.351	49.294
306.006	291.567	41.047	44.574
295.891	286.575	44.787	41.417
336.579	284.952	48.038	44.103
305.351	251.702	52.926	58.876
412.121	343.776	48.933	45.825
414.835	358.978	48.694	43.673
384.015	318.406	45.471	40.671
367.256	325.092	44.464	40.377
365.657	378.135	44.180	45.155
354.894	335.879	42.319	46.734
360.111	275.068	48.435	57.148
325.366	364.240	56.018	74.006
279.449	408.902	49.802	49.596
299.862	412.606	42.997	42.374
306.904	405.658	45.535	45.149
379.676	354.237	38.024	56.441
233.686	347.855	99.953	145.483
290.155	249.700	62.893	97.322
299.220	302.584	66.243	126.614
283.953	301.958	86.974	109.939
277.626	318.198	86.889	108.005
262.083	181.967	97.931	83.269
304.209	334.923	100.549	108.934
317.605	334.064	113.060	127.293
319.525	335.961	141.732	149.082
223.261	240.452	280.937	269.489
222.448	273.176	321.675	285.945
283.934	258.933	271.597	255.655
310.319	240.264	269.393	242.901
293.324	319.441	233.331	178.170
333.267	276.121	195.817	159.171
294.300	255.744	181.822	146.586
115.495	166.704	307.594	287.689
199.560	254.470	275.527	271.291
162.593	137.464	308.984	352.398
108.740	157.243	329.056	373.025
109.069	170.149	347.103	356.527
93.137	148.265	388.626	362.148
88.128	48.612	640.106	483.033
213.020	217.815	370.616	356.201
261.272	223.105	299.682	319.283
110.480	37.697	472.487	503.694
125.483	61.380	419.922	472.845
23.471	34.655	736.530	541.345
0.000	120.567	960.000	455.433
0.000	165.154	802.166	410.846
0.000	0.000	711.038	561.490
37.588	44.200	549.595	526.231
136.287	91.400	516.995	484.600
54.711	56.437	495.682	456.902
92.729	76.438	490.754	482.214
68.508	47.730	470.047	495.684
118.530	0.000	323.212	283.552
86.242	0.000	444.899	527.913
100.005	79.760	433.764	461.084
101.843	0.000	691.754	561.878
83.015	25.818	337.891	271.998
30.951	12.286	620.727	545.931
64.469	13.893	464.279	512.630
134.603	0.000	761.137	548.828
0.000	217.266	747.268	358.734
0.000	0.000	0.000	0.000
0.000	192.245	766.904	383.755
0.000	35.548	606.793	540.452
46.233	39.793	442.840	466.189
0.000	0.000	458.943	0.000
0.000	174.011	694.787	401.989
0.000	0.000	0.000	0.000
51.933	0.000	593.062	576.000
56.674	34.808	470.459	496.735
126.895	0.000	783.302	570.940
115.261	30.231	379.624	322.200
0.000	0.000	91.574	0.000
136.539	72.784	430.275	437.226
101.980	65.339	428.094	414.339
565.176	0.000	383.629	0.000
94.389	42.758	563.410	533.242
100.182	36.079	572.432	539.921
148.530	25.790	449.241	479.222
157.043	85.927	459.212	444.255
181.654	104.110	415.421	441.899
117.761	28.488	579.270	547.512
164.790	86.322	468.789	463.479
208.270	103.356	420.188	441.513
127.434	9.203	567.874	563.458
173.119	15.091	468.524	546.795
221.530	86.330	473.914	469.474
0.000	0.000	179.799	0.000
163.123	0.410	589.784	570.780
19.283	25.457	770.151	550.543
53.620	31.442	705.705	544.558
752.189	576.000	207.811	0.000
755.802	576.000	204.198	0.000
124.714	39.154	667.330	536.846
237.506	19.022	477.047	491.282
262.638	57.793	445.418	466.413
257.079	90.565	429.233	435.768
159.107	11.436	596.310	564.564
239.080	52.091	421.213	481.792
190.806	13.033	375.450	252.875
662.493	0.000	297.507	0.000
181.275	101.105	460.803	414.121
69.968	0.000	617.142	567.606
164.869	94.071	446.329	432.596
155.493	127.671	427.533	404.076
0.000	176.587	743.546	399.413
21.595	58.102	527.633	517.314
0.000	171.967	641.806	404.033
12.237	11.840	625.313	531.560
0.000	45.835	650.600	530.165
44.363	156.998	413.010	419.002
0.000	119.649	670.994	456.351
125.685	17.850	544.588	509.124
0.000	191.781	440.258	305.858
11.907	255.450	408.502	320.550
0.000	127.623	0.000	307.785
0.000	201.364	437.078	374.636
14.267	284.876	402.055	277.332
15.768	576.000	360.684	0.000
0.000	306.282	461.216	269.718
33.918	256.871	455.032	290.901
68.293	303.064	426.311	260.409
23.593	261.964	550.480	314.036
108.879	296.512	492.760	252.873
49.560	0.000	213.220	0.000
265.777	156.449	238.752	164.201
211.503	72.391	196.559	178.007
261.107	148.038	350.511	366.464
219.992	51.875	561.730	510.171
245.998	108.919	484.025	464.505
278.166	124.414	433.840	422.491
271.843	103.052	412.804	457.808
292.582	152.649	411.157	410.566
295.412	148.694	368.034	419.231
276.304	49.155	351.221	487.871
90.866	29.465	660.346	546.535
245.883	73.468	373.890	465.598
234.863	60.365	373.742	441.428
183.230	15.816	548.381	541.296
186.010	29.120	459.981	479.305
150.222	70.475	473.806	468.744
132.215	69.550	465.150	434.242
112.068	82.160	476.156	436.367
101.818	41.579	453.757	454.480
93.269	64.241	467.789	449.352
73.705	44.777	410.883	439.975
58.999	75.025	445.312	417.888
65.842	80.566	400.433	404.100
31.805	30.028	328.659	297.040
42.808	72.567	366.736	400.139
1.142	38.740	603.373	537.260
0.000	57.650	388.694	480.005
35.101	67.591	342.481	402.873
0.000	48.201	501.819	527.799
30.649	80.503	389.558	437.055
29.036	74.862	315.663	412.825
0.000	72.166	436.032	500.975
0.000	0.000	401.823	0.000
33.542	122.923	303.693	394.663
0.000	48.097	411.592	511.989
14.431	125.271	346.391	419.907
69.290	201.696	339.895	340.697
0.000	62.099	455.016	510.690
1.067	91.364	462.849	480.831
35.238	139.161	433.174	427.499
0.000	576.000	4.117	0.000
111.020	181.722	363.217	367.362
25.153	94.863	558.177	481.137
141.230	172.534	359.801	362.511
121.959	110.753	543.627	465.247
126.866	203.397	474.204	372.603
225.849	213.580	395.436	362.420
239.320	260.792	365.814	309.796
252.615	253.018	366.848	322.982
238.813	110.820	310.855	184.401
288.022	281.956	336.407	294.044
220.509	175.690	461.995	400.310
312.583	0.000	395.788	0.000
335.250	0.000	300.528	0.000
247.440	208.352	408.375	367.648
227.148	153.542	338.271	211.740
168.259	147.986	498.174	428.014
59.978	60.554	774.870	515.446
185.872	0.000	615.230	515.986
120.522	121.485	418.529	398.634
188.733	0.000	697.896	536.034
146.865	158.653	361.827	356.238
116.838	74.347	543.803	501.653
0.000	120.449	835.877	455.551
104.928	86.235	855.072	489.765
0.000	123.077	960.000	452.923
145.198	44.919	814.802	531.081
128.733	172.271	370.418	377.207
141.819	189.634	357.536	371.320
0.000	576.000	115.942	0.000
0.000	576.000	94.499	0.000
57.248	33.352	476.545	524.085
80.694	42.273	453.311	515.660
0.000	576.000	152.003	0.000
154.950	165.535	333.856	353.065
0.000	576.000	145.927	0.000
107.259	28.416	487.520	547.584
129.585	106.501	402.620	452.087
129.024	120.539	380.608	419.914
160.052	154.081	360.060	384.280
100.220	54.059	501.390	510.524
171.770	86.529	410.399	471.934
195.742	121.490	407.681	432.588
210.174	160.465	398.532	393.074
234.303	189.000	350.402	371.926
247.513	216.095	324.977	343.692
185.934	76.703	445.446	499.297
456.564	576.000	347.228	0.000
207.686	149.450	430.824	426.550
246.060	201.974	379.423	361.357
292.471	576.000	348.660	0.000
262.771	271.421	302.076	303.604
193.859	228.352	347.594	330.028
284.318	0.000	295.386	0.000
235.772	576.000	319.734	0.000
39.578	116.747	513.234	430.890
60.543	184.953	521.792	391.047
0.000	65.665	757.000	510.335
0.000	46.054	664.528	485.746
49.589	217.848	343.810	331.231
0.000	0.000	0.000	276.093
0.000	126.053	442.733	449.947
53.585	205.692	353.157	368.572
64.580	256.518	355.164	312.267
0.000	148.016	464.346	427.984
0.000	576.000	22.789	0.000
62.052	141.260	429.606	434.704
118.972	207.510	406.217	358.271
143.631	231.351	394.705	324.979
161.089	237.103	395.239	321.819
240.019	576.000	360.827	0.000
358.411	576.000	380.112	0.000
256.413	230.531	371.956	298.396
202.076	86.428	455.534	489.572
210.783	106.513	462.838	469.447
278.601	163.826	414.379	398.032
301.986	199.059	385.791	367.238
340.337	232.022	298.587	332.758
280.229	142.304	441.530	433.696
341.924	184.800	355.424	379.059
339.079	168.800	336.124	328.508
294.286	155.318	479.426	420.682
364.102	243.633	410.268	320.273
419.676	253.383	316.759	322.617
417.048	259.943	338.607	316.057
437.968	251.292	291.991	312.764
486.382	281.246	236.162	232.548
515.528	265.090	177.373	160.812
426.348	271.032	312.932	282.746
279.456	129.340	503.469	446.660
322.967	121.600	414.220	413.576
299.667	131.224	383.198	394.346
302.883	163.569	391.164	364.551
303.595	150.931	354.586	377.556
299.444	146.824	358.438	367.496
293.336	109.012	331.542	388.768
308.616	149.491	326.061	350.441
280.481	61.124	288.088	229.922
300.577	148.051	349.511	360.503
286.686	414.707	405.893	161.293
285.159	57.462	448.667	474.112
250.385	15.568	448.997	527.078
255.213	34.466	408.702	437.844
270.966	32.602	383.167	439.315
238.278	21.254	369.467	421.110
83.044	0.000	674.075	508.693
162.375	6.886	729.171	485.494
130.435	0.000	418.806	413.878
274.147	167.914	191.609	141.889
241.892	189.939	157.180	120.960
173.852	139.508	259.036	217.400
188.931	123.699	269.361	271.328
158.743	128.387	263.708	231.224
217.735	165.987	216.182	179.921
199.227	230.018	176.010	108.519
173.327	219.711	173.860	140.477
184.173	190.450	178.311	133.884
184.358	223.219	129.530	102.590
108.913	226.519	148.901	118.902
121.208	123.069	222.256	222.868
83.096	104.604	245.907	246.634
114.764	155.788	278.013	272.139
41.640	70.239	393.708	404.843
49.898	47.915	310.865	393.998
77.905	110.344	332.247	359.599
23.540	40.393	460.597	532.226
43.564	90.625	395.250	423.509
93.690	112.280	346.089	376.511
0.000	0.000	11.274	0.000
130.688	148.132	349.901	380.121
0.000	576.000	104.390	0.000
171.365	223.152	295.465	335.828
4.196	136.897	518.058	439.103
347.603	576.000	355.290	0.000
172.581	188.992	296.421	343.695
63.611	108.645	537.704	406.127
168.862	118.381	444.247	457.247
31.029	118.283	730.694	457.717
284.678	262.947	345.619	313.053
0.000	576.000	260.312	0.000
32.825	576.000	237.277	0.000
279.685	227.235	380.864	346.254
0.000	576.000	277.474	0.000
329.869	271.751	276.716	288.487
285.362	200.844	388.855	375.156
0.000	576.000	282.568	0.000
354.349	232.078	282.496	308.782
276.295	144.708	411.765	429.981
320.659	143.798	322.137	389.121
347.769	194.648	286.726	329.487
274.827	116.021	418.711	443.045
297.875	80.093	375.591	445.492
328.901	132.478	329.823	383.591
335.144	142.116	297.440	367.034
317.254	164.081	296.345	368.677
314.165	141.677	279.443	365.446
206.726	16.874	532.098	494.528
38.538	576.000	238.843	0.000
301.975	71.296	289.207	339.239
189.036	1.515	509.004	514.845
32.450	0.210	902.825	575.790
0.000	0.000	707.350	538.875
204.734	27.302	384.690	433.433
266.052	86.693	276.192	351.341
122.862	341.501	68.886	97.581
106.209	159.534	81.535	244.884
95.834	143.614	91.463	214.922
99.472	160.103	64.134	129.945
95.941	144.036	83.756	190.797
97.524	157.785	87.588	225.598
91.914	146.419	82.902	210.670
91.285	146.085	77.081	178.214
89.734	144.691	74.483	147.449
90.067	150.631	71.089	140.072
89.157	155.797	69.668	138.920
88.684	162.203	67.942	128.673
84.801	170.196	68.713	124.704
85.495	173.273	65.929	114.684
87.492	180.576	62.988	118.494
90.314	190.045	58.081	116.399
90.108	196.951	56.544	106.478
92.029	202.221	51.707	108.731
91.522	226.826	76.377	176.597
81.591	202.379	67.228	144.245
85.037	212.003	60.105	123.456
88.454	212.736	56.415	123.391
99.379	232.106	58.136	119.977
100.943	236.732	57.819	113.801
107.655	254.239	58.470	115.059
120.946	286.694	47.516	58.802
130.339	307.255	44.926	59.468
143.632	336.279	42.692	52.646
148.620	347.099	57.006	92.833
159.868	323.708	54.826	118.284
253.072	423.515	36.064	36.104
309.456	413.245	36.115	39.543
271.503	446.766	38.318	39.835
296.725	402.892	38.608	37.815
314.030	436.041	37.132	39.628
325.425	389.602	35.398	39.175
321.696	382.425	58.248	83.544
346.948	417.665	38.546	39.733
348.475	390.002	64.857	77.236
373.340	447.485	37.166	41.152
380.128	412.718	38.058	37.196
386.486	412.197	36.388	37.723
390.712	408.016	35.019	39.091
394.185	383.596	34.403	55.566
391.762	375.404	33.124	41.972
429.709	327.894	62.080	92.207
429.456	275.678	35.907	55.073
421.586	306.474	36.065	39.473
457.815	338.389	37.603	36.776
387.260	303.138	38.536	34.711
372.982	304.203	38.761	35.131
357.483	306.924	39.858	34.236
344.027	309.474	38.925	34.586
324.096	309.896	36.725	34.851
312.093	308.965	37.597	35.835
302.066	308.163	38.979	35.617
293.995	306.549	37.966	35.203
287.023	302.968	37.816	36.421
279.454	299.393	37.204	35.219
277.769	297.553	36.589	35.860
276.188	297.143	36.470	35.544
275.888	296.216	36.370	35.543
275.697	296.434	36.098	34.832
276.840	297.499	36.318	33.709
281.075	298.428	34.514	34.405
285.070	300.386	35.346	33.955
289.802	301.723	34.587	34.341
293.801	301.074	35.017	34.930
299.002	301.130	36.128	35.484
302.844	301.034	36.115	34.927
306.752	300.811	35.659	35.530
309.886	301.487	35.450	34.034
312.442	302.588	34.592	34.702
319.370	297.057	36.474	34.635
325.740	292.941	35.637	33.530
329.948	286.846	35.928	35.710
333.369	282.196	36.119	34.129
339.661	277.580	34.240	32.742
345.282	272.456	38.739	54.861
352.649	265.545	36.756	49.122
358.185	260.196	34.932	35.632
364.132	254.197	35.799	35.494
370.568	246.638	36.266	35.733
381.305	274.101	35.846	35.701
383.984	229.620	34.662	34.149
385.987	225.227	36.446	34.447
388.459	220.630	36.280	34.462
394.395	216.817	36.994	47.243
395.901	205.505	36.852	37.440
450.760	199.890	34.402	36.230
452.437	192.369	33.092	37.787
401.411	183.439	44.697	85.336
399.320	179.174	48.547	89.028
393.501	137.133	34.019	55.742
388.510	152.407	36.100	36.945
382.754	150.762	37.240	37.716
374.221	150.983	38.199	36.434
366.690	150.161	36.888	35.992
363.427	149.840	37.153	35.847
364.466	149.329	35.778	35.105
364.975	149.079	36.069	35.275
365.662	149.010	35.328	35.821
363.787	111.508	37.267	36.776
365.627	149.194	35.690	34.524
365.530	148.862	36.278	35.279
366.113	149.651	35.453	34.289
