244.000	205.000	50.000	131.000
238.863	207.830	56.624	125.616
237.168	207.766	58.251	125.721
236.501	206.876	56.486	128.557
235.054	208.593	55.908	125.632
234.113	211.603	55.407	126.486
235.967	213.232	55.147	123.468
236.965	207.565	55.861	131.690
238.693	206.264	54.092	132.983
240.701	206.625	56.082	145.231
242.115	209.599	56.967	150.457
244.027	209.531	58.356	151.138
245.210	215.172	58.980	157.288
245.919	217.690	58.785	164.927
247.423	218.706	59.294	169.366
253.521	229.983	56.883	167.777
258.388	230.719	61.901	173.610
255.830	235.441	62.254	179.865
255.532	243.786	61.627	173.860
254.587	245.599	64.043	177.389
257.654	259.237	66.268	174.155
265.069	260.587	66.845	178.714
271.000	270.476	66.900	176.851
273.508	264.154	71.593	194.674
283.050	215.125	59.834	186.131
288.110	140.232	64.205	201.849
298.745	92.310	61.966	179.455
303.992	10.911	68.127	187.166
305.029	0.000	74.197	196.801
310.784	4.500	69.103	188.745
311.975	5.694	72.130	192.394
321.030	18.893	70.690	192.434
329.048	17.875	73.810	200.743
329.410	28.000	80.815	214.990
331.050	35.982	80.705	218.047
332.506	39.237	76.146	218.481
337.151	53.126	75.149	231.477
339.633	57.237	80.768	232.050
340.846	65.769	81.733	234.837
342.549	76.124	77.825	241.796
336.696	79.660	87.803	238.510
335.802	89.917	90.036	246.897
339.429	98.951	91.566	254.417
347.131	101.830	92.631	254.234
350.109	118.235	92.123	259.658
346.348	127.169	95.963	260.367
341.487	133.165	105.625	268.804
347.024	152.129	102.715	266.208
352.058	157.870	103.410	265.545
349.270	171.249	104.342	272.099
348.902	229.317	97.645	244.932
341.330	302.229	104.156	178.771
330.837	343.938	118.090	137.062
