389.000	117.000	62.000	66.000
390.792	116.634	60.226	66.254
391.409	116.524	59.793	66.238
392.858	116.290	59.009	66.459
393.428	115.474	58.910	66.057
394.253	114.201	60.151	64.877
397.164	114.216	58.513	64.964
396.481	113.950	60.460	60.657
397.438	113.626	60.669	60.478
398.089	112.263	61.347	57.972
399.312	110.256	60.072	56.982
400.849	108.795	56.830	55.563
402.240	106.816	54.365	58.207
412.492	102.866	43.859	58.923
419.568	103.675	42.504	54.991
419.294	102.459	47.748	54.820
418.460	101.927	51.800	55.004
415.325	101.278	55.892	55.842
411.730	101.633	57.209	56.182
411.416	102.691	55.710	56.600
412.268	104.043	52.417	58.470
412.344	106.114	52.443	58.397
413.108	106.759	57.168	60.132
413.820	108.998	60.403	62.415
414.226	113.351	61.126	59.916
412.820	114.878	61.739	61.426
411.111	116.833	61.240	61.478
409.480	121.305	62.449	61.967
409.915	126.192	59.498	57.702
405.326	132.616	58.209	53.614
402.604	135.612	57.335	54.099
402.656	134.656	57.941	56.032
402.672	129.648	60.630	60.946
403.344	127.933	64.518	61.661
405.669	126.256	65.205	62.929
406.709	126.653	64.984	62.531
408.209	125.068	65.305	64.698
411.065	123.382	64.060	66.705
412.976	121.186	65.015	66.357
414.944	117.534	64.298	66.783
413.982	117.084	66.858	65.405
416.483	118.039	62.919	62.829
418.876	118.800	57.431	60.625
422.309	120.755	49.565	56.978
422.134	125.932	45.241	51.117
422.808	127.378	43.105	49.794
421.537	126.381	45.738	50.142
425.550	124.650	44.904	50.054
427.174	128.257	48.267	46.211
431.411	130.630	47.954	45.441
435.119	134.769	44.759	46.189
437.076	139.818	48.250	45.669
431.323	140.539	57.208	44.956
437.698	143.557	54.569	45.323
432.202	145.379	59.104	44.400
441.193	145.318	54.661	48.598
434.970	144.282	59.938	45.241
440.134	144.351	52.394	47.567
435.802	144.681	56.367	46.828
438.403	144.935	52.787	46.673
412.981	157.533	88.961	73.814
416.594	147.333	68.280	46.300
433.947	142.268	52.061	48.139
433.859	140.884	52.196	45.926
435.264	140.564	49.228	44.281
435.425	140.364	49.705	43.864
435.260	139.293	49.618	46.603
438.653	138.612	48.336	46.765
439.985	139.242	48.021	43.481
437.206	138.520	51.389	43.095
434.179	136.787	52.034	50.286
436.001	137.015	46.984	57.054
431.133	133.754	50.750	57.653
425.954	132.847	60.556	56.512
416.754	127.969	74.154	59.696
401.045	118.974	92.569	66.649
395.952	118.744	96.210	63.415
392.485	115.321	97.361	66.120
390.940	114.481	99.646	62.487
389.257	112.355	98.634	62.715
388.865	111.508	97.669	61.943
387.113	111.351	97.612	60.144
386.061	110.597	97.895	59.357
385.715	110.420	97.351	59.161
386.270	110.542	96.281	59.458
386.673	111.297	94.904	58.590
388.782	112.147	91.422	57.240
390.420	112.421	88.591	56.781
389.397	112.168	88.915	57.152
386.548	112.597	93.096	56.841
383.881	112.749	96.368	55.788
383.611	112.535	98.791	56.336
383.563	112.019	99.069	56.539
384.688	112.160	99.162	56.047
387.303	112.613	98.654	55.594
388.835	112.946	98.476	54.786
388.970	112.597	99.005	55.505
389.129	112.775	100.113	55.468
390.789	113.124	98.537	55.434
394.727	113.821	94.148	55.460
400.553	113.633	88.438	55.963
402.923	113.905	86.938	55.344
403.705	114.343	85.441	56.246
444.319	112.792	85.225	60.578
448.250	110.654	83.163	63.166
388.185	103.526	67.049	53.490
387.931	104.753	68.459	53.962
388.518	105.769	67.507	54.117
389.022	106.869	67.604	55.467
389.083	107.293	68.092	55.352
389.043	107.031	68.120	56.786
388.735	106.767	68.984	57.670
388.740	106.403	69.062	58.961
388.311	105.893	69.651	58.854
387.639	105.591	70.238	59.387
387.008	105.552	69.888	57.691
385.495	104.881	70.467	56.821
384.066	104.092	71.091	55.832
383.387	102.583	70.078	54.890
383.198	100.739	69.186	56.876
383.306	100.415	70.195	58.483
385.323	100.466	69.933	56.713
387.430	101.471	68.861	55.914
389.051	102.178	67.761	52.876
390.194	102.085	67.195	52.377
390.512	102.213	68.484	56.050
452.221	113.422	81.397	59.123
390.457	102.021	69.307	55.888
452.746	114.928	80.655	58.460
390.948	103.947	69.928	56.047
391.851	104.894	68.879	49.984
390.923	105.143	70.332	53.774
457.168	119.641	75.116	58.161
390.863	106.177	70.189	53.375
456.052	119.456	77.259	57.313
456.366	119.493	76.387	56.935
456.063	118.954	77.029	57.611
455.542	118.488	77.323	57.926
453.740	117.856	78.482	58.821
455.100	119.301	80.611	57.732
387.619	108.014	69.764	50.398
387.316	108.025	69.852	49.524
454.720	119.145	79.942	57.392
455.270	119.811	78.498	57.344
454.267	119.596	79.355	57.288
454.681	119.004	78.081	57.937
454.586	119.190	78.033	57.785
453.338	118.769	80.164	58.180
456.137	118.839	75.551	58.391
455.958	118.762	74.863	58.256
455.808	118.856	74.989	58.089
455.401	119.330	75.216	57.822
454.742	118.381	74.169	59.150
454.510	118.503	73.392	58.850
454.023	118.744	73.835	58.430
454.728	118.898	72.999	58.520
454.025	118.290	72.012	59.528
453.634	117.998	72.517	59.940
452.560	117.961	73.803	60.125
451.054	117.146	74.558	60.978
451.263	117.089	74.440	61.045
449.757	117.526	75.236	60.508
449.608	117.484	75.578	60.369
448.458	117.872	76.368	59.341
448.520	118.200	77.723	59.103
448.780	121.160	76.211	56.681
449.668	117.872	75.060	59.520
448.668	117.995	77.925	59.188
445.366	117.386	80.477	58.949
448.188	117.735	77.349	58.821
448.033	117.353	77.479	58.639
447.807	117.773	78.072	60.429
448.775	117.685	77.063	60.790
447.443	117.146	78.867	62.112
445.653	117.187	80.591	61.683
442.775	117.924	83.276	57.668
445.555	118.439	79.650	57.235
441.887	118.346	83.296	57.160
441.988	119.348	81.965	56.737
437.316	119.574	82.575	54.755
377.783	94.096	75.986	54.012
384.434	92.881	79.465	56.005
398.973	94.099	75.847	60.303
406.169	98.017	79.718	73.615
411.079	105.918	93.064	65.324
407.197	113.891	107.519	57.282
400.519	114.364	99.078	66.460
393.849	113.971	99.116	63.098
393.127	116.585	96.682	61.304
390.660	117.127	98.469	63.120
394.070	117.193	96.334	58.911
392.103	117.632	96.807	60.884
394.817	117.406	97.355	59.655
391.441	117.873	97.005	60.461
395.458	117.161	97.698	57.725
393.102	116.828	96.196	58.739
392.676	116.710	93.835	60.860
392.683	116.721	97.669	60.676
391.518	116.502	97.223	60.413
392.687	116.574	98.603	59.763
393.741	116.257	97.259	60.231
397.918	115.822	104.040	57.670
399.180	114.160	103.918	57.369
401.457	113.447	102.829	57.677
404.671	113.074	100.868	57.682
405.994	113.605	101.190	56.705
406.821	114.521	100.477	55.095
407.385	113.708	89.590	54.251
407.277	113.739	78.852	52.476
406.856	113.689	75.437	51.248
406.786	113.749	74.017	50.972
407.213	113.556	73.439	49.492
406.667	113.479	73.695	50.089
406.828	113.653	73.982	50.512
406.569	113.959	73.345	52.165
407.488	113.486	72.408	53.414
406.959	111.248	72.106	55.071
408.019	108.811	74.963	55.423
409.441	104.829	82.952	62.251
408.710	100.032	90.324	66.243
410.576	97.981	93.217	70.601
411.387	94.166	91.653	73.963
413.775	94.497	82.084	72.598
413.150	93.992	76.662	73.843
411.238	94.698	76.215	74.183
402.306	96.039	88.169	75.237
405.293	96.961	87.300	76.175
404.134	98.367	85.142	73.691
402.297	102.300	87.500	71.946
403.697	103.128	86.623	70.055
405.323	105.294	85.166	67.577
403.922	107.178	85.684	67.535
406.121	107.672	79.401	64.292
413.831	109.230	73.207	63.912
418.886	111.306	76.990	60.806
425.102	113.232	73.074	58.787
427.090	113.872	70.731	57.562
427.001	113.640	71.146	58.183
425.444	113.803	73.016	58.290
424.057	114.387	73.296	58.192
424.888	114.965	72.725	57.288
425.941	115.304	72.348	56.841
427.802	115.124	71.045	56.948
426.309	115.435	72.786	56.601
422.971	115.607	76.186	56.384
423.255	115.482	76.903	56.505
420.303	115.111	79.627	57.194
422.221	114.751	78.779	57.109
420.189	114.706	80.689	57.481
423.511	114.284	78.495	57.667
420.348	114.168	80.946	57.983
423.427	113.902	78.665	57.796
421.458	113.783	80.426	57.935
424.399	113.729	78.213	57.621
420.619	113.863	81.051	57.878
428.781	113.838	74.367	57.246
411.071	113.971	89.093	57.219
414.865	114.255	86.614	57.861
421.237	114.086	81.070	58.297
424.005	113.885	76.671	57.622
419.763	113.723	80.398	56.901
424.464	113.081	76.111	56.690
418.988	112.812	81.505	56.602
422.771	112.092	79.266	58.185
420.686	112.269	82.740	56.830
416.027	111.917	90.710	56.506
414.943	110.750	96.485	57.630
416.348	110.564	99.319	58.051
420.181	109.671	98.391	59.017
424.978	108.946	99.357	59.230
428.940	108.470	98.881	58.839
433.027	107.952	98.418	58.600
435.530	107.601	98.889	58.863
437.596	106.810	98.730	59.314
440.551	106.592	98.021	58.915
441.783	106.388	98.141	58.479
442.649	106.359	98.758	58.599
443.606	106.491	99.169	58.889
444.771	106.342	98.813	59.568
445.050	106.815	99.480	58.891
445.218	107.072	100.218	59.167
445.293	107.545	100.409	59.090
445.907	107.576	99.557	59.086
446.156	108.039	99.841	58.714
446.563	108.406	100.198	58.878
447.647	108.552	99.103	59.130
448.420	108.515	99.586	59.234
449.400	108.626	99.601	59.628
449.839	108.545	99.815	59.903
451.261	108.769	98.717	59.645
451.083	108.888	99.874	59.774
451.218	109.059	99.712	59.853
451.116	109.097	99.624	59.714
451.211	108.843	99.443	59.942
451.252	108.843	99.109	59.908
450.814	108.620	99.663	59.828
450.190	108.431	99.658	59.748
449.221	108.394	99.858	59.420
448.810	108.318	99.381	59.001
448.231	108.406	99.261	58.479
447.407	108.113	100.134	58.475
447.128	107.816	100.449	58.674
446.949	107.726	100.849	58.808
446.741	107.502	100.581	58.830
446.567	106.991	100.649	59.111
446.353	106.119	100.259	60.164
445.736	105.556	101.329	60.748
445.489	105.607	100.809	60.454
444.976	105.520	101.501	60.458
444.832	105.219	101.003	60.775
444.767	105.101	101.221	61.061
444.454	105.133	101.371	61.179
445.617	105.170	99.478	61.349
444.632	105.022	99.706	61.572
444.457	104.353	99.392	61.760
443.210	104.234	99.979	61.270
441.928	103.583	100.073	61.338
439.555	103.110	100.581	61.709
438.209	103.034	100.281	61.974
435.712	102.879	100.652	62.163
433.949	102.754	100.578	62.881
433.140	103.060	100.084	62.783
433.109	103.457	98.748	62.596
432.354	103.661	97.624	63.282
431.350	103.601	97.582	64.001
430.584	103.911	97.692	64.152
429.796	104.097	98.036	64.035
429.335	104.138	98.202	63.783
429.066	104.220	98.047	63.983
428.987	104.240	97.571	63.754
428.571	104.261	97.430	64.083
427.786	104.504	97.866	63.769
427.483	104.504	97.934	63.805
427.253	104.544	98.059	63.800
427.153	104.610	97.733	63.698
427.187	104.504	97.700	64.018
426.752	104.733	98.040	63.052
426.236	104.705	98.613	63.076
426.000	104.584	98.094	62.674
425.214	104.393	97.765	62.581
424.788	104.279	97.376	62.550
424.240	104.202	98.116	62.284
424.172	104.239	97.761	62.554
423.755	104.200	97.596	62.594
423.240	104.239	98.022	62.589
422.956	104.552	97.910	61.721
422.252	104.452	98.078	61.506
422.592	104.253	97.675	61.705
422.178	104.412	97.455	60.905
421.731	104.442	98.181	60.696
421.427	103.620	98.391	60.344
421.326	103.261	98.259	59.519
420.095	103.089	98.836	58.743
420.995	102.735	97.608	58.249
423.377	102.687	93.835	57.672
424.663	102.057	87.035	58.297
426.306	101.879	79.429	58.128
428.548	101.115	68.376	57.139
346.613	106.170	66.445	57.531
435.345	93.441	50.890	69.236
430.503	94.667	61.712	67.627
430.021	97.981	65.977	64.170
426.875	100.991	69.206	61.895
416.227	104.033	76.977	59.665
404.285	105.655	85.037	58.420
403.846	107.089	82.824	59.507
395.339	108.575	87.798	59.644
392.477	110.211	85.732	59.849
390.707	111.378	83.996	60.925
381.564	111.778	92.514	60.873
382.350	112.040	91.543	59.738
380.942	112.237	91.535	59.980
382.126	112.847	91.633	59.361
378.275	112.696	93.642	60.143
369.709	112.418	104.099	60.581
371.291	111.953	104.789	61.698
373.449	113.309	102.713	59.984
374.037	112.457	100.650	61.281
375.490	112.266	100.992	62.355
374.822	112.437	100.831	62.812
376.552	111.514	101.106	64.165
377.702	110.304	98.195	64.712
380.696	110.707	98.213	63.761
383.934	110.955	93.310	63.611
387.713	111.658	89.475	62.845
391.525	114.175	86.242	59.738
389.964	113.505	88.362	60.605
390.012	114.238	88.563	60.081
383.806	113.854	93.149	60.631
377.950	113.842	98.994	60.211
374.088	114.153	104.206	60.362
373.324	114.208	106.276	60.337
373.746	115.125	105.887	59.630
372.153	114.256	106.478	60.974
374.807	113.762	104.034	62.040
380.399	113.122	97.550	63.919
382.067	113.676	93.225	63.978
382.018	113.858	92.477	63.710
381.772	113.702	89.440	64.347
386.390	115.138	89.346	62.891
387.622	116.592	88.180	62.055
386.346	117.235	89.104	61.916
387.978	116.802	88.089	62.570
387.176	116.825	88.563	62.622
385.340	115.893	88.985	63.511
383.874	114.887	91.790	64.533
390.299	116.174	91.167	62.960
389.146	117.686	91.228	61.329
390.631	118.340	90.407	61.288
387.244	118.494	93.568	61.711
381.420	118.031	98.013	62.109
379.115	116.463	92.186	63.802
377.172	116.486	88.592	63.015
386.935	117.636	95.274	61.159
382.190	116.814	98.575	61.638
380.454	114.945	102.510	61.575
373.714	113.204	93.947	61.883
377.076	111.916	97.828	62.735
377.087	109.555	99.075	63.641
380.054	110.304	99.426	63.569
382.128	111.916	95.344	62.760
384.739	111.639	94.789	63.892
382.731	112.304	71.978	64.245
385.320	112.234	82.976	63.352
386.865	112.182	97.730	63.328
380.758	111.528	79.109	64.865
381.087	107.393	88.124	66.160
384.185	105.692	103.747	63.739
382.112	99.742	107.978	66.259
374.920	90.602	113.874	68.628
373.522	84.049	112.065	68.232
370.097	82.291	111.288	68.546
371.524	79.925	112.748	72.666
369.211	81.694	104.473	70.027
376.105	81.686	103.060	74.385
388.397	86.043	96.922	69.421
392.489	92.704	90.958	63.783
395.384	101.692	85.262	63.121
381.938	104.675	75.416	61.929
383.549	108.487	64.738	59.391
384.722	111.367	65.856	58.698
384.817	112.382	61.669	58.636
384.089	113.105	66.744	58.299
383.235	111.962	58.189	61.044
381.318	110.495	61.641	62.031
396.763	109.596	85.898	57.738
379.005	105.100	96.108	60.507
373.788	100.826	106.611	64.857
387.244	89.903	108.499	68.508
373.231	92.240	112.867	63.287
371.703	94.949	110.046	63.591
370.480	94.969	115.113	65.719
367.557	96.489	115.317	66.545
376.686	99.450	117.787	71.984
361.700	130.337	131.223	171.543
377.997	116.435	83.339	68.501
406.877	115.829	86.339	68.016
384.747	117.149	96.471	65.639
427.324	112.312	89.168	67.109
426.770	107.521	88.914	70.186
437.854	102.435	89.101	68.985
448.845	96.808	94.825	71.228
452.442	92.118	103.244	69.531
456.079	88.373	104.784	70.234
460.988	86.489	102.331	67.971
464.042	85.909	96.323	68.509
466.047	88.309	92.918	68.598
466.036	92.670	89.033	65.785
465.763	96.610	84.780	63.827
465.538	98.818	76.902	62.365
464.798	99.680	62.586	63.350
464.977	99.585	61.637	62.900
465.664	99.431	60.815	62.186
466.210	99.788	60.781	61.042
467.429	99.879	60.168	60.946
468.323	100.004	58.988	60.854
469.859	99.880	58.073	60.174
471.597	100.070	55.791	60.588
471.707	100.994	54.607	59.108
470.135	101.195	52.755	58.961
463.825	100.636	56.641	58.539
457.661	100.854	58.702	56.316
452.567	103.252	58.266	51.014
448.819	104.767	58.995	47.380
446.753	103.253	58.941	46.796
442.383	100.747	62.508	46.823
441.085	98.570	65.522	48.787
441.668	98.646	70.379	57.087
445.234	94.534	68.943	62.519
456.794	90.326	67.780	65.496
467.086	89.426	59.501	58.629
476.281	89.153	55.779	56.108
479.550	83.878	57.606	54.135
479.115	77.885	64.676	52.895
481.046	75.139	66.568	53.357
482.286	72.315	66.093	55.918
480.769	69.504	65.257	57.332
479.985	67.008	68.935	60.083
480.709	65.351	69.325	62.546
480.680	66.748	70.355	60.582
484.392	71.745	69.772	54.333
487.440	73.372	70.849	53.136
494.717	73.770	67.107	54.878
502.233	75.321	62.679	56.195
507.681	77.412	60.013	56.253
510.372	79.269	59.926	56.637
513.638	80.210	58.771	56.067
516.447	81.493	57.981	55.243
518.931	82.841	56.927	55.568
520.520	84.151	57.031	55.196
522.936	85.920	55.685	54.325
524.277	86.162	56.259	56.150
525.212	86.576	56.331	55.583
526.381	86.944	56.453	56.231
527.735	87.613	55.811	55.955
528.409	88.089	55.881	55.764
530.003	89.505	54.659	55.272
530.640	89.744	55.480	55.806
531.312	89.898	55.684	56.080
532.226	90.855	55.170	54.997
532.219	90.744	56.209	55.922
532.954	90.871	55.580	55.605
532.915	91.081	55.930	55.579
533.405	91.491	54.632	54.690
533.982	89.657	53.713	56.221
533.331	88.456	54.668	55.904
533.082	87.620	54.434	56.635
532.935	87.030	55.264	55.465
533.512	85.311	54.431	56.671
533.425	84.388	55.307	56.725
534.377	83.088	54.640	56.109
534.790	82.967	55.017	56.101
535.547	82.788	54.481	54.658
535.856	82.806	54.813	54.606
536.305	83.066	54.277	54.236
535.982	83.033	54.631	54.529
536.141	83.382	54.198	53.798
535.991	83.406	54.602	53.952
536.124	83.422	54.602	54.436
536.249	83.800	53.979	53.915
536.641	83.712	54.092	54.370
536.802	83.528	54.473	54.312
537.160	83.883	54.283	54.122
537.372	83.754	54.383	54.122
537.438	83.557	54.696	54.642
537.806	82.991	54.184	55.060
537.914	83.100	54.357	54.795
538.092	82.874	54.433	55.058
538.206	82.786	55.668	55.066
539.589	82.388	55.082	54.885
540.073	82.625	57.206	53.370
541.266	82.154	57.200	54.239
542.320	81.647	56.152	54.289
542.482	81.716	57.009	54.430
542.830	81.491	56.908	54.648
543.090	81.202	56.610	55.042
542.766	81.462	57.678	54.468
542.913	82.644	57.339	53.573
543.080	82.572	57.069	54.051
543.312	83.331	57.300	54.406
543.801	83.855	56.369	53.696
543.938	84.332	56.430	54.597
543.700	85.317	56.511	54.042
544.082	86.098	55.287	54.498
543.161	86.974	55.584	54.062
542.559	87.539	55.564	54.425
541.196	88.167	56.549	54.991
540.412	89.029	56.937	54.044
540.629	89.734	57.815	54.848
542.082	91.675	58.604	53.113
543.379	93.906	60.975	53.180
544.598	95.734	64.077	52.997
544.128	98.991	66.982	51.276
545.788	107.891	61.916	45.865
535.972	114.325	66.927	41.296
530.432	119.754	65.360	42.296
515.572	123.618	65.211	44.184
490.170	123.884	66.935	44.224
470.358	126.184	63.553	44.212
449.795	124.716	58.482	43.721
438.224	123.019	63.268	41.722
430.520	121.334	63.442	42.547
424.263	119.887	65.275	40.729
422.139	113.048	65.993	42.990
418.382	106.217	69.734	46.149
430.407	97.406	58.933	55.491
444.130	86.775	59.865	67.459
449.598	79.208	56.341	67.754
469.628	73.744	41.796	74.498
481.695	72.453	38.381	67.515
489.061	71.731	42.435	62.323
485.961	74.061	51.417	58.843
483.161	75.657	57.854	55.615
481.154	79.877	56.161	53.165
480.414	85.394	54.623	50.352
480.965	91.175	53.751	45.580
482.249	93.066	53.227	51.984
482.992	92.830	56.298	46.857
487.016	92.016	56.207	47.557
490.578	90.982	56.758	48.143
494.239	91.088	55.929	46.724
496.859	89.784	55.632	48.151
498.405	89.372	55.159	48.024
498.890	89.246	55.570	47.871
499.308	89.139	56.114	47.624
499.815	88.732	56.359	47.816
500.155	88.677	56.891	47.762
501.083	88.627	56.680	47.636
501.394	88.371	56.858	47.636
501.986	88.037	56.710	47.861
502.295	87.653	56.594	48.369
502.409	87.449	57.079	48.441
502.605	87.421	57.015	48.517
502.691	87.161	56.968	48.965
501.216	86.805	56.929	49.316
499.186	87.117	56.678	49.133
496.100	87.401	57.349	49.208
493.788	87.762	57.248	49.169
491.555	87.840	56.825	49.157
489.411	87.120	56.450	49.968
487.424	87.216	56.544	49.011
484.595	87.499	57.855	48.532
474.407	86.555	67.336	50.705
470.969	85.871	70.307	51.286
460.473	86.780	79.506	52.322
476.590	87.701	63.620	49.210
451.939	104.309	67.436	58.310
476.882	90.679	59.155	48.619
468.316	93.030	66.249	52.707
454.840	102.346	72.760	61.809
447.370	103.701	77.005	60.285
447.983	96.298	79.571	67.965
447.511	94.641	77.912	66.572
447.753	91.936	79.428	67.931
445.722	91.779	80.860	64.611
443.909	91.011	83.868	62.118
438.686	89.949	92.334	59.382
436.152	87.762	91.582	57.806
433.613	85.514	90.731	59.957
432.013	83.517	85.888	61.382
432.207	80.982	84.516	64.193
428.246	78.488	88.400	66.029
427.124	76.222	88.813	67.774
426.151	74.939	89.100	67.593
425.585	74.583	89.403	67.320
424.585	73.649	89.883	67.913
424.074	73.948	91.151	66.206
424.626	74.020	91.309	66.172
424.360	73.933	91.969	66.616
424.296	73.758	91.885	67.020
424.922	74.345	90.910	66.598
424.539	74.387	91.290	67.090
424.564	74.888	90.138	66.229
424.470	75.440	90.361	66.054
424.911	75.657	89.921	66.213
424.161	75.742	89.578	66.648
424.048	76.174	89.695	65.768
422.781	75.997	91.528	65.774
420.419	76.119	95.797	64.475
416.384	75.927	97.301	62.520
408.640	74.014	84.928	64.282
403.474	72.731	86.742	63.296
402.370	71.045	81.441	64.218
399.954	71.579	81.473	63.167
397.957	72.482	82.457	62.565
397.881	72.909	81.651	62.986
401.662	78.011	88.520	60.460
395.453	79.549	76.041	65.841
403.044	82.080	77.001	64.127
399.211	82.612	89.016	61.455
393.237	85.085	84.786	62.175
400.861	84.397	84.770	60.733
396.759	84.730	77.242	60.850
399.944	84.472	79.122	58.784
398.388	85.129	81.867	57.794
400.929	83.781	78.459	58.886
403.881	84.076	80.096	58.847
411.118	83.843	86.748	60.527
411.935	83.632	92.768	60.380
410.416	84.017	94.653	62.350
441.154	85.173	80.031	63.737
451.642	88.455	86.315	62.936
461.989	90.462	82.943	63.610
469.202	93.682	84.383	63.592
475.745	97.531	84.383	62.249
483.878	99.563	79.610	62.342
490.388	102.071	82.453	62.879
497.188	104.582	83.427	63.461
502.217	106.260	81.715	61.545
505.081	106.786	82.570	61.767
506.419	106.926	83.435	61.711
506.583	106.906	82.441	61.960
506.283	106.643	82.786	61.045
506.040	106.310	82.066	61.430
505.739	106.260	83.142	60.948
504.782	106.444	84.254	60.593
505.971	105.715	82.633	60.283
506.534	106.478	83.911	60.015
505.522	106.243	84.494	61.560
504.264	106.158	86.193	61.734
502.946	106.893	86.874	62.394
501.255	106.993	86.157	62.273
499.601	107.384	83.054	62.303
498.204	108.120	87.484	62.072
496.297	108.305	87.648	63.122
492.986	109.246	86.295	63.731
490.056	109.514	86.760	65.694
484.952	111.424	89.282	64.101
481.544	112.061	87.807	63.528
476.996	112.152	88.700	62.319
476.919	111.773	84.189	63.186
474.510	113.059	85.541	63.716
406.588	99.863	76.919	63.809
431.794	102.406	79.330	60.659
435.578	107.485	100.447	64.835
440.494	109.127	98.731	70.962
446.801	110.265	92.240	73.325
448.481	111.643	87.878	73.391
452.503	114.694	99.156	73.679
449.995	119.521	106.016	69.797
450.805	124.221	103.662	68.254
448.718	126.317	104.148	63.735
449.813	127.374	100.382	61.009
452.627	127.969	95.323	61.001
455.867	127.577	87.403	61.097
455.204	127.392	85.265	60.585
455.121	128.773	83.816	57.495
455.579	130.126	81.075	58.394
458.005	131.763	84.451	58.206
460.054	132.613	84.744	57.323
464.786	132.028	82.325	58.126
469.876	130.337	78.988	59.701
471.427	128.915	80.293	59.784
471.784	128.472	80.358	60.164
472.534	127.046	79.377	60.280
472.268	125.287	78.044	59.899
473.193	124.127	80.096	60.629
472.787	122.686	79.588	60.231
473.909	122.158	81.712	60.302
474.496	121.242	80.231	59.662
475.252	120.291	79.451	59.908
474.757	118.858	81.182	59.577
474.104	117.495	80.119	60.109
472.387	114.991	81.455	61.371
468.672	111.908	80.632	63.749
472.418	110.209	78.355	62.631
467.301	109.822	79.695	61.951
467.451	107.283	75.123	63.029
466.171	107.659	76.970	61.125
464.454	106.521	76.256	61.534
463.926	106.339	77.199	61.299
463.580	106.381	75.865	60.581
463.180	105.601	79.562	61.010
462.191	105.461	78.370	60.106
462.132	104.486	73.460	60.816
460.498	104.322	78.248	61.087
455.049	104.399	82.730	60.449
448.980	103.778	88.918	61.836
443.704	103.718	93.561	61.245
441.231	103.857	89.437	61.389
438.834	102.770	86.750	64.250
418.851	97.181	99.639	69.264
412.870	97.654	95.434	70.894
409.964	98.575	96.844	71.319
409.301	98.149	92.435	73.303
405.536	97.020	91.242	73.676
413.690	96.186	82.918	74.671
407.972	96.219	89.140	74.735
404.851	96.271	92.742	75.618
403.274	93.080	98.096	76.362
401.152	93.291	107.076	75.301
403.216	93.428	113.187	74.903
459.316	94.726	91.547	62.105
480.659	95.553	83.531	59.042
500.583	101.870	80.195	54.115
511.535	106.925	77.663	52.700
521.378	112.425	74.494	50.259
525.347	116.715	76.845	49.916
526.882	117.670	75.858	50.712
526.379	118.123	79.567	51.902
524.098	117.689	85.404	54.339
523.145	117.678	87.864	56.054
521.677	117.828	89.369	56.662
521.217	117.718	89.066	57.103
519.870	117.910	88.587	56.836
519.216	115.727	85.336	57.364
517.925	112.497	77.220	58.630
514.670	107.702	82.625	60.372
510.347	102.391	84.733	68.117
509.365	94.640	79.230	73.482
505.963	88.393	75.355	77.999
502.339	81.397	69.167	82.664
494.413	77.089	67.616	82.571
483.215	76.044	71.432	82.455
473.991	79.902	75.476	79.413
468.484	87.755	84.128	73.591
466.298	94.179	92.495	62.759
467.336	97.042	95.704	61.259
474.499	97.675	93.516	66.466
489.353	96.077	85.771	68.734
497.854	100.152	73.813	69.638
500.863	102.879	72.037	67.984
500.320	101.303	74.063	69.464
496.214	108.186	70.517	63.971
493.438	104.631	74.556	67.746
492.809	103.870	67.017	62.455
502.323	99.222	57.482	59.326
502.024	93.505	59.078	60.257
506.374	92.048	67.393	53.116
495.047	93.442	83.539	35.221
491.765	95.127	88.623	32.766
498.348	88.402	83.023	47.130
504.758	87.745	76.509	57.660
501.764	93.750	77.545	58.759
499.705	97.984	78.249	63.279
497.813	102.554	76.355	65.550
497.712	107.274	74.817	66.906
496.349	110.895	73.275	67.698
496.578	111.530	73.588	69.111
496.580	113.538	73.310	69.948
497.211	113.583	74.674	70.677
495.688	117.660	73.923	66.679
491.487	120.536	78.231	62.892
485.837	123.554	83.683	57.493
476.128	128.487	89.890	49.312
460.392	135.338	97.736	38.583
439.372	136.587	108.148	37.009
427.274	134.693	104.496	42.973
435.086	141.477	76.525	34.299
417.787	100.039	74.567	38.448
392.515	133.444	91.554	49.852
389.122	109.574	119.037	85.573
411.319	108.685	97.955	65.969
370.811	110.076	142.380	87.874
369.602	134.510	88.589	65.203
364.487	108.357	146.663	89.777
366.044	146.543	84.217	62.935
435.290	113.199	78.702	73.411
433.909	115.190	81.956	73.706
371.275	146.838	80.955	63.480
367.480	145.872	84.739	62.613
434.897	117.930	81.898	73.520
355.697	149.177	90.797	57.104
438.441	116.920	84.611	77.628
439.596	116.688	84.037	78.595
440.490	118.249	90.252	77.986
355.446	122.215	156.422	92.822
346.895	149.584	73.895	65.401
331.680	147.863	96.391	78.891
447.915	123.149	83.970	75.763
343.904	152.824	60.735	66.897
342.813	154.300	65.683	66.167
449.749	122.846	59.747	76.648
448.882	121.098	58.270	77.342
347.985	147.549	94.204	85.534
438.875	113.312	79.166	76.014
429.063	111.200	77.430	68.185
391.334	101.275	130.823	89.876
397.976	99.986	94.551	67.732
387.379	96.206	84.476	52.605
426.882	150.505	87.732	35.902
328.135	83.752	119.533	54.715
302.204	89.472	108.164	56.731
284.837	97.116	108.185	56.414
267.477	105.775	114.145	56.791
257.972	111.621	111.153	56.159
252.353	115.275	107.891	56.749
245.985	118.167	116.542	57.626
249.753	119.174	113.877	57.154
250.478	120.559	114.963	55.922
253.769	121.640	113.930	53.793
259.121	122.157	112.568	50.924
267.034	121.707	109.100	45.474
282.079	119.468	101.085	42.136
300.113	117.629	88.810	38.702
314.685	103.490	77.101	42.960
330.663	101.021	80.148	37.872
336.613	98.522	74.028	34.150
354.280	99.987	71.631	34.245
375.611	99.525	71.380	35.306
381.051	100.480	72.626	36.803
397.945	105.296	73.308	48.267
397.398	113.260	80.724	60.169
410.559	114.779	69.641	58.535
409.852	113.225	67.711	60.909
409.305	112.735	67.185	63.279
411.583	113.115	66.509	63.665
412.557	112.958	66.282	63.501
409.799	114.750	70.279	59.920
407.932	117.152	73.799	55.883
406.708	118.962	75.139	44.743
406.231	118.993	75.055	42.635
400.044	117.300	78.182	46.045
397.108	117.851	80.085	42.870
389.612	122.095	84.831	43.422
389.810	122.893	101.133	42.287
388.135	115.991	106.543	50.842
352.307	114.117	166.567	62.761
346.950	111.489	92.080	67.034
344.766	117.697	80.904	62.790
312.861	121.250	110.117	67.292
295.801	123.426	121.723	66.618
284.564	129.465	99.216	67.998
278.253	132.138	98.545	66.479
275.063	132.352	96.703	67.189
271.231	132.675	97.529	67.185
269.339	133.863	98.455	66.637
269.324	134.829	93.621	65.825
268.963	135.415	91.477	64.798
271.771	132.912	90.207	66.778
274.309	129.553	96.055	68.419
280.742	125.615	92.212	70.103
286.882	119.002	91.532	71.805
292.839	112.943	89.432	74.285
302.913	107.181	80.525	75.208
310.236	101.686	79.705	73.794
323.100	99.111	80.517	72.689
436.101	145.833	78.199	49.615
347.625	96.450	86.058	65.334
363.788	97.948	83.403	62.017
373.619	100.195	82.538	59.977
382.157	101.888	82.425	58.672
392.994	106.641	75.127	56.265
396.486	111.996	73.811	50.674
398.132	117.018	75.562	45.721
403.506	126.899	72.090	35.607
402.353	131.846	76.444	33.372
403.026	131.231	74.313	32.987
400.532	131.817	80.707	32.064
403.037	132.546	83.108	32.865
404.954	132.502	82.205	34.217
406.063	132.843	80.129	34.496
406.241	133.760	75.812	34.838
406.967	133.856	76.919	36.498
405.337	135.488	76.806	34.778
399.272	135.053	79.757	35.371
391.924	134.129	86.814	32.851
394.923	132.667	101.069	33.032
354.834	124.785	153.146	45.909
377.846	131.678	141.036	33.232
323.847	121.777	205.132	64.734
314.042	114.491	193.998	321.156
292.312	61.256	273.619	396.537
281.402	46.707	286.146	419.359
277.167	44.686	325.784	422.800
271.764	49.730	323.964	420.997
268.926	48.894	336.639	423.029
266.951	49.736	336.380	423.104
266.589	49.736	333.758	423.522
266.045	49.450	337.718	423.599
267.441	51.162	342.713	423.354
267.550	51.188	341.220	424.059
266.636	49.160	339.218	425.460
263.929	49.736	343.134	423.104
263.194	49.450	347.012	423.809
264.204	48.980	353.261	425.916
264.118	47.835	350.884	426.849
264.581	48.122	349.681	426.774
264.967	48.409	351.217	426.488
265.043	48.409	351.073	426.488
265.043	48.409	351.445	426.488
264.118	48.409	351.626	426.488
263.421	48.409	351.581	426.488
261.309	48.122	356.673	427.199
260.239	49.859	356.400	424.582
262.308	48.695	350.755	425.777
268.971	48.980	347.213	426.128
289.923	48.122	307.570	429.547
316.253	50.908	265.067	423.501
321.944	45.934	251.045	428.924
323.115	47.193	242.353	426.358
326.505	50.059	233.062	420.945
326.120	49.060	230.219	421.985
323.454	48.772	226.841	423.067
322.205	48.627	226.882	422.022
321.655	48.194	227.695	422.257
321.793	48.194	227.032	422.653
321.930	48.338	226.632	422.509
322.342	48.049	227.008	422.798
322.615	47.760	228.319	422.890
322.751	47.469	229.514	422.982
323.175	47.179	229.748	422.680
323.036	47.034	229.888	422.825
322.193	47.324	229.938	422.929
320.769	47.760	230.836	423.088
319.175	47.615	230.749	424.224
316.410	48.627	230.731	422.814
311.915	48.483	235.756	422.959
310.059	49.410	240.401	422.019
308.564	50.136	244.438	421.490
309.004	47.824	245.691	422.538
308.524	47.536	248.600	424.226
309.214	47.294	248.677	424.907
314.311	47.001	244.427	424.402
316.837	46.085	244.097	423.281
319.160	45.502	245.171	423.069
320.783	45.356	245.125	424.408
323.642	44.036	241.403	428.126
327.066	37.463	238.814	434.499
327.536	28.667	237.555	441.009
327.250	38.039	237.456	430.169
330.671	31.585	233.376	435.905
334.215	39.480	231.603	426.486
334.116	40.253	229.180	426.820
334.116	43.588	229.180	423.685
333.759	44.592	228.887	423.679
336.130	46.712	225.244	419.473
334.890	46.856	224.223	419.918
334.917	46.712	222.592	420.652
335.437	46.999	220.769	420.167
334.794	48.741	220.772	418.327
334.263	49.030	221.047	418.620
334.130	48.741	221.180	419.298
333.594	48.451	220.948	418.423
332.920	48.741	220.859	417.745
333.194	47.981	219.721	420.955
333.453	46.265	218.435	421.774
333.323	44.794	220.108	422.662
332.283	47.717	221.408	420.435
332.152	49.608	222.578	417.654
330.561	49.752	220.050	418.482
330.588	49.752	218.819	418.288
330.198	50.614	218.443	418.009
330.328	50.758	217.804	416.504
329.552	51.961	217.662	415.606
328.784	51.057	218.687	417.939
329.169	51.330	217.025	417.099
328.267	51.344	219.461	418.039
329.674	51.758	218.204	415.309
328.526	51.488	218.945	417.896
329.297	51.616	216.897	416.813
329.041	51.917	218.174	417.467
328.267	51.553	218.948	418.113
328.267	51.901	216.407	417.113
328.007	53.716	217.172	417.110
326.774	53.860	215.497	415.999
327.889	54.146	216.654	415.713
328.016	53.573	216.527	416.673
329.041	53.860	218.430	417.160
329.934	53.716	217.537	416.916
330.061	53.573	217.410	417.060
330.565	53.286	216.650	417.734
331.315	52.998	215.388	418.216
331.315	52.421	214.625	418.599
331.811	52.421	214.129	418.212
331.687	52.277	214.507	418.162
331.564	52.710	214.122	418.117
331.811	53.142	213.621	417.685
329.981	55.003	216.608	415.242
330.691	53.573	213.480	416.866
328.768	54.432	215.011	414.462
327.383	56.162	215.383	414.970
328.016	55.715	214.750	413.951
327.128	55.999	215.133	413.860
327.128	56.282	213.879	412.998
327.853	57.050	210.774	412.583
327.227	58.741	210.870	412.619
326.887	56.625	210.688	411.480
327.878	57.615	211.815	411.253
326.839	58.460	213.220	411.939
326.495	58.738	213.889	411.377
326.868	58.454	213.264	411.661
328.097	58.320	213.045	408.644
329.262	57.897	214.287	411.162
329.638	56.341	214.922	412.718
331.039	55.772	215.145	415.203
332.069	55.857	215.522	414.776
332.837	55.573	217.799	414.866
332.069	55.288	220.887	415.344
330.838	54.861	223.921	413.841
319.754	54.146	238.444	415.134
301.475	53.873	254.925	412.461
288.454	51.683	273.310	417.285
284.829	52.865	280.976	418.354
283.044	53.284	286.992	417.509
279.727	54.811	291.805	416.100
278.414	54.527	296.819	416.383
278.948	54.527	292.229	414.573
283.033	53.103	292.525	419.425
290.569	53.959	285.689	418.569
296.212	53.674	280.366	418.044
305.373	50.538	274.886	423.467
308.534	51.699	279.760	423.114
309.768	52.547	278.229	419.693
310.414	50.829	276.542	422.370
310.372	50.247	280.056	424.768
309.923	50.078	278.772	421.843
311.047	48.820	277.780	423.070
305.856	50.685	279.397	419.785
303.726	50.113	282.395	420.762
308.019	48.387	282.502	425.134
306.740	49.059	278.497	423.470
311.397	48.242	277.850	424.870
313.754	47.373	275.853	425.535
318.089	47.228	271.284	426.293
319.567	47.082	271.036	426.234
319.027	47.518	275.174	425.390
317.077	48.964	276.505	425.785
318.812	47.663	277.342	425.858
318.643	47.518	282.738	426.003
318.313	47.152	288.942	428.227
316.348	48.222	292.931	426.051
316.721	50.226	296.935	421.166
317.834	50.226	295.168	421.370
317.093	50.226	294.769	420.756
315.785	51.078	291.894	419.699
317.019	48.913	284.456	423.818
316.909	46.562	275.708	424.147
315.380	48.676	268.621	418.772
316.817	46.374	258.750	420.651
317.565	45.455	249.851	422.851
319.101	46.991	243.770	420.874
318.860	47.680	244.522	421.288
319.010	47.536	241.604	421.036
320.696	49.119	232.315	418.066
322.068	48.916	226.495	421.733
320.264	52.127	226.736	418.197
321.503	51.983	223.016	419.906
322.092	51.838	221.538	419.267
323.497	51.044	219.872	420.713
324.420	51.187	220.366	419.980
324.289	51.616	219.983	420.338
324.420	52.186	219.340	419.768
325.587	52.565	217.662	420.009
326.228	52.854	217.788	419.721
326.482	53.573	217.534	418.418
326.482	53.429	217.534	418.951
326.609	53.860	217.151	417.937
326.862	54.432	217.667	417.170
328.007	54.718	216.919	416.690
328.007	54.432	216.415	416.781
328.007	54.575	216.163	416.251
327.510	54.718	214.752	415.721
327.889	54.146	214.624	416.293
327.637	52.421	214.373	418.599
327.637	50.390	214.373	420.050
328.016	49.805	215.256	420.634
326.228	49.608	217.788	421.560
326.736	48.161	218.051	423.006
327.514	47.288	218.181	423.487
326.602	46.996	217.566	423.975
326.077	48.451	217.586	423.110
324.811	48.886	216.913	423.660
324.289	47.870	218.704	426.455
324.911	48.050	218.317	424.034
323.095	47.288	220.648	424.666
321.771	45.678	220.689	425.490
316.808	45.412	225.651	427.106
283.933	45.574	258.621	425.274
260.081	49.058	281.934	418.848
243.463	46.499	294.072	421.349
222.825	47.357	316.023	420.771
194.071	44.882	342.052	426.257
169.626	45.561	366.386	427.549
143.742	41.870	381.684	431.595
149.283	43.184	383.193	421.560
156.486	38.926	379.656	427.009
157.652	28.102	371.827	430.904
186.385	23.825	333.649	428.101
250.083	40.601	268.313	424.065
310.281	59.140	225.650	430.542
