292.000	363.000	81.000	114.000
301.525	358.700	81.882	108.158
311.580	353.006	80.129	106.668
319.883	347.831	78.777	105.763
328.392	343.420	77.449	103.965
335.505	339.231	77.090	102.296
343.287	334.261	75.330	101.376
349.427	330.198	74.246	99.545
356.003	327.038	73.135	96.690
361.579	323.178	71.937	95.628
367.237	319.021	70.715	94.133
372.340	315.139	69.847	93.022
375.941	312.361	68.055	92.385
381.391	308.274	67.178	90.485
386.346	305.312	65.097	88.613
389.679	301.746	65.485	88.125
394.037	297.998	63.974	87.189
397.237	295.113	62.647	85.108
401.504	292.795	61.612	84.703
404.777	289.720	60.696	83.006
408.631	286.683	59.758	81.739
410.436	285.383	58.936	81.215
413.363	283.224	58.957	79.717
415.941	280.773	57.681	77.948
418.094	278.231	56.964	78.127
419.826	275.225	56.653	77.775
422.578	273.654	55.710	77.686
423.910	271.189	55.446	78.751
425.219	268.652	55.058	78.205
426.767	267.027	54.234	76.343
427.426	264.684	54.087	74.777
428.214	262.272	54.276	73.218
428.405	260.247	53.655	73.526
429.143	259.211	53.106	72.631
431.707	256.913	51.250	70.633
431.119	254.826	50.921	66.836
430.985	252.973	50.321	66.414
430.749	251.365	49.809	63.551
431.374	249.207	48.880	62.970
431.801	248.046	47.148	60.576
431.572	246.073	46.529	60.366
430.690	244.416	45.977	59.541
430.014	242.104	45.515	58.970
429.063	240.875	46.315	57.589
428.716	239.066	44.995	57.591
427.557	239.081	45.075	55.741
426.528	238.021	44.545	56.472
425.278	235.348	45.366	57.879
424.742	233.143	45.282	57.442
424.217	232.246	44.689	57.235
423.472	231.408	44.935	57.022
423.203	229.474	42.888	57.987
422.163	229.179	44.243	55.967
421.833	228.795	42.307	55.288
422.114	227.264	41.991	53.971
422.589	225.542	41.852	53.960
423.875	225.074	40.998	53.329
423.569	223.100	41.409	53.663
423.911	223.330	40.482	51.342
425.388	222.097	39.016	51.622
425.509	221.425	40.015	52.324
427.178	221.103	39.157	51.350
428.834	220.244	38.743	49.762
433.429	218.689	36.590	50.176
435.717	219.072	35.553	49.424
437.311	218.242	34.646	49.591
439.538	216.372	34.144	49.835
440.807	216.991	33.205	50.206
443.915	215.341	31.796	49.685
445.475	215.208	32.363	46.582
447.999	214.611	31.385	45.813
450.183	213.584	31.211	44.949
450.297	212.608	32.615	44.436
454.161	211.275	30.659	43.819
456.021	210.994	29.505	44.915
457.908	210.017	30.519	43.966
458.526	209.138	31.976	42.953
459.693	208.241	31.476	41.622
460.248	207.272	30.187	42.400
461.761	207.242	29.011	42.251
460.704	206.690	30.357	40.983
462.224	206.088	29.655	41.669
461.019	205.773	30.102	41.520
461.897	205.864	28.832	40.237
461.555	204.672	31.963	40.493
459.928	202.808	31.315	41.786
460.073	201.383	30.966	41.786
458.057	200.034	30.538	41.778
456.429	200.425	30.581	40.471
455.785	200.248	31.449	40.463
455.421	199.783	30.391	39.905
452.337	199.354	30.811	39.727
448.253	197.607	30.780	41.031
446.067	196.540	31.890	41.374
444.230	194.301	30.909	42.573
439.993	194.623	31.845	41.259
437.780	194.094	31.246	42.142
434.691	192.733	30.883	43.021
431.657	193.240	30.239	41.989
430.106	192.832	29.417	41.601
426.129	192.392	30.342	41.681
423.385	191.979	29.713	41.039
420.655	191.477	29.459	40.740
417.337	191.051	30.220	40.913
414.129	190.305	29.373	41.227
410.782	189.665	28.359	41.465
408.366	189.126	26.886	41.958
405.210	188.952	27.775	40.688
402.436	189.256	26.215	39.812
399.867	189.146	26.179	38.132
398.071	188.328	25.429	39.499
395.258	188.461	26.053	39.192
392.178	188.275	25.654	38.492
389.855	187.865	25.569	38.930
384.701	188.095	26.920	37.939
383.416	186.058	25.649	38.920
381.714	186.468	24.760	37.386
380.904	187.248	23.308	36.679
376.746	187.146	25.270	36.036
375.393	186.395	24.502	35.720
372.971	186.493	24.754	35.828
371.949	185.670	25.045	36.934
370.201	185.199	23.316	35.792
367.993	184.591	23.856	36.521
365.694	185.379	23.352	34.882
363.690	184.086	23.745	37.020
361.152	183.612	23.446	36.325
359.291	183.598	23.124	36.283
356.342	183.088	24.049	36.058
354.513	183.108	24.188	36.160
352.622	182.481	23.557	36.662
350.766	182.921	23.181	35.032
348.228	182.582	23.997	35.233
347.819	182.176	22.408	33.787
343.958	181.625	24.250	34.296
341.606	180.842	23.879	34.154
339.433	180.111	24.119	34.353
339.345	179.415	22.397	34.329
336.812	179.548	23.059	33.790
334.625	179.174	23.067	32.978
333.523	179.000	22.640	33.615
330.840	179.377	23.365	34.521
331.069	179.135	21.365	31.160
330.108	178.555	20.577	32.875
327.923	179.036	21.634	30.458
325.624	179.106	21.813	30.559
324.365	178.895	21.783	30.285
323.582	177.643	20.573	29.407
320.641	178.128	21.973	28.188
319.604	177.991	21.360	28.091
317.884	178.734	22.170	26.727
315.821	177.922	21.783	26.825
314.902	177.482	21.601	27.247
312.933	177.298	22.014	26.501
311.408	178.343	21.227	26.715
308.847	175.451	21.057	27.118
308.065	176.523	21.477	27.869
305.660	175.926	21.406	30.392
303.738	175.480	22.226	32.042
301.913	174.807	22.383	30.756
302.849	174.834	21.390	32.601
300.863	174.875	21.918	36.227
300.084	173.878	23.317	35.203
299.741	173.778	23.802	39.537
298.172	175.157	24.708	38.928
296.504	173.668	23.580	35.711
294.870	174.076	23.951	34.334
292.813	174.717	26.838	37.949
293.818	175.430	42.134	37.798
289.743	173.622	43.542	38.479
288.337	172.158	46.027	38.970
286.464	171.760	45.841	39.315
284.835	168.226	44.913	42.558
284.055	167.379	44.247	42.777
282.587	168.060	43.988	42.922
279.564	172.515	44.820	36.745
219.880	107.624	17.912	23.191
282.416	170.409	44.366	38.187
295.832	167.844	28.891	39.002
297.819	169.334	22.539	38.750
300.182	168.077	21.222	37.505
300.025	169.520	20.621	30.978
301.065	168.633	19.510	30.829
302.360	166.207	21.182	32.395
299.472	167.381	21.858	30.202
302.559	169.136	19.435	29.360
301.909	168.149	18.779	30.636
301.410	167.497	18.263	30.092
300.150	167.850	20.086	29.546
300.833	167.053	18.982	30.391
299.886	166.795	20.630	30.047
300.474	167.498	19.200	29.457
299.943	167.113	18.702	29.177
299.775	166.566	18.682	29.809
299.863	166.765	17.827	28.764
298.983	167.156	18.188	28.618
298.357	166.521	17.795	29.194
297.458	166.916	18.093	29.024
297.393	166.393	17.669	29.636
296.140	167.819	17.795	27.799
294.625	167.876	17.895	27.304
293.954	166.905	17.738	27.456
292.270	163.247	18.482	31.913
315.573	157.036	19.381	30.890
292.386	165.837	18.909	40.873
289.486	168.275	18.218	26.988
289.165	165.806	17.442	28.383
288.739	165.091	17.259	28.638
288.636	165.454	16.668	27.588
287.135	164.914	17.012	27.441
286.160	163.762	17.554	28.149
285.491	165.137	17.507	28.096
284.083	163.366	17.492	29.233
281.713	164.503	18.824	28.180
281.081	164.097	19.191	28.218
279.369	165.077	19.981	27.347
278.590	164.834	20.804	27.698
280.718	164.027	19.107	27.783
279.038	164.768	20.245	27.089
278.730	164.644	19.298	26.978
276.789	163.980	19.739	26.899
276.433	164.099	19.030	26.295
275.866	162.984	19.223	27.376
274.590	162.666	20.099	27.213
274.730	162.297	19.479	27.797
273.014	161.613	21.482	28.424
270.350	161.530	19.636	28.231
270.062	161.449	19.283	28.369
269.938	161.765	19.730	27.970
265.398	161.347	20.611	28.039
266.159	162.019	20.154	27.117
265.550	161.816	20.486	26.848
265.118	161.917	19.991	26.799
263.646	161.197	20.346	27.388
263.022	161.351	19.896	27.181
262.719	161.647	19.637	26.705
262.254	160.456	20.174	28.374
262.159	160.632	23.420	27.258
261.104	161.274	19.434	27.128
260.217	160.712	19.591	26.954
260.333	161.696	18.727	25.827
258.936	161.170	18.938	25.501
259.305	161.399	17.870	24.936
258.803	160.721	17.529	25.243
257.392	161.253	17.865	25.247
256.403	161.220	18.131	24.492
256.334	160.797	17.510	24.843
256.608	160.845	16.966	24.661
254.780	160.601	17.800	24.687
253.602	160.749	18.495	24.423
254.268	160.017	17.620	24.865
252.721	160.163	17.902	24.465
251.710	159.945	17.682	24.488
251.826	159.488	16.707	24.595
250.557	159.569	17.342	24.564
250.290	158.749	17.656	25.095
249.476	158.625	17.248	24.876
248.760	158.518	16.488	24.803
247.698	158.265	15.730	24.786
245.729	158.900	16.705	23.912
244.713	159.145	16.670	23.445
243.792	159.153	16.671	23.287
242.488	159.018	16.244	23.570
242.427	159.423	15.098	23.101
241.418	159.231	14.975	22.929
240.170	158.904	15.370	23.118
239.062	158.690	15.465	23.238
238.809	158.265	15.047	23.470
237.800	158.117	15.281	23.523
237.438	158.220	14.765	23.373
236.387	157.348	15.188	23.912
235.709	157.569	15.143	23.769
234.685	157.706	15.893	23.567
234.188	157.706	16.280	23.567
233.664	157.349	16.270	23.662
233.022	157.065	16.511	23.166
232.645	156.953	15.962	23.188
231.910	156.706	16.434	23.424
231.112	156.349	16.090	23.354
231.279	156.446	15.318	23.412
230.278	156.265	15.727	23.795
229.663	156.172	15.805	23.637
229.509	156.057	15.295	23.593
229.215	156.457	14.979	23.010
228.100	155.661	15.518	23.436
227.624	155.220	15.566	23.752
227.258	154.801	15.599	24.535
226.906	154.947	15.805	23.674
226.553	154.314	15.429	24.431
225.966	154.053	15.809	24.162
226.767	153.982	15.222	23.527
226.285	153.455	14.772	23.965
225.519	153.500	15.588	24.033
226.319	153.559	14.507	23.358
225.009	153.543	15.609	23.079
225.378	154.051	14.365	22.215
224.556	153.020	14.872	23.038
224.397	153.574	14.453	22.339
223.770	153.607	14.941	22.466
223.715	153.840	15.221	22.303
222.420	153.209	16.089	22.828
222.447	152.252	14.780	24.099
221.445	152.740	15.204	23.326
221.022	152.712	14.558	23.200
221.039	152.927	14.432	22.354
220.630	151.895	13.805	23.276
220.780	152.920	13.408	22.563
219.868	152.492	13.762	22.495
220.248	153.485	13.330	21.164
