13.000	346.000	94.000	114.000
41.264	340.565	94.388	108.407
60.370	335.622	90.272	105.834
65.605	332.717	84.418	105.057
66.990	329.188	83.160	103.317
84.251	326.709	77.107	99.300
106.335	324.635	74.123	100.087
124.478	320.030	67.329	98.050
141.340	316.638	65.298	96.276
158.092	311.893	64.795	96.167
171.338	308.238	64.506	94.200
193.935	305.226	63.805	91.609
210.121	302.510	63.960	90.695
224.494	299.448	62.281	89.895
238.796	297.661	60.046	87.608
252.971	294.790	55.775	85.749
264.243	292.241	54.942	86.581
274.876	290.027	53.366	84.828
283.321	287.044	53.622	84.184
293.404	283.514	52.675	83.455
299.459	280.854	51.598	81.729
304.541	276.420	50.117	81.613
306.849	273.369	51.671	80.096
310.121	269.856	50.150	79.169
312.461	266.855	47.448	78.516
312.010	263.963	48.338	76.751
310.881	260.902	46.283	76.175
308.955	258.353	45.153	75.279
305.220	256.042	45.745	74.808
301.779	253.046	44.840	73.617
299.830	250.556	42.979	73.357
296.985	248.124	42.618	71.734
294.345	245.167	41.904	71.385
291.403	243.264	41.349	70.699
288.522	240.582	40.128	70.996
285.739	239.036	39.876	69.204
281.434	237.070	40.103	68.019
277.092	234.901	40.900	68.752
274.546	232.810	39.192	67.923
269.626	230.951	38.188	67.244
265.491	228.078	37.403	66.692
261.280	225.737	37.055	66.874
258.227	223.751	36.441	65.785
254.430	221.438	36.563	65.779
251.734	220.112	36.232	63.797
248.931	217.350	36.195	62.765
247.894	216.614	34.603	59.596
246.088	213.876	34.825	60.072
244.879	213.957	34.923	55.831
244.196	211.100	34.712	54.627
243.812	209.357	33.200	54.477
243.620	207.695	32.891	53.946
243.557	206.061	32.233	52.578
243.309	204.450	31.836	51.991
242.584	203.191	31.798	51.228
242.654	201.336	31.862	50.800
242.578	199.386	31.438	51.364
242.231	197.180	31.266	50.936
241.214	195.205	31.689	51.354
240.942	193.767	31.001	50.821
239.958	191.438	31.150	51.314
239.117	189.872	30.228	51.433
237.408	188.617	30.650	50.879
235.759	187.623	30.666	49.245
234.143	186.312	31.366	48.218
232.414	185.059	32.025	47.957
231.574	183.677	31.403	47.876
230.803	182.441	30.624	47.889
230.159	181.581	30.827	46.750
230.296	180.146	29.942	45.943
230.700	179.215	30.208	44.780
232.642	177.578	29.383	44.034
235.411	176.013	28.614	44.462
238.218	175.013	28.453	43.902
241.317	173.302	27.814	44.150
244.356	172.694	27.047	43.159
247.557	171.817	26.157	42.514
250.007	171.101	26.589	41.116
252.664	170.374	26.580	41.019
255.685	169.241	25.850	40.381
257.358	168.192	26.141	39.848
259.306	167.235	25.986	39.841
261.410	166.154	25.458	39.818
263.467	165.039	25.633	39.970
265.844	164.366	25.394	40.055
268.297	163.120	25.091	39.659
271.120	162.498	24.559	39.686
274.426	161.061	25.168	39.185
278.357	160.658	24.712	38.550
283.308	159.355	25.312	38.206
288.199	157.958	25.268	39.086
293.816	157.218	24.317	37.395
299.618	156.019	24.467	37.342
304.685	154.810	24.226	39.965
310.789	153.988	23.764	40.259
315.886	152.375	24.829	42.609
320.384	151.951	25.392	41.985
325.345	151.536	26.839	41.967
330.017	150.770	25.773	42.026
335.090	149.971	23.811	41.864
337.854	149.529	24.628	41.223
339.919	148.309	25.280	40.943
343.658	147.696	25.283	38.209
348.529	147.519	21.999	35.137
352.435	147.333	19.494	33.382
355.435	147.805	21.069	31.715
358.392	148.540	21.995	31.640
363.820	146.630	19.450	32.614
364.394	145.421	21.898	31.622
367.726	145.273	22.746	31.007
