425.000	62.000	116.000	77.000
426.041	59.472	112.712	80.735
424.501	58.411	112.402	81.235
423.467	56.749	111.635	81.886
422.961	55.670	111.176	82.870
420.987	54.040	112.867	84.148
421.118	53.625	112.210	84.379
421.147	53.301	111.842	85.452
421.029	53.295	112.168	87.429
421.020	53.745	112.134	88.820
420.685	55.143	112.522	91.094
421.080	56.679	112.965	91.811
421.449	57.890	113.360	92.751
422.289	58.504	113.955	93.299
422.393	59.179	115.445	93.970
423.178	60.989	115.783	93.628
424.292	61.591	115.990	93.789
425.746	62.286	116.263	93.521
426.836	62.179	115.887	94.463
428.022	62.628	115.662	94.264
428.942	63.084	116.466	93.808
429.449	63.180	117.276	94.022
429.655	63.377	117.869	93.956
429.959	63.318	118.447	94.266
430.438	63.050	119.511	94.373
431.046	62.380	119.776	94.605
432.475	62.085	118.000	94.358
433.017	61.702	116.401	93.659
434.600	59.587	115.209	94.385
434.609	57.133	115.589	94.548
435.486	55.738	114.387	93.621
434.432	50.608	114.597	93.350
433.602	48.793	113.144	91.845
431.430	47.415	113.157	91.934
429.538	47.607	115.217	92.250
426.682	52.975	117.239	95.986
425.386	56.750	118.070	98.611
424.402	61.525	117.728	97.493
423.658	63.653	117.250	98.674
424.621	66.755	116.807	96.772
424.516	67.861	117.850	95.812
425.519	68.580	116.130	95.528
425.829	69.049	116.059	94.769
426.679	69.354	114.676	93.862
427.675	69.582	114.610	92.782
429.673	68.711	114.684	92.577
430.210	67.634	115.427	92.759
431.495	66.832	115.236	92.570
432.309	66.211	115.954	92.885
432.781	66.014	116.649	93.637
433.336	66.016	116.840	94.033
432.067	66.525	117.625	93.938
430.479	68.592	118.693	91.249
429.348	68.691	118.540	91.266
428.584	68.720	118.461	92.070
428.060	68.476	118.863	91.953
427.536	68.303	118.867	91.914
426.408	67.943	118.803	92.013
424.872	67.592	119.026	92.018
423.705	67.541	118.596	91.668
421.991	67.384	118.829	92.783
420.716	67.496	118.770	92.721
420.603	67.140	117.727	93.076
420.360	66.782	116.708	93.175
419.639	66.728	117.090	93.438
419.116	66.067	117.568	93.572
418.711	65.283	117.375	94.050
418.125	64.721	116.479	94.138
417.466	64.419	117.139	93.950
416.890	63.595	116.791	94.540
415.418	62.907	118.039	95.214
414.267	61.956	117.261	95.408
412.074	60.701	118.127	95.970
409.540	59.359	116.489	96.811
407.834	59.018	113.935	96.487
404.624	58.568	115.994	96.330
400.780	57.947	115.387	96.049
396.263	57.190	116.725	96.863
391.905	57.200	119.646	96.053
386.881	56.588	120.990	95.962
383.248	56.659	119.765	95.531
378.943	56.255	119.408	92.998
376.212	55.809	121.072	91.415
374.990	54.867	120.457	92.085
373.050	54.104	119.847	92.621
370.747	53.684	118.994	92.955
366.683	52.617	120.654	93.260
363.659	51.912	119.590	92.715
362.178	51.467	118.159	94.246
361.519	51.103	118.982	93.901
360.193	50.087	117.854	94.963
357.803	49.726	118.773	93.919
356.545	49.613	118.552	94.378
354.250	49.358	119.127	94.693
354.042	49.210	117.737	95.064
352.789	48.589	118.421	95.523
352.516	48.227	118.923	95.625
352.947	48.279	118.850	95.514
353.702	48.487	118.861	95.366
354.942	48.694	118.505	95.158
355.339	48.537	119.400	94.497
356.163	48.898	118.276	94.195
356.845	49.097	118.202	93.830
357.749	48.480	117.355	93.749
357.418	48.678	117.116	93.740
357.632	48.526	117.369	93.358
358.180	49.073	116.237	92.822
358.728	49.424	114.872	93.063
359.118	49.961	115.137	92.000
359.677	50.061	115.083	91.550
360.031	50.340	114.463	91.330
360.080	50.074	114.214	91.071
359.966	50.106	114.327	91.024
359.512	50.057	114.782	90.846
359.796	50.124	114.189	90.683
359.734	49.908	114.205	90.769
359.548	49.858	114.728	91.045
358.998	49.781	114.681	91.422
358.529	49.336	115.172	91.750
358.003	49.300	115.568	91.442
357.478	49.435	116.916	91.709
357.153	49.812	116.740	91.280
356.910	50.011	117.848	90.570
356.978	49.961	116.837	90.789
356.723	50.340	117.393	90.231
356.608	50.291	117.669	90.854
356.212	50.126	116.887	92.420
355.917	50.590	116.759	93.567
354.511	50.920	116.264	94.426
352.527	51.591	116.231	97.768
348.537	53.700	121.115	101.537
344.230	59.448	126.204	112.966
344.498	65.040	126.718	114.000
352.502	75.192	119.667	109.568
356.583	78.794	109.867	109.507
330.873	89.640	127.438	106.757
333.683	112.085	109.294	105.774
325.396	126.021	110.527	97.720
471.115	126.551	113.544	109.888
480.798	136.984	104.135	108.160
483.419	148.325	93.871	103.831
289.106	135.938	132.678	116.234
491.074	171.553	113.387	96.510
283.344	156.390	122.172	96.955
283.668	157.262	127.970	96.811
283.957	159.220	119.668	95.912
497.391	179.120	62.435	99.690
285.974	161.176	116.811	95.321
287.462	160.579	113.647	95.389
288.605	161.049	113.692	95.150
505.108	183.266	136.234	106.974
282.955	163.935	117.560	95.198
278.033	165.282	121.399	96.602
275.816	168.280	120.270	95.963
270.516	171.525	121.538	96.085
267.844	175.357	121.386	95.437
261.142	181.067	120.212	94.875
257.706	182.100	118.163	93.467
255.258	185.174	111.264	92.053
253.568	186.737	107.020	92.827
250.694	189.100	104.922	94.255
246.235	189.894	107.691	95.809
242.800	192.523	107.617	96.523
240.158	193.223	108.627	97.142
238.369	194.064	110.288	96.975
238.667	195.996	108.539	97.396
239.574	196.871	110.914	98.343
241.899	196.813	113.702	100.022
243.350	195.947	117.163	102.640
250.806	195.240	115.242	104.203
258.865	195.064	116.321	102.465
282.553	190.402	99.277	102.148
299.917	185.230	85.606	104.238
311.805	179.032	76.953	103.250
323.209	166.481	65.995	106.943
331.239	161.037	57.518	108.399
331.397	153.933	58.455	109.281
333.450	153.599	54.368	105.682
333.624	150.763	51.279	105.121
329.445	146.186	52.577	108.643
323.707	140.522	56.108	102.505
317.849	145.464	61.957	95.310
314.847	153.194	60.274	99.870
307.671	167.744	59.441	94.116
307.432	177.823	56.631	97.930
303.682	182.588	51.834	98.416
288.646	195.737	65.282	92.478
296.866	207.937	53.067	90.945
298.660	211.268	54.858	86.431
290.911	210.684	59.574	87.721
286.335	203.708	66.417	85.502
287.716	224.534	53.985	81.551
288.590	222.761	49.889	78.468
283.197	220.466	54.178	81.675
280.296	213.683	60.497	89.475
273.650	217.920	68.399	84.996
265.533	216.098	78.350	85.563
257.723	216.097	88.042	86.698
252.465	216.439	94.370	84.601
249.506	215.769	96.672	85.273
241.788	212.315	103.617	88.931
232.443	207.605	111.411	93.609
227.167	203.018	115.501	97.735
224.096	200.270	117.198	97.966
220.836	196.625	120.678	99.694
220.522	195.695	122.030	96.677
219.696	192.772	123.935	88.860
220.954	191.079	124.444	84.092
225.574	185.432	119.950	86.249
232.442	178.911	112.009	90.903
238.390	173.383	101.874	92.058
242.731	170.903	96.345	92.938
243.147	173.606	98.341	89.701
239.360	178.632	110.408	80.772
236.085	182.977	119.609	71.032
238.307	186.804	118.187	67.684
244.629	180.376	107.808	93.130
253.050	177.177	92.956	102.431
260.726	177.694	78.018	106.219
263.405	181.523	72.192	105.411
263.494	185.450	65.795	102.699
265.682	189.163	56.116	106.128
267.137	192.347	54.682	103.851
267.571	196.480	52.779	101.097
268.018	202.271	50.978	95.964
266.685	198.715	55.414	99.873
263.528	196.475	59.344	103.375
261.347	198.952	64.848	102.324
258.432	202.376	69.940	98.185
256.751	204.062	72.177	96.973
254.634	204.586	77.103	96.159
251.598	204.570	81.111	96.830
249.916	203.760	85.122	97.984
248.665	202.284	87.564	99.027
248.698	201.032	88.111	99.762
248.922	200.172	88.077	99.834
250.818	198.829	85.499	100.177
253.395	197.269	81.279	100.958
254.395	196.674	79.963	99.567
253.977	195.393	82.649	98.680
250.391	192.922	91.894	98.753
246.916	190.982	103.811	97.253
242.230	189.649	115.047	93.293
240.100	190.557	121.686	87.658
241.520	191.842	121.477	81.255
247.191	189.084	116.187	78.060
256.781	180.777	104.601	87.277
262.158	174.626	98.482	92.182
261.986	176.497	99.580	85.015
256.656	184.035	111.012	64.705
253.772	188.823	116.630	51.074
255.294	183.379	106.889	64.039
273.917	175.571	77.127	84.276
284.868	183.867	60.814	90.420
282.838	186.617	56.261	81.106
286.768	193.070	43.597	90.305
283.605	193.444	43.867	97.789
281.527	216.788	45.748	83.201
278.623	211.134	38.822	90.629
272.351	210.094	52.124	87.476
258.871	212.118	78.902	86.253
245.514	212.405	101.251	85.626
245.511	213.971	105.410	86.853
247.835	214.080	105.081	87.119
250.907	213.381	99.619	87.818
253.325	213.138	93.179	87.685
253.865	214.137	87.267	85.592
246.487	213.889	79.855	83.650
240.775	213.066	80.222	82.180
233.731	211.385	89.883	82.567
209.854	204.427	119.530	89.070
200.595	197.604	133.507	98.086
209.340	188.802	128.892	108.269
234.393	185.393	101.365	109.085
246.836	188.390	85.445	106.774
283.102	186.869	66.703	102.792
290.482	178.506	70.037	105.903
295.171	188.597	101.598	95.366
309.706	176.151	91.830	104.663
322.307	171.890	78.588	96.451
329.090	187.773	70.741	88.070
326.331	182.190	105.638	70.843
445.650	192.349	150.295	98.367
308.764	164.499	132.672	79.801
311.127	160.947	120.528	85.140
307.082	155.447	114.913	91.582
306.529	150.497	105.462	93.315
299.991	158.236	102.963	86.899
292.617	163.386	106.734	78.300
282.483	173.732	115.600	61.742
277.690	181.232	122.033	49.459
280.128	180.060	120.234	50.057
283.704	175.673	114.957	53.424
283.820	170.536	115.179	62.688
287.870	165.110	112.794	67.838
293.181	156.327	110.926	79.657
297.012	152.754	100.473	88.572
305.904	156.011	90.194	86.176
311.337	158.240	85.474	86.106
315.508	161.288	82.468	88.285
315.044	160.180	87.029	93.180
313.580	156.703	90.365	99.522
314.047	160.674	88.666	96.779
313.768	160.372	87.684	100.073
310.720	165.344	90.358	96.880
306.944	165.835	92.292	99.198
301.619	167.793	95.137	101.042
294.104	167.070	100.718	100.461
288.835	164.333	104.696	104.596
284.907	164.347	109.183	104.151
281.383	165.941	112.536	100.895
280.762	165.747	116.663	99.341
280.173	165.544	119.029	97.686
285.197	170.009	109.456	89.593
286.426	164.255	107.815	95.677
286.236	164.900	106.833	94.302
287.796	164.748	108.889	94.987
289.625	164.831	115.683	95.757
288.037	165.640	116.863	95.361
288.269	165.056	117.533	97.507
288.368	164.868	117.209	97.511
288.005	165.600	117.579	97.404
288.002	165.147	117.866	97.906
287.730	165.515	117.773	97.044
288.472	165.756	117.278	96.624
288.805	165.782	115.587	95.862
290.185	165.257	115.698	95.517
293.186	163.006	113.144	95.934
329.233	171.287	170.946	98.787
298.424	166.052	110.441	89.855
300.329	163.251	111.803	93.616
302.954	163.634	112.635	93.865
303.716	162.951	114.355	95.223
305.702	163.075	112.227	94.559
306.326	162.589	113.480	94.288
307.951	163.384	114.728	93.105
308.574	162.884	114.994	94.395
309.224	162.821	117.674	93.293
312.382	164.027	115.181	93.460
313.449	163.859	114.055	93.433
314.073	163.797	116.368	93.200
315.007	162.582	116.920	93.513
318.811	160.542	117.566	95.707
413.483	177.450	155.114	84.562
322.641	159.079	122.023	93.668
332.373	165.430	228.316	90.700
319.461	163.745	162.348	89.282
356.466	166.479	180.235	88.824
337.812	157.835	214.280	219.242
328.156	160.626	204.551	95.349
350.995	166.421	198.388	87.696
363.714	164.545	177.014	92.267
362.170	165.767	174.215	90.105
376.167	165.629	157.913	89.572
355.544	162.228	171.842	92.690
361.037	165.520	174.399	84.656
388.583	168.167	148.996	82.460
391.957	163.377	143.061	88.710
385.514	160.689	144.595	86.777
365.546	157.554	158.825	85.388
383.710	150.510	145.991	87.877
377.029	151.340	148.213	85.016
371.224	151.335	161.793	83.512
395.909	150.049	134.811	82.001
393.066	150.298	136.808	79.719
386.620	149.980	144.395	76.810
383.402	147.500	144.973	80.599
370.974	145.281	156.437	79.621
372.008	147.829	158.707	76.569
376.330	145.148	152.435	76.851
360.215	144.569	167.493	78.621
358.682	143.224	170.320	79.500
356.848	143.113	169.437	80.651
355.127	143.351	172.644	82.393
363.229	142.006	165.087	81.870
363.873	141.765	165.792	83.593
361.901	143.352	157.944	83.106
371.664	142.575	159.591	81.140
382.214	142.463	141.582	82.353
395.752	143.979	142.413	78.287
394.428	140.355	144.069	84.756
377.766	139.272	159.975	89.150
379.926	136.406	165.965	84.335
370.371	137.946	175.244	81.354
370.833	135.237	175.503	81.301
370.273	135.845	169.410	81.169
377.355	134.488	167.540	82.133
373.050	137.632	165.955	84.396
373.212	135.645	173.864	85.714
373.188	133.434	171.642	87.782
374.584	134.140	161.927	86.645
372.132	137.030	162.104	81.786
372.590	139.227	161.922	79.608
370.890	141.153	168.441	77.708
375.805	139.994	161.753	75.315
375.600	138.469	163.863	78.085
374.851	138.441	156.656	74.885
383.301	141.969	157.759	74.276
380.209	141.686	154.369	76.219
381.879	142.331	153.376	75.246
380.696	142.918	158.182	77.730
381.077	140.751	150.162	79.012
380.730	142.379	153.694	77.514
383.765	142.637	148.508	77.053
385.420	143.018	141.495	75.790
383.063	145.399	130.589	74.188
388.557	145.047	136.256	75.139
385.147	148.619	129.075	70.764
390.908	146.698	116.694	72.405
384.018	156.684	117.130	64.890
383.067	158.893	109.073	63.178
383.976	160.637	103.085	60.992
384.605	160.380	106.159	60.695
387.019	157.878	130.467	62.601
386.647	156.010	138.873	66.792
393.118	154.220	150.072	71.076
390.719	145.048	154.807	78.968
391.680	146.287	151.333	78.915
387.198	152.306	150.759	72.331
390.271	153.827	149.750	65.685
386.513	155.290	150.551	69.761
387.583	152.009	150.858	69.236
385.787	154.076	142.873	66.539
386.752	146.807	149.048	83.260
389.456	144.540	143.429	91.279
388.380	145.968	147.998	89.915
383.039	147.137	156.169	89.798
374.741	150.770	168.112	86.594
367.951	152.659	158.987	89.647
367.941	152.430	160.228	94.609
357.684	152.858	156.450	96.635
357.723	156.071	156.139	94.140
354.008	154.472	177.179	95.747
360.189	153.688	176.083	93.939
347.602	157.311	171.556	94.078
354.381	159.487	181.867	91.731
354.680	155.205	185.957	91.154
355.851	157.243	162.503	90.837
361.167	159.004	164.585	84.172
362.221	159.362	159.866	75.898
455.827	159.964	122.889	83.116
363.419	158.998	127.817	77.721
368.430	159.890	126.794	77.261
465.011	161.678	113.484	76.111
465.244	161.243	114.197	77.279
468.752	159.321	108.491	78.671
372.326	140.519	194.630	181.713
469.619	160.366	106.509	80.377
468.167	163.727	105.838	80.896
363.349	164.423	126.205	80.203
369.531	159.925	116.736	86.233
365.253	159.943	107.191	86.654
366.402	157.198	105.331	96.143
357.098	155.718	124.624	89.741
355.916	151.288	104.569	92.419
370.431	141.672	92.913	79.581
394.056	142.645	62.679	119.147
386.158	158.218	76.299	105.514
372.552	168.371	96.263	96.760
468.357	188.090	122.936	85.148
471.039	186.177	131.505	89.225
474.950	183.598	132.938	91.716
477.435	185.627	131.682	88.846
486.160	186.568	125.888	88.716
482.059	190.198	127.597	88.056
495.540	189.375	123.804	89.334
496.159	192.495	124.472	90.598
497.912	195.480	121.085	92.298
522.895	195.919	103.765	101.698
525.806	186.267	93.891	113.456
527.767	190.523	87.746	124.004
551.725	193.139	91.252	105.351
545.496	201.470	118.334	91.158
537.016	202.979	124.239	85.756
544.827	198.266	113.302	91.406
538.429	197.221	116.097	92.526
562.496	197.198	91.104	95.372
564.656	197.589	88.329	96.156
557.755	205.069	99.420	90.948
551.641	206.094	107.819	90.821
543.362	205.738	114.017	95.991
532.469	205.901	122.551	100.380
522.178	209.215	126.274	97.870
506.529	210.831	129.177	98.106
484.859	211.799	125.596	98.183
470.775	207.396	128.561	98.142
354.449	163.141	154.934	97.826
354.562	154.882	131.746	91.118
393.982	150.111	139.958	98.177
407.045	145.876	136.037	103.187
417.326	143.412	132.194	106.086
387.918	162.743	143.618	95.175
393.567	152.059	147.111	104.820
396.150	180.274	137.813	92.334
389.048	184.201	140.968	89.451
392.722	186.494	151.912	89.641
426.806	188.696	125.141	91.025
429.610	192.380	123.784	89.459
378.307	146.174	115.935	93.397
469.512	196.656	105.994	101.810
515.195	196.699	80.900	109.160
514.785	198.074	78.309	117.424
518.997	196.359	86.589	113.918
547.996	193.622	88.549	101.620
551.430	199.624	95.614	93.175
552.652	199.819	101.694	91.093
551.256	198.023	104.183	92.859
552.755	196.442	102.332	94.439
564.088	187.836	79.501	104.168
562.928	186.485	77.721	106.885
556.746	192.458	71.214	101.201
535.801	187.262	105.131	96.492
520.670	190.994	121.577	86.573
515.813	191.944	119.401	88.322
509.419	191.351	120.046	89.780
504.621	193.892	118.964	87.557
503.055	192.210	116.899	86.607
496.070	195.835	121.102	78.635
493.029	190.081	118.481	79.748
501.749	179.838	97.245	100.830
505.870	181.644	74.414	102.812
515.677	185.582	65.945	108.644
506.566	177.117	66.442	99.237
506.044	177.792	78.535	103.363
508.906	180.612	80.190	109.114
515.030	191.187	76.601	110.334
514.933	194.123	78.578	116.899
520.661	196.634	76.844	119.810
533.227	203.011	63.756	115.938
537.437	216.026	51.803	107.860
537.476	221.691	51.975	104.413
535.789	223.670	45.978	101.223
521.454	230.425	52.734	87.850
516.770	234.133	55.497	82.806
516.169	235.258	58.810	82.896
515.637	233.150	66.040	82.814
515.883	229.698	73.474	87.230
518.951	220.268	76.804	95.471
535.328	219.096	81.086	91.111
560.232	210.258	72.392	94.646
572.274	216.996	78.156	85.245
583.737	209.211	82.472	90.748
592.907	206.512	91.560	91.976
613.507	200.602	85.101	94.274
618.553	199.051	88.782	94.162
617.216	192.712	93.632	100.436
615.472	189.202	99.721	106.349
602.251	185.385	112.048	113.473
577.225	182.127	126.105	117.402
561.217	184.059	133.389	114.075
543.010	185.154	137.442	108.859
526.478	183.492	135.850	102.195
507.860	185.327	143.763	90.616
495.231	180.128	135.347	81.506
483.172	172.886	135.957	84.053
481.887	163.406	120.777	90.808
486.626	162.573	104.130	89.447
492.043	163.584	85.469	91.214
500.543	157.100	72.990	100.226
498.609	160.148	74.457	101.753
493.504	163.339	88.332	104.596
491.337	155.089	96.194	117.685
497.011	156.096	92.595	126.805
515.474	164.463	78.493	129.746
531.590	180.847	63.064	116.943
510.904	187.412	80.968	113.317
511.714	189.250	80.923	112.804
551.117	200.322	52.772	108.672
561.498	208.786	60.377	93.516
563.758	207.102	70.442	94.384
564.079	206.691	79.410	97.319
565.508	205.528	84.891	96.901
566.773	202.900	89.516	98.928
567.235	202.783	99.839	101.008
566.886	202.872	107.126	100.974
564.591	204.693	118.137	100.833
562.123	205.247	126.003	102.071
561.480	208.193	129.493	103.688
565.324	209.716	127.359	108.210
572.110	210.769	119.759	110.204
581.774	214.774	104.693	109.118
587.981	220.704	81.088	106.168
599.577	225.962	62.845	105.162
596.358	223.271	53.354	112.187
587.927	214.153	65.544	121.522
576.343	208.406	82.258	128.221
558.406	205.552	108.013	128.840
543.237	199.783	130.670	128.653
531.261	197.864	149.299	122.914
531.693	193.861	151.479	122.027
531.843	195.689	153.736	117.878
534.364	196.921	152.362	114.945
558.167	175.257	125.953	137.276
574.643	179.387	110.130	131.525
605.916	183.317	69.491	126.055
625.030	199.614	70.584	114.689
631.464	189.139	90.337	122.036
632.682	186.094	117.382	125.020
636.123	188.691	142.122	121.046
646.165	193.713	154.467	116.333
658.233	196.619	147.345	115.469
678.800	201.010	129.125	111.801
697.917	206.384	108.004	106.917
716.750	208.788	86.276	106.304
731.136	224.831	59.741	99.522
730.086	233.218	54.317	97.504
719.395	240.572	63.704	100.041
702.740	235.791	79.639	115.974
684.231	236.918	101.337	122.534
666.578	241.958	120.307	127.622
653.751	243.703	134.833	132.233
638.687	246.051	152.352	133.399
627.602	246.877	162.989	134.058
620.009	246.986	169.527	137.473
615.271	247.430	157.979	140.672
613.773	248.121	138.845	140.126
613.860	244.745	112.579	142.230
600.169	245.078	108.260	131.881
586.055	248.161	111.645	121.848
568.838	253.295	114.793	97.586
553.055	254.455	114.106	82.869
549.398	242.811	114.151	63.739
551.724	230.170	127.084	68.745
529.610	230.048	152.054	70.593
535.558	227.829	153.418	66.045
544.566	227.466	145.375	68.781
532.577	232.192	156.662	72.242
527.717	230.744	160.342	87.126
531.433	231.040	161.156	97.109
539.069	234.642	156.742	97.386
532.670	231.874	164.394	104.553
524.920	228.250	166.844	103.789
519.340	229.771	169.892	91.523
522.939	231.175	164.521	82.147
521.775	229.341	152.380	77.071
518.214	228.279	148.133	73.131
514.507	225.635	149.088	75.150
512.588	224.809	149.029	72.745
513.395	223.779	144.067	74.718
512.941	222.025	141.857	79.777
511.509	222.903	145.945	84.471
510.495	223.035	145.527	84.218
508.839	223.496	147.398	81.844
502.613	218.225	152.724	85.496
504.729	211.938	147.467	87.717
502.103	211.149	148.676	86.214
508.164	212.275	145.036	81.327
512.530	212.308	141.171	84.660
515.641	210.834	133.669	85.005
531.986	203.847	110.409	101.917
533.568	203.648	106.510	110.090
536.240	202.039	102.744	125.326
537.279	207.324	105.131	111.832
535.012	211.748	115.487	109.840
529.029	217.759	130.540	93.806
523.167	219.734	145.522	82.908
524.917	231.723	145.606	58.005
525.248	234.598	145.797	50.619
524.942	236.617	142.737	48.921
516.575	243.432	143.009	45.703
510.672	246.704	145.931	45.805
500.692	247.418	145.073	62.136
496.282	243.862	138.994	76.367
488.966	246.351	127.275	90.226
484.043	244.789	108.381	109.846
483.543	249.582	102.989	108.203
479.870	249.701	99.363	111.834
474.867	249.863	99.249	114.381
472.306	251.386	101.511	113.627
467.427	248.658	107.588	114.479
463.095	247.678	116.404	118.793
458.086	247.337	121.978	119.978
450.272	249.800	131.702	115.248
443.631	251.734	139.436	108.717
435.063	255.217	140.198	96.732
430.193	254.108	135.620	94.890
429.896	254.350	124.959	90.768
427.069	248.418	119.115	93.527
426.611	245.454	112.492	89.169
427.272	241.913	107.585	89.374
427.667	238.192	105.840	86.613
428.175	236.200	105.780	84.349
432.028	233.293	103.642	84.489
438.352	231.421	102.031	85.992
446.430	234.257	99.680	80.417
444.641	235.839	107.014	78.796
445.564	237.330	107.864	75.212
443.449	238.550	117.215	73.806
441.465	238.910	125.330	73.594
305.292	232.363	127.622	86.092
292.309	226.369	146.945	92.758
293.650	205.157	174.335	118.673
314.912	211.417	147.579	114.085
427.673	245.548	136.805	71.608
435.010	253.251	125.776	65.398
425.291	251.374	129.903	66.223
384.481	225.447	168.387	88.709
358.060	212.464	180.892	97.615
357.984	214.591	175.411	95.637
368.139	213.717	161.147	90.628
365.989	216.779	155.757	83.025
373.851	216.620	143.722	80.777
367.607	219.339	151.065	76.606
369.559	220.039	155.521	76.462
366.028	219.669	159.672	83.617
368.642	220.226	160.692	81.946
372.976	218.715	155.232	84.357
371.189	218.544	157.165	85.827
370.427	218.942	158.890	85.140
374.959	218.075	150.678	77.076
373.122	217.131	155.199	79.795
377.787	216.808	148.857	79.840
374.768	216.519	151.908	81.501
375.955	217.782	152.613	78.350
382.337	218.875	147.493	75.260
378.623	221.489	148.250	76.664
383.361	220.678	138.598	70.975
386.102	222.239	135.194	72.901
387.533	226.921	132.030	71.687
386.236	233.799	126.611	73.436
366.974	233.111	141.584	80.288
372.460	233.949	137.017	87.906
358.895	235.252	145.022	98.005
353.047	237.095	150.315	104.421
343.871	244.249	159.925	108.634
342.668	247.603	162.387	108.121
345.075	251.264	159.997	107.446
342.082	253.328	161.930	105.628
337.036	253.919	163.487	106.241
330.254	254.539	165.795	105.814
330.205	258.156	172.067	105.191
321.421	258.333	178.844	105.118
313.852	258.748	196.229	100.777
300.175	261.791	188.382	94.462
305.077	263.174	210.315	79.367
294.488	260.927	220.108	75.949
344.657	256.326	178.842	76.556
392.212	255.595	140.743	71.617
359.089	258.025	159.254	64.908
313.350	258.219	213.509	77.152
310.136	258.121	207.814	68.823
325.207	254.658	188.291	67.909
337.360	252.847	178.180	67.403
318.102	254.908	192.575	70.854
307.290	251.028	217.870	71.337
305.832	251.546	212.567	76.017
308.210	251.721	213.043	78.399
309.651	250.582	210.780	77.507
305.302	250.775	209.482	77.585
313.721	248.507	206.952	76.261
317.484	246.963	207.753	77.259
324.433	247.116	188.344	75.329
322.280	247.290	193.240	73.212
314.000	246.531	196.316	74.883
315.412	246.972	196.038	76.461
319.252	246.185	187.611	80.178
314.514	244.713	196.224	84.406
313.417	245.975	196.126	90.049
309.921	246.155	196.055	95.919
304.088	246.279	185.616	112.261
297.856	248.588	189.120	117.782
289.098	250.459	191.463	119.647
281.434	252.422	190.767	122.092
269.438	259.527	192.987	119.230
254.589	260.529	198.656	119.882
229.924	262.657	202.839	120.843
217.547	266.479	201.650	124.043
209.184	268.226	197.519	123.825
209.139	269.109	182.359	120.454
219.100	269.540	147.819	120.462
253.755	271.816	76.705	117.658
266.301	279.308	61.345	109.999
268.302	291.010	67.769	93.915
251.546	246.977	106.746	132.719
232.828	231.252	180.378	142.441
222.950	246.223	208.504	130.756
224.185	251.443	234.165	231.277
255.760	273.695	176.984	98.505
276.622	268.034	151.401	102.744
293.817	266.747	133.282	102.915
313.359	246.995	108.476	115.526
328.009	243.722	92.351	114.783
341.623	245.097	80.785	110.492
356.856	160.097	96.111	167.637
359.849	219.326	61.692	123.090
359.153	226.720	69.422	117.767
356.679	225.301	74.236	116.389
363.295	223.655	78.351	109.450
362.344	222.163	84.597	104.128
357.859	216.966	96.717	106.845
360.671	212.105	98.521	102.215
348.108	208.450	113.330	102.755
346.563	208.177	113.638	99.153
343.386	205.007	118.698	98.997
342.163	207.138	121.468	95.571
339.673	202.233	124.309	100.070
341.728	200.214	122.598	102.336
340.458	200.474	122.884	100.908
338.680	201.600	125.705	99.987
338.604	202.986	126.577	100.132
338.523	202.461	127.645	103.901
342.137	200.085	123.267	103.824
338.618	203.111	124.920	100.512
348.430	196.550	115.938	106.896
346.388	199.324	118.465	103.251
349.134	195.972	125.311	105.316
347.981	190.744	132.308	109.036
348.323	192.760	137.024	104.981
348.018	189.071	142.605	107.361
344.053	191.959	152.278	100.461
347.062	194.426	159.167	98.432
347.036	193.964	162.763	99.001
346.584	195.393	166.980	98.820
346.119	194.901	171.784	100.063
344.176	197.112	176.486	96.905
341.497	197.662	174.095	97.399
346.885	199.236	175.880	96.639
339.362	201.323	179.462	97.242
340.223	198.296	185.081	99.941
337.406	198.994	185.386	98.128
343.774	196.964	177.343	101.759
350.617	195.051	172.764	100.927
349.856	191.293	168.921	110.015
364.546	184.020	148.001	113.441
363.185	183.589	141.175	114.399
366.521	178.116	133.696	120.221
369.424	175.242	127.412	122.400
371.723	172.301	119.986	129.839
372.179	170.499	118.769	132.458
370.366	171.120	120.585	135.716
366.053	177.188	132.869	137.066
348.567	186.513	153.944	132.796
354.666	190.286	163.273	137.493
348.456	212.578	173.440	126.110
297.309	197.785	164.942	126.565
429.473	242.027	137.530	119.408
442.985	253.247	133.295	114.696
450.294	262.423	137.792	110.194
459.113	269.124	139.272	107.223
467.385	272.307	135.033	103.604
478.578	272.275	130.437	101.647
481.647	272.988	130.871	100.964
483.168	274.700	130.128	100.020
484.132	275.375	128.503	100.453
484.498	274.929	126.850	101.075
485.099	271.131	119.425	105.799
487.395	270.226	112.085	109.977
487.088	268.331	105.958	107.516
487.220	266.721	103.833	105.005
481.766	261.555	106.703	107.663
467.600	256.702	124.993	102.256
464.582	255.634	128.542	100.343
463.882	251.770	135.067	97.511
463.879	249.390	135.703	91.936
465.236	247.009	134.840	85.192
464.547	243.644	138.414	84.301
460.003	238.339	143.919	86.726
465.451	238.399	136.999	85.566
467.716	237.224	133.320	86.708
469.226	228.009	130.666	95.204
488.956	217.767	104.466	103.402
506.200	222.169	84.883	100.367
511.012	220.488	75.182	102.356
522.864	219.314	63.521	107.842
531.772	225.478	58.355	110.773
523.081	240.894	79.471	104.988
514.186	250.172	98.096	94.054
507.239	251.090	114.225	93.398
503.858	257.397	125.749	77.084
503.349	261.689	130.643	66.218
506.562	263.742	140.204	52.767
510.469	263.058	141.919	53.493
517.271	257.474	134.024	63.544
526.608	252.358	122.313	76.312
529.782	252.573	119.294	83.698
533.961	256.274	118.682	86.016
436.879	331.825	148.347	93.232
467.027	333.412	141.157	90.894
507.379	327.111	145.020	95.747
533.219	322.634	135.488	92.486
558.269	317.183	128.872	90.052
582.569	313.014	120.061	89.073
599.218	306.363	114.832	88.365
621.270	296.507	109.891	91.355
624.454	296.777	111.534	90.138
627.260	294.995	109.336	91.649
627.022	293.917	109.383	93.158
619.653	294.393	115.155	94.237
597.581	299.109	122.776	96.449
577.850	304.823	129.440	95.260
551.895	309.635	137.677	98.040
527.979	317.905	139.886	99.220
499.630	327.308	143.652	95.589
464.232	331.995	139.611	96.967
430.314	336.736	147.242	93.329
424.249	332.752	127.646	99.274
370.930	320.650	154.269	108.393
336.902	316.555	138.787	104.510
301.006	244.814	235.493	180.390
476.438	261.469	134.611	114.995
488.168	253.834	123.368	111.485
278.261	282.958	104.611	94.407
274.638	280.271	101.198	84.045
279.797	282.095	110.642	79.792
281.274	276.613	111.631	80.374
288.321	273.753	100.995	86.399
490.860	215.289	153.084	170.956
474.132	217.722	128.619	149.158
464.508	195.822	129.339	167.194
464.723	235.092	104.077	150.590
466.661	266.726	87.502	122.170
466.423	279.069	76.850	109.591
453.271	280.853	73.438	108.766
428.442	279.564	93.575	114.199
420.620	275.695	91.741	110.910
420.603	284.435	81.113	108.535
418.053	287.631	76.153	109.538
423.434	286.789	71.458	105.994
356.303	241.997	102.176	169.654
359.407	249.059	114.244	127.404
392.753	70.879	120.932	65.460
324.464	38.136	182.231	195.244
363.520	53.840	174.979	175.809
314.221	152.706	163.932	162.377
349.304	250.551	123.298	124.865
324.412	132.259	144.267	165.906
394.366	75.339	138.950	149.262
390.337	110.710	111.595	160.490
386.219	250.737	93.472	125.538
397.099	99.860	173.212	186.757
384.580	277.902	101.396	118.012
346.974	33.301	172.496	206.231
393.573	294.242	61.528	111.848
382.394	310.312	72.733	96.820
380.327	307.179	83.118	95.776
379.030	305.216	91.170	97.494
381.437	305.182	101.863	95.357
384.841	305.865	105.887	94.871
380.719	301.796	111.287	100.379
374.190	297.311	120.212	104.578
398.250	294.970	114.009	102.651
376.864	295.768	132.771	102.980
349.130	285.787	148.477	110.901
367.615	278.607	164.536	115.518
375.971	276.222	169.526	114.967
372.464	274.079	169.255	114.831
380.846	270.552	163.081	115.876
382.237	268.605	146.072	125.436
389.020	265.910	146.829	119.328
394.224	271.004	129.566	120.348
393.727	281.541	89.040	131.207
396.362	279.928	81.061	133.967
405.800	265.177	105.084	120.567
409.345	266.044	97.490	138.028
410.044	270.591	92.779	142.634
402.584	270.383	96.015	85.875
390.108	270.417	102.219	79.881
370.940	262.589	114.041	88.281
419.086	293.033	103.858	116.078
431.005	308.965	109.370	94.245
327.796	260.396	147.256	83.993
429.987	308.480	127.976	95.960
317.200	253.927	145.014	96.167
447.390	308.204	122.204	87.920
454.917	304.307	119.586	91.874
459.870	301.772	115.294	94.286
465.321	300.922	115.320	94.412
468.171	299.388	118.262	90.440
470.845	300.719	127.780	81.509
473.091	301.425	131.790	77.977
471.848	301.904	142.617	76.408
476.606	297.918	143.046	82.330
478.470	291.381	135.610	92.355
499.045	283.332	107.053	104.519
512.833	277.305	83.772	111.594
517.550	281.753	69.759	104.524
516.608	286.687	62.743	101.147
519.031	290.090	61.635	92.646
512.447	291.259	70.943	84.945
504.963	291.359	79.172	84.106
497.179	289.658	87.475	86.189
492.146	288.649	94.626	85.320
488.408	286.427	97.952	86.368
483.767	283.238	99.237	87.232
479.142	280.879	102.747	89.071
476.726	279.096	103.037	89.041
478.240	276.805	98.826	88.625
479.696	275.869	94.816	86.397
488.556	274.303	84.314	82.880
483.725	268.851	90.526	84.875
430.195	260.608	137.997	89.274
416.408	247.927	155.789	99.081
419.108	248.923	152.729	94.146
420.411	251.170	148.974	91.059
424.651	252.173	143.608	86.870
424.775	251.508	142.421	88.477
423.363	250.958	144.510	87.858
425.474	251.124	141.044	86.417
423.760	250.686	144.107	87.129
421.625	249.765	142.665	88.596
419.740	249.863	139.002	88.719
419.331	250.387	147.377	87.779
418.613	248.023	140.458	90.067
418.279	249.460	149.074	88.733
417.234	247.017	139.939	91.910
414.256	247.915	149.833	91.098
413.650	246.481	147.770	92.687
411.804	246.078	151.555	95.702
406.984	246.538	155.705	96.573
401.661	245.981	161.080	98.411
398.948	245.726	161.424	98.742
399.384	246.880	160.022	98.236
396.613	247.297	160.369	98.897
395.372	246.411	162.959	99.680
393.037	246.230	166.522	100.249
395.263	246.553	164.799	99.583
392.048	245.847	167.209	101.074
392.415	244.965	166.237	102.158
392.016	242.679	165.449	103.175
391.641	241.969	165.614	102.845
391.811	241.381	165.524	102.680
389.052	239.437	166.238	101.934
385.060	237.969	164.992	101.167
381.209	235.841	165.830	100.694
379.981	234.233	165.424	99.805
380.041	232.857	163.667	100.470
380.007	231.670	162.578	99.799
380.671	230.399	161.065	99.573
381.441	228.640	157.701	99.632
381.590	227.045	157.190	99.167
382.648	226.381	155.988	98.686
384.543	226.625	153.425	98.835
385.158	227.545	151.953	97.924
385.259	228.334	152.721	96.355
385.497	230.978	154.234	94.062
386.275	234.709	157.171	85.010
389.121	235.932	153.742	81.011
390.265	238.239	152.074	77.523
390.217	240.435	151.709	74.002
391.352	243.591	146.893	71.306
386.589	244.073	149.034	71.339
386.160	242.403	147.842	76.342
388.825	241.100	142.607	82.073
386.735	240.398	139.962	86.668
382.746	244.102	134.498	86.243
381.097	245.025	130.028	87.935
377.940	247.798	133.529	86.489
378.033	248.391	132.717	87.631
377.832	248.923	132.747	87.859
376.793	248.588	136.487	88.463
377.494	249.374	140.346	87.754
379.303	249.643	141.422	88.115
383.015	249.649	140.690	87.600
382.937	249.941	141.869	90.507
377.294	254.963	151.888	86.486
376.921	252.568	152.146	91.342
376.129	250.967	158.170	94.123
375.241	252.473	161.509	93.039
370.389	251.504	171.294	96.155
356.541	253.209	197.736	101.241
349.484	252.731	206.626	109.298
347.729	252.386	218.219	105.167
363.252	251.663	208.498	98.602
345.135	257.332	151.553	107.746
353.488	263.832	127.406	98.353
353.360	265.403	127.597	95.813
354.626	267.785	124.394	87.964
352.732	272.171	125.271	82.327
351.858	272.140	126.078	80.427
350.858	269.603	133.783	87.246
362.340	267.793	123.580	89.757
343.856	267.904	141.213	93.697
346.506	265.860	139.699	100.327
347.026	265.759	138.402	102.584
348.049	264.193	140.140	106.186
349.158	261.960	138.500	110.563
349.917	260.439	138.421	113.921
347.834	260.971	142.009	113.699
347.275	263.370	143.215	111.087
348.745	265.853	142.694	108.833
348.765	266.224	141.989	106.471
352.499	266.735	133.268	105.659
353.860	266.454	124.944	105.549
357.899	274.963	112.575	96.205
361.109	278.684	95.988	88.356
361.167	279.498	86.565	88.192
360.540	279.534	81.748	87.790
352.944	279.437	80.543	88.646
348.164	282.092	81.879	84.171
323.241	284.622	109.615	85.976
313.584	280.850	125.697	96.317
310.454	278.228	132.095	103.456
305.433	274.930	136.920	112.118
297.627	277.230	143.057	111.141
297.487	278.455	140.451	110.327
297.047	277.437	136.311	111.896
298.999	279.481	134.230	110.051
302.459	283.773	130.767	104.103
306.644	282.597	126.873	105.186
310.842	281.589	129.684	100.545
310.983	277.258	138.123	100.707
311.905	277.033	140.850	96.067
316.709	283.285	138.478	81.773
316.163	283.568	138.805	81.336
323.782	285.840	128.887	74.934
326.558	285.889	125.569	75.715
326.559	286.970	123.326	78.985
326.682	288.158	121.276	82.734
326.145	289.343	117.318	84.102
327.390	291.536	108.215	86.489
325.634	292.042	105.763	87.980
324.113	291.206	104.763	89.063
319.432	293.835	112.347	88.307
313.216	292.014	121.883	93.485
310.994	288.170	127.385	102.292
311.322	285.217	131.672	107.655
313.289	284.533	132.385	110.150
313.489	286.021	134.374	108.968
310.438	287.012	140.117	109.504
311.284	291.298	134.882	96.940
324.348	292.641	112.542	89.127
331.977	284.890	81.261	92.659
335.546	283.811	64.736	91.850
333.627	283.524	60.972	92.317
320.160	287.170	91.259	89.217
299.475	288.459	127.624	90.989
299.119	286.176	132.770	98.658
304.108	281.701	127.814	106.183
310.883	278.089	122.817	110.979
309.872	273.911	127.061	113.099
306.981	272.343	132.958	110.744
299.433	276.754	140.260	102.984
297.077	281.910	135.491	90.531
312.208	269.853	92.524	94.271
569.708	245.258	145.094	105.918
583.441	246.082	129.482	104.475
587.845	244.813	126.097	101.316
591.688	239.100	118.129	100.252
607.331	241.117	103.278	87.889
631.315	237.785	91.148	87.585
627.639	235.441	100.720	95.509
621.206	232.853	112.481	105.615
610.413	232.993	124.519	106.956
607.870	237.985	127.349	103.023
592.507	253.944	126.583	86.281
584.606	261.338	121.284	79.087
580.028	264.527	108.642	79.757
566.439	264.300	106.620	80.787
554.138	265.464	108.595	78.241
520.688	260.583	107.440	78.066
503.007	250.415	99.412	85.053
476.174	252.420	114.711	79.018
366.578	266.603	136.653	102.826
392.189	245.979	158.046	123.594
391.608	245.712	155.009	122.991
391.265	244.351	144.582	130.850
399.392	243.904	135.704	132.501
402.080	245.350	133.090	128.988
394.898	241.352	97.601	124.596
382.994	265.715	90.230	121.503
374.071	209.677	119.978	179.243
370.512	228.528	99.571	161.139
379.326	228.014	107.662	152.673
358.044	244.824	87.622	147.478
353.665	256.931	88.812	154.880
347.646	237.835	86.925	154.062
353.374	279.537	74.710	123.169
371.668	212.018	101.726	115.739
394.510	207.743	85.179	97.086
402.789	211.147	73.432	95.544
385.103	158.312	99.315	154.835
400.728	175.101	82.203	146.698
427.628	199.925	76.957	115.162
446.712	207.575	66.495	111.060
467.812	214.885	56.544	115.227
481.261	231.373	56.116	102.121
485.795	233.695	64.770	103.799
490.800	241.622	79.788	102.462
497.262	257.796	92.158	93.124
509.987	265.565	112.949	89.936
517.597	265.087	124.686	92.092
529.306	263.452	127.132	97.650
536.989	260.870	133.757	100.774
546.877	256.969	134.888	105.349
560.600	253.021	135.531	106.001
567.008	251.532	135.520	105.005
577.025	249.930	127.782	103.576
591.900	248.161	111.404	99.772
601.406	247.887	100.800	91.451
602.453	247.386	93.991	86.725
606.029	241.668	92.976	90.903
603.086	249.569	95.201	81.909
589.334	251.101	102.632	85.804
573.938	252.094	114.662	88.261
549.881	254.538	129.159	95.657
542.441	252.682	126.929	100.302
531.579	252.651	127.177	102.581
519.617	252.177	128.602	106.120
508.906	254.595	128.440	106.583
490.489	254.097	130.495	107.563
480.733	254.674	130.479	107.082
468.474	253.047	132.770	108.354
457.907	253.032	135.479	107.270
452.727	249.092	134.966	109.896
445.368	248.325	138.044	109.801
438.075	247.419	139.442	107.436
436.745	245.049	136.362	108.458
433.355	245.027	136.748	107.338
429.807	245.214	136.664	106.747
426.745	244.915	135.182	104.629
423.884	244.921	132.043	100.278
422.784	244.549	127.399	99.356
421.754	244.742	124.410	97.761
420.103	244.694	121.790	96.408
417.994	243.919	121.201	96.538
414.865	244.181	120.073	94.938
410.183	243.461	121.178	94.918
399.406	242.651	130.023	94.945
390.439	239.971	137.491	97.804
385.522	237.336	140.418	101.277
380.859	236.817	143.617	103.017
376.672	236.874	146.150	105.833
373.450	238.037	149.189	105.529
371.715	237.273	148.857	107.695
369.488	237.263	148.964	108.069
365.545	237.039	149.933	110.398
365.767	235.613	147.087	110.824
364.170	235.377	145.124	108.807
360.291	233.377	147.088	107.895
358.816	229.800	146.974	110.369
359.278	228.296	145.130	107.408
360.341	227.175	143.273	104.490
362.172	226.010	141.859	101.728
364.501	225.786	139.560	99.597
364.434	225.167	139.157	99.650
365.771	225.026	138.692	99.079
366.655	225.236	138.513	99.097
367.117	224.982	139.722	98.810
366.876	226.842	141.943	95.428
367.544	229.612	142.600	92.193
371.022	230.895	139.304	89.142
374.761	233.608	134.163	87.101
372.865	235.119	136.904	82.675
377.400	235.816	132.664	79.747
365.014	235.970	145.751	75.193
362.472	233.798	150.181	71.037
360.816	230.740	153.982	72.434
341.754	230.126	174.552	67.948
356.131	229.192	161.495	67.337
352.847	229.086	167.053	61.780
334.122	231.735	185.022	53.028
336.409	233.884	179.770	47.970
343.724	233.107	174.182	45.206
333.876	229.834	180.716	44.773
326.484	230.870	168.763	45.447
333.998	228.695	164.687	42.792
359.945	153.234	130.475	113.012
345.520	225.876	163.331	48.353
335.715	219.855	149.599	43.777
344.439	226.158	149.364	42.095
345.066	226.595	154.506	36.391
343.620	229.206	159.620	37.288
349.123	230.010	162.466	38.291
356.731	231.786	150.989	39.335
359.632	234.476	153.193	37.321
377.189	233.832	137.138	40.090
373.684	234.123	144.758	41.533
355.512	232.329	159.667	44.421
371.364	234.494	145.424	43.855
351.216	237.196	167.925	41.475
351.407	65.233	145.924	167.879
361.576	244.959	157.063	40.763
380.416	245.674	142.630	43.842
344.898	246.724	177.317	47.673
334.210	245.536	181.657	58.065
389.267	246.335	125.159	74.045
399.694	250.178	122.021	79.685
412.683	252.605	108.572	87.009
415.551	257.825	106.526	85.429
423.056	257.726	102.698	88.099
429.173	265.008	105.486	81.846
441.103	268.929	103.386	78.981
439.121	268.441	113.245	81.841
441.638	265.062	119.817	91.418
445.412	267.713	120.340	91.747
453.312	266.383	125.213	96.115
459.263	264.111	121.367	100.541
466.759	263.235	115.872	101.383
474.086	259.113	112.018	104.632
481.812	256.231	105.503	105.748
492.448	250.538	93.678	110.047
500.254	248.147	84.563	110.461
506.614	244.618	76.677	112.454
509.841	242.735	72.888	111.439
511.544	242.182	67.982	110.504
512.173	243.788	59.600	105.273
512.539	240.531	56.113	108.895
514.293	237.356	53.488	108.110
513.309	241.933	51.142	107.814
514.694	237.836	48.178	111.805
515.791	226.946	54.478	121.265
511.453	241.287	49.502	115.022
512.651	238.136	52.232	112.043
511.964	239.742	54.040	110.771
513.110	237.198	42.636	108.172
513.328	228.444	47.789	102.767
511.272	227.604	53.067	101.364
505.299	227.092	61.509	102.237
501.025	226.553	69.397	102.236
497.535	224.338	75.833	102.427
488.971	223.686	92.027	100.993
484.181	223.650	102.939	98.941
481.772	227.922	108.740	95.348
478.063	230.400	115.620	95.190
476.597	231.866	118.813	96.870
475.272	236.892	119.408	99.642
473.286	240.096	122.895	98.495
472.585	239.752	122.544	100.030
472.229	242.598	122.050	99.771
471.198	246.228	122.688	97.376
470.758	249.445	123.216	98.993
469.605	252.827	124.314	98.610
467.286	253.714	126.031	100.586
467.290	258.128	125.995	97.470
465.904	259.437	127.292	99.146
466.163	258.884	126.797	103.916
465.374	261.414	128.666	102.024
464.613	262.645	131.267	104.078
464.362	263.948	132.944	103.119
463.918	265.611	134.563	102.475
465.824	266.076	132.238	106.313
302.881	268.584	125.711	99.389
465.198	270.313	137.311	103.894
466.785	269.469	134.579	104.963
466.615	270.146	133.766	105.356
470.561	273.994	127.777	100.605
473.711	274.161	125.318	100.495
475.016	273.357	124.256	100.289
312.186	272.646	106.470	109.078
482.819	271.511	114.434	98.074
481.961	265.979	108.987	107.120
516.947	269.723	71.339	101.156
514.498	269.134	80.931	95.505
497.473	270.955	106.756	95.273
487.967	267.934	120.713	101.635
484.313	267.183	120.322	105.369
485.678	265.349	106.185	110.448
488.570	262.354	93.267	112.852
486.365	261.951	90.174	110.177
479.501	264.924	90.599	105.765
466.044	261.246	99.566	98.538
456.804	265.918	108.096	84.198
452.288	268.433	110.986	70.985
444.067	265.859	123.978	66.588
440.720	270.544	115.690	60.217
429.880	271.951	120.515	54.948
418.635	271.491	129.585	52.710
416.510	274.536	128.108	52.863
409.780	272.929	133.724	57.604
402.422	271.884	138.479	66.039
400.497	268.990	141.927	78.992
402.706	268.387	138.658	82.826
403.678	269.112	140.272	84.538
403.840	267.360	141.513	87.376
261.900	281.187	118.003	87.469
416.143	269.494	139.108	88.544
419.513	270.878	134.177	88.005
423.690	270.084	132.575	89.494
426.390	270.337	130.538	89.247
429.219	269.672	128.025	86.482
277.819	282.709	96.875	86.108
430.433	272.169	127.214	73.810
427.486	271.842	130.562	73.655
427.409	270.868	129.070	74.675
426.722	270.761	130.159	74.959
426.132	270.059	130.390	75.753
426.321	268.906	128.704	74.257
427.882	270.953	125.745	72.445
429.730	271.311	124.064	72.837
429.286	271.790	126.272	73.217
428.810	271.280	126.103	74.286
427.166	269.449	122.705	76.486
426.555	272.176	123.728	75.863
426.045	273.465	125.426	74.361
422.646	271.481	126.782	76.619
422.443	272.138	127.925	76.203
420.069	274.008	130.248	76.128
418.050	271.442	129.585	80.693
418.508	272.626	128.313	79.551
418.768	273.727	128.648	78.467
418.506	273.636	130.080	78.960
417.193	273.651	129.467	79.437
416.660	273.651	130.499	79.884
416.095	273.052	130.471	80.923
416.365	273.226	130.447	80.642
417.510	273.771	129.489	79.556
417.898	274.370	129.572	77.679
417.066	274.211	131.695	77.470
417.749	274.407	128.686	77.949
418.207	274.710	128.328	77.676
419.802	273.190	125.994	79.531
418.798	273.817	129.640	75.788
416.898	271.744	132.676	76.580
416.233	271.760	132.894	75.691
418.377	271.658	130.373	75.429
418.990	271.944	130.115	74.205
418.048	271.974	131.696	74.929
416.618	271.804	133.155	76.487
414.961	271.621	134.349	75.080
416.419	272.000	132.837	74.375
415.596	272.588	133.960	75.061
417.972	271.309	129.383	76.406
417.666	271.457	129.435	76.469
416.532	271.480	129.630	76.935
417.206	272.775	128.612	75.452
417.436	272.695	127.820	76.456
417.304	272.810	126.984	76.935
417.874	272.941	127.273	77.091
416.706	272.691	129.078	76.805
417.021	272.216	128.425	77.671
417.775	273.955	126.293	76.123
419.192	274.558	126.692	75.529
419.537	274.070	127.002	76.330
419.968	274.143	128.331	76.121
419.375	274.911	130.473	75.539
419.666	274.918	130.480	75.759
420.333	275.048	128.402	75.719
421.521	274.854	127.467	76.095
422.356	273.933	128.111	77.062
422.386	273.102	128.304	77.954
421.986	273.743	130.004	77.049
421.289	273.633	129.678	76.810
421.853	274.473	129.026	75.068
422.480	273.984	127.776	76.337
422.128	274.287	128.676	75.987
422.916	274.608	128.072	76.260
422.123	275.212	126.854	75.516
422.666	276.253	127.604	75.349
424.382	277.156	126.778	74.977
429.010	277.036	119.361	76.545
400.917	274.995	144.755	79.121
380.241	243.276	148.097	112.636
391.867	235.161	154.195	119.830
405.332	227.910	141.121	127.700
414.152	220.390	134.968	135.066
416.883	211.337	138.914	143.660
415.478	206.656	150.088	147.430
414.419	206.937	154.490	146.978
413.677	213.406	147.147	141.880
414.004	228.393	141.694	127.615
416.454	262.136	136.107	94.139
416.820	272.654	130.927	83.013
410.670	275.115	130.769	81.862
470.385	192.766	123.411	99.885
405.769	267.432	136.308	92.024
404.280	249.859	140.122	109.703
416.354	199.250	164.979	159.356
418.760	193.432	165.388	163.522
411.208	208.078	171.811	146.028
410.610	222.217	162.254	133.618
404.085	234.849	154.507	121.980
384.759	262.777	170.742	93.403
366.033	268.655	184.168	87.391
412.304	274.460	141.090	81.359
419.775	277.536	134.297	78.122
422.645	276.628	132.146	79.115
421.284	276.317	131.348	78.264
421.168	275.563	132.558	77.917
420.693	275.318	133.818	78.198
421.495	275.300	133.231	78.233
421.422	275.222	133.079	78.384
419.915	274.771	132.897	78.693
418.217	274.988	134.662	78.306
418.677	274.714	134.364	78.479
418.861	274.352	133.735	78.746
419.066	273.855	133.636	78.841
418.838	273.719	133.799	79.119
417.889	274.563	133.509	78.842
417.335	275.345	133.037	78.285
414.512	275.222	137.085	79.996
415.529	273.633	135.189	83.158
414.107	272.511	134.949	85.367
416.048	274.481	133.869	83.772
415.172	275.224	133.550	83.356
416.032	274.163	133.299	85.502
416.696	273.961	132.455	85.619
417.403	274.731	131.828	85.024
423.696	276.377	124.914	83.448
428.197	275.483	121.344	84.384
393.946	258.203	155.496	101.584
372.205	242.076	173.781	117.769
381.213	231.247	166.499	130.588
384.284	225.699	159.510	134.235
388.962	223.464	153.635	137.408
391.199	221.060	150.904	140.912
393.158	221.634	146.231	139.298
393.101	222.535	146.875	136.887
390.405	226.278	158.840	133.112
379.778	232.918	168.061	126.250
355.398	238.431	190.450	120.193
337.616	254.989	205.772	105.272
362.885	267.626	186.015	91.638
418.279	274.097	136.186	84.445
422.630	276.017	127.626	80.666
424.862	276.209	127.762	79.601
425.075	275.214	127.809	80.584
425.421	276.381	128.057	79.228
425.466	276.394	128.541	79.158
425.592	276.437	127.783	78.875
426.510	276.314	127.064	78.618
426.447	276.722	126.864	77.809
429.644	277.734	123.058	77.686
429.640	278.665	121.760	76.866
429.437	278.458	121.572	76.853
429.320	278.185	120.505	77.197
428.861	278.175	121.380	77.513
425.092	278.547	126.133	78.001
422.996	278.338	125.641	79.270
423.178	277.259	125.955	81.654
424.426	277.907	125.682	80.970
432.152	280.934	117.616	78.066
437.146	276.821	109.643	82.198
389.042	257.480	145.804	98.847
394.640	237.463	151.843	120.265
406.172	232.148	138.599	124.676
408.816	227.748	135.851	128.713
409.868	224.454	133.520	131.943
405.374	222.559	138.529	131.898
402.624	222.853	144.763	131.399
391.973	223.979	151.055	129.284
412.313	247.008	139.591	107.451
423.764	276.263	128.768	78.915
426.196	276.928	125.426	77.954
429.953	276.129	123.699	79.051
429.011	277.207	123.718	78.198
428.663	276.725	124.656	78.486
428.612	276.373	123.140	78.612
429.745	276.213	121.621	78.200
430.355	275.209	120.336	78.390
430.830	274.540	120.677	78.200
430.367	273.920	119.703	77.508
427.567	272.367	120.452	78.155
427.658	271.432	117.053	76.905
423.479	270.666	120.264	77.288
420.819	268.787	123.728	78.409
417.747	268.479	125.274	78.075
416.571	264.806	125.962	81.202
415.771	261.489	124.848	81.916
414.505	260.447	122.969	80.248
415.447	260.012	119.354	79.569
413.666	258.601	121.419	78.019
412.894	257.764	121.392	76.939
409.347	255.355	126.507	79.360
409.872	254.470	126.353	79.800
408.960	253.553	128.442	79.036
411.365	252.077	127.765	78.919
411.078	250.140	129.528	79.868
408.094	249.374	129.114	87.648
411.159	246.369	128.596	77.014
415.651	244.334	123.856	76.329
415.031	239.648	123.500	78.996
414.094	237.658	124.164	80.135
409.910	230.232	125.505	84.222
406.147	227.020	128.095	86.423
405.930	222.636	126.010	89.531
407.025	221.454	122.314	89.353
401.780	220.542	126.066	89.506
395.323	213.334	129.107	95.219
394.472	208.092	129.069	99.854
392.938	206.351	130.223	101.610
392.861	205.080	129.626	102.700
392.485	205.555	130.156	102.574
395.961	212.254	128.198	99.519
399.911	221.677	125.050	93.078
402.947	230.223	123.475	88.036
409.500	237.385	119.167	86.190
413.093	244.755	115.173	84.614
421.571	258.073	108.715	81.285
427.818	268.681	103.142	78.053
432.380	277.471	99.055	78.056
430.278	282.454	103.839	80.456
428.036	285.724	107.624	83.563
420.767	290.578	115.529	88.142
412.781	290.348	124.874	92.309
406.783	289.609	132.929	96.977
395.626	288.730	146.247	101.759
389.541	291.344	151.233	101.924
382.489	293.322	160.603	102.284
377.448	291.960	168.408	103.889
374.064	289.560	174.267	106.741
376.774	289.735	170.470	106.802
373.066	290.226	173.487	106.856
369.187	290.505	174.602	103.232
368.076	287.029	176.918	105.384
368.594	286.109	169.735	108.752
368.481	287.286	166.238	106.562
368.473	287.431	163.805	105.405
363.074	286.680	154.101	93.524
366.595	288.443	129.629	84.461
404.372	296.026	149.455	168.558
462.659	304.265	100.543	86.837
462.444	303.049	106.581	92.539
487.620	302.301	87.453	91.979
363.698	286.582	120.839	82.305
365.082	286.683	116.247	82.675
363.870	287.582	117.800	82.535
362.866	289.128	112.334	81.528
500.448	295.813	86.763	94.038
360.832	286.530	223.477	95.170
357.919	288.228	113.702	84.984
358.442	289.072	114.323	85.626
481.844	281.178	119.872	103.461
356.284	289.788	114.906	87.288
475.317	279.165	124.288	103.205
472.842	276.095	125.172	102.397
463.329	271.751	130.203	103.780
453.360	270.494	135.341	101.483
443.611	266.568	134.607	100.112
429.830	264.612	138.983	100.299
422.008	255.247	135.916	102.845
340.424	282.620	144.151	105.224
343.834	283.809	125.304	104.122
404.829	259.883	127.173	84.341
342.719	284.683	124.810	103.958
340.202	288.088	123.794	103.889
399.100	247.683	124.760	98.027
394.156	257.956	124.487	86.754
391.940	257.805	123.466	87.695
389.945	260.676	122.988	84.602
388.205	260.687	126.215	83.773
386.407	259.346	127.762	85.428
385.773	260.514	129.903	83.157
385.374	258.670	130.740	83.588
388.030	259.885	129.535	78.640
388.416	260.460	128.203	77.328
272.988	297.773	130.750	91.938
389.422	259.830	128.070	76.914
388.503	259.492	129.126	76.597
297.141	309.061	133.066	88.943
388.245	260.048	130.583	76.981
388.229	259.611	129.042	74.475
387.472	260.787	129.079	73.478
386.056	261.838	129.172	73.104
382.564	259.457	131.975	75.724
383.229	261.085	132.018	73.911
381.898	259.655	133.241	75.480
382.010	260.481	133.179	74.025
383.184	261.423	132.377	72.599
381.764	260.276	133.614	74.239
383.895	262.095	129.977	72.543
383.168	259.325	130.347	75.944
384.600	261.133	130.012	73.414
382.297	260.820	132.293	74.721
384.077	261.033	132.536	74.826
383.509	262.169	133.236	74.650
384.437	262.914	133.039	74.399
384.307	262.140	133.153	76.633
386.106	261.593	132.127	78.649
387.725	262.527	130.246	78.206
385.874	262.911	130.582	77.564
380.400	264.567	134.525	75.579
381.443	264.370	132.590	78.302
277.545	283.239	138.169	89.006
388.236	264.799	125.150	81.351
360.035	266.533	156.490	80.803
307.961	264.823	196.402	94.603
314.806	260.360	175.840	99.212
339.907	243.245	162.660	100.615
352.883	231.213	143.304	114.014
358.731	221.241	141.171	122.068
362.885	208.317	141.302	137.306
358.779	204.499	142.731	140.172
349.567	202.319	136.742	133.860
348.783	201.363	147.928	139.376
344.682	206.821	137.930	131.294
332.173	208.878	133.019	115.583
349.349	264.064	164.236	81.295
362.211	248.655	160.076	95.541
338.686	249.255	171.328	93.880
379.959	262.383	142.403	82.319
380.514	263.408	136.118	77.662
387.491	263.070	134.513	78.212
388.182	264.794	131.842	76.163
387.942	264.504	131.525	75.813
386.509	264.491	133.612	75.325
386.760	263.141	133.786	76.899
387.871	263.118	131.193	76.511
385.164	261.718	133.027	77.550
386.229	262.074	130.898	76.556
384.646	262.360	130.930	75.681
387.628	263.193	128.021	74.002
380.944	263.716	133.973	73.228
384.338	261.293	133.756	76.704
388.675	259.643	129.837	78.684
384.267	256.859	129.224	82.179
383.720	260.008	135.080	77.767
351.245	255.092	161.041	84.166
340.165	239.690	182.015	99.608
316.925	232.754	201.208	104.777
326.061	235.576	197.813	104.366
356.137	244.496	178.782	93.652
283.944	231.466	141.843	98.555
391.243	257.549	134.928	80.444
268.185	241.115	126.802	81.241
394.513	258.832	125.806	75.623
395.825	259.250	126.736	74.964
396.960	260.253	125.618	74.006
396.959	256.826	128.175	77.606
396.862	255.652	129.161	78.437
398.248	255.482	127.513	77.930
397.949	255.942	126.155	77.303
396.180	255.749	127.774	77.544
394.956	254.744	127.128	77.340
398.454	255.042	125.951	76.454
394.878	253.435	123.941	77.145
396.187	255.435	126.879	74.694
393.412	254.217	126.953	75.360
394.052	256.375	126.063	74.497
392.858	255.450	125.325	75.348
392.387	255.714	125.087	75.415
392.075	257.110	124.876	74.332
390.092	257.408	127.260	74.340
393.688	255.825	124.080	76.342
390.701	256.586	125.254	75.825
347.705	254.844	160.712	137.167
355.058	271.655	140.496	123.246
360.265	261.857	157.449	127.263
372.333	259.789	145.181	125.670
393.279	258.471	131.836	120.734
390.507	254.776	140.365	123.019
391.702	252.721	143.338	124.746
394.050	252.196	144.306	126.285
392.831	252.566	144.675	125.541
401.024	260.085	135.698	117.133
392.726	258.594	132.601	122.909
393.614	257.318	126.862	117.522
372.728	261.151	146.140	132.128
365.487	260.006	153.455	135.673
326.316	270.556	265.669	182.122
293.630	306.147	123.776	105.123
391.418	252.764	127.589	76.592
391.005	251.178	128.142	78.143
390.862	251.267	127.266	77.835
389.057	251.272	129.206	78.145
390.161	251.920	128.772	77.990
388.738	251.672	129.408	79.179
389.769	251.255	128.858	80.090
388.794	253.198	128.702	78.792
386.600	254.926	129.940	77.033
386.227	255.904	130.179	76.028
386.588	256.912	130.713	75.085
383.972	256.073	131.886	77.794
383.625	258.146	132.221	76.110
381.630	257.245	133.307	78.088
382.121	258.773	135.273	77.408
382.747	259.198	135.107	76.199
381.465	259.422	135.225	75.661
383.574	259.187	133.940	75.667
385.672	258.592	130.705	75.176
385.532	259.763	131.607	73.328
387.129	259.979	131.189	72.430
388.662	260.031	129.113	72.978
386.521	260.084	131.151	74.132
385.770	260.135	132.296	77.221
388.632	260.257	127.996	76.653
384.781	258.714	131.596	79.448
385.498	259.356	131.255	79.761
386.373	260.483	129.163	79.138
385.077	262.161	128.933	78.081
385.945	263.947	126.717	77.101
387.111	264.794	125.793	76.643
386.362	264.281	125.966	77.445
386.140	263.712	125.423	77.422
386.908	264.386	126.289	76.888
387.823	263.195	125.345	77.846
387.743	263.081	125.719	77.856
387.010	262.133	126.934	78.660
386.996	264.116	127.267	76.463
383.985	261.148	129.537	79.393
384.635	261.874	129.524	77.722
383.148	261.300	131.043	77.059
383.973	259.987	130.060	78.055
383.928	261.161	129.610	76.864
379.179	260.554	126.979	78.624
307.018	298.216	131.107	101.964
362.919	261.630	140.222	75.005
346.769	264.019	159.963	86.952
347.283	262.088	160.787	105.831
326.892	273.489	156.473	116.495
347.851	258.942	163.818	127.740
350.117	262.209	156.943	128.984
346.389	263.760	158.844	124.004
345.051	260.413	159.872	130.505
327.643	257.715	166.780	136.431
343.726	234.315	203.821	164.930
312.858	260.483	162.818	140.534
312.690	257.488	195.160	130.722
289.063	234.695	255.067	210.575
322.286	242.741	227.283	237.465
325.465	255.528	184.742	105.681
299.558	264.641	178.392	134.644
305.446	264.016	174.605	134.809
313.092	263.544	171.927	132.058
319.111	263.957	187.414	129.013
328.312	267.631	168.050	130.540
331.016	264.018	170.833	132.893
336.480	263.522	166.797	126.704
343.208	263.545	163.588	124.058
353.009	261.313	154.624	123.313
363.993	262.661	140.897	107.725
364.559	261.419	144.219	89.729
370.330	258.353	139.876	105.959
371.858	264.561	122.219	117.954
377.430	253.076	135.229	92.079
379.591	254.338	133.272	78.000
368.625	285.012	101.038	103.539
369.162	252.922	133.844	77.078
381.943	254.429	133.067	78.458
374.966	256.122	128.052	75.597
383.746	254.933	133.071	76.649
355.324	309.510	107.538	94.194
382.830	251.610	122.585	75.957
380.609	253.584	122.018	76.073
337.425	313.190	124.804	96.656
385.900	251.224	132.080	77.825
385.443	252.497	132.027	77.096
385.825	252.319	132.495	77.185
387.415	252.621	131.059	76.510
386.896	253.530	130.827	76.044
386.708	254.451	132.255	75.840
388.062	254.595	131.845	75.447
389.638	254.096	131.576	75.630
388.646	253.557	132.350	76.485
386.170	252.874	133.432	77.075
386.330	252.986	131.859	76.921
387.854	252.513	130.995	77.633
385.070	253.264	132.447	76.095
391.929	252.949	131.184	77.762
383.289	253.214	131.255	76.209
388.853	251.278	129.878	77.779
391.582	253.283	129.388	77.409
389.124	252.224	131.104	78.471
389.183	251.697	131.822	78.775
389.708	250.501	132.083	80.476
390.057	250.991	132.009	79.525
389.222	250.635	132.119	79.450
388.834	250.499	132.354	79.926
388.359	251.126	132.421	79.194
387.284	250.861	132.278	79.272
386.970	251.042	132.280	78.995
385.897	250.771	132.323	79.362
385.994	250.362	131.598	80.209
385.653	249.860	133.445	81.008
383.580	250.299	132.903	78.500
384.035	249.861	130.316	77.949
383.328	250.658	131.051	77.105
309.819	314.871	144.120	96.952
377.668	248.249	128.045	80.660
373.838	251.546	137.380	84.675
354.746	249.013	158.395	144.042
345.271	257.421	158.870	137.727
348.130	252.269	166.666	142.929
348.324	266.860	158.929	129.526
376.449	248.418	134.135	134.172
386.130	245.001	130.532	83.991
384.165	247.888	128.510	75.344
385.313	248.395	127.848	75.193
385.579	248.687	130.207	75.168
385.548	248.944	132.624	75.925
384.599	249.351	130.979	75.888
383.989	249.213	132.409	76.577
382.939	249.080	132.282	77.487
381.248	251.060	134.226	78.229
378.036	253.207	131.967	80.945
374.381	260.333	136.254	74.876
377.126	257.364	132.178	78.764
376.264	257.455	133.971	78.940
378.160	257.983	136.765	77.599
268.025	323.098	73.299	96.118
278.354	324.863	61.950	91.729
279.973	325.551	62.830	92.876
282.621	326.050	62.932	91.569
285.720	327.402	68.643	89.924
287.440	327.935	89.381	86.649
292.647	323.166	89.746	90.275
297.736	320.584	90.034	92.480
303.074	316.886	84.337	92.255
373.323	259.332	114.001	73.220
374.848	258.769	123.957	71.421
375.565	257.906	128.589	73.465
379.093	258.210	132.062	75.582
376.734	259.112	128.408	73.805
381.121	260.135	128.027	72.676
383.183	260.361	125.261	73.483
379.740	262.320	129.911	72.016
383.382	261.590	128.323	73.265
381.909	261.164	130.285	73.400
381.901	260.803	130.596	74.417
381.223	260.921	130.178	75.121
382.254	260.857	129.110	76.105
382.338	261.103	128.391	76.219
381.686	260.954	129.608	76.961
383.767	260.622	126.562	78.147
384.765	260.519	127.434	77.990
381.100	260.191	124.182	78.292
384.203	262.747	126.543	74.286
384.989	262.071	126.098	75.366
386.130	263.054	125.027	73.748
387.083	263.715	125.327	73.394
388.882	262.444	123.219	74.405
388.755	263.447	123.848	73.335
383.694	263.331	125.207	73.006
384.260	262.637	128.333	74.739
377.455	261.737	130.579	76.583
321.324	296.466	128.519	106.188
316.102	298.374	139.114	108.647
329.763	275.007	154.005	131.323
331.002	270.525	165.167	137.025
336.238	262.036	165.481	146.705
348.702	262.449	158.896	142.993
352.729	259.254	156.031	146.626
352.577	259.920	156.171	143.169
355.469	260.067	157.540	136.822
359.115	258.464	151.190	136.148
367.867	258.921	142.833	128.701
367.158	257.327	143.335	126.153
369.544	252.796	140.045	128.805
371.298	253.678	138.566	126.996
372.782	254.255	137.205	122.763
374.761	253.226	135.210	126.165
374.749	252.737	135.030	123.797
373.960	251.945	135.662	128.348
373.943	253.764	135.880	123.622
371.649	251.676	137.423	126.761
370.639	253.825	138.276	125.924
370.413	254.441	137.594	123.413
370.919	254.456	137.039	124.935
369.887	254.281	138.702	123.457
370.780	254.595	140.032	120.284
368.507	253.867	141.638	120.887
367.991	255.583	142.172	114.142
369.600	254.459	137.223	120.290
366.285	253.259	141.187	118.812
371.928	254.652	137.630	113.705
372.882	254.651	134.621	114.164
374.200	255.254	135.633	112.312
372.516	253.635	134.148	111.646
373.535	256.472	134.062	108.551
373.233	255.622	135.514	110.130
375.993	253.305	136.555	108.854
371.329	255.424	142.777	103.366
370.319	251.104	146.926	104.352
372.021	250.645	149.069	103.285
372.198	251.983	148.341	98.711
371.465	243.685	154.348	104.478
371.012	247.237	159.429	100.388
368.308	247.241	164.477	98.709
367.249	247.897	165.798	97.203
365.958	244.215	165.093	100.469
362.775	244.687	175.780	99.176
366.944	248.086	172.910	93.951
371.675	248.777	170.560	91.139
379.673	244.705	166.222	93.355
390.868	249.279	155.699	87.465
382.696	247.406	164.029	88.827
387.740	252.455	157.370	83.173
376.753	249.354	166.165	86.863
384.491	253.205	157.429	85.022
386.824	248.872	158.045	89.285
381.178	250.904	161.315	87.517
398.747	254.166	142.989	84.387
384.371	249.411	156.988	87.388
392.610	255.362	147.992	81.204
383.436	251.531	155.108	85.270
374.404	250.591	166.965	84.185
388.023	255.261	154.822	78.966
376.014	250.042	165.912	83.738
365.665	250.330	174.333	83.359
362.141	243.834	173.774	88.879
363.686	246.204	174.917	88.042
362.942	242.779	174.652	92.616
355.520	242.579	176.315	92.482
355.824	243.305	178.749	93.535
366.533	239.139	170.656	97.182
346.826	236.273	183.013	99.916
346.338	243.981	182.868	92.779
346.337	236.962	183.290	100.074
347.071	237.219	191.710	101.854
348.080	233.164	190.417	106.783
351.033	234.200	188.950	105.844
351.586	234.747	189.272	106.651
357.585	242.656	181.487	99.827
340.294	227.778	174.180	112.886
414.189	264.422	131.242	78.920
563.190	92.640	102.619	41.939
429.694	277.147	110.906	67.220
426.016	277.092	113.898	67.941
424.161	278.072	112.656	68.058
422.900	278.247	114.898	68.611
420.645	279.141	114.010	69.502
419.975	280.429	113.435	68.768
418.817	280.960	112.809	69.366
417.022	280.192	114.458	70.218
416.124	280.078	114.787	69.792
414.208	280.800	116.112	69.772
415.659	259.180	112.907	74.989
410.966	258.687	118.381	69.971
411.285	280.343	119.668	68.899
412.715	278.960	116.370	68.159
405.745	278.209	119.430	69.928
399.161	275.078	125.250	73.206
350.353	227.820	144.539	105.975
344.552	222.368	133.361	98.484
342.930	221.755	134.097	103.007
339.510	221.099	138.490	106.775
336.398	220.612	139.466	114.061
332.414	220.039	143.660	112.721
331.566	220.702	141.081	114.149
329.133	228.737	163.539	112.601
325.184	220.775	146.227	111.206
331.514	228.350	159.197	111.893
323.448	219.729	144.719	102.675
331.442	220.439	133.643	87.887
326.914	219.690	143.342	89.573
330.169	220.688	143.388	86.986
332.143	220.707	143.978	88.114
335.398	219.044	140.393	89.437
338.187	219.884	140.063	97.221
340.231	219.835	137.437	94.508
339.997	221.215	139.290	100.552
346.042	221.649	134.749	115.224
347.937	221.437	133.746	112.010
349.367	223.604	132.501	127.165
347.802	221.865	136.629	111.299
354.835	224.620	130.985	127.808
350.425	219.833	138.283	115.657
357.185	218.817	132.337	120.740
352.826	219.103	138.114	121.634
357.676	218.136	135.188	119.699
355.113	218.894	138.086	122.848
359.470	218.767	137.076	121.539
359.315	216.854	137.496	119.261
359.708	216.970	136.847	116.993
361.924	216.433	131.863	99.293
364.041	219.892	130.061	107.321
365.757	219.375	130.157	95.708
362.669	220.103	134.420	101.264
365.566	219.662	131.236	100.149
365.806	221.156	134.436	107.653
367.672	223.080	135.192	109.877
366.580	223.273	143.500	105.890
368.734	225.294	144.129	110.339
367.988	225.274	148.396	110.234
368.786	227.951	151.789	108.754
369.238	228.504	153.447	104.024
372.129	228.810	154.806	103.274
374.244	228.586	156.682	104.967
375.175	230.870	151.445	102.431
382.328	230.558	148.769	101.382
378.403	234.605	148.621	94.824
382.255	234.500	147.983	94.438
381.409	236.207	149.333	94.116
382.728	237.342	148.320	96.178
379.005	238.021	150.324	93.985
377.691	238.141	151.036	93.638
381.258	237.891	145.462	94.346
379.531	237.988	147.244	94.975
376.957	237.584	149.018	96.271
377.201	237.253	148.829	95.744
377.433	237.228	148.446	96.364
377.208	238.873	148.614	96.014
375.781	240.029	151.585	95.624
375.217	239.186	151.574	96.249
379.923	239.882	148.982	93.704
379.920	239.401	147.688	93.819
375.083	237.634	148.560	95.376
374.155	237.027	151.179	95.711
375.777	236.316	151.009	95.506
375.066	234.396	149.536	98.692
374.928	236.341	150.578	95.595
371.283	239.813	149.560	87.057
372.674	244.601	144.447	81.625
375.410	245.707	143.865	80.181
373.236	247.599	141.674	79.717
374.044	248.718	141.013	79.737
370.318	252.275	144.836	81.032
370.234	255.520	143.275	77.212
368.943	257.602	144.769	75.963
370.839	259.193	139.738	74.798
370.981	261.517	139.438	72.828
375.283	264.329	134.679	71.209
384.095	264.546	122.047	74.415
383.689	264.497	120.823	75.103
377.519	262.785	126.545	78.167
383.130	262.436	122.332	78.911
381.505	266.575	124.803	76.326
378.242	266.086	128.297	76.173
372.993	263.017	136.285	80.381
371.264	261.256	141.103	83.469
365.340	260.831	148.640	85.646
358.245	263.565	167.806	86.799
356.230	266.443	175.981	85.446
352.230	266.512	183.014	86.394
346.632	271.317	192.188	85.510
340.825	271.021	201.574	85.945
333.150	274.085	213.587	83.890
333.534	273.978	213.122	85.241
333.753	275.448	219.230	87.573
338.708	275.191	215.325	89.907
352.124	272.826	208.730	93.846
