178.000	169.000	43.000	112.000
180.436	173.355	49.427	108.206
190.212	172.021	49.330	110.605
205.878	168.614	45.776	110.099
216.552	177.563	44.836	103.646
227.136	177.238	45.287	103.293
237.557	176.343	44.834	101.398
247.253	175.431	42.891	107.033
255.039	179.835	42.818	95.234
248.003	181.455	40.060	104.765
233.737	173.718	53.660	108.795
186.524	183.065	52.627	107.514
151.615	186.463	46.991	112.017
134.902	186.091	39.660	114.979
139.381	191.175	44.832	109.121
150.953	195.224	49.934	119.358
160.876	195.837	44.381	103.755
172.293	193.065	43.573	124.201
182.922	194.453	45.688	117.463
201.053	200.057	48.916	121.829
213.207	204.704	47.495	116.715
228.736	211.822	44.635	112.043
235.224	213.847	45.116	110.635
244.133	208.209	48.122	110.340
271.946	209.581	40.355	97.942
278.446	207.272	42.890	94.489
284.008	203.417	50.912	100.491
297.158	206.177	43.463	109.213
309.342	214.518	43.281	100.438
326.183	209.262	42.699	121.095
339.056	215.838	50.063	98.576
346.225	215.382	54.367	109.660
375.524	211.953	45.304	113.837
360.661	210.351	47.369	119.426
329.440	216.260	50.689	127.157
309.974	207.989	54.107	118.384
288.642	207.486	57.939	121.828
266.137	209.628	59.818	117.157
248.975	213.229	56.129	116.327
232.629	212.869	55.181	114.276
239.224	212.440	53.827	121.133
251.144	220.270	47.530	112.153
270.217	218.433	51.090	115.696
282.023	229.243	47.125	107.960
294.549	223.441	49.401	121.338
306.954	225.741	49.683	126.576
318.388	227.808	52.746	123.244
332.692	230.743	52.117	120.295
345.522	226.991	53.818	118.351
362.685	223.854	53.998	115.007
382.299	222.391	52.818	118.410
396.119	219.960	46.753	112.703
406.507	226.019	52.061	105.328
420.238	223.401	51.354	101.943
435.303	219.266	48.722	109.848
417.727	229.163	47.940	114.095
386.268	237.471	51.643	121.411
363.031	241.962	52.079	114.841
346.996	234.711	51.635	132.265
325.092	235.027	56.380	122.452
322.267	232.471	53.817	127.819
333.779	233.223	53.600	130.466
350.437	228.623	59.808	128.131
371.013	230.453	56.647	129.426
386.710	230.906	51.479	123.980
400.596	235.130	53.373	123.877
411.063	233.746	52.343	121.377
416.465	234.219	54.561	119.959
419.630	241.140	58.652	119.426
421.909	246.851	47.699	109.379
433.576	244.054	44.716	112.222
418.892	248.641	47.892	109.638
395.142	255.555	52.474	105.006
369.094	256.719	56.506	108.264
334.405	262.684	55.625	113.295
301.064	267.171	55.918	113.539
276.989	269.417	58.523	126.593
251.975	266.696	60.540	122.034
223.378	265.890	59.544	135.092
242.067	268.129	55.608	136.839
244.536	286.284	54.054	122.885
256.375	285.714	58.414	122.766
272.411	288.752	57.284	127.869
279.990	286.024	51.613	142.357
287.761	291.073	54.538	143.319
294.671	303.503	52.216	135.617
294.291	298.051	56.601	139.746
305.112	274.951	52.589	127.949
308.346	230.976	51.624	136.991
312.294	189.647	51.758	142.792
315.846	133.692	55.076	144.257
315.646	107.796	55.304	155.549
317.744	113.016	57.859	155.270
316.901	114.582	57.128	159.818
317.636	114.960	58.489	161.971
319.673	117.450	57.401	160.838
318.824	118.029	57.446	166.369
320.233	124.142	56.872	166.567
321.233	125.245	56.724	168.174
319.550	125.157	59.162	167.809
318.480	128.894	61.549	172.513
315.889	136.531	64.269	173.395
314.912	138.748	64.003	174.060
314.912	138.010	65.444	176.142
315.604	145.019	67.021	177.451
317.230	150.197	69.100	179.849
317.023	151.614	69.628	178.606
317.076	153.144	66.799	182.228
316.384	161.438	66.056	182.306
316.162	165.884	66.905	188.216
318.434	166.725	65.170	187.314
320.158	169.574	67.266	187.430
323.013	176.022	67.117	193.233
325.430	182.074	69.235	191.760
328.562	184.431	70.280	192.566
330.415	185.740	71.565	192.787
331.839	189.519	73.155	196.758
335.413	199.111	73.979	194.871
338.815	200.816	74.188	201.260
345.876	201.262	71.079	200.043
350.634	205.933	72.775	205.387
357.018	214.458	73.491	208.064
363.740	219.228	70.874	206.998
365.951	218.903	73.467	207.566
365.592	221.202	78.183	218.831
367.112	231.334	77.783	215.966
367.476	235.444	77.285	220.474
370.867	204.150	72.935	224.799
372.246	172.262	71.921	222.093
372.373	135.283	73.431	227.698
368.025	101.361	74.351	229.781
365.831	105.062	77.111	227.211
357.820	111.181	84.356	237.862
358.001	126.061	81.538	232.884
359.366	131.013	80.343	234.179
360.445	134.999	78.639	230.848
362.569	142.948	76.927	239.218
361.059	152.788	83.977	243.775
366.276	156.907	80.275	244.310
367.923	161.106	81.974	241.062
370.823	167.696	81.845	247.085
372.721	156.872	85.939	258.306
376.395	119.906	84.316	261.883
380.200	81.132	80.639	252.594
380.444	33.477	85.548	264.895
387.092	43.186	86.713	264.003
398.206	46.536	88.452	264.423
403.790	51.705	92.065	263.014
404.322	60.268	98.229	279.102
412.607	72.179	95.287	275.446
417.947	81.297	91.822	277.022
424.804	90.667	95.043	278.222
432.382	102.645	97.605	290.342
416.342	113.611	95.352	290.123
390.402	120.455	94.188	287.171
356.346	128.059	103.794	293.129
335.686	145.840	116.035	295.662
337.176	154.766	119.191	298.515
344.635	162.688	117.033	294.717
356.536	169.226	110.999	288.172
361.736	180.672	109.458	276.342
365.043	200.131	111.529	257.632
371.358	210.278	112.451	250.125
372.096	215.110	117.954	246.245
368.266	233.464	128.244	229.051
373.912	254.953	124.679	209.381
380.044	265.682	119.494	203.174
382.866	280.910	123.437	183.897
392.106	303.546	121.058	163.545
