210.000	156.000	56.000	41.000
204.266	154.974	57.151	40.389
193.353	157.792	58.987	41.933
192.650	158.642	60.100	41.966
192.747	158.924	61.514	42.533
192.958	158.528	61.646	42.853
190.470	158.805	62.341	43.290
188.096	159.285	60.601	43.685
186.292	159.188	59.529	44.391
184.068	159.360	60.623	44.757
181.136	159.517	59.970	45.074
178.420	159.408	62.942	45.548
175.366	159.431	60.775	46.525
172.997	160.849	62.890	46.086
170.944	161.763	61.841	46.724
167.464	163.579	63.263	46.359
164.798	164.399	64.687	47.186
162.366	165.642	63.328	47.069
159.163	166.519	63.587	47.876
156.508	167.337	63.304	48.474
154.390	168.027	64.403	48.912
151.689	169.615	64.820	48.418
148.748	170.385	63.984	48.981
145.546	171.817	67.007	48.991
143.227	172.801	66.164	49.206
140.193	173.743	65.988	49.942
137.963	174.853	65.598	50.093
135.300	176.166	66.649	50.511
133.023	177.145	66.763	51.168
130.501	178.340	66.826	51.448
128.503	178.842	65.788	52.525
124.906	181.245	66.953	52.033
123.027	182.237	66.383	52.675
120.369	182.904	66.835	53.659
118.705	183.544	67.356	54.284
116.135	184.297	67.549	55.130
114.086	185.655	68.028	55.612
112.287	186.833	67.873	56.446
109.963	188.080	68.804	56.740
106.452	191.015	69.579	57.058
101.632	193.361	71.354	57.701
100.603	195.123	71.026	58.805
100.258	198.187	69.323	59.444
97.334	200.936	70.634	60.342
95.766	202.437	70.839	62.986
94.034	204.321	72.039	64.948
91.582	209.296	74.716	64.580
90.709	210.735	75.520	67.334
89.024	215.016	78.259	68.437
89.399	218.864	78.216	68.826
87.762	221.215	81.593	72.109
87.336	221.480	84.593	76.107
87.828	226.646	84.651	75.992
87.267	230.403	88.504	77.660
90.143	234.031	87.927	78.767
90.490	236.241	91.512	82.912
91.855	240.190	93.554	84.366
94.877	243.346	94.648	88.002
96.277	246.555	97.001	90.457
98.687	251.951	99.589	91.636
101.252	254.988	101.118	93.885
103.504	258.959	103.515	95.347
106.711	262.443	105.761	99.120
109.243	265.734	109.607	101.515
112.753	273.714	113.265	101.933
116.627	278.805	117.873	103.571
121.001	282.942	120.988	106.182
125.250	286.992	124.292	109.024
128.743	292.100	128.214	111.625
134.449	294.975	130.568	115.424
138.864	300.257	132.150	116.953
144.276	302.930	136.735	121.838
148.666	306.746	140.563	123.615
152.789	312.413	145.060	125.977
158.754	315.331	147.698	130.105
162.923	322.230	150.504	132.654
167.502	325.233	155.105	135.600
171.971	330.538	161.620	137.605
177.672	337.106	167.015	139.243
183.466	340.743	171.876	137.532
189.378	347.582	179.364	133.418
195.255	354.431	185.353	126.569
201.723	360.211	191.468	120.789
211.837	366.169	189.716	114.831
219.230	372.369	207.642	108.631
