468.000	116.000	19.000	49.000
461.909	118.383	24.098	44.770
458.478	119.076	25.552	45.506
454.010	121.128	24.247	44.359
451.067	123.572	24.615	39.605
447.929	123.525	22.075	41.057
444.511	124.552	21.663	40.101
440.907	123.967	21.310	40.629
432.344	117.109	22.318	47.934
426.747	122.233	22.046	47.764
422.909	123.589	23.716	43.303
419.037	122.749	21.728	44.543
411.326	121.205	25.056	49.723
407.410	122.618	24.109	51.660
401.225	120.672	25.998	50.955
397.400	119.806	24.905	53.617
392.229	121.058	24.690	48.554
389.080	120.750	24.315	45.276
384.034	123.562	25.475	43.378
377.731	124.912	26.658	41.733
375.048	125.318	24.521	37.922
372.901	122.608	23.257	41.115
368.410	152.920	22.904	44.781
364.971	194.899	22.995	45.157
361.049	228.302	23.377	42.279
369.338	239.066	24.002	46.219
364.879	242.598	23.185	42.388
362.638	239.523	23.043	45.928
358.035	236.332	24.056	43.738
354.280	237.979	24.856	47.247
343.443	240.241	28.160	48.386
341.217	238.818	24.019	49.374
337.241	242.639	24.309	45.201
334.968	245.600	24.359	38.299
331.691	246.095	23.708	39.305
326.146	245.743	22.967	41.861
319.110	247.494	23.829	40.771
314.187	243.727	24.338	43.605
311.892	244.063	23.108	40.906
309.397	244.582	23.413	41.029
305.079	246.680	24.950	42.393
300.923	246.843	22.674	42.703
292.106	203.188	32.419	39.770
294.097	244.663	23.591	45.240
288.009	230.964	30.428	57.795
279.314	245.289	22.969	46.014
278.365	243.782	21.227	49.155
275.920	242.083	22.423	44.185
272.901	244.407	22.309	43.022
217.774	229.285	20.222	52.068
278.602	202.013	30.135	38.879
249.502	248.683	38.962	95.417
247.748	245.229	35.683	62.833
248.997	246.890	26.007	60.027
246.319	242.840	24.461	56.036
241.474	242.402	24.679	52.157
236.291	237.899	24.001	48.706
233.303	240.309	23.265	43.627
230.236	243.690	22.123	39.862
226.937	244.331	20.611	39.255
224.196	243.452	20.157	40.306
213.965	239.151	23.660	44.356
239.389	257.894	31.640	52.339
199.001	240.794	25.336	48.877
202.451	244.554	23.954	43.341
201.505	245.397	21.740	42.979
193.775	243.042	23.487	45.563
194.274	241.303	24.573	43.804
195.382	193.933	30.247	21.419
196.886	238.183	27.257	48.133
135.078	187.122	18.366	18.643
182.171	238.118	24.465	50.448
195.736	244.939	26.440	45.914
195.115	194.893	30.349	27.143
190.625	244.040	32.428	53.243
35.365	218.895	64.167	86.493
174.178	231.083	117.652	127.619
235.192	229.406	81.803	94.228
241.848	249.574	156.659	135.120
286.683	224.315	115.224	116.242
313.311	229.009	106.312	91.088
339.135	231.635	144.038	131.368
397.163	239.414	189.145	171.275
387.736	240.329	217.522	230.225
398.069	256.066	162.012	145.813
393.477	255.669	180.578	192.171
417.507	241.494	147.141	126.889
631.000	283.177	0.000	119.208
405.687	269.559	148.444	148.230
386.003	263.136	152.864	137.735
394.721	270.853	119.340	118.218
400.764	145.930	49.583	59.674
564.566	224.957	28.283	52.914
493.582	239.888	25.032	47.065
490.444	226.481	25.165	53.759
480.333	219.308	28.939	58.368
489.061	236.003	27.331	50.714
494.469	182.989	26.636	28.945
493.737	192.932	27.329	15.907
491.464	235.040	24.735	47.699
494.369	249.616	22.983	39.019
496.573	248.697	18.772	33.755
494.487	249.670	21.361	33.772
450.190	210.959	21.915	28.873
444.076	202.048	19.071	35.929
492.045	245.938	21.020	36.264
488.304	222.065	23.329	46.435
486.982	234.980	30.727	53.871
505.538	149.779	30.288	46.706
488.426	233.030	27.365	48.561
379.750	225.410	56.409	67.227
371.392	224.745	50.000	73.358
326.104	214.087	110.181	99.935
450.794	243.797	78.680	97.947
429.563	227.950	50.923	70.440
287.743	235.235	46.176	67.584
219.241	148.643	47.295	64.609
390.796	227.873	47.547	67.704
227.607	144.026	53.041	62.907
212.686	153.896	43.448	48.745
315.718	233.337	42.157	66.943
400.029	231.748	43.518	66.818
297.986	229.588	50.959	72.662
202.782	230.996	49.854	73.443
354.483	144.085	47.598	49.780
401.600	144.412	51.702	71.328
225.385	154.399	43.828	61.056
319.385	234.424	49.555	64.675
287.304	232.938	45.041	67.091
253.302	146.795	55.241	75.507
399.125	153.789	50.485	58.932
295.002	222.587	94.870	92.962
279.934	230.756	53.521	73.327
289.486	228.742	105.163	85.632
200.164	337.585	26.882	60.133
324.052	226.822	60.090	72.484
471.123	257.031	88.453	120.881
415.971	258.838	173.016	136.528
454.516	238.417	116.327	97.169
471.760	232.825	57.140	76.575
410.049	259.519	108.683	114.645
393.123	230.464	152.220	163.506
439.994	232.141	100.632	102.112
425.809	267.611	146.448	141.989
463.993	242.612	126.317	92.548
466.713	242.361	71.597	95.632
488.257	184.018	30.585	23.718
488.483	189.926	25.742	21.762
494.944	249.216	21.751	41.221
530.125	237.172	31.351	61.159
556.075	202.036	9.904	15.153
492.932	250.666	21.349	34.417
494.634	251.553	19.892	34.293
494.098	244.276	20.040	38.153
446.094	204.978	19.586	31.641
445.673	239.224	50.212	62.905
486.184	239.607	29.901	54.085
488.990	240.759	26.074	50.197
494.213	236.756	23.545	47.749
494.675	249.312	24.258	39.444
493.514	241.000	23.334	47.231
494.679	245.744	22.627	40.630
494.155	246.716	24.258	39.949
494.050	235.091	23.473	50.742
493.233	244.294	24.880	42.545
493.291	242.963	24.524	44.890
527.781	196.262	27.685	16.605
493.174	246.552	24.431	41.686
493.189	245.231	21.245	40.940
493.110	243.072	21.974	46.274
482.077	197.892	23.968	41.472
494.195	246.464	23.629	42.828
493.038	251.058	23.295	40.221
495.905	245.631	20.800	39.959
498.035	205.034	25.372	13.940
507.636	253.898	37.671	37.551
477.587	230.020	65.472	82.142
508.344	252.533	48.599	49.142
467.606	241.224	39.423	59.178
505.063	236.884	49.174	61.846
465.659	237.843	86.764	75.769
481.009	240.821	55.891	63.167
476.879	241.445	46.621	64.881
465.366	241.248	42.627	60.175
520.423	238.764	43.078	60.489
436.920	213.335	100.578	93.335
419.595	231.208	85.769	82.704
455.575	237.757	78.360	75.367
486.015	243.926	41.657	58.007
463.177	238.429	80.962	73.105
505.145	236.177	37.923	62.161
424.799	241.250	38.038	60.409
527.181	241.017	43.740	57.291
424.323	224.005	81.920	79.960
500.290	236.015	52.657	64.971
430.017	235.905	95.675	77.426
432.178	233.595	89.934	80.995
431.517	225.933	92.757	82.034
417.616	216.268	82.445	81.810
420.030	233.915	75.702	77.855
407.125	211.816	79.146	83.287
355.355	227.138	48.299	70.989
434.466	228.770	88.903	80.648
432.269	235.255	73.148	75.611
432.838	233.840	86.232	77.967
421.828	233.067	75.508	79.972
351.414	158.192	43.113	61.283
421.292	244.843	36.736	58.576
418.688	238.900	79.046	73.908
431.729	241.574	41.043	59.173
450.790	224.492	74.504	82.483
425.585	236.279	74.916	75.282
351.039	167.350	40.276	60.447
427.029	237.303	78.620	74.320
506.777	167.416	42.964	68.076
351.951	231.487	29.516	69.044
340.974	246.748	30.072	54.408
392.909	202.829	81.337	98.558
377.139	218.921	70.366	99.629
337.047	157.430	49.264	45.918
269.015	224.490	105.824	67.226
420.862	217.833	48.367	75.868
428.338	207.286	49.755	82.717
362.949	186.348	98.549	104.508
426.509	208.106	51.695	79.459
418.304	213.121	50.268	75.808
223.925	226.748	41.322	75.167
224.753	233.636	28.319	57.552
220.412	234.232	26.308	56.560
217.078	234.460	24.649	55.016
213.045	234.785	26.172	54.972
209.361	235.233	28.121	51.909
205.988	235.194	29.688	53.279
203.222	234.590	30.084	52.626
201.982	233.973	28.357	54.549
201.195	232.673	24.749	55.916
199.178	233.942	24.480	54.033
196.771	234.038	23.958	52.111
193.195	234.275	24.780	52.913
189.874	233.675	25.427	51.573
185.592	233.209	28.276	51.501
181.762	233.401	30.320	50.115
179.175	233.760	29.757	50.411
177.593	233.163	27.565	49.926
176.115	233.169	25.676	50.221
174.296	232.973	24.575	50.859
171.646	233.240	24.075	48.530
168.073	234.223	24.396	47.301
165.059	234.046	24.492	45.738
162.563	233.565	24.088	42.021
158.335	233.149	26.735	41.830
154.912	233.991	26.800	40.159
154.511	233.674	27.782	40.780
189.562	231.784	27.440	44.747
231.361	231.285	26.756	41.394
265.670	232.202	26.449	42.245
295.526	232.067	28.301	42.899
322.903	232.648	32.116	39.890
352.089	236.425	29.040	44.075
351.590	236.563	26.583	44.052
348.629	236.358	26.900	43.902
346.974	236.138	24.978	42.014
342.386	235.407	24.019	42.443
339.724	235.270	23.477	41.077
336.065	235.131	22.978	39.193
331.893	234.903	22.877	37.775
326.750	236.663	22.931	39.021
322.455	236.763	23.354	38.073
319.532	236.430	23.203	37.874
316.159	235.959	23.038	39.478
312.171	237.007	24.245	38.675
309.065	236.853	23.435	39.594
306.405	235.978	22.751	39.091
303.654	235.358	23.155	38.770
301.864	235.548	23.127	38.923
298.352	235.057	23.035	40.844
294.157	235.715	22.932	40.997
289.618	235.626	22.829	42.534
286.193	235.246	22.913	44.373
281.599	235.541	25.491	50.707
276.464	236.031	27.869	56.696
273.927	236.125	27.207	58.018
272.704	236.159	24.768	57.313
269.912	236.326	24.739	56.970
267.463	236.089	25.104	57.264
263.366	235.940	26.549	56.678
260.425	236.226	27.149	56.811
256.319	235.621	24.849	57.545
251.973	236.201	25.287	56.943
248.076	236.266	25.690	56.690
245.246	235.966	26.453	57.674
243.467	236.001	25.361	57.122
241.091	235.934	23.794	56.347
238.298	235.846	22.982	56.548
234.747	236.458	24.366	55.337
231.655	237.216	25.386	54.938
229.579	236.950	25.025	55.777
226.135	236.468	23.078	54.685
222.150	236.297	23.343	56.680
218.054	236.607	25.233	55.885
215.554	236.894	25.155	56.028
213.658	236.093	23.541	56.006
211.704	236.109	22.094	56.380
209.100	237.965	21.711	54.975
205.832	236.876	23.454	55.608
202.747	237.020	24.263	55.353
199.561	236.522	23.886	56.059
196.795	236.225	21.347	56.877
194.378	236.392	21.696	56.412
190.665	236.581	23.514	56.333
187.596	237.052	24.261	56.000
185.348	236.665	23.370	55.550
182.793	237.249	22.933	54.559
180.326	236.072	22.544	56.709
177.065	236.726	24.547	55.549
175.178	237.751	24.108	54.311
172.718	236.443	23.920	56.362
169.741	237.267	24.310	54.973
167.613	236.291	25.099	56.289
165.190	235.713	26.401	56.660
163.320	234.281	26.139	57.872
200.176	233.187	25.719	57.449
228.560	234.076	28.078	54.665
255.394	232.712	24.814	55.315
272.999	234.278	24.896	54.320
273.802	233.266	24.173	56.821
270.418	231.271	25.924	57.577
268.023	230.303	26.266	58.091
267.408	231.855	25.328	56.722
267.133	230.559	24.265	57.102
265.685	230.159	23.458	56.570
268.683	231.543	29.584	55.313
299.531	228.935	29.323	57.175
340.457	232.136	25.479	53.504
337.602	232.521	25.002	53.721
335.604	231.665	25.510	55.112
334.597	231.951	24.115	54.523
331.331	231.306	23.246	54.867
329.022	231.010	23.264	53.868
326.646	231.864	23.634	53.581
325.214	230.880	23.818	55.824
322.869	230.273	24.307	55.866
320.596	230.357	24.526	55.823
318.127	230.780	24.451	55.639
314.534	231.367	25.857	54.232
312.883	230.862	24.991	55.359
311.195	231.817	22.095	53.671
310.618	231.342	19.368	53.811
305.807	232.286	21.967	50.228
302.577	231.845	22.784	51.070
301.021	230.826	22.742	53.470
299.162	230.664	21.300	51.374
297.028	231.032	19.053	52.044
293.407	230.552	21.855	53.420
288.409	231.339	25.719	52.628
286.808	231.915	25.680	53.389
284.621	231.975	26.035	53.595
281.494	231.356	24.885	54.081
279.304	231.218	24.197	53.904
276.218	231.121	24.570	53.868
274.091	230.927	24.713	54.203
272.581	230.477	23.756	54.772
269.805	230.646	21.914	54.228
267.693	230.446	22.487	53.888
263.309	230.822	24.845	54.054
260.847	231.398	24.964	54.834
258.208	232.581	25.129	53.885
254.586	232.274	23.248	54.121
250.109	232.351	23.958	53.441
246.046	232.892	26.494	52.788
244.511	232.330	26.401	53.604
242.953	231.809	22.973	53.192
240.147	231.349	23.628	54.246
233.897	231.904	27.868	52.975
232.974	230.775	26.390	54.870
231.078	230.932	25.544	54.507
227.853	230.634	23.730	53.930
253.110	230.518	29.589	53.176
282.526	230.402	28.235	52.107
301.419	229.014	24.448	53.961
299.038	229.126	22.059	52.909
296.862	229.290	22.957	54.103
289.914	228.851	26.792	52.825
288.172	229.653	27.138	53.200
286.830	229.660	24.801	52.419
283.600	229.032	22.073	52.735
279.036	228.869	23.815	52.261
276.296	229.186	25.020	52.221
274.360	228.941	24.023	52.703
271.900	228.811	23.112	51.428
269.725	228.562	22.710	52.734
264.799	228.178	25.017	51.722
262.968	228.549	25.535	51.912
266.699	227.610	28.503	52.149
299.806	228.384	25.487	50.818
335.282	227.800	24.327	50.494
344.795	224.611	26.938	51.868
342.866	225.501	27.054	50.788
342.417	224.814	24.576	52.016
342.083	224.393	23.662	52.175
339.931	224.360	23.710	51.739
334.712	225.053	26.416	50.638
334.591	224.136	25.345	51.922
332.653	223.499	24.192	51.556
330.242	223.937	23.776	50.703
327.738	223.305	24.287	51.902
325.296	223.620	26.002	51.317
323.432	223.257	25.267	51.315
322.872	222.702	23.634	50.926
320.825	222.578	23.607	51.077
318.069	222.735	24.544	50.850
315.965	223.521	24.810	50.764
313.600	222.919	25.201	50.852
311.131	222.712	24.232	50.816
308.582	222.155	25.648	51.354
306.870	222.143	27.391	51.903
304.811	222.075	28.224	51.144
304.143	222.475	26.693	50.453
303.013	221.836	24.607	50.923
301.506	221.394	24.804	51.671
299.029	221.923	25.639	51.529
297.205	222.524	24.707	50.657
295.506	221.887	24.428	50.072
293.775	220.845	25.301	51.110
292.509	221.916	26.558	49.401
291.476	221.869	26.449	49.211
290.931	221.119	25.452	50.477
290.146	220.319	24.868	50.282
288.955	220.361	24.113	50.351
287.447	220.643	23.474	49.436
285.856	221.073	23.387	49.483
283.803	221.486	24.261	49.224
281.925	221.394	24.041	48.611
279.504	221.235	25.295	48.625
279.083	221.626	24.585	48.092
277.152	220.937	24.700	48.859
276.532	220.589	23.439	49.150
275.242	220.486	23.027	49.309
273.127	220.050	23.572	49.058
271.729	220.267	23.750	49.062
273.495	221.319	23.760	47.474
311.413	220.383	24.985	47.792
344.595	219.281	24.580	48.368
339.812	219.723	25.686	48.082
338.096	219.723	26.896	47.302
338.226	218.921	25.669	48.191
336.559	218.768	24.512	48.172
335.253	218.600	23.681	48.310
333.557	219.046	23.495	47.846
331.870	218.484	23.039	48.066
329.870	218.132	24.102	48.570
328.135	218.086	25.628	47.965
327.201	219.388	25.610	46.178
326.703	218.759	25.209	47.405
325.729	217.768	24.367	47.852
325.761	218.047	22.822	47.280
324.637	217.173	22.706	48.067
323.262	218.226	22.525	47.240
321.770	217.589	23.203	47.911
319.752	217.712	23.454	47.579
318.282	217.646	24.831	46.640
317.407	217.621	25.670	46.832
316.387	218.349	25.748	45.692
315.414	217.135	25.281	47.577
314.781	216.938	24.915	46.837
313.962	216.450	23.056	47.348
314.112	216.268	21.852	47.633
312.197	216.494	22.086	47.413
311.194	216.624	21.547	47.038
308.568	216.708	22.583	46.078
306.073	215.894	23.414	46.613
303.994	216.398	24.812	46.657
302.718	216.587	24.757	45.651
302.201	215.317	23.724	47.337
301.488	215.213	23.119	46.820
300.853	214.290	22.657	47.884
299.077	214.983	23.064	46.903
298.395	214.206	22.098	48.538
296.606	214.606	22.171	47.824
294.745	214.694	22.799	47.280
293.664	214.561	22.897	46.622
292.457	215.968	23.421	45.196
291.211	215.219	23.355	46.628
290.151	214.406	22.872	46.995
289.266	214.724	23.029	46.630
288.088	214.580	22.536	47.035
287.106	214.906	22.446	46.594
285.332	214.872	22.772	46.420
283.219	214.944	22.813	46.071
281.054	214.829	23.002	45.724
280.304	215.595	23.005	44.439
278.993	214.610	23.166	44.005
277.748	214.355	22.924	44.775
276.757	213.887	23.363	43.337
276.049	214.354	21.917	45.832
274.139	214.482	22.083	43.496
271.844	213.919	22.346	46.727
270.350	213.814	23.716	45.834
269.938	213.668	23.369	46.025
268.986	213.720	23.472	45.049
268.531	214.013	22.982	45.024
268.102	212.982	22.803	46.279
267.473	213.129	23.367	45.224
266.304	212.958	24.085	45.121
265.235	213.186	23.881	45.662
264.228	212.689	23.649	45.016
263.211	212.448	23.748	44.601
262.884	212.569	23.396	44.676
263.408	212.743	22.384	43.639
263.358	212.540	22.935	43.861
262.922	212.064	22.797	44.214
262.717	211.196	23.219	44.032
262.956	211.270	22.685	44.292
262.244	211.210	22.643	44.796
262.085	211.664	22.959	43.838
261.448	211.126	22.877	44.136
261.179	211.122	23.012	43.673
260.731	211.101	23.170	43.485
260.993	211.731	23.252	42.301
261.665	211.448	22.682	43.332
261.955	210.713	22.440	43.133
261.272	210.408	23.748	43.358
261.448	210.479	23.380	43.370
261.428	210.671	23.112	43.109
261.123	210.272	23.068	43.333
260.965	209.709	22.913	42.798
261.031	209.428	22.783	43.382
261.371	209.724	22.183	42.200
262.166	209.575	21.627	43.578
262.382	209.053	22.065	43.263
262.577	208.403	22.205	42.772
262.324	208.133	22.422	42.618
262.640	208.311	21.775	42.364
262.718	208.319	21.683	41.820
262.640	206.870	21.209	43.323
262.185	206.680	22.409	42.460
262.350	206.667	21.861	42.301
263.305	206.747	20.951	41.795
264.098	206.454	20.907	42.214
264.919	205.649	20.270	42.374
264.469	205.410	21.510	42.553
264.281	205.889	22.070	42.280
264.320	205.735	21.851	42.121
264.592	205.329	21.528	42.207
264.676	205.433	21.595	41.145
265.657	205.486	20.594	41.191
266.522	205.411	20.232	41.035
267.005	205.172	20.491	41.784
267.741	204.439	20.366	41.250
267.342	204.161	21.539	41.511
266.492	204.447	22.668	41.301
266.762	204.355	22.496	41.265
267.461	203.767	21.330	41.811
268.163	203.609	21.223	41.155
269.483	203.661	19.940	40.924
270.528	204.360	19.930	40.260
271.231	204.222	19.640	40.354
272.573	203.613	19.092	41.072
273.117	203.538	20.162	40.497
273.001	203.649	21.431	40.565
273.452	203.773	21.708	40.284
274.356	203.488	21.479	40.570
275.156	202.590	20.776	41.437
276.863	203.225	19.797	40.873
278.133	202.825	19.528	41.472
279.324	202.963	19.824	40.889
280.260	203.081	20.329	40.216
280.399	202.649	21.414	40.760
280.634	202.454	21.674	40.855
281.011	202.331	21.675	40.110
280.956	201.621	22.065	41.279
281.487	200.998	21.528	41.031
282.454	200.957	20.876	41.070
283.585	201.091	20.591	41.305
284.406	201.411	20.564	40.868
285.987	200.576	20.304	41.509
286.553	200.083	21.226	41.532
287.316	200.001	21.721	41.269
287.481	199.687	22.059	41.441
287.558	200.361	22.533	40.375
288.221	200.266	22.161	40.623
289.020	199.315	21.349	40.983
289.232	198.861	21.326	41.636
289.433	199.228	21.140	41.214
290.471	199.282	20.220	41.461
291.984	198.967	19.645	42.574
292.907	198.770	20.107	39.520
293.177	199.053	20.378	39.191
293.569	198.870	20.535	39.944
294.104	199.563	20.689	38.639
294.224	199.279	20.646	38.973
294.344	198.702	20.599	40.303
294.338	198.686	20.532	40.238
294.921	198.230	20.463	39.480
296.114	198.517	19.465	39.161
296.558	198.407	18.813	39.619
296.706	198.006	19.314	39.329
296.830	198.353	20.278	39.360
297.097	198.664	20.581	39.246
297.730	198.517	20.751	39.460
297.541	198.353	21.502	39.760
298.624	198.172	20.669	40.034
299.282	198.081	20.637	38.175
299.891	198.289	20.458	36.417
300.878	198.282	19.976	36.859
301.721	198.265	19.696	37.753
302.533	197.739	19.966	37.368
303.593	197.299	20.006	38.203
303.999	196.782	20.230	39.519
305.133	196.240	20.099	41.165
305.888	196.380	20.995	42.204
306.315	196.452	21.200	43.508
306.656	196.735	20.543	42.967
307.206	196.687	20.535	41.652
307.906	196.648	20.427	39.203
308.978	196.809	20.293	38.937
310.293	197.180	20.563	37.922
310.733	197.146	20.557	36.875
311.833	197.021	20.062	38.484
312.069	197.039	20.863	38.074
312.577	196.860	21.551	38.332
312.300	197.330	22.681	38.484
312.532	197.180	22.665	39.013
314.385	196.773	20.778	38.161
315.053	196.824	20.259	37.445
316.055	196.936	19.339	38.323
316.471	196.596	18.943	38.876
316.874	196.451	19.617	38.941
316.300	196.680	21.335	38.161
316.613	196.627	21.340	38.208
316.889	196.536	22.330	37.717
317.322	196.969	22.272	37.356
318.612	196.389	20.723	37.988
319.378	196.275	20.545	36.719
320.872	195.777	18.956	36.239
321.668	196.032	18.952	36.358
322.308	196.241	19.475	35.563
322.796	196.074	19.500	36.114
323.351	195.611	19.872	37.345
324.129	195.102	19.652	38.193
325.314	195.517	19.825	35.986
326.139	195.462	19.238	36.442
326.842	195.212	19.463	37.319
327.563	194.877	19.506	37.895
327.933	194.577	20.063	36.686
329.325	195.263	19.128	36.677
330.237	195.119	19.091	37.944
331.204	194.412	19.018	37.666
331.343	194.699	19.690	37.502
331.896	194.210	19.524	37.839
332.422	194.553	19.867	37.469
332.855	194.030	19.771	37.933
333.214	193.918	19.870	38.755
333.799	194.022	19.738	36.444
334.967	193.964	19.231	37.042
336.464	194.137	18.290	36.567
337.446	193.915	18.515	36.851
338.081	193.811	19.314	37.385
338.857	193.794	19.596	36.658
339.967	193.562	19.637	37.342
340.371	194.056	19.674	36.261
340.801	193.352	19.887	37.866
341.266	193.466	19.600	36.568
341.950	193.394	20.111	37.100
342.904	193.997	19.991	36.361
344.219	193.991	19.513	35.780
345.247	193.247	19.969	37.476
346.184	193.210	20.508	36.769
347.493	193.522	19.601	36.377
348.334	193.547	19.385	35.810
348.672	193.241	19.434	36.612
349.153	193.033	19.472	37.383
349.320	192.838	19.701	36.083
350.079	192.816	19.417	36.078
350.704	193.122	19.460	36.245
351.588	192.850	19.075	36.542
352.109	192.662	19.303	36.220
352.351	192.404	19.825	36.540
352.328	192.784	19.953	36.132
352.810	192.868	19.398	36.354
352.719	192.073	19.040	37.081
352.723	192.209	18.902	35.923
352.985	191.702	19.044	36.031
353.147	192.065	18.867	35.452
354.196	192.248	17.980	35.498
354.718	191.917	18.288	35.757
355.187	191.803	18.940	35.268
355.515	191.165	19.152	36.235
355.925	191.748	19.921	35.892
356.264	192.481	19.535	35.347
356.891	191.787	18.716	36.104
357.489	191.479	18.620	36.535
358.147	190.932	17.794	35.684
359.400	191.744	18.979	38.428
359.305	191.977	19.708	37.592
360.277	191.864	20.842	34.671
360.455	191.348	21.837	34.763
362.164	190.889	19.946	35.558
361.824	189.247	20.307	37.013
362.833	188.882	19.138	34.916
362.459	189.117	19.376	35.730
363.403	188.536	19.762	35.579
364.476	188.297	19.144	34.806
365.067	189.117	18.554	35.793
365.738	188.221	19.424	36.427
366.708	188.016	20.070	36.725
367.637	187.777	19.254	37.415
367.888	187.889	19.291	37.038
368.313	187.209	19.207	37.383
368.213	187.699	19.559	37.254
368.582	187.177	19.167	38.317
368.180	187.102	19.121	37.886
368.691	186.841	18.853	36.534
368.704	187.740	18.255	35.576
369.130	189.212	17.722	34.460
369.105	190.241	18.092	34.275
369.826	190.676	17.749	33.395
368.826	189.802	19.739	34.799
369.634	189.175	19.488	35.631
369.766	189.607	19.680	35.260
370.959	189.258	18.315	35.499
371.506	189.597	17.489	35.285
371.835	188.937	17.696	36.164
371.086	188.392	18.421	35.935
371.002	188.770	19.056	34.815
370.722	188.646	19.647	34.956
371.593	188.342	18.391	35.126
372.382	188.218	17.593	35.640
372.111	188.218	18.706	36.061
372.136	188.474	19.356	35.965
372.718	187.966	18.579	36.687
372.441	188.445	18.780	36.134
372.325	187.828	18.763	36.664
372.506	187.230	18.688	37.545
372.355	187.889	19.270	35.654
372.655	188.048	19.155	35.855
372.959	187.753	18.570	35.536
374.001	188.232	18.086	35.069
374.457	187.899	17.862	35.736
374.229	188.101	18.617	36.090
374.121	187.905	19.169	35.079
374.091	187.837	19.152	34.901
374.153	187.936	19.296	34.417
374.063	187.955	19.058	35.149
373.827	187.402	19.238	35.875
374.678	187.224	18.630	34.988
375.835	187.301	17.719	34.814
376.460	187.628	18.115	34.898
377.835	187.268	17.946	34.278
379.255	187.340	17.854	34.521
380.366	187.114	17.795	34.616
380.745	187.033	18.218	35.262
381.407	187.226	18.326	34.323
382.392	187.334	18.150	34.804
383.455	186.849	17.867	34.712
384.587	187.207	17.437	33.373
385.591	187.657	17.153	32.607
386.806	187.841	16.867	33.271
388.280	187.593	17.201	32.103
388.944	187.592	17.905	33.177
389.601	187.238	18.515	34.386
390.480	187.439	19.338	31.785
391.872	187.703	18.358	32.367
392.650	187.048	18.128	34.671
393.642	186.767	18.179	33.614
394.082	186.692	18.302	32.768
395.221	187.214	17.713	33.235
396.038	187.268	17.445	32.654
397.053	187.302	17.184	33.386
397.202	186.778	18.076	34.917
397.557	186.451	18.878	34.536
397.808	186.709	18.880	34.350
398.111	186.501	18.332	34.426
398.392	186.252	18.372	34.037
398.642	186.628	18.474	32.766
399.679	186.695	17.605	33.512
400.764	186.872	16.669	33.659
401.073	186.337	16.690	34.434
401.584	186.174	17.081	35.012
401.731	186.308	17.977	33.616
402.659	186.163	17.606	34.536
403.098	186.612	18.558	32.012
403.254	186.346	18.469	33.681
404.050	186.001	17.739	34.002
405.007	186.194	17.344	32.549
406.630	186.393	16.335	32.355
407.367	186.254	16.848	33.106
408.424	184.754	16.516	35.546
409.451	184.458	16.599	35.284
409.781	184.081	17.430	35.233
410.285	184.839	17.407	34.319
410.989	185.289	17.935	32.649
412.654	184.651	17.113	35.326
413.656	185.082	17.108	34.194
414.806	185.334	16.859	33.015
415.357	185.765	17.985	33.230
417.066	185.652	17.020	33.204
417.988	185.114	17.381	34.527
418.691	185.357	18.243	32.995
419.840	185.214	17.646	33.062
420.066	184.922	18.362	33.487
420.378	185.148	18.169	33.678
421.518	185.163	17.455	32.819
423.005	184.948	16.992	33.966
423.662	184.985	18.188	32.689
424.966	185.733	17.945	32.451
426.549	185.533	16.880	31.982
428.019	184.269	16.846	33.963
429.473	184.378	16.893	33.779
430.605	184.502	16.975	33.111
431.326	184.473	17.801	32.374
432.554	184.499	17.497	32.495
434.140	183.963	17.085	33.032
435.698	184.071	17.059	33.266
437.325	183.352	16.277	33.985
438.333	183.526	17.148	33.480
439.662	183.206	17.072	34.441
441.351	183.013	16.598	35.052
442.534	182.835	17.279	34.860
443.242	182.591	17.965	35.057
444.276	182.186	18.609	35.510
444.326	182.958	19.157	34.863
444.345	181.926	19.014	35.706
444.097	181.821	19.155	35.924
444.796	181.731	17.952	35.359
445.285	181.767	17.408	36.068
445.484	181.934	17.472	34.879
446.276	182.660	16.684	34.611
446.513	182.522	16.712	35.007
446.979	182.716	17.362	34.292
447.801	182.796	18.003	35.123
448.044	182.584	18.170	34.722
448.556	182.758	18.513	34.901
449.368	182.151	18.198	35.379
449.920	181.765	18.294	35.478
450.699	181.820	18.101	35.889
451.956	182.052	17.969	35.092
452.470	181.518	17.940	35.869
453.001	182.084	18.357	35.537
453.289	181.765	18.831	36.215
454.360	181.172	18.554	36.631
455.016	181.731	19.149	36.046
455.738	181.377	19.403	36.164
456.455	180.672	19.235	36.250
457.942	180.679	18.818	36.093
458.393	181.048	19.204	35.126
460.307	181.751	18.285	33.397
461.454	181.742	17.754	34.214
462.098	181.196	18.252	34.789
462.811	181.388	18.411	33.277
463.065	181.430	18.343	34.027
463.521	181.872	18.698	32.017
464.573	181.127	17.790	34.399
464.979	181.453	18.205	33.204
465.640	180.908	18.510	33.471
466.447	181.779	18.254	34.163
467.230	181.839	18.324	34.307
468.541	181.103	17.621	34.694
469.193	180.985	17.814	34.280
469.714	180.558	18.096	35.043
470.249	180.849	17.917	34.947
470.130	181.046	18.193	35.279
470.179	180.484	18.577	35.324
470.546	180.532	18.319	33.873
471.340	181.163	17.634	34.218
471.583	181.289	17.833	32.901
471.941	180.651	17.841	33.535
472.107	180.667	17.759	33.312
472.140	180.573	17.916	33.283
472.160	180.825	17.659	33.753
471.944	181.214	18.096	32.620
471.839	180.730	17.842	33.003
471.717	180.749	17.761	33.467
472.202	180.270	17.538	32.801
472.375	180.636	17.368	33.386
472.957	181.009	17.214	32.502
473.029	180.163	17.700	33.542
473.549	180.068	17.725	33.267
473.961	180.551	17.908	32.406
474.315	180.499	17.974	33.295
473.914	180.683	18.295	32.356
473.669	180.019	18.171	32.851
474.258	180.028	17.567	32.507
473.965	180.286	18.079	31.368
474.574	180.692	17.522	32.466
474.679	180.132	17.657	32.457
475.184	180.010	17.823	32.278
475.554	179.932	18.171	31.640
476.059	179.765	17.618	32.556
476.019	179.500	17.988	32.313
476.544	180.231	17.564	31.809
476.566	179.535	17.939	33.343
476.911	178.717	18.153	32.341
478.108	179.528	17.769	30.421
478.838	179.949	17.231	31.943
479.255	179.816	17.607	31.808
480.806	179.411	17.142	32.610
481.698	179.303	17.162	32.587
482.514	179.530	17.445	30.598
482.788	179.751	17.739	30.876
483.903	179.723	17.726	31.085
484.517	179.164	17.666	32.571
485.203	179.424	18.055	31.387
486.314	179.471	17.578	31.485
487.702	179.245	17.363	32.083
488.560	179.397	17.733	31.668
490.324	178.810	16.914	32.701
491.457	178.411	17.129	33.771
491.602	178.557	17.527	32.493
492.029	179.246	17.521	31.042
492.959	178.741	17.245	31.175
494.247	178.810	16.957	29.495
494.320	178.500	16.586	28.935
495.672	178.836	15.891	27.931
497.250	179.532	15.627	28.052
498.441	180.697	16.138	26.916
499.523	180.001	16.789	30.358
499.759	179.814	17.761	31.233
499.839	180.389	18.411	30.470
499.690	180.577	19.089	29.597
500.345	180.313	17.997	29.902
500.317	180.191	18.452	29.588
500.746	180.501	18.147	30.318
501.219	180.519	17.930	30.236
501.575	180.235	17.523	29.740
501.113	180.149	18.202	29.704
500.666	179.835	18.779	29.978
500.284	179.840	18.179	30.179
499.623	179.548	18.254	30.317
498.527	178.439	18.235	31.529
497.785	177.749	17.973	31.503
497.119	178.374	18.527	31.261
497.100	178.515	18.143	30.999
496.794	178.068	18.347	31.457
496.492	177.627	18.080	32.416
496.100	177.579	18.051	31.725
495.305	177.636	18.260	31.449
494.873	177.839	18.022	32.593
494.321	177.658	17.623	32.061
493.704	177.566	18.004	31.296
492.956	177.336	18.350	30.998
492.650	177.795	17.995	30.741
492.381	178.398	17.772	28.776
492.668	177.595	16.892	31.130
491.491	177.379	17.877	31.367
491.412	177.751	17.277	30.490
490.418	177.633	17.468	30.758
490.000	177.577	17.018	30.658
488.968	176.701	16.913	31.648
488.023	176.781	17.292	31.582
487.021	176.801	17.410	31.026
486.712	177.525	17.256	29.220
486.977	177.445	16.983	30.421
485.997	177.235	17.874	30.801
485.931	176.743	17.259	30.861
485.667	176.364	17.289	30.493
485.298	176.609	17.002	30.679
485.014	177.021	16.607	29.985
483.846	176.363	16.902	31.169
482.926	176.311	17.318	30.431
482.595	176.293	17.164	30.113
482.123	176.762	16.885	28.003
481.921	176.730	16.799	30.622
481.567	176.355	16.736	30.962
480.332	176.311	17.590	30.644
479.480	175.958	17.960	30.571
479.657	176.327	16.739	29.702
479.020	176.151	16.901	29.848
477.913	176.066	17.297	29.891
477.144	175.935	17.232	29.293
476.846	175.796	17.186	29.669
476.321	176.111	17.046	28.186
476.403	175.974	16.409	28.702
476.137	176.179	16.735	29.554
475.575	175.450	16.872	29.750
474.959	175.776	17.423	28.988
474.413	175.707	17.571	28.149
474.081	175.133	17.272	29.974
473.729	175.192	16.575	30.189
473.924	174.867	15.933	29.065
474.121	174.545	15.418	29.435
473.964	175.499	15.157	29.963
474.673	175.781	15.047	28.655
474.463	175.565	15.783	28.467
474.889	174.969	15.899	28.481
474.518	174.836	16.653	29.585
474.292	174.767	16.911	29.942
474.020	175.345	16.956	29.895
473.968	174.931	17.085	29.216
474.510	174.823	15.928	29.365
474.930	175.043	15.934	28.585
474.557	175.157	16.036	27.570
474.810	175.361	15.834	27.405
475.354	175.295	15.600	28.255
474.688	174.983	16.448	28.689
474.663	175.029	16.940	27.597
474.776	174.742	16.605	29.190
474.785	175.209	16.741	27.742
475.231	175.091	16.379	29.459
475.157	174.696	16.557	29.240
475.862	174.287	15.651	29.034
476.029	174.593	16.192	28.134
476.749	174.666	15.643	28.814
476.996	174.647	15.327	29.326
477.304	174.729	15.838	28.573
477.530	174.579	16.097	28.702
477.415	174.292	16.917	28.230
477.954	174.597	16.166	27.698
477.478	174.347	16.540	28.668
478.062	174.206	16.542	28.616
477.767	174.328	16.857	27.550
478.679	174.157	15.837	28.592
478.996	173.777	15.672	29.601
479.308	174.233	15.646	28.165
479.545	174.481	15.999	27.419
480.095	174.452	16.086	27.803
479.801	174.105	16.926	28.567
480.077	174.569	17.058	26.810
480.479	174.387	16.969	27.350
480.402	173.944	17.145	28.260
481.317	173.563	16.431	29.036
481.365	173.467	16.982	27.804
482.484	173.463	15.857	28.487
482.525	173.941	16.026	27.955
483.450	173.320	15.456	29.260
483.678	173.904	15.582	28.437
483.544	173.151	16.377	29.657
484.150	173.577	16.085	28.775
484.200	173.361	16.109	28.329
484.176	173.293	15.965	29.321
484.188	172.993	15.918	29.487
484.389	172.993	15.824	28.513
485.120	173.307	15.947	28.336
485.608	173.441	15.960	27.708
486.151	173.632	16.361	28.068
487.109	172.914	16.667	28.536
487.864	173.274	16.762	28.906
488.597	173.439	16.535	27.048
488.735	173.335	16.809	26.567
489.510	172.534	16.141	29.007
490.506	172.836	15.926	28.299
490.922	173.047	16.701	26.737
491.475	173.246	15.671	27.758
492.532	172.966	15.458	27.529
493.321	172.665	15.681	28.449
493.562	172.732	16.126	27.959
494.067	173.097	16.281	26.522
493.765	172.561	17.341	26.006
494.245	172.922	17.432	25.965
495.510	172.348	15.971	27.897
494.988	171.832	16.573	27.734
495.654	172.671	16.257	27.933
496.764	172.401	15.899	28.665
497.066	171.987	15.893	27.960
497.436	171.940	16.328	27.391
497.667	171.873	16.598	27.687
497.861	172.071	17.325	26.231
498.197	172.290	16.735	27.141
499.036	171.416	15.881	28.144
498.968	171.360	16.050	28.360
499.466	171.347	16.050	27.635
499.414	171.478	16.274	27.641
499.817	171.666	15.792	27.822
499.128	171.334	16.374	27.951
498.978	170.805	16.810	28.168
498.737	171.091	17.383	27.413
498.777	171.433	16.945	27.117
498.437	171.256	17.172	27.425
498.842	171.329	16.601	27.258
499.392	170.389	15.864	28.116
499.709	170.771	15.833	27.929
500.027	170.686	15.494	28.805
500.591	170.634	14.939	27.962
501.154	170.951	14.963	27.836
501.200	170.654	15.542	27.634
501.332	170.309	15.628	28.283
501.283	170.534	16.471	27.485
500.901	170.758	16.898	27.503
501.212	170.226	16.609	28.436
501.894	170.382	16.428	27.846
503.593	170.494	15.561	28.207
504.156	170.824	15.647	28.122
505.934	170.266	15.086	28.047
506.195	169.784	16.272	28.241
507.029	170.024	16.217	28.695
507.443	170.015	16.520	28.288
507.894	170.091	16.428	28.679
508.571	169.164	15.844	29.406
508.947	169.369	16.495	29.607
510.208	169.259	15.713	29.650
511.007	170.025	15.256	28.644
511.705	169.914	14.388	28.243
511.829	169.169	15.102	28.752
511.198	168.983	15.934	29.560
511.503	169.301	15.884	29.229
511.298	169.836	15.464	28.971
511.328	169.137	15.278	29.303
511.176	169.168	14.881	29.173
510.470	169.347	15.547	28.354
510.405	169.915	14.943	28.300
509.136	168.893	16.305	29.014
508.895	168.712	15.749	29.388
508.718	168.573	15.603	29.407
508.289	169.152	15.559	28.998
507.748	169.001	15.528	29.242
506.885	169.193	15.856	28.857
506.127	168.578	16.083	29.223
506.262	169.382	15.392	28.226
505.725	169.607	15.604	27.745
506.337	169.925	14.958	27.333
506.024	169.531	15.325	27.823
505.513	169.295	15.914	27.610
504.768	169.151	16.650	28.742
504.447	169.355	16.956	28.321
503.868	169.463	17.142	27.794
503.747	169.165	16.857	27.859
503.421	169.144	16.769	28.266
