190.000	213.000	38.000	97.000
186.355	212.400	38.968	98.225
180.546	215.422	39.188	98.760
174.730	214.614	43.667	101.656
170.239	214.341	45.358	103.084
164.959	216.623	40.923	101.725
156.767	215.693	38.695	105.794
151.591	216.106	39.786	104.035
142.968	219.017	44.427	101.284
128.116	219.259	47.698	102.480
122.554	218.639	43.484	94.910
118.130	221.442	40.993	82.732
110.790	223.188	42.047	81.958
99.754	228.913	45.562	85.191
91.598	224.178	46.717	89.511
85.613	222.425	46.492	91.907
79.998	226.665	44.026	90.088
70.658	227.584	41.637	87.471
63.566	227.394	39.808	92.695
56.440	226.731	40.770	89.430
48.457	228.002	45.891	95.762
41.909	226.470	44.963	114.278
30.448	228.378	44.338	107.897
20.829	234.431	45.067	105.115
11.286	243.903	52.002	99.925
8.714	249.228	48.026	94.352
3.046	241.211	44.039	101.138
7.775	235.047	50.866	99.936
30.029	231.129	50.768	104.634
62.266	234.882	48.908	102.018
102.155	236.229	42.765	103.548
131.887	242.352	42.381	97.147
160.119	246.400	39.610	92.588
180.555	233.759	52.418	103.116
205.614	231.421	54.250	110.767
238.452	230.803	47.491	108.973
271.623	230.149	40.742	109.688
300.861	229.408	37.114	117.384
329.012	234.088	40.012	107.322
337.927	232.690	42.084	113.962
344.094	230.849	41.127	116.401
338.901	232.428	38.063	112.794
330.632	236.259	45.359	112.773
322.456	237.891	50.139	111.516
312.458	240.240	49.806	112.087
305.904	237.779	47.644	106.270
298.440	239.669	48.540	112.922
291.111	244.065	48.338	112.637
284.904	242.195	47.980	112.633
273.925	242.733	48.319	118.436
268.183	244.639	46.373	118.672
259.532	247.662	49.581	113.626
249.127	248.606	50.694	112.353
243.381	247.374	46.923	108.865
236.856	248.429	44.272	92.141
220.918	251.149	52.075	116.475
215.824	253.357	49.321	124.076
208.566	253.069	45.407	122.532
197.005	253.161	46.862	123.437
174.314	255.252	66.078	123.141
168.621	256.024	67.259	123.640
163.957	255.098	55.805	125.641
161.335	254.785	50.232	126.716
182.195	255.294	62.552	125.257
203.459	258.193	71.200	121.928
234.541	257.159	60.668	123.112
264.985	254.501	44.166	124.674
283.516	254.334	49.458	124.111
296.565	256.006	69.674	123.271
290.180	255.379	66.682	124.314
284.416	253.941	52.540	123.465
264.061	256.458	56.253	121.634
248.903	256.665	67.097	121.498
243.532	257.599	66.505	123.708
234.862	256.968	51.436	124.513
222.905	257.062	47.219	123.907
199.949	259.456	67.628	122.511
195.215	260.353	66.404	123.316
189.227	258.648	51.534	121.866
177.750	258.442	43.279	121.835
161.839	261.766	56.597	120.213
152.941	263.254	59.986	117.971
176.107	261.310	48.313	103.584
203.709	259.752	39.492	119.081
215.629	260.824	57.009	119.700
242.794	266.321	55.582	111.246
270.959	261.053	49.234	119.139
285.209	258.308	44.700	122.552
307.317	258.076	51.145	124.602
325.038	261.793	63.998	121.367
349.201	265.761	52.401	116.232
339.634	259.975	42.359	124.703
322.220	264.792	54.187	121.593
307.742	264.276	66.260	121.140
302.845	266.273	60.265	118.202
292.750	265.658	47.892	118.740
282.158	266.279	49.607	116.798
264.462	267.504	63.875	119.159
257.345	270.184	60.309	115.639
249.274	265.105	46.423	119.498
229.116	266.185	55.521	117.475
221.685	268.367	58.678	116.749
218.046	275.419	49.541	108.355
208.805	271.699	46.576	110.640
210.743	269.294	60.641	116.606
234.990	265.924	62.338	114.459
255.477	268.965	69.741	112.283
285.929	279.528	57.005	99.577
309.409	287.842	49.812	93.761
333.229	272.453	50.754	107.094
355.811	267.696	55.239	101.988
