643.000	303.000	62.000	67.000
642.569	304.187	60.808	63.661
641.096	304.054	61.692	64.596
640.142	304.470	62.505	63.945
639.851	304.968	62.829	64.102
640.517	304.860	61.655	64.041
642.179	305.146	59.688	63.504
643.960	305.037	57.528	64.209
645.050	305.872	56.460	63.980
645.532	306.153	56.145	62.562
646.083	306.571	55.591	63.237
645.463	305.930	57.493	62.441
645.331	306.539	57.766	62.308
645.209	306.622	58.038	62.321
644.892	305.198	58.088	62.892
644.576	304.732	59.121	63.832
644.946	303.733	57.193	63.798
644.455	302.206	56.807	64.486
641.712	301.071	57.759	65.133
639.021	300.777	59.574	65.940
636.014	298.335	62.481	68.177
635.707	296.611	62.479	67.622
635.520	295.962	62.774	66.972
634.871	296.032	64.481	64.724
634.504	294.949	66.438	65.062
634.663	294.411	68.881	63.225
635.692	293.704	71.110	63.366
634.354	292.082	73.101	65.941
634.979	292.291	71.459	65.798
633.556	292.354	73.280	65.181
633.509	291.841	72.637	65.930
637.443	290.682	68.460	68.671
636.312	290.793	68.299	67.093
633.169	291.255	70.063	64.514
610.800	291.580	89.619	63.741
591.066	293.569	108.297	69.688
597.414	293.851	104.740	69.745
597.343	293.898	102.394	74.891
605.443	294.180	98.587	77.302
608.911	295.629	94.282	81.580
614.234	296.381	88.778	86.314
621.195	296.627	80.750	90.503
628.508	296.609	72.485	92.870
634.120	298.421	66.475	92.577
639.312	296.210	62.181	90.460
635.820	293.572	64.261	92.536
632.550	291.379	64.835	87.077
629.978	291.683	65.701	74.068
630.294	292.110	71.892	73.126
629.716	292.205	75.544	61.425
632.345	291.087	71.296	56.591
634.567	289.715	61.278	57.759
635.997	289.152	60.289	55.674
636.347	290.218	61.355	54.166
634.660	290.287	61.362	55.293
633.469	295.280	64.292	49.821
633.515	296.680	65.422	48.639
634.420	295.554	60.918	50.588
635.775	297.282	57.583	50.269
637.154	298.897	57.686	49.567
637.330	298.888	57.790	50.461
637.881	301.034	51.465	55.954
641.303	303.209	48.461	49.712
643.169	302.817	48.242	53.205
644.165	304.077	52.300	54.670
646.123	299.029	59.060	62.491
646.097	298.776	65.289	61.828
650.442	297.217	65.648	63.179
653.058	296.187	63.495	63.271
655.831	295.801	58.111	63.070
659.716	295.571	53.994	62.816
657.909	296.452	55.579	62.716
655.931	296.633	57.017	63.282
656.931	297.000	54.001	63.407
657.498	298.738	51.051	62.079
660.558	296.668	48.458	61.526
661.040	296.222	47.103	59.849
662.051	295.235	46.362	59.231
662.419	294.710	46.334	57.198
661.860	293.721	46.193	56.279
660.015	292.407	47.917	55.393
657.762	289.875	49.725	56.933
653.500	288.241	53.562	56.506
649.110	282.345	55.397	62.585
645.106	286.600	56.488	57.947
643.452	286.055	60.758	58.780
636.731	286.403	62.553	58.145
636.827	284.981	61.951	59.473
633.411	286.199	61.437	57.510
631.174	286.833	62.768	57.760
630.021	288.425	62.976	56.805
630.248	288.893	62.599	57.550
630.880	290.428	62.634	55.458
632.017	290.961	62.392	55.366
633.382	291.389	60.675	56.247
632.591	292.122	59.842	57.635
633.460	293.506	58.830	57.664
634.501	293.037	59.542	60.210
635.300	293.568	60.745	59.894
635.316	293.223	61.650	61.246
637.590	295.525	62.798	67.037
639.451	295.509	63.851	63.826
645.533	298.174	63.138	60.143
658.383	298.635	58.596	60.183
659.178	296.617	56.919	59.581
659.418	300.969	54.916	57.007
665.341	304.368	47.410	54.584
660.011	304.158	42.151	70.404
661.016	304.735	35.962	77.917
653.396	310.345	46.914	71.618
648.819	313.653	50.782	67.809
649.712	314.692	51.267	72.177
643.275	317.112	59.369	62.187
649.800	318.664	54.680	61.429
652.465	320.198	57.524	57.415
651.505	321.162	62.100	56.269
654.452	324.369	59.856	57.939
661.212	322.478	54.856	61.818
655.318	326.336	61.473	58.766
667.923	332.580	58.532	59.402
673.527	343.232	59.533	51.946
671.934	344.406	56.926	51.490
671.693	341.503	55.302	58.049
667.165	335.426	55.778	63.856
658.297	349.774	58.677	57.429
634.931	350.122	69.546	56.800
645.069	346.428	60.928	66.198
630.030	344.654	77.935	70.838
623.704	354.744	86.548	62.157
583.482	361.396	104.791	116.484
613.223	353.668	96.290	72.043
582.996	346.830	142.373	148.027
573.502	332.612	92.935	115.913
577.718	321.143	111.348	89.395
596.547	286.597	114.293	85.346
608.889	298.223	96.089	80.873
643.310	272.498	95.418	98.154
673.318	226.196	134.007	107.460
712.410	215.043	174.278	122.918
755.623	223.099	170.465	112.602
792.621	213.572	160.796	132.092
788.693	206.489	171.307	129.265
841.491	235.456	115.999	114.716
