767.000	318.000	52.000	108.000
767.481	319.213	50.869	107.020
766.893	318.375	50.123	108.398
766.046	318.775	50.081	108.797
765.808	318.007	49.796	108.998
765.306	317.680	49.405	109.814
764.087	318.058	50.380	111.413
762.396	318.256	51.602	112.054
759.688	319.239	54.530	110.377
757.610	319.516	56.043	108.495
756.395	318.727	56.730	107.837
755.293	317.501	55.652	110.752
753.458	317.041	56.138	115.397
752.169	313.924	55.693	115.529
751.483	312.873	53.749	114.705
752.827	310.660	50.044	116.228
745.604	310.366	51.667	113.906
747.080	311.132	52.020	117.908
820.840	317.403	57.233	110.299
756.570	313.279	55.259	117.729
816.901	153.088	61.758	102.568
745.966	204.670	66.979	68.050
837.529	321.995	51.841	104.746
833.940	324.159	55.632	106.230
834.519	323.002	61.139	108.235
832.909	324.255	57.419	109.743
835.021	324.774	61.180	108.699
830.930	325.392	56.511	107.267
833.774	323.570	62.450	111.595
831.464	324.130	58.617	109.866
832.607	320.308	56.099	114.951
830.786	319.236	54.045	113.745
831.046	317.037	50.801	113.016
832.063	317.055	48.529	111.941
831.287	316.280	48.894	113.002
831.290	317.611	50.710	115.114
830.714	316.670	51.577	114.201
828.784	317.924	51.907	114.315
829.556	316.633	52.006	116.840
829.275	315.415	52.279	115.394
830.513	312.378	51.306	117.432
831.777	313.061	50.386	112.690
833.290	312.416	47.967	112.241
833.576	311.700	48.489	115.147
832.502	311.116	52.032	114.262
828.561	314.301	56.455	113.801
829.357	311.281	60.159	114.867
862.645	308.031	51.464	115.632
844.912	309.137	66.420	114.094
850.444	307.559	56.730	117.335
831.732	307.353	67.457	113.945
854.026	182.288	62.239	121.487
890.922	154.157	55.391	120.688
691.511	282.302	99.794	143.019
683.805	289.447	88.104	136.476
634.790	281.723	76.004	135.278
658.198	289.831	77.948	138.974
625.603	273.950	102.356	187.778
624.027	271.028	133.767	203.235
691.470	298.004	74.213	129.375
689.661	300.078	66.523	121.367
824.889	155.708	69.699	104.983
816.106	193.755	63.496	105.645
703.787	298.539	56.092	122.232
705.143	295.221	62.293	124.496
708.638	295.798	64.214	124.918
712.298	292.873	57.501	129.481
715.893	292.569	59.677	132.865
717.316	292.884	55.762	131.975
721.090	294.085	58.070	129.708
722.627	296.553	58.855	127.151
721.080	295.492	60.619	121.595
718.157	294.657	64.537	125.013
722.049	295.562	59.835	122.742
724.200	294.842	56.089	123.900
723.578	294.476	55.673	123.256
723.756	292.426	53.952	124.411
723.517	290.774	53.617	124.611
724.255	287.752	54.622	126.982
725.522	286.228	53.906	127.316
727.201	284.557	53.073	126.336
727.374	283.058	56.809	127.594
726.950	281.064	59.784	127.552
725.080	280.606	61.982	126.724
721.647	281.037	65.156	126.351
726.673	148.422	79.318	128.689
792.118	108.646	94.777	111.891
733.395	278.801	60.062	125.574
736.350	276.038	57.621	128.382
740.917	273.718	56.160	130.396
744.761	273.437	53.000	131.380
747.754	272.106	52.897	131.472
749.444	272.829	51.102	132.133
750.130	271.642	52.074	132.468
748.983	273.142	53.831	132.911
747.302	274.390	56.868	131.465
747.103	275.969	60.062	130.073
748.630	273.338	65.095	131.667
747.733	274.003	67.949	131.465
750.697	273.988	67.264	131.620
754.792	275.488	63.242	130.780
758.760	275.332	57.650	130.633
761.401	275.559	53.015	129.253
764.407	275.363	48.168	131.214
765.541	271.305	46.334	138.919
768.330	274.975	43.844	135.326
765.377	273.279	46.762	137.448
763.799	275.057	48.564	130.995
747.597	273.568	58.007	130.498
854.029	132.913	71.093	118.370
960.000	65.264	0.000	95.930
855.200	140.260	65.920	121.229
816.182	274.981	56.207	112.491
787.078	274.341	60.417	132.863
623.812	255.598	37.657	135.597
960.000	286.987	0.000	152.349
571.598	224.754	102.986	230.959
771.711	262.180	71.739	144.488
576.606	232.683	104.702	217.186
601.492	238.707	89.920	209.307
594.332	241.203	87.777	185.213
604.845	234.703	91.895	213.750
587.632	235.576	94.471	197.518
541.624	228.227	86.089	186.741
528.771	234.261	88.589	180.815
526.265	234.778	79.348	183.890
524.354	239.847	75.499	177.143
528.405	240.859	92.774	172.353
490.078	212.233	141.485	254.242
483.429	209.251	137.048	266.144
475.308	207.403	133.314	271.337
478.905	208.053	128.241	254.606
479.586	233.239	115.608	197.483
424.117	229.548	102.961	202.013
457.672	195.520	131.240	242.914
418.843	228.794	93.608	188.748
421.403	216.481	129.677	213.625
731.824	258.293	112.792	155.760
480.882	242.591	101.818	166.350
327.502	255.196	93.052	164.393
324.155	262.946	85.452	159.180
336.777	257.026	91.961	163.750
353.803	255.062	75.596	164.822
344.117	256.488	65.243	159.805
349.936	259.422	72.624	161.143
343.744	263.213	72.048	155.174
353.791	264.560	77.941	159.764
338.586	266.566	64.958	159.030
382.000	214.748	118.279	212.103
395.292	256.160	89.407	167.916
375.800	202.814	128.093	222.341
373.508	266.051	85.535	155.625
509.131	257.191	82.795	154.578
359.640	260.862	82.113	154.758
362.390	259.377	82.700	162.258
353.190	187.632	138.298	240.448
517.054	229.027	120.884	206.091
370.436	252.082	100.474	177.364
362.623	255.309	99.746	174.768
374.758	258.595	107.709	171.985
405.512	255.473	94.230	176.467
423.368	253.537	94.520	178.272
398.586	246.164	103.289	177.990
432.016	246.687	95.194	183.769
423.006	244.111	96.172	183.807
417.162	245.614	104.074	185.466
422.319	247.500	103.187	177.610
419.635	254.895	98.457	177.503
417.719	250.646	103.481	176.171
416.284	255.545	95.805	164.137
413.573	252.074	79.710	158.484
387.266	249.381	90.460	161.023
593.962	250.187	80.220	165.229
361.029	253.596	79.461	160.691
364.989	257.235	76.193	159.580
361.735	258.013	78.589	160.244
360.846	250.518	82.020	165.199
742.241	248.988	100.509	165.058
748.532	252.049	105.299	162.208
327.044	250.167	104.674	164.881
591.709	249.056	57.202	172.273
332.208	271.376	96.607	146.080
343.285	244.584	156.228	185.382
249.594	241.657	120.894	185.177
317.938	225.475	184.278	215.673
335.771	250.212	122.725	177.033
308.433	248.968	139.273	174.877
307.013	243.235	113.959	180.810
337.194	249.025	84.376	174.183
338.449	254.593	68.890	155.094
158.614	240.003	78.912	177.247
708.251	252.898	107.832	162.588
123.811	247.169	90.475	186.450
686.913	245.782	124.286	168.863
165.714	245.722	88.232	166.228
151.121	225.626	93.435	187.323
90.730	177.880	182.795	271.516
18.881	186.841	199.204	290.462
142.614	222.431	103.521	212.227
163.447	244.354	108.944	204.933
638.008	248.054	131.547	170.583
144.151	226.825	156.366	277.254
135.333	238.359	95.301	183.316
97.013	205.251	153.822	281.645
68.682	272.587	168.046	298.538
81.311	254.712	168.483	250.484
69.752	231.227	172.340	248.222
33.399	247.115	149.953	218.700
27.105	253.076	144.740	232.040
69.534	253.527	79.636	164.553
18.705	224.983	130.937	216.633
46.269	270.032	76.571	142.753
376.178	260.260	92.699	158.646
0.000	273.307	0.000	135.370
25.769	280.009	59.480	124.268
134.511	278.828	53.322	120.276
0.000	236.035	0.000	133.598
13.644	280.003	55.043	130.176
120.335	286.781	57.770	120.643
277.858	266.161	49.230	133.748
168.337	452.106	75.744	91.735
149.172	383.552	89.183	113.219
185.015	409.984	99.812	156.986
191.661	414.298	121.162	139.672
151.700	271.578	161.836	179.197
177.518	263.998	90.932	138.001
538.154	250.029	97.068	168.612
154.831	279.621	67.232	131.449
153.913	282.607	64.301	134.270
498.245	271.449	92.949	155.112
488.261	271.445	99.958	158.487
473.395	272.086	98.857	162.767
466.339	274.424	96.203	163.084
455.152	276.110	94.294	163.348
442.095	278.071	93.667	165.027
427.085	281.098	92.583	165.633
407.675	283.376	86.545	166.918
379.483	284.142	87.534	168.414
352.247	286.962	93.561	167.267
327.286	288.322	84.811	166.679
299.527	291.794	74.168	167.244
268.240	296.344	75.788	166.074
230.035	302.100	83.932	165.071
193.781	307.841	84.172	161.998
154.859	314.529	84.984	162.617
112.836	315.210	91.132	167.797
0.000	168.795	0.000	173.981
