389.000	117.000	62.000	66.000
390.792	116.634	60.226	66.254
391.409	116.524	59.793	66.238
392.858	116.290	59.009	66.459
393.428	115.474	58.910	66.057
394.132	114.440	60.144	64.719
396.739	114.150	58.778	64.596
398.142	114.470	58.283	62.041
398.884	114.185	57.481	61.303
400.257	112.315	56.397	61.375
401.168	110.460	56.204	59.749
401.998	108.788	55.258	57.784
402.735	106.139	53.385	60.330
412.902	103.914	42.562	58.165
419.971	103.425	41.669	55.769
419.572	102.536	47.208	54.848
418.324	101.319	51.337	56.651
415.359	101.131	55.625	56.659
411.621	101.263	56.865	57.926
411.637	102.131	55.123	59.137
411.938	104.071	53.476	58.344
412.304	106.296	52.375	58.919
413.108	107.394	56.783	59.547
414.085	108.766	59.599	62.355
413.847	113.205	61.086	60.970
411.254	114.855	63.975	60.416
409.144	116.624	64.192	61.452
408.422	121.055	64.186	60.287
407.483	125.004	62.953	57.103
403.664	131.326	60.306	54.709
400.883	134.586	59.991	56.212
400.502	133.017	61.169	58.207
400.911	129.887	63.509	60.405
402.484	127.981	65.558	62.299
405.085	127.037	66.311	62.459
405.048	126.395	68.597	62.556
406.337	125.867	68.566	63.971
408.130	125.062	68.064	64.919
410.720	122.877	68.069	65.206
412.799	117.865	67.328	67.779
415.338	116.592	66.019	68.258
416.914	117.087	62.412	66.401
418.246	118.229	58.363	64.078
421.541	119.633	50.233	63.355
421.478	125.039	45.876	56.535
421.382	126.233	44.622	54.992
420.700	125.592	46.857	54.622
425.163	124.535	45.425	56.378
428.387	128.099	47.267	55.076
433.343	131.933	46.027	52.036
432.877	135.741	46.656	49.241
435.427	139.209	49.942	50.468
433.130	142.096	55.987	45.364
433.497	143.645	57.459	45.815
432.039	145.185	58.698	45.263
439.744	144.942	51.618	45.481
434.578	145.164	57.410	45.815
434.243	144.113	56.456	47.120
434.323	144.144	55.861	46.693
435.500	143.374	52.593	46.468
435.136	144.146	54.269	45.646
435.835	145.022	53.049	45.909
432.376	143.590	51.460	46.860
429.246	142.166	54.247	47.188
430.717	140.884	53.523	48.123
433.492	139.139	51.190	49.813
434.573	139.673	49.728	50.019
437.355	138.462	49.612	51.016
438.528	138.675	49.533	49.739
436.308	138.345	52.115	49.623
434.713	136.439	50.956	53.843
432.438	136.111	50.396	57.865
428.674	134.431	53.065	57.268
426.820	133.086	60.087	57.174
413.626	126.119	77.259	61.573
399.790	119.722	93.950	65.900
395.290	118.664	97.061	63.889
392.163	115.116	97.348	66.447
390.065	114.350	100.149	63.759
389.162	112.384	98.536	63.302
387.732	112.140	98.679	62.941
386.802	111.182	98.803	60.701
385.567	111.063	98.113	59.614
385.469	110.983	96.752	59.497
386.919	111.226	94.724	58.677
388.216	112.182	92.471	57.795
389.644	112.814	89.793	56.933
390.707	112.697	88.015	57.204
390.718	112.275	87.816	57.162
388.069	113.052	91.534	56.652
386.112	113.336	93.597	55.947
384.771	113.350	96.026	56.120
383.998	112.682	97.067	56.331
385.415	112.884	96.983	55.770
387.562	113.162	96.688	55.084
389.286	112.981	96.396	54.963
389.362	112.666	97.319	55.852
389.523	112.849	98.281	55.460
390.942	113.171	97.505	55.762
394.725	114.041	93.793	55.151
400.683	113.843	87.365	55.847
403.895	113.630	84.888	56.036
403.552	113.575	85.007	56.646
442.921	114.081	87.301	58.599
419.370	107.783	114.753	63.666
436.132	111.677	96.189	61.314
434.774	109.728	94.836	62.480
441.103	111.665	90.634	61.563
446.954	113.804	83.470	59.105
440.312	111.497	93.385	61.594
448.275	114.384	81.244	58.746
441.274	111.877	91.490	61.263
443.921	112.071	89.064	61.180
388.931	106.731	83.738	61.442
445.826	113.737	84.932	59.458
438.867	113.599	94.809	58.130
445.789	114.653	85.448	58.512
442.164	114.270	91.518	57.457
440.343	112.866	93.756	60.294
439.777	112.956	96.016	59.721
382.365	101.148	93.806	67.837
386.212	100.217	76.320	64.045
388.024	101.151	72.817	59.064
446.461	114.918	85.988	62.566
444.002	113.335	91.933	58.368
384.802	104.939	149.367	68.374
431.763	111.231	103.098	60.694
436.704	111.934	96.409	61.078
438.418	113.998	95.047	59.444
439.676	114.001	93.777	60.471
442.611	116.358	92.190	58.645
444.086	117.564	92.111	57.552
450.154	118.166	86.727	58.908
389.970	110.337	140.900	70.133
434.704	116.551	101.280	60.643
433.339	116.346	98.778	60.946
431.273	116.179	102.182	60.715
421.215	115.815	109.784	60.778
410.186	115.069	121.548	62.315
423.470	113.744	111.637	63.380
438.962	118.690	95.380	58.432
440.874	119.202	94.269	58.501
436.423	117.944	92.727	59.313
436.298	117.681	98.609	58.947
437.555	117.638	94.022	59.333
435.449	117.951	96.770	58.422
437.090	117.792	95.632	59.181
433.743	117.975	96.470	58.840
435.059	117.588	97.786	59.813
429.104	117.300	99.647	59.976
425.872	117.054	105.718	60.554
419.972	116.775	107.954	61.100
434.410	117.751	95.880	59.987
436.226	118.217	92.686	60.450
421.737	117.086	100.857	60.370
436.101	117.727	92.502	59.498
439.397	119.264	90.805	58.049
435.348	116.924	92.380	60.369
430.490	118.661	99.007	59.617
443.923	120.771	83.617	58.803
378.337	109.704	74.102	51.359
439.274	118.440	87.528	58.757
378.626	109.759	74.249	52.011
378.995	109.709	75.040	52.854
441.407	120.734	85.427	57.693
378.094	109.906	75.212	52.514
377.112	109.846	74.488	51.604
376.839	108.757	76.645	53.946
441.643	120.447	85.276	58.050
433.440	118.073	91.921	58.156
373.353	106.365	80.444	55.771
370.830	105.197	72.755	56.158
429.754	117.393	97.232	59.559
425.148	117.567	101.660	59.516
427.322	118.036	102.093	58.737
428.214	118.062	100.172	58.801
431.187	118.033	96.953	59.218
428.835	118.215	97.755	58.784
428.573	117.337	95.114	59.188
425.897	116.948	96.289	59.595
429.301	117.800	93.473	60.020
431.593	118.973	84.607	60.309
395.475	93.802	77.387	65.688
405.726	98.661	81.484	72.807
411.726	106.613	92.746	64.695
405.392	113.181	108.112	58.525
399.937	113.840	97.755	63.933
395.203	113.857	97.127	64.378
394.165	116.247	96.253	59.826
392.773	116.760	97.957	58.495
393.357	117.102	96.970	58.709
392.993	117.232	96.853	58.973
393.194	117.418	97.180	59.155
392.383	117.533	98.549	59.658
392.742	117.165	97.738	57.764
393.297	116.726	96.917	58.841
393.039	116.488	96.417	58.801
393.113	116.542	95.983	59.368
392.650	116.488	95.929	59.752
392.457	116.284	95.837	59.957
396.554	116.181	96.564	58.169
396.998	115.830	102.450	58.469
399.818	114.713	102.851	57.697
401.936	113.071	101.631	58.418
404.903	112.953	100.394	58.258
405.156	113.605	101.134	57.750
406.712	113.746	95.032	55.797
407.103	113.559	87.231	55.019
406.873	113.696	79.421	54.978
406.574	113.580	76.634	54.040
406.900	113.609	74.782	53.630
406.992	113.529	74.071	52.310
406.628	113.415	74.059	51.393
406.713	113.600	74.835	52.095
406.410	113.959	74.327	51.912
406.528	113.276	74.165	54.672
407.109	111.217	73.096	56.126
407.789	108.320	74.785	57.553
409.408	104.423	82.152	64.705
408.007	99.943	89.316	69.038
411.184	97.493	89.107	71.310
410.242	94.615	82.384	73.390
409.359	93.463	72.691	74.783
409.195	99.167	87.420	74.640
411.755	94.068	78.857	76.835
403.833	96.936	86.561	75.308
404.342	96.233	84.730	77.651
402.763	99.769	86.909	73.701
403.261	102.677	86.917	71.559
403.253	103.831	79.956	71.265
407.131	104.019	77.772	68.305
404.390	107.091	79.811	67.079
406.634	107.397	79.001	65.320
405.775	108.984	78.083	65.285
406.387	110.723	84.849	63.458
403.514	112.307	87.719	62.314
407.468	112.428	86.923	61.346
413.672	113.647	82.682	59.215
418.270	114.254	79.539	58.335
416.588	114.316	80.653	58.778
419.099	114.949	79.219	57.810
419.048	114.842	79.443	57.888
416.080	115.080	82.793	58.369
420.949	115.299	79.087	57.441
413.678	115.415	84.480	58.273
418.464	115.534	82.460	57.605
417.793	115.185	82.793	57.745
421.871	114.516	79.441	58.086
413.655	114.400	86.571	58.631
418.613	114.292	83.552	58.312
424.438	114.060	77.171	58.383
404.083	113.604	94.296	58.811
407.814	113.269	93.015	59.224
408.923	113.185	92.624	58.970
409.200	113.421	92.783	58.876
411.309	113.421	90.915	58.559
413.903	113.604	88.144	58.860
417.226	113.865	85.391	58.678
420.805	114.081	81.199	58.092
420.450	113.789	80.590	57.826
422.516	113.806	77.669	57.461
417.254	113.161	82.601	57.351
420.155	112.838	80.540	57.737
419.147	112.156	82.020	58.084
417.072	112.473	85.966	57.671
415.063	111.929	90.764	57.625
413.805	111.101	97.902	58.068
415.788	110.540	98.553	58.854
420.820	110.257	97.883	58.817
426.705	109.271	95.534	58.712
429.915	108.905	97.170	58.380
434.283	108.740	97.288	58.292
436.331	108.293	97.833	58.512
439.088	107.825	97.007	58.770
441.647	107.347	95.931	59.275
443.429	106.600	95.523	59.752
444.303	106.569	95.911	59.386
445.801	106.794	95.747	59.625
445.893	106.682	95.235	60.106
446.303	107.018	95.315	60.175
445.457	107.198	95.102	60.330
445.673	107.811	97.744	59.839
446.161	108.257	98.621	59.438
445.948	108.478	98.826	59.614
446.353	108.699	98.940	59.656
447.730	108.813	97.229	59.950
449.010	109.105	98.824	59.792
449.920	109.255	98.420	60.042
450.697	109.217	97.732	60.316
451.250	109.141	97.008	60.392
451.457	109.283	96.680	59.884
451.051	109.406	97.292	60.435
451.008	109.535	97.133	60.002
451.061	109.013	96.704	60.488
451.292	108.936	96.891	60.398
450.563	108.702	96.972	60.300
450.563	108.762	97.295	60.202
449.741	108.432	96.802	60.297
448.772	108.143	96.760	60.018
448.332	108.229	96.363	59.832
447.103	108.356	98.889	59.146
446.880	107.853	98.706	59.799
447.083	107.891	99.067	59.729
447.292	107.764	98.480	59.519
446.812	107.439	99.717	59.512
445.879	106.666	100.016	60.196
445.665	106.365	100.256	60.446
445.008	106.553	100.094	60.224
445.117	106.516	100.517	60.329
444.252	106.107	100.799	60.521
444.010	105.989	101.321	60.959
444.558	106.116	100.894	61.496
444.630	106.230	99.653	61.659
443.629	105.828	99.372	61.935
436.416	104.451	96.998	62.582
441.097	105.278	101.922	61.756
435.874	103.848	94.516	61.603
431.055	101.504	107.580	67.520
437.687	103.404	100.531	62.922
428.622	102.298	89.870	62.825
430.692	103.833	91.601	61.747
424.755	103.325	90.951	62.661
396.579	105.314	107.240	60.784
417.092	104.841	98.435	61.889
418.533	104.284	80.222	63.585
404.983	103.880	80.940	62.414
370.307	107.993	85.191	62.135
371.039	111.632	71.241	60.620
370.324	113.263	70.130	55.614
370.407	113.540	68.973	56.212
370.150	113.494	69.331	54.890
368.853	113.225	70.461	54.759
368.768	113.237	71.043	54.319
367.354	113.149	71.220	54.652
365.923	112.842	72.027	53.909
365.139	111.901	71.203	53.683
364.142	111.561	69.746	55.062
363.245	111.669	69.278	53.269
363.162	111.252	68.635	53.922
362.162	110.961	69.280	52.987
361.679	110.687	67.009	55.133
360.253	110.899	68.366	52.797
358.776	110.473	67.491	55.226
358.198	110.552	68.733	55.118
358.813	110.447	67.850	55.775
358.771	110.447	66.647	55.196
357.746	110.394	67.663	56.445
357.931	110.298	66.920	57.363
358.049	110.564	66.440	57.184
357.716	110.731	65.400	57.696
357.417	111.015	64.478	56.925
356.691	110.968	64.824	57.065
355.457	110.824	65.610	56.412
354.685	110.734	65.247	57.198
352.675	109.473	65.469	59.417
350.477	108.707	66.589	60.188
348.488	107.968	65.454	59.490
347.098	106.771	65.387	59.181
346.042	106.523	65.273	57.706
344.849	105.667	66.507	58.384
342.904	105.153	68.581	58.436
429.318	98.102	66.001	66.656
426.480	101.535	69.196	62.555
356.796	103.290	85.866	58.278
405.212	105.477	83.222	59.438
400.915	107.477	83.123	59.759
391.324	108.812	88.091	60.697
391.026	110.129	83.560	61.099
389.339	111.694	84.771	60.755
384.815	111.498	83.616	61.091
381.665	112.292	91.734	59.307
379.484	111.970	90.253	60.180
375.631	112.388	95.887	59.730
370.699	112.317	98.521	60.613
373.075	112.096	103.048	61.173
370.127	112.016	100.622	61.763
379.376	113.494	97.389	59.710
374.343	111.786	97.950	61.170
375.089	112.212	100.939	61.607
374.548	112.539	100.386	62.189
375.812	110.878	97.572	64.701
375.746	108.366	96.338	66.867
378.726	109.128	96.522	65.461
379.883	108.707	94.683	65.773
400.984	113.500	76.530	59.857
386.074	110.067	86.293	62.730
384.299	112.662	89.038	60.705
375.469	111.430	96.479	61.952
376.995	111.840	99.208	62.167
374.990	112.801	100.040	60.537
374.614	113.916	103.444	59.718
372.910	114.346	105.091	59.546
372.635	114.580	105.683	59.320
373.558	114.320	103.824	59.952
374.526	114.289	94.646	60.972
377.158	113.326	94.453	62.646
380.022	113.658	91.613	62.730
380.875	113.818	87.656	62.470
384.789	114.902	91.040	61.740
377.060	114.006	68.956	64.258
381.066	115.142	76.532	62.624
384.773	116.464	86.251	61.771
374.231	114.937	71.955	64.405
385.020	114.658	73.838	63.908
386.174	116.679	86.447	61.161
373.885	114.620	76.307	64.680
387.052	114.719	84.347	64.289
388.319	117.255	88.294	61.373
388.374	117.971	89.633	61.044
385.699	118.136	88.457	61.107
383.812	117.679	89.401	61.665
375.971	117.439	79.055	60.470
379.614	116.628	82.590	61.850
380.895	117.439	94.625	59.849
374.589	116.386	84.526	60.749
377.138	115.166	84.733	60.048
376.225	112.953	85.193	60.414
377.156	111.565	85.806	60.860
402.735	113.139	82.605	59.502
381.737	111.463	90.924	60.585
378.162	111.764	75.514	61.314
385.198	111.808	77.335	63.117
383.748	112.733	69.998	61.821
384.136	112.057	72.022	62.276
385.166	112.874	82.584	61.830
384.103	111.418	81.307	60.970
380.999	107.734	86.880	65.056
382.446	104.603	95.919	63.826
374.676	98.243	91.529	67.942
376.603	91.094	105.919	65.386
374.178	84.020	110.957	68.942
369.113	83.375	105.465	66.495
371.436	79.809	111.318	73.068
369.596	81.662	97.809	68.569
372.219	85.880	85.382	69.287
378.793	89.120	99.788	64.802
409.950	91.262	79.243	62.331
387.979	102.422	97.626	60.259
348.110	182.945	99.095	132.027
312.725	135.839	159.082	317.916
322.326	51.416	205.475	419.868
338.202	131.550	160.852	319.828
323.365	59.877	215.221	403.707
380.166	111.290	94.664	66.312
383.714	111.157	79.281	60.165
395.053	110.151	94.717	54.122
407.557	99.555	88.011	56.884
380.742	98.148	110.795	66.751
377.055	91.875	109.466	65.933
375.578	93.311	104.405	63.350
414.577	92.520	86.926	67.143
369.367	99.376	87.824	63.197
373.161	102.009	76.768	57.774
377.730	105.840	79.097	62.049
377.698	111.748	76.256	64.338
380.134	116.278	90.395	65.607
391.613	116.887	94.161	66.461
393.857	116.836	88.358	64.982
420.171	110.963	86.523	67.173
430.865	107.381	85.778	66.755
437.730	102.100	86.796	71.946
448.762	97.226	92.765	69.929
451.636	92.178	102.204	68.314
456.592	88.842	101.881	68.638
461.403	86.845	101.981	67.522
464.261	86.686	96.106	67.867
466.933	89.711	92.159	67.620
466.843	94.067	88.034	64.290
465.954	97.016	84.045	63.100
466.277	99.021	75.034	62.509
464.720	99.894	60.994	63.192
465.642	100.154	60.279	62.536
466.037	99.860	59.452	62.334
466.657	99.744	59.622	61.060
468.004	99.972	58.773	61.284
468.903	100.161	58.040	61.382
470.724	100.194	56.598	60.670
471.862	100.181	54.760	60.752
472.253	100.946	52.996	59.153
470.835	101.323	51.242	59.348
463.305	100.451	55.009	59.069
457.289	100.718	57.365	56.682
452.508	102.866	57.329	51.446
449.169	104.867	58.134	47.453
446.191	103.099	59.105	46.898
443.973	101.120	60.896	46.138
442.328	98.719	63.651	49.033
442.614	98.324	68.389	58.188
447.862	94.926	66.377	61.549
457.590	90.936	66.075	64.530
468.701	89.003	57.010	60.191
476.759	89.413	56.001	54.229
479.549	84.449	57.528	56.657
479.908	78.087	64.782	53.295
481.391	75.359	66.525	53.400
482.576	73.071	65.483	55.195
481.233	69.711	64.568	57.118
480.188	67.013	68.699	60.603
479.949	64.741	70.665	63.414
480.333	66.518	70.757	61.952
484.072	71.844	70.244	54.559
487.334	73.673	70.745	53.305
495.191	74.167	66.822	54.725
502.897	75.643	62.218	55.739
508.088	77.808	60.278	55.562
511.171	80.129	59.382	55.662
514.169	81.031	58.541	54.666
517.015	82.579	57.882	53.533
519.672	83.405	56.609	55.171
521.699	84.734	56.338	54.625
522.929	85.762	57.290	55.008
524.494	86.798	56.735	55.430
525.475	86.983	56.328	55.037
526.690	87.284	56.125	55.750
527.465	87.926	56.724	55.572
528.504	88.360	56.299	55.538
529.522	89.920	56.077	54.628
530.594	90.046	56.135	55.550
531.267	90.662	56.177	54.591
531.686	90.595	56.809	56.425
532.058	90.884	56.807	56.151
532.187	91.044	56.634	55.708
532.350	90.990	56.979	55.478
532.812	90.502	56.272	55.370
533.205	90.577	55.447	55.186
532.562	88.941	56.431	55.455
531.942	87.556	56.892	55.753
532.041	86.876	57.045	55.417
532.350	85.418	56.462	56.034
532.729	84.729	56.488	55.768
533.285	83.633	56.429	55.119
534.089	82.700	56.056	55.295
534.855	83.031	54.969	54.565
534.770	83.057	56.401	54.017
535.376	83.146	55.743	53.632
535.037	83.400	56.116	53.508
535.222	83.456	55.816	53.275
535.403	83.828	55.384	53.107
535.328	83.779	55.855	53.673
535.406	83.701	55.489	53.403
535.812	84.076	55.116	53.892
536.177	84.241	54.977	53.313
536.498	84.477	55.227	52.698
536.881	84.427	55.190	52.861
536.955	84.071	55.485	53.288
537.465	83.855	55.002	53.751
537.365	83.883	55.532	53.616
537.661	83.537	55.492	53.580
538.141	83.104	55.671	53.354
538.689	83.296	56.817	54.040
540.204	82.632	57.345	53.862
541.434	82.259	56.343	54.789
542.256	82.145	56.512	54.166
542.456	81.745	57.156	54.401
542.830	81.491	56.908	54.648
543.090	81.202	56.610	55.042
542.766	81.462	57.678	54.468
542.913	82.644	57.339	53.573
543.080	82.572	57.069	54.051
543.312	83.331	57.300	54.406
543.801	83.855	56.369	53.696
543.938	84.332	56.430	54.597
543.700	85.317	56.511	54.042
544.082	86.098	55.287	54.498
543.161	86.974	55.584	54.062
542.559	87.539	55.564	54.425
541.196	88.167	56.549	54.991
540.412	89.029	56.937	54.044
540.629	89.734	57.815	54.848
542.197	91.810	58.280	53.015
544.081	93.724	60.808	53.965
545.030	95.815	63.522	52.568
544.619	99.394	66.733	51.513
546.854	106.849	61.037	46.748
536.169	113.935	66.146	42.208
530.566	119.166	65.583	42.330
515.625	123.176	65.698	43.072
490.513	123.579	66.737	44.475
466.831	125.472	62.264	44.197
449.390	124.614	58.186	40.382
436.906	121.413	62.911	43.350
427.973	121.130	67.350	42.780
424.352	120.096	64.912	40.768
422.329	112.982	65.711	43.330
418.308	106.101	69.196	46.163
432.500	96.788	57.315	54.878
445.023	86.862	58.846	67.567
448.937	79.520	56.385	67.025
469.162	74.236	40.988	74.871
482.278	72.389	37.807	67.628
489.419	71.756	42.228	63.462
486.529	73.511	51.225	61.066
483.725	75.596	57.001	58.029
481.123	80.278	55.931	55.337
480.830	85.650	53.928	53.492
481.281	90.918	53.313	52.750
482.126	92.648	53.625	50.596
483.210	92.794	55.875	47.670
487.417	92.124	55.135	51.276
490.659	91.194	56.560	50.049
494.373	91.058	55.621	49.012
496.636	89.855	56.153	51.046
498.423	88.959	55.140	51.588
499.198	88.801	55.039	51.793
499.490	88.721	56.231	49.899
499.907	88.517	56.155	51.035
500.864	88.290	55.868	51.408
501.415	88.236	56.201	49.871
501.795	88.067	56.810	50.410
502.359	87.451	56.411	50.045
502.366	87.412	56.311	50.164
502.598	87.147	57.008	50.298
502.962	87.283	57.002	50.364
503.107	87.176	56.536	51.105
501.639	86.638	55.711	53.526
499.484	86.966	56.105	52.760
497.168	88.163	55.829	50.917
494.153	87.721	56.408	52.532
492.002	87.532	56.212	52.200
489.642	87.200	56.158	52.397
487.642	87.458	56.672	51.106
468.059	87.263	75.212	60.107
435.480	84.442	87.805	60.353
466.067	84.802	78.415	58.570
437.536	87.143	88.120	62.658
443.941	89.338	78.906	67.937
446.478	88.619	82.323	73.227
446.838	92.505	80.766	69.678
448.904	93.001	86.282	69.357
446.005	98.354	82.438	64.709
446.744	101.255	78.503	62.491
448.115	95.482	80.139	68.647
448.844	91.961	80.485	69.431
453.292	91.110	78.630	68.204
457.534	91.006	76.101	65.230
450.879	90.092	81.565	62.829
440.461	89.441	89.585	62.053
436.794	87.317	89.356	58.762
433.416	84.528	85.884	61.379
430.777	81.582	77.604	64.232
430.904	79.108	81.739	64.697
429.621	77.788	84.215	66.770
426.527	75.795	87.109	67.376
426.422	75.707	88.176	66.168
425.626	74.869	88.721	66.612
424.443	73.868	90.004	67.555
423.851	73.948	90.834	66.135
424.187	73.957	91.750	66.134
423.859	73.991	91.691	65.680
424.432	73.626	91.055	66.959
424.109	74.271	90.863	66.726
423.922	74.343	90.918	67.242
424.252	75.035	90.235	66.286
424.488	75.585	90.361	66.201
424.382	75.724	90.664	66.429
423.782	75.542	90.725	67.247
423.761	75.962	90.665	65.785
422.665	75.615	92.371	66.205
420.880	75.976	95.189	64.590
416.726	75.681	97.082	63.283
409.324	73.882	85.888	64.708
404.428	72.688	85.300	63.908
401.865	71.247	82.613	63.499
400.054	71.627	81.543	62.980
398.124	72.347	82.557	63.070
398.135	73.165	81.417	63.895
405.254	82.955	94.005	57.742
400.005	79.970	75.939	65.125
407.914	82.096	81.604	64.774
401.043	82.257	79.008	63.516
397.469	83.784	85.000	59.966
396.606	84.390	83.859	59.108
396.135	83.587	85.045	59.650
396.017	83.463	85.361	60.203
397.561	84.315	82.062	60.509
422.233	84.026	79.332	59.101
400.626	83.972	77.117	59.860
411.776	84.463	79.888	60.005
411.469	83.911	81.679	60.460
412.496	84.480	93.842	60.736
442.435	85.717	86.263	63.441
452.166	88.191	88.948	63.400
461.610	90.514	82.934	64.944
468.244	94.116	85.150	64.100
474.928	97.220	86.383	63.040
483.141	99.642	81.401	63.743
490.786	102.110	82.066	63.042
497.655	104.913	83.811	63.823
502.083	106.047	85.178	62.725
505.119	106.806	84.741	63.164
506.476	107.058	84.003	63.334
506.522	107.101	84.877	63.607
507.222	106.978	84.064	63.699
507.277	106.638	83.148	63.645
506.994	106.435	83.437	63.187
505.659	105.833	85.576	62.824
506.295	106.421	81.269	61.365
506.413	107.154	86.025	60.953
506.073	106.806	85.867	62.689
504.711	107.074	87.540	62.535
397.889	116.466	59.717	61.744
500.696	106.964	87.301	63.053
499.259	107.950	83.551	62.412
498.163	108.373	88.233	62.180
496.380	108.461	87.529	63.463
492.385	109.603	87.686	64.388
488.398	109.968	88.299	66.205
484.516	111.594	89.587	64.694
482.788	112.245	87.519	64.000
477.859	112.548	88.891	62.896
476.704	111.950	85.679	63.612
474.037	112.607	85.937	64.623
467.693	224.083	92.540	70.088
432.231	102.428	87.093	62.214
434.683	107.091	99.674	66.478
442.148	109.881	98.634	71.558
446.376	110.031	90.973	74.142
447.883	112.415	95.560	75.145
449.685	113.877	99.520	74.473
449.929	119.422	106.764	69.695
451.663	124.342	103.591	68.799
448.896	126.391	104.434	65.338
449.303	127.932	101.478	62.257
452.753	128.172	95.977	61.960
456.034	128.053	89.190	60.809
455.302	127.584	85.182	60.993
456.128	128.764	83.577	58.433
455.766	129.811	83.534	58.921
457.969	131.491	85.600	58.657
460.055	132.195	86.368	58.753
465.264	132.059	84.256	58.909
470.321	130.226	80.654	60.347
471.557	128.822	81.841	60.819
471.574	128.137	83.118	60.091
472.130	126.593	77.320	61.489
472.745	124.810	79.347	60.357
472.587	123.709	78.570	61.212
472.775	122.128	80.109	61.125
473.944	121.994	81.955	60.472
474.337	121.204	81.748	60.470
474.619	119.972	80.567	60.362
474.668	118.569	81.845	60.250
473.689	117.276	78.424	60.757
471.077	114.222	77.276	62.521
470.213	111.170	78.896	64.973
471.450	109.612	79.119	64.006
467.377	108.986	78.021	63.382
467.285	106.997	75.815	63.461
466.008	106.872	78.407	62.522
464.305	106.329	77.600	61.984
463.775	106.197	77.900	61.714
463.151	106.000	77.853	61.342
462.736	105.645	79.053	61.279
461.955	105.293	79.940	60.904
462.024	104.275	76.301	61.037
459.667	104.138	82.028	61.481
454.811	103.947	85.809	61.685
449.717	103.413	88.082	61.696
443.816	103.781	93.047	60.876
440.708	103.908	90.238	61.108
437.042	102.718	88.119	63.700
412.876	94.392	103.556	71.665
413.057	96.702	97.945	71.423
409.101	97.940	97.583	72.158
411.307	97.610	91.437	74.083
405.597	96.857	91.544	73.398
413.084	95.091	83.040	76.873
407.629	95.821	89.865	75.910
403.345	96.417	94.161	75.839
403.201	92.867	98.324	76.679
400.099	92.587	107.606	76.509
406.425	92.404	119.860	76.027
367.046	90.588	89.198	71.127
481.484	94.648	88.942	59.080
499.844	99.548	87.574	57.022
511.953	104.609	83.936	56.109
521.982	110.174	84.011	55.027
525.055	116.410	82.193	52.274
526.544	117.571	81.259	53.395
525.630	118.010	82.020	54.561
523.551	117.896	86.543	55.097
522.645	117.645	88.779	56.768
521.699	117.788	89.685	57.487
521.386	117.736	89.498	58.089
520.428	117.200	89.864	59.320
519.510	115.773	88.479	60.943
518.121	111.781	87.317	62.810
512.585	106.620	88.420	64.313
508.844	101.095	87.678	69.205
508.459	94.438	80.499	74.815
506.367	88.368	75.577	78.389
501.512	81.350	69.957	82.723
494.297	77.052	67.596	82.018
483.170	75.762	71.327	82.228
474.079	79.960	75.050	79.308
467.869	87.950	82.907	73.859
465.808	94.778	91.900	62.188
468.170	96.869	95.663	61.225
476.146	95.630	94.290	68.511
488.352	94.369	86.842	71.021
494.864	97.247	83.748	72.616
499.547	97.561	78.390	73.489
499.577	99.584	75.188	72.108
496.147	100.590	78.277	71.947
492.552	100.321	79.607	73.071
492.530	101.513	76.589	65.698
499.531	98.154	61.714	62.220
499.953	93.219	62.664	61.441
501.986	91.512	70.347	61.250
492.715	93.938	85.104	38.511
491.679	94.445	88.199	35.796
497.745	88.981	83.150	46.592
503.860	87.568	76.710	57.528
501.640	93.475	77.766	59.899
499.612	97.703	78.251	65.004
498.046	102.321	76.584	66.839
497.277	106.556	75.766	67.878
496.691	110.553	73.131	68.154
496.612	112.345	72.954	68.952
496.466	113.248	73.549	70.909
496.723	114.986	73.616	68.743
495.894	116.248	73.227	68.388
491.224	120.341	79.411	63.448
485.523	124.231	83.977	56.892
476.269	129.092	89.442	49.476
458.533	134.986	100.874	39.228
440.367	136.428	106.439	38.468
430.901	139.261	98.645	35.703
429.927	141.602	80.622	34.730
402.258	140.107	95.250	40.941
394.593	112.398	99.858	70.888
378.593	112.833	131.528	83.630
377.036	125.839	109.390	73.221
377.383	138.688	87.526	63.292
372.682	143.819	84.114	58.079
369.307	142.341	92.901	63.145
364.921	144.763	87.865	64.376
370.262	146.047	87.743	65.505
369.453	146.613	86.258	65.624
366.878	145.796	91.260	64.292
364.619	146.054	92.558	62.848
357.045	147.145	98.473	60.181
432.568	119.709	88.744	72.999
350.079	141.748	100.748	67.950
358.577	150.564	95.390	64.101
351.721	150.268	95.170	65.923
352.847	149.133	83.864	66.238
345.998	149.166	80.374	66.157
347.330	151.419	70.483	68.900
344.337	152.950	76.390	68.444
328.025	142.934	98.831	87.580
344.425	144.494	87.170	74.639
355.140	128.589	175.628	84.083
347.418	148.404	63.584	71.607
348.740	147.726	67.681	69.658
356.964	145.109	72.078	69.262
358.841	143.694	73.975	66.880
415.688	101.339	92.768	68.099
398.873	101.017	92.326	55.264
399.399	149.970	93.873	48.150
426.424	149.080	93.511	38.076
342.541	89.176	96.718	46.056
481.905	149.342	83.796	48.351
588.569	216.924	71.101	75.406
496.849	143.538	96.672	67.560
506.993	143.962	99.894	69.277
526.684	152.388	89.399	63.252
535.109	155.916	84.615	59.938
540.305	156.307	83.766	60.128
526.031	152.343	96.128	62.875
509.897	150.107	112.571	58.420
504.994	153.580	118.809	50.664
509.151	153.615	110.410	46.207
505.838	151.736	105.371	41.906
501.809	149.502	98.385	39.330
501.534	144.891	86.871	38.635
483.720	142.722	89.655	43.983
475.835	138.731	79.019	47.476
457.875	134.901	81.279	50.847
449.495	130.559	74.208	54.797
380.997	99.362	76.287	36.131
388.280	105.317	81.100	51.095
402.093	112.511	76.675	57.698
405.440	114.691	74.178	58.627
408.193	113.373	69.070	60.275
409.353	113.009	66.650	62.896
410.259	113.310	67.846	63.995
409.926	113.057	68.938	63.682
408.522	114.615	71.733	60.227
407.523	117.126	74.128	56.383
406.376	119.082	75.604	45.510
406.729	119.142	75.369	44.340
402.800	117.968	76.244	46.567
397.118	117.763	80.893	45.198
385.835	121.415	91.566	45.133
392.071	123.073	105.013	44.312
395.289	116.067	115.590	51.864
351.615	113.584	166.600	66.756
329.755	168.205	158.324	278.704
320.188	52.357	217.442	414.465
313.521	122.098	106.275	63.620
293.903	123.714	101.966	69.579
282.854	129.919	102.644	67.442
277.192	132.674	98.631	66.131
273.314	132.804	97.333	67.522
269.174	132.843	102.004	67.736
267.151	133.019	102.900	68.815
266.996	132.348	102.645	69.652
267.789	131.572	100.746	70.863
269.714	130.912	98.040	71.317
273.140	129.137	96.642	71.460
278.375	125.392	95.337	72.036
285.248	119.140	92.455	73.041
292.431	112.440	90.212	74.432
301.392	107.210	85.502	74.786
310.149	102.269	83.332	73.127
321.524	98.243	82.039	71.598
334.134	96.628	83.013	65.844
347.385	96.169	85.733	62.784
358.466	97.235	88.606	60.939
369.598	97.980	87.973	60.982
379.671	102.296	85.168	57.139
386.141	106.377	86.589	56.735
391.681	111.547	80.707	51.289
394.391	117.194	84.265	44.999
394.922	126.210	83.158	35.700
397.550	132.037	84.308	31.324
395.532	132.374	83.186	30.603
397.592	132.488	85.332	30.379
400.516	132.852	86.558	32.118
402.890	133.205	84.377	32.819
403.899	133.254	80.704	33.668
403.910	134.203	80.950	33.210
404.968	135.170	80.506	33.631
400.852	136.084	82.217	33.478
398.905	136.056	81.932	32.163
390.849	134.122	83.321	31.514
393.225	131.958	92.467	33.245
384.916	130.439	117.440	31.694
370.712	130.888	142.836	27.973
329.003	122.911	197.885	86.098
313.078	120.248	179.199	329.651
285.300	121.898	272.711	85.024
284.145	125.037	120.550	64.669
287.326	127.220	100.339	61.427
278.779	130.210	102.326	63.952
276.445	131.338	101.152	64.999
275.690	132.431	101.261	65.063
275.964	133.362	99.424	64.716
276.621	133.317	99.195	63.649
277.001	133.229	100.979	62.739
278.018	133.505	100.737	62.022
275.962	133.712	101.657	62.474
276.283	133.737	101.786	61.965
278.317	133.660	100.483	60.391
276.648	133.977	101.453	62.091
275.303	134.566	102.757	62.918
274.752	134.510	102.919	63.100
274.049	134.741	102.795	63.193
273.887	134.915	103.311	63.039
274.232	134.838	103.714	63.081
273.687	134.247	104.953	62.403
274.676	134.792	102.328	62.881
272.364	133.880	106.604	61.971
274.160	125.508	109.284	61.276
279.874	119.572	111.556	53.696
288.478	117.096	108.589	44.243
308.066	98.262	90.067	58.806
334.838	84.495	77.023	69.762
348.746	81.538	74.238	78.720
358.372	88.657	73.066	74.617
368.875	102.471	83.874	71.807
369.797	112.423	84.826	65.525
363.682	121.172	88.849	59.589
357.965	124.514	91.983	60.664
358.406	127.866	84.077	61.776
356.546	129.757	80.704	64.349
356.695	129.961	79.622	65.001
356.416	129.011	80.496	65.633
356.422	127.314	79.900	66.219
355.778	126.025	80.330	67.218
354.122	125.828	81.837	67.208
355.406	125.200	81.034	66.040
355.829	124.754	79.873	63.619
356.527	126.985	81.241	63.320
356.775	129.697	81.772	63.857
357.779	132.898	83.265	62.991
357.924	135.875	84.417	61.458
359.658	138.603	81.780	61.809
463.504	135.756	64.097	70.367
368.631	143.248	71.119	59.665
372.256	144.097	68.475	61.112
374.347	152.441	67.530	54.921
472.000	148.904	59.064	62.156
477.862	150.560	61.753	64.114
485.114	152.825	58.284	65.240
490.441	153.523	57.722	66.199
500.154	152.065	50.911	68.004
502.641	155.388	50.775	63.620
503.741	155.915	51.089	63.637
505.241	152.961	50.907	68.305
503.833	151.205	51.092	69.808
502.124	148.042	53.570	72.061
500.397	144.635	56.224	73.629
499.471	144.909	53.845	73.663
497.953	144.671	54.308	73.405
496.832	144.621	54.763	73.172
495.916	143.770	53.630	73.947
494.953	143.974	54.743	73.747
494.669	143.919	54.789	74.447
494.155	143.688	53.341	74.968
493.399	143.261	54.815	74.702
492.790	143.632	54.481	74.617
492.124	143.821	54.911	74.807
491.487	142.516	55.334	74.119
490.821	142.545	55.361	74.656
489.720	142.360	55.021	74.688
488.851	142.293	56.942	75.002
487.963	138.387	57.776	78.679
487.239	138.639	58.922	76.916
485.050	140.238	60.542	76.967
484.533	139.297	62.163	74.770
484.618	139.024	59.199	76.191
484.393	138.295	58.965	75.430
483.841	137.787	58.857	75.738
483.291	136.522	58.851	75.714
483.067	136.453	56.876	75.521
482.216	135.001	58.071	76.041
480.870	133.736	60.652	76.307
479.718	133.464	60.135	76.370
478.334	132.263	61.240	76.326
476.423	130.672	62.482	77.231
474.053	129.904	64.089	77.587
471.086	128.642	66.244	77.977
467.706	128.116	66.291	77.820
465.045	127.745	63.273	76.290
462.721	125.886	62.325	75.945
460.492	124.761	62.425	75.472
458.391	123.823	62.105	72.589
456.666	123.648	61.603	70.621
455.958	123.474	61.857	70.690
455.072	124.135	62.159	69.253
454.905	124.258	62.421	69.501
455.188	125.129	64.995	68.947
454.908	126.028	65.755	68.997
455.558	126.957	66.578	65.664
455.720	127.680	64.432	62.608
455.924	128.181	63.013	60.814
455.604	128.563	62.271	59.668
453.784	128.966	61.073	58.574
451.984	129.447	61.331	57.060
450.607	129.573	61.734	56.371
448.952	129.155	63.036	56.525
448.091	129.330	62.557	56.869
445.011	132.294	62.881	55.579
442.337	135.555	68.394	54.995
434.753	137.399	76.246	55.837
430.359	138.961	81.472	55.735
423.769	140.347	88.713	54.506
418.366	141.754	95.336	54.457
414.784	141.927	101.781	55.185
416.397	143.081	103.296	54.906
408.300	143.571	102.475	52.164
409.449	143.633	86.104	50.206
400.234	142.507	71.538	49.238
398.276	137.373	69.316	48.539
390.365	121.633	68.827	54.668
377.016	109.188	71.975	57.711
357.897	103.629	87.565	54.988
329.031	102.767	76.527	49.798
311.797	107.360	77.749	42.890
297.726	113.077	76.164	37.322
295.227	119.517	74.332	33.807
291.225	120.964	72.647	36.219
290.473	122.836	71.233	36.147
288.909	122.926	68.061	36.362
289.002	122.297	65.422	33.214
289.429	121.114	65.152	35.045
344.169	118.168	77.290	42.338
297.054	111.363	64.298	42.860
301.395	101.781	52.769	46.236
306.827	97.307	46.295	46.372
311.555	93.465	46.945	46.861
318.096	91.870	55.833	57.722
317.630	91.434	45.360	49.679
315.378	94.074	55.849	52.631
313.270	96.074	62.041	52.949
312.649	97.471	62.209	49.473
311.774	102.792	70.241	44.768
310.873	106.953	77.993	43.691
312.146	106.472	83.412	51.329
315.042	105.767	84.311	61.630
319.118	108.146	84.560	63.853
326.665	111.511	82.647	63.659
333.517	116.086	79.847	61.609
337.837	119.997	80.601	60.772
337.582	121.715	84.060	61.158
339.973	123.552	83.012	61.552
341.414	124.796	80.822	61.907
344.307	125.702	77.465	62.844
345.532	128.759	77.325	61.267
346.540	129.614	77.234	61.395
347.125	130.421	77.649	61.174
346.397	133.468	78.949	60.562
350.570	135.013	74.951	61.185
354.211	136.580	71.028	60.642
356.078	139.337	68.897	58.702
357.478	140.436	65.343	56.988
360.195	133.817	59.893	60.482
366.091	131.161	49.685	61.069
370.923	128.627	48.635	49.366
383.876	130.853	55.086	45.330
388.863	124.555	64.073	51.582
396.127	123.386	67.133	52.043
401.215	121.142	71.540	52.148
401.531	118.641	80.241	50.929
409.202	118.103	76.445	49.243
411.802	119.547	69.771	46.666
412.318	122.178	74.659	44.766
423.287	124.587	81.690	59.106
425.466	128.142	74.916	57.866
428.736	131.559	70.686	56.430
427.868	134.189	72.284	53.770
427.154	135.337	72.499	53.227
423.925	136.623	72.316	55.397
423.817	138.197	72.122	57.437
423.179	138.973	74.682	59.529
421.804	140.305	76.942	61.059
423.998	145.947	74.505	56.363
428.774	149.089	68.880	53.215
425.464	152.331	70.490	47.832
426.082	155.189	67.259	45.685
424.784	156.721	66.801	46.577
428.284	162.535	63.464	45.640
430.816	165.376	61.687	43.324
430.269	167.680	62.095	41.133
432.480	168.176	59.506	40.460
433.429	170.296	63.354	38.177
434.640	170.316	63.232	37.352
436.625	168.928	63.988	37.093
434.425	160.169	71.247	39.472
422.758	150.785	83.285	40.636
413.586	143.921	86.127	34.618
385.029	126.215	81.224	40.744
374.571	113.890	90.871	52.329
346.006	100.836	93.705	54.080
331.086	102.604	111.532	64.220
298.739	98.990	145.497	89.601
283.147	99.315	134.540	85.011
267.855	97.423	125.686	90.547
246.543	103.671	116.623	92.252
219.269	119.235	111.895	91.615
195.292	139.668	106.556	82.447
248.531	222.624	83.609	80.040
265.499	248.491	81.849	73.690
261.771	265.823	81.250	80.505
266.237	287.245	72.116	112.457
132.143	201.883	152.681	137.586
125.547	232.047	117.220	139.868
122.894	309.397	123.320	112.864
126.732	379.060	132.164	121.019
