292.000	363.000	81.000	114.000
301.525	358.700	81.882	108.158
311.580	353.006	80.129	106.668
319.883	347.831	78.777	105.763
328.392	343.420	77.449	103.965
335.505	339.231	77.090	102.296
343.287	334.261	75.330	101.376
349.427	330.198	74.246	99.545
356.003	327.038	73.135	96.690
361.579	323.178	71.937	95.628
367.237	319.021	70.715	94.133
372.340	315.139	69.847	93.022
375.941	312.361	68.055	92.385
381.391	308.274	67.178	90.485
386.346	305.312	65.097	88.613
389.679	301.746	65.485	88.125
394.037	297.998	63.974	87.189
397.237	295.113	62.647	85.108
401.504	292.795	61.612	84.703
404.777	289.720	60.696	83.006
408.631	286.683	59.758	81.739
410.436	285.383	58.936	81.215
413.363	283.224	58.957	79.717
415.941	280.773	57.681	77.948
418.094	278.231	56.964	78.127
419.826	275.225	56.653	77.775
422.578	273.654	55.710	77.686
423.910	271.189	55.446	78.751
425.219	268.652	55.058	78.205
426.767	267.027	54.234	76.343
427.426	264.684	54.087	74.777
428.214	262.272	54.276	73.218
428.405	260.247	53.655	73.526
429.143	259.211	53.106	72.631
431.319	256.728	51.377	71.881
431.138	255.058	50.726	68.281
430.901	252.998	49.882	68.449
430.979	251.290	49.590	65.702
431.189	249.379	49.148	64.370
431.715	247.580	47.792	61.332
431.377	245.775	47.106	60.550
430.562	243.898	46.680	59.517
429.917	241.844	45.734	58.636
429.215	241.279	46.049	56.677
428.618	239.439	44.779	58.151
427.544	239.044	44.857	56.189
426.459	237.980	44.476	57.205
425.327	235.573	45.237	58.773
425.311	233.620	44.347	59.099
424.457	232.505	44.145	59.260
423.985	230.833	44.324	60.132
423.159	228.971	43.109	60.043
422.186	228.794	44.434	57.592
421.914	228.682	42.572	57.253
422.432	228.111	41.640	55.533
422.747	225.739	41.141	55.827
423.312	224.794	41.923	53.660
423.572	222.496	41.528	54.351
424.077	223.128	40.423	51.476
425.369	221.950	39.048	51.349
425.593	221.498	39.825	51.508
427.457	221.134	38.841	50.834
428.893	220.357	38.591	49.710
433.725	219.255	36.090	49.754
435.211	218.817	35.779	49.710
436.735	218.073	35.289	49.493
439.837	215.857	33.682	50.747
440.717	216.875	33.519	50.173
443.883	215.286	31.928	49.832
445.475	215.208	32.363	46.582
447.999	214.611	31.385	45.813
450.183	213.584	31.211	44.949
450.297	212.608	32.615	44.436
454.161	211.275	30.659	43.819
456.021	210.994	29.505	44.915
457.431	210.241	31.070	44.674
458.459	209.449	31.794	44.189
459.899	207.876	30.969	43.243
460.311	207.113	30.395	42.424
462.122	207.239	28.313	41.550
461.223	207.696	31.401	40.072
462.431	207.031	29.183	40.666
461.876	206.344	29.798	41.065
461.712	206.181	29.968	39.667
462.100	205.108	32.361	40.042
460.331	203.941	31.413	41.190
460.442	201.803	30.656	42.111
458.470	199.864	31.957	43.187
456.536	198.548	31.922	42.813
454.977	199.215	36.067	41.986
454.832	198.090	33.939	42.661
452.269	196.787	33.739	42.122
447.862	196.662	33.034	41.697
446.298	195.301	32.369	42.566
444.225	194.332	31.978	42.251
439.975	194.153	32.705	41.424
437.861	194.085	31.321	41.767
434.865	192.884	30.795	42.808
431.363	193.223	30.677	41.695
429.902	192.711	29.940	41.803
425.999	192.154	30.381	42.083
423.167	192.196	30.056	41.035
420.753	191.563	29.296	40.989
417.216	191.322	30.200	40.887
414.178	190.620	28.978	41.534
410.806	189.925	28.284	41.444
408.366	189.126	26.886	41.958
405.210	188.952	27.775	40.688
402.436	189.256	26.215	39.812
399.867	189.146	26.179	38.132
398.071	188.328	25.429	39.499
395.436	188.132	26.240	39.483
392.233	188.221	25.933	38.900
389.655	187.791	25.920	39.059
384.503	187.547	27.258	38.232
383.550	186.380	25.500	38.478
381.627	186.638	24.628	37.475
381.104	187.223	22.662	36.579
376.607	187.101	25.049	36.062
375.282	186.286	24.490	35.572
372.914	186.615	24.548	35.723
371.835	185.482	24.808	37.416
370.220	185.239	23.118	35.636
367.984	184.504	23.599	36.420
365.477	185.375	23.378	34.738
363.726	184.123	23.592	36.807
361.180	183.804	23.203	36.326
359.273	183.660	23.005	36.203
356.268	183.151	24.029	36.029
354.532	183.196	24.002	36.038
352.855	182.599	23.208	36.514
351.082	182.911	22.614	35.026
348.379	182.713	23.705	34.942
347.986	182.222	22.057	33.790
344.179	181.883	23.937	34.016
341.328	180.837	23.912	33.956
339.653	180.296	23.805	34.084
339.330	179.224	22.317	34.376
336.912	179.594	22.927	33.662
334.754	179.399	22.972	33.001
333.557	179.023	22.561	33.494
331.260	179.311	22.761	34.415
330.996	179.198	21.362	30.819
330.109	178.724	20.541	32.473
328.186	178.899	21.298	30.313
325.035	179.201	22.650	30.628
324.055	178.982	22.077	30.330
323.790	177.822	20.274	29.358
320.620	178.147	21.797	28.141
319.666	177.991	21.263	28.023
317.986	178.536	21.813	26.497
315.795	177.979	21.738	26.807
314.902	177.372	21.631	27.262
312.967	177.279	21.938	26.597
310.964	178.138	21.615	26.482
309.252	175.462	21.091	27.560
308.140	176.331	21.393	28.424
305.471	176.128	21.504	31.315
304.474	175.442	21.482	31.988
302.168	174.934	21.745	29.954
302.865	175.040	21.702	30.896
300.615	175.377	21.944	34.331
300.139	174.309	23.292	34.315
299.780	173.761	23.581	39.331
298.189	175.104	24.678	38.855
296.943	173.745	23.582	32.727
294.060	174.469	24.742	36.454
292.629	173.852	29.086	36.657
292.413	174.582	41.073	37.896
290.179	173.371	43.897	39.676
288.479	172.261	45.685	38.692
286.245	171.288	45.784	40.201
284.376	168.538	45.436	42.047
283.589	168.520	44.669	41.276
281.892	173.448	45.543	35.919
280.309	174.978	46.066	34.518
284.151	175.276	45.998	34.549
276.854	172.188	45.437	36.642
295.170	167.832	31.075	39.656
296.777	168.710	24.186	38.622
300.207	168.638	20.440	37.438
300.878	168.859	19.745	31.784
300.503	168.210	20.205	31.136
301.446	168.549	19.107	30.452
301.977	168.839	19.089	29.605
301.217	169.113	19.547	28.946
302.835	168.194	17.610	30.331
302.117	167.831	17.620	29.583
300.288	168.441	19.706	28.798
300.682	167.089	19.253	30.377
299.613	166.143	22.037	30.800
300.162	166.720	19.084	29.918
299.816	166.505	19.249	29.709
299.739	166.620	18.847	29.816
299.818	166.849	17.913	28.701
298.983	167.223	18.150	28.571
298.369	166.493	17.764	29.223
297.469	166.930	18.082	29.020
297.445	166.436	17.598	29.583
296.180	167.806	17.737	27.813
294.975	167.984	17.723	27.143
293.544	166.587	18.049	27.740
292.914	163.608	17.908	31.690
283.229	151.705	36.448	50.005
249.759	91.300	33.914	38.872
289.329	166.977	20.424	29.032
288.635	166.620	17.619	27.531
288.773	164.749	17.024	29.039
288.657	165.522	16.628	27.539
287.135	165.050	16.978	27.322
285.857	164.427	17.841	27.564
285.539	165.189	17.422	27.987
284.146	163.496	17.428	29.159
281.787	164.516	18.750	28.177
280.945	164.180	19.305	28.173
279.513	165.116	19.796	27.327
278.299	165.033	21.235	27.414
280.698	164.099	19.099	27.677
279.455	164.750	20.261	27.000
278.820	164.617	19.409	26.952
276.773	164.021	19.680	26.858
276.646	164.000	18.940	26.232
275.888	163.052	19.134	27.309
274.843	162.762	19.788	27.117
274.848	162.563	19.251	27.584
272.809	161.221	20.926	28.725
270.540	161.530	19.817	28.245
270.461	161.173	18.570	28.588
269.492	161.752	19.448	27.809
265.285	161.124	20.830	27.949
265.999	162.138	20.521	26.823
265.516	161.760	20.307	26.878
264.938	161.477	19.939	27.187
263.683	161.302	19.984	27.482
263.057	161.364	19.861	27.167
262.676	161.878	20.039	26.512
262.077	160.386	20.015	28.377
262.023	160.641	22.403	27.828
260.707	161.420	19.235	26.909
260.475	160.828	19.727	27.038
260.414	161.727	18.387	25.703
259.171	161.128	18.812	25.631
259.382	161.382	17.698	24.855
258.800	160.557	17.550	25.396
257.573	161.220	17.722	25.318
256.488	161.204	18.026	24.508
256.324	160.845	17.308	24.594
256.597	160.633	16.685	24.893
254.865	160.520	17.607	24.563
253.404	160.803	18.411	24.244
254.258	160.061	17.559	24.773
252.796	160.199	17.818	24.396
251.821	159.982	17.594	24.565
251.864	159.551	16.639	24.517
250.765	159.548	17.127	24.525
250.140	158.718	17.964	24.995
249.339	158.861	17.382	24.754
248.760	158.538	16.555	24.766
247.678	158.313	15.729	24.737
245.583	159.180	16.710	23.552
244.643	159.238	16.695	23.383
243.772	159.231	16.619	23.209
242.507	159.022	15.954	23.707
242.437	159.468	15.038	23.071
241.351	159.257	15.040	22.822
240.151	158.927	15.358	23.080
239.052	158.713	15.452	23.199
238.800	158.288	15.024	23.448
237.791	158.140	15.265	23.484
237.438	158.231	14.711	23.346
236.405	157.394	15.128	23.850
235.773	157.592	14.995	23.713
234.773	157.660	15.763	23.661
234.197	157.718	16.244	23.555
233.683	157.384	16.233	23.611
233.124	156.999	16.319	23.036
232.663	156.865	15.962	23.045
231.919	156.740	16.415	23.374
231.216	156.408	15.986	23.281
231.305	156.491	15.273	23.366
230.343	156.322	15.645	23.755
229.745	156.252	15.732	23.541
229.553	156.149	15.250	23.516
229.258	156.535	14.927	22.932
228.173	155.742	15.437	23.355
227.692	155.267	15.528	23.721
227.339	154.894	15.518	24.408
227.015	155.103	15.610	23.452
226.641	154.220	15.306	24.345
226.458	154.287	15.625	23.816
226.580	153.987	15.363	23.412
226.438	153.395	14.808	24.039
225.592	153.592	15.472	23.925
226.398	153.465	14.408	23.369
225.209	153.720	15.401	22.991
225.404	154.116	14.356	22.150
224.610	153.065	14.818	23.039
224.414	153.638	14.436	22.274
223.829	153.640	14.855	22.433
223.838	153.763	14.918	22.440
222.556	153.288	15.943	22.764
222.518	152.443	14.725	23.671
221.565	152.855	15.163	23.106
220.996	152.747	14.569	23.088
221.159	153.034	14.248	22.200
220.704	151.963	13.717	23.208
220.788	152.920	13.368	22.555
219.909	152.559	13.678	22.428
220.270	153.525	13.260	21.132
