855.000	286.000	101.000	83.000
847.375	286.592	105.197	76.604
842.741	286.187	103.726	74.820
838.430	284.219	105.187	75.174
833.938	283.274	106.870	75.674
829.919	283.525	107.367	75.115
827.140	282.817	105.468	74.980
823.645	280.158	103.555	76.214
819.102	277.192	102.002	75.552
814.461	275.010	100.465	74.933
813.488	273.504	96.090	74.597
810.955	272.265	94.744	74.672
806.870	270.611	95.985	74.875
803.534	270.125	97.276	75.062
801.834	270.119	96.207	73.849
802.565	269.939	96.468	72.763
802.803	267.239	94.663	75.202
802.112	266.079	94.240	74.287
798.419	265.125	97.328	71.986
797.401	264.111	97.579	70.564
798.446	262.778	96.846	70.058
801.099	261.722	95.999	69.900
800.652	261.377	96.504	66.591
801.897	259.404	95.103	65.438
802.874	258.481	93.976	63.689
802.184	257.965	94.547	61.715
803.880	258.739	93.289	58.198
805.975	257.691	92.770	59.285
806.601	257.628	91.488	56.886
806.720	256.411	89.668	57.102
806.794	255.736	88.202	56.377
807.080	254.326	86.542	57.160
805.011	253.005	85.945	57.199
802.598	251.030	85.843	56.620
801.839	250.630	83.308	55.003
800.539	248.793	79.989	55.517
799.151	248.132	77.829	54.141
793.189	247.824	79.836	52.235
782.695	246.504	83.118	51.954
775.272	244.595	85.053	53.795
768.190	243.590	85.567	54.115
759.220	242.740	85.666	54.495
750.544	241.095	85.612	56.111
739.441	238.452	88.758	56.269
728.724	236.948	93.542	56.635
726.811	234.701	84.969	56.782
712.736	232.353	87.353	59.236
702.983	230.377	91.346	61.744
694.467	229.367	90.689	62.845
690.111	229.149	88.543	62.585
684.641	229.221	88.951	61.489
679.948	228.266	88.413	61.543
673.156	226.826	90.183	61.356
664.935	224.447	93.131	62.148
662.284	223.757	92.140	61.792
659.667	222.882	90.054	61.913
658.203	222.378	87.025	62.134
654.215	221.840	87.051	62.342
647.435	220.328	89.468	61.789
643.184	219.335	88.847	60.591
640.312	217.921	86.039	60.338
637.731	216.870	85.132	58.743
635.510	215.271	83.776	59.635
632.082	212.522	83.550	60.273
630.492	209.569	82.824	62.359
628.778	207.384	82.328	63.374
626.187	206.071	83.476	62.564
624.367	203.351	83.211	63.607
621.373	201.559	85.772	60.391
620.597	198.807	84.949	60.689
619.068	199.121	84.394	57.965
618.504	197.871	82.331	58.232
617.253	197.925	83.796	57.347
615.202	196.150	82.623	56.840
613.743	196.379	82.463	55.414
607.740	194.813	85.619	56.827
604.620	194.744	84.206	55.952
603.759	194.139	81.911	53.811
592.649	190.716	88.435	56.242
592.830	190.631	84.435	54.508
589.815	190.499	83.249	54.064
584.021	189.560	85.245	53.707
579.345	188.278	86.317	55.993
573.214	186.275	86.541	57.091
567.458	185.316	87.943	56.342
560.368	183.712	89.678	56.120
558.537	183.436	85.573	54.884
549.953	181.934	89.584	54.092
546.868	180.029	87.221	53.322
538.442	180.497	92.043	49.791
537.072	179.198	90.094	51.462
533.649	178.387	88.654	51.313
529.044	176.146	86.402	52.467
523.082	173.880	82.518	53.268
521.357	173.099	82.197	53.908
520.117	173.393	80.893	54.735
517.088	172.186	81.788	54.362
514.047	172.130	81.727	53.910
510.840	169.743	81.029	53.110
507.415	168.190	80.108	52.470
504.340	166.689	79.735	53.705
501.744	165.184	80.599	54.017
499.831	163.553	80.227	54.150
500.361	159.903	76.830	54.187
498.823	159.093	78.298	53.888
498.088	157.944	77.175	54.934
499.197	157.519	76.331	54.000
498.763	156.426	75.955	54.021
496.240	156.152	77.050	51.566
497.077	155.930	73.035	52.341
496.751	155.920	73.037	52.573
494.128	154.540	74.489	51.598
494.458	154.183	71.477	52.451
490.941	152.478	71.505	52.561
487.948	151.486	73.055	55.974
486.424	150.631	72.592	57.092
483.936	150.684	72.438	57.701
483.158	149.876	70.981	57.401
478.438	148.388	69.614	56.244
475.175	148.517	71.501	54.435
471.605	146.753	69.732	53.836
469.936	146.887	70.875	53.789
467.352	146.105	69.809	52.594
459.575	145.075	73.362	50.324
458.182	144.410	71.614	50.122
459.479	143.004	67.328	48.982
457.557	142.356	65.706	48.423
454.507	142.345	65.267	49.298
453.553	140.699	63.877	49.137
453.023	139.954	63.435	48.599
450.556	138.798	63.538	47.069
449.760	137.678	63.959	43.976
442.753	135.897	69.844	46.893
447.329	135.903	64.699	47.685
445.556	134.837	66.092	51.874
444.592	133.485	63.651	55.964
442.576	133.084	65.623	58.364
439.241	131.730	67.702	57.783
440.147	132.153	67.461	57.562
439.295	130.843	67.790	56.610
439.817	130.990	67.995	57.056
440.952	130.825	69.148	57.561
442.197	129.986	69.540	59.455
442.880	128.727	69.734	62.088
440.706	127.890	70.432	61.881
438.994	127.229	72.867	61.419
438.040	125.794	73.098	60.036
439.061	124.190	71.727	61.101
438.214	121.714	70.822	62.610
435.141	121.116	71.811	61.659
434.305	120.325	70.714	61.578
434.326	120.583	69.172	58.944
433.143	120.996	68.433	56.922
431.496	120.862	69.079	58.986
425.643	120.165	72.603	58.069
419.343	118.636	72.279	58.180
416.445	118.683	68.208	57.102
413.146	118.248	70.771	56.930
409.460	118.680	69.020	53.331
404.098	118.437	70.350	55.708
399.609	116.519	68.946	56.404
394.984	114.499	67.285	55.900
386.215	112.686	70.139	55.161
377.049	109.097	71.449	55.594
374.447	108.382	73.634	56.468
373.182	107.440	71.820	55.867
369.888	105.943	70.548	54.570
370.453	104.828	70.418	58.572
364.737	103.542	73.704	58.347
362.701	102.518	74.115	59.216
361.605	101.899	73.645	58.457
361.449	102.920	70.446	60.988
364.453	104.092	69.238	60.370
359.426	104.552	70.749	58.920
359.038	103.085	71.172	58.097
357.794	100.433	69.043	58.105
354.431	98.394	70.138	56.900
350.801	97.601	72.301	59.600
353.148	97.534	67.904	58.315
351.943	97.634	68.798	56.734
350.837	96.177	68.325	58.670
348.780	95.177	71.257	60.158
352.502	94.604	69.686	57.826
347.700	92.515	71.495	59.820
349.569	91.334	68.728	57.897
347.709	90.325	67.730	56.272
346.721	90.654	65.968	56.184
345.652	90.921	65.918	55.668
344.445	90.598	64.477	56.182
341.601	90.170	64.609	55.307
337.990	89.265	64.877	55.648
334.181	87.606	66.504	55.586
329.851	86.362	64.548	56.069
324.849	86.654	67.626	55.164
321.052	87.322	70.084	56.924
320.707	89.158	67.820	56.608
316.768	90.096	68.769	54.816
312.378	88.202	64.949	56.717
307.613	87.047	64.867	55.500
300.369	83.169	63.411	55.985
297.429	81.818	67.236	55.859
296.372	80.170	64.644	55.638
297.565	79.973	62.949	53.245
294.270	77.854	57.518	53.516
289.664	76.539	56.577	50.416
285.460	76.881	56.495	50.571
283.480	75.769	55.961	50.139
281.759	74.826	55.280	50.342
278.735	74.150	56.788	50.439
271.040	71.150	62.459	50.569
362.567	186.225	53.606	23.796
399.657	178.766	64.323	50.119
389.657	173.406	80.372	58.548
382.496	170.081	84.384	62.494
377.366	170.184	80.049	61.621
375.078	170.307	76.944	60.745
371.079	171.172	74.808	63.723
370.319	172.763	70.633	61.256
361.714	170.787	73.039	64.621
351.416	167.778	75.536	65.167
347.824	160.145	73.698	67.263
336.373	163.343	77.072	58.310
337.732	155.910	76.169	65.803
341.904	282.239	88.498	48.064
337.476	288.066	92.137	69.476
329.688	283.477	92.314	78.698
323.718	285.902	99.927	77.983
326.456	283.526	96.857	75.871
326.754	279.726	93.250	80.534
309.766	267.785	97.704	88.560
309.588	254.859	91.304	94.790
301.479	255.496	102.933	101.914
298.085	244.067	98.162	100.154
309.981	253.875	94.277	92.151
308.156	247.283	87.649	84.101
303.182	255.542	89.209	78.378
275.332	144.997	80.877	65.908
300.597	254.393	90.814	78.103
291.433	248.888	97.131	79.630
163.162	263.255	66.435	77.072
282.788	252.370	88.154	81.170
270.590	250.022	92.981	81.270
278.448	243.473	87.687	83.560
265.474	147.097	86.844	66.374
268.335	241.160	88.168	83.041
263.025	238.022	93.592	84.965
252.407	247.846	97.154	82.108
272.660	146.502	87.076	67.087
450.052	117.132	71.806	69.883
218.006	217.760	104.191	69.707
220.278	217.848	113.045	77.601
211.138	219.024	113.704	78.665
376.391	314.227	146.710	134.870
363.538	307.063	189.513	197.685
357.491	312.421	176.631	129.695
378.503	385.183	128.769	109.908
375.738	287.536	157.209	180.818
375.595	315.281	191.536	146.654
346.447	277.435	197.796	195.236
604.425	198.687	132.788	102.593
363.633	392.794	128.310	99.110
598.844	206.861	118.559	83.482
741.873	480.300	119.331	81.207
796.725	576.000	134.816	0.000
786.829	576.000	138.149	0.000
791.615	576.000	144.171	0.000
794.098	576.000	145.241	0.000
713.214	467.514	130.719	93.237
712.674	465.335	127.961	90.743
723.546	463.608	108.579	88.927
720.121	463.655	107.005	83.558
632.392	466.040	115.222	84.023
633.102	446.185	125.751	88.357
679.811	442.490	142.330	96.193
624.710	444.569	145.342	105.682
556.876	428.663	249.299	147.337
564.419	394.720	214.703	149.278
580.577	427.131	223.713	148.869
613.741	441.163	177.147	118.441
629.788	444.337	151.470	109.650
626.747	446.182	144.912	98.498
627.613	448.917	140.923	94.709
624.633	442.670	143.515	106.630
603.221	439.523	245.338	136.477
960.000	277.018	0.000	76.689
808.568	339.163	72.690	66.193
895.571	315.337	64.325	71.185
792.198	338.073	65.632	72.976
887.855	310.334	71.260	74.663
884.007	305.122	75.258	78.174
875.326	299.027	84.058	80.832
871.885	293.725	87.224	79.687
869.238	293.488	89.572	78.239
869.250	295.227	89.189	75.564
865.845	297.790	91.815	76.924
865.261	299.095	92.160	78.071
859.895	303.312	95.326	74.506
850.526	305.739	97.937	72.080
842.264	304.553	99.101	75.036
833.173	304.879	98.699	73.592
826.925	303.927	99.860	75.493
816.434	297.534	100.652	78.650
808.669	297.793	97.944	74.780
798.091	356.163	156.077	136.715
764.786	325.723	195.214	173.323
781.492	295.673	104.676	87.620
776.839	290.784	97.615	79.803
774.967	293.687	95.858	74.985
772.219	291.055	94.888	71.295
766.641	289.464	92.507	72.795
773.854	289.194	93.639	72.050
865.193	363.532	94.807	105.234
792.010	288.571	156.165	124.863
782.938	281.471	110.058	77.283
768.147	292.921	95.114	77.339
761.024	292.757	91.644	71.385
749.972	293.964	90.887	73.786
748.861	298.209	97.385	73.854
743.594	291.293	87.128	73.205
737.586	291.499	82.749	70.724
731.831	284.659	86.301	71.059
831.536	375.707	114.842	100.246
835.328	373.079	111.601	92.268
831.151	368.933	112.180	92.761
831.012	368.190	110.318	89.864
831.300	369.602	113.935	88.077
833.457	371.004	112.871	85.636
833.859	369.467	114.190	84.947
831.298	369.055	117.086	85.019
833.020	367.893	117.575	85.870
832.025	369.547	118.599	86.862
824.581	360.620	122.986	91.012
818.650	356.761	124.246	88.855
807.114	350.797	121.401	88.220
800.572	348.062	118.194	88.530
800.748	344.060	128.995	87.784
862.250	338.661	94.835	90.504
830.170	335.170	115.362	82.441
762.896	299.606	135.338	119.406
753.790	322.495	119.178	86.904
851.555	316.413	105.416	86.181
762.079	319.129	104.841	79.787
762.624	317.127	101.423	78.875
743.057	229.048	82.329	64.020
739.696	314.398	109.385	83.173
742.476	312.752	111.458	82.597
736.377	307.961	105.161	85.943
855.003	311.435	89.269	81.873
960.000	243.290	0.000	83.128
839.697	312.814	91.567	75.468
938.162	322.196	21.838	104.140
720.877	312.873	107.750	80.389
718.984	310.486	109.539	79.317
719.302	308.461	105.410	79.563
717.754	303.363	103.010	78.766
700.106	211.881	82.881	66.122
712.671	292.722	106.154	83.920
721.973	300.282	102.242	76.140
713.336	301.506	101.535	79.265
709.536	302.864	95.815	76.694
