732.000	285.000	210.000	185.000
730.108	286.743	207.053	179.263
725.507	287.820	204.790	176.155
726.004	288.102	199.782	173.248
721.554	287.757	198.172	172.917
717.330	288.125	198.237	173.638
718.766	288.125	193.148	173.869
728.256	289.549	181.269	170.598
726.459	292.038	179.181	169.686
708.054	291.084	191.841	168.313
729.327	287.250	189.917	176.077
684.777	304.733	177.081	154.667
685.845	291.593	169.611	167.506
678.105	293.732	193.270	165.337
675.257	290.748	190.216	167.262
675.170	287.173	183.787	170.655
672.897	284.541	188.532	172.800
671.150	282.384	188.687	171.067
672.601	279.318	182.729	172.498
678.990	278.329	174.886	172.791
685.104	278.206	163.395	172.160
680.300	274.402	166.463	177.660
665.028	265.733	178.326	191.885
638.864	257.569	178.072	202.743
649.493	252.317	193.798	216.345
562.271	215.598	266.588	241.094
339.344	218.206	266.406	217.017
404.807	252.273	248.498	191.197
396.738	275.798	198.972	153.369
407.750	270.083	214.462	161.899
368.250	274.385	210.455	165.320
383.680	272.860	154.973	138.148
626.583	270.265	125.648	165.279
621.867	267.938	168.512	167.893
614.768	268.302	184.838	167.773
608.781	267.319	188.000	167.485
599.081	267.180	191.929	167.358
589.569	265.740	193.859	169.569
581.053	265.938	190.497	170.228
574.038	267.926	186.552	167.255
564.276	268.276	188.219	167.758
552.745	269.280	188.663	166.579
541.983	270.264	186.119	166.141
532.824	273.367	181.475	162.841
529.305	273.958	175.739	163.515
519.843	275.832	175.828	162.126
512.716	276.821	175.197	162.621
502.981	276.810	177.932	164.010
494.139	280.639	175.497	162.080
487.100	282.090	174.523	162.309
478.341	282.227	177.635	165.275
471.705	285.046	175.443	164.056
464.310	285.757	179.504	164.055
455.700	285.359	191.286	163.617
450.600	285.716	206.840	162.775
446.242	282.983	221.688	164.749
438.064	282.419	234.282	164.156
431.498	280.161	235.586	165.132
425.337	278.442	186.127	166.405
419.822	276.504	170.307	166.391
411.398	276.503	165.941	163.514
403.936	276.432	167.802	162.554
394.939	274.884	173.185	164.073
386.996	275.346	175.608	163.135
379.303	274.297	169.898	162.005
370.637	275.197	166.876	159.497
366.185	274.615	165.009	159.292
360.056	273.119	160.858	159.847
352.992	272.763	159.793	158.664
345.703	271.488	157.195	157.911
344.296	269.171	148.297	161.309
340.403	269.922	147.091	159.348
335.853	270.382	147.098	158.466
332.239	270.956	144.536	157.113
327.805	271.171	136.344	154.894
324.383	270.564	132.010	153.776
320.325	270.054	130.480	153.174
317.806	269.144	128.169	153.002
315.566	268.810	125.837	152.799
314.170	267.868	122.846	153.986
312.012	270.122	122.926	151.916
309.484	270.122	123.717	153.284
305.578	271.107	125.291	152.727
299.922	273.203	127.842	150.459
294.012	275.021	123.417	149.424
289.735	275.108	121.959	149.121
285.388	275.422	119.916	148.945
282.128	277.298	118.622	147.854
279.809	278.534	116.931	147.224
277.511	280.380	117.090	146.803
275.559	279.607	113.860	148.632
274.881	280.628	113.357	147.628
272.831	280.351	113.626	147.852
271.207	279.837	113.883	147.765
267.506	280.813	114.180	146.568
264.203	282.846	115.822	144.248
260.517	283.453	116.935	144.653
258.033	284.862	119.309	143.054
256.972	284.581	122.495	143.580
256.648	283.677	125.560	143.922
256.129	282.580	112.854	145.085
255.096	282.731	109.583	142.870
253.160	282.491	108.421	141.242
251.196	282.649	106.605	139.848
244.441	282.721	111.718	138.793
238.925	282.981	115.541	138.483
233.583	282.797	117.547	138.456
228.667	283.287	113.623	137.980
224.141	283.701	112.384	136.774
218.737	284.079	112.294	135.605
215.131	283.583	110.264	135.965
210.361	283.769	109.676	135.292
205.367	284.921	110.019	133.645
203.812	285.334	108.679	133.466
198.470	284.931	106.733	132.645
195.342	283.954	105.805	132.930
190.379	281.363	105.864	133.825
186.268	279.016	106.863	133.737
181.670	276.800	106.573	133.424
178.936	269.954	102.161	136.187
175.059	267.522	101.518	134.027
171.854	265.537	100.396	132.977
168.740	263.743	98.462	131.949
165.024	262.918	98.974	130.087
162.682	262.561	96.991	129.996
158.080	264.075	98.272	129.682
155.403	267.801	94.643	129.852
152.885	271.323	94.157	131.064
150.028	273.320	93.393	133.919
144.762	278.881	92.930	130.355
141.595	278.724	95.457	130.691
137.809	278.945	95.378	130.103
135.414	279.545	95.965	129.740
133.741	278.782	94.741	130.327
130.806	281.706	93.632	127.114
128.366	281.847	93.758	126.648
126.851	282.157	93.807	126.080
125.831	282.503	91.483	125.278
124.234	282.868	89.332	124.988
122.330	282.503	88.122	124.709
118.893	282.687	90.175	123.345
114.436	282.647	93.384	123.360
109.372	282.961	97.057	122.881
104.913	283.815	97.275	122.594
98.041	286.599	98.649	120.759
94.102	287.280	96.980	122.463
89.657	290.055	97.818	121.595
85.087	292.185	98.678	122.023
80.599	294.688	100.025	121.808
75.318	297.637	101.660	122.792
71.554	299.729	100.910	122.455
68.519	302.056	100.830	121.782
64.755	303.397	100.708	121.737
62.610	305.122	99.733	120.975
62.882	307.400	97.489	118.978
64.300	308.291	95.646	119.712
69.564	309.433	95.674	119.266
73.341	311.575	97.955	118.320
80.782	312.700	100.502	118.207
94.888	314.874	94.194	116.356
97.413	317.208	94.482	114.892
102.310	318.356	89.777	114.311
102.049	319.480	89.272	112.426
100.199	320.176	88.033	112.338
97.630	324.183	85.002	111.916
95.506	325.069	81.975	114.821
92.231	328.560	82.141	115.355
89.331	329.910	80.369	118.997
86.272	332.463	79.759	120.338
82.289	339.575	80.279	116.340
79.713	343.516	79.270	115.778
77.353	348.437	77.137	112.691
74.332	351.782	75.978	111.870
70.959	353.963	76.021	110.839
67.801	355.839	75.716	111.012
64.980	356.925	73.155	112.132
60.164	358.477	72.810	112.688
55.695	359.925	73.416	111.920
50.485	359.948	75.011	113.594
46.897	359.907	71.153	113.936
46.105	360.608	67.928	110.457
44.937	359.627	64.503	110.522
44.196	359.750	62.269	107.834
43.900	360.026	62.646	106.230
43.151	359.548	61.009	106.656
41.088	357.920	61.124	106.924
38.006	357.619	61.590	108.030
32.964	357.839	62.434	109.134
28.293	358.830	62.032	107.965
22.938	360.177	63.037	106.597
17.698	360.974	65.124	105.612
18.371	357.221	67.702	107.116
23.208	351.599	65.394	111.358
26.578	346.390	68.360	113.781
79.666	334.148	74.646	118.519
109.930	336.529	75.877	113.704
141.176	330.617	77.838	116.294
178.431	336.253	77.650	107.492
212.110	333.253	71.955	107.102
269.262	326.692	70.385	109.062
280.570	331.258	76.635	102.875
293.420	331.260	76.599	100.999
301.269	329.824	77.895	102.765
311.943	330.238	78.127	102.765
331.258	325.452	73.942	105.918
349.678	322.708	73.429	106.609
370.098	319.029	73.258	106.509
393.260	322.708	75.468	101.573
419.794	321.623	74.590	102.875
440.672	326.554	74.835	99.644
454.428	325.946	75.026	101.168
468.283	327.211	78.584	100.172
476.145	325.711	74.460	97.430
478.097	326.133	71.153	94.159
474.267	325.377	69.612	98.397
470.086	327.570	68.660	98.681
477.378	327.467	65.294	96.830
495.558	328.053	69.400	93.382
499.763	327.721	70.694	92.407
536.385	324.201	69.561	95.563
552.808	325.223	69.521	94.543
566.934	327.227	69.968	93.181
574.256	325.388	73.839	93.709
577.351	325.256	71.935	94.298
577.682	327.674	69.172	90.637
578.212	327.144	66.823	89.878
580.938	322.772	63.683	94.030
584.784	321.859	62.455	92.864
590.374	320.067	61.177	93.171
596.915	319.426	61.161	92.377
606.070	319.845	60.713	93.841
613.475	320.899	60.224	93.673
618.663	323.690	59.234	89.713
622.171	323.386	58.191	89.734
623.199	322.472	56.827	88.514
622.534	320.794	52.981	86.593
620.045	321.834	54.468	84.121
618.029	322.938	54.828	83.117
615.802	325.426	55.874	81.264
614.463	328.733	54.522	80.753
611.970	331.309	54.373	80.238
610.894	333.064	53.128	80.026
609.706	332.863	52.810	81.304
608.375	332.480	50.222	81.796
607.606	332.584	49.411	81.334
606.799	332.932	48.788	81.360
605.362	333.317	46.490	81.657
604.567	335.671	44.541	81.242
604.530	336.304	43.516	81.938
602.896	336.676	43.730	82.694
601.558	338.160	43.821	83.283
600.068	339.887	43.390	83.118
598.751	342.382	43.183	81.479
597.170	344.609	42.488	80.757
595.329	345.208	43.313	80.486
593.187	347.232	42.754	80.087
591.379	346.962	42.317	81.036
