465.000	84.000	92.000	118.000
466.592	78.283	88.730	119.894
465.356	76.421	89.028	122.023
462.401	75.167	90.373	123.638
465.240	74.101	87.545	124.480
464.041	74.309	88.983	124.138
461.181	74.402	91.622	124.516
459.640	73.001	93.136	126.851
457.664	72.713	94.245	126.636
455.063	73.151	96.412	126.259
452.653	73.463	96.762	126.126
451.170	73.409	97.140	125.564
448.019	73.977	99.326	125.366
442.206	73.028	102.929	126.804
434.394	73.932	107.784	124.272
431.507	77.085	106.077	121.122
425.709	75.654	104.234	122.524
422.876	74.774	102.944	126.006
419.171	75.730	102.297	126.894
418.512	76.906	97.240	124.682
414.914	78.243	96.312	123.666
413.392	78.927	95.149	123.095
413.887	79.553	92.797	122.519
412.292	81.019	91.423	122.141
409.716	81.354	93.018	121.580
409.056	82.165	89.441	121.578
408.128	81.936	87.352	120.492
408.777	82.840	88.962	117.347
410.918	83.877	83.239	119.296
413.944	84.823	73.017	122.388
416.250	85.516	69.180	124.215
420.037	85.064	64.668	126.388
424.687	85.863	61.680	126.046
429.125	86.426	60.085	125.547
435.919	85.112	55.436	127.704
438.767	86.656	57.308	125.133
442.868	86.941	59.352	125.824
446.147	87.614	63.042	127.018
450.144	87.358	67.122	124.138
456.360	87.022	68.530	126.787
458.866	87.485	71.022	124.030
463.429	87.014	75.317	122.863
468.525	86.029	78.180	124.612
474.060	85.374	78.101	124.161
470.796	81.530	81.686	127.738
458.326	82.034	85.149	127.708
443.159	81.232	87.270	128.240
427.670	81.836	91.697	127.140
414.348	82.114	92.471	127.547
398.221	81.367	93.503	127.880
384.678	80.503	93.811	128.969
367.238	80.678	88.181	127.325
355.667	79.030	83.943	128.029
347.441	80.989	81.497	126.836
333.929	80.614	74.159	125.952
321.417	79.258	71.631	122.666
307.670	79.073	67.850	123.167
290.887	80.587	68.677	121.430
273.693	84.826	68.506	116.619
257.893	88.451	67.833	111.571
242.394	90.039	65.109	108.938
226.297	88.562	64.925	111.382
216.834	86.205	65.799	113.086
204.234	79.224	65.305	116.778
190.752	75.466	67.550	117.717
179.221	74.708	65.268	114.544
170.174	72.184	61.332	113.812
160.935	70.737	58.160	114.876
148.427	70.096	57.764	114.075
135.508	69.146	58.892	115.471
123.004	66.768	58.227	114.842
108.020	68.003	59.012	111.772
95.285	67.633	57.696	110.054
81.694	68.128	55.479	107.634
66.744	68.199	55.106	106.304
51.030	67.757	55.634	103.513
40.685	66.282	54.740	103.315
43.203	66.947	50.998	111.887
43.866	64.611	49.383	114.461
43.931	64.223	49.721	113.270
44.303	62.593	50.483	112.065
46.258	61.809	50.092	111.143
48.056	59.794	48.987	110.958
50.008	57.960	49.915	110.509
53.440	55.814	48.863	112.561
57.289	54.637	49.075	112.536
59.361	54.167	50.249	110.197
64.526	53.757	50.653	108.932
67.914	51.685	53.911	106.825
71.995	49.369	57.431	105.826
78.721	47.821	61.169	105.655
84.288	45.713	60.691	105.436
90.064	44.179	61.159	104.296
96.300	43.213	58.436	104.806
102.406	42.069	56.852	103.762
106.489	39.767	57.129	104.706
111.269	38.987	54.175	106.172
113.198	39.812	52.386	105.045
115.832	36.905	51.620	105.349
118.961	35.281	48.652	105.602
122.363	34.184	47.000	103.250
124.851	33.483	46.321	101.582
126.861	40.142	46.760	99.595
129.357	49.918	47.573	96.901
133.326	59.958	46.538	95.771
138.003	69.202	45.418	94.396
141.269	79.004	46.924	93.477
145.579	89.524	47.534	92.777
149.391	95.224	47.198	92.589
153.798	103.987	48.928	91.685
158.705	112.570	49.922	91.105
162.084	122.718	53.381	89.698
167.641	130.698	54.647	91.541
173.188	138.505	55.215	95.638
181.129	152.338	52.888	95.866
184.983	162.173	51.823	96.249
190.651	171.565	48.667	95.205
196.973	186.268	47.459	93.281
203.017	196.820	46.255	91.224
206.758	207.077	48.906	89.148
211.516	214.055	48.626	88.670
216.603	224.190	48.445	84.620
220.784	232.967	49.000	84.606
226.101	239.063	49.437	86.614
231.738	238.509	48.869	85.799
237.059	236.035	47.669	87.118
242.728	234.678	48.918	85.669
247.229	234.814	47.295	85.020
252.958	233.624	44.407	86.578
256.757	231.641	44.095	89.553
261.188	231.031	43.255	88.169
263.813	230.774	41.944	87.065
266.529	229.272	41.754	88.006
270.102	228.072	40.246	87.281
273.014	226.589	39.927	87.015
275.583	226.357	40.012	84.073
280.652	223.839	39.813	85.454
283.201	224.454	39.815	82.606
286.059	223.943	40.426	83.509
289.998	222.231	40.072	82.280
293.250	220.201	41.349	83.038
297.413	220.723	42.520	78.131
301.376	220.774	42.675	78.038
304.483	219.893	43.214	76.591
308.774	218.938	43.297	79.023
314.878	215.379	42.202	80.696
319.940	217.139	42.206	75.571
325.608	216.215	43.131	75.575
330.234	215.214	43.693	75.434
336.381	213.996	42.633	77.057
340.660	213.038	43.099	78.016
344.698	212.377	42.793	77.065
349.111	211.002	41.599	77.979
353.969	210.225	40.307	77.574
360.113	209.195	39.622	77.584
363.686	208.784	39.878	76.349
367.921	208.335	39.095	75.809
371.345	206.843	38.549	76.978
374.782	206.323	38.597	76.857
377.753	205.135	38.550	77.187
382.785	205.297	37.746	75.006
385.202	203.981	36.454	76.369
388.541	203.301	36.326	75.460
390.433	202.326	36.049	75.624
392.524	202.876	37.425	73.258
395.062	199.970	35.236	75.971
395.884	200.379	35.450	72.849
397.378	199.590	35.030	72.839
398.584	198.321	34.406	74.998
399.503	197.690	34.153	73.701
399.260	196.685	34.699	71.138
400.689	196.682	33.468	70.683
401.063	196.228	34.507	71.218
402.125	195.848	33.431	71.946
403.164	195.121	32.991	70.219
404.717	194.982	33.329	69.411
406.563	194.702	33.260	68.243
407.881	193.113	32.684	70.107
410.309	193.412	32.951	69.765
412.326	191.784	34.094	68.439
415.485	192.555	35.029	68.024
418.211	192.449	35.858	65.709
421.940	190.065	33.362	67.900
422.600	190.491	33.754	68.988
425.190	191.079	30.475	65.425
425.940	192.815	30.543	63.214
426.852	189.513	30.007	65.462
426.984	191.490	31.773	63.027
427.375	189.445	31.418	64.085
424.677	178.640	33.423	70.338
429.134	182.767	33.004	67.766
428.052	182.641	35.818	66.194
418.718	162.588	32.485	62.456
436.071	185.420	32.004	64.999
438.291	182.026	31.992	65.387
441.501	182.522	31.819	64.507
443.261	181.824	32.455	64.697
444.789	179.894	31.413	67.053
446.342	179.868	32.872	66.384
450.630	178.507	31.727	65.401
452.433	178.002	32.404	66.080
454.110	178.338	32.624	66.357
456.726	177.086	31.874	66.647
458.666	177.158	31.303	64.050
459.269	177.063	31.952	63.886
460.045	177.643	31.763	58.897
460.981	177.089	30.767	60.294
461.188	176.442	30.632	60.302
461.622	175.293	29.694	61.734
460.789	174.269	30.420	62.282
459.592	175.633	31.037	59.997
457.822	172.886	30.773	62.748
453.003	171.565	30.882	64.004
448.086	172.563	32.777	60.133
444.712	173.461	32.691	58.999
438.450	171.471	36.614	61.089
433.590	172.169	39.278	60.343
426.109	171.683	43.475	62.031
422.105	170.109	43.600	62.766
411.249	170.100	47.500	64.559
408.870	170.099	37.588	65.077
402.280	170.086	39.905	64.613
397.213	170.782	44.803	66.109
389.991	169.984	47.806	66.255
385.956	168.142	50.197	67.075
374.660	167.626	47.929	64.145
371.837	166.620	39.688	62.729
367.958	168.014	39.706	58.788
363.355	167.632	39.947	57.374
360.094	166.764	41.766	58.520
357.457	167.702	42.586	58.772
351.262	165.832	40.092	61.965
347.239	166.073	39.348	60.770
346.281	168.147	39.075	61.542
340.177	167.120	40.480	62.313
335.368	167.127	49.123	61.930
332.724	165.131	46.161	63.387
333.224	164.473	41.932	64.825
330.071	162.122	42.673	66.181
331.488	164.355	43.112	63.159
330.225	162.157	43.851	63.555
330.923	165.384	41.456	61.113
328.318	162.334	35.988	66.085
327.443	163.213	40.113	65.946
326.587	167.473	41.750	62.357
326.696	164.085	36.532	63.175
324.328	163.582	34.422	65.133
323.670	162.513	36.820	67.013
322.553	161.820	33.481	66.173
323.347	171.369	35.314	56.814
324.302	170.562	34.301	57.831
323.780	169.238	33.765	59.659
322.574	168.631	34.903	58.954
322.202	172.921	34.744	55.220
325.635	168.213	32.872	61.167
323.926	168.190	34.000	61.179
323.642	164.489	35.518	63.813
322.424	167.561	37.340	59.255
323.293	170.278	37.285	58.060
324.569	167.898	35.260	59.054
325.069	172.389	35.528	57.099
320.651	178.341	37.523	58.175
325.358	171.874	35.043	56.722
325.142	168.880	36.544	55.542
327.605	175.074	33.725	53.520
326.297	170.312	33.168	59.515
324.703	176.174	34.417	57.753
326.342	175.408	34.232	52.630
326.668	178.624	33.370	49.357
328.349	176.963	31.467	52.062
326.684	180.013	33.955	49.326
326.438	186.406	38.717	50.293
328.783	184.125	33.386	49.108
327.617	187.358	30.864	45.127
329.910	181.678	31.879	47.634
329.994	184.161	37.810	60.496
331.800	191.965	39.554	76.479
328.962	189.064	43.314	76.806
327.864	185.015	42.383	75.063
324.106	177.905	45.027	78.445
325.120	184.012	44.632	74.051
324.970	190.263	41.531	85.166
324.355	189.035	44.907	89.915
320.424	188.202	45.519	91.182
320.698	194.774	37.392	88.794
318.465	196.453	38.577	88.861
318.452	190.138	39.103	88.234
314.856	190.297	43.757	86.469
354.566	220.645	40.038	95.078
355.608	217.171	44.124	95.687
357.825	219.180	40.516	91.400
360.419	216.961	39.681	90.948
306.000	209.705	41.384	80.152
303.338	210.997	40.956	80.741
302.243	211.826	40.256	80.989
323.999	175.149	43.131	54.814
326.466	177.187	36.006	53.651
329.022	174.831	35.942	54.166
327.286	175.690	39.978	54.434
324.778	174.963	38.355	54.782
325.794	168.042	36.392	61.031
325.233	167.258	36.669	61.581
325.102	167.490	39.770	61.640
322.668	173.544	38.181	55.854
320.659	171.364	40.777	55.552
318.102	174.602	38.853	53.192
310.439	169.273	47.549	60.275
304.165	165.811	48.701	63.254
373.144	207.539	36.927	87.664
373.200	204.495	38.122	91.503
375.146	202.560	36.977	85.951
374.856	205.897	38.289	88.522
377.331	205.220	36.409	88.115
276.995	165.130	48.491	65.254
273.407	164.573	44.836	62.544
265.561	164.116	45.897	60.699
257.932	161.773	42.303	70.073
256.020	160.179	47.395	67.067
380.499	201.393	14.531	75.836
383.266	202.059	34.592	78.879
389.022	199.333	37.377	86.030
412.052	198.400	36.966	83.918
428.058	197.408	39.578	82.256
445.064	197.548	40.253	85.520
457.113	195.988	44.677	87.679
482.086	193.653	38.499	86.881
500.929	193.449	37.926	83.441
518.505	192.614	36.310	82.006
537.623	193.962	37.370	81.814
557.941	191.319	35.602	87.497
577.694	189.954	35.876	83.710
594.408	190.378	34.062	87.854
609.893	193.282	21.107	82.120
603.258	224.842	23.481	73.894
609.271	224.232	20.924	82.526
601.461	231.144	26.273	62.941
605.052	224.578	23.336	70.259
608.873	219.106	20.719	74.061
429.995	241.063	32.334	97.755
413.929	242.626	44.266	95.902
411.258	241.821	43.167	97.290
408.716	244.984	45.176	95.732
406.370	246.533	43.618	98.337
402.817	244.651	43.437	101.521
399.200	245.108	44.898	97.915
394.991	249.507	47.171	97.619
389.769	251.075	47.451	98.511
385.454	250.985	46.896	99.372
382.562	249.565	45.061	99.494
380.611	251.288	45.226	102.909
376.966	253.552	46.209	98.459
374.255	254.977	43.438	104.429
368.671	254.716	45.659	103.940
363.991	255.502	47.182	101.917
358.886	258.256	47.966	101.676
354.140	259.483	47.576	103.811
349.700	258.474	46.391	104.697
346.438	260.199	45.767	104.948
342.592	261.940	45.796	103.429
338.178	262.302	46.709	106.118
334.234	263.058	45.470	109.452
329.703	263.265	47.126	105.399
325.709	266.792	47.859	104.724
319.996	268.758	48.193	104.509
313.720	269.635	49.720	105.406
306.877	267.364	48.629	106.734
302.061	270.372	49.871	108.728
297.556	272.318	50.424	106.757
291.833	273.624	49.774	111.478
285.253	271.812	51.991	111.145
285.323	276.466	60.476	105.953
298.046	277.674	55.655	108.382
305.181	279.937	56.638	105.918
315.975	275.682	55.364	110.781
328.659	277.317	55.524	110.476
341.908	280.666	56.404	110.293
350.843	282.698	55.317	109.152
349.765	281.715	51.719	114.915
343.007	281.854	52.734	114.775
337.412	286.403	53.057	111.180
330.230	288.045	53.068	112.112
323.915	288.336	53.181	112.380
318.048	287.992	52.721	112.287
313.069	289.820	52.516	114.483
308.508	293.255	54.208	112.330
303.144	294.850	54.532	115.340
297.050	295.246	55.698	117.114
290.195	296.288	57.483	114.399
283.777	299.296	57.484	115.238
276.626	301.202	57.079	114.926
271.008	299.767	55.743	116.806
265.641	301.121	54.437	116.483
260.322	303.518	55.771	117.661
254.694	307.345	56.849	116.537
249.113	308.824	57.310	118.019
244.844	306.361	57.279	119.709
239.310	307.839	56.936	119.250
231.386	312.572	58.125	115.333
223.338	313.443	57.688	117.264
216.714	311.917	56.838	120.577
209.152	312.356	59.564	120.713
204.046	315.715	59.513	121.642
196.811	318.869	61.465	122.982
190.586	319.405	61.701	124.545
183.392	319.150	62.082	123.658
173.414	324.517	61.319	123.813
166.660	326.240	62.195	123.502
158.753	327.123	61.529	122.271
150.707	324.795	61.606	125.742
143.580	328.431	62.138	126.824
135.849	333.585	65.337	124.263
129.362	335.924	66.042	125.412
121.708	335.392	65.554	126.759
114.411	334.273	63.891	128.898
105.180	339.620	64.707	125.765
95.882	342.002	64.092	124.061
87.974	340.698	63.532	126.876
80.076	341.106	63.895	129.622
72.518	345.626	67.082	127.253
64.858	347.933	71.204	127.002
59.637	348.186	69.964	128.477
51.997	348.278	69.154	127.886
42.940	351.294	68.739	128.120
33.499	356.320	67.654	123.695
22.917	358.196	68.378	120.914
15.085	357.685	66.699	120.869
6.120	359.786	66.634	120.856
0.000	365.272	67.245	115.302
0.000	367.924	59.759	112.733
0.000	367.910	48.355	112.066
0.000	374.636	39.165	106.364
0.369	385.683	26.596	95.317
3.380	385.372	32.998	93.114
1.071	344.423	29.065	111.771
2.742	352.752	48.669	116.431
1.125	316.881	37.457	139.072
2.296	302.712	58.798	129.958
0.063	310.967	46.729	134.944
0.173	294.542	54.381	133.410
0.000	292.985	45.192	132.278
0.000	294.340	46.478	122.518
0.000	294.080	50.977	135.706
0.000	290.879	42.999	139.154
0.000	276.866	54.620	129.684
0.000	295.505	55.174	118.124
0.552	298.350	45.562	132.709
0.000	290.666	55.926	112.493
0.155	294.837	44.730	124.346
0.542	308.125	51.827	128.414
0.000	299.074	54.013	135.644
0.379	303.399	52.622	120.409
1.489	311.441	49.099	113.717
0.774	308.438	45.346	116.613
0.617	303.258	46.359	127.797
0.000	303.924	53.606	134.513
0.000	290.194	59.187	120.492
0.000	296.636	43.284	133.056
0.000	299.713	50.395	107.155
0.000	300.219	37.573	137.156
0.000	300.256	52.324	121.689
0.016	307.349	42.361	132.117
2.761	292.807	54.559	129.871
0.491	283.157	50.030	128.845
0.163	305.641	50.763	119.863
0.000	310.272	44.416	128.233
0.000	302.631	52.991	134.372
0.273	297.748	56.348	127.360
1.372	302.204	43.101	133.396
0.405	296.027	54.454	118.790
1.504	295.679	49.174	126.294
0.160	301.394	49.293	138.602
0.000	308.121	55.198	131.153
0.799	295.030	53.155	129.244
0.000	286.184	46.865	133.262
0.540	290.426	52.184	128.284
0.195	283.709	51.106	131.881
0.115	285.207	50.526	130.851
0.000	290.265	49.967	123.349
0.000	289.276	44.295	141.495
0.000	272.614	56.170	130.969
0.000	290.910	47.930	135.784
0.000	281.105	42.643	133.871
2.221	291.339	48.803	127.349
0.859	292.408	50.071	129.297
0.000	292.657	42.895	148.680
0.000	275.759	61.316	117.209
0.042	296.513	51.322	119.758
0.000	300.592	53.531	134.942
0.342	294.686	51.547	124.622
0.618	303.799	42.725	134.381
0.586	297.200	50.000	117.090
0.000	286.975	44.958	135.437
0.273	284.547	50.001	139.370
0.000	274.618	54.724	132.160
0.000	304.947	53.555	128.197
1.160	297.362	50.943	121.570
0.000	296.559	48.960	138.828
0.138	290.630	52.929	130.751
0.406	296.253	42.941	146.138
0.458	282.407	55.537	113.600
1.123	315.429	49.384	116.571
0.000	306.122	53.172	134.764
0.005	291.303	54.688	113.970
0.449	294.580	50.376	126.346
0.000	300.719	56.004	141.990
0.000	283.785	64.002	121.500
1.302	289.362	61.605	125.033
0.000	279.128	57.381	144.729
0.000	274.605	56.279	136.994
0.000	290.213	57.932	122.232
0.000	287.528	43.197	135.316
0.000	286.713	54.699	138.340
0.000	282.644	50.901	127.154
0.000	277.250	46.990	160.711
0.000	286.030	41.141	151.251
3.267	259.656	90.252	126.233
28.367	233.871	108.643	158.658
54.207	253.641	115.220	139.006
69.890	245.677	126.807	150.902
79.628	221.583	143.474	148.525
101.560	185.082	153.089	169.916
103.683	252.571	101.094	150.272
123.821	209.081	115.351	136.466
131.869	216.645	124.026	150.432
136.754	187.250	128.211	189.190
153.961	175.740	140.988	204.141
167.554	175.408	160.217	192.960
251.046	198.774	141.478	157.816
228.147	227.015	121.782	164.860
252.880	255.716	106.047	143.326
252.511	220.522	112.122	168.047
250.220	269.510	101.974	115.863
275.505	264.126	81.319	128.115
274.637	279.274	74.259	114.681
275.704	267.297	68.849	121.108
270.660	267.510	89.147	120.261
270.641	276.599	77.070	118.650
268.533	268.937	72.663	120.779
273.168	279.854	70.192	107.165
276.173	274.674	69.442	111.267
275.309	281.152	72.639	103.715
278.905	286.794	67.986	101.667
278.034	276.495	64.523	108.215
278.398	278.831	64.770	104.961
279.860	282.700	67.279	102.436
278.416	280.558	65.389	102.218
272.161	273.229	70.757	111.868
275.492	286.037	65.631	106.256
276.638	275.556	74.681	112.418
279.340	277.299	69.111	108.341
281.507	284.761	71.016	98.046
278.735	286.953	67.785	98.753
264.141	275.549	70.787	117.191
273.250	271.244	76.330	120.846
277.309	277.685	68.771	113.118
277.343	257.413	87.806	131.251
244.129	219.136	84.127	141.946
259.331	262.781	95.233	132.795
233.793	223.717	100.480	166.273
212.968	245.652	100.195	106.692
233.136	258.357	107.643	139.937
264.602	269.125	87.671	124.361
285.808	257.198	82.195	136.337
275.638	276.115	86.061	125.689
275.560	283.199	75.823	116.618
284.168	281.359	78.138	104.463
284.736	283.260	68.686	113.154
267.831	264.429	78.494	136.154
261.696	230.337	102.272	152.102
254.198	260.980	98.625	129.831
274.283	269.299	80.886	126.446
336.439	124.699	61.762	30.734
344.019	105.462	32.239	69.647
341.345	106.408	35.450	70.947
337.907	107.069	33.276	76.225
333.549	100.798	35.968	69.905
332.937	89.470	32.867	80.263
321.101	74.486	42.963	101.993
309.268	88.043	58.532	109.646
279.795	113.144	79.743	126.692
277.631	162.051	94.785	137.982
245.424	212.367	109.999	154.605
260.296	253.704	102.401	149.770
246.450	255.204	92.398	137.688
277.264	279.117	77.806	121.951
268.287	273.542	79.555	120.174
269.401	280.067	73.290	115.549
268.229	255.607	86.920	136.938
254.138	261.497	92.755	139.114
251.012	240.398	88.046	140.760
252.326	233.299	106.022	157.822
279.451	276.532	90.043	121.664
263.281	253.364	78.865	135.878
257.351	241.997	100.189	149.226
257.025	232.886	110.945	164.503
261.250	267.779	83.761	135.721
235.716	235.898	101.477	138.710
248.024	243.436	107.668	151.663
225.305	239.235	106.074	172.690
230.079	208.860	107.174	165.388
245.552	240.529	88.028	159.131
273.147	265.539	87.531	131.109
247.543	220.784	88.995	157.026
212.796	209.393	104.955	175.473
240.772	244.549	93.493	149.819
256.284	229.650	107.030	150.429
237.267	249.457	100.206	141.129
238.806	208.895	117.704	169.085
224.553	215.725	96.827	164.199
224.473	223.760	108.395	167.327
225.396	241.925	98.902	161.054
236.061	248.475	97.961	150.583
245.548	211.281	100.041	164.444
202.267	131.570	90.993	128.238
190.572	130.933	75.386	112.417
196.281	128.765	67.966	122.947
219.278	110.630	72.811	103.215
194.050	145.240	83.487	131.939
146.739	189.026	91.140	131.892
149.359	209.986	108.550	162.562
126.514	143.544	118.382	172.022
149.506	137.128	122.994	157.622
181.042	169.533	121.672	171.884
181.696	123.311	101.420	151.150
190.912	142.477	119.896	173.878
216.908	117.261	128.792	161.108
210.168	130.123	129.689	165.451
228.341	133.008	140.717	178.587
208.746	130.906	147.580	191.215
221.675	144.642	148.612	179.824
194.179	212.484	163.215	162.620
183.456	225.822	167.872	162.240
247.635	282.148	132.420	149.174
260.483	261.329	149.432	164.598
239.058	254.311	163.489	165.001
166.611	268.343	128.137	127.054
182.382	264.030	98.291	130.436
193.882	268.407	78.698	125.081
200.647	276.022	69.937	116.961
204.523	268.814	66.086	121.278
200.033	263.691	71.931	122.552
201.880	279.366	67.785	110.473
192.691	252.522	75.132	124.359
193.343	273.420	74.760	129.392
192.538	244.472	80.700	135.787
194.859	269.655	76.670	132.339
186.045	234.057	86.349	139.973
183.881	229.363	89.494	146.730
186.720	179.368	108.521	166.689
189.048	256.486	96.875	133.990
192.411	189.788	107.509	155.839
179.412	205.502	111.434	168.887
175.529	155.215	110.738	186.269
181.372	228.514	105.359	158.168
177.568	250.716	98.094	137.850
189.033	278.704	80.093	109.587
184.730	236.655	81.277	128.610
185.866	221.725	84.524	152.395
186.913	243.493	85.153	141.918
191.779	287.170	78.491	105.294
198.709	262.786	68.648	116.176
187.082	257.810	78.007	124.687
190.208	286.143	73.555	110.356
194.784	266.383	68.938	125.416
172.157	257.441	89.216	120.858
189.301	256.355	77.023	132.653
188.744	260.787	77.503	125.300
191.671	278.765	72.377	123.037
190.776	272.703	73.358	119.461
189.382	250.118	75.293	124.827
189.014	258.224	75.683	124.143
191.696	281.588	70.591	126.972
196.532	292.769	67.890	105.711
199.110	282.293	66.334	105.244
196.578	269.359	67.511	119.776
190.025	272.430	75.616	119.137
188.691	281.855	74.173	107.381
203.934	279.775	74.569	110.509
221.352	259.810	81.870	127.748
209.040	217.730	91.251	144.381
192.100	162.087	105.044	149.563
194.308	157.663	77.899	103.638
201.209	154.324	94.464	123.452
211.218	130.213	109.835	140.085
218.717	145.734	126.192	165.244
247.264	137.873	133.297	162.160
251.423	129.002	157.229	178.326
238.415	126.096	148.847	172.775
282.093	131.376	131.243	164.208
289.224	124.835	138.096	171.057
298.299	116.906	127.879	191.745
255.432	131.598	140.560	178.870
277.233	130.938	125.298	152.922
299.849	122.871	130.473	158.186
308.605	121.598	130.409	196.947
273.750	122.095	139.680	191.110
280.545	134.502	135.722	176.021
292.305	133.618	125.058	185.897
292.826	142.652	134.305	196.818
249.159	118.171	147.061	173.622
269.994	129.672	137.414	160.055
297.614	105.589	132.920	180.041
279.212	127.548	130.985	169.850
299.241	140.473	119.176	156.600
305.700	108.637	113.884	189.482
261.532	129.534	136.491	181.726
278.445	134.260	135.127	166.992
291.205	135.735	131.713	178.228
299.272	108.758	125.751	180.294
261.178	110.375	125.783	178.226
274.894	129.715	132.410	149.271
300.621	131.679	117.239	148.817
321.436	119.358	114.011	164.781
322.773	122.860	102.859	182.101
315.785	122.042	127.942	192.396
284.754	127.075	140.317	186.316
303.933	115.299	127.958	170.937
281.255	113.160	131.625	181.254
291.743	127.490	131.136	183.323
258.827	104.238	137.765	179.885
226.173	117.508	132.884	177.182
258.503	118.002	134.443	163.344
271.726	114.683	149.174	172.732
286.945	115.292	130.911	183.408
294.291	111.969	125.054	192.225
259.407	111.052	131.683	182.274
258.170	136.701	140.935	176.105
273.976	131.328	137.892	175.626
294.107	134.202	128.108	185.637
254.528	105.647	141.007	178.017
214.011	113.294	120.860	174.730
203.842	132.390	130.041	186.396
166.261	103.694	142.964	180.110
215.946	114.699	132.583	158.018
258.651	125.291	125.968	178.615
224.662	123.374	119.018	177.650
231.596	131.641	151.770	170.997
207.410	134.763	104.628	152.190
218.186	120.435	124.559	155.725
187.742	119.502	124.001	189.482
218.258	139.489	133.364	172.618
212.910	131.628	131.407	184.714
193.322	131.128	145.176	179.913
248.030	159.371	125.430	172.882
259.207	140.946	153.309	153.230
327.087	123.668	91.580	143.016
332.619	125.324	114.505	178.039
293.125	120.416	117.817	183.178
253.711	132.867	140.124	179.377
286.649	123.568	132.928	136.143
264.380	130.778	130.692	192.874
220.285	112.811	150.856	196.952
180.549	148.837	152.387	210.289
116.048	102.440	144.208	186.368
77.697	90.744	121.138	129.689
84.019	82.697	134.345	87.576
145.351	91.464	88.869	104.640
102.297	118.369	57.162	103.892
125.598	103.823	48.169	102.725
138.776	111.935	48.652	103.497
155.993	93.481	48.771	118.726
170.109	96.175	54.140	96.121
188.687	87.110	53.124	107.100
192.377	88.121	76.374	111.915
221.236	75.094	63.791	120.195
235.871	100.134	103.245	125.588
286.686	99.131	91.289	112.492
313.347	100.876	84.367	138.165
317.446	134.528	100.694	133.660
322.895	132.592	117.576	164.300
289.087	138.074	132.731	184.479
270.579	157.296	141.090	183.345
291.546	103.513	129.280	157.848
303.896	107.045	118.227	173.308
290.528	116.443	121.682	173.946
265.232	148.465	137.469	179.538
289.078	110.306	134.621	157.502
273.403	140.464	132.665	160.416
303.133	115.060	122.666	145.671
309.203	110.929	119.732	168.243
285.811	132.467	129.985	157.326
239.345	242.625	114.599	135.584
263.621	194.286	131.633	192.975
209.742	203.689	146.652	174.851
226.446	187.675	152.224	184.718
247.939	138.712	160.476	177.148
275.097	144.700	147.423	197.975
267.554	99.710	122.710	169.432
291.762	112.841	121.474	155.534
290.156	90.304	110.704	119.928
317.659	100.397	80.325	121.662
306.922	91.288	71.803	123.989
320.925	106.496	80.493	125.068
327.964	105.085	84.987	140.345
316.633	102.353	90.293	138.430
336.776	121.349	93.199	140.278
307.127	96.606	84.554	118.044
320.152	100.059	78.309	112.109
314.822	95.036	71.207	116.938
318.865	100.791	79.939	124.873
324.104	115.996	91.989	136.900
321.851	111.279	103.359	164.911
294.688	92.835	113.150	146.257
313.395	95.260	103.876	144.339
314.612	89.796	96.064	125.618
318.486	105.354	97.129	138.343
308.346	109.813	94.880	149.800
296.933	92.343	93.185	108.611
318.551	129.429	83.844	122.066
326.172	99.699	83.722	128.169
315.031	98.971	87.297	119.278
312.131	93.812	73.476	114.446
321.260	104.048	82.048	122.260
327.525	112.271	95.843	150.624
304.966	97.082	97.383	126.841
311.377	93.442	83.633	114.559
319.391	118.846	91.920	131.283
320.235	110.239	107.342	156.115
297.839	92.086	100.446	137.190
317.729	107.625	96.824	142.498
302.794	94.252	105.365	133.267
304.522	94.207	83.572	120.004
322.317	126.483	85.529	126.105
322.915	115.601	105.877	169.754
299.579	97.372	107.544	140.554
314.127	96.302	90.292	136.661
302.358	96.705	78.158	107.965
320.085	134.328	79.008	123.315
325.030	102.664	89.218	129.531
313.202	105.813	94.963	144.109
301.369	100.024	90.484	117.181
318.693	105.510	82.759	128.593
305.353	98.821	91.234	130.199
298.523	98.667	83.471	105.684
310.105	119.289	75.271	116.067
313.578	99.075	86.046	119.841
306.053	93.182	80.841	114.256
319.414	121.812	83.408	121.830
304.959	99.223	84.796	123.496
317.645	109.491	86.759	132.580
294.710	108.875	89.584	126.009
312.949	123.304	92.917	144.814
297.986	97.067	93.587	138.214
300.571	98.385	89.817	96.653
317.706	115.076	84.839	124.604
302.143	102.498	94.625	134.060
310.019	112.528	96.122	142.452
306.306	95.845	95.885	129.324
319.030	104.375	89.693	132.362
320.322	119.928	99.963	137.249
345.281	130.089	100.956	145.231
307.231	100.351	91.194	134.625
317.279	105.840	83.765	137.930
318.939	130.034	93.302	121.096
327.371	121.693	102.982	163.306
305.904	128.394	115.838	162.586
290.681	96.884	107.358	154.056
302.766	96.504	103.145	116.798
317.054	105.400	85.351	133.528
318.533	122.236	101.156	149.873
306.036	93.778	96.426	142.255
314.269	104.902	104.871	142.508
301.794	94.685	89.015	134.897
316.599	103.459	92.208	123.895
318.943	106.569	104.179	147.081
294.363	98.688	95.767	119.150
314.435	95.176	88.001	127.517
319.161	100.339	79.672	123.298
318.521	98.320	84.980	137.929
328.096	154.491	100.835	125.129
312.445	105.121	100.908	143.678
299.118	99.283	86.144	124.281
311.635	100.060	88.891	131.761
309.907	96.672	78.621	126.165
311.597	106.994	75.300	124.525
314.471	102.466	85.371	135.887
316.786	114.449	103.666	145.164
325.708	115.887	117.103	145.814
305.136	122.362	118.896	148.394
302.835	90.180	85.206	130.514
304.835	97.450	71.091	112.695
308.605	94.496	64.725	101.275
309.246	95.718	62.634	100.971
311.200	98.231	64.504	101.571
303.831	94.055	63.092	106.496
303.892	103.818	54.854	109.364
303.607	116.854	43.892	104.470
295.524	114.149	47.559	108.809
287.355	111.648	53.535	110.118
286.668	122.057	48.119	101.460
278.687	121.019	51.567	97.163
276.502	126.544	50.404	94.035
271.209	126.624	49.555	91.755
267.181	126.984	46.943	83.824
265.308	129.316	42.619	88.502
260.657	129.925	42.160	87.570
257.787	128.710	42.024	86.627
253.731	129.893	40.728	84.786
252.191	131.442	40.405	85.569
251.605	132.816	40.022	90.114
247.639	114.515	38.640	97.563
246.616	129.600	40.652	93.850
244.985	129.981	42.634	85.744
244.591	131.166	39.895	86.973
239.917	133.847	42.406	83.063
239.305	130.897	41.554	80.962
236.923	134.639	42.330	77.276
236.237	131.960	40.273	84.007
233.396	133.023	41.292	82.888
231.376	134.250	41.987	82.174
232.534	132.540	40.118	77.704
230.588	135.445	38.429	76.368
229.865	138.657	37.130	75.546
229.485	138.617	34.119	77.348
229.552	142.738	34.182	73.930
225.141	131.716	36.163	86.484
222.192	124.598	38.194	88.200
223.788	138.480	36.845	81.980
218.042	126.125	32.249	84.858
201.150	120.755	47.731	100.851
191.610	101.418	67.865	132.898
202.678	114.702	54.821	107.095
201.966	108.618	38.803	96.687
196.867	134.796	42.418	89.082
198.287	135.054	38.572	84.668
197.280	136.105	34.714	91.606
192.556	141.660	37.272	95.111
176.305	125.308	48.593	97.699
174.910	122.290	49.521	112.798
165.827	129.735	49.413	98.816
165.446	143.923	43.253	85.377
165.093	148.207	37.780	77.437
161.135	148.597	36.658	76.120
156.708	149.195	37.215	76.477
151.030	154.715	38.267	86.990
140.181	143.218	43.855	89.493
140.876	118.078	49.798	96.442
141.680	114.139	55.118	108.552
113.545	108.944	80.563	116.950
94.091	116.551	96.980	136.418
105.392	108.850	102.567	138.439
95.139	122.954	107.016	145.876
114.367	121.645	116.913	148.851
137.796	137.367	119.377	160.848
160.243	143.873	122.382	177.087
188.614	154.154	138.263	171.337
187.605	148.614	133.502	141.079
184.881	131.761	133.964	134.316
259.299	132.588	88.836	128.626
258.309	136.324	96.805	108.457
290.132	126.834	77.533	97.800
299.547	131.998	75.986	99.689
330.162	138.096	63.086	110.810
341.855	129.814	59.186	97.327
350.744	131.136	72.261	98.481
330.800	127.094	100.458	123.870
347.552	128.964	114.076	129.645
316.995	146.885	116.615	149.805
265.214	127.975	110.507	108.257
263.724	93.366	85.436	108.887
286.831	117.413	88.843	108.370
285.662	110.167	87.591	105.575
287.081	132.414	89.946	144.529
318.550	101.276	105.019	119.678
362.539	108.911	96.254	118.748
408.299	93.213	71.064	114.597
400.377	116.093	87.762	93.096
430.646	103.096	70.908	103.262
412.773	118.661	79.536	93.604
423.898	117.777	68.240	91.762
430.893	91.810	56.908	107.776
436.475	111.830	56.945	105.201
431.805	89.366	60.318	116.089
425.236	118.771	67.476	90.898
428.465	104.560	60.573	101.401
425.553	133.712	61.944	95.720
407.663	114.892	80.842	109.689
435.694	147.640	63.600	105.314
423.745	139.936	78.073	102.876
404.782	121.645	95.303	117.071
410.321	119.597	75.244	134.458
409.449	129.935	71.589	128.203
367.496	114.576	106.641	104.234
411.829	113.080	85.995	105.409
387.518	104.836	91.277	113.991
377.067	128.532	68.864	121.211
379.209	119.224	55.824	117.939
380.533	122.677	50.944	120.050
365.737	138.236	52.218	99.423
365.592	146.251	50.725	99.691
359.153	150.908	53.379	97.097
355.576	150.631	50.775	100.552
336.783	166.588	56.875	104.239
331.548	173.612	44.824	103.244
329.489	170.506	46.622	96.728
324.461	175.346	47.871	92.325
320.807	173.317	49.900	100.894
309.014	161.369	51.948	106.549
308.497	168.895	55.047	97.305
305.526	154.948	56.750	89.204
297.714	169.061	48.103	96.644
294.290	150.914	53.454	107.192
281.086	138.099	55.059	117.235
272.343	168.547	59.410	95.953
274.345	162.930	53.526	92.213
262.516	156.818	50.153	101.264
260.611	171.321	42.343	84.558
257.429	179.464	36.394	79.179
253.697	176.594	39.187	82.792
236.983	174.986	38.954	85.169
229.279	189.238	40.303	87.920
224.267	187.943	45.446	81.922
216.059	179.192	48.857	87.340
209.067	179.719	48.978	88.401
200.131	177.434	52.082	86.370
192.267	183.005	51.835	79.776
180.870	185.484	53.951	77.542
176.180	185.347	55.904	76.894
172.725	187.324	55.081	75.149
168.408	188.042	53.941	83.741
169.077	169.521	49.193	92.140
167.432	174.666	49.312	90.132
166.986	179.440	47.297	94.156
164.869	180.424	47.298	92.105
161.842	182.384	45.937	88.663
160.399	177.110	46.727	89.098
158.359	178.418	46.161	93.848
154.988	179.711	48.464	86.846
154.385	182.016	46.119	92.467
153.466	181.428	45.713	87.683
150.479	185.926	46.263	99.904
144.660	188.325	49.162	92.454
147.845	188.424	46.603	95.646
147.591	187.112	45.529	96.527
144.029	186.157	49.802	97.674
139.500	186.683	53.520	92.641
135.933	187.742	56.231	96.334
145.703	179.916	61.291	106.233
157.286	176.211	59.972	98.481
176.572	175.660	59.875	107.622
177.718	170.767	57.814	120.133
181.413	168.515	61.516	112.307
207.980	181.640	54.972	102.007
198.367	154.316	73.808	110.587
223.043	161.015	68.164	101.422
233.805	161.143	74.875	128.929
204.731	160.717	92.147	136.811
210.057	165.346	108.183	161.717
215.019	167.844	117.157	145.339
252.795	187.981	105.569	120.550
282.328	192.753	85.490	138.546
290.492	193.646	81.143	106.526
322.446	170.481	68.711	115.928
336.297	177.824	56.573	97.516
352.393	178.470	54.273	91.175
363.176	174.333	55.104	100.115
376.094	174.878	55.810	101.357
389.864	183.090	61.637	96.635
407.998	184.541	57.488	92.190
406.956	186.897	58.463	93.406
411.369	181.058	60.400	86.913
424.082	182.805	57.972	99.731
440.659	181.569	63.177	98.561
454.712	184.770	54.247	99.179
471.879	180.837	55.775	96.670
477.838	180.952	59.710	91.597
490.070	182.609	60.289	97.920
507.896	173.797	57.532	96.875
517.398	185.061	55.667	91.303
520.768	187.661	48.443	89.563
510.778	187.323	48.839	86.490
506.542	187.555	48.058	80.759
503.921	188.279	46.010	84.603
497.376	189.504	47.492	86.400
490.431	188.657	49.098	76.712
480.419	190.453	52.440	87.919
472.812	189.695	53.311	91.115
467.780	191.662	51.794	89.839
460.791	192.414	49.379	92.000
453.169	193.500	52.086	92.033
443.631	192.976	52.747	87.573
436.152	192.815	51.973	87.405
432.620	194.380	49.210	86.152
425.470	195.054	51.924	86.523
421.487	194.933	51.273	90.292
410.466	195.758	56.460	93.130
405.991	193.682	53.519	91.193
397.624	201.126	55.723	89.020
379.947	191.986	56.012	100.795
384.312	195.587	51.923	94.157
377.411	194.257	53.865	102.538
368.973	180.532	56.121	108.260
345.903	176.754	63.204	119.352
322.020	166.067	84.047	124.555
298.928	180.758	89.736	124.488
307.757	184.825	83.499	127.635
302.412	183.126	83.090	128.070
315.211	185.081	73.189	129.773
303.316	186.167	84.937	126.179
310.257	183.624	75.021	129.691
306.894	173.640	83.377	133.989
297.556	175.231	94.169	131.475
282.398	178.735	76.754	123.539
284.225	172.419	67.506	126.712
278.927	174.997	74.046	130.666
274.520	185.211	71.130	122.820
268.807	182.035	61.514	123.102
258.317	165.456	59.733	122.103
252.547	170.642	69.009	126.093
269.442	174.928	91.433	139.170
300.162	185.205	82.664	128.559
307.171	172.321	83.480	134.206
304.048	196.416	89.941	116.460
287.555	174.366	92.370	125.187
261.959	180.688	111.153	131.642
266.065	177.779	100.696	135.606
307.826	180.179	83.630	133.740
299.334	183.061	90.676	125.507
319.709	182.163	74.777	128.750
283.567	166.569	99.476	128.929
252.457	173.640	114.843	139.592
301.660	177.422	90.836	145.861
282.752	171.656	112.194	134.600
255.335	168.554	136.111	135.160
239.544	162.661	134.666	149.585
121.689	191.494	96.396	145.715
140.515	184.983	84.911	137.721
155.137	186.446	71.912	143.715
156.593	190.350	81.259	130.150
183.043	198.158	80.766	141.352
202.849	195.187	86.071	135.214
192.028	185.695	102.059	140.476
232.329	179.886	97.869	144.345
227.440	164.235	94.468	156.335
256.683	180.832	92.886	148.134
234.319	177.113	116.256	140.643
291.850	167.395	91.065	175.885
311.709	175.432	100.616	150.223
320.473	166.121	114.035	154.267
297.033	115.858	95.617	170.622
329.951	180.895	107.405	131.842
370.521	166.427	92.724	146.850
388.836	164.174	95.289	155.191
399.607	177.876	94.887	140.923
420.148	176.675	93.536	142.338
423.326	198.296	118.528	138.986
432.506	165.988	97.491	138.760
456.334	165.944	97.278	142.935
437.140	156.050	117.105	155.025
461.129	168.584	114.171	155.272
483.109	136.014	106.643	178.366
495.522	156.747	107.888	171.645
516.647	152.217	89.115	159.413
461.211	165.817	112.845	143.974
412.853	213.880	89.867	124.476
434.979	191.388	79.888	102.099
417.114	167.177	73.524	120.942
386.055	161.164	79.495	126.398
359.154	156.354	76.743	132.802
339.233	165.870	80.958	139.050
345.981	154.522	86.920	131.114
354.120	160.743	79.096	128.525
318.166	183.571	93.395	121.704
338.443	167.910	86.399	133.336
344.883	169.440	77.370	132.714
353.212	162.027	66.459	125.683
359.520	166.162	59.903	129.655
346.426	188.733	63.368	99.527
359.591	164.171	67.058	108.668
351.714	170.727	66.557	121.253
345.840	157.886	70.637	112.951
360.676	153.943	69.870	111.563
370.417	151.501	74.153	121.537
355.768	165.292	73.750	133.427
353.761	160.077	83.020	141.943
355.329	164.597	85.601	143.936
358.692	167.348	103.897	133.198
329.152	182.387	99.554	135.958
257.098	197.959	89.997	112.064
259.362	204.231	78.908	100.039
260.469	206.850	77.994	84.945
260.750	204.454	61.230	90.900
259.295	204.668	61.527	88.706
254.353	207.567	51.635	88.255
250.838	201.826	61.556	95.404
245.937	199.308	74.811	87.685
278.864	199.028	73.747	106.621
303.399	194.766	83.552	105.689
308.922	186.083	99.805	116.233
346.109	169.894	77.581	130.381
341.508	164.448	78.234	125.991
298.768	196.645	86.988	111.419
321.460	198.574	87.719	107.809
289.149	194.353	87.155	108.579
317.540	181.716	77.579	133.116
329.585	181.171	89.654	126.832
349.686	182.885	66.839	119.552
364.365	167.296	80.219	118.312
334.000	201.386	84.377	111.871
330.985	191.024	91.002	105.988
279.515	180.919	73.705	123.162
304.941	186.789	81.219	122.043
331.273	195.736	79.300	122.468
346.837	185.065	98.005	116.561
381.839	205.532	82.489	115.740
397.986	196.595	91.744	108.410
436.566	187.154	83.397	102.767
457.789	186.207	73.513	112.058
440.081	194.018	81.016	111.842
454.224	190.515	83.383	108.029
461.352	189.129	79.507	107.284
479.583	190.762	71.665	110.940
485.281	193.449	80.999	104.421
524.126	193.733	80.680	93.389
507.650	197.862	86.065	117.823
533.119	191.132	80.674	111.938
561.121	193.672	63.024	117.151
565.741	176.185	57.982	132.475
564.111	187.337	60.464	134.011
538.423	200.502	75.445	163.906
474.332	217.819	93.049	121.970
449.911	214.093	107.822	122.234
505.944	227.362	87.964	110.487
490.001	216.582	94.394	100.527
505.491	204.850	90.210	107.202
531.828	211.321	83.045	109.993
540.234	217.128	84.723	110.114
557.372	219.869	73.628	103.523
558.107	218.245	71.658	113.337
573.732	215.715	57.268	127.707
590.516	215.863	40.484	115.579
597.283	228.890	33.717	110.973
578.649	217.302	52.006	118.018
571.961	207.630	59.039	120.928
527.290	206.710	80.350	116.271
513.456	201.919	81.746	114.328
532.592	158.654	84.860	134.026
477.595	162.987	104.537	146.380
296.197	238.858	77.103	93.246
313.706	244.013	71.299	87.945
309.671	242.593	68.205	91.315
314.948	240.571	69.336	91.727
321.355	242.423	65.432	88.303
328.277	243.934	68.266	86.068
330.682	244.001	72.666	88.079
338.322	244.060	61.611	89.228
344.196	253.567	62.834	80.037
339.259	248.422	80.798	88.549
349.054	247.186	72.684	86.317
357.055	256.069	63.962	79.830
358.921	251.490	67.928	83.026
363.092	252.875	72.583	83.509
365.319	259.313	77.008	77.612
368.514	255.384	77.056	82.282
364.889	255.218	69.540	81.560
374.554	254.001	66.968	78.645
375.071	256.617	67.034	79.485
383.977	250.432	60.463	83.897
386.638	248.120	59.603	90.773
387.845	250.789	62.601	102.410
378.585	253.399	69.102	83.902
377.983	252.402	75.972	90.454
381.996	253.572	77.802	93.236
383.049	254.629	79.053	92.976
384.538	255.362	78.940	93.048
386.680	254.737	79.917	93.204
386.598	254.592	84.261	93.571
390.017	255.391	82.735	90.958
391.836	254.335	81.511	93.982
392.576	254.863	83.832	92.529
397.218	254.972	81.629	92.354
400.197	254.259	81.297	93.145
406.205	253.687	79.355	93.209
410.685	253.852	79.546	93.052
416.766	253.728	78.914	92.661
426.709	253.498	76.346	92.484
437.080	252.990	72.697	93.438
448.005	253.379	69.673	92.127
453.792	253.998	69.985	91.392
464.138	253.848	70.401	90.410
454.364	253.304	74.579	89.829
443.709	253.986	74.407	88.884
431.352	253.333	76.476	89.941
421.790	253.213	76.540	90.611
413.149	253.458	73.729	89.822
399.390	253.803	71.469	88.358
389.465	254.316	70.702	86.652
378.418	255.436	72.660	85.868
370.297	255.021	73.263	88.230
359.691	255.517	73.351	86.988
348.598	256.218	75.030	86.252
338.975	257.446	74.072	84.753
330.520	258.264	71.393	83.436
322.760	258.598	69.434	82.093
314.539	258.179	66.758	81.806
303.770	257.222	65.489	81.973
296.909	256.782	65.187	80.388
293.704	256.449	62.917	80.693
286.329	255.627	57.522	80.689
282.632	255.612	55.674	80.162
276.888	254.665	54.258	80.320
271.624	254.222	52.947	79.147
266.045	253.165	50.812	79.363
260.530	252.470	50.466	79.459
256.374	253.109	48.856	78.169
252.260	252.256	47.147	78.793
248.974	251.836	45.664	77.989
245.640	250.581	44.748	78.346
241.685	249.381	43.270	77.675
239.648	248.315	40.288	78.242
238.888	246.694	38.141	77.891
235.193	247.771	38.271	73.742
235.600	246.393	34.116	74.843
233.905	245.447	34.741	73.748
231.775	244.465	35.615	72.707
229.608	243.419	36.061	72.744
229.108	242.850	36.079	73.753
228.845	240.852	34.834	76.465
227.970	240.908	35.312	75.678
228.074	240.593	32.571	75.406
226.358	240.140	32.264	75.869
225.254	240.347	32.126	76.253
223.173	238.728	33.093	76.750
222.114	237.255	31.403	78.598
220.515	236.251	31.661	79.492
218.961	235.858	31.662	78.391
215.730	234.871	32.642	77.376
211.710	234.744	35.106	76.366
207.550	234.289	35.760	76.705
203.463	234.576	36.535	75.913
198.535	233.554	37.387	76.766
195.664	232.896	36.534	76.699
192.721	232.244	36.033	77.438
191.746	232.492	34.440	76.400
190.679	232.185	31.991	75.497
189.302	231.737	31.545	73.795
188.161	231.618	30.617	73.004
186.359	230.562	30.271	72.828
184.212	229.938	30.683	72.134
182.166	228.887	30.613	72.607
180.294	228.619	30.575	72.862
178.902	228.217	29.649	72.506
176.801	227.261	29.577	73.016
173.721	226.210	30.570	72.288
171.959	225.920	31.270	70.491
169.399	225.071	31.632	71.370
167.663	224.544	31.608	70.629
166.757	224.046	31.420	69.261
166.214	224.595	31.675	66.799
166.457	223.885	30.591	67.215
167.517	223.124	29.637	65.150
167.854	222.597	29.455	66.004
169.302	222.712	28.091	64.478
170.495	221.788	27.100	65.025
171.916	222.063	26.945	64.210
173.831	220.939	27.324	66.208
175.323	220.414	27.174	67.322
175.405	220.233	29.143	67.101
176.392	219.764	28.937	66.593
178.128	219.462	28.674	66.468
179.235	218.296	27.864	66.873
179.905	217.613	28.044	66.035
180.642	216.943	28.731	66.034
181.036	215.200	27.704	67.808
181.548	214.870	27.937	66.406
181.932	214.454	27.827	66.297
181.803	214.258	28.415	64.565
182.061	213.605	28.496	64.857
182.128	213.353	28.066	64.138
182.425	213.118	27.827	64.199
183.065	212.593	26.577	63.819
182.465	212.775	27.092	62.683
181.980	212.923	27.267	61.440
180.994	212.518	27.210	60.838
178.623	211.204	27.403	62.232
176.229	210.516	28.233	62.487
172.416	211.324	29.870	61.093
168.839	210.621	30.834	61.178
164.216	210.681	32.595	60.956
158.543	211.269	35.857	59.854
153.893	210.428	37.764	60.302
149.876	209.260	40.316	61.165
144.345	209.557	42.171	60.022
138.845	208.594	44.185	60.747
132.574	208.002	46.554	60.011
126.361	207.466	48.814	60.692
117.742	207.199	51.588	60.386
112.295	207.043	54.166	60.411
106.093	205.867	55.305	61.049
99.879	206.083	56.300	60.570
93.599	205.528	57.965	61.650
88.941	205.601	59.397	61.941
83.076	205.562	61.329	61.538
78.126	205.765	61.178	60.724
72.240	206.216	62.018	59.446
66.990	205.919	61.913	59.675
62.884	205.598	61.453	60.057
58.737	205.233	60.180	60.485
55.428	204.240	58.169	61.976
52.682	203.954	55.575	62.354
49.911	203.848	52.566	62.448
46.495	203.202	50.904	62.466
44.268	203.523	49.927	62.463
42.127	203.316	45.921	61.621
39.776	203.554	45.072	61.552
38.398	203.466	42.452	61.382
38.719	202.599	38.351	61.975
49.136	201.958	35.770	62.747
68.422	201.083	33.315	62.256
85.977	199.705	33.245	61.433
105.318	199.739	31.031	61.938
125.229	198.799	29.327	61.168
143.734	198.634	29.486	60.059
163.229	198.101	28.350	59.707
186.546	197.467	27.135	59.080
188.266	197.910	29.490	58.077
190.526	197.355	31.446	58.112
192.488	197.506	34.292	56.950
194.071	196.216	37.030	58.411
197.369	196.369	38.430	57.288
200.496	195.375	39.238	58.317
202.661	195.162	41.375	58.732
206.513	194.627	42.637	58.733
211.325	195.089	42.883	57.830
214.816	194.585	43.996	58.848
218.478	194.447	45.343	57.956
222.535	193.884	45.009	58.214
226.961	193.879	46.309	57.658
231.860	193.553	47.470	57.535
237.499	192.999	47.383	57.734
241.228	194.138	50.338	56.166
247.353	193.419	50.954	58.175
253.417	192.250	50.162	59.967
258.583	193.107	50.817	58.476
264.785	193.330	50.393	57.771
270.714	192.526	50.730	58.631
274.261	193.433	51.399	57.738
280.035	192.895	48.878	58.555
284.490	192.643	50.315	60.340
290.565	192.501	48.925	60.503
295.628	193.100	48.913	59.993
299.455	193.300	48.477	60.470
302.837	193.063	46.649	59.529
306.426	193.654	44.345	59.778
309.204	193.491	43.582	60.526
312.270	193.255	40.657	62.100
313.301	194.003	39.498	61.683
314.650	194.194	38.707	62.016
316.223	194.374	37.185	62.462
316.237	194.544	36.469	62.841
315.979	194.522	36.076	63.282
315.661	194.943	35.230	62.874
315.081	195.324	35.411	63.219
314.803	195.922	34.537	63.648
312.955	196.218	34.925	63.779
311.717	195.884	34.236	64.386
308.791	197.223	34.963	64.403
305.234	197.100	35.598	64.108
301.418	197.496	37.769	64.824
296.066	197.796	39.979	64.670
288.491	198.619	43.508	64.028
281.185	198.847	47.847	63.951
273.991	200.268	49.075	62.263
265.562	200.538	55.471	62.523
258.663	200.106	54.238	63.518
250.870	199.718	54.969	63.548
243.760	200.294	58.593	63.315
238.479	199.385	56.071	63.383
232.184	200.942	56.709	62.676
226.251	200.720	56.724	62.195
220.986	200.728	58.756	62.478
215.780	201.189	56.105	61.497
211.070	200.199	53.724	61.362
207.916	199.248	51.585	62.945
204.447	199.129	50.359	64.159
203.250	199.034	47.040	62.112
200.214	198.341	46.289	63.834
200.495	197.744	43.215	63.961
199.972	197.247	41.139	64.206
199.836	197.927	39.659	63.226
200.737	196.987	37.739	62.999
201.837	196.984	36.524	62.027
205.246	196.429	33.283	61.822
207.948	197.046	32.965	60.541
210.006	195.192	33.247	61.181
211.959	195.282	35.745	60.473
215.508	195.393	36.565	59.481
218.432	195.269	37.701	59.295
220.903	194.675	40.321	59.823
223.448	194.464	41.256	59.985
227.365	194.083	43.338	59.479
232.202	193.880	44.237	60.194
236.793	193.002	46.449	61.388
240.913	192.495	45.645	61.224
245.799	192.631	45.881	61.217
249.984	192.530	45.518	61.029
256.816	192.383	43.385	60.095
259.888	191.806	42.950	61.043
262.159	191.449	43.468	60.550
266.375	190.733	41.474	61.012
270.322	191.327	39.729	60.160
272.937	190.422	39.911	60.623
277.036	190.108	37.163	61.346
279.087	189.603	37.433	60.624
282.454	189.563	35.331	60.290
285.372	190.415	33.787	58.751
286.978	189.034	32.773	60.181
286.918	188.519	33.356	59.531
287.129	188.545	33.956	59.286
288.808	188.396	32.168	58.674
288.042	187.387	32.601	59.583
288.530	188.303	31.852	57.652
287.380	188.213	33.024	56.904
286.194	187.342	33.332	57.158
285.573	187.304	32.852	55.416
283.410	186.479	33.519	57.452
282.236	186.440	33.630	56.300
281.253	186.070	34.510	56.627
281.950	185.892	32.560	56.462
281.936	185.854	32.449	56.664
281.688	185.656	32.648	56.748
281.540	185.430	31.962	55.948
282.077	184.844	30.512	56.533
282.007	185.068	30.706	55.337
282.347	184.492	31.606	55.820
283.049	182.739	30.395	57.118
284.624	182.426	29.297	55.251
285.147	181.930	30.445	55.748
286.562	181.149	30.297	55.966
288.378	180.758	30.140	56.175
289.673	180.149	30.543	57.533
290.341	179.598	31.992	55.855
290.079	179.870	33.625	55.750
294.744	179.805	30.993	55.678
296.447	180.294	30.997	55.481
299.543	179.072	30.397	54.455
300.775	179.576	30.706	54.746
302.795	179.197	29.359	54.107
305.332	178.275	29.451	54.682
308.243	178.088	29.078	53.606
309.785	178.586	30.680	53.365
311.496	177.918	31.521	53.976
314.655	178.856	31.995	51.108
316.387	178.538	33.342	51.995
317.211	177.825	34.259	52.476
319.980	177.696	34.291	51.165
324.405	177.157	33.085	52.654
325.713	177.150	36.464	52.077
329.106	176.510	34.776	51.426
332.960	176.824	34.953	51.379
334.764	176.168	36.023	52.485
338.205	175.510	35.451	52.300
340.193	175.628	34.574	52.292
341.764	174.747	33.793	51.746
343.970	174.948	32.993	51.580
346.949	175.374	30.436	50.516
348.821	174.873	29.466	50.084
349.117	172.753	28.912	52.331
349.063	173.644	30.224	50.669
349.685	173.433	29.111	50.074
350.385	173.458	28.886	50.711
349.453	172.834	29.202	51.203
348.173	172.007	28.848	49.204
347.176	171.463	29.681	48.901
346.492	171.754	29.580	48.479
345.395	170.938	28.303	50.270
342.663	170.911	28.277	50.549
339.182	170.231	30.517	48.903
335.027	169.731	31.616	49.413
330.935	170.166	32.461	48.625
328.682	170.307	34.664	49.447
325.144	170.465	37.382	49.313
321.854	169.800	36.678	50.504
315.326	169.381	40.566	50.766
309.705	168.295	39.635	51.512
305.353	168.856	40.621	50.559
299.600	169.082	43.822	51.208
295.082	168.866	45.695	51.040
290.580	168.434	45.147	50.720
288.038	169.054	45.261	50.926
284.828	169.237	44.531	50.468
277.968	169.581	46.626	51.018
273.559	169.610	42.856	48.314
268.242	168.891	46.643	50.721
264.074	168.377	45.044	50.338
259.156	169.480	46.667	49.563
256.127	170.054	45.632	49.208
253.385	170.554	45.372	50.221
249.632	170.746	41.423	49.528
246.552	170.595	40.846	49.762
244.300	170.692	39.065	50.848
243.734	169.931	36.934	51.210
240.943	170.039	33.720	49.721
239.733	170.378	31.957	50.438
236.892	170.915	31.901	50.661
234.438	170.565	31.250	50.173
232.302	170.501	30.895	50.777
229.935	171.135	31.128	51.612
225.851	171.247	31.639	50.661
224.624	171.628	31.328	50.297
223.040	172.064	30.990	50.625
220.227	172.088	31.185	51.641
217.418	171.150	32.124	53.555
214.034	171.468	32.230	54.088
210.528	172.195	33.910	54.079
205.446	171.737	36.042	53.780
200.831	172.563	37.435	53.393
197.672	172.817	37.895	54.037
193.211	173.041	38.609	53.398
189.043	172.670	39.604	54.690
185.082	173.720	41.612	54.892
181.977	173.432	41.806	55.451
175.781	174.163	43.627	55.185
171.773	174.198	43.728	55.903
167.181	175.073	43.089	55.195
162.194	175.093	43.894	53.966
156.964	175.669	44.599	54.679
151.144	176.023	46.022	54.602
144.942	176.216	47.431	55.104
139.607	176.414	47.009	54.055
132.870	176.279	49.193	55.885
127.204	177.582	49.874	54.207
121.779	177.973	49.764	54.142
115.509	178.385	50.336	54.139
110.192	178.058	49.444	54.313
103.578	178.028	48.141	54.248
97.217	178.179	48.482	53.669
91.971	177.891	47.267	53.390
86.417	178.211	48.521	54.084
82.027	178.178	46.720	53.786
79.519	178.022	42.682	54.941
75.987	178.362	40.691	54.354
71.666	177.995	40.298	54.980
70.515	176.986	37.439	55.111
68.989	177.561	35.963	53.424
66.689	178.490	33.503	51.609
65.377	178.374	31.914	50.525
66.476	177.162	28.881	51.885
66.186	178.275	28.408	51.648
67.632	178.732	26.668	50.424
68.649	176.102	26.618	50.689
71.538	177.956	25.264	49.280
73.261	177.403	25.858	48.434
75.549	176.737	26.804	46.877
78.028	176.337	28.112	48.351
80.268	176.908	28.842	46.721
81.755	175.497	32.083	48.129
85.590	175.572	32.618	48.455
89.234	175.143	34.094	49.381
92.819	174.219	34.995	48.510
96.431	173.681	36.587	49.969
100.709	172.552	39.152	49.473
105.693	173.481	40.475	49.227
110.644	172.072	40.052	51.369
116.317	172.585	40.479	50.384
121.897	172.528	41.912	50.406
125.590	171.568	41.273	50.748
130.342	172.510	41.437	49.804
136.716	172.628	42.585	48.966
140.895	171.959	41.190	49.735
144.429	171.895	41.057	50.089
149.924	172.194	40.118	50.404
153.465	171.277	39.515	51.295
158.265	171.622	39.806	51.484
161.514	171.740	39.247	51.907
165.005	171.670	39.556	51.415
168.851	171.495	40.155	51.692
170.960	171.584	38.925	51.504
174.729	171.207	39.400	50.738
177.827	170.744	38.899	52.026
181.084	171.120	37.587	51.681
184.511	171.421	36.557	50.447
188.298	170.843	34.273	51.732
190.284	171.136	33.984	51.948
193.662	171.034	30.994	50.832
195.261	171.505	30.717	50.544
197.587	171.384	30.965	50.793
199.369	171.987	31.130	52.193
201.787	170.992	30.381	52.210
204.228	171.246	31.251	52.102
206.915	171.890	31.148	50.954
210.114	173.276	33.247	49.822
212.420	172.644	34.505	51.030
216.208	172.865	36.763	52.429
219.408	173.142	39.750	51.830
223.633	173.655	43.816	52.321
228.446	173.965	45.312	51.333
232.924	173.907	47.026	52.507
235.702	173.037	46.795	51.145
240.871	174.595	46.435	51.721
246.504	174.331	45.068	51.097
251.252	174.742	44.185	52.301
257.331	174.986	42.285	52.816
262.090	174.831	40.271	51.791
266.902	175.221	40.041	51.999
271.986	175.634	39.692	51.757
276.487	175.635	39.373	52.695
280.038	175.507	40.102	53.714
284.448	175.349	39.448	53.654
286.836	175.359	40.087	53.823
291.225	176.639	39.076	52.918
294.939	176.095	37.920	53.132
299.177	177.494	37.490	52.724
301.081	177.766	36.166	51.806
305.066	178.186	34.840	51.764
308.514	178.672	32.956	52.268
311.799	175.914	32.954	55.344
314.580	173.012	31.407	57.467
362.799	161.594	29.036	44.743
364.940	161.070	27.114	45.694
365.700	160.480	27.051	43.751
367.416	161.929	26.076	42.777
368.354	160.549	26.129	45.636
369.282	161.112	25.961	43.573
370.107	160.401	25.389	41.769
372.341	160.355	24.527	43.481
373.167	159.895	24.537	43.063
372.211	159.315	26.034	44.057
373.223	159.049	25.748	44.473
374.724	158.941	24.288	42.784
374.901	158.377	25.257	42.161
374.129	158.136	26.239	43.056
374.130	158.256	26.489	43.811
375.836	156.569	25.822	44.000
374.977	156.625	25.995	41.028
376.788	156.641	25.439	40.625
375.453	155.294	26.767	44.017
376.482	155.925	26.975	43.000
376.490	155.293	26.171	43.074
376.400	156.227	27.577	42.696
379.085	155.500	26.045	44.238
378.348	155.490	25.427	44.242
380.096	155.905	25.015	43.525
380.210	155.321	24.275	45.971
381.112	155.436	24.036	45.685
380.858	155.526	24.685	43.225
380.842	154.249	24.343	42.761
380.776	155.654	24.329	40.810
378.306	153.758	25.396	41.792
379.594	153.627	25.751	41.301
379.262	153.726	26.773	41.778
379.965	154.266	26.124	41.516
381.172	153.941	25.493	43.331
381.244	153.428	25.076	42.128
381.263	152.910	25.861	43.013
381.549	154.247	26.501	42.645
383.165	153.230	24.731	43.670
384.752	152.721	23.985	43.969
384.295	151.440	24.435	44.784
385.674	150.737	25.340	42.236
387.408	152.436	24.956	41.334
389.307	151.722	24.509	41.575
390.340	150.988	25.261	42.545
391.561	149.636	26.540	42.805
393.000	150.080	26.093	43.099
394.611	150.672	25.787	42.269
394.677	148.922	26.325	44.498
397.936	149.554	25.274	46.285
401.066	148.494	23.301	44.718
402.667	147.840	23.521	44.179
407.302	148.820	22.296	44.709
408.189	149.896	22.852	42.333
409.882	148.317	23.105	43.682
410.172	148.205	23.570	43.570
411.469	148.413	23.698	41.864
412.450	148.716	24.141	41.775
413.472	148.001	22.916	41.144
412.874	147.947	25.030	42.088
414.474	148.012	24.501	42.412
415.950	148.290	23.668	42.134
417.730	146.857	23.504	43.538
416.774	145.399	23.788	43.549
417.256	146.516	25.875	44.244
418.194	146.895	24.621	42.646
419.986	145.352	24.036	42.895
422.309	146.282	22.962	41.607
421.108	147.423	23.467	41.339
421.672	147.092	24.107	42.067
423.091	147.925	23.865	41.195
421.527	145.658	25.149	43.772
421.171	146.473	25.999	41.280
422.010	147.196	25.527	40.364
424.882	147.023	22.049	39.765
426.271	148.182	21.447	39.279
427.312	147.338	21.050	38.823
425.675	147.773	22.491	39.370
426.720	148.929	22.167	38.611
428.028	147.535	21.102	38.523
428.173	145.880	21.656	39.578
427.367	142.076	25.034	42.611
425.600	143.908	25.544	41.506
428.366	143.613	22.259	42.173
429.623	143.039	20.822	41.628
427.255	144.572	24.184	38.995
425.453	142.262	23.699	41.014
424.315	142.845	21.486	38.675
430.805	142.800	21.206	40.334
432.119	145.231	20.440	37.205
432.180	145.413	19.999	36.756
434.183	146.348	20.090	35.917
435.548	146.470	19.298	36.102
436.127	147.703	20.021	34.471
436.109	146.973	19.770	35.105
437.742	145.454	18.526	35.489
435.447	144.050	20.573	36.767
438.825	144.996	20.411	35.396
439.932	146.068	18.694	35.136
437.963	145.368	19.697	35.897
434.027	143.417	22.932	37.090
438.780	142.075	20.561	38.670
438.862	140.997	20.595	38.510
439.656	139.426	19.894	39.908
434.563	140.631	23.498	39.388
437.680	137.901	22.285	40.978
437.429	140.550	21.957	37.955
438.490	138.566	20.671	40.175
438.624	142.561	20.541	36.876
439.034	141.608	19.269	37.268
438.227	139.349	20.776	40.104
438.500	139.398	20.919	40.620
436.513	137.226	22.863	41.755
435.368	135.339	23.129	41.751
433.129	134.675	27.021	42.425
434.511	138.158	24.764	40.927
435.159	140.453	23.765	40.178
433.558	139.185	24.613	38.680
437.556	140.157	22.154	36.811
437.651	137.826	21.744	38.873
437.907	136.095	22.140	39.796
437.393	138.756	22.265	38.044
436.853	136.363	21.922	41.212
437.144	134.127	23.567	41.520
436.477	134.524	25.040	41.890
432.148	132.064	30.063	45.067
434.242	129.721	26.353	48.183
438.049	126.564	24.544	54.242
430.929	128.652	30.991	49.581
432.081	123.951	31.007	55.713
431.333	131.115	31.616	42.479
433.692	130.599	30.203	44.472
