450.000	380.000	70.000	69.000
466.180	379.988	57.427	74.214
472.781	376.510	55.487	79.779
479.945	379.726	55.057	75.546
493.169	382.797	55.721	74.847
512.464	382.158	56.788	75.683
525.433	378.258	60.866	82.064
531.185	375.102	62.356	81.565
527.153	368.136	75.873	82.765
550.508	369.466	77.648	73.470
571.861	359.619	77.510	74.030
587.323	360.967	76.415	61.858
595.449	357.183	74.184	65.016
600.166	356.914	71.149	69.204
611.370	356.053	61.247	65.429
610.561	358.957	63.909	58.137
610.772	360.005	64.808	59.410
607.713	362.590	64.981	58.579
604.422	362.994	64.974	60.034
600.832	365.231	65.046	60.949
588.664	364.351	70.427	67.369
581.761	362.789	69.329	69.554
573.155	361.321	62.281	72.504
560.483	356.949	65.330	77.620
543.608	371.317	66.597	65.756
523.075	379.074	68.822	68.428
514.923	372.462	64.048	78.392
505.970	384.831	64.689	73.431
497.108	387.588	64.307	74.084
488.792	401.256	62.553	68.266
465.989	417.094	71.372	60.369
456.123	407.512	67.246	64.670
451.689	406.003	62.588	65.316
450.200	408.830	60.938	60.938
449.689	410.460	61.940	56.313
460.138	406.693	56.534	54.231
465.624	402.715	56.751	53.327
471.455	396.610	57.184	54.363
479.786	394.238	56.106	54.283
491.543	390.845	52.840	55.451
503.581	384.285	50.637	54.772
504.809	379.951	49.814	57.040
494.555	375.462	57.301	54.573
474.896	375.970	58.579	67.150
453.986	373.031	61.815	69.630
424.050	378.920	73.017	66.697
421.446	379.297	62.269	71.327
427.570	387.407	60.936	72.057
429.792	392.637	68.530	67.022
442.295	401.825	64.927	66.519
452.742	419.634	55.859	61.386
449.408	425.900	60.342	59.955
441.126	428.029	61.529	64.784
437.152	436.222	64.640	56.582
430.085	435.653	64.104	61.900
438.684	433.157	57.606	69.517
447.977	421.987	68.933	69.706
464.095	410.944	64.505	68.905
472.346	406.302	60.324	70.161
471.449	405.305	61.987	69.670
458.533	392.405	55.643	81.344
438.464	374.533	60.455	81.569
386.037	319.957	83.208	84.271
368.127	321.417	90.611	96.291
361.492	327.917	83.925	94.273
364.770	337.334	86.836	92.205
367.054	350.996	91.234	88.087
369.545	358.545	93.353	88.171
372.081	361.339	95.157	87.737
386.995	364.913	91.142	82.252
411.859	370.167	98.296	78.541
432.409	372.383	105.374	79.985
448.364	375.187	102.787	76.571
465.164	374.989	108.674	74.696
489.645	371.769	105.695	74.475
503.417	360.607	103.146	80.376
539.770	348.488	103.875	82.341
548.802	340.807	105.181	86.048
558.214	332.622	103.690	87.261
557.695	328.434	104.152	83.864
562.381	321.563	96.865	84.915
559.400	306.716	85.048	92.714
558.642	304.304	76.150	90.607
553.718	302.524	71.814	84.901
546.283	297.142	70.873	90.042
529.822	292.320	74.168	94.849
512.889	294.140	65.543	95.742
497.652	303.314	78.978	89.715
489.837	310.849	82.997	87.111
486.193	315.795	87.069	85.722
486.886	331.077	87.913	76.401
476.054	344.350	100.528	71.545
464.679	352.501	111.584	69.205
458.540	358.099	115.041	69.292
453.504	363.465	113.012	69.202
453.042	365.337	106.230	68.622
459.506	369.716	98.543	68.061
463.850	368.454	93.295	70.162
467.926	369.743	88.975	71.229
473.160	367.011	88.398	71.584
480.871	369.778	82.993	71.010
486.562	368.544	81.799	62.517
491.787	371.242	82.141	57.447
498.256	371.168	79.511	58.043
503.327	372.006	79.841	57.136
509.200	372.039	78.874	58.104
518.436	373.828	75.689	59.039
526.387	375.844	71.530	56.571
529.174	376.973	73.117	54.604
528.990	375.759	77.000	55.213
535.459	375.795	73.777	55.139
542.504	375.111	69.203	55.587
543.347	372.138	69.421	58.015
543.712	371.215	69.744	57.621
541.922	368.730	70.634	58.478
539.688	367.630	72.033	57.524
542.643	366.206	69.349	54.066
542.669	365.447	70.543	53.252
545.381	365.471	71.545	54.171
543.452	365.198	76.326	54.574
541.009	365.892	83.680	55.484
550.873	367.454	86.372	55.990
555.268	368.797	88.143	57.027
558.976	370.510	88.639	56.431
563.655	372.490	89.537	55.511
569.091	371.570	88.897	58.105
569.502	372.758	93.144	58.215
572.905	372.513	93.844	59.029
569.617	373.399	96.172	58.367
571.056	373.299	96.943	57.992
568.865	374.192	96.479	55.010
568.703	371.676	93.293	55.249
569.774	371.433	90.167	54.494
569.923	371.051	85.733	54.510
571.035	371.418	80.331	54.171
571.253	371.978	74.688	52.383
563.712	374.139	69.986	49.305
557.744	372.372	63.512	50.645
553.826	372.496	60.926	51.024
548.600	371.525	61.248	51.228
547.359	372.160	61.548	52.156
544.779	368.865	63.266	56.645
544.447	369.589	63.810	55.408
542.853	369.215	66.659	56.406
541.000	369.045	69.941	55.355
545.784	370.391	70.700	54.567
548.256	372.978	82.349	49.771
547.479	371.738	86.382	51.656
546.493	368.540	88.326	53.209
545.454	363.098	88.238	56.998
539.315	353.562	87.520	64.959
532.334	340.892	80.414	73.587
526.325	339.456	81.986	67.900
525.124	334.572	78.280	64.366
525.809	318.264	75.031	67.083
528.897	307.163	71.511	72.594
527.290	296.887	73.314	75.999
515.240	293.450	78.771	72.642
503.816	290.998	84.764	70.061
508.087	288.034	84.300	66.489
511.630	280.924	79.804	68.487
508.225	275.254	85.082	67.990
505.681	274.013	77.828	68.580
491.894	278.030	74.656	74.354
473.172	292.664	82.199	73.510
473.379	305.595	76.185	71.158
485.975	320.859	80.153	74.393
500.600	336.230	81.636	68.860
512.957	347.191	82.864	63.765
526.949	350.272	84.409	62.447
532.255	357.489	82.576	66.660
532.845	365.946	84.671	71.471
528.228	368.631	91.213	72.180
524.414	375.508	87.748	69.345
522.333	376.692	91.418	66.450
521.228	383.484	88.168	63.718
496.873	378.853	80.617	67.582
482.539	376.777	80.779	63.483
467.498	373.957	79.778	61.888
451.971	371.389	88.868	60.559
445.019	371.476	90.135	59.109
445.603	365.029	85.754	62.124
457.345	359.845	81.594	63.767
466.932	356.661	83.387	60.901
473.045	356.566	82.331	60.457
476.951	354.027	79.381	61.935
480.984	350.493	75.031	63.618
486.867	348.043	67.958	63.536
495.550	344.883	68.714	62.689
503.971	342.265	66.404	63.161
513.649	338.711	64.384	60.354
525.905	339.061	72.610	55.763
537.469	337.868	74.406	57.064
549.146	338.041	67.490	56.442
557.619	341.053	65.911	54.223
565.987	340.128	68.715	54.804
576.307	337.998	79.268	51.917
584.588	342.384	85.820	49.008
593.490	341.359	85.947	50.284
601.529	339.053	82.560	54.033
607.541	340.011	82.927	54.106
622.363	340.948	83.559	54.669
628.676	341.037	85.595	55.915
635.481	340.968	85.004	54.674
639.791	340.702	86.408	54.184
648.509	340.998	83.977	55.107
652.867	341.207	82.118	56.058
658.342	342.098	78.934	56.034
658.321	342.749	78.374	56.430
661.056	343.233	76.884	57.252
662.741	344.044	74.933	57.567
666.169	345.190	71.224	57.331
666.709	346.189	68.392	57.220
664.404	346.397	69.876	58.191
661.667	347.690	70.353	57.480
658.693	347.556	70.138	58.332
655.342	349.437	71.238	56.412
651.688	350.048	72.307	55.488
649.560	351.168	70.807	55.152
646.165	352.448	71.252	54.433
643.618	352.343	71.160	56.627
640.374	355.267	68.963	53.178
640.382	356.899	68.746	53.855
639.016	358.183	68.012	51.650
641.416	357.180	65.841	52.495
642.289	356.739	69.863	52.420
644.425	354.378	69.368	52.364
646.500	351.770	67.775	52.886
648.786	352.179	66.441	51.290
650.943	350.649	64.578	51.196
655.687	349.183	61.348	52.731
652.046	348.399	64.029	50.601
652.614	344.998	63.734	50.140
648.409	346.404	59.229	47.961
640.708	351.051	57.441	43.233
625.708	352.666	53.908	42.489
604.903	353.615	52.706	43.404
587.092	353.191	55.306	42.710
575.375	351.247	56.211	46.294
564.828	350.466	54.252	45.333
550.387	347.511	58.918	43.702
529.098	338.509	57.832	51.213
513.400	335.525	60.351	52.023
506.501	331.485	56.558	54.145
494.784	332.564	59.245	52.155
489.713	331.747	59.139	53.624
483.822	332.981	60.817	54.955
477.436	333.771	60.556	58.311
475.794	333.736	58.202	58.704
472.323	334.380	55.833	55.692
474.409	332.443	54.638	57.352
472.362	329.785	56.999	58.778
468.165	319.192	64.254	64.439
466.766	316.984	67.271	64.299
465.536	311.943	74.029	69.603
470.769	308.154	72.192	72.796
478.825	306.205	68.638	66.317
494.098	310.250	69.620	62.153
507.729	311.995	61.072	66.406
517.423	314.815	64.593	62.251
528.405	311.010	66.973	60.257
536.788	309.333	65.365	61.609
546.889	308.303	66.216	61.481
557.902	304.347	57.747	61.243
568.336	297.873	53.204	60.775
582.514	291.584	50.268	59.900
596.196	282.603	46.687	59.724
606.379	275.574	50.739	57.023
614.599	267.518	51.406	54.823
619.804	261.342	53.517	50.859
623.155	255.917	57.997	50.427
626.436	249.513	57.173	49.052
623.582	243.243	57.292	48.295
618.081	237.272	57.346	47.529
608.720	233.155	59.552	46.393
599.835	229.103	61.427	44.098
592.347	226.140	65.224	44.344
583.327	221.057	64.878	45.801
574.393	218.572	65.204	43.531
564.262	217.266	68.948	39.837
554.329	216.374	71.869	35.767
546.026	215.281	69.197	35.379
530.694	213.562	70.573	35.556
517.221	210.870	70.799	34.319
503.819	209.693	70.501	36.350
494.139	210.238	68.256	34.551
483.682	210.583	66.165	33.916
467.878	210.720	71.871	34.582
463.223	210.156	73.640	35.087
454.982	209.463	71.366	35.923
450.670	207.899	67.711	37.780
443.532	207.850	66.613	36.545
436.343	206.477	64.241	36.021
428.575	205.827	65.270	34.558
424.836	205.272	69.210	33.959
422.306	204.708	69.462	34.957
420.115	203.842	68.545	36.785
418.245	203.436	63.690	38.102
416.505	204.755	62.642	38.093
417.897	205.325	57.817	38.613
412.926	205.620	59.488	39.316
402.102	208.148	69.027	37.396
395.143	209.421	71.998	38.765
385.530	212.003	70.560	36.721
377.152	213.528	67.492	34.971
367.698	216.766	72.591	34.261
364.849	218.084	72.488	34.259
363.788	220.513	64.925	37.204
363.808	221.565	66.985	39.699
364.492	230.888	64.991	38.885
370.573	232.430	61.486	36.646
375.920	239.375	57.594	39.772
398.192	243.883	61.977	39.506
402.249	244.758	57.674	39.025
411.615	246.395	61.235	39.740
409.480	237.666	63.026	46.447
416.886	229.267	64.653	50.635
434.632	226.022	62.837	52.976
439.905	222.567	53.249	69.382
448.861	227.772	59.458	51.863
459.965	227.316	61.010	44.819
465.910	230.415	54.573	45.589
475.259	236.325	53.641	44.232
482.174	243.454	51.120	42.927
485.680	245.657	52.308	43.782
493.062	252.614	55.655	47.595
497.786	255.701	59.782	49.702
499.876	265.876	61.931	50.395
495.455	275.965	63.821	38.201
490.971	279.343	70.631	39.611
486.630	277.784	65.249	42.322
480.431	281.113	61.526	41.859
469.520	281.829	63.828	40.087
451.392	279.664	70.075	35.879
440.206	273.355	73.579	34.946
438.429	269.273	73.665	36.763
440.812	265.417	73.860	39.031
443.057	264.081	76.774	41.076
448.103	262.888	70.630	41.962
451.162	262.538	66.052	43.471
452.721	262.453	61.382	41.650
447.009	263.049	68.063	42.165
449.893	262.639	58.602	38.370
444.441	263.050	61.732	38.505
438.483	262.367	68.409	32.025
435.760	261.681	67.564	34.292
433.610	260.322	66.503	36.123
435.496	256.426	58.686	38.167
429.614	255.722	61.843	33.252
433.424	249.415	59.602	40.061
438.944	245.081	62.862	43.727
443.746	241.305	62.348	52.829
453.656	236.566	54.103	60.410
462.558	232.864	64.942	41.983
470.555	234.047	63.479	35.082
477.482	234.163	64.248	37.353
481.482	234.613	65.071	36.709
485.760	234.457	63.776	39.247
488.873	234.604	61.973	39.706
490.305	234.508	62.807	38.915
492.072	234.627	59.473	39.644
493.067	234.667	55.772	36.531
489.260	232.321	55.958	37.714
481.324	231.320	66.128	36.061
477.699	230.640	67.476	36.765
472.085	230.071	62.711	38.002
467.065	230.836	67.253	39.656
460.352	232.960	70.716	41.069
457.140	236.359	69.378	42.516
456.624	241.927	66.539	42.019
457.392	247.562	65.318	45.796
455.997	255.559	58.803	46.121
454.523	259.790	54.144	50.412
454.549	265.276	49.698	51.492
447.572	271.066	51.520	51.778
444.203	274.530	50.797	53.341
437.251	277.218	53.109	57.652
428.964	277.820	56.144	62.588
423.527	287.157	55.691	60.593
414.068	294.425	57.357	61.600
402.853	302.899	60.093	62.609
389.988	312.529	63.812	60.038
373.635	320.508	70.907	56.667
365.643	327.329	67.237	53.208
357.161	327.344	69.160	54.232
353.760	329.432	65.882	50.924
350.289	327.438	66.191	53.310
349.850	323.632	63.612	54.772
358.398	321.193	54.937	55.008
365.981	318.421	59.408	54.649
375.686	318.978	64.830	51.981
386.576	320.157	69.292	51.786
405.428	317.150	64.168	54.917
417.362	317.257	62.155	54.055
428.948	318.054	61.877	53.919
441.487	320.776	53.537	54.156
449.702	321.441	50.182	55.171
455.543	324.875	50.619	53.066
460.929	325.938	47.208	51.389
463.158	328.110	46.471	50.227
465.560	330.041	44.517	48.631
466.977	331.583	41.952	49.527
464.330	333.753	42.241	48.860
456.181	335.909	43.887	46.249
447.527	339.948	46.780	42.366
437.576	338.387	50.640	42.343
428.554	340.077	51.549	42.144
424.853	342.235	44.331	44.179
419.963	346.273	44.509	47.770
412.444	340.565	42.705	62.254
404.434	334.389	51.079	71.593
402.698	310.184	49.501	85.848
377.625	322.937	66.658	98.972
376.510	330.192	64.204	125.945
373.954	323.261	71.761	127.033
381.434	311.409	78.685	131.723
383.272	286.160	80.764	149.029
391.703	288.636	79.845	161.102
397.495	274.688	79.293	173.325
398.978	266.172	82.909	191.684
398.825	267.627	89.757	189.741
404.151	269.192	90.447	186.307
408.089	269.195	89.963	182.300
410.248	271.424	85.018	190.880
413.425	269.407	85.864	183.609
417.902	269.082	79.796	183.156
421.992	272.435	86.409	176.543
420.534	272.257	87.063	178.466
432.044	274.326	82.411	180.469
430.065	277.804	85.978	172.801
430.315	271.635	84.541	175.017
430.547	273.683	82.896	169.225
439.948	289.317	77.919	158.629
432.542	273.162	81.716	168.413
435.735	277.198	94.222	178.508
438.241	269.786	91.970	186.249
443.534	270.334	81.810	184.063
445.713	271.207	83.477	175.331
444.240	267.310	87.470	169.844
447.876	269.390	73.418	175.756
450.855	278.047	83.116	168.650
455.942	282.083	78.211	162.682
455.392	270.338	75.330	168.313
455.062	264.682	80.783	168.020
456.791	266.460	81.831	172.522
460.335	262.844	81.794	173.194
461.079	265.198	82.913	174.664
470.520	266.526	76.193	168.855
467.153	268.825	81.032	174.316
468.434	271.139	83.808	174.890
460.796	270.981	92.371	173.863
470.052	274.616	84.329	172.620
463.962	272.345	93.030	173.186
473.902	276.678	83.833	169.887
476.398	274.439	82.487	172.998
469.805	275.278	89.584	180.089
476.683	275.544	83.180	182.566
475.707	275.419	86.131	180.633
479.162	275.639	84.353	181.078
475.728	274.472	89.527	182.077
477.065	275.088	88.348	184.085
474.407	276.253	90.214	182.577
484.566	276.301	80.802	180.210
478.406	277.234	90.004	181.346
481.364	278.471	91.909	182.906
484.532	279.574	94.156	185.709
487.323	281.139	96.617	185.740
490.229	282.254	96.304	186.341
491.984	283.162	96.181	185.065
491.296	283.579	98.192	184.893
490.539	283.162	99.886	184.630
488.655	280.295	101.425	189.333
487.132	278.523	103.588	191.665
486.075	275.185	104.696	194.686
486.114	274.577	104.789	194.654
486.772	273.980	104.166	193.700
487.238	273.253	104.329	192.802
487.436	271.656	104.099	192.419
486.306	269.472	102.601	191.973
485.417	268.924	100.229	192.542
483.832	268.436	96.019	193.033
483.655	267.902	90.805	193.088
483.396	267.100	86.979	192.634
481.715	268.081	86.606	187.897
480.953	268.572	86.072	186.877
480.074	270.203	87.337	183.665
479.278	270.032	86.833	185.426
478.303	271.080	87.948	184.499
476.952	272.538	88.353	185.820
475.463	274.198	89.266	187.651
474.290	275.295	89.229	189.509
473.328	276.420	89.506	189.663
472.746	276.898	89.242	189.378
470.369	275.902	92.079	189.726
470.919	274.777	91.934	191.560
470.292	273.711	94.881	192.394
469.941	271.853	96.213	194.475
468.901	270.589	97.999	193.946
466.856	269.743	100.030	193.037
466.395	269.113	100.128	191.240
466.443	267.184	98.858	193.321
466.907	265.085	99.151	196.138
469.048	263.694	97.583	197.999
472.828	263.705	94.540	198.634
476.040	262.449	91.483	200.423
478.202	262.273	90.263	201.593
480.169	262.273	88.827	203.438
481.915	265.298	89.024	201.977
485.633	268.282	87.200	201.334
488.126	268.656	84.325	201.708
487.947	268.878	83.322	201.513
484.364	269.172	83.782	200.455
482.209	268.554	84.825	200.070
483.718	267.511	83.299	202.633
486.809	267.851	87.473	203.467
488.951	270.654	97.605	202.842
490.812	271.630	108.044	205.397
492.968	273.290	117.065	207.429
496.393	277.163	123.652	206.231
498.450	279.562	127.855	207.901
500.478	281.569	130.165	209.733
503.810	283.616	126.969	209.418
504.578	284.221	123.293	209.798
504.016	284.257	123.406	208.397
504.427	284.019	125.287	206.123
504.255	282.604	128.969	206.980
505.018	282.134	129.962	204.777
507.287	283.228	132.141	200.630
511.680	285.262	131.876	199.841
515.583	287.425	130.014	199.295
518.394	289.007	129.453	198.178
521.947	290.377	126.026	201.754
524.641	290.092	124.053	202.666
529.201	289.968	119.770	199.578
533.926	287.354	118.421	200.275
539.284	289.131	118.180	197.895
543.444	290.697	117.621	198.764
546.089	292.921	116.897	197.024
551.669	296.480	114.996	196.234
556.559	298.495	114.977	199.324
562.544	299.876	114.595	203.233
566.971	301.013	116.292	203.189
571.210	296.080	114.977	208.148
568.881	284.900	114.348	214.582
556.825	279.306	116.693	212.022
548.019	275.823	113.344	212.593
542.220	276.688	109.476	208.253
537.182	276.233	109.254	211.718
529.217	276.350	108.301	217.924
522.287	274.548	108.347	219.255
517.241	271.649	107.459	217.851
512.352	270.409	109.331	214.109
509.451	268.486	108.718	213.386
508.773	268.407	108.530	213.548
509.544	268.551	110.814	214.611
513.131	268.477	113.294	213.990
517.686	269.457	115.579	211.033
521.995	268.390	118.019	215.752
530.009	269.029	116.707	216.673
534.080	269.404	117.011	215.249
535.938	270.109	115.822	211.570
534.923	269.890	115.355	210.105
531.113	269.831	116.656	205.259
528.764	272.612	113.859	199.492
530.103	273.539	110.663	199.516
528.937	275.873	112.625	191.292
531.774	271.536	105.240	192.751
534.216	266.890	101.848	190.269
536.343	262.851	98.794	186.064
538.206	259.690	95.294	185.058
540.263	257.954	92.617	182.544
