624.000	211.000	146.000	143.000
617.303	221.948	156.905	126.476
615.201	225.352	159.806	117.258
613.458	224.087	160.174	121.744
613.000	224.860	160.101	122.039
613.255	225.254	158.901	122.017
615.140	225.349	155.058	121.995
627.679	223.035	135.737	122.910
635.194	225.278	118.340	123.291
638.127	224.810	108.728	121.780
637.513	217.338	101.627	120.433
639.155	214.852	95.414	127.185
664.121	213.836	76.080	131.403
672.714	220.147	81.977	123.563
665.805	221.086	100.021	122.480
658.010	219.304	102.012	121.180
655.564	215.817	98.309	124.793
497.432	235.419	96.678	106.447
416.229	227.847	126.957	106.996
418.559	232.786	126.781	107.383
420.971	227.909	124.170	111.767
420.730	226.667	129.344	94.256
446.328	218.295	144.931	137.702
419.585	143.742	245.268	217.854
622.543	112.179	174.381	287.578
590.493	109.141	186.576	287.491
573.097	152.669	189.904	270.193
608.348	213.372	154.373	150.480
632.324	220.158	128.449	132.604
626.838	217.082	135.636	132.964
615.430	220.944	148.698	126.345
615.941	221.960	146.622	125.652
612.808	223.882	150.392	120.429
612.896	223.912	152.860	119.880
614.033	222.817	151.377	122.042
614.847	223.117	148.142	121.965
615.601	222.833	147.023	123.392
615.746	222.702	148.017	124.333
615.771	221.296	148.958	126.325
614.585	221.827	152.465	125.622
614.574	221.010	152.490	126.712
615.517	220.917	152.144	126.867
614.964	221.524	154.772	125.851
614.957	221.561	154.688	125.733
615.949	221.904	154.223	125.859
615.908	221.770	154.012	125.423
615.518	220.782	153.825	126.757
615.797	222.760	152.804	124.617
614.553	223.228	153.112	125.045
612.313	223.749	153.557	126.388
609.693	224.181	155.792	126.135
606.287	223.644	154.707	128.069
601.351	224.506	152.084	127.519
597.636	227.175	150.806	125.052
594.518	225.183	145.907	127.084
592.453	223.800	143.625	128.343
589.119	224.127	144.626	127.750
583.526	226.882	146.512	125.566
584.200	224.833	140.206	129.081
583.283	221.717	134.770	131.322
582.117	218.102	127.346	133.564
581.702	214.872	119.384	136.460
574.351	211.133	119.098	136.686
558.961	201.737	126.645	148.920
540.704	197.345	137.213	152.070
537.209	194.169	134.307	152.558
526.864	198.249	130.988	145.994
495.106	204.721	143.995	136.969
504.665	203.281	125.923	138.892
503.231	199.352	123.227	141.795
500.431	201.734	122.647	139.317
499.728	203.147	125.899	137.476
498.359	201.955	124.805	138.444
497.904	202.987	125.047	136.760
497.089	203.602	123.859	135.839
496.911	199.341	126.027	139.856
500.194	200.659	130.667	139.872
500.256	202.474	135.282	139.095
531.149	185.019	143.714	154.687
539.519	189.989	139.537	152.119
543.978	188.944	134.319	156.400
562.301	212.717	122.796	130.760
571.888	202.089	118.120	142.525
584.287	217.516	119.118	130.360
587.551	213.509	131.063	133.214
592.072	215.718	138.001	132.644
595.331	220.219	144.701	127.984
599.124	220.899	149.143	126.214
608.464	222.540	156.016	123.870
612.121	221.837	156.339	125.113
613.209	222.885	158.886	123.325
616.006	222.399	158.200	124.672
619.453	222.179	157.091	125.276
622.651	222.117	156.133	126.217
626.671	221.711	152.413	128.885
627.470	222.189	152.088	127.994
629.077	222.145	149.701	128.197
630.198	223.010	147.651	126.712
629.501	222.311	147.361	126.100
628.508	222.136	148.969	126.291
627.810	222.359	151.213	125.358
627.442	222.521	152.561	124.150
626.014	222.706	153.911	123.496
612.478	219.404	114.452	101.047
453.891	226.785	99.898	107.419
424.638	224.017	126.032	114.664
424.548	220.884	128.862	91.600
401.756	240.053	122.771	155.641
377.747	218.075	198.297	148.808
365.065	216.129	244.301	188.635
577.414	201.753	198.019	167.381
666.149	205.522	101.746	144.109
674.593	208.163	85.750	139.301
632.304	209.179	114.794	129.519
608.758	196.933	122.657	139.006
617.777	215.525	110.440	121.505
640.885	213.387	102.464	120.396
641.311	215.224	111.878	117.248
624.578	213.494	133.245	123.492
617.660	214.140	146.852	120.742
617.660	214.132	148.576	121.957
613.801	215.363	151.908	121.719
611.778	216.864	154.447	120.297
609.544	216.743	157.970	121.325
607.355	218.393	158.118	122.434
606.060	217.366	158.912	123.375
606.452	218.424	158.387	124.484
607.191	217.575	157.771	125.300
606.346	217.591	158.337	122.374
608.155	217.315	157.059	124.146
608.356	219.567	156.326	121.952
608.959	220.262	155.502	122.323
608.037	217.604	156.235	125.028
606.594	217.144	160.132	120.218
609.727	218.437	158.094	121.066
610.471	217.602	156.938	123.194
610.882	218.183	155.710	123.436
610.471	218.784	156.860	121.988
610.685	218.470	156.452	123.726
612.722	218.373	155.911	123.618
615.232	217.917	153.179	124.261
616.197	217.763	152.883	124.694
616.219	218.161	153.511	124.701
617.015	218.284	152.982	125.029
616.322	218.550	153.638	125.007
616.813	218.338	152.875	124.939
616.322	218.496	153.178	124.079
615.079	218.375	154.498	125.120
615.149	218.717	154.540	125.027
617.061	219.382	153.799	124.851
616.931	219.539	156.437	125.796
618.558	219.390	155.855	127.406
623.744	219.963	151.307	127.394
637.216	219.033	132.099	130.401
647.488	221.913	110.376	130.922
652.387	222.032	98.979	130.617
655.108	219.375	90.791	129.547
642.360	216.734	100.258	123.226
653.716	217.030	84.452	128.958
649.447	217.753	104.225	129.722
633.667	219.935	130.461	120.846
627.282	221.751	144.226	120.351
617.919	221.972	155.140	119.027
611.250	219.254	154.899	120.526
610.143	219.588	151.261	120.074
609.507	219.172	146.879	123.258
606.620	221.293	145.917	123.994
602.354	221.702	147.865	124.579
591.938	221.365	144.063	126.078
588.628	221.446	139.548	127.671
584.801	221.083	137.046	128.149
581.332	220.677	134.844	127.201
578.006	220.426	136.449	126.533
572.216	220.377	138.468	126.818
568.139	219.811	139.962	126.902
566.405	220.219	139.560	125.936
563.230	219.411	140.481	125.567
557.719	220.181	145.829	123.608
548.752	219.129	150.717	123.139
541.952	219.243	151.241	120.210
535.333	218.522	153.530	119.963
527.550	217.336	148.544	119.010
519.521	216.163	147.353	119.891
490.621	214.513	148.063	122.089
474.923	210.497	141.016	127.702
463.859	207.618	138.207	130.420
460.175	202.951	135.728	133.386
465.662	198.663	137.463	136.756
465.089	195.089	158.543	129.288
461.409	199.046	174.215	119.148
479.795	199.183	151.222	116.241
517.812	205.503	115.946	96.443
533.224	207.579	102.987	93.416
482.794	194.723	127.461	131.838
466.366	196.601	136.657	140.038
471.832	203.940	129.423	135.306
461.652	208.097	149.161	130.359
496.302	214.701	144.653	122.304
543.296	224.942	131.384	115.446
561.323	222.837	132.966	116.361
579.853	223.520	140.420	113.791
589.613	220.673	157.392	113.860
587.749	222.269	173.986	113.540
609.714	226.067	169.560	111.010
615.539	225.755	170.159	113.658
621.239	224.542	164.676	119.456
620.593	224.485	167.154	119.577
619.154	225.275	164.956	121.462
608.483	225.931	168.970	118.979
587.670	225.260	175.132	122.985
570.107	223.892	174.779	128.037
561.753	226.607	158.260	129.384
555.512	230.342	150.588	122.805
542.902	217.621	126.061	131.863
494.307	194.912	134.149	158.463
492.917	195.341	135.117	155.763
491.865	185.695	142.632	161.589
474.774	208.245	112.597	138.832
473.122	202.758	119.440	136.480
470.497	202.620	122.491	139.116
516.483	176.552	132.783	104.438
524.095	183.112	118.694	96.737
497.195	191.661	124.125	98.574
477.031	206.685	126.435	138.824
455.485	211.275	167.947	131.353
530.593	222.643	134.992	125.492
546.875	224.661	125.415	125.580
559.557	225.571	125.254	127.954
583.512	220.633	142.227	128.948
588.023	223.189	157.312	124.122
593.122	222.137	163.888	125.485
597.282	222.864	167.039	124.038
601.115	221.731	169.642	123.444
604.139	220.884	174.766	123.934
608.679	222.715	174.217	124.457
611.758	223.474	172.849	123.501
614.362	222.248	171.864	124.673
619.697	220.271	164.602	123.614
627.686	214.924	142.373	125.353
628.526	211.825	125.731	119.936
625.667	212.699	115.461	117.147
623.103	205.669	97.663	122.263
616.153	204.674	91.375	116.830
605.591	206.901	92.132	113.603
590.141	206.966	90.821	114.405
573.606	201.558	89.374	113.889
574.817	208.879	86.668	114.962
573.786	208.503	89.071	118.032
576.986	210.022	86.307	117.357
573.493	210.150	87.785	119.702
572.650	210.884	85.629	117.855
568.760	211.785	88.321	115.315
569.854	213.023	86.889	113.133
573.698	212.593	83.756	114.767
581.391	212.798	73.528	116.676
577.006	215.489	73.087	110.985
579.674	214.835	69.078	110.891
580.959	212.756	68.693	114.006
582.090	210.959	77.672	116.203
578.031	210.942	98.134	109.402
568.758	206.482	116.174	113.189
555.975	205.457	131.641	112.067
551.725	205.761	138.875	111.678
541.623	205.325	150.811	110.927
523.499	201.376	167.344	112.117
520.776	200.203	168.235	114.132
515.331	198.445	169.242	112.139
513.070	199.165	167.308	111.672
508.936	197.143	166.399	111.450
506.619	194.167	165.291	114.944
505.326	191.823	164.330	117.904
501.913	189.981	165.839	121.754
499.512	189.558	165.542	124.912
497.781	189.875	166.272	122.123
498.304	189.234	163.667	122.227
498.274	189.567	162.413	124.397
497.456	190.678	162.834	123.506
498.854	190.543	160.318	122.864
499.906	190.984	158.271	122.429
496.604	192.053	156.990	121.339
494.840	192.593	158.251	117.951
492.314	193.715	160.121	117.334
490.128	193.075	161.436	116.094
489.151	193.225	162.073	116.004
488.948	192.751	162.078	115.502
488.926	193.371	161.220	112.963
486.223	192.311	163.974	114.725
484.276	192.292	164.158	113.786
484.280	191.053	164.173	115.193
484.656	190.855	164.492	115.720
492.475	190.768	160.644	118.020
497.162	189.628	156.272	124.769
492.733	188.845	163.922	120.959
498.154	186.554	163.765	125.298
509.492	185.977	159.156	126.533
512.092	188.418	162.385	129.141
512.660	189.121	167.020	127.558
514.285	190.404	166.180	126.599
513.726	191.343	167.413	124.308
513.333	190.649	167.849	123.520
511.909	190.019	167.505	126.398
510.195	189.155	167.409	129.977
507.447	186.937	164.786	133.752
502.207	183.441	165.102	136.825
494.585	183.764	164.599	130.751
493.892	180.656	163.440	133.447
491.734	182.778	162.277	128.502
490.630	181.065	161.742	130.424
487.119	179.602	159.089	132.694
478.403	176.543	164.979	131.971
479.063	176.516	165.893	127.993
479.710	175.235	163.839	128.005
480.357	174.274	163.602	127.249
479.334	172.780	164.260	126.516
479.990	171.842	161.821	122.211
478.642	171.029	160.708	121.780
478.765	170.576	157.576	121.741
476.922	169.585	157.583	119.802
475.812	169.572	156.349	118.943
472.229	166.773	157.812	119.011
472.156	167.230	154.750	118.187
471.575	166.011	152.068	117.941
470.202	164.302	151.023	117.725
467.840	163.939	149.246	118.549
469.908	164.349	147.151	114.538
465.728	161.188	149.995	120.702
461.099	161.681	153.763	118.815
464.785	162.177	145.906	117.805
460.273	162.151	151.401	116.669
465.274	160.349	145.813	118.139
459.127	159.125	152.749	118.243
459.507	156.251	152.222	120.060
456.090	158.967	154.689	115.600
460.308	158.166	148.832	116.399
456.011	149.090	142.157	121.694
456.706	144.467	134.787	124.121
453.027	144.360	136.182	122.763
456.317	141.859	131.462	123.393
452.872	142.062	134.926	121.896
453.449	135.308	135.476	127.056
448.736	134.291	143.712	124.986
447.540	128.509	147.649	128.138
446.946	123.382	151.182	129.893
452.351	124.073	148.124	129.828
459.445	119.344	140.095	130.062
464.713	117.372	133.243	128.880
469.041	115.740	128.076	129.101
469.722	116.045	127.240	126.838
470.499	116.732	125.834	126.026
472.624	116.109	123.992	125.402
473.359	116.421	123.236	125.153
472.538	117.156	123.241	124.237
473.893	118.316	121.716	123.410
473.079	117.611	122.410	124.246
472.367	118.727	123.120	122.493
473.824	119.206	120.284	121.593
474.014	120.205	119.981	120.435
476.267	119.822	122.802	121.966
474.338	119.782	126.059	120.647
473.832	121.208	137.035	123.145
475.351	122.861	143.119	124.503
462.327	129.563	157.325	120.241
461.667	125.024	150.919	126.542
468.151	124.457	175.771	123.136
520.041	138.393	136.614	116.114
545.681	144.634	124.055	109.421
542.300	145.521	122.285	109.655
552.775	147.528	130.458	109.545
559.678	152.160	129.083	109.474
568.020	151.012	125.968	112.218
573.682	152.628	120.763	110.425
569.736	152.416	125.541	110.438
576.448	152.745	121.010	110.347
572.125	154.163	125.781	109.092
571.294	153.066	127.803	107.068
572.172	151.415	127.948	110.707
572.673	152.686	127.931	107.727
571.540	152.992	130.540	109.271
569.066	150.832	132.031	107.998
570.303	148.462	130.206	113.787
573.839	149.647	126.043	114.808
575.325	149.566	125.200	114.296
581.119	151.504	119.887	113.102
582.457	158.506	118.865	107.634
580.463	163.993	117.004	102.552
585.326	169.885	109.235	99.224
585.286	171.298	111.549	98.568
581.766	170.348	114.472	97.835
581.193	172.005	111.523	96.594
583.085	170.448	110.184	101.054
583.091	172.977	108.340	100.712
583.743	172.892	107.102	102.400
583.828	180.183	105.395	95.595
584.876	184.760	105.591	91.445
585.239	184.608	105.486	92.578
586.389	184.813	104.118	93.043
586.651	184.681	102.190	95.710
585.535	184.199	103.866	95.657
586.022	184.289	103.963	95.050
586.391	180.909	103.643	99.328
587.179	182.964	106.882	97.054
587.107	182.306	109.004	97.853
587.757	178.610	107.340	99.893
589.724	178.143	105.373	98.931
589.886	180.285	99.732	95.390
574.673	174.435	108.081	100.714
549.971	161.198	114.798	109.501
527.930	157.968	136.209	109.621
560.953	170.496	112.641	127.061
564.047	175.589	107.318	106.219
586.737	180.214	91.429	133.093
592.607	179.756	96.533	115.699
600.195	181.270	94.543	102.893
596.141	183.251	101.648	95.944
597.463	184.406	101.675	94.204
599.338	185.599	101.800	92.903
599.494	189.042	104.066	90.095
602.838	189.451	102.726	92.949
605.673	189.877	102.538	93.377
608.028	192.009	104.980	93.257
613.269	190.998	113.026	95.739
615.651	190.692	115.017	97.648
622.385	188.432	111.781	102.320
627.995	185.763	111.981	106.530
629.354	184.370	118.590	107.708
630.944	186.670	126.647	109.013
628.270	189.596	134.555	105.895
635.489	189.642	131.195	104.539
636.887	182.245	130.285	109.920
648.758	184.527	117.930	105.895
649.586	185.058	113.055	104.343
652.456	188.975	105.076	102.857
651.001	189.501	105.421	102.887
648.910	191.008	105.812	101.538
643.896	189.823	108.450	103.107
621.056	188.388	119.787	104.402
621.142	194.221	114.950	100.190
611.698	197.127	117.014	95.788
606.602	195.139	113.417	96.977
602.460	192.683	110.403	95.806
586.829	187.487	116.703	96.355
572.584	183.495	113.204	99.662
565.693	181.657	111.400	98.347
556.894	177.615	115.033	96.579
521.657	177.154	145.938	98.567
481.605	177.485	170.917	92.655
459.927	175.147	182.228	91.070
448.942	170.808	187.581	95.197
441.897	167.522	187.425	99.280
448.996	164.560	175.654	102.617
450.622	161.456	171.000	104.886
447.219	160.601	170.373	104.485
443.785	159.077	168.659	106.629
443.193	157.968	168.274	109.784
441.614	156.198	168.558	112.218
443.716	154.993	165.617	113.986
443.873	153.957	163.997	113.850
446.128	153.853	161.281	112.388
447.741	156.548	159.028	110.341
449.500	155.345	155.746	110.781
450.620	159.994	156.221	107.537
453.337	155.863	152.549	106.444
452.542	156.952	151.313	105.951
454.482	156.242	147.202	106.812
454.726	156.494	147.221	107.415
456.404	155.704	148.622	107.898
456.763	154.716	149.493	106.003
456.275	156.346	149.753	105.744
456.980	157.919	149.187	103.664
458.274	161.159	150.711	99.584
457.176	162.590	162.881	97.452
458.220	164.957	158.513	94.620
458.302	165.089	157.180	93.404
459.460	164.842	156.334	94.895
459.315	164.555	158.497	94.909
458.257	164.635	157.782	95.636
459.741	164.867	159.266	96.477
458.078	163.898	161.534	98.365
457.438	163.188	161.010	99.630
459.693	163.665	158.194	96.844
459.500	165.168	156.598	96.497
457.687	165.978	157.857	95.379
458.592	165.135	157.052	96.060
459.766	164.903	155.043	96.540
459.390	165.141	155.829	99.068
458.330	166.622	157.308	96.305
457.047	166.586	159.747	96.809
456.638	167.546	158.692	96.064
458.268	166.226	157.308	98.250
459.176	166.189	155.974	98.671
459.586	164.766	155.259	103.173
461.062	164.688	157.033	102.926
461.871	164.574	158.074	103.661
461.325	165.054	158.673	102.716
460.977	164.139	160.387	105.133
464.658	163.557	159.450	105.415
466.402	163.420	155.807	107.461
467.759	162.131	156.257	108.538
467.339	165.194	155.434	102.989
470.889	167.023	143.771	95.135
488.919	160.157	151.450	85.748
488.798	159.158	154.174	87.102
484.479	162.277	160.957	77.292
476.896	165.283	159.525	76.242
457.224	169.714	134.535	76.363
451.227	168.097	141.888	85.783
447.221	165.941	146.746	94.132
445.501	163.744	146.279	98.393
443.445	162.431	142.313	106.681
446.038	161.066	139.969	111.455
441.806	162.003	142.380	112.943
450.954	161.935	131.314	113.585
442.829	162.725	138.187	114.891
445.490	162.334	134.739	115.076
446.580	161.471	134.949	115.623
451.783	159.976	129.251	115.210
446.274	159.432	131.792	114.491
450.204	156.480	127.564	114.492
454.637	153.395	123.870	116.268
456.330	150.921	123.372	116.669
465.873	145.980	111.392	118.967
470.049	143.218	108.891	118.084
472.856	140.158	107.986	119.398
475.644	138.895	108.702	118.010
477.794	138.435	108.948	116.967
483.084	135.620	109.351	117.998
480.347	137.323	111.646	115.830
484.902	136.932	110.309	116.101
482.829	137.027	109.363	116.088
484.099	137.828	109.445	116.705
484.580	140.600	107.672	114.380
483.624	141.092	110.914	115.972
484.108	141.767	110.789	115.977
484.257	141.743	110.820	117.465
484.762	142.407	112.749	118.173
488.048	145.110	119.964	128.417
489.141	148.058	122.783	127.357
489.627	151.203	128.857	128.590
491.470	161.027	132.690	121.300
494.332	157.511	134.968	126.267
507.931	173.710	137.220	120.819
506.800	163.991	141.127	127.649
522.208	167.890	129.906	128.289
529.262	165.323	129.303	130.060
530.818	176.102	132.062	124.027
533.756	168.651	133.759	131.366
536.406	167.039	133.372	132.746
541.113	167.665	139.543	131.715
544.989	166.731	140.200	131.366
548.902	169.465	139.327	128.844
551.235	170.396	140.134	127.732
551.771	170.396	141.582	128.804
550.634	169.593	144.473	128.456
552.973	169.721	141.619	128.793
548.220	169.647	146.494	129.020
550.931	170.043	143.706	129.018
546.660	170.740	148.810	126.172
547.446	169.193	146.629	128.813
546.179	168.830	148.162	129.823
546.508	169.320	148.746	128.743
545.941	167.835	151.188	129.693
552.000	167.920	150.258	128.602
557.383	177.441	149.187	119.382
561.295	181.984	145.477	114.765
563.814	182.885	141.873	113.965
572.046	193.143	129.212	95.320
580.106	189.052	113.718	98.946
588.458	185.508	99.301	95.185
594.360	184.343	90.745	94.401
580.893	189.933	88.530	122.045
576.411	186.769	92.421	115.949
582.311	163.338	86.023	112.578
577.463	163.595	102.578	120.840
572.359	163.358	119.277	121.800
566.396	162.598	134.621	119.815
561.033	163.556	151.486	111.371
561.744	166.177	153.782	111.434
561.071	172.364	159.966	103.604
564.530	176.876	160.275	100.341
564.875	179.288	155.020	98.490
567.252	177.219	159.117	102.364
568.027	179.184	156.099	100.168
570.526	180.678	155.591	99.706
570.563	182.271	150.733	98.706
569.166	183.381	145.091	99.808
569.374	181.775	146.132	102.830
567.832	183.880	144.089	104.356
566.189	185.154	148.302	106.677
565.378	183.825	148.421	110.601
563.409	181.720	152.453	113.586
562.620	185.797	151.992	110.292
560.793	189.680	152.645	108.665
562.266	190.467	155.063	110.245
561.437	191.297	155.962	107.819
562.113	192.075	158.489	109.637
566.011	193.700	158.402	110.526
574.295	203.986	152.273	104.911
573.228	194.399	155.654	112.446
573.896	202.255	154.366	107.886
571.863	200.651	156.356	111.819
570.522	202.545	153.715	112.991
566.428	205.355	158.122	110.862
568.033	210.011	155.636	108.238
566.563	207.447	159.039	111.697
566.641	206.439	159.255	111.220
568.517	207.324	153.932	111.302
572.212	201.349	142.422	116.833
572.153	204.998	138.829	115.602
574.280	209.032	132.698	110.888
575.032	204.849	131.068	115.568
573.043	202.710	134.157	114.438
570.747	201.063	140.407	120.032
566.123	197.557	147.762	117.262
561.106	194.841	152.398	116.372
558.764	186.542	155.484	122.073
555.791	180.048	156.777	117.922
551.025	169.054	151.151	113.514
547.477	158.139	148.320	116.407
543.659	149.266	144.582	121.904
539.703	140.438	141.401	122.321
536.035	133.212	137.299	127.764
529.652	122.620	128.321	134.597
526.693	115.304	127.519	132.416
520.166	111.216	130.292	125.265
518.695	107.939	128.922	124.232
514.630	106.685	129.106	118.836
516.328	114.328	126.447	119.268
517.252	125.736	121.175	117.230
516.837	134.770	116.874	115.550
517.092	141.772	118.030	117.711
517.733	143.674	118.606	118.736
517.455	144.989	118.548	119.573
516.556	143.167	115.065	114.793
518.035	143.928	115.132	120.091
516.138	140.942	114.706	115.109
453.358	224.557	122.687	111.462
451.430	236.233	113.048	99.915
450.999	237.724	103.455	96.248
448.340	236.752	103.583	95.967
441.376	238.824	109.535	95.147
434.850	240.748	110.966	98.025
422.154	246.740	113.053	94.347
413.034	247.184	113.927	96.897
407.708	248.655	114.602	94.238
398.214	248.615	118.182	91.466
391.706	247.964	116.607	94.473
375.021	248.302	114.354	89.726
372.127	248.546	106.647	95.444
372.203	249.496	101.000	94.998
373.598	246.116	87.389	98.200
376.944	238.147	75.125	103.013
372.471	234.431	78.542	100.567
375.227	222.177	72.322	113.970
382.236	234.714	70.043	105.800
384.497	242.090	74.401	95.352
386.724	241.025	85.876	95.344
396.253	240.985	88.422	96.233
411.886	241.339	80.207	94.912
422.323	243.446	98.966	94.731
433.831	239.760	114.649	96.443
447.833	236.628	111.764	99.623
462.196	232.148	101.812	104.478
550.977	196.071	117.379	129.605
553.388	198.166	111.818	126.197
555.218	196.845	110.466	127.077
554.327	198.192	111.444	125.499
473.603	228.581	108.335	109.672
457.612	221.551	129.602	112.003
456.913	229.163	119.456	108.455
451.076	227.144	119.865	107.427
445.333	229.644	119.633	104.785
448.059	230.815	115.295	104.162
441.576	234.377	112.528	100.220
442.477	239.345	105.609	96.891
439.852	240.203	106.616	95.367
441.726	240.440	100.724	94.313
440.498	239.992	95.924	94.488
440.290	239.906	91.231	94.838
438.157	240.026	95.198	94.237
437.719	237.855	93.907	96.103
435.195	236.028	93.461	96.749
432.010	236.776	100.599	98.601
431.493	235.696	93.634	100.195
431.074	234.102	90.065	102.926
429.660	237.776	81.639	100.748
426.230	243.978	79.491	95.892
429.679	244.806	79.717	94.906
426.395	244.814	79.755	94.537
425.995	244.174	83.360	94.657
430.297	239.736	96.191	98.997
432.736	239.465	105.848	96.921
451.671	226.623	113.125	109.112
461.215	222.100	119.126	109.326
513.307	202.457	130.815	122.903
498.112	194.303	134.235	126.076
484.710	206.366	139.848	113.457
492.043	194.273	131.923	117.929
489.678	183.870	139.973	123.913
485.637	178.992	148.927	126.387
478.185	176.226	161.696	128.504
474.938	173.737	172.386	133.082
467.019	177.660	122.726	145.682
463.950	178.013	113.902	142.637
459.292	173.427	104.549	135.369
578.394	158.185	111.846	97.570
589.244	169.214	102.897	88.996
581.338	180.266	97.504	93.953
586.584	190.975	86.677	86.695
587.884	197.495	83.842	78.844
586.578	196.969	85.954	79.653
586.606	196.608	86.871	79.786
585.691	197.777	88.195	79.059
586.371	197.011	86.363	80.197
586.117	198.038	86.209	79.052
587.634	198.532	85.299	78.863
586.145	198.115	85.857	79.577
586.120	198.450	85.888	79.109
582.079	197.424	87.651	81.102
578.033	198.647	89.132	81.634
571.035	199.607	94.600	82.347
561.546	203.102	101.004	81.813
536.780	205.147	110.903	89.720
507.208	213.503	128.125	85.457
492.770	214.750	137.184	92.087
492.442	211.899	137.648	105.910
479.197	218.997	122.268	115.660
472.614	208.532	117.565	126.366
467.442	179.821	126.047	145.543
439.268	223.935	128.127	107.738
445.832	221.846	115.139	109.691
438.935	233.671	114.965	107.521
438.927	236.377	108.695	106.365
441.768	242.075	114.665	99.754
448.512	244.928	109.963	93.073
453.569	245.899	106.990	91.355
459.875	244.345	105.082	93.105
464.499	241.410	104.264	94.531
552.461	152.799	105.791	123.210
549.212	146.351	105.445	116.040
551.735	145.871	103.781	116.936
550.935	146.030	104.525	116.543
550.309	146.189	104.118	116.853
550.551	146.661	103.255	117.859
551.360	146.384	102.175	117.678
551.457	145.960	101.578	116.500
551.322	147.139	102.380	114.854
551.087	146.101	102.812	117.814
551.493	147.003	103.461	117.847
551.070	149.729	103.897	116.187
551.372	151.310	105.405	116.001
551.038	154.827	108.169	118.517
554.980	159.951	106.412	128.951
549.733	166.513	111.158	130.674
548.775	169.179	113.193	143.124
556.663	176.316	108.312	146.400
554.592	190.080	109.438	134.608
556.517	208.275	108.782	124.728
556.832	211.037	109.931	125.654
556.723	215.346	110.813	122.128
555.231	218.774	112.102	118.469
553.207	220.360	113.595	117.672
552.948	221.264	113.446	116.810
552.365	220.197	114.397	117.277
551.331	219.390	114.450	117.662
552.446	218.682	113.515	118.115
550.879	217.911	115.103	118.861
549.675	218.361	115.060	118.058
549.236	212.558	115.023	121.878
549.915	214.001	114.436	119.973
549.591	209.080	114.236	123.179
548.162	206.654	114.551	122.923
545.534	198.780	115.237	129.081
543.777	186.764	115.553	133.187
540.468	177.188	116.889	136.623
539.507	168.551	114.075	134.908
535.870	164.259	111.949	122.893
536.523	154.180	110.083	126.433
530.698	137.936	113.457	120.201
532.430	129.723	110.894	125.532
534.755	126.440	107.390	120.043
536.179	124.337	107.048	118.660
537.889	123.551	107.563	118.785
538.059	124.176	109.120	118.045
539.284	124.719	109.792	119.839
540.613	121.574	107.827	120.233
539.556	124.264	109.397	117.606
539.434	124.958	109.167	120.333
541.788	123.797	107.714	120.301
541.273	122.985	108.851	120.238
539.945	126.107	106.915	116.390
543.785	123.762	104.099	118.147
543.836	125.883	103.708	120.758
544.119	131.380	104.606	116.442
545.426	139.900	104.302	119.976
546.470	143.242	105.771	115.107
545.957	154.249	106.327	122.232
546.403	169.325	111.027	135.693
549.492	193.075	110.449	130.925
548.094	198.638	109.248	130.927
549.231	202.490	110.461	132.843
549.652	210.866	113.058	127.448
550.285	215.024	114.358	124.470
544.125	221.696	119.616	118.615
544.046	219.345	118.474	121.151
543.273	219.795	120.153	120.321
542.865	220.103	119.513	119.459
543.526	219.976	117.860	119.268
545.241	220.001	116.504	118.988
544.970	218.748	117.276	119.801
544.473	218.764	116.638	119.471
539.498	216.999	120.970	120.740
538.317	216.910	119.474	120.585
529.598	212.740	123.110	124.014
522.384	212.000	128.841	123.353
516.453	212.696	126.408	123.726
514.879	209.965	122.277	125.743
510.233	211.632	116.087	124.208
505.245	210.570	105.247	125.806
491.883	187.762	114.933	147.690
488.908	188.589	113.358	148.617
487.433	196.219	113.078	140.770
483.722	196.477	115.515	139.508
490.509	211.698	108.744	126.034
487.893	210.658	109.492	125.292
491.858	216.423	103.365	120.162
493.150	216.881	101.916	119.791
495.583	218.413	99.784	118.836
490.657	208.066	105.203	128.187
491.505	213.456	107.466	125.939
489.102	205.806	113.610	131.437
488.073	201.726	118.857	133.898
481.402	199.221	130.317	134.557
504.393	192.157	124.487	135.710
514.834	190.071	115.120	128.003
521.391	188.562	114.453	126.619
526.568	187.166	113.867	125.576
530.862	185.721	119.343	126.903
533.810	184.511	120.555	130.191
533.725	182.866	120.593	131.877
534.273	183.693	121.418	130.577
535.974	184.031	120.288	130.737
536.893	183.858	118.418	131.279
536.280	184.902	121.762	131.129
535.653	185.045	121.376	131.008
532.281	186.360	124.772	128.071
530.655	185.570	125.530	131.820
524.627	186.753	123.133	131.042
516.098	186.780	124.146	129.826
511.696	188.872	121.851	126.978
506.920	187.705	118.904	129.043
500.744	186.744	124.913	126.602
494.869	185.203	125.093	126.493
485.912	181.530	121.605	127.935
483.473	181.498	115.735	124.879
485.472	181.161	111.608	122.957
485.408	180.900	111.803	124.421
485.141	180.622	111.681	124.031
484.878	181.977	111.255	122.046
485.379	181.081	110.608	122.978
484.356	180.831	110.812	122.733
485.050	181.957	110.191	120.731
485.274	182.057	111.259	120.177
483.662	183.258	112.758	121.958
484.291	181.229	111.625	123.161
484.957	180.302	109.016	124.302
487.113	181.372	109.129	123.176
489.282	179.152	112.437	124.893
489.316	179.574	125.446	125.100
495.316	180.061	122.979	128.154
504.901	179.441	127.128	126.485
512.995	178.186	127.660	129.959
520.732	177.911	120.098	129.112
528.987	177.647	123.090	130.936
533.323	178.279	125.078	130.485
538.857	178.328	121.399	130.610
542.106	179.092	120.121	128.117
547.344	179.150	116.514	126.106
549.791	180.193	114.163	124.880
550.403	181.616	114.012	123.124
552.665	181.491	111.373	123.479
552.170	182.910	112.510	122.352
550.664	182.889	113.781	122.804
549.095	182.943	115.180	123.402
546.243	182.599	119.155	125.144
547.397	182.884	117.971	126.110
543.089	183.050	123.651	128.316
541.160	182.413	121.210	131.022
538.411	182.075	122.258	131.110
538.544	181.718	119.923	136.087
534.242	182.442	120.887	135.977
533.069	183.071	124.154	132.639
533.365	183.687	123.911	131.930
533.087	184.514	126.662	131.209
533.099	184.931	125.520	130.773
535.170	184.967	124.281	130.187
536.325	184.791	122.274	129.196
536.723	184.921	121.980	128.583
536.844	184.989	121.789	128.344
536.627	185.766	121.133	126.726
536.552	185.703	120.229	127.029
536.672	185.449	120.052	127.087
535.877	185.618	121.854	127.243
536.348	185.137	121.306	127.504
536.251	185.870	119.529	126.274
536.848	185.200	118.577	126.247
536.306	185.841	119.310	126.006
536.535	185.878	118.519	125.825
535.671	185.544	119.327	126.288
535.062	185.878	118.561	125.314
534.533	186.096	121.021	125.879
534.179	186.874	119.436	125.019
533.270	186.385	123.306	126.609
534.648	191.597	126.650	127.207
530.879	193.327	135.025	124.100
536.997	198.759	135.003	119.808
534.486	200.725	146.449	117.647
536.373	207.035	147.905	113.851
538.205	208.247	147.847	114.387
545.413	208.168	135.444	115.926
557.471	201.252	109.212	125.053
563.786	200.380	90.620	125.002
574.193	201.610	82.587	120.836
571.232	203.555	93.993	114.906
561.783	194.896	97.475	120.308
571.858	200.963	87.664	129.090
569.277	201.499	107.522	126.024
564.300	207.407	128.770	114.009
560.225	211.734	143.901	112.017
559.733	214.391	150.567	113.424
559.150	214.638	157.063	114.013
561.682	215.471	156.804	114.487
567.137	214.474	150.063	120.304
569.125	215.037	149.179	120.948
569.973	215.136	149.465	123.309
570.593	216.078	150.216	122.414
570.989	216.987	149.473	122.147
571.062	217.561	149.499	120.997
569.911	217.070	149.931	120.954
569.220	216.392	149.549	120.934
566.244	216.005	151.303	120.865
566.119	215.690	149.262	120.856
565.369	214.964	149.874	121.449
564.168	215.560	150.755	121.254
571.324	213.515	144.298	122.264
574.030	210.637	141.070	125.211
579.824	209.904	132.952	125.798
583.190	207.589	119.256	128.349
590.341	202.103	104.121	133.194
594.982	197.229	86.252	132.678
587.648	193.263	95.057	137.503
583.058	190.829	112.432	134.027
572.579	193.424	126.649	130.675
565.301	193.507	135.857	130.127
563.537	196.786	142.697	125.541
562.796	197.249	145.127	126.171
561.817	196.012	145.046	129.341
561.219	195.733	145.941	130.270
560.357	196.278	146.334	129.721
559.432	197.302	147.726	129.632
557.401	197.145	149.062	131.090
554.973	198.586	151.085	130.104
555.017	198.205	152.311	132.550
554.051	199.117	152.225	132.639
550.465	200.810	155.253	134.096
548.426	200.652	157.348	136.588
545.360	199.898	157.584	139.510
542.536	199.684	161.577	141.363
541.995	200.649	159.897	141.166
541.720	203.163	158.452	140.232
541.387	205.155	158.945	139.494
544.084	205.888	155.401	138.664
548.640	204.220	148.326	140.584
557.206	201.845	131.643	144.782
576.912	201.016	104.712	148.136
589.894	202.212	80.864	150.245
580.897	203.809	76.677	144.623
585.820	197.512	80.161	149.399
583.879	198.329	93.221	152.659
553.523	206.417	143.709	148.879
555.100	207.982	152.154	142.514
547.949	209.240	165.377	140.599
544.560	209.736	171.559	141.016
541.162	209.436	176.533	141.679
538.363	209.035	181.348	143.033
537.750	208.834	183.939	144.131
537.267	208.237	184.089	145.173
537.111	208.703	185.715	144.989
536.454	207.961	186.933	146.595
538.350	207.419	185.875	147.812
538.246	206.816	186.148	149.282
536.169	207.056	187.568	149.909
538.018	208.456	184.947	149.227
537.857	208.251	184.330	149.299
537.112	207.827	185.720	150.746
536.418	209.170	187.087	150.628
534.515	209.697	189.010	151.084
534.633	208.954	188.112	153.292
532.823	209.117	190.332	153.331
532.963	208.661	189.421	155.099
532.204	209.732	190.304	154.431
531.573	209.938	190.871	154.461
531.321	208.517	190.486	155.783
531.063	209.639	191.632	154.932
528.457	209.392	192.999	154.977
528.263	210.460	191.855	154.111
528.148	209.271	191.173	155.623
528.795	210.542	190.268	154.334
528.421	209.771	189.173	155.322
528.672	209.355	189.040	155.939
528.546	209.771	188.692	155.422
528.923	209.688	188.125	155.505
528.927	209.896	188.478	154.978
528.927	210.142	188.951	155.348
530.054	210.518	188.107	156.297
531.289	211.013	187.443	156.318
532.670	210.545	186.391	157.377
533.946	210.210	185.844	157.508
534.451	209.790	187.866	158.439
539.067	209.547	185.282	159.126
542.513	211.211	183.111	157.223
546.012	210.776	179.911	157.431
550.138	210.585	174.887	158.650
554.914	211.543	170.238	157.485
562.547	211.545	163.419	157.916
567.181	210.609	154.197	158.056
574.565	207.906	137.089	161.029
583.380	207.928	119.619	160.186
585.407	209.006	110.904	157.823
588.956	215.068	93.335	151.702
577.493	211.303	98.943	155.934
567.971	210.415	119.162	157.556
547.436	211.468	147.699	157.877
536.694	211.957	165.373	153.790
532.094	213.845	174.370	150.991
530.879	214.754	177.453	151.123
531.336	214.330	180.788	152.338
533.370	214.137	182.776	152.728
532.625	211.225	183.564	156.122
540.134	208.184	180.974	158.160
544.991	208.101	183.272	156.791
550.871	207.677	178.014	156.900
560.479	204.153	169.105	159.028
584.828	195.317	146.835	167.403
594.699	190.001	125.224	171.077
609.562	188.782	107.390	166.997
627.552	195.452	86.578	159.237
649.592	189.236	70.518	167.761
651.846	194.925	74.959	160.303
645.048	191.692	103.199	163.073
632.013	194.773	127.943	162.214
624.695	193.416	145.569	160.753
622.833	192.571	152.168	159.407
619.021	192.491	158.353	160.744
615.673	193.038	161.690	162.551
612.875	194.702	163.037	162.778
605.604	198.205	170.482	160.510
602.950	200.911	171.130	160.293
602.374	202.271	169.509	160.458
600.659	206.687	167.121	160.457
594.209	209.867	171.042	159.866
594.953	212.666	168.579	158.893
594.084	212.776	167.910	160.411
591.280	214.347	173.563	160.514
587.833	213.525	175.787	163.389
584.655	216.224	178.712	162.265
585.246	215.160	179.965	164.881
582.257	215.246	183.769	164.350
578.438	214.637	186.098	164.964
569.606	214.798	194.379	164.500
568.452	214.008	194.550	166.310
564.662	212.994	197.435	167.788
561.521	213.670	199.265	167.172
557.951	213.750	200.731	166.208
552.058	214.189	206.850	166.097
550.427	213.946	207.585	167.714
550.979	213.286	209.164	169.811
556.675	214.616	206.570	171.512
564.941	215.343	202.523	172.649
578.311	217.064	194.967	173.033
588.032	215.450	187.603	174.993
600.442	212.551	176.332	177.262
617.802	208.490	154.983	181.765
635.643	205.354	128.406	182.003
653.468	212.834	105.767	171.294
673.295	209.946	75.934	171.169
661.934	218.752	115.068	166.295
647.213	217.881	145.842	167.086
637.438	214.751	168.668	168.682
632.148	212.059	183.606	171.670
625.470	213.289	195.977	171.142
623.514	214.161	200.541	172.066
620.789	213.534	202.487	174.322
621.662	212.854	199.247	175.025
618.158	213.004	197.958	171.742
614.633	211.210	197.216	173.200
613.271	212.376	193.696	171.748
612.703	212.958	191.295	171.555
608.184	213.826	191.275	170.966
602.870	214.452	178.932	170.116
593.886	215.903	180.254	166.471
591.997	214.398	171.545	168.660
593.224	211.845	158.246	169.659
602.077	207.147	135.730	177.079
600.786	207.466	125.312	177.397
609.230	204.119	102.827	179.205
621.227	202.707	78.943	177.298
623.541	206.018	70.756	174.013
631.155	215.766	68.504	164.216
624.598	205.658	67.261	172.804
612.102	200.769	80.988	172.385
604.128	201.889	91.151	168.893
599.134	198.962	106.133	169.914
591.417	199.059	130.001	168.068
583.675	201.733	145.158	158.986
578.720	201.808	165.008	152.452
576.672	204.500	181.958	148.249
580.428	200.747	185.505	153.155
585.213	201.505	186.484	152.118
589.765	199.788	184.872	155.133
600.985	201.180	182.008	155.377
606.042	201.666	178.536	155.726
610.995	202.474	176.732	155.742
616.599	203.498	174.058	154.606
622.553	206.432	168.737	152.280
627.516	206.905	165.679	152.591
631.793	207.150	162.005	153.382
631.341	207.051	163.035	153.815
631.335	207.846	161.764	154.986
630.505	209.974	161.221	154.321
626.757	211.759	163.208	156.452
621.347	215.184	166.404	154.700
618.080	218.311	166.385	153.617
614.358	218.964	166.331	155.111
610.566	220.766	165.854	153.807
612.511	221.083	157.535	157.312
615.835	219.769	124.210	157.765
625.349	222.216	96.900	156.840
604.303	223.856	94.643	155.151
599.132	229.076	109.006	152.535
568.668	229.963	149.138	150.363
555.866	228.136	166.131	151.070
546.150	232.169	178.594	146.955
541.942	236.191	181.995	144.247
538.922	234.638	180.884	147.306
537.889	233.532	171.712	149.278
536.683	235.617	168.655	146.175
534.048	235.265	163.196	146.045
528.356	233.561	163.964	144.817
527.425	232.741	156.524	142.341
530.866	234.328	146.179	137.441
532.863	235.553	141.534	133.428
532.990	237.311	138.619	130.719
536.981	236.063	135.419	131.689
537.151	232.957	138.419	133.244
548.450	231.594	141.685	136.536
556.031	230.349	145.024	140.413
569.405	230.310	142.455	141.169
584.953	229.605	137.762	138.696
596.882	231.062	133.580	139.705
635.681	228.787	118.262	144.072
640.494	235.375	128.120	135.371
653.824	234.462	119.426	135.918
664.944	232.956	113.976	136.010
671.825	229.851	111.171	134.807
681.312	229.587	104.609	132.364
689.171	227.449	96.270	135.254
695.377	228.884	87.810	132.477
698.531	230.492	79.937	130.781
699.294	232.509	78.343	128.028
699.231	232.338	72.545	131.783
693.332	224.745	73.559	139.192
686.134	224.980	74.596	129.833
687.929	219.225	66.047	150.599
682.109	222.808	65.789	152.053
671.311	226.199	74.604	149.867
660.958	231.430	86.392	147.664
650.881	233.429	96.490	145.128
635.790	234.441	112.610	144.428
621.172	233.117	126.602	146.389
606.873	233.650	140.509	146.825
595.479	233.207	147.010	151.737
576.114	234.592	159.185	149.594
548.259	235.266	179.452	144.670
532.058	231.934	187.830	149.831
510.713	235.199	193.717	144.935
505.923	232.471	192.522	140.802
503.506	230.686	189.958	142.134
500.205	232.467	190.078	142.179
499.969	231.834	188.782	140.803
501.846	229.480	187.851	140.762
507.410	226.616	186.064	143.174
512.606	224.842	187.423	145.830
517.059	223.956	189.790	147.188
529.127	223.615	184.080	149.363
545.474	221.384	190.305	152.154
558.165	218.115	184.819	156.358
568.942	217.110	183.430	157.666
579.851	218.032	178.354	157.559
596.131	218.037	171.017	155.716
603.843	217.658	168.206	154.008
607.286	216.496	168.222	155.641
608.654	215.597	167.483	155.929
608.317	216.246	168.587	155.280
608.774	215.678	170.087	156.362
607.906	216.174	171.612	157.662
604.758	216.944	173.437	157.629
598.965	217.968	177.052	157.577
598.183	217.662	175.431	159.206
593.236	218.901	177.166	158.390
583.412	221.593	175.290	160.258
574.126	222.357	179.044	163.707
566.685	222.737	183.120	164.318
564.935	224.014	182.281	165.204
562.224	224.186	176.202	167.237
550.006	227.232	177.447	168.162
532.675	229.748	190.282	167.094
527.348	229.290	190.207	169.938
518.048	231.022	196.413	168.644
513.261	231.149	195.795	169.436
504.312	230.612	201.763	169.641
501.003	228.312	202.451	171.567
498.812	227.418	202.776	171.668
499.770	227.507	204.042	171.449
502.713	225.863	203.215	173.542
511.283	226.299	201.831	175.450
517.133	227.361	203.548	175.742
523.057	227.453	202.082	176.699
529.104	225.593	200.937	178.942
530.951	224.862	203.573	179.011
541.818	226.916	209.567	175.996
554.456	226.671	203.605	175.702
566.014	226.431	194.577	177.190
571.195	227.967	194.559	175.550
574.096	227.944	193.292	175.517
575.590	228.197	191.580	175.293
575.110	228.714	194.721	175.167
574.273	228.771	196.310	175.965
569.393	227.667	202.271	177.774
568.383	226.351	201.839	179.929
566.411	226.928	204.903	178.710
562.892	225.907	203.960	180.943
556.771	224.951	205.527	182.968
555.754	226.029	206.589	180.828
555.695	225.444	206.805	180.637
553.939	224.874	205.410	179.677
551.541	222.975	204.372	180.940
549.060	222.689	206.336	180.400
549.736	221.351	204.460	181.659
548.925	221.636	205.167	181.135
545.601	222.394	208.386	180.377
545.042	223.345	209.021	181.004
541.237	222.484	210.814	182.939
539.559	223.619	213.571	182.501
540.372	223.919	213.049	184.557
540.961	227.182	214.405	182.760
543.260	228.480	213.942	183.112
544.994	228.880	213.215	183.108
546.721	229.742	212.492	183.712
549.186	232.776	211.539	181.254
554.845	232.777	208.871	184.361
554.409	233.612	213.276	183.101
557.177	235.929	210.367	181.634
560.553	235.483	209.104	182.070
560.917	236.437	210.905	181.356
564.128	237.006	207.710	180.428
567.886	236.568	204.233	181.577
566.610	237.555	205.342	181.309
565.874	239.443	207.990	183.633
564.942	239.907	209.913	180.283
557.694	243.099	215.217	168.317
550.331	237.932	218.413	173.054
555.438	237.591	212.261	171.140
558.859	234.805	207.326	170.649
554.917	235.811	209.736	165.420
556.518	230.019	206.582	173.389
557.105	219.781	216.200	185.215
550.318	222.018	206.426	183.111
540.093	221.831	210.681	182.847
530.396	221.593	219.548	183.927
522.091	220.043	234.436	185.515
515.913	219.772	240.490	182.459
515.778	211.863	229.800	191.965
513.848	212.516	234.127	192.304
512.262	211.247	229.948	194.556
513.705	215.517	225.231	191.049
512.197	220.902	227.635	185.986
511.296	222.040	229.822	186.513
511.890	224.981	228.739	181.412
508.693	225.594	229.882	178.521
505.399	228.265	233.738	175.280
503.920	228.642	230.093	179.596
500.475	229.889	228.873	182.215
496.918	233.355	231.761	182.840
497.996	235.671	227.747	183.250
498.981	232.724	225.257	187.825
498.372	235.805	219.062	185.836
497.433	237.816	219.421	184.100
496.249	238.956	211.821	183.306
493.101	238.742	207.215	183.420
490.793	238.378	206.120	183.609
485.395	241.417	216.478	181.319
485.713	241.858	223.818	182.863
492.321	243.514	225.075	181.755
502.589	243.953	216.579	180.964
510.835	238.239	208.456	186.597
514.604	237.582	205.148	186.113
515.699	236.249	199.805	189.085
500.378	236.233	214.990	190.889
480.913	239.964	234.631	187.174
469.541	240.994	247.834	190.265
473.702	236.594	241.108	196.292
474.626	237.951	241.337	194.936
473.536	239.080	240.932	193.762
474.269	240.425	240.150	193.548
474.553	239.351	242.998	194.694
502.959	239.495	214.337	195.241
517.884	235.589	191.444	198.622
531.049	230.543	163.175	205.023
541.383	230.903	145.054	203.192
544.007	232.191	146.040	201.103
534.737	235.408	181.327	200.759
517.019	238.709	214.791	198.499
498.531	241.645	238.649	193.526
496.573	238.406	237.116	198.811
498.098	237.617	231.493	198.020
503.678	236.408	216.432	194.762
504.275	239.586	219.765	188.774
506.417	239.799	227.410	186.917
509.383	235.425	227.763	192.566
516.873	233.409	221.709	195.710
526.016	229.249	207.100	200.130
524.972	230.006	200.118	197.345
517.664	229.298	207.335	195.263
502.932	233.438	225.078	188.986
499.507	232.248	236.532	190.518
498.030	234.294	238.635	189.720
502.431	235.073	233.754	188.375
496.960	237.946	239.040	185.311
504.711	233.525	229.501	190.800
502.403	234.756	238.573	188.501
511.596	230.646	232.643	194.267
509.410	232.931	237.730	193.488
500.553	233.956	247.427	194.425
500.998	233.293	241.237	197.572
505.150	237.345	228.585	192.416
506.247	239.200	223.563	187.069
499.409	241.507	238.347	180.327
504.241	241.297	236.197	175.045
509.153	240.075	227.359	173.618
518.434	232.510	216.080	182.237
509.778	233.721	222.936	182.168
505.028	240.975	233.124	175.753
502.039	241.331	229.558	174.581
494.743	241.911	242.718	173.177
498.539	239.364	232.476	173.775
509.574	243.657	246.895	175.473
523.775	238.980	232.717	191.538
535.925	237.290	219.124	196.271
544.172	234.218	210.583	201.878
535.560	236.246	221.712	200.759
522.980	243.141	233.185	194.611
519.479	240.545	235.329	192.953
518.535	238.643	233.609	197.125
516.346	241.157	241.372	195.914
522.425	242.981	239.425	194.823
529.036	245.011	240.495	189.121
535.959	240.223	229.655	194.762
538.521	237.710	227.275	194.988
534.593	238.423	230.961	192.852
525.057	243.166	244.318	188.611
524.704	244.695	243.981	189.349
521.190	247.993	252.082	188.078
520.607	247.695	252.876	188.526
528.267	247.008	246.994	191.720
534.634	246.253	245.539	193.657
548.113	239.803	225.388	201.378
547.067	238.314	227.610	199.967
540.578	241.532	234.307	196.453
534.992	245.839	241.068	194.937
531.019	253.219	243.753	188.613
531.609	259.055	239.569	183.682
533.221	259.794	238.019	184.115
532.473	260.691	242.385	176.395
536.515	266.769	245.185	170.537
541.344	268.751	239.547	174.897
554.297	260.595	219.432	188.436
543.646	260.840	228.375	187.369
535.839	264.239	240.257	182.411
532.683	276.247	246.712	169.586
528.899	280.484	248.489	171.553
527.273	277.597	249.179	184.664
526.904	277.916	248.455	190.934
530.649	276.036	244.213	196.024
532.192	274.144	242.781	196.273
535.537	274.101	240.421	194.227
529.160	277.669	245.993	185.134
529.279	282.361	244.084	179.062
532.898	280.204	236.514	181.872
535.244	280.372	227.575	183.822
538.252	277.173	220.126	186.764
533.516	281.592	231.557	182.909
535.454	277.843	238.129	185.853
540.472	272.817	233.734	188.677
543.043	272.862	230.910	186.828
539.715	273.649	234.133	186.501
532.277	278.852	237.437	185.684
530.491	279.679	238.275	188.342
533.759	277.905	234.527	194.471
536.487	279.322	230.594	195.892
536.212	280.755	233.641	194.605
541.573	284.331	232.248	187.089
541.674	284.784	237.334	183.180
547.209	277.798	231.165	186.576
548.864	268.643	226.300	191.448
544.081	265.825	225.687	192.961
535.391	267.983	231.992	189.459
529.794	275.016	232.937	184.005
524.213	282.489	238.790	178.433
523.892	287.132	237.253	173.185
527.000	291.751	234.478	170.572
531.370	293.651	232.528	167.547
533.871	295.291	231.626	169.421
538.321	292.999	229.357	178.316
539.805	287.712	229.688	190.840
541.330	286.763	228.193	197.675
517.466	296.171	242.985	196.628
506.144	298.699	258.594	195.022
502.171	300.509	261.202	198.391
496.333	300.627	265.874	200.531
497.382	297.790	264.567	202.703
512.114	293.129	247.233	200.507
517.636	293.984	252.374	200.021
516.340	293.412	255.854	198.588
520.587	295.444	255.140	195.839
525.922	294.153	250.597	198.496
527.557	294.833	250.515	198.781
525.907	297.973	256.510	193.712
532.593	297.246	253.480	195.849
544.702	295.887	241.475	198.775
549.529	293.132	230.928	203.947
544.966	296.337	232.717	203.603
511.152	300.620	261.165	206.454
508.890	306.178	263.987	198.048
505.845	307.488	270.065	199.198
499.011	307.339	269.637	203.574
502.052	310.326	261.040	202.202
515.434	313.372	240.405	201.582
528.299	315.164	255.928	197.325
529.368	309.215	255.952	202.013
540.905	305.568	245.281	209.563
545.162	303.571	238.409	212.123
528.559	306.302	254.983	212.746
514.334	308.440	268.767	213.258
509.465	309.271	274.401	216.670
510.949	311.300	266.349	216.303
513.238	311.608	269.573	216.712
525.831	312.772	270.700	209.907
527.897	310.462	266.326	205.219
538.683	304.936	256.486	211.291
544.279	297.780	253.300	217.686
546.335	297.957	252.467	214.005
541.645	290.956	256.309	216.172
537.821	294.446	261.638	212.984
535.267	296.792	261.360	208.143
534.899	298.595	258.032	207.673
533.155	298.608	256.632	208.297
527.974	293.848	260.546	211.811
530.439	294.783	260.925	209.336
532.890	288.826	259.014	213.799
535.503	280.629	259.412	221.201
533.468	278.256	262.645	221.772
530.612	278.391	265.555	222.427
532.039	277.303	266.968	225.195
530.322	281.852	265.654	221.134
529.614	282.226	266.494	220.675
