1.000	202.000	281.000	191.000
4.679	192.939	270.218	205.510
8.038	191.490	270.000	205.356
11.367	191.756	271.566	204.760
15.446	190.690	267.519	207.267
18.480	193.069	261.460	205.781
19.339	199.307	256.323	199.020
21.484	199.392	250.798	198.131
26.388	191.665	244.662	207.251
43.491	198.364	217.731	198.285
74.123	171.868	173.901	228.355
102.196	114.032	142.675	294.328
119.878	83.856	138.212	295.275
121.478	50.789	149.187	281.049
125.427	44.958	171.771	205.999
146.039	41.996	161.956	178.754
157.481	39.297	169.656	166.580
158.924	46.564	172.391	161.624
155.373	82.334	172.558	137.434
162.923	93.684	165.115	157.278
168.939	79.588	158.329	179.101
180.881	66.923	149.051	170.074
177.069	63.278	143.872	162.787
165.989	55.711	144.704	162.668
134.648	51.659	163.142	166.987
136.724	47.005	149.076	176.075
137.071	45.343	144.380	177.392
134.357	44.363	144.568	168.671
134.966	45.223	146.910	165.534
139.173	46.242	143.256	168.860
148.931	50.922	136.978	171.280
157.314	55.058	134.209	162.565
174.332	55.509	132.328	158.969
197.496	49.651	128.220	165.596
197.622	49.647	138.445	167.878
202.871	45.732	134.489	165.722
200.154	43.120	133.247	159.568
197.855	42.038	131.158	157.062
189.770	40.579	133.368	161.320
182.714	41.359	133.641	155.387
178.254	40.499	124.604	148.681
178.503	41.908	139.578	149.712
178.440	35.378	143.576	158.016
177.519	36.732	132.302	152.497
164.504	40.591	159.842	150.351
161.901	40.636	152.697	142.425
165.430	38.545	133.043	147.348
165.586	39.933	142.916	140.569
175.159	36.566	127.430	142.850
185.059	36.799	118.472	141.738
189.038	48.164	116.227	147.820
185.817	45.915	116.831	146.168
184.236	48.997	113.898	152.471
177.235	60.899	116.653	146.127
178.649	64.676	127.128	152.764
159.990	87.039	169.787	141.527
159.329	102.973	218.679	132.529
265.080	85.816	167.687	115.927
296.108	94.344	143.855	104.888
291.211	123.315	159.939	85.766
326.271	123.556	141.218	94.774
314.880	134.349	124.326	100.613
342.800	137.954	126.305	104.030
341.629	138.844	127.991	100.507
345.745	136.765	118.984	101.039
339.511	142.371	118.316	99.952
329.249	141.134	124.717	98.637
322.951	140.668	125.459	97.075
316.426	144.351	119.873	104.339
313.467	146.271	121.020	106.546
328.536	150.104	104.754	107.325
306.669	163.547	118.462	102.026
282.961	175.326	123.754	105.649
290.819	173.863	124.772	103.339
311.161	173.334	110.165	102.059
299.151	174.597	128.252	101.611
289.743	176.412	138.083	108.594
306.095	174.478	122.537	109.483
307.017	176.321	120.460	105.146
300.431	176.889	127.506	103.360
305.181	174.713	124.472	107.769
289.553	175.800	139.978	114.327
298.304	165.891	133.636	127.734
291.139	171.066	137.415	138.316
271.270	169.432	155.910	155.350
273.705	159.569	153.286	172.042
284.129	152.862	138.871	194.659
291.517	149.885	131.969	199.978
117.542	65.321	179.019	161.916
133.800	80.729	148.371	185.236
122.074	94.568	133.667	190.515
95.413	107.098	130.444	177.700
94.945	97.815	132.593	176.247
90.406	90.831	133.890	179.751
90.684	98.355	133.691	174.926
83.112	108.851	139.424	167.741
76.360	120.157	148.802	161.598
75.047	124.862	153.765	161.986
76.915	120.834	153.181	166.849
83.359	122.666	143.244	170.424
89.726	120.725	133.329	174.089
98.722	113.308	125.631	188.680
127.373	126.741	137.109	176.398
114.676	109.953	170.712	180.749
111.648	113.861	187.306	139.997
126.088	121.930	182.896	114.932
123.655	138.235	178.298	135.263
131.622	148.155	163.255	153.681
142.619	166.783	157.222	160.150
139.862	147.878	160.384	219.312
130.239	135.244	135.636	256.854
121.634	146.243	153.384	249.652
117.830	142.850	156.676	250.179
116.144	156.154	159.457	239.836
125.610	152.471	144.469	240.850
137.922	141.945	135.542	259.740
141.252	126.964	114.053	279.227
145.748	122.341	106.186	278.398
146.636	121.026	109.903	280.032
144.036	124.443	117.550	279.229
148.036	122.733	119.976	281.311
152.051	118.187	121.128	279.904
157.692	115.209	122.202	281.870
159.496	119.780	126.672	271.572
170.032	116.023	120.872	276.927
174.271	120.389	119.124	277.638
175.466	135.580	126.758	267.787
200.629	152.817	115.803	261.945
199.695	137.861	94.385	273.532
191.200	132.966	102.835	280.571
193.538	120.406	103.052	296.447
206.969	135.346	98.436	283.713
198.548	125.865	90.001	302.836
204.753	127.913	144.058	289.988
199.125	112.147	125.975	303.713
212.522	138.909	170.974	274.664
209.228	146.024	147.905	270.331
191.220	154.039	118.968	262.247
157.357	105.730	107.765	283.862
152.237	74.572	105.217	275.041
143.913	51.096	109.786	276.944
106.242	43.225	147.821	259.364
58.234	46.854	194.796	257.058
33.623	50.724	227.757	265.880
24.020	75.954	248.480	274.348
49.574	124.277	234.728	227.480
106.383	167.785	201.211	200.179
133.349	186.492	210.706	206.707
163.536	187.242	209.707	223.398
149.241	164.603	182.202	244.989
139.160	158.515	172.334	245.039
135.769	152.123	153.379	261.891
153.973	146.745	163.734	264.130
147.431	143.649	155.545	271.768
152.681	133.277	140.449	277.845
148.421	120.807	135.328	295.847
134.799	104.304	134.128	298.800
102.154	73.676	151.258	311.224
63.214	49.221	187.449	301.272
46.460	43.090	202.746	259.004
62.922	55.345	203.481	235.646
68.065	50.807	181.883	274.993
90.524	135.687	169.119	209.887
98.134	155.973	178.365	222.946
113.406	189.048	166.901	231.583
147.292	175.559	127.724	265.570
156.720	170.604	119.739	281.758
159.636	182.442	119.728	282.462
163.054	184.912	105.505	273.239
162.264	166.440	105.232	283.514
159.099	152.951	105.726	296.866
159.394	136.741	110.773	303.075
143.649	80.281	131.493	345.539
149.118	65.128	170.071	321.531
153.935	44.128	184.237	289.971
160.506	38.638	183.623	272.002
156.274	28.127	185.441	310.125
142.124	45.120	216.063	301.777
153.256	61.477	158.004	288.321
151.461	97.253	149.045	264.272
140.082	144.113	150.773	229.129
143.289	186.707	176.969	219.936
140.286	197.178	167.376	243.929
133.391	204.027	146.334	264.874
133.315	202.797	158.613	277.203
125.584	202.235	145.054	271.201
123.938	182.037	139.124	285.931
120.907	165.877	135.678	286.043
120.652	134.587	123.529	301.593
127.835	89.359	116.811	308.943
129.712	77.379	128.333	318.533
129.320	108.654	131.056	301.726
131.184	127.559	121.579	284.399
118.085	131.450	131.979	263.721
110.968	156.109	145.119	248.831
91.038	181.855	175.485	233.785
85.606	183.734	184.537	238.512
83.778	188.160	192.397	238.743
79.670	190.923	203.935	245.437
71.984	187.626	227.489	263.620
51.303	184.802	235.727	285.243
30.648	191.092	235.425	283.446
15.443	202.291	204.837	266.135
6.847	211.808	203.486	245.144
4.260	216.229	196.254	246.566
0.157	217.772	192.260	241.020
1.853	215.521	185.366	231.239
5.360	216.554	178.688	215.693
4.133	209.844	183.281	206.450
5.128	200.294	183.378	209.956
2.999	191.153	187.442	213.277
5.425	162.850	180.814	237.840
6.339	125.126	184.264	263.944
3.285	90.222	197.182	279.262
3.225	84.149	200.730	268.494
1.032	65.838	215.578	268.960
0.000	60.593	238.119	257.942
3.099	46.750	240.900	257.527
4.823	44.292	246.919	244.988
1.436	40.736	268.780	234.033
2.409	38.623	275.208	230.922
6.112	38.786	275.087	229.038
9.599	38.909	272.185	230.977
17.398	41.229	263.359	232.924
20.646	43.442	257.457	236.377
20.503	48.763	256.011	237.391
20.763	61.653	259.753	231.072
17.877	79.910	277.463	219.327
16.489	98.605	285.232	201.644
22.502	119.930	277.334	175.648
26.365	135.981	265.907	153.758
38.468	150.141	258.065	136.540
49.109	159.185	253.401	122.078
61.710	172.516	254.752	115.272
67.499	180.411	263.593	124.233
85.330	179.137	265.579	130.770
107.214	177.826	276.197	135.928
136.124	175.045	298.676	153.611
204.755	171.808	289.850	163.127
249.459	149.433	298.360	187.033
282.236	141.593	299.317	185.756
321.213	111.480	299.128	217.100
351.408	89.325	274.670	233.314
7.500	196.171	197.287	248.360
9.342	196.296	206.673	241.505
2.958	199.531	214.111	240.068
6.155	200.775	213.996	241.676
8.697	216.490	220.206	232.527
26.608	215.102	209.693	235.286
63.373	211.995	166.527	236.301
78.527	196.696	178.740	258.111
98.434	147.328	201.844	282.220
104.967	89.844	213.877	272.433
145.329	46.291	195.547	275.078
270.820	183.916	228.746	266.822
291.130	207.589	218.256	264.408
289.608	205.149	234.466	268.010
290.603	198.726	240.439	270.417
292.067	192.997	232.332	274.803
292.220	193.832	241.841	274.902
295.100	190.345	237.488	280.129
297.103	184.413	230.350	286.342
301.759	187.060	223.090	281.921
305.089	188.115	217.051	281.809
309.363	192.300	209.790	279.533
313.298	196.251	194.987	276.760
319.576	197.951	185.519	274.061
325.393	192.772	187.927	281.342
334.073	190.147	192.425	282.638
344.310	180.497	200.588	287.629
361.373	156.512	198.249	289.878
380.881	133.374	189.901	304.348
382.658	113.514	191.381	316.783
381.393	68.443	187.188	313.800
381.604	47.508	186.136	272.265
397.553	29.891	166.293	224.648
352.899	24.665	194.926	207.797
325.508	21.052	222.123	192.541
268.297	26.953	257.057	200.043
216.477	30.294	262.812	231.720
177.076	31.770	280.489	235.393
163.164	39.755	272.175	238.015
143.656	33.275	286.464	246.050
142.692	39.807	270.902	234.206
158.141	234.795	199.238	239.354
221.185	212.861	178.139	248.777
282.949	171.998	154.312	254.655
301.315	115.292	170.413	258.299
315.101	109.836	204.910	248.374
111.041	84.146	110.240	326.939
78.451	124.689	121.154	294.088
47.158	144.054	193.540	268.213
28.872	131.944	246.106	265.351
37.636	134.818	362.998	283.058
40.930	123.989	358.347	307.165
81.106	141.963	313.202	290.707
103.789	174.270	287.066	265.985
43.971	219.474	270.880	219.962
16.111	223.830	227.914	230.811
0.000	215.442	188.327	237.955
0.000	200.500	187.253	237.444
0.000	191.150	167.378	222.450
0.889	180.998	150.178	213.419
0.000	178.774	169.762	193.003
2.699	180.251	184.991	166.216
1.983	190.646	204.670	126.912
9.700	204.343	229.492	124.661
10.454	228.336	249.596	124.310
16.401	241.431	277.025	154.995
13.651	236.935	266.964	197.342
58.145	245.844	238.575	215.643
105.553	217.612	214.772	244.379
238.188	212.366	269.838	220.041
182.079	205.363	289.259	221.908
273.344	209.292	224.697	218.728
266.164	208.442	242.415	224.066
132.059	210.476	226.337	228.340
141.135	205.053	213.686	228.023
143.817	202.771	204.888	239.976
152.006	188.876	206.975	261.387
161.010	199.280	209.391	253.038
181.192	197.339	191.859	242.927
214.726	196.155	157.845	238.470
206.838	200.976	163.769	239.747
182.764	203.391	182.122	250.955
156.212	194.503	201.018	262.119
139.261	196.480	217.247	247.640
134.373	197.161	219.163	258.675
131.079	192.329	223.492	264.070
122.297	192.882	233.659	264.339
117.910	189.862	239.127	259.568
114.307	191.092	242.399	250.025
106.568	185.878	245.207	251.229
99.291	180.211	247.515	254.845
95.589	170.760	243.053	261.776
93.459	161.872	243.150	266.073
91.825	161.060	244.097	261.866
90.425	161.814	242.799	265.795
88.539	159.706	245.600	266.697
88.684	159.162	247.474	267.772
91.294	159.785	245.629	265.930
93.185	158.617	244.388	266.382
93.871	157.608	243.013	268.221
94.198	156.801	243.442	267.214
96.452	157.473	242.834	266.361
104.098	158.812	236.337	264.485
112.952	155.444	231.236	261.417
124.362	150.155	216.418	265.381
140.322	148.088	209.502	267.399
151.542	146.799	207.413	257.858
159.386	145.337	200.192	256.876
152.326	140.003	208.242	261.107
139.748	142.520	215.042	260.394
128.695	148.625	224.190	248.680
121.412	151.831	235.334	244.072
118.836	154.399	241.550	248.785
121.047	158.769	242.119	249.718
128.436	161.038	237.108	246.916
134.783	164.975	229.665	244.023
132.834	172.772	227.349	239.996
126.075	177.536	227.852	238.418
120.613	179.660	225.572	236.718
116.157	177.519	217.986	243.695
112.327	177.388	215.359	239.844
102.108	176.494	220.835	238.690
89.019	175.519	231.076	236.940
83.617	168.268	233.627	244.285
81.751	162.671	235.402	248.377
82.430	155.434	237.037	256.197
86.305	150.201	239.841	256.198
94.455	145.444	237.876	258.712
105.171	144.332	232.849	260.969
111.893	144.778	233.824	257.222
114.797	131.845	235.146	259.375
115.594	123.529	235.197	264.366
126.144	124.881	226.765	257.595
135.729	126.861	218.783	256.396
138.307	127.024	215.554	262.356
136.695	128.181	218.284	262.540
132.443	130.773	223.666	257.487
129.170	135.855	225.243	256.837
126.263	139.475	225.874	259.102
122.958	145.386	227.577	260.666
120.042	152.316	223.985	261.755
117.566	157.534	218.851	260.208
113.850	162.452	221.058	258.771
115.963	164.818	221.719	259.082
115.302	166.190	222.436	262.457
117.611	166.984	218.726	261.360
122.163	168.720	207.573	260.342
145.348	169.620	167.514	260.207
166.841	167.951	132.533	254.954
157.231	170.637	150.869	256.815
150.226	174.212	157.292	255.972
140.940	179.184	165.653	256.500
133.046	182.999	191.415	254.447
126.411	184.676	205.757	246.536
124.145	181.734	210.230	251.203
125.619	181.109	209.825	253.690
128.991	179.591	181.343	256.937
127.663	181.173	176.830	248.517
132.552	181.596	168.727	246.995
130.800	183.126	169.436	247.121
130.515	182.868	167.081	247.017
135.484	182.183	161.921	244.420
135.801	185.499	158.292	228.768
137.821	187.038	159.663	209.518
149.527	189.309	161.431	205.092
169.133	195.368	164.248	201.171
200.028	191.195	143.181	243.641
226.343	204.199	138.338	236.275
219.056	205.183	159.699	243.505
208.393	197.162	176.645	236.984
196.448	194.823	192.403	245.218
189.170	189.426	200.223	246.246
182.714	194.902	210.610	228.988
174.472	196.087	217.900	229.266
174.660	197.674	215.262	253.626
162.728	199.133	213.548	231.428
167.773	191.199	205.982	240.886
169.445	190.068	203.525	258.920
172.124	191.512	196.932	244.889
173.179	189.130	197.692	271.011
171.657	188.881	198.859	262.444
151.645	192.550	220.492	259.011
133.752	192.549	234.146	258.217
118.653	191.561	244.284	256.769
105.126	188.525	249.627	256.677
91.895	194.557	255.192	251.313
83.169	202.496	255.072	233.844
81.063	202.306	242.835	234.568
87.122	201.368	225.167	241.596
97.705	201.270	207.407	243.650
107.321	204.335	194.945	238.591
116.981	213.083	179.188	224.918
131.153	213.327	157.931	226.837
144.920	210.187	141.770	235.151
148.797	213.462	139.544	229.840
149.260	219.003	141.684	225.056
152.639	221.512	127.831	222.163
168.823	222.029	114.446	217.458
185.495	208.251	116.849	227.957
184.122	202.825	118.033	231.564
173.219	198.677	128.021	234.986
171.582	192.311	164.006	240.771
170.314	193.929	179.351	235.513
163.247	186.892	200.885	243.268
161.460	182.659	209.661	255.034
158.435	178.041	207.124	246.122
159.555	180.496	207.601	242.432
158.405	177.129	198.733	251.147
155.954	175.024	205.661	255.683
155.809	174.755	215.943	255.396
159.794	175.421	218.423	252.858
166.835	177.174	230.693	249.226
175.803	176.822	235.611	249.485
181.954	177.026	238.500	242.746
187.062	180.814	244.064	239.290
181.920	181.177	250.146	241.045
183.175	180.054	247.216	238.246
173.627	178.465	252.697	236.162
172.043	177.546	250.146	236.879
161.259	176.962	254.545	229.721
155.040	176.922	248.311	227.525
149.817	177.557	238.123	227.113
145.681	177.016	227.346	225.337
142.603	177.736	223.630	220.579
144.448	179.988	230.398	220.598
145.451	181.138	239.031	230.363
146.940	183.304	235.237	236.578
141.483	176.550	231.160	251.901
121.991	173.314	232.521	246.712
105.421	169.925	226.128	252.824
95.227	168.720	219.172	253.396
96.264	176.555	195.777	251.809
103.790	180.393	169.704	238.919
111.656	171.089	151.755	246.597
114.190	173.884	149.774	231.101
117.471	177.230	144.644	224.999
125.556	181.345	139.308	222.440
132.225	183.774	135.338	223.691
149.105	177.248	120.251	243.792
181.229	183.428	102.065	240.670
185.269	186.308	100.926	242.771
186.382	193.621	100.769	237.376
186.378	193.401	98.408	231.639
183.070	195.006	106.491	238.224
175.575	202.078	116.047	239.284
163.884	208.776	137.630	237.919
133.097	212.319	135.686	236.944
191.515	215.445	170.140	224.452
214.691	213.322	187.158	227.554
234.582	218.385	187.812	212.111
261.965	220.552	182.484	199.000
280.384	213.703	198.320	201.183
297.355	209.288	184.286	207.624
322.374	203.788	169.927	213.592
353.859	200.405	142.472	230.057
364.965	207.071	127.626	223.560
376.133	209.295	118.815	231.003
381.759	224.560	112.533	212.379
367.104	229.402	128.310	206.605
343.468	219.753	151.003	224.677
312.052	229.574	174.813	199.982
271.967	226.946	203.299	195.471
238.268	233.081	224.408	186.914
224.330	226.973	213.674	191.571
179.180	225.918	218.093	198.940
120.079	215.935	181.252	211.298
117.445	208.226	190.774	214.980
117.611	206.318	191.067	222.539
121.113	204.332	181.283	223.167
116.601	210.054	182.934	211.027
115.109	213.040	217.358	201.119
124.195	212.725	226.441	197.445
144.384	214.171	212.715	198.872
154.381	213.316	210.480	207.181
153.942	212.856	218.292	213.403
151.416	217.086	226.571	217.287
149.286	215.612	220.502	228.491
152.217	209.760	204.393	234.111
151.562	211.344	201.533	236.371
149.414	211.185	194.642	248.049
146.384	214.647	194.520	242.753
145.610	214.055	190.668	245.396
147.089	214.221	181.164	240.688
151.058	214.381	175.019	235.998
156.032	215.213	174.651	230.979
158.250	213.323	169.481	230.253
156.865	213.379	174.676	224.501
156.300	212.523	179.927	219.055
155.740	209.214	173.856	219.992
151.716	210.297	175.119	218.563
142.720	210.513	184.463	209.819
138.388	207.225	187.842	216.801
136.396	205.877	184.310	223.766
145.324	202.713	167.762	228.693
149.395	199.406	149.965	235.622
165.219	198.292	127.018	237.502
164.352	204.287	126.667	235.321
155.430	206.410	135.717	236.754
145.824	206.942	143.886	232.829
143.771	210.020	146.281	232.204
144.754	214.001	140.752	230.821
145.277	201.883	134.414	241.573
149.116	202.885	143.377	222.174
156.430	200.808	144.069	238.613
182.093	195.889	129.384	244.801
192.085	196.043	129.229	240.145
194.996	194.154	141.022	235.903
198.469	193.729	149.035	239.315
197.920	194.775	154.850	241.369
193.242	198.503	161.118	238.919
189.323	202.209	167.921	238.207
186.580	208.847	173.392	233.324
184.869	211.015	178.035	234.136
179.124	213.540	184.508	238.541
175.951	215.026	187.052	236.864
185.032	211.357	170.704	240.316
203.762	200.854	149.702	240.034
219.230	197.392	136.669	243.193
233.313	197.175	126.873	233.956
231.506	202.240	127.742	214.887
216.011	182.290	132.483	220.204
213.836	187.585	136.319	214.548
202.158	189.023	148.851	207.705
188.807	195.846	162.484	189.473
203.845	197.744	153.761	189.354
201.806	194.033	146.050	177.832
199.109	191.901	153.653	170.327
197.263	192.662	165.251	160.868
204.929	193.820	144.889	148.528
211.190	196.412	139.652	153.217
216.385	192.695	130.747	155.204
225.722	182.206	132.276	178.519
228.342	171.615	140.714	187.367
229.233	166.690	163.838	199.759
229.070	164.987	172.000	188.245
220.122	167.285	170.736	186.244
212.938	167.333	159.459	181.320
193.390	168.722	154.573	165.850
187.612	164.322	141.414	162.750
191.249	138.861	137.775	128.383
202.112	135.375	121.452	115.751
203.692	136.028	118.678	117.250
208.866	128.421	112.039	126.027
211.845	115.055	107.505	138.050
211.162	104.413	105.181	158.138
192.559	97.610	113.885	169.305
175.656	100.593	129.500	171.159
155.323	102.241	149.891	168.686
140.716	83.836	161.400	182.711
129.947	95.288	164.107	153.154
126.398	83.721	160.319	149.320
121.111	85.371	160.503	133.255
115.536	90.113	156.216	120.988
115.266	90.721	147.285	113.668
117.129	93.282	138.507	106.428
115.378	97.029	135.804	102.060
116.013	98.736	131.931	101.799
117.187	104.119	132.513	100.746
119.862	109.483	132.267	98.612
123.107	112.400	130.920	97.908
124.818	114.592	130.602	94.650
128.353	114.526	128.744	93.337
130.543	112.305	129.002	93.918
135.303	112.145	129.949	97.951
141.750	110.955	131.070	107.004
149.224	119.368	129.133	115.166
165.907	130.653	117.125	172.781
171.623	117.654	121.021	140.090
190.455	132.083	141.030	133.700
196.283	143.349	162.355	127.181
182.935	149.889	167.724	126.679
186.174	141.682	157.358	143.031
183.347	141.561	162.859	156.198
180.834	138.000	166.631	168.749
182.910	126.748	171.603	194.846
190.099	115.224	196.300	207.339
199.611	109.748	174.376	219.835
199.386	114.209	146.905	208.395
196.184	118.322	128.956	185.635
197.128	121.435	113.620	174.217
194.980	128.199	109.578	161.997
198.117	136.614	109.444	148.104
201.623	142.673	109.796	138.265
205.612	137.418	105.787	137.856
207.149	134.944	102.540	134.555
200.889	132.200	107.715	130.074
205.123	133.604	106.581	124.749
212.493	134.652	103.696	125.505
211.788	136.572	103.489	122.644
205.944	136.848	99.486	121.835
207.808	137.566	94.213	121.046
187.333	142.002	106.241	121.574
193.442	140.198	96.534	127.294
180.948	144.028	108.822	122.743
170.562	136.520	126.336	126.316
175.413	130.473	128.843	126.740
170.201	133.288	132.409	117.174
157.049	136.248	151.813	116.955
163.909	139.396	137.520	123.757
160.335	165.081	132.054	113.273
164.173	155.069	127.329	132.401
161.787	145.855	130.127	147.384
152.500	164.805	134.942	137.467
148.430	158.017	134.316	143.621
145.825	162.674	137.441	141.289
149.991	190.541	130.171	121.692
157.477	191.754	127.248	128.668
162.765	192.375	128.709	133.101
160.079	187.602	140.265	137.824
152.410	187.934	163.803	132.195
148.714	182.279	200.601	132.705
150.710	188.195	212.063	131.311
146.679	192.607	202.123	142.306
142.584	183.249	230.560	165.982
151.210	164.097	246.605	193.074
141.149	160.439	261.622	196.840
203.128	167.666	225.523	198.687
215.353	177.458	218.887	206.396
243.518	189.006	196.537	201.583
256.078	199.326	177.941	199.636
272.059	211.602	164.426	201.026
293.732	210.082	146.639	212.679
312.398	214.754	131.725	212.940
345.715	215.481	97.002	216.165
358.805	217.040	75.005	219.015
360.094	224.902	70.458	207.428
361.419	239.792	71.300	201.718
364.301	232.000	73.532	204.029
361.201	235.200	91.002	211.316
343.914	209.357	110.248	232.705
325.609	208.057	129.230	233.719
257.204	201.551	186.023	238.679
273.656	180.217	153.163	244.047
219.716	204.632	215.134	213.639
181.912	187.473	218.203	215.402
130.069	166.266	251.751	211.403
97.682	174.815	231.037	166.314
89.276	187.488	241.993	144.076
268.728	217.996	203.754	148.294
261.168	225.756	186.397	135.442
258.028	233.731	181.278	128.131
246.927	231.668	180.326	135.042
229.145	230.854	149.063	196.137
186.830	216.961	180.138	224.520
195.178	223.106	172.490	203.663
167.393	254.722	197.315	163.771
148.106	253.946	172.817	174.633
123.115	261.973	165.635	170.955
121.707	257.746	109.261	178.353
94.950	243.836	94.826	194.899
62.669	246.449	131.963	192.466
56.091	236.345	145.051	189.956
56.053	227.522	168.478	187.956
68.313	227.361	160.867	177.586
78.117	225.805	157.134	166.670
83.772	227.573	154.815	151.182
84.852	226.845	159.160	144.954
84.443	221.315	159.991	146.751
85.678	217.921	159.276	157.221
97.354	216.613	144.662	170.402
124.797	211.716	111.288	183.184
150.397	219.223	88.541	183.693
155.263	227.459	76.644	183.990
153.774	233.111	88.332	184.827
147.119	242.253	100.580	182.217
143.673	236.749	110.300	190.540
130.761	216.123	125.105	205.830
115.803	207.201	140.198	204.485
106.590	199.782	139.737	195.134
102.438	190.453	136.630	187.884
97.865	179.432	122.893	185.659
91.086	164.589	120.545	193.195
83.625	166.083	127.673	188.411
77.698	167.365	139.859	179.606
79.539	169.735	149.179	176.236
87.304	175.392	158.548	164.947
109.413	176.739	157.806	158.498
140.613	169.056	144.499	157.598
163.511	155.897	138.278	161.245
180.454	148.024	126.394	162.308
199.362	141.778	118.465	165.450
222.723	135.777	132.752	161.186
230.032	125.677	148.448	163.503
231.440	126.304	153.196	157.877
223.082	127.157	163.331	151.134
333.716	159.079	162.827	174.617
212.821	130.531	155.860	151.131
361.856	154.142	148.273	184.649
374.675	135.279	151.271	199.007
400.186	124.295	143.376	196.691
419.159	96.004	136.354	215.528
428.581	49.399	160.440	233.802
417.197	54.574	192.842	209.461
397.483	62.292	213.681	172.788
380.814	38.896	211.873	169.890
366.404	34.275	205.728	174.469
357.987	37.747	203.211	168.779
368.190	56.991	191.392	146.906
378.326	72.874	169.066	124.549
356.440	98.253	143.335	98.633
337.748	115.878	153.216	91.458
329.798	129.653	156.262	86.463
322.840	164.827	178.212	72.062
330.306	160.079	160.543	98.065
333.399	159.446	161.937	120.533
329.623	154.594	158.027	130.818
305.581	80.659	172.710	214.952
294.318	77.975	175.841	223.962
279.545	78.405	190.389	222.571
277.574	67.528	191.741	241.234
284.223	63.075	179.395	250.660
300.872	79.922	164.334	234.347
299.628	100.439	160.946	218.461
312.821	117.456	143.194	190.409
303.639	109.231	144.976	188.948
298.134	120.308	146.461	182.169
287.742	106.378	135.851	117.283
285.375	107.526	126.514	122.826
274.238	106.407	135.925	182.427
253.306	114.970	149.003	173.221
251.771	117.382	145.603	158.582
245.844	90.321	135.985	170.872
221.496	82.860	146.256	171.304
200.412	88.806	163.262	160.307
197.780	91.898	164.922	158.115
178.246	94.178	184.643	141.559
160.505	104.866	197.526	134.256
162.460	101.704	198.191	123.261
163.128	96.153	181.545	119.374
170.742	103.460	174.697	116.467
168.539	90.834	181.037	129.032
180.060	79.184	178.912	109.856
247.062	64.322	123.415	111.841
248.846	68.078	141.779	101.041
225.831	84.633	137.414	96.635
224.212	97.714	147.569	98.365
205.708	97.094	167.178	103.136
195.341	93.191	173.584	110.912
211.046	85.087	132.258	137.961
219.683	81.146	122.033	139.645
225.090	82.792	111.360	141.443
224.307	92.396	105.528	138.246
223.442	93.159	99.340	134.031
207.211	92.413	110.702	128.256
202.818	85.937	116.160	119.558
195.007	87.188	122.706	110.092
180.253	86.605	134.900	117.073
185.132	78.015	145.434	124.285
186.249	87.532	125.800	138.611
194.990	84.913	125.250	141.870
198.381	88.182	118.478	153.711
198.369	88.275	117.883	158.864
200.021	91.680	113.385	159.863
206.494	99.707	99.559	162.796
213.011	103.893	88.174	160.621
219.245	106.804	80.609	162.176
215.942	112.071	84.472	162.887
209.513	120.132	89.632	159.873
201.291	124.515	94.914	159.179
195.527	132.315	98.855	155.741
191.583	135.683	103.180	156.783
189.634	139.273	106.153	155.951
192.205	141.410	106.965	156.286
197.951	141.341	103.757	156.599
205.328	142.566	101.953	150.993
211.910	139.983	102.886	149.482
218.093	137.886	103.100	152.295
221.092	133.041	105.425	148.591
223.434	121.027	106.041	152.498
220.709	106.204	110.883	157.603
221.520	86.511	109.809	161.464
238.917	72.700	98.235	157.669
247.898	63.714	95.653	153.805
265.736	47.082	88.664	161.085
269.442	34.008	96.527	163.108
245.326	37.515	118.248	148.165
235.659	45.316	131.291	141.382
231.699	42.183	135.032	128.633
224.272	62.716	89.491	135.299
219.646	50.922	133.202	130.234
215.672	42.718	117.256	152.704
215.657	61.708	117.287	109.856
227.136	73.520	89.943	126.409
230.378	65.513	98.417	121.857
239.221	76.193	93.378	122.661
232.874	88.836	97.724	116.672
233.193	82.309	101.778	108.362
240.600	81.261	100.677	110.590
257.654	78.644	82.229	125.175
269.897	68.631	77.975	127.628
273.768	68.696	75.235	126.784
280.897	67.862	78.167	119.821
276.873	67.341	89.330	115.745
270.921	81.255	106.287	106.307
265.078	100.305	121.600	95.155
270.096	108.271	121.895	87.419
275.580	111.892	116.556	86.117
282.050	115.385	105.730	76.616
284.736	117.693	97.409	76.517
285.092	117.596	95.082	78.315
287.594	118.021	92.578	71.049
287.954	118.947	93.978	70.519
261.400	119.777	122.060	75.379
246.747	130.893	121.451	75.720
227.203	131.304	109.511	82.004
208.508	136.952	112.162	80.547
194.762	140.846	113.767	74.669
186.812	138.140	115.692	77.038
177.818	135.057	115.790	79.866
174.472	138.823	101.798	76.870
176.344	141.016	95.839	74.820
176.247	144.273	91.652	71.442
179.926	146.054	89.710	67.493
179.797	148.991	90.959	63.697
184.693	149.399	88.539	64.084
187.299	149.451	91.288	64.965
184.418	149.214	96.464	70.870
187.578	156.855	103.174	66.813
185.493	157.997	110.383	63.306
192.750	154.172	108.822	66.133
195.903	149.067	107.984	68.301
198.514	146.754	111.808	77.179
202.139	137.908	109.616	85.838
208.057	138.361	107.202	83.568
220.794	135.161	95.059	85.310
243.745	135.225	72.472	84.750
247.106	142.240	84.857	75.086
251.292	145.381	88.937	73.500
247.661	152.966	104.161	74.658
237.062	159.048	112.254	84.346
227.275	162.889	119.201	99.826
207.246	155.058	122.006	114.732
190.162	150.504	121.251	119.030
165.523	148.591	117.274	123.185
143.356	166.528	118.989	106.766
124.324	169.586	115.198	95.921
118.721	172.019	105.602	76.766
89.336	175.235	114.045	77.896
61.726	174.057	137.851	86.420
43.278	174.013	154.206	97.088
37.155	172.724	151.159	109.480
32.636	174.030	170.844	114.525
35.680	174.058	175.618	122.590
64.605	173.845	166.293	129.166
89.534	172.427	150.648	130.497
114.672	177.396	131.000	121.485
139.616	183.362	106.571	101.528
153.927	183.183	89.342	90.917
159.205	182.774	83.274	89.071
145.246	176.684	117.663	94.530
131.217	176.315	140.728	96.799
122.572	179.292	148.701	97.700
119.626	178.805	147.654	105.275
123.589	177.454	137.649	122.973
133.033	172.200	126.232	145.543
146.863	167.641	103.345	166.380
159.241	172.957	90.950	177.332
173.093	183.348	82.796	167.243
184.468	178.791	79.406	169.538
201.020	176.538	79.790	168.894
218.722	168.217	82.511	173.049
233.472	163.459	91.658	171.619
245.372	157.895	89.465	171.358
268.316	157.234	77.632	169.235
279.992	160.200	80.911	154.124
286.866	166.970	85.797	148.331
289.963	165.303	91.921	143.110
292.496	163.805	102.610	137.505
294.406	159.761	114.757	133.901
295.254	159.044	123.850	128.933
297.430	151.779	130.525	134.946
297.240	143.620	133.978	140.671
296.040	123.178	133.669	158.126
288.860	141.812	138.046	139.769
282.660	137.755	136.606	142.003
281.567	138.320	126.001	142.191
278.689	137.755	124.823	144.487
279.578	136.843	128.794	138.012
311.976	139.295	153.570	104.944
304.577	137.348	170.307	101.751
295.451	137.215	183.910	101.698
293.817	137.268	189.923	102.133
282.701	132.488	189.277	102.643
304.691	133.746	168.419	101.350
309.335	134.793	157.197	96.617
298.112	131.244	153.619	96.458
290.424	132.486	152.075	95.121
278.521	132.077	156.444	93.720
252.541	135.649	115.437	161.032
247.733	136.759	112.432	156.794
246.089	136.908	98.883	155.281
242.048	133.461	99.998	157.413
237.046	135.057	102.835	155.958
229.282	135.782	103.325	158.032
226.646	137.161	102.808	153.905
221.661	133.324	100.813	158.235
202.060	136.046	125.210	151.305
192.666	143.355	120.376	143.759
174.817	139.721	140.012	134.680
154.624	148.648	175.168	126.532
137.191	152.356	165.082	121.810
137.815	145.407	143.891	135.786
137.991	152.586	131.828	145.601
135.601	154.882	119.166	150.107
133.837	155.204	110.243	152.797
126.337	154.410	122.984	156.413
113.903	152.687	138.171	161.923
116.450	150.240	140.645	162.094
119.426	149.350	141.352	159.261
125.501	151.559	132.772	156.172
134.763	152.723	121.632	156.920
144.158	157.248	114.721	153.228
146.636	159.340	112.893	150.745
144.310	158.172	119.366	152.246
142.099	151.658	127.336	157.855
142.073	142.185	135.661	162.172
192.539	131.976	103.511	165.722
220.472	121.486	95.416	168.302
243.713	113.528	95.800	175.890
258.735	115.690	111.961	179.588
273.940	113.010	108.941	185.715
295.235	126.347	103.888	179.409
314.683	138.431	95.815	179.603
323.664	146.302	91.076	169.772
328.279	155.085	102.072	173.691
336.972	163.219	102.677	169.251
341.572	175.929	106.443	161.238
337.673	178.090	119.934	164.998
333.943	162.438	131.286	180.177
333.962	164.556	136.233	172.058
341.388	154.036	133.006	167.859
341.960	146.910	133.112	163.099
344.531	135.535	133.073	164.220
342.608	126.107	144.865	164.765
335.914	115.485	154.362	171.798
335.503	109.991	162.981	172.458
335.136	104.026	170.821	175.611
331.303	103.209	172.397	174.293
325.439	103.513	177.254	174.468
322.194	110.574	183.266	167.719
323.883	109.804	179.081	165.545
325.179	109.549	171.923	160.592
323.920	109.382	168.314	157.267
321.919	110.289	169.722	154.116
323.868	106.073	170.282	157.227
328.396	100.657	173.764	155.692
337.106	97.818	174.432	149.265
344.831	93.082	169.876	145.005
348.455	94.153	168.068	137.274
346.621	97.550	168.119	133.003
343.150	98.317	172.126	130.767
341.347	97.845	174.786	131.255
340.223	97.830	172.746	133.649
339.109	97.956	166.204	132.529
337.381	97.324	164.526	134.348
334.186	96.007	167.154	141.809
334.053	97.809	167.025	144.324
331.060	98.098	168.625	146.163
330.532	96.151	163.278	148.907
327.784	94.675	161.379	149.682
323.957	96.710	159.814	148.715
317.623	100.585	155.084	151.463
311.362	103.178	153.341	153.315
306.611	105.286	149.594	150.730
305.700	101.234	145.085	154.372
301.006	100.319	144.170	158.915
296.944	100.863	141.626	159.341
291.300	102.209	140.184	160.199
285.865	101.005	137.606	161.621
280.675	100.833	132.575	166.110
276.701	102.536	126.386	169.094
271.859	107.218	123.608	166.332
271.191	109.988	118.572	166.775
272.586	110.318	107.785	167.451
271.995	111.417	99.221	164.878
268.109	110.247	88.723	166.544
263.746	111.032	76.420	169.990
258.234	109.111	74.808	172.348
251.734	93.922	84.922	184.725
247.649	111.866	93.946	166.966
230.318	114.844	112.583	178.651
235.258	137.051	94.393	158.658
249.287	147.649	83.669	151.073
250.046	139.600	96.723	160.626
268.119	134.222	102.170	167.853
291.298	137.627	105.275	154.163
322.338	131.599	104.824	159.937
341.433	126.756	110.249	151.431
342.482	121.671	125.591	148.014
326.407	114.391	147.640	147.760
323.249	123.279	150.092	131.836
320.795	132.013	152.009	122.968
287.894	121.795	171.462	134.486
273.663	114.688	174.929	142.329
243.861	119.206	183.667	133.861
240.309	110.200	163.527	141.033
228.713	111.396	164.819	138.866
212.382	112.996	162.117	133.856
201.568	108.255	155.526	135.608
191.909	101.277	139.203	141.768
182.656	103.252	127.260	129.796
154.461	74.695	125.250	143.034
126.411	76.244	148.883	138.996
135.557	75.735	124.502	153.281
133.889	85.980	94.772	139.764
145.399	120.901	82.618	114.557
143.415	112.642	86.377	139.304
134.604	116.721	99.911	153.769
114.615	112.910	123.977	124.384
99.423	124.738	141.615	123.142
83.721	108.170	159.543	112.051
81.204	92.925	154.474	116.885
79.562	86.839	137.639	117.932
79.279	91.100	142.278	109.046
78.622	97.309	146.351	95.885
86.518	99.170	136.547	114.514
91.443	98.878	136.177	96.585
101.612	111.524	145.639	114.078
172.186	119.157	103.406	136.613
180.397	102.549	103.184	145.560
155.565	95.602	136.559	148.458
163.502	84.114	144.837	160.856
206.286	92.032	109.572	158.508
210.864	112.776	111.258	149.085
198.304	116.394	128.984	150.005
161.953	108.700	130.533	92.317
165.479	108.351	118.595	93.986
172.759	112.287	122.580	108.116
216.016	129.728	111.324	137.501
213.214	125.771	116.384	144.605
180.394	117.915	149.399	147.559
144.847	122.059	169.787	123.220
232.915	153.898	122.790	128.812
248.578	159.771	129.965	123.371
285.343	158.881	127.752	127.305
328.952	149.787	120.722	143.516
370.927	140.573	107.980	154.096
420.441	121.174	102.006	141.653
455.476	116.895	109.018	145.857
460.054	114.510	140.221	140.688
452.287	118.719	158.068	112.223
443.326	119.263	170.357	91.691
431.425	122.016	172.806	75.333
406.272	123.971	173.561	85.135
380.174	141.834	164.474	83.975
346.699	155.615	179.667	86.375
294.639	160.303	184.776	96.050
258.419	164.913	181.082	104.624
224.745	151.655	154.498	123.440
84.482	153.090	166.494	127.107
105.739	132.948	180.259	150.855
119.106	133.891	171.546	147.958
121.888	135.125	166.679	140.126
123.218	138.692	165.104	127.854
120.943	143.133	165.419	122.167
117.335	146.466	165.711	122.014
114.832	149.092	164.989	123.673
113.437	149.367	160.631	125.751
113.773	151.536	155.901	125.819
115.305	152.046	150.581	129.054
115.405	151.580	146.396	132.841
115.018	151.209	143.508	135.122
115.511	152.246	139.586	134.632
115.827	153.093	136.675	133.394
116.092	155.325	136.123	130.538
115.550	155.825	135.098	129.413
110.566	154.362	129.852	131.407
109.768	156.501	122.593	130.163
112.524	155.733	119.062	131.744
125.675	153.653	109.456	140.902
139.010	143.600	110.229	148.260
141.425	131.035	127.129	146.238
156.574	115.579	140.918	151.946
184.475	97.730	133.486	165.448
207.671	89.896	136.454	164.400
227.882	79.229	150.510	163.485
248.684	82.048	159.837	145.445
268.879	83.288	161.545	133.707
282.486	90.231	156.130	126.686
289.056	96.470	144.627	126.366
292.230	104.380	128.744	139.093
287.852	119.856	119.896	137.345
266.332	147.264	124.397	120.024
250.690	167.491	129.556	104.543
249.603	177.087	124.024	111.319
250.050	180.996	121.158	128.448
254.188	181.364	124.858	135.799
274.361	179.156	128.259	146.691
291.048	175.244	127.361	149.192
298.411	171.108	135.752	150.015
305.022	167.127	138.104	147.439
308.551	163.609	134.516	149.682
309.322	162.891	135.069	146.224
306.584	162.677	137.474	143.692
301.964	162.972	138.019	145.330
296.797	166.379	139.004	140.552
293.810	166.785	139.773	141.246
291.767	166.641	139.682	141.473
289.437	166.713	137.638	140.932
287.137	168.042	136.162	138.998
285.549	169.059	134.542	138.778
283.659	168.295	134.967	138.400
280.874	167.730	140.527	137.326
272.725	170.333	152.831	132.180
267.753	167.979	160.654	134.315
263.628	165.691	168.784	136.289
255.698	166.525	187.743	131.180
236.914	169.968	108.613	129.665
212.847	163.123	91.323	124.468
177.780	155.650	109.817	117.377
160.213	153.192	112.425	119.193
147.144	152.662	104.564	110.447
139.106	154.100	100.351	114.475
135.082	155.795	104.212	120.781
131.979	158.857	104.104	122.300
131.749	160.523	102.439	125.894
133.402	162.755	100.175	127.351
139.727	168.427	94.869	123.352
145.721	173.376	91.590	118.866
154.707	178.277	86.619	115.613
168.245	182.999	98.647	117.870
176.772	193.311	112.448	111.987
184.334	197.159	125.615	107.319
209.327	193.482	131.303	116.446
259.697	164.988	142.864	140.127
288.400	149.844	123.556	149.400
270.955	148.854	154.069	138.558
252.701	137.233	173.836	142.955
243.226	144.061	179.239	127.938
207.206	154.142	192.968	121.881
200.152	160.901	184.576	104.471
203.666	161.533	178.844	92.267
222.931	160.303	152.229	94.900
231.630	157.536	136.067	95.194
226.012	159.182	144.588	86.902
220.354	163.607	159.469	78.228
173.913	170.813	131.113	77.686
161.587	173.732	122.040	81.866
124.968	176.865	110.479	92.891
110.210	186.965	117.961	89.645
110.407	186.767	112.300	103.318
119.081	185.489	106.405	119.232
143.092	183.153	76.905	135.231
158.350	182.556	65.209	138.648
164.871	182.617	63.506	142.145
160.542	185.702	86.143	133.286
158.974	186.389	108.006	129.432
163.170	182.406	127.351	127.663
185.476	176.654	128.908	129.768
219.939	165.087	131.002	129.102
263.385	148.538	130.294	131.895
297.938	132.740	134.934	130.404
316.767	119.400	129.442	122.700
318.499	110.214	124.634	125.920
314.989	111.071	128.799	120.100
301.195	118.922	129.108	113.427
292.380	129.543	130.085	104.604
279.150	129.933	134.459	106.631
264.754	133.556	128.624	113.199
236.256	141.269	128.663	123.499
201.298	161.368	136.181	121.407
170.651	178.453	126.846	111.101
155.248	185.311	102.230	112.942
146.187	177.032	77.538	133.096
140.830	182.218	57.373	134.923
134.060	184.655	63.738	134.753
126.722	186.798	81.096	132.593
128.242	187.544	93.564	132.111
138.150	188.270	96.882	125.483
156.066	189.727	103.025	127.278
174.692	186.131	100.771	138.293
211.919	183.817	99.946	136.831
246.167	178.345	106.177	145.151
246.913	171.271	87.167	154.273
249.373	170.925	86.388	143.397
250.475	172.709	90.862	137.637
246.944	163.675	95.796	127.785
247.321	170.846	95.971	135.787
254.836	169.852	89.695	131.734
274.047	172.119	77.030	127.677
277.055	180.725	81.179	112.541
275.635	168.617	89.179	120.403
275.472	163.928	89.362	119.259
266.228	150.482	89.014	123.953
276.640	136.672	86.789	129.079
282.181	132.336	96.453	123.738
285.375	121.218	101.156	126.048
287.165	125.256	108.444	109.911
283.371	115.146	107.676	113.013
269.310	118.440	112.449	101.058
259.416	98.981	114.237	102.385
252.637	85.316	115.315	107.409
239.417	70.391	135.734	115.270
219.714	58.340	160.339	121.930
284.613	53.961	117.945	121.351
301.957	41.894	111.484	125.153
311.788	48.260	115.895	116.060
325.627	37.396	117.510	131.116
332.540	34.924	135.020	99.353
356.127	26.145	113.771	99.957
361.678	24.526	105.702	89.774
364.469	20.559	110.460	82.416
375.288	20.649	99.561	81.676
369.748	30.499	98.081	87.017
361.098	46.051	96.746	92.517
329.778	64.985	114.835	97.776
302.162	77.638	123.051	101.060
283.914	77.040	121.095	104.825
242.986	59.361	88.900	120.126
227.390	55.544	91.099	134.355
222.998	48.178	103.146	148.352
246.487	66.308	99.589	127.072
229.979	74.884	121.549	106.575
255.597	75.699	106.879	101.335
237.639	84.059	130.761	94.333
241.261	95.083	132.624	94.955
235.350	102.335	117.553	97.067
227.480	116.365	149.155	85.735
203.001	136.450	171.152	77.070
334.422	116.761	118.610	72.180
363.884	127.373	129.078	65.039
386.495	133.110	118.842	66.472
400.699	136.986	110.962	65.250
414.026	138.889	95.747	62.035
407.592	127.590	84.940	81.678
396.452	151.215	90.735	69.222
379.981	154.099	91.805	78.018
364.196	153.699	81.811	87.357
350.714	148.135	73.593	91.821
337.836	146.307	76.334	91.450
323.623	145.777	72.486	86.426
310.340	143.872	86.275	77.581
268.212	129.898	96.591	88.686
251.023	115.170	93.465	82.846
249.433	108.672	101.611	79.675
244.506	105.149	93.993	74.783
279.403	93.554	79.980	89.905
261.016	96.596	88.036	88.995
265.363	109.386	84.873	82.593
265.576	114.868	82.754	78.410
267.995	114.825	81.793	83.962
270.068	112.190	80.213	89.229
273.537	110.793	75.674	90.849
275.317	109.892	75.647	92.561
275.616	108.933	76.529	92.854
277.815	107.969	72.558	92.853
276.706	107.450	70.432	93.024
282.996	112.252	69.704	88.829
284.627	113.700	67.097	85.252
290.518	110.985	59.474	86.243
282.289	105.951	70.725	83.798
286.755	107.265	72.892	81.040
281.779	98.002	77.299	83.363
292.749	96.357	81.488	85.998
311.191	89.999	69.192	85.183
320.359	86.605	60.602	88.336
315.134	93.954	66.428	97.681
322.938	79.510	64.703	90.396
337.840	80.158	54.177	76.198
337.936	79.469	53.046	73.425
345.554	81.397	47.000	68.115
347.617	88.520	47.658	70.022
347.771	93.255	53.895	65.798
341.171	102.942	57.864	81.025
329.296	112.135	64.238	72.829
326.499	116.546	73.259	65.866
330.394	124.383	72.734	61.592
328.942	126.375	72.152	55.635
330.856	123.222	70.506	57.750
331.374	128.967	73.022	54.882
322.100	135.653	83.493	51.888
309.936	138.867	92.513	49.777
305.506	144.055	94.496	45.428
309.019	138.778	94.218	55.032
307.910	138.757	94.411	57.720
298.782	138.213	101.521	63.063
263.872	139.880	123.289	65.511
256.308	132.533	132.727	78.178
270.852	148.114	122.645	78.639
266.640	147.804	117.980	66.912
253.168	159.350	111.687	81.129
247.915	158.016	98.930	97.353
253.921	160.954	101.854	89.350
258.135	157.969	106.278	75.021
283.571	131.523	82.395	74.245
272.365	124.620	80.934	64.666
268.221	121.097	72.142	61.169
264.986	115.114	63.436	65.074
263.766	114.646	61.226	71.542
262.777	108.449	69.424	82.376
263.591	104.495	72.107	87.074
264.579	99.266	73.330	86.861
268.571	106.972	64.933	86.237
269.320	102.847	70.166	72.544
272.880	105.248	65.141	62.473
276.292	113.124	61.263	68.733
276.682	123.540	69.465	61.658
288.476	123.940	67.201	60.316
287.993	129.819	76.355	63.709
309.466	132.855	65.416	79.479
303.479	142.539	76.757	74.344
320.935	146.374	67.381	71.270
334.121	159.578	64.592	56.704
311.749	169.638	92.594	67.760
289.804	184.508	90.389	75.527
303.604	182.199	84.806	73.427
319.442	176.749	93.130	77.423
323.275	179.605	92.752	74.461
334.474	172.591	95.963	67.294
340.226	174.113	95.024	64.808
347.840	174.227	91.887	58.891
347.593	173.789	89.497	59.887
344.862	173.589	93.241	60.055
336.687	175.561	94.148	57.070
320.672	178.880	90.010	59.755
310.178	183.604	86.641	66.843
297.310	184.304	93.892	69.974
293.178	185.494	85.645	70.519
289.333	186.059	78.995	72.959
286.823	184.245	74.022	69.588
280.015	188.699	72.860	73.297
273.390	188.896	83.690	74.792
264.607	187.791	86.371	78.629
266.555	190.028	97.701	75.766
252.769	189.261	97.443	75.766
248.468	189.854	91.296	83.796
244.077	192.878	86.085	83.860
238.247	190.925	79.596	83.613
242.598	194.800	78.369	86.849
243.438	189.972	77.584	88.092
239.462	193.554	75.676	85.995
237.109	189.622	80.720	82.562
235.603	188.120	76.350	87.881
229.560	177.846	79.520	90.308
219.960	161.661	104.436	91.663
216.501	133.464	66.023	95.318
235.487	108.689	63.243	86.368
237.361	88.028	72.167	82.452
235.462	66.729	69.287	83.447
233.786	54.549	74.262	84.217
232.106	31.583	71.096	93.906
226.893	20.824	77.549	84.760
298.449	165.359	79.738	60.636
295.496	155.297	80.151	67.201
304.758	158.826	75.766	62.150
297.075	149.037	84.345	68.266
301.693	160.142	79.860	70.462
276.744	163.544	89.954	86.484
273.366	166.175	97.492	84.816
262.635	169.410	100.466	83.910
277.572	155.259	109.518	85.403
302.564	161.681	91.307	70.143
277.196	148.120	102.534	75.874
297.247	161.827	105.481	56.793
303.958	150.089	93.945	81.283
233.762	74.700	68.215	98.664
236.591	94.185	68.398	84.252
241.252	108.913	62.805	92.933
250.192	142.588	55.932	85.886
257.459	176.413	55.201	76.594
256.868	196.524	53.325	79.466
260.668	221.837	46.498	76.409
259.329	263.429	45.559	63.225
254.444	294.194	48.057	60.693
251.032	319.648	48.225	62.267
253.551	351.455	48.599	57.708
249.423	368.565	54.647	47.639
241.669	367.479	62.954	50.508
241.344	366.512	69.562	52.629
245.784	368.594	73.073	53.129
245.858	368.318	75.519	57.741
246.017	369.059	69.197	60.852
244.692	367.869	68.242	66.855
240.042	367.476	71.567	68.379
235.114	367.723	76.728	68.509
233.735	367.666	76.216	72.787
243.799	369.657	66.734	60.173
244.130	366.505	69.217	69.532
241.438	366.654	68.898	69.718
240.899	367.111	70.567	67.913
239.213	367.544	71.889	68.979
236.090	368.424	75.142	76.574
239.896	368.726	86.882	61.376
240.251	367.153	71.144	81.532
235.731	369.314	95.550	65.073
231.775	367.387	90.728	75.768
223.433	364.407	114.322	67.963
222.347	364.513	103.510	70.291
226.303	357.167	96.025	83.517
231.060	359.925	95.434	88.089
223.635	357.263	115.178	85.580
227.102	364.999	111.101	76.653
218.216	355.475	123.439	88.623
235.503	363.016	109.215	85.354
224.092	362.155	122.238	83.865
222.097	365.717	120.991	92.369
221.311	362.070	122.447	74.588
217.584	365.280	114.923	76.817
263.139	212.086	114.889	31.688
349.596	81.875	69.417	28.653
286.201	65.366	59.738	65.583
276.284	53.978	72.427	82.729
279.317	40.447	76.708	100.543
283.993	55.318	82.406	91.279
286.411	49.508	71.685	99.702
288.865	48.757	74.719	104.480
286.828	50.680	76.267	101.370
281.867	52.250	80.973	103.252
274.200	57.588	85.750	100.991
270.401	63.092	90.327	104.610
268.028	76.778	101.626	87.928
265.185	80.036	107.234	86.348
264.052	72.016	111.833	92.999
264.253	60.080	114.806	104.020
264.283	53.172	117.042	101.850
264.573	39.273	115.785	95.610
265.087	26.035	116.436	109.905
260.628	20.167	124.102	101.569
260.313	14.649	123.899	99.814
258.423	13.242	122.741	94.773
255.290	13.730	123.460	86.556
255.003	13.430	120.485	81.041
255.930	13.661	119.325	70.838
254.913	12.470	122.048	66.862
255.522	14.084	119.009	60.227
255.399	13.437	121.681	58.255
257.060	13.102	119.438	57.095
255.455	13.487	121.907	60.227
254.437	12.901	120.605	61.437
256.014	14.085	122.264	65.441
256.512	13.727	119.717	70.362
254.701	22.740	121.723	71.704
280.663	28.198	103.138	73.765
269.652	37.349	116.525	66.430
269.161	42.678	115.296	63.641
274.275	45.930	113.315	64.114
283.970	50.298	114.675	67.036
290.109	53.764	120.317	67.043
296.392	58.696	124.173	62.397
307.581	61.357	124.898	67.184
321.411	70.093	122.587	71.039
329.117	71.970	129.254	77.977
338.306	72.075	132.150	87.959
346.437	71.858	135.202	96.866
355.248	72.273	132.323	104.535
359.993	74.337	127.800	113.895
368.469	79.233	120.690	118.281
375.099	85.380	115.151	120.408
383.504	92.068	102.468	125.111
390.147	100.371	95.484	127.441
395.921	112.471	89.002	125.908
394.969	127.965	83.088	122.543
395.024	149.462	80.872	116.746
392.847	164.145	81.374	115.718
385.610	172.959	75.030	123.265
377.229	203.370	76.316	109.233
365.005	223.060	82.159	111.430
358.449	239.795	77.603	112.964
339.055	259.821	83.606	112.043
280.720	282.819	122.847	102.087
261.538	299.980	139.056	110.411
227.039	321.450	159.692	93.365
229.171	331.977	155.109	84.628
216.005	333.510	173.993	95.902
210.215	339.931	184.871	95.170
199.102	346.338	158.622	111.605
205.170	363.047	157.662	102.011
414.210	153.932	105.985	62.581
393.463	152.050	86.278	113.434
390.278	142.831	102.495	120.679
391.438	140.662	111.899	126.033
399.973	139.924	101.229	123.149
355.441	151.691	112.865	103.608
352.376	166.042	94.761	88.259
346.779	167.045	90.424	93.603
337.680	152.288	87.512	110.493
289.845	143.287	107.826	130.716
207.089	283.659	87.282	125.949
207.891	294.373	86.186	117.842
243.547	148.850	129.659	35.372
264.966	160.742	85.656	122.983
272.925	365.436	142.433	58.729
239.498	367.536	155.365	58.002
225.388	371.429	172.911	55.985
201.110	374.782	194.128	55.609
226.359	154.701	134.595	36.923
244.113	155.110	53.136	99.984
242.047	167.187	41.377	110.685
240.632	184.089	55.136	88.300
236.177	342.891	71.151	29.181
235.013	333.461	55.151	77.734
233.185	325.043	55.563	85.542
238.660	307.097	61.662	97.158
231.490	290.160	62.099	117.605
236.277	254.590	78.358	134.671
235.198	273.740	69.060	130.312
225.786	254.781	76.831	126.823
243.668	251.906	60.691	130.547
242.036	253.017	70.390	118.714
245.431	227.589	86.687	110.615
267.766	208.546	85.465	97.324
290.626	190.041	69.619	106.060
304.680	169.185	68.941	112.349
314.031	151.354	85.777	113.744
342.234	102.297	105.626	135.582
314.504	126.057	137.702	99.814
372.647	135.390	90.805	84.384
370.288	149.093	87.156	75.751
370.352	164.938	83.515	64.250
356.672	168.613	94.438	62.596
349.114	169.960	84.884	61.626
341.340	173.012	94.453	55.601
339.494	178.832	98.401	45.992
344.810	167.961	97.798	57.920
353.993	151.008	86.377	74.666
356.879	147.608	83.970	80.230
343.386	146.718	101.504	86.968
331.587	147.552	112.492	89.421
332.121	152.064	107.209	85.190
331.147	151.420	97.508	83.776
320.681	147.849	96.706	83.107
312.453	148.843	92.202	79.361
273.028	182.064	91.567	91.930
294.343	201.665	86.344	83.318
325.744	193.691	65.315	88.853
348.396	176.794	53.132	101.288
362.253	165.114	52.581	112.789
283.194	155.491	76.754	95.565
291.121	155.846	60.102	93.723
293.338	158.472	51.813	89.992
299.675	158.940	42.494	93.873
301.032	152.238	41.585	99.559
331.863	178.567	94.822	74.562
297.813	170.713	111.652	90.963
290.275	154.540	98.280	118.731
293.819	148.368	80.607	131.867
284.178	148.518	75.575	123.192
271.329	145.356	73.881	126.273
262.840	156.011	75.565	118.022
258.557	162.621	78.337	103.983
257.641	163.051	79.509	99.021
257.778	167.557	89.276	82.262
267.779	162.373	88.883	81.078
273.845	158.809	82.964	82.354
278.890	151.917	77.301	87.229
284.471	157.150	70.839	87.074
284.272	159.557	69.276	89.701
283.692	161.609	70.148	93.380
285.774	160.237	66.810	94.077
289.123	155.928	59.914	100.167
287.620	153.343	55.640	103.496
287.704	150.173	54.990	103.833
288.080	146.338	57.438	101.816
282.809	139.593	70.014	95.441
274.332	138.457	84.760	87.483
273.381	136.353	88.218	81.365
272.148	135.934	86.296	75.207
276.314	130.495	69.531	77.903
279.936	135.798	59.858	69.184
281.220	135.535	50.324	66.411
268.747	132.558	55.526	65.636
263.756	135.565	58.474	63.274
257.759	143.504	64.346	56.127
258.952	146.441	61.294	55.525
261.468	150.302	58.629	54.332
256.440	150.494	63.736	55.759
252.185	150.149	66.433	58.406
243.483	148.882	67.859	61.220
243.370	154.196	70.665	56.717
212.504	142.484	69.392	73.981
208.794	151.599	68.483	69.515
211.825	147.296	64.891	69.979
235.027	139.789	51.748	75.442
240.929	143.654	51.092	71.693
246.210	146.689	55.859	67.999
259.367	146.106	66.445	64.437
267.232	142.995	73.737	61.551
266.608	143.643	75.680	56.935
285.573	143.799	60.121	64.951
296.792	146.521	48.459	68.586
293.952	143.716	47.059	72.654
287.534	141.522	48.407	62.061
286.965	143.260	54.353	60.816
287.113	145.134	51.491	57.896
287.134	143.735	52.135	55.879
286.783	142.519	54.316	58.017
287.602	143.651	54.499	55.167
290.573	143.914	52.265	53.714
292.728	144.066	51.197	52.755
292.904	142.959	51.637	54.396
296.760	143.603	50.817	53.506
299.334	143.038	50.371	53.262
305.903	141.386	46.212	54.531
296.946	140.002	58.249	54.476
294.026	139.431	67.960	52.758
296.778	138.353	71.704	55.115
299.653	137.652	67.519	55.109
302.597	136.490	66.919	53.366
302.132	136.880	67.887	51.925
303.117	136.077	66.438	51.480
301.611	134.714	66.473	51.848
302.347	133.176	64.467	52.513
306.688	131.791	59.573	51.424
304.638	131.924	59.390	50.860
307.037	132.120	54.100	50.437
306.029	130.618	53.521	51.431
307.227	131.594	51.879	50.899
306.500	130.886	51.930	50.969
306.879	130.674	51.546	51.697
307.149	131.613	51.490	50.946
307.067	132.135	51.736	51.119
308.003	131.606	51.116	51.739
307.743	131.468	52.112	51.984
308.635	132.335	51.939	51.765
308.768	132.030	51.719	52.198
309.805	131.793	50.805	52.480
310.423	131.772	50.700	51.825
309.921	131.886	51.065	51.282
311.201	133.079	50.390	51.085
310.413	133.139	51.031	50.526
310.345	133.115	50.995	50.068
311.058	132.035	50.006	51.421
310.548	133.744	50.091	49.406
309.856	136.274	49.875	47.267
307.962	137.695	52.160	49.222
305.974	136.208	57.925	56.513
299.560	136.343	62.078	54.455
299.368	137.612	61.914	55.424
298.608	136.997	63.193	56.360
298.076	135.490	62.668	61.752
298.301	134.851	61.083	65.175
297.645	137.122	60.154	61.191
298.236	135.105	61.020	66.305
297.772	137.464	60.971	63.936
296.297	139.283	60.119	62.403
295.349	141.383	58.602	49.745
292.789	138.143	60.039	51.027
290.981	137.315	61.301	49.628
287.266	132.209	59.678	50.319
287.210	132.642	57.680	48.966
287.032	133.392	60.577	47.768
286.913	132.889	61.047	48.098
285.825	132.191	58.514	47.862
285.990	132.239	59.380	47.588
288.849	132.483	61.381	47.369
289.812	133.496	59.492	49.166
293.104	132.801	55.255	51.039
293.360	133.457	53.595	50.877
291.840	134.535	53.923	52.030
293.126	136.071	52.133	49.809
290.992	135.950	54.050	51.584
292.309	138.431	52.875	48.096
291.388	139.667	53.462	48.572
291.952	139.366	52.488	49.153
292.311	138.481	52.739	50.313
290.253	138.547	53.616	50.745
290.201	138.179	53.426	51.987
287.117	139.269	55.756	50.820
287.138	138.301	56.095	53.722
286.994	139.235	54.949	55.320
287.291	140.239	55.002	52.174
288.064	142.223	54.372	50.599
288.929	142.132	51.923	50.012
286.222	143.523	53.610	53.353
286.407	146.720	53.065	54.408
284.345	146.980	54.016	61.924
282.964	147.835	57.388	60.036
283.059	146.481	56.622	58.938
281.824	147.436	56.820	54.036
281.427	145.698	57.174	60.664
285.075	149.283	53.818	52.351
285.895	149.171	52.604	50.505
287.678	150.541	51.637	47.329
287.832	149.240	50.132	48.162
285.871	148.527	51.044	47.765
283.622	146.729	49.944	50.515
282.243	146.290	49.186	48.273
283.622	145.384	49.000	48.737
281.906	144.345	48.691	49.601
278.125	144.363	50.290	47.375
279.302	142.068	51.702	47.778
278.721	139.181	53.867	49.015
275.982	134.908	58.854	50.378
273.466	132.074	65.436	49.934
276.342	125.426	65.115	53.838
274.753	118.398	69.267	54.878
272.828	110.967	73.079	61.432
270.951	100.736	76.158	67.825
271.692	95.058	80.639	68.401
267.453	102.439	88.316	57.495
263.918	84.708	98.579	64.393
258.578	65.018	114.708	74.722
250.618	59.265	124.561	73.982
250.744	50.745	126.995	79.907
253.877	45.988	125.461	80.482
254.604	36.938	121.064	79.741
251.687	31.165	129.380	76.793
253.553	26.884	127.082	78.949
252.654	18.479	121.025	85.390
250.712	14.387	129.818	81.995
251.859	13.473	130.677	78.757
254.887	11.316	124.969	76.879
257.446	13.034	119.343	78.151
256.090	11.176	119.205	76.020
256.845	11.551	121.341	77.214
255.968	11.377	122.831	74.732
256.092	13.109	124.579	74.025
257.619	13.550	124.372	72.435
257.995	13.947	125.868	75.096
259.875	14.156	125.354	75.722
259.440	14.146	124.736	78.734
259.198	14.459	121.811	78.861
257.275	13.057	123.248	81.054
259.313	11.862	123.780	83.615
259.004	13.263	127.234	85.086
258.164	14.564	120.292	86.536
259.658	16.634	111.034	95.283
260.382	20.825	111.803	101.125
258.731	25.522	113.437	106.588
262.479	53.293	112.207	97.769
271.085	69.979	98.742	91.454
271.423	87.834	95.143	87.850
268.240	95.168	97.931	98.248
261.425	105.163	102.902	106.117
264.128	129.942	96.805	97.553
259.417	150.317	99.143	90.293
260.247	169.642	96.984	84.265
260.270	188.597	94.678	83.088
259.176	190.777	89.977	99.329
254.525	193.340	90.127	105.622
249.213	218.982	90.216	92.954
237.911	249.889	96.193	62.960
223.618	271.308	92.934	57.264
215.521	282.443	95.660	71.023
202.909	293.563	98.366	76.350
192.151	295.228	99.957	66.019
173.323	308.992	105.208	63.847
149.942	310.292	110.994	66.213
148.273	316.125	104.919	62.313
126.482	326.386	114.937	55.176
106.029	339.187	121.303	57.242
82.252	351.597	132.502	47.074
85.035	354.178	111.476	47.273
77.463	357.956	114.433	50.867
70.204	356.442	108.908	50.077
64.949	348.665	100.718	57.668
61.716	346.741	88.350	58.949
54.143	344.132	87.732	62.510
55.987	345.954	88.981	60.672
53.569	352.968	86.992	53.516
51.912	360.499	80.682	46.834
45.201	361.329	86.005	46.937
41.334	360.297	84.498	50.820
40.150	364.115	83.010	48.833
36.047	370.664	81.291	41.426
38.886	376.400	82.815	37.130
36.309	377.760	79.055	34.923
36.229	378.514	79.514	33.097
35.699	377.681	77.079	33.997
