288.000	253.000	90.000	152.000
254.225	246.634	88.836	156.101
240.858	240.865	78.811	156.511
224.740	239.290	75.147	156.447
209.811	236.569	71.790	157.236
199.553	234.901	72.984	158.044
193.392	232.641	79.208	159.852
193.721	230.990	83.811	158.300
198.080	228.924	84.067	158.627
195.349	227.312	86.106	156.360
191.865	222.907	86.673	160.745
182.625	215.899	85.565	162.361
172.445	211.835	83.549	161.164
162.834	208.479	80.120	154.993
157.419	205.796	79.218	153.329
149.760	204.606	74.329	153.247
142.842	205.365	68.785	152.928
132.563	206.522	73.578	154.394
134.286	208.423	68.259	154.558
131.942	209.249	69.080	154.698
128.103	209.537	72.582	152.713
120.704	209.472	76.621	152.294
113.921	210.916	80.636	150.889
106.778	211.040	84.046	150.701
98.499	213.985	85.856	146.533
90.311	212.437	85.317	146.380
78.650	202.085	83.694	150.613
69.515	190.172	80.960	154.999
63.557	183.687	77.062	155.223
58.741	178.659	74.891	156.337
55.336	178.539	70.931	155.457
51.490	177.532	70.142	155.847
44.231	175.850	76.493	154.325
35.013	175.958	77.135	153.659
25.659	177.417	74.921	153.567
6.513	178.240	73.922	152.536
0.000	181.674	62.830	155.850
0.305	190.813	54.753	150.249
0.725	197.982	49.526	147.168
0.754	199.984	47.728	145.779
0.052	198.665	55.456	146.056
3.139	200.290	67.330	143.457
14.853	201.209	65.298	144.025
22.428	199.884	62.768	145.137
24.157	199.559	65.077	146.033
21.464	199.614	64.876	147.984
16.528	203.084	70.614	145.269
11.401	205.639	74.056	145.494
6.933	208.263	77.876	142.790
3.987	209.568	78.778	143.497
2.899	209.912	79.582	143.836
1.959	209.639	77.626	142.006
2.053	209.098	74.197	140.357
0.890	209.062	70.776	137.086
0.000	206.324	64.784	138.076
0.847	203.233	58.049	138.951
0.000	200.914	55.281	140.300
1.388	197.680	54.093	141.883
2.626	195.495	57.410	143.960
3.790	193.802	62.491	143.619
8.758	195.026	65.156	141.158
12.666	195.161	70.210	140.723
13.157	194.394	74.650	142.451
14.706	192.899	76.747	144.027
17.731	192.268	77.499	144.898
20.680	192.271	73.195	144.680
19.785	193.603	70.638	142.721
18.146	194.127	69.124	139.776
15.394	194.267	66.501	139.267
10.609	191.658	64.554	142.722
10.941	192.643	63.085	142.610
13.854	191.641	61.833	143.457
14.478	189.966	64.451	144.784
17.201	187.836	67.226	144.485
18.168	189.018	71.334	141.247
19.554	187.422	74.395	140.626
18.930	187.097	76.978	139.802
16.690	186.846	79.747	139.563
15.076	186.215	80.345	138.588
11.489	186.073	78.582	137.457
7.947	183.080	77.184	137.040
4.884	177.535	72.913	139.070
4.006	176.139	68.656	138.791
2.487	175.214	70.272	136.969
7.092	175.782	68.036	136.066
8.670	177.323	68.677	136.444
8.917	177.409	73.638	138.691
11.430	177.134	71.443	140.136
9.694	180.805	73.385	138.681
9.421	181.462	73.648	140.059
8.096	182.854	73.026	139.281
5.692	185.335	72.069	136.360
3.631	185.909	70.799	137.218
2.519	186.351	67.076	134.707
0.113	186.177	62.756	131.409
0.000	185.516	56.397	133.152
0.000	182.433	50.290	132.505
0.000	180.427	48.012	133.445
0.254	176.858	46.352	134.541
0.298	175.901	46.508	132.667
0.840	176.254	49.345	131.911
0.264	178.084	55.442	129.750
0.000	176.614	57.700	132.807
0.000	180.040	57.356	130.991
0.000	180.578	56.359	131.815
0.000	182.332	53.220	131.365
0.000	184.115	50.801	130.187
0.000	186.224	49.532	127.147
0.571	186.102	49.359	126.461
1.751	185.784	54.387	127.241
0.000	186.005	65.870	122.043
1.263	184.916	72.752	123.359
5.125	184.984	76.058	125.022
8.446	185.062	77.630	127.867
18.634	184.201	70.321	131.313
24.491	186.505	69.522	129.660
30.441	188.145	69.141	129.494
38.203	190.443	66.565	128.653
42.938	189.670	64.100	129.065
41.683	188.131	65.741	128.833
37.616	184.410	63.473	127.694
34.695	180.489	62.922	126.605
31.848	174.179	62.260	127.226
30.083	172.198	60.767	127.518
29.005	172.276	61.628	125.981
34.184	170.801	57.954	127.780
36.326	174.898	59.498	127.171
38.515	176.572	62.009	127.922
40.389	179.945	65.069	125.318
43.686	179.891	67.311	123.253
50.755	176.171	68.385	123.484
66.740	170.415	68.354	123.864
87.538	167.340	67.219	121.366
110.829	164.113	63.412	120.374
131.157	163.860	58.940	118.450
143.831	163.782	59.920	117.016
155.198	162.578	65.095	116.357
161.315	160.356	67.656	118.581
158.430	163.383	71.628	119.246
161.012	165.995	67.495	119.316
161.889	170.265	66.390	116.228
165.379	171.093	62.797	116.389
168.960	171.447	60.753	115.240
173.487	170.035	58.989	115.312
180.912	166.328	58.713	117.250
191.691	163.808	55.884	117.220
203.455	162.468	54.913	115.601
211.431	162.350	53.543	113.202
214.898	163.280	55.186	113.479
215.288	163.729	53.780	114.883
213.087	164.815	54.462	114.059
209.458	165.203	54.091	115.814
205.649	166.860	56.806	114.829
203.096	166.089	56.459	116.002
200.027	165.939	57.887	117.223
196.877	167.643	59.316	114.502
194.768	168.593	58.495	113.172
190.225	169.636	58.903	111.134
190.184	166.861	56.556	113.808
190.521	164.528	55.454	113.898
193.265	160.843	53.030	114.412
199.938	162.801	53.103	110.995
210.834	163.953	54.060	108.762
223.665	164.947	55.925	109.242
233.988	165.331	58.839	108.873
243.230	167.657	57.889	107.099
245.714	167.253	57.210	107.273
246.843	165.275	56.057	108.340
244.595	162.542	56.286	108.341
242.124	157.875	54.556	109.667
241.122	154.633	51.169	108.144
238.095	153.070	49.075	105.927
234.480	150.456	48.140	105.827
231.610	148.076	48.870	106.826
229.706	146.801	48.229	105.906
228.642	144.434	50.055	107.520
227.890	143.211	48.276	108.031
227.370	142.313	49.467	108.543
226.367	143.661	48.715	107.213
227.015	147.571	51.806	105.154
229.947	150.139	52.410	107.514
230.539	155.294	54.134	106.464
228.911	158.013	54.577	107.436
226.585	159.913	53.918	105.335
226.274	159.574	51.173	104.863
225.863	157.012	48.587	106.024
226.566	155.079	47.073	106.587
229.053	153.795	47.515	107.116
231.149	156.092	49.371	105.286
233.875	156.951	52.267	105.675
236.337	157.930	54.421	106.366
239.522	158.448	51.536	106.516
239.571	160.533	51.757	104.082
238.162	160.368	52.698	104.836
236.844	160.737	52.250	104.163
235.929	160.854	51.728	103.423
234.620	161.184	50.422	103.728
231.456	158.267	50.539	106.928
229.266	158.151	49.843	105.652
227.324	156.813	46.694	107.159
225.049	156.095	48.327	107.496
224.558	154.763	46.928	108.964
223.645	153.470	45.859	110.556
224.358	152.051	48.594	112.251
229.918	154.986	49.982	109.179
239.292	156.621	49.465	107.919
246.852	157.479	48.797	107.895
254.598	160.835	47.293	105.792
262.257	168.406	45.750	103.083
272.784	171.131	43.971	105.268
284.833	176.354	43.211	102.803
296.151	181.282	42.576	99.660
306.375	184.267	42.486	97.762
314.571	183.072	43.152	101.338
324.344	182.914	44.260	102.045
324.943	179.853	45.507	100.934
325.012	175.227	45.592	101.427
304.720	161.401	46.191	102.298
296.995	151.379	46.634	99.790
300.771	143.806	47.752	96.668
310.598	139.349	49.436	93.596
325.072	137.329	49.754	93.424
350.554	132.119	48.654	94.661
351.695	126.970	46.908	97.653
356.798	121.131	46.343	97.181
367.424	116.463	44.011	96.802
383.793	108.801	44.104	98.176
414.842	105.661	45.140	97.715
437.530	105.564	43.945	95.424
447.320	106.892	42.526	95.702
452.858	111.023	41.851	96.492
452.670	117.134	44.435	95.881
450.934	126.996	47.009	95.973
451.649	134.850	44.735	95.682
447.377	138.183	47.229	96.794
450.742	143.503	43.646	92.846
450.581	146.768	43.338	93.037
450.977	149.371	41.331	92.212
449.793	150.620	40.727	93.289
450.326	149.798	41.588	94.500
449.452	150.478	37.002	93.676
446.958	149.991	38.328	92.977
444.699	148.889	39.405	92.676
441.040	147.698	41.436	93.545
437.072	147.090	47.865	92.575
434.344	146.007	45.416	93.544
434.655	146.046	44.947	93.717
432.443	147.348	46.474	91.639
435.434	148.872	42.852	90.512
429.506	150.349	40.328	91.187
435.774	150.454	39.807	91.146
439.550	153.223	40.554	88.858
437.828	152.875	41.795	90.304
436.935	154.019	42.079	90.861
436.570	156.132	40.474	91.545
436.346	157.288	39.890	92.061
434.882	160.237	39.813	90.841
433.773	161.989	38.498	90.876
430.122	162.661	41.052	90.290
428.053	160.342	42.386	91.527
425.330	159.186	42.141	91.645
426.008	157.064	42.175	91.406
428.576	158.625	41.954	90.048
429.936	155.247	45.073	90.300
433.679	150.419	42.814	91.128
438.798	144.955	39.510	91.404
437.923	141.147	38.641	91.427
436.219	140.479	36.755	89.853
438.580	138.906	36.799	89.034
435.366	139.654	36.706	88.572
433.857	140.409	40.422	90.817
434.814	144.510	41.678	88.438
434.492	145.922	41.669	86.814
436.255	147.441	39.926	85.732
432.872	144.968	40.080	89.820
431.295	141.455	38.196	92.403
430.664	135.771	37.217	94.104
426.924	134.249	39.585	92.619
423.061	134.022	38.478	90.082
420.280	132.241	39.573	88.283
418.227	132.171	39.237	88.225
416.384	132.442	41.761	89.031
421.508	135.849	38.505	89.472
418.091	138.940	38.096	88.003
419.897	142.349	37.851	86.961
414.301	144.777	40.389	87.042
411.405	144.985	42.475	85.776
408.302	146.046	40.199	85.520
416.887	143.434	37.755	87.751
409.391	144.531	41.612	86.097
413.450	142.670	38.032	86.050
413.415	142.042	37.156	86.746
409.211	138.670	37.702	89.504
411.203	138.346	36.580	88.568
413.665	136.187	35.338	88.548
413.141	136.698	35.332	85.428
412.807	136.319	35.607	82.015
411.196	137.011	38.651	82.599
408.624	135.849	40.163	83.641
410.521	139.399	38.851	85.179
406.905	139.242	38.089	85.489
406.848	143.101	37.750	81.625
409.423	142.955	36.514	82.504
407.853	140.965	36.635	84.780
407.943	142.147	35.209	83.030
408.361	141.889	37.849	82.923
406.891	141.025	36.919	85.231
405.623	142.276	37.465	84.269
404.968	142.460	36.111	83.220
401.969	142.740	37.170	81.780
402.488	142.740	37.503	83.561
398.843	143.276	37.956	84.075
398.482	145.477	37.685	83.603
396.720	145.344	39.150	81.055
394.376	142.939	41.000	82.651
393.340	142.060	39.926	80.069
392.380	141.852	38.165	77.489
394.116	139.224	34.866	79.631
391.442	137.782	33.423	79.678
390.226	137.949	33.084	79.928
389.992	136.436	32.650	79.970
389.941	134.949	32.020	82.052
388.025	135.092	33.740	81.028
386.735	136.017	33.925	81.040
386.086	136.581	34.781	78.726
384.945	133.145	35.079	81.719
385.009	132.246	34.615	80.716
383.391	130.797	33.401	80.777
382.672	127.364	33.190	82.740
380.753	130.164	33.551	78.847
380.019	128.964	32.571	80.201
377.887	130.035	33.202	78.879
377.556	130.644	32.356	79.965
376.639	131.198	31.703	81.924
375.333	132.984	32.895	80.082
372.261	133.087	34.655	79.972
370.493	132.750	35.902	79.235
370.288	132.291	34.570	79.411
368.194	129.895	36.669	79.998
367.426	130.396	36.307	76.850
366.484	128.646	35.680	76.806
365.651	125.777	33.423	78.631
363.082	125.140	31.885	77.157
361.752	123.520	31.075	77.321
361.308	126.310	31.494	74.571
358.497	126.994	30.775	73.972
357.043	127.694	31.357	76.903
356.462	129.842	30.598	75.391
355.001	130.364	31.856	75.496
353.799	130.206	32.182	75.657
353.825	130.749	31.551	75.293
353.032	130.401	32.224	75.976
350.616	127.648	34.140	79.315
348.497	127.520	34.257	79.525
347.780	129.812	35.185	75.555
346.512	127.903	33.359	76.807
424.795	133.525	42.072	78.374
425.848	132.018	40.054	81.134
421.669	132.569	41.181	79.495
420.165	132.046	42.684	80.061
419.189	130.536	42.645	81.365
417.851	129.975	42.528	80.030
416.880	130.722	41.140	79.254
417.612	131.570	38.796	77.801
416.706	130.328	40.407	78.321
418.191	130.953	36.676	76.235
416.277	128.003	35.477	79.544
414.517	128.427	36.118	80.045
411.574	129.335	38.853	79.274
410.692	132.235	38.555	77.166
408.825	131.612	39.387	79.196
407.264	132.660	40.482	79.062
405.736	133.624	39.852	79.159
327.682	127.956	35.425	74.816
332.868	128.462	37.264	75.748
326.361	128.607	33.976	74.883
326.839	130.664	37.106	73.104
323.113	129.605	36.257	74.555
321.275	130.669	37.312	73.605
395.868	136.194	34.620	76.727
320.395	130.475	33.416	74.953
321.845	132.748	32.264	73.748
318.022	134.194	32.655	73.658
317.708	132.806	31.370	74.287
317.106	131.064	30.587	75.531
316.476	129.769	30.521	75.558
313.671	128.362	31.811	74.707
312.910	127.960	32.818	74.139
310.009	125.751	35.175	74.452
375.405	131.163	39.161	76.042
376.107	133.613	36.330	71.486
375.736	134.061	34.359	72.983
374.167	137.484	32.016	75.130
372.954	143.065	32.717	76.582
371.210	148.819	33.495	75.766
416.262	156.123	34.034	78.758
414.629	157.967	35.347	76.353
411.698	156.942	37.922	75.842
418.221	152.048	31.149	77.787
414.080	151.017	32.578	75.743
414.095	141.281	31.746	80.373
414.324	141.075	30.490	75.820
410.777	135.608	31.670	77.232
406.511	134.913	36.466	74.780
408.354	130.691	34.637	77.405
407.642	130.326	34.761	75.901
405.181	128.520	38.009	75.659
404.549	123.530	36.172	80.067
405.438	123.649	35.727	80.663
306.970	115.254	24.483	76.234
299.863	117.880	30.894	73.426
300.123	119.586	30.265	73.047
302.440	119.039	29.643	73.044
303.074	118.845	29.140	71.717
358.831	120.312	35.867	76.904
358.304	116.161	35.217	78.439
357.139	111.122	34.449	81.510
354.746	109.799	33.808	79.480
353.342	104.724	32.308	81.520
351.859	104.631	30.460	80.160
349.565	102.970	32.112	77.722
348.733	101.968	33.580	76.935
346.690	98.895	36.061	77.384
344.859	97.264	36.524	76.930
343.997	96.460	36.368	76.547
343.438	96.382	35.951	74.237
342.243	96.048	35.783	75.817
339.672	100.559	33.649	73.438
340.067	105.795	32.975	73.490
339.023	109.045	31.058	72.809
337.574	114.477	32.274	74.476
336.817	114.877	31.780	72.586
336.455	115.017	30.561	72.427
334.294	115.238	31.015	72.242
331.978	115.712	32.076	70.608
329.999	116.039	32.786	71.741
327.108	117.878	33.687	72.272
325.627	121.109	34.287	72.060
325.965	124.068	32.843	72.086
325.385	126.858	32.070	71.251
325.502	129.359	32.199	70.774
324.231	129.991	33.156	72.527
322.778	128.953	34.097	72.159
319.526	128.947	35.363	70.569
320.634	127.405	31.851	71.792
319.376	125.352	31.676	72.711
273.905	117.765	29.988	69.261
317.514	120.596	32.377	73.706
316.606	122.529	32.611	69.153
314.590	118.753	33.460	70.657
313.704	114.519	34.154	72.998
312.700	107.824	33.281	75.198
342.458	102.432	33.208	79.536
340.126	96.855	34.389	78.814
341.195	92.210	33.883	77.010
312.234	88.014	32.107	77.230
311.724	84.356	32.298	74.022
268.564	77.590	32.876	69.722
266.755	75.414	30.258	69.716
267.158	73.116	30.043	69.722
265.207	69.985	30.333	69.669
266.356	65.874	28.830	69.245
263.627	63.081	29.095	69.014
266.623	58.293	27.853	71.499
263.476	59.529	28.991	65.015
262.610	59.153	27.921	65.062
263.504	59.958	26.879	65.216
264.976	64.613	27.101	65.212
307.404	71.015	34.760	71.923
317.927	73.799	32.366	68.272
273.970	72.228	29.728	65.998
276.006	74.699	27.730	64.939
274.774	74.555	27.401	64.966
274.509	73.507	27.244	64.935
272.633	68.748	27.439	65.818
273.011	64.259	26.392	65.402
272.151	59.493	26.019	66.850
268.906	57.354	29.418	64.946
311.897	61.235	28.884	70.229
265.944	60.186	29.742	64.659
270.226	64.875	28.887	64.130
272.514	66.665	27.329	65.257
272.711	69.962	31.145	66.189
277.616	72.587	28.887	63.107
280.995	71.970	29.026	63.879
285.321	71.353	28.605	61.448
286.476	68.207	29.280	64.016
287.218	67.247	27.894	62.794
287.639	66.948	28.589	62.196
286.728	66.470	28.577	64.767
287.461	67.911	27.885	63.479
286.673	69.159	31.937	63.461
292.186	71.089	26.750	64.858
302.294	75.163	28.077	61.900
306.812	77.181	26.599	62.374
306.804	76.715	27.850	63.850
342.340	82.069	29.330	64.169
305.749	77.003	28.397	63.849
305.653	79.440	29.208	61.351
303.205	77.211	28.805	61.649
302.384	74.894	27.279	64.638
303.734	71.834	26.772	63.986
334.057	69.901	31.620	68.331
337.011	65.088	29.231	68.110
296.350	60.312	30.081	65.838
288.573	55.748	33.694	66.260
295.101	58.190	28.347	63.719
296.497	56.715	26.799	61.012
291.101	55.972	30.570	61.404
295.140	54.843	28.382	62.252
261.189	53.615	26.075	58.176
299.512	55.256	27.387	64.075
302.015	55.441	27.013	64.561
303.459	58.169	26.326	63.680
304.732	61.495	25.515	63.608
334.268	69.979	29.630	61.730
302.604	64.822	29.741	62.499
301.180	64.276	26.796	61.963
303.265	64.931	25.772	60.878
331.535	63.043	29.474	65.228
330.654	67.113	28.647	60.524
329.850	66.117	27.508	61.512
328.833	64.931	26.623	62.150
327.796	66.549	26.411	60.716
294.724	63.216	25.403	60.624
294.393	64.580	26.385	61.085
293.272	65.472	28.567	61.273
298.364	69.361	27.945	60.970
303.972	69.874	29.281	60.012
301.029	71.443	29.439	59.497
341.459	74.128	26.081	61.616
307.276	71.224	30.822	61.212
304.423	71.135	28.158	60.710
309.654	74.201	22.866	58.811
336.366	75.894	29.903	61.904
302.781	74.077	30.975	61.742
301.592	76.054	27.989	59.210
302.816	76.763	28.094	58.312
301.578	77.362	26.815	58.998
302.530	75.083	25.152	60.876
298.279	76.200	28.881	58.644
328.898	81.009	28.471	60.679
329.835	78.895	27.837	59.770
329.903	77.029	26.669	60.304
328.184	76.478	28.007	56.918
296.101	70.466	29.973	60.557
294.174	71.521	26.108	59.908
323.118	74.253	30.030	60.338
291.681	69.859	29.863	61.688
322.450	75.167	27.718	61.380
315.204	77.029	32.411	58.388
288.246	74.252	26.508	59.341
287.863	76.330	27.053	56.953
289.238	76.430	25.297	58.675
284.503	75.733	30.518	58.553
316.277	79.637	29.189	60.936
320.408	81.998	29.127	58.422
317.932	79.465	26.979	59.788
283.988	75.378	27.073	58.778
284.631	77.441	35.196	61.813
284.860	74.578	30.671	59.648
288.855	73.057	29.872	61.190
296.599	74.500	28.792	59.669
292.491	73.962	26.371	61.429
294.786	76.355	25.878	58.859
323.935	78.539	27.902	61.375
396.684	84.608	26.011	65.438
396.886	83.120	28.116	68.252
435.110	87.472	30.905	67.347
402.130	84.879	30.003	68.604
390.414	83.120	33.773	65.620
406.619	83.847	29.430	67.378
408.029	84.768	28.229	64.391
404.846	82.414	30.470	63.829
395.415	83.506	28.759	62.816
403.014	83.013	30.763	63.982
404.207	82.909	29.624	64.617
402.999	82.689	29.162	65.017
403.312	83.979	31.472	62.998
443.406	89.389	27.581	64.796
411.301	86.577	30.531	61.905
447.821	90.148	28.416	66.587
416.477	86.135	30.184	66.399
417.508	87.281	29.846	63.260
420.950	85.398	28.630	62.818
421.728	83.394	29.519	64.060
454.012	83.752	27.201	67.415
457.501	85.323	27.171	64.651
460.765	84.915	26.972	64.354
431.641	81.711	29.636	64.533
436.748	80.546	27.788	61.711
435.964	81.515	30.372	61.511
456.717	82.961	33.573	65.258
449.825	79.660	37.922	64.491
460.454	82.487	30.676	67.370
459.427	82.300	31.069	65.432
459.907	81.552	31.566	66.782
464.953	84.170	32.340	66.986
482.240	89.412	32.940	64.659
528.859	110.498	30.979	65.099
524.739	139.283	39.812	55.230
519.020	165.731	31.677	51.376
549.780	191.151	26.510	50.577
586.998	203.800	27.601	54.341
572.431	195.331	27.985	58.236
565.535	166.566	39.573	65.557
608.368	131.544	37.081	81.759
580.599	98.984	39.746	84.614
579.713	79.560	40.465	80.540
607.213	55.968	41.479	79.939
632.073	57.373	41.806	79.979
652.241	60.000	43.321	81.964
665.699	63.994	42.612	79.772
670.284	66.677	42.719	78.080
680.184	71.176	41.229	77.659
679.024	70.607	41.291	78.891
677.461	72.296	41.039	78.586
675.650	75.107	41.043	76.667
675.620	76.930	38.672	75.193
675.077	77.198	36.912	76.726
674.960	76.470	33.947	77.534
676.530	79.056	33.461	76.208
676.853	83.008	33.169	75.646
674.936	86.217	35.016	76.704
671.884	90.068	37.439	78.569
668.968	92.904	39.707	77.922
669.569	92.154	37.633	77.916
667.679	91.626	39.839	76.181
665.669	87.936	40.469	77.690
665.763	83.655	38.798	79.825
665.269	81.268	39.185	79.813
663.676	81.594	38.406	78.374
663.122	82.363	36.505	77.130
665.492	82.434	36.090	77.049
670.274	85.298	36.623	76.558
673.724	86.680	37.535	77.801
678.141	88.057	38.247	77.906
681.106	89.546	40.740	77.619
685.231	92.809	40.724	76.329
685.791	94.547	41.208	76.623
687.361	95.007	41.706	77.880
685.785	96.227	41.505	77.179
683.966	96.105	41.128	77.078
683.468	96.032	39.581	75.907
683.146	97.246	39.236	74.565
681.134	97.503	39.066	75.217
677.303	99.905	40.946	74.140
678.016	103.825	41.143	75.861
677.344	106.999	36.699	73.480
676.348	106.771	33.581	76.191
675.032	107.586	33.679	74.284
674.031	109.568	33.434	73.553
668.768	112.290	35.591	73.969
667.588	113.542	38.354	75.170
666.711	115.530	39.661	72.940
665.825	113.701	39.155	75.462
664.809	110.610	38.223	77.066
665.720	106.251	35.206	76.547
664.556	100.150	35.314	76.337
664.161	97.544	32.974	73.227
662.511	93.732	34.417	74.301
660.266	90.603	36.509	73.640
655.943	81.612	39.811	77.155
651.474	77.900	42.574	75.173
652.692	78.041	41.725	74.281
654.026	78.465	40.038	74.715
655.679	83.711	38.668	73.652
662.119	89.755	33.610	74.126
662.945	94.502	35.224	74.512
662.976	104.305	36.651	73.064
662.824	112.761	36.332	72.353
661.256	114.660	36.028	75.127
582.079	121.905	28.584	65.808
583.939	121.418	26.367	62.995
582.980	122.612	28.942	63.852
573.797	117.834	38.717	64.098
582.872	120.206	29.609	62.029
569.244	115.978	30.961	61.183
571.034	113.693	29.138	59.710
575.200	111.843	27.671	60.383
575.690	109.453	31.117	62.540
581.047	111.106	30.428	61.081
595.477	115.705	29.221	58.528
575.080	116.138	25.384	58.743
573.728	118.032	23.680	58.082
568.607	117.957	25.411	60.798
565.159	118.052	25.877	60.201
562.952	118.810	25.086	60.011
561.822	119.830	24.189	59.193
559.652	120.832	35.388	59.785
576.980	124.611	29.851	61.273
573.725	125.919	30.188	62.433
575.476	130.461	28.188	61.961
564.398	132.915	27.670	61.580
568.336	134.548	30.774	63.116
571.303	138.500	29.002	61.744
571.519	140.575	29.358	61.782
573.758	144.206	27.084	60.834
575.137	148.914	26.078	59.722
575.896	152.973	24.730	60.825
563.258	156.204	39.119	60.000
624.789	162.856	29.832	66.341
620.738	164.057	31.727	66.223
620.330	163.021	29.667	67.071
619.424	162.227	29.747	66.738
618.951	161.085	29.646	67.303
618.082	162.923	30.053	65.935
616.497	162.919	30.111	65.980
614.515	162.851	29.618	66.474
613.137	163.660	29.887	64.190
612.396	162.843	30.246	65.311
609.648	163.218	30.650	67.037
608.676	164.675	31.184	64.233
606.472	165.689	31.360	61.501
598.009	166.098	33.098	62.334
592.043	163.207	32.226	65.595
586.097	161.575	33.689	64.630
575.726	163.719	35.725	62.552
571.935	164.863	36.537	62.434
570.511	165.260	35.175	61.546
569.486	163.879	33.995	62.796
565.931	162.144	33.940	65.732
565.769	164.600	34.536	63.577
563.708	169.031	33.609	61.506
563.367	170.803	32.191	64.304
564.584	178.570	30.654	63.469
564.150	187.265	29.757	63.400
561.908	195.763	28.397	63.279
560.633	199.589	28.275	63.568
559.478	199.145	27.978	62.293
