96.000	114.000	100.000	157.000
94.318	118.324	98.514	157.591
97.906	125.190	97.941	155.408
101.835	131.213	96.610	156.072
106.436	137.169	94.232	159.003
115.733	142.035	89.246	158.189
124.548	144.082	83.476	159.934
135.066	146.191	76.432	161.264
143.938	148.370	72.251	157.636
150.867	145.542	69.118	160.046
156.011	148.215	69.267	158.895
159.328	148.620	74.846	159.896
161.231	148.868	79.484	156.965
162.766	152.411	83.178	153.154
161.672	157.066	87.559	150.388
161.117	159.258	88.473	151.417
166.889	161.961	81.467	149.111
166.019	161.725	79.865	154.790
169.111	164.205	77.562	157.822
172.667	165.469	75.666	154.342
173.766	167.999	78.744	149.794
177.772	168.827	81.154	155.540
180.227	171.698	91.510	156.299
185.225	174.092	94.398	153.817
191.914	174.572	93.638	154.041
199.238	175.945	91.236	153.196
207.244	176.062	88.902	155.904
216.666	174.793	85.634	157.201
230.415	176.590	78.154	154.401
243.675	173.780	71.198	158.633
254.710	177.428	67.802	156.975
262.316	176.662	64.943	158.314
265.562	180.803	69.229	158.099
268.549	181.886	77.614	154.838
270.208	185.320	85.963	151.515
271.647	185.783	95.652	154.950
274.015	190.147	96.726	153.551
278.617	189.850	97.596	157.415
289.070	190.775	92.549	157.609
302.697	190.206	84.444	158.091
322.352	187.809	73.141	162.220
337.841	186.336	66.290	162.534
351.278	186.297	65.511	163.119
355.629	188.018	69.848	163.032
359.190	189.548	81.435	167.335
359.747	190.758	93.379	164.268
358.624	194.593	100.772	160.191
356.607	202.235	103.265	157.841
352.641	207.321	106.484	159.948
345.549	211.420	99.176	165.487
342.573	213.486	92.312	168.359
354.130	211.297	82.245	169.761
373.079	209.059	69.664	168.037
375.327	209.972	68.874	163.140
380.909	209.283	67.535	160.955
383.551	208.856	67.082	156.788
387.120	207.362	63.278	156.483
384.803	205.219	88.266	163.692
383.788	209.445	91.413	158.158
378.117	208.847	88.749	158.512
370.353	206.376	86.089	159.662
367.327	199.248	83.215	159.494
375.240	189.496	71.126	164.449
383.470	183.580	69.888	162.667
392.916	178.425	66.831	166.743
398.671	176.355	70.663	163.308
404.135	173.408	79.554	161.176
417.044	168.232	88.621	159.668
416.595	167.397	98.247	158.083
417.434	166.597	98.362	157.754
418.258	164.827	97.585	159.327
422.508	163.742	94.267	158.881
430.981	160.389	88.240	160.631
433.378	156.428	86.347	160.988
436.621	154.253	83.721	160.240
439.356	152.057	81.249	161.539
442.470	152.941	78.144	160.171
441.243	155.444	78.253	158.695
437.454	156.925	85.527	158.171
427.088	158.099	97.947	153.475
416.893	160.121	112.602	147.011
430.698	160.419	106.494	146.819
444.033	159.116	96.407	146.747
490.409	156.396	93.899	146.116
439.988	154.997	89.675	153.133
403.179	190.734	122.390	200.371
415.228	186.365	113.902	201.757
430.331	193.031	98.704	196.077
462.189	160.171	100.898	220.481
447.587	173.310	84.576	217.239
378.661	170.467	167.943	228.592
424.510	171.748	98.704	206.707
415.875	170.541	104.527	219.501
406.705	171.875	112.948	209.257
397.270	151.153	116.683	222.330
400.522	159.258	111.249	210.818
376.286	157.750	144.642	208.649
360.968	158.817	153.641	207.331
384.415	158.191	114.988	204.383
418.627	155.041	109.948	197.581
387.046	144.152	118.643	186.659
330.742	222.185	163.156	284.207
385.151	120.562	123.326	212.356
371.643	153.211	133.870	271.475
371.727	223.385	146.468	259.663
355.710	141.646	100.227	186.032
348.971	147.191	98.754	179.751
339.522	138.251	103.749	190.248
334.142	144.656	106.191	181.122
335.687	142.441	99.622	184.237
330.786	141.665	98.982	189.337
324.828	131.251	99.489	198.121
329.371	142.521	80.046	183.962
320.482	137.860	77.798	193.156
309.499	130.449	82.236	197.759
304.092	135.956	80.461	189.551
300.234	144.399	82.146	179.672
287.045	141.859	93.335	184.479
281.941	146.832	94.470	177.622
275.545	145.208	101.502	184.441
264.473	146.839	106.282	181.932
263.096	150.221	104.122	178.369
255.450	143.619	102.763	181.537
247.239	148.481	90.955	168.954
