5.000	226.000	37.000	44.000
10.921	222.336	34.785	48.071
26.819	220.054	40.909	48.702
112.422	208.251	24.580	72.633
49.654	196.053	51.859	57.364
161.308	241.009	23.878	81.098
133.711	139.926	49.427	48.503
159.927	122.205	51.184	47.382
86.240	204.373	26.337	42.073
215.216	98.578	43.627	41.177
262.451	83.045	42.287	37.407
291.454	72.995	41.309	37.071
311.395	66.705	41.212	36.406
333.642	62.253	42.835	34.927
361.831	61.955	42.167	34.177
410.121	55.059	40.681	34.048
432.524	54.730	40.224	33.368
454.017	55.530	42.536	33.479
475.152	57.798	42.960	34.563
496.193	61.551	44.255	35.851
543.573	70.948	40.687	35.767
562.581	75.121	42.900	37.641
582.458	81.125	43.399	40.101
602.284	89.332	44.068	40.953
624.365	100.626	42.587	41.044
667.518	124.917	40.278	44.641
659.776	120.601	73.213	68.769
669.870	140.731	66.086	75.234
836.985	331.529	76.256	128.862
839.504	343.430	66.138	124.611
843.796	342.488	57.631	118.221
835.721	323.794	86.894	145.557
846.859	342.435	50.873	113.202
844.409	343.261	56.251	113.825
845.854	345.316	57.765	117.386
843.375	344.809	59.610	119.229
844.198	343.958	55.180	119.268
843.922	344.669	54.850	119.536
843.346	344.113	53.065	123.276
843.773	344.367	54.464	122.451
845.042	339.055	55.510	121.650
846.836	334.454	54.911	126.538
844.809	329.056	54.256	126.421
844.885	329.150	56.044	125.377
844.685	331.782	55.816	125.303
848.329	331.150	54.893	133.828
847.319	338.420	56.211	126.877
850.358	332.802	55.151	138.520
849.378	323.251	57.582	136.798
851.243	305.084	60.043	159.729
852.636	281.704	58.743	188.252
852.515	272.428	63.741	198.307
850.836	281.227	71.372	185.700
850.163	308.844	65.937	157.403
848.725	309.522	65.016	151.102
850.819	315.432	59.538	143.244
851.382	321.876	57.696	138.903
849.980	323.246	59.311	140.869
853.236	330.228	55.822	135.645
857.987	338.527	50.827	130.289
860.451	340.497	49.392	124.565
861.218	341.940	46.782	125.349
860.953	341.749	47.635	124.930
861.814	339.700	47.653	122.521
860.900	338.574	50.335	119.030
850.520	288.697	86.709	175.916
843.949	336.466	65.098	108.361
845.387	278.627	99.248	175.754
836.312	299.894	92.139	171.023
830.858	304.821	98.260	162.254
825.822	308.972	101.085	155.489
836.402	338.273	67.545	117.602
837.590	338.794	68.833	116.142
842.177	339.669	60.890	114.394
845.944	339.909	60.862	123.208
849.636	339.833	53.276	117.523
847.915	339.221	53.505	120.273
848.693	341.346	52.763	118.642
850.779	341.628	51.324	118.895
850.406	342.861	53.917	120.734
848.711	351.557	55.629	112.338
846.950	355.871	56.089	115.776
850.535	351.818	51.311	107.865
846.708	351.323	53.474	121.419
845.804	349.479	53.644	117.838
846.661	343.577	51.945	124.860
846.514	344.423	52.106	127.038
845.686	344.935	52.771	120.571
845.677	342.741	51.348	125.232
843.080	343.417	53.974	123.724
844.418	343.476	53.031	122.796
848.136	342.453	49.648	125.958
850.301	344.627	47.629	125.611
851.004	345.046	47.962	120.024
853.256	342.715	46.743	121.706
850.710	343.090	49.472	120.848
851.269	341.313	48.742	118.624
846.099	341.421	54.095	117.842
844.111	335.814	55.573	122.262
842.826	340.047	57.675	121.250
842.660	332.316	58.867	128.158
846.001	343.896	56.297	126.433
844.033	340.765	56.651	127.335
842.237	344.731	57.650	124.436
841.531	344.647	57.880	127.331
845.199	346.696	55.892	131.107
844.418	345.502	58.022	134.288
847.112	347.904	55.589	131.168
847.171	342.490	55.700	135.625
851.680	341.266	53.942	123.672
