333.000	157.000	12.000	10.000
331.550	150.109	11.780	11.187
326.918	149.364	12.186	10.801
320.454	157.473	12.845	9.730
341.528	154.654	8.424	14.714
305.365	180.743	22.145	22.024
305.263	168.065	14.253	12.353
302.150	156.258	12.799	11.490
298.165	152.490	12.720	10.892
294.478	154.927	11.729	11.192
290.159	171.427	12.249	12.617
288.211	154.454	17.984	23.712
273.930	160.595	22.576	20.250
281.206	163.645	12.911	11.539
308.935	176.853	4.224	15.004
276.134	158.694	12.262	10.885
273.011	173.858	12.447	12.285
271.152	175.692	11.003	8.877
267.161	190.715	12.213	10.734
264.181	173.229	12.576	10.087
262.769	165.793	12.469	10.222
258.920	161.964	13.067	11.506
254.983	167.867	12.949	11.194
236.967	192.718	7.872	5.309
230.968	147.715	5.434	5.303
253.369	185.544	12.692	12.093
252.331	172.174	12.691	11.388
251.640	164.679	12.177	11.316
248.573	165.070	12.880	11.608
244.341	175.908	14.638	16.044
234.041	183.324	22.444	28.294
236.880	203.703	18.159	16.635
237.572	186.444	14.892	11.867
236.453	174.135	13.091	11.647
233.892	170.049	13.098	11.753
230.598	175.446	13.346	11.296
234.161	180.299	11.442	11.140
216.245	184.455	23.571	17.396
230.039	200.793	14.025	14.188
229.145	188.058	13.445	10.881
228.248	179.457	13.463	10.174
226.313	177.703	13.400	10.453
223.876	187.884	13.190	9.074
224.241	218.651	15.969	15.837
200.026	252.721	4.705	6.361
270.037	201.998	24.496	16.129
285.164	212.343	16.638	12.748
284.534	181.156	13.930	10.198
282.838	186.338	13.937	9.715
282.118	205.175	14.199	10.838
275.222	200.378	14.331	12.133
279.182	211.725	13.993	12.595
276.470	196.415	15.320	10.252
273.635	187.010	15.509	12.275
271.813	192.612	15.022	11.464
271.606	213.889	17.356	17.397
273.437	235.264	14.855	12.942
273.368	220.543	14.200	12.065
254.064	202.441	6.977	11.283
271.375	193.144	16.243	11.875
270.842	191.438	15.863	13.254
269.546	200.842	15.249	12.430
266.351	223.638	19.161	19.636
264.712	239.909	15.956	15.101
261.922	219.689	15.253	14.031
257.918	206.501	14.988	12.516
254.142	200.993	15.021	12.917
252.771	210.431	14.521	12.100
255.569	213.917	13.752	13.124
255.136	241.219	14.472	6.768
256.697	222.715	14.360	12.464
268.734	240.720	18.772	13.421
259.149	205.007	15.571	13.747
258.528	208.284	16.294	13.122
258.712	230.232	16.092	14.663
254.651	257.369	22.761	19.395
257.254	238.004	15.892	12.154
255.451	249.513	17.583	14.188
233.755	211.057	10.552	14.977
251.565	212.323	15.875	14.081
252.239	232.040	15.964	13.760
241.134	265.248	30.072	20.646
252.922	246.090	17.870	19.757
235.673	260.018	22.184	17.742
253.108	217.240	16.689	13.611
252.819	214.249	16.939	14.651
252.976	220.002	16.180	13.660
251.038	203.072	17.163	16.844
236.875	196.318	20.518	17.763
234.261	192.169	16.660	16.679
252.377	225.922	16.120	8.062
249.518	221.059	15.942	14.178
247.317	221.889	16.561	14.714
246.608	240.961	15.595	17.153
248.099	227.626	14.727	13.175
259.604	291.123	21.344	13.491
232.067	237.805	4.622	10.502
281.812	268.784	12.742	14.810
256.533	228.901	16.803	15.650
253.550	228.802	17.268	17.641
248.263	228.790	17.046	18.637
242.283	231.503	19.200	19.006
236.327	238.409	18.891	18.451
236.462	241.800	18.232	16.401
241.208	240.184	18.510	16.819
244.655	239.644	19.387	17.369
247.709	241.191	19.686	17.405
246.131	244.698	18.510	18.108
238.138	248.671	18.615	17.198
224.013	248.677	20.824	17.340
215.865	249.758	20.599	17.071
209.627	252.613	19.721	16.883
207.327	254.176	19.981	16.280
208.465	254.363	19.333	15.827
209.130	252.837	18.977	17.903
208.495	255.239	20.212	16.571
205.034	257.723	19.596	16.716
199.698	258.655	19.598	16.372
193.752	259.386	17.702	15.950
187.585	258.285	17.163	17.266
181.225	260.589	18.407	17.015
176.667	263.252	18.565	16.972
169.556	262.606	18.798	17.135
166.170	260.131	18.534	17.177
161.189	259.836	21.058	16.136
155.551	263.143	21.066	16.817
147.158	265.146	21.292	18.530
136.474	264.376	22.301	18.247
127.037	262.880	22.489	17.853
118.642	263.449	21.740	18.169
110.622	266.417	21.838	18.083
101.844	267.693	23.127	18.119
96.651	266.318	21.120	18.538
92.032	265.230	18.954	18.803
86.954	267.169	19.003	18.068
78.227	270.952	19.920	18.637
67.887	271.699	23.031	17.693
59.005	269.780	21.816	18.392
50.525	269.334	22.157	19.294
42.009	271.800	21.276	19.186
28.635	273.401	22.757	19.338
21.334	272.439	20.855	19.417
33.831	270.995	20.841	18.334
55.689	272.926	23.222	16.271
82.355	273.145	22.115	17.782
108.425	271.991	23.222	18.383
135.126	270.589	22.213	17.955
117.888	299.221	32.175	19.374
174.630	278.934	20.561	14.478
170.001	279.663	19.855	17.106
159.824	283.266	19.973	16.226
155.346	274.493	37.212	28.787
137.052	266.551	36.610	37.904
129.027	305.700	9.823	9.361
138.143	259.277	31.970	28.660
133.723	269.793	31.374	26.726
101.654	279.657	23.692	24.815
83.371	322.924	33.336	39.276
69.036	318.188	58.333	45.592
154.884	306.577	12.057	22.478
98.970	324.992	34.270	38.314
51.807	304.183	28.458	29.489
64.522	274.154	26.115	24.077
77.234	277.924	33.270	20.655
101.206	269.186	36.850	18.674
54.978	287.633	47.048	22.986
8.265	340.846	30.876	28.808
84.934	277.178	91.572	67.492
240.399	164.152	47.437	55.906
113.570	293.433	50.924	37.168
84.819	234.041	63.553	78.496
89.740	270.520	51.501	55.411
80.005	246.940	24.902	23.749
67.848	267.750	28.211	19.919
27.703	300.696	36.483	26.086
