417.000	270.000	85.000	211.000
407.091	260.601	87.055	212.460
394.883	252.041	89.145	207.247
382.559	242.746	88.206	198.168
372.067	237.690	86.025	191.274
355.698	229.326	87.033	186.845
343.882	226.525	86.181	177.077
329.262	218.230	84.591	174.264
313.628	216.108	86.275	167.801
301.584	212.340	85.225	165.850
287.627	207.640	83.998	168.087
273.075	200.459	80.587	172.549
254.766	196.393	80.891	171.246
239.579	193.810	82.702	172.982
225.246	191.653	82.466	173.475
214.983	189.074	81.030	175.294
230.036	185.528	81.116	172.718
254.334	177.804	79.253	175.881
278.878	177.127	79.405	176.368
281.265	172.930	79.406	180.940
270.360	170.487	81.593	182.677
257.540	168.443	86.412	184.437
250.157	165.308	84.286	186.256
241.466	162.046	87.847	188.127
234.000	159.780	86.541	186.219
227.967	157.123	80.438	185.336
224.514	154.689	76.573	185.742
240.992	152.693	75.294	182.446
266.779	148.642	76.322	178.103
281.585	146.920	80.829	178.400
310.061	142.975	82.341	170.882
345.073	137.867	78.616	169.133
367.147	132.762	78.896	166.107
399.425	130.551	80.307	162.629
438.361	125.823	76.906	156.055
471.828	121.064	74.085	152.538
504.781	117.442	71.399	155.799
530.343	112.618	68.056	160.810
529.560	109.311	69.796	162.108
528.192	105.023	70.252	164.678
526.550	101.481	71.222	162.598
541.218	95.508	73.172	161.624
574.517	94.003	56.483	162.601
544.455	103.833	83.516	252.161
539.610	125.567	81.910	215.281
595.826	134.214	35.174	212.235
631.000	163.768	0.000	206.534
631.000	176.067	0.000	183.906
549.268	104.160	74.775	197.479
631.000	52.840	0.000	215.579
552.723	117.997	72.329	233.229
631.000	141.412	0.000	216.137
558.451	118.108	71.425	225.004
368.400	7.506	59.328	130.047
372.489	11.053	59.206	122.798
628.972	197.567	2.028	184.188
492.555	201.466	131.304	260.203
631.000	150.005	0.000	161.333
434.826	139.103	152.594	293.658
631.000	97.723	0.000	158.301
574.245	55.010	50.886	157.899
413.342	37.555	56.305	140.800
631.000	133.935	0.000	177.942
631.000	72.970	0.000	150.337
506.808	199.896	106.388	269.187
570.835	73.286	28.234	154.365
535.170	86.158	38.568	166.311
500.639	90.404	41.986	175.735
250.275	68.311	56.191	148.078
212.212	73.194	58.400	143.223
173.475	77.034	61.481	141.983
135.239	79.490	61.850	147.453
94.938	83.417	64.416	147.142
53.353	87.069	65.339	151.948
7.395	92.468	71.379	152.760
1.137	99.334	37.061	160.081
0.000	104.737	37.162	148.186
2.685	107.553	74.610	249.741
2.864	69.513	78.893	265.889
0.000	48.269	0.000	125.727
0.000	150.595	0.000	128.309
0.000	86.893	0.000	126.961
0.000	110.138	0.000	152.167
0.000	151.304	0.000	167.674
0.000	108.920	0.000	158.320
0.000	102.659	0.000	168.823
0.000	174.586	0.000	193.389
7.427	51.089	106.930	322.504
0.000	97.964	0.000	182.814
0.000	164.945	0.000	191.261
0.000	76.979	0.000	195.635
0.000	248.901	0.000	199.230
317.011	0.000	138.982	260.217
0.000	59.323	117.834	367.862
333.647	104.999	122.919	240.391
322.900	146.668	123.183	188.872
0.000	301.482	0.000	179.518
2.296	140.045	110.698	295.576
0.000	147.630	110.346	297.846
295.934	163.836	104.384	153.365
0.000	252.248	60.315	200.003
0.000	255.030	0.000	166.590
0.000	254.251	0.000	169.067
0.000	249.997	0.000	169.591
0.000	341.971	0.000	139.029
0.000	336.371	0.000	144.629
0.000	311.713	3.013	169.159
0.000	329.193	50.282	147.886
237.494	168.585	93.489	134.076
257.268	130.035	81.139	163.168
0.000	296.775	0.000	132.369
0.000	297.125	0.000	135.044
234.256	159.288	108.998	181.046
0.569	239.672	64.758	179.055
0.000	252.096	62.690	197.863
241.328	178.006	48.635	94.989
233.587	172.636	51.282	97.278
228.888	175.014	51.791	93.440
0.000	173.086	0.000	162.887
0.000	217.909	0.000	156.312
0.000	228.742	0.000	151.051
0.000	230.437	0.000	163.251
0.000	288.140	0.000	167.003
0.000	235.943	0.000	164.012
0.000	180.096	0.000	156.117
0.000	181.899	0.000	156.487
0.000	235.268	0.000	162.665
0.000	233.671	0.000	171.154
0.000	231.213	0.000	167.649
0.000	229.896	0.000	160.562
0.000	183.103	0.000	160.073
0.000	313.286	0.000	163.098
0.000	233.440	0.000	162.580
0.000	234.531	0.000	155.350
0.000	182.643	0.000	162.989
0.000	311.491	0.000	159.781
0.000	178.536	0.000	152.895
0.000	176.734	0.000	151.732
0.000	320.973	0.000	159.228
0.000	318.700	0.000	158.831
0.000	313.641	0.000	164.470
0.000	315.262	0.000	162.656
0.000	238.528	0.000	157.796
0.000	182.365	0.000	156.428
0.000	238.149	0.000	156.287
0.000	179.321	0.000	148.696
0.000	175.090	0.000	147.663
0.000	173.086	0.000	144.374
0.000	172.549	0.000	143.361
0.000	238.959	0.000	151.354
0.000	239.388	0.000	147.789
0.000	177.038	0.000	145.930
0.000	241.285	0.000	149.318
0.000	243.434	0.000	154.268
0.000	178.733	0.000	155.420
0.000	180.862	0.000	158.094
0.000	246.579	0.000	161.205
0.000	295.728	0.000	162.162
0.000	181.899	0.000	158.944
0.000	180.288	0.000	163.730
0.000	118.890	0.000	159.696
0.000	295.425	0.000	169.013
0.000	247.907	0.000	169.573
0.000	243.936	0.000	166.870
0.000	245.807	0.000	169.824
0.000	300.840	0.000	165.781
0.000	248.745	0.000	167.324
0.000	300.669	0.000	164.700
0.000	246.001	0.000	168.496
0.000	302.806	0.000	161.785
0.000	301.067	0.000	163.525
0.000	294.323	0.947	162.765
1.492	239.457	46.528	157.605
3.686	222.365	58.966	166.339
126.026	121.844	36.951	73.605
0.000	153.663	133.944	280.139
0.000	186.275	156.290	285.348
0.000	171.262	148.617	277.433
4.912	142.302	171.070	289.953
0.000	171.444	178.843	268.194
2.710	242.793	187.637	224.561
0.000	178.334	131.045	269.066
0.000	229.115	0.000	157.656
0.000	238.990	68.194	201.088
0.000	231.857	0.000	156.367
8.522	243.799	202.034	237.201
0.000	191.935	153.126	257.277
8.629	293.789	235.178	187.211
0.000	153.015	170.883	278.813
0.000	181.964	143.430	262.511
4.396	252.551	221.314	228.449
11.854	295.800	234.584	185.200
25.742	287.857	202.952	186.468
33.079	278.937	214.971	202.063
21.018	258.015	206.733	203.627
12.551	295.129	207.541	185.871
0.000	289.442	0.000	170.663
0.000	233.188	0.000	152.422
0.000	232.815	0.000	150.678
0.000	354.814	0.000	126.186
0.000	233.559	0.000	158.448
0.000	355.716	0.000	125.284
0.000	290.646	0.000	175.479
0.000	232.721	0.000	161.699
0.000	230.333	0.000	169.449
0.000	295.508	0.000	179.664
0.000	357.686	0.000	123.314
0.000	288.264	0.000	183.725
0.000	218.895	0.000	174.959
0.000	289.003	0.000	182.177
0.000	220.360	0.000	167.945
0.000	224.335	0.000	165.849
0.000	228.408	0.000	171.290
0.000	291.875	0.000	176.008
0.000	293.446	0.000	173.468
0.000	238.439	0.000	158.434
0.000	290.932	0.000	172.501
0.000	296.034	0.000	171.407
0.000	358.000	0.000	123.000
0.000	228.508	0.000	164.460
0.000	228.956	0.000	162.097
0.000	233.281	0.000	154.403
0.000	297.072	0.000	162.948
0.000	295.066	0.000	168.023
0.000	228.458	0.000	162.913
0.000	297.328	0.000	171.973
0.000	288.314	0.000	171.116
0.000	279.755	0.000	170.517
0.000	274.825	0.000	167.653
0.000	280.309	0.000	170.678
0.000	280.969	0.000	165.081
5.033	162.217	52.610	195.045
0.000	153.305	0.000	151.263
0.000	141.827	0.000	153.730
0.000	142.380	0.000	140.989
0.000	164.803	83.351	245.414
0.000	146.140	40.876	121.211
0.000	146.366	66.515	220.644
0.000	141.450	0.000	150.304
0.000	84.776	0.000	146.527
0.000	140.356	0.000	150.821
0.000	82.830	0.000	148.315
0.000	312.502	0.000	158.024
0.000	317.950	0.000	155.958
