124.000	392.000	57.000	59.000
131.193	375.288	52.641	57.155
137.676	361.372	51.153	51.704
147.484	346.558	52.407	44.644
158.164	335.633	52.707	45.731
169.070	328.041	53.714	40.420
180.482	323.867	56.181	39.000
192.256	323.353	62.030	43.872
207.996	326.525	53.984	41.187
222.950	333.508	52.686	43.653
237.076	344.236	53.338	52.140
248.519	365.408	51.975	49.430
257.031	386.967	49.446	49.184
263.614	410.764	47.893	45.089
259.959	389.858	45.742	48.008
257.586	371.785	46.413	51.529
257.788	358.881	44.576	51.581
260.149	342.180	46.653	56.844
259.913	335.015	48.071	41.756
272.733	333.543	52.460	37.959
270.492	331.330	62.436	39.075
286.286	333.279	51.610	39.474
295.416	338.507	43.644	40.218
302.705	349.193	44.827	48.509
307.323	372.271	45.886	43.248
307.757	394.725	47.940	47.951
306.345	393.473	49.556	50.121
301.516	375.199	51.950	58.353
295.493	359.789	52.576	53.886
290.454	345.931	53.193	51.030
286.955	335.688	52.098	48.346
283.784	324.884	52.168	48.476
281.178	312.507	50.953	49.818
278.156	299.519	51.361	52.551
276.506	291.460	50.817	49.306
274.694	285.732	51.883	50.700
273.190	283.999	52.769	51.934
273.349	285.694	52.036	52.632
273.384	293.865	50.014	55.799
273.200	308.203	47.205	55.254
261.677	341.117	53.525	54.173
254.347	358.629	50.808	56.961
246.441	386.697	52.736	51.776
234.373	402.958	51.981	48.505
223.053	379.985	49.997	50.757
212.455	357.124	49.037	54.732
204.266	344.720	47.478	51.714
198.688	334.326	46.125	46.769
194.834	322.272	46.746	42.919
192.003	314.001	48.455	39.477
195.135	308.517	47.306	38.937
198.053	305.068	51.259	35.707
212.164	304.162	48.882	33.864
225.739	303.468	44.570	36.213
241.210	304.968	36.218	38.563
299.731	323.579	69.402	92.343
266.067	270.003	99.342	108.680
308.668	337.633	58.566	81.191
155.119	448.955	53.326	32.066
321.500	313.797	64.706	77.869
355.414	325.265	56.447	59.305
366.009	361.193	46.216	46.757
375.841	384.821	50.444	45.517
376.802	374.452	50.267	54.675
373.971	361.559	51.665	54.042
371.031	352.537	52.421	50.584
366.944	340.742	51.938	50.612
364.775	329.387	48.970	52.018
361.270	317.441	51.173	49.842
359.610	306.967	49.169	46.650
355.965	296.203	48.484	46.506
353.247	284.923	49.773	46.916
349.865	274.555	52.282	50.153
352.318	263.644	51.194	48.577
356.581	254.232	49.007	50.196
356.080	249.009	51.595	49.982
358.548	246.978	53.037	47.923
362.484	243.934	53.914	49.310
368.747	247.792	57.011	50.693
374.466	253.601	59.801	54.270
385.024	266.631	57.535	57.518
390.725	290.129	56.642	58.056
396.613	323.361	54.005	61.898
399.511	387.285	53.020	60.390
395.247	405.170	56.869	53.043
385.317	374.285	56.632	60.350
369.417	344.543	62.448	63.779
360.077	339.780	60.369	56.492
340.457	292.995	57.401	55.976
331.530	274.683	60.422	55.964
325.384	260.259	60.590	56.473
318.130	243.153	60.329	60.450
312.533	237.328	64.710	58.022
310.743	234.536	65.735	52.923
311.101	230.730	67.582	51.467
314.844	228.201	69.228	50.802
322.175	226.262	67.834	51.836
338.731	226.213	72.941	49.528
360.877	231.370	67.882	49.918
382.220	239.575	67.820	54.081
405.082	250.282	58.652	59.290
417.145	266.126	60.972	65.130
430.896	282.580	60.888	63.224
450.153	317.820	58.482	57.348
451.190	342.793	59.019	63.710
453.439	380.553	55.724	61.447
448.732	411.968	61.360	48.360
462.165	348.154	104.843	101.165
500.250	371.860	102.821	85.946
408.185	328.725	40.682	51.952
400.192	315.661	39.766	48.180
394.956	294.909	35.205	48.941
393.687	290.515	45.207	39.490
388.857	274.702	47.956	46.601
389.042	271.897	46.811	45.903
389.819	268.959	50.586	42.707
398.368	264.530	50.178	44.614
412.474	258.249	48.572	46.467
427.716	258.323	48.524	45.626
447.772	256.312	49.628	42.709
474.537	272.876	81.611	101.487
492.609	260.133	80.642	116.394
501.425	289.418	94.298	98.380
523.252	290.677	80.409	75.582
492.368	274.210	131.083	121.762
586.779	301.112	71.959	62.017
668.019	227.046	80.186	135.180
671.644	248.980	68.808	65.643
716.240	288.076	49.863	56.893
737.016	319.154	51.583	54.878
752.553	350.257	55.524	54.994
772.611	368.309	56.035	58.008
774.369	349.788	48.699	60.751
772.731	320.233	49.357	59.941
777.449	289.246	46.835	56.178
766.085	265.939	53.221	52.921
757.625	247.235	56.076	49.984
753.424	228.694	53.016	53.542
745.387	218.811	53.741	47.466
736.518	208.820	54.636	44.642
728.162	200.061	53.952	45.830
718.607	191.734	54.205	47.847
709.591	185.718	54.475	47.157
701.585	181.841	55.303	45.524
694.235	177.961	56.350	45.699
692.729	176.531	52.890	43.460
691.432	175.627	52.343	43.099
693.400	178.070	50.680	42.632
693.311	182.918	49.162	42.446
692.790	190.357	50.129	43.796
690.859	197.697	55.103	46.126
697.910	211.164	54.076	47.815
706.002	227.368	53.186	53.285
712.786	251.848	54.735	60.518
716.849	278.787	50.910	60.616
720.793	316.882	49.565	60.475
721.960	353.977	50.785	58.434
724.133	393.795	47.881	52.725
715.389	374.053	53.177	56.948
702.399	342.027	53.426	59.121
692.583	311.724	51.774	58.289
680.527	285.562	55.302	57.980
669.183	262.481	55.664	53.641
659.715	245.961	56.703	50.890
653.943	233.502	55.397	47.950
649.385	223.015	53.310	48.499
641.843	216.509	53.364	46.025
638.560	213.484	50.610	44.017
634.962	211.257	51.915	44.467
635.042	209.957	52.007	45.519
635.687	210.754	53.431	44.755
638.656	214.990	55.083	45.881
647.433	221.636	52.118	46.376
656.495	230.905	51.726	49.319
663.412	242.964	55.611	48.977
672.801	258.289	54.051	48.581
684.844	277.583	56.934	54.948
694.530	302.029	52.501	59.667
703.766	333.501	50.389	57.593
712.671	368.187	49.817	58.089
718.101	400.083	50.530	58.606
721.316	402.994	50.410	57.459
721.421	395.050	49.173	57.322
717.452	377.551	49.664	56.053
711.590	331.341	50.842	54.256
705.364	313.782	50.920	48.923
698.539	298.223	53.347	47.158
694.380	285.532	49.875	48.065
686.454	278.978	50.018	45.128
678.546	272.009	51.470	44.122
673.062	269.556	50.910	44.749
661.843	272.772	54.674	44.427
661.512	282.745	48.662	50.322
659.140	305.992	47.431	52.687
654.731	331.888	49.326	55.253
654.343	361.515	47.557	59.679
652.236	396.807	45.977	55.833
642.498	406.221	51.325	53.504
636.406	386.607	47.230	56.435
621.084	358.974	49.897	54.215
607.719	333.412	50.305	50.042
595.413	308.065	48.962	48.020
588.493	292.341	48.460	44.751
586.141	272.963	49.039	49.525
593.046	256.775	46.328	45.788
567.677	249.493	58.123	46.212
547.858	242.843	61.702	50.908
526.894	243.320	65.117	60.201
511.954	249.221	66.202	56.140
498.689	250.136	64.506	57.393
492.387	255.147	57.664	51.599
491.618	259.648	55.159	47.253
490.455	260.431	56.732	46.948
489.839	262.133	64.182	47.408
509.732	255.268	53.210	54.480
499.799	261.486	67.010	69.543
510.764	257.690	64.543	76.466
523.613	230.870	100.176	183.847
575.993	246.357	51.322	48.225
596.815	248.001	47.313	43.513
605.108	249.902	50.851	46.319
609.957	254.654	51.230	49.173
610.753	261.617	51.669	48.126
611.559	269.109	53.582	47.278
618.319	282.793	53.574	53.113
622.206	304.673	51.762	59.864
621.170	335.962	49.578	62.148
614.277	374.241	50.315	61.813
600.196	409.962	55.912	69.523
590.270	447.896	58.526	53.384
576.195	419.716	57.186	66.655
557.749	378.495	59.010	68.760
550.527	350.942	56.423	63.883
545.132	317.040	52.950	59.768
537.183	300.679	51.127	50.910
530.586	285.309	48.872	49.487
514.888	270.998	50.446	51.627
497.584	260.951	57.630	52.943
484.578	257.026	55.689	48.767
478.952	256.986	56.305	47.695
486.242	252.507	54.789	49.433
504.489	248.912	58.483	52.810
528.286	245.931	57.709	56.772
552.438	241.105	58.456	59.972
596.151	235.193	57.136	64.047
607.435	230.840	59.980	66.163
618.648	227.063	62.114	65.139
630.780	225.688	60.508	63.598
701.368	156.527	67.775	61.203
650.417	227.833	65.968	53.307
671.133	228.471	53.404	50.285
682.231	234.202	52.403	51.199
683.273	244.429	52.302	51.113
678.652	253.617	57.937	51.145
650.878	264.604	58.774	53.082
616.016	282.648	62.391	56.445
594.159	301.275	59.312	60.028
578.005	327.513	55.430	55.685
571.658	361.011	54.063	63.125
566.291	401.437	54.040	62.168
563.775	434.448	51.690	62.270
551.086	471.087	60.731	61.560
529.894	474.878	58.324	59.734
512.023	440.618	55.675	64.635
493.462	408.265	53.543	57.852
487.070	382.897	45.440	55.932
479.574	360.186	47.595	51.037
481.547	348.622	49.994	45.782
500.523	317.078	42.561	53.644
521.301	309.097	46.007	45.116
586.513	326.174	49.699	56.304
535.457	299.632	42.888	40.807
534.593	299.111	44.126	37.181
534.016	302.040	43.837	42.600
540.317	303.230	44.172	38.503
551.512	302.622	40.482	35.430
560.546	299.050	38.161	36.875
567.682	295.631	39.799	39.994
569.716	291.145	39.348	38.417
562.132	286.490	44.310	39.160
546.986	283.198	47.502	39.515
526.881	282.994	51.814	43.301
514.562	285.345	53.883	51.613
514.029	293.379	52.272	49.344
519.669	300.751	51.859	48.238
532.887	309.035	52.711	47.793
543.344	320.322	53.580	51.871
549.843	337.721	51.745	52.208
546.969	364.144	55.925	60.900
553.182	406.566	52.440	59.878
555.277	448.071	52.402	60.127
558.982	391.694	75.721	65.780
461.627	506.261	41.989	54.337
487.319	440.023	56.145	18.273
545.111	482.237	52.206	65.072
544.780	446.178	53.252	60.324
543.890	410.735	52.101	62.246
540.497	496.726	77.921	51.693
534.028	360.011	53.334	57.290
528.999	340.155	50.153	51.427
528.036	325.457	53.205	53.211
527.908	313.392	54.060	50.826
532.012	305.671	50.359	47.615
536.534	298.600	47.087	48.146
534.219	297.783	51.497	49.886
521.989	296.573	59.293	59.675
521.283	290.992	65.897	70.787
529.845	287.015	64.877	62.049
539.951	291.034	61.024	56.948
551.232	292.772	56.814	54.231
531.654	277.989	88.323	129.286
556.053	299.454	60.076	55.000
556.585	295.596	59.536	54.176
557.276	297.546	59.040	51.424
565.230	302.691	57.644	52.158
518.966	315.198	92.548	81.285
516.775	343.439	71.710	63.873
604.070	310.192	55.064	49.431
615.364	316.957	53.093	51.094
621.330	327.989	53.562	50.853
630.998	339.605	55.783	54.559
638.990	358.015	57.319	58.835
643.568	376.946	55.739	65.855
637.212	407.899	54.207	64.728
636.082	438.513	46.097	63.412
620.261	377.829	77.312	115.957
573.154	334.230	135.684	226.727
565.270	288.633	142.400	256.525
537.369	250.287	172.877	301.483
517.095	287.221	186.645	275.516
536.324	393.666	53.955	55.465
532.272	377.007	48.553	50.656
532.794	365.088	46.029	48.587
532.010	358.580	44.627	39.505
533.912	350.994	44.263	39.484
540.221	341.720	45.802	40.577
551.342	333.324	48.060	41.631
560.801	330.706	46.694	41.735
564.031	330.410	46.261	41.285
568.762	330.945	47.271	46.508
574.262	345.223	47.868	45.733
580.514	370.867	47.553	53.624
587.671	403.785	47.607	57.068
594.655	432.964	49.831	55.861
602.686	472.392	48.123	49.140
611.903	455.434	52.821	53.201
621.359	433.103	47.664	52.259
632.803	411.018	46.352	49.468
641.228	392.630	56.078	47.127
655.990	336.707	88.317	116.724
539.948	308.427	61.771	80.621
647.845	351.080	100.728	134.686
679.081	319.185	64.508	74.861
636.004	295.853	92.723	184.844
643.173	279.250	95.820	159.591
575.584	309.211	16.763	82.637
667.677	294.602	57.932	59.859
665.143	297.140	58.028	57.133
634.489	347.480	93.936	115.529
608.839	288.329	95.791	140.645
603.317	295.324	57.364	46.327
599.915	282.169	102.154	126.100
583.154	312.088	39.926	48.168
565.108	325.655	51.679	54.669
561.994	273.855	84.359	105.735
582.711	255.667	130.746	186.759
565.066	388.561	42.962	62.787
568.490	417.949	51.182	57.520
574.303	440.976	50.175	57.176
583.835	414.655	49.504	60.121
491.291	467.945	67.937	57.419
609.630	301.744	87.384	120.950
536.247	319.729	54.270	51.423
640.742	281.135	62.399	74.760
635.001	256.461	74.287	130.386
617.651	354.054	102.434	151.919
642.582	294.010	65.270	71.729
615.870	264.103	86.661	124.317
603.788	259.601	99.446	128.650
599.879	307.532	92.402	120.449
563.089	323.396	56.856	54.119
600.880	294.939	89.938	96.075
663.676	316.483	63.165	55.555
581.910	279.663	92.453	118.344
676.012	317.178	61.318	54.516
590.079	319.083	19.462	53.616
601.736	311.451	63.051	68.583
607.568	300.988	123.522	86.644
566.026	322.252	107.778	103.213
697.388	317.252	70.756	56.664
540.996	333.894	120.841	91.938
500.914	306.102	143.300	61.510
471.788	278.374	145.280	98.251
473.855	296.129	155.046	149.693
486.337	259.145	205.629	228.671
489.924	106.069	306.059	347.753
423.343	258.074	248.948	221.380
433.701	252.466	213.175	212.532
418.539	413.620	55.099	61.037
427.610	401.219	55.671	61.988
419.555	419.099	64.687	50.257
560.709	283.220	37.023	44.782
508.954	315.862	53.674	49.946
529.126	298.193	45.764	47.769
541.848	284.816	44.799	47.337
549.450	271.984	42.619	46.366
550.463	262.557	45.030	46.149
552.359	252.891	43.566	44.934
552.823	244.750	45.476	42.739
554.022	239.912	47.368	43.012
557.449	236.018	44.879	40.627
559.211	232.370	43.161	40.081
556.282	230.786	46.186	39.289
552.872	228.484	44.270	38.722
550.146	228.146	43.918	37.181
547.763	228.748	44.673	35.076
544.964	229.731	43.221	36.328
542.625	233.368	41.124	36.148
539.077	239.821	39.668	36.797
535.965	246.682	38.231	37.103
533.664	255.934	37.742	39.069
532.030	266.964	37.994	39.173
531.442	279.479	39.652	41.873
531.479	294.921	35.927	45.251
530.139	317.342	38.351	48.374
530.327	346.208	39.113	45.837
531.914	377.615	39.491	45.738
533.365	402.884	38.109	50.777
533.762	405.412	41.855	49.630
539.222	383.366	39.469	51.327
542.336	361.569	37.255	45.739
538.726	420.497	50.297	35.394
560.590	287.235	42.601	30.145
559.825	276.204	46.334	39.415
528.266	283.174	78.836	110.592
553.136	269.645	48.626	48.109
554.207	276.614	71.240	53.673
427.309	287.590	126.137	98.093
548.019	261.612	55.839	51.311
535.448	373.679	55.212	21.311
527.907	358.216	48.452	43.576
512.064	281.301	85.837	133.478
503.574	320.134	90.673	128.575
505.670	262.324	54.615	41.473
497.735	268.367	37.475	37.986
492.692	275.953	35.556	34.581
484.027	283.707	38.326	34.053
480.586	287.751	37.562	35.670
477.850	290.844	37.314	36.773
477.257	291.876	37.759	35.896
475.885	291.407	38.536	35.589
474.667	287.684	39.017	39.017
472.680	282.933	39.874	39.944
471.707	278.928	39.379	39.511
471.953	273.406	38.588	41.612
476.248	267.743	39.544	40.245
481.474	264.183	41.216	38.033
486.674	261.891	41.670	35.705
492.148	260.078	40.873	36.067
493.603	259.741	38.917	35.630
494.335	259.712	38.594	35.581
492.606	262.210	39.483	34.689
491.523	265.474	39.176	36.231
490.457	268.992	39.012	36.767
490.290	271.310	38.674	36.433
490.256	272.434	39.025	35.510
489.392	273.191	39.182	34.238
489.074	273.148	39.118	34.552
485.494	272.950	40.226	35.943
479.247	273.315	39.091	34.250
474.334	273.149	38.086	33.948
469.959	273.385	38.047	33.277
465.883	273.181	40.521	34.832
463.176	272.885	39.571	34.662
460.411	272.202	41.328	34.846
459.703	271.555	39.029	37.315
459.172	271.322	40.067	35.257
458.559	270.653	39.430	34.502
458.823	269.728	39.364	33.489
458.009	269.529	40.906	34.345
456.283	269.525	41.513	34.892
454.165	269.798	43.156	34.704
451.398	270.636	43.406	35.070
445.425	272.106	44.738	35.347
437.700	274.067	43.638	36.145
430.833	275.563	41.653	37.268
426.549	277.155	42.424	35.345
422.338	278.111	43.005	36.300
418.508	278.471	44.254	35.808
415.475	278.804	44.180	35.618
413.534	278.381	43.297	35.653
413.511	277.054	41.080	36.784
414.139	276.119	41.063	37.063
416.517	275.418	40.948	36.402
418.538	274.934	42.136	36.366
420.853	275.162	44.463	35.865
421.692	275.366	46.151	34.941
423.255	275.902	44.916	36.169
423.690	276.187	42.473	36.428
417.951	274.771	41.515	37.753
412.879	275.702	40.888	36.010
409.522	275.035	39.234	35.556
402.654	271.216	43.847	33.696
407.983	265.137	41.620	36.925
411.371	263.760	39.691	36.821
415.526	262.414	39.269	36.187
424.973	259.825	41.631	35.501
435.195	256.635	39.828	36.274
446.050	256.611	44.535	35.459
457.175	255.735	44.346	35.965
466.118	255.396	42.130	36.292
469.502	256.941	43.479	35.940
467.275	256.665	45.500	37.853
460.814	255.995	49.358	38.436
452.885	258.413	48.360	37.608
446.789	260.078	45.695	35.881
443.698	259.227	43.846	36.680
439.674	258.818	44.037	36.054
432.650	257.676	43.825	36.025
426.299	256.417	41.549	35.915
422.169	255.529	40.110	35.137
417.484	254.314	40.693	34.679
411.033	253.526	41.437	33.852
403.563	251.937	41.365	33.956
394.668	250.256	40.176	34.007
387.436	248.218	40.624	34.840
382.550	245.825	39.779	34.261
379.288	251.507	40.340	46.476
343.547	263.334	69.494	96.454
316.119	225.656	51.589	51.123
324.249	262.786	79.017	121.560
349.277	210.235	118.977	179.193
343.233	255.203	144.739	141.219
325.877	69.737	157.763	275.773
356.185	57.580	126.459	215.048
330.990	232.013	120.836	222.928
334.082	252.607	104.888	153.683
320.701	206.012	124.586	283.133
313.277	207.272	112.942	243.708
328.323	104.399	176.579	323.053
307.562	198.701	141.689	283.055
290.063	186.814	141.921	227.427
371.696	260.587	56.617	92.731
353.878	212.847	73.550	156.025
314.089	182.710	129.767	251.319
368.046	232.841	70.928	160.042
425.004	72.443	112.656	250.980
275.072	203.057	109.949	183.184
285.459	179.635	134.235	225.458
261.928	193.784	107.280	208.448
410.152	19.820	173.234	287.061
261.678	227.724	111.147	213.067
312.331	234.253	112.296	165.097
404.983	24.703	193.137	158.159
240.318	196.854	94.452	214.668
225.223	201.740	147.569	233.771
187.003	223.918	141.434	214.641
212.927	205.149	131.857	227.539
209.893	230.558	117.065	196.466
241.369	347.025	64.591	23.737
220.884	219.945	39.972	37.409
220.277	226.034	37.521	34.456
220.983	228.995	37.961	33.061
223.459	232.657	34.684	33.386
248.817	283.682	45.335	33.343
257.260	305.900	46.056	44.657
244.293	231.318	38.058	34.615
247.056	236.341	36.946	34.726
246.850	239.358	36.503	32.162
247.806	238.181	34.495	33.921
252.606	237.413	35.463	34.238
257.151	238.392	36.583	34.263
261.511	235.959	38.308	36.006
269.092	230.862	37.886	37.210
274.817	228.680	39.318	35.794
281.001	226.979	37.841	35.429
287.463	223.081	41.590	36.787
301.910	217.788	43.238	39.359
317.581	215.334	43.802	39.781
333.366	212.563	44.549	42.581
387.333	278.098	45.488	43.006
362.891	210.479	43.952	43.570
370.341	212.204	44.100	39.037
373.520	212.297	35.985	38.483
371.180	215.245	34.028	34.437
383.590	277.899	42.765	22.990
394.022	293.394	39.816	19.598
268.844	276.039	95.715	81.230
389.828	257.996	54.722	58.596
310.910	271.130	51.554	68.993
314.789	264.071	74.112	88.228
333.386	281.496	79.357	70.786
380.320	259.518	64.551	93.996
389.418	262.945	114.078	151.182
403.777	183.444	69.275	95.208
429.484	276.243	157.799	121.517
420.686	213.629	115.227	94.647
382.421	218.406	121.172	208.981
387.602	190.990	159.600	209.559
398.897	209.384	130.019	228.385
398.380	207.508	155.253	220.556
280.070	24.428	150.006	127.509
601.617	41.708	119.731	138.198
571.117	400.478	79.917	53.645
615.392	100.463	74.166	71.481
637.723	134.840	78.475	89.807
680.850	255.000	131.594	147.700
618.728	448.935	96.550	105.235
657.526	450.201	92.278	98.504
701.830	460.597	90.094	83.720
749.146	473.014	85.466	80.620
816.685	390.783	128.080	147.436
780.994	217.767	113.483	181.601
803.572	198.097	121.399	191.909
856.155	286.749	89.610	116.251
861.400	173.691	83.948	101.027
956.043	231.275	3.957	101.370
960.000	146.461	0.000	105.951
913.164	216.150	46.836	66.278
891.430	236.834	66.397	173.556
905.793	336.528	53.293	135.885
899.762	445.412	59.728	77.085
763.415	235.439	79.885	142.918
770.244	235.951	66.317	138.595
960.000	416.947	0.000	68.934
825.278	402.048	89.662	72.948
773.544	246.318	62.062	127.123
960.000	353.494	0.000	64.529
960.000	393.025	0.000	71.872
960.000	421.768	0.000	68.970
916.172	413.932	38.142	68.317
960.000	411.532	0.000	68.047
960.000	461.254	0.000	60.402
907.913	402.088	45.537	59.828
922.481	391.091	35.869	68.205
960.000	348.732	0.000	61.104
909.639	398.017	45.245	71.681
745.315	214.428	74.886	112.901
733.167	251.277	65.627	55.361
778.897	377.912	58.234	21.159
768.998	256.580	71.212	59.171
780.710	247.718	92.156	120.275
771.781	203.773	117.340	178.930
752.129	191.713	132.789	171.480
793.285	192.961	102.762	176.537
784.175	227.510	121.094	155.437
793.704	207.808	115.669	141.602
804.795	218.579	91.671	116.984
788.654	234.593	112.580	115.656
817.008	225.174	86.023	135.142
821.039	204.725	95.081	113.269
843.522	359.720	60.285	26.156
838.905	197.278	75.133	158.103
834.643	191.733	108.569	194.873
842.793	192.605	94.561	179.632
850.707	205.821	88.618	157.113
863.325	213.560	75.097	138.577
913.753	363.267	46.247	22.949
924.653	316.849	35.347	55.193
876.530	237.929	63.354	120.781
938.158	259.970	21.842	80.724
895.858	212.593	62.723	161.383
900.632	208.405	57.987	155.701
898.775	194.781	61.225	169.537
894.019	203.158	59.511	158.137
896.983	205.588	60.878	145.732
908.828	207.316	51.172	144.779
914.305	211.843	45.695	137.180
923.711	226.633	36.289	102.859
927.476	205.607	32.524	157.193
936.322	222.653	23.678	69.776
941.456	218.645	18.513	64.383
853.388	220.628	99.862	83.454
743.652	256.761	70.411	91.551
740.183	234.257	102.217	113.803
745.232	267.985	81.465	78.920
721.646	241.708	119.721	107.486
754.232	273.290	82.918	76.918
759.439	254.828	75.609	92.830
766.708	251.563	72.888	95.243
751.894	266.519	85.117	76.148
761.582	257.293	80.878	91.756
756.501	266.895	85.331	74.390
771.597	272.994	74.787	71.510
781.096	258.879	83.409	77.947
782.814	268.048	64.010	75.524
771.490	265.878	81.108	74.992
776.668	262.065	70.820	76.385
903.569	354.922	19.321	39.165
791.541	240.075	71.126	100.745
790.893	247.579	74.143	96.042
792.471	243.157	73.991	100.985
774.651	248.193	76.195	90.046
803.035	256.411	58.010	87.677
796.516	254.521	62.708	83.156
792.353	244.578	67.677	87.455
793.625	241.265	63.904	89.545
790.345	239.440	73.349	97.902
780.193	238.602	67.645	99.976
762.718	214.229	84.653	124.917
382.526	23.694	60.612	125.436
813.104	132.772	70.645	23.601
772.066	237.320	62.402	102.496
773.031	249.204	48.235	71.996
757.552	215.052	78.055	121.639
766.521	248.712	62.121	88.839
770.897	250.316	56.144	85.327
745.479	199.710	80.194	136.423
762.065	222.337	58.562	115.907
767.780	234.657	61.040	104.449
765.371	246.411	58.050	89.012
768.267	221.529	52.707	105.111
769.648	243.415	50.520	90.580
771.242	220.714	48.143	95.333
507.163	193.301	106.184	124.696
765.559	236.444	64.815	94.952
767.323	228.270	60.752	105.584
761.761	237.071	65.449	98.746
764.635	236.284	63.646	101.347
763.730	234.746	62.194	97.904
763.988	235.570	63.349	96.509
766.134	238.654	59.819	94.447
761.696	243.148	57.016	90.206
760.200	221.195	61.997	103.521
756.222	245.155	57.094	85.970
757.870	244.485	55.809	87.074
756.052	244.875	55.428	85.573
756.773	250.546	52.456	78.415
757.177	244.949	48.623	80.982
748.391	236.931	68.768	91.604
752.559	244.492	56.165	85.550
754.598	243.605	51.698	82.854
755.258	248.640	51.371	80.928
752.716	245.087	49.714	83.537
754.226	239.161	49.241	90.002
754.110	239.318	49.561	90.021
753.130	240.311	50.296	90.022
755.484	239.739	45.537	90.630
756.290	243.402	44.443	86.617
755.386	242.158	45.388	87.615
600.360	269.347	49.897	62.389
755.345	239.526	45.168	89.749
753.907	240.229	46.824	89.786
749.920	234.183	49.404	94.214
746.553	241.704	51.248	89.581
675.998	273.814	11.729	45.184
748.549	243.745	48.866	86.316
749.739	245.234	42.818	84.709
748.439	243.675	43.935	86.123
732.293	245.923	55.539	78.577
671.980	275.042	12.976	39.168
744.844	244.167	47.079	86.250
735.583	249.389	53.009	68.496
736.295	248.482	49.896	61.190
733.557	237.964	63.526	94.447
733.333	238.449	59.875	93.552
727.524	234.603	64.779	93.928
583.079	265.376	48.565	65.131
668.026	277.469	12.768	41.097
743.831	243.089	43.491	87.976
739.293	239.888	43.727	88.977
676.086	281.961	8.899	34.283
735.184	241.277	49.858	88.071
590.673	273.459	55.976	53.340
727.390	245.633	52.376	83.688
728.636	242.537	51.359	83.872
574.969	270.375	48.742	60.201
720.984	235.276	53.797	94.085
719.248	219.290	61.584	108.357
719.733	226.128	55.426	104.584
718.549	227.468	53.479	106.797
715.461	234.174	53.761	104.526
706.108	232.668	62.671	108.622
700.788	235.329	73.180	103.066
605.912	271.590	18.396	47.868
699.214	241.183	63.084	98.724
694.013	246.330	68.734	94.107
690.595	243.439	69.442	98.057
688.621	239.994	68.229	103.425
684.788	239.611	71.774	104.198
685.198	236.871	70.248	105.603
682.136	235.048	71.821	107.950
684.820	242.652	64.050	103.146
681.151	246.431	66.535	98.790
679.027	246.161	65.916	101.877
678.768	252.222	65.386	94.617
678.477	243.664	69.712	104.015
678.017	244.293	64.839	98.271
677.713	244.100	70.452	101.631
540.173	440.620	22.129	26.969
569.791	268.919	27.909	59.753
678.702	237.531	70.395	105.848
577.982	280.168	20.418	50.965
585.012	279.465	22.494	44.474
693.880	239.763	58.816	99.526
672.596	258.712	49.658	51.164
676.833	259.024	45.110	49.819
703.388	247.104	48.384	88.616
522.513	273.125	79.045	61.549
682.977	251.828	60.672	85.956
772.402	332.822	13.539	34.620
685.246	257.584	55.953	80.045
694.481	255.740	55.164	81.082
528.985	428.904	56.620	25.539
530.732	390.708	20.686	57.437
530.692	430.953	21.598	19.853
773.097	346.459	10.935	14.397
770.788	344.876	11.273	14.965
560.735	272.710	58.631	55.440
539.238	278.153	56.724	59.796
538.918	277.301	39.138	57.240
702.590	242.447	58.820	91.612
771.152	344.582	10.869	14.262
774.565	340.202	11.437	17.610
772.562	337.378	11.412	16.456
628.053	282.613	11.062	40.251
625.026	280.622	12.548	41.153
623.960	278.122	12.225	44.410
625.987	276.862	13.306	47.298
787.541	233.600	89.573	89.987
781.505	234.387	88.458	93.069
698.585	242.104	59.156	92.372
614.109	271.878	23.747	51.485
728.159	230.317	81.516	107.992
703.948	226.136	87.821	111.221
720.471	231.889	82.405	105.671
675.040	232.799	91.377	104.090
701.226	241.878	89.358	96.522
706.393	258.132	63.629	64.904
688.188	236.169	84.495	105.594
688.291	230.704	103.024	111.134
693.079	230.462	130.299	111.767
654.936	230.935	108.341	111.135
652.761	225.962	110.029	116.981
646.771	228.281	115.274	111.025
636.448	226.245	117.221	114.133
630.116	222.117	127.332	117.088
619.066	220.206	89.650	121.416
606.950	222.975	94.646	117.782
600.811	229.121	87.208	110.088
591.816	228.854	95.176	111.833
586.881	220.348	90.242	118.830
584.808	247.404	87.132	87.151
567.528	238.928	110.031	108.753
230.018	212.327	97.398	178.616
558.378	235.928	99.760	114.314
560.364	235.647	89.668	110.349
538.564	232.257	115.370	121.632
534.447	243.385	92.516	101.341
527.641	225.675	86.172	120.145
519.046	230.061	94.599	114.234
517.095	232.074	90.683	112.877
507.342	248.943	102.345	93.883
417.875	353.030	17.648	52.374
493.333	241.326	77.728	106.948
482.264	265.154	67.039	60.077
464.142	241.341	85.853	98.098
474.951	238.004	77.513	105.515
461.396	232.688	83.376	113.956
453.408	239.184	82.942	105.285
438.229	235.924	84.765	101.982
443.843	264.149	85.952	85.601
300.906	224.648	69.140	104.701
415.690	250.248	56.461	99.290
258.339	227.744	79.876	144.121
330.604	403.224	54.295	24.031
334.506	257.977	34.359	33.058
335.367	265.892	30.340	36.145
331.835	278.240	30.791	42.355
326.948	293.815	33.505	38.359
323.507	307.966	33.253	42.936
323.250	335.567	34.211	38.415
320.874	348.101	34.487	34.918
296.146	326.696	52.151	65.062
291.362	298.562	49.266	58.705
293.870	301.454	50.397	50.999
364.297	261.455	62.604	93.997
285.676	275.285	35.985	42.848
286.535	277.195	36.552	41.717
280.088	272.790	37.996	40.168
273.652	268.470	39.326	38.835
275.137	267.593	36.107	39.790
271.467	266.845	37.649	34.943
270.425	265.715	37.244	32.167
268.261	265.214	37.817	31.349
269.236	263.321	36.386	30.621
270.207	260.034	33.103	32.598
272.191	261.637	32.595	32.839
273.710	262.469	33.205	32.044
276.379	263.138	32.765	30.614
279.184	263.399	32.194	29.935
280.260	262.946	35.321	28.240
284.850	261.955	33.559	30.867
286.002	261.100	35.624	30.035
288.970	259.962	34.357	30.563
291.584	259.412	33.457	31.132
292.494	259.068	34.932	32.678
292.184	258.866	36.475	34.735
292.683	258.738	36.336	33.909
292.773	258.664	36.690	33.155
292.790	258.979	36.076	32.421
293.050	259.186	36.159	31.316
292.949	259.793	36.710	30.484
294.030	259.809	35.549	31.181
295.304	259.566	34.835	31.099
296.669	258.236	34.859	31.974
296.957	255.756	35.627	33.618
297.249	252.562	34.040	35.018
296.912	249.829	32.824	33.839
296.646	246.072	32.636	33.622
295.268	243.015	31.885	33.680
295.023	239.443	31.255	34.287
294.621	236.697	32.674	32.656
294.553	235.252	33.091	29.631
294.293	235.515	33.878	28.955
294.643	235.515	33.570	29.357
295.676	235.588	32.785	28.796
295.789	236.575	33.155	28.294
296.002	236.926	32.760	27.407
295.750	237.237	32.504	27.984
294.909	237.344	33.297	28.038
292.617	237.240	34.769	28.441
290.631	235.952	35.660	29.273
287.840	234.853	35.136	29.238
285.252	232.817	33.883	30.484
282.468	231.210	32.991	30.987
280.243	228.825	33.516	31.311
278.873	226.258	34.610	32.532
278.422	223.701	34.503	33.053
278.346	221.265	34.091	32.907
279.832	219.543	34.775	32.478
280.981	217.113	34.804	32.874
283.016	214.628	35.272	32.547
285.312	212.113	35.955	32.598
288.524	209.985	36.375	31.774
293.293	207.985	35.689	32.396
297.441	206.178	35.918	32.882
303.311	204.690	35.963	32.486
308.304	203.599	36.277	32.164
312.446	203.796	36.886	31.405
316.086	203.180	36.201	31.722
317.849	202.710	36.252	31.969
318.770	202.751	36.343	31.836
318.977	202.346	35.751	32.177
317.723	201.094	36.952	33.430
317.019	199.361	37.593	33.946
316.518	199.075	37.305	34.238
315.887	198.371	37.662	34.275
315.254	197.096	38.124	34.650
315.263	196.071	38.427	35.872
315.257	195.059	38.668	35.835
315.667	193.903	38.732	36.943
316.411	192.841	38.808	36.935
317.449	192.386	39.016	36.406
318.353	191.489	39.643	36.065
319.718	190.663	39.621	35.927
320.378	189.628	40.199	36.313
321.107	188.633	40.454	37.640
321.978	188.474	40.518	36.979
322.683	188.000	41.099	36.614
323.643	186.834	41.110	37.410
325.253	185.620	41.139	37.026
327.432	184.701	40.961	37.099
330.484	183.544	40.750	36.443
332.451	182.759	41.020	36.822
333.802	182.279	41.157	36.675
334.918	181.319	41.983	37.071
337.066	180.949	42.536	37.294
340.148	180.817	41.988	37.251
341.956	180.781	42.630	37.565
344.175	180.620	41.988	37.883
346.457	180.396	41.372	38.167
348.646	180.245	40.969	38.681
349.836	179.990	41.116	38.494
350.789	180.262	41.622	37.842
351.525	180.040	42.427	37.687
352.023	179.987	42.299	37.637
352.066	179.768	42.480	37.896
351.411	179.978	41.854	37.963
350.477	180.457	42.056	37.132
350.311	180.237	41.698	37.000
350.386	180.399	41.462	37.211
351.049	180.423	41.195	37.109
352.656	180.472	40.825	36.730
354.256	180.683	40.614	36.385
356.813	180.180	40.166	36.596
360.668	179.914	41.022	36.614
365.220	179.659	40.299	36.237
370.337	179.289	39.882	36.098
375.195	179.369	40.156	35.404
380.773	178.940	39.724	35.626
386.718	179.612	39.656	35.958
392.358	179.699	40.073	36.552
396.960	180.035	40.237	37.311
398.548	180.664	40.263	38.059
398.260	181.429	41.146	38.075
395.733	181.396	41.666	40.001
391.743	182.601	42.932	40.361
385.279	184.867	45.018	41.831
378.920	189.472	45.035	42.646
371.129	193.860	44.563	42.908
364.589	198.620	44.605	41.836
364.368	201.747	43.252	42.337
367.839	206.061	42.770	41.481
370.275	212.497	41.955	41.684
371.129	221.420	42.582	43.687
371.030	231.584	42.105	43.249
367.809	240.809	42.947	41.989
362.550	244.415	44.517	39.828
355.331	244.165	46.094	39.105
349.307	244.050	44.459	39.320
345.830	242.748	43.128	40.201
345.435	236.359	44.142	48.227
347.861	226.006	44.743	45.410
349.270	222.639	43.544	42.938
350.080	221.854	43.300	42.641
347.892	224.217	43.432	41.557
345.429	224.480	43.542	40.691
342.519	224.262	43.953	41.485
333.664	226.995	47.155	43.658
325.034	231.927	47.110	45.715
323.679	235.293	44.446	44.279
330.090	235.462	44.029	44.619
338.289	231.529	45.868	44.255
346.527	230.123	43.774	44.185
350.904	229.424	43.512	42.783
355.868	228.276	43.574	40.985
360.689	227.363	43.470	41.829
364.758	227.101	42.710	40.798
368.684	227.288	41.680	41.096
371.817	226.358	42.398	41.608
376.500	226.966	43.148	42.094
382.156	227.510	43.382	41.503
387.784	227.502	43.854	41.523
393.419	227.129	45.157	41.408
399.085	226.520	44.350	42.496
402.451	226.515	45.342	42.387
405.341	226.906	44.771	44.229
407.719	226.929	45.217	43.544
410.463	226.979	43.815	42.738
411.267	227.053	44.222	41.291
412.634	227.101	43.368	41.158
413.850	226.649	42.492	41.123
414.709	226.960	41.932	40.972
415.933	227.395	42.728	39.941
416.677	227.710	42.493	39.274
416.798	227.973	42.497	38.315
416.767	228.201	42.541	38.509
416.407	227.590	42.272	39.109
416.169	227.743	42.581	38.452
417.232	227.285	41.891	38.943
418.524	227.159	41.981	39.152
419.358	227.159	42.385	39.008
419.833	226.915	42.672	39.159
419.970	227.277	42.641	39.423
419.951	226.777	42.690	40.609
419.633	225.331	42.692	41.834
418.572	224.218	42.948	42.080
416.379	223.532	43.455	40.723
414.397	222.363	43.177	39.902
412.674	221.802	42.872	39.632
409.001	222.534	42.598	39.894
408.188	221.399	42.605	39.806
409.612	218.919	42.343	39.917
411.054	218.096	41.101	38.973
409.081	217.466	42.959	38.385
407.050	214.701	42.440	40.557
406.778	213.775	42.447	39.619
406.974	213.266	43.019	39.445
405.659	212.804	43.730	39.442
402.569	212.601	44.515	38.441
394.872	215.072	46.868	40.160
382.681	218.343	48.956	40.974
369.035	221.597	50.499	43.153
358.007	225.801	49.181	40.873
343.798	229.558	50.334	38.223
335.222	232.129	47.504	38.903
327.594	234.520	47.869	39.686
328.207	234.634	47.048	40.195
331.785	235.417	49.252	38.443
339.691	235.913	52.489	36.906
353.499	235.288	56.387	37.253
368.642	235.753	60.879	38.800
384.208	237.461	65.819	38.404
406.530	239.213	62.925	40.135
430.923	245.999	59.880	39.426
449.038	255.668	56.447	42.659
471.383	270.807	45.531	46.906
480.661	292.577	40.999	48.879
480.107	316.093	44.935	48.410
480.600	341.971	45.296	54.790
475.731	374.355	45.189	57.889
461.436	394.769	52.951	49.172
453.828	385.557	50.005	49.306
414.308	341.689	52.672	53.543
401.701	328.757	49.075	48.225
383.255	311.631	51.650	43.904
381.493	301.553	48.884	42.343
385.169	291.831	44.594	42.229
384.928	282.249	47.552	39.574
391.840	273.826	46.784	39.420
403.376	267.347	42.069	37.674
408.170	262.367	46.585	37.353
417.127	258.294	47.534	38.200
428.730	255.922	47.789	38.128
439.157	254.974	46.635	37.804
449.876	253.702	46.005	38.162
459.071	253.175	44.557	37.707
465.486	253.179	43.806	36.533
468.256	251.543	43.516	36.704
469.940	249.501	43.081	39.176
469.285	246.133	43.764	41.469
463.311	249.289	45.398	40.220
457.917	246.398	45.289	39.531
448.962	244.709	47.025	37.142
441.023	244.461	47.196	37.683
432.986	246.458	46.379	36.680
424.495	249.411	47.004	38.207
416.691	253.197	46.296	41.079
406.572	260.459	46.104	40.959
402.846	265.772	46.223	38.523
376.986	348.305	57.297	21.717
395.879	292.692	35.893	42.808
391.558	309.179	35.802	46.271
389.158	334.204	33.318	39.671
363.919	341.867	53.939	65.167
363.859	340.877	52.010	61.987
435.015	328.389	65.368	49.439
417.795	329.336	87.708	51.755
354.899	339.102	65.051	60.758
315.996	49.055	102.548	75.171
353.461	323.977	81.380	66.253
350.677	228.317	122.058	159.112
376.170	300.351	79.321	73.653
366.450	215.303	115.416	161.584
465.573	310.926	79.428	45.716
305.770	45.431	124.376	88.127
384.314	292.847	52.427	52.288
370.816	248.693	91.816	109.980
384.116	284.180	88.667	75.478
381.179	314.674	45.072	44.942
381.933	327.476	38.300	40.616
380.323	337.836	39.156	38.846
378.745	348.412	35.234	41.267
376.871	367.911	37.093	37.837
375.275	381.893	39.367	39.070
374.987	397.791	39.804	38.257
371.039	385.870	39.050	41.955
366.095	371.813	38.750	43.815
361.873	362.208	36.252	37.298
359.715	349.379	33.901	41.428
357.334	343.082	37.296	38.944
356.132	338.741	37.577	36.651
355.529	336.543	38.235	36.585
354.275	334.421	39.520	34.330
354.910	331.627	38.734	35.554
355.977	331.959	40.316	35.538
358.209	332.972	42.871	36.663
363.032	338.566	43.045	37.352
366.670	347.400	41.790	37.002
370.711	355.705	40.100	36.019
372.687	366.400	42.545	37.591
375.278	377.193	42.345	39.631
376.984	389.560	43.543	38.068
375.660	378.610	42.199	39.468
372.800	368.568	41.924	39.223
369.447	358.666	41.159	38.562
366.869	350.660	42.343	39.530
366.320	345.403	41.372	39.847
365.516	341.861	40.490	39.388
365.065	338.923	41.229	41.605
371.197	344.136	43.824	41.199
384.214	356.323	47.013	42.654
402.869	370.841	45.825	41.706
419.890	372.236	46.170	42.165
430.763	355.198	42.383	43.981
440.389	346.058	37.461	41.405
447.971	339.124	34.947	37.119
449.853	333.357	42.168	37.862
456.443	278.584	79.534	86.371
417.931	249.667	100.840	83.885
399.321	220.327	113.689	108.856
350.647	32.994	103.933	71.644
420.964	259.149	68.224	87.601
408.567	255.057	75.836	82.098
405.667	251.207	72.298	80.994
405.018	256.015	86.572	148.540
402.142	256.274	80.753	150.001
387.665	271.118	68.861	65.850
334.767	33.177	104.839	76.222
389.913	236.882	82.298	147.712
401.451	255.434	67.097	77.292
374.184	282.859	49.937	64.880
376.361	308.001	49.958	54.329
394.568	258.335	76.261	112.917
394.357	276.563	49.370	55.230
395.440	234.652	72.202	114.564
328.381	56.721	109.309	57.405
387.999	258.099	58.914	63.228
328.794	45.116	102.592	69.398
430.370	296.645	51.112	62.907
418.003	292.661	67.488	86.502
429.253	284.609	60.119	46.220
365.779	259.678	96.716	78.240
330.215	63.793	103.105	51.763
434.231	267.277	68.197	54.332
323.338	49.117	109.708	64.625
335.330	16.980	122.348	99.572
444.343	252.110	51.734	46.893
441.793	247.318	47.313	42.729
378.919	242.905	93.316	83.912
379.510	217.765	98.482	187.009
369.726	198.271	115.867	241.145
358.659	194.528	143.323	250.886
375.547	245.426	95.683	93.729
378.884	252.192	88.914	182.322
361.798	196.064	110.083	243.897
324.208	0.000	124.081	121.707
337.040	37.560	113.612	87.039
453.187	0.000	105.277	0.000
449.786	0.000	109.505	0.000
327.565	42.655	105.975	74.623
333.562	42.450	99.744	75.645
339.770	234.245	83.691	21.759
325.714	40.674	106.717	78.855
324.461	37.959	107.014	80.066
434.949	0.000	100.345	0.000
321.744	22.469	128.547	111.793
315.716	18.758	125.871	97.895
314.949	16.584	133.398	106.546
327.161	208.118	122.276	231.321
305.171	49.063	129.422	90.903
330.458	25.252	116.272	95.975
336.053	50.313	110.463	87.034
329.402	36.584	119.400	89.055
326.915	31.980	120.327	96.048
322.971	34.027	122.674	98.727
360.498	48.454	69.769	67.107
350.956	48.706	79.377	68.853
356.259	45.090	72.990	71.063
346.514	44.521	82.742	71.242
350.153	41.689	79.656	73.705
305.258	21.635	136.180	93.110
317.404	48.504	129.207	106.602
341.664	192.463	107.615	246.237
330.188	188.805	135.760	263.452
343.291	208.129	108.529	233.000
409.952	280.630	48.965	51.771
427.957	304.932	37.127	48.277
433.211	329.790	39.566	47.932
437.529	362.458	40.273	50.230
440.674	390.646	44.313	49.791
439.241	377.185	42.598	52.086
435.732	352.325	40.034	51.377
430.856	332.015	41.472	45.507
425.598	309.134	44.482	46.782
425.239	295.502	44.169	45.136
426.890	286.123	42.775	44.346
423.001	274.170	46.209	46.177
421.610	267.895	47.079	45.073
420.457	262.801	46.107	40.910
419.491	258.189	47.132	40.346
418.222	255.896	47.119	40.526
417.001	254.445	47.280	40.754
416.095	253.879	47.855	41.623
415.157	253.864	48.499	43.127
415.019	255.038	48.407	42.528
414.643	255.574	48.211	42.641
413.928	257.128	48.303	41.717
413.394	257.403	48.143	40.358
413.279	257.208	46.865	40.062
413.131	257.005	46.153	39.175
412.847	256.049	45.458	39.226
412.895	255.578	45.139	38.535
412.567	255.299	45.383	37.988
411.651	254.682	45.576	37.625
410.238	254.396	46.535	37.717
409.684	254.760	46.569	37.597
409.802	254.832	45.355	38.178
408.185	255.514	45.983	37.860
406.931	256.212	46.300	38.277
405.809	257.362	45.856	38.001
404.156	258.399	46.236	37.757
403.211	258.736	45.799	38.712
402.263	259.270	45.647	38.753
401.199	259.629	46.025	39.416
400.623	259.878	46.160	40.333
400.063	260.630	46.477	39.972
400.102	261.147	46.110	39.476
399.686	261.729	46.051	39.128
399.662	261.990	46.065	38.919
399.784	262.091	45.757	38.922
399.263	262.684	45.759	38.411
398.926	262.704	45.935	38.591
398.518	262.829	46.297	38.735
398.754	262.578	46.067	38.818
398.446	262.604	46.328	38.857
398.353	262.578	46.398	38.923
398.784	262.247	45.989	39.233
399.177	262.118	46.113	39.363
399.308	261.988	46.005	39.493
399.486	261.988	46.514	39.348
399.019	261.966	47.074	39.359
399.118	261.992	46.394	39.298
399.059	262.489	46.680	39.217
399.114	263.074	46.511	38.951
399.468	262.630	46.289	39.382
399.672	262.976	46.492	38.567
399.917	262.342	46.362	38.491
399.908	261.734	45.705	39.051
399.513	261.401	45.502	39.707
397.706	261.156	46.792	40.064
395.902	260.735	47.319	40.396
393.050	260.034	47.984	40.752
391.014	259.890	47.960	40.690
390.280	259.796	47.990	40.450
389.628	259.612	47.027	40.613
388.466	260.484	47.387	39.792
387.398	260.842	47.887	39.926
387.482	261.332	47.499	39.709
387.360	261.955	47.250	39.732
387.270	262.219	46.628	40.176
386.919	262.533	46.766	39.978
386.658	263.368	46.657	39.250
387.193	263.853	45.747	38.649
387.807	263.879	45.446	39.208
387.997	263.990	44.768	39.210
386.549	263.965	45.160	39.025
385.327	265.189	45.449	37.946
384.415	266.166	45.525	37.684
383.223	266.609	46.279	38.367
382.802	267.318	46.221	38.726
381.527	267.805	46.238	38.858
379.667	267.421	45.595	39.097
376.599	267.807	45.462	39.076
374.612	268.414	45.526	38.609
372.383	268.736	45.635	38.420
370.212	268.638	44.552	38.414
366.872	269.636	44.321	38.098
362.586	270.353	44.522	37.629
356.574	271.247	46.277	37.806
353.900	272.322	47.117	37.815
353.068	272.660	46.270	38.415
350.700	274.136	47.412	38.354
349.308	274.683	46.814	39.366
348.860	276.596	45.306	38.626
346.349	277.399	45.755	38.577
343.597	278.908	44.412	38.074
336.683	279.183	47.211	38.930
332.334	279.415	47.350	39.206
331.066	278.939	46.216	39.979
330.247	278.596	45.607	40.238
329.986	277.257	44.877	40.963
333.092	274.998	45.840	41.319
341.091	273.550	49.959	40.167
355.174	271.624	52.084	40.084
364.847	271.091	48.310	39.414
365.781	269.923	47.107	39.783
357.093	269.245	49.622	40.118
338.466	266.828	52.373	41.514
319.065	266.117	52.577	41.967
302.939	265.959	52.760	42.029
291.070	267.945	51.162	41.293
287.085	270.207	45.753	40.350
282.464	273.785	45.948	39.839
278.558	277.764	44.622	40.055
271.682	282.106	45.422	40.717
266.623	284.923	45.248	40.405
262.923	287.486	43.722	39.376
258.573	289.172	44.164	37.978
256.078	289.370	43.230	37.931
252.429	288.851	43.477	39.051
244.843	288.912	45.888	39.222
237.520	289.174	46.022	39.831
228.878	290.278	47.461	39.649
224.248	291.615	45.244	40.317
214.649	293.483	48.214	39.860
213.384	294.974	44.871	39.779
210.388	297.000	44.990	38.727
207.793	298.236	45.647	39.583
208.348	299.577	44.415	39.067
205.964	301.143	45.582	38.085
209.222	302.324	42.235	38.031
206.673	302.854	44.264	37.403
208.457	303.599	44.649	37.458
209.274	303.208	46.971	37.170
211.665	301.489	50.114	38.322
215.456	299.200	51.608	39.865
223.223	296.003	50.629	39.803
228.194	292.158	52.681	41.469
232.964	287.552	54.101	42.971
244.317	283.092	47.865	41.512
247.635	279.569	46.719	41.608
249.389	276.052	46.066	41.244
249.738	274.138	45.916	40.182
249.352	274.080	45.915	39.130
248.875	275.301	44.484	38.896
249.458	278.399	44.716	41.031
251.506	284.395	42.918	39.788
252.697	292.343	43.466	40.974
253.986	302.770	44.615	43.267
257.099	318.141	42.447	46.267
258.340	339.306	41.088	47.685
255.941	361.993	42.370	47.151
261.637	388.000	38.728	48.756
263.194	413.915	37.698	45.805
254.776	419.723	44.923	44.425
259.327	400.331	38.322	50.508
245.987	378.167	40.794	46.342
204.101	345.700	67.761	89.330
213.779	340.373	62.809	83.428
214.789	290.672	51.498	59.830
195.311	299.582	86.192	124.088
195.601	295.339	95.327	135.312
222.935	297.835	55.729	62.422
211.037	286.725	83.784	124.619
217.467	291.218	92.504	112.152
225.290	347.715	52.480	69.735
223.925	277.053	76.260	133.465
221.212	263.195	79.975	95.582
221.321	288.080	75.010	106.351
231.270	273.816	64.713	74.274
297.917	31.297	95.495	88.580
298.869	43.950	103.792	78.474
231.964	304.465	67.464	114.738
235.179	312.513	68.004	103.119
240.764	270.098	78.254	136.046
246.544	307.556	65.953	89.041
240.699	274.274	64.162	60.582
293.133	72.799	109.886	45.170
257.490	335.291	55.658	48.508
269.775	270.111	33.910	36.873
268.774	270.884	38.185	35.889
268.120	273.125	43.106	37.101
270.715	277.348	44.988	39.586
275.439	284.176	47.563	40.114
286.080	294.253	48.576	44.702
293.337	310.143	50.611	48.979
304.792	333.484	46.892	48.349
311.497	359.933	47.006	53.162
315.651	392.161	46.677	50.943
319.262	423.498	46.341	47.296
311.988	401.379	47.754	52.538
305.668	376.081	46.550	54.724
297.261	352.868	48.535	50.050
291.884	332.780	47.968	52.603
283.786	317.542	50.509	47.691
279.613	306.660	51.622	47.500
276.899	297.211	50.498	45.845
275.095	290.673	48.878	44.548
272.306	285.512	48.737	40.813
271.282	282.470	47.984	40.378
269.395	280.361	48.244	42.634
268.895	279.420	48.457	43.344
267.790	279.099	50.404	44.082
267.996	280.120	51.515	44.798
268.094	280.764	53.775	44.541
270.860	281.928	54.587	43.331
275.369	282.210	54.693	43.555
280.590	282.213	53.236	43.690
283.178	281.131	52.756	44.215
288.820	279.555	50.199	45.424
290.567	277.661	51.316	46.623
294.683	274.647	50.426	47.780
296.309	271.869	51.337	48.074
298.739	269.610	51.644	48.208
302.722	267.505	51.410	45.592
305.484	267.179	51.182	45.290
307.981	268.292	51.734	44.152
310.576	271.265	53.824	42.741
316.067	277.720	50.296	42.727
323.248	286.972	46.196	44.130
326.065	299.255	45.335	44.292
326.154	311.108	47.911	48.413
324.276	324.671	49.546	52.009
318.279	345.581	51.780	54.328
311.581	375.858	45.926	55.926
308.186	398.055	44.948	52.011
298.627	395.078	80.406	79.422
277.580	405.876	57.331	54.926
267.381	390.498	46.629	49.919
258.608	369.991	48.273	48.459
246.349	355.126	55.488	50.043
243.231	349.996	52.218	42.581
241.987	343.013	48.665	42.228
240.430	337.303	48.512	40.004
241.231	333.386	47.896	39.860
242.084	330.919	48.337	40.601
243.241	330.615	50.337	40.379
247.884	331.888	51.313	40.150
255.776	333.101	51.596	40.892
265.862	338.912	51.091	38.456
275.798	341.599	48.938	41.467
285.825	351.203	47.464	41.201
296.498	359.448	41.628	46.223
305.606	366.811	38.013	51.710
313.714	363.301	67.779	75.518
365.932	307.784	36.558	50.612
315.919	308.067	72.021	116.567
347.262	405.615	43.075	46.269
340.995	396.032	50.050	51.767
340.379	365.332	53.470	62.573
356.720	351.969	47.932	49.855
363.765	347.512	44.662	44.737
367.903	340.280	41.108	42.992
367.981	333.461	38.255	41.042
364.652	329.278	40.159	38.729
363.407	324.717	40.478	38.358
361.656	317.750	45.604	39.196
360.035	311.624	48.898	41.685
359.189	303.361	51.202	42.607
362.308	295.889	45.329	40.789
298.018	355.871	19.578	47.202
348.439	287.055	48.530	46.712
417.658	291.770	50.328	48.164
418.073	296.126	48.507	52.086
420.928	330.561	77.526	91.451
274.120	307.485	73.376	74.716
411.348	280.108	88.629	136.297
229.389	274.259	77.101	150.219
229.507	283.112	78.692	145.594
334.031	383.281	116.295	79.140
368.040	389.406	70.084	58.011
398.033	367.528	36.652	59.617
392.502	346.431	38.525	58.681
389.602	328.528	45.036	52.110
385.893	320.485	49.608	41.482
384.250	310.971	51.391	41.356
379.623	298.903	52.725	44.241
382.957	294.937	53.472	42.855
378.473	288.461	56.310	44.864
370.649	281.910	58.941	46.686
366.861	281.733	58.136	45.603
365.998	281.264	53.111	45.594
364.221	283.689	53.074	44.401
355.396	284.322	53.804	44.619
357.590	283.933	48.877	45.902
356.321	283.731	49.321	43.004
356.977	282.341	46.889	44.475
355.695	280.059	47.583	47.525
355.448	277.541	48.694	47.939
353.095	274.291	52.165	46.790
351.336	270.766	55.548	46.518
351.412	267.558	53.081	49.915
346.441	366.424	53.860	29.752
285.512	318.709	72.127	67.632
351.088	261.017	43.257	56.597
346.918	268.406	46.644	55.314
339.783	288.628	66.856	56.545
332.565	277.137	74.017	61.032
294.571	287.393	97.676	113.348
124.720	290.272	112.780	143.124
291.524	255.225	76.955	68.219
306.628	277.263	88.289	147.200
303.909	363.899	68.383	74.218
305.191	409.902	50.755	55.449
302.823	423.229	44.529	53.987
294.545	405.054	46.645	51.010
287.272	384.276	47.998	52.169
279.264	363.938	47.549	52.514
272.345	350.279	48.369	48.593
261.272	342.762	54.493	41.915
258.020	333.730	51.853	46.151
256.215	328.984	50.782	46.762
256.584	324.705	50.116	45.132
260.990	323.332	47.666	43.960
266.053	321.285	45.470	45.519
266.096	323.040	49.234	45.725
295.385	312.763	85.649	69.830
280.908	310.694	45.153	55.809
286.986	305.551	45.875	59.246
294.394	238.866	83.095	97.089
427.291	435.475	14.312	18.469
306.620	286.000	83.583	142.634
293.065	282.872	87.360	117.693
278.533	39.180	115.332	89.646
275.552	24.643	118.318	88.890
65.806	336.462	76.504	112.199
274.795	32.955	111.644	84.811
301.470	296.604	92.927	149.406
353.861	278.852	49.410	48.137
352.218	275.596	50.654	48.831
347.642	273.986	56.985	45.385
355.392	269.960	49.896	46.579
356.241	264.519	50.535	48.192
358.225	257.213	50.550	47.653
361.227	249.623	50.754	45.731
364.340	241.937	51.176	45.232
366.645	234.475	52.373	43.947
368.988	227.463	52.417	43.669
370.524	220.603	51.635	47.893
369.503	215.113	52.696	48.880
366.932	210.250	53.096	46.088
363.458	207.029	52.175	47.345
359.149	205.781	52.660	47.249
355.696	205.110	52.354	47.497
351.909	204.048	52.961	47.823
349.095	204.031	52.417	46.896
347.779	204.041	52.173	46.947
347.773	204.134	52.162	46.487
350.531	204.497	51.836	46.074
353.296	205.140	52.602	45.055
356.612	206.181	52.689	45.221
360.990	208.342	52.816	46.970
366.691	212.142	52.250	45.609
372.016	219.284	54.380	43.306
378.440	226.826	54.330	43.343
382.345	237.096	55.021	46.076
384.307	248.567	53.659	46.878
381.018	259.255	53.029	43.786
373.778	265.594	50.581	42.567
