515.000	90.000	21.000	42.000
516.166	89.529	20.016	43.360
515.699	89.396	18.878	44.166
513.566	90.315	20.423	42.416
512.020	90.275	19.846	43.378
510.108	90.250	20.416	43.684
509.088	90.142	19.712	43.389
507.866	91.394	19.661	42.038
506.480	91.830	19.979	41.830
504.999	91.061	21.034	43.114
503.413	91.903	21.988	42.076
502.021	91.351	22.283	42.842
503.041	92.060	21.295	42.611
500.187	92.240	22.820	42.400
499.286	91.890	21.831	43.949
498.614	91.651	21.843	42.290
498.554	92.601	21.067	42.870
496.830	91.946	22.311	42.835
497.260	92.510	21.392	42.473
496.654	92.329	22.266	42.996
497.297	92.252	20.964	44.532
496.760	93.431	21.149	43.439
496.374	92.937	21.076	43.890
495.311	93.435	21.963	43.612
495.390	93.529	21.426	43.904
495.577	93.525	21.555	43.472
494.985	94.291	22.508	43.872
495.512	93.288	21.525	44.637
496.962	93.458	20.100	44.676
496.450	93.415	21.504	44.677
496.307	94.569	20.908	45.509
495.260	94.584	22.153	46.534
495.417	94.043	21.462	46.999
495.933	94.326	20.555	46.029
493.951	96.069	22.183	44.237
493.401	96.081	21.884	45.423
492.376	96.189	21.405	44.988
491.009	95.679	21.489	44.577
491.060	96.042	20.131	45.383
488.767	97.112	21.307	44.492
486.418	96.964	21.813	44.592
484.519	96.742	21.351	44.616
483.286	97.367	20.064	44.945
481.875	97.827	19.978	44.850
479.805	98.595	20.973	43.726
477.982	97.821	21.420	45.089
476.526	98.169	20.954	45.089
474.560	97.695	20.255	45.996
472.129	98.622	21.678	45.708
469.102	97.745	23.082	46.031
467.475	98.185	21.882	45.395
465.727	98.064	20.782	46.034
463.475	98.102	21.666	46.775
462.500	97.852	21.346	47.546
460.710	99.469	20.951	45.601
459.378	99.284	19.920	46.153
455.610	99.913	21.434	45.230
451.851	100.373	22.940	44.896
447.919	100.837	24.502	44.132
445.092	101.355	24.460	43.924
442.308	100.540	23.699	44.581
474.959	100.486	20.598	42.236
473.492	101.614	17.181	41.954
438.574	101.636	21.629	45.363
436.907	101.824	20.614	46.671
433.669	100.380	21.624	47.079
433.435	102.146	20.797	47.856
431.259	103.104	22.648	46.892
430.331	101.181	22.711	48.723
426.300	102.464	21.062	45.053
395.133	112.278	33.102	56.130
419.471	101.478	21.498	44.393
417.526	101.100	20.627	44.940
416.452	100.789	21.094	45.365
415.094	101.703	20.495	49.281
412.472	100.663	21.455	48.359
437.446	103.691	22.182	50.368
513.509	92.839	7.562	43.661
405.721	104.240	21.572	47.399
403.380	103.104	21.936	48.067
401.030	102.579	23.372	49.011
399.208	106.504	22.153	50.749
397.069	104.665	21.880	51.061
346.530	134.307	34.103	62.766
342.852	137.010	27.511	62.415
338.406	138.258	27.782	61.415
332.847	140.345	28.417	60.308
330.179	143.077	28.995	58.797
323.844	142.991	32.632	60.726
320.690	144.249	30.629	64.112
369.816	133.562	26.745	60.457
454.184	205.814	15.547	44.945
376.324	138.844	25.402	61.849
376.309	109.932	22.099	45.188
374.789	109.622	21.779	44.596
373.367	110.872	21.679	45.220
371.321	111.293	21.155	44.667
369.262	111.236	21.859	46.013
367.472	110.889	21.999	48.434
365.867	112.290	21.671	47.736
363.555	112.770	21.325	47.191
361.198	112.699	22.176	47.830
360.473	112.694	21.102	47.136
359.102	112.195	19.472	48.971
357.382	112.928	19.500	50.220
353.994	113.611	21.653	47.873
352.606	113.484	21.606	48.530
350.699	114.001	21.934	47.960
349.163	114.165	21.531	49.336
346.465	114.556	21.596	50.133
345.145	114.980	21.331	49.867
343.727	115.568	21.580	48.608
341.699	115.544	21.441	49.661
339.568	116.081	21.460	50.935
337.924	116.067	21.317	52.127
335.730	116.539	20.753	51.692
334.052	116.447	20.614	52.429
332.794	117.286	20.737	52.676
331.048	118.195	21.290	51.807
330.696	118.473	21.355	50.424
328.796	118.845	21.903	48.352
326.924	118.512	21.022	47.886
324.364	119.053	22.022	48.029
322.044	119.863	23.299	47.643
320.856	120.466	23.006	48.084
319.231	120.087	23.150	48.849
317.224	120.603	23.177	48.270
316.493	121.630	23.254	49.043
315.524	122.086	23.149	48.670
313.752	122.312	23.072	47.959
312.517	122.042	23.221	48.561
310.911	122.752	23.065	48.315
309.199	123.312	22.981	49.702
305.985	123.554	23.723	49.343
304.052	122.633	23.565	49.874
303.200	124.035	23.335	49.785
302.242	125.118	23.745	49.037
300.551	124.426	24.627	53.344
300.360	124.880	24.321	48.169
298.814	124.509	24.437	49.941
299.059	124.944	23.025	49.447
296.864	125.402	22.808	51.546
295.967	124.582	22.128	52.838
292.667	125.012	24.279	53.803
291.691	125.807	23.985	51.272
291.279	127.260	23.389	50.817
290.309	127.086	23.801	51.638
288.824	127.313	24.110	51.625
286.741	127.194	25.087	54.012
285.423	127.126	25.866	52.749
284.484	128.010	24.699	50.284
283.082	128.348	25.402	52.524
282.607	128.818	25.543	51.927
281.496	128.716	25.640	54.487
280.791	129.061	26.869	57.040
279.020	129.792	27.498	56.466
278.975	129.530	27.141	57.675
279.685	128.830	27.145	59.881
278.608	129.020	28.077	58.242
278.024	129.561	27.335	56.354
277.645	130.209	28.319	57.441
277.423	130.706	26.706	58.545
277.587	129.977	26.958	58.716
277.528	130.548	27.164	58.313
276.354	131.107	27.912	59.520
276.513	131.443	27.320	59.879
277.170	131.431	29.061	59.606
277.158	131.224	28.437	59.006
276.458	131.335	28.605	59.276
277.548	132.059	27.497	57.569
275.498	133.088	30.833	57.102
273.911	132.979	31.475	58.705
276.183	132.194	28.722	62.009
278.288	133.201	27.873	61.809
279.529	133.750	25.884	59.307
279.328	133.820	26.555	57.993
277.923	132.870	27.998	58.350
278.464	133.237	28.899	60.346
278.243	133.334	29.133	62.660
280.199	133.384	26.958	64.403
280.609	133.424	25.536	62.802
280.264	133.637	26.988	64.924
281.105	134.239	27.755	63.398
281.027	134.699	28.182	60.984
281.946	135.801	28.168	60.036
282.028	135.836	28.153	59.334
282.398	135.596	29.336	61.912
281.077	135.488	29.551	61.187
282.653	136.783	28.765	60.041
282.294	136.696	29.466	60.805
281.673	137.837	28.640	60.956
282.042	136.512	28.636	62.283
280.718	136.439	28.181	64.148
280.371	138.125	28.652	62.668
281.165	138.574	27.657	62.717
281.011	138.884	28.527	61.313
280.775	138.499	28.833	62.620
280.026	138.774	28.674	62.278
278.485	140.201	29.899	60.644
276.726	141.003	30.530	59.837
276.357	140.782	29.238	61.097
276.196	140.486	28.818	61.012
275.886	141.252	28.066	60.359
274.251	141.616	29.408	59.677
272.604	142.466	30.842	60.669
270.948	142.449	31.558	60.274
272.393	142.306	28.938	60.951
272.197	142.862	28.652	61.365
270.777	144.307	28.584	59.827
269.717	143.891	28.296	60.300
269.395	144.058	28.133	60.632
269.159	144.279	28.431	62.390
267.964	145.363	29.630	60.395
267.492	146.553	30.720	60.738
266.903	146.192	29.639	63.686
267.682	146.099	28.030	65.158
265.198	146.781	29.389	63.696
264.739	147.566	29.712	61.769
264.840	148.481	28.636	61.119
264.026	147.700	28.925	62.270
264.326	147.526	28.082	63.113
263.144	148.534	28.247	68.470
261.845	148.940	29.025	72.446
261.402	149.583	30.716	72.666
261.560	149.817	30.594	72.890
260.953	149.909	30.705	74.193
261.716	149.879	30.088	74.542
261.559	151.291	29.017	73.915
260.305	151.090	28.782	72.078
259.963	150.210	29.626	72.075
259.911	150.518	29.903	74.647
260.356	151.191	29.602	75.305
259.566	152.484	30.889	73.757
259.382	152.522	31.895	76.378
259.987	152.245	31.562	74.187
259.566	151.772	31.116	77.027
258.742	151.931	31.183	76.669
258.527	153.124	32.033	74.454
258.166	153.345	31.893	72.193
257.375	153.721	33.831	69.796
257.058	154.290	33.682	70.818
257.472	155.577	33.816	72.366
259.192	155.524	31.536	73.340
259.466	155.350	31.534	71.949
257.547	155.317	31.309	72.277
259.173	155.801	30.766	71.609
256.544	156.180	30.618	70.804
256.451	156.908	31.092	68.111
255.847	157.010	30.652	68.316
254.355	157.446	31.953	66.950
253.976	157.879	32.916	68.769
253.534	158.973	33.009	67.720
253.176	159.491	32.711	68.552
252.593	158.939	32.488	69.657
253.111	159.116	30.185	68.441
251.920	160.393	30.227	67.472
250.408	161.304	29.998	69.066
248.829	161.602	31.146	69.032
248.633	161.856	30.623	69.345
246.970	162.793	31.133	68.477
248.396	163.081	29.165	69.952
247.732	162.745	30.132	71.846
246.639	163.495	30.100	71.608
245.724	163.616	30.127	71.101
245.125	165.084	29.409	71.426
244.319	165.617	28.869	71.304
241.695	165.872	30.210	70.966
239.046	166.138	31.090	70.435
236.268	167.542	32.802	68.694
232.911	168.076	36.302	70.325
231.595	167.929	37.405	71.715
230.737	167.261	37.880	71.237
229.130	168.399	37.803	69.913
229.478	170.189	36.305	70.258
228.975	170.166	35.236	72.361
226.380	169.998	36.340	75.104
224.639	169.779	37.314	76.701
222.791	171.446	38.936	74.059
223.436	171.857	38.604	75.326
223.449	171.323	37.179	76.805
223.098	171.597	36.790	75.177
222.431	173.841	36.980	73.435
221.813	174.703	36.751	74.226
221.446	174.607	37.183	74.529
220.815	174.180	37.234	74.128
219.327	175.022	37.753	74.610
218.024	175.176	38.475	75.326
217.100	176.053	38.581	74.031
216.024	175.632	39.267	75.773
215.049	176.417	38.355	74.705
214.345	177.959	37.821	74.766
212.974	178.315	37.416	76.058
210.716	178.774	38.036	76.703
210.138	178.740	37.951	77.428
208.579	179.501	37.837	77.149
209.687	181.176	36.650	76.526
208.621	181.492	37.024	76.904
207.922	181.728	37.537	77.664
206.219	181.990	37.881	76.651
206.069	182.843	37.007	75.397
206.353	183.488	35.459	76.287
205.821	184.247	33.651	76.030
204.654	184.974	33.803	74.126
204.344	184.502	32.113	75.506
203.040	185.887	33.401	74.446
202.072	186.733	33.392	75.022
200.258	187.138	35.061	75.791
198.157	187.220	36.673	75.750
196.341	187.602	36.553	76.275
193.695	188.964	38.523	76.949
191.210	190.522	38.822	76.560
189.325	189.822	38.303	77.908
189.513	189.496	36.262	79.892
189.373	190.011	34.699	79.893
189.309	191.454	33.931	79.678
189.163	192.093	33.720	80.084
188.629	192.473	34.218	80.456
188.181	192.416	34.059	80.637
187.270	193.449	34.015	80.796
186.259	195.239	34.065	79.214
182.817	195.414	35.158	81.829
180.873	195.959	35.612	81.367
179.827	196.600	34.405	81.201
178.933	197.398	33.951	79.866
177.484	198.244	33.832	81.176
175.330	199.072	35.053	83.035
173.291	199.206	35.239	82.869
171.103	200.114	35.724	81.810
168.921	201.802	36.134	81.167
167.735	202.481	33.921	81.145
165.700	202.240	33.941	81.527
164.640	202.962	33.259	81.514
163.093	204.422	33.461	81.162
160.330	206.315	35.235	79.998
158.888	206.111	35.208	82.236
156.967	206.451	35.309	83.121
156.061	206.586	34.359	83.468
154.928	207.674	33.794	81.847
154.415	209.189	32.122	82.297
152.490	209.946	32.504	82.410
150.838	209.875	32.395	84.040
150.011	210.971	32.135	82.376
148.800	212.419	32.445	83.270
147.640	213.366	32.926	83.776
146.792	213.349	32.905	83.488
145.756	212.972	32.214	85.162
144.779	213.854	31.876	83.718
142.944	214.732	31.676	83.372
140.245	215.554	31.309	84.943
138.756	214.979	30.667	85.656
136.584	214.920	31.531	86.484
133.657	215.889	32.499	87.734
131.580	218.819	33.712	83.953
129.838	219.507	32.701	85.785
128.589	219.241	33.081	87.009
126.171	219.343	32.752	86.158
125.275	220.586	33.379	85.506
120.896	222.016	36.357	86.778
118.511	221.673	35.083	88.756
116.268	221.687	33.163	89.116
114.365	222.611	32.392	87.191
112.823	224.146	31.061	87.668
111.102	225.189	30.738	88.675
107.011	226.264	33.501	89.520
103.712	226.160	35.294	89.322
103.259	227.362	33.749	89.391
101.817	229.528	34.302	87.842
99.202	229.630	35.145	89.089
96.256	229.166	34.070	91.190
94.506	229.148	32.207	91.466
91.885	229.757	32.216	92.506
88.946	232.051	33.007	93.296
87.618	232.845	32.696	93.259
86.037	233.020	32.791	93.355
82.506	233.211	34.004	93.583
79.148	234.925	35.403	93.660
76.255	237.734	37.276	90.953
73.572	236.273	37.116	94.621
72.536	235.660	34.301	95.396
69.698	235.997	35.080	96.347
65.469	237.951	37.033	95.856
60.129	240.217	38.390	94.817
55.282	241.216	42.807	95.624
52.166	241.545	44.361	95.845
51.154	242.072	43.936	97.417
49.638	244.469	42.979	96.561
46.758	245.764	42.676	97.185
45.258	245.125	41.640	98.649
43.686	245.111	40.507	99.332
40.856	247.571	41.581	97.105
38.516	249.328	41.692	95.958
36.518	250.314	41.227	96.419
33.927	250.332	42.249	97.179
33.034	250.706	40.767	98.110
33.098	252.003	38.017	98.630
30.370	254.302	39.806	97.188
26.769	254.742	40.540	99.382
23.829	254.716	40.003	99.960
20.773	254.989	39.641	100.554
18.127	256.658	39.757	99.983
14.773	258.595	40.848	99.040
11.598	259.258	41.451	101.735
7.223	260.282	42.431	101.339
6.143	260.813	41.293	101.441
5.420	262.227	39.143	102.545
