13.000	346.000	94.000	114.000
41.264	340.565	94.388	108.407
60.370	335.622	90.272	105.834
65.605	332.717	84.418	105.057
66.990	329.188	83.160	103.317
84.251	326.709	77.107	99.300
106.335	324.635	74.123	100.087
124.587	319.927	69.322	98.867
140.568	316.765	67.362	96.014
158.157	311.992	65.608	96.145
170.773	308.087	65.344	94.419
193.368	304.881	64.228	91.787
210.505	302.148	64.393	90.494
224.840	299.548	61.201	88.914
239.246	297.779	59.202	86.808
253.208	294.730	55.709	85.877
264.152	292.108	55.136	86.141
274.711	289.726	54.483	85.395
283.433	286.828	54.110	84.533
293.345	283.440	53.171	83.649
299.176	280.466	52.168	81.715
304.380	276.129	50.376	81.910
306.480	273.417	52.620	79.954
309.422	269.935	51.358	78.926
311.942	266.646	48.918	78.711
311.926	263.889	48.118	77.520
310.854	260.885	47.156	76.596
308.656	258.303	45.762	76.096
304.920	256.014	46.225	75.330
301.698	253.155	45.075	73.493
299.921	250.556	43.025	73.357
297.477	248.161	42.037	71.523
295.037	245.291	40.843	71.153
291.947	243.110	40.611	70.686
288.888	240.884	39.983	70.001
285.794	238.993	39.640	69.393
281.403	236.866	40.456	68.052
277.187	234.465	41.173	68.714
273.667	232.403	40.644	68.330
268.160	230.542	40.086	66.619
264.513	228.136	39.001	67.410
260.873	225.835	37.839	66.658
257.536	223.708	37.575	65.789
253.752	221.030	37.944	65.984
251.004	220.199	37.882	63.560
248.780	217.429	36.762	63.404
247.113	216.033	36.080	61.119
246.211	213.759	35.115	60.005
244.417	213.356	36.059	56.777
243.522	211.001	36.038	55.022
243.598	209.289	33.836	54.867
243.605	207.224	33.027	54.396
243.550	205.928	32.239	52.777
243.531	204.397	31.952	52.109
242.424	202.726	32.290	51.855
241.949	200.959	33.144	51.330
242.171	199.114	32.202	51.929
241.726	197.203	31.862	50.716
240.909	195.257	31.858	51.332
240.797	193.717	30.901	50.839
239.957	191.311	31.131	51.377
239.117	189.795	30.294	51.214
236.591	188.461	32.156	50.743
234.400	187.702	33.188	49.414
233.453	186.394	32.950	48.566
232.398	185.044	32.243	48.366
231.220	184.011	31.666	47.732
230.690	182.418	30.977	48.151
229.876	181.502	31.182	46.784
230.387	180.216	29.775	45.872
230.723	179.057	30.099	44.826
232.642	177.578	29.383	44.034
235.466	175.946	28.226	44.500
238.438	175.133	28.099	43.671
241.534	173.611	27.339	43.943
244.630	172.916	26.486	42.755
247.846	171.643	25.975	42.291
250.114	170.735	26.643	41.473
252.515	170.158	27.114	41.110
255.589	168.923	26.636	40.561
257.214	167.916	27.108	39.849
259.295	167.008	26.840	39.876
261.051	165.794	26.756	40.370
263.279	164.871	26.846	40.656
265.750	164.044	26.547	40.637
267.460	162.960	26.520	39.695
270.688	162.062	25.126	40.236
273.856	161.207	25.767	39.399
278.278	160.620	24.872	39.483
283.256	159.359	25.502	38.744
288.119	157.986	25.127	39.922
293.901	157.131	24.216	37.908
299.491	155.861	24.406	38.235
304.600	154.754	24.276	40.118
310.772	153.842	23.745	40.379
315.896	152.355	24.783	42.784
320.510	151.858	25.036	42.245
325.358	151.475	26.675	41.875
329.919	150.875	25.871	41.774
335.076	149.956	23.842	41.880
337.864	149.509	24.602	41.243
339.744	148.408	25.594	41.077
343.337	147.794	25.961	38.671
348.183	147.649	22.439	35.168
352.700	147.126	19.280	33.741
355.331	147.461	21.100	32.165
358.423	148.479	21.982	31.701
363.087	146.180	20.319	33.449
364.340	145.201	21.887	32.165
367.716	144.601	22.638	31.661
