231.000	119.000	30.000	68.000
230.919	118.146	29.794	69.154
231.401	117.984	29.389	69.921
231.464	118.080	28.927	69.825
230.966	118.247	29.246	70.717
230.087	118.288	29.453	70.457
230.093	118.355	29.154	71.063
229.612	118.386	29.243	71.647
229.710	118.374	28.898	72.250
229.815	118.673	29.349	72.799
229.968	118.997	28.734	71.802
229.900	118.904	28.846	72.999
229.926	118.927	28.140	73.213
230.260	119.722	27.274	73.587
229.186	119.938	28.314	73.666
227.942	120.798	28.939	72.658
227.973	122.016	27.471	71.728
226.630	125.284	26.895	68.777
225.079	126.862	26.907	67.525
224.133	127.029	26.228	67.584
223.566	127.592	25.580	67.157
223.247	127.639	24.680	68.164
222.427	128.101	24.776	68.133
220.284	127.839	24.988	68.404
218.923	127.080	25.291	69.378
217.196	127.073	26.707	70.771
215.886	128.109	28.122	69.810
215.869	128.740	28.199	71.257
215.890	128.623	28.573	70.766
215.258	128.669	28.458	71.262
215.122	128.967	28.411	71.225
214.456	128.844	27.800	72.786
213.288	129.757	28.232	70.726
213.282	128.884	27.589	72.437
213.013	128.769	26.908	74.016
211.900	129.230	27.349	69.227
212.224	129.391	26.074	66.785
211.015	129.640	27.068	65.738
210.756	130.952	25.980	63.511
210.012	129.193	25.450	64.690
208.399	130.740	24.709	73.643
203.418	130.183	24.648	75.702
203.079	131.167	26.443	77.150
202.809	131.846	25.092	77.459
201.800	132.538	27.393	76.451
200.605	136.038	27.582	74.690
200.225	135.943	27.693	75.359
199.103	136.567	27.654	74.843
198.395	137.524	27.074	75.120
198.542	137.739	27.754	75.359
198.282	137.887	27.097	75.413
197.541	137.642	27.308	76.313
197.523	137.794	26.942	76.987
197.385	138.115	27.620	77.043
198.660	138.089	26.432	76.785
199.445	138.772	25.668	76.423
200.094	137.337	26.307	77.085
199.865	138.451	26.274	78.467
200.255	140.513	24.665	78.213
199.793	141.276	24.639	78.801
197.214	141.222	25.885	79.182
196.594	141.887	27.806	77.655
196.363	141.694	27.011	78.281
195.191	144.242	28.425	77.712
193.203	144.410	30.561	79.537
191.856	144.146	30.998	78.214
191.314	144.447	30.853	78.976
190.623	146.995	30.789	78.237
189.104	148.362	30.693	78.024
187.655	148.405	30.645	77.909
185.277	148.217	32.009	77.642
184.024	148.650	31.403	78.274
181.448	149.114	32.763	78.452
180.316	149.645	32.329	79.006
179.092	149.820	32.349	79.358
176.991	150.467	33.106	78.489
176.468	151.913	32.123	79.344
175.801	153.341	30.367	78.518
173.938	153.673	30.204	79.389
172.574	153.112	30.733	79.241
170.865	153.036	31.918	80.684
169.693	153.407	32.461	81.109
168.950	154.820	32.580	80.638
168.202	156.354	32.955	79.806
168.065	156.047	32.639	80.226
167.061	156.196	32.932	80.595
167.012	156.712	31.855	80.834
165.817	158.359	30.923	81.385
164.474	158.001	30.358	82.090
162.817	157.747	31.817	82.197
161.587	157.754	33.661	83.410
161.310	159.023	33.284	82.684
161.764	159.111	33.052	83.802
161.039	158.697	33.561	83.404
160.303	158.088	33.437	85.693
159.832	159.284	33.050	86.322
159.628	160.723	32.318	84.063
159.096	161.317	31.630	85.747
157.779	160.994	32.334	86.473
156.593	160.431	33.034	85.887
156.344	162.441	33.318	85.715
155.089	164.078	35.051	85.528
155.376	163.021	34.780	87.292
154.998	163.521	34.042	85.946
154.285	163.677	33.302	86.429
154.237	164.867	32.084	87.430
152.354	166.349	32.638	87.144
150.735	166.648	32.649	87.486
148.777	167.085	33.446	87.061
147.984	167.349	33.501	87.998
146.244	168.819	34.634	87.337
145.258	170.053	34.185	87.023
143.698	170.161	34.498	87.994
142.453	170.010	33.339	87.318
142.014	170.615	32.531	89.106
141.681	172.320	31.708	87.834
139.935	172.469	31.898	89.500
137.943	171.816	33.084	91.230
136.597	172.074	34.624	90.420
135.279	172.206	35.657	91.712
134.769	174.982	35.316	91.475
135.285	175.200	34.081	93.140
134.897	176.018	33.044	92.117
133.583	177.268	33.221	91.838
133.434	178.696	31.761	91.661
131.388	180.283	32.662	91.981
129.583	180.136	34.237	93.156
128.307	180.061	33.991	92.867
126.177	182.002	35.366	92.892
124.925	184.345	36.192	90.954
124.952	183.670	34.614	94.062
124.100	183.299	33.907	94.176
122.718	184.559	34.515	94.847
122.955	185.995	33.713	94.144
121.741	186.409	34.320	95.567
120.967	186.768	35.331	96.750
120.604	187.241	36.174	96.057
120.571	187.828	36.133	95.775
121.142	189.935	35.951	94.907
122.240	190.413	35.433	96.396
123.450	190.922	35.976	96.257
123.665	192.078	35.731	95.910
124.694	193.697	35.446	95.933
125.012	194.960	35.464	96.759
125.266	194.965	35.728	97.389
125.950	194.461	35.907	98.045
126.743	195.099	35.664	99.519
126.332	197.619	36.566	98.984
127.381	197.204	36.229	99.933
128.582	196.804	35.314	100.857
129.672	198.373	34.785	100.189
129.383	200.302	35.525	99.834
127.960	201.954	35.775	101.118
126.004	201.457	36.992	102.436
125.065	201.591	36.750	100.596
124.828	202.124	36.636	101.871
124.793	204.423	36.867	102.214
123.618	204.381	38.421	103.824
123.873	205.740	38.021	102.264
123.652	206.659	38.031	101.521
123.759	207.131	37.061	103.501
123.768	209.038	36.916	104.808
122.663	209.844	36.784	106.701
121.449	210.292	38.557	105.739
120.420	211.042	39.369	107.339
120.737	212.718	38.977	107.432
120.513	213.457	38.963	109.050
119.991	213.445	39.473	108.729
119.260	214.752	39.614	109.175
118.224	218.117	39.435	108.949
116.822	219.133	40.196	110.596
115.869	219.370	41.203	109.704
114.796	221.195	42.727	108.720
115.556	222.481	41.713	109.717
115.877	224.175	42.258	111.412
116.813	224.414	41.613	111.820
117.003	225.022	41.821	110.759
118.355	226.709	40.145	111.772
119.029	228.136	39.524	111.659
119.326	229.479	39.781	113.520
118.652	229.942	42.035	113.112
119.070	230.375	42.488	112.682
120.288	232.424	42.482	113.336
122.161	234.897	42.500	113.351
125.473	234.858	41.367	115.391
126.532	235.447	42.081	115.715
128.449	236.747	42.178	114.725
131.076	239.388	41.580	117.997
132.000	243.660	42.864	118.666
132.558	246.560	44.180	116.789
134.950	247.822	42.533	115.249
137.135	248.850	42.861	117.393
140.237	251.201	42.261	119.387
142.239	252.508	42.399	118.788
144.358	251.926	42.414	119.017
145.027	251.819	43.454	120.236
145.044	254.347	44.849	122.182
145.145	255.131	45.482	123.978
145.628	254.839	46.416	125.092
146.031	255.378	47.719	123.859
147.770	257.939	47.738	125.068
150.249	259.108	46.816	125.608
152.991	258.778	46.131	127.050
153.444	259.788	46.935	126.980
154.718	261.191	46.929	125.892
155.695	264.044	46.871	126.483
155.817	266.768	45.508	127.457
155.444	266.473	45.360	128.684
153.002	267.008	47.528	128.521
153.405	269.315	47.414	129.286
153.171	271.838	46.564	132.024
152.289	272.495	46.716	131.527
150.457	273.145	47.422	132.009
151.045	275.201	44.858	133.792
150.555	277.687	44.294	133.865
148.363	278.047	45.336	134.063
146.815	277.741	48.337	134.704
144.279	278.196	51.762	134.148
143.289	281.012	53.144	135.206
144.076	282.811	53.404	136.963
145.617	282.547	52.544	137.782
146.626	284.128	51.690	136.201
147.405	286.643	50.991	138.115
146.741	289.588	49.318	141.166
145.012	289.522	50.497	141.409
142.890	289.084	52.595	141.934
143.960	290.692	51.766	140.359
145.640	291.614	49.918	143.095
146.641	293.989	50.411	144.311
148.113	294.615	49.926	145.873
147.083	295.269	52.420	144.431
146.847	268.820	53.604	148.185
146.290	231.938	54.221	149.183
144.031	193.202	54.060	155.884
142.688	181.692	56.333	148.147
144.842	183.274	53.342	147.357
146.966	184.737	50.605	151.232
149.973	188.305	50.361	152.124
151.491	189.203	51.357	152.247
150.702	189.933	54.430	152.421
149.727	193.087	56.188	152.839
151.857	196.359	53.869	154.965
153.719	198.269	53.654	155.810
156.515	199.495	53.213	155.144
159.522	200.076	52.265	154.480
162.199	202.204	52.015	156.387
164.923	206.232	51.615	157.044
168.240	207.458	51.403	160.103
167.593	209.323	55.337	158.936
164.566	211.377	62.170	157.459
166.302	215.242	60.936	160.840
167.754	188.700	60.598	170.551
168.545	145.729	58.203	175.227
168.387	123.156	58.671	168.274
170.614	99.233	57.256	164.315
171.859	104.901	58.171	166.017
172.816	109.698	57.556	166.195
175.907	111.015	55.247	165.616
174.660	112.829	57.893	164.498
173.550	116.273	60.372	166.404
173.131	79.868	59.631	176.112
173.023	37.066	60.611	171.359
173.942	30.232	59.828	170.325
175.379	32.857	59.151	169.691
176.016	37.615	60.016	171.188
178.572	40.408	57.498	173.588
179.582	44.710	59.570	174.577
176.475	45.991	67.128	176.146
176.934	47.211	71.762	175.646
183.527	49.145	67.776	179.877
192.144	53.541	61.379	181.126
195.477	56.234	60.661	184.377
195.658	55.823	63.909	184.617
196.712	59.067	66.874	184.181
199.953	63.901	66.969	187.488
199.584	65.872	69.889	190.337
177.329	69.869	77.696	189.503
169.454	73.870	74.756	187.990
177.328	77.634	68.383	187.000
179.300	82.254	67.703	190.225
181.002	87.119	66.917	192.151
179.642	87.091	65.960	194.986
175.383	87.744	71.720	193.246
175.237	91.030	71.863	192.126
177.166	94.781	74.174	195.824
203.753	98.918	75.082	197.627
198.805	100.339	81.400	198.399
198.941	99.973	83.976	199.600
205.005	105.115	75.859	202.832
210.336	112.078	72.131	203.731
212.569	116.077	69.626	206.637
211.241	117.066	70.653	206.467
204.661	118.952	77.973	205.133
179.317	124.360	83.236	209.887
183.462	130.351	80.207	213.270
186.010	133.265	79.493	216.926
183.239	135.870	80.074	216.539
180.908	145.024	84.348	212.187
179.506	154.666	83.857	212.298
178.921	163.188	85.007	216.674
192.041	165.425	87.157	219.500
210.640	166.080	90.812	215.646
208.197	173.391	86.202	220.187
208.079	181.220	83.625	219.736
204.692	183.654	90.635	223.231
194.298	183.420	99.904	227.502
190.676	184.431	100.056	228.893
189.050	173.309	96.934	229.559
185.657	153.074	93.980	235.800
180.294	157.515	96.408	240.830
171.917	159.086	104.167	238.135
174.937	160.999	99.674	239.293
179.828	167.647	94.944	243.125
183.554	176.221	95.082	246.733
175.938	137.314	98.715	253.779
175.077	104.363	99.544	261.185
164.556	61.288	109.058	253.964
158.850	17.840	105.776	257.941
150.746	25.017	109.986	260.737
154.106	31.383	103.362	265.754
151.613	36.026	107.045	263.629
156.048	39.023	100.843	263.640
159.260	44.782	96.118	268.698
153.413	54.362	99.081	271.642
153.064	58.727	94.466	279.190
150.512	62.321	91.933	273.291
151.317	71.433	88.562	268.940
148.906	76.005	88.940	279.286
141.691	85.832	92.439	282.484
137.194	89.722	92.902	285.463
129.879	94.984	97.228	282.262
124.407	100.494	101.040	283.096
114.423	112.276	107.554	295.688
109.860	113.113	108.343	307.867
107.332	98.195	104.906	302.611
105.274	63.666	94.304	292.619
99.376	33.860	91.945	303.868
95.987	40.938	91.933	305.582
88.411	46.684	90.985	311.117
81.005	50.182	95.265	305.645
67.899	55.274	104.791	302.813
57.984	57.239	110.555	322.311
45.237	26.763	117.717	332.414
37.627	0.000	116.156	325.158
33.350	6.230	102.748	319.371
21.840	14.873	107.525	318.273
8.602	26.826	114.036	332.043
2.517	39.346	109.311	335.435
