190.000	213.000	38.000	97.000
186.355	212.400	38.968	98.225
180.546	215.422	39.188	98.760
174.730	214.614	43.667	101.656
170.239	214.341	45.358	103.084
164.959	216.623	40.923	101.725
156.767	215.693	38.695	105.794
151.591	216.106	39.786	104.035
142.968	219.017	44.427	101.284
128.116	219.259	47.698	102.480
122.554	218.639	43.484	94.910
118.130	221.442	40.993	82.732
110.790	223.188	42.047	81.958
99.754	228.913	45.562	85.191
91.598	224.178	46.717	89.511
85.613	222.425	46.492	91.907
79.998	226.665	44.026	90.088
70.658	227.584	41.637	87.471
63.566	227.394	39.808	92.695
56.440	226.731	40.770	89.430
48.457	228.002	45.891	95.762
41.909	226.470	44.963	114.278
30.448	228.378	44.338	107.897
20.829	234.431	45.067	105.115
11.286	243.903	52.002	99.925
8.714	249.228	48.026	94.352
3.046	241.211	44.039	101.138
7.775	235.047	50.866	99.936
30.029	231.129	50.768	104.634
62.266	234.882	48.908	102.018
102.155	236.229	42.765	103.548
131.887	242.352	42.381	97.147
160.119	246.400	39.610	92.588
180.555	233.759	52.418	103.116
205.614	231.421	54.250	110.767
238.452	230.803	47.491	108.973
271.623	230.149	40.742	109.688
300.861	229.408	37.114	117.384
329.012	234.088	40.012	107.322
337.927	232.690	42.084	113.962
344.094	230.849	41.127	116.401
338.901	232.428	38.063	112.794
330.632	236.259	45.359	112.773
322.456	237.891	50.139	111.516
312.458	240.240	49.806	112.087
305.904	237.779	47.644	106.270
298.440	239.669	48.540	112.922
291.111	244.065	48.338	112.637
284.904	242.195	47.980	112.633
273.925	242.733	48.319	118.436
268.183	244.639	46.373	118.672
259.532	247.662	49.581	113.626
249.127	248.606	50.694	112.353
243.381	247.374	46.923	108.865
236.856	248.429	44.272	92.141
220.918	251.149	52.075	116.475
215.824	253.357	49.321	124.076
208.566	253.069	45.407	122.532
197.005	253.161	46.862	123.437
178.218	255.415	62.425	122.244
168.529	256.427	67.522	122.613
164.240	255.082	56.288	125.021
163.391	255.718	48.967	125.085
182.280	256.817	61.929	123.264
204.398	258.895	70.243	120.913
235.499	257.375	59.021	122.884
267.451	254.255	41.952	125.048
285.254	254.933	47.900	123.051
299.172	256.422	65.223	120.693
290.759	255.219	64.342	123.647
284.136	254.158	52.190	122.483
261.638	255.781	58.696	123.815
249.199	256.405	66.788	122.409
242.927	257.500	68.377	124.376
236.128	256.815	50.317	125.029
222.980	256.935	46.765	124.147
199.856	259.554	67.449	122.993
195.528	260.558	65.802	123.111
189.335	259.365	52.117	121.866
177.903	258.210	42.609	124.945
161.852	262.115	56.421	119.160
150.147	263.432	63.904	120.760
173.003	260.854	53.360	113.795
200.922	259.603	44.902	122.139
211.698	260.416	63.430	122.088
240.165	266.105	60.736	111.634
270.837	261.722	50.312	119.171
283.015	256.556	47.571	125.541
305.405	256.126	53.714	128.523
322.791	261.904	67.287	122.880
348.172	266.270	55.299	116.852
339.060	261.618	44.057	124.485
321.753	264.640	54.699	121.479
307.178	264.564	66.519	120.521
302.819	266.621	60.653	117.569
293.625	264.975	48.233	118.710
282.060	266.526	50.432	116.300
263.970	266.880	64.318	120.158
256.977	269.590	61.118	116.680
249.233	265.197	47.101	119.777
229.202	265.958	55.923	117.493
221.055	268.521	58.948	116.806
218.090	275.716	49.749	108.098
208.629	271.750	46.671	110.697
209.519	269.722	60.532	115.914
62.764	259.371	52.272	114.893
255.259	269.084	72.725	112.631
284.317	278.769	57.810	101.250
309.428	284.362	49.628	97.964
331.464	269.186	52.588	109.615
356.802	266.719	55.323	104.380
