165.000	57.000	136.000	69.000
187.106	41.525	128.899	70.539
183.878	43.379	133.379	78.073
192.060	30.114	132.685	101.082
179.882	20.192	106.820	120.841
184.429	41.637	94.359	105.719
187.756	41.984	88.095	101.297
185.139	49.037	88.086	92.737
186.564	47.533	86.752	94.321
189.472	47.201	84.696	93.775
188.262	48.445	84.744	91.178
191.239	45.878	88.683	91.267
192.721	39.667	80.234	96.347
195.988	38.326	91.448	95.268
194.244	36.895	97.609	97.626
185.772	34.205	114.311	95.414
171.965	35.321	113.660	95.340
173.612	32.197	110.998	97.190
175.346	28.767	141.341	97.770
231.631	11.228	179.071	125.318
241.998	14.565	196.817	142.123
221.889	32.486	201.878	151.133
219.113	38.468	194.378	159.169
208.596	39.826	198.306	169.577
213.244	54.026	189.028	167.798
208.309	53.319	177.323	174.974
207.191	67.253	159.667	174.227
207.984	70.717	146.886	172.893
208.870	73.025	139.893	174.631
209.778	73.956	130.100	179.297
216.788	79.811	107.015	183.678
222.315	98.654	85.674	161.759
227.531	108.592	65.365	164.296
224.761	134.898	61.897	141.057
223.957	129.046	72.058	146.814
206.876	103.262	124.460	131.332
203.048	122.745	86.144	144.297
202.015	125.381	79.954	163.908
194.703	130.699	84.386	156.451
190.433	131.262	86.368	154.907
185.034	129.257	91.212	159.134
176.293	135.168	100.315	154.174
174.906	138.343	100.902	151.227
171.465	141.800	102.291	148.415
167.283	145.808	107.163	143.082
161.537	151.009	111.996	138.997
150.095	156.046	128.210	130.589
143.884	161.810	143.057	125.937
139.998	167.136	148.113	120.862
134.773	166.329	153.514	119.612
132.023	169.420	153.021	117.137
136.613	165.768	139.094	126.926
137.818	164.837	135.929	132.010
141.089	164.335	129.696	135.139
144.779	167.100	125.801	133.401
145.129	170.514	129.736	129.163
145.959	176.230	139.132	121.943
148.049	176.026	144.347	122.499
154.121	177.709	146.729	123.399
157.957	171.820	147.175	128.193
164.322	173.642	147.281	122.296
177.529	168.688	153.167	125.193
188.272	169.841	150.905	125.092
193.576	170.145	157.931	121.039
197.304	171.815	158.398	120.555
199.182	172.299	155.616	119.487
198.416	172.444	155.171	118.702
192.516	173.963	154.452	115.504
180.755	173.402	157.699	116.844
173.470	173.797	154.337	115.953
157.889	172.113	159.315	119.318
136.125	169.529	169.192	121.106
119.712	164.273	185.487	133.805
104.398	159.068	194.927	143.380
96.130	155.271	192.114	147.594
86.743	155.037	193.623	148.860
79.805	154.078	194.430	148.101
76.272	156.031	193.096	143.633
78.634	156.778	186.098	143.180
79.345	158.621	189.418	143.026
84.056	156.110	184.188	144.586
96.917	163.412	179.142	138.235
104.882	168.263	172.615	132.994
110.274	170.303	170.181	130.531
114.875	173.397	169.735	128.049
121.685	174.671	173.792	124.883
138.769	177.646	168.163	123.017
147.078	176.913	161.544	122.902
154.993	176.814	156.136	121.142
163.383	177.907	149.290	119.723
168.748	177.763	144.045	119.729
170.326	179.259	141.650	117.929
171.466	180.870	138.495	115.914
168.848	181.228	138.079	116.888
164.644	181.907	141.315	116.663
159.646	183.484	142.473	115.234
145.492	182.451	152.660	114.105
125.277	174.862	163.362	126.065
114.573	167.072	168.584	135.599
95.318	162.516	179.734	141.813
89.586	158.631	173.775	148.410
89.073	157.136	162.972	148.904
99.474	153.378	137.427	149.955
111.167	160.501	120.105	142.227
124.405	165.695	110.278	135.847
124.233	170.170	104.729	131.105
130.426	182.655	85.993	118.365
141.742	186.352	84.669	108.923
150.042	169.740	90.563	125.614
155.570	170.634	88.613	129.621
162.819	167.887	82.368	131.910
167.263	166.806	73.958	133.440
157.114	185.080	71.592	116.569
168.389	176.090	55.819	120.642
154.922	168.200	73.434	131.332
115.103	165.036	128.935	133.978
103.307	173.374	145.350	124.963
87.688	180.552	157.461	111.665
89.445	183.540	151.869	105.017
91.705	183.647	128.849	109.314
101.238	182.564	106.475	111.883
106.129	193.558	79.376	103.532
107.724	203.078	69.281	100.288
109.075	208.615	65.025	94.411
117.211	207.921	68.819	91.415
124.051	205.858	74.569	100.545
132.466	208.343	73.113	103.605
145.941	207.603	66.553	97.744
156.182	202.621	62.873	105.802
165.037	215.090	57.562	96.994
175.359	210.951	51.675	106.133
179.276	212.286	56.316	105.067
173.817	206.359	77.294	113.792
162.784	198.590	103.775	115.900
160.121	197.611	113.854	120.631
133.931	187.221	156.142	131.321
132.949	183.009	157.733	137.040
143.507	181.014	138.876	136.517
162.337	179.407	116.008	134.848
170.381	181.888	102.783	128.571
195.894	183.613	84.881	119.606
197.534	179.436	99.289	117.155
195.720	177.238	111.066	121.380
196.343	179.083	115.167	122.532
200.432	178.063	116.377	124.670
203.327	177.824	113.859	126.701
216.006	176.971	100.368	127.361
232.692	176.288	79.792	135.120
229.441	194.042	77.955	117.914
228.337	189.286	65.024	121.446
228.776	190.620	67.926	124.629
205.125	190.309	94.072	126.176
193.760	187.024	104.244	132.645
189.311	190.135	105.760	133.481
188.132	193.225	102.928	131.801
189.437	194.967	99.470	131.460
193.751	198.174	94.298	128.748
203.982	200.375	86.250	126.776
220.547	207.960	79.602	117.888
235.714	206.672	75.385	116.831
246.282	215.879	65.684	111.176
308.446	155.750	86.970	119.917
293.644	151.684	101.168	122.356
278.940	151.270	110.628	118.453
260.710	155.306	123.000	110.166
244.056	159.269	134.030	100.578
233.034	160.454	139.240	97.902
223.854	157.041	141.059	106.207
218.122	158.690	143.212	106.499
215.182	157.835	144.102	109.931
214.874	158.120	143.579	110.997
214.722	157.760	143.440	110.811
218.703	159.526	140.023	110.168
220.592	164.389	139.420	106.617
220.631	166.192	143.897	107.252
225.771	166.184	144.914	108.648
233.172	169.317	147.304	107.804
262.389	175.795	135.606	100.614
280.032	180.308	132.041	97.965
303.139	180.199	134.721	103.252
326.963	178.422	127.721	108.748
349.698	173.938	143.485	118.167
399.216	174.253	128.135	118.065
425.383	170.597	122.767	117.256
440.710	172.054	124.103	129.613
456.713	172.920	120.306	124.643
470.496	182.818	116.711	108.538
497.287	194.354	118.934	95.031
507.025	199.274	117.504	97.969
502.922	194.530	123.836	109.319
495.939	190.590	127.592	115.503
488.887	189.002	131.453	113.154
470.285	187.002	133.242	99.668
461.414	185.891	127.916	98.732
442.609	187.835	131.363	91.676
285.185	160.928	111.153	111.911
274.923	158.009	143.765	112.088
290.725	154.270	153.394	113.222
298.386	153.730	150.338	113.122
307.021	152.728	149.026	111.372
313.389	151.859	145.965	112.807
315.508	150.550	148.126	112.909
317.746	150.496	150.013	114.425
314.716	150.440	154.628	115.874
309.509	152.791	156.154	117.819
298.284	153.054	159.840	121.917
284.297	154.487	157.514	124.308
273.820	158.681	132.672	134.178
261.324	165.624	117.261	131.085
248.215	168.006	101.242	132.231
240.222	190.995	72.741	115.334
218.961	186.591	61.185	127.825
168.889	196.369	103.280	119.984
132.802	201.465	142.823	120.675
129.483	201.370	141.723	122.352
128.094	201.623	142.366	122.874
130.586	206.042	138.890	118.814
141.411	211.446	131.113	111.980
155.685	214.719	127.309	105.010
169.661	215.449	115.851	99.354
188.252	213.526	97.121	95.622
210.396	208.299	76.994	94.493
231.958	208.442	61.295	91.006
329.110	153.599	85.607	91.828
318.337	145.245	128.038	110.922
299.741	139.749	132.647	122.221
284.067	138.340	138.716	125.591
273.639	139.684	141.973	126.928
266.860	144.141	145.913	122.850
268.244	146.994	143.815	120.155
266.236	146.854	145.260	121.284
269.938	150.335	143.352	120.316
279.840	153.926	143.373	120.870
292.095	159.583	139.703	118.354
309.436	168.135	141.079	107.721
332.939	178.908	134.612	100.043
356.107	176.907	130.748	112.304
398.420	171.440	111.606	132.777
432.075	179.559	84.124	122.258
452.269	195.204	74.004	110.120
477.820	213.953	80.294	87.172
470.317	197.435	101.723	99.647
488.527	198.300	115.446	100.558
492.621	204.361	123.520	97.480
496.202	201.431	126.176	102.811
496.696	194.659	125.152	111.037
496.338	182.919	127.708	122.477
488.821	169.254	127.940	124.213
475.003	166.679	135.366	114.091
461.230	165.614	139.923	112.538
297.575	162.088	122.747	96.981
297.909	163.969	130.247	90.064
304.923	161.004	147.866	102.431
311.801	155.578	155.606	118.458
317.218	154.181	155.730	122.341
319.158	154.389	156.358	123.825
320.456	156.198	152.069	125.260
321.070	162.159	151.498	122.938
319.416	167.227	153.451	124.597
315.390	170.776	150.011	123.562
310.542	174.760	150.997	121.861
306.832	176.660	148.660	120.934
292.628	180.739	147.215	118.954
283.013	186.653	144.048	114.307
276.372	192.414	133.085	109.181
255.992	198.199	133.161	101.133
239.294	198.840	125.992	105.426
212.770	191.860	117.358	120.538
193.108	191.646	119.488	118.887
177.131	191.565	119.005	120.354
167.023	194.266	114.971	118.583
153.719	193.068	120.717	123.489
140.554	198.063	120.462	122.567
140.162	203.427	116.473	121.498
143.903	206.405	108.241	118.644
154.857	204.896	94.384	117.824
169.216	209.046	80.202	109.341
196.928	206.201	52.463	108.696
198.657	208.476	55.771	107.321
209.773	208.774	56.353	109.898
219.121	202.164	55.883	113.982
227.329	198.954	54.216	114.333
234.126	183.517	61.321	115.042
235.201	173.729	61.630	117.770
228.809	166.881	65.967	117.332
236.719	150.620	58.751	128.105
239.390	145.337	61.178	123.998
245.844	138.577	55.698	121.360
249.542	130.807	54.264	114.098
246.093	124.126	58.901	117.338
240.619	107.117	61.744	120.104
260.133	125.093	44.537	119.649
254.061	124.561	50.180	117.930
252.446	133.848	48.952	126.982
248.930	141.572	46.704	128.286
245.795	153.983	51.440	124.081
241.045	172.507	54.646	122.056
226.888	187.170	56.502	106.873
223.473	189.420	55.912	103.772
216.035	201.489	61.291	110.435
211.181	213.076	58.779	112.268
208.995	216.547	56.861	110.694
205.842	219.973	58.004	108.069
202.443	218.977	59.371	106.742
201.120	220.045	62.062	105.081
193.342	216.460	72.219	105.186
189.828	218.204	78.607	100.077
181.530	217.946	87.529	101.507
162.101	223.998	109.938	93.899
149.571	221.257	121.628	98.283
135.713	215.212	136.860	109.512
126.933	214.287	145.886	112.003
127.858	208.445	144.452	115.764
129.479	203.244	138.197	117.040
140.599	197.633	121.671	112.813
158.943	190.891	95.943	109.708
179.037	189.168	70.014	108.272
190.020	188.678	59.143	111.378
190.750	185.854	59.376	108.505
201.267	179.756	53.168	113.878
206.512	174.122	49.118	111.686
207.640	170.372	47.605	111.857
206.228	159.314	51.475	122.081
201.477	164.322	59.625	116.377
200.257	164.345	63.128	113.079
200.313	161.302	63.567	113.943
199.724	158.294	65.675	114.444
191.395	178.092	82.834	100.874
193.245	166.199	72.726	106.783
208.963	136.786	65.917	122.857
210.371	131.425	67.294	127.887
212.473	127.308	73.431	133.201
216.565	118.994	76.069	145.169
217.320	104.398	73.896	157.861
222.121	99.903	83.214	141.021
218.863	94.361	78.094	144.306
215.101	94.909	81.743	146.650
215.518	99.519	88.642	133.599
213.024	113.334	84.190	109.058
202.823	110.401	113.958	102.922
194.053	118.079	139.642	90.862
188.548	124.673	153.962	86.174
370.505	119.483	137.095	84.925
388.800	108.295	122.488	109.316
406.072	100.586	78.475	123.475
404.837	103.234	79.817	117.326
412.597	120.578	63.049	106.753
401.749	105.964	84.745	116.377
394.883	112.525	110.541	110.294
389.359	112.816	124.742	114.918
386.014	114.493	132.826	114.767
383.619	111.801	128.878	119.298
387.497	117.514	125.142	113.414
387.766	115.151	118.417	119.632
395.194	106.516	102.484	132.874
400.025	125.279	70.987	116.665
391.178	107.384	77.343	100.836
379.922	113.384	88.145	111.121
365.911	107.695	132.325	94.006
361.948	109.140	146.775	73.889
214.583	135.700	124.574	83.581
205.833	136.709	130.085	87.719
207.720	138.552	134.340	91.687
211.617	144.676	137.658	87.965
221.120	147.646	136.077	86.904
231.693	146.661	134.309	92.226
248.017	144.825	125.998	96.369
263.701	143.122	120.992	99.711
276.199	138.799	135.704	105.114
292.242	136.393	137.972	103.393
305.450	135.589	146.332	97.873
317.572	128.124	152.006	100.383
337.718	123.969	152.550	97.310
348.552	122.301	154.477	92.408
348.304	118.746	153.607	92.985
355.744	119.763	153.670	89.264
359.530	118.253	159.878	83.407
366.826	118.124	154.746	80.010
374.417	117.268	158.061	78.252
383.705	116.430	158.230	78.989
390.706	113.996	166.363	80.274
396.512	112.860	164.141	84.398
397.961	111.072	166.818	86.559
400.077	110.283	165.685	88.164
408.623	110.815	165.654	88.325
416.904	111.424	150.152	84.012
426.114	109.876	141.692	79.279
429.264	108.169	112.793	80.952
429.500	95.827	106.050	109.346
434.953	87.797	116.345	127.552
431.561	87.028	127.687	128.905
425.330	90.624	141.391	125.732
422.894	88.766	151.816	129.727
414.474	100.573	158.252	119.326
411.629	103.986	159.217	115.646
411.080	105.191	156.128	121.616
409.046	106.754	157.964	121.431
411.705	106.266	157.731	125.169
407.885	109.721	159.884	122.511
408.474	108.876	158.876	122.687
407.812	107.183	159.366	123.512
409.555	106.544	154.903	124.005
413.533	102.187	145.537	129.279
415.948	99.614	134.939	129.596
428.766	97.630	117.897	129.928
409.731	104.416	119.695	114.271
413.324	114.448	120.262	100.024
390.990	118.882	136.556	78.338
374.357	122.493	156.040	87.539
362.884	119.182	167.972	105.590
356.798	119.901	156.461	113.725
352.606	119.495	153.708	119.287
336.546	119.351	145.673	122.262
332.462	124.063	142.305	120.925
327.588	125.818	143.558	122.215
323.449	130.463	138.896	120.006
322.027	133.094	135.315	117.996
317.939	139.006	133.054	113.368
300.544	144.145	118.021	109.367
291.705	146.412	133.962	105.884
289.496	138.038	126.077	115.862
274.495	86.663	139.324	84.374
279.643	91.815	143.838	71.023
308.202	96.077	127.686	64.781
336.668	89.268	123.091	79.573
360.828	88.452	118.520	95.650
391.278	84.459	100.252	118.992
399.939	86.897	90.748	129.560
422.352	103.768	78.682	125.069
430.398	104.731	77.960	131.651
445.312	142.614	69.529	105.339
437.865	146.790	86.377	111.484
434.745	139.243	96.414	114.268
438.149	121.958	104.415	135.577
446.497	106.577	101.003	155.778
442.436	149.445	105.924	115.591
442.385	150.992	104.747	112.911
443.939	150.022	102.200	114.503
441.707	154.522	104.143	116.148
440.719	153.267	98.939	116.285
442.830	153.298	91.363	118.266
448.372	155.680	71.420	121.417
449.082	158.541	57.879	118.711
426.393	152.279	90.841	124.638
412.006	157.000	122.143	109.971
411.839	163.155	132.426	97.953
247.186	153.881	84.063	91.893
195.970	159.329	124.758	93.691
194.140	161.967	116.899	106.468
194.359	163.367	110.628	112.251
196.071	167.844	103.641	114.569
197.896	170.571	99.818	116.519
196.839	171.270	97.640	117.332
192.506	177.960	98.404	114.816
188.368	180.424	100.674	113.309
186.718	181.795	100.631	113.977
184.823	183.611	99.085	113.856
184.427	183.242	96.904	115.259
185.250	186.767	91.103	113.507
184.524	187.112	75.097	114.824
181.661	187.256	61.857	113.030
173.531	185.169	65.227	114.858
162.085	186.455	65.973	108.236
145.681	184.662	74.993	105.605
130.143	181.263	85.898	105.864
116.216	177.548	100.614	105.793
104.218	173.990	106.877	105.566
92.039	171.462	112.716	102.715
85.218	169.031	114.601	101.247
82.021	169.514	111.973	99.080
82.791	169.176	111.629	97.119
89.171	169.430	104.820	96.725
95.855	168.128	101.629	98.567
103.791	166.936	99.789	101.774
109.640	171.845	100.094	99.239
116.044	176.388	101.857	99.472
123.601	181.374	103.354	99.777
127.447	184.331	109.095	99.893
130.086	191.626	120.731	100.073
132.479	195.361	124.467	103.584
133.568	196.672	127.263	108.915
133.293	197.714	132.356	115.999
132.085	198.385	137.183	121.678
123.205	199.392	148.749	125.813
113.922	198.878	155.778	127.449
107.693	196.965	158.608	129.860
103.443	194.370	155.826	130.023
101.838	195.444	150.611	126.564
104.002	197.022	135.702	122.979
104.187	195.517	127.899	123.203
103.644	194.374	126.335	123.921
99.412	194.141	136.383	122.753
96.594	193.929	145.623	126.701
93.008	195.565	153.351	123.555
102.384	195.586	143.086	123.199
112.598	195.160	129.300	120.389
124.285	192.578	109.874	118.823
130.794	198.851	92.767	111.758
134.057	190.954	82.527	120.689
135.626	190.349	83.011	119.646
139.951	183.375	74.378	125.609
140.204	188.304	74.767	117.355
139.206	186.934	68.173	106.592
128.326	185.995	97.576	99.622
110.704	181.523	131.803	106.142
107.561	175.382	143.948	116.213
103.642	171.888	152.131	125.645
101.491	165.264	151.144	134.507
126.155	164.218	115.641	135.031
133.439	166.541	97.218	133.543
151.793	173.806	73.474	119.899
148.726	175.195	88.381	113.490
144.416	173.806	101.438	115.071
144.950	175.519	107.112	116.244
148.249	176.006	107.170	115.848
154.370	173.449	100.488	117.324
162.684	172.101	88.638	118.120
174.043	176.372	75.319	114.246
180.204	180.078	62.340	109.294
184.851	179.131	61.835	109.913
175.226	178.660	81.754	114.666
161.675	171.300	105.077	119.895
151.455	178.880	126.382	113.259
141.800	180.970	138.635	108.102
135.176	184.459	141.346	98.553
132.682	185.678	139.763	95.567
132.997	185.033	134.518	97.216
134.791	185.487	122.626	97.581
145.635	185.504	106.302	97.961
155.182	191.522	84.676	93.571
163.471	189.849	79.709	104.513
155.845	194.593	95.698	98.626
153.478	195.055	94.731	101.312
158.457	193.364	99.193	90.494
170.660	185.548	70.782	109.039
170.654	197.674	62.909	96.645
164.865	192.543	69.503	98.508
156.779	187.729	74.229	103.984
152.893	187.302	75.965	101.226
149.949	187.663	73.773	97.864
146.011	185.735	74.890	98.460
140.354	182.104	81.575	101.502
129.142	181.048	99.704	101.352
115.942	172.838	118.783	110.160
105.741	170.258	126.378	117.031
96.141	164.106	146.378	124.165
79.244	153.158	166.245	131.365
84.286	141.150	155.557	144.086
89.252	139.715	145.076	144.035
116.738	136.899	102.727	139.128
137.169	148.523	72.353	118.955
142.407	136.969	77.855	116.262
145.835	132.195	83.127	118.133
142.708	134.033	92.914	116.094
153.026	133.068	92.978	115.446
162.802	134.064	88.241	114.682
168.063	134.231	87.313	116.683
173.504	134.277	89.590	115.117
177.443	139.924	91.695	113.246
182.126	140.961	93.273	110.003
189.371	135.917	87.573	117.050
193.043	132.913	87.996	118.752
203.109	125.429	81.585	125.791
209.371	118.305	82.345	124.412
218.834	110.102	85.851	117.292
221.934	106.127	89.084	114.125
223.713	101.444	98.401	111.585
225.777	95.464	105.111	115.686
230.018	89.467	111.777	119.419
231.348	82.663	120.679	124.175
227.246	79.619	128.610	126.288
225.908	83.590	136.653	120.617
237.076	84.773	128.071	117.607
240.904	88.171	124.547	114.000
246.578	95.159	128.267	110.317
250.966	99.318	134.262	109.766
260.704	96.546	132.866	115.120
270.201	100.634	138.978	112.788
280.743	96.381	146.495	122.090
294.548	74.706	143.953	137.828
315.991	76.621	152.370	137.012
326.847	75.394	135.572	137.968
324.787	75.581	139.270	138.693
316.727	79.591	151.405	135.184
311.091	84.412	166.352	133.452
310.337	88.736	170.746	130.004
310.799	90.110	174.639	131.093
313.009	94.781	167.375	130.476
307.532	91.125	166.620	134.014
316.587	92.068	142.596	135.620
307.250	96.236	160.475	133.917
303.344	96.938	166.731	132.377
344.153	104.255	155.191	118.254
252.927	108.069	155.958	122.121
243.756	129.982	126.146	113.862
226.312	134.747	128.197	112.641
207.126	139.105	128.190	110.213
203.173	138.337	123.225	110.960
185.720	126.249	125.853	123.233
169.595	118.038	125.226	129.846
158.013	120.844	129.587	127.409
152.607	127.895	128.951	121.866
150.216	127.704	128.397	123.660
147.094	128.541	131.626	122.040
148.087	128.997	135.777	122.699
150.393	126.250	139.935	125.504
156.463	127.779	143.141	124.134
164.107	127.897	145.023	124.300
169.043	131.271	151.707	120.680
187.574	131.718	150.281	121.803
194.205	134.762	152.990	118.146
201.740	137.169	155.940	115.644
215.110	138.389	158.621	113.207
223.251	136.933	159.830	112.878
241.751	135.816	154.294	112.806
257.933	135.194	145.966	113.679
266.037	134.580	139.625	112.998
274.600	134.272	136.794	112.143
282.968	134.612	135.826	107.820
300.750	127.312	130.300	111.736
304.319	113.939	123.405	123.800
322.983	112.862	152.520	121.641
321.590	117.773	153.607	117.162
318.607	116.446	151.832	120.500
322.817	118.419	144.178	118.059
322.931	116.512	144.234	121.724
321.218	113.501	144.894	123.702
320.683	111.860	145.304	125.241
320.613	112.862	145.640	123.890
320.686	113.785	145.737	124.255
319.774	114.696	147.949	123.310
319.402	115.275	149.490	121.037
319.739	115.929	149.365	117.472
317.853	116.073	152.713	116.427
316.881	111.812	158.053	126.928
315.198	106.111	163.467	138.222
311.293	99.500	176.209	149.725
309.105	91.392	182.689	162.264
305.414	83.993	188.120	174.511
294.069	62.606	144.905	135.863
297.931	65.358	138.810	124.758
293.575	62.502	135.354	107.782
296.075	61.795	127.243	104.585
294.294	59.147	127.559	103.392
292.958	57.488	130.075	101.384
290.788	55.227	130.615	99.647
289.860	53.902	130.910	98.902
288.627	51.239	132.096	100.106
288.517	50.851	133.695	100.766
284.462	39.395	137.505	105.563
283.159	36.346	137.757	104.688
279.726	31.500	140.133	104.957
275.986	23.660	144.049	108.062
274.797	15.658	141.428	106.186
268.852	5.465	144.837	106.162
267.923	6.365	145.835	100.036
262.225	5.306	145.801	97.600
267.501	5.429	144.785	94.935
267.854	3.817	146.108	98.362
268.272	10.366	145.552	106.860
356.776	162.013	145.698	115.618
360.950	149.363	136.370	121.135
356.463	135.008	136.366	127.394
348.815	121.177	139.846	133.079
340.873	97.142	146.841	137.393
279.087	84.466	188.309	139.533
273.638	95.774	176.491	120.859
280.922	101.420	187.627	123.788
274.550	104.872	149.304	131.385
277.960	100.140	154.564	151.768
284.340	85.031	177.765	167.564
285.528	86.778	168.514	172.409
286.834	91.019	162.654	170.866
287.317	115.447	150.876	148.938
289.957	104.646	161.574	160.891
293.842	96.788	159.151	168.636
295.789	88.503	161.666	179.575
296.643	91.906	163.173	177.375
296.004	86.915	164.455	179.706
298.281	83.694	163.384	183.988
298.276	83.726	165.438	181.885
298.197	81.134	164.868	184.827
297.102	80.601	166.662	186.426
296.388	79.392	167.912	188.696
294.270	75.163	172.059	195.980
288.550	64.890	180.874	212.795
278.755	58.108	178.864	221.482
275.635	73.810	158.727	212.607
275.004	79.939	151.667	210.372
274.685	134.715	146.113	158.575
268.415	163.259	146.104	134.664
268.199	171.976	142.800	125.353
268.869	175.079	142.158	123.955
268.764	178.225	142.554	121.578
270.993	179.084	142.313	120.319
281.915	174.280	138.365	119.884
284.781	167.795	140.030	121.793
291.500	155.210	139.850	128.024
296.505	144.939	138.970	131.232
303.185	143.710	139.572	120.985
314.381	60.779	160.041	183.305
317.228	74.911	155.498	164.655
320.108	87.839	159.590	143.740
314.150	99.061	168.595	126.410
316.443	104.411	168.822	122.017
318.415	112.420	167.565	116.621
319.431	113.849	168.095	117.087
320.464	114.728	168.594	120.928
317.487	113.896	173.011	125.035
313.639	113.161	174.599	127.813
305.884	105.853	175.470	141.403
299.894	109.679	150.834	139.468
293.463	120.978	117.321	132.911
294.779	128.860	108.394	127.530
294.220	125.369	94.366	135.588
294.869	136.744	69.753	127.105
292.868	139.919	64.458	125.675
290.316	133.877	66.852	137.216
285.286	118.367	75.182	141.016
290.661	114.986	76.621	143.921
284.097	115.070	71.797	147.111
255.806	83.254	87.984	113.761
281.308	112.039	73.379	144.666
279.653	105.980	68.934	161.621
289.785	104.441	63.892	158.809
288.090	116.471	73.882	148.522
288.794	108.646	76.516	147.841
288.083	118.206	72.464	127.701
279.517	115.275	77.810	129.533
271.547	110.783	96.848	125.218
249.594	106.802	124.140	121.684
237.257	107.783	138.344	113.304
228.330	112.237	145.709	100.719
224.577	116.931	145.112	88.882
220.804	115.987	142.432	90.449
221.959	114.028	137.440	96.778
228.198	113.288	130.972	102.267
236.386	115.171	124.933	106.310
246.894	118.187	119.307	111.879
255.060	121.676	117.952	115.895
256.705	124.073	122.907	113.914
263.452	123.794	122.364	116.440
265.675	126.344	125.436	114.522
267.699	126.794	127.419	115.365
267.834	129.267	132.312	113.604
269.427	129.447	133.838	112.631
271.769	130.766	138.768	108.863
275.630	132.170	140.917	106.404
281.354	131.648	142.924	105.073
293.714	132.862	136.104	102.524
298.758	130.656	138.609	105.403
300.042	128.188	141.932	111.863
298.845	128.098	147.347	109.708
299.422	129.117	147.261	108.537
303.881	131.446	145.039	100.144
309.472	134.346	139.802	98.088
313.534	134.957	136.569	97.745
315.146	135.284	136.151	97.799
314.476	135.948	137.138	98.754
314.829	137.415	137.183	98.921
315.319	138.764	136.779	98.640
315.006	138.872	135.335	99.631
314.340	140.776	136.374	99.341
313.984	141.223	136.281	99.579
313.361	141.500	136.536	100.187
313.003	141.116	136.173	101.000
311.544	141.338	137.001	100.779
309.897	142.164	137.380	99.824
308.067	142.054	137.660	99.011
306.374	142.599	137.621	98.703
302.817	141.695	136.969	100.712
301.644	141.501	136.724	98.252
300.915	142.033	135.965	96.312
301.275	142.202	134.663	94.853
301.490	142.633	133.849	94.062
302.042	142.303	133.186	94.974
302.172	141.848	134.247	96.168
301.606	141.187	136.501	96.638
302.117	141.076	137.072	96.328
300.308	141.193	139.314	95.710
300.308	141.952	140.646	94.629
301.537	142.074	139.633	93.033
303.035	141.316	139.136	93.419
303.950	140.100	137.564	94.349
301.768	138.528	136.991	93.369
295.232	137.316	135.935	92.378
292.668	135.684	132.776	92.930
286.508	133.413	133.923	98.263
275.281	129.282	141.418	107.656
263.158	127.847	146.990	109.799
254.175	124.696	147.208	116.903
249.060	117.426	144.265	127.861
243.526	113.765	145.670	135.454
242.449	109.903	138.203	143.439
247.984	105.908	118.784	151.379
276.525	118.399	72.189	149.401
399.227	168.879	111.024	118.990
396.755	163.741	119.429	120.279
275.198	138.698	106.158	141.525
271.113	141.610	115.739	139.200
264.262	151.941	125.506	128.815
263.540	152.134	124.547	130.558
263.494	153.820	120.191	131.962
264.590	153.297	121.638	131.661
262.830	155.688	115.100	131.194
256.655	154.300	124.138	129.765
252.583	159.073	127.587	123.760
249.141	161.342	131.267	120.800
247.596	162.691	131.067	117.420
244.540	160.232	135.870	118.435
240.700	160.417	146.223	116.989
238.867	161.401	154.247	115.735
242.283	161.779	156.528	117.572
247.042	163.318	154.167	113.951
251.485	165.112	148.402	114.177
253.763	164.085	153.899	113.012
266.178	163.238	173.763	114.327
274.926	161.335	163.483	121.186
282.290	163.710	149.682	114.985
288.482	163.306	143.023	113.154
289.954	163.014	152.016	108.876
291.418	163.816	157.906	106.666
291.451	163.959	163.970	106.480
292.437	163.379	167.829	106.959
292.452	162.819	170.884	107.941
296.617	162.297	170.233	109.815
297.746	161.505	171.465	111.323
302.004	160.838	168.400	113.706
305.417	159.555	162.842	119.090
310.036	159.163	155.505	121.918
311.947	159.112	144.780	130.545
305.851	160.278	151.745	131.394
298.965	161.341	152.159	133.910
291.684	159.883	150.834	140.802
286.237	162.109	139.185	141.028
363.722	187.670	134.145	124.207
374.441	189.702	129.341	121.605
393.724	187.153	114.100	124.043
407.854	184.383	103.177	126.972
413.093	177.337	95.510	133.326
412.587	182.841	83.966	131.635
430.094	175.731	66.723	133.686
442.284	189.374	66.488	117.864
436.922	178.477	81.676	128.698
418.158	174.020	110.617	130.624
404.020	173.915	136.541	123.212
393.846	171.255	148.155	122.579
393.839	179.031	149.042	110.085
386.816	177.204	160.371	105.255
385.860	174.654	154.056	105.660
380.653	171.366	150.259	106.532
363.321	166.827	150.983	106.118
248.376	191.387	141.931	112.953
250.436	192.049	144.802	108.667
255.641	180.688	143.374	118.433
271.580	170.088	133.416	125.713
294.535	155.978	145.081	131.230
295.160	153.357	161.330	133.198
298.149	153.268	157.433	131.218
299.180	152.785	154.693	130.455
300.035	152.664	153.870	130.628
300.771	155.524	153.112	126.544
300.582	155.877	153.862	126.310
300.324	159.175	156.390	122.364
299.599	159.918	158.379	121.238
297.961	160.543	158.704	121.069
296.515	163.396	153.298	120.753
301.926	164.485	153.851	119.656
303.291	164.356	144.079	120.869
293.748	164.130	145.008	122.862
292.605	165.000	155.519	121.454
301.775	164.554	166.138	118.308
303.318	162.240	160.733	120.843
302.940	163.073	156.588	118.705
301.155	161.466	152.817	117.863
301.015	158.062	151.547	119.166
300.395	153.967	144.137	118.088
300.955	153.104	141.510	118.926
300.092	151.429	140.984	118.813
300.824	150.179	140.020	120.180
299.881	150.115	140.261	119.861
299.531	151.454	138.711	119.603
298.977	153.135	138.570	119.424
298.555	154.697	139.739	118.466
297.569	157.344	141.087	115.445
296.425	159.632	141.813	113.700
296.088	160.660	141.789	112.890
295.626	162.457	141.534	111.828
295.756	162.919	140.491	111.166
295.326	163.803	140.573	110.084
295.047	163.694	140.105	110.028
294.689	164.235	139.919	109.184
295.148	164.087	139.594	109.953
295.371	164.319	139.537	108.252
295.516	164.973	139.209	107.514
295.744	164.755	139.147	108.065
295.744	164.222	139.435	109.144
295.924	164.325	139.367	108.883
295.600	163.974	139.766	108.995
295.448	164.147	139.680	109.337
295.596	165.033	139.484	108.106
295.722	164.812	139.476	107.851
296.567	165.634	138.800	108.355
297.202	166.746	138.712	107.414
297.290	166.349	138.822	108.033
297.636	165.336	139.207	108.693
297.669	165.106	139.414	109.090
298.675	165.399	138.851	109.109
299.025	165.462	138.321	109.147
299.118	164.689	138.710	108.827
298.632	164.098	140.246	108.035
298.462	163.796	141.823	105.792
298.688	164.209	143.329	104.479
298.853	163.765	142.885	103.796
298.652	163.291	143.186	104.017
298.614	163.061	144.010	103.223
298.937	163.110	144.531	103.492
299.013	162.715	145.750	103.950
298.993	162.266	146.145	104.736
298.800	161.914	145.917	104.839
298.784	161.682	143.784	105.155
297.935	162.206	143.765	104.806
296.585	162.717	145.540	104.711
296.545	162.264	146.239	104.480
297.283	161.739	146.116	104.495
295.852	161.913	148.350	102.861
294.163	157.474	147.351	99.682
292.963	154.114	143.898	96.578
288.356	150.014	147.700	89.371
285.188	145.592	143.174	82.496
280.987	141.704	143.599	74.356
276.977	137.458	145.781	68.589
273.375	132.833	143.072	60.569
268.908	130.354	124.015	55.585
266.907	128.357	135.682	50.657
265.708	126.478	142.323	49.287
265.470	124.612	143.396	48.703
267.302	122.233	145.357	47.470
267.001	121.445	146.692	45.780
267.756	118.173	146.397	47.143
280.975	115.108	131.292	48.963
282.880	115.038	132.230	42.214
283.997	113.401	127.623	38.944
280.672	109.341	129.085	40.016
280.651	106.848	129.246	44.652
286.078	99.902	119.806	55.629
283.849	93.335	127.411	51.219
268.884	81.425	141.062	50.923
269.996	74.914	143.410	53.786
260.010	69.187	150.330	55.614
256.154	63.964	153.854	59.704
256.734	60.786	153.491	61.464
254.521	60.583	155.739	62.666
252.631	62.473	156.430	59.928
255.073	63.864	153.236	56.912
255.120	65.540	154.398	55.003
253.088	69.034	156.686	53.507
253.738	70.467	157.732	52.524
258.636	72.830	151.401	51.861
260.805	76.710	150.623	47.637
267.989	82.388	144.879	45.249
270.862	85.350	142.469	47.909
276.660	88.771	135.053	44.341
277.614	91.351	135.415	43.512
287.797	93.306	123.354	49.267
278.379	90.552	131.385	45.844
289.578	95.256	126.289	48.626
286.214	96.852	130.914	46.353
287.383	98.764	130.163	42.612
278.222	101.082	139.609	40.396
279.036	103.812	140.504	39.048
278.959	107.233	142.816	35.865
277.090	109.981	142.460	37.615
280.032	108.583	140.299	39.340
280.659	109.204	139.646	38.077
279.959	109.974	136.171	38.069
276.842	111.719	133.103	38.297
274.370	112.507	132.642	40.633
276.919	112.220	134.946	37.783
276.612	116.036	133.093	33.054
277.326	116.104	128.797	35.184
278.180	119.503	131.776	36.228
277.773	120.765	132.289	41.169
278.667	122.871	133.869	45.461
278.476	124.611	137.013	50.240
272.411	125.906	146.810	52.754
270.829	117.883	153.139	65.375
274.201	127.604	153.871	61.628
277.319	125.129	147.514	66.520
279.606	122.887	147.877	72.047
285.653	118.672	144.953	78.873
292.851	116.009	144.269	91.260
302.225	113.898	139.491	99.448
311.392	116.879	135.429	114.614
295.518	120.350	155.635	129.714
241.673	161.266	143.642	96.691
247.075	162.162	139.478	108.264
234.260	172.189	144.869	103.070
233.517	174.329	141.910	102.823
370.213	130.664	147.629	90.068
381.191	134.354	148.104	91.035
390.817	138.808	143.994	97.097
396.870	145.358	146.086	95.798
401.777	148.712	141.815	97.973
409.663	152.199	141.927	96.858
409.279	155.009	142.393	96.108
414.346	157.840	142.151	97.471
414.311	157.462	144.091	102.413
411.819	155.945	153.079	107.986
410.666	156.247	159.750	110.793
409.768	158.211	163.309	110.684
408.676	161.718	164.072	111.664
406.982	157.995	159.675	116.367
405.863	155.613	158.029	119.101
408.355	147.480	153.510	129.673
411.541	144.688	149.231	134.161
416.253	136.967	109.599	140.219
424.518	138.470	83.709	135.903
431.638	141.155	76.247	134.405
434.424	150.045	69.109	121.558
432.768	143.475	61.629	113.513
425.420	113.805	67.813	101.760
435.686	147.454	47.018	116.224
432.986	146.999	59.330	123.625
426.574	146.070	73.755	125.184
421.298	144.140	88.810	126.989
417.972	147.046	99.826	121.697
414.037	155.681	116.888	110.871
411.413	158.746	124.126	107.154
409.891	162.842	137.236	105.922
410.501	161.169	137.512	110.891
404.482	156.261	143.388	119.344
401.252	158.777	145.910	119.741
396.951	153.378	146.740	125.715
391.278	153.074	147.043	128.623
382.854	155.649	142.710	125.982
377.651	158.301	139.651	122.468
368.297	154.898	128.569	123.650
358.963	148.706	126.222	128.920
348.846	151.304	135.059	126.576
237.088	153.361	134.911	117.286
241.007	150.774	136.125	113.797
246.508	151.738	147.815	113.123
252.335	150.402	138.674	111.140
259.077	146.726	135.976	113.679
261.568	145.825	137.162	113.771
266.067	146.210	142.365	114.047
272.957	145.721	140.851	118.024
277.694	147.140	138.175	116.381
278.612	150.642	140.329	113.608
279.415	152.389	141.169	111.602
281.406	154.424	140.014	112.260
282.285	152.848	139.063	114.961
284.890	154.924	141.337	116.635
287.155	155.588	142.414	116.774
288.144	157.058	143.117	115.706
291.200	157.915	142.381	114.726
293.442	161.468	141.133	111.400
295.044	163.065	139.911	110.354
296.865	163.881	138.529	109.329
298.498	164.563	137.331	108.405
299.680	165.395	136.585	107.591
302.734	164.987	133.367	107.699
303.855	165.585	132.840	106.580
305.462	165.267	131.316	106.440
306.654	165.123	130.239	106.135
307.492	165.289	129.669	105.771
307.330	164.353	131.054	106.786
307.429	164.187	131.858	107.155
308.047	163.617	131.761	108.389
307.781	164.117	132.479	107.964
307.153	164.591	133.306	108.154
306.512	164.959	133.100	108.278
306.056	165.483	133.745	107.962
305.054	164.140	134.880	109.760
303.757	163.446	136.442	110.893
301.611	161.796	138.710	114.421
295.600	160.079	138.695	121.511
292.163	159.832	157.216	126.708
289.532	161.632	160.994	124.959
314.872	165.591	156.423	122.067
341.725	167.647	126.918	120.956
358.933	167.807	119.763	122.720
375.612	164.872	105.643	126.278
386.838	164.539	96.952	124.652
401.026	161.192	78.637	128.625
410.292	164.973	68.876	124.517
408.938	170.296	63.759	114.755
409.525	173.531	70.256	111.008
392.916	158.148	99.329	121.696
388.389	157.219	113.148	118.058
385.071	162.932	122.201	105.993
382.776	168.451	145.318	90.725
386.529	165.304	141.655	91.486
387.078	159.269	143.396	104.429
397.282	153.590	123.455	112.255
260.562	178.838	142.306	109.276
267.338	177.819	137.028	108.753
270.203	171.666	142.127	112.630
274.243	171.068	138.982	111.064
277.126	169.713	136.004	110.644
281.452	167.772	134.827	108.795
289.550	160.032	132.022	113.588
295.122	157.311	129.510	114.431
299.612	152.044	127.446	119.568
307.197	147.767	124.308	122.841
308.773	144.480	129.284	123.014
314.766	143.953	122.243	122.536
310.117	140.164	125.437	125.081
306.404	144.074	129.726	121.221
301.834	142.510	133.313	122.299
305.891	143.217	129.400	122.832
307.513	144.234	126.159	122.365
302.951	144.478	131.712	123.868
302.071	145.325	129.611	124.320
299.484	147.281	132.757	124.410
297.442	149.280	138.499	121.409
308.126	151.824	119.546	123.952
251.001	161.802	134.651	116.332
253.880	170.970	134.945	107.380
247.931	173.572	130.455	106.542
242.519	171.576	135.713	109.543
233.523	172.700	143.979	110.235
233.983	175.788	148.097	110.225
237.027	174.010	148.155	113.765
242.566	174.460	146.417	114.441
248.172	175.082	140.027	113.191
263.966	177.388	134.275	107.734
270.883	164.201	133.091	120.796
279.274	162.948	132.825	119.996
285.153	154.565	131.619	124.075
292.887	151.145	131.366	125.714
304.773	150.489	134.065	118.610
304.330	147.450	130.976	119.517
302.356	146.242	131.792	121.289
302.621	145.428	130.839	122.081
303.182	147.078	130.785	122.891
294.882	147.008	145.702	124.182
296.630	149.002	148.482	120.249
295.707	151.920	158.647	115.159
313.920	154.546	135.458	114.508
330.876	154.465	146.286	112.336
351.130	158.143	153.360	103.457
337.907	157.806	145.741	102.683
345.445	160.116	154.598	100.918
341.523	159.889	149.765	102.113
341.956	159.561	154.622	102.467
330.951	159.972	146.568	104.229
333.527	161.027	144.694	103.673
324.053	158.364	143.997	108.112
314.530	157.464	137.344	117.674
295.940	154.577	153.689	122.179
296.890	154.732	149.635	115.318
299.517	154.080	143.764	115.955
301.449	151.689	140.962	118.719
301.801	149.946	139.707	119.593
301.530	148.900	140.256	120.465
300.035	149.045	142.506	118.983
299.205	148.404	144.117	119.929
299.990	149.097	144.304	119.785
299.628	149.732	145.304	119.409
300.739	151.069	145.214	118.182
300.313	149.861	144.628	118.059
299.457	149.551	146.575	118.043
300.383	151.004	146.131	117.226
302.260	151.336	145.800	116.457
302.096	151.205	147.754	115.876
303.462	150.937	148.499	116.354
305.816	153.001	147.404	112.176
307.424	153.482	147.550	110.049
309.341	152.985	146.258	109.534
310.092	153.014	146.718	109.915
308.558	152.355	146.805	109.737
305.265	151.906	146.311	111.285
299.768	151.564	146.228	112.693
292.714	152.004	144.401	114.238
286.691	153.945	141.248	112.892
276.864	156.181	138.560	109.401
260.697	156.928	146.858	106.335
246.984	155.673	152.476	106.782
238.842	152.868	155.577	111.823
231.504	152.221	161.333	114.687
227.258	147.817	164.796	121.048
225.840	145.501	168.364	126.309
232.790	145.927	167.504	129.276
241.289	147.641	164.975	130.687
254.710	149.456	158.784	129.674
280.757	152.251	145.340	125.447
297.868	147.780	139.954	125.351
305.798	147.890	149.864	121.246
313.291	143.702	154.707	121.923
320.395	138.423	157.026	126.573
323.305	133.731	161.328	128.198
324.267	133.029	161.266	126.639
323.267	132.973	165.269	125.329
319.365	134.595	165.628	120.763
314.450	137.425	157.948	112.996
307.151	142.302	153.737	108.076
301.066	144.528	150.432	106.056
295.153	147.361	140.956	104.821
292.122	147.945	133.186	110.171
286.499	141.134	131.561	124.618
275.469	138.682	138.953	126.148
265.934	125.590	143.389	137.150
244.885	120.510	161.491	148.594
236.160	117.880	167.230	152.166
231.956	117.339	172.308	154.683
229.984	118.687	176.242	157.981
246.212	121.535	166.864	160.213
257.521	126.855	162.022	157.407
267.048	132.210	157.253	149.203
278.149	134.662	153.466	144.194
295.843	138.144	146.064	137.812
304.697	140.831	145.938	130.472
308.329	141.503	152.218	127.827
309.172	140.828	160.547	126.137
310.249	139.079	166.058	122.381
312.027	135.730	166.877	120.855
311.155	133.112	170.565	118.481
309.810	133.345	170.889	116.659
308.239	133.298	170.087	117.599
308.581	131.603	164.303	127.286
305.908	134.188	161.127	132.816
299.675	135.150	157.374	141.986
291.037	134.996	161.483	146.665
285.814	134.831	159.976	149.711
280.246	135.722	156.351	151.847
268.897	136.573	160.382	148.175
252.265	132.677	165.248	156.918
244.556	131.411	170.934	154.415
241.614	124.656	171.702	163.640
238.190	126.397	176.496	163.109
243.933	129.586	173.281	159.201
255.845	141.677	171.027	133.826
269.760	147.387	169.162	131.682
282.198	150.183	167.271	130.037
306.442	149.341	149.005	130.312
322.230	147.869	155.080	129.747
305.430	152.234	160.375	123.750
313.752	147.698	172.512	123.593
308.856	149.661	168.014	119.051
309.446	147.118	164.243	117.804
309.015	145.607	162.449	117.090
309.751	143.153	158.018	113.215
308.998	142.028	157.162	111.177
309.789	142.503	154.958	109.329
309.439	142.553	153.438	107.224
309.346	142.135	152.152	106.966
309.361	142.818	150.494	103.672
309.828	144.320	150.114	100.204
310.139	142.887	150.929	97.355
311.876	142.430	149.374	93.727
310.223	142.483	150.503	90.279
310.520	141.020	151.989	87.239
308.951	141.190	155.403	82.446
307.337	139.645	158.951	78.679
306.302	137.256	158.642	76.484
306.827	136.048	158.871	73.893
305.123	135.066	160.891	65.080
307.579	133.210	160.923	63.406
308.038	133.387	161.605	58.853
310.048	132.636	160.418	56.837
308.240	131.471	163.088	56.642
310.838	129.420	159.641	58.221
310.238	126.287	160.416	63.629
313.411	121.600	155.330	71.016
314.685	116.635	152.395	76.763
314.812	113.855	146.954	81.968
312.590	111.084	152.184	87.960
309.598	109.485	153.314	92.383
311.267	111.118	156.250	91.698
312.197	113.632	156.378	90.818
311.520	117.170	158.369	87.773
310.896	119.597	162.577	83.751
312.122	118.614	161.956	83.298
308.185	119.695	166.224	78.777
313.296	114.617	158.560	78.162
317.030	104.844	152.336	89.351
323.166	88.172	141.399	105.955
336.069	74.977	127.845	117.227
343.351	65.523	121.952	120.479
347.822	60.097	122.921	111.642
350.362	55.577	124.025	91.818
353.234	46.007	114.299	78.838
301.729	120.033	146.079	54.635
313.711	111.524	132.762	63.369
308.351	114.462	135.832	55.922
384.514	35.129	106.454	85.418
403.401	22.779	86.354	102.399
442.000	84.855	68.733	90.511
468.397	81.477	48.813	103.016
462.488	88.509	52.199	95.215
477.241	79.304	41.983	105.504
471.626	76.065	49.197	110.490
469.413	85.963	52.583	96.664
473.714	78.552	49.597	102.712
471.924	79.490	51.260	105.132
474.523	81.276	50.491	102.164
473.663	75.669	49.619	106.640
469.964	77.696	56.016	108.059
474.576	77.595	52.601	104.707
472.373	84.472	54.931	100.309
475.203	78.538	50.979	104.754
471.852	85.495	51.879	99.289
475.941	79.895	46.197	103.579
465.741	86.685	55.474	96.510
470.320	79.249	50.507	102.316
469.418	78.715	51.811	104.171
470.700	75.304	50.681	108.471
469.189	84.061	53.419	98.229
465.740	82.542	51.589	99.652
472.928	89.348	44.239	93.824
475.040	84.157	45.445	99.357
473.234	80.684	46.447	103.843
474.071	79.173	49.527	104.524
478.417	82.500	47.851	100.333
477.978	80.369	49.344	105.973
476.834	83.126	49.916	101.244
476.053	91.175	47.605	94.243
477.881	86.993	45.938	98.787
474.754	81.374	50.210	98.867
468.466	70.450	54.693	109.776
459.026	62.433	60.143	112.174
475.256	93.581	55.431	87.141
472.504	88.301	48.563	96.138
466.284	77.162	54.120	107.474
467.119	82.606	60.785	97.518
466.986	86.114	57.051	103.617
463.460	94.863	54.795	92.446
470.796	96.091	50.312	92.157
461.066	99.679	50.378	83.381
476.502	91.745	42.147	94.127
361.045	4.426	63.495	46.119
345.411	12.047	91.516	41.744
292.643	4.200	118.974	49.737
279.418	4.268	123.769	55.293
282.634	7.228	131.644	48.493
282.385	3.090	145.966	49.493
283.958	3.025	138.075	51.056
286.641	2.237	138.471	50.293
285.651	1.531	139.819	48.532
284.563	0.671	137.527	51.078
283.372	0.396	139.972	48.451
284.200	1.322	133.202	51.861
283.286	0.017	135.636	48.423
283.131	0.861	129.664	53.544
279.897	0.000	133.449	51.171
281.356	0.388	133.791	54.694
271.775	1.341	134.280	56.111
266.423	2.105	140.669	55.644
261.050	2.517	145.959	59.030
265.373	4.180	149.246	57.905
268.966	2.702	158.540	57.455
242.599	11.871	175.608	52.735
271.398	3.915	185.184	61.111
298.238	12.370	197.313	60.811
343.607	15.438	161.769	65.460
354.027	19.132	144.158	67.135
362.162	30.075	140.973	55.320
358.435	25.318	141.682	57.512
357.036	26.335	132.192	61.295
355.944	25.096	124.403	68.293
354.918	26.564	128.098	69.134
343.835	31.112	133.009	71.511
339.741	33.481	134.212	70.744
341.863	35.096	126.488	74.478
342.075	34.397	120.193	82.172
349.487	39.018	109.636	83.979
371.907	39.258	74.739	106.538
371.884	52.939	79.701	107.861
381.192	86.880	70.268	87.793
400.097	106.971	62.439	82.273
415.691	104.957	74.707	90.437
430.927	102.842	81.722	94.849
433.300	108.212	73.849	114.103
433.762	112.029	64.047	119.553
438.614	117.151	65.510	122.412
441.572	126.973	69.907	117.422
440.801	130.057	76.079	128.321
453.773	151.036	69.963	126.941
454.935	153.936	73.654	132.643
461.182	159.114	71.789	133.055
470.093	141.385	66.179	149.649
470.959	164.339	70.845	133.011
485.034	192.819	59.172	122.290
487.414	200.479	57.258	113.294
495.541	210.526	51.267	108.856
495.795	207.861	52.440	111.971
489.842	202.716	67.245	107.369
499.591	199.572	57.934	115.995
503.850	203.974	58.253	114.936
494.020	208.250	73.249	109.958
495.991	203.398	82.483	112.641
491.397	201.859	98.816	123.319
481.495	194.791	131.135	133.862
477.715	190.988	141.050	139.976
476.268	188.419	147.487	138.693
460.096	185.340	165.949	140.407
459.682	187.158	169.049	134.743
461.166	188.555	167.043	131.379
464.014	187.995	159.327	127.639
491.859	170.248	114.424	130.096
494.524	193.448	111.707	116.626
519.224	201.278	93.041	109.871
516.308	196.094	94.119	111.853
520.838	194.551	90.714	118.067
518.556	192.816	84.985	119.730
511.737	195.208	88.247	114.492
495.988	183.719	84.163	118.957
481.363	179.753	89.614	110.003
471.411	175.515	94.531	108.603
468.162	150.474	91.289	122.730
298.461	124.281	114.095	141.854
332.050	122.964	113.801	135.379
354.451	122.355	105.123	131.678
367.037	123.195	101.429	126.965
378.650	123.099	104.966	121.955
406.090	132.105	101.368	108.944
401.540	140.689	117.974	101.747
402.465	143.598	136.274	102.248
400.113	142.837	150.952	108.480
400.333	142.477	153.400	112.173
402.718	143.558	155.173	114.849
405.571	142.551	153.065	121.056
405.820	143.182	152.614	124.739
404.879	144.879	156.346	125.430
400.742	145.625	157.381	128.514
394.865	150.099	157.759	128.096
384.420	157.335	146.784	121.809
370.616	166.665	147.929	113.335
354.884	175.235	137.270	105.787
340.359	177.451	120.446	108.187
327.813	177.107	101.038	123.849
299.883	174.267	88.742	134.280
286.010	172.198	77.280	136.553
271.085	172.598	72.346	134.740
257.256	172.987	78.576	141.400
248.715	173.166	80.050	147.113
225.093	177.370	96.004	139.682
213.404	178.025	120.306	141.160
201.961	182.097	137.575	134.627
199.850	184.865	146.668	131.991
200.552	195.806	148.152	120.613
203.462	201.037	153.865	117.138
206.743	198.322	154.568	122.692
217.820	203.331	151.677	117.817
226.717	204.857	150.320	115.081
235.978	204.960	145.061	114.157
245.169	202.286	146.909	111.559
250.086	200.566	137.741	109.075
256.293	196.690	133.220	104.497
257.499	192.370	132.778	105.046
259.085	185.927	134.230	108.786
261.009	180.339	132.668	106.917
260.685	175.980	131.904	108.999
349.998	156.381	145.563	90.210
335.895	156.890	147.260	90.839
339.661	159.003	146.991	90.167
338.245	163.810	145.655	86.275
342.787	163.658	144.469	88.242
331.562	163.285	156.773	90.196
333.620	162.908	150.630	90.538
323.111	163.134	159.813	92.065
330.696	161.868	154.131	94.140
319.605	161.058	164.339	93.039
328.561	160.078	156.576	91.630
318.069	159.173	163.122	90.307
318.647	156.058	156.822	94.326
317.397	155.532	154.007	94.397
316.434	155.190	148.501	93.350
316.769	153.757	146.753	93.064
314.962	153.449	149.051	90.447
313.400	152.907	150.161	86.080
308.446	150.916	154.138	84.098
301.412	150.392	163.120	76.779
302.668	143.315	158.076	76.852
307.200	139.357	151.105	72.135
308.254	137.471	147.137	67.264
303.015	131.288	147.758	61.274
294.247	122.861	146.761	52.303
294.150	117.789	150.486	46.842
296.628	112.001	144.114	45.012
286.103	104.028	125.893	53.667
288.285	94.019	101.262	66.296
294.246	86.075	96.138	67.481
253.709	82.172	130.008	57.907
234.579	81.976	152.526	43.613
242.547	76.229	152.625	43.034
238.808	68.640	150.916	47.429
238.646	55.672	160.318	56.870
236.367	48.613	169.198	63.833
235.807	41.718	170.003	69.754
238.530	43.067	168.512	70.057
241.737	45.657	163.670	69.813
244.258	40.602	157.171	80.320
237.662	46.780	160.714	78.956
240.255	80.015	158.375	67.607
261.946	78.999	133.630	77.131
276.210	79.716	117.885	83.912
288.785	73.988	116.208	67.750
286.320	76.176	113.156	73.211
283.129	77.849	118.968	59.985
285.406	78.807	118.098	55.175
264.008	88.953	126.875	49.949
272.921	84.464	125.063	53.435
268.935	87.616	136.370	52.196
273.101	93.095	135.694	55.533
280.548	89.053	143.315	57.062
279.280	84.954	154.984	61.957
284.802	84.743	157.760	65.233
287.459	84.573	156.876	67.354
288.241	87.012	156.608	65.273
286.108	86.846	161.197	68.403
288.521	91.859	164.170	62.052
290.705	84.100	160.049	70.541
288.423	84.926	160.431	68.138
281.081	86.771	172.188	67.355
291.359	86.412	163.567	67.402
284.933	86.766	170.487	70.350
284.532	86.437	173.202	79.512
285.274	89.196	171.614	76.185
289.205	92.848	170.246	71.929
292.346	97.365	168.814	65.264
286.915	101.798	167.506	56.897
292.202	109.803	160.903	50.087
290.068	112.020	164.796	48.605
293.855	113.061	163.872	48.744
290.785	115.702	165.814	47.964
293.634	117.344	166.380	48.419
295.945	118.882	166.476	49.068
296.261	120.032	166.183	50.505
299.081	119.621	163.416	52.110
297.385	121.968	166.035	50.491
298.329	120.223	164.533	52.849
300.825	121.197	161.614	54.779
301.081	119.760	161.502	57.615
299.409	119.769	162.009	58.600
303.322	119.876	158.416	59.609
307.894	120.716	154.389	59.844
310.500	124.968	154.126	55.299
309.485	125.930	155.182	56.674
310.763	128.949	154.329	56.428
309.983	132.575	154.732	54.688
312.099	134.332	153.690	55.341
312.208	136.027	153.880	54.480
310.118	135.923	155.339	54.245
312.980	133.546	152.916	56.144
310.928	133.331	156.753	55.477
310.996	133.661	157.864	56.404
308.658	133.639	157.723	57.777
310.905	130.786	156.365	64.116
311.858	127.002	156.305	68.874
312.037	125.452	160.667	72.384
314.859	125.990	155.641	77.709
315.841	125.970	151.309	82.147
315.823	127.832	153.424	80.876
318.130	130.608	150.703	79.479
318.597	131.387	149.838	79.041
317.620	133.791	149.651	75.454
315.422	134.427	147.264	71.621
314.224	135.658	148.399	68.777
312.307	134.592	150.032	67.722
311.721	131.245	150.676	69.703
310.420	129.176	152.234	69.512
310.101	130.305	154.475	64.944
310.603	129.937	151.828	62.652
312.522	128.665	151.013	62.751
314.601	130.459	148.841	59.192
317.865	129.149	145.161	60.209
319.835	128.264	146.196	61.378
319.951	127.045	147.023	63.512
318.487	128.310	150.233	63.981
317.193	127.724	154.086	64.323
317.768	130.400	154.836	67.450
317.653	132.261	155.600	75.552
318.097	131.753	153.106	82.942
319.586	134.005	151.973	85.813
320.690	139.089	151.639	84.254
321.884	141.962	151.275	83.682
322.205	143.660	149.383	87.063
323.677	143.143	149.702	89.435
323.761	143.264	149.512	91.062
322.588	142.780	150.639	92.027
319.976	142.802	152.920	93.452
316.316	141.792	157.108	95.600
313.464	140.308	164.060	98.907
308.248	141.276	173.170	99.528
301.498	142.631	183.325	100.046
295.120	143.199	190.571	102.101
289.846	145.062	197.336	105.111
286.876	145.296	197.651	107.583
280.539	144.742	209.026	110.287
275.227	145.782	220.510	113.296
269.867	145.884	228.979	115.708
263.408	147.133	237.723	118.019
259.443	150.219	245.223	117.738
255.098	153.842	250.617	114.632
250.931	153.763	251.518	116.486
259.281	155.252	255.710	114.442
220.720	161.460	209.588	117.412
345.354	149.965	179.190	109.513
375.483	151.196	150.047	107.081
380.223	151.628	154.914	106.967
387.829	153.998	156.207	103.921
397.843	155.790	154.256	104.253
407.738	157.795	154.639	104.313
416.004	161.746	151.916	103.714
424.077	166.002	155.816	105.518
428.538	171.060	153.828	104.160
434.569	175.806	158.545	107.886
436.306	179.127	153.349	108.013
440.131	183.693	153.235	110.018
441.610	185.231	156.337	111.933
445.526	189.040	151.533	115.831
453.665	191.200	157.332	122.084
463.035	191.036	159.033	122.408
471.698	187.135	163.318	127.315
483.726	185.897	153.223	130.318
497.178	179.799	145.019	136.389
519.164	183.441	121.618	122.300
530.442	184.010	106.495	118.819
548.838	192.243	89.192	107.161
544.533	190.539	97.531	106.242
545.726	195.160	100.488	102.463
542.714	195.856	103.094	106.316
537.982	191.454	102.981	113.349
537.578	190.037	98.395	115.104
535.812	191.902	81.830	113.194
532.521	189.149	72.897	115.052
537.355	190.120	70.272	110.761
523.693	195.224	59.842	117.705
504.729	192.089	85.929	118.821
493.030	189.307	107.292	120.048
463.034	184.042	147.688	130.029
455.194	189.108	155.467	121.376
452.327	188.175	154.800	111.214
457.835	188.282	140.851	110.895
466.112	181.995	119.460	116.129
473.321	185.795	104.112	113.015
475.440	180.010	89.888	118.669
483.917	182.722	71.592	116.413
485.878	186.618	70.675	116.291
483.351	188.423	79.918	115.546
479.062	190.520	98.403	115.543
463.381	197.169	137.149	119.734
468.127	201.953	150.978	121.611
471.858	193.410	161.790	136.097
477.720	196.841	164.598	131.155
485.649	191.818	163.331	138.123
497.932	191.043	156.071	135.549
514.633	190.172	143.259	133.465
521.879	191.816	137.802	127.422
536.234	195.682	109.541	120.136
539.793	191.941	105.331	121.373
530.993	198.723	106.568	111.943
545.952	204.541	81.232	107.791
543.145	201.788	78.387	106.662
538.994	195.857	75.757	112.651
536.201	192.265	74.630	114.313
533.927	187.688	67.744	119.163
527.581	187.692	62.366	119.120
531.561	200.302	59.767	110.957
528.144	194.272	59.018	111.666
518.896	196.247	46.705	99.652
509.714	199.478	64.199	110.117
489.297	192.225	95.515	111.214
473.120	199.850	127.436	114.889
462.462	193.400	143.508	119.268
461.149	196.091	148.450	110.126
462.966	194.806	148.175	111.852
473.735	193.495	138.663	108.640
474.025	195.284	140.682	104.968
472.744	193.690	143.013	102.617
472.161	192.687	145.788	102.364
473.067	190.167	147.932	103.254
474.394	188.842	147.477	104.345
474.308	189.339	148.135	102.059
475.347	189.035	146.366	101.734
475.931	189.042	145.765	101.291
475.881	190.486	145.098	100.988
476.515	189.986	144.592	102.434
476.869	190.370	146.166	103.840
477.585	189.837	144.630	104.537
478.107	190.920	144.242	103.027
478.419	191.430	143.784	102.773
479.034	190.021	142.314	105.172
479.133	190.641	142.505	108.808
479.695	192.380	142.180	110.068
478.151	190.559	140.261	113.060
477.804	190.114	138.534	115.935
478.428	194.454	132.182	113.933
475.849	190.722	131.032	121.323
472.495	192.324	136.034	119.795
471.617	195.203	134.597	120.278
470.612	196.694	136.149	119.361
470.895	197.266	135.653	119.647
472.413	196.249	134.599	121.504
471.990	195.499	134.848	122.813
470.730	194.647	135.540	124.284
470.668	196.430	135.875	123.348
471.108	197.730	136.487	123.466
471.849	197.128	134.322	124.091
470.557	197.795	136.437	124.477
469.222	198.421	139.598	124.883
468.795	199.063	139.487	123.912
468.481	198.493	138.817	126.139
469.009	201.334	136.650	124.797
468.868	200.776	134.640	125.238
468.486	200.507	135.574	125.632
468.133	200.133	135.705	126.662
467.882	199.825	135.567	127.465
466.703	199.515	136.443	128.697
466.746	200.072	136.751	128.534
465.828	199.777	136.419	128.777
466.289	200.785	136.417	127.936
466.176	199.439	137.341	130.385
467.233	199.282	138.695	127.829
466.835	200.311	139.597	128.960
465.340	200.745	138.762	127.304
464.170	201.831	140.719	126.018
463.240	201.677	141.344	126.383
461.738	200.234	141.063	130.208
459.589	201.992	140.777	127.214
456.362	202.972	142.509	127.143
453.774	205.549	143.595	125.836
446.905	206.730	145.270	124.974
444.369	206.463	146.938	128.120
444.010	204.072	145.450	129.888
441.674	204.316	147.198	130.980
440.609	206.698	146.388	130.538
441.337	204.831	143.402	131.297
440.427	204.072	144.039	131.088
440.758	207.629	144.740	131.206
439.208	206.551	145.146	131.411
438.604	206.705	144.871	129.290
440.342	210.777	142.415	127.025
438.834	211.195	142.774	124.738
439.558	210.535	142.740	125.666
437.782	210.692	145.132	126.314
433.339	211.595	149.609	127.210
433.200	208.910	148.394	130.896
433.640	212.124	147.907	127.792
431.219	211.184	146.614	126.473
431.446	212.678	147.504	126.472
430.289	211.648	145.330	127.477
429.896	211.545	142.086	126.285
431.606	216.135	140.515	121.645
430.816	215.759	138.694	121.334
429.786	216.416	138.549	120.151
429.726	216.646	137.269	120.239
429.913	216.355	139.305	121.614
428.610	215.118	139.471	122.522
426.374	216.338	144.370	120.768
426.137	214.807	145.287	122.912
425.319	216.839	145.686	120.692
425.228	218.433	146.181	119.892
426.255	215.124	145.809	123.560
426.297	214.417	144.522	123.418
426.781	214.102	144.734	124.131
426.578	215.648	145.739	124.357
425.873	218.109	146.452	121.820
425.088	216.844	147.650	122.168
424.512	214.195	148.132	125.336
424.656	214.933	147.404	124.754
424.728	213.913	147.210	125.769
425.151	214.942	146.614	124.540
425.097	214.413	146.351	125.364
424.758	214.925	146.545	124.711
424.844	214.079	147.591	126.351
422.717	216.857	146.839	123.488
426.184	216.461	147.562	123.510
422.552	212.092	148.200	127.168
423.599	211.203	148.571	126.471
418.335	212.507	165.262	125.409
422.754	213.973	148.538	126.197
422.128	212.897	148.073	126.126
423.188	213.084	147.858	125.276
425.116	212.350	147.533	126.710
423.652	211.311	147.518	127.732
423.726	212.023	145.767	127.002
423.496	211.607	147.657	126.310
424.473	214.028	147.450	124.851
423.578	212.372	147.171	127.548
422.223	214.217	145.779	125.615
422.315	215.093	147.683	123.718
422.738	214.932	148.449	123.748
424.529	214.839	148.399	125.072
413.325	214.476	162.114	125.388
423.078	216.060	150.631	125.944
422.679	215.295	147.976	124.991
424.516	212.732	147.255	126.055
423.421	210.293	149.090	127.505
424.144	209.553	150.233	126.644
425.476	210.651	147.849	123.839
427.200	207.234	147.745	123.633
430.958	207.046	148.190	122.525
433.495	204.534	147.388	122.184
437.473	207.173	145.437	118.791
442.811	205.687	143.420	114.266
443.942	203.303	139.598	113.849
447.505	203.923	136.052	107.796
449.751	203.550	132.038	105.211
450.067	202.241	132.239	107.204
448.433	202.155	132.963	107.765
447.151	201.292	137.328	109.417
445.034	201.427	142.104	110.150
445.634	201.515	142.876	113.015
445.607	202.389	144.547	114.410
446.160	202.332	143.547	117.317
446.092	203.192	146.638	118.463
444.956	202.618	148.490	124.047
440.883	201.403	155.061	127.300
440.036	202.878	158.479	127.424
441.728	203.623	158.600	127.924
442.882	203.942	156.868	127.711
443.885	203.706	156.918	130.951
443.653	203.558	157.056	131.901
442.173	201.224	156.589	134.756
442.007	204.065	157.446	131.140
438.677	203.609	158.722	132.439
440.318	203.372	157.645	131.754
440.278	203.938	157.663	131.031
440.444	204.989	156.597	130.062
441.197	205.249	154.993	129.960
440.476	205.231	155.507	129.728
438.988	206.259	155.454	128.509
438.118	206.648	155.208	129.499
438.635	208.505	155.255	127.468
439.591	209.132	154.917	126.883
440.347	208.963	153.033	126.934
440.357	209.173	152.727	126.961
441.806	209.003	152.254	126.666
440.925	207.684	154.013	128.376
441.178	208.481	153.319	127.636
441.598	208.838	153.298	125.325
443.075	204.529	153.948	131.348
442.885	203.251	153.574	133.882
441.610	204.437	156.395	131.754
441.710	204.452	156.952	130.761
442.450	204.174	157.049	130.575
443.031	203.079	159.300	133.328
445.260	204.097	159.102	132.818
446.580	203.055	158.983	132.123
447.796	203.299	157.895	131.935
448.382	203.974	157.750	131.494
448.276	205.243	157.243	129.350
446.419	204.245	160.674	131.344
445.038	205.293	160.765	130.538
443.656	205.659	159.539	129.629
441.443	204.669	159.919	131.701
441.414	205.509	160.671	130.643
441.944	207.087	159.542	131.383
441.081	206.812	157.334	128.886
440.139	207.849	158.209	127.310
440.523	205.682	157.032	129.688
440.566	206.073	159.403	131.091
440.366	205.852	160.602	131.204
440.885	204.721	161.647	132.726
441.449	204.670	161.425	132.851
442.738	205.982	156.698	131.539
442.338	205.867	163.044	130.906
444.728	204.468	155.134	133.307
444.180	204.161	156.724	132.187
444.020	205.286	154.713	132.851
441.312	206.470	156.711	131.343
441.838	207.436	155.214	129.800
444.458	208.197	154.086	129.221
444.439	207.963	156.491	130.518
445.499	207.359	156.757	130.695
442.170	205.830	158.655	129.852
445.364	204.924	159.554	131.922
447.109	203.534	154.860	131.692
447.823	202.561	151.989	129.847
449.379	201.441	146.426	126.033
453.136	201.551	137.335	121.231
455.542	199.043	129.481	119.371
452.498	195.411	128.966	114.126
447.840	193.863	133.151	114.857
444.065	190.084	144.632	112.722
440.273	187.039	146.041	112.297
443.518	171.545	156.145	119.095
463.967	151.329	122.228	139.223
479.979	147.428	91.467	139.103
494.739	147.338	74.853	141.166
489.742	134.180	74.929	148.251
498.527	131.539	66.075	141.008
498.453	133.944	63.974	136.482
506.061	138.391	60.454	133.480
509.714	146.716	52.716	131.186
514.619	148.567	52.166	134.365
513.453	157.457	50.894	128.719
519.019	145.835	52.022	134.074
515.055	150.784	53.537	133.503
519.357	154.407	54.341	126.744
514.730	147.215	57.357	135.267
514.954	152.758	60.207	128.466
508.447	149.929	66.412	108.766
501.191	139.008	79.097	125.061
492.913	149.135	93.812	124.456
482.145	146.598	110.523	114.952
472.355	145.642	122.713	111.163
469.539	158.141	129.358	92.910
466.250	156.869	134.206	95.254
465.571	159.909	135.315	91.671
465.681	161.397	135.532	90.841
466.003	163.307	133.552	90.002
467.787	166.526	132.249	87.850
470.139	167.045	131.521	88.768
472.366	169.045	128.319	87.753
474.146	170.964	130.178	87.284
477.164	171.239	129.778	88.963
478.987	172.668	128.464	90.005
479.926	173.456	130.381	91.243
480.117	173.608	131.912	92.320
480.950	173.160	130.755	94.580
481.043	174.146	130.953	93.655
480.950	173.969	131.468	94.928
480.688	174.200	132.862	96.385
481.077	174.187	132.182	97.752
481.469	174.679	132.424	97.612
481.438	174.261	132.828	99.261
481.517	174.377	132.331	99.033
480.433	174.323	133.580	99.521
480.513	173.801	133.621	100.919
480.110	174.236	134.407	100.829
480.270	174.061	134.252	101.161
480.072	175.286	134.179	100.507
480.897	175.327	134.358	100.055
481.242	175.440	133.911	100.288
481.687	176.364	133.823	99.110
482.559	176.669	132.665	99.292
483.159	176.143	132.316	100.832
482.315	175.742	133.909	100.504
482.028	174.899	134.573	101.260
482.051	174.762	135.122	100.783
482.382	174.519	134.883	100.266
482.863	174.117	134.574	101.931
481.808	174.289	136.469	102.311
481.838	173.923	136.736	103.485
482.045	173.275	137.460	104.013
482.456	173.097	137.230	104.307
482.928	173.040	137.979	103.712
482.301	173.129	138.292	103.518
482.883	173.040	138.669	104.893
483.366	172.356	139.024	105.155
483.248	171.894	140.266	105.815
484.641	171.006	139.489	107.263
484.813	169.888	139.178	107.710
484.744	169.604	139.247	106.829
485.436	169.293	138.838	106.230
485.239	168.699	139.319	104.873
485.317	166.459	139.813	107.157
486.225	165.580	139.617	108.858
487.880	166.171	140.049	109.373
488.647	165.443	141.278	110.786
491.384	164.509	140.662	109.719
493.038	165.915	142.415	106.572
494.826	167.881	143.308	107.956
496.661	167.918	149.876	110.418
499.090	166.937	153.517	112.203
503.375	164.167	157.451	114.672
513.184	160.029	158.323	114.584
518.125	157.226	159.413	114.664
523.746	152.532	160.456	116.939
527.567	149.536	162.635	118.061
530.737	146.100	163.803	120.062
532.790	143.578	167.747	120.632
531.687	145.872	169.408	122.185
537.371	144.753	160.478	128.645
533.219	142.911	160.477	132.228
529.300	142.849	152.230	136.787
518.390	146.035	139.549	135.369
513.881	149.491	134.244	135.282
507.283	153.269	130.030	132.175
500.471	163.227	125.903	122.289
496.134	158.700	119.215	127.048
494.453	163.181	117.223	122.798
484.369	169.805	113.170	119.680
483.415	169.911	109.326	119.460
479.511	169.979	111.086	118.921
479.819	173.589	109.882	114.976
483.201	170.495	108.776	118.267
491.374	167.910	112.654	120.412
496.048	168.872	119.497	122.610
501.847	164.094	127.574	128.286
505.709	162.939	143.342	130.081
514.136	157.778	147.651	133.409
529.892	156.751	146.630	131.807
533.761	155.583	147.046	135.987
535.091	153.657	148.339	137.616
536.623	152.342	147.082	139.441
534.808	153.254	146.901	138.340
532.940	155.014	136.097	138.928
531.224	158.832	132.024	138.811
523.601	159.866	133.903	137.087
518.718	165.806	131.917	134.485
513.836	170.051	130.455	135.088
503.063	169.515	122.370	137.645
500.650	180.504	118.806	127.975
495.940	181.067	120.549	127.072
493.110	183.374	115.342	127.103
490.124	184.564	114.582	125.907
488.973	186.687	113.908	125.173
489.330	189.421	113.544	123.082
489.608	187.354	113.523	124.862
489.075	187.180	115.038	127.943
491.152	187.412	114.231	127.240
495.760	188.069	109.488	127.237
497.280	185.277	107.767	129.320
497.445	187.574	107.111	126.447
497.673	186.094	106.108	128.031
499.553	184.481	104.577	129.089
499.292	184.094	103.815	128.986
497.970	183.558	104.582	129.397
497.059	181.126	103.888	131.016
495.791	182.140	105.763	131.391
494.445	180.997	105.703	131.736
491.327	183.684	106.263	129.801
489.371	184.474	103.957	130.288
489.020	186.863	101.033	126.918
488.429	188.473	97.246	125.795
486.377	192.359	96.999	122.382
485.956	193.351	96.886	121.587
486.601	195.503	95.570	119.250
487.501	194.060	94.576	120.406
489.211	194.076	92.866	120.802
490.333	193.702	91.903	121.075
493.245	188.524	91.257	123.513
492.350	186.871	97.458	124.506
493.200	183.013	99.276	128.742
495.738	178.461	99.801	130.990
498.303	170.436	100.423	132.806
497.246	164.639	106.782	137.672
497.845	163.116	106.116	135.844
498.600	161.089	105.111	137.746
498.952	162.855	104.977	135.071
499.931	159.970	101.475	136.866
499.471	161.450	95.776	135.834
497.900	163.788	94.771	134.117
495.415	166.522	91.115	133.011
493.748	168.232	87.295	131.259
493.065	174.069	87.713	123.129
491.159	177.072	80.171	121.333
492.612	177.606	79.382	119.361
493.212	181.951	76.897	115.275
493.746	181.576	76.611	116.015
494.101	180.980	77.641	116.052
495.698	179.539	80.688	116.548
496.787	174.561	83.928	120.212
497.224	170.785	88.095	121.352
496.867	160.732	96.952	127.739
493.815	155.386	112.510	131.771
490.198	152.966	132.132	120.013
486.731	160.386	150.345	94.570
492.538	150.522	155.466	85.424
489.664	150.224	168.331	70.702
496.501	141.073	162.027	71.276
514.968	141.256	145.278	77.551
526.775	141.361	129.040	87.230
528.409	143.680	117.981	89.719
533.271	141.301	107.893	92.948
533.822	142.292	115.724	100.097
529.550	144.187	117.985	100.015
529.027	146.381	124.965	101.521
528.419	145.266	123.086	104.540
530.551	145.053	124.410	104.659
535.688	145.119	119.974	107.361
540.652	144.997	121.274	110.570
544.702	139.675	118.456	116.571
544.970	135.709	120.920	114.569
540.951	129.996	137.478	111.675
525.950	119.372	170.177	108.848
518.091	113.214	171.138	102.709
520.526	105.234	171.116	109.481
523.231	82.941	155.452	126.845
530.944	76.031	124.805	129.853
534.631	77.500	105.429	129.643
540.068	78.712	83.353	127.762
525.459	91.654	87.716	107.605
513.710	98.035	94.469	115.162
507.259	103.767	101.159	118.520
502.739	108.015	100.662	128.007
497.935	113.814	84.345	143.374
498.800	129.984	75.178	141.002
495.176	139.092	73.094	133.689
493.823	148.989	69.843	128.605
494.870	160.265	72.999	124.762
494.612	170.651	89.785	114.572
500.324	185.941	74.234	128.550
504.835	200.211	64.132	116.887
510.077	204.010	62.894	115.546
516.895	204.888	57.291	114.627
518.784	205.993	56.394	115.521
519.380	207.360	56.349	112.361
516.495	205.808	60.438	108.533
516.314	204.452	57.723	108.745
513.915	201.755	57.774	109.624
512.086	185.107	55.191	124.046
511.086	184.234	58.800	126.822
509.955	184.629	63.214	121.462
510.660	181.967	63.980	119.586
510.392	183.143	66.734	109.719
508.619	184.119	69.497	107.501
508.421	185.887	69.251	102.147
508.473	184.641	68.010	101.994
507.236	182.124	67.488	104.432
505.152	179.566	66.087	105.596
500.959	176.050	66.643	108.105
496.893	176.945	63.187	104.501
492.973	169.374	65.831	108.871
493.485	170.509	67.488	109.571
491.498	159.080	67.111	125.639
489.271	165.372	76.131	121.778
492.816	164.388	62.493	130.358
489.622	162.982	58.029	120.933
487.082	156.174	59.020	120.601
481.252	131.694	61.340	134.750
454.918	104.002	80.338	131.523
452.585	91.431	87.887	128.086
439.375	82.619	103.385	124.803
434.871	84.131	109.140	108.982
438.943	82.821	103.305	105.318
449.512	80.129	97.173	107.505
351.108	76.223	142.258	87.220
351.386	67.244	137.407	114.228
354.381	59.926	121.794	136.073
360.054	60.010	110.035	136.205
355.919	67.864	117.023	127.040
346.406	78.721	128.959	111.701
339.365	79.207	135.999	108.703
334.077	75.127	138.751	110.735
326.085	73.647	129.717	112.294
329.181	71.074	120.573	124.090
329.921	70.238	127.010	130.596
335.047	79.224	128.609	128.164
344.269	91.373	128.021	120.293
357.235	113.670	125.255	103.598
378.168	133.112	138.696	91.854
389.524	141.224	152.685	94.823
401.053	138.711	160.138	113.718
417.985	146.330	162.820	120.160
438.614	153.974	170.592	118.873
468.652	144.962	149.877	135.665
487.064	144.905	140.036	130.584
508.995	143.802	121.767	138.638
530.034	148.446	102.068	128.474
536.253	152.724	92.839	124.396
545.890	161.121	81.992	112.723
546.689	164.502	92.338	108.699
546.519	169.663	94.757	106.814
540.763	171.786	98.267	111.586
540.490	170.050	85.511	116.078
539.171	175.330	70.205	111.363
532.899	176.501	63.226	116.402
525.999	180.385	64.203	114.542
520.950	183.125	57.211	117.252
518.268	187.097	56.281	114.658
516.130	186.069	54.539	117.507
515.550	186.272	56.800	115.334
513.690	171.541	67.392	103.749
525.603	171.146	54.149	116.573
522.382	173.962	65.072	123.154
508.461	158.495	90.594	133.944
485.366	156.703	127.822	129.986
468.851	155.074	149.965	123.397
460.988	161.769	160.237	110.437
463.455	162.401	151.314	100.111
466.651	165.030	145.071	96.870
469.187	162.498	133.602	100.531
472.480	163.514	132.044	102.592
474.227	164.913	130.516	104.394
477.434	166.972	126.879	104.373
478.697	169.067	129.516	105.562
483.072	169.050	136.467	113.991
488.119	175.152	139.873	111.292
491.036	172.444	153.860	116.515
495.223	169.992	154.635	120.760
496.980	168.110	165.754	121.341
514.514	163.070	159.669	126.729
522.631	160.094	158.160	132.454
528.613	159.636	153.475	131.395
536.389	159.118	146.820	132.630
543.464	157.591	138.051	131.385
546.990	155.630	124.589	133.218
545.348	155.296	115.549	137.072
542.898	160.174	105.060	133.324
546.753	159.671	94.887	133.142
542.358	160.555	95.801	137.826
532.760	160.775	88.922	130.425
533.086	167.785	84.992	127.722
525.188	171.051	91.168	123.994
517.576	166.633	89.435	127.845
511.422	161.472	84.138	131.119
506.014	156.533	72.847	132.754
503.850	148.352	68.001	133.858
490.687	148.866	73.758	134.424
474.071	161.620	76.847	126.982
463.567	162.904	90.883	122.240
448.790	156.982	123.194	113.429
440.032	162.289	142.248	106.605
435.149	162.424	161.262	101.852
433.609	166.720	169.890	96.484
441.828	166.392	158.106	101.796
465.870	162.034	115.163	120.988
480.764	166.105	93.668	119.805
486.245	167.279	83.922	125.566
490.993	170.396	79.680	124.205
492.865	171.216	84.740	123.713
494.570	168.898	100.188	125.185
492.909	167.944	118.013	129.677
491.255	165.151	130.160	132.235
490.981	168.966	142.712	129.386
490.308	164.661	158.498	131.897
491.760	156.087	164.560	136.952
501.275	147.871	158.093	144.562
515.312	138.377	141.408	148.282
526.810	129.826	123.589	151.236
534.535	128.446	95.431	147.105
532.873	117.289	82.039	137.201
527.347	114.099	87.146	127.530
512.358	108.765	100.393	124.543
490.373	108.555	122.986	116.326
469.220	104.794	140.947	115.066
447.990	107.224	150.270	115.694
435.896	110.307	149.002	116.939
420.477	109.854	149.240	120.237
409.544	109.058	143.728	122.467
395.343	115.802	144.867	113.232
356.274	121.959	145.066	108.746
336.646	125.927	141.435	107.546
316.619	124.013	147.154	109.159
299.276	124.989	146.643	111.212
289.670	127.035	139.839	109.125
266.310	127.241	134.847	111.127
253.909	129.269	129.720	111.114
245.271	133.080	124.112	108.688
235.325	128.606	121.686	115.313
231.202	126.903	118.587	119.323
226.623	123.373	118.829	122.621
225.695	122.823	116.775	122.275
224.897	128.440	114.493	117.269
228.991	127.446	111.842	120.901
231.275	126.940	112.449	122.430
238.507	136.842	112.714	121.003
239.759	142.209	117.925	116.189
246.291	141.005	124.692	125.529
247.787	146.336	136.087	122.967
251.685	152.910	145.724	124.044
275.384	169.989	160.643	123.361
293.849	169.690	160.411	132.315
320.412	175.566	150.525	136.499
355.971	164.034	122.243	151.270
389.692	172.451	95.136	143.802
436.301	163.221	79.734	152.598
473.631	168.917	68.845	147.361
486.143	175.762	75.351	140.692
497.671	174.129	86.000	142.868
505.502	178.499	93.557	137.630
514.472	187.621	99.532	133.228
518.473	183.698	99.041	135.197
518.987	196.068	95.872	123.236
518.559	183.099	92.244	134.151
515.793	177.774	81.384	138.473
503.441	175.228	76.632	135.844
483.348	176.940	90.452	116.095
