302.000	74.000	36.000	70.000
302.041	74.848	38.141	70.378
302.489	75.240	37.651	70.654
302.448	75.591	37.784	70.439
302.168	75.399	37.961	70.864
302.446	75.713	38.370	70.880
302.677	76.293	38.130	70.529
303.307	76.447	37.423	70.383
302.991	76.820	38.118	69.789
303.046	76.651	38.191	70.483
303.446	76.954	38.086	70.806
303.226	77.074	38.851	70.821
304.024	77.099	38.012	70.590
304.738	76.841	37.302	71.122
305.031	76.694	37.409	70.740
305.420	76.748	37.223	71.117
305.680	77.230	37.986	71.267
306.210	77.914	38.317	70.712
307.036	77.713	37.601	71.316
307.837	77.809	36.726	72.066
307.966	78.004	36.705	71.622
308.109	78.375	36.643	71.662
308.427	78.100	37.159	71.731
309.195	77.856	36.800	72.408
309.511	77.980	36.541	72.793
309.448	78.040	36.385	72.653
309.111	78.364	36.984	72.566
309.407	78.290	36.998	72.607
309.484	78.265	36.671	72.904
309.527	78.685	36.542	72.894
309.634	78.865	36.506	72.930
309.196	78.764	36.855	73.132
309.223	78.972	36.717	73.725
309.450	78.934	36.463	73.501
309.311	79.848	36.245	73.022
308.961	79.915	36.785	72.846
308.961	79.663	37.223	73.403
308.879	80.703	37.431	72.016
308.896	80.856	37.068	73.032
308.638	81.184	38.074	72.433
308.770	80.959	37.987	72.489
308.748	81.654	38.349	71.491
309.398	82.208	37.772	70.981
309.226	82.078	38.904	71.282
294.236	83.025	40.833	71.307
269.967	83.460	42.103	71.938
251.365	83.359	42.472	73.320
232.918	84.227	43.007	72.249
207.862	85.244	41.967	71.644
196.902	85.042	41.142	72.836
197.840	85.679	40.585	72.617
197.179	86.260	40.596	73.616
196.834	86.018	40.620	73.756
197.154	86.704	40.207	73.466
197.631	86.756	39.329	73.460
197.689	87.204	39.398	73.239
197.413	87.418	39.738	73.205
197.583	86.349	39.378	74.240
197.988	87.675	39.159	72.714
197.639	87.791	39.516	73.367
172.574	88.107	40.505	72.594
155.938	88.538	40.249	74.249
157.617	90.045	40.207	73.834
158.147	89.302	40.473	73.682
157.710	89.968	40.744	73.995
143.490	91.365	41.424	73.753
123.760	91.627	43.171	72.492
109.470	91.286	41.326	74.063
112.509	90.980	40.842	75.448
112.948	90.914	40.377	75.950
112.970	90.681	39.851	76.254
112.534	90.508	40.493	76.052
112.753	90.159	39.955	76.526
112.188	89.603	39.541	79.561
110.803	90.441	40.097	79.486
109.953	91.307	40.337	79.658
110.149	90.824	39.942	79.692
109.941	92.235	39.912	78.580
109.874	92.367	40.277	77.937
109.810	92.448	39.993	77.893
109.975	92.510	39.362	79.190
110.165	92.783	39.697	78.845
110.405	93.044	40.092	79.065
110.732	93.441	40.399	79.937
110.659	93.897	40.864	79.955
111.121	94.532	40.524	79.613
111.635	94.679	40.088	80.323
112.238	95.114	39.871	80.227
112.004	95.044	40.031	80.402
112.404	95.046	40.271	80.993
84.602	94.766	41.869	79.853
64.301	97.434	43.104	76.658
49.489	96.017	43.626	79.131
50.800	97.467	42.555	78.999
50.680	97.666	42.451	79.284
51.650	98.095	41.774	79.306
52.042	97.959	42.185	79.294
52.719	97.678	41.635	79.683
52.637	98.274	41.854	79.800
53.148	99.360	41.270	80.874
53.516	98.562	41.386	82.254
53.770	100.251	42.051	80.567
53.605	100.570	43.078	80.496
54.110	101.185	43.311	80.268
54.418	101.244	43.231	81.268
54.784	101.533	42.962	82.481
55.109	101.955	43.578	83.120
55.390	102.039	43.462	84.613
55.526	102.268	42.947	84.627
55.834	101.784	41.863	85.610
56.216	101.696	41.752	85.223
56.958	101.916	41.005	85.009
57.147	102.476	41.109	84.427
56.828	101.756	41.672	85.595
56.970	102.366	41.326	85.227
57.658	102.217	40.747	85.390
57.670	102.613	40.972	85.687
57.759	102.886	41.172	84.700
58.326	102.816	41.105	84.929
57.399	103.703	42.451	84.279
57.537	104.998	43.397	83.452
57.759	105.886	43.778	82.624
57.916	107.325	44.237	80.522
58.083	108.193	44.387	80.396
57.861	107.588	44.812	81.459
57.787	107.771	45.068	81.535
57.787	106.840	45.171	84.021
57.750	107.124	45.540	83.843
57.942	106.764	45.296	84.825
58.217	106.246	45.196	85.884
59.032	105.739	44.661	86.440
59.443	105.946	44.687	86.800
59.231	105.895	45.163	86.908
59.828	105.983	44.686	86.987
59.698	105.595	44.741	88.145
60.499	107.819	44.083	86.885
60.723	107.112	44.916	87.716
60.507	107.588	45.535	87.950
60.871	108.811	45.609	87.104
61.158	108.563	45.254	87.082
60.962	109.013	45.003	86.349
61.394	109.312	44.856	87.101
61.242	109.914	45.137	86.270
60.931	110.518	45.635	86.528
61.130	111.032	45.457	86.274
61.214	111.675	45.321	86.857
60.877	112.267	45.867	86.120
60.677	107.274	45.962	89.589
60.254	93.492	46.274	87.493
60.926	88.650	46.573	87.399
60.353	89.684	47.532	87.292
59.354	89.839	48.375	88.370
59.297	90.252	48.741	88.587
59.537	90.677	48.543	88.491
59.626	90.554	47.956	88.820
59.415	91.013	48.010	88.902
59.089	90.499	48.502	90.119
58.572	90.892	47.931	90.140
58.063	90.972	47.906	90.773
57.733	90.927	48.194	90.762
58.207	87.151	46.904	94.286
57.900	76.126	47.233	93.986
57.493	67.158	47.690	91.601
57.086	67.707	47.865	91.161
57.637	68.021	47.278	91.144
57.805	67.751	47.055	92.079
58.152	68.666	46.744	92.903
58.217	67.939	46.890	94.224
58.734	68.039	46.890	95.092
58.894	68.669	46.642	94.722
58.951	68.899	46.919	95.544
59.953	58.574	46.674	96.297
59.917	47.686	46.851	94.634
60.310	40.016	47.468	92.711
61.216	40.571	46.301	93.169
61.342	40.296	45.995	93.311
60.995	41.343	46.894	92.787
60.859	43.002	47.714	90.819
60.809	43.039	48.193	90.275
60.838	43.415	48.389	91.424
61.355	44.079	48.399	92.861
62.017	44.403	47.814	93.144
62.333	33.984	48.170	92.516
62.156	22.707	48.044	93.345
62.144	21.861	49.074	92.957
62.028	22.620	48.827	92.661
62.377	22.792	48.897	92.735
62.148	23.648	49.442	91.577
62.460	23.174	49.229	92.365
62.020	23.785	49.763	92.096
60.680	25.287	51.082	91.705
60.545	25.273	50.682	92.211
60.356	25.631	50.871	91.781
60.545	25.695	50.164	92.232
60.436	25.917	50.479	94.506
60.749	26.142	49.400	95.854
60.872	26.808	49.391	97.310
60.987	27.176	49.418	97.271
61.232	26.473	49.022	97.540
61.174	26.572	49.053	97.648
62.158	27.408	48.153	97.767
62.534	27.983	47.667	96.944
63.656	29.407	47.748	97.413
63.460	28.984	47.816	96.656
63.590	30.423	48.045	96.882
64.036	29.961	47.859	97.114
63.932	31.764	48.442	96.844
64.299	32.357	49.009	97.133
64.172	32.442	49.129	96.762
63.807	32.712	49.494	97.522
64.177	33.461	49.505	97.802
65.086	34.950	48.948	98.482
64.319	34.437	50.350	99.058
63.989	35.425	50.904	98.494
64.176	35.747	51.130	98.472
64.544	37.306	50.940	97.856
64.330	36.704	51.633	98.670
64.257	37.352	51.591	98.216
65.791	37.923	50.778	98.797
65.995	38.934	51.084	98.096
66.428	38.858	51.292	98.959
66.512	40.378	52.144	98.925
67.123	40.986	52.144	100.565
66.858	40.787	52.894	99.906
66.730	41.360	53.145	99.823
67.302	41.972	52.943	101.378
67.531	42.939	53.505	101.552
67.835	42.867	53.501	102.410
68.412	43.250	53.277	102.707
69.204	43.436	53.232	103.586
69.313	44.359	53.909	103.201
69.377	44.996	53.720	102.909
69.773	45.681	53.232	102.706
70.013	46.558	53.496	102.790
70.417	46.963	53.019	104.710
70.522	47.875	53.891	104.703
70.567	48.312	55.029	103.414
71.531	48.769	54.300	104.402
72.532	49.833	54.134	104.168
72.859	49.932	54.373	104.594
73.173	50.051	54.744	104.053
74.119	50.521	54.383	103.679
74.764	51.915	54.506	103.733
75.344	51.851	54.553	104.678
76.021	52.587	54.747	104.100
77.370	53.018	54.232	104.739
79.845	55.803	55.240	103.571
79.260	54.425	54.880	105.322
80.439	56.052	54.861	105.596
81.098	56.003	55.378	106.230
81.724	57.466	55.130	106.252
81.904	57.109	55.009	107.582
82.934	58.777	54.607	106.118
83.301	57.942	55.016	107.838
83.685	58.548	55.977	107.579
84.382	58.723	55.461	108.058
84.291	59.059	55.932	108.425
85.254	60.232	55.804	106.657
85.603	59.412	56.039	108.240
85.723	60.416	56.629	107.775
85.956	61.445	56.729	109.095
86.938	61.238	56.572	110.058
87.360	62.138	57.107	109.920
87.648	62.471	57.617	111.230
88.154	62.594	57.578	110.913
88.267	63.510	58.024	110.927
88.934	64.406	57.378	110.556
88.634	64.026	58.613	111.266
89.286	66.218	57.912	110.270
90.014	67.251	56.773	110.717
89.941	67.171	57.692	111.680
90.595	68.398	57.614	111.477
90.950	69.480	58.054	110.650
91.808	70.356	57.851	111.804
92.881	70.693	57.502	111.811
93.705	71.375	57.648	112.799
92.970	71.662	59.148	113.073
95.063	73.302	58.124	112.730
95.483	73.877	58.818	112.621
96.434	74.409	58.615	112.545
96.988	74.913	59.365	113.146
97.676	75.409	59.519	112.731
98.326	76.065	59.981	111.760
99.446	76.248	59.141	112.265
99.984	77.172	58.973	113.561
100.263	77.701	59.338	114.004
101.019	77.735	59.318	114.477
100.674	78.106	59.775	114.094
101.457	79.710	59.619	113.446
102.059	80.504	59.600	114.242
102.479	81.374	60.103	115.830
103.038	82.028	60.015	116.500
104.197	82.393	59.600	116.562
103.928	82.715	60.709	115.380
104.253	83.954	60.738	116.386
104.890	84.035	60.314	117.302
104.638	84.663	61.025	117.305
104.638	84.703	61.593	117.382
104.746	85.070	62.015	116.961
104.111	86.476	62.895	117.250
104.421	86.312	61.719	119.646
103.898	86.638	62.432	119.581
103.281	87.600	63.484	119.194
102.359	88.011	64.496	120.212
101.332	73.188	62.287	128.847
101.099	63.223	63.700	129.466
100.733	61.300	63.887	125.684
100.725	61.926	64.675	125.320
100.140	62.614	65.850	125.862
100.255	63.298	65.701	125.913
99.945	64.037	66.085	125.464
100.256	64.211	65.883	124.941
99.925	65.842	67.040	124.640
100.193	65.712	66.443	124.915
100.519	66.756	66.576	125.782
100.624	67.940	67.450	125.164
101.581	69.073	67.008	124.206
101.960	69.206	66.936	124.675
102.755	69.117	66.737	125.018
103.621	70.409	66.390	124.715
104.195	70.228	66.556	125.474
104.829	71.187	66.443	125.380
105.461	71.449	66.253	125.344
106.307	73.206	66.301	123.704
106.696	72.336	66.618	124.814
107.662	73.591	66.434	123.991
108.005	75.066	66.969	123.449
109.130	75.468	66.800	123.561
109.715	77.125	67.306	122.455
110.078	77.921	67.255	122.668
110.489	78.060	67.103	123.450
110.292	79.687	68.303	122.146
111.304	79.509	68.121	122.704
111.636	80.420	68.245	121.253
112.264	81.209	67.942	120.747
112.459	81.231	68.638	120.938
112.308	82.197	70.028	119.702
112.872	82.643	69.937	119.339
113.428	83.834	69.900	117.925
113.649	84.751	70.698	116.229
114.406	86.819	70.611	115.379
115.325	87.532	69.999	115.677
115.840	88.711	70.604	115.770
115.836	89.160	70.194	117.246
115.645	90.728	70.976	115.635
115.924	92.016	70.703	115.095
115.962	91.585	70.694	115.356
115.350	92.192	71.073	115.111
115.581	94.150	70.493	113.552
115.583	94.127	70.997	114.746
115.331	95.504	70.463	114.711
114.943	96.194	70.106	114.495
114.646	96.664	70.123	114.861
114.414	97.343	70.005	114.208
114.304	98.001	69.185	113.357
113.619	99.959	69.648	112.261
113.142	101.089	70.346	111.076
113.597	101.995	69.765	110.489
113.381	102.482	70.062	110.071
113.426	103.335	69.516	110.656
113.913	104.317	69.066	110.947
113.869	105.884	70.197	110.068
114.175	106.475	70.127	108.602
113.586	106.200	71.604	110.440
113.541	107.429	71.535	109.150
113.680	108.039	71.738	110.193
114.415	109.079	70.311	110.425
115.260	110.550	69.336	111.045
115.524	112.002	69.512	112.622
116.429	112.720	68.620	114.934
116.174	114.287	69.938	118.929
117.049	113.676	70.253	124.249
117.524	115.192	70.915	126.190
117.672	117.339	71.453	124.948
118.196	117.754	72.454	126.097
118.457	120.264	72.659	122.914
119.090	122.084	73.275	121.114
119.405	122.135	74.502	120.817
119.672	125.070	75.258	117.620
120.712	125.744	74.641	118.791
121.031	127.559	74.933	121.029
121.244	128.469	75.999	122.628
120.864	132.578	76.826	123.174
120.788	130.564	76.281	133.140
120.469	130.806	76.626	135.566
120.410	132.461	76.441	137.373
119.725	132.954	76.898	138.457
119.656	133.500	76.727	139.154
119.570	136.365	76.765	138.701
120.726	134.867	74.522	141.399
120.872	135.657	75.331	139.490
120.638	137.340	77.120	136.846
121.217	139.655	77.202	132.808
121.972	139.890	76.601	134.321
123.140	142.295	77.279	134.000
125.327	144.511	75.600	135.502
126.996	146.797	76.985	137.115
127.937	147.914	76.887	140.627
131.107	150.130	75.600	141.747
131.148	150.894	77.012	145.435
132.429	152.351	76.909	147.470
133.800	153.929	77.046	147.431
135.529	155.169	77.409	150.549
137.431	156.951	75.629	151.585
138.849	156.876	75.839	153.532
140.498	158.233	75.062	153.938
142.617	160.501	74.210	152.396
145.569	165.630	74.710	152.463
146.100	163.414	74.308	154.162
146.993	165.590	75.373	154.499
148.334	167.652	75.879	154.685
150.818	169.668	75.872	154.336
151.299	170.759	76.134	153.463
152.390	172.028	76.906	152.427
153.034	174.492	78.318	151.203
152.928	175.352	79.335	150.933
153.670	175.768	79.993	153.169
154.176	175.786	80.281	154.743
154.816	177.590	80.862	155.606
155.096	177.826	81.467	157.398
155.790	179.995	81.460	157.672
155.905	180.525	81.796	158.327
157.255	182.253	81.157	157.397
158.488	182.886	79.589	158.325
158.864	183.887	80.725	158.943
158.902	183.358	80.158	161.235
158.786	180.089	79.164	163.568
158.249	173.936	80.047	163.232
156.688	164.695	81.518	167.096
157.212	155.240	81.664	171.791
156.455	150.632	82.679	169.208
154.596	145.727	83.760	170.951
151.998	139.185	87.700	171.730
150.462	132.293	89.477	174.677
147.744	121.717	92.158	178.947
144.465	121.920	95.976	175.646
142.551	123.828	97.841	177.400
142.157	123.764	97.984	181.840
142.792	124.169	96.965	183.423
142.762	125.276	97.882	183.979
143.132	125.894	98.647	185.914
142.990	126.961	99.247	185.989
142.732	129.583	100.565	187.254
146.714	131.275	96.857	187.615
142.683	132.951	102.821	185.568
143.986	132.869	100.053	189.943
145.327	134.524	100.817	193.614
149.232	127.048	97.212	195.755
150.456	120.955	98.859	192.769
151.756	113.757	97.243	195.455
153.239	108.097	97.109	195.206
152.859	102.513	99.043	196.505
154.372	93.742	99.075	197.096
155.825	87.425	99.138	193.103
155.526	80.539	99.532	190.131
157.134	77.423	98.501	187.689
157.122	79.062	98.168	185.742
158.140	80.540	98.272	184.678
159.956	82.385	97.769	183.931
161.181	85.374	98.187	184.218
162.923	85.661	98.726	186.278
163.601	87.601	99.124	185.509
164.291	87.919	99.277	187.813
164.503	88.340	100.336	189.180
167.126	91.225	99.299	188.355
167.621	91.749	100.716	189.365
167.744	93.190	101.306	187.343
169.691	94.976	100.717	186.348
170.644	95.614	101.379	188.050
173.627	97.350	99.288	188.042
174.130	99.381	100.158	187.552
176.243	101.024	100.786	185.252
178.573	103.993	101.481	183.041
182.232	105.083	101.755	183.349
180.120	107.314	104.100	184.957
181.734	108.801	103.331	187.205
186.837	111.864	100.239	186.885
182.955	113.145	104.324	182.169
185.896	114.712	102.541	184.139
184.461	116.342	103.909	186.559
186.890	117.484	104.339	186.654
187.029	118.717	104.583	188.372
186.787	120.719	104.912	187.568
187.106	121.469	106.334	189.233
187.248	121.510	106.604	191.586
186.687	123.247	107.065	193.385
185.434	123.750	107.922	195.327
183.967	124.237	108.867	196.187
186.052	127.440	107.357	196.926
189.495	125.733	104.827	201.782
189.970	128.768	106.140	202.430
190.634	128.379	107.097	206.859
188.645	127.790	108.945	211.852
187.606	129.980	111.140	212.619
186.552	131.150	112.696	217.472
187.318	133.874	111.676	214.493
186.423	136.387	113.964	211.186
187.487	138.107	113.209	211.153
188.372	138.825	113.840	217.991
189.182	137.580	115.160	227.461
191.492	139.484	113.751	233.353
192.265	137.881	112.823	236.858
192.510	133.263	113.309	235.116
194.286	128.075	111.560	237.415
197.156	122.124	108.935	235.929
199.968	112.866	106.861	233.781
198.664	110.365	109.038	238.350
197.795	111.725	110.829	238.083
197.806	111.709	112.813	241.617
196.238	116.922	114.890	237.058
199.058	116.006	113.492	245.286
200.925	120.881	113.493	244.985
200.669	123.804	113.440	238.314
201.353	122.977	112.766	237.803
202.723	126.986	115.432	229.784
203.316	129.104	115.487	225.179
204.352	134.314	119.154	216.981
207.792	137.939	116.279	216.385
211.055	138.552	112.512	217.729
209.071	138.802	116.871	216.123
207.136	142.066	120.235	215.954
207.515	137.745	118.734	220.835
207.163	130.238	119.736	219.961
207.602	127.431	116.460	219.735
207.233	118.685	118.606	220.779
208.447	112.138	118.776	216.378
208.887	104.257	120.704	214.628
211.591	96.823	118.313	210.372
211.864	89.686	121.128	209.041
213.022	84.505	118.477	210.705
214.282	75.875	119.972	212.018
213.781	70.723	119.759	211.817
214.878	68.531	118.478	213.312
215.241	59.837	118.862	215.536
215.890	55.677	117.652	215.047
217.442	49.959	116.578	219.123
218.465	42.120	115.435	221.054
219.370	34.984	117.121	222.690
218.806	27.236	117.886	222.817
219.479	21.642	119.329	224.121
221.276	14.261	116.052	226.799
220.370	7.198	122.146	224.180
219.654	3.093	122.681	220.770
219.206	5.684	120.798	222.247
220.580	7.274	120.252	223.396
219.519	13.344	125.701	218.790
221.479	15.182	125.090	220.393
221.458	16.988	123.597	218.507
222.202	18.828	124.089	217.101
225.420	20.587	121.698	214.318
226.117	22.795	125.827	216.517
230.188	28.961	124.072	211.363
232.743	31.318	121.463	210.485
233.140	31.549	119.652	214.797
233.431	38.424	122.217	211.410
235.243	39.482	119.588	215.248
234.828	41.353	119.765	214.710
236.392	47.101	121.449	211.308
237.282	48.271	121.673	212.640
239.443	48.703	124.538	216.783
240.674	50.274	127.118	224.696
240.624	51.682	130.079	230.533
240.411	52.268	131.629	235.811
245.192	55.789	131.170	238.684
246.570	56.126	132.080	245.070
247.543	56.082	134.333	249.435
249.199	60.333	134.270	251.452
252.389	53.961	133.902	260.968
253.180	51.074	137.712	259.821
256.145	45.097	135.110	263.623
255.556	43.253	137.099	264.235
259.968	33.272	135.364	269.458
261.051	31.028	135.942	270.597
264.333	24.703	135.172	273.766
266.012	22.121	136.475	272.101
267.241	25.352	135.709	269.566
272.604	30.956	129.985	267.013
274.814	35.210	129.647	263.310
276.304	38.660	127.656	261.258
278.387	43.361	129.183	258.298
282.365	46.472	131.537	258.147
285.272	50.618	132.866	256.880
285.048	53.466	134.861	259.925
287.087	56.387	134.357	258.689
287.409	59.675	136.317	251.488
291.556	63.380	135.819	250.897
287.312	68.457	138.509	246.982
276.862	71.965	140.249	240.720
266.793	75.326	142.343	238.984
261.367	75.537	142.325	238.510
249.835	77.979	143.970	239.477
240.198	82.927	145.393	237.342
231.489	87.901	142.679	242.004
222.184	90.637	148.997	238.373
213.152	92.956	143.562	241.620
202.335	95.880	145.032	240.350
188.350	99.490	146.321	238.209
177.738	102.467	145.055	238.202
164.975	106.024	147.837	238.858
154.199	110.319	148.015	242.326
143.482	114.759	151.347	240.566
134.347	117.093	153.920	246.660
122.348	118.793	155.278	253.966
124.544	125.720	156.128	250.909
126.735	125.922	151.699	261.041
127.368	131.306	155.599	255.182
127.084	133.078	158.216	256.805
129.985	138.634	155.849	257.508
127.934	142.992	160.067	254.178
129.320	146.969	160.713	254.587
132.322	149.692	161.622	256.632
134.540	156.387	163.441	256.485
135.623	149.887	162.781	263.529
