381.000	94.000	30.000	71.000
381.465	92.610	30.233	71.554
381.148	92.426	29.957	71.795
381.468	91.776	29.397	73.563
380.953	91.567	30.220	72.678
380.953	91.744	30.187	72.770
380.382	90.861	30.282	73.091
380.568	89.561	29.920	73.769
380.304	89.360	30.199	73.201
379.456	88.938	30.356	73.047
379.717	88.207	29.850	73.222
380.065	87.963	29.341	72.759
378.878	89.116	29.956	71.175
378.686	87.232	29.295	72.990
379.044	87.348	29.158	71.640
378.261	87.836	29.745	71.426
378.392	86.977	28.691	71.951
377.708	85.952	29.011	71.949
377.319	86.374	28.971	71.171
376.949	84.785	28.879	71.674
376.523	85.582	29.166	69.965
376.026	84.967	28.239	70.264
375.602	83.692	28.834	71.063
375.171	84.232	28.433	69.897
374.528	82.904	28.144	70.241
373.591	83.353	28.177	69.476
370.420	80.509	29.189	69.152
369.094	79.542	27.615	68.734
368.046	77.052	27.895	70.304
367.141	77.834	27.531	69.097
367.096	78.156	27.086	68.398
366.409	78.184	27.476	67.681
365.631	77.863	27.479	67.692
364.841	75.935	26.853	69.743
363.861	75.696	27.075	68.702
363.402	77.942	27.296	66.248
362.722	77.156	27.096	66.299
362.064	76.381	27.128	66.739
361.532	75.822	27.799	66.838
361.149	76.726	27.080	64.828
360.874	75.669	26.679	65.383
360.166	75.148	27.107	65.594
360.048	75.330	26.300	64.982
359.653	74.972	26.020	64.819
359.381	73.668	26.143	65.820
358.711	73.759	25.987	64.726
358.476	74.339	25.335	63.221
357.948	73.786	25.765	62.774
357.726	72.504	25.671	64.170
357.096	73.190	25.555	63.589
356.472	72.264	25.550	64.058
356.392	71.692	25.770	63.791
354.973	72.319	26.827	62.165
354.835	71.369	26.233	63.124
353.899	71.456	26.759	61.877
354.048	70.237	26.295	62.258
352.400	70.878	27.916	61.825
351.551	70.902	28.077	60.487
351.971	70.443	27.449	59.767
351.174	69.818	27.205	57.282
351.023	71.480	27.094	54.201
349.394	70.518	28.719	58.985
348.065	69.655	28.746	59.269
347.179	69.422	28.347	58.165
347.370	68.260	28.002	57.156
347.421	68.168	27.626	56.304
347.024	67.645	26.525	57.195
345.728	67.742	27.549	61.281
344.977	66.434	29.165	61.397
345.368	66.721	27.800	60.274
343.592	66.087	27.806	58.400
343.828	63.639	26.225	61.806
342.375	61.880	26.942	57.489
342.209	62.326	26.922	50.969
341.465	61.724	26.342	51.413
341.040	62.279	26.229	59.391
338.645	61.844	30.203	57.656
338.492	61.819	29.417	60.462
337.780	61.008	26.547	60.768
338.031	60.846	26.955	62.618
336.205	58.170	27.012	61.115
336.780	61.091	26.777	55.514
336.251	59.940	26.666	54.387
335.855	60.302	26.398	57.660
335.404	59.947	26.938	58.682
334.738	60.078	26.796	59.021
334.237	59.318	25.557	58.888
333.888	58.858	25.342	60.867
333.157	58.460	25.556	60.466
332.407	57.540	26.945	61.396
331.512	57.133	26.226	61.557
330.535	57.759	25.334	60.732
330.593	57.263	24.742	61.239
323.891	57.430	25.690	60.864
320.071	56.757	25.957	61.491
315.363	56.509	26.295	61.255
304.843	56.295	26.565	60.370
296.001	55.673	25.854	60.977
291.243	55.225	25.848	61.717
287.687	55.975	25.002	60.888
277.059	55.246	26.287	60.938
269.354	55.422	25.030	59.051
270.063	55.438	25.155	59.581
269.204	55.086	25.335	59.244
269.232	54.816	24.939	59.490
269.125	54.653	24.381	59.004
268.693	53.810	24.733	59.463
268.187	53.430	24.931	59.042
268.002	53.439	24.965	58.794
267.861	53.085	24.837	58.913
267.586	52.991	25.245	58.603
267.679	52.586	24.839	58.653
267.076	52.833	24.642	57.795
266.663	52.131	25.101	58.496
266.745	51.761	24.898	58.660
266.270	51.680	24.706	58.468
266.149	51.340	24.417	58.237
265.460	51.401	24.567	57.663
265.175	50.731	24.834	57.548
265.327	50.637	24.120	57.361
264.928	51.215	23.995	57.388
265.122	53.454	23.397	57.103
264.781	55.723	23.686	57.559
264.534	59.976	23.668	56.844
264.113	65.451	23.741	57.757
263.991	70.439	23.771	56.663
263.731	75.856	24.066	56.928
263.873	79.011	23.755	55.908
263.900	82.041	23.278	55.862
264.174	86.180	22.741	56.252
263.623	89.277	23.724	55.401
263.770	94.024	22.966	55.186
263.803	97.720	23.307	54.983
263.644	99.601	23.353	55.475
263.223	99.020	23.873	55.560
263.360	98.598	23.725	56.469
263.126	98.511	24.275	55.699
263.049	98.153	24.535	55.969
262.932	97.833	24.505	55.655
262.780	100.235	24.068	56.057
263.137	104.542	23.325	56.103
263.012	111.064	23.691	55.724
263.174	115.659	23.101	54.754
263.462	115.374	23.331	55.462
263.459	115.450	23.604	54.979
263.830	115.153	23.196	55.472
263.801	115.172	23.568	54.698
264.146	114.621	23.327	54.179
264.178	114.572	23.222	55.103
263.859	117.156	23.774	54.481
264.344	121.762	22.832	53.734
264.574	127.863	23.141	53.218
264.584	129.355	23.089	53.751
264.891	134.490	22.751	53.442
264.757	140.530	22.904	54.201
264.919	145.135	22.891	53.424
265.071	149.875	22.710	53.437
265.380	155.130	22.763	52.879
265.279	158.163	22.686	52.555
274.268	224.335	22.866	35.678
275.117	226.714	22.713	43.198
275.953	231.459	22.798	47.342
276.179	233.729	22.491	44.151
276.930	237.817	23.105	44.815
277.994	238.639	22.277	45.908
278.817	238.645	22.592	45.539
279.475	238.519	22.439	47.936
280.463	237.887	21.618	45.949
281.164	238.559	22.307	46.700
282.909	237.494	21.506	47.784
283.207	237.926	22.348	48.212
283.615	237.623	22.605	47.599
284.526	236.937	22.089	48.823
285.520	237.422	22.295	48.416
287.007	236.807	22.526	49.591
288.145	237.086	23.272	49.987
289.978	236.539	22.820	49.256
290.380	236.777	22.915	49.689
291.339	236.973	22.033	48.240
293.636	235.935	20.473	46.749
294.223	235.853	19.946	47.555
295.317	235.918	19.929	44.772
297.076	234.747	18.884	45.559
298.070	233.942	18.502	45.891
299.512	234.720	18.159	46.216
301.627	234.608	19.253	44.733
302.476	234.250	18.788	44.133
304.884	234.010	19.113	44.090
306.265	233.031	20.041	45.283
307.881	234.051	20.107	43.408
309.379	233.188	19.123	45.731
311.098	233.827	19.535	43.905
311.791	233.010	19.300	45.976
312.925	232.867	19.274	44.378
313.692	233.366	19.214	41.473
315.118	232.747	19.188	39.810
317.554	232.815	17.895	38.855
318.953	232.592	18.810	39.404
319.454	231.591	19.429	39.990
321.328	232.985	19.410	42.623
321.829	232.263	19.583	44.866
323.638	233.200	19.201	44.332
325.338	231.934	17.763	44.536
325.901	231.857	18.169	44.077
327.270	231.620	17.387	39.740
328.644	231.576	17.570	41.308
329.264	230.373	17.987	40.022
330.223	230.285	19.594	39.800
331.275	230.594	19.182	39.542
333.195	230.529	19.276	39.100
334.208	231.022	18.015	40.092
334.276	230.931	18.901	39.781
335.316	230.232	18.201	38.779
337.065	231.385	18.926	43.764
337.866	231.096	20.725	46.888
338.907	229.535	19.789	44.635
342.261	230.127	18.858	44.405
341.705	229.714	19.010	43.270
343.466	229.590	18.493	42.937
343.957	229.295	17.975	40.869
345.416	229.293	17.538	40.514
346.755	228.516	17.071	43.717
347.604	229.364	17.931	38.499
348.369	229.190	18.183	39.013
350.858	228.536	17.791	35.836
352.533	227.758	17.530	36.975
351.935	226.890	19.284	37.149
352.570	228.064	19.834	35.679
353.600	227.392	19.467	35.802
354.728	227.222	19.275	38.567
356.123	226.981	20.470	36.400
362.242	226.331	19.738	39.060
359.072	226.220	19.347	36.147
359.646	226.813	18.969	34.348
362.329	226.301	19.138	40.289
363.409	227.092	17.584	37.450
364.692	226.304	17.484	36.197
365.131	226.131	18.038	38.455
365.336	226.151	18.532	37.558
366.612	225.914	18.272	40.699
367.338	225.599	18.974	39.379
367.695	225.147	19.957	40.960
368.335	226.102	20.932	38.101
371.796	225.332	18.902	39.725
370.957	225.543	19.848	39.086
376.459	225.436	17.261	39.989
374.538	224.437	17.168	37.852
375.045	224.636	17.659	38.059
376.042	224.288	17.406	39.600
376.521	224.182	17.293	35.521
377.411	223.598	17.997	34.272
377.855	224.584	18.903	34.292
377.711	223.747	19.307	35.173
378.288	222.203	20.226	36.405
379.521	223.080	18.776	37.907
381.083	222.277	17.950	36.512
381.391	223.309	18.572	35.087
381.074	223.362	18.984	36.590
381.329	222.940	19.980	34.137
376.198	221.616	20.134	34.580
370.035	222.096	19.857	33.936
365.576	222.381	20.624	36.824
361.201	220.977	19.279	34.477
408.846	215.480	16.128	42.046
403.609	216.928	19.206	43.015
400.247	215.856	19.573	40.382
389.663	217.472	20.112	45.639
382.276	248.843	22.370	51.773
371.506	247.986	22.249	51.532
367.644	251.733	20.764	46.499
355.553	250.792	22.034	51.096
350.151	249.222	22.180	54.147
344.313	252.170	21.925	50.983
338.035	249.101	23.639	54.596
330.995	254.340	25.502	49.087
321.677	254.283	24.189	49.276
316.239	245.268	24.977	56.106
312.668	251.909	22.967	50.737
305.862	237.864	25.513	50.439
285.297	230.676	23.789	47.853
292.606	244.288	27.073	47.307
274.543	231.600	23.099	47.828
273.009	233.956	25.914	47.565
270.729	237.533	21.586	53.230
257.233	231.462	20.019	47.413
250.657	228.725	20.962	46.197
247.625	250.506	21.673	48.065
243.090	251.742	22.863	41.051
240.342	252.160	20.852	42.566
229.530	247.364	22.336	41.567
224.618	242.398	22.500	46.970
220.068	236.566	21.598	54.708
218.088	246.747	20.598	52.368
216.987	229.396	17.626	49.213
217.297	243.151	21.697	56.069
216.803	229.448	18.899	50.933
217.784	252.522	21.560	46.471
217.408	247.795	21.679	47.875
217.858	248.848	20.548	48.838
217.121	245.528	21.057	52.486
217.081	244.316	19.354	53.451
217.014	241.185	21.708	50.450
217.018	238.272	20.655	57.006
215.574	248.128	20.519	49.946
218.023	250.925	19.225	46.913
217.882	247.200	17.964	47.724
217.286	248.068	18.994	47.748
217.882	249.039	18.882	46.773
217.531	245.925	19.044	49.965
217.244	247.571	20.223	46.626
217.527	246.485	20.171	47.794
217.075	240.841	21.279	48.782
216.852	238.680	21.576	52.442
217.798	230.600	21.257	49.058
220.306	226.383	19.283	53.078
218.730	238.791	20.841	52.193
219.543	232.899	19.831	54.408
219.257	242.696	21.218	51.289
220.444	236.138	19.727	51.979
220.124	235.169	20.181	50.541
220.702	238.479	20.277	48.240
219.699	236.744	20.678	48.652
220.563	236.025	20.397	49.375
219.973	239.218	20.676	44.835
220.112	237.404	20.943	43.698
224.621	229.068	18.930	49.004
241.749	234.142	19.460	45.189
241.206	236.941	20.952	43.164
241.248	239.868	20.873	39.912
242.391	229.591	19.392	47.281
241.735	229.769	21.616	48.840
242.313	231.472	19.708	51.920
241.560	234.730	20.877	44.639
239.885	235.204	22.547	42.946
237.679	231.707	26.118	50.757
242.660	233.222	21.422	49.253
237.985	236.194	24.435	45.848
243.057	236.154	21.322	44.682
240.682	232.676	22.729	46.339
243.201	236.256	20.787	42.936
243.474	226.266	20.375	45.712
242.562	234.848	22.608	40.548
242.336	234.374	24.167	45.583
232.220	236.997	25.234	47.884
223.667	239.748	21.445	48.122
225.730	241.968	21.715	47.203
225.746	245.088	18.176	45.905
226.652	243.435	20.072	46.599
226.528	242.286	19.779	48.972
226.568	241.198	21.290	47.560
225.870	242.384	20.788	47.005
242.454	235.372	22.148	47.596
229.436	236.334	24.560	45.877
227.622	238.602	21.996	47.325
227.173	241.949	22.047	46.150
228.869	242.419	22.586	46.617
225.931	234.011	24.297	49.660
247.922	228.186	21.504	53.907
229.302	234.928	24.530	51.205
235.157	228.975	30.717	52.036
227.214	234.910	28.213	50.106
228.409	234.072	23.023	49.791
227.741	234.744	23.465	49.854
250.523	231.017	21.459	48.212
230.351	232.784	22.557	52.687
238.745	232.672	24.506	50.613
241.760	231.690	32.929	50.938
249.604	226.230	21.452	54.515
234.275	234.538	22.168	51.266
245.677	233.797	23.326	48.798
233.787	226.683	20.923	49.846
233.817	235.169	21.002	49.306
233.493	236.614	21.749	47.427
253.909	229.478	20.696	47.121
237.817	235.055	19.811	49.648
242.691	228.875	24.034	51.216
239.432	240.386	21.824	44.579
254.241	235.016	21.713	44.538
238.516	238.178	18.932	44.916
