543.000	236.000	37.000	96.000
503.185	233.880	39.966	93.030
511.858	233.344	38.121	94.685
504.898	231.393	34.522	90.731
494.659	232.324	40.361	91.451
491.433	232.106	36.035	89.524
482.779	231.057	34.458	80.944
476.346	228.665	36.524	86.438
468.325	228.357	43.937	80.554
458.681	227.922	38.835	78.920
454.732	225.740	34.269	80.852
448.257	225.212	32.962	85.055
426.352	225.211	37.846	90.665
425.098	225.081	35.815	87.735
421.906	224.772	36.822	88.230
417.443	224.574	34.285	83.806
411.810	221.747	34.290	82.120
405.469	222.586	33.317	83.317
397.797	223.388	34.593	83.061
389.306	222.504	35.432	82.989
381.298	221.248	36.621	86.356
375.741	222.548	35.826	83.203
369.891	221.043	38.459	85.425
367.692	220.042	33.684	81.068
364.955	220.251	32.837	81.769
360.958	220.279	32.562	81.167
342.949	218.000	34.036	80.402
318.908	213.884	31.648	81.032
324.920	216.052	34.627	78.876
318.279	214.772	35.899	78.948
313.585	215.239	35.949	83.602
288.054	216.078	29.599	79.345
287.314	214.704	32.386	79.716
283.921	216.300	35.067	76.136
269.465	215.224	37.064	80.204
264.708	215.288	32.854	77.547
260.562	211.246	33.560	83.746
255.445	213.342	36.318	81.173
247.775	213.150	35.952	79.771
245.088	212.658	31.915	81.371
238.948	210.278	29.817	83.219
232.773	210.946	29.795	81.258
227.290	211.575	34.227	82.805
222.933	212.012	35.729	82.915
218.719	211.673	36.004	81.842
215.779	210.625	29.499	82.552
210.804	210.983	29.401	79.242
203.463	211.243	31.896	79.314
195.100	212.434	36.576	80.247
171.650	208.816	30.378	83.756
164.944	210.595	33.252	82.418
169.340	212.350	31.692	80.731
161.402	212.158	34.182	82.212
156.454	212.379	33.555	81.046
152.933	212.609	32.112	80.334
145.191	209.704	28.883	79.395
140.007	214.275	34.317	78.304
132.388	213.599	38.351	80.329
127.249	214.741	40.007	80.882
124.897	214.893	37.985	82.553
122.240	214.777	34.092	79.830
118.251	212.837	30.889	83.427
108.912	212.065	33.363	82.365
104.376	212.704	33.563	81.341
96.924	214.729	40.751	80.801
91.652	213.162	41.721	83.609
90.841	212.192	37.172	85.174
82.673	209.692	33.256	86.505
73.661	207.967	31.904	85.901
69.614	211.830	30.204	79.683
64.329	218.869	34.010	76.695
52.227	214.325	33.996	79.529
43.481	209.057	33.115	83.417
38.560	212.629	30.877	77.906
32.565	214.975	34.627	79.516
28.572	215.824	33.148	77.369
23.042	214.657	29.300	78.237
