357.000	161.000	16.000	45.000
356.827	160.660	16.974	45.872
356.701	160.731	17.688	46.217
356.470	161.018	17.800	46.758
356.336	161.966	17.852	45.951
356.285	162.113	17.719	46.116
355.408	161.908	18.370	45.698
354.629	162.034	18.161	46.573
354.394	162.806	17.895	46.284
353.464	163.003	17.814	46.626
351.668	162.840	18.631	46.796
350.568	162.720	19.623	47.297
350.056	162.992	19.708	47.966
349.478	163.718	19.753	47.667
349.394	162.740	19.058	48.256
348.434	163.048	19.066	47.556
347.644	163.513	18.968	48.646
346.489	164.097	18.933	48.362
345.018	164.245	19.083	48.887
344.538	163.936	18.289	48.196
344.121	164.040	18.166	48.233
343.704	165.352	19.535	48.169
343.746	165.411	18.729	48.368
343.130	165.061	19.176	49.026
342.939	165.749	18.575	48.478
342.319	165.775	18.637	48.696
341.557	165.672	18.803	49.816
340.579	165.148	19.290	50.529
339.599	164.831	20.099	50.464
339.248	166.793	20.916	49.139
339.992	167.881	20.727	48.680
339.934	167.595	20.543	49.745
339.758	167.650	19.827	50.048
339.228	168.104	20.372	49.666
338.782	169.532	20.386	50.035
337.336	169.752	20.935	50.290
336.390	169.557	20.328	50.819
335.737	170.196	21.131	50.065
335.933	171.177	20.498	50.299
335.182	171.618	20.984	50.431
334.558	171.158	20.698	51.082
334.006	171.075	21.460	50.532
334.054	172.223	20.846	51.055
333.662	173.019	20.699	51.208
332.784	173.181	20.889	50.607
332.818	172.931	20.462	51.801
332.596	173.517	20.896	51.677
332.790	174.807	21.170	51.459
332.739	174.609	21.326	51.267
332.429	174.124	21.013	51.844
332.916	174.776	21.623	51.839
332.947	175.225	20.582	51.640
332.244	175.003	20.846	52.176
332.106	174.930	21.268	52.043
332.134	175.198	21.323	52.537
332.746	176.225	20.930	52.338
333.090	176.378	21.336	51.989
333.662	175.925	21.597	52.230
333.673	176.165	21.089	52.765
333.735	176.769	21.990	52.359
333.723	177.506	21.231	53.495
333.260	176.920	20.740	52.547
333.177	176.595	21.413	52.914
333.548	177.623	21.958	52.820
334.344	178.031	22.219	53.239
334.221	178.196	22.036	53.069
334.082	177.926	22.319	53.150
334.330	178.376	22.090	53.799
334.968	179.660	21.442	54.108
334.414	179.146	21.177	54.609
334.145	178.824	20.830	54.587
333.796	179.722	22.012	53.909
334.030	180.540	21.393	53.672
334.828	181.435	22.404	53.741
335.998	180.840	21.812	54.977
336.174	180.821	21.631	54.774
336.469	181.738	21.662	54.653
336.744	182.649	21.792	55.426
336.263	182.613	22.168	56.346
336.260	182.466	23.006	56.371
336.964	183.349	23.071	56.240
337.685	184.534	23.259	55.768
338.864	183.874	22.866	55.946
339.318	183.476	24.257	56.454
340.290	184.488	23.948	55.682
341.088	185.608	23.035	55.152
341.382	185.619	23.050	54.732
341.232	185.145	23.106	55.481
341.777	185.496	23.160	55.155
342.485	185.955	23.095	55.559
342.999	186.076	22.453	55.634
343.485	185.506	22.873	56.170
343.488	185.726	23.985	56.550
343.857	185.973	22.154	56.507
343.985	187.727	21.574	55.316
343.439	186.638	21.920	56.208
343.288	186.623	22.033	56.483
343.260	187.983	22.791	56.284
343.609	188.477	23.077	55.580
344.075	187.983	22.962	56.073
344.229	187.790	23.326	56.018
344.061	187.827	23.169	55.562
343.811	188.968	23.977	55.526
343.088	188.953	24.555	55.570
343.474	188.376	24.142	56.715
343.966	189.036	24.165	56.457
344.320	189.299	23.103	56.421
344.461	189.592	23.912	57.232
346.124	188.866	22.948	57.374
346.402	188.885	22.946	57.621
346.459	189.709	22.772	57.442
345.255	190.007	23.028	56.823
344.931	189.698	22.597	56.786
344.902	189.044	22.169	57.154
345.249	189.802	22.439	58.004
345.800	190.608	22.314	58.201
346.659	191.221	22.258	57.868
347.706	191.234	22.186	57.750
348.430	190.755	22.404	59.098
348.580	190.952	22.797	58.677
349.311	192.164	22.823	59.377
349.350	192.433	23.274	58.478
350.040	191.768	22.885	59.579
351.062	193.478	23.405	59.751
351.935	194.047	23.711	59.459
352.964	193.866	24.349	59.853
353.568	193.039	24.301	60.793
354.521	193.835	24.944	60.086
355.313	195.346	24.061	60.402
355.552	196.140	24.004	59.248
355.961	195.660	23.787	59.901
355.759	195.496	23.941	60.420
355.971	196.442	23.844	60.647
357.145	197.760	23.878	59.465
358.049	196.997	23.164	59.889
358.559	197.824	23.283	60.538
359.032	198.513	23.476	61.311
359.133	198.519	24.308	61.582
359.115	198.351	24.155	62.144
359.356	199.031	23.953	61.751
360.625	199.976	23.295	62.260
361.682	199.878	23.159	62.542
362.604	200.073	22.531	61.903
363.118	199.546	21.994	64.017
363.996	200.352	22.102	63.944
364.467	201.309	22.539	64.707
364.849	200.608	22.363	64.685
365.285	201.284	23.425	63.980
366.955	202.101	23.643	64.255
368.019	202.917	22.988	64.010
369.482	203.175	21.881	64.465
370.080	202.842	21.981	64.938
370.567	204.375	22.091	64.716
370.348	205.396	22.299	64.371
370.217	205.199	22.578	64.667
370.075	205.492	22.731	64.255
370.551	205.552	23.180	65.040
370.268	206.095	23.494	64.891
370.677	208.502	24.666	64.789
370.342	207.431	25.856	65.528
367.881	208.416	28.458	64.293
367.899	209.489	28.588	65.993
368.196	210.927	27.464	66.556
368.988	211.608	27.055	67.254
369.876	210.424	26.292	67.820
370.493	211.339	25.765	68.126
370.503	213.037	26.183	67.761
370.702	212.114	26.355	68.972
370.345	212.952	26.287	68.172
368.614	214.497	26.780	68.052
367.808	216.048	26.339	68.508
367.601	216.238	25.965	68.436
367.486	216.418	26.410	68.297
367.499	217.665	26.430	68.464
368.050	218.169	26.621	68.750
368.225	218.884	26.506	68.937
367.773	218.932	26.590	68.556
366.381	220.022	25.891	69.043
365.772	220.683	25.907	69.588
364.656	220.116	26.641	69.724
365.341	220.377	25.859	69.765
365.184	221.305	25.271	69.564
364.930	221.737	25.377	70.427
365.353	222.194	25.210	70.758
364.900	221.295	25.472	72.611
364.434	222.657	25.320	72.606
362.687	223.737	25.972	72.227
361.914	224.323	26.192	72.248
360.672	224.037	26.370	72.644
360.559	224.567	25.638	72.625
360.919	225.494	24.710	72.568
360.495	225.927	25.006	72.530
359.291	225.966	25.820	72.692
359.328	226.641	25.568	72.160
358.044	227.029	25.620	73.201
357.073	228.300	25.114	73.754
355.564	228.616	24.695	73.022
353.919	228.077	25.561	73.969
352.867	229.616	25.567	73.775
352.491	230.077	25.065	73.819
351.239	230.385	25.764	73.757
349.770	230.114	26.427	73.957
348.642	230.943	26.159	74.584
347.085	232.188	26.731	75.032
344.618	231.805	28.354	76.183
342.437	232.930	29.672	74.210
340.835	233.291	29.081	75.208
339.990	233.757	28.214	75.639
337.745	235.042	29.413	75.669
337.189	234.616	29.242	75.708
336.549	234.535	27.774	76.167
335.204	235.436	26.506	78.001
333.056	236.168	27.575	78.204
331.158	236.588	27.657	78.493
327.525	236.876	28.350	77.839
324.665	238.491	29.076	77.092
322.796	239.636	28.883	76.814
321.670	239.721	28.518	77.450
320.352	239.049	28.089	78.715
318.795	239.300	28.652	78.766
316.589	240.607	28.462	78.692
313.052	241.919	29.085	78.870
310.921	241.714	28.889	78.592
306.329	242.736	30.169	78.694
305.291	244.181	30.265	78.531
303.117	245.202	29.334	78.895
301.706	244.308	29.814	79.643
299.668	244.886	30.143	78.960
298.133	246.722	29.211	79.755
296.534	247.190	29.405	81.297
294.268	247.437	30.343	81.482
292.660	247.205	31.513	81.545
291.983	248.658	31.265	82.381
290.488	249.919	31.562	81.215
289.730	250.407	30.854	81.330
289.748	251.006	29.310	82.221
288.675	252.291	29.343	83.648
286.928	253.003	29.384	83.960
284.933	252.303	30.401	84.376
282.841	252.787	32.069	84.785
281.576	254.351	33.480	84.119
280.399	255.487	32.811	84.262
279.502	255.465	32.067	84.931
278.773	254.964	30.928	85.500
276.480	255.508	31.546	86.518
273.495	257.861	32.696	85.528
272.467	259.062	30.713	85.075
268.890	257.953	32.166	88.164
266.223	258.583	33.601	86.931
263.774	260.382	34.529	86.123
262.202	261.258	34.920	87.330
260.996	261.161	34.902	88.038
260.219	261.495	34.068	87.228
259.736	262.290	32.939	88.025
258.459	263.899	33.368	87.785
256.833	264.949	33.721	88.860
254.628	264.317	33.964	89.804
252.067	264.074	35.558	90.089
250.873	266.253	36.417	89.887
250.928	267.780	35.485	90.369
251.340	266.940	34.504	91.586
250.874	267.286	34.142	91.403
250.109	268.268	32.522	91.670
249.280	270.837	31.557	90.823
247.390	271.310	31.696	91.610
242.931	270.561	34.742	93.452
240.540	271.664	36.879	92.889
240.121	272.727	35.778	93.370
238.770	274.811	36.206	93.138
237.623	274.005	36.221	94.408
236.131	274.413	35.106	93.687
234.324	275.389	34.217	94.149
232.406	276.819	35.177	95.106
230.726	276.932	34.325	95.710
228.494	277.160	35.437	96.315
227.519	277.725	35.575	96.716
226.067	280.178	35.545	96.002
226.376	281.089	34.998	96.234
226.070	279.913	34.548	97.581
225.012	282.243	34.863	97.054
223.315	284.020	34.999	98.040
221.773	284.912	35.270	98.164
220.740	284.776	35.087	99.078
218.771	285.091	37.297	99.629
218.874	287.116	37.155	98.673
218.349	289.031	36.476	98.277
217.511	289.596	38.151	98.072
216.689	290.348	39.262	97.555
214.827	291.813	39.403	100.648
212.023	294.506	40.174	101.155
208.594	293.633	40.685	101.671
207.221	293.083	40.661	102.209
206.395	295.169	39.808	102.435
205.697	296.064	38.269	103.131
204.967	297.299	38.109	103.883
202.647	297.345	39.035	104.349
200.590	299.098	39.984	104.055
199.520	301.878	38.660	103.902
197.197	302.799	38.651	105.573
193.818	302.572	40.456	107.777
190.660	303.207	42.214	105.250
190.439	304.877	40.357	106.661
189.218	307.224	39.965	106.398
187.189	306.797	41.124	107.999
185.459	307.249	42.355	107.978
204.349	308.403	40.480	107.205
239.530	309.899	38.092	107.007
267.530	311.479	41.175	106.018
297.186	310.391	43.891	109.759
333.758	310.139	42.393	107.534
369.246	312.690	43.131	108.389
376.975	317.135	40.741	110.323
376.229	316.607	40.717	112.356
374.156	318.635	41.894	111.283
372.438	322.190	42.228	108.984
371.330	324.733	40.663	110.612
369.089	323.097	40.953	114.821
364.922	322.552	44.513	115.306
362.118	325.940	45.243	114.409
361.902	327.261	43.589	115.710
361.627	327.669	44.227	116.983
360.431	328.147	44.968	116.762
359.761	329.456	45.660	116.990
358.433	332.786	44.356	117.573
356.268	334.495	44.450	118.844
353.411	334.700	45.703	119.102
351.628	336.343	45.795	117.962
351.726	339.003	43.351	117.762
351.577	341.426	42.880	120.045
349.789	340.697	44.419	121.277
349.485	341.760	44.855	120.813
348.631	342.276	45.709	123.447
345.827	346.296	46.936	121.817
343.855	348.627	47.532	121.237
340.656	348.021	49.133	122.596
338.168	350.364	48.623	122.533
337.217	353.425	48.083	123.975
335.942	353.488	48.771	125.817
335.460	353.887	48.801	125.581
333.460	355.701	51.897	124.355
333.023	358.376	52.308	125.844
333.252	361.220	48.929	126.561
331.424	362.158	49.307	126.997
327.052	362.652	53.085	127.355
324.394	345.603	50.331	131.293
324.018	310.432	48.676	129.773
322.439	268.864	50.159	131.229
322.746	226.339	48.580	132.038
327.954	202.688	48.827	130.391
328.891	205.822	47.405	131.362
327.711	207.667	50.330	134.129
327.103	208.199	51.913	133.745
325.601	209.893	52.901	132.968
327.532	212.182	50.626	134.783
329.447	215.617	50.377	134.840
330.737	214.603	49.982	137.747
329.681	216.714	51.964	137.631
329.510	219.375	52.277	137.793
326.722	223.066	54.966	138.959
322.293	224.714	56.191	141.030
318.910	225.374	56.059	140.803
319.636	227.948	51.822	141.979
320.204	230.970	49.926	143.904
320.127	232.350	51.075	143.899
316.859	234.576	54.537	141.949
314.877	237.435	55.320	143.319
313.249	241.470	54.770	145.368
310.270	242.517	54.613	146.100
305.208	245.179	56.544	144.438
303.248	248.408	54.448	148.243
303.218	250.639	53.109	151.631
302.451	252.364	54.344	151.165
300.512	253.931	56.144	150.570
299.365	258.500	57.753	153.193
296.144	262.088	60.362	155.253
294.174	263.219	60.626	156.157
290.052	265.798	63.252	155.448
290.432	267.768	63.336	159.504
290.788	271.599	62.920	163.136
290.025	274.280	61.499	161.759
288.587	276.477	64.014	159.721
286.517	278.681	64.184	160.239
285.193	282.537	66.770	163.874
281.521	287.894	67.101	166.693
279.065	287.999	67.077	167.718
275.972	289.838	68.628	165.991
273.991	292.781	69.769	169.667
275.710	296.214	66.912	172.451
272.890	299.167	67.599	170.912
272.898	301.058	67.523	170.486
269.358	306.652	69.430	173.399
264.721	311.033	70.267	177.238
258.912	312.162	72.245	177.161
254.972	313.868	72.816	178.399
254.158	315.710	72.671	180.198
253.211	319.881	71.078	181.819
251.353	323.728	70.982	183.542
244.322	327.798	75.191	179.725
243.086	331.368	74.285	183.017
240.985	336.900	75.053	183.753
237.891	341.851	73.361	182.909
234.507	342.585	76.795	181.413
233.364	344.107	75.062	181.155
234.114	347.124	72.216	178.646
234.518	352.016	73.295	173.706
233.968	354.580	74.886	170.597
232.811	359.812	77.994	164.391
230.105	363.671	79.592	162.318
229.733	369.481	75.047	155.623
227.025	372.575	72.984	152.225
221.173	373.545	77.042	151.855
220.993	377.413	76.042	148.721
220.817	385.309	73.746	140.754
218.222	387.807	76.485	138.561
