382.000	185.000	176.000	373.000
384.760	193.350	178.416	360.234
392.747	192.601	173.528	357.940
400.223	187.214	170.557	359.422
407.810	187.669	169.764	354.770
417.330	179.407	170.508	358.364
421.248	182.648	171.227	351.133
428.672	175.634	165.979	351.098
432.685	174.266	164.428	346.931
436.150	178.801	163.222	341.856
438.874	175.834	163.690	345.093
441.485	176.950	162.293	342.749
444.583	174.048	163.579	343.100
446.955	173.691	162.935	338.013
449.493	178.516	159.200	330.053
452.712	177.281	155.806	328.591
454.757	178.020	152.136	326.855
457.653	176.491	149.676	325.438
459.403	175.063	148.175	323.009
460.599	175.574	146.123	320.009
466.521	175.049	146.793	316.777
470.986	178.453	147.324	310.694
475.220	174.623	145.926	313.690
478.899	173.608	146.437	315.240
483.737	176.109	147.588	311.904
492.563	181.190	146.601	305.951
496.162	185.248	147.858	302.909
500.853	190.667	150.728	299.074
505.354	193.983	148.717	297.870
508.862	196.909	145.617	295.789
513.458	200.569	142.738	293.206
515.226	198.482	141.515	295.319
516.600	198.482	142.582	293.901
518.389	197.038	142.422	292.870
520.026	194.371	141.009	292.370
519.947	191.189	142.718	292.131
520.892	192.557	143.685	290.343
522.758	194.033	143.874	289.167
524.066	193.363	145.080	289.637
526.829	196.029	143.980	286.178
535.772	199.857	139.000	280.823
540.025	201.596	138.732	277.884
545.766	204.275	136.600	274.535
549.959	206.293	133.208	272.995
553.606	204.711	130.440	275.846
556.582	205.091	130.355	275.657
559.710	205.849	131.434	272.071
561.889	202.842	132.004	273.009
562.705	202.683	135.199	270.885
563.804	202.627	134.392	270.117
564.882	202.490	135.421	270.187
567.812	202.490	134.761	270.468
568.253	204.471	133.905	267.739
571.026	206.151	134.809	265.684
574.059	206.088	132.790	265.293
576.618	207.442	131.392	263.037
579.826	210.467	129.333	259.230
582.297	210.480	129.430	258.396
585.025	211.791	127.545	257.084
587.704	211.211	125.096	257.682
588.969	209.014	123.690	256.598
590.151	209.803	123.972	253.954
589.009	208.483	126.390	254.540
586.564	208.148	128.124	255.261
583.930	209.534	130.700	253.913
581.908	210.774	133.207	253.748
580.276	213.470	131.764	248.892
580.816	214.571	128.128	245.328
580.634	213.614	125.942	245.892
582.634	214.898	124.842	243.488
584.035	213.813	123.960	243.985
585.032	208.895	120.895	245.995
585.270	208.744	122.713	243.057
583.311	208.476	124.159	241.606
582.490	208.927	124.382	241.073
582.199	209.937	125.114	241.303
585.469	215.670	122.514	239.115
586.275	217.978	124.059	240.510
584.204	224.227	125.333	238.611
583.396	229.146	120.958	237.244
583.035	232.385	121.676	237.054
583.239	241.145	118.594	233.770
581.851	247.203	117.208	230.438
579.677	251.158	116.258	230.429
576.161	254.253	117.383	229.532
572.767	254.940	116.519	229.262
564.088	257.400	117.974	226.168
555.436	257.053	117.700	225.209
543.965	254.314	116.788	225.177
533.051	252.893	114.740	222.639
524.993	252.561	113.932	221.703
515.641	252.438	113.367	221.418
511.248	251.182	112.977	222.707
507.392	252.665	113.430	220.928
503.281	255.660	113.639	218.614
498.762	257.003	114.096	218.475
490.153	261.409	116.311	215.822
485.999	262.279	113.761	215.982
481.723	262.411	112.901	215.118
477.651	262.798	113.117	212.115
474.343	261.885	111.400	212.295
468.728	260.906	107.872	211.072
465.153	259.863	107.323	212.152
462.382	259.856	109.144	212.107
460.767	261.794	109.468	210.143
460.706	261.922	107.403	210.020
462.443	261.875	106.060	209.508
464.986	263.742	102.503	206.309
468.021	263.726	101.906	204.994
470.742	262.524	101.335	205.067
474.332	263.588	101.284	202.764
481.198	266.123	100.313	199.862
483.947	268.133	99.991	198.711
485.266	268.763	99.102	200.052
485.685	270.051	98.555	199.742
486.378	271.261	96.643	199.999
486.870	274.521	96.290	199.618
487.032	274.618	95.849	199.625
486.646	276.319	96.696	197.304
486.418	277.437	96.712	196.394
486.884	277.589	97.054	196.450
489.153	278.943	96.313	194.554
490.533	279.637	95.952	193.921
492.170	279.441	95.726	194.056
493.802	279.262	95.508	193.830
493.769	279.083	95.844	192.808
496.258	279.670	95.308	190.735
497.715	279.473	95.681	191.034
500.620	280.531	94.691	190.969
501.408	279.363	96.401	191.512
504.413	281.588	94.839	189.564
508.054	284.604	93.671	186.096
510.602	285.184	92.453	185.387
512.688	286.130	92.059	184.079
514.510	285.553	91.665	185.264
516.550	282.541	90.134	187.316
518.414	278.923	89.525	187.362
520.339	277.906	89.090	185.330
520.901	274.964	88.679	185.347
521.780	274.410	89.186	182.770
520.906	273.333	89.450	182.021
520.011	273.240	89.975	181.232
519.225	273.324	90.718	181.085
518.480	273.910	91.801	180.188
518.101	275.608	92.614	178.863
517.828	275.945	93.545	178.966
516.820	275.989	93.196	178.682
515.939	276.275	92.910	177.828
516.809	276.568	91.519	176.928
518.134	276.259	89.213	177.498
517.746	277.347	89.692	176.064
520.155	278.705	87.860	174.001
522.934	278.819	86.925	173.140
525.391	279.304	86.332	172.561
528.366	279.539	85.658	173.133
531.765	280.171	84.679	172.221
536.756	283.002	82.969	169.501
540.637	284.325	81.846	168.647
544.733	286.938	81.604	166.088
547.997	287.579	83.995	165.885
552.652	288.716	85.387	165.594
559.985	289.385	87.211	166.266
567.179	289.727	87.265	166.699
574.141	289.179	87.360	167.576
581.793	288.395	85.891	167.348
588.481	287.486	85.134	168.067
595.355	285.523	84.701	170.204
598.509	286.608	84.335	168.038
601.613	287.511	85.707	166.739
604.455	287.047	84.151	167.202
606.786	286.750	82.438	167.075
608.106	287.955	81.583	165.028
609.497	288.216	81.873	164.887
611.141	288.368	81.122	164.165
612.792	288.096	79.743	163.178
615.142	287.958	78.346	162.033
616.446	286.450	78.407	162.288
617.952	285.829	78.197	161.252
619.645	284.704	78.617	161.081
622.262	283.605	77.806	161.668
623.770	284.068	81.110	160.850
627.906	284.346	79.473	160.725
631.603	283.780	77.634	161.702
634.518	284.273	76.868	160.156
637.205	283.727	76.042	160.459
639.161	285.049	76.583	158.367
642.694	285.182	77.073	157.685
644.807	285.472	78.087	156.851
647.810	285.977	79.091	155.829
650.889	285.401	77.382	155.813
653.038	284.893	76.226	154.642
655.190	285.345	75.454	152.486
658.527	286.304	78.234	151.119
664.303	286.140	78.450	152.423
669.251	285.271	77.992	153.660
672.757	285.970	78.490	152.810
678.550	287.309	77.338	151.683
683.875	288.470	76.930	150.667
690.246	290.596	77.316	149.530
696.816	292.474	76.995	148.947
703.133	294.275	75.297	148.630
708.667	297.093	73.766	149.649
712.135	300.625	72.576	147.304
714.900	302.414	72.123	145.745
716.893	302.497	71.995	146.879
718.887	303.728	72.019	146.292
721.784	304.359	72.989	146.313
724.109	303.848	72.217	147.942
725.122	303.508	72.290	148.591
726.168	303.541	72.248	148.151
727.092	303.576	71.414	147.854
728.656	304.566	71.585	146.652
730.184	304.475	72.943	146.345
732.017	304.769	74.158	145.091
734.104	305.196	75.079	144.512
734.638	305.062	73.396	145.098
736.177	305.758	73.697	144.101
737.997	308.564	72.213	142.613
739.076	310.556	70.315	142.374
738.672	311.526	69.208	143.613
736.724	313.942	69.462	141.760
732.198	314.069	69.793	142.972
720.015	316.163	74.336	141.664
711.934	314.587	76.413	143.511
704.335	314.875	76.714	142.453
695.301	314.503	78.229	142.026
688.511	315.404	76.695	140.247
675.231	315.937	78.078	141.033
667.622	315.033	75.047	140.718
664.920	313.858	74.149	139.738
656.508	312.458	73.071	139.244
647.933	311.460	74.290	138.273
634.671	310.344	75.028	138.076
626.372	310.466	73.731	138.044
618.019	311.986	72.666	138.761
609.711	313.691	71.407	139.221
600.752	316.419	71.593	139.607
587.449	319.528	72.340	139.522
580.162	322.586	73.470	136.802
569.575	323.542	73.575	135.517
558.432	323.699	75.503	134.348
550.610	322.554	73.025	134.405
539.207	321.014	71.301	133.417
529.496	319.170	71.083	132.413
521.514	317.452	69.510	131.213
513.714	315.973	68.897	130.617
507.929	314.766	66.824	129.702
499.028	312.901	68.398	129.779
494.167	311.202	68.855	130.330
490.594	310.530	68.878	129.982
487.481	310.072	67.991	128.815
484.857	309.852	67.476	129.317
481.767	308.331	67.641	129.827
479.115	307.179	68.134	129.002
476.442	306.397	67.696	128.296
475.171	304.423	66.261	129.064
473.880	304.846	65.846	127.630
472.238	304.482	65.669	127.092
470.867	304.207	65.988	127.311
471.664	304.682	64.267	126.923
472.294	305.044	63.231	126.858
473.246	306.388	62.039	126.037
474.747	307.582	61.863	124.606
476.121	307.076	62.262	124.983
478.819	307.871	64.073	124.231
481.681	308.207	64.996	123.878
483.992	307.412	66.448	124.491
487.963	307.689	67.038	123.178
491.048	307.131	67.723	123.505
494.571	305.985	67.254	123.549
497.468	305.572	66.084	123.546
498.304	305.155	65.530	123.483
498.851	306.205	64.549	122.149
499.597	306.771	63.612	122.107
500.203	307.718	63.097	121.420
500.299	307.914	62.904	121.682
501.224	308.140	63.225	121.414
503.140	308.984	63.702	120.361
505.687	309.924	63.095	119.756
507.379	310.187	62.454	118.976
509.941	310.122	60.972	119.729
511.581	309.669	60.892	119.532
512.765	309.783	61.046	119.161
513.931	308.387	60.954	119.933
515.049	307.040	60.467	120.135
515.778	305.813	61.399	121.050
516.926	304.874	61.977	121.277
519.205	305.748	61.287	119.566
521.391	306.227	60.858	119.497
523.161	307.990	60.687	117.656
525.848	309.581	60.199	116.443
528.883	309.649	60.555	116.740
531.428	309.386	61.277	117.508
533.515	309.439	61.651	116.988
538.290	308.889	60.509	116.546
542.238	309.040	58.629	115.183
545.524	308.615	59.015	115.023
548.430	308.594	59.591	114.788
551.134	308.003	59.625	115.183
554.307	307.606	59.230	114.541
556.895	307.272	58.468	114.019
558.956	307.536	58.349	112.541
560.788	307.899	58.860	112.532
564.021	308.551	57.966	112.198
565.856	308.861	57.928	112.240
566.910	308.230	57.647	112.987
568.490	307.775	56.584	113.573
568.910	307.966	57.716	113.521
571.153	308.056	56.787	114.549
573.167	308.707	56.571	114.725
574.695	309.162	56.903	115.159
576.117	310.095	58.936	114.293
578.653	310.720	60.564	113.883
581.558	310.998	60.701	113.343
584.123	310.969	60.973	113.477
586.126	310.945	61.641	113.866
589.039	310.246	61.070	114.618
591.254	310.621	62.274	113.890
594.821	310.081	61.940	114.794
599.753	309.215	61.838	115.581
603.320	308.659	62.782	116.593
605.644	308.604	63.713	117.630
607.471	307.284	64.799	118.693
609.109	307.585	64.782	118.199
610.852	307.801	65.164	117.040
613.621	308.127	64.553	116.532
615.696	307.897	64.513	115.970
617.779	307.930	64.686	114.856
620.232	307.978	64.193	113.793
624.138	308.495	64.428	112.420
628.159	308.972	62.728	111.781
631.158	311.230	61.121	111.532
634.695	313.210	60.720	111.454
637.814	314.822	61.003	113.123
643.892	320.797	59.582	109.245
652.899	322.968	59.118	110.080
660.433	323.176	57.940	111.794
665.317	323.436	58.626	111.704
670.603	323.459	56.993	109.711
675.594	322.381	54.955	106.943
680.962	320.738	52.643	105.701
685.938	319.929	52.398	104.220
689.322	318.837	52.509	105.116
691.764	319.828	52.952	103.862
692.088	314.192	56.697	108.809
690.737	315.063	60.044	107.015
691.182	314.621	60.373	108.068
691.700	314.910	60.101	107.656
690.975	314.551	62.225	107.548
693.385	315.503	62.703	107.494
693.764	314.810	63.498	107.775
694.096	314.572	64.173	109.334
695.148	314.110	64.540	110.642
697.117	313.472	63.013	111.121
699.365	311.110	61.579	109.892
702.422	309.919	58.352	107.558
702.642	308.721	59.140	105.434
704.453	306.414	59.018	106.514
706.091	306.013	58.177	106.301
706.954	304.567	57.923	106.962
707.703	303.969	57.254	107.594
707.536	303.868	56.951	107.402
706.542	303.885	56.851	106.833
705.648	303.256	56.163	107.248
705.656	303.460	55.675	106.775
706.337	303.487	54.694	106.640
706.316	304.648	55.693	105.404
706.486	303.684	55.441	104.658
708.220	302.470	55.156	103.963
715.076	304.584	60.388	98.009
725.533	304.508	59.262	100.657
735.810	305.165	59.220	104.105
744.595	305.006	62.747	107.120
753.083	305.798	66.115	107.340
768.096	307.093	69.906	107.434
778.509	306.988	69.434	108.702
789.216	306.904	69.865	109.681
798.913	307.682	72.049	108.408
810.687	308.270	68.411	107.092
820.581	308.684	68.171	109.174
836.987	310.091	69.291	110.597
847.216	312.597	69.052	107.385
859.807	313.186	66.127	109.869
869.060	314.014	64.457	109.691
876.716	315.525	64.427	103.264
886.937	314.623	63.407	105.259
893.087	315.359	62.803	104.475
897.483	313.468	60.664	105.899
900.128	312.689	59.017	107.602
901.920	313.395	57.433	108.240
902.146	313.761	56.407	108.506
900.065	315.869	58.267	106.919
897.120	316.464	59.240	105.921
894.352	316.963	58.864	106.152
890.852	318.067	59.526	105.240
886.004	318.671	57.906	102.901
880.249	318.114	59.421	103.158
875.093	319.223	60.344	101.638
871.993	318.866	58.457	101.677
868.366	319.509	58.573	99.792
864.595	317.061	56.679	100.919
859.776	316.166	56.606	99.839
856.280	314.626	57.373	100.934
852.948	314.612	58.942	100.917
851.151	315.165	58.707	99.617
850.315	315.695	60.064	100.223
849.121	315.031	59.320	100.783
847.777	314.309	59.561	100.959
844.578	314.937	60.974	101.594
842.136	315.941	60.537	101.807
838.602	317.887	59.898	101.256
836.463	318.102	59.267	101.026
834.708	317.791	57.491	101.786
832.100	317.580	57.593	101.299
831.641	318.947	54.075	100.421
829.405	322.742	52.583	97.292
828.381	323.248	51.322	99.122
827.662	324.226	52.154	98.939
827.296	324.923	51.381	98.704
826.831	325.110	50.877	98.154
825.594	324.888	51.634	97.847
825.040	325.817	49.910	96.514
823.956	326.347	50.304	96.367
823.525	326.751	50.065	95.996
823.488	326.607	49.647	95.144
823.068	325.714	49.139	95.421
822.919	325.201	48.907	95.368
822.553	324.689	49.624	95.832
823.227	323.776	48.727	97.070
822.850	323.686	50.168	96.274
822.931	323.751	51.689	96.294
823.435	323.218	51.694	96.043
