259.000	107.000	78.000	176.000
260.669	106.616	76.393	170.426
259.929	105.126	77.521	165.826
260.870	103.625	77.597	164.310
261.882	101.676	77.800	166.831
263.085	101.498	78.986	167.006
264.538	100.591	76.636	169.117
265.300	99.262	77.221	168.230
265.557	99.891	79.113	164.477
265.842	100.112	79.918	163.440
261.539	101.795	82.999	161.155
256.220	103.528	85.520	156.618
253.927	102.681	85.590	158.536
253.434	101.016	85.395	162.017
253.156	101.675	83.657	162.673
252.662	101.784	82.362	163.708
253.397	102.457	79.749	162.202
252.991	103.221	77.670	167.220
250.345	104.735	77.773	166.325
247.691	107.326	75.805	161.955
246.838	107.624	74.497	165.910
245.808	108.441	77.427	165.864
246.910	107.742	79.473	163.025
249.883	106.755	78.020	166.210
250.991	106.692	75.832	164.752
252.878	105.405	74.749	169.910
253.907	104.937	74.145	170.700
250.148	106.228	79.032	165.968
252.973	105.876	77.730	168.149
256.297	109.630	75.586	159.317
247.532	106.611	78.548	172.448
235.558	113.068	84.858	161.336
228.343	113.257	87.428	162.202
223.120	118.525	86.777	158.331
225.076	114.671	84.871	168.893
226.453	115.268	84.471	168.273
229.687	116.966	83.853	170.203
233.346	118.345	83.798	169.412
238.591	118.828	82.850	166.866
242.800	119.813	81.027	172.530
242.427	126.092	84.219	170.102
242.958	133.815	86.321	170.535
243.962	141.448	86.425	172.197
237.871	150.481	87.547	165.894
232.029	155.905	85.861	170.570
223.070	163.413	83.724	161.194
218.029	163.910	88.211	166.714
212.420	161.300	87.676	171.724
217.779	153.296	89.663	172.301
221.766	149.250	87.705	166.054
226.301	144.866	92.138	170.247
222.174	139.920	91.539	177.084
220.263	133.748	87.577	174.004
216.956	127.496	87.656	172.486
213.045	122.234	89.423	175.163
205.694	117.010	85.661	172.953
201.910	112.696	80.059	172.359
201.787	112.203	80.787	168.787
200.623	113.477	79.432	168.080
200.366	109.425	78.582	174.257
195.134	113.205	79.230	169.103
190.060	113.106	79.909	169.427
181.764	113.753	82.861	171.931
159.430	111.239	93.342	173.872
153.460	113.500	87.636	174.436
143.826	116.582	80.000	169.354
161.010	122.761	88.836	180.111
153.245	123.248	80.462	167.380
153.956	124.921	86.475	170.225
157.703	125.262	84.345	164.354
160.516	128.473	75.952	163.555
154.318	129.550	75.221	156.060
152.091	133.223	77.608	150.965
152.781	133.607	73.237	157.849
158.338	128.573	76.869	163.371
157.608	124.951	82.072	166.770
156.970	121.127	82.673	171.794
155.214	125.242	82.615	172.821
151.630	118.608	81.265	169.422
146.294	116.583	85.998	170.626
151.090	118.171	82.833	170.801
156.027	117.739	81.160	169.148
155.874	117.451	81.515	167.752
160.452	118.374	82.324	167.265
170.440	119.388	81.144	175.067
150.265	120.847	84.778	176.769
140.478	126.644	77.405	170.677
145.805	133.385	73.167	177.614
144.472	133.599	74.743	176.277
140.144	134.443	75.973	177.322
127.741	135.644	72.521	176.260
128.193	137.177	74.073	175.766
124.033	136.046	75.134	176.391
125.494	137.255	76.816	176.322
122.781	132.947	73.526	176.089
120.017	130.355	75.559	175.392
123.345	125.001	72.664	177.605
123.126	121.850	74.933	176.973
124.946	122.249	73.055	177.986
124.939	124.848	73.034	179.140
125.428	126.872	73.138	178.376
121.205	129.253	75.673	177.340
120.277	133.171	75.185	177.867
117.369	135.341	76.291	176.575
110.454	135.462	81.550	178.073
117.184	137.059	73.046	181.582
117.403	136.235	73.260	177.932
119.875	137.302	73.980	176.091
121.760	137.133	73.205	174.620
118.561	135.062	76.428	176.900
116.553	133.418	76.476	175.791
113.605	131.400	78.323	171.214
113.620	127.483	75.788	173.520
114.229	125.851	73.610	172.275
110.219	128.059	74.074	168.659
112.372	127.249	71.882	170.808
113.770	127.055	69.775	170.344
104.021	129.152	79.859	174.765
103.022	130.310	75.208	173.513
96.506	131.946	78.897	170.973
96.047	131.473	79.645	171.699
99.430	128.379	77.790	173.701
101.755	127.525	76.476	172.922
104.289	127.247	76.514	172.043
107.528	128.242	75.141	171.473
106.548	129.953	77.121	171.843
106.063	131.784	78.654	175.052
107.024	133.582	79.210	173.113
102.851	134.770	83.864	170.511
104.274	132.579	82.293	172.024
105.645	129.721	81.747	172.557
102.448	126.792	87.835	172.539
105.500	122.006	82.974	173.668
103.969	121.489	86.016	172.408
105.742	121.998	85.064	172.094
104.899	123.332	87.677	172.615
105.412	126.014	87.846	174.031
105.504	127.049	88.351	174.897
105.233	128.556	89.291	173.759
104.235	130.770	90.913	170.622
103.948	130.981	91.849	172.279
105.487	131.267	90.992	169.889
108.636	132.017	88.224	169.458
108.966	132.959	88.649	168.010
106.530	133.313	90.854	166.631
106.428	132.668	88.899	167.364
106.968	130.941	87.500	165.905
108.593	129.496	84.635	166.106
109.515	129.129	82.777	163.929
110.115	128.403	82.006	161.365
111.040	127.846	81.501	159.408
111.345	127.877	79.977	157.054
111.813	128.442	79.037	155.154
110.439	129.318	80.942	153.393
109.031	131.249	83.412	155.531
108.313	132.844	84.100	156.471
108.144	134.160	83.716	156.575
109.910	133.775	81.116	157.031
111.154	133.834	80.298	156.307
109.708	134.852	81.754	155.734
112.378	131.507	77.851	158.562
114.202	129.335	76.023	158.656
113.651	126.012	76.791	159.445
114.054	122.830	77.070	160.053
115.912	119.309	76.499	159.894
116.493	115.412	75.871	161.009
118.346	113.075	74.136	160.891
121.174	112.531	71.875	159.939
123.979	112.775	71.354	159.993
125.161	113.985	72.583	159.588
126.827	114.962	71.984	159.403
129.060	114.094	69.705	159.246
132.027	111.360	68.650	159.502
135.787	107.927	67.405	160.003
138.522	101.329	67.080	164.725
140.318	98.799	68.754	162.656
145.072	96.356	68.206	165.190
148.157	95.063	70.278	165.994
152.673	95.493	70.592	169.723
157.140	97.741	72.987	164.557
165.915	97.691	72.908	164.118
174.217	98.140	73.399	166.880
179.278	102.360	75.329	164.920
186.019	104.893	74.713	165.629
190.158	107.878	74.809	165.388
192.841	111.654	74.701	165.375
196.033	113.223	74.321	167.819
196.595	113.431	75.390	168.139
195.319	115.264	77.875	167.329
194.759	118.226	78.279	166.878
198.675	117.823	78.867	164.427
204.954	116.645	76.666	161.455
212.165	115.073	74.201	159.858
218.129	113.992	73.514	158.143
224.284	112.553	70.944	157.547
229.051	112.329	70.328	153.925
232.408	111.098	71.731	155.023
237.358	109.013	69.850	157.254
243.003	107.039	67.845	156.659
246.359	104.698	69.835	154.776
253.106	101.949	68.274	153.935
260.933	99.215	66.163	149.915
266.527	98.301	64.474	148.447
268.530	99.578	65.948	148.199
269.048	99.533	68.347	150.455
267.865	99.909	70.406	149.933
268.058	99.897	70.070	150.390
268.898	99.949	69.550	150.407
268.806	100.522	69.427	150.247
266.400	101.551	71.600	149.425
275.910	100.470	70.817	151.743
264.781	105.335	74.923	152.605
265.420	105.044	74.002	148.424
268.094	103.364	71.989	150.620
268.752	101.114	70.422	155.249
269.943	95.887	69.105	159.469
269.179	90.007	71.541	162.405
267.634	84.922	72.327	160.678
268.593	81.891	72.583	160.039
268.063	80.058	75.583	161.864
271.030	80.260	75.663	156.971
273.475	80.272	77.048	161.463
274.127	81.846	78.866	162.096
273.989	83.039	78.734	162.380
276.695	84.332	78.034	163.597
276.588	84.713	80.050	158.461
279.349	83.319	78.538	154.750
283.771	81.860	76.743	162.829
289.749	78.557	73.610	162.447
283.428	75.893	80.566	161.175
289.007	74.550	75.190	162.837
287.121	74.507	76.555	163.337
292.063	73.094	71.852	155.236
291.244	76.011	74.394	157.961
298.744	79.385	70.649	157.884
306.875	83.394	68.674	160.037
314.676	88.468	69.681	159.263
324.891	95.046	69.368	159.675
337.780	101.713	69.031	160.943
344.023	106.356	73.479	158.285
353.428	111.945	72.466	151.539
358.466	116.416	73.690	145.343
360.964	112.909	73.041	140.864
365.184	110.537	72.011	149.954
374.891	107.202	70.482	139.977
379.297	104.387	75.099	147.182
386.174	103.604	75.242	135.552
391.386	102.968	75.347	138.563
390.236	105.538	75.020	139.477
382.306	107.741	74.913	135.150
377.078	111.841	73.677	146.189
363.846	112.556	73.635	130.203
355.050	113.652	72.587	146.256
349.898	116.469	72.418	130.114
338.883	114.391	72.700	136.954
331.303	115.112	69.392	130.245
313.852	111.403	73.688	125.716
315.896	105.838	69.470	126.203
313.048	101.303	66.877	140.896
313.405	99.846	69.425	132.549
306.921	99.819	68.429	126.464
313.498	98.506	61.541	128.949
316.600	100.456	57.842	127.135
318.949	103.777	60.500	124.558
319.117	106.276	60.664	129.465
322.502	109.027	61.118	126.778
325.216	110.752	57.355	123.879
328.986	109.467	53.622	121.850
329.334	108.544	51.926	120.326
330.803	108.363	53.557	123.588
328.229	108.688	58.672	127.906
327.084	109.332	64.118	131.688
333.773	110.339	63.133	128.926
336.810	111.371	65.799	122.363
343.283	113.754	65.729	113.446
344.476	118.089	70.463	109.468
367.372	120.882	58.143	109.944
370.125	125.067	61.608	104.719
382.921	129.663	65.158	111.197
389.969	132.354	55.575	127.930
390.047	132.243	57.949	124.584
393.005	132.725	60.861	127.833
406.786	137.970	67.609	130.579
394.563	136.511	70.702	145.137
387.756	136.509	79.476	150.928
362.519	136.661	85.106	147.606
408.268	146.141	81.382	143.953
365.152	137.596	71.341	138.505
366.984	136.527	70.567	129.485
370.541	133.069	71.125	132.629
369.137	135.291	70.695	129.609
372.191	137.474	66.176	124.820
372.869	136.665	65.590	126.349
373.317	138.981	69.016	125.613
375.550	140.402	72.567	125.568
380.400	139.902	73.907	132.780
384.490	141.721	68.078	139.525
390.043	136.630	80.926	152.027
394.523	137.572	85.344	152.380
395.397	143.939	85.607	153.984
401.465	145.054	83.199	149.311
387.943	152.287	95.111	149.643
381.192	142.514	99.392	149.198
388.514	158.948	97.495	142.210
261.232	131.227	75.464	142.678
266.027	132.002	69.796	138.232
268.521	131.851	68.659	136.422
271.300	130.316	67.612	136.768
278.224	124.622	65.097	145.509
266.072	126.599	75.377	144.351
273.781	124.262	75.152	156.608
263.824	125.007	84.089	153.849
282.160	123.100	76.046	164.732
270.823	124.779	81.090	160.003
280.704	124.723	79.074	164.949
283.071	126.514	76.573	165.786
294.974	128.768	75.270	165.964
277.190	129.002	84.783	170.546
293.077	131.269	73.618	169.820
292.062	122.667	76.068	165.477
306.121	124.164	67.903	162.177
300.819	120.759	69.160	168.895
299.114	119.080	71.082	170.831
303.120	121.253	71.202	165.913
283.754	115.633	73.219	160.770
283.758	113.622	70.429	164.743
282.214	113.034	68.776	165.870
284.573	113.433	65.615	164.412
283.656	113.170	65.560	162.822
285.856	113.509	68.848	159.779
288.341	111.064	67.175	166.227
287.454	110.357	65.367	168.773
304.346	115.701	60.022	162.019
295.422	112.838	67.887	165.225
299.320	118.661	70.793	163.295
320.461	119.949	76.242	154.336
340.731	120.119	77.550	151.832
339.862	118.982	76.531	165.323
316.735	117.886	71.146	152.344
327.437	110.342	88.200	158.563
344.576	109.353	83.540	158.133
338.122	107.057	81.668	163.206
449.575	94.440	66.802	166.434
447.652	103.666	67.002	157.005
448.686	97.132	65.667	150.354
447.521	94.928	65.861	141.433
450.566	95.265	60.556	140.694
451.863	95.264	62.710	135.157
452.036	95.728	62.605	128.558
452.370	96.137	61.406	124.894
451.176	96.651	61.366	129.157
445.573	97.407	62.117	125.675
439.173	98.351	65.687	128.210
436.944	98.450	65.720	126.716
435.599	98.074	67.306	132.476
437.319	98.734	63.561	128.872
436.264	98.067	64.049	128.199
435.072	96.959	66.310	130.482
430.995	96.791	67.300	129.461
427.452	94.500	68.560	134.200
427.997	94.003	66.355	136.641
428.758	94.402	68.058	137.576
428.743	94.532	68.107	138.069
432.224	96.377	68.001	136.988
433.283	99.093	68.040	133.805
431.640	99.031	69.040	132.649
430.264	98.342	71.368	134.921
433.440	95.840	67.683	135.886
432.061	94.934	65.541	138.499
432.792	94.229	72.795	134.096
434.035	94.608	66.584	144.972
437.766	96.711	68.725	146.421
434.067	97.359	68.874	148.266
437.150	97.352	72.111	150.328
433.172	101.993	66.816	155.536
436.367	101.495	63.801	138.743
434.260	102.163	70.418	135.604
436.624	101.800	66.676	147.432
436.175	103.590	71.989	131.141
438.893	102.497	69.266	136.627
442.951	102.791	68.316	130.795
442.965	102.132	71.462	129.992
443.549	101.716	74.032	134.408
520.415	46.094	60.854	120.724
526.615	44.341	55.869	125.493
528.226	45.759	54.565	126.129
528.333	46.583	56.517	122.101
529.568	45.702	56.359	126.951
531.928	44.368	55.259	122.745
533.439	43.340	55.731	126.393
533.912	43.912	55.767	119.748
533.596	43.234	55.009	120.582
534.596	43.023	57.688	124.709
534.584	41.452	56.876	119.334
535.249	45.483	58.989	119.856
538.006	43.966	59.872	120.308
473.165	107.235	62.797	129.603
480.910	106.101	63.536	151.998
490.171	109.159	63.916	162.542
497.102	108.265	67.603	167.808
500.987	106.161	65.242	165.131
503.768	108.018	62.270	169.907
504.995	110.527	63.313	170.672
504.718	112.902	63.471	168.989
504.914	112.388	61.577	172.046
504.344	113.207	63.175	173.173
508.344	114.909	65.052	176.342
512.985	120.202	67.039	172.394
519.039	122.385	68.556	174.165
523.587	128.431	66.588	170.521
524.552	135.474	65.050	170.149
526.764	139.964	64.743	172.371
517.411	147.241	73.132	172.914
511.081	152.410	73.590	171.415
506.881	153.934	72.153	172.122
504.847	155.589	71.817	175.104
509.500	155.306	75.738	177.140
517.181	151.153	77.330	173.426
525.853	146.619	74.785	173.160
533.535	132.858	82.107	178.301
535.732	121.607	81.746	182.776
541.158	122.554	73.645	179.989
543.036	121.433	72.273	175.133
536.341	123.674	74.065	172.885
529.479	123.016	76.624	173.386
525.229	122.145	74.848	176.707
521.253	126.733	71.757	172.539
519.292	128.281	73.244	174.554
528.474	129.480	71.483	177.228
532.123	131.754	72.761	178.295
535.105	133.612	73.620	176.368
531.585	137.600	71.754	175.407
529.317	136.686	84.406	175.267
524.096	138.682	72.741	173.865
516.096	137.316	76.586	174.007
513.811	134.086	76.390	178.309
514.241	131.819	75.337	178.279
510.639	131.989	74.990	177.270
506.791	131.184	82.049	178.127
507.373	130.434	78.727	180.744
501.451	129.173	80.722	180.859
499.024	127.223	81.258	180.846
496.544	124.218	78.858	183.358
496.425	120.670	83.764	184.297
498.833	117.304	85.705	184.607
500.334	115.164	88.043	184.425
503.062	113.198	87.260	184.328
504.580	112.876	87.250	181.711
507.364	112.498	81.747	184.767
506.767	114.003	85.542	180.352
510.599	114.072	81.994	178.223
511.176	119.897	84.055	170.085
516.904	121.496	77.681	172.011
524.162	121.969	71.867	169.383
525.190	121.561	72.649	171.745
526.016	121.250	73.415	169.822
526.540	121.540	71.721	173.915
529.055	117.236	72.178	160.385
583.212	71.332	70.957	147.979
599.363	70.451	64.940	139.691
609.467	70.827	60.252	135.301
605.655	67.600	62.764	135.785
613.820	66.403	60.315	137.500
551.351	54.721	62.300	126.076
561.328	106.121	63.139	136.798
554.982	100.217	69.193	132.326
559.471	112.296	67.650	134.869
560.947	105.446	65.181	149.852
559.366	113.498	66.179	169.381
562.752	111.234	72.021	170.162
558.916	114.267	76.202	169.678
558.449	116.121	76.159	171.001
564.733	113.900	74.796	166.885
570.450	112.883	71.694	170.749
567.410	115.107	76.984	173.810
581.374	115.559	72.815	158.184
579.675	114.382	70.747	173.135
583.824	113.779	72.638	171.926
586.794	113.302	73.063	164.315
586.390	112.557	73.223	161.436
586.993	114.746	72.337	149.773
648.634	82.931	74.480	161.061
599.144	120.265	78.194	159.892
601.954	127.027	76.756	172.705
604.918	128.106	76.881	167.539
597.165	121.233	83.566	173.663
604.204	119.189	84.951	174.534
608.210	118.091	90.934	173.513
609.094	115.546	85.530	171.996
616.574	114.415	85.395	171.874
620.984	110.747	85.824	177.553
621.089	109.931	85.394	177.115
630.588	110.320	81.446	174.924
626.529	109.093	85.650	177.521
633.776	109.336	85.580	169.736
635.908	108.754	87.226	174.513
641.106	107.221	84.041	180.983
640.775	106.778	88.787	175.344
626.602	106.449	101.765	194.550
651.832	107.462	87.244	187.173
649.339	106.428	96.412	192.780
646.252	112.060	100.209	196.053
651.211	111.715	97.526	196.392
650.815	115.609	97.397	195.735
652.525	115.142	95.688	199.605
656.784	117.062	94.012	197.216
659.014	125.530	91.463	190.417
660.558	123.409	89.106	191.846
663.791	128.397	93.165	185.025
667.324	129.124	87.331	186.716
670.101	127.501	92.434	183.801
675.527	129.573	86.006	182.606
678.281	130.619	92.211	179.567
682.382	125.617	88.251	190.550
682.709	126.283	93.537	186.290
682.535	124.075	100.140	189.520
683.758	124.347	102.988	190.282
684.842	124.250	104.960	192.857
690.648	126.043	94.724	191.800
696.053	122.205	94.725	192.995
694.678	126.096	99.514	192.314
698.062	125.039	97.272	194.137
699.723	122.274	93.807	196.908
701.556	123.299	95.198	193.570
706.567	123.513	91.187	189.479
706.137	125.302	98.141	188.425
706.679	123.352	98.618	192.347
709.605	121.568	98.171	195.218
722.930	119.507	90.124	193.324
727.977	119.673	90.048	178.519
737.241	119.345	85.602	182.708
742.400	117.745	83.005	187.598
746.062	117.792	79.255	188.925
749.490	118.491	80.629	192.837
752.447	119.060	82.014	178.387
756.579	123.117	79.524	186.164
756.731	121.637	86.075	189.840
759.367	125.435	86.263	184.221
763.582	127.797	80.353	188.385
766.479	126.558	82.169	186.552
766.847	125.402	83.296	184.029
773.720	123.704	86.127	192.762
779.349	127.285	80.010	181.980
786.275	128.544	80.927	182.580
793.440	129.222	75.187	179.114
805.242	137.848	79.105	169.180
804.888	140.858	81.352	170.335
805.771	137.286	83.347	176.846
826.371	139.068	71.418	185.597
820.950	134.367	76.555	174.120
826.732	143.180	73.832	171.590
824.367	148.610	81.236	163.416
826.513	157.930	84.270	156.896
831.184	135.885	80.758	169.870
838.742	138.301	77.908	168.270
838.571	140.203	81.959	166.113
848.157	130.275	76.759	169.928
670.630	107.804	76.768	147.128
683.279	96.302	70.932	154.093
691.428	100.129	76.669	161.777
572.260	78.331	82.918	144.385
575.472	81.089	75.757	139.152
575.460	88.124	76.248	135.319
578.228	89.174	75.591	134.203
