297.000	100.000	14.000	26.000
296.279	98.317	14.346	27.954
295.989	99.313	14.766	26.768
295.996	99.035	14.689	28.346
295.066	99.252	15.483	28.214
294.592	99.452	15.031	28.069
294.309	100.118	15.000	26.981
293.652	100.076	14.798	26.361
293.020	100.113	15.124	24.821
292.832	99.135	15.258	28.385
292.296	99.422	14.991	28.450
292.338	99.105	14.350	28.177
291.972	99.184	15.045	29.074
291.273	99.192	15.074	28.023
290.866	99.135	15.300	28.973
290.889	99.034	14.905	29.395
290.781	98.805	14.403	27.931
290.132	99.295	15.242	27.891
290.269	98.966	14.861	29.155
289.925	98.693	14.761	29.847
289.555	98.279	15.263	30.060
289.308	99.079	14.752	29.070
288.755	99.876	14.786	28.832
288.598	99.804	14.508	28.362
287.445	99.254	15.413	28.076
287.545	98.785	15.001	29.672
287.286	99.816	14.835	28.782
287.233	100.083	14.493	28.569
286.105	101.259	15.627	28.067
285.230	101.006	15.725	27.489
285.310	101.041	14.797	28.781
284.684	101.439	15.254	27.641
283.631	101.742	15.304	27.897
282.942	101.817	16.261	28.359
282.576	101.525	16.079	26.957
283.095	101.694	15.256	28.675
281.092	101.887	16.114	27.992
280.803	101.666	16.492	27.794
280.608	102.162	15.748	27.346
280.329	102.195	15.646	27.621
280.005	101.766	15.676	28.332
279.709	101.887	15.671	28.446
279.672	101.996	15.879	26.880
278.905	102.348	15.656	28.349
278.439	101.458	16.045	28.784
277.737	101.511	15.971	29.248
277.626	101.559	15.139	28.792
276.940	102.361	15.070	28.270
276.338	101.716	14.878	28.704
275.118	102.112	16.160	28.946
274.568	102.111	15.826	27.694
274.347	102.151	15.218	28.702
273.735	101.736	15.527	29.200
272.865	102.302	15.099	29.462
272.502	102.098	15.135	29.272
271.681	102.954	14.821	28.173
270.502	102.182	15.829	29.373
270.421	102.517	15.088	29.923
270.213	102.517	15.689	28.434
270.036	103.487	15.451	28.362
269.256	102.626	15.463	29.671
268.903	102.919	15.324	29.392
267.992	103.607	15.906	28.568
268.249	103.679	14.473	28.552
267.066	104.024	15.272	27.520
266.959	103.304	15.162	29.452
266.595	103.630	15.680	28.333
266.654	103.814	14.968	29.390
265.823	103.681	15.778	29.524
264.826	104.129	15.744	29.383
264.912	103.402	15.732	29.229
264.632	103.783	15.007	30.090
264.337	105.575	14.322	26.996
262.414	103.370	17.123	29.487
262.828	105.069	15.745	28.107
262.264	105.140	15.522	28.580
261.685	104.895	16.125	28.242
260.947	104.541	16.329	28.038
260.868	104.692	15.810	29.016
260.614	105.805	15.318	27.876
259.203	103.896	15.881	28.569
258.738	104.208	16.071	28.736
259.061	106.872	15.402	28.532
231.002	101.717	16.139	32.896
229.807	102.276	16.976	34.620
228.771	103.839	17.548	34.040
229.101	102.896	16.431	34.642
229.399	102.996	15.085	32.896
227.880	104.864	16.152	33.213
229.090	106.646	15.346	31.277
255.275	105.076	15.951	29.026
254.130	100.553	16.202	35.476
253.697	103.788	16.845	32.416
252.584	100.464	18.342	35.065
251.703	99.732	18.191	37.185
250.696	100.428	18.428	36.602
250.456	105.645	17.420	31.552
250.144	105.790	17.584	31.662
250.425	102.475	16.887	34.428
250.261	105.099	16.155	32.295
249.243	104.539	17.358	33.737
247.892	98.465	20.295	38.923
248.866	102.634	16.243	35.978
247.507	107.011	16.304	31.283
247.409	109.740	16.159	28.744
247.002	104.117	16.517	34.743
246.468	100.931	16.519	37.687
246.418	101.043	15.752	38.901
244.593	100.943	18.189	38.424
243.667	101.202	17.798	38.821
243.386	100.910	17.143	39.638
241.762	102.305	17.830	38.014
241.884	101.796	17.054	38.220
242.006	102.850	15.441	37.885
241.576	102.962	15.662	37.709
240.117	103.165	17.044	37.180
239.262	105.540	17.081	35.449
238.347	105.774	16.580	35.352
237.731	105.723	16.612	35.646
236.248	106.992	17.399	34.279
236.040	107.383	17.980	34.098
236.506	109.036	16.535	32.624
235.767	109.502	16.501	32.300
235.497	110.238	16.380	32.077
233.821	109.239	17.994	32.987
233.630	109.974	16.752	32.568
232.421	110.336	17.160	31.938
231.705	110.062	16.507	32.762
231.449	109.816	16.410	33.019
230.961	111.126	15.574	31.923
230.146	111.370	15.675	31.689
229.906	111.371	15.732	31.912
228.725	110.926	16.411	32.982
227.987	110.676	16.745	33.193
226.955	111.681	16.613	32.079
226.659	111.774	15.915	31.577
225.103	111.011	16.778	33.106
224.924	110.901	15.912	33.425
224.823	111.622	15.372	32.610
224.146	111.550	15.968	33.001
223.540	110.724	16.482	33.726
223.839	110.855	15.779	33.587
223.158	111.464	15.501	33.905
222.060	111.692	15.735	32.734
221.461	111.161	16.030	33.165
220.910	111.964	15.483	33.164
220.816	111.971	15.117	32.991
219.630	112.796	16.098	32.348
219.552	111.708	15.990	33.484
218.849	111.939	15.828	32.141
218.133	112.016	15.830	32.939
215.998	112.306	17.598	33.077
216.013	112.365	17.166	32.475
215.207	113.441	16.367	31.569
215.114	113.514	16.240	32.224
214.481	113.767	16.326	32.172
214.476	113.323	16.038	32.768
214.311	113.022	15.750	32.577
212.796	113.251	16.596	32.071
212.334	114.415	15.932	31.610
211.596	113.974	15.906	29.770
210.580	113.923	16.046	32.492
210.550	114.533	15.746	32.305
210.289	115.451	15.350	32.536
210.021	114.905	16.050	31.302
210.339	114.695	15.510	30.912
209.497	115.066	15.630	32.329
208.672	115.001	15.720	32.670
208.289	115.094	15.896	30.817
207.391	114.422	16.217	32.780
206.512	115.214	16.493	33.097
206.040	115.458	15.721	32.324
205.268	115.766	16.276	31.424
205.265	115.334	16.409	32.583
204.914	115.397	16.765	30.638
203.779	115.332	16.437	32.831
203.445	115.861	16.211	31.941
202.889	115.517	17.057	28.716
202.392	116.290	15.970	31.355
201.310	116.355	16.129	33.264
201.193	116.841	15.694	31.610
200.438	115.951	17.143	30.718
199.189	115.702	16.771	31.859
198.135	117.228	16.758	31.856
197.311	116.984	17.137	30.788
196.577	116.106	16.942	29.583
196.051	117.609	16.818	31.655
196.163	117.529	16.554	32.868
195.167	117.658	17.290	33.036
194.809	117.178	16.987	32.333
193.695	116.970	16.867	33.034
192.527	118.010	16.633	33.537
191.590	117.948	16.662	33.764
191.278	117.558	16.342	31.688
190.345	117.559	16.013	33.309
190.110	118.787	15.694	33.150
188.728	118.645	16.467	33.947
187.658	118.948	16.475	33.002
186.218	117.696	16.969	33.655
185.679	118.696	16.544	34.392
184.636	119.080	16.541	32.996
182.729	118.266	17.704	32.028
182.537	119.500	16.887	33.132
182.307	119.749	15.926	32.945
181.188	120.327	16.708	33.548
180.303	118.938	17.344	34.157
179.188	118.892	17.375	35.312
178.414	119.072	16.796	35.202
176.814	119.222	17.317	34.277
175.766	118.745	18.052	32.334
175.089	118.887	17.456	34.859
174.773	119.151	17.120	35.127
174.684	119.308	16.836	36.083
172.971	119.191	18.185	35.698
171.693	120.141	18.718	33.871
171.369	120.510	17.540	35.194
170.414	120.545	17.164	35.802
169.828	119.355	16.806	35.011
168.265	120.463	17.675	33.406
168.388	120.950	16.764	34.841
167.099	121.618	17.197	35.827
165.610	121.102	18.280	35.591
165.501	121.990	17.699	35.396
164.056	123.511	17.520	34.921
162.827	123.510	17.640	33.269
162.023	122.654	17.747	33.736
161.638	122.222	17.453	33.257
161.216	123.078	17.687	35.589
160.808	123.216	18.442	35.568
160.633	123.253	18.067	36.117
160.397	123.291	17.602	33.509
158.624	122.197	18.836	36.411
158.195	124.311	17.446	35.248
158.042	123.522	17.364	34.549
157.265	123.155	17.743	32.588
156.442	124.032	17.363	36.200
156.403	123.933	17.123	35.966
156.210	123.998	17.329	35.244
155.425	123.899	17.642	37.354
154.566	124.545	17.578	37.845
154.136	125.512	17.717	34.791
153.248	125.301	18.008	30.836
152.712	124.919	17.712	31.851
153.246	125.293	17.299	38.042
152.318	124.461	17.384	40.898
151.631	124.910	17.235	36.239
150.984	125.548	17.184	34.898
149.769	126.336	18.069	33.871
149.208	125.805	18.172	37.585
148.328	125.809	17.670	32.003
148.122	125.226	16.589	33.224
147.802	125.249	16.185	33.588
147.348	125.702	16.229	35.207
146.205	126.414	17.046	35.784
143.574	126.120	18.437	33.937
143.537	127.332	17.699	32.717
141.723	127.680	17.845	36.588
140.975	127.087	17.727	33.528
140.462	128.481	18.114	35.001
140.004	128.807	17.588	34.274
138.989	129.131	17.837	36.394
137.435	129.063	17.539	35.558
135.994	127.276	17.880	31.538
134.971	127.800	17.760	34.753
132.946	129.313	18.855	35.425
132.482	127.697	19.138	35.213
131.579	128.525	19.434	34.838
130.596	129.578	18.571	32.418
129.966	129.718	17.326	31.599
129.063	129.577	17.936	34.445
127.254	128.652	18.364	37.145
127.718	130.393	17.053	36.428
125.819	131.388	17.474	35.296
124.425	130.736	17.506	34.901
122.631	131.080	18.868	36.685
121.338	131.224	19.322	36.244
119.907	131.290	17.665	38.153
117.711	130.703	18.374	38.862
115.791	130.375	18.100	38.868
113.510	131.247	19.129	38.007
111.339	132.091	19.867	37.979
109.497	132.132	18.200	37.826
107.938	131.310	18.390	38.842
105.431	132.385	19.325	38.607
103.205	132.789	19.507	39.417
101.613	133.105	18.950	38.879
99.889	132.575	18.200	39.460
98.582	132.951	17.469	39.220
95.430	133.623	19.094	38.508
92.496	132.682	18.628	39.311
89.367	132.575	17.542	40.325
87.619	132.644	17.816	38.801
85.596	133.598	18.301	38.979
84.367	133.050	17.938	39.777
82.840	133.448	16.077	38.297
74.778	134.216	19.198	38.118
71.862	134.911	19.423	37.155
69.671	134.752	17.248	36.464
65.978	133.926	17.264	38.426
62.121	134.083	19.469	38.643
58.676	134.768	19.450	38.268
56.264	135.326	18.863	39.761
52.676	135.220	18.428	39.173
50.439	134.977	18.130	39.535
47.538	135.251	19.160	38.194
44.447	136.333	20.639	38.324
41.416	135.128	19.256	40.847
37.065	135.328	19.320	39.250
33.989	135.847	19.876	40.877
30.495	135.577	21.315	41.404
27.086	135.167	18.563	40.984
24.425	134.921	17.972	38.097
22.246	135.316	17.819	39.601
18.082	136.029	20.614	39.607
13.907	136.180	20.754	39.504
11.606	134.994	17.987	41.642
11.169	136.645	15.944	40.115
4.512	136.815	18.129	38.915
2.485	137.077	17.714	41.034
