106.000	372.000	39.000	88.000
107.813	371.671	38.885	88.122
108.170	371.427	40.550	90.240
109.633	370.573	41.325	92.820
111.359	370.603	41.383	93.771
112.020	370.377	43.533	93.719
112.074	370.695	45.921	93.481
111.956	371.002	45.669	94.141
111.816	371.799	46.114	93.827
112.065	372.799	46.516	92.692
113.494	372.495	49.516	92.664
114.807	373.624	49.307	92.707
116.416	373.777	48.865	93.378
115.620	374.316	47.760	93.404
108.894	375.071	46.781	93.058
102.282	375.242	47.797	93.059
99.644	375.052	45.727	93.990
100.419	373.724	43.494	96.254
101.107	374.020	43.223	95.905
104.144	373.706	41.691	98.200
105.798	374.231	42.045	97.812
107.495	375.813	44.199	95.762
108.412	375.923	45.271	96.989
106.735	376.692	46.332	96.043
105.573	377.311	47.512	95.590
105.459	377.380	48.077	96.863
105.870	378.117	47.440	96.595
104.932	378.002	47.732	97.483
105.895	376.586	46.341	101.072
105.401	376.530	45.499	101.264
104.600	376.784	45.753	101.129
100.449	377.063	48.448	100.885
96.385	376.779	50.900	101.565
94.791	377.594	53.373	100.588
93.503	378.343	54.389	99.816
93.437	379.975	56.162	97.319
92.230	380.754	56.617	98.275
92.862	381.064	56.148	98.462
93.511	381.079	56.601	99.663
92.570	381.365	55.323	99.526
89.603	380.876	51.927	100.889
83.368	380.588	48.262	100.943
72.716	380.700	46.904	102.349
64.202	381.192	44.947	102.269
58.256	381.636	44.266	102.694
53.370	383.357	45.952	100.674
47.239	385.568	46.428	100.774
39.688	387.221	47.885	100.488
33.211	389.076	49.530	99.427
25.340	389.391	50.535	101.334
14.618	390.445	50.724	100.508
1.177	390.787	41.748	101.271
0.000	391.011	35.404	100.021
0.000	392.155	30.594	99.088
0.000	392.180	28.832	97.488
0.000	390.642	30.023	97.127
0.000	390.548	31.280	95.131
0.000	389.499	29.867	97.163
0.000	391.106	24.490	96.193
0.400	393.382	26.636	95.009
5.988	393.754	41.740	99.125
5.306	396.982	40.768	100.043
4.066	394.682	39.093	98.544
3.964	394.954	38.736	98.688
2.809	394.421	40.824	100.488
2.328	394.710	39.718	99.606
2.281	395.507	35.733	106.810
1.157	396.633	35.482	105.878
0.454	398.528	34.453	103.538
0.000	399.680	33.327	103.856
0.000	401.668	29.124	95.589
0.000	399.912	26.603	97.597
0.892	399.395	34.006	97.095
2.248	396.567	43.046	104.330
0.920	393.406	47.384	107.166
1.696	391.722	45.901	108.308
2.368	394.396	46.043	106.939
1.654	396.785	39.286	108.971
1.663	396.884	33.699	112.303
0.796	399.601	32.447	113.127
34.128	404.419	47.636	107.536
42.374	401.730	47.128	110.918
52.735	404.082	50.826	105.825
65.831	404.696	49.200	106.007
73.815	403.438	56.060	107.789
84.277	393.712	66.819	117.595
86.064	400.587	56.327	123.836
113.554	387.497	48.907	115.060
107.716	392.445	49.697	108.135
101.422	400.933	49.836	102.034
110.851	402.069	50.270	101.342
118.547	399.847	49.802	103.827
135.104	396.062	51.297	108.098
148.429	388.676	43.982	111.772
155.024	375.995	45.086	112.709
71.238	378.395	45.996	100.859
73.061	382.070	46.522	105.040
79.035	384.559	42.442	109.900
31.983	412.006	59.227	108.992
31.485	413.259	62.742	108.841
46.556	413.481	59.620	117.440
64.006	409.187	53.576	112.941
70.700	412.931	54.601	117.422
77.821	408.009	56.739	117.764
83.881	403.060	59.736	122.772
93.055	408.957	59.048	119.987
97.979	413.226	60.160	116.109
114.243	410.400	54.248	109.786
122.993	405.208	52.868	107.661
137.503	410.984	51.584	98.930
146.361	406.250	52.996	104.941
162.295	386.068	54.649	121.101
161.093	386.597	58.706	117.378
159.567	394.637	63.119	119.300
165.956	398.652	71.508	118.466
195.549	387.562	54.304	121.497
177.166	391.530	66.497	119.716
160.213	400.745	73.511	118.198
180.132	393.922	65.872	114.371
159.131	396.796	71.547	114.893
136.458	395.144	72.534	106.098
106.264	390.653	49.458	100.306
113.905	390.084	43.791	104.996
116.536	390.158	44.981	104.595
118.917	389.282	45.516	106.485
120.066	390.114	47.045	104.104
122.202	390.740	48.265	101.059
120.856	391.652	49.189	99.175
120.443	392.925	49.350	99.380
121.889	391.361	51.278	101.411
123.168	391.308	54.614	99.919
126.982	393.673	55.555	95.845
130.028	394.748	57.302	99.789
136.845	394.011	57.270	100.463
146.302	392.627	50.631	101.761
153.504	392.839	45.421	100.496
160.409	393.211	44.154	101.169
164.237	392.329	44.939	101.520
164.177	392.566	46.090	101.485
165.573	392.494	47.827	100.639
167.643	392.261	49.516	101.447
168.133	393.863	54.498	100.068
171.726	394.257	55.592	100.888
174.159	394.776	58.272	100.508
175.356	394.666	61.145	99.510
179.119	394.740	59.669	101.727
182.170	395.590	59.822	100.654
191.444	392.682	55.266	102.722
199.534	392.311	49.219	103.183
207.398	393.721	45.901	100.374
212.060	392.666	47.078	100.921
215.938	392.328	47.577	99.267
217.232	392.089	51.036	91.065
217.934	393.492	55.563	98.229
217.039	394.604	59.353	98.911
217.132	396.355	66.251	98.271
219.041	396.784	66.852	97.769
224.486	394.957	64.842	98.950
230.455	394.644	60.914	97.741
234.422	395.516	60.523	97.398
239.885	393.937	58.846	100.307
251.981	394.289	49.352	98.015
261.627	393.058	44.237	99.258
266.614	392.202	43.475	100.160
268.971	391.435	44.757	100.527
272.509	391.786	45.204	100.868
273.936	393.404	47.132	97.720
276.796	395.343	52.196	95.901
277.737	394.758	52.875	96.246
278.978	395.574	55.568	95.628
280.969	396.796	56.761	94.902
282.118	396.468	57.837	95.035
282.096	396.339	59.669	96.562
282.635	393.890	56.119	97.892
285.703	390.148	50.861	100.509
285.296	379.332	49.842	110.484
282.636	371.426	51.850	118.013
278.344	372.782	53.282	113.549
277.783	371.616	52.352	113.837
279.077	372.959	55.467	114.769
279.540	372.372	56.718	114.255
283.576	375.330	55.361	107.421
283.122	374.222	56.981	104.603
286.466	374.658	57.468	109.708
289.365	372.680	57.984	113.270
294.287	372.635	54.031	112.314
297.968	371.221	52.684	109.580
303.746	369.567	49.929	110.821
307.324	370.812	49.061	114.426
310.654	370.981	46.244	112.360
313.390	370.166	46.071	112.017
314.876	371.757	46.217	109.194
316.253	371.310	47.148	110.108
317.144	379.958	47.193	102.109
319.424	372.370	50.434	111.106
319.088	374.565	50.508	107.112
320.074	372.197	50.984	106.620
322.620	372.146	51.896	105.985
322.173	371.280	51.646	103.678
323.583	371.886	50.122	104.405
325.568	374.272	50.173	103.353
326.562	374.268	51.991	103.904
325.484	371.990	51.238	100.485
327.216	385.975	53.823	88.349
332.086	386.622	47.407	95.330
333.779	392.306	45.660	91.486
334.343	390.311	45.114	88.997
335.459	392.704	45.697	83.677
339.201	392.726	44.261	84.569
336.104	394.227	46.341	80.647
343.850	391.207	43.389	89.519
344.608	392.773	44.297	86.550
347.429	390.858	42.961	87.581
348.517	390.921	44.617	88.057
349.448	386.292	43.347	91.121
342.944	373.272	48.205	99.881
350.835	371.671	46.530	104.002
357.199	381.301	43.078	97.514
359.818	389.116	42.609	88.995
360.002	388.269	42.880	88.657
360.766	388.832	43.908	87.273
362.659	389.075	43.862	84.931
364.823	389.814	44.415	86.578
367.088	389.091	43.443	86.698
368.749	387.531	43.602	87.783
367.077	380.784	45.128	94.181
371.804	377.915	42.754	97.896
364.747	369.659	47.242	103.945
370.804	378.211	45.457	93.178
377.858	384.571	40.760	86.298
379.769	387.532	39.583	84.201
378.245	383.096	40.728	90.185
373.064	382.704	43.059	83.770
378.244	386.193	41.206	84.505
376.122	385.016	41.057	82.425
372.841	386.954	42.431	79.798
367.290	379.304	43.442	82.535
364.411	371.343	43.367	89.237
361.077	366.501	43.919	91.767
360.214	374.146	43.356	85.262
361.679	365.541	39.881	92.078
363.755	367.565	38.228	89.626
365.969	364.067	38.309	95.816
369.062	364.497	37.950	97.234
372.474	367.397	40.255	95.354
375.356	372.105	41.424	94.005
374.829	380.787	41.490	86.289
380.820	378.085	40.190	89.811
376.126	378.243	44.585	88.942
376.236	379.547	43.518	88.284
382.168	380.165	41.753	86.568
378.749	375.581	43.374	91.110
375.721	366.404	44.281	98.320
374.035	364.820	45.934	99.515
374.834	364.603	44.807	99.990
377.480	363.507	44.146	100.513
385.224	366.049	40.736	96.700
387.919	366.900	41.754	97.589
388.212	368.495	40.842	97.185
386.343	363.551	43.553	97.668
387.298	365.046	45.198	95.076
388.510	364.039	44.838	95.823
386.762	363.413	45.670	94.932
389.767	363.267	42.428	91.834
391.678	361.927	43.169	91.446
393.428	363.478	42.165	90.456
395.024	361.571	43.002	91.107
398.892	361.983	42.904	93.651
404.040	363.361	42.039	96.396
406.910	365.574	40.867	97.014
408.466	363.414	40.504	98.447
409.716	363.781	41.698	97.907
411.320	362.097	41.812	99.474
412.401	360.844	42.650	100.462
413.747	363.744	42.582	97.033
414.590	361.610	43.297	97.866
415.755	362.513	43.076	97.658
416.872	361.907	43.737	97.388
418.963	361.435	44.974	97.089
422.069	359.386	43.806	97.540
422.517	361.882	43.500	95.424
424.699	360.613	42.025	96.089
427.712	359.887	39.837	97.459
429.662	359.232	40.045	99.712
430.269	359.143	41.657	98.659
430.792	361.137	42.932	96.270
431.612	360.306	44.442	97.301
433.522	360.901	43.556	96.271
433.150	359.053	44.884	97.336
428.797	360.263	45.553	96.311
421.033	360.996	44.121	93.450
413.932	360.638	41.873	90.440
406.396	360.388	41.228	90.478
401.836	361.955	43.742	93.100
402.472	362.264	43.237	92.244
404.540	361.454	41.533	93.997
406.438	360.836	40.969	94.443
408.675	360.012	40.377	94.636
407.297	359.663	39.284	94.210
405.546	360.466	40.546	92.590
404.413	359.980	41.896	93.135
404.125	359.209	40.613	93.702
403.344	358.884	42.828	96.404
404.337	361.192	42.959	93.576
406.780	361.232	42.047	92.564
409.523	361.057	41.372	92.367
410.556	361.212	41.553	93.442
409.420	361.989	42.252	92.063
396.636	359.217	42.284	94.875
389.750	360.912	42.387	92.221
382.529	359.837	44.708	89.654
382.669	357.929	44.029	88.224
382.301	357.165	42.889	91.374
384.326	357.793	43.120	89.156
385.574	357.259	44.108	89.208
387.115	357.898	44.448	91.080
391.808	358.538	42.595	90.169
390.430	355.713	42.000	91.215
384.823	357.766	44.520	87.607
383.375	355.546	41.268	88.731
383.452	355.572	40.454	88.796
384.258	355.096	39.562	90.500
386.908	355.723	37.540	90.909
388.502	356.405	38.653	90.136
389.877	356.267	38.685	90.126
391.239	356.143	39.324	89.111
392.160	355.885	39.511	90.918
392.482	356.593	40.370	89.465
394.420	356.599	39.751	88.873
395.821	356.882	40.665	88.693
398.263	356.845	40.660	88.425
399.776	356.791	41.142	87.247
400.964	357.743	40.193	87.160
403.088	355.936	40.861	88.260
403.550	357.429	42.465	87.763
405.850	355.782	43.100	88.578
407.982	356.109	42.920	88.506
410.150	356.080	43.410	88.456
411.187	354.887	44.752	89.975
414.209	356.055	44.127	87.780
415.086	357.384	44.653	86.125
415.806	358.224	45.677	85.050
417.737	358.967	46.297	82.371
420.955	358.580	45.158	81.753
424.780	358.562	42.525	81.030
429.081	359.188	39.735	79.517
429.962	362.477	39.959	79.830
430.569	361.293	41.246	78.605
433.338	362.045	40.679	77.301
433.628	357.447	43.544	81.653
437.303	359.077	43.057	79.149
441.484	362.335	40.981	75.718
445.415	364.066	40.680	74.032
448.304	364.043	39.089	72.204
450.132	365.904	39.761	72.364
453.515	365.118	36.387	71.921
443.585	357.110	48.343	81.395
437.270	353.996	48.422	83.499
438.669	354.733	37.222	80.072
439.815	352.510	53.453	81.704
460.523	348.293	44.228	89.954
443.222	352.347	41.757	81.402
443.053	354.704	35.383	78.086
472.101	351.896	33.941	85.347
469.804	348.663	37.733	86.818
462.665	348.100	46.581	86.988
468.224	346.589	41.402	88.708
455.509	348.350	45.484	84.220
447.789	352.060	39.112	78.737
447.197	352.825	39.414	77.251
446.753	351.685	39.579	78.036
448.108	350.645	39.779	79.459
449.373	349.293	40.577	80.743
450.895	349.266	39.614	81.034
450.929	347.670	39.365	82.007
451.446	347.320	37.934	80.433
451.600	347.337	38.134	80.523
453.212	347.718	36.847	79.428
456.368	342.754	42.171	83.903
459.066	342.671	37.772	84.798
462.807	342.052	36.076	83.075
457.428	343.912	35.923	80.532
457.220	343.088	38.027	81.064
451.921	342.484	39.016	79.149
456.744	343.612	36.908	80.702
456.474	343.337	36.485	82.861
457.774	344.520	35.404	82.073
456.781	349.950	35.671	78.119
452.377	346.837	39.163	75.449
443.682	344.314	40.219	74.946
442.528	342.426	32.856	72.079
442.158	342.115	30.695	70.494
441.421	341.401	29.857	70.659
439.856	340.977	29.835	70.410
439.663	341.588	28.600	69.221
438.802	341.242	28.028	68.684
438.099	340.729	28.184	69.985
439.104	340.003	27.118	72.830
437.928	341.387	29.405	72.834
435.093	342.103	49.211	71.045
432.741	341.634	35.447	71.429
430.847	342.517	33.904	69.989
430.794	340.961	34.510	71.286
440.793	338.198	43.559	74.829
456.455	339.706	37.192	76.797
456.777	340.670	34.877	78.918
455.981	340.136	36.345	76.268
456.436	340.229	35.381	77.250
455.998	340.371	34.926	77.839
458.734	341.582	34.037	76.525
457.776	343.282	34.520	74.217
457.397	343.454	34.049	75.265
456.996	342.710	34.686	75.594
456.532	342.910	34.354	76.009
458.845	343.164	34.314	75.507
457.527	345.383	32.500	73.994
458.404	345.496	33.599	73.452
458.388	345.365	31.934	73.837
460.142	344.347	32.366	73.937
459.340	344.767	31.030	74.222
459.072	345.081	31.771	74.339
459.216	345.001	31.464	74.389
458.888	344.149	33.192	74.883
458.018	342.767	32.669	77.093
458.106	342.999	32.672	77.125
457.816	342.893	33.124	76.940
457.566	343.586	34.568	79.533
457.554	341.736	32.960	79.326
458.319	340.484	31.880	80.049
458.686	340.540	32.296	79.943
458.286	340.072	31.917	79.327
457.088	342.633	33.951	79.831
456.573	342.739	34.712	79.523
456.122	343.072	34.951	78.057
456.159	342.658	35.186	78.820
456.242	341.255	35.044	80.380
455.508	340.168	35.678	80.660
455.533	340.273	36.070	81.790
454.568	340.747	36.749	80.004
428.473	340.575	48.756	73.412
424.143	341.206	35.207	71.346
429.405	341.534	31.644	71.363
427.918	340.982	38.054	70.859
423.197	341.389	33.677	71.304
459.426	343.542	31.663	74.597
424.129	342.006	40.294	70.760
419.962	340.830	35.360	71.036
457.444	343.738	33.550	75.152
420.904	342.357	35.423	69.665
422.503	341.412	34.282	70.477
417.334	340.784	34.070	70.915
419.191	341.164	35.148	71.142
419.047	341.983	36.491	70.517
418.915	341.797	37.702	70.538
415.889	342.030	39.173	70.440
453.752	342.477	34.246	77.415
412.060	342.946	35.969	70.073
410.494	342.767	36.722	69.106
411.421	342.192	36.061	69.693
410.899	342.451	35.954	70.135
410.267	343.081	36.638	69.016
410.457	341.592	35.968	70.068
410.922	341.185	35.484	70.353
412.729	341.448	34.644	70.445
410.500	341.400	35.875	71.180
408.536	341.896	34.485	71.422
451.330	342.875	32.294	73.528
449.886	345.147	31.898	74.542
411.106	342.346	27.721	69.757
408.954	343.716	27.123	67.037
409.071	343.888	27.027	67.806
407.887	343.224	26.165	67.332
407.983	342.473	27.883	68.466
406.567	342.539	27.943	68.900
407.062	342.394	28.743	68.939
407.469	342.918	26.420	68.626
408.725	342.644	25.844	68.965
409.544	342.146	25.670	69.749
410.545	341.390	25.368	70.338
407.282	341.682	31.078	70.333
404.625	342.353	30.577	69.413
402.409	343.313	33.343	68.656
399.508	344.316	34.806	68.031
400.362	344.125	35.613	67.983
399.168	343.960	36.502	68.191
397.009	344.054	38.246	67.689
396.427	343.801	38.590	67.975
395.992	343.808	39.181	67.902
398.426	343.406	37.268	68.381
400.888	344.132	35.452	67.464
402.759	342.669	32.003	70.076
405.924	342.397	27.660	70.058
408.335	342.999	25.359	68.680
407.943	343.129	24.933	68.949
407.044	342.421	25.604	69.470
405.346	342.296	25.954	69.091
404.737	342.984	26.990	68.506
404.338	343.325	28.475	67.632
403.976	342.975	28.956	68.337
403.386	342.894	29.202	67.669
404.215	342.676	28.213	68.305
404.613	343.338	26.714	68.029
406.575	343.140	26.224	68.317
407.225	342.767	25.872	68.830
408.257	342.236	27.281	69.408
405.644	342.073	29.419	69.911
402.274	341.718	31.129	70.762
400.719	343.224	34.877	69.087
398.375	343.703	36.008	68.834
397.530	344.170	36.001	68.245
396.881	343.919	38.564	67.974
396.060	344.319	40.262	67.551
395.504	344.004	39.802	67.731
396.546	343.771	39.523	68.028
397.789	343.724	38.499	68.398
399.591	343.620	36.355	68.507
401.961	342.774	32.635	69.481
404.855	343.048	27.546	68.957
407.450	343.724	25.514	67.721
406.745	343.856	25.209	67.610
404.986	342.766	27.726	68.549
405.045	343.614	27.537	67.482
404.842	342.200	26.848	68.846
404.197	342.419	27.702	69.025
403.829	343.043	29.032	67.722
403.650	343.826	28.357	67.031
404.031	343.645	28.036	66.381
404.472	343.696	26.060	66.996
406.225	343.155	25.765	68.124
407.786	342.329	25.016	68.726
407.677	342.037	25.031	69.572
403.916	341.931	28.546	69.395
401.436	342.266	30.243	69.318
399.563	343.267	34.203	67.752
398.763	343.131	35.668	68.696
399.252	343.437	35.729	68.668
397.170	343.061	37.092	68.819
396.247	343.792	38.082	68.452
395.449	344.204	38.209	67.924
396.200	344.403	36.825	67.392
397.004	344.109	36.177	68.323
398.364	343.765	34.987	67.561
401.289	343.441	32.776	68.033
404.605	341.312	29.449	70.439
406.281	342.338	27.740	68.708
405.321	342.532	28.135	68.302
404.541	342.532	29.266	68.178
404.312	342.250	29.659	68.563
404.504	341.732	29.185	69.244
403.589	342.394	29.876	68.644
403.638	342.207	29.706	69.053
403.454	342.008	29.713	69.706
403.964	341.930	29.847	69.619
403.450	342.260	29.818	69.129
404.984	342.947	27.660	68.520
406.502	343.091	25.329	68.469
407.044	342.824	26.664	68.398
405.130	342.343	28.227	69.167
400.892	342.001	31.402	69.543
399.719	342.259	31.926	68.485
396.759	342.877	33.350	67.900
395.803	345.126	33.662	66.470
396.065	345.559	32.475	66.542
293.242	371.454	57.265	115.261
305.778	370.928	46.633	119.268
311.380	372.301	47.981	117.017
317.228	372.189	50.574	108.297
321.588	371.960	49.761	112.924
324.272	372.502	49.741	111.056
328.816	372.868	47.083	113.898
335.166	372.592	47.669	114.396
340.754	372.415	45.996	102.907
340.264	368.053	46.031	112.798
344.180	372.909	44.514	112.362
318.039	369.536	49.434	112.408
329.554	369.198	57.803	118.643
324.013	371.331	46.488	115.277
324.935	370.108	47.845	114.700
323.988	371.029	50.124	111.348
326.120	370.242	54.653	113.848
327.317	371.683	55.320	110.820
328.635	370.548	59.289	111.883
332.705	370.425	64.214	116.106
336.109	373.632	58.320	107.035
375.694	372.622	59.526	113.790
379.836	372.656	60.903	117.389
386.043	371.044	60.050	116.925
387.683	371.106	61.445	118.815
396.202	371.350	54.106	117.423
401.687	372.741	48.648	116.042
405.415	373.994	45.518	108.163
409.218	374.541	47.920	110.397
399.879	373.035	61.403	107.835
407.879	377.751	61.509	110.244
403.754	371.384	70.060	108.318
417.115	372.168	61.475	111.185
398.965	373.236	85.490	108.302
401.229	377.718	88.322	106.738
423.113	376.495	69.074	109.083
390.798	374.551	57.173	107.459
400.715	373.018	51.168	107.761
405.369	373.370	50.032	109.476
413.127	372.950	45.682	107.188
414.531	371.844	46.897	107.115
417.177	375.287	50.081	105.110
419.356	375.611	52.011	104.556
421.063	375.152	55.093	105.186
423.132	376.442	58.716	105.386
423.563	376.453	62.222	104.928
423.357	379.052	64.781	99.637
426.698	379.425	64.403	101.304
433.016	376.239	61.772	103.752
437.826	376.995	57.395	101.309
444.484	376.922	55.667	106.141
447.398	379.281	53.810	102.257
456.745	377.037	50.814	104.692
463.444	381.046	56.349	102.466
466.563	379.700	49.217	99.760
467.563	377.825	51.946	100.217
470.773	379.152	53.896	100.691
409.029	388.360	53.050	114.488
413.034	386.819	58.071	120.781
421.276	387.181	60.370	117.173
428.186	387.907	64.298	116.125
436.909	388.763	63.613	115.712
448.679	389.430	56.905	116.200
456.103	388.699	52.842	117.517
460.814	385.460	50.252	120.835
464.308	388.827	48.271	116.122
473.369	382.807	41.575	118.758
470.123	382.372	46.672	119.550
476.520	381.343	47.286	117.317
480.594	383.313	54.537	113.012
596.669	366.858	50.009	114.360
597.011	364.892	58.636	115.394
604.866	371.067	55.752	108.923
609.752	370.804	54.037	109.302
615.093	368.244	53.405	111.231
619.436	375.002	53.780	104.505
624.596	368.749	54.836	109.672
631.902	371.182	52.382	105.915
635.262	367.652	53.156	108.819
640.910	366.682	52.963	109.930
647.049	368.563	50.100	107.757
653.203	366.519	47.417	109.499
657.031	364.455	49.353	111.348
659.532	364.375	52.739	112.650
662.788	363.504	55.978	111.665
666.167	364.914	58.672	110.747
669.301	364.475	60.111	111.738
674.252	364.696	61.111	111.444
679.253	364.696	60.184	111.762
684.278	364.431	60.610	112.013
693.754	364.090	58.805	111.262
702.237	363.994	57.334	111.326
710.716	363.659	54.969	111.863
714.980	362.619	54.506	114.090
715.608	362.389	55.892	114.582
716.551	362.061	56.606	115.138
718.398	361.739	58.427	114.717
719.741	362.026	62.296	113.611
721.952	361.723	64.025	113.983
723.509	362.424	66.103	112.701
725.671	362.631	66.027	112.820
728.302	362.364	65.641	113.195
733.995	362.364	61.595	112.657
738.489	361.851	58.128	112.061
743.636	361.691	56.648	110.984
748.231	360.712	53.321	110.553
752.803	361.071	51.417	109.636
759.698	360.951	47.866	109.027
764.475	360.562	46.968	109.864
767.978	360.184	48.121	110.193
770.352	360.480	51.735	109.720
772.555	360.540	54.628	109.889
776.593	360.854	56.525	108.457
779.903	360.821	58.103	107.757
783.403	360.345	57.937	107.802
788.075	360.272	55.946	107.952
792.430	360.471	51.984	107.987
797.038	359.638	50.276	107.175
799.410	359.413	51.928	107.123
802.303	358.772	52.734	108.467
804.724	358.230	54.117	108.672
806.951	357.577	55.993	109.853
808.467	357.295	57.193	110.173
814.111	357.334	56.150	109.802
821.032	356.957	54.672	111.000
827.213	358.006	54.565	108.391
834.248	358.319	51.673	107.057
840.761	357.879	49.626	108.615
844.346	357.853	50.822	113.067
846.978	358.496	53.088	115.773
848.955	358.628	54.397	119.328
851.768	358.282	55.674	121.790
855.712	356.806	55.296	125.974
860.295	356.615	55.311	128.274
864.652	356.589	58.694	130.263
868.337	356.778	59.134	131.786
874.097	357.169	62.367	133.199
876.602	357.454	68.758	133.632
879.727	357.925	70.198	135.518
882.853	357.959	70.221	137.233
885.634	358.270	70.186	136.698
888.894	358.440	68.551	135.655
891.852	358.431	66.288	136.000
892.696	358.900	62.187	135.556
890.417	357.689	57.566	130.978
891.246	358.189	49.969	131.001
891.663	353.022	51.724	133.097
896.821	353.701	50.386	131.945
895.650	353.744	54.441	134.859
900.554	356.150	53.325	133.989
904.878	356.642	51.030	132.680
902.368	356.795	54.624	131.079
907.699	356.165	51.312	133.010
913.727	356.701	44.667	133.836
915.875	356.714	43.987	132.948
913.155	356.037	46.763	134.450
913.976	358.053	46.024	130.335
899.189	359.785	60.162	133.351
882.088	360.314	71.249	132.803
901.882	358.796	55.699	138.912
904.697	364.520	54.384	128.417
911.712	364.854	47.808	129.355
912.974	364.635	46.222	129.218
902.535	368.611	56.408	125.869
906.392	371.063	53.548	126.863
859.315	355.548	60.526	141.064
866.530	370.096	62.598	133.095
880.512	370.183	59.368	130.396
863.638	366.315	66.286	132.791
877.421	372.979	60.465	129.589
857.047	379.276	80.233	123.876
878.335	369.542	66.881	128.287
892.251	372.315	66.703	131.855
859.321	371.479	89.863	127.981
902.292	369.826	56.681	134.954
879.755	369.406	74.701	138.057
846.536	371.829	67.685	127.751
855.273	368.757	72.728	130.317
850.300	381.046	82.346	126.947
881.749	361.199	63.996	140.800
889.990	362.219	63.024	143.763
901.526	353.968	55.847	147.418
908.658	361.384	49.603	135.452
914.091	358.805	45.812	135.611
916.719	375.466	42.616	127.282
911.964	370.750	46.922	126.899
907.733	369.758	50.568	122.257
861.879	377.432	86.480	123.155
840.647	394.478	66.203	122.349
854.305	383.977	62.087	119.150
868.485	359.131	65.257	132.360
881.152	362.005	63.812	125.062
860.219	377.760	71.952	127.208
885.027	369.668	59.047	139.595
870.784	384.558	68.101	127.607
892.920	373.088	58.555	134.468
893.286	373.461	66.043	136.589
872.308	383.162	77.598	131.715
875.162	387.972	71.488	131.879
843.886	391.998	73.295	131.874
846.959	399.844	74.163	124.719
848.315	391.340	81.130	124.442
875.069	390.518	61.764	140.569
882.046	398.295	63.906	122.438
885.110	401.123	65.577	121.003
888.631	403.461	64.180	113.620
899.353	393.439	58.379	133.869
900.823	412.812	55.671	120.428
900.786	398.242	58.792	125.317
904.317	396.502	55.683	130.510
870.986	397.043	80.541	130.036
875.842	392.064	60.775	129.288
904.148	398.585	54.986	123.239
879.082	401.603	71.563	117.987
859.802	412.066	72.020	110.720
879.791	383.729	58.685	126.966
901.119	362.985	54.709	133.311
902.030	374.789	53.878	135.192
900.955	376.868	58.109	131.860
893.118	384.786	64.311	136.514
894.826	383.422	61.084	140.138
892.030	395.922	64.823	128.175
894.310	414.409	63.364	116.606
900.461	390.554	58.045	131.542
900.200	388.045	59.737	129.325
773.668	370.538	60.367	130.007
785.383	372.625	62.102	129.639
796.696	373.131	65.104	129.395
811.396	371.838	63.230	129.209
818.204	375.343	62.112	124.807
815.561	374.639	61.871	125.851
820.469	371.405	64.812	126.203
816.057	375.855	60.665	123.457
808.940	374.200	70.978	120.979
819.140	375.143	64.525	121.719
822.125	374.079	65.124	123.313
824.779	375.208	64.469	119.011
832.912	372.549	60.902	121.938
838.329	371.479	58.682	123.778
842.382	371.479	59.823	123.320
849.795	369.910	57.076	123.784
858.581	369.656	55.870	122.843
864.448	368.661	53.724	125.965
887.196	374.065	71.786	121.457
874.714	368.815	61.766	124.697
889.841	371.852	56.702	119.846
895.136	372.916	57.795	121.250
899.154	371.860	56.702	126.770
903.342	372.074	55.720	124.368
908.421	370.135	50.484	120.948
913.924	368.421	45.209	121.125
917.322	364.651	42.678	123.495
920.312	365.538	39.688	120.836
920.182	364.388	39.818	126.038
920.039	365.263	39.961	123.720
921.040	361.682	38.960	122.851
922.278	359.123	37.722	121.086
925.906	355.812	34.094	122.219
926.163	351.992	32.938	120.896
929.021	350.499	28.803	122.636
930.325	352.132	27.393	115.944
927.384	353.146	30.792	112.376
930.146	354.353	29.275	111.020
925.652	353.911	30.696	114.446
933.977	363.002	26.023	109.035
926.682	365.659	30.559	105.478
932.001	364.382	27.999	104.098
923.638	373.459	32.493	99.851
925.324	376.244	32.513	106.754
923.613	382.645	36.211	106.448
923.391	379.807	36.486	111.508
920.317	380.051	38.987	110.650
922.587	378.421	36.466	108.312
921.385	384.359	38.318	107.769
921.157	383.093	37.899	107.873
920.963	384.860	38.092	106.836
921.820	387.315	37.281	105.012
922.887	396.032	36.369	106.754
920.242	412.256	38.836	113.920
919.206	414.674	39.419	111.943
920.836	408.665	37.890	115.055
913.641	412.342	43.993	106.244
921.935	394.016	35.052	121.000
915.909	416.451	42.617	115.710
918.053	404.378	39.758	116.922
918.561	384.933	40.442	121.569
914.821	398.339	44.786	117.898
911.546	388.171	46.909	106.244
921.865	380.458	35.078	122.864
913.364	389.205	45.421	112.045
919.892	389.677	37.484	121.912
918.302	394.506	40.387	117.153
918.252	414.644	40.201	108.448
920.927	405.089	36.687	109.728
920.977	421.324	37.886	107.834
920.866	443.689	37.528	100.855
922.902	433.244	34.712	106.121
922.843	421.487	35.747	105.870
922.052	443.647	36.318	104.947
923.610	435.001	34.897	110.401
922.283	437.049	36.742	104.250
926.006	426.211	32.455	109.739
923.055	449.756	35.966	99.351
925.699	430.025	32.855	105.180
923.938	441.293	35.259	103.038
924.654	449.726	33.513	92.469
927.936	446.954	29.823	93.002
927.640	453.917	30.711	91.366
928.077	438.982	30.168	92.916
927.033	445.415	31.242	99.934
927.034	428.103	31.913	108.079
916.265	457.106	38.546	91.801
925.897	442.298	28.200	93.298
929.154	425.026	27.415	110.262
925.784	430.888	33.185	114.211
915.084	449.990	39.660	100.707
924.467	439.069	30.329	103.077
926.801	436.029	30.167	109.283
924.215	417.664	34.734	117.069
913.673	429.042	41.680	112.218
920.090	435.283	35.829	110.113
923.643	445.328	33.048	103.173
923.433	453.296	34.046	97.052
926.482	429.167	31.044	107.163
920.607	452.537	37.612	98.279
923.884	440.640	32.949	103.110
926.161	426.034	31.408	105.685
922.217	443.145	36.320	103.013
923.353	436.271	34.913	106.417
923.925	408.207	34.446	109.092
919.786	389.126	38.529	110.952
919.022	385.262	38.739	111.020
917.621	376.899	39.677	103.713
922.087	389.054	34.828	108.607
924.456	381.513	33.473	110.164
917.622	376.376	40.438	101.800
920.979	391.942	36.096	102.874
927.355	382.959	30.112	109.682
921.577	381.951	37.412	105.385
919.707	377.751	38.533	101.626
923.127	386.767	34.692	106.451
921.288	380.403	37.065	97.535
924.771	389.760	33.013	106.757
926.269	380.257	32.339	105.894
922.802	385.242	35.647	112.264
919.081	379.395	39.642	108.353
921.157	385.022	36.532	109.649
919.736	377.512	39.016	104.251
922.262	402.180	36.313	100.713
927.321	382.594	31.084	106.782
923.281	388.529	36.228	106.298
922.300	383.849	37.169	106.851
918.791	375.548	40.032	104.827
921.392	405.514	36.995	101.966
927.547	383.380	30.708	103.898
925.094	381.952	34.391	106.787
920.676	381.083	38.470	108.086
920.036	377.422	38.311	105.642
921.078	397.261	36.919	103.588
925.944	394.043	32.381	108.662
923.522	388.757	36.064	107.760
921.423	379.786	37.649	109.136
920.678	378.315	37.995	109.436
919.544	385.200	39.024	107.533
921.298	373.231	36.642	108.073
920.812	401.846	37.762	102.780
924.662	376.602	33.522	109.233
920.858	389.336	38.047	107.988
922.846	378.342	35.712	108.053
922.518	385.958	36.457	106.079
921.862	379.193	36.701	102.947
923.348	401.033	34.661	105.144
923.974	377.310	34.755	109.496
917.116	388.102	41.007	100.699
923.659	376.571	33.416	104.569
924.338	393.469	33.764	103.780
922.909	377.640	35.735	103.862
924.024	389.017	34.881	106.477
921.793	378.122	36.859	106.252
922.239	383.113	36.619	107.321
922.193	383.016	36.333	108.430
919.770	381.486	38.412	101.812
923.343	388.049	34.730	112.155
918.066	373.636	40.201	109.902
916.895	385.541	40.746	108.802
918.793	371.513	37.968	108.812
918.906	388.366	37.502	108.588
919.705	370.802	36.885	111.061
918.370	382.757	39.119	107.122
922.229	385.403	34.628	101.843
924.773	393.195	33.265	106.456
923.713	374.710	34.840	109.035
920.203	380.935	38.161	112.068
920.667	380.993	37.974	112.616
921.101	377.373	37.382	116.562
916.887	380.422	41.523	105.733
918.179	387.942	38.765	109.405
920.599	370.546	36.012	111.312
919.455	386.462	37.911	107.409
921.711	380.552	35.920	101.879
926.020	392.247	32.167	107.935
923.094	371.143	35.805	106.618
921.957	390.815	36.367	103.473
922.756	377.895	35.108	103.258
923.642	385.810	34.255	107.955
922.657	375.098	35.813	102.950
923.758	384.098	34.705	108.679
920.768	372.821	37.809	105.989
921.536	388.535	37.001	107.522
922.381	369.909	35.911	109.857
921.540	385.766	36.668	111.904
922.167	370.557	36.141	113.238
916.398	370.385	41.430	103.545
922.565	387.448	35.000	109.032
922.977	370.794	35.400	109.373
921.770	379.106	36.570	114.205
918.454	376.468	39.862	111.406
917.886	381.449	39.804	110.750
919.902	378.555	37.746	108.442
921.435	382.222	36.403	113.149
920.656	374.879	37.623	110.940
919.046	377.108	38.906	103.154
921.173	388.540	36.085	111.303
918.931	367.328	39.070	111.322
920.135	387.998	37.672	108.194
921.756	367.602	35.582	109.856
921.682	389.312	36.324	108.605
921.200	371.554	36.909	109.435
919.126	387.131	38.997	110.986
909.386	382.124	48.737	126.106
758.916	399.561	61.307	136.215
750.851	400.273	77.030	134.082
747.571	400.371	82.884	133.886
749.964	401.214	86.224	133.351
754.976	401.944	86.839	132.480
758.618	401.848	84.174	133.376
762.091	401.304	81.687	136.716
766.999	402.613	78.127	137.060
773.223	401.797	71.941	138.566
780.195	400.548	65.148	141.891
786.058	400.522	63.149	141.023
793.351	400.378	64.221	140.867
799.439	401.293	66.891	140.427
802.027	400.328	74.807	139.478
803.038	400.387	80.756	138.724
804.281	402.577	84.361	140.297
807.448	405.960	88.165	138.843
815.463	407.728	89.713	137.803
821.632	407.325	89.035	138.130
831.697	407.601	82.217	137.553
837.155	407.005	78.473	137.847
840.509	406.608	76.494	138.353
846.445	405.598	74.183	137.740
849.743	406.442	76.389	132.731
861.332	406.571	68.585	129.476
864.767	406.717	66.496	132.325
870.207	407.995	57.073	134.397
874.953	407.987	56.652	134.111
877.641	409.431	55.519	133.147
879.772	410.554	56.499	133.725
883.811	412.521	59.202	131.382
882.933	412.357	59.418	131.444
886.154	412.717	62.721	127.641
889.092	412.513	64.749	125.726
896.243	412.322	60.084	122.387
897.699	411.574	60.212	128.191
905.643	410.435	54.155	126.523
909.741	408.511	49.739	131.247
913.210	406.119	45.813	131.358
918.947	406.857	41.053	133.205
920.854	406.744	39.146	131.779
920.899	406.284	37.916	129.360
922.272	408.667	37.728	128.540
924.337	406.378	33.770	129.395
927.376	408.302	31.499	125.002
927.042	407.604	30.928	126.595
929.366	410.068	27.955	125.468
929.407	410.843	27.824	121.090
929.058	414.694	27.300	119.439
924.417	423.051	30.619	112.684
928.001	419.128	29.125	114.792
921.584	427.508	32.826	113.111
924.854	425.565	31.556	111.963
922.518	424.448	34.625	109.422
922.059	424.588	35.279	113.341
921.178	426.039	36.114	114.782
922.282	431.397	34.600	112.111
924.774	427.523	32.415	112.778
923.085	426.592	34.948	111.050
926.096	425.234	31.211	112.007
924.795	424.718	32.269	111.496
922.851	424.082	34.195	107.864
923.645	421.191	32.990	111.885
923.293	424.841	33.831	110.510
925.327	420.416	32.045	108.484
926.672	421.141	30.510	110.221
924.851	423.764	32.696	105.881
925.747	422.091	31.453	106.872
925.084	422.732	31.829	104.353
924.935	420.746	31.685	105.356
923.412	421.718	33.251	103.602
922.755	420.330	33.947	102.893
924.170	419.472	32.697	103.992
924.482	421.157	32.371	104.025
923.693	419.549	33.096	103.092
925.446	419.017	31.528	104.651
925.531	419.231	32.098	101.535
924.672	421.832	31.662	100.509
924.546	418.817	32.008	101.213
927.868	422.222	29.470	104.425
925.056	419.774	32.349	100.427
927.530	424.310	29.959	106.373
924.903	419.987	32.280	98.982
928.897	420.160	28.751	103.298
926.310	420.595	30.743	99.108
928.290	418.147	29.129	100.317
925.856	417.833	29.438	100.057
928.642	416.990	29.003	102.840
924.112	418.614	29.335	101.469
930.539	421.117	26.557	101.857
925.665	417.957	29.728	101.532
930.779	414.946	27.316	103.091
922.052	412.505	30.247	88.184
930.337	418.792	25.875	97.228
928.621	416.738	29.282	98.318
927.094	417.349	26.339	96.024
931.180	415.921	26.051	96.032
927.122	416.447	28.712	90.744
930.597	417.475	26.942	96.735
927.071	415.226	29.026	95.401
931.017	415.365	27.008	96.184
928.586	412.181	28.145	94.499
930.326	404.215	26.410	92.031
931.081	411.825	27.404	90.842
929.016	404.516	27.330	86.627
934.820	408.100	23.385	93.024
924.590	399.710	29.117	89.476
930.050	414.480	29.950	106.771
809.154	410.682	29.535	120.607
771.420	406.317	68.035	125.971
769.828	409.203	71.976	128.026
772.201	407.910	70.418	130.512
776.993	410.494	65.940	127.657
780.215	410.047	63.914	125.127
783.665	409.458	60.006	126.494
787.494	413.239	60.430	125.467
794.101	417.100	58.842	126.866
797.515	418.530	64.644	131.426
799.353	423.899	67.814	128.202
801.563	424.656	75.029	127.833
807.225	427.212	76.288	126.739
810.563	428.370	79.858	125.090
814.538	430.748	82.936	125.570
