78.000	197.000	173.000	228.000
79.408	197.977	169.376	229.568
79.712	197.383	169.004	229.525
80.458	197.324	168.780	229.926
81.530	196.088	167.419	231.729
82.322	194.047	166.446	233.884
81.726	193.091	166.052	235.067
82.560	195.075	165.017	232.241
82.343	194.363	164.390	233.568
82.306	194.047	165.891	234.226
82.283	193.729	166.207	234.543
82.468	195.539	166.844	230.636
82.636	194.679	165.795	232.231
82.084	195.464	167.282	231.672
82.783	195.307	167.977	230.925
82.468	194.679	167.260	231.779
82.599	191.317	168.161	235.592
84.218	185.346	165.242	242.734
81.236	181.858	170.110	244.202
81.933	176.087	170.712	243.584
83.363	172.123	169.037	239.309
91.948	158.755	163.369	251.483
102.136	149.523	153.720	258.040
112.675	138.352	145.490	268.156
114.609	129.468	147.935	278.319
109.375	125.141	161.148	282.232
115.956	111.547	167.226	296.093
123.867	107.998	180.044	300.959
132.446	103.325	189.042	305.956
141.306	101.281	193.473	309.593
150.750	91.238	200.072	318.498
160.515	88.154	202.085	322.746
165.593	88.506	199.791	322.807
168.463	92.622	199.266	318.691
162.664	94.076	204.997	315.571
164.948	96.839	205.270	315.128
172.972	102.478	202.508	307.961
176.991	103.897	200.492	305.772
184.941	108.377	187.805	302.031
188.420	112.626	180.850	298.261
195.111	114.527	167.738	294.953
203.814	117.234	159.085	286.138
213.965	115.345	160.241	288.085
215.835	114.802	158.849	289.221
216.738	113.552	155.244	290.688
216.947	116.527	148.747	287.038
217.323	116.834	152.281	283.806
217.151	114.900	153.239	286.159
217.226	114.309	141.800	287.990
218.037	115.513	150.061	284.168
219.059	113.587	151.868	289.460
220.359	111.831	153.713	291.414
220.220	112.396	158.243	292.003
225.165	114.115	150.745	289.226
223.184	117.550	155.156	286.315
217.758	124.939	145.044	279.875
227.200	119.420	150.183	281.549
218.440	129.920	155.430	276.455
223.244	129.033	148.098	275.194
222.024	132.038	147.976	272.625
221.744	132.205	147.956	272.760
218.595	133.853	141.574	268.599
241.931	137.548	144.086	265.634
213.948	139.795	150.217	262.458
224.205	143.568	151.151	259.888
217.214	142.090	142.938	261.585
222.021	146.085	154.577	258.370
216.290	147.839	133.395	253.873
220.739	149.117	154.451	253.163
218.832	149.345	139.019	252.962
227.726	151.136	154.784	251.417
217.951	153.465	132.709	247.953
233.598	160.496	179.777	245.190
216.449	154.860	141.526	246.496
222.178	159.697	170.798	241.771
215.748	161.663	133.291	239.394
248.335	165.569	172.338	236.498
210.581	157.437	133.755	242.925
213.753	155.561	108.420	245.300
213.122	160.126	159.887	242.158
214.601	161.642	121.250	240.802
211.505	157.674	145.572	241.838
213.779	160.324	153.826	243.354
215.195	149.735	116.675	252.378
211.964	158.280	144.796	245.875
214.128	160.507	152.030	244.157
216.047	148.448	113.635	253.104
213.891	164.681	164.819	240.894
215.232	154.108	119.685	249.206
272.160	184.334	174.846	222.981
226.476	178.974	186.301	227.374
249.652	185.776	195.435	223.664
220.194	173.123	162.495	232.346
250.878	185.177	159.738	220.741
216.930	168.672	175.064	236.350
251.282	185.048	170.754	221.972
216.911	176.386	151.163	229.536
275.480	186.718	134.223	220.979
285.949	190.420	137.802	217.982
271.572	185.657	142.476	220.663
291.299	189.167	139.910	219.086
290.038	187.959	154.205	221.318
296.138	187.577	150.095	220.734
294.861	188.586	154.901	220.844
295.073	188.920	157.014	220.463
294.085	188.506	159.590	221.186
295.401	189.934	156.362	221.931
295.228	190.674	156.143	220.597
295.523	190.461	155.183	220.962
294.838	190.248	155.770	222.090
292.284	188.576	160.512	221.604
292.040	188.984	161.619	221.916
293.430	191.943	163.055	219.828
294.540	193.971	161.925	219.041
294.807	195.600	161.622	217.771
295.917	194.712	159.807	219.410
295.017	195.452	160.497	218.347
294.667	193.252	161.361	221.757
297.349	193.731	159.158	221.882
295.681	195.157	160.828	218.857
296.806	195.600	159.163	219.491
296.842	194.618	159.744	220.605
297.724	195.894	158.504	219.305
296.578	194.467	158.833	220.863
297.420	194.316	158.291	221.229
297.420	194.467	158.895	220.222
298.128	193.861	157.754	220.934
300.688	194.012	154.678	220.683
301.517	191.910	154.069	222.570
300.668	193.117	154.230	219.969
301.234	192.364	154.266	221.256
300.569	192.213	155.017	221.837
299.056	194.605	156.502	219.875
299.900	193.715	154.870	220.442
300.139	192.666	154.737	221.599
301.403	194.012	153.713	221.115
301.045	193.292	154.196	222.390
300.436	194.752	154.779	221.024
300.804	193.140	153.814	222.434
300.280	192.967	154.750	222.919
300.302	192.213	154.722	223.890
299.815	189.375	155.810	226.619
299.054	188.016	156.878	227.378
298.654	187.235	158.752	228.078
298.547	186.638	159.509	229.509
298.880	187.945	157.812	228.975
297.055	186.324	161.713	229.934
296.243	185.783	160.632	229.459
296.140	185.157	160.735	230.977
294.573	183.097	160.418	232.145
294.503	181.828	161.505	233.731
293.771	179.571	163.060	235.518
294.453	176.465	163.516	239.638
295.999	176.325	159.964	237.800
294.858	173.458	163.021	242.723
295.106	171.375	163.102	243.407
296.500	167.509	160.180	247.617
294.696	159.099	160.896	255.277
293.602	154.664	163.216	261.534
294.204	150.881	163.682	265.310
294.230	142.518	162.026	274.180
292.477	140.831	163.351	275.375
291.610	138.856	164.044	277.826
288.756	133.144	164.411	284.364
287.981	127.957	164.322	290.388
279.556	127.076	173.018	287.106
268.195	129.542	184.178	282.624
260.404	128.199	191.231	283.981
256.573	123.430	195.490	290.779
273.686	126.832	175.882	289.316
269.271	131.709	184.326	283.399
251.862	116.014	195.830	293.201
191.771	97.349	201.531	296.828
170.391	111.816	190.999	145.870
177.535	125.082	210.700	268.112
154.511	108.538	187.594	237.224
290.164	180.536	161.282	231.122
285.309	164.058	165.989	239.986
265.246	179.359	192.028	238.870
271.737	178.956	181.631	230.311
227.792	162.619	219.951	246.746
101.852	135.688	207.008	208.310
98.182	144.617	181.643	246.037
287.491	187.452	163.075	226.765
289.454	185.627	161.403	226.197
293.666	182.027	157.627	228.380
282.677	177.134	171.334	235.653
291.056	177.416	162.083	232.673
287.263	179.867	162.996	232.514
285.596	179.556	164.152	230.898
283.025	181.257	166.723	227.849
273.584	182.325	175.482	226.893
263.503	185.988	186.661	223.591
118.079	181.959	171.015	230.218
134.395	181.539	157.513	226.292
128.371	185.753	166.440	225.354
128.211	189.159	163.191	223.496
124.622	190.937	164.976	220.508
122.961	192.725	165.095	218.828
123.704	195.055	163.781	215.916
124.390	193.939	164.129	218.571
125.563	194.027	162.257	219.627
125.741	194.860	161.774	220.339
124.937	193.515	164.638	222.442
125.485	192.239	164.755	224.806
123.282	193.664	167.471	222.379
123.991	193.515	165.446	222.528
124.210	192.545	165.396	224.390
124.446	193.664	166.029	222.598
124.238	193.215	165.438	224.149
124.082	192.764	166.080	224.048
124.355	194.704	165.911	222.218
125.232	194.816	163.926	224.096
125.650	195.561	163.023	222.360
125.876	199.042	162.379	217.584
126.102	199.567	161.763	216.863
125.081	199.768	160.143	215.420
126.047	199.404	157.413	215.526
124.959	199.737	158.394	213.242
125.049	199.817	157.716	214.924
124.480	199.737	158.187	213.449
125.005	199.673	158.259	215.280
124.696	199.737	157.205	216.169
124.568	199.883	157.228	215.811
124.527	199.590	157.944	216.316
124.781	199.147	157.763	216.864
124.349	199.737	158.698	215.748
124.176	200.030	159.480	215.349
123.868	199.442	159.871	216.147
124.344	199.550	159.581	216.336
124.866	199.404	159.160	216.908
124.994	199.840	158.316	216.472
125.000	200.323	157.293	215.688
125.005	199.883	157.956	216.974
125.429	199.442	159.025	217.415
126.176	200.129	157.965	216.825
125.742	200.176	158.004	216.363
126.136	199.883	157.609	216.339
126.136	200.030	158.498	216.721
126.921	200.030	159.199	216.404
127.226	200.273	158.883	216.573
126.439	199.883	160.577	216.444
126.962	200.273	157.769	216.895
126.921	199.883	159.908	216.339
127.095	199.984	157.728	216.969
126.659	199.442	158.959	217.309
126.920	199.695	157.904	217.688
126.527	199.883	158.394	216.868
125.959	199.883	158.276	217.080
125.696	200.614	158.151	215.925
126.136	201.050	156.444	216.020
125.179	200.777	157.489	217.041
125.526	200.614	156.481	217.094
125.047	200.760	157.046	217.162
125.813	200.030	157.538	217.465
125.567	200.323	156.452	216.535
125.527	200.323	155.506	217.066
125.396	200.176	156.297	217.425
125.092	199.883	157.090	217.292
125.899	199.295	157.351	217.350
125.875	199.883	158.363	216.656
125.830	200.468	157.722	216.071
126.223	200.468	156.646	216.495
126.005	200.905	157.939	216.803
126.876	201.050	156.676	216.552
126.830	200.614	156.039	216.987
126.784	201.050	156.471	216.765
127.128	201.050	154.296	216.445
126.297	200.924	158.997	218.486
125.686	200.530	158.268	218.689
125.558	200.827	157.645	217.542
126.528	200.530	157.707	218.051
127.008	200.530	157.620	218.051
126.088	200.827	159.822	217.648
126.609	200.505	158.411	216.901
126.134	200.030	159.085	216.615
127.226	200.705	156.625	216.463
126.397	199.883	154.386	216.762
124.919	200.629	156.964	215.715
125.656	200.176	155.270	217.852
125.440	199.883	154.932	218.572
125.253	200.176	154.837	215.940
124.701	200.334	156.984	215.070
125.351	199.442	155.373	218.372
125.595	199.590	155.568	217.480
124.917	199.147	157.361	219.737
124.121	199.024	157.523	220.199
124.121	199.471	157.330	219.752
123.995	199.024	155.266	221.710
121.485	200.381	154.989	218.306
123.513	200.760	154.200	218.447
123.359	199.741	153.367	221.169
122.972	200.679	152.803	220.575
122.459	198.999	150.693	223.518
122.330	198.385	151.819	224.455
122.459	200.530	151.555	220.616
122.793	199.152	149.044	222.614
123.366	200.334	148.699	220.683
124.088	200.607	145.726	220.171
123.957	201.452	147.028	217.415
124.474	200.619	148.807	219.210
124.505	199.708	149.695	219.903
125.194	200.629	151.876	217.611
125.419	202.383	151.761	213.439
126.301	203.603	154.215	212.857
126.432	203.405	153.538	210.281
126.056	205.458	155.403	209.564
126.756	207.684	155.399	205.697
128.838	213.111	156.347	199.002
130.964	214.263	153.674	199.536
130.499	217.180	162.279	196.166
133.165	219.859	156.685	194.791
133.927	220.831	154.772	195.869
134.108	226.042	156.360	190.853
133.725	229.055	153.138	187.977
133.459	230.616	153.508	184.624
136.486	223.011	150.965	192.875
135.761	220.430	148.906	193.512
132.387	219.898	151.634	195.012
130.521	216.695	154.753	197.548
124.125	215.455	165.749	196.867
123.610	217.774	166.219	194.304
122.668	222.807	167.403	190.878
121.213	228.427	168.816	187.808
121.053	230.254	168.381	188.320
120.659	232.149	166.979	188.134
121.471	232.299	164.202	188.185
122.084	234.288	162.903	187.537
122.520	233.902	163.168	188.397
122.351	235.147	164.159	186.394
123.262	234.651	160.980	187.743
122.732	235.365	160.588	187.495
123.026	236.110	159.176	185.901
124.918	236.685	156.446	184.120
124.945	235.272	155.644	184.813
123.268	235.116	156.428	183.790
123.151	234.748	157.107	183.419
123.210	234.871	155.776	183.297
122.168	232.127	159.099	186.964
121.451	230.048	159.710	184.756
122.705	222.103	157.936	194.949
117.736	213.401	166.112	205.533
112.336	204.287	174.024	214.190
111.261	193.616	176.609	224.788
114.887	183.890	171.606	234.346
106.705	175.579	177.408	240.897
131.937	169.264	159.998	252.524
139.732	163.909	148.260	252.688
133.481	157.612	143.056	262.824
131.174	162.439	151.808	257.656
143.862	160.765	135.501	257.239
129.739	158.360	146.547	264.456
137.959	157.698	140.547	264.465
128.339	153.413	146.510	268.481
111.606	155.201	160.436	267.897
108.851	154.088	157.686	265.128
113.510	160.266	165.486	258.327
59.041	161.678	207.597	257.888
69.246	152.088	206.125	260.719
59.589	145.670	220.834	270.500
51.517	148.005	218.631	262.035
39.489	145.870	232.919	273.259
37.016	141.359	234.008	272.759
35.498	129.600	244.436	283.663
31.882	125.354	248.886	288.931
32.238	111.502	228.299	297.251
37.802	121.742	221.802	301.178
31.336	132.552	231.223	290.982
35.042	118.514	229.754	303.154
36.207	122.437	228.440	297.003
34.086	125.518	234.741	297.171
30.505	117.975	235.159	296.296
33.945	124.328	230.610	294.892
32.196	132.155	244.990	283.105
32.535	147.107	231.469	266.120
35.861	130.837	220.444	282.563
39.443	140.972	209.008	264.963
33.637	135.594	211.959	274.844
45.800	162.914	213.400	255.954
34.429	152.648	211.611	259.539
41.305	151.810	203.738	258.745
42.022	145.173	203.351	259.846
47.454	128.644	204.761	279.475
49.628	164.775	198.975	246.473
57.528	147.198	192.887	265.425
58.645	153.795	196.440	262.519
79.059	166.271	175.791	252.410
85.682	167.426	170.781	246.046
95.816	171.300	158.214	240.503
110.051	163.766	139.968	258.687
112.253	155.468	138.293	254.810
115.554	174.419	138.747	246.060
110.156	151.721	144.230	254.740
98.863	165.643	155.529	240.889
113.933	159.446	148.106	260.057
87.128	153.489	164.344	241.620
82.648	162.041	173.423	257.791
80.728	159.649	198.798	241.572
65.584	168.197	198.413	218.991
59.130	166.257	200.807	193.924
56.512	165.376	207.925	248.315
55.045	151.576	224.918	249.115
52.223	152.877	236.158	230.957
50.153	149.503	242.947	221.848
49.651	166.515	231.877	209.357
48.881	184.044	221.043	194.865
51.301	156.856	215.004	211.759
52.296	179.694	215.863	232.937
54.644	164.993	210.065	237.880
58.194	166.302	199.891	228.699
61.415	166.464	207.491	171.572
68.241	176.154	201.801	197.552
72.770	146.796	189.174	238.157
76.323	135.591	190.772	240.838
82.625	134.303	196.455	242.141
112.419	109.220	182.854	236.458
92.217	159.213	173.091	251.309
92.539	107.944	209.800	251.454
98.439	143.343	187.898	272.641
104.822	128.962	178.305	276.898
96.082	118.145	187.754	288.539
94.040	102.988	194.124	249.754
83.914	183.043	172.968	249.092
78.207	150.628	183.986	267.712
76.767	151.269	195.656	261.795
68.099	163.392	195.404	247.010
64.366	173.992	204.654	250.733
55.555	156.296	209.924	259.513
48.711	162.242	212.469	251.998
48.928	156.135	222.889	257.467
34.239	149.452	202.873	260.366
29.361	159.686	225.741	251.842
40.953	160.054	234.821	262.512
24.839	152.593	223.113	260.629
22.469	154.147	253.417	264.028
38.133	155.471	245.304	260.355
20.301	153.255	194.459	247.467
29.448	159.638	247.358	250.487
24.848	147.504	212.747	265.797
24.590	150.461	189.776	262.749
27.124	155.966	201.777	256.294
35.749	151.591	219.537	261.591
40.622	158.094	236.310	261.572
49.431	158.226	230.190	263.204
57.020	160.056	221.921	259.522
58.196	162.452	222.869	258.902
56.775	165.263	225.603	259.059
61.302	168.530	226.924	255.765
62.878	169.380	224.824	255.045
63.863	173.793	219.598	250.611
59.146	178.376	224.538	244.328
60.053	180.569	223.963	244.677
59.589	183.214	225.527	240.833
55.514	184.098	229.456	240.998
57.945	187.427	228.331	237.157
56.232	189.882	234.259	230.444
53.579	200.170	234.437	215.521
51.105	204.120	239.274	208.265
53.050	205.964	238.729	204.710
56.933	213.421	226.435	199.702
57.966	215.754	226.890	198.404
60.620	222.143	228.501	192.678
63.584	227.315	222.472	190.586
66.916	234.829	219.426	181.994
64.989	236.487	217.461	179.856
64.027	239.949	215.005	174.739
52.553	246.649	226.375	167.517
55.762	248.347	219.946	173.573
51.409	249.379	224.009	176.259
45.983	249.861	231.233	174.768
49.388	250.971	228.576	174.492
47.493	251.271	229.369	173.580
45.834	253.222	232.797	171.742
47.045	253.282	228.578	173.802
45.435	253.052	232.132	174.185
50.107	249.022	229.054	179.946
44.919	248.749	233.993	177.575
47.511	246.400	228.166	180.432
47.491	248.967	232.255	177.015
44.418	248.306	236.308	177.326
43.592	250.625	233.648	176.903
42.750	254.041	232.627	174.699
43.826	253.140	231.012	174.719
43.452	254.833	231.199	173.756
44.866	255.853	233.175	173.767
47.325	253.233	226.546	174.572
44.251	256.354	230.162	172.802
43.528	257.216	231.066	173.174
44.980	258.485	227.526	171.701
43.255	259.594	229.204	171.161
44.388	258.289	227.464	170.078
44.004	259.172	227.025	170.639
43.249	259.405	230.511	170.401
43.182	259.146	225.189	169.931
42.825	260.151	230.833	169.375
43.674	260.609	228.969	167.124
45.076	261.482	228.345	166.911
45.700	261.930	230.615	166.463
45.039	261.619	230.446	168.466
46.710	260.568	233.339	169.776
45.997	261.160	233.311	168.708
45.949	261.411	234.397	168.866
48.021	260.772	236.250	169.413
47.332	259.673	232.735	170.420
45.765	257.497	234.007	174.197
45.653	258.980	227.546	172.146
44.920	259.583	229.876	170.138
46.015	258.262	230.999	169.990
46.473	258.907	230.863	171.770
50.202	257.718	230.663	172.938
52.763	257.276	226.294	174.040
51.669	258.926	224.061	172.751
50.448	259.297	227.238	173.900
53.278	257.927	222.757	173.281
51.794	260.469	224.241	173.015
55.113	256.959	221.819	175.820
54.191	260.363	219.935	175.046
50.828	259.156	222.749	172.948
52.836	259.082	222.496	174.402
46.810	256.843	228.630	175.561
46.621	257.165	228.363	172.928
45.953	259.941	232.209	168.461
47.158	258.373	231.884	169.879
46.294	259.941	233.269	168.556
45.142	259.146	234.577	169.564
47.263	259.028	230.052	171.159
45.868	258.705	232.579	170.556
46.753	258.811	230.954	171.375
47.097	258.594	228.788	171.686
47.867	259.365	225.214	169.712
47.244	261.411	225.138	169.234
48.408	263.201	218.203	169.486
46.944	263.180	215.539	169.074
46.969	263.973	212.355	169.721
45.862	263.771	209.766	172.369
45.711	263.113	208.895	172.656
45.097	263.662	209.856	171.552
44.885	263.443	214.734	172.419
44.805	262.656	217.258	170.385
45.967	261.233	221.801	173.061
46.572	263.867	229.171	170.657
46.195	264.327	234.536	172.034
46.124	265.234	241.656	169.550
46.299	262.402	251.215	172.321
43.853	258.202	260.694	174.017
44.712	252.282	265.385	181.099
57.195	241.216	274.946	188.750
44.069	250.516	291.867	187.337
53.163	244.594	302.113	191.412
74.629	233.912	251.335	201.214
118.123	219.319	289.612	213.623
118.498	205.379	264.976	223.155
96.206	206.865	247.654	223.986
143.815	152.097	181.886	269.064
165.009	135.869	257.098	265.134
182.274	145.980	275.695	258.520
190.775	125.994	234.428	283.250
164.470	123.339	250.154	241.455
164.020	120.123	256.254	282.785
165.110	124.259	249.189	253.005
165.888	142.393	286.725	238.636
174.913	137.754	286.762	234.042
166.279	128.065	285.275	245.643
179.775	144.878	275.875	245.295
182.828	151.257	277.207	276.674
195.593	144.016	273.187	279.283
207.278	106.457	260.979	239.221
206.049	119.583	267.616	226.463
213.522	110.361	260.741	236.439
194.017	122.313	281.242	217.198
169.130	113.232	298.026	230.586
188.972	142.612	270.636	216.148
182.112	153.301	276.790	257.446
171.528	154.503	273.333	241.917
173.309	164.382	274.921	192.967
162.720	166.914	272.362	214.583
160.384	177.179	270.231	186.290
153.402	178.045	264.405	174.236
137.050	161.100	269.767	207.447
136.475	158.350	272.047	211.924
147.378	181.727	236.013	194.231
129.305	167.587	213.631	199.533
128.945	178.893	211.049	197.968
109.861	179.640	233.350	210.828
136.281	176.338	203.354	190.947
108.548	143.618	221.796	227.514
96.266	189.316	188.605	258.665
91.004	190.050	202.630	248.247
88.167	189.818	209.206	253.170
92.300	191.670	201.411	247.437
93.411	191.310	202.555	249.540
94.865	189.190	202.482	254.830
95.871	194.597	198.368	247.603
96.504	193.785	200.054	250.782
97.847	191.808	192.962	256.212
98.107	197.566	193.447	251.842
97.412	199.568	189.972	251.217
93.022	198.837	197.359	250.332
78.918	201.545	204.331	246.381
81.246	190.109	200.872	259.285
36.235	178.410	241.442	266.651
14.451	162.409	262.903	284.712
6.669	136.479	272.028	307.389
4.746	127.795	253.952	319.567
12.357	116.076	267.918	331.673
3.575	99.733	225.354	327.434
2.111	90.679	226.986	363.102
9.629	83.161	216.828	383.781
38.350	73.316	194.120	388.078
4.289	77.699	209.576	303.278
13.659	84.037	201.234	373.461
30.630	51.727	199.944	399.090
51.278	39.157	220.022	414.139
21.439	49.482	218.981	398.319
31.711	30.588	189.179	438.122
42.301	7.469	173.207	451.413
42.913	63.946	190.805	397.559
13.725	29.168	167.061	365.561
58.573	57.429	173.051	372.948
35.421	48.005	157.353	397.054
58.315	25.284	132.951	381.473
28.331	17.282	125.976	398.762
79.038	0.000	142.064	357.623
88.564	42.638	180.048	400.481
101.998	191.704	203.028	264.782
98.833	192.812	193.628	255.095
93.679	189.260	193.787	259.024
84.836	190.779	197.807	251.466
82.473	189.704	198.719	254.065
87.276	186.409	202.243	257.108
0.000	45.906	221.366	351.593
96.489	165.089	203.974	290.947
66.630	115.158	219.843	327.563
43.633	75.846	226.087	361.985
102.237	177.145	185.653	281.813
101.514	166.202	182.989	279.966
34.066	63.666	219.209	298.001
34.143	82.070	256.479	199.640
11.755	57.550	239.974	232.299
61.681	44.228	241.502	291.134
79.957	17.416	230.866	394.223
74.765	77.867	236.530	378.253
93.011	92.872	215.472	366.044
73.786	57.133	211.678	402.752
93.524	5.621	216.554	395.401
96.665	97.446	209.580	358.001
99.502	157.758	193.362	303.379
95.601	66.142	205.604	379.074
97.987	123.790	192.901	338.729
96.737	122.418	193.961	331.327
100.012	59.246	198.926	397.263
96.004	48.643	197.112	418.677
100.657	34.084	193.117	413.472
100.422	47.415	189.134	405.305
105.540	64.938	194.694	393.606
104.787	87.135	189.550	372.739
101.557	79.948	191.443	378.280
97.727	73.688	196.672	366.609
99.894	67.210	194.716	391.049
99.396	60.344	195.442	400.307
96.549	65.552	196.732	394.341
97.175	71.483	198.491	389.369
97.175	80.759	195.604	373.826
97.265	85.091	193.870	364.215
99.732	132.075	188.128	335.529
100.935	102.768	193.383	351.300
100.311	105.308	194.175	353.945
100.294	110.746	200.731	346.296
101.840	115.474	199.134	337.577
104.594	125.419	195.770	325.833
107.361	131.287	191.009	319.090
107.403	138.237	193.442	313.029
106.412	145.576	195.105	302.652
107.664	150.425	194.043	299.709
107.809	158.174	192.733	291.969
107.607	165.060	194.140	287.735
104.966	169.157	200.024	287.215
102.818	170.298	200.757	285.802
102.191	168.422	198.284	289.144
102.632	171.822	198.335	287.097
102.853	171.727	197.623	286.119
102.153	175.322	198.253	282.664
103.891	178.939	196.765	276.898
104.357	181.440	197.234	276.440
103.038	182.285	197.028	274.202
104.725	182.724	196.213	275.700
102.525	183.568	199.304	275.922
103.935	183.217	198.696	275.957
103.282	183.031	196.515	273.990
103.012	184.379	198.970	273.289
102.917	184.130	199.448	274.423
103.863	183.193	197.401	277.238
103.935	185.059	197.934	274.968
101.716	183.943	199.198	274.210
102.489	184.874	199.101	276.232
102.923	183.381	199.707	278.538
102.668	182.951	200.399	277.711
102.511	180.968	200.984	278.342
103.534	183.003	198.357	275.987
103.276	181.346	200.090	278.235
102.429	183.773	199.217	274.457
102.695	182.845	198.648	276.059
102.479	182.845	198.611	276.194
103.020	183.031	197.565	275.738
102.992	184.316	199.035	275.980
103.557	184.316	200.167	275.577
103.167	182.472	199.309	276.838
103.276	182.098	198.821	276.537
102.620	181.910	199.100	277.129
102.072	181.722	199.899	277.317
103.431	182.098	199.637	278.434
103.820	181.346	197.901	277.829
102.730	182.285	198.991	276.890
102.182	182.472	199.164	276.703
102.511	181.910	198.338	277.942
102.730	181.722	198.243	278.130
102.839	182.285	198.134	277.025
102.620	182.098	198.850	277.483
102.839	182.098	198.258	278.026
103.494	181.910	198.102	277.942
103.602	181.722	197.868	277.452
103.276	181.910	198.320	276.994
103.928	181.910	196.920	277.942
103.602	181.534	197.370	277.641
103.167	181.346	197.682	278.100
103.711	182.098	197.386	276.942
103.881	182.472	196.452	277.923
104.310	183.031	195.773	277.092
104.310	183.568	195.773	276.459
104.310	183.381	196.275	276.512
103.695	184.874	196.130	272.879
106.028	184.316	195.417	273.304
104.131	183.464	197.518	272.198
104.131	183.096	197.518	273.232
104.022	183.647	196.892	272.281
104.632	183.464	196.766	273.667
103.586	183.831	198.064	272.098
103.913	183.280	197.368	272.382
104.131	183.831	197.395	271.964
104.310	183.831	197.214	273.568
104.349	186.166	195.958	269.469
104.661	185.268	197.321	272.590
103.913	186.715	196.758	271.437
104.911	184.062	197.827	276.537
104.826	185.244	196.757	273.309
103.586	186.349	197.573	271.005
105.658	186.349	197.514	273.678
104.892	185.429	196.144	272.590
104.632	185.798	196.391	273.156
104.349	186.166	196.565	271.720
105.285	184.062	197.669	276.270
105.045	184.130	196.417	274.824
104.240	185.429	197.163	272.723
104.240	185.982	196.309	271.638
105.161	183.209	197.037	277.390
104.826	184.502	195.444	275.525
105.101	186.349	197.693	272.605
105.606	186.898	196.973	272.861
105.480	186.124	196.349	273.676
105.228	186.680	197.782	272.854
105.857	187.807	197.152	271.683
105.606	188.151	199.028	271.781
105.480	187.234	200.356	273.232
105.418	186.496	197.672	272.738
106.854	185.798	199.421	273.692
107.939	185.059	195.258	273.895
108.302	185.429	194.102	273.525
108.049	187.602	193.935	272.598
108.343	188.334	192.817	271.200
108.715	185.840	189.332	275.721
108.715	186.028	188.411	277.000
109.044	184.037	188.064	278.591
107.504	183.494	188.697	278.311
107.293	181.871	188.559	279.666
107.188	177.870	190.071	280.470
107.365	179.019	189.981	278.319
106.976	177.925	191.235	276.543
107.820	176.352	190.873	277.043
105.915	175.408	193.627	275.717
106.976	174.280	194.547	275.792
107.898	172.026	195.370	278.173
107.435	170.833	197.728	276.432
107.435	166.368	197.601	284.116
106.111	165.313	201.253	282.864
104.966	165.578	204.794	283.276
104.647	163.653	205.543	285.755
107.060	165.608	205.156	285.206
106.460	165.012	204.229	283.153
106.572	165.782	204.378	279.645
102.718	168.601	211.327	274.744
100.689	167.679	211.350	273.232
97.648	167.864	213.003	272.912
97.100	169.880	213.435	269.157
95.821	171.325	214.310	266.383
93.777	175.035	216.555	262.144
93.263	176.522	216.912	260.644
93.263	178.421	215.531	258.745
91.833	180.556	217.108	254.157
91.455	182.312	216.698	248.911
89.896	182.582	218.625	246.528
86.811	183.737	219.036	246.867
86.011	183.901	220.508	244.837
83.669	183.573	222.992	244.178
80.785	184.555	225.054	241.114
79.600	185.215	229.965	243.702
79.209	185.716	230.413	244.704
76.853	185.064	232.873	246.734
75.282	185.878	234.867	246.550
73.367	186.874	235.520	243.920
70.530	188.338	239.200	242.767
70.654	188.322	240.179	242.722
69.128	188.800	243.342	242.244
63.239	191.311	251.154	232.970
66.099	191.311	246.298	234.181
65.631	192.193	248.256	233.061
64.098	193.607	252.937	232.250
66.804	193.152	252.671	231.612
65.693	194.510	253.838	228.568
66.717	195.553	251.296	228.487
66.899	195.389	255.475	228.907
67.655	198.324	255.485	223.916
69.633	196.141	257.351	227.916
73.662	195.996	255.845	227.442
80.577	196.730	248.036	226.108
84.545	194.668	247.072	229.022
83.865	194.866	249.300	227.731
86.313	195.308	247.246	228.368
90.333	194.718	246.385	228.118
93.685	194.272	244.489	229.765
97.994	197.051	245.847	225.334
103.597	197.930	241.344	224.102
105.977	198.317	240.510	224.917
110.716	200.361	238.939	221.703
113.377	201.033	238.593	219.441
116.592	202.021	235.705	218.453
119.178	204.774	231.734	216.201
120.724	208.226	232.226	212.265
124.073	211.677	229.184	209.192
124.270	212.485	229.015	207.610
127.820	210.663	223.184	208.245
129.413	211.464	217.980	210.479
130.642	212.781	214.941	212.163
130.863	213.658	214.861	211.278
131.615	214.342	213.405	210.815
130.958	217.758	217.021	205.978
129.962	218.288	223.589	206.860
131.322	214.660	219.835	209.434
131.690	213.237	220.894	209.764
132.054	215.201	219.960	210.971
131.761	212.112	219.916	212.684
132.347	210.114	219.916	213.803
130.882	209.814	219.345	215.026
130.129	208.599	221.212	213.070
130.726	204.964	214.138	220.664
131.665	200.770	206.057	227.819
128.666	202.138	205.215	225.192
127.469	197.337	197.935	230.145
124.817	195.463	192.566	231.098
120.391	194.279	192.294	230.956
119.183	190.845	185.803	232.706
116.694	190.823	181.019	231.274
113.838	189.389	181.298	230.739
113.776	189.055	178.226	232.568
113.517	190.950	175.449	230.201
112.705	189.367	172.027	232.024
110.906	187.317	173.937	236.370
111.373	188.441	175.218	235.004
111.653	188.282	174.752	234.817
110.978	188.916	175.645	234.875
112.029	188.600	174.519	235.423
111.749	189.389	173.146	234.056
109.950	189.525	175.370	234.689
111.565	190.016	173.935	233.891
110.325	189.046	174.922	234.710
112.330	191.568	175.343	232.108
112.889	190.475	176.220	232.709
112.291	190.633	175.324	231.981
111.534	190.318	175.138	231.842
109.757	191.418	176.221	229.386
110.067	191.529	175.187	228.837
109.320	193.046	175.430	227.320
109.908	193.818	173.896	226.091
111.792	194.872	172.904	225.485
112.074	194.712	174.514	225.417
111.880	194.559	177.406	226.014
111.283	194.190	179.700	227.727
112.204	193.736	179.002	228.878
112.583	190.791	177.643	232.279
113.827	191.259	175.592	232.416
112.971	193.430	178.261	229.868
113.059	193.583	177.420	230.172
112.680	193.277	177.768	230.136
112.291	193.430	177.935	229.526
111.912	195.253	177.838	227.248
111.844	195.111	177.143	227.368
111.949	193.416	175.898	228.726
111.756	192.008	174.999	229.685
111.090	190.475	176.391	231.231
109.162	192.506	178.738	229.881
108.773	193.889	178.231	228.384
109.190	193.430	177.874	228.276
109.093	193.430	177.971	228.730
109.673	194.346	177.167	228.496
109.876	197.228	177.392	225.701
110.336	197.070	178.084	226.171
108.655	197.228	181.407	223.905
108.045	195.417	184.236	226.613
106.111	194.586	193.649	229.632
107.215	188.776	187.139	238.271
106.017	189.736	180.111	237.429
104.814	192.220	178.350	230.450
104.879	193.123	175.064	228.583
104.815	194.036	173.682	228.106
104.654	195.111	170.903	226.358
105.096	195.922	170.195	227.232
104.536	197.246	171.726	225.316
104.910	197.397	172.117	224.720
105.562	197.096	172.239	225.466
106.670	197.170	174.624	226.155
106.075	195.693	178.361	229.687
105.249	182.879	178.754	244.829
103.473	182.423	180.279	240.874
102.275	175.567	180.656	244.917
100.718	174.121	182.685	245.544
100.036	172.544	186.150	243.551
98.474	168.225	186.874	243.706
93.988	166.271	197.611	242.322
92.271	164.064	201.692	243.498
89.721	164.194	210.718	242.033
85.090	161.566	211.853	245.239
88.682	164.513	210.525	243.878
87.296	164.411	207.252	245.442
90.698	162.045	196.365	248.760
95.054	163.323	196.565	243.961
98.181	165.592	192.486	238.858
105.624	167.846	176.732	238.003
111.618	170.423	170.987	235.319
116.152	173.373	170.325	239.337
117.459	176.197	171.487	240.122
117.086	178.322	168.026	240.076
114.326	180.051	164.017	240.559
110.754	182.454	167.622	237.536
109.318	182.936	166.857	239.378
107.252	183.174	168.361	239.045
106.636	182.190	167.835	240.145
106.073	185.116	169.228	237.450
105.802	185.916	168.418	238.516
105.906	186.678	168.684	238.168
105.718	187.476	170.243	237.603
105.601	188.404	170.646	237.887
105.018	188.725	171.056	236.987
104.843	188.243	170.562	237.932
105.601	188.243	170.223	237.700
105.884	187.597	170.681	238.231
106.344	186.456	170.152	240.417
107.453	186.519	173.452	240.186
105.864	189.077	178.794	235.289
106.672	189.559	175.000	236.074
107.610	187.644	168.888	239.178
106.155	187.597	169.188	239.742
106.061	188.243	167.442	239.680
106.280	190.001	165.456	235.711
106.320	186.808	165.776	239.538
106.296	187.109	166.138	238.371
107.867	183.674	162.901	243.160
108.688	185.551	161.743	241.048
107.321	182.551	163.135	245.378
107.359	180.796	163.099	245.674
107.812	179.521	163.506	248.100
107.251	179.017	164.917	247.012
107.522	178.429	164.289	246.173
107.532	178.429	164.489	246.528
107.435	179.184	165.244	245.063
109.174	177.754	165.031	245.197
109.319	176.081	164.995	245.328
109.689	176.629	167.305	244.930
109.485	175.965	168.194	247.864
109.166	176.658	168.895	248.298
108.964	177.983	169.862	247.215
108.485	178.503	170.650	245.838
109.071	178.808	168.481	246.688
108.892	179.304	168.205	246.072
108.818	179.468	169.633	245.069
109.092	177.810	169.504	246.966
108.499	178.310	168.749	247.306
106.889	177.908	171.107	247.500
107.336	180.024	170.934	246.164
106.970	180.017	171.590	246.466
107.145	178.841	171.230	248.481
108.258	178.530	169.241	248.141
107.160	175.413	172.264	251.309
106.748	177.846	174.040	248.530
107.252	176.336	177.494	249.611
108.080	174.987	178.418	249.412
107.343	175.132	182.379	251.314
108.002	173.411	186.315	253.531
107.606	174.912	192.724	251.334
107.702	170.157	198.337	255.525
107.823	168.691	202.211	256.872
108.581	168.338	204.287	257.907
108.716	167.464	206.477	258.781
107.223	168.621	208.711	259.231
105.453	171.105	212.999	256.545
108.056	173.473	206.638	254.692
108.718	182.858	199.691	245.805
110.544	188.046	185.846	241.153
108.448	189.423	179.374	237.865
108.686	189.722	175.967	235.260
109.003	189.546	171.401	235.173
108.464	188.886	169.091	235.328
107.640	189.054	169.251	234.864
107.554	187.249	167.240	237.545
106.195	188.268	169.624	235.998
105.531	188.897	169.794	235.137
105.541	189.523	167.249	234.859
105.489	189.485	165.827	235.424
106.320	189.327	165.050	235.582
107.049	189.643	163.400	235.036
109.489	190.200	161.701	234.543
109.310	190.676	162.184	234.524
109.130	188.866	161.860	236.733
108.685	190.041	164.449	235.731
107.954	190.200	166.107	235.687
107.857	189.940	168.281	233.668
108.410	189.010	168.618	236.476
108.017	190.420	168.979	234.552
108.216	192.479	167.646	232.265
108.781	192.558	167.740	230.935
110.115	192.091	164.990	231.743
110.836	191.841	163.478	232.403
110.927	191.523	164.715	232.046
109.835	192.403	164.542	231.771
110.563	190.725	164.055	233.631
110.018	191.307	165.270	232.526
109.744	190.992	165.400	232.501
110.018	191.307	164.258	232.073
109.557	192.247	164.054	231.587
110.006	191.204	164.495	232.028
110.015	191.935	165.834	231.219
109.651	191.464	164.625	231.577
110.466	190.517	164.297	230.949
110.739	190.067	162.708	232.711
110.739	190.378	162.011	233.085
110.278	191.702	164.017	230.364
110.188	191.078	164.313	231.550
110.739	190.223	162.908	232.556
110.375	189.598	163.675	233.522
110.018	190.378	163.659	232.742
109.645	190.517	163.701	232.072
110.006	190.223	164.495	232.783
109.559	190.359	164.118	232.908
110.289	191.150	163.122	231.553
110.188	191.702	165.035	231.717
110.659	190.992	165.141	232.955
111.030	189.241	163.410	234.705
110.755	189.402	163.585	234.205
110.110	188.275	164.569	234.428
110.391	187.935	163.225	234.997
110.568	188.873	163.408	234.174
111.024	189.127	162.951	233.424
110.198	188.654	164.319	234.581
110.205	189.801	164.436	232.024
109.097	188.812	164.315	233.967
108.413	188.178	162.465	234.714
106.766	184.955	163.030	237.369
104.302	182.124	164.385	239.890
101.129	178.433	164.348	241.904
96.441	174.383	166.885	242.957
91.754	170.481	167.818	247.322
86.958	166.832	166.122	250.976
81.649	163.463	171.116	252.541
75.008	158.606	172.341	256.764
73.049	157.153	171.994	261.835
69.460	154.642	178.073	264.398
68.550	152.705	179.867	261.422
68.362	152.551	180.296	261.820
68.753	153.010	180.322	261.967
62.849	153.861	190.401	262.194
58.322	151.784	196.610	264.117
57.825	149.766	201.689	263.765
53.324	148.032	218.600	262.943
49.188	139.127	213.654	269.851
77.633	127.050	206.262	282.920
63.209	132.814	201.375	278.863
70.310	168.895	220.180	245.977
72.879	175.711	207.596	240.397
70.874	130.402	206.386	278.534
74.681	143.988	184.525	267.143
83.772	146.464	179.177	265.449
79.789	153.424	187.293	261.346
75.889	153.171	183.229	261.892
82.618	157.017	178.661	261.170
80.535	159.325	179.334	266.980
86.132	161.056	177.593	262.812
96.921	164.349	177.157	257.576
78.072	165.215	191.998	256.785
78.028	169.145	192.050	252.873
92.519	169.779	189.313	251.737
87.863	173.369	196.658	251.706
91.335	175.935	218.776	247.055
83.975	180.637	202.035	244.428
87.089	182.492	211.351	238.612
89.390	183.289	195.428	240.232
90.492	182.933	193.033	240.926
93.317	184.869	195.946	237.209
95.438	186.298	185.115	235.190
93.620	187.790	184.868	233.396
92.887	188.836	180.308	232.571
88.508	188.587	184.391	231.771
90.696	188.373	180.766	230.719
87.257	190.446	183.929	228.997
90.325	189.521	179.206	229.126
87.668	189.514	181.801	229.605
86.494	189.830	183.279	228.250
86.295	191.058	183.827	227.022
86.743	192.944	180.403	225.718
83.693	193.347	179.738	223.982
83.172	195.425	178.546	221.792
82.160	192.905	179.278	224.335
81.077	195.278	177.875	221.828
81.769	195.916	178.293	221.324
81.529	196.212	178.301	220.697
81.195	193.641	178.638	223.078
80.654	196.801	178.611	219.668
81.530	194.559	179.002	222.050
80.222	196.507	178.033	219.962
80.335	196.671	177.903	220.047
79.854	195.772	178.045	220.947
80.239	195.321	176.764	221.698
80.481	194.864	177.984	222.072
81.769	195.172	177.378	221.078
82.576	194.622	176.915	221.977
83.753	195.321	179.389	220.490
82.205	195.767	179.019	220.702
82.016	196.064	179.639	219.857
82.696	196.360	178.397	219.452
82.793	194.864	180.116	220.985
82.693	195.916	177.869	220.224
81.923	196.072	180.179	220.211
81.867	196.948	177.695	219.851
81.295	196.372	178.988	220.673
81.817	196.360	175.876	220.991
80.767	195.621	176.790	221.534
80.719	194.559	177.860	223.252
82.390	194.722	174.861	223.625
80.957	194.712	178.077	224.089
82.535	195.172	174.838	223.843
81.148	195.016	176.419	223.564
82.816	194.722	173.547	224.516
81.768	195.016	175.347	224.226
81.435	195.167	176.468	223.523
83.006	195.767	173.031	223.136
83.173	195.772	172.925	223.692
82.569	195.621	173.871	224.064
82.337	195.319	174.889	223.371
81.768	194.712	175.794	223.978
83.195	195.470	172.517	223.433
82.705	195.621	174.850	223.400
81.530	195.167	176.148	223.083
81.912	194.864	175.210	223.496
82.292	194.712	175.052	223.868
82.292	194.254	174.830	224.546
82.576	195.167	175.890	222.973
82.531	194.712	174.379	224.420
82.766	194.559	174.579	224.021
82.576	195.167	175.439	223.633
82.246	195.470	175.550	223.220
81.721	195.319	176.632	223.371
82.436	195.321	171.992	224.364
81.052	195.772	174.705	223.029
80.815	196.222	176.063	222.358
81.006	195.772	177.006	223.029
82.151	194.864	175.423	224.489
82.436	194.712	175.138	224.751
82.151	195.621	175.201	223.842
81.912	195.167	175.100	223.854
82.482	194.712	174.530	224.641
82.576	195.167	174.991	224.517
81.960	195.772	175.503	223.581
82.671	195.167	173.679	224.185
82.809	195.016	173.861	224.116
82.714	195.167	173.956	224.185
82.337	195.470	174.555	223.662
81.958	194.712	174.271	224.973
82.387	194.864	174.625	224.821
82.671	194.559	174.009	225.458
82.482	195.772	174.199	223.581
82.431	195.621	173.798	223.732
82.097	195.470	173.791	223.993
81.813	195.167	174.074	224.407
82.242	195.319	174.650	223.813
82.526	194.864	174.366	224.710
82.576	194.559	173.337	225.236
82.809	194.559	172.982	225.236
82.147	195.319	174.192	223.813
81.863	195.016	173.819	224.337
82.380	194.864	173.617	224.599
82.147	194.864	173.316	224.489
82.003	195.621	174.326	223.511
81.624	195.016	174.154	224.447
83.091	194.254	172.481	225.541
82.337	194.559	173.345	225.014
82.526	195.319	173.703	223.923
81.624	194.864	174.705	224.710
83.332	194.864	172.909	224.932
82.242	195.167	173.439	224.628
82.286	195.621	173.932	223.732
81.813	195.772	173.527	223.692
81.574	195.470	173.534	224.326
81.290	195.621	173.491	223.953
81.952	196.072	173.594	223.280
81.574	196.072	173.315	223.502
82.371	195.621	172.723	223.511
82.090	195.621	172.459	223.953
82.559	196.072	171.989	223.170
80.909	197.697	175.736	221.113
81.858	197.996	174.351	221.033
81.336	198.442	173.104	220.695
81.467	198.145	172.932	220.774
80.998	198.442	173.621	220.368
80.810	197.846	174.142	221.182
80.625	197.846	174.679	221.292
81.003	197.996	174.634	220.814
80.245	197.846	175.169	221.292
81.147	197.697	174.832	221.441
80.957	197.697	174.578	221.223
80.909	197.547	175.399	221.482
81.858	196.945	174.909	222.631
83.507	195.016	172.270	225.002
82.663	196.072	172.677	224.501
82.235	196.969	173.311	222.163
81.336	198.442	175.089	220.805
81.052	199.035	174.705	219.775
80.765	199.182	174.641	219.191
80.716	199.624	174.907	217.881
80.760	199.445	178.089	218.084
80.866	196.492	177.267	220.473
80.910	197.562	176.093	219.265
80.957	196.036	176.256	221.144
81.149	194.559	175.402	222.814
81.719	190.517	172.971	226.528
81.578	184.745	173.130	234.766
78.356	178.929	179.943	240.304
78.137	173.970	178.430	245.742
76.945	172.087	183.785	248.477
76.791	169.055	183.982	252.936
77.429	167.412	179.035	254.608
79.186	164.758	179.076	254.790
77.852	162.338	176.712	255.568
75.225	158.125	176.211	256.708
70.264	153.415	179.332	255.184
67.659	148.141	186.603	254.235
68.258	138.750	195.473	262.661
74.704	133.103	198.805	269.829
80.479	125.653	204.054	279.159
88.893	117.486	195.631	290.164
106.252	106.299	179.858	302.651
116.815	93.704	173.397	312.581
124.447	89.322	163.942	316.356
125.775	85.424	166.172	320.666
133.617	80.394	159.058	323.934
138.935	73.039	156.148	331.676
142.519	67.756	157.700	337.347
148.467	62.696	155.341	343.328
151.762	58.073	155.270	348.220
152.691	53.844	159.833	353.090
154.158	48.853	162.830	357.457
158.908	46.604	162.513	358.889
162.179	44.070	164.860	361.199
166.116	44.233	172.807	361.521
168.823	42.417	177.411	364.213
176.282	40.618	179.925	366.670
187.606	41.872	188.129	362.852
189.554	46.750	218.487	351.781
207.126	41.236	202.416	362.425
212.180	48.700	204.704	352.931
217.239	48.200	199.071	355.902
228.235	52.511	189.609	350.587
227.638	56.156	188.582	348.722
228.019	61.241	189.724	340.327
227.791	65.077	192.993	334.877
230.488	65.880	191.763	333.287
233.001	68.378	190.423	329.536
232.586	69.757	191.491	329.325
237.995	68.479	188.888	331.862
242.559	68.479	188.624	331.637
243.403	68.138	188.049	335.834
247.704	69.263	184.841	333.812
246.435	68.322	185.302	333.450
246.209	70.304	185.423	332.966
249.517	70.055	181.861	332.056
247.533	70.170	182.944	330.054
248.857	66.737	181.831	331.357
246.749	71.920	183.623	327.430
248.260	72.331	179.247	330.971
248.533	72.769	179.605	330.454
250.452	76.141	179.688	326.289
251.283	84.514	179.958	315.863
253.865	86.080	174.587	313.512
253.768	87.103	175.142	313.581
255.419	87.252	172.280	313.710
254.081	88.133	173.417	312.937
251.964	91.480	174.337	309.375
242.965	93.049	182.135	303.694
239.424	94.735	183.184	302.068
239.320	96.057	185.761	299.450
240.127	97.367	185.060	300.738
235.999	97.494	191.046	302.481
231.156	97.662	197.088	301.577
230.818	96.330	199.443	302.168
236.636	95.231	193.130	306.022
237.803	97.282	194.859	301.338
241.185	96.873	191.626	302.775
240.470	98.831	189.585	299.953
240.411	99.396	190.774	299.124
242.203	100.427	189.588	297.667
243.290	100.646	188.306	298.573
244.024	100.646	189.487	299.434
242.188	102.973	193.463	297.828
242.511	104.378	194.112	296.567
244.543	104.923	193.065	294.941
245.058	105.537	194.239	295.121
244.358	106.938	197.844	293.862
242.486	108.807	201.352	293.193
243.652	108.811	200.707	293.722
244.281	107.809	201.748	294.297
244.949	109.210	201.333	293.039
245.392	112.356	199.506	289.466
249.373	112.540	197.529	288.327
253.233	116.587	192.389	284.568
256.900	122.241	187.210	276.463
257.733	125.367	186.765	273.095
258.171	129.974	185.520	267.584
257.074	131.920	189.425	265.327
261.527	133.171	182.854	265.241
262.734	137.613	179.984	261.989
262.372	143.181	178.760	257.729
260.900	144.702	177.426	254.590
258.914	148.401	176.098	249.447
256.567	152.952	170.452	245.442
253.672	158.804	170.696	238.774
249.494	164.558	175.439	232.513
247.677	169.386	177.602	229.795
244.572	174.944	182.203	225.335
244.375	178.106	180.790	223.418
244.333	178.416	183.860	223.140
243.191	180.317	183.120	222.216
242.783	183.130	184.745	218.758
244.789	186.463	183.530	215.016
245.385	188.901	183.335	213.156
244.332	190.610	184.556	212.664
245.578	192.291	184.362	211.675
245.213	194.252	183.676	211.125
245.297	192.810	182.039	212.470
244.624	193.974	183.433	211.403
245.297	195.631	182.039	209.649
246.945	195.074	182.588	209.888
250.630	193.807	179.387	210.837
250.941	194.372	179.813	210.272
251.504	194.591	179.612	209.237
253.386	193.343	176.689	209.471
250.815	193.484	179.540	209.539
252.451	192.694	177.043	209.039
253.572	193.088	175.347	207.389
255.336	193.503	174.073	207.286
255.338	190.880	174.117	210.675
257.273	189.697	172.625	211.406
255.227	187.807	174.852	213.819
255.619	184.787	175.542	216.565
259.074	181.755	175.634	219.135
262.263	178.973	176.899	222.318
263.347	175.067	178.450	224.005
267.265	171.144	177.268	227.273
272.272	163.734	176.856	232.101
274.577	159.927	178.411	235.998
277.026	158.467	179.817	239.597
280.565	152.207	181.773	243.625
282.506	147.197	182.488	249.784
285.388	142.341	185.284	254.288
288.028	137.661	184.923	261.352
288.998	134.129	184.643	263.208
293.457	131.545	184.079	266.129
300.863	127.343	183.935	274.209
307.827	120.997	185.127	285.854
310.841	124.193	182.136	286.180
316.208	122.383	163.369	287.925
321.259	121.160	155.151	291.618
325.651	118.190	145.347	296.477
329.231	122.510	154.112	299.696
332.292	126.169	159.940	296.690
332.875	127.330	161.141	298.519
340.729	126.775	154.772	301.975
346.742	127.277	156.920	301.203
357.625	123.180	158.528	306.422
368.900	121.248	152.242	315.036
375.054	122.809	157.073	311.060
382.048	123.774	161.470	310.253
390.240	121.740	157.684	313.153
400.262	128.027	165.165	306.872
407.946	126.119	186.360	315.367
