551.000	302.000	50.000	144.000
547.383	302.369	50.654	142.132
545.621	301.758	51.874	141.219
545.631	300.193	49.405	140.418
544.139	299.420	49.062	132.389
541.341	297.289	49.761	133.455
538.869	296.717	49.078	134.733
536.907	295.324	46.427	136.368
534.626	292.771	47.394	137.855
530.008	290.112	47.979	135.938
527.033	288.905	47.914	134.170
522.677	287.585	49.586	134.645
519.481	285.787	50.114	136.094
516.320	284.172	50.177	137.432
512.014	282.577	51.659	134.514
510.822	281.681	48.315	128.680
509.075	281.493	46.462	129.938
507.001	280.186	44.605	130.453
504.424	280.163	44.180	129.486
500.210	277.501	45.558	127.771
498.511	275.807	45.981	126.974
495.888	275.277	46.894	126.723
493.835	275.099	48.492	125.235
491.792	273.218	49.406	126.676
491.940	270.544	47.754	122.428
490.278	268.873	47.846	120.376
488.277	267.043	46.644	122.437
483.683	265.307	47.467	124.149
480.531	262.835	46.261	125.803
476.939	259.553	45.268	125.171
473.765	258.624	44.459	123.183
470.345	257.582	46.749	124.317
466.222	259.036	49.071	121.397
463.401	258.826	49.636	120.408
461.899	259.214	48.738	116.727
460.906	256.818	46.151	113.297
458.756	254.832	45.736	117.344
457.320	253.974	45.398	118.186
456.323	254.146	43.334	115.593
454.586	252.714	41.789	115.654
452.267	247.306	42.963	117.970
450.942	244.882	43.284	120.210
449.451	243.375	44.348	121.320
447.982	243.848	44.934	121.014
446.273	245.112	46.152	117.632
445.056	243.714	45.262	113.662
445.146	243.114	42.456	111.705
443.907	241.964	41.152	113.333
441.794	240.897	40.641	113.996
439.502	240.295	39.804	114.003
437.075	237.505	40.699	111.303
435.034	234.629	41.212	114.504
433.129	233.960	41.907	114.652
432.824	234.363	41.686	113.665
433.678	233.364	40.740	112.989
433.101	231.571	41.033	109.582
432.701	230.750	40.277	108.619
431.609	229.733	39.670	110.891
430.739	228.794	38.447	111.437
428.355	228.596	37.920	109.774
426.137	226.536	38.733	108.120
424.664	224.800	38.693	109.254
423.609	224.162	38.647	109.555
422.555	223.672	39.619	108.473
422.657	222.457	38.260	108.520
422.338	220.899	37.746	105.945
421.327	219.787	38.151	105.973
419.698	217.723	37.920	108.854
416.919	217.292	38.635	107.889
414.926	216.890	37.472	107.339
411.700	215.719	37.940	106.474
409.417	214.483	38.995	105.984
407.905	213.673	39.364	105.822
406.464	214.243	39.367	103.402
405.777	213.809	38.610	103.639
404.015	212.805	38.063	102.857
389.671	231.784	49.962	110.875
381.237	221.753	58.693	128.678
400.297	241.995	64.139	142.903
382.408	189.291	63.842	133.431
372.387	232.563	70.608	146.818
394.162	197.893	51.762	126.916
406.903	201.533	38.818	98.659
395.851	204.146	36.031	99.172
395.039	204.648	35.996	100.391
395.884	202.788	34.152	97.124
395.429	200.956	34.057	98.447
393.970	199.992	34.775	99.973
392.338	200.133	35.335	99.561
389.025	199.789	36.346	99.947
386.505	197.657	37.207	99.079
383.528	196.565	39.183	96.979
382.021	195.216	38.512	99.011
381.495	194.148	38.584	97.130
379.853	193.238	38.392	99.153
379.235	193.295	36.654	93.359
377.475	193.511	35.827	94.099
374.371	193.838	35.877	92.154
370.296	193.919	37.005	92.488
366.798	192.545	37.674	92.399
364.732	191.673	37.677	93.917
362.156	190.594	37.769	94.101
360.438	189.922	36.192	93.352
358.524	189.838	36.060	93.578
356.961	188.208	35.822	94.284
354.749	187.108	36.396	90.997
352.676	188.118	36.223	90.197
350.790	186.876	35.404	91.035
347.379	186.289	36.334	93.376
343.343	185.161	38.672	92.782
340.640	184.345	38.715	91.889
337.887	182.364	37.040	92.828
335.278	182.727	37.141	91.597
333.616	181.525	36.401	91.960
330.924	180.943	36.724	92.110
328.893	180.326	35.919	88.365
327.378	179.362	35.145	91.185
325.589	179.972	34.728	90.184
322.996	180.145	34.476	88.406
321.880	179.317	32.845	89.323
319.728	178.348	33.144	89.059
317.365	178.094	34.395	87.919
315.880	177.920	34.968	86.664
315.393	177.176	34.403	86.656
314.261	175.933	34.849	87.364
313.954	173.844	33.898	85.920
313.072	172.484	33.383	88.491
311.962	171.844	33.444	87.809
310.698	171.980	33.246	88.175
309.102	171.371	32.913	87.602
308.246	171.463	32.551	85.691
307.284	171.336	32.455	84.877
306.206	171.112	32.097	85.238
305.624	172.217	32.085	82.884
304.563	172.129	32.771	82.703
304.450	170.987	31.820	83.831
304.003	170.394	31.637	81.036
303.794	169.403	30.796	81.818
303.714	169.148	29.945	81.634
302.973	168.121	28.068	82.603
301.643	166.649	28.669	83.756
301.452	166.374	28.564	83.586
300.719	166.320	28.627	82.661
300.976	165.461	28.898	82.316
300.229	165.890	30.318	81.324
301.665	165.922	29.881	79.638
302.286	164.015	30.131	79.451
302.135	163.223	30.923	80.163
301.916	163.604	31.137	80.266
301.725	162.836	30.871	79.810
300.774	161.301	31.610	80.823
300.432	159.576	31.373	80.336
299.884	159.186	31.497	81.148
299.794	159.681	31.556	80.246
300.520	160.467	32.100	80.051
302.216	159.114	30.183	79.180
302.879	158.879	31.158	76.961
303.815	156.409	29.884	79.239
304.090	156.127	30.140	79.150
304.990	156.017	29.529	78.273
305.863	155.741	29.154	78.007
306.283	154.934	29.113	76.972
307.196	154.534	29.369	78.300
308.572	153.986	29.471	77.936
310.326	153.912	29.339	78.592
311.711	152.877	29.504	77.750
313.633	152.035	30.190	76.283
314.456	151.322	30.073	77.395
316.185	151.339	29.323	77.988
316.809	151.366	28.600	77.120
317.519	150.376	27.721	76.235
317.915	150.273	26.851	73.501
318.818	149.811	26.886	76.056
319.463	149.722	27.864	75.864
320.056	150.155	28.041	75.113
321.242	150.399	28.556	74.248
322.151	149.642	28.932	75.362
323.174	148.720	29.390	74.814
324.491	148.060	28.681	74.507
325.198	148.242	27.772	73.305
325.078	148.432	27.846	72.666
325.216	147.176	27.090	72.822
325.495	146.037	27.787	71.218
326.441	145.585	27.462	72.476
327.011	146.067	27.547	70.679
328.271	146.780	27.402	68.445
330.330	145.470	27.298	70.373
331.204	144.785	28.841	70.185
332.836	143.284	29.025	71.209
333.928	142.819	28.187	71.118
335.124	141.995	28.073	71.385
336.201	141.672	28.212	72.006
337.293	140.282	28.094	68.811
339.017	138.628	26.697	72.216
341.159	136.720	25.650	75.463
342.968	137.862	25.336	74.209
344.602	137.593	26.967	73.622
347.382	137.030	26.676	71.349
349.690	136.852	28.111	68.445
351.736	137.570	30.349	67.160
353.935	138.087	30.441	68.009
355.579	135.710	29.680	68.094
360.896	135.763	26.624	70.256
363.346	133.727	26.701	68.956
366.758	134.278	26.062	71.471
369.924	134.321	27.582	72.559
373.887	133.989	28.513	72.687
377.184	133.757	28.915	70.128
379.208	132.685	29.691	69.313
381.006	131.960	31.233	69.660
383.062	129.778	31.293	71.480
385.566	129.918	29.506	67.758
387.769	127.703	27.344	69.173
391.166	129.133	25.954	65.682
395.058	130.189	24.168	63.079
398.329	129.063	24.660	62.424
402.253	128.327	24.717	61.901
405.727	127.065	25.529	62.627
406.689	127.176	27.689	60.142
410.202	126.822	25.772	62.291
410.589	126.400	26.305	60.795
412.934	124.668	25.558	61.983
414.224	123.623	25.920	61.836
416.187	124.078	25.371	61.554
417.581	122.867	25.663	62.807
420.394	122.215	25.758	63.744
421.753	121.466	26.350	63.032
424.181	119.467	26.787	64.883
426.466	117.598	26.598	67.583
427.854	117.706	27.037	65.557
428.651	117.421	26.880	65.101
429.735	116.114	27.625	68.803
430.900	115.441	27.271	67.796
431.294	114.746	27.852	66.304
432.949	114.315	27.162	67.434
434.289	114.560	27.700	65.609
435.762	115.037	27.378	64.891
438.164	114.625	26.274	64.692
440.291	113.251	26.482	64.878
442.496	112.598	26.623	65.545
443.433	111.776	27.003	65.142
444.799	111.711	27.144	64.964
445.576	111.770	26.629	64.217
447.395	110.823	27.012	63.456
448.928	109.297	27.672	64.776
450.780	108.559	26.376	64.793
452.426	108.368	27.611	65.899
454.134	107.042	27.325	66.478
455.905	105.606	27.316	65.908
458.848	106.428	27.976	67.543
459.932	107.712	27.120	66.106
459.888	106.233	27.305	69.400
459.947	104.738	26.958	69.436
457.773	125.761	29.614	69.729
460.291	149.612	27.632	65.256
460.003	148.761	26.141	65.374
459.215	149.210	26.046	70.003
459.278	144.836	25.787	80.429
458.557	146.357	26.819	71.943
457.935	145.480	27.127	73.351
457.602	146.582	27.054	70.764
458.304	145.298	26.136	70.704
457.084	145.413	26.561	64.264
456.832	145.380	24.611	67.110
456.236	140.873	24.932	72.306
455.146	142.526	25.965	78.418
454.286	144.138	28.419	80.301
453.261	142.396	29.554	81.165
453.073	140.866	30.505	86.099
452.318	142.540	28.994	85.165
453.597	142.634	27.410	81.651
452.197	137.606	28.742	82.445
452.995	136.658	28.492	84.358
451.714	140.335	27.997	76.297
451.737	142.416	29.817	77.562
449.413	143.645	28.085	77.285
448.207	138.097	27.947	80.855
450.314	144.765	30.577	84.485
449.351	150.826	29.514	77.613
448.390	143.361	27.037	78.186
447.716	141.048	28.647	80.692
447.306	142.473	27.873	78.088
447.588	147.229	28.829	73.536
446.075	148.658	29.139	74.225
446.534	147.837	27.586	74.048
447.894	149.692	25.641	73.262
447.301	150.169	26.518	71.567
441.138	139.793	29.336	78.690
440.894	137.902	25.651	75.468
439.859	139.450	25.643	73.760
439.052	139.601	25.631	75.326
437.281	137.361	26.833	66.818
435.650	138.339	27.404	61.754
435.422	138.226	24.591	60.661
432.837	138.814	24.160	62.453
431.772	137.418	25.302	63.545
429.961	137.325	25.298	61.756
429.030	138.020	25.065	60.478
429.093	137.941	25.023	59.520
429.303	135.967	24.358	60.175
429.340	137.615	23.563	54.580
428.491	137.223	24.328	56.057
427.819	136.929	23.749	57.841
425.407	135.748	25.270	57.734
424.626	134.866	24.353	56.732
423.350	134.192	24.116	55.907
422.590	133.955	23.642	59.330
422.989	132.331	24.418	58.928
423.483	132.825	23.980	65.358
421.177	131.663	25.145	61.847
421.678	132.376	22.728	65.458
433.799	137.769	26.283	72.537
433.958	137.082	26.206	66.909
418.345	131.379	24.679	66.156
433.321	133.634	25.453	73.093
415.068	130.178	25.917	67.783
420.342	131.039	31.810	63.164
414.095	131.541	30.670	66.502
415.336	130.121	25.638	61.178
415.455	130.648	22.262	62.042
413.931	132.262	21.593	56.189
425.397	134.959	26.685	62.906
420.705	132.242	28.822	66.741
415.068	131.113	29.811	68.737
413.452	130.541	29.340	65.144
414.504	130.327	26.367	64.730
415.125	131.836	25.069	59.427
415.767	130.415	24.800	60.343
414.580	129.051	24.752	58.054
413.721	129.982	21.137	62.474
410.845	130.892	25.136	57.265
408.375	129.977	27.820	59.090
406.317	131.995	25.374	59.752
405.759	130.476	25.351	58.763
403.940	131.410	25.054	57.324
402.851	130.259	23.716	57.673
400.734	131.837	23.358	55.235
399.302	130.880	23.130	54.973
395.569	132.877	25.093	52.774
393.490	131.713	25.372	56.265
392.667	131.529	26.263	55.022
391.572	131.932	26.347	57.442
391.851	131.875	24.314	56.145
391.410	129.421	23.755	58.529
391.502	130.123	23.604	57.258
391.078	130.233	22.224	59.328
389.618	130.477	22.271	59.583
388.258	130.399	22.452	59.412
386.248	130.639	24.117	58.745
385.042	130.790	24.487	59.824
384.540	131.274	25.243	58.706
384.519	131.594	25.534	57.301
384.505	130.643	25.455	57.775
384.478	129.139	24.709	60.551
383.803	129.135	24.558	59.747
383.451	130.233	24.070	56.429
382.371	128.833	24.342	57.617
381.976	128.957	24.541	58.266
381.814	129.055	24.626	58.101
380.913	128.923	24.954	59.859
381.248	129.493	25.504	59.862
380.920	127.707	24.993	61.417
380.863	128.224	27.559	60.433
381.392	127.666	25.802	62.073
379.648	126.132	25.150	61.455
379.115	126.555	24.768	59.629
378.204	126.816	24.129	60.383
377.370	125.871	24.768	59.606
376.624	126.113	25.047	61.554
377.239	127.459	25.269	58.809
377.972	127.249	23.789	57.264
378.078	125.448	24.900	59.718
379.177	125.694	25.563	58.208
378.464	126.688	24.526	59.918
378.278	126.816	23.555	58.982
376.849	124.827	24.465	60.833
375.792	126.253	25.976	58.388
375.465	125.924	25.590	58.554
401.159	128.631	30.570	57.437
396.279	124.090	29.301	64.842
397.709	121.861	28.132	65.295
386.492	122.869	29.720	64.499
377.889	122.993	23.795	64.309
378.147	124.981	23.355	63.244
377.052	124.907	24.038	62.021
376.310	123.764	25.693	61.247
376.258	124.212	27.928	60.836
377.826	125.039	29.393	62.467
378.540	122.428	28.410	67.365
379.868	121.345	32.172	68.078
380.123	120.804	31.341	67.839
381.136	121.857	29.463	66.766
381.480	124.515	30.328	63.661
382.042	120.510	29.494	64.351
381.011	120.002	28.359	66.321
383.820	120.683	26.505	67.333
385.259	119.453	23.919	68.028
386.626	120.915	24.393	64.201
386.824	121.421	26.504	61.705
388.748	119.680	24.370	61.569
391.511	117.762	24.652	63.356
392.540	118.143	23.371	59.779
393.141	117.596	22.476	56.677
394.308	117.397	21.903	56.481
394.061	114.747	21.395	56.570
393.202	117.194	22.366	55.600
393.948	117.874	22.663	54.602
395.222	117.382	22.923	56.807
396.147	117.253	28.424	58.894
393.360	118.779	26.040	55.772
395.951	120.161	25.642	63.438
384.546	117.793	29.568	64.567
420.217	133.018	25.217	59.083
421.763	131.547	23.020	58.083
418.589	131.693	24.311	56.506
413.934	125.690	28.260	63.234
412.633	126.686	34.123	62.594
383.267	118.859	27.908	64.535
387.114	118.017	24.830	66.044
419.694	130.343	25.468	59.759
414.713	128.042	29.127	60.325
412.012	127.680	27.485	61.633
412.868	131.311	27.620	58.003
418.174	128.508	21.580	61.252
414.408	123.385	25.260	64.243
415.162	128.855	26.795	63.208
412.073	122.930	27.347	64.756
414.691	128.736	25.328	63.387
416.404	121.237	24.057	64.478
415.293	130.524	23.966	59.702
415.383	126.514	21.652	58.670
415.931	124.164	22.439	58.400
414.753	127.946	21.294	58.711
411.471	118.166	26.173	66.534
403.060	119.946	29.642	67.499
409.426	116.826	28.350	69.119
412.900	126.699	23.034	62.975
410.969	116.952	24.319	66.437
407.539	114.171	27.436	69.389
