842.000	312.000	16.000	43.000
841.318	311.883	17.066	42.595
840.757	311.558	17.242	42.945
840.169	310.778	17.417	43.764
840.062	310.340	17.606	44.421
839.491	310.824	17.458	43.950
839.302	310.380	16.938	44.695
839.210	310.439	16.928	44.651
838.995	311.053	16.917	44.037
838.753	311.532	16.735	43.874
838.043	311.423	17.173	44.178
837.528	311.817	16.795	43.511
836.886	312.072	16.784	43.168
835.898	312.594	16.593	42.584
834.956	312.702	17.052	41.839
833.858	312.209	17.677	41.257
831.599	311.373	18.325	43.060
830.873	311.539	18.309	43.121
829.669	311.709	18.597	42.131
829.716	311.747	17.332	42.374
829.231	312.172	16.717	42.883
828.474	312.176	16.455	42.704
827.707	312.118	16.766	43.509
827.104	312.033	16.812	43.644
826.588	311.857	17.619	44.453
825.654	311.416	17.816	44.786
825.102	311.319	18.280	44.933
824.761	311.497	18.031	44.571
824.337	311.176	18.325	45.001
823.857	310.916	18.087	45.424
823.387	310.887	17.668	45.244
823.030	310.722	17.743	45.564
822.553	311.214	17.588	45.468
822.383	311.727	17.605	44.895
821.452	311.836	17.564	45.060
820.858	312.724	17.628	44.111
819.987	312.881	18.003	43.974
819.585	313.101	17.075	43.754
819.148	312.716	17.433	44.106
818.353	312.446	17.225	44.496
817.857	312.366	17.133	44.533
817.262	312.049	17.479	45.055
816.547	311.731	17.615	45.310
815.359	311.747	18.845	45.491
814.541	311.827	18.580	45.373
814.162	312.228	18.864	45.200
814.009	312.626	18.359	44.795
813.935	312.839	17.661	44.842
813.507	312.793	18.033	45.004
812.104	312.970	18.666	44.684
811.728	313.010	18.727	45.199
811.767	312.828	18.481	45.450
810.793	313.780	18.784	44.377
809.849	313.778	18.921	43.972
809.796	313.143	19.542	44.767
809.748	313.517	18.643	44.641
809.127	313.558	18.385	44.968
808.564	313.963	18.163	44.905
807.878	314.050	17.827	45.142
807.251	314.114	18.256	45.078
806.951	314.537	18.324	44.438
805.750	315.070	19.540	44.537
804.829	315.233	20.142	44.402
805.169	314.738	20.709	45.481
804.537	315.190	19.244	45.289
806.860	314.599	20.144	45.938
804.418	314.920	19.217	45.496
802.982	314.867	19.505	45.062
803.241	314.738	20.141	46.275
802.625	314.726	19.046	45.880
802.456	314.472	18.711	47.420
802.412	314.921	18.161	47.339
801.975	315.111	17.812	47.007
801.588	315.498	18.327	45.900
801.288	314.963	18.263	47.261
801.489	315.157	18.580	46.584
801.358	315.301	18.427	47.209
801.424	315.878	18.221	46.821
800.965	315.705	18.313	47.204
800.820	315.941	19.012	46.727
801.174	315.539	19.359	46.582
800.210	315.196	20.813	46.829
799.675	314.419	21.087	48.187
800.106	314.063	19.683	48.767
799.636	314.798	20.827	47.546
798.752	314.873	21.482	47.905
799.128	314.550	21.303	48.532
799.096	314.656	21.581	48.186
799.144	315.515	20.879	47.622
798.971	316.176	20.712	47.091
798.336	315.208	21.205	48.031
798.251	315.174	21.237	48.111
797.613	315.506	21.040	48.274
797.722	315.506	20.906	47.600
797.692	315.327	20.566	48.252
796.584	314.673	21.386	49.275
796.314	314.578	22.513	50.216
795.985	314.449	22.346	50.363
795.518	314.636	22.317	50.006
795.534	315.064	21.797	49.730
795.897	315.052	22.136	49.657
795.537	314.960	22.243	50.262
795.480	314.403	22.467	50.960
795.245	315.115	21.535	50.688
794.398	315.124	21.338	50.290
794.429	315.680	21.386	50.180
794.738	316.311	21.233	49.409
794.030	316.172	20.335	49.632
794.522	316.387	21.301	49.304
794.122	316.501	19.766	49.146
793.814	316.845	20.342	49.425
793.276	317.086	20.647	49.142
793.071	317.377	21.232	48.901
792.663	317.629	20.630	48.671
792.510	317.410	20.595	48.565
792.179	318.087	22.182	48.592
791.442	317.818	21.521	48.964
791.218	317.870	20.657	49.058
790.462	318.019	19.811	48.996
791.793	318.283	20.658	48.115
789.763	317.783	20.962	49.423
789.829	317.712	20.489	49.435
788.963	317.767	20.502	49.438
789.931	318.072	21.088	49.007
789.002	318.004	20.304	49.811
789.692	318.612	21.187	48.754
788.638	318.495	21.370	48.827
788.705	318.994	20.646	48.663
789.219	318.629	19.772	49.509
789.061	317.910	19.819	50.495
788.620	318.392	19.779	49.671
788.688	318.094	20.221	50.246
788.356	318.010	20.188	50.574
787.735	317.835	20.784	50.518
787.772	317.878	20.162	51.339
787.602	317.806	20.900	51.546
786.448	318.654	19.706	51.041
787.280	318.624	21.064	51.047
786.957	318.163	20.493	50.602
786.653	318.504	20.565	51.158
786.114	318.313	20.460	51.971
785.716	318.068	19.224	52.395
785.416	317.771	21.006	52.759
784.957	318.453	19.035	52.248
784.694	317.866	20.096	52.826
784.350	317.767	20.182	53.214
784.701	317.655	20.456	52.949
784.430	317.679	20.943	52.800
784.192	318.123	20.419	53.003
784.025	318.468	20.223	52.317
783.562	318.892	21.267	52.459
783.902	319.218	21.766	51.920
783.382	318.767	21.740	53.007
783.510	318.701	22.258	53.304
783.579	318.516	21.868	53.361
783.122	318.881	22.353	52.887
783.294	317.949	21.038	53.675
782.928	317.582	21.892	53.727
782.446	317.221	21.977	54.390
782.562	317.183	21.215	54.375
781.417	318.435	22.252	52.898
781.614	318.316	23.259	53.727
781.472	318.612	22.170	52.885
780.653	318.629	23.163	52.411
780.275	318.618	23.043	52.481
780.257	318.229	22.550	53.689
778.722	318.859	22.776	53.060
778.609	318.690	22.858	53.751
778.059	318.009	22.555	54.401
777.497	318.074	22.978	54.652
777.522	318.176	22.093	54.548
776.959	317.835	22.550	55.688
776.022	318.542	23.775	55.091
776.042	318.439	23.384	55.010
776.193	318.579	23.006	54.774
775.491	319.104	23.373	53.874
775.731	319.026	23.176	54.620
775.144	319.140	23.832	53.961
774.701	318.973	24.183	54.882
774.485	319.975	24.172	53.246
773.769	320.136	24.221	53.851
773.218	320.245	24.524	53.596
773.539	320.886	23.746	53.440
773.125	320.684	23.250	54.365
772.333	320.544	23.320	54.483
771.917	320.825	22.698	54.726
771.181	321.151	23.726	55.026
770.857	321.852	22.867	54.352
770.757	321.840	21.810	55.461
770.150	322.597	23.880	55.040
769.873	322.172	22.659	55.828
770.509	322.620	23.189	55.886
778.036	321.398	23.520	55.159
785.887	321.401	22.861	53.275
795.854	319.306	24.354	54.763
808.154	317.238	23.391	56.332
827.412	314.328	24.363	58.793
846.369	314.257	23.913	57.305
853.132	319.442	23.966	54.875
853.915	321.669	23.461	54.471
853.642	321.525	22.927	54.059
852.494	320.747	22.824	55.881
849.925	321.170	22.961	57.255
847.092	320.655	23.830	57.705
844.075	321.261	24.760	56.634
842.798	321.184	22.856	56.764
842.828	320.490	23.825	57.597
841.959	320.318	23.235	58.048
841.830	320.582	23.421	58.244
840.847	321.000	22.167	58.068
841.472	321.017	23.551	58.714
839.837	322.879	22.955	55.738
840.485	322.768	23.423	54.908
839.209	323.413	21.769	54.966
839.998	324.503	23.301	53.349
838.162	323.502	22.538	56.079
836.378	324.207	22.793	55.887
835.976	324.192	22.802	55.687
836.509	324.192	21.839	55.560
835.909	323.813	22.138	56.462
835.274	324.287	22.285	56.411
834.911	323.626	22.299	56.956
834.631	323.826	22.008	57.262
833.475	324.477	22.059	56.877
835.437	325.058	21.697	55.543
834.167	324.968	21.404	56.080
835.723	325.150	21.321	56.125
834.333	325.052	21.463	57.524
834.562	325.397	21.580	56.583
834.121	325.565	21.523	56.465
834.611	324.993	21.755	57.215
833.823	324.922	21.926	57.828
834.696	323.899	21.444	58.512
833.751	324.234	22.485	58.968
833.455	324.455	22.343	58.519
834.098	324.369	21.899	59.135
833.018	325.113	23.068	59.087
832.828	325.098	22.642	58.942
832.909	325.812	21.876	58.994
832.017	326.207	22.670	60.901
831.149	326.791	22.597	59.304
830.748	327.435	22.421	58.353
830.492	327.454	22.307	57.870
830.229	326.788	22.311	58.405
830.002	326.693	22.317	59.292
829.264	326.952	22.952	59.369
829.924	326.692	22.139	59.161
829.691	326.830	22.373	59.197
830.216	326.952	21.474	58.598
829.717	326.936	21.864	59.319
829.576	326.931	21.522	59.523
829.806	327.430	21.571	59.635
829.579	326.960	21.480	61.302
828.816	327.507	21.028	60.126
828.643	328.021	21.546	59.377
828.261	327.586	22.058	60.105
827.110	327.536	22.339	60.938
827.275	327.512	22.097	60.449
826.508	327.383	22.597	61.234
825.482	327.712	23.110	60.474
825.002	327.043	23.355	62.693
823.242	328.852	24.460	60.586
823.009	328.565	24.702	60.376
821.727	329.004	24.931	62.110
821.704	328.995	23.626	61.262
819.686	329.517	24.182	61.951
819.152	328.814	23.914	62.462
819.205	329.140	23.710	61.793
818.311	329.437	24.212	61.511
818.196	329.076	24.275	61.885
817.756	328.759	24.008	64.205
817.484	329.233	24.096	62.279
816.609	329.736	24.646	60.626
816.582	329.728	24.124	60.240
815.958	330.878	23.807	59.959
814.944	331.438	24.110	60.779
814.333	331.415	23.722	59.957
813.736	331.619	24.041	61.995
813.235	331.815	23.732	61.834
813.276	331.266	23.623	61.544
812.692	330.778	23.552	62.184
811.727	330.497	24.559	62.744
810.478	331.018	24.823	64.123
809.472	331.821	25.465	61.953
808.970	332.514	25.507	61.299
808.788	332.522	24.691	62.282
807.030	333.716	25.153	60.929
805.052	333.935	25.600	60.998
803.861	333.905	27.219	61.120
803.204	333.794	27.677	61.315
801.779	333.361	27.341	61.445
801.369	332.886	26.835	62.493
801.187	332.952	26.453	62.759
800.401	332.931	25.393	63.067
799.941	332.546	25.054	63.614
799.616	332.743	24.897	62.507
798.326	333.669	25.153	61.794
798.087	334.228	24.601	61.951
799.814	334.375	23.001	61.567
797.042	334.419	23.507	62.586
798.104	335.203	23.872	61.562
797.175	334.778	24.249	61.768
797.742	333.974	23.350	62.265
797.066	332.276	24.099	65.617
796.717	334.015	24.221	64.756
795.998	333.785	24.987	64.218
796.630	334.017	25.040	64.922
795.185	333.262	24.983	63.967
795.235	334.612	25.317	64.525
794.253	335.232	24.842	62.299
794.543	333.982	23.851	63.706
793.428	332.373	24.137	64.913
792.796	333.971	24.058	63.331
791.844	335.678	23.936	61.723
792.910	336.656	24.181	61.466
790.567	335.899	24.264	61.145
791.043	334.703	23.773	60.909
789.335	335.447	24.419	61.641
789.819	335.097	23.767	60.511
788.305	334.885	24.460	59.975
788.309	334.053	24.967	63.928
787.868	332.719	25.142	62.946
786.546	336.205	26.729	61.075
787.557	332.189	27.659	65.080
786.986	334.840	25.833	62.184
786.292	330.173	26.210	64.805
788.960	336.244	26.805	62.001
784.332	334.555	28.923	61.781
785.134	331.612	27.114	65.045
783.042	335.258	26.484	64.281
785.290	330.932	26.568	64.972
847.640	325.761	24.425	63.706
851.758	325.161	27.360	60.668
847.412	325.707	24.688	61.366
848.217	325.055	24.727	60.854
852.201	326.922	30.563	61.148
847.129	325.622	26.528	63.005
847.360	325.317	28.800	61.026
909.387	323.145	22.610	56.578
907.255	323.086	24.467	58.512
907.542	323.608	23.678	58.114
906.910	323.857	24.028	56.577
906.945	323.468	23.679	58.326
905.442	323.719	25.899	58.444
905.355	323.274	25.762	59.155
904.921	324.244	25.363	58.006
904.624	324.779	25.413	57.812
903.441	324.301	25.365	57.658
904.123	324.222	24.824	56.008
903.089	321.939	25.391	60.423
902.563	322.906	24.562	61.385
902.803	323.817	24.054	60.435
902.412	323.097	24.919	59.805
900.965	323.817	25.266	61.121
901.379	324.335	24.023	60.593
900.450	322.911	24.577	61.932
900.788	322.545	23.971	61.508
899.846	323.273	24.248	60.950
899.101	322.562	24.261	62.065
899.258	323.197	24.077	61.946
898.893	322.454	23.588	60.372
898.717	322.940	22.617	59.086
897.984	323.890	23.300	58.537
898.055	323.250	23.161	59.673
897.395	324.202	23.168	57.928
896.586	324.212	23.566	59.042
896.420	324.777	23.216	58.639
896.097	324.433	23.147	58.583
895.439	325.474	23.214	58.277
894.764	324.481	23.683	58.911
894.438	324.562	24.137	59.157
894.894	325.242	23.592	58.693
894.220	325.239	23.640	58.480
894.014	325.159	23.791	59.854
893.733	325.228	23.248	58.958
892.734	325.159	23.868	58.694
891.796	325.579	24.760	58.810
890.878	325.875	24.573	57.938
890.789	325.777	24.118	59.345
891.983	326.369	24.753	60.710
890.663	325.523	24.647	61.342
891.353	325.811	24.313	61.940
890.705	325.105	24.609	62.216
889.937	324.218	24.971	64.306
890.783	325.723	24.606	62.853
889.035	325.225	25.566	64.262
889.642	327.412	25.443	62.659
890.321	326.296	24.533	63.336
890.225	326.029	23.969	64.518
888.936	328.316	25.472	61.814
890.771	329.369	23.789	60.897
891.608	330.282	23.616	61.402
891.017	330.811	24.756	60.157
891.774	330.749	24.128	60.138
891.353	330.230	24.145	60.278
889.883	329.461	25.013	58.891
891.110	331.298	24.019	60.840
889.329	331.161	24.898	59.754
888.764	330.394	24.507	59.870
889.807	331.720	23.981	60.822
888.280	331.832	25.237	59.351
887.374	331.551	25.650	61.174
886.508	331.814	25.059	60.331
885.802	331.790	24.365	59.527
885.602	331.101	24.910	59.785
885.295	331.203	24.656	60.871
885.761	330.608	24.239	59.737
884.924	330.775	24.122	62.450
884.399	331.016	24.626	59.420
884.242	330.816	24.281	60.671
883.884	330.873	23.913	60.013
888.343	331.043	21.915	62.922
884.085	331.748	22.964	62.220
883.063	331.193	24.462	59.693
882.516	332.074	24.207	60.412
882.243	332.571	24.842	59.775
885.879	332.386	22.278	60.894
882.587	332.603	23.744	62.014
881.755	332.137	24.830	59.650
881.232	331.053	25.142	61.477
881.312	332.441	25.409	62.946
880.602	330.821	24.898	61.486
864.732	334.751	39.548	62.474
776.421	349.186	31.491	86.692
774.080	350.854	31.807	80.956
774.844	350.120	31.296	82.101
774.901	349.635	32.180	82.378
774.024	350.643	33.505	84.687
774.146	350.711	34.274	83.344
773.597	350.510	34.182	83.004
774.272	350.787	32.569	82.089
774.060	352.180	33.844	81.027
774.096	352.471	31.998	82.037
773.315	352.491	32.845	81.907
774.077	352.016	33.220	81.707
772.534	351.277	34.234	82.825
772.252	353.206	32.434	82.144
772.022	351.860	32.988	83.230
771.438	350.219	33.596	87.175
770.498	351.478	33.767	88.431
772.564	350.554	31.897	87.457
771.122	353.247	30.800	86.158
771.604	351.259	32.300	86.988
770.001	355.432	31.118	82.759
772.998	353.795	31.386	83.382
770.880	354.862	31.878	82.949
772.468	354.152	32.008	83.012
770.218	356.796	31.868	81.053
771.475	354.967	32.983	82.487
769.646	354.994	34.372	85.868
769.205	354.093	34.737	87.564
768.693	355.025	34.270	88.314
769.463	355.638	33.350	88.215
768.146	356.114	34.002	89.258
767.958	357.435	31.515	85.138
768.799	355.819	33.995	90.353
766.114	356.197	33.037	88.283
765.587	353.955	34.897	93.681
764.207	356.199	33.669	92.632
764.115	357.196	34.219	93.242
762.400	356.818	34.344	91.611
763.199	356.559	35.173	89.626
760.726	357.313	34.609	90.193
763.037	357.719	32.756	92.207
760.946	357.536	34.358	91.103
761.335	357.016	33.243	94.259
759.677	357.125	35.867	90.238
757.276	357.089	34.595	92.712
759.311	359.297	35.921	87.588
755.788	358.863	35.239	89.507
751.002	359.222	35.717	89.424
743.959	358.898	36.365	91.874
736.306	359.210	37.878	89.177
733.888	361.075	36.439	91.303
733.967	360.433	37.195	91.133
731.843	360.459	37.945	92.980
733.355	360.729	38.258	92.925
725.894	360.538	37.824	91.068
720.469	360.153	38.112	88.209
707.513	360.060	39.255	93.886
687.359	359.110	38.666	93.722
675.092	359.853	37.940	92.559
655.464	360.365	38.417	94.018
643.627	360.279	37.688	94.235
633.821	362.931	37.746	96.766
628.826	363.927	35.454	93.243
622.683	363.847	36.699	94.136
620.616	363.316	34.692	95.407
617.383	364.190	35.833	95.409
616.804	363.895	36.847	97.327
612.724	362.681	37.437	91.384
617.107	358.028	32.573	97.738
612.776	351.179	36.299	97.050
615.686	341.080	32.578	96.262
611.768	334.079	35.750	95.539
606.271	330.709	37.639	94.834
604.844	328.674	35.903	95.106
599.639	328.499	36.135	94.813
597.239	330.329	37.300	97.532
598.348	336.113	37.180	96.556
598.384	334.750	37.998	99.657
597.158	341.601	37.739	99.153
595.034	343.911	41.535	101.297
591.514	352.999	42.015	96.742
588.635	351.630	40.656	99.777
587.693	353.660	40.903	102.549
586.729	353.261	39.603	101.836
588.880	350.912	40.163	104.702
589.464	349.799	37.805	104.324
589.192	349.805	36.510	102.352
590.085	347.741	35.926	101.914
589.212	350.374	37.145	103.005
589.480	352.106	36.907	103.216
590.334	357.905	38.423	106.524
589.275	362.661	37.108	106.001
588.552	365.511	38.817	104.456
591.760	368.214	37.861	103.150
593.033	374.449	37.433	99.325
596.633	373.113	39.445	102.944
599.740	371.608	38.781	106.335
599.822	371.485	39.647	107.984
599.397	371.869	40.353	108.673
599.898	371.969	38.094	108.891
598.579	372.413	38.844	108.944
599.792	372.583	40.003	107.750
599.163	373.014	43.284	109.175
599.126	373.550	42.937	110.748
598.243	375.418	42.701	110.107
600.001	373.146	44.726	105.542
601.534	371.204	43.523	104.654
597.747	378.691	44.750	104.740
599.145	371.452	44.300	108.873
596.515	378.217	45.737	106.893
596.998	372.990	47.130	111.014
595.424	375.273	45.185	110.062
596.741	372.447	41.922	116.023
594.299	372.418	42.554	118.787
594.888	373.221	41.788	118.788
593.320	372.230	42.837	119.508
593.780	375.912	42.418	117.257
592.689	375.205	43.032	118.236
595.250	376.213	42.102	117.324
594.913	374.976	44.014	115.265
593.363	381.119	44.095	112.483
593.147	376.963	47.257	116.468
595.207	375.942	48.846	117.667
590.075	378.590	45.895	119.471
594.840	372.975	45.264	124.244
589.104	371.648	46.800	124.891
592.096	377.293	47.726	119.648
590.176	376.149	49.157	122.133
591.248	382.015	48.201	116.741
590.311	379.449	47.797	118.716
594.411	377.063	48.738	118.997
592.409	378.606	48.049	116.588
586.810	388.378	45.236	113.042
584.549	385.960	47.107	123.416
586.491	384.717	45.114	119.280
584.204	384.740	45.876	123.979
584.977	383.633	42.348	123.818
584.280	383.221	43.999	124.846
581.065	383.379	47.332	126.750
581.392	382.163	46.963	129.756
581.251	382.542	45.900	129.777
580.528	383.639	45.033	127.536
581.536	385.322	43.514	125.586
579.100	386.501	44.939	125.023
579.648	384.617	45.337	123.922
576.444	387.444	48.386	128.689
578.286	385.733	46.855	127.039
577.383	385.879	48.094	126.672
575.987	386.834	48.957	130.869
576.617	386.183	49.650	129.091
574.001	385.322	51.357	131.953
574.021	384.837	52.363	138.252
573.271	386.230	51.200	134.764
576.087	386.778	47.767	136.206
574.824	387.634	49.321	133.736
574.086	389.646	51.154	133.266
574.206	393.842	50.258	130.731
573.251	394.191	48.906	131.574
576.775	392.208	51.329	134.186
578.691	391.929	53.540	134.191
582.461	390.527	54.344	135.029
587.195	389.493	53.025	137.129
587.023	391.678	52.732	134.835
589.215	388.720	52.529	136.801
593.079	392.199	49.208	136.209
596.315	389.861	53.239	137.653
601.541	390.895	52.495	138.548
607.955	388.877	52.603	139.073
613.834	390.963	52.504	139.729
617.723	389.469	53.860	140.071
621.485	387.793	56.109	144.238
625.835	386.793	57.625	143.425
630.457	386.830	58.092	141.165
634.782	386.956	58.247	142.109
636.792	386.692	58.362	145.863
637.906	386.025	58.571	148.496
639.293	388.921	57.999	149.720
638.057	389.970	58.114	152.417
636.912	392.168	59.036	149.287
636.517	395.930	59.026	144.610
636.193	397.536	59.985	142.224
636.332	397.075	60.872	146.271
635.278	398.915	63.389	146.350
634.551	400.597	63.595	146.192
632.973	398.469	65.215	148.551
632.130	397.428	65.108	150.985
631.338	399.175	65.118	147.426
631.086	399.360	64.508	143.970
631.028	403.002	62.817	135.546
631.293	403.471	58.915	132.841
629.326	405.703	60.211	126.734
628.541	407.477	60.223	124.076
627.811	409.443	59.572	121.641
626.812	409.250	60.145	124.410
625.518	410.218	62.142	125.651
625.767	409.900	62.275	126.013
626.845	409.900	61.631	126.839
627.906	410.199	61.757	126.896
628.231	409.423	63.350	127.915
627.850	410.066	64.893	126.785
626.633	411.513	64.283	128.468
624.796	409.095	59.215	131.337
625.411	411.446	63.904	130.157
626.319	411.275	61.459	131.709
627.594	415.018	64.719	127.695
626.696	415.061	65.360	127.722
627.069	416.985	65.661	127.737
627.533	416.638	67.596	129.646
630.002	416.617	70.018	129.575
635.728	416.057	68.577	129.443
643.363	415.275	68.132	129.726
651.510	413.971	66.255	131.476
657.903	414.372	65.237	129.006
662.245	413.859	64.335	128.754
663.863	415.584	63.947	126.702
665.390	416.592	61.015	125.155
667.379	417.489	58.388	123.782
668.994	418.349	56.420	122.643
669.321	419.224	56.521	122.809
670.485	419.148	55.602	124.118
669.479	419.442	57.669	125.849
670.325	419.210	58.102	126.568
671.387	420.215	58.953	125.334
672.686	418.486	59.177	126.077
677.986	421.305	61.815	126.823
684.398	424.399	72.535	126.863
698.341	426.269	69.878	131.850
704.415	423.801	70.122	134.001
706.442	430.843	71.351	129.878
700.061	429.632	78.043	135.283
704.262	431.893	71.832	133.686
698.417	432.883	77.912	133.589
695.327	434.093	78.107	128.777
695.425	431.004	74.538	132.100
694.761	430.183	73.447	139.170
692.352	428.356	75.663	144.110
690.355	428.729	76.030	146.618
689.150	430.146	74.774	144.947
690.314	431.816	72.156	143.490
688.927	431.029	71.141	142.298
685.358	434.268	71.995	140.424
679.564	436.338	73.683	139.056
677.541	438.651	73.202	137.208
676.549	438.123	71.128	137.877
675.603	435.744	70.893	140.256
675.893	436.422	71.878	139.578
674.773	436.750	73.484	139.250
672.635	435.539	76.289	140.461
670.469	435.416	77.584	140.584
667.999	435.731	78.197	140.269
666.655	437.288	76.909	138.283
664.662	440.369	77.370	134.748
663.273	444.671	77.368	130.784
658.453	448.386	78.703	126.663
652.624	449.259	77.991	125.131
647.571	449.797	76.016	125.458
640.347	448.069	77.623	127.192
638.240	450.633	76.821	123.885
638.208	449.538	72.126	126.087
637.303	449.259	71.790	125.238
635.721	448.924	71.771	126.148
631.531	450.081	73.150	125.893
630.064	452.691	71.730	123.309
626.543	452.891	73.679	122.979
623.988	453.849	73.756	121.667
620.136	458.726	75.480	114.656
618.711	461.920	73.206	110.665
618.643	458.351	70.999	115.212
