730.000	299.000	220.000	77.000
727.331	298.076	216.471	80.413
728.253	301.965	212.559	79.254
728.737	305.409	211.908	78.412
727.958	305.840	212.633	79.553
730.157	307.477	210.810	79.401
729.370	307.490	212.074	80.061
729.575	307.444	211.336	79.847
730.419	307.251	211.157	78.768
730.029	306.452	210.244	78.752
729.174	306.491	211.220	78.408
729.464	306.512	210.955	78.630
729.558	308.957	210.569	77.895
728.416	311.863	212.415	77.659
729.095	315.261	212.083	77.688
729.464	317.081	211.539	77.992
729.653	317.498	211.939	78.075
729.653	317.196	212.012	79.200
730.786	315.482	210.025	79.278
730.022	313.817	210.881	78.842
730.872	313.553	209.692	77.984
729.072	313.751	211.296	77.318
727.463	314.124	213.440	76.684
727.768	315.439	212.166	76.341
728.525	315.993	211.291	76.968
728.338	317.580	211.184	76.246
728.712	318.033	210.567	76.712
728.712	318.255	211.007	76.647
727.585	318.528	211.329	76.829
728.244	320.233	210.911	75.443
727.867	320.080	211.974	76.366
729.551	320.254	212.723	76.690
732.543	321.555	213.899	76.533
741.274	320.501	211.403	76.824
744.744	320.902	212.330	76.731
747.893	320.976	211.398	77.668
750.872	322.544	205.992	77.230
750.881	322.688	208.280	77.093
752.703	321.689	203.636	75.904
752.492	321.862	206.243	75.730
751.534	321.796	204.843	76.774
745.741	323.026	210.049	76.912
735.646	323.401	215.518	78.391
733.111	322.099	214.935	78.168
731.038	321.645	213.419	78.127
729.256	320.434	213.079	77.807
729.754	320.047	213.279	76.164
728.890	319.627	211.795	76.399
727.679	317.993	211.893	76.746
726.929	318.156	212.396	76.661
724.840	319.625	212.735	77.435
723.744	324.093	212.634	76.347
723.459	327.896	212.406	76.160
722.384	330.777	213.782	76.326
721.081	331.539	212.417	78.450
720.271	332.632	213.248	77.739
717.884	331.748	212.513	78.040
716.788	330.440	211.866	78.943
716.816	330.187	209.814	78.256
715.551	329.814	209.248	78.114
714.033	329.405	209.393	78.253
710.950	330.392	210.690	77.846
709.368	332.036	210.400	77.789
708.598	332.524	210.933	78.077
711.566	331.435	213.592	78.824
713.417	330.291	209.119	78.722
712.448	328.318	208.529	79.014
712.100	325.275	207.258	78.100
708.945	323.118	208.344	78.982
706.289	321.843	208.489	79.405
704.985	320.993	207.478	79.454
700.197	323.183	209.250	78.678
699.731	325.305	206.329	78.568
699.723	328.359	203.494	78.071
696.257	331.723	204.862	79.301
694.605	333.410	204.221	79.356
690.175	337.395	206.906	78.153
689.358	339.316	204.144	79.222
687.220	341.843	202.962	78.311
685.501	344.210	202.438	78.606
683.769	345.902	201.828	77.691
683.827	346.663	199.533	77.678
684.350	346.567	198.326	78.337
684.081	346.552	200.041	77.973
687.720	346.797	200.202	77.704
691.391	347.802	200.811	77.609
702.617	350.912	196.147	78.521
711.811	354.858	194.311	78.118
720.218	358.046	193.607	78.315
725.139	358.745	194.769	78.294
731.454	358.267	194.350	78.089
736.936	356.923	191.129	77.779
740.929	355.998	188.538	77.984
745.335	354.573	186.299	78.014
746.822	354.426	187.088	77.272
751.383	353.799	185.250	77.514
757.195	354.317	183.995	76.803
758.221	355.795	187.911	77.979
765.873	358.305	183.592	76.960
771.757	359.051	178.823	76.256
773.343	359.544	177.538	75.107
774.691	358.610	176.329	75.834
773.243	358.310	176.743	76.337
771.129	357.006	176.949	75.993
754.816	356.531	190.862	76.126
751.248	357.372	189.566	75.215
733.824	356.626	203.695	75.685
724.680	356.354	209.001	75.012
721.148	355.683	210.020	75.043
714.487	356.331	213.139	74.128
711.757	357.396	211.968	73.151
709.456	356.202	212.870	74.508
708.722	356.828	208.648	72.840
703.589	356.986	211.040	72.930
704.765	358.015	205.295	72.031
704.610	359.320	201.927	72.966
702.634	362.535	200.274	71.986
697.457	363.876	202.496	72.320
693.993	364.810	203.133	72.744
690.529	363.976	203.753	71.642
686.238	364.145	205.518	71.745
686.618	364.667	201.296	71.332
681.168	365.974	202.389	70.376
678.936	365.833	199.315	72.067
677.417	366.873	197.744	72.416
674.103	367.489	197.406	73.584
684.175	368.453	182.392	73.418
690.437	369.086	172.427	72.055
691.258	371.042	167.812	70.938
687.983	372.043	167.020	69.601
684.529	373.290	166.794	70.336
681.696	372.633	165.924	71.909
678.323	374.881	165.649	73.061
662.633	380.080	177.232	77.584
663.825	381.492	176.219	89.784
655.274	382.490	179.094	87.132
635.223	390.763	192.208	95.347
625.134	391.651	197.269	91.778
623.022	393.537	193.718	95.909
620.319	395.627	194.189	94.181
624.172	396.293	191.406	92.127
625.097	396.082	197.818	93.139
633.692	398.302	191.236	92.977
643.284	401.563	187.154	95.726
652.335	405.679	190.652	96.781
658.258	409.292	192.552	95.434
662.533	411.222	189.349	96.694
663.362	410.683	185.335	98.496
662.894	410.707	182.471	97.351
661.918	408.897	184.335	97.717
660.933	407.297	182.592	97.385
662.275	406.818	179.287	96.676
669.088	405.953	184.342	99.309
670.747	406.300	187.353	100.481
671.932	406.582	184.524	101.204
672.609	407.486	184.850	103.099
667.642	407.437	190.166	103.059
663.433	405.631	193.635	104.663
662.707	405.084	192.151	104.986
659.930	403.874	194.170	105.864
650.140	405.298	203.730	106.435
653.005	406.324	205.105	107.153
641.124	408.832	214.242	105.643
642.889	409.653	215.938	109.115
642.927	411.284	214.447	107.026
637.034	411.295	212.493	109.362
634.782	412.938	211.846	108.702
632.551	412.742	207.169	110.076
632.687	413.600	200.692	109.451
629.293	414.499	202.330	110.391
623.712	415.748	204.318	111.717
622.139	417.058	203.129	111.786
618.812	419.314	200.847	110.574
610.728	420.451	199.663	109.532
605.036	422.373	201.139	108.463
600.663	423.812	207.276	107.589
594.308	424.429	211.978	108.559
589.003	426.099	213.581	109.552
585.034	428.145	212.591	110.268
583.418	429.784	212.145	112.050
576.432	431.402	211.504	114.681
573.128	434.467	214.480	110.103
568.751	436.277	214.567	109.915
566.356	437.731	214.005	110.816
559.225	439.421	218.291	112.430
556.588	441.595	214.724	112.989
550.077	444.869	218.607	110.672
547.905	446.325	214.874	112.864
541.581	447.365	215.642	111.450
542.728	450.606	210.144	112.024
534.047	452.674	212.286	113.815
527.011	455.416	213.220	112.553
522.638	456.643	215.171	114.875
516.254	459.971	216.875	114.132
508.721	460.382	219.902	113.249
498.280	463.395	223.684	110.387
490.834	466.578	222.885	107.009
487.849	467.400	218.195	107.222
483.771	471.381	217.181	102.757
476.748	474.011	216.805	101.032
471.290	477.120	217.608	98.342
466.495	480.886	221.234	95.114
464.925	482.351	221.368	93.649
474.233	479.960	220.155	95.443
487.381	487.997	213.198	88.003
497.772	484.143	213.286	91.857
504.788	482.772	212.023	93.049
503.916	479.371	217.302	95.826
505.898	475.776	220.761	100.224
507.141	476.316	223.767	98.895
512.170	473.958	232.817	101.191
522.009	472.420	239.226	102.819
537.894	473.832	237.876	101.693
545.344	471.179	236.466	103.632
549.504	466.247	228.706	108.499
543.562	458.737	229.186	116.495
540.355	454.910	229.489	118.943
543.793	459.445	232.674	115.378
547.452	465.159	238.837	110.760
553.837	468.704	243.394	106.372
563.895	472.096	240.857	102.921
564.061	472.457	242.101	102.339
562.297	464.724	240.756	111.168
563.481	464.036	239.812	110.765
561.373	467.287	240.983	107.649
564.965	469.235	243.123	105.236
567.750	466.004	243.253	107.461
569.471	464.483	246.596	108.689
571.730	460.037	245.546	112.842
571.671	453.534	248.989	119.235
567.830	451.630	253.961	119.853
565.127	452.592	253.667	118.182
562.960	460.886	250.139	111.476
561.549	466.466	254.519	105.889
565.539	474.007	255.560	101.361
574.848	476.825	258.205	97.258
585.871	478.264	259.375	93.658
592.500	479.561	263.660	92.790
595.923	477.557	275.298	94.341
608.219	473.699	277.943	97.298
624.109	473.318	276.605	97.310
628.847	476.451	281.763	95.519
635.124	483.625	279.418	88.762
646.765	491.250	266.968	79.171
655.270	493.236	253.597	75.564
667.274	496.220	241.467	73.062
640.153	490.855	262.406	77.289
626.973	480.462	258.610	86.119
609.635	473.261	265.243	92.829
596.975	473.329	267.957	92.063
592.219	475.711	269.527	92.132
599.022	481.979	265.459	87.010
608.869	491.603	261.493	80.159
616.700	495.191	270.153	76.523
632.673	496.678	262.503	73.436
647.702	500.637	265.607	72.796
663.521	501.312	266.059	72.470
690.388	501.337	263.335	73.196
722.722	506.038	237.199	67.680
755.462	518.122	204.538	53.310
785.780	522.958	174.220	46.357
810.420	528.920	148.744	41.248
842.886	532.970	116.002	35.961
866.230	535.899	93.770	33.713
874.871	533.631	85.129	35.017
803.151	490.045	120.866	64.251
726.738	497.503	222.185	64.678
720.196	499.623	231.046	64.363
719.745	497.622	230.230	64.592
718.768	492.056	231.270	71.601
716.417	487.988	232.360	75.171
719.098	486.263	234.893	78.722
723.298	492.198	233.437	74.229
730.557	508.617	228.550	57.665
741.644	525.879	215.231	42.588
751.861	540.585	200.993	31.954
806.888	538.714	153.112	35.055
834.844	520.754	125.033	51.076
822.677	540.751	130.117	33.407
814.332	546.072	138.632	23.249
791.892	541.732	164.414	27.647
778.940	539.283	178.447	30.701
789.832	533.050	167.020	36.759
812.759	526.125	147.213	42.797
841.698	518.347	118.302	52.207
858.635	512.370	100.866	56.983
880.012	514.710	79.332	54.774
894.273	520.761	65.329	47.688
905.115	523.707	54.885	44.260
909.498	528.187	50.316	38.657
917.199	528.788	42.156	39.590
928.866	524.082	31.134	44.987
924.871	537.268	35.129	37.945
911.598	540.608	48.402	33.479
895.953	535.035	64.047	39.518
873.730	528.941	86.270	44.684
849.095	539.561	109.011	30.455
815.779	530.122	141.317	38.865
760.854	526.038	197.668	43.665
737.695	519.529	210.269	48.549
741.790	523.484	211.012	48.574
747.822	522.372	197.230	48.994
737.796	524.740	211.727	44.204
732.485	519.423	220.855	50.701
734.982	519.546	211.176	51.275
714.211	515.453	232.425	54.523
693.129	507.616	244.494	62.187
711.458	508.603	224.039	62.869
684.446	507.557	253.299	62.945
680.971	500.796	246.834	68.929
675.086	504.935	254.660	65.695
674.932	500.109	248.845	69.483
676.459	498.376	259.891	70.456
683.113	493.268	261.248	72.318
684.602	491.309	262.620	70.946
689.914	492.849	260.140	69.059
694.267	492.010	258.069	68.650
692.600	493.985	263.415	67.948
698.508	496.686	257.709	67.042
690.757	498.468	261.721	64.503
696.467	500.383	253.167	64.094
703.455	501.114	244.675	62.069
708.969	501.587	242.979	61.889
714.356	498.790	245.644	64.830
724.412	494.327	234.770	67.956
733.266	492.819	225.773	67.227
732.158	489.603	224.679	68.919
747.554	485.832	208.615	72.628
760.074	490.070	199.926	68.841
768.124	490.952	191.876	67.352
774.495	492.359	185.505	67.534
774.940	492.259	185.060	66.408
774.257	486.480	185.743	71.136
767.528	488.823	189.623	70.818
787.392	487.540	171.500	70.540
791.027	481.752	165.190	76.863
807.592	480.306	149.031	77.560
815.903	477.849	143.440	81.932
827.905	484.625	132.095	77.148
821.740	480.569	135.694	78.703
740.966	485.708	198.622	74.343
734.133	483.353	197.062	73.542
749.926	483.058	200.284	77.328
759.297	482.996	199.838	79.491
774.499	482.638	179.281	77.158
776.430	480.909	165.745	81.680
773.328	476.714	172.567	85.755
769.639	471.354	175.026	87.694
769.786	472.807	181.494	85.807
772.609	474.265	182.370	85.516
777.008	477.919	180.028	83.638
783.576	484.774	176.424	78.490
793.709	496.371	163.355	69.347
803.325	503.938	155.629	61.705
810.035	511.328	148.511	57.147
815.499	515.485	144.284	51.289
815.940	516.202	142.864	51.649
822.081	508.134	137.696	59.164
829.445	506.222	129.694	58.470
836.352	504.358	123.323	59.267
844.446	503.934	115.371	59.696
856.265	506.665	102.754	57.118
869.637	512.764	89.609	54.611
884.763	517.842	75.237	49.143
901.160	522.914	57.933	45.920
915.741	528.480	43.581	40.245
920.610	538.915	39.390	24.858
932.852	526.288	26.565	38.732
932.015	518.297	26.138	42.070
927.787	516.403	29.991	45.022
921.205	512.254	37.400	49.518
918.312	505.577	39.549	57.193
916.554	503.000	42.008	62.021
920.295	491.273	37.199	71.679
925.939	471.571	30.880	84.634
906.259	493.806	52.913	78.489
885.115	509.619	74.885	63.215
893.959	509.157	66.041	58.858
894.920	515.969	65.080	55.652
910.327	483.237	49.673	80.644
898.969	487.551	60.372	82.656
888.787	480.045	69.471	80.739
883.604	413.141	69.922	124.117
873.480	355.934	85.070	124.912
875.496	328.119	82.563	114.794
881.095	322.920	78.471	106.293
888.722	329.661	69.490	107.307
893.115	331.972	63.833	109.963
898.404	353.419	57.714	115.232
894.497	357.946	63.731	95.695
896.695	359.780	58.797	103.354
889.195	364.468	70.805	101.961
882.740	367.509	77.260	111.385
870.833	374.299	88.674	121.413
873.868	387.343	86.132	143.971
857.552	397.052	102.448	150.299
832.523	410.293	127.477	135.334
814.280	396.238	128.749	137.263
824.567	404.909	135.433	133.410
836.893	405.717	123.107	151.366
808.149	376.792	147.262	132.718
826.629	350.489	133.371	142.187
800.023	348.219	156.754	154.559
638.661	354.106	143.612	89.166
652.945	349.688	128.599	92.118
669.537	346.656	115.123	91.465
660.216	342.030	119.492	88.009
640.874	358.858	124.017	88.077
638.470	354.618	110.441	94.091
638.202	348.472	107.306	99.600
640.675	354.079	108.046	91.246
646.084	353.357	104.755	87.566
640.812	344.921	116.115	89.578
632.265	352.352	143.815	88.196
552.060	312.557	120.903	106.365
528.069	317.307	130.150	101.701
530.351	294.634	117.851	91.817
527.384	280.592	116.371	105.932
524.873	287.851	105.199	94.613
519.186	272.815	95.977	106.769
520.128	269.464	93.863	105.573
518.283	277.816	107.762	99.556
525.534	274.043	103.772	101.979
527.148	284.015	120.107	92.936
532.242	259.070	120.920	98.657
542.525	261.765	121.162	95.067
548.925	262.705	121.685	92.167
559.958	267.185	118.754	87.602
561.357	272.469	123.323	94.420
562.283	248.794	114.397	92.428
571.843	238.960	110.010	92.198
580.574	254.935	102.962	91.798
578.919	253.488	113.340	90.887
578.825	257.415	119.268	83.937
588.879	261.273	114.472	84.079
599.023	264.154	105.487	91.716
609.151	260.921	98.862	96.909
619.011	285.804	97.738	98.037
632.631	296.825	107.910	99.534
647.795	297.768	106.174	96.299
658.365	288.227	103.553	99.574
676.992	304.570	111.455	98.708
676.395	306.780	121.198	90.429
690.947	311.539	121.555	100.388
702.589	285.140	117.400	100.269
699.366	275.343	116.158	104.596
696.810	278.124	122.079	108.700
692.316	279.259	124.935	103.857
671.241	272.940	129.441	112.119
675.912	274.631	136.247	99.569
677.816	283.189	136.111	107.534
699.077	284.875	148.517	100.444
709.725	281.536	147.043	104.036
729.916	281.312	156.218	102.196
731.063	278.525	159.864	107.788
734.337	270.373	168.953	108.251
727.005	240.153	155.804	126.834
721.599	276.282	182.096	109.887
732.640	240.010	172.616	135.912
758.731	226.346	177.109	151.111
724.538	239.665	195.814	134.504
674.811	202.290	226.900	141.089
702.805	219.844	237.630	145.307
656.621	234.835	250.065	142.252
704.638	261.942	243.611	143.795
712.385	274.059	237.302	117.998
724.616	281.882	218.515	153.179
707.711	263.286	227.670	161.542
646.211	252.510	271.792	127.503
658.722	222.868	259.330	126.728
675.017	254.296	274.028	119.220
604.078	232.356	301.915	137.993
568.711	257.619	351.723	116.959
598.776	210.825	297.590	145.587
546.790	237.871	332.467	123.363
615.215	184.276	280.690	152.925
579.954	250.137	313.734	117.448
592.559	255.414	317.345	111.410
608.972	232.736	290.409	121.797
546.544	267.372	285.742	108.677
607.256	253.076	285.081	105.258
572.069	285.473	274.849	79.823
563.136	536.313	223.013	39.687
575.783	537.318	215.601	38.682
572.140	537.466	204.174	38.534
570.887	538.942	198.427	37.058
566.720	539.302	199.393	36.698
564.303	539.947	196.286	36.053
563.213	539.887	195.869	36.113
558.959	538.462	195.144	37.538
559.918	535.134	193.001	40.866
557.912	529.934	205.408	46.066
550.413	524.241	220.708	51.759
544.071	514.610	235.425	61.390
540.576	508.021	245.025	67.979
537.971	503.196	246.792	71.839
530.692	499.423	243.496	74.383
527.852	493.512	238.588	81.865
520.126	486.102	238.887	89.703
522.115	481.706	234.269	92.548
523.326	477.934	232.028	94.009
526.904	482.410	233.762	91.158
527.690	476.820	229.318	96.644
526.653	473.137	229.250	99.317
525.003	468.787	230.023	103.564
519.215	463.693	230.835	107.203
514.127	456.551	228.874	110.307
505.778	444.009	227.339	112.454
489.391	424.566	225.948	109.922
483.026	416.489	222.143	109.667
476.339	415.617	222.495	104.106
474.196	413.960	220.501	104.846
474.619	413.076	217.558	103.853
479.529	413.285	214.412	102.128
481.573	412.564	213.572	101.995
482.497	409.614	213.266	102.098
480.352	405.116	213.820	101.576
477.523	398.798	216.141	101.847
473.966	388.094	213.758	101.873
469.940	386.479	214.161	98.352
470.765	383.259	209.127	97.488
469.940	379.336	207.578	97.652
467.020	378.570	206.076	97.888
461.508	380.720	203.543	95.541
456.135	382.328	204.731	96.338
453.611	382.634	203.379	95.451
453.719	377.515	201.875	97.627
451.870	373.069	201.262	97.898
449.448	368.642	200.218	97.102
445.343	364.605	199.555	97.009
442.059	362.747	198.701	96.243
440.388	361.810	198.033	94.508
440.337	363.727	197.092	92.773
443.475	362.849	195.043	92.293
445.782	359.494	194.183	93.474
445.728	356.155	192.050	94.292
446.405	352.965	189.784	94.955
445.609	349.514	190.166	94.206
444.833	345.408	187.230	93.568
439.423	342.593	187.734	92.474
437.538	340.522	186.694	91.114
436.508	339.297	185.717	90.532
442.458	340.079	180.618	89.425
443.587	340.685	180.513	88.042
441.902	341.466	183.502	87.205
444.088	340.687	183.400	88.600
445.927	340.728	184.293	87.934
448.680	337.000	183.629	87.461
448.905	332.856	183.599	87.022
446.671	331.605	181.858	86.868
443.866	329.327	185.586	88.113
444.985	329.008	182.355	86.670
448.577	326.501	177.018	85.803
455.317	322.897	172.400	86.237
458.035	320.876	172.603	85.072
458.591	320.302	173.551	83.956
459.337	318.959	173.015	82.791
462.576	317.044	171.718	83.174
462.402	315.023	171.421	82.143
463.592	312.205	170.518	80.377
465.932	307.989	167.768	79.935
467.056	304.858	165.809	78.781
465.609	303.441	164.693	78.470
462.948	302.516	164.641	79.618
461.995	302.269	163.970	79.337
461.488	302.785	165.617	80.525
460.908	302.853	165.279	79.741
459.478	302.709	164.213	79.476
458.665	301.386	161.449	79.582
456.928	299.251	160.323	79.266
454.490	296.651	159.724	79.701
450.501	293.737	158.576	78.899
445.524	291.116	153.312	77.955
438.386	288.363	152.183	76.988
427.162	282.805	155.908	77.234
417.273	277.826	155.493	76.126
408.026	273.002	154.249	75.817
403.390	268.772	151.912	75.783
400.381	266.025	151.469	74.885
397.619	264.927	150.107	74.721
395.846	264.887	149.332	74.845
396.556	267.028	147.448	73.012
399.632	268.172	145.762	72.421
402.735	267.560	145.282	72.593
407.173	267.767	144.521	70.613
411.795	267.474	143.574	71.097
417.641	267.680	141.832	71.405
423.727	268.007	140.405	72.592
428.476	271.901	140.346	71.386
432.247	276.808	141.370	71.608
438.847	279.763	140.954	71.706
448.717	281.799	139.269	72.137
456.263	283.095	136.840	72.325
462.416	282.775	135.750	71.134
464.388	278.051	134.493	71.915
461.834	273.447	135.970	71.176
456.818	268.352	135.554	71.116
457.069	262.288	133.283	70.558
459.874	257.737	133.222	69.344
464.027	255.553	132.637	69.031
465.989	255.033	130.917	69.525
469.998	255.829	130.782	67.800
473.909	256.127	129.804	67.643
476.691	260.855	128.615	65.940
479.823	266.959	127.752	65.151
485.968	268.342	124.460	66.623
490.195	270.294	124.075	66.652
495.345	270.675	123.616	64.417
500.048	268.946	122.766	62.912
502.670	263.525	122.707	62.873
502.439	258.004	121.622	62.741
498.865	253.444	121.262	62.380
495.156	251.425	120.090	62.947
491.066	252.506	120.369	62.590
490.512	256.863	118.171	61.597
489.391	259.128	116.303	61.320
488.171	260.035	115.933	61.979
486.835	258.990	114.208	61.558
481.834	256.181	113.913	60.694
477.256	250.330	111.244	61.172
471.460	245.058	110.133	59.899
465.617	239.296	109.473	58.575
460.227	233.793	109.438	57.854
455.096	230.964	108.212	57.426
450.456	229.566	106.723	57.503
446.389	230.222	107.946	59.178
444.253	231.824	107.063	59.724
444.079	232.745	106.850	59.321
442.722	233.019	105.914	58.872
440.607	231.257	104.278	57.370
436.619	228.541	102.760	57.438
430.866	226.486	100.801	57.253
423.240	224.605	101.882	56.056
418.269	222.545	102.090	55.308
415.450	219.184	101.624	54.153
414.820	217.844	100.927	53.659
411.325	217.403	101.015	53.646
406.300	215.938	99.515	52.390
401.378	214.981	97.415	52.874
396.921	214.467	95.653	53.586
391.887	214.491	94.931	53.927
387.902	213.913	94.180	52.570
385.582	210.881	91.839	50.971
384.377	207.354	88.568	50.813
380.430	204.166	85.590	50.651
374.934	202.069	86.122	50.248
369.709	200.884	88.098	50.959
359.614	201.443	94.695	50.882
351.726	202.367	97.903	52.909
344.535	204.753	100.082	51.844
338.434	204.820	102.126	52.934
332.807	206.023	101.857	51.970
327.601	206.824	102.298	51.038
318.943	206.922	104.874	50.116
305.937	208.090	108.937	50.555
295.525	209.256	110.001	50.478
287.017	212.263	108.547	49.795
282.511	212.328	104.630	51.391
276.264	211.320	106.224	49.885
267.672	211.645	108.849	50.412
257.340	214.290	109.242	50.464
243.574	218.937	114.063	49.180
233.565	221.483	109.149	49.678
228.291	222.051	104.291	51.792
222.501	224.112	100.690	50.768
218.098	223.772	97.567	50.194
208.563	223.866	95.367	53.556
201.873	223.644	91.307	54.024
195.826	223.417	89.208	54.348
186.902	222.488	90.765	56.759
186.163	222.754	88.258	57.454
185.686	225.616	84.484	57.722
191.081	229.772	79.131	60.348
188.752	234.649	81.133	56.601
181.772	236.692	86.276	48.928
178.925	238.692	83.786	51.298
169.447	240.220	81.779	52.833
159.487	240.380	81.440	49.344
146.128	239.313	85.790	48.101
148.563	237.483	77.807	46.720
148.500	237.062	76.488	41.458
150.282	237.692	75.713	43.681
156.879	239.868	68.735	44.676
