330.000	78.000	18.000	31.000
330.355	77.637	16.810	32.020
329.885	78.141	16.545	31.594
329.441	78.097	16.699	31.524
328.871	78.293	16.350	31.703
328.491	77.894	16.508	32.019
327.196	77.973	16.944	32.650
326.145	78.322	17.033	32.521
325.515	78.397	17.311	32.450
324.744	78.795	17.352	32.762
323.596	78.573	17.675	32.976
323.612	78.595	17.049	33.109
322.840	78.971	17.371	33.004
321.829	78.960	17.644	33.435
321.403	79.429	17.237	32.939
320.466	79.891	17.305	32.552
320.122	79.957	17.036	32.927
318.520	79.994	18.062	33.292
318.066	80.651	17.808	32.541
317.463	80.512	17.782	33.598
316.755	79.644	17.905	34.376
316.605	80.210	17.579	33.757
315.447	79.968	17.814	34.429
314.480	80.446	18.072	34.166
314.037	80.781	17.932	34.300
312.930	81.041	18.083	34.234
308.949	82.268	18.694	33.596
307.138	82.122	18.397	33.339
304.732	82.710	18.528	33.898
303.976	82.689	18.216	34.424
302.976	82.677	18.711	34.228
301.955	82.323	18.167	34.942
300.930	82.945	18.777	34.688
299.942	83.313	19.097	34.238
299.587	83.579	18.582	34.001
298.631	83.292	18.827	34.548
298.076	82.989	18.689	34.964
297.219	83.606	18.716	34.882
296.462	83.956	19.012	35.010
295.250	84.144	19.494	35.103
294.541	83.737	19.580	35.706
293.894	83.862	19.105	35.795
293.087	84.208	19.079	35.549
292.412	84.133	19.093	35.675
291.731	84.391	19.434	36.060
291.003	84.384	19.133	36.086
290.743	85.296	18.983	35.545
289.155	86.050	19.799	35.488
288.789	86.208	19.453	35.398
288.176	85.986	18.740	35.907
286.759	85.936	19.216	36.023
285.920	86.117	19.442	35.930
285.275	85.920	18.849	36.693
284.192	86.179	19.573	36.262
282.482	87.138	19.843	35.252
280.969	87.547	19.823	35.538
280.206	87.272	19.884	35.963
274.084	88.779	19.295	35.236
273.037	88.965	19.119	35.465
271.587	89.011	19.269	35.532
269.886	88.924	19.173	35.651
268.437	89.208	19.457	35.757
267.998	89.197	19.532	36.072
266.095	89.358	20.292	36.085
265.182	89.784	20.511	35.659
264.795	89.209	20.254	36.312
263.437	89.743	20.120	36.666
262.830	89.356	20.389	37.048
260.733	89.542	19.451	37.273
259.334	90.033	19.992	37.143
258.777	90.402	19.228	36.866
258.129	90.739	18.896	36.593
257.086	91.093	17.910	36.108
255.003	91.554	19.073	35.833
250.797	92.006	19.042	37.133
249.006	92.383	18.771	37.107
247.663	92.696	18.272	37.425
246.813	92.958	18.599	37.305
245.409	93.209	18.726	37.106
244.517	93.608	18.688	37.023
244.126	93.846	18.578	37.152
243.126	93.982	18.472	37.156
241.324	94.260	19.171	37.453
239.898	94.280	19.209	37.508
239.362	94.572	18.928	37.800
238.305	94.872	18.768	37.793
237.378	95.356	19.203	37.291
237.020	95.748	19.519	36.725
235.259	95.137	19.600	37.417
233.998	95.267	19.832	38.195
233.055	95.208	20.051	38.413
231.472	95.548	19.765	38.944
231.098	96.030	19.123	38.599
229.460	95.899	19.076	38.686
227.691	96.068	19.330	39.103
221.164	97.161	20.067	38.964
217.674	97.732	19.445	39.937
215.596	97.838	20.064	39.643
213.737	97.995	20.555	40.116
212.803	98.454	20.020	39.260
211.323	98.866	19.675	39.526
209.950	99.105	19.950	39.486
208.377	99.281	20.021	40.036
207.620	99.383	19.678	40.170
205.940	99.314	19.626	40.071
204.838	99.791	19.202	40.228
203.054	100.496	19.292	39.953
202.082	100.824	19.220	39.656
200.366	101.369	19.204	39.710
199.427	101.821	19.255	39.492
197.879	101.905	19.356	39.816
197.228	102.158	19.249	39.921
195.437	102.470	19.660	39.660
193.649	102.811	20.156	39.893
192.507	102.752	20.588	40.291
191.052	103.034	20.289	40.166
189.813	103.333	19.936	40.380
189.104	103.837	19.873	40.297
187.806	103.774	19.542	40.656
186.698	103.494	20.044	41.322
184.789	103.839	20.394	41.428
183.786	104.377	19.904	41.163
182.882	104.238	20.102	41.802
181.247	104.511	20.683	41.599
180.506	105.043	20.917	41.347
179.327	105.569	20.587	41.687
178.659	105.503	20.566	42.062
177.300	105.704	20.862	41.901
176.697	105.777	20.849	41.545
175.762	105.987	21.458	42.070
172.706	106.619	21.022	43.131
171.189	107.101	21.570	43.519
170.405	106.892	21.926	44.363
169.293	107.221	22.290	44.117
168.454	107.660	22.557	44.338
167.769	107.844	22.461	44.592
167.193	108.502	22.244	44.906
166.501	108.522	22.668	44.872
165.815	108.774	22.803	44.808
161.802	109.760	23.688	45.709
160.603	110.518	23.723	45.690
159.070	111.352	23.685	45.682
157.639	112.185	23.922	45.053
157.296	112.139	23.323	45.334
155.846	112.369	23.849	45.352
154.219	112.705	24.028	46.046
153.606	113.369	23.983	45.412
151.784	113.555	23.971	45.756
150.818	113.814	23.485	45.627
149.850	114.488	23.344	45.437
148.251	114.815	23.276	45.593
146.298	114.939	23.360	45.835
144.195	114.975	23.860	46.147
143.635	115.339	22.591	46.233
143.399	115.659	21.909	46.419
142.414	116.233	21.241	46.068
139.555	114.735	22.564	48.265
138.923	116.205	22.449	46.895
135.951	115.633	22.275	48.304
135.740	116.750	21.815	47.086
133.379	117.214	22.364	47.694
133.230	117.187	22.171	48.084
131.224	117.804	23.549	47.973
125.224	120.052	22.655	47.986
122.306	120.510	22.764	48.397
121.019	120.512	21.939	48.762
119.185	121.327	21.965	48.728
118.322	121.601	21.691	48.664
116.192	122.488	22.394	48.646
115.590	122.534	22.303	48.731
113.564	123.408	22.876	48.784
112.796	123.687	23.014	48.634
110.541	123.977	23.537	49.362
108.404	123.706	24.556	49.921
107.526	123.806	24.187	49.894
127.291	124.856	29.285	47.926
142.206	124.779	26.124	50.550
176.995	126.199	27.799	47.305
200.869	124.545	25.755	48.688
236.777	125.484	25.266	47.980
297.082	124.956	24.121	47.460
331.486	123.868	24.727	49.138
367.031	123.622	24.225	51.557
386.471	123.313	24.804	50.837
409.213	123.384	23.177	52.332
410.846	124.839	23.836	52.785
406.828	124.148	24.269	52.037
406.285	125.461	22.868	51.255
407.283	126.813	24.666	51.191
404.486	126.415	24.217	52.015
401.365	127.150	23.585	52.199
398.187	127.833	24.971	53.050
396.281	129.052	24.336	51.735
395.801	129.026	23.819	52.623
394.334	129.085	24.398	53.782
392.281	130.312	24.684	52.492
390.596	130.801	23.892	53.323
388.529	130.922	24.249	54.177
386.797	131.130	24.971	54.093
385.590	130.646	24.981	55.308
383.706	131.843	26.496	54.321
382.994	131.676	25.899	54.955
381.381	131.974	26.218	55.532
378.983	133.179	26.467	55.574
377.871	132.802	25.871	56.690
376.865	133.440	25.605	56.478
373.695	134.274	24.099	57.196
372.743	134.589	23.368	57.464
370.481	134.896	24.258	58.358
365.791	136.908	25.220	59.437
363.199	139.069	27.035	58.823
363.407	139.148	26.194	60.404
362.426	139.549	25.901	61.800
361.195	140.182	25.855	62.133
360.983	140.634	26.293	61.505
361.112	141.514	25.879	62.089
361.679	142.151	24.513	66.174
360.920	142.166	24.777	66.567
361.052	142.666	24.741	63.022
361.375	143.024	23.820	64.493
360.616	142.720	24.229	63.476
359.843	144.078	25.092	60.852
359.665	144.794	24.526	60.794
359.599	145.279	24.664	60.476
358.504	146.599	25.034	61.236
357.498	147.260	25.417	61.324
357.059	147.918	26.035	60.644
356.045	148.612	25.855	61.050
356.442	148.918	25.652	61.318
355.249	149.918	25.774	61.744
354.903	150.036	25.147	61.851
353.514	151.144	25.345	61.603
352.776	150.952	25.702	63.110
345.974	154.604	27.815	63.053
342.653	156.378	27.568	62.739
341.390	157.325	27.237	61.504
340.429	158.039	26.965	60.658
339.821	158.369	26.653	60.035
337.909	158.093	27.374	60.793
336.287	158.726	27.569	60.905
334.427	160.073	28.284	60.516
333.574	160.589	28.234	60.761
333.260	161.101	27.709	61.050
332.589	162.134	27.564	62.806
331.491	162.803	28.441	62.721
330.362	163.324	29.915	62.382
329.448	164.125	30.008	62.250
329.844	164.489	29.887	62.449
328.673	166.220	30.200	62.020
328.630	166.806	30.032	62.045
327.829	167.618	29.969	62.877
327.094	168.288	29.952	63.055
326.540	169.435	29.996	63.955
325.641	170.318	30.258	65.108
324.999	170.593	30.612	67.197
325.031	172.056	30.442	67.385
324.132	173.257	31.428	67.864
324.782	173.658	30.463	69.437
324.079	177.308	30.433	70.730
323.610	178.812	31.211	72.317
323.922	179.729	30.890	73.532
323.420	180.068	32.341	74.634
323.975	180.732	31.907	76.376
324.458	181.347	32.143	77.633
322.897	186.651	34.641	78.585
322.739	188.555	34.478	80.446
322.347	189.345	34.217	81.056
321.771	190.643	34.296	80.720
321.777	191.154	34.900	81.585
321.131	192.546	35.531	82.166
320.619	193.398	36.144	84.067
320.489	194.176	35.795	84.275
321.669	195.437	34.879	85.025
320.489	197.631	35.980	82.987
320.488	198.219	36.087	83.121
320.559	199.498	35.990	83.073
319.824	200.106	36.500	83.851
319.760	201.659	36.645	83.934
319.389	202.935	36.891	83.555
318.361	203.879	36.458	84.632
317.266	205.462	36.330	84.534
317.364	206.176	36.782	84.666
316.156	207.118	38.313	85.679
316.291	208.571	37.770	86.638
316.152	213.472	37.867	89.085
316.074	214.745	38.688	91.114
315.180	216.665	40.516	89.493
315.816	218.216	40.693	89.669
316.722	219.566	39.756	91.774
316.364	221.141	40.106	93.695
315.348	222.828	39.941	94.954
315.605	225.004	39.497	95.464
314.395	226.628	41.220	94.776
314.833	228.561	43.086	94.356
315.805	229.686	43.027	97.492
316.820	230.251	43.447	103.050
320.976	233.287	42.590	103.342
322.341	235.069	42.977	103.161
323.926	237.410	42.792	103.059
325.648	240.421	43.538	103.208
326.733	240.825	43.512	104.703
327.592	242.834	43.707	104.757
328.873	243.649	42.502	105.503
329.599	245.986	42.584	105.410
331.013	248.194	42.242	105.743
331.750	250.489	42.858	107.231
331.305	251.054	43.959	108.474
332.314	253.408	44.657	109.025
332.299	254.223	45.385	110.135
333.525	257.117	46.113	110.373
335.202	259.025	46.486	111.190
335.948	260.894	47.280	112.846
335.612	261.511	48.243	113.652
335.788	264.539	49.734	114.553
336.194	266.957	49.253	117.564
336.131	267.961	49.491	119.801
335.312	271.010	49.179	122.007
334.643	272.534	49.755	122.175
333.624	274.864	49.641	119.414
333.264	275.830	50.057	119.365
333.291	278.752	51.227	119.349
331.999	281.454	52.845	121.282
331.737	282.985	53.315	123.260
332.908	285.763	54.291	124.207
334.384	286.745	53.468	125.975
336.009	290.636	54.263	125.588
338.883	292.873	53.246	127.333
339.784	294.290	52.593	127.111
341.765	297.442	53.044	127.690
343.107	302.488	55.775	129.939
344.443	305.395	57.231	131.448
346.081	308.427	57.246	132.962
348.245	311.471	57.748	134.328
350.666	315.595	59.016	134.776
352.027	318.082	60.031	134.500
354.984	320.088	60.209	137.209
