546.000	58.000	37.000	98.000
539.865	63.935	43.473	94.586
537.445	65.532	45.176	95.368
533.213	67.361	45.162	97.731
530.610	69.295	46.176	99.819
525.821	72.053	47.320	100.500
523.201	73.820	47.591	99.598
519.883	75.349	47.862	100.063
513.518	77.355	49.601	101.089
510.490	79.022	48.752	101.660
501.944	80.891	50.639	101.874
498.996	82.411	50.335	102.222
487.804	84.803	52.018	102.096
484.490	85.110	51.381	103.369
472.798	87.298	52.137	104.680
468.326	88.176	52.117	103.818
435.539	95.486	59.553	108.280
430.448	99.301	58.232	108.438
425.725	100.834	59.964	109.166
422.145	101.701	63.100	109.654
419.901	102.278	63.478	110.027
409.338	104.629	65.834	110.424
401.589	106.570	68.137	108.782
385.831	108.072	65.528	109.506
379.252	109.574	69.667	108.290
368.265	110.271	73.462	110.985
352.350	111.807	75.626	111.770
344.315	112.393	69.977	111.675
347.041	114.332	66.459	106.187
335.315	116.145	70.586	107.944
325.697	115.925	81.844	110.314
313.574	124.024	97.197	105.303
298.591	124.612	111.774	105.003
280.510	119.390	126.705	109.969
281.022	120.029	84.106	112.311
287.982	120.436	73.847	110.178
290.476	120.010	66.006	107.573
275.940	120.729	81.757	107.967
263.344	119.777	99.706	108.602
236.528	120.377	129.180	111.993
227.831	119.593	127.467	113.684
211.694	120.599	124.656	114.619
206.158	121.564	125.155	113.525
192.366	120.792	126.174	114.397
186.020	121.533	125.182	113.105
179.883	120.792	124.859	114.175
166.760	119.579	126.849	115.462
162.179	119.257	125.211	115.062
152.061	116.347	123.970	116.929
147.223	115.678	121.156	116.631
135.937	114.443	120.814	116.222
127.520	114.253	115.929	116.112
125.024	112.136	110.545	118.573
116.082	110.598	108.229	118.664
111.901	110.527	106.839	116.980
106.488	109.324	105.282	115.123
102.671	108.884	102.319	115.157
99.909	107.904	100.617	114.590
94.439	105.220	94.520	114.303
92.521	104.713	92.558	113.601
88.589	103.895	92.644	112.410
87.753	101.510	88.204	113.174
85.527	100.948	86.570	111.837
84.114	98.989	83.642	110.984
82.607	97.973	83.069	111.099
81.202	95.462	78.100	110.520
79.789	95.089	78.568	109.039
80.557	92.761	73.568	110.184
80.146	92.069	72.605	108.794
82.535	89.876	68.031	108.516
82.882	88.641	66.851	108.034
85.888	86.620	63.488	107.224
86.804	85.930	62.134	106.086
90.804	84.073	58.670	106.451
93.740	81.110	57.560	105.579
95.936	81.115	56.503	103.442
100.808	79.629	52.587	102.561
101.755	78.948	52.526	102.744
105.486	77.233	50.383	100.946
108.197	77.051	49.429	100.240
113.911	75.163	46.966	98.479
115.560	74.169	47.071	97.903
119.908	72.193	46.177	98.358
120.920	71.590	48.029	98.282
126.121	70.095	45.848	96.035
129.992	68.779	44.929	97.023
135.361	67.152	44.823	95.842
138.289	66.497	43.926	96.129
143.757	64.432	44.252	95.345
147.321	63.890	43.063	96.198
152.210	62.165	43.741	95.031
154.210	62.225	42.732	94.900
158.952	60.702	43.722	94.265
161.975	60.344	43.784	93.007
167.421	58.523	43.473	93.529
169.818	57.790	42.557	92.401
175.269	55.314	42.084	92.809
177.785	54.470	41.394	91.295
179.272	54.792	42.427	90.100
177.316	57.049	42.783	89.769
175.750	58.118	41.580	90.026
172.766	61.372	42.706	91.418
170.938	63.581	43.181	91.684
167.601	69.027	43.063	87.301
166.171	70.682	42.873	87.994
164.476	75.137	42.958	86.407
162.520	79.484	41.719	86.812
161.996	81.998	40.845	85.892
159.558	85.901	40.290	86.056
157.548	88.048	40.897	87.012
155.919	91.064	40.968	86.757
153.293	94.826	41.371	87.548
152.083	96.678	40.716	88.548
149.652	100.935	39.978	88.469
147.820	105.132	40.925	86.258
146.321	107.187	40.605	86.324
143.968	111.416	40.271	85.717
142.791	113.926	40.693	86.102
140.405	118.933	40.190	84.620
138.638	120.678	40.324	84.870
137.638	123.018	39.623	84.806
134.730	127.603	40.418	82.943
133.143	130.028	40.877	81.854
131.989	132.762	40.967	82.771
129.072	137.830	40.890	82.316
126.994	141.198	41.417	82.213
124.158	144.070	40.496	82.022
122.913	146.429	40.162	83.120
120.959	149.507	39.920	81.760
118.222	154.223	38.708	80.419
116.516	156.637	39.462	79.611
115.129	159.563	39.138	78.915
112.283	166.070	38.205	76.934
110.853	168.457	38.160	76.008
107.835	169.808	37.759	75.291
106.106	168.960	37.196	76.461
104.355	167.860	36.976	77.464
101.018	167.225	38.043	76.470
99.418	167.512	37.848	75.336
97.916	167.019	38.307	75.477
99.629	165.535	40.467	75.819
101.748	165.600	40.515	75.563
105.893	164.885	38.675	76.564
111.637	164.426	38.575	77.584
115.688	164.047	38.831	76.999
121.601	164.359	37.896	76.943
124.146	164.059	39.435	77.787
127.995	163.015	37.198	79.753
134.639	162.161	37.640	79.160
137.808	161.161	37.765	79.133
143.566	160.534	36.410	78.085
146.838	160.621	35.539	76.074
153.275	159.510	35.630	76.680
157.530	158.115	32.388	75.995
162.423	156.056	32.712	76.501
164.619	156.714	33.681	76.399
169.583	155.720	36.735	76.616
172.543	156.928	37.185	75.191
176.501	157.523	38.627	74.927
179.594	158.743	37.638	72.961
185.890	155.147	35.264	75.250
188.883	154.631	35.630	74.585
190.357	154.372	35.295	73.929
193.740	153.905	35.730	72.923
195.273	153.692	36.446	75.053
200.262	154.335	35.845	74.752
203.375	154.290	35.250	73.154
205.879	153.042	34.031	73.983
210.116	152.061	34.118	73.215
211.405	152.735	35.270	73.788
209.860	150.221	36.202	74.947
214.830	151.668	36.827	74.333
218.884	150.908	34.714	73.629
219.558	149.569	36.177	72.964
221.423	149.329	36.274	73.113
223.694	148.593	37.567	74.074
227.170	146.973	33.904	73.289
227.733	146.251	35.398	71.366
231.836	146.699	33.760	72.452
233.997	145.729	33.899	73.151
236.883	145.104	32.884	72.132
236.484	143.811	33.628	71.887
237.496	143.494	34.670	73.884
237.673	143.138	35.979	75.966
238.976	141.942	35.509	75.716
238.656	141.574	37.003	76.860
244.832	141.576	31.849	77.012
243.134	139.288	33.007	78.557
243.933	138.379	36.486	76.907
243.632	138.984	35.356	73.934
245.283	137.919	33.399	76.135
245.559	138.353	35.861	75.798
245.619	136.626	35.465	77.073
244.440	137.722	36.430	77.816
247.156	136.389	35.473	72.001
246.717	136.166	35.358	77.736
247.354	135.485	34.248	78.884
249.231	135.738	31.603	79.012
244.793	134.406	34.835	71.324
244.645	134.372	36.307	69.850
243.777	133.002	32.593	71.764
242.505	131.790	36.889	72.082
243.868	134.501	33.700	72.105
245.335	132.901	34.993	72.666
243.366	133.035	35.254	70.713
244.151	132.603	33.766	68.536
244.639	131.920	32.443	68.060
241.492	131.989	35.368	66.663
240.359	131.841	36.404	67.882
239.617	131.056	39.351	68.205
239.057	130.975	37.187	68.465
236.416	130.289	36.158	68.146
234.628	129.765	37.079	70.400
234.079	129.868	39.965	68.355
234.746	129.920	35.579	69.150
234.921	128.124	37.186	73.211
231.711	126.423	41.055	72.593
226.652	124.649	34.754	74.095
228.896	122.779	33.224	76.886
219.448	117.491	36.062	80.743
224.049	121.662	40.917	79.403
211.878	126.879	44.914	79.910
209.846	124.920	50.007	86.554
227.546	129.010	49.992	81.134
214.667	121.594	42.017	83.737
219.854	121.239	30.537	80.283
216.922	122.078	30.783	76.494
213.410	120.071	27.250	75.429
213.117	119.927	26.948	81.076
208.799	121.013	29.792	82.865
204.078	120.691	32.767	83.791
201.183	120.494	36.124	86.772
195.829	120.594	36.275	80.670
193.160	120.041	36.886	78.241
193.224	119.987	37.937	76.039
191.476	118.932	35.939	74.489
191.220	119.014	33.240	78.552
186.224	112.418	33.907	73.129
186.875	115.641	34.125	65.468
185.054	115.256	35.139	60.709
183.968	113.125	33.092	65.174
183.415	111.371	32.243	67.452
176.889	109.872	34.820	66.872
176.990	109.729	32.136	63.286
175.859	109.638	31.412	66.724
173.478	106.953	31.381	68.470
170.640	106.565	30.970	62.955
171.454	105.363	30.023	56.991
165.653	104.062	29.954	71.631
154.655	102.827	33.099	64.719
149.037	101.392	31.990	63.238
137.557	100.466	33.027	64.023
133.493	99.056	32.442	60.819
129.538	97.810	30.390	62.908
124.927	97.655	27.778	54.906
122.633	95.870	27.951	49.141
121.598	94.589	25.943	52.888
121.616	94.277	26.483	51.282
119.530	91.126	26.808	57.703
117.416	89.812	29.149	53.764
117.832	89.193	28.632	59.476
118.722	87.638	29.333	52.355
119.309	86.809	27.616	55.034
120.423	85.575	26.974	53.811
120.708	84.900	27.276	54.300
123.941	83.136	25.938	57.147
124.844	82.148	25.886	56.262
127.166	79.741	25.221	51.236
127.113	78.756	25.354	50.255
127.557	77.137	28.248	52.219
130.135	76.233	27.009	54.174
130.733	75.749	28.498	56.836
131.558	74.569	30.079	55.312
135.169	72.794	28.820	54.307
137.473	71.614	29.013	56.180
140.847	70.717	28.637	55.617
141.885	69.760	28.531	54.710
144.066	69.717	28.752	54.065
150.478	68.517	27.527	52.765
150.694	67.953	28.773	52.736
155.385	67.056	28.229	52.237
157.539	66.597	27.924	54.111
162.918	65.382	28.099	56.626
166.751	65.346	27.848	54.230
171.831	63.993	27.637	57.251
173.860	63.569	29.146	58.830
180.335	60.336	29.306	62.698
185.934	62.662	27.248	62.131
191.950	61.104	27.374	60.723
195.114	60.778	27.643	56.849
201.125	59.107	27.418	60.178
208.975	59.668	26.864	58.155
210.963	59.488	27.361	61.686
214.100	59.646	27.315	60.130
221.186	58.340	27.517	57.906
222.040	58.757	29.300	57.322
232.002	56.800	27.174	62.951
233.088	57.689	28.406	58.492
239.981	56.856	28.527	55.473
242.202	56.499	29.171	57.093
251.024	56.233	28.706	58.633
255.773	56.417	27.116	59.253
262.699	55.947	27.114	59.519
265.886	55.540	29.364	57.657
270.749	55.307	28.088	64.305
277.133	55.341	30.851	62.446
281.006	55.542	29.258	61.778
290.383	54.814	28.501	60.946
299.495	54.527	28.001	61.684
303.762	54.549	28.825	60.698
307.095	54.894	29.272	59.451
314.084	53.936	29.528	60.354
318.808	54.012	28.541	62.169
326.942	53.581	29.346	60.713
331.779	53.226	29.021	61.603
334.398	53.978	30.269	57.773
343.754	52.059	29.039	61.382
347.344	52.332	29.567	63.789
354.513	51.696	28.670	64.143
356.904	52.201	30.250	62.611
364.854	50.713	31.009	63.641
366.772	51.116	29.140	62.809
366.491	51.243	28.805	64.533
366.048	51.748	28.077	59.702
365.256	51.576	27.826	59.499
365.161	51.578	25.653	58.746
364.293	51.411	26.115	56.876
363.837	51.481	26.250	53.991
362.509	49.801	26.651	58.631
361.986	50.086	25.911	58.284
360.645	49.820	26.750	57.786
359.841	50.252	26.732	55.874
359.190	49.843	26.519	55.972
357.526	49.481	26.106	53.704
357.091	49.640	26.098	53.604
355.564	49.570	26.070	53.140
355.284	49.736	25.369	52.708
353.663	52.100	26.053	55.530
352.952	53.434	26.518	57.837
350.950	55.751	28.092	60.467
350.624	60.753	28.194	58.525
349.571	63.714	27.934	56.765
348.912	68.020	27.664	60.404
347.879	72.989	27.291	65.439
347.360	75.351	27.823	64.313
347.016	77.079	26.946	62.915
345.586	82.005	27.316	64.256
344.541	84.901	27.281	64.074
343.217	90.461	27.859	69.903
342.548	92.991	29.532	61.903
342.362	97.923	27.650	62.912
341.705	101.032	26.813	62.330
341.167	104.119	27.528	62.322
338.983	110.470	28.064	60.689
339.762	113.516	25.854	64.462
338.299	117.740	26.017	57.831
336.735	121.036	26.174	59.767
336.341	123.687	25.955	61.210
333.982	129.598	27.033	64.281
333.212	134.634	26.536	64.884
331.502	135.728	27.805	64.813
331.161	140.016	26.264	67.690
328.962	145.502	26.702	65.906
328.056	145.768	26.630	69.023
327.186	150.584	26.881	67.052
326.070	155.988	27.875	65.607
324.920	158.509	26.947	67.130
324.257	163.661	26.833	68.155
323.489	166.658	26.879	70.098
321.743	168.359	27.654	72.569
319.654	172.285	28.376	72.957
319.683	176.634	26.873	75.148
316.484	181.097	27.902	74.629
315.338	184.494	29.973	74.693
313.579	188.138	28.734	70.121
312.314	191.870	29.195	69.812
311.314	197.733	27.182	68.905
310.300	198.122	26.863	72.456
307.931	203.745	30.090	72.047
305.466	206.568	30.337	70.617
305.344	210.512	29.327	70.334
304.079	215.300	28.495	67.484
301.934	217.916	27.210	65.415
298.885	218.035	28.011	61.701
297.851	218.721	28.199	59.196
295.983	218.514	28.024	58.062
294.010	218.441	28.740	56.259
293.565	218.012	26.771	60.224
290.490	217.965	27.419	55.966
290.453	218.165	26.203	55.860
287.159	216.904	27.621	60.526
285.502	216.564	28.227	57.686
283.231	216.361	27.697	60.336
281.985	217.329	27.388	56.259
278.722	216.434	27.278	53.450
277.602	216.600	27.059	52.858
276.869	216.285	26.961	54.740
273.282	215.273	28.479	56.502
272.808	215.920	28.040	52.414
270.884	215.550	30.105	53.662
277.774	216.464	25.088	58.443
281.794	216.188	26.398	54.243
284.081	214.429	27.783	57.574
289.847	213.896	28.349	56.720
296.300	212.437	29.453	58.143
299.622	213.154	28.098	57.349
301.744	212.459	27.895	57.354
299.200	211.134	28.409	59.938
299.410	211.449	26.905	56.973
300.102	211.253	28.179	58.879
303.452	211.861	27.095	57.832
309.369	211.466	27.298	56.566
313.098	210.735	29.277	56.695
317.329	209.910	27.346	58.726
318.467	210.029	27.626	59.680
316.910	208.930	26.054	61.925
316.125	208.491	25.738	58.871
313.697	208.004	25.704	56.013
311.051	207.195	26.708	57.795
313.804	208.045	28.463	53.285
319.078	207.452	25.659	54.299
318.478	207.934	26.281	53.875
317.926	207.262	25.653	54.553
315.635	206.742	26.136	54.218
314.504	205.989	25.591	53.751
312.770	204.394	25.458	52.192
311.309	206.014	26.030	51.063
310.931	205.111	23.881	53.914
309.183	204.774	24.504	54.252
308.636	205.299	24.957	52.329
306.507	205.184	25.889	55.216
306.493	204.896	24.759	58.223
304.603	204.764	25.711	57.524
303.947	204.168	25.317	57.242
302.082	203.940	26.897	57.501
300.357	203.262	25.849	60.073
299.960	204.561	25.349	58.075
299.334	204.884	25.232	56.112
298.048	204.627	25.483	60.504
296.839	204.309	25.280	57.708
294.657	203.743	25.876	55.930
294.881	204.244	24.830	54.709
293.967	203.725	24.960	51.632
292.228	203.763	24.585	50.690
291.095	203.002	24.959	49.670
288.941	202.978	25.034	51.477
289.113	202.729	24.897	51.723
287.325	202.763	24.154	50.317
285.104	202.274	24.667	51.874
284.106	202.311	24.531	54.841
283.534	201.343	24.490	53.912
281.302	200.874	25.043	57.142
280.107	201.421	24.589	56.274
278.949	201.644	24.855	58.207
277.619	201.643	25.024	59.918
275.256	201.624	25.271	57.435
274.896	201.219	25.169	56.372
272.554	200.554	25.588	60.957
270.195	199.867	25.034	58.309
269.579	199.884	25.180	59.431
267.836	199.323	25.252	59.617
266.184	198.373	25.157	61.953
263.909	198.856	26.030	60.818
