506.000	240.000	107.000	279.000
511.091	237.717	115.191	276.542
517.310	231.896	116.732	279.264
529.439	229.060	113.044	278.449
545.121	223.479	110.923	279.111
556.283	215.804	113.268	276.753
573.646	209.972	104.967	279.366
582.644	200.845	103.297	285.350
591.212	187.102	102.834	292.983
598.253	187.286	98.437	297.801
600.618	169.967	100.234	318.329
603.703	165.811	103.730	301.158
608.066	165.578	103.369	288.471
610.202	159.998	106.734	289.870
617.932	155.484	103.445	294.910
615.273	158.152	103.139	287.311
589.047	149.829	107.772	293.325
564.668	145.157	107.763	288.153
539.446	142.636	104.035	274.303
503.590	140.903	100.272	272.900
481.464	139.526	101.861	268.874
480.443	124.450	104.786	269.033
480.966	115.490	106.757	264.458
480.892	109.736	106.401	262.554
485.309	106.197	105.864	265.120
490.369	103.704	100.829	268.281
492.912	100.331	102.189	267.747
496.737	93.738	101.401	259.694
501.335	88.034	99.577	255.872
506.094	86.664	99.333	253.854
508.748	83.752	95.180	255.236
506.997	83.547	95.938	257.294
506.355	79.405	97.325	252.532
502.020	69.958	101.387	233.471
499.880	60.557	102.757	241.954
498.741	55.567	103.194	245.455
500.393	66.500	99.891	255.225
507.653	102.098	94.669	257.585
505.477	102.003	91.290	242.454
512.772	103.708	90.724	234.353
512.875	97.648	94.338	239.423
512.122	100.127	97.975	234.073
507.457	99.012	100.638	234.210
504.844	96.937	95.229	223.620
504.821	89.167	91.485	229.020
503.337	86.749	94.374	231.272
504.838	92.992	92.930	234.207
509.332	136.091	93.534	229.049
518.348	181.493	88.450	213.167
535.598	209.354	83.288	226.640
543.093	215.626	74.028	218.746
542.904	211.955	74.945	221.478
539.258	209.182	77.557	207.035
529.848	205.751	89.141	202.413
528.726	201.887	93.346	208.265
526.012	201.142	96.737	205.300
527.266	204.153	99.300	206.703
536.274	200.094	94.005	202.942
552.543	189.903	80.339	211.333
556.896	193.350	76.126	206.432
555.265	190.249	74.314	207.884
551.514	191.737	74.044	196.148
541.670	192.606	78.508	184.659
533.806	184.857	84.970	190.674
526.528	178.381	89.837	196.186
522.022	174.701	92.255	198.393
521.747	178.283	90.088	193.836
523.924	175.745	84.798	191.637
529.383	171.776	75.258	185.740
530.784	168.706	68.173	188.381
528.824	164.756	64.195	196.590
520.129	163.999	65.744	197.910
512.864	161.607	67.189	191.926
500.615	156.976	69.114	184.978
483.076	155.660	80.871	186.218
474.370	153.877	84.158	189.460
469.671	148.585	76.592	185.052
461.463	143.351	67.456	165.055
452.795	139.339	62.128	153.108
428.313	139.735	63.817	136.459
405.928	137.308	62.815	127.060
386.951	128.573	57.465	129.322
369.394	127.535	57.615	118.529
353.791	128.998	55.760	121.134
339.059	122.679	51.854	114.578
322.913	117.413	54.884	110.726
302.626	117.958	54.754	120.862
272.050	117.356	64.433	121.343
251.420	115.302	64.149	123.503
245.703	109.294	61.145	141.528
233.806	106.413	58.076	133.112
225.772	104.852	51.759	123.403
217.530	82.454	53.952	141.766
204.746	86.033	58.466	127.693
197.475	65.874	53.736	144.188
182.228	63.144	57.361	136.578
179.322	87.297	55.595	124.447
177.784	69.024	53.530	121.237
173.011	56.369	49.464	124.923
166.291	63.939	55.267	124.351
155.802	60.156	55.882	121.983
149.045	65.273	60.744	115.601
143.595	65.880	61.961	113.550
150.939	60.119	55.495	121.763
147.510	61.550	55.455	124.588
138.244	55.925	58.883	122.848
124.523	60.194	59.265	123.871
121.792	61.211	62.894	117.028
124.659	57.719	64.552	114.860
125.983	65.302	63.096	111.132
131.111	58.876	56.482	111.629
