2.000	118.000	36.000	42.000
7.369	118.127	29.678	44.280
9.803	118.513	28.870	45.454
14.110	118.572	28.133	44.196
17.894	118.294	28.954	45.090
19.982	117.806	31.235	45.372
20.718	117.871	27.411	46.076
20.630	118.258	27.490	46.036
23.104	118.236	26.533	42.933
24.699	117.784	24.932	43.750
25.689	117.198	25.128	41.943
27.776	116.737	23.812	44.874
29.588	118.038	24.440	43.599
32.283	117.233	23.451	43.400
34.452	117.280	23.748	43.763
35.683	116.498	24.696	44.293
36.084	116.548	27.234	41.405
37.186	117.186	29.229	45.073
41.375	115.149	27.275	43.069
43.344	115.545	25.032	42.210
45.350	115.541	23.667	43.437
47.761	116.441	23.432	44.880
49.909	115.817	23.848	45.771
52.806	115.612	24.460	44.187
55.299	115.167	23.776	47.629
57.541	114.977	27.038	42.337
58.442	115.241	27.389	46.756
60.089	115.648	27.405	46.303
65.053	114.054	23.967	43.923
67.654	113.878	22.769	44.639
69.122	114.623	22.989	44.993
71.509	114.566	26.685	45.899
73.739	114.003	27.471	46.538
76.418	113.218	26.137	49.831
76.162	114.079	28.490	48.660
80.116	113.898	27.238	45.303
82.331	113.507	24.980	45.199
83.915	113.088	25.842	45.108
87.802	113.193	24.883	43.409
91.993	113.179	23.389	45.017
96.533	113.714	23.857	44.767
99.153	114.191	22.779	41.065
102.034	111.959	22.108	46.776
103.369	113.200	23.776	42.992
105.687	114.072	23.915	43.607
107.043	113.956	25.812	46.216
112.285	112.712	23.305	46.078
116.439	112.985	22.247	44.141
118.263	113.663	24.255	44.446
122.304	113.553	25.500	46.752
124.736	112.781	24.054	45.386
128.051	111.845	23.922	46.499
131.047	111.618	24.078	43.393
132.142	112.676	26.294	42.617
133.454	113.438	27.506	44.111
137.866	112.165	25.954	45.713
141.487	111.109	22.946	46.618
144.451	112.000	22.430	46.142
146.082	111.549	22.460	46.347
147.197	111.872	23.731	45.481
150.074	110.966	24.638	46.675
152.844	110.356	24.051	47.164
153.678	111.450	26.847	44.898
155.198	111.274	28.479	44.981
156.850	109.949	27.388	45.341
161.249	110.194	24.021	44.497
164.078	109.025	23.240	44.729
165.322	110.022	23.837	44.161
167.166	108.803	24.039	44.748
169.124	108.299	24.336	46.856
171.489	108.448	24.157	45.386
173.532	108.784	24.264	43.544
175.081	109.245	25.819	41.846
176.460	108.654	25.837	42.627
179.570	107.769	23.482	41.032
180.479	107.568	23.424	41.459
182.352	108.134	22.681	42.036
185.002	107.638	21.629	43.659
186.461	107.571	21.625	44.108
189.178	106.768	23.649	43.691
190.983	106.886	25.062	43.224
191.599	107.347	26.669	41.807
193.844	106.692	26.653	41.632
195.755	106.085	25.391	40.683
199.817	106.034	23.349	42.984
200.575	104.490	22.842	42.521
203.909	105.615	21.651	43.679
205.589	105.464	21.986	44.360
206.819	103.207	22.387	44.730
208.668	103.678	22.559	46.013
211.283	103.836	23.984	41.947
212.042	104.451	24.942	41.263
215.554	104.177	23.502	41.313
218.612	102.892	22.615	43.274
220.583	103.089	23.646	42.984
222.754	103.605	22.815	44.760
225.165	103.804	22.745	45.909
226.675	103.531	22.072	46.212
229.072	102.766	22.057	46.545
230.449	103.586	23.341	43.580
232.141	103.618	24.747	43.208
234.602	103.385	24.332	42.430
236.493	102.588	23.121	43.974
239.568	102.392	22.987	43.112
241.043	102.398	22.186	42.395
243.437	102.875	21.918	42.790
245.992	101.601	21.411	46.062
248.744	101.494	21.412	46.074
249.777	102.224	23.653	40.797
251.780	101.850	23.431	42.468
254.257	101.516	22.922	44.669
257.112	100.584	22.117	42.695
259.211	100.652	21.678	41.343
260.690	100.745	20.944	43.494
262.325	100.720	21.723	45.489
265.184	100.605	20.632	45.227
266.726	99.836	20.099	44.870
267.618	100.491	22.142	43.296
267.922	100.982	24.760	40.158
270.446	100.013	23.663	40.021
272.439	98.944	23.324	39.245
275.933	99.452	21.797	43.057
276.656	99.594	23.175	40.478
279.998	99.577	20.650	41.815
282.693	99.081	19.203	42.430
283.591	98.909	20.055	43.111
284.060	98.376	20.984	40.718
285.564	98.511	22.217	38.328
287.304	97.931	21.325	40.632
288.837	97.818	21.595	39.543
291.501	97.302	21.841	38.579
