507.000	188.000	54.000	95.000
503.043	185.756	47.901	95.426
499.778	184.085	49.086	97.290
496.320	183.687	52.080	97.101
492.700	185.513	50.954	94.325
489.699	183.148	48.677	95.365
486.703	180.242	50.186	94.129
483.398	176.949	49.225	98.002
479.465	179.122	48.877	94.431
474.752	177.926	48.861	94.343
470.800	173.756	49.735	96.082
467.788	172.985	51.239	95.493
466.383	173.084	49.309	94.846
465.822	173.269	46.129	92.324
466.108	170.039	44.497	91.539
462.515	168.845	45.353	92.486
460.739	169.646	45.810	91.309
458.015	168.817	46.747	89.920
455.921	166.791	44.203	89.961
454.581	164.604	45.325	89.853
453.738	165.181	43.782	89.905
454.063	166.649	42.081	87.148
454.564	163.069	39.000	87.225
453.276	161.098	40.351	88.450
451.306	160.515	40.826	89.674
448.199	160.808	42.894	88.149
445.749	160.930	43.871	87.451
442.215	158.686	46.171	87.439
439.925	156.466	45.967	89.791
438.006	157.272	46.752	88.392
436.567	158.819	47.297	86.555
435.373	157.168	44.895	86.330
431.426	155.866	43.280	87.293
428.027	157.426	41.855	86.019
423.704	157.045	41.961	85.285
421.145	155.955	40.860	84.442
418.267	154.384	41.023	85.986
416.133	155.773	41.143	84.790
413.186	157.599	40.786	82.870
412.094	156.476	43.029	82.902
410.439	153.708	42.446	84.707
408.068	152.387	41.597	87.457
404.574	152.394	42.412	85.967
402.501	151.824	43.408	85.479
399.324	150.303	43.277	85.492
395.534	148.456	44.843	85.688
394.610	148.345	43.746	86.491
393.612	148.728	43.565	85.907
391.672	148.381	42.889	83.492
389.275	146.939	44.063	83.074
385.701	145.755	43.509	85.125
384.963	146.671	41.076	83.358
382.647	147.639	39.971	81.516
380.397	146.373	39.329	81.284
378.441	145.647	40.241	80.717
376.580	146.694	41.417	80.014
375.305	145.850	39.201	80.028
373.904	144.569	37.374	78.284
372.098	142.563	37.233	80.337
370.309	142.039	36.389	80.840
368.206	142.618	36.285	79.486
365.850	143.431	35.498	78.907
363.453	143.368	36.029	76.591
361.849	141.736	36.849	77.964
359.007	143.231	38.495	76.963
357.730	142.216	39.006	75.914
355.318	139.296	39.639	76.625
352.623	139.629	40.239	76.883
350.374	141.096	38.447	75.002
348.204	141.882	35.858	73.438
346.854	141.587	33.157	72.502
346.004	139.832	30.979	73.172
344.170	140.242	30.673	72.136
341.679	140.936	30.259	71.440
338.812	141.162	31.753	69.962
336.416	141.710	32.207	67.410
334.043	139.351	31.857	70.879
330.959	139.361	32.828	70.259
328.541	140.344	32.567	68.016
325.571	139.124	31.674	68.348
322.459	137.751	32.683	70.346
319.959	138.681	33.538	68.523
319.404	138.164	32.128	69.311
318.867	138.025	31.394	67.248
319.007	136.636	30.501	67.209
317.160	135.409	31.122	69.301
314.760	135.462	32.356	67.886
313.286	134.821	31.657	68.084
310.365	133.067	32.783	69.327
308.187	131.972	33.035	70.759
306.276	132.773	33.407	68.124
305.841	132.935	32.430	67.334
306.713	131.667	31.871	68.029
307.117	130.800	30.871	67.977
305.812	130.532	32.101	68.115
305.138	131.808	30.922	65.911
304.682	131.963	30.113	65.550
303.774	130.652	30.529	66.156
303.406	129.049	30.630	67.494
303.510	128.575	29.326	67.243
304.526	128.741	27.653	65.805
306.291	125.266	26.281	68.483
307.544	126.258	25.611	65.005
308.373	126.687	25.545	65.225
309.580	125.096	24.848	66.195
312.690	124.803	30.048	67.490
308.706	122.241	29.563	66.685
320.172	121.508	25.696	62.520
317.908	121.810	29.582	63.100
321.978	121.318	28.333	62.814
326.001	120.992	28.450	63.680
331.967	119.428	26.371	62.157
335.366	118.370	25.013	60.786
336.326	119.284	25.674	60.370
338.907	118.736	26.856	57.938
341.590	115.952	26.304	59.210
340.822	116.816	27.330	60.647
343.095	116.676	29.770	58.153
346.987	116.619	28.443	59.734
349.485	116.440	29.603	57.968
350.839	114.209	27.224	59.252
351.292	113.488	28.478	58.577
354.969	113.632	26.836	56.699
354.655	114.732	26.444	57.400
353.509	114.819	27.196	57.234
354.038	112.269	28.587	58.030
351.514	108.712	33.142	61.775
355.258	110.570	31.812	61.929
349.772	109.457	32.231	61.443
348.583	108.872	38.645	65.871
346.647	109.353	34.152	64.455
347.297	107.899	31.274	64.206
346.860	109.260	30.376	61.591
345.826	107.652	28.921	60.758
339.569	109.322	24.817	57.576
336.628	105.573	24.450	57.110
334.376	105.724	26.072	55.203
339.636	107.349	22.752	54.676
339.775	106.111	23.031	58.300
337.588	105.066	25.319	55.076
338.112	104.047	24.624	57.802
337.297	104.976	25.406	59.517
335.609	104.894	26.871	57.784
334.388	103.246	26.269	60.859
334.314	102.166	25.033	61.792
333.974	102.980	24.062	59.181
333.995	104.255	23.506	55.870
334.563	101.607	24.438	56.034
330.434	100.850	27.276	57.473
330.984	100.641	26.557	59.722
329.507	101.019	27.100	58.019
329.351	102.026	25.516	58.824
328.949	100.097	23.881	57.923
327.559	99.696	22.779	54.240
326.593	101.025	23.239	52.680
328.661	100.613	23.391	52.939
326.112	100.884	23.269	51.479
324.673	99.733	22.106	52.057
323.317	97.042	23.424	56.833
321.183	97.479	26.990	54.807
314.968	96.841	30.297	56.003
307.177	96.726	30.124	56.392
307.950	97.986	26.165	55.423
308.475	95.748	27.397	55.064
307.610	97.335	24.919	51.886
306.607	94.871	23.421	58.109
304.701	93.679	25.557	52.275
304.194	92.010	24.405	53.317
303.020	93.540	24.661	50.550
303.480	95.422	23.411	51.027
301.907	94.198	23.499	49.501
300.685	94.341	20.911	47.137
299.527	92.256	21.657	47.845
298.016	93.245	23.048	47.864
298.312	92.835	23.159	47.502
298.890	91.650	22.089	46.830
298.277	92.292	23.166	45.515
296.417	90.511	24.569	46.873
293.978	89.729	24.889	46.890
292.475	91.917	24.097	47.546
291.564	91.862	25.049	47.255
290.050	92.311	25.629	48.745
288.650	92.716	25.666	48.573
289.004	90.834	28.092	48.624
287.222	91.222	27.743	47.945
285.795	87.483	26.785	51.665
284.428	89.879	26.374	49.617
282.552	90.616	27.069	49.454
281.641	89.747	27.038	49.785
280.641	90.276	26.207	50.318
278.543	88.049	27.280	50.917
276.211	88.501	29.098	53.439
275.197	90.262	29.765	55.905
275.023	87.393	30.875	59.567
273.685	87.614	31.154	57.780
272.158	88.231	31.531	56.385
271.281	88.045	31.028	56.950
269.937	87.174	30.786	57.023
268.936	87.276	29.443	52.895
268.526	86.792	28.543	56.061
267.178	87.520	28.397	55.028
268.046	87.260	29.372	56.315
267.192	86.522	28.435	54.909
267.027	85.722	27.703	52.376
264.608	85.124	29.315	52.537
261.570	86.488	28.642	52.459
261.658	85.788	29.077	52.486
258.984	83.510	30.166	55.166
256.350	85.157	29.818	52.962
255.503	85.386	28.363	50.215
255.032	87.103	26.946	49.709
255.713	84.728	28.960	52.986
254.101	83.452	28.325	55.417
252.489	83.694	26.857	55.071
252.149	83.753	30.311	54.681
250.546	82.659	32.497	57.739
249.031	80.971	32.067	58.502
249.040	80.535	31.160	57.644
247.607	82.546	30.051	55.489
248.274	81.987	33.061	56.175
247.611	81.286	31.475	56.144
247.837	81.090	31.656	55.555
247.026	80.829	29.051	55.959
246.733	81.708	31.122	54.275
245.565	81.101	27.436	54.456
245.068	80.377	30.761	54.651
245.565	80.879	27.006	54.357
245.877	81.050	31.032	54.333
247.007	80.745	30.190	53.309
248.603	79.352	31.803	54.680
248.010	78.032	29.043	55.590
249.129	78.331	31.294	55.062
248.344	79.042	30.682	53.979
248.340	78.581	28.060	53.472
249.472	76.930	31.608	55.034
250.723	76.612	31.145	55.165
251.671	75.500	30.630	56.122
252.330	75.796	29.767	55.327
253.219	74.360	29.918	55.949
253.222	74.044	29.915	56.197
253.665	74.571	27.983	55.326
253.429	75.336	28.218	53.412
252.554	75.472	29.325	52.682
251.683	72.535	28.886	55.496
250.861	73.275	29.945	54.125
251.453	73.901	31.693	53.372
252.808	72.668	31.132	53.983
253.407	70.239	30.196	56.531
252.288	70.516	30.422	56.045
251.891	71.550	30.427	55.249
251.445	71.500	30.532	54.800
250.621	70.049	31.459	55.788
250.213	68.920	31.453	57.072
249.110	69.794	32.207	55.667
249.448	69.945	32.164	54.468
250.124	68.912	32.383	56.285
250.454	68.207	31.437	56.145
250.138	68.375	31.060	55.586
249.264	68.689	32.068	54.850
249.674	68.313	31.752	54.940
250.300	67.466	30.429	55.917
250.845	67.821	30.136	54.187
251.735	68.481	29.551	53.476
253.366	68.744	29.249	52.246
254.754	67.584	26.265	52.208
255.762	66.709	26.876	53.030
255.962	67.383	25.898	53.643
255.606	68.453	26.643	53.368
256.170	67.565	25.209	50.341
256.456	65.766	25.701	53.859
256.627	67.200	24.336	52.071
257.597	66.479	26.465	52.686
257.689	68.966	24.166	50.305
258.236	64.816	25.005	52.500
258.864	67.497	27.416	49.720
258.531	66.140	26.614	50.292
258.887	66.192	27.478	51.562
258.977	65.551	26.960	49.426
257.966	64.977	27.175	50.510
258.090	64.470	26.692	51.120
258.424	65.631	27.588	50.488
259.409	64.778	27.208	50.702
260.331	64.122	26.940	50.515
261.616	64.098	25.351	50.354
261.726	64.622	26.004	49.202
262.686	64.707	25.266	50.122
263.209	64.334	24.931	50.030
262.343	63.573	25.676	51.446
262.678	63.607	25.943	51.462
263.280	64.376	26.191	49.148
264.739	64.312	26.350	49.786
265.694	62.738	24.878	51.024
266.190	62.239	25.948	51.117
266.412	62.887	24.731	49.754
266.777	63.216	24.543	48.520
266.922	62.960	23.747	49.474
267.190	61.539	23.856	48.854
266.980	62.721	24.096	48.923
267.601	64.302	23.489	46.647
267.386	64.724	22.704	45.733
268.518	62.784	21.327	47.804
268.945	61.952	21.642	48.344
268.280	63.198	21.987	46.047
268.155	63.529	22.978	45.861
267.735	62.436	22.300	46.994
268.014	61.237	24.531	47.928
268.095	61.496	23.781	47.881
268.089	62.400	23.402	45.969
268.936	61.019	23.994	47.282
269.148	61.114	23.097	46.712
269.112	60.538	24.401	47.352
269.229	60.866	24.075	46.645
269.559	60.457	23.733	46.771
270.057	59.450	23.463	47.024
270.495	58.501	24.347	46.910
270.300	58.824	24.491	46.420
271.350	58.873	25.155	45.773
272.429	57.585	24.428	47.018
272.501	56.928	24.920	47.517
272.922	57.694	24.224	46.881
272.852	57.840	24.320	46.101
273.913	57.392	23.277	46.232
274.832	56.845	21.316	48.562
275.123	55.847	21.470	48.616
275.542	56.915	21.635	46.898
276.667	57.057	21.061	46.853
277.214	56.338	20.743	46.342
278.196	55.195	21.185	48.540
278.360	55.829	21.109	47.205
278.342	56.708	21.360	45.561
277.915	55.999	22.004	47.911
278.216	54.777	20.237	48.511
278.269	54.611	21.015	47.366
278.266	55.614	20.988	47.436
278.062	55.602	21.954	45.684
278.594	54.772	21.927	46.394
279.342	53.561	21.675	48.173
278.948	53.252	22.116	47.864
278.798	54.526	22.320	45.183
279.240	54.420	21.744	45.393
278.980	53.253	22.587	47.867
278.309	53.979	22.260	46.188
