431.000	204.000	44.000	110.000
433.772	202.348	43.679	113.649
435.856	202.120	41.879	114.391
436.471	202.193	42.013	115.374
437.012	202.037	41.290	115.514
437.172	201.993	40.603	115.035
436.603	201.833	40.557	115.535
436.249	201.472	40.595	116.858
434.484	202.141	41.732	116.810
433.332	201.568	42.462	116.984
432.089	202.084	43.127	116.160
431.202	202.759	43.324	113.751
430.428	202.648	44.831	114.338
430.003	203.275	44.237	112.426
428.404	203.108	45.102	109.112
427.968	204.310	46.096	103.414
429.124	204.087	45.374	100.117
428.946	203.690	44.220	100.368
431.653	203.108	41.954	100.150
429.808	201.322	45.544	114.419
430.977	203.235	45.116	115.105
431.145	203.086	44.964	114.196
431.514	202.084	43.556	114.776
432.904	203.055	43.467	113.587
433.403	203.311	42.614	113.007
432.792	202.878	43.302	113.280
432.520	203.616	43.115	112.081
431.387	202.153	43.761	114.215
431.174	202.952	44.128	113.847
429.205	202.645	46.301	114.510
428.044	202.912	47.069	114.698
427.551	204.129	47.039	113.888
427.759	204.300	44.254	114.201
427.205	204.887	40.857	114.350
427.221	204.278	38.110	116.445
426.413	203.257	38.561	114.858
426.066	203.439	39.190	114.598
423.985	203.983	42.570	112.898
420.989	204.265	44.250	111.637
421.569	204.431	39.984	111.596
420.659	204.152	37.284	113.411
419.793	203.269	37.345	114.610
416.146	204.544	40.309	111.888
415.288	203.926	40.228	113.059
414.259	204.020	40.689	113.389
412.796	204.541	43.196	111.271
412.060	204.319	43.547	110.822
412.438	204.625	39.099	112.333
411.097	203.872	37.165	111.834
408.730	203.280	37.542	113.484
408.247	202.545	37.746	114.082
408.507	201.749	37.699	114.590
408.249	201.848	38.520	114.381
408.926	201.455	38.486	115.336
409.383	202.023	39.762	115.148
410.578	202.475	41.045	114.321
410.761	202.515	40.110	115.104
410.287	203.222	41.402	114.517
409.298	203.851	41.416	114.265
408.185	204.143	40.861	113.570
406.272	204.510	40.391	112.686
403.085	204.020	41.460	113.643
400.741	204.754	43.090	113.711
398.655	204.721	42.768	112.714
398.029	205.035	43.015	112.120
397.210	206.589	44.218	110.820
397.266	205.688	44.417	111.560
397.680	206.158	43.592	110.667
397.576	205.847	43.416	110.914
397.500	208.006	43.944	109.039
397.938	207.248	42.414	109.412
397.807	208.518	42.472	108.139
398.376	207.028	41.868	110.589
397.563	207.755	43.033	110.967
396.454	206.258	44.449	111.906
396.998	204.934	45.081	113.788
397.468	208.507	44.841	110.002
397.985	208.135	44.723	109.738
398.445	207.166	43.343	111.225
398.500	206.510	44.457	112.081
399.441	206.187	43.839	110.790
398.089	205.562	44.491	111.509
399.517	206.120	43.530	111.767
399.455	205.377	43.739	111.421
399.641	206.439	43.815	110.969
400.474	206.548	42.977	110.793
399.760	206.833	43.182	110.548
399.082	204.551	44.177	113.130
398.972	204.274	44.849	112.687
399.539	203.905	44.118	112.887
399.762	203.447	43.927	113.956
398.981	203.749	44.508	113.401
398.891	203.671	44.753	114.096
399.259	203.858	44.364	114.117
399.263	204.147	44.589	112.661
398.982	203.643	44.871	113.607
399.528	204.154	44.902	113.399
399.623	204.030	44.831	112.221
400.081	204.240	44.485	112.282
399.814	204.032	44.204	112.251
399.906	203.944	43.929	112.573
399.775	203.982	44.204	113.406
399.576	203.410	43.571	114.778
399.193	203.440	44.295	113.165
399.423	204.048	44.513	113.140
399.170	203.397	44.207	114.473
399.658	204.284	44.194	113.535
399.607	204.039	43.548	113.943
399.445	203.922	43.923	113.702
398.620	203.804	44.925	115.107
398.839	204.147	44.423	113.281
399.177	203.013	44.645	115.330
399.075	203.696	45.092	113.656
399.089	204.129	44.719	114.469
399.596	204.192	44.471	115.146
399.176	204.512	44.521	113.650
398.720	203.766	45.017	114.384
399.638	204.529	45.245	114.075
399.689	203.956	44.666	114.657
400.195	204.490	44.732	114.166
400.540	204.389	44.503	115.158
399.656	205.140	45.063	112.156
400.598	203.725	43.432	115.238
400.701	204.342	44.266	113.385
400.362	203.647	43.840	113.467
400.025	204.380	45.152	114.887
400.626	204.068	44.229	113.718
400.343	204.524	44.255	113.553
399.948	204.397	44.176	114.473
399.992	204.546	44.179	113.348
399.969	204.429	43.786	114.482
399.829	204.749	43.863	114.173
399.511	204.201	44.413	114.824
399.652	204.232	44.415	115.055
399.858	204.075	43.213	113.474
399.872	204.519	43.723	114.696
399.716	204.361	42.874	113.957
399.756	203.499	43.023	114.495
399.743	204.313	43.680	114.910
399.428	204.400	43.036	113.408
398.998	203.065	43.232	115.943
398.806	203.748	44.619	115.273
399.237	203.989	43.691	113.184
399.181	204.032	43.654	115.026
399.015	203.995	44.043	114.257
399.506	203.755	43.891	113.921
399.333	203.905	44.436	115.580
399.345	204.029	43.678	114.997
399.332	204.035	43.450	114.630
399.608	204.043	43.129	115.241
398.829	203.804	43.665	114.004
398.562	204.235	43.871	114.780
397.976	204.232	43.912	115.159
396.951	203.718	45.134	114.073
397.596	204.529	44.929	114.492
397.219	203.836	44.531	113.663
397.900	204.292	44.142	113.940
397.314	204.161	44.745	114.812
397.146	204.029	44.437	113.655
397.698	203.944	43.347	114.185
398.070	204.235	43.568	114.729
396.750	204.043	44.368	113.596
396.333	204.215	44.833	114.381
396.645	203.280	44.836	115.851
397.393	204.641	45.000	114.535
398.528	204.630	43.665	114.044
398.653	204.122	43.725	113.875
399.460	203.647	42.751	114.851
399.378	203.607	43.263	115.460
399.593	203.995	42.909	113.337
399.538	203.460	43.687	114.758
399.440	203.242	43.787	114.845
399.442	204.108	43.565	113.825
398.811	204.078	44.108	114.058
398.410	204.303	43.491	113.219
397.883	204.051	44.119	115.008
398.013	203.479	44.242	115.134
397.692	203.630	44.507	114.508
398.069	203.935	44.413	114.091
397.434	203.440	44.235	115.061
397.484	203.866	44.702	114.894
397.692	203.983	44.170	114.725
398.095	203.797	43.689	114.301
398.666	203.593	44.010	114.795
398.259	204.069	44.025	114.328
398.827	203.321	42.711	115.024
398.358	204.118	43.352	114.742
399.100	204.043	42.840	114.518
398.484	204.235	43.306	112.930
397.952	203.617	43.442	113.474
397.947	203.604	43.625	112.629
397.606	203.557	43.900	114.502
397.720	204.186	43.713	111.964
397.102	203.842	44.440	113.229
398.011	204.331	43.680	114.787
398.061	204.242	43.442	112.606
397.952	203.224	43.092	113.307
397.624	203.596	43.807	113.792
397.511	203.279	43.220	114.333
396.632	203.623	43.195	114.496
395.292	203.765	43.597	114.991
394.481	204.303	43.095	113.270
394.226	203.540	42.571	113.926
394.019	204.122	41.944	112.258
394.261	205.038	41.913	110.623
396.373	207.957	42.598	109.430
397.615	211.289	43.095	109.221
398.155	214.725	44.871	107.543
397.998	217.514	46.364	103.489
398.621	219.138	48.088	100.379
398.815	220.762	47.270	101.430
399.341	222.962	44.907	99.289
397.620	220.648	45.522	101.974
399.566	218.543	44.135	108.646
401.548	222.483	43.018	110.178
404.916	224.588	42.561	112.445
405.113	224.639	44.987	108.858
406.877	226.278	48.129	102.785
405.405	226.592	49.869	107.674
405.993	226.709	49.766	114.524
407.227	227.758	47.732	118.319
407.115	228.164	46.015	115.829
407.722	228.701	44.363	112.881
408.533	228.352	42.833	116.393
407.967	227.798	43.065	120.469
408.198	228.250	43.874	119.606
409.544	229.989	44.091	122.202
412.549	230.150	45.709	122.686
411.627	231.416	48.897	126.480
408.215	230.754	53.479	124.100
408.786	233.292	51.431	125.055
410.611	234.598	49.481	125.800
409.752	236.869	50.180	123.680
410.523	237.720	47.871	121.728
410.715	236.068	45.808	123.896
410.704	236.390	44.345	127.181
411.560	238.638	43.189	124.550
412.433	240.991	46.077	126.872
413.810	241.099	47.206	127.728
414.237	240.424	51.735	128.700
413.485	240.549	54.622	127.724
414.219	241.398	55.270	128.226
415.928	243.684	52.628	128.057
415.242	245.030	53.331	127.948
417.808	244.539	51.174	128.568
419.134	244.635	50.003	127.590
421.842	244.572	46.019	129.774
423.783	244.881	47.503	130.471
427.006	246.451	49.655	129.554
430.379	247.885	51.484	132.386
435.152	247.761	50.694	133.876
436.422	247.856	54.874	132.944
438.715	247.728	55.564	133.502
443.958	247.980	56.440	132.238
446.936	248.439	56.840	131.150
451.161	248.186	53.760	130.539
454.225	249.040	48.063	131.421
455.255	249.069	44.857	133.326
455.456	249.490	47.857	133.377
457.082	251.774	49.118	134.574
462.904	251.074	44.645	134.548
468.351	251.798	43.226	135.473
475.365	251.535	41.958	133.749
479.109	252.346	43.397	133.740
480.400	253.096	45.674	132.997
482.110	253.792	55.989	128.146
483.913	255.059	58.605	128.156
490.869	255.291	54.303	126.691
493.796	254.977	52.192	124.370
498.891	255.117	48.014	127.246
502.349	255.337	45.307	134.351
504.840	256.067	43.648	134.477
507.972	258.118	42.923	134.040
511.663	259.817	41.928	135.467
513.557	260.276	43.087	137.140
515.299	260.013	45.851	138.621
513.713	260.315	53.092	138.275
514.508	261.702	54.175	139.396
515.904	262.755	54.575	136.122
516.644	264.316	54.043	136.045
516.147	266.778	56.016	138.807
517.034	266.662	56.965	139.867
519.118	268.162	55.739	138.608
522.373	266.508	53.898	140.189
526.127	267.341	51.642	141.070
529.567	267.495	50.272	140.885
531.319	267.791	47.860	140.096
533.769	268.961	44.393	142.608
535.238	270.495	41.595	142.116
533.855	269.315	44.065	143.787
531.583	271.856	48.110	140.866
530.546	270.825	51.804	141.269
529.144	271.564	54.365	142.996
527.492	272.845	55.682	143.417
526.574	273.172	56.719	141.313
526.578	274.360	55.496	137.951
526.918	274.829	51.512	142.528
526.637	276.648	48.796	144.103
524.871	275.458	48.503	145.704
524.382	276.362	50.215	145.209
524.498	275.853	50.932	146.131
517.837	277.547	57.889	144.791
519.066	277.803	57.370	144.484
521.149	279.391	56.362	143.533
519.761	280.454	60.288	144.298
520.046	280.646	58.580	148.413
520.254	282.238	58.964	148.638
521.522	282.762	58.193	146.677
522.094	283.348	57.430	146.028
522.225	283.284	57.228	145.986
521.940	283.484	54.949	148.718
520.064	284.097	54.995	149.725
517.248	285.089	58.509	147.286
517.577	286.889	57.759	149.639
509.005	287.704	64.953	150.444
510.993	286.464	64.083	152.857
510.234	286.670	64.479	151.136
506.719	287.636	65.989	151.575
505.585	289.757	66.275	149.179
508.454	290.906	63.630	148.041
514.206	292.557	58.661	146.614
516.929	292.277	55.780	149.170
520.532	292.015	52.163	147.633
521.913	289.146	49.125	150.652
519.831	290.273	51.230	150.501
518.284	290.936	53.867	149.185
515.212	290.913	57.208	150.695
506.684	291.567	64.063	149.766
503.545	290.460	63.050	150.645
503.100	290.666	59.603	150.990
502.627	292.181	57.500	149.080
505.774	292.671	52.349	149.095
505.726	292.112	49.757	151.348
505.587	292.904	48.189	151.744
503.607	293.867	48.064	151.869
500.068	295.125	50.085	151.747
496.974	294.537	54.066	150.471
494.123	294.904	53.860	151.420
490.223	295.073	53.944	151.809
488.380	294.237	53.915	155.257
489.760	294.287	49.124	154.407
480.677	295.189	57.652	152.975
464.383	294.774	79.814	153.409
461.283	294.788	81.913	154.403
472.466	293.853	72.417	153.645
484.750	294.823	57.773	152.331
485.708	293.775	55.721	149.661
480.210	293.073	58.486	150.388
480.548	293.258	56.176	148.411
477.562	293.262	57.440	149.503
471.765	292.218	62.126	149.703
458.051	293.288	69.558	148.246
450.212	293.463	67.607	147.527
448.228	293.271	61.420	147.691
448.116	293.550	58.893	146.195
444.773	293.669	60.772	147.053
441.148	294.217	63.716	146.100
437.408	293.076	65.368	149.301
433.853	293.990	66.559	146.953
430.913	292.930	65.481	146.597
426.051	292.914	67.278	148.299
418.812	294.011	70.297	149.400
418.349	293.659	69.433	149.660
419.815	293.750	66.967	149.600
426.373	293.745	60.109	149.987
425.672	294.523	62.126	151.157
424.857	295.090	63.705	150.452
422.678	293.587	67.649	151.484
446.030	294.527	63.778	150.667
481.855	293.926	62.457	145.148
503.541	292.194	62.717	149.685
540.234	294.713	58.601	148.920
553.022	300.265	57.733	149.970
555.540	300.532	57.906	151.397
555.913	302.810	58.561	149.826
556.417	301.064	59.832	150.978
557.053	302.826	59.557	149.137
557.280	300.998	59.133	150.842
555.492	299.259	60.668	152.488
556.872	300.288	56.981	151.214
557.559	297.868	55.646	153.273
556.196	298.920	55.237	153.190
557.203	299.287	54.439	152.850
556.568	299.290	55.870	153.564
555.913	298.940	56.626	154.142
556.941	299.188	54.805	153.421
554.187	298.976	57.999	154.154
555.257	300.128	56.663	151.627
554.486	300.480	57.816	151.411
555.513	300.143	56.839	152.113
553.825	300.764	58.403	151.287
553.485	299.831	58.847	152.357
553.172	301.465	57.703	151.143
552.347	300.404	56.949	150.795
551.454	300.839	57.614	149.555
555.009	300.601	54.222	150.153
552.700	300.935	56.449	150.570
554.672	300.437	55.909	151.351
554.724	300.021	55.811	153.066
556.823	300.560	55.698	153.168
556.300	304.536	56.110	147.929
556.183	301.030	54.923	151.167
556.607	304.396	54.660	149.568
556.780	303.000	53.903	151.570
556.213	301.703	53.587	153.102
553.600	300.704	56.297	153.680
552.939	301.131	58.095	152.646
553.317	301.743	57.707	151.454
554.096	301.533	56.593	152.915
552.943	300.986	58.201	152.041
553.204	301.059	57.684	151.945
553.262	300.955	57.849	152.049
554.405	301.885	56.780	150.503
553.172	302.597	58.762	149.292
552.805	303.085	57.694	149.424
551.082	303.357	58.072	149.093
551.314	302.583	56.432	149.972
550.737	302.409	56.066	150.465
550.651	302.715	55.457	149.955
550.539	303.493	53.577	149.280
550.374	303.407	50.111	148.459
550.903	303.342	49.012	148.717
551.611	303.819	48.866	150.123
553.033	304.342	46.641	152.822
554.943	305.398	43.712	153.600
554.431	305.432	45.547	153.845
556.264	305.438	44.752	152.810
557.376	310.785	45.125	146.740
559.764	311.640	43.589	147.054
563.840	314.395	41.492	143.793
564.626	310.627	43.624	149.491
567.181	309.703	44.404	151.174
566.468	309.430	49.010	152.017
561.175	309.016	58.603	150.883
559.784	308.159	63.062	151.070
562.961	307.741	61.453	151.796
566.175	307.423	60.288	153.306
568.267	307.274	58.412	153.174
569.733	310.125	57.573	148.714
570.727	313.538	57.007	145.002
574.947	311.073	52.129	148.839
577.200	310.548	49.728	150.982
576.619	308.477	51.037	153.211
574.633	308.416	51.320	154.337
567.894	309.417	59.791	153.310
566.755	308.690	55.175	153.825
565.664	309.383	56.001	153.525
565.191	308.964	53.288	153.874
565.225	309.129	52.560	153.445
564.033	308.321	53.659	155.165
563.581	308.438	54.292	154.401
561.846	309.069	56.893	154.462
559.854	308.540	59.388	154.499
559.096	308.894	59.908	154.279
559.820	309.401	58.494	153.986
561.879	309.879	56.212	154.591
561.125	309.415	56.892	154.013
559.580	308.609	59.033	155.396
561.926	311.319	55.631	151.038
565.039	314.213	51.063	150.234
564.731	317.459	50.233	145.887
566.823	317.883	47.789	146.706
566.984	317.582	47.668	146.473
566.804	314.208	47.902	150.303
567.797	311.017	48.239	154.502
568.229	310.713	46.611	153.870
567.453	310.372	46.693	154.680
567.692	309.131	46.173	155.483
566.731	308.634	47.769	156.544
568.594	308.293	45.699	156.598
569.445	309.145	45.476	156.336
570.757	308.925	45.154	156.770
572.082	308.120	44.009	157.232
570.664	309.004	44.650	155.968
571.265	307.665	44.747	157.524
571.203	307.947	44.198	157.362
570.054	308.581	46.131	157.012
570.028	309.358	46.285	156.047
569.824	309.409	46.245	155.384
569.139	309.776	47.306	154.483
568.160	309.245	47.620	156.588
568.046	309.614	47.858	155.767
570.723	309.667	44.861	155.164
574.555	309.214	41.483	156.193
574.060	308.400	41.605	157.607
574.698	307.917	41.165	156.250
574.625	307.223	42.261	157.606
574.408	306.636	41.350	159.010
572.419	305.942	43.228	159.351
564.763	305.808	49.716	159.984
558.767	306.053	54.787	160.367
558.110	305.403	56.214	158.758
566.520	305.626	48.481	160.378
570.550	305.479	43.106	160.648
571.140	305.453	42.977	160.856
571.493	306.920	44.417	158.342
571.479	306.253	43.578	157.774
571.776	306.545	41.653	158.110
570.529	307.455	43.002	157.547
560.926	307.552	52.046	157.672
556.103	306.084	58.131	158.118
556.435	306.136	57.869	159.616
560.926	306.873	53.716	158.713
567.423	307.601	48.306	159.061
571.695	306.589	42.713	160.296
573.031	306.959	40.977	158.724
574.177	305.767	39.776	159.327
573.348	305.397	40.727	160.238
571.948	305.302	42.136	158.806
570.287	305.259	42.427	157.666
567.095	305.403	45.415	155.842
561.133	306.609	49.705	153.309
556.024	304.855	54.712	153.962
556.186	303.202	52.560	155.709
555.934	303.408	53.478	155.024
554.312	304.098	57.646	154.806
548.059	305.028	60.946	153.352
545.464	304.898	57.273	153.339
543.637	305.021	59.544	153.586
541.422	304.413	61.942	153.695
538.878	304.212	61.499	152.298
539.363	304.012	53.565	151.135
539.722	303.224	49.777	150.735
538.425	303.028	47.018	148.292
537.254	300.625	44.708	151.447
538.490	300.867	46.472	150.436
538.516	300.686	46.243	151.321
537.322	297.588	42.915	152.437
534.649	286.908	47.446	163.468
536.569	288.402	54.933	161.352
554.985	282.147	49.755	161.077
527.813	295.870	52.206	155.249
526.679	301.891	51.911	151.230
522.525	300.621	59.545	151.404
523.139	300.851	63.028	150.795
526.921	299.896	57.310	151.953
532.438	300.529	52.393	152.017
533.692	298.313	51.172	156.392
532.903	298.080	53.984	156.975
532.919	298.113	56.158	156.865
532.035	297.358	58.090	158.465
530.536	299.066	59.418	155.998
530.106	300.389	60.073	152.844
529.913	299.794	60.090	153.446
530.678	299.329	59.362	154.091
529.882	300.359	60.427	152.688
530.132	300.564	59.645	152.696
530.448	300.138	57.570	153.155
530.344	299.772	57.628	153.229
530.541	300.330	57.581	152.159
530.854	300.865	56.153	149.738
529.996	301.300	56.404	149.232
530.559	301.032	54.208	148.780
530.632	300.706	53.675	150.817
530.315	302.537	52.661	150.500
530.965	302.195	52.741	152.715
531.490	304.252	53.627	149.711
532.342	303.847	53.434	148.595
531.684	303.609	54.881	150.543
531.308	301.363	56.743	150.840
530.406	301.414	58.365	149.094
529.081	301.609	59.987	149.418
530.039	300.594	59.114	150.215
529.877	300.393	59.703	150.941
529.737	300.800	60.101	150.913
530.230	301.416	59.880	149.043
529.976	300.932	58.842	149.005
529.260	301.336	59.505	149.489
530.588	300.526	57.747	149.258
529.944	301.476	58.459	147.713
530.149	300.688	57.678	148.199
530.178	300.766	57.881	148.096
530.739	301.558	57.173	148.185
530.957	300.227	56.661	149.688
530.727	300.688	55.886	149.275
530.849	300.116	56.712	149.834
531.230	300.612	56.457	148.886
530.778	300.782	57.055	148.754
531.337	300.152	56.210	148.532
530.889	301.295	56.950	147.722
531.078	300.582	56.403	147.928
530.435	301.583	56.688	147.588
530.788	299.995	54.912	149.085
529.489	300.927	54.673	149.871
529.981	300.129	53.021	151.279
528.618	299.524	52.687	152.147
527.304	299.726	52.495	152.527
527.545	300.579	49.686	151.404
527.864	299.420	43.607	149.241
524.859	299.414	44.802	146.745
522.626	299.170	44.264	144.223
519.633	299.134	45.402	141.333
517.443	298.399	46.533	139.648
516.303	298.821	45.673	140.831
513.139	298.848	47.696	139.496
511.226	298.473	49.183	138.513
509.818	299.264	49.967	134.667
502.293	298.275	55.799	132.129
500.358	298.513	54.105	129.541
494.919	300.343	55.479	126.020
492.190	300.243	53.898	126.457
491.437	299.309	51.512	127.882
488.294	294.766	51.627	131.748
486.047	294.831	45.558	129.254
485.198	292.798	43.405	130.207
482.104	292.234	42.907	131.774
477.239	296.329	48.155	124.256
473.128	295.807	44.567	121.413
463.795	290.265	40.781	120.582
462.688	289.747	39.343	119.505
458.850	291.119	40.311	122.227
449.868	289.650	45.371	126.706
445.261	289.188	45.343	125.640
443.092	288.648	45.024	123.508
441.213	286.386	41.739	128.817
437.658	285.426	43.176	128.587
432.273	285.837	43.129	123.198
427.531	284.930	44.305	121.615
420.611	284.958	46.714	118.362
415.569	283.534	47.743	122.957
408.127	282.427	47.582	122.674
401.038	284.081	49.429	116.868
395.383	282.125	51.352	120.931
389.094	278.843	51.203	122.998
387.276	279.329	49.144	125.296
382.451	280.036	49.879	123.593
376.922	279.407	50.435	121.935
374.483	279.799	47.129	124.519
372.643	275.824	46.127	126.082
369.110	277.426	43.458	119.485
364.643	278.626	43.185	117.595
359.528	279.300	40.903	114.118
351.856	276.586	44.713	119.859
342.058	275.167	47.957	117.623
341.134	275.347	46.074	119.136
338.423	273.591	44.439	118.462
336.879	274.052	43.037	113.870
334.418	272.889	42.367	114.631
331.241	271.681	39.294	113.681
326.210	272.249	40.937	114.865
321.321	272.960	41.467	115.410
319.601	274.159	40.908	116.039
316.867	271.154	39.288	114.344
313.377	271.514	40.349	120.197
307.612	272.350	40.740	115.721
303.370	271.785	43.139	115.360
297.786	272.580	43.828	118.665
290.901	273.150	46.598	122.715
282.829	272.736	48.942	124.342
280.499	272.154	47.464	128.838
278.669	273.547	45.722	127.818
273.903	276.696	43.083	122.234
270.373	274.664	43.322	127.054
265.195	274.461	44.396	129.170
264.085	274.264	43.896	135.149
264.361	272.688	40.622	135.677
261.823	272.396	40.633	135.779
250.965	271.597	47.540	139.781
240.880	272.428	53.991	133.517
240.660	273.220	51.062	134.757
238.836	275.248	49.896	135.655
238.368	275.492	47.440	131.962
229.324	283.212	44.380	125.036
231.725	280.238	41.433	127.283
229.620	278.243	41.902	129.754
224.520	275.658	45.060	130.327
220.400	274.391	46.850	132.044
218.922	272.550	45.630	134.383
214.995	271.703	47.165	135.416
213.733	272.372	46.069	134.678
213.066	271.948	44.283	136.489
210.754	270.865	44.876	137.936
208.266	270.527	45.690	137.998
206.455	270.027	45.213	138.553
202.501	269.405	47.053	141.340
200.483	268.765	49.490	141.392
199.335	268.097	53.214	142.147
198.782	268.907	55.210	140.052
199.296	268.417	54.914	140.701
199.706	269.410	56.050	138.656
200.581	268.652	54.572	139.820
201.662	269.027	52.201	139.004
201.663	268.609	51.962	140.106
201.475	269.184	51.488	139.176
201.074	268.147	51.387	140.686
200.943	268.871	52.157	141.435
200.448	268.255	52.683	142.061
199.233	268.462	54.100	141.213
198.154	268.608	54.883	141.432
195.844	269.250	57.020	139.115
194.713	268.202	57.290	139.540
192.511	268.245	63.810	139.681
190.836	268.288	62.730	140.893
194.772	268.421	59.704	140.083
196.036	268.130	59.464	140.196
198.566	267.951	56.578	140.916
199.040	268.471	55.533	139.058
195.812	269.240	57.930	138.034
192.419	269.778	60.571	138.154
189.701	269.685	62.601	138.553
188.054	269.308	64.179	137.628
187.959	269.161	64.313	138.203
188.357	268.869	64.272	139.510
188.117	269.719	63.774	138.425
189.591	269.583	61.037	138.929
192.066	269.034	59.283	140.933
193.506	269.756	58.357	140.018
194.839	269.233	56.655	140.178
196.871	270.331	55.095	139.719
197.741	269.144	54.469	140.567
197.581	270.088	55.057	137.675
197.374	269.566	55.257	139.429
197.379	269.671	55.190	138.290
199.191	270.359	55.362	137.433
201.606	270.008	51.256	138.051
203.363	269.909	50.188	137.873
203.377	269.647	50.249	139.572
201.435	269.767	53.120	139.198
198.191	270.782	55.405	136.852
197.254	270.876	57.076	136.634
197.104	270.359	58.088	138.059
197.420	270.113	56.583	137.938
197.788	270.382	56.412	137.204
196.399	270.829	57.516	136.776
196.237	270.664	58.616	137.234
194.703	270.209	60.149	137.968
194.242	270.928	60.131	137.006
193.650	270.426	60.062	136.291
195.738	270.435	57.398	136.429
197.408	269.540	56.288	137.432
199.389	268.934	54.592	137.859
200.720	269.244	53.772	136.882
200.977	269.539	52.091	137.049
202.810	269.970	50.638	136.514
201.975	270.604	52.496	134.674
200.577	269.323	53.238	136.355
200.702	270.044	53.361	135.256
201.580	269.558	52.204	135.575
203.414	269.248	49.323	135.867
203.171	269.122	49.934	139.211
198.218	269.828	55.040	137.829
194.270	270.413	59.775	136.515
192.562	270.620	61.084	136.356
191.757	270.601	61.631	135.787
192.380	270.210	60.637	136.787
194.198	270.272	58.599	137.743
197.514	270.432	55.922	137.044
200.634	270.339	54.343	136.726
203.750	270.328	52.351	136.567
205.307	269.653	50.278	138.040
205.994	269.722	48.670	139.562
205.452	270.390	48.521	138.519
205.227	270.190	48.368	138.535
204.078	269.652	50.431	139.428
204.224	270.218	50.037	139.797
204.052	269.857	50.868	138.925
204.515	270.382	50.939	138.083
204.399	270.165	49.703	138.741
203.836	270.769	50.466	137.769
203.545	269.771	50.373	139.325
204.175	270.640	49.246	138.142
204.220	270.047	49.531	138.678
204.821	269.145	48.851	139.578
204.726	270.005	49.002	138.590
205.465	269.713	48.594	138.088
206.701	269.828	47.903	138.334
205.818	270.209	48.338	138.398
204.489	269.720	51.084	139.624
203.342	269.601	51.208	139.842
200.769	270.359	54.155	138.351
199.929	270.496	55.563	137.064
201.531	270.856	51.343	136.209
204.433	271.434	47.368	135.436
204.829	271.204	46.564	137.892
205.048	270.694	45.580	137.674
204.604	272.648	46.974	135.932
204.282	270.228	46.866	139.236
204.583	269.865	46.700	140.472
204.479	268.805	47.492	142.226
204.393	269.131	48.543	140.834
204.525	268.429	48.395	141.038
204.933	268.495	47.923	141.293
206.018	267.923	47.530	141.484
205.763	268.215	48.657	141.004
206.122	267.478	49.336	141.239
207.610	268.257	48.088	140.456
207.560	267.952	47.914	140.956
207.812	267.603	46.789	140.867
207.596	267.350	46.637	141.685
205.509	267.709	48.654	140.511
204.283	268.659	48.405	140.251
201.787	269.037	50.133	140.433
199.977	268.199	51.317	141.200
199.918	268.061	51.845	141.901
201.547	267.682	52.368	142.945
203.433	267.628	50.877	142.730
205.074	267.042	50.802	143.980
207.728	267.199	50.293	142.848
209.971	267.791	49.525	142.034
210.012	267.655	50.614	140.799
210.626	267.358	53.426	141.771
211.030	269.549	54.725	137.887
212.338	269.371	53.230	137.329
212.342	270.751	52.848	136.333
211.859	270.439	51.062	137.529
210.349	270.979	49.579	137.180
209.568	270.112	48.287	138.742
208.039	270.095	48.270	139.250
206.197	270.095	47.777	139.937
205.821	269.785	46.067	140.936
204.497	270.280	46.096	140.089
201.953	270.222	46.036	141.428
202.304	270.717	44.230	140.438
202.984	270.484	44.184	137.226
201.193	269.406	46.701	136.350
199.418	269.457	47.989	135.125
197.565	269.083	47.642	133.182
194.627	269.545	49.754	132.709
192.850	271.004	51.161	130.281
192.638	271.361	50.934	126.496
191.786	271.790	52.592	119.985
191.822	271.289	51.747	117.404
189.619	270.715	51.855	115.616
187.663	269.552	51.580	116.627
186.450	270.001	54.499	115.140
193.211	268.714	52.932	119.151
194.372	267.371	52.897	120.552
195.680	266.950	49.781	128.693
195.853	267.781	48.494	132.646
195.488	266.781	47.668	136.289
193.321	266.221	47.564	137.445
188.903	265.626	48.935	134.959
185.745	263.528	48.678	135.294
181.909	261.956	52.033	133.683
178.427	261.005	53.103	133.295
175.993	260.537	52.353	133.345
174.719	259.248	52.008	133.909
172.787	256.717	51.744	132.989
172.127	254.030	49.724	131.467
171.365	254.460	47.875	132.722
169.046	254.188	47.311	132.839
165.915	253.396	47.882	132.677
163.167	251.624	48.480	130.232
186.077	249.564	50.497	129.154
221.615	249.147	48.294	129.353
256.375	248.419	49.128	128.618
269.175	247.066	50.131	125.071
294.537	239.269	51.339	127.189
292.456	239.323	49.415	125.691
292.042	237.265	50.382	127.083
290.442	235.770	49.549	126.432
288.283	233.345	51.286	124.729
289.030	232.774	51.212	124.545
288.731	232.623	53.307	124.232
289.437	230.527	53.577	125.340
291.456	228.364	51.121	124.693
292.241	226.803	48.575	125.942
292.208	226.905	46.186	125.064
290.166	227.171	47.134	124.957
287.427	224.699	47.146	125.004
284.561	223.956	49.073	120.529
282.015	224.361	50.759	120.492
280.520	224.566	51.270	120.157
280.783	222.446	48.250	121.102
281.509	219.821	46.549	118.228
282.076	218.344	44.639	119.264
281.560	218.680	44.849	118.539
280.866	217.714	44.030	119.790
279.571	214.841	45.215	120.848
277.256	213.685	47.422	118.454
275.124	212.324	50.833	117.994
275.134	213.115	52.584	116.449
277.932	212.416	51.048	117.147
279.777	211.004	48.933	114.496
281.390	209.953	47.508	114.953
282.152	210.987	44.333	114.386
281.202	210.551	44.265	112.723
280.668	207.994	45.809	112.806
278.699	204.717	45.986	113.804
277.305	204.803	47.091	113.736
277.109	206.090	48.028	111.829
277.010	203.667	47.792	113.015
277.084	200.926	47.692	113.088
277.184	200.188	47.413	113.538
276.781	201.927	46.470	111.707
276.293	200.861	43.487	111.659
274.844	198.999	43.873	110.485
272.355	197.348	46.641	109.865
271.300	196.974	48.992	110.328
269.126	198.474	49.752	108.569
268.914	197.536	44.971	107.251
268.043	192.851	41.286	108.173
266.570	193.504	41.381	107.777
262.849	194.761	44.346	105.772
258.909	194.598	45.422	104.987
254.008	192.728	43.023	105.441
248.329	190.501	44.354	106.975
240.726	191.320	52.260	105.002
238.043	190.307	50.186	105.830
234.227	188.946	47.048	103.972
234.079	184.701	43.792	107.376
229.453	186.495	44.560	105.457
225.060	186.259	45.555	104.750
221.336	185.248	43.636	103.379
216.870	183.777	44.474	103.137
210.337	184.568	46.700	102.558
206.181	184.231	48.463	101.572
204.245	182.380	46.697	100.598
203.100	178.777	45.841	103.505
202.659	179.830	44.945	102.827
217.945	180.951	44.263	101.620
248.213	181.269	41.582	99.381
277.810	178.570	41.995	99.863
307.341	175.555	41.553	101.571
350.228	175.611	45.949	99.142
395.011	173.111	43.573	101.034
392.121	170.008	41.993	96.736
391.535	167.458	39.489	98.866
388.663	169.270	40.877	98.107
384.964	169.401	41.762	98.390
379.637	168.371	40.033	97.021
376.309	166.827	39.652	96.229
370.249	167.586	43.579	95.978
367.063	168.603	45.499	94.440
365.446	167.492	40.410	93.754
361.595	165.250	38.239	92.384
357.666	164.478	38.613	93.117
353.948	165.137	40.540	93.583
349.314	163.234	38.120	92.715
344.603	162.050	37.093	91.653
339.003	162.267	38.781	90.538
335.760	163.446	39.298	89.078
332.774	162.044	38.642	90.307
328.995	160.222	38.228	87.607
326.542	159.697	36.045	89.735
322.645	160.574	38.029	89.364
318.680	158.974	39.079	91.191
312.088	156.320	37.333	96.545
308.413	154.859	38.257	92.097
306.012	156.694	39.350	86.334
303.824	157.317	40.658	89.273
299.719	155.747	39.417	87.455
295.236	154.615	40.226	85.922
292.980	154.308	38.089	89.435
290.838	155.447	35.459	84.213
286.351	154.944	35.645	85.496
282.082	152.846	36.548	86.112
275.855	151.360	40.226	87.764
274.873	153.048	39.011	85.496
273.207	152.804	37.613	85.244
268.895	151.723	36.998	84.381
266.241	150.360	34.717	85.912
264.150	150.080	34.275	86.041
258.403	151.800	37.500	84.084
253.877	148.160	34.900	87.962
250.002	147.759	35.059	85.083
246.694	146.998	35.327	80.987
244.292	148.789	37.669	76.504
242.261	148.491	36.568	77.290
237.792	146.260	34.551	81.411
234.690	145.688	34.504	81.543
231.332	147.108	34.783	80.973
228.040	146.369	33.214	81.288
224.129	144.306	34.178	84.139
220.243	143.419	33.984	82.837
