285.000	111.000	41.000	31.000
281.737	110.627	40.811	33.865
277.807	111.450	42.086	34.099
273.974	112.070	44.316	34.660
270.783	113.169	42.791	34.785
266.314	114.397	44.715	34.996
262.385	115.649	47.020	34.901
257.769	116.858	45.707	35.196
253.812	118.050	48.081	35.811
250.105	119.423	49.797	35.564
244.568	120.726	50.133	35.776
240.128	122.131	52.047	36.299
234.535	123.671	52.121	37.027
228.046	125.375	53.528	37.680
222.298	126.498	54.584	38.559
217.310	128.412	58.125	39.600
211.637	129.821	57.990	39.552
205.815	131.410	59.574	40.180
199.482	132.104	60.962	41.992
194.245	133.699	60.555	42.608
188.768	135.464	59.974	43.019
183.225	136.974	61.174	44.137
176.899	138.517	62.356	44.854
170.681	140.208	62.849	45.439
166.607	140.750	63.967	45.572
160.710	142.956	64.258	45.801
155.682	144.743	64.212	46.843
150.016	146.550	65.183	47.019
143.467	148.721	66.866	47.453
136.934	151.380	65.455	47.866
132.172	153.350	65.787	48.357
126.663	155.726	67.341	49.231
122.149	158.209	66.558	49.644
117.054	160.586	66.618	50.413
113.623	162.225	68.095	50.578
109.211	164.803	68.535	51.204
104.915	167.013	69.583	52.839
100.803	169.917	70.070	53.083
97.153	172.753	69.858	53.892
92.619	175.284	72.165	54.952
89.898	178.314	71.267	55.373
85.994	180.968	72.915	56.322
81.086	184.520	75.700	57.582
78.688	187.285	76.097	59.005
75.595	190.670	78.751	59.876
73.812	192.874	79.990	59.949
72.185	196.363	80.858	61.875
70.547	199.973	81.987	63.626
68.623	203.543	84.084	65.254
68.344	207.087	87.306	66.408
67.638	211.491	89.641	68.084
67.743	214.911	90.654	71.321
67.844	219.216	92.927	73.514
68.608	223.369	95.235	76.918
69.823	228.002	97.560	79.475
71.466	231.358	99.203	82.882
72.857	235.572	102.895	83.540
76.030	240.776	106.145	86.166
79.452	246.289	111.267	88.430
83.614	252.031	115.892	91.444
88.111	258.372	120.571	94.874
93.557	264.879	125.576	96.201
100.401	270.973	132.155	99.667
107.893	277.843	139.846	103.952
116.653	285.415	146.075	107.811
125.086	291.006	152.148	112.963
133.419	297.356	159.144	115.441
145.116	305.074	169.673	122.065
160.358	314.687	179.095	126.795
175.381	324.205	191.567	132.303
