730.000	318.000	118.000	31.000
735.478	319.686	115.786	30.279
736.345	318.533	115.486	31.381
734.627	317.783	112.744	30.915
739.705	317.539	108.722	30.876
741.944	317.814	100.918	29.039
736.506	317.515	104.286	28.272
727.691	316.730	106.718	28.805
717.945	317.780	113.343	27.691
708.722	318.411	115.458	27.075
687.328	319.382	124.450	28.188
682.049	319.523	124.886	28.397
682.251	318.939	122.757	28.458
674.762	318.094	126.237	28.202
682.769	317.411	114.198	27.854
676.763	318.227	120.133	29.380
669.077	319.698	118.596	29.649
658.174	321.860	125.321	27.868
634.495	320.807	92.164	30.780
631.641	321.877	88.935	31.466
618.421	322.678	82.017	29.559
604.398	319.009	86.065	30.804
605.064	317.944	86.602	31.345
604.077	317.012	95.442	31.109
601.917	319.530	114.498	28.057
583.021	320.327	111.559	29.794
584.979	320.961	98.334	32.362
579.338	322.403	94.236	32.517
573.282	325.409	93.680	30.530
568.294	326.319	95.504	30.931
561.749	332.760	102.967	26.364
567.768	331.566	97.092	29.010
565.596	330.664	102.560	29.285
568.592	332.472	100.122	28.352
567.805	334.379	99.666	26.671
569.996	335.295	100.519	25.913
569.022	334.420	101.157	26.919
564.325	334.260	105.819	27.965
554.131	334.196	113.952	28.405
558.564	335.992	112.636	28.698
567.866	338.927	106.418	26.030
501.321	326.212	90.646	36.324
501.013	324.438	106.869	36.752
526.367	330.359	133.511	29.696
490.285	320.116	102.195	38.922
508.245	319.643	95.653	36.891
502.181	323.663	109.275	31.761
489.144	319.534	98.631	35.783
501.779	318.316	78.749	36.089
510.132	316.748	71.740	38.070
524.188	317.570	75.199	37.287
523.810	324.991	92.454	31.429
522.725	318.343	89.040	37.210
525.504	324.332	100.383	33.109
519.549	319.774	109.518	35.300
517.774	318.798	114.685	35.754
510.985	318.605	131.243	35.777
516.948	319.592	131.473	35.087
478.356	320.314	136.234	33.798
453.009	317.530	136.881	40.289
456.838	316.223	117.530	40.947
467.620	319.510	111.433	37.061
464.393	329.366	109.035	28.933
489.802	331.897	93.435	27.576
510.096	324.366	112.721	34.296
496.347	326.685	134.945	30.402
492.905	327.052	133.448	30.516
494.554	324.046	132.983	31.980
494.844	325.868	129.592	31.188
509.773	320.674	131.876	34.026
496.622	319.683	136.507	34.610
506.741	316.720	136.384	36.503
497.207	318.256	134.244	34.930
516.884	315.251	127.025	38.185
507.017	316.834	134.869	36.216
497.267	314.993	141.403	37.746
497.962	319.750	156.137	37.674
520.267	318.393	146.322	41.227
549.751	318.941	118.645	40.950
573.518	320.847	110.400	37.058
570.490	323.106	109.352	38.444
545.339	325.624	127.528	35.935
538.126	324.120	140.152	38.766
558.076	327.322	133.273	35.523
567.412	330.094	131.045	32.647
579.612	328.551	121.506	34.110
591.028	326.004	116.782	35.375
554.735	326.417	125.075	33.724
514.979	328.665	151.671	33.220
461.791	325.789	144.598	33.348
473.394	324.387	135.812	31.675
474.200	321.953	127.703	32.541
473.786	319.390	132.674	32.042
473.412	317.891	122.500	31.784
474.536	317.053	121.237	31.104
464.026	316.641	129.090	29.365
446.624	317.944	139.102	30.446
449.132	317.237	149.632	30.890
430.764	319.586	150.201	32.963
360.023	291.862	229.061	60.379
343.281	293.427	235.766	61.204
380.890	289.739	239.955	56.234
371.364	291.400	224.865	57.751
375.642	291.588	222.421	54.414
383.338	299.642	214.034	53.507
391.517	304.701	232.483	61.401
244.469	351.804	258.640	105.713
171.199	341.349	314.669	111.071
179.349	337.200	328.754	110.329
176.249	330.011	317.797	112.082
352.573	263.506	243.187	73.274
325.048	254.564	203.672	67.074
324.669	261.152	176.290	66.639
346.862	263.989	181.090	65.968
326.421	266.504	184.522	68.073
367.054	253.314	253.045	56.180
355.461	248.311	280.585	61.124
353.220	251.219	281.778	58.779
349.120	247.807	273.204	60.930
321.184	252.040	293.112	60.302
284.238	245.106	302.710	59.301
258.590	241.333	285.836	59.827
252.750	229.970	277.442	67.225
247.340	227.392	246.026	68.538
206.730	234.402	277.840	72.830
22.847	314.133	346.965	113.352
203.771	240.368	297.434	69.759
234.048	238.056	259.879	73.757
74.282	330.538	327.205	106.771
90.397	335.022	324.139	105.748
77.933	338.133	328.567	104.828
95.069	349.555	327.124	99.027
102.357	353.255	327.583	100.428
107.303	352.524	327.740	106.911
132.254	359.237	325.621	102.584
336.732	285.504	315.196	63.537
170.093	363.768	338.006	116.256
381.513	290.736	326.517	70.216
192.309	370.187	331.763	107.120
202.713	375.688	328.028	104.108
361.137	303.234	287.250	68.843
222.743	373.644	318.763	101.045
373.558	325.915	276.538	54.440
398.309	295.234	225.137	67.007
404.915	291.163	237.355	74.647
425.609	288.286	271.191	66.011
410.593	293.060	215.022	68.679
380.768	303.967	208.891	65.526
415.016	301.297	203.452	60.343
394.957	317.838	173.764	54.835
384.991	323.032	159.420	59.825
386.523	331.903	141.278	58.136
423.761	309.182	148.118	62.179
386.498	329.057	111.334	53.834
382.751	339.890	80.737	45.466
385.142	340.754	63.045	34.024
380.407	336.560	60.293	32.952
379.517	338.506	58.203	31.258
375.368	341.178	62.830	30.213
377.746	341.724	67.172	29.432
378.475	340.912	68.239	32.079
382.259	340.226	63.896	31.750
383.302	339.083	64.391	30.526
385.191	337.746	68.017	29.450
390.401	334.754	77.649	30.744
390.325	332.174	90.349	32.593
393.201	327.102	119.248	36.527
387.345	320.023	125.846	46.085
383.621	326.638	154.118	39.218
385.414	321.096	143.334	49.697
378.939	325.555	144.894	47.926
378.901	332.248	136.133	46.146
376.465	334.888	142.381	46.645
372.139	337.060	142.932	47.905
374.322	337.088	144.919	49.681
379.329	340.090	145.465	48.710
378.176	342.707	145.142	48.360
377.772	343.287	143.227	46.594
378.673	343.708	141.799	44.066
382.537	344.140	149.935	43.484
387.885	342.471	148.632	44.872
389.967	341.028	154.871	42.619
383.460	340.592	157.744	45.936
385.467	338.217	149.803	44.686
386.540	339.483	155.533	42.580
383.344	338.307	161.155	45.777
384.880	336.585	165.481	44.927
397.420	333.661	167.202	49.694
438.747	329.993	160.767	53.465
395.098	333.557	160.133	49.336
392.657	327.916	184.313	57.431
382.792	334.052	192.820	53.207
582.804	287.511	139.345	59.068
562.105	293.257	148.626	43.941
572.518	286.609	138.937	42.003
575.335	288.402	144.690	48.093
494.065	333.563	103.089	46.347
478.723	334.769	139.000	49.678
479.322	323.776	165.769	48.071
381.562	332.062	207.493	50.929
627.735	291.477	113.454	51.769
620.933	295.512	120.711	45.254
623.642	278.599	125.976	47.530
623.322	282.069	126.184	40.737
636.321	287.450	131.685	41.819
643.546	286.727	128.862	42.295
651.202	279.975	130.427	40.492
660.852	281.622	119.440	38.548
667.077	281.502	126.374	38.907
672.555	282.570	121.769	35.845
678.976	280.278	130.737	41.255
681.747	283.506	136.877	36.423
693.004	286.356	129.011	38.161
704.112	288.005	123.278	39.520
716.279	295.715	122.749	44.373
710.223	277.146	130.693	40.260
712.995	284.856	136.263	35.339
733.527	289.443	119.687	43.895
736.313	294.276	123.962	43.441
726.362	274.605	121.978	41.030
735.145	279.025	111.813	40.599
738.442	274.028	114.477	45.551
745.635	288.027	126.888	42.684
737.812	290.171	136.080	38.307
739.448	291.880	133.570	38.094
751.049	291.355	126.613	37.559
762.579	295.633	132.898	36.323
778.832	291.192	127.131	39.896
780.772	294.856	130.732	38.504
792.328	298.076	131.265	49.452
777.569	287.610	142.868	53.858
792.914	293.532	145.348	45.835
809.362	303.380	132.768	49.395
782.913	281.866	146.499	54.215
811.797	288.480	139.080	50.237
818.796	295.257	136.346	47.705
826.645	302.422	129.474	49.488
813.719	301.941	131.166	59.172
795.563	284.904	146.308	52.011
827.150	293.522	126.482	47.950
839.312	294.689	118.415	37.772
837.648	294.420	112.186	42.369
853.405	295.753	100.915	41.530
856.667	293.116	98.032	47.299
864.808	289.034	95.192	44.823
864.726	284.732	95.123	46.803
874.777	286.995	85.223	48.174
873.655	287.797	86.345	46.385
881.939	293.315	78.061	49.750
887.195	296.974	72.805	41.863
890.171	294.889	69.829	42.558
897.360	292.137	62.640	45.998
903.494	304.232	56.506	42.213
905.312	301.605	54.688	42.060
910.521	304.455	49.479	43.501
907.817	298.203	52.183	48.927
905.699	295.773	54.301	52.564
907.788	288.450	50.747	52.770
912.267	286.006	47.733	57.570
915.666	284.947	42.128	59.494
905.001	271.736	54.719	60.180
894.209	269.011	65.757	69.983
881.796	273.845	78.204	69.282
876.964	264.587	83.036	80.523
804.558	246.231	118.251	83.820
786.622	257.871	152.813	83.998
716.202	241.098	188.108	112.188
579.260	306.909	213.515	78.507
468.851	322.298	169.824	74.514
538.969	324.816	184.903	52.938
563.362	321.871	173.985	46.051
532.248	324.399	164.243	49.636
494.347	325.699	169.949	47.189
499.578	332.489	170.228	50.253
510.569	318.705	179.372	53.642
481.189	326.809	106.683	81.323
489.412	324.206	109.628	64.768
502.039	317.296	122.114	45.766
494.824	318.081	128.134	44.296
497.358	318.282	132.680	42.896
503.825	306.766	117.289	50.492
517.630	313.964	124.863	47.188
539.972	318.873	117.548	42.714
533.861	318.514	111.218	47.197
527.353	306.741	128.284	58.138
482.655	324.070	147.940	50.696
485.975	336.183	149.405	49.370
479.652	336.408	150.798	57.039
483.129	339.836	148.225	77.926
500.914	342.595	158.135	68.226
511.249	338.469	152.487	59.998
512.177	341.095	147.672	55.839
519.283	344.123	149.697	58.888
521.583	339.835	140.528	54.763
519.267	339.580	143.272	56.055
525.957	339.857	140.589	59.409
518.414	343.680	147.687	54.243
520.291	349.292	150.732	54.280
526.281	352.876	143.760	55.238
530.457	358.512	145.707	49.427
527.928	358.469	145.071	52.201
529.758	355.294	150.195	49.980
528.128	347.031	151.747	48.932
513.630	350.105	172.265	47.173
516.366	345.275	168.585	54.601
491.677	341.955	172.589	48.303
433.663	336.995	132.134	42.383
469.757	331.682	122.170	44.109
467.714	304.641	154.384	72.319
466.478	296.621	196.057	71.267
579.071	338.251	143.002	78.998
565.087	341.428	162.901	69.781
562.721	345.038	160.579	63.775
562.066	347.973	170.853	60.315
601.209	346.465	120.855	56.305
600.630	345.365	130.105	52.432
585.530	344.200	143.707	51.471
505.726	339.267	191.825	40.874
512.605	332.971	189.919	48.062
509.485	331.883	162.722	47.461
496.473	335.496	146.886	45.079
493.726	334.780	149.836	43.617
488.062	337.881	147.054	46.113
482.090	340.747	151.362	45.849
480.543	343.325	152.635	47.623
476.770	345.365	153.578	46.284
481.185	348.280	147.518	47.303
483.593	350.512	149.892	45.835
484.812	351.655	155.012	48.937
475.897	354.922	149.998	47.815
484.847	357.516	151.787	45.621
476.467	356.808	155.157	46.846
466.924	358.207	151.124	43.785
466.961	354.837	143.792	46.872
466.324	354.763	148.381	46.650
466.735	355.823	146.022	47.574
475.991	359.789	134.462	43.175
484.408	356.418	118.802	43.291
495.233	352.161	119.625	42.310
503.552	350.549	121.815	43.711
511.282	351.077	142.593	43.985
509.970	348.642	147.706	46.082
509.208	348.036	145.936	47.018
512.675	350.642	143.885	46.161
510.184	352.772	153.545	44.141
515.498	353.532	154.830	44.511
515.569	353.140	156.945	45.994
516.457	350.929	149.608	48.657
514.834	349.008	149.278	49.487
510.356	345.997	150.357	50.003
506.852	346.284	150.210	45.369
498.329	341.466	153.862	47.095
490.684	330.130	153.893	47.166
472.814	325.480	166.225	49.627
495.685	306.714	157.207	58.731
500.773	309.145	158.267	53.556
507.223	307.354	147.562	56.921
494.784	301.300	153.170	50.634
479.383	300.892	147.310	51.228
466.594	299.553	140.517	51.569
452.878	301.143	134.595	50.485
441.795	302.221	135.100	51.872
439.281	308.926	123.802	51.488
434.336	315.912	130.007	47.085
431.055	318.412	135.908	48.515
428.377	313.979	144.038	50.949
433.744	309.833	140.999	53.631
434.956	311.032	147.393	50.904
432.810	318.665	140.111	48.300
433.214	322.814	138.776	49.901
430.643	327.594	144.918	49.477
443.664	326.907	137.243	49.945
453.297	333.129	138.201	42.627
456.203	334.446	156.742	40.892
459.952	333.652	155.943	43.045
464.650	332.509	159.641	45.705
461.243	329.136	165.541	47.170
457.526	323.427	166.137	46.488
453.257	318.813	160.551	44.884
445.510	311.585	150.277	45.038
442.175	310.415	147.114	45.374
438.627	311.715	141.783	42.559
437.613	313.919	134.000	42.296
434.902	317.331	136.269	42.040
431.330	319.327	141.687	45.757
412.470	309.121	167.122	60.017
410.378	285.367	178.136	84.469
377.307	280.419	218.327	86.636
367.811	286.401	233.040	79.066
390.801	284.201	238.921	80.442
368.436	299.533	255.996	65.160
396.539	299.781	246.331	67.444
403.943	315.494	238.325	57.902
442.523	316.304	223.445	58.833
387.927	309.288	205.463	67.588
404.233	319.474	216.452	58.899
404.489	318.402	229.451	59.661
410.379	319.816	230.891	61.349
417.393	318.739	217.494	57.915
444.645	319.522	208.178	58.019
420.334	319.199	207.889	58.565
421.011	323.675	208.200	58.406
438.571	333.259	218.739	55.180
436.303	331.916	219.730	60.383
442.686	338.057	214.138	54.805
511.340	329.532	171.634	60.527
474.947	326.589	197.764	59.501
460.148	323.931	219.146	57.431
463.014	327.294	220.344	51.400
481.997	319.419	203.401	56.457
469.183	320.287	220.301	53.192
489.923	321.213	201.832	53.557
498.577	317.673	207.608	59.007
516.696	316.073	198.827	68.016
538.402	325.942	185.643	55.823
515.377	324.593	206.146	58.320
515.124	329.821	210.172	50.698
543.454	326.156	185.832	54.173
570.435	318.297	164.989	60.920
577.048	325.858	162.257	53.215
587.330	333.678	153.336	46.830
602.430	318.594	132.734	52.463
610.540	320.785	135.951	47.571
612.333	316.166	132.106	51.854
623.208	315.101	124.013	47.625
610.617	320.318	127.644	40.719
610.386	315.230	131.937	41.337
575.051	314.978	153.961	41.647
610.548	312.284	125.758	47.490
608.089	311.353	125.468	43.910
607.058	303.982	124.156	44.459
622.338	304.856	114.629	39.084
631.342	299.515	111.902	36.989
632.464	291.936	103.847	39.461
633.490	290.424	102.458	39.009
642.688	282.653	93.580	40.992
645.539	274.187	90.853	41.415
650.404	263.509	88.246	43.595
646.725	266.840	88.499	38.973
653.507	258.871	84.046	42.839
641.734	258.074	97.237	39.542
659.216	254.483	96.297	40.822
656.148	253.763	101.105	49.594
663.197	255.003	113.740	52.678
635.464	257.568	129.138	53.735
663.449	257.789	126.461	54.315
643.032	261.374	133.942	52.367
646.038	266.492	135.938	43.791
688.434	264.949	124.559	43.197
693.821	260.859	119.626	44.064
678.073	256.480	116.882	47.192
685.280	252.477	114.936	45.111
677.520	247.957	115.997	44.175
679.214	242.117	114.794	43.132
679.082	240.720	114.119	42.378
682.392	236.558	110.483	42.769
683.831	234.801	104.936	43.040
685.485	222.087	117.168	47.411
681.140	219.189	120.524	47.996
677.091	211.595	125.712	54.327
660.089	213.567	135.389	47.785
662.683	205.377	125.874	56.959
641.687	200.567	127.853	49.374
646.489	196.503	126.414	48.601
647.140	196.713	114.412	44.660
646.610	195.010	111.800	41.996
650.234	192.514	111.752	42.018
652.644	190.283	122.114	43.827
649.584	192.974	116.105	43.494
651.992	194.455	121.051	41.616
649.397	194.765	116.087	43.315
654.028	190.214	129.678	47.652
644.992	192.201	125.587	49.370
658.221	192.977	134.940	47.516
653.850	194.271	122.906	46.993
663.756	195.900	130.912	45.506
666.350	197.066	122.852	43.992
665.444	195.111	117.038	41.907
672.840	193.362	117.403	41.794
674.232	193.112	111.637	40.194
671.684	192.162	108.367	41.230
669.049	191.124	112.363	38.678
671.758	191.257	107.858	39.168
676.760	194.624	109.995	37.331
679.044	195.253	108.071	37.576
683.946	194.473	114.661	37.679
692.675	192.528	116.220	41.117
698.868	190.857	124.976	42.073
708.746	191.439	122.182	41.454
711.848	191.648	127.149	41.345
714.311	192.247	131.919	39.686
725.552	190.412	134.476	42.045
727.124	190.398	119.298	43.779
728.028	192.449	125.586	38.915
731.222	189.897	123.610	41.108
729.446	192.188	120.328	40.850
730.774	193.198	119.699	38.996
730.768	194.355	117.752	38.343
736.845	194.631	107.769	39.977
738.401	195.594	111.658	37.567
745.002	195.667	107.920	38.784
742.808	195.737	108.658	33.123
745.963	192.564	109.471	34.803
750.731	187.569	106.964	37.275
755.909	183.264	113.475	38.687
756.950	182.719	109.475	38.669
759.163	180.108	115.371	40.274
758.619	181.459	109.739	35.945
761.213	180.166	107.069	36.560
754.263	180.382	103.974	36.235
757.495	179.222	100.564	36.411
758.003	177.309	99.637	37.453
759.830	177.736	101.627	37.327
769.784	177.651	95.242	37.633
762.683	179.062	101.330	37.677
753.716	181.067	105.397	36.857
776.976	183.098	92.813	38.605
776.073	185.642	94.452	37.005
776.153	186.716	92.447	39.080
772.945	187.528	93.310	38.876
770.504	187.620	87.253	41.703
778.990	191.896	88.215	39.248
772.504	193.037	88.246	38.664
788.876	197.399	85.407	36.634
788.751	194.364	89.153	39.135
787.996	195.856	89.047	38.722
797.550	197.381	93.110	38.136
797.431	199.946	87.287	37.066
801.439	197.556	84.525	40.823
791.978	195.155	77.545	39.328
801.218	200.657	86.577	33.885
777.804	193.808	104.200	37.719
689.891	190.189	83.729	44.601
697.388	191.843	102.161	29.258
681.497	189.549	105.478	39.358
686.944	188.970	115.474	35.613
685.696	188.103	140.041	36.936
715.278	184.412	158.418	44.234
671.773	182.915	143.696	44.388
662.940	176.850	159.999	46.141
631.579	175.251	152.643	48.183
666.287	175.291	145.928	49.583
657.508	174.436	139.569	43.404
646.507	172.236	167.997	52.759
623.779	173.136	180.665	47.058
623.614	172.694	172.708	51.203
614.999	174.903	182.047	51.712
588.246	170.715	212.345	53.701
643.581	171.394	178.376	54.055
657.712	175.208	193.203	55.749
663.498	167.695	161.718	52.300
639.897	163.817	163.149	51.805
650.510	161.045	164.943	52.233
649.855	163.183	174.701	56.924
630.413	167.923	196.728	47.722
663.942	168.557	195.468	57.261
657.858	172.012	186.414	57.303
630.101	165.809	185.575	51.419
668.912	164.904	170.223	49.038
638.929	173.064	159.948	51.012
684.669	171.772	161.422	48.671
