219.000	100.000	17.000	40.000
220.340	100.237	17.378	37.382
220.413	100.342	17.730	37.559
220.816	100.585	17.563	37.231
220.943	100.838	17.813	36.640
221.008	100.548	17.986	37.685
220.998	100.213	18.663	38.334
221.587	100.262	17.941	38.564
221.108	100.296	18.194	38.019
221.241	100.243	18.332	37.793
222.163	100.336	17.836	37.459
221.531	100.765	18.322	37.974
223.370	101.045	18.101	37.392
223.642	100.111	17.740	37.582
224.966	100.187	17.408	37.881
224.876	101.619	18.358	36.884
225.664	102.122	18.178	36.248
226.418	102.266	17.859	36.299
226.781	102.279	17.611	36.404
227.338	102.515	18.046	36.852
227.557	102.268	17.906	37.253
228.752	101.957	17.552	36.295
229.134	101.946	17.000	36.663
228.963	102.638	17.428	35.128
229.480	102.724	16.640	35.792
228.957	102.983	17.882	35.791
229.118	102.771	17.314	35.779
228.691	103.567	18.159	35.099
228.796	103.723	17.218	33.797
227.849	102.899	17.751	34.799
226.847	102.760	18.449	35.521
227.159	102.989	17.690	34.795
226.559	103.293	18.720	34.755
225.128	104.358	19.222	33.760
224.324	105.102	18.806	33.317
222.983	105.121	18.168	33.733
219.994	105.027	20.245	34.193
220.029	104.782	18.883	34.284
217.817	103.115	20.180	34.623
217.320	104.160	20.065	34.413
218.783	103.391	18.523	33.591
218.165	103.929	18.673	33.763
217.178	104.385	18.540	33.760
216.242	103.971	18.160	33.834
215.393	104.178	17.739	33.427
216.424	104.869	16.316	33.960
213.792	102.302	16.897	35.122
210.628	101.671	17.622	34.006
185.013	100.431	21.656	40.541
188.635	98.364	21.333	43.321
192.019	98.213	23.906	44.247
211.111	102.261	17.130	38.572
197.707	100.265	19.499	39.433
208.767	100.770	17.335	39.899
192.460	100.866	20.088	38.648
211.014	101.623	16.706	38.130
191.891	99.307	20.373	43.193
197.147	99.067	21.518	43.686
191.791	97.512	19.750	45.621
188.686	96.275	21.889	44.016
206.190	101.212	17.508	38.376
203.496	97.878	21.263	39.279
208.935	100.499	18.033	37.564
204.283	99.702	23.159	39.489
193.036	97.726	20.421	42.366
188.108	97.707	21.062	45.161
191.358	96.307	24.092	44.768
213.572	102.848	16.166	37.460
202.642	100.577	19.218	37.755
211.678	99.540	15.265	39.119
187.021	99.054	19.464	42.879
213.761	100.452	16.248	36.675
208.563	99.063	17.797	38.125
204.674	97.912	20.977	41.523
202.156	99.439	22.303	40.851
213.400	103.265	17.384	37.451
213.480	102.291	18.274	35.721
220.571	108.978	18.107	31.173
225.821	112.178	15.788	29.286
229.149	113.104	16.215	30.527
233.680	113.216	16.534	30.262
236.762	114.207	16.426	29.847
239.369	112.569	16.266	30.655
242.008	114.030	16.366	30.647
243.822	113.814	17.856	31.139
246.317	113.453	17.905	30.941
249.591	113.234	17.779	33.010
252.937	112.390	17.580	33.678
256.097	114.255	17.169	32.220
258.300	115.747	17.593	32.930
260.563	116.078	18.553	33.160
263.914	114.108	17.104	34.736
266.664	115.788	17.204	34.956
269.919	115.875	17.884	35.076
272.936	116.156	16.905	35.060
275.112	117.053	18.066	34.472
276.108	116.170	18.053	33.762
278.183	116.349	17.882	35.814
280.838	116.827	18.059	36.614
282.854	117.195	19.107	39.390
284.493	117.476	18.822	39.392
286.040	116.018	19.342	42.088
287.760	116.025	18.813	42.077
289.241	117.286	18.689	41.054
290.771	118.917	17.690	39.574
292.696	118.929	17.658	43.584
293.159	118.159	17.620	46.619
294.036	119.350	17.454	44.746
294.978	119.302	17.353	45.897
295.716	120.240	17.772	39.650
296.554	120.990	17.936	37.300
296.806	120.829	18.298	33.824
297.559	121.670	18.136	39.752
299.079	121.575	17.132	39.973
299.308	120.994	17.826	41.697
300.548	122.629	17.086	38.982
299.467	123.404	17.573	40.372
299.799	121.864	17.307	42.640
299.902	123.554	17.443	41.607
300.130	123.266	18.101	40.140
300.209	123.342	16.952	41.544
300.842	123.557	17.138	42.069
300.169	123.912	17.100	36.703
301.032	124.008	17.100	37.363
300.432	124.368	17.210	40.889
300.053	125.582	17.118	43.475
300.394	125.879	17.531	41.450
300.950	125.699	16.893	43.203
301.082	126.638	16.758	39.634
301.430	126.910	17.288	40.768
302.308	126.823	17.156	41.340
302.679	126.808	17.594	41.186
303.740	127.913	16.813	36.618
304.517	126.875	17.295	37.624
305.653	127.736	17.904	40.021
306.539	126.192	18.270	40.890
307.852	126.864	18.990	40.537
309.298	127.682	19.420	39.729
311.094	128.330	19.293	41.236
312.221	129.534	19.179	37.662
314.263	128.686	18.903	39.939
316.416	128.946	18.516	38.483
318.094	129.598	18.808	37.190
318.649	129.230	18.836	41.832
320.345	128.513	18.663	39.718
322.446	130.174	18.084	40.845
323.972	130.151	18.437	41.041
325.726	130.838	18.751	37.949
327.003	131.241	19.593	38.564
329.783	132.348	18.584	37.147
331.200	132.367	19.192	40.629
331.898	132.139	21.052	40.417
334.780	133.207	19.091	40.002
337.479	133.668	17.825	38.963
337.772	133.681	18.549	41.017
338.538	131.144	18.948	43.703
340.197	131.425	18.420	43.707
341.176	133.267	18.689	41.593
340.937	133.671	19.312	39.912
342.983	135.527	18.205	40.607
343.564	134.932	18.526	42.095
344.548	136.733	17.818	40.852
345.060	136.416	18.310	43.596
344.529	136.280	18.279	41.958
344.902	137.480	18.641	41.722
344.490	136.916	19.197	42.035
344.990	138.180	18.688	40.571
345.242	137.105	19.126	43.107
346.424	141.094	18.682	38.609
346.928	140.835	19.056	43.433
347.323	141.454	19.346	44.385
346.997	140.508	19.851	43.388
347.295	139.635	20.598	45.131
347.028	141.605	19.431	42.620
347.401	141.414	19.965	43.445
346.107	142.992	20.747	40.907
346.952	143.201	20.996	42.139
347.175	144.402	19.906	44.326
347.154	145.302	19.146	41.403
346.587	145.966	19.730	42.374
345.156	145.488	19.743	43.015
344.552	147.452	19.371	41.579
343.043	147.210	20.011	43.459
340.978	146.885	20.313	45.851
338.361	146.027	22.807	46.199
337.024	147.447	22.030	45.824
335.125	148.434	21.905	46.854
335.330	146.821	21.079	48.106
333.520	148.847	21.384	45.995
332.121	147.419	21.360	47.793
332.382	150.256	20.069	44.604
330.501	151.156	21.563	46.370
330.916	153.566	20.144	44.452
330.998	153.478	19.692	44.167
330.259	154.705	20.098	42.555
330.424	153.300	20.470	44.872
330.690	154.310	20.070	44.899
331.075	153.803	20.026	45.906
330.707	153.688	20.599	47.051
331.165	156.001	20.644	44.821
331.882	154.947	20.326	47.540
332.579	156.046	20.841	48.671
333.177	155.833	20.862	50.951
333.376	157.386	21.991	48.448
334.582	158.346	21.381	49.043
334.968	159.817	22.085	48.828
335.287	158.364	24.165	50.057
334.818	159.316	23.897	50.070
336.135	160.183	22.911	49.591
335.275	161.156	23.659	49.465
335.565	159.859	23.745	53.238
335.481	161.203	23.200	53.476
335.807	160.746	23.282	53.763
335.807	164.148	22.762	51.076
335.752	166.402	21.964	50.311
335.968	166.739	22.613	51.695
335.867	165.434	22.643	53.597
337.433	168.844	20.845	49.037
336.513	168.461	22.444	50.731
337.803	168.740	22.407	53.227
337.476	168.796	23.853	54.603
337.450	168.868	24.183	53.920
337.391	169.724	24.475	53.328
338.027	169.706	24.642	55.246
339.335	170.887	23.585	56.073
339.284	173.313	24.799	54.540
339.886	173.608	24.750	54.162
340.343	173.096	24.606	55.605
339.465	174.271	26.079	61.699
339.492	175.069	26.577	60.089
339.149	177.218	26.303	60.161
339.853	178.079	25.347	59.586
337.769	178.810	26.978	60.319
337.230	178.633	27.174	62.633
335.271	179.890	28.616	61.402
332.922	181.086	29.517	63.116
330.263	183.771	29.732	62.612
328.595	182.887	29.897	73.206
326.743	182.742	32.342	74.906
324.957	187.472	30.211	65.475
324.155	188.328	28.282	63.791
323.890	185.645	30.181	63.893
322.650	186.078	28.785	70.551
319.908	189.770	29.469	65.547
318.444	188.952	29.912	70.582
316.873	189.804	30.216	70.834
316.382	194.107	28.601	69.191
316.539	193.561	28.292	70.871
314.738	191.858	29.330	68.071
315.398	196.872	29.106	66.757
314.041	196.714	29.085	64.079
312.994	196.893	31.045	67.219
312.512	199.261	31.366	67.395
311.464	201.633	31.703	66.917
310.851	202.581	30.103	68.263
308.356	199.818	32.691	76.359
305.602	203.497	34.107	74.983
305.855	205.374	31.913	73.942
304.041	207.073	31.001	73.468
301.628	209.088	30.987	70.422
299.226	205.636	33.019	76.173
296.782	206.646	34.214	80.178
294.686	207.549	35.160	79.505
292.825	209.406	35.740	76.560
292.718	213.091	33.782	75.875
291.448	213.458	34.655	79.587
290.139	213.663	35.985	84.546
287.745	214.450	38.467	84.517
288.051	215.933	37.691	86.194
286.387	216.417	39.865	87.507
286.201	217.829	40.384	89.100
286.913	218.935	40.936	88.808
286.882	220.352	40.972	86.878
286.102	222.533	42.344	88.007
285.508	223.966	43.072	88.439
284.491	225.560	44.507	88.316
283.224	228.335	44.797	87.665
282.625	229.664	47.197	88.874
281.513	230.032	48.188	89.510
280.832	231.798	47.799	91.857
278.894	234.627	49.297	92.958
276.959	236.094	49.670	96.959
274.247	237.553	51.375	100.760
268.338	240.204	54.709	101.855
266.066	242.242	53.516	104.841
262.907	244.471	55.196	105.809
259.485	246.326	54.373	107.386
255.216	248.086	54.996	107.470
249.866	250.257	54.749	106.475
244.423	251.648	55.112	108.974
239.595	254.431	53.541	108.121
235.255	255.677	53.281	110.284
231.159	257.110	54.587	110.982
224.373	259.764	56.592	110.753
216.893	263.623	56.244	111.534
209.149	266.603	57.901	113.501
202.633	270.235	57.961	115.622
196.088	272.379	58.824	115.957
190.674	275.490	57.314	112.454
177.873	279.358	57.123	110.480
169.956	282.797	57.972	110.555
159.429	286.553	62.229	113.122
154.448	288.733	60.305	117.777
143.849	291.837	63.140	119.264
135.384	294.758	66.131	123.736
127.936	299.491	66.804	121.859
119.918	303.568	63.181	124.293
109.617	306.128	63.297	126.314
95.590	311.587	62.730	126.343
85.886	316.658	64.929	125.449
75.903	321.258	63.829	127.954
65.082	324.002	64.545	130.861
55.980	328.693	65.944	131.785
42.261	333.125	68.589	133.950
