355.000	305.000	46.000	44.000
351.574	307.371	45.850	40.608
347.843	301.480	45.165	44.853
350.009	299.776	43.535	44.531
355.603	296.978	42.948	44.461
362.161	296.268	44.790	43.462
371.820	297.710	44.772	42.321
393.654	300.680	45.822	41.098
403.721	303.916	45.257	40.769
414.424	307.078	45.345	42.006
424.080	310.706	45.356	43.168
432.412	314.840	45.257	42.420
438.071	319.880	45.613	45.866
437.718	323.641	46.577	43.930
436.550	328.613	44.842	44.253
429.639	332.911	46.103	42.786
420.075	333.701	48.386	43.589
401.904	334.611	48.012	43.118
392.253	332.190	48.716	45.325
385.056	328.639	47.682	45.255
381.269	323.192	46.314	45.514
377.360	317.080	44.601	45.541
372.869	300.772	43.263	48.836
371.639	296.700	44.301	44.657
370.827	289.264	44.081	45.667
370.526	281.951	43.720	46.516
369.691	275.174	44.230	46.342
367.916	264.181	44.136	45.982
365.525	260.891	44.605	47.906
363.751	262.281	46.042	45.115
361.792	265.680	44.385	44.685
356.234	271.017	45.395	46.020
336.606	281.318	47.499	45.672
325.199	286.059	49.374	45.872
314.616	290.427	49.234	46.658
306.110	293.949	49.547	48.953
303.536	297.943	46.106	48.794
302.320	304.842	45.859	47.945
305.640	308.403	45.816	46.011
312.673	308.211	45.665	46.586
321.545	306.592	46.956	46.882
331.130	303.892	47.857	47.836
345.236	298.536	48.821	46.648
354.973	296.597	48.153	46.803
363.473	293.756	48.554	47.490
371.343	292.539	48.487	46.449
377.561	290.566	48.750	46.752
389.202	287.729	48.869	47.557
399.401	285.965	48.002	47.208
407.887	284.094	48.679	47.016
417.372	282.903	49.243	46.340
428.357	280.699	50.262	46.495
453.322	276.618	50.628	47.800
468.187	274.679	51.451	47.427
483.784	273.138	52.265	47.376
500.179	271.203	52.527	47.333
515.889	269.545	52.090	47.604
538.587	266.619	49.307	47.781
545.722	264.735	49.800	47.244
548.048	264.128	47.228	47.269
546.072	263.362	47.863	47.301
537.793	267.319	47.347	44.645
522.212	277.264	47.339	46.683
512.486	283.309	49.851	47.721
505.979	288.126	48.415	46.464
500.012	289.161	49.359	47.512
496.939	290.603	48.948	47.220
499.451	287.769	47.640	48.636
507.218	286.195	48.481	47.290
518.702	283.905	49.007	47.679
531.271	280.985	49.319	47.032
542.419	275.304	49.521	47.385
553.877	264.645	48.787	46.728
559.028	258.576	47.430	48.566
565.957	258.325	47.891	46.151
571.035	259.332	48.321	45.011
575.270	260.752	46.328	44.641
576.206	258.795	47.077	46.487
577.516	255.821	45.310	47.201
577.726	250.767	45.617	47.787
578.076	244.620	46.525	48.167
580.779	237.412	44.989	46.897
583.038	223.758	46.868	49.298
585.987	218.963	45.674	47.438
589.814	213.725	46.364	48.199
594.725	210.520	46.207	46.699
597.451	208.692	46.803	46.419
599.466	208.792	45.592	44.637
598.681	210.606	45.476	44.186
592.853	215.706	44.922	44.412
581.067	221.190	47.850	45.334
566.362	227.330	48.088	44.010
595.871	231.158	52.033	42.590
576.109	233.983	50.797	43.686
556.853	236.753	50.783	44.900
540.526	239.751	49.718	44.314
526.605	240.230	48.637	45.165
505.734	236.750	51.254	47.611
499.191	233.234	47.386	47.958
492.070	230.975	48.535	47.014
493.690	231.238	46.331	46.103
494.667	230.585	45.389	46.134
496.381	228.029	47.558	47.349
502.384	228.201	46.935	46.034
508.233	228.446	47.004	45.266
515.553	229.595	46.816	44.734
523.622	231.470	46.129	44.106
536.476	234.366	47.838	45.166
544.370	236.349	47.586	47.278
485.397	301.910	48.559	49.814
491.133	305.749	46.405	48.490
495.583	309.430	47.847	46.956
498.665	312.139	48.611	47.534
501.608	314.814	48.407	47.305
504.347	315.744	49.348	49.271
502.485	258.172	47.858	49.446
506.697	262.731	48.243	48.009
511.830	267.747	49.661	49.233
512.257	270.660	50.206	47.202
511.584	271.695	50.268	49.008
510.347	273.270	50.164	48.011
508.941	274.186	49.885	48.550
506.672	275.965	48.726	49.617
503.700	277.069	49.745	49.294
501.050	277.856	50.988	48.593
498.736	277.699	51.215	49.634
497.279	278.912	50.756	48.415
496.029	279.206	50.833	48.791
496.654	280.053	50.593	49.645
498.182	282.243	51.198	51.346
502.436	284.016	49.968	50.877
504.339	284.932	52.252	50.439
506.450	285.684	52.488	50.435
509.846	288.667	52.675	51.570
512.441	288.913	52.227	52.401
512.314	290.756	52.666	51.222
510.848	290.904	53.159	51.584
507.293	292.192	53.039	51.743
499.230	291.590	54.923	52.066
497.200	291.204	54.730	52.454
496.358	291.260	53.814	52.816
495.654	289.534	54.231	53.303
496.336	285.347	53.912	55.643
498.029	280.080	53.181	56.945
498.820	280.964	53.501	53.979
499.546	280.655	53.925	54.175
502.806	282.417	53.853	55.123
509.056	288.338	53.968	53.973
526.438	297.248	52.991	56.105
536.883	302.275	54.759	54.857
552.828	308.692	55.137	59.458
569.841	321.132	54.778	58.911
584.232	329.809	55.843	60.365
609.808	343.307	55.562	58.662
622.744	350.573	58.134	58.416
636.077	356.774	59.225	58.193
649.693	363.300	59.473	58.523
661.681	368.739	58.429	57.440
671.744	373.696	58.608	57.276
673.070	373.529	59.066	57.545
671.115	368.657	59.888	60.731
666.094	364.330	60.320	60.447
656.377	357.940	60.015	61.167
639.770	350.909	62.143	59.679
633.001	347.487	60.945	59.593
625.548	343.832	60.120	59.694
620.248	339.530	59.665	60.861
618.323	333.566	59.763	61.598
613.467	311.972	59.599	65.030
610.232	304.588	59.571	61.732
606.055	293.776	57.813	62.309
599.945	286.414	57.212	60.624
591.415	275.187	58.524	62.970
573.457	255.176	60.313	63.721
561.342	248.604	61.044	61.623
549.497	240.969	61.879	63.239
537.254	234.711	60.812	63.832
522.618	229.550	61.072	63.569
505.154	225.377	61.233	62.368
495.719	225.558	62.477	59.994
484.147	225.952	62.721	59.206
472.409	225.135	62.974	58.679
457.653	221.221	64.036	60.133
434.937	214.139	62.188	62.131
424.465	212.276	63.115	60.858
420.614	212.111	61.715	59.474
417.525	210.808	61.205	59.768
413.922	209.157	60.518	59.546
410.206	207.704	60.669	59.602
407.878	208.218	60.152	59.559
406.204	211.621	59.916	60.810
405.035	212.981	59.710	60.496
403.660	219.014	59.575	60.696
401.447	226.004	58.811	59.313
396.237	229.084	58.884	60.647
389.191	232.307	59.911	60.385
383.325	233.256	59.945	63.678
377.146	241.972	60.294	63.144
364.073	249.338	62.308	61.578
359.148	249.599	61.323	62.409
354.518	250.018	62.652	61.312
352.467	248.469	62.640	62.012
353.220	243.783	61.769	64.297
355.369	237.227	62.475	63.610
357.445	230.471	61.596	64.508
357.171	224.358	60.535	64.450
355.707	218.034	60.618	65.905
353.238	213.710	61.807	64.522
350.753	208.456	61.771	63.552
346.823	204.044	62.083	64.559
341.602	201.525	62.421	63.643
336.983	199.711	63.807	63.401
334.764	201.401	63.479	61.545
334.426	211.687	62.044	63.469
335.287	218.404	62.304	64.041
336.832	219.351	61.813	65.860
335.677	221.018	63.019	63.809
332.796	218.756	64.268	64.699
330.779	211.929	63.432	67.206
330.077	212.948	63.925	64.617
330.528	212.811	64.085	64.601
329.971	214.586	64.866	64.970
329.369	217.945	64.852	66.939
327.382	224.384	64.390	63.400
325.314	226.137	64.552	63.229
322.346	227.832	64.707	62.021
320.311	228.220	64.566	61.748
320.385	228.502	64.723	61.820
322.940	230.319	64.943	61.719
327.405	232.356	64.457	63.111
331.317	236.044	65.657	64.385
335.781	235.192	66.047	65.527
338.800	235.496	66.782	65.296
341.220	233.060	68.661	66.718
342.659	230.932	68.054	67.960
342.933	229.334	68.717	68.277
343.687	230.319	68.539	67.038
344.732	229.427	68.075	67.152
346.428	231.532	68.442	65.404
348.955	231.293	69.191	65.378
353.019	229.695	70.627	66.511
357.001	227.257	70.100	68.183
361.292	225.096	70.000	67.878
365.585	220.793	73.155	70.445
368.535	220.682	72.428	69.742
371.427	221.235	71.824	68.760
373.931	222.582	71.797	68.954
375.372	226.271	71.907	68.493
373.388	225.535	72.495	69.977
367.797	225.861	73.551	68.769
361.664	226.631	73.440	69.480
357.008	227.196	74.580	71.028
352.932	229.716	74.645	70.847
350.019	234.470	75.042	72.878
349.089	237.644	75.607	73.494
349.833	239.945	75.479	74.115
353.863	242.219	74.728	71.962
358.899	241.820	76.761	72.282
364.769	239.120	78.063	73.812
373.959	235.242	78.457	75.353
381.445	235.018	78.748	73.215
388.613	233.458	80.068	73.435
395.110	233.108	78.899	72.494
401.459	231.821	78.803	71.954
403.222	228.878	79.377	74.397
403.590	227.900	79.147	74.694
402.009	225.104	79.912	76.254
397.004	221.697	81.674	78.747
390.807	222.512	82.126	76.696
389.193	225.746	83.879	77.328
388.514	230.914	83.070	78.021
391.605	238.660	82.979	78.393
398.119	245.045	81.676	80.329
404.175	254.486	80.533	81.608
405.572	259.778	82.743	80.674
410.155	263.284	80.556	77.206
410.265	268.051	81.673	73.853
410.418	269.133	81.421	76.272
407.082	272.752	81.072	79.829
418.825	395.070	82.707	78.957
412.329	402.555	83.785	85.341
399.977	407.608	84.932	83.132
387.838	410.805	84.320	82.112
371.121	411.825	85.425	82.415
367.587	413.424	82.427	81.203
365.135	417.021	82.865	79.046
368.138	421.428	81.543	77.286
370.362	418.588	80.974	81.107
369.465	413.937	79.437	80.370
367.448	409.804	78.144	77.767
367.178	405.766	78.320	77.212
372.625	408.151	76.651	74.506
378.893	406.549	76.575	74.395
382.703	407.683	73.849	72.731
380.629	402.291	74.292	72.394
371.601	397.573	74.741	71.359
361.736	393.034	76.806	71.772
350.354	392.263	75.309	70.457
342.091	391.629	72.355	69.519
328.851	393.002	71.921	69.056
322.537	394.342	70.380	66.388
315.242	391.934	70.080	67.112
310.743	389.696	68.617	67.586
307.221	385.944	66.645	67.337
303.792	381.325	66.179	65.475
303.175	378.694	65.183	66.108
303.753	378.175	64.534	64.660
306.219	378.989	63.978	62.898
310.369	379.733	63.466	62.582
314.153	381.893	62.335	63.167
313.763	383.287	63.268	62.348
316.596	386.271	61.049	61.613
317.071	387.750	61.441	62.105
321.198	389.881	60.725	61.150
327.083	393.860	62.645	60.344
334.128	394.167	61.857	61.109
339.448	396.105	61.922	61.206
346.928	397.560	61.746	59.921
352.970	399.335	59.824	58.369
359.131	398.853	60.231	59.605
362.146	397.880	61.370	60.450
369.338	393.090	61.372	62.545
375.831	387.645	61.697	62.605
382.090	380.896	60.520	61.451
390.623	375.580	60.017	61.339
395.399	375.314	58.985	58.885
399.364	377.110	56.552	58.000
400.128	380.447	56.767	58.061
400.059	383.725	56.052	56.876
396.889	383.840	54.321	56.097
385.222	383.148	59.346	57.293
380.235	380.154	55.831	58.575
374.455	377.352	57.080	59.406
372.378	379.845	56.942	56.461
372.892	387.547	55.133	54.850
372.596	394.189	53.689	55.332
365.394	398.527	55.239	56.352
352.029	403.008	57.210	56.123
343.922	403.691	54.908	56.059
339.334	404.162	54.823	54.246
342.064	401.534	55.768	54.664
350.656	398.706	53.763	53.607
354.472	389.829	54.600	57.929
357.164	375.157	53.904	63.452
367.982	347.607	55.012	59.930
367.947	334.168	57.468	60.183
382.857	329.447	53.163	54.076
397.560	323.574	54.846	55.307
411.214	316.978	54.279	53.243
424.516	308.941	53.621	53.444
429.873	304.614	54.779	52.250
440.426	303.889	52.917	51.223
446.635	304.727	51.293	50.200
453.117	305.360	50.895	50.227
459.316	304.800	50.199	50.270
458.935	302.877	52.007	51.142
458.383	297.736	52.430	50.900
459.498	295.406	48.681	51.378
455.481	290.337	48.847	50.847
444.453	282.474	51.021	51.907
434.041	281.800	51.769	50.395
423.817	276.921	51.066	52.237
406.490	222.469	48.183	48.092
398.305	226.519	50.016	46.141
388.665	231.497	49.362	47.379
384.809	232.458	48.223	47.317
379.609	233.485	49.161	46.561
375.420	232.465	48.936	47.725
371.843	231.988	48.751	47.249
368.461	232.982	47.912	46.249
367.084	234.019	46.592	47.255
366.091	236.569	47.072	46.861
366.720	238.882	46.996	47.066
370.205	241.996	47.566	46.409
375.992	246.105	47.538	45.465
376.867	245.324	48.014	46.717
377.853	243.995	47.436	47.864
376.097	238.975	46.473	49.970
370.456	233.799	47.806	48.318
355.997	222.028	48.289	47.732
343.639	215.923	49.793	50.951
332.128	214.206	51.461	50.091
324.380	218.089	50.494	47.974
316.142	222.608	51.951	48.666
304.439	231.496	48.194	50.069
300.463	233.489	47.943	47.254
297.103	235.236	48.550	46.109
294.344	236.152	48.446	45.914
290.962	239.113	47.500	46.560
285.290	245.702	47.180	49.095
285.027	252.415	45.850	48.497
287.026	259.357	47.719	50.491
296.609	267.153	48.179	46.865
306.894	272.066	48.182	45.356
320.819	274.359	49.862	45.250
331.894	275.151	49.662	45.015
344.010	276.844	48.790	45.590
356.353	281.372	49.274	46.258
370.426	286.722	47.700	46.306
384.176	293.993	47.022	47.241
392.491	298.866	47.978	44.740
395.977	300.025	46.384	44.850
396.226	301.347	47.025	44.835
396.203	302.556	46.181	44.521
394.623	306.220	45.169	44.783
394.053	308.220	46.638	44.352
398.798	313.136	45.081	43.868
405.424	316.392	45.936	42.569
413.520	315.881	46.003	43.664
424.806	310.733	47.396	46.045
433.705	306.581	46.514	44.716
439.121	301.542	46.019	45.701
441.701	297.518	46.100	44.106
440.871	293.461	45.015	45.426
428.714	291.920	46.576	44.019
416.101	292.713	47.171	42.769
405.061	294.220	47.460	42.278
392.621	297.029	47.495	41.911
381.142	298.447	46.857	41.704
372.219	298.044	45.525	42.321
373.245	296.113	43.504	43.285
375.957	291.982	43.836	44.423
385.732	287.510	43.921	42.588
397.537	282.963	44.456	44.010
425.553	277.067	49.539	42.827
444.240	274.985	47.469	41.959
462.219	271.070	46.862	41.059
478.034	264.779	46.330	43.157
494.311	307.431	44.864	43.077
488.355	287.480	46.208	47.908
476.015	282.318	47.413	43.676
454.583	280.986	47.622	43.521
492.163	280.420	49.008	43.823
405.043	294.751	49.232	45.863
422.915	316.832	48.809	47.173
402.061	325.039	45.989	44.920
380.508	332.720	45.497	42.863
365.558	338.599	43.837	41.427
358.709	342.451	43.437	41.581
368.429	348.980	41.318	38.820
383.531	350.258	45.231	40.292
400.422	349.932	50.703	42.047
427.191	347.753	52.635	43.246
396.638	350.217	50.070	42.911
380.970	342.209	50.132	43.643
403.140	336.287	46.440	43.044
413.562	330.528	45.908	44.015
414.501	329.798	44.641	42.855
469.808	325.155	46.674	43.338
492.102	335.290	48.320	42.631
530.314	339.155	47.633	40.298
506.980	344.977	44.761	45.612
486.640	352.338	44.866	44.385
471.893	359.833	42.971	39.932
465.460	365.185	41.297	38.468
469.080	363.495	43.884	41.065
472.745	359.776	43.881	40.245
479.395	352.670	42.466	40.863
483.063	343.357	44.347	44.202
472.377	330.591	42.659	44.492
452.021	328.098	42.679	40.745
434.874	377.500	46.431	43.220
413.760	380.205	45.346	41.408
395.355	387.030	44.306	42.888
376.299	402.531	43.788	44.377
379.811	408.896	42.616	43.177
389.446	414.527	45.388	40.994
345.022	417.243	50.706	41.152
369.706	407.746	49.941	47.409
334.994	404.746	54.125	46.435
318.838	393.863	56.488	50.374
339.740	386.891	51.945	44.736
354.985	380.788	43.892	44.958
413.483	336.391	49.995	47.260
402.907	333.254	43.818	39.676
375.878	342.788	45.897	42.652
367.585	349.294	44.777	42.905
364.155	353.725	43.233	42.016
366.373	356.577	45.575	42.863
378.395	361.809	42.472	40.612
393.119	361.527	41.730	41.900
389.089	359.062	46.123	43.470
376.178	356.928	47.330	41.268
344.873	354.288	51.873	44.932
367.244	352.751	53.881	43.778
374.612	361.353	52.511	40.322
351.848	368.938	48.742	46.414
339.466	379.531	42.605	46.800
337.801	387.619	41.525	42.987
348.619	394.592	43.072	41.570
330.854	398.299	48.563	40.885
301.995	395.565	53.158	44.883
321.422	384.260	69.865	45.634
315.741	369.015	60.429	50.628
343.955	356.524	52.406	48.138
372.352	338.072	41.671	46.142
296.901	285.705	46.839	45.865
274.938	289.626	46.167	41.297
248.886	295.266	44.699	42.758
276.311	302.922	49.110	45.548
282.580	321.903	50.139	43.548
262.126	330.026	46.576	44.572
243.808	336.348	47.544	42.476
234.576	342.355	44.254	43.901
233.172	349.577	41.998	48.130
242.637	328.415	44.415	51.173
261.174	345.090	42.643	48.047
278.373	360.484	43.874	45.651
292.855	363.597	44.905	41.440
307.981	405.980	45.044	43.635
324.690	403.874	38.646	54.759
327.296	376.419	40.395	80.554
320.831	378.041	50.897	95.360
325.058	390.332	50.492	103.272
325.764	369.129	46.729	86.302
283.252	370.078	43.558	46.155
294.532	379.983	46.018	43.107
317.380	392.608	44.528	48.426
330.004	375.328	45.646	67.317
344.804	368.784	40.417	47.659
354.894	377.977	42.945	41.721
355.502	372.594	44.156	45.515
351.050	362.868	41.115	45.623
339.225	351.870	41.719	46.670
318.961	337.455	42.693	48.805
336.607	317.430	52.119	50.841
325.842	317.216	44.637	43.111
312.059	315.545	44.198	44.148
305.398	318.482	43.548	42.784
303.730	284.665	40.598	63.459
323.107	322.524	42.373	52.108
335.531	332.358	44.877	55.676
352.108	348.466	44.578	48.379
363.376	352.547	44.263	42.445
370.080	346.027	42.986	42.128
369.207	315.433	42.969	62.362
352.434	289.404	43.208	65.526
340.705	274.360	41.505	55.932
324.365	263.034	45.672	46.486
313.289	260.947	42.288	38.239
305.727	275.148	40.947	50.354
305.928	292.708	38.228	57.507
291.783	255.727	45.687	70.920
295.964	266.722	42.592	76.044
307.181	352.707	38.737	41.478
305.324	333.241	41.943	49.632
308.620	312.413	40.004	57.916
307.880	283.676	40.426	63.333
316.058	313.033	42.939	58.214
316.936	302.017	44.374	50.277
319.373	299.445	44.530	41.364
321.251	305.671	45.000	41.107
322.648	313.577	41.112	44.005
313.355	319.838	44.354	42.686
304.166	321.429	44.439	41.318
291.415	313.918	42.634	44.491
280.689	310.385	43.872	41.399
274.371	303.948	43.395	42.251
268.493	299.749	46.409	42.210
270.321	292.286	45.198	45.148
280.678	290.231	43.775	44.133
287.506	246.375	41.806	39.093
299.090	245.160	45.567	40.244
312.098	245.160	45.373	39.519
326.201	245.804	45.012	39.473
348.038	249.032	43.733	39.250
357.393	252.292	42.715	38.784
363.930	254.891	42.301	38.778
368.263	256.352	42.477	39.229
370.228	256.667	42.943	39.286
375.701	254.285	43.099	41.916
377.500	253.938	42.423	40.236
379.734	254.225	42.665	39.679
380.761	256.512	42.952	40.742
381.240	260.676	42.692	41.877
383.143	267.187	40.908	42.031
386.412	271.664	42.068	40.892
394.820	274.164	42.796	40.342
406.485	272.815	43.205	41.067
417.189	267.459	43.369	41.968
433.544	259.495	45.714	41.386
445.253	254.913	43.967	44.431
455.590	251.395	43.523	43.194
464.525	251.662	43.397	41.511
471.213	253.066	44.327	40.326
477.321	255.284	43.475	40.666
481.068	255.473	42.702	40.524
483.246	257.283	42.211	40.431
484.173	256.520	42.106	41.732
484.190	256.312	42.086	42.161
477.735	250.331	43.058	41.964
470.895	244.825	42.668	43.347
462.114	240.542	43.142	43.887
447.362	234.803	45.389	44.276
430.369	230.176	43.744	42.472
410.575	228.580	43.441	43.062
398.717	230.751	44.477	41.782
387.516	235.091	46.579	43.686
375.076	242.265	46.986	43.715
357.407	251.035	42.905	46.691
376.992	278.373	44.758	46.087
357.649	291.673	44.309	49.682
340.149	307.991	43.445	50.235
322.102	325.416	43.363	52.839
307.116	344.424	41.928	54.151
330.172	333.379	44.259	53.226
319.659	356.260	44.350	50.542
308.114	373.820	42.766	55.895
304.340	392.700	43.617	54.245
307.084	402.930	40.180	55.268
309.028	413.187	40.136	50.289
321.153	424.805	40.189	44.617
327.007	426.616	42.412	44.838
338.034	430.437	44.587	42.743
355.136	433.923	44.224	47.903
334.798	465.467	45.130	42.728
358.878	466.771	44.052	44.623
320.912	468.248	45.394	43.666
348.145	450.888	47.998	52.508
373.518	441.739	50.363	53.882
368.491	435.044	52.452	56.335
381.961	406.861	55.002	68.655
399.129	384.895	54.105	65.107
412.437	359.580	42.237	68.418
426.741	391.819	40.433	54.695
429.798	377.929	40.032	47.614
426.639	374.488	38.813	41.488
418.826	360.502	41.623	45.663
418.680	345.283	38.384	48.514
410.180	332.437	40.309	49.592
399.450	267.043	40.085	44.239
391.045	256.353	38.803	45.599
382.335	245.514	40.830	45.444
426.189	234.653	40.983	43.641
407.406	232.944	41.654	40.662
375.469	231.271	42.138	37.426
359.904	230.763	42.904	38.201
341.759	228.946	42.109	39.471
323.176	224.460	42.697	38.931
307.708	218.608	42.038	40.918
282.171	218.108	41.160	37.850
270.835	219.914	43.106	37.315
257.999	223.240	41.680	37.801
300.114	221.273	42.131	40.400
280.744	225.564	42.941	37.362
262.264	223.878	42.752	39.548
233.788	220.795	41.034	41.120
225.254	220.169	40.202	40.304
219.554	222.745	40.625	37.440
217.788	226.467	39.532	37.223
216.171	231.313	39.553	40.588
217.298	240.118	37.042	42.195
217.820	249.166	35.876	41.810
219.636	258.144	36.140	42.438
219.253	265.022	38.538	43.661
229.845	277.740	37.795	42.014
195.185	298.103	39.540	42.356
211.527	307.865	41.284	42.677
227.756	314.138	42.744	42.389
242.371	318.318	42.913	39.565
260.940	322.195	43.777	38.095
287.612	330.556	52.141	44.350
260.879	340.675	41.836	46.029
283.154	350.250	44.781	46.276
305.824	358.241	44.203	49.894
324.087	335.247	46.722	65.683
363.475	396.126	39.273	42.875
373.735	395.776	42.554	42.120
386.404	394.675	42.942	40.519
391.811	389.481	42.870	40.888
395.164	385.636	42.222	39.840
395.188	382.862	40.379	41.088
392.736	385.115	44.251	42.320
447.845	389.583	39.224	40.002
443.869	394.770	40.548	42.295
435.692	401.502	41.017	39.816
405.739	396.263	41.966	39.573
384.963	383.250	41.523	43.207
363.725	375.870	42.453	41.609
348.427	369.107	39.414	40.879
333.172	365.343	40.202	40.678
322.133	364.335	39.514	39.450
315.675	362.239	41.275	39.964
311.503	358.852	40.236	40.052
309.079	353.677	37.710	38.724
304.853	347.238	38.081	38.350
300.404	333.733	38.096	42.451
296.418	329.433	36.688	38.401
292.819	319.897	38.063	41.065
290.311	312.245	36.666	40.881
286.755	302.102	38.228	42.695
285.695	294.812	38.984	39.837
285.689	289.714	37.626	37.845
287.316	285.321	38.024	36.585
288.628	282.068	37.786	38.419
292.772	282.156	38.532	36.361
302.360	284.521	38.905	36.557
311.200	286.775	39.200	36.608
321.423	289.189	38.763	36.519
332.745	292.375	40.140	36.236
345.570	295.384	40.855	35.795
369.054	299.800	39.809	36.736
381.031	304.518	41.508	35.907
392.467	308.579	39.739	36.007
402.260	313.083	39.454	40.340
410.313	320.745	40.061	40.628
415.966	329.431	37.573	41.179
415.657	336.393	37.896	40.311
414.162	342.947	36.648	39.334
408.147	349.355	38.636	39.834
399.172	355.836	40.093	39.942
376.361	366.180	40.497	40.281
361.766	372.429	41.079	37.202
345.312	374.929	42.194	37.954
326.370	376.969	42.762	38.207
303.421	377.402	42.773	38.567
313.259	368.666	49.451	39.013
293.157	366.027	43.919	42.984
274.879	364.685	43.452	39.233
265.083	362.125	42.263	38.333
257.468	359.652	41.180	37.843
256.989	355.315	36.892	37.681
259.833	353.448	39.250	37.943
265.867	350.593	40.156	37.292
277.422	346.437	41.236	37.298
292.890	343.264	41.971	37.366
276.508	341.113	41.657	36.469
298.785	339.224	43.973	37.265
321.054	336.100	43.235	37.609
344.794	332.103	43.192	38.357
361.987	329.360	43.784	36.678
345.028	326.738	44.219	39.299
364.992	323.249	43.995	39.727
379.256	321.589	43.425	38.050
392.660	319.331	41.862	36.950
401.926	322.854	40.205	36.678
423.717	331.926	38.898	39.484
436.461	340.314	38.330	40.525
449.331	346.802	40.074	49.566
459.197	328.047	38.999	59.936
473.065	337.714	39.934	44.476
391.727	404.645	37.794	37.566
401.902	400.407	34.490	37.568
408.909	391.539	38.764	40.537
419.065	380.591	35.084	41.318
423.904	365.229	33.873	42.390
420.977	341.417	35.774	52.707
464.139	324.452	36.155	40.584
446.590	312.004	38.392	43.994
429.352	307.459	38.579	38.070
408.573	301.887	40.386	37.405
377.281	300.162	40.948	36.103
366.843	300.300	39.978	35.681
358.326	296.834	39.339	36.592
353.392	292.730	37.416	36.670
353.413	287.871	36.243	36.741
356.128	272.761	35.408	38.880
361.591	265.708	35.538	37.861
365.897	260.378	36.217	36.206
369.557	254.656	36.141	35.696
369.359	249.396	35.257	37.241
362.052	245.287	36.818	35.052
353.704	241.726	38.117	37.302
342.386	238.175	37.469	36.066
326.162	232.595	39.592	35.561
310.455	224.821	38.503	37.240
275.775	211.229	40.067	41.546
262.064	209.101	37.749	35.891
245.109	205.883	38.564	36.693
226.383	203.258	39.613	37.074
250.773	190.199	44.063	41.975
277.783	182.291	40.163	36.523
268.708	181.340	39.189	36.325
260.933	181.511	38.505	36.067
253.509	182.383	39.258	35.355
245.166	181.286	38.041	35.469
228.302	170.869	36.101	37.793
221.694	172.632	38.880	35.053
217.415	172.936	37.038	35.004
215.227	176.569	37.031	34.536
214.586	182.002	36.879	38.174
213.609	196.617	35.283	41.518
215.046	208.053	34.981	40.336
216.139	217.577	34.732	41.470
217.625	227.874	35.594	40.009
223.024	239.930	36.376	40.284
241.034	261.565	39.361	45.617
257.643	276.872	38.049	46.156
272.672	295.503	37.117	42.490
289.926	308.139	35.849	40.055
303.549	320.515	34.904	38.602
324.529	336.736	37.798	41.478
336.902	342.363	38.789	37.832
353.454	350.277	38.076	40.015
369.236	356.732	38.518	39.546
387.590	364.657	37.452	40.053
415.305	377.020	37.620	37.530
424.811	382.157	39.212	34.888
435.661	385.885	38.758	35.342
445.883	388.210	38.503	35.733
453.684	388.796	39.400	35.740
464.073	383.407	36.781	35.027
468.577	378.705	36.034	38.294
471.706	373.653	36.146	37.265
473.840	365.682	36.729	38.329
476.409	357.685	36.052	38.376
478.622	345.662	36.979	40.652
487.569	365.639	35.137	39.558
494.016	393.178	36.094	42.005
494.547	381.498	35.810	41.196
495.445	375.481	34.165	38.144
493.409	362.618	34.405	38.212
488.715	359.641	35.604	37.177
479.297	316.399	34.528	36.143
468.639	307.316	40.629	40.583
468.593	305.404	36.004	35.799
460.305	292.703	37.476	40.792
443.392	274.761	38.960	40.615
441.332	267.546	34.485	38.737
434.024	256.894	35.926	40.783
429.539	254.113	35.574	35.779
429.466	254.625	35.295	36.173
426.018	259.165	34.981	35.149
424.500	263.763	34.140	37.214
422.404	269.538	34.392	36.237
420.192	273.700	35.104	34.810
419.085	274.166	34.777	36.064
416.645	275.991	34.580	34.613
413.780	274.634	36.319	35.919
411.889	272.526	33.959	36.292
405.634	271.233	37.698	35.597
403.476	270.560	35.915	35.239
398.781	272.884	34.492	34.792
393.842	276.791	35.323	35.731
388.953	281.161	36.228	34.854
385.648	285.221	35.650	34.244
382.020	289.954	36.073	33.616
378.651	293.427	35.710	34.465
377.097	294.784	36.046	35.916
376.196	299.568	34.975	35.910
374.056	304.439	34.489	36.191
371.362	310.185	35.222	38.167
366.366	317.613	34.918	37.115
363.863	321.882	34.912	34.919
361.708	322.391	35.754	36.551
362.340	325.571	35.925	35.202
363.763	329.123	36.596	37.834
365.796	310.059	32.604	43.275
361.374	285.453	35.476	71.215
363.909	307.029	39.588	67.920
367.120	328.599	41.892	62.134
378.460	377.489	38.621	58.989
391.065	401.584	37.169	57.451
391.725	387.739	40.761	62.965
405.060	413.738	36.426	38.701
411.660	408.874	37.006	39.350
422.563	402.570	38.133	36.747
450.448	397.840	39.271	36.053
463.728	391.345	41.445	39.001
477.096	385.328	38.175	37.417
487.516	377.180	38.283	38.846
496.157	371.758	38.243	37.894
511.139	361.913	39.613	38.420
518.849	361.675	37.963	35.492
526.498	362.433	38.215	35.708
533.428	363.426	37.769	35.963
538.822	361.222	36.747	36.322
540.239	341.291	36.654	39.837
539.530	326.700	35.413	42.734
537.593	319.534	33.740	39.749
530.197	307.246	36.406	42.836
522.613	302.763	36.791	37.351
502.653	294.785	37.837	36.116
489.248	296.763	39.272	34.494
474.500	298.029	39.600	35.086
461.042	300.394	37.552	35.310
446.714	305.661	37.288	33.657
425.491	306.918	38.187	33.978
413.790	307.168	38.943	34.393
403.627	305.615	39.836	36.181
395.573	304.027	37.968	35.260
389.219	300.268	36.693	36.102
381.491	296.126	36.686	35.004
378.511	294.004	37.694	36.827
377.234	293.434	37.695	35.883
376.392	293.323	37.076	35.293
376.244	293.048	36.594	35.312
377.990	292.695	36.271	35.282
380.811	294.458	36.875	34.083
385.460	296.614	36.738	33.679
389.688	297.537	37.043	33.350
393.003	297.586	38.008	33.440
399.216	297.180	38.638	34.468
403.363	296.965	36.493	34.595
406.169	297.171	37.396	33.821
409.138	297.311	37.438	33.401
412.071	297.435	38.005	33.431
421.648	291.857	36.648	33.858
426.140	287.723	37.794	34.358
430.877	283.390	35.962	33.803
435.288	278.064	36.165	33.715
440.126	273.161	35.881	33.615
447.096	266.963	37.624	34.101
452.832	262.511	36.790	35.324
459.225	257.443	37.121	34.796
465.548	250.310	36.844	35.346
471.181	243.017	36.322	36.079
480.463	230.268	37.035	37.305
484.755	226.585	36.336	34.676
487.169	221.897	37.186	35.234
490.442	217.727	36.935	34.842
494.059	212.962	36.272	34.007
497.192	203.377	36.922	37.177
499.404	199.200	36.130	35.507
500.760	193.353	36.131	35.418
500.872	185.743	36.480	36.944
501.323	176.404	35.815	38.816
497.903	155.170	33.390	40.632
490.218	151.282	36.549	36.136
483.655	150.025	38.495	36.626
476.248	150.177	38.333	36.485
468.851	150.250	38.699	35.738
466.862	149.894	36.295	35.441
466.403	150.474	36.373	34.576
466.294	150.216	36.504	34.772
466.313	150.353	36.291	34.892
466.387	150.353	36.145	34.528
466.387	150.375	35.836	34.451
466.438	150.323	36.224	34.279
466.304	150.217	36.064	34.114
