425.000	62.000	116.000	77.000
426.041	59.472	112.712	80.735
424.501	58.411	112.402	81.235
423.467	56.749	111.635	81.886
422.961	55.670	111.176	82.870
420.987	54.040	112.867	84.148
421.118	53.625	112.210	84.379
421.147	53.301	111.842	85.452
421.029	53.295	112.168	87.429
421.020	53.745	112.134	88.820
420.685	55.143	112.522	91.094
421.080	56.679	112.965	91.811
421.449	57.890	113.360	92.751
422.289	58.504	113.955	93.299
422.393	59.179	115.445	93.970
423.178	60.989	115.783	93.628
424.576	61.891	115.786	93.489
425.870	62.136	115.451	93.775
427.380	62.280	115.421	93.823
427.950	62.534	116.412	93.988
429.079	62.983	116.646	93.969
429.736	63.180	117.314	94.202
429.655	63.377	117.869	93.956
429.959	63.318	118.447	94.266
430.438	63.050	119.511	94.373
431.046	62.380	119.776	94.605
432.475	62.085	118.000	94.358
433.017	61.702	116.401	93.659
434.600	59.587	115.209	94.385
434.609	57.133	115.589	94.548
435.486	55.738	114.387	93.621
434.432	50.608	114.597	93.350
433.602	48.793	113.144	91.845
431.430	47.415	113.157	91.934
429.538	47.607	115.217	92.250
426.682	52.975	117.239	95.986
425.029	57.441	118.193	98.060
424.635	61.644	116.479	98.488
424.015	63.857	116.670	98.403
424.540	66.856	116.775	96.671
425.212	67.963	116.509	96.019
426.002	69.055	115.886	95.020
426.219	69.354	115.757	94.464
427.250	69.807	114.647	93.674
427.631	69.632	114.858	92.790
429.673	68.711	114.684	92.577
430.210	67.634	115.427	92.759
431.495	66.832	115.236	92.570
432.309	66.211	115.954	92.885
432.781	66.014	116.649	93.637
433.336	66.016	116.840	94.033
432.067	66.525	117.625	93.938
430.479	68.592	118.693	91.249
429.348	68.691	118.540	91.266
428.584	68.720	118.461	92.070
428.060	68.476	118.863	91.953
427.536	68.303	118.867	91.914
426.408	67.943	118.803	92.013
424.872	67.592	119.026	92.018
423.705	67.541	118.596	91.668
421.991	67.384	118.829	92.783
420.716	67.496	118.770	92.721
420.603	67.140	117.727	93.076
420.360	66.782	116.708	93.175
419.639	66.728	117.090	93.438
419.116	66.067	117.568	93.572
418.711	65.283	117.375	94.050
418.125	64.721	116.479	94.138
417.466	64.419	117.139	93.950
416.890	63.595	116.791	94.540
415.418	62.907	118.039	95.214
414.267	61.956	117.261	95.408
412.074	60.701	118.127	95.970
409.540	59.359	116.489	96.811
407.834	59.018	113.935	96.487
404.624	58.568	115.994	96.330
400.780	57.947	115.387	96.049
396.263	57.190	116.725	96.863
391.905	57.200	119.646	96.053
386.881	56.588	120.990	95.962
382.747	56.712	120.265	95.243
378.943	56.255	119.408	92.998
376.212	55.809	121.072	91.415
374.990	54.867	120.457	92.085
373.171	54.410	120.354	92.089
370.113	54.186	120.916	91.982
365.512	52.669	120.881	92.465
363.150	51.696	119.858	93.105
362.216	50.661	119.404	94.915
361.307	50.410	119.394	94.918
360.463	50.045	117.124	95.165
357.969	49.823	118.261	94.170
356.381	49.514	118.832	94.597
354.727	49.004	118.665	95.269
354.042	49.210	117.737	95.064
352.789	48.589	118.421	95.523
352.516	48.227	118.923	95.625
352.947	48.279	118.850	95.514
353.702	48.487	118.861	95.366
354.942	48.694	118.505	95.158
355.339	48.537	119.400	94.497
356.163	48.898	118.276	94.195
356.845	49.097	118.202	93.830
357.749	48.480	117.355	93.749
357.418	48.678	117.116	93.740
357.632	48.526	117.369	93.358
358.180	49.073	116.237	92.822
358.728	49.424	114.872	93.063
359.118	49.961	115.137	92.000
359.677	50.061	115.083	91.550
360.031	50.340	114.463	91.330
360.080	50.074	114.214	91.071
359.966	50.106	114.327	91.024
359.512	50.057	114.782	90.846
359.796	50.124	114.189	90.683
359.734	49.908	114.205	90.769
359.548	49.858	114.728	91.045
358.998	49.781	114.681	91.422
358.529	49.336	115.172	91.750
358.003	49.300	115.568	91.442
357.478	49.435	116.916	91.709
357.153	49.812	116.740	91.280
356.910	50.011	117.848	90.570
356.978	49.961	116.837	90.789
356.723	50.340	117.393	90.231
356.608	50.291	117.669	90.854
356.212	50.126	116.887	92.420
355.917	50.590	116.759	93.567
354.511	50.920	116.264	94.426
352.527	51.591	116.231	97.768
348.537	53.700	121.115	101.537
344.230	59.448	126.204	112.966
344.498	65.040	126.718	114.000
352.502	75.192	119.667	109.568
462.288	78.989	115.578	107.787
470.065	84.721	108.312	110.995
472.283	98.238	103.111	118.558
473.906	107.174	108.261	119.409
478.210	119.164	104.523	116.676
474.312	129.088	112.046	116.075
479.297	143.861	111.129	109.180
487.658	166.156	116.439	95.359
488.141	173.171	119.518	92.893
489.396	177.738	125.964	93.880
491.090	177.629	127.055	98.993
494.886	180.603	126.981	96.807
497.804	182.365	127.727	96.249
497.608	184.628	131.118	94.835
500.651	187.236	130.352	93.613
502.852	186.851	132.984	95.690
505.993	188.466	134.673	95.967
512.120	190.333	134.209	99.804
517.532	192.690	134.591	101.460
521.498	195.389	134.164	104.532
526.219	196.586	131.259	109.647
528.314	202.589	131.209	106.147
547.611	206.649	107.177	104.552
547.250	208.796	108.452	101.858
546.980	209.770	109.782	102.740
542.196	215.575	118.893	99.861
539.574	219.651	122.400	97.599
537.062	222.795	123.400	98.517
536.867	224.501	118.578	99.090
536.101	226.387	114.729	97.618
535.426	226.183	108.027	98.446
531.738	229.103	106.025	95.869
529.308	232.115	100.188	94.037
526.345	236.226	96.512	89.601
525.150	239.937	87.584	86.029
524.943	241.924	76.186	83.921
526.876	240.340	67.026	85.595
526.802	237.336	58.451	87.021
528.541	227.224	62.216	99.817
523.274	225.817	66.301	101.347
511.518	224.598	60.388	96.682
504.610	226.710	47.940	92.451
505.069	232.784	48.639	90.516
505.360	237.955	49.903	89.635
504.738	238.378	52.116	87.159
506.585	240.170	51.721	85.271
507.533	240.257	50.096	85.740
503.361	241.363	53.806	86.734
503.088	242.245	54.282	88.842
507.096	243.902	50.692	85.078
511.858	246.660	47.778	85.094
515.534	246.097	48.811	86.048
519.897	243.160	53.123	86.077
536.062	238.119	56.443	92.928
541.520	226.495	54.689	101.309
545.439	228.086	51.875	99.590
546.496	217.681	50.732	107.215
525.859	199.317	71.357	121.177
541.118	201.208	59.530	109.101
559.388	193.402	49.778	107.106
560.418	188.881	52.159	98.244
555.918	185.199	65.925	101.644
542.948	187.472	86.823	99.845
533.140	192.536	102.552	90.347
526.116	196.009	114.388	88.451
519.399	201.563	120.722	91.723
512.953	206.235	127.199	95.429
500.892	211.343	135.246	101.824
498.384	211.100	136.987	108.354
494.474	213.030	139.222	109.897
495.295	214.233	135.705	112.945
496.311	215.315	129.252	114.237
501.863	223.364	117.895	110.321
505.352	227.944	107.356	107.120
510.446	230.663	98.091	104.732
513.781	230.352	91.571	104.709
514.951	230.920	88.118	102.283
515.978	231.998	85.054	98.289
516.681	231.521	84.009	97.103
516.813	233.610	86.498	92.685
517.283	234.260	91.519	91.376
515.220	236.390	100.125	88.198
516.179	237.931	108.082	86.974
515.535	237.732	115.278	88.148
516.492	237.059	120.412	91.251
520.144	236.647	119.483	92.767
522.953	235.417	117.735	94.579
530.444	233.018	107.587	94.945
533.615	230.277	97.009	92.545
533.377	226.762	87.189	92.295
532.500	221.494	79.676	95.078
521.157	216.597	87.899	93.072
515.224	210.969	99.879	85.887
511.488	209.303	106.820	72.851
481.549	209.163	137.456	65.356
484.266	204.058	128.587	68.374
462.851	195.961	147.732	78.708
461.907	185.279	140.148	97.103
459.054	185.411	139.318	101.564
456.184	188.098	138.681	104.546
456.668	188.848	139.031	111.451
459.493	194.693	138.021	111.585
464.650	210.231	137.492	105.673
475.485	221.658	132.849	97.118
487.533	227.595	124.243	94.223
500.347	232.250	112.392	91.382
502.532	233.637	112.234	91.157
501.209	234.685	117.876	91.724
499.419	234.737	122.557	94.622
496.811	234.820	128.505	96.720
496.244	233.124	129.911	99.367
495.652	232.591	129.641	100.026
498.683	225.989	123.999	106.061
500.560	221.601	117.439	108.242
500.465	219.980	117.327	110.159
499.152	221.527	117.489	107.807
494.374	222.820	124.471	103.651
487.743	225.344	134.310	95.859
486.912	226.566	130.646	86.263
497.925	219.107	111.101	94.696
505.196	214.348	93.017	100.267
516.992	204.975	77.090	109.442
527.486	199.507	67.313	118.955
513.929	199.844	71.598	116.556
518.610	209.242	75.978	109.861
516.423	209.903	74.269	106.158
521.003	218.312	76.244	101.063
530.866	221.796	91.833	104.162
521.996	225.536	121.042	105.975
515.519	224.342	129.904	107.864
514.346	226.745	132.251	106.709
515.399	229.197	128.423	105.199
522.684	231.278	115.448	104.189
538.978	233.165	84.036	102.945
545.176	232.210	74.884	102.265
546.111	232.294	76.010	99.330
543.749	232.518	82.852	97.057
536.700	233.941	97.738	93.175
524.848	234.864	114.572	90.607
521.000	233.652	116.107	93.017
519.309	232.434	110.221	92.038
523.306	226.953	93.482	96.736
528.643	220.956	68.781	99.812
517.493	221.366	77.652	101.930
518.171	207.724	76.299	109.429
507.825	196.347	80.211	125.992
505.629	185.603	87.704	130.052
492.462	166.924	92.434	120.057
463.350	191.760	128.237	81.397
456.586	183.614	143.773	85.198
463.092	183.395	139.756	84.418
459.511	179.526	146.155	86.396
472.921	181.031	131.444	85.423
482.419	180.366	121.498	83.247
488.682	182.873	117.200	79.551
491.367	187.327	118.714	74.550
490.295	190.144	128.428	70.528
483.074	192.700	134.617	64.147
486.677	193.504	134.384	57.727
487.291	194.524	136.520	53.975
480.611	193.119	141.869	53.519
476.436	192.359	145.403	54.663
472.304	191.647	147.306	58.552
465.736	190.298	142.426	65.168
458.646	190.043	149.390	70.362
459.723	189.530	145.621	73.351
460.344	188.984	139.888	77.904
461.188	190.452	137.380	79.208
462.000	190.113	133.782	85.899
463.429	193.070	128.996	88.407
462.937	193.839	127.788	90.193
463.077	195.239	127.699	91.367
461.816	194.903	129.754	92.356
461.876	196.881	133.794	90.421
462.042	195.709	135.388	92.850
461.858	195.442	136.996	91.763
460.857	194.775	140.401	88.981
462.630	193.179	139.537	89.481
462.350	194.076	140.075	82.721
464.814	193.958	136.988	79.775
466.414	194.264	135.293	79.944
466.876	195.792	136.022	76.352
466.603	198.232	137.235	73.980
468.355	195.605	135.223	76.858
468.163	194.515	135.454	78.767
466.196	193.157	138.188	80.895
467.509	193.013	136.748	81.578
468.347	193.538	135.274	81.287
468.298	192.406	135.226	81.889
467.787	192.543	135.352	82.750
467.655	192.289	135.060	82.988
467.079	191.509	135.692	83.956
466.174	191.294	136.050	83.673
464.560	191.774	137.377	82.270
462.973	191.673	137.985	80.570
463.299	190.961	137.107	79.607
461.942	190.287	137.197	79.963
461.140	188.531	136.524	81.447
457.107	186.683	138.634	84.079
452.314	185.566	141.914	84.121
450.036	184.598	142.354	84.137
447.973	183.662	141.483	85.076
441.091	183.075	146.819	85.868
433.386	183.187	148.537	81.473
433.948	180.644	144.063	82.288
431.978	180.794	143.611	80.484
428.593	180.774	142.030	79.860
427.989	179.636	137.775	81.650
425.586	180.062	137.729	81.576
423.925	179.618	136.367	81.507
419.214	179.397	139.080	81.228
416.920	179.372	138.634	79.508
417.191	179.748	136.322	78.727
417.045	179.343	132.150	78.679
417.529	178.077	128.471	80.064
418.460	176.372	126.424	82.977
412.505	177.068	131.305	81.604
411.973	175.290	129.081	83.364
406.849	173.718	130.539	85.213
410.215	172.399	124.692	86.655
406.649	172.543	126.051	84.290
404.982	172.594	127.552	83.786
400.171	173.225	132.585	81.049
394.539	165.472	135.768	84.888
394.864	164.057	136.242	83.287
393.844	160.086	135.481	84.545
391.636	157.689	141.247	79.235
387.348	154.885	142.529	81.625
389.691	152.956	141.912	82.505
394.312	151.419	137.049	78.540
391.668	152.422	139.837	76.031
389.335	151.657	139.952	75.339
388.728	150.753	140.595	75.178
384.875	147.549	143.802	76.646
387.800	146.823	140.164	77.075
390.713	144.886	136.302	77.878
387.550	144.751	138.934	77.924
387.324	143.354	139.478	80.105
384.944	144.061	141.235	78.105
377.220	144.224	150.495	77.141
366.784	143.396	164.545	79.010
384.037	141.699	148.354	77.329
384.592	143.523	147.406	80.379
392.692	142.212	140.096	80.994
398.021	142.368	135.934	84.629
402.245	140.806	133.115	83.919
403.703	141.129	133.079	83.565
404.703	140.543	134.967	82.358
405.150	137.595	136.132	79.150
380.206	137.604	164.524	79.925
379.402	135.944	168.223	80.285
369.521	136.265	163.845	83.706
382.088	137.271	158.043	79.688
380.781	136.803	164.781	83.601
375.801	134.322	174.376	84.911
370.682	134.341	162.625	87.062
374.148	135.619	166.409	86.385
374.273	135.436	164.746	81.245
376.147	137.551	161.575	80.875
376.037	137.301	159.040	78.316
376.709	138.005	161.014	79.168
382.683	136.994	151.590	76.189
385.353	138.317	151.976	75.574
384.704	138.481	146.112	76.558
390.097	140.098	147.245	74.979
383.124	141.086	147.417	77.451
385.372	142.644	153.709	76.989
392.619	141.093	138.703	76.145
384.598	142.832	147.917	77.422
388.931	141.478	145.481	78.122
389.742	143.541	155.333	75.954
390.147	144.669	154.457	74.133
389.912	143.457	152.480	74.800
390.548	143.258	153.782	76.670
390.670	143.332	151.247	73.734
390.832	145.135	154.206	75.814
390.693	145.555	155.267	73.605
392.832	146.149	154.191	74.313
393.081	146.469	153.305	73.009
394.038	147.597	152.514	73.888
392.192	147.766	152.800	73.774
391.937	147.415	152.906	78.002
394.236	148.250	148.060	77.201
399.905	150.383	143.372	72.509
390.578	152.578	148.432	71.777
390.780	152.514	149.356	69.916
389.740	155.317	147.310	73.150
388.697	154.136	151.730	70.071
390.601	154.435	141.742	64.304
397.953	150.203	141.195	78.942
394.524	149.315	146.345	84.783
388.126	150.601	153.342	84.838
386.780	150.048	153.843	85.014
381.389	147.709	157.494	89.006
382.102	151.343	163.106	89.915
369.847	154.387	149.470	90.998
360.400	152.381	163.413	95.960
363.766	153.245	169.465	93.538
357.877	154.004	184.625	91.855
360.404	155.077	171.447	93.137
355.527	155.111	162.914	91.611
356.293	158.818	144.086	91.040
363.687	158.645	146.355	85.869
355.203	158.557	138.698	85.010
421.393	159.020	149.012	82.695
437.008	160.203	139.068	81.013
441.175	162.770	137.400	77.815
367.225	160.005	123.825	75.002
367.666	158.086	125.670	79.837
374.584	157.294	138.407	74.459
427.511	160.072	149.353	77.505
458.378	157.815	117.785	78.526
360.476	158.405	129.349	75.472
476.940	161.537	98.639	77.636
470.292	161.857	102.216	78.157
445.823	158.208	119.903	82.562
429.199	166.814	133.959	79.509
450.823	166.064	110.853	82.367
427.991	164.688	130.187	78.633
360.724	157.889	143.779	90.225
349.973	156.655	168.605	95.006
367.434	140.995	127.664	109.517
489.429	169.216	63.042	107.726
485.063	177.285	77.030	94.381
470.720	179.058	106.299	91.986
464.930	190.885	122.361	82.665
471.900	185.485	127.902	88.913
480.910	187.913	127.653	87.414
475.069	184.229	131.619	90.225
485.458	188.800	127.627	85.861
482.936	191.166	129.696	87.077
497.438	189.574	121.421	90.229
493.288	193.755	125.950	88.383
495.702	196.125	126.468	90.304
522.389	195.773	102.602	101.507
539.180	192.096	80.563	105.470
520.129	186.075	87.113	108.636
551.682	196.178	88.013	101.240
547.099	202.960	114.286	90.321
529.261	203.118	129.423	84.586
548.739	199.256	110.652	89.687
529.593	197.653	124.762	92.806
562.256	196.950	90.952	96.925
564.765	196.086	87.140	97.460
557.713	206.990	97.105	89.603
553.354	207.856	104.111	89.110
545.804	207.118	109.881	93.701
533.948	207.870	120.102	97.968
517.023	209.393	130.494	99.067
505.628	212.522	127.808	97.752
475.149	213.845	131.481	96.508
465.292	201.719	128.743	101.333
354.954	170.608	149.669	99.401
355.869	153.931	150.657	94.433
389.492	152.322	143.251	82.301
407.027	147.922	135.949	90.633
418.199	146.452	126.949	93.969
423.654	145.669	119.130	94.861
404.903	158.156	128.261	100.897
393.098	176.898	130.369	91.211
392.990	190.046	127.004	84.633
401.368	181.090	138.225	95.924
425.491	188.707	124.168	90.553
434.589	193.365	114.352	91.230
453.113	194.928	111.318	91.035
466.922	203.013	104.085	92.997
516.732	192.283	70.170	110.256
515.987	197.675	64.795	108.299
518.757	198.679	85.873	105.095
551.970	197.074	84.457	98.223
551.416	200.350	95.912	91.985
553.451	201.297	100.553	90.114
552.012	201.103	103.204	90.251
552.250	199.234	102.217	92.206
565.783	189.877	78.670	102.259
564.962	189.784	76.696	103.858
556.556	188.842	70.636	103.363
537.856	188.843	102.082	95.231
522.387	189.507	119.147	89.342
513.945	193.247	120.275	85.985
509.454	192.510	117.197	87.888
506.241	195.019	116.537	86.070
503.627	190.203	114.242	88.321
497.623	193.638	118.691	81.979
500.794	188.593	108.548	78.409
503.021	185.375	88.883	89.138
509.764	186.408	69.992	90.620
515.508	184.534	46.227	98.333
512.884	182.135	56.500	95.383
507.153	181.095	74.997	101.092
509.841	187.653	76.676	102.494
516.489	191.090	71.385	110.769
516.190	195.671	73.377	113.544
525.630	208.051	67.948	107.180
535.405	208.079	58.973	111.140
539.223	217.791	47.672	104.737
540.966	225.662	44.911	98.434
541.827	220.750	49.969	102.761
536.395	232.319	40.872	88.850
523.754	236.510	50.369	79.954
520.941	234.838	57.300	80.984
516.908	232.608	65.117	84.568
517.822	229.276	69.988	87.668
524.620	227.543	70.584	89.812
548.976	221.357	68.402	87.062
563.831	216.411	70.088	88.036
576.259	212.946	74.297	90.176
587.110	210.664	79.380	91.291
604.026	207.995	80.224	91.708
617.081	204.882	81.148	89.022
619.492	198.740	86.269	93.931
618.487	194.339	91.140	98.595
614.774	194.495	98.306	101.419
601.825	186.196	110.520	111.150
579.298	185.565	120.493	114.480
562.672	186.391	127.276	111.936
544.272	187.420	129.317	107.107
529.414	190.682	127.662	97.418
512.318	187.433	133.793	91.198
491.241	181.857	135.712	80.522
481.589	169.856	137.975	90.052
480.141	162.025	120.451	92.857
484.832	155.763	104.031	97.079
491.522	164.486	76.904	91.849
500.218	167.526	55.660	92.080
501.288	163.454	61.686	95.987
499.255	173.135	80.701	92.824
492.319	157.261	92.168	114.041
496.400	157.498	93.189	124.729
515.709	167.229	78.890	124.319
532.317	183.599	62.552	112.736
527.944	191.742	63.701	107.944
531.872	191.245	60.364	107.943
555.589	201.443	44.351	105.569
564.121	206.637	57.515	94.506
563.295	207.196	70.855	93.391
564.064	206.722	78.731	97.070
566.633	203.673	83.011	98.616
567.472	203.011	89.469	98.668
567.155	203.264	98.774	100.336
566.521	205.709	106.318	96.016
565.527	204.706	115.996	99.880
562.541	206.702	125.311	100.270
561.617	208.435	128.846	103.124
565.770	209.766	125.989	107.818
572.238	210.267	119.603	112.293
582.492	215.400	102.454	109.277
588.954	220.112	79.871	106.288
599.731	226.778	63.505	104.149
596.432	222.250	53.673	114.006
587.779	214.397	65.379	120.722
576.705	210.077	82.155	126.137
558.967	206.140	106.359	126.532
543.968	196.980	128.622	129.941
531.120	189.506	149.231	130.531
529.582	184.755	154.557	131.173
531.016	187.389	156.115	126.735
533.205	182.882	154.303	129.438
552.716	177.343	133.384	135.501
575.779	179.074	107.945	132.661
605.843	185.578	68.608	123.721
625.441	199.082	70.325	114.024
631.409	188.262	89.769	123.219
632.140	185.863	117.999	123.873
636.092	188.123	142.238	121.023
645.243	193.040	155.678	117.446
657.249	196.103	150.487	116.428
677.437	200.854	130.267	112.634
696.855	205.909	109.418	108.178
715.688	208.754	85.944	106.151
730.728	218.726	61.375	104.203
729.441	229.889	55.936	101.089
718.460	238.816	63.874	101.475
701.941	236.215	80.499	116.320
684.235	235.920	101.492	123.683
666.228	244.055	121.281	125.708
654.106	242.396	133.922	130.004
639.811	245.140	150.382	133.071
628.192	247.623	162.114	132.829
620.373	247.325	169.024	136.359
615.421	248.471	157.386	139.766
614.313	248.480	137.511	139.206
613.688	244.258	111.563	142.823
600.844	245.193	107.646	131.593
586.061	247.833	111.309	122.176
568.838	253.295	114.793	97.586
553.055	254.455	114.106	82.869
549.398	242.811	114.151	63.739
551.724	230.170	127.084	68.745
529.610	230.048	152.054	70.593
535.558	227.829	153.418	66.045
544.566	227.466	145.375	68.781
532.577	232.192	156.662	72.242
527.717	230.744	160.342	87.126
531.433	231.040	161.156	97.109
539.069	234.642	156.742	97.386
532.670	231.874	164.394	104.553
524.920	228.250	166.844	103.789
519.340	229.771	169.892	91.523
522.939	231.175	164.521	82.147
521.775	229.341	152.380	77.071
518.214	228.279	148.133	73.131
514.507	225.635	149.088	75.150
512.588	224.809	149.029	72.745
513.395	223.779	144.067	74.718
512.941	222.025	141.857	79.777
511.509	222.903	145.945	84.471
510.495	223.035	145.527	84.218
508.839	223.496	147.398	81.844
502.613	218.225	152.724	85.496
504.729	211.938	147.467	87.717
502.103	211.149	148.676	86.214
508.164	212.275	145.036	81.327
512.530	212.308	141.171	84.660
515.641	210.834	133.669	85.005
531.986	203.847	110.409	101.917
533.568	203.648	106.510	110.090
536.240	202.039	102.744	125.326
537.279	207.324	105.131	111.832
535.012	211.748	115.487	109.840
529.029	217.759	130.540	93.806
523.167	219.734	145.522	82.908
524.917	231.723	145.606	58.005
525.248	234.598	145.797	50.619
524.942	236.617	142.737	48.921
516.575	243.432	143.009	45.703
510.672	246.704	145.931	45.805
500.692	247.418	145.073	62.136
496.282	243.862	138.994	76.367
488.966	246.351	127.275	90.226
484.043	244.789	108.381	109.846
483.543	249.582	102.989	108.203
479.870	249.701	99.363	111.834
474.867	249.863	99.249	114.381
472.306	251.386	101.511	113.627
467.427	248.658	107.588	114.479
463.095	247.678	116.404	118.793
458.086	247.337	121.978	119.978
450.272	249.800	131.702	115.248
443.631	251.734	139.436	108.717
435.063	255.217	140.198	96.732
430.193	254.108	135.620	94.890
429.896	254.350	124.959	90.768
427.069	248.418	119.115	93.527
426.611	245.454	112.492	89.169
427.272	241.913	107.585	89.374
427.667	238.192	105.840	86.613
428.175	236.200	105.780	84.349
432.028	233.293	103.642	84.489
438.352	231.421	102.031	85.992
446.430	234.257	99.680	80.417
444.641	235.839	107.014	78.796
445.564	237.330	107.864	75.212
443.449	238.550	117.215	73.806
441.465	238.910	125.330	73.594
435.049	243.623	130.110	69.714
435.695	247.044	129.981	66.488
434.085	248.606	128.949	66.358
433.762	250.350	125.225	65.932
433.442	252.147	129.838	64.431
429.523	253.113	129.479	64.552
428.871	252.949	123.955	64.159
390.320	231.961	162.531	83.573
359.817	214.141	180.194	97.465
359.802	213.932	173.549	96.031
367.584	214.407	161.108	89.221
365.828	217.066	155.179	83.001
372.007	217.356	146.994	80.832
368.069	219.472	153.050	75.398
370.273	219.842	155.452	77.593
365.926	219.274	159.125	83.550
368.082	220.076	161.384	81.828
373.083	218.431	153.056	84.031
376.112	218.334	153.072	86.134
374.444	219.469	153.429	84.187
366.099	217.265	157.278	77.308
369.730	215.696	159.355	80.910
377.371	215.913	150.294	80.768
376.454	216.661	151.129	81.313
375.387	218.203	152.495	77.407
382.777	218.688	147.861	73.965
381.288	221.528	144.035	74.967
381.822	221.835	142.858	71.112
387.344	222.982	133.291	74.577
388.527	226.826	129.153	73.777
384.070	235.068	128.616	71.428
368.340	234.421	140.656	80.213
374.286	235.031	136.340	88.752
354.005	235.283	149.461	99.451
345.385	236.829	156.628	104.770
339.463	244.776	159.783	107.686
343.135	247.273	161.611	109.793
344.352	251.209	160.705	106.852
340.705	253.215	162.875	106.584
337.030	253.536	163.533	105.623
330.335	254.773	165.430	105.580
329.794	257.838	172.455	106.372
319.680	258.306	180.789	105.663
313.871	259.326	194.885	101.132
304.069	260.619	191.458	95.229
315.184	264.687	198.808	76.021
290.494	259.848	217.221	76.349
342.955	256.602	179.646	76.673
356.347	258.826	208.737	68.351
353.546	261.804	207.444	63.762
313.743	257.891	204.285	66.385
311.612	259.083	203.967	68.400
324.922	256.438	192.687	67.275
333.380	237.028	195.988	88.944
315.904	254.530	195.259	76.417
311.201	252.288	212.727	71.188
303.606	252.132	215.267	74.824
308.294	251.352	213.031	77.952
309.333	250.622	210.779	77.567
305.302	250.775	209.482	77.585
313.721	248.507	206.952	76.261
317.484	246.963	207.753	77.259
324.433	247.116	188.344	75.329
322.280	247.290	193.240	73.212
314.000	246.531	196.316	74.883
315.412	246.972	196.038	76.461
319.252	246.185	187.611	80.178
314.514	244.713	196.224	84.406
313.417	245.975	196.126	90.049
309.921	246.155	196.055	95.919
304.088	246.279	185.616	112.261
297.856	248.588	189.120	117.782
289.098	250.459	191.463	119.647
281.434	252.422	190.767	122.092
269.438	259.527	192.987	119.230
254.589	260.529	198.656	119.882
229.924	262.657	202.839	120.843
217.547	266.479	201.650	124.043
209.184	268.226	197.519	123.825
209.139	269.109	182.359	120.454
219.100	269.540	147.819	120.462
253.755	271.816	76.705	117.658
266.301	279.308	61.345	109.999
268.302	291.010	67.769	93.915
248.002	290.468	90.158	90.688
238.169	288.380	112.354	90.136
229.864	278.763	158.123	94.158
229.231	277.096	182.926	96.888
255.760	273.695	176.984	98.505
276.622	268.034	151.401	102.744
293.817	266.747	133.282	102.915
313.359	246.995	108.476	115.526
328.009	243.722	92.351	114.783
341.623	245.097	80.785	110.492
327.886	235.187	89.787	100.190
353.180	227.513	74.127	120.854
356.334	229.123	68.818	115.813
359.384	225.164	71.457	118.114
364.867	223.487	76.848	109.314
362.458	220.963	84.101	105.777
357.759	216.719	97.082	106.557
360.671	212.105	98.521	102.215
348.108	208.450	113.330	102.755
346.563	208.177	113.638	99.153
343.386	205.007	118.698	98.997
342.163	207.138	121.468	95.571
339.673	202.233	124.309	100.070
341.728	200.214	122.598	102.336
340.458	200.474	122.884	100.908
338.680	201.600	125.705	99.987
338.604	202.986	126.577	100.132
338.523	202.461	127.645	103.901
342.137	200.085	123.267	103.824
338.618	203.111	124.920	100.512
348.430	196.550	115.938	106.896
346.388	199.324	118.465	103.251
349.134	195.972	125.311	105.316
347.981	190.744	132.308	109.036
348.323	192.760	137.024	104.981
348.018	189.071	142.605	107.361
344.053	191.959	152.278	100.461
347.062	194.426	159.167	98.432
347.036	193.964	162.763	99.001
346.584	195.393	166.980	98.820
346.119	194.901	171.784	100.063
344.176	197.112	176.486	96.905
341.497	197.662	174.095	97.399
346.885	199.236	175.880	96.639
339.362	201.323	179.462	97.242
340.223	198.296	185.081	99.941
337.406	198.994	185.386	98.128
343.774	196.964	177.343	101.759
350.617	195.051	172.764	100.927
349.856	191.293	168.921	110.015
364.546	184.020	148.001	113.441
363.185	183.589	141.175	114.399
366.521	178.116	133.696	120.221
369.424	175.242	127.412	122.400
371.723	172.301	119.986	129.839
372.179	170.499	118.769	132.458
370.366	171.120	120.585	135.716
366.053	177.188	132.869	137.066
348.567	186.513	153.944	132.796
354.666	190.286	163.273	137.493
348.456	212.578	173.440	126.110
416.214	231.124	125.408	119.719
429.473	242.027	137.530	119.408
442.985	253.247	133.295	114.696
450.294	262.423	137.792	110.194
459.113	269.124	139.272	107.223
467.385	272.307	135.033	103.604
478.578	272.275	130.437	101.647
481.647	272.988	130.871	100.964
483.254	274.576	129.134	100.420
484.118	275.981	128.771	99.961
484.072	276.523	127.063	100.859
485.138	273.346	119.716	105.479
486.230	272.087	113.992	107.477
486.036	272.149	109.813	103.086
485.388	268.634	105.789	102.154
480.823	264.180	107.207	103.717
467.361	259.184	123.785	99.645
462.635	255.954	131.602	98.314
461.004	250.876	136.185	96.754
461.696	248.276	139.011	93.442
462.767	245.742	137.750	89.312
462.583	242.199	141.367	85.761
463.472	237.324	139.425	88.450
464.580	233.588	139.029	92.632
466.981	231.964	136.021	93.821
468.367	228.983	131.913	95.351
484.305	221.868	109.196	101.426
501.550	222.110	84.284	102.177
515.351	237.391	70.201	92.457
530.078	228.448	55.101	98.684
535.093	233.694	53.924	103.272
523.340	247.016	80.886	98.358
513.509	247.931	100.283	98.560
507.182	252.549	115.081	93.303
503.976	258.749	127.264	79.225
503.469	262.345	131.462	68.612
505.786	264.368	144.267	53.449
507.654	265.008	144.520	53.094
518.113	258.990	134.001	62.782
524.355	252.571	124.890	77.195
529.667	250.987	117.064	85.333
535.281	254.563	114.155	88.417
439.647	330.629	145.832	95.756
467.187	335.127	140.976	88.839
515.543	326.589	136.502	95.728
538.369	322.145	132.192	92.601
561.996	316.225	127.233	92.011
578.779	310.150	125.031	91.638
596.981	304.435	119.210	92.096
614.968	297.445	116.714	91.620
623.889	296.471	112.833	92.385
626.558	294.805	110.950	93.161
626.427	294.099	110.709	93.183
618.892	293.835	116.721	94.738
596.825	299.266	123.342	96.214
577.244	305.061	130.762	95.194
553.613	309.241	137.469	97.307
528.155	319.130	139.479	96.562
499.189	326.076	142.131	96.997
462.722	331.440	139.132	97.403
432.770	334.314	145.310	96.188
417.701	325.100	135.633	107.301
372.304	327.757	149.845	100.489
338.090	313.333	137.467	109.317
308.553	306.415	139.410	107.041
292.021	292.952	139.779	111.904
284.814	283.033	124.860	108.246
278.095	280.446	103.688	96.726
274.846	278.712	99.721	86.475
276.475	280.205	113.764	81.718
279.910	275.629	112.498	81.356
287.556	275.471	107.621	83.123
296.767	275.663	93.350	89.376
307.316	259.317	77.356	105.602
319.862	254.238	76.897	118.986
325.418	230.752	87.465	104.477
470.461	268.634	83.337	117.053
469.380	282.823	79.821	106.424
453.036	281.981	79.381	107.719
431.256	281.115	93.236	112.952
424.458	274.251	79.801	119.123
418.379	278.051	81.214	117.049
417.706	277.578	78.044	119.810
424.163	283.398	69.269	113.141
402.412	281.562	85.729	110.526
369.035	283.880	69.218	85.961
369.647	284.853	79.263	109.393
367.810	266.958	87.729	104.836
360.039	272.427	90.964	113.722
366.191	250.100	94.943	107.739
373.295	259.784	90.296	98.268
391.209	246.799	79.357	111.068
389.397	291.004	80.372	109.416
391.429	291.559	79.352	109.486
397.694	289.295	77.177	116.770
382.623	290.654	82.360	110.288
396.086	278.667	87.230	109.759
378.092	252.541	87.263	121.180
387.982	286.627	76.294	119.727
380.212	313.130	79.865	95.308
377.965	303.646	87.360	100.318
377.560	304.717	94.971	98.040
380.964	304.380	101.740	96.641
372.283	306.808	116.471	94.806
373.626	298.459	120.269	103.899
370.637	296.232	121.680	108.161
394.356	294.191	119.403	104.644
356.587	298.684	105.507	106.234
368.344	287.158	153.688	106.837
394.848	276.685	144.520	117.528
355.244	275.989	162.016	120.252
379.159	275.655	168.253	112.481
356.908	268.783	180.837	124.314
387.461	271.008	163.023	114.209
372.229	264.723	141.623	137.878
385.699	270.936	103.516	136.732
391.755	298.524	84.673	114.167
397.338	293.835	81.486	116.778
400.444	288.106	83.117	125.027
411.765	266.654	100.352	94.526
414.739	271.180	88.127	138.225
403.098	271.173	96.282	113.990
388.161	269.316	104.368	82.383
371.586	260.952	113.120	91.480
421.332	303.639	101.838	105.066
433.378	315.703	108.801	86.362
431.786	317.932	113.692	84.718
432.993	315.822	120.813	85.660
437.369	312.959	123.435	86.497
446.615	307.512	122.789	88.520
453.018	305.853	120.199	89.870
461.667	300.965	113.475	94.976
465.708	301.069	115.106	92.729
467.054	300.169	118.700	91.170
471.023	300.234	126.558	80.929
472.739	301.478	130.796	78.001
472.481	301.245	141.033	77.113
476.728	297.349	142.225	82.474
477.994	289.255	135.318	93.937
497.452	282.777	108.237	107.267
513.015	277.144	84.500	112.682
515.437	282.383	71.129	103.308
345.162	273.448	88.255	100.716
335.668	275.346	104.586	101.359
330.626	277.268	114.514	99.056
330.096	265.727	122.058	108.733
327.868	268.781	122.485	103.318
330.829	260.676	131.295	107.124
334.582	257.288	133.586	106.558
338.554	254.911	142.367	104.192
352.058	252.362	135.798	104.996
357.551	248.106	142.679	101.958
366.104	247.642	141.508	98.970
376.198	244.507	154.004	97.712
400.362	249.285	153.907	103.523
405.069	246.932	163.572	106.077
410.827	250.542	160.930	98.661
414.169	249.411	155.417	95.874
416.575	248.902	149.861	92.632
420.418	249.636	145.104	90.593
424.092	251.770	142.638	87.454
425.674	250.011	141.153	90.031
425.626	250.763	143.845	86.794
423.704	249.713	143.486	87.416
421.809	248.412	140.833	88.194
421.554	249.193	143.773	88.150
421.495	248.067	139.441	90.041
418.371	248.505	142.707	88.939
417.875	249.022	147.708	88.259
418.843	248.009	142.640	89.486
416.979	248.822	148.437	89.342
415.449	246.458	138.868	91.930
412.845	248.212	151.810	91.122
411.788	246.565	149.835	93.645
408.100	246.340	152.829	94.798
404.436	246.157	155.715	97.866
401.952	246.027	158.458	97.752
399.811	246.857	161.386	97.488
398.829	247.548	162.652	98.150
391.948	245.725	167.776	100.211
395.467	247.246	163.927	99.220
391.617	244.182	168.656	100.497
393.721	245.360	164.477	101.864
389.140	241.824	169.510	104.566
388.820	238.835	168.249	107.874
386.953	238.328	169.267	106.813
388.302	236.917	168.467	107.223
386.199	236.266	167.746	105.750
385.395	235.726	165.959	103.988
380.575	234.450	167.135	102.160
378.931	232.971	166.289	101.669
379.557	231.764	164.809	101.780
378.600	230.427	164.181	101.736
379.953	230.541	161.911	99.634
381.967	227.362	157.273	101.902
381.129	226.775	157.562	99.314
382.221	226.217	156.603	99.000
384.659	226.493	153.390	98.938
385.210	227.665	151.681	97.749
385.876	228.467	151.956	96.519
387.087	232.024	153.333	93.039
385.748	237.392	155.558	83.366
387.575	237.770	154.095	80.584
390.271	237.855	151.510	77.262
390.690	239.849	150.650	74.817
391.976	241.074	147.617	73.687
393.902	241.776	141.997	75.099
392.804	243.103	141.018	76.289
389.510	242.439	139.348	80.494
387.832	241.061	137.820	85.954
382.198	243.229	135.038	86.896
381.631	244.680	129.771	88.539
378.119	247.760	132.537	86.434
378.810	249.252	133.343	86.844
380.580	250.414	131.781	87.091
379.818	251.261	134.141	86.896
379.356	250.788	138.532	87.243
379.542	249.399	141.677	88.767
382.820	250.829	141.824	86.663
386.041	251.101	138.901	88.962
386.679	253.609	142.998	85.802
381.172	252.455	149.855	91.773
378.888	251.487	155.457	94.208
376.017	252.312	162.426	92.471
372.327	252.676	169.511	94.067
364.040	254.204	186.194	102.475
355.737	255.512	201.637	104.617
358.230	254.081	207.896	106.550
357.046	252.292	214.276	110.141
376.683	250.800	199.965	106.189
446.847	245.863	135.360	92.617
470.543	243.058	111.232	93.714
476.759	239.961	104.734	96.696
482.965	235.878	99.712	100.631
486.737	235.039	96.617	101.360
484.904	241.298	101.259	89.263
476.510	244.239	108.960	85.630
483.300	246.979	104.138	82.331
479.943	249.409	110.406	79.010
480.114	251.702	110.038	75.551
478.802	252.717	113.142	75.620
479.051	253.757	111.241	76.166
478.354	252.774	111.576	79.039
485.445	251.444	104.051	83.356
491.755	250.050	97.501	84.752
499.179	245.935	88.316	89.144
505.592	245.072	80.631	90.431
510.711	242.994	75.873	94.283
513.475	240.425	73.688	95.191
518.267	239.838	68.657	95.747
521.674	240.365	65.984	92.497
523.366	240.040	65.263	92.621
526.354	239.541	62.185	91.946
531.076	237.561	55.660	92.996
533.685	235.981	53.720	93.068
536.083	240.842	49.705	89.477
542.505	240.203	44.575	92.387
545.937	240.928	39.177	87.582
552.094	244.533	37.386	84.465
557.639	235.570	37.634	92.171
568.092	239.687	51.115	88.958
565.265	240.270	68.602	88.162
563.518	238.255	86.657	90.330
560.606	238.855	101.386	89.243
561.414	239.516	112.144	83.591
564.384	244.600	114.716	67.034
565.690	250.472	116.702	57.497
565.895	252.811	117.940	48.753
568.477	254.059	116.131	45.546
569.196	253.830	115.857	45.829
570.132	253.714	114.206	47.312
569.561	255.238	114.189	49.352
565.866	255.224	117.129	58.176
562.961	253.787	117.237	65.446
562.018	251.753	115.609	75.605
570.087	251.042	95.826	87.120
574.573	256.180	75.447	86.787
580.590	255.329	60.495	96.689
584.505	260.713	53.250	92.263
585.179	267.527	59.603	87.506
587.217	268.775	59.544	86.383
592.223	267.312	56.150	86.000
596.129	270.490	57.792	85.331
590.204	270.379	72.283	86.509
581.768	272.244	91.693	85.723
576.441	275.010	108.816	83.664
576.444	275.656	113.644	84.275
580.265	276.913	114.885	82.536
584.594	277.944	115.801	78.889
589.555	277.813	118.107	77.148
594.910	271.408	123.359	81.817
598.581	263.410	125.782	89.748
601.658	252.797	123.810	100.371
609.438	246.409	115.498	106.879
615.945	245.089	102.207	104.943
613.766	248.258	84.926	95.024
600.226	257.797	104.036	84.080
586.885	259.823	120.813	88.499
578.173	256.204	131.456	95.823
576.872	252.451	132.923	101.737
578.604	252.076	134.021	100.497
585.053	250.895	128.649	97.946
592.508	248.580	121.232	95.611
599.369	248.585	113.094	88.623
612.403	243.694	99.702	82.227
627.452	238.173	95.596	86.802
624.334	236.382	107.332	96.453
617.031	233.809	117.707	103.889
610.355	233.373	126.643	106.717
606.249	238.010	130.635	103.364
591.948	253.504	127.907	86.747
584.869	260.918	121.161	79.916
580.010	263.114	110.121	81.220
565.866	263.368	106.404	81.737
553.040	265.428	109.251	78.238
519.924	260.983	108.344	77.548
502.462	249.577	100.159	85.402
476.247	251.382	108.134	79.087
367.580	264.485	134.035	103.843
403.278	245.512	154.877	119.613
393.723	246.504	151.110	122.035
391.958	245.338	145.787	130.078
400.775	242.342	134.863	131.634
401.022	243.459	129.611	128.369
395.045	241.880	96.900	124.915
379.919	266.625	86.179	121.764
374.001	300.750	80.448	88.884
368.461	302.355	75.820	87.004
365.966	302.868	73.951	87.060
362.833	288.308	71.939	102.374
352.310	292.479	79.516	101.972
392.439	214.771	86.129	87.781
392.016	206.913	93.251	97.444
387.142	202.311	103.122	100.910
397.839	206.497	89.855	97.333
404.417	205.915	85.777	107.251
412.909	204.281	80.655	103.937
417.733	206.849	71.421	106.827
435.291	195.203	65.260	121.693
447.553	206.309	64.545	113.076
467.940	215.414	56.535	114.836
481.641	232.895	55.280	102.392
485.183	234.788	65.290	102.694
491.053	241.896	80.885	102.314
497.447	257.404	92.635	93.317
509.962	265.115	113.839	90.353
517.511	264.864	124.832	91.999
529.438	263.605	127.000	97.431
536.873	260.829	133.447	100.823
546.735	255.909	135.383	106.407
559.158	252.649	137.258	106.505
566.567	251.433	136.167	104.944
578.739	249.376	126.286	104.238
591.275	246.799	111.850	102.060
600.753	248.298	102.304	91.310
602.044	245.206	94.573	88.797
605.391	240.287	94.856	92.896
603.194	249.289	95.012	82.359
587.784	249.992	104.046	87.351
573.655	252.427	115.415	87.438
549.100	253.229	130.002	97.314
541.486	251.760	128.731	101.393
530.314	252.374	129.599	103.344
518.581	253.604	129.311	105.257
508.418	254.284	128.156	107.953
490.837	253.371	129.668	108.816
479.993	254.149	130.204	107.615
469.259	253.761	132.517	107.578
457.801	253.886	135.251	106.482
452.729	249.752	134.645	109.288
446.579	247.382	136.702	111.622
439.201	247.348	138.233	108.236
436.357	245.125	136.225	108.245
433.486	245.143	136.642	107.291
430.099	245.214	136.372	106.954
427.197	245.088	134.711	104.392
424.023	245.586	130.796	100.559
423.616	243.782	126.597	99.044
422.068	243.319	124.323	97.541
420.648	242.618	121.751	97.799
418.178	242.831	120.481	97.664
415.037	243.623	118.362	95.653
409.270	243.581	121.309	94.941
400.264	243.040	128.405	94.326
390.388	240.607	136.917	97.157
386.282	236.884	139.031	102.137
377.692	237.386	146.210	101.336
376.450	237.566	146.386	103.959
373.249	238.171	148.222	104.460
371.679	237.831	148.208	106.595
368.155	238.219	149.538	107.222
364.243	238.058	152.196	109.109
365.627	235.615	147.113	111.328
364.478	235.305	144.639	109.973
360.123	233.227	147.037	108.475
358.607	230.024	147.312	110.611
359.499	227.874	145.384	107.242
360.764	226.360	144.024	106.052
362.939	225.564	141.826	102.836
365.289	225.511	138.343	100.125
365.809	225.057	137.868	98.800
367.209	224.192	137.191	98.987
368.117	223.860	137.108	98.823
370.107	224.112	136.118	97.499
370.341	226.006	138.312	93.914
370.282	228.115	140.772	92.133
371.566	230.338	139.164	89.094
371.656	232.810	138.003	85.350
374.248	235.594	136.131	81.413
376.109	234.936	134.006	79.114
357.754	235.072	152.541	74.667
357.843	231.472	156.172	73.623
346.289	229.959	168.136	71.072
342.369	230.177	172.837	67.614
352.646	230.278	163.565	63.925
339.472	230.655	177.458	60.050
332.523	232.916	181.041	49.402
335.006	233.909	179.205	46.165
338.657	233.522	178.308	43.544
337.324	230.434	177.618	43.895
334.910	230.239	175.320	42.298
341.972	228.941	164.288	40.874
354.341	199.363	126.734	63.201
337.616	228.120	155.259	40.283
341.604	225.169	153.176	38.538
343.558	226.471	157.914	38.935
334.370	228.134	154.441	37.074
347.969	228.269	158.116	37.281
356.519	231.287	154.575	36.977
345.854	232.577	162.059	35.726
363.953	233.589	146.979	38.080
370.177	232.904	147.143	40.573
368.296	231.071	157.207	44.181
365.854	228.556	156.918	48.871
374.472	210.232	137.142	52.183
354.902	236.496	162.399	43.243
363.348	244.352	149.052	38.181
343.593	242.914	172.949	41.944
356.147	245.162	164.178	43.905
361.441	245.372	159.810	48.740
341.869	244.360	173.257	58.358
386.998	242.930	127.442	77.741
400.231	248.065	121.998	82.719
407.975	251.750	114.709	87.330
414.567	253.618	107.613	89.687
421.321	256.197	105.409	90.170
425.609	262.351	109.206	84.557
437.744	265.239	106.920	82.620
438.239	269.300	115.635	81.066
442.235	264.338	118.336	92.021
447.052	266.374	118.093	92.833
453.257	267.248	123.143	95.444
461.287	265.180	118.345	99.085
468.132	264.023	114.155	99.954
474.663	260.202	111.532	103.503
484.040	256.177	102.805	106.599
494.565	250.629	91.017	109.714
501.683	247.067	82.312	111.184
507.303	244.400	75.556	112.048
509.899	241.653	72.882	111.278
511.372	241.182	66.906	111.780
512.459	242.286	59.283	107.798
512.675	240.813	56.495	107.202
514.843	236.511	55.411	107.901
513.824	243.525	52.264	105.783
515.250	239.069	48.064	110.333
514.305	234.723	50.898	112.906
512.043	239.892	53.931	112.747
512.781	241.213	54.579	106.899
509.293	242.060	55.937	105.482
271.176	268.449	118.062	92.331
264.092	270.868	127.778	95.329
264.464	272.832	126.915	95.171
272.282	273.667	113.857	92.139
294.349	265.585	81.424	95.830
297.305	275.066	69.446	85.909
306.371	257.670	64.263	101.284
298.978	256.952	78.850	106.015
284.476	264.937	100.346	108.725
278.915	257.491	111.649	112.718
271.312	254.812	121.156	116.310
265.357	256.816	133.523	111.277
261.800	257.416	135.042	108.703
271.399	259.193	118.317	102.498
287.273	261.388	93.187	97.111
294.164	260.816	79.951	92.262
300.070	263.264	71.146	89.208
306.357	263.381	64.197	82.478
308.261	272.546	63.853	76.778
305.833	276.152	61.993	78.300
311.142	272.349	62.820	77.589
310.911	275.972	72.286	77.225
323.918	274.062	76.173	80.637
330.624	269.002	76.976	85.890
319.764	270.397	99.332	87.816
309.830	271.937	116.525	86.481
303.254	271.389	124.758	91.034
299.998	271.399	123.543	97.082
302.202	269.422	110.097	100.517
304.350	276.827	96.627	94.781
302.442	273.195	69.438	97.186
310.412	278.380	74.180	99.762
298.995	280.762	98.505	97.603
286.068	272.950	124.159	107.361
281.163	275.725	138.274	105.615
276.324	276.415	142.205	104.798
276.217	271.232	139.471	109.614
273.500	270.523	139.364	109.767
274.195	271.860	130.674	107.471
269.522	269.021	136.400	110.762
276.380	267.660	128.082	109.538
270.509	265.246	133.320	115.672
266.902	265.464	136.442	114.970
266.472	264.258	136.203	117.000
264.246	263.968	137.423	116.756
264.416	266.044	137.712	112.873
264.539	266.466	137.335	109.165
262.070	268.839	140.468	104.136
261.609	274.663	143.119	95.725
261.709	272.802	142.720	94.469
272.343	280.226	134.598	80.230
269.726	279.654	134.220	80.784
270.288	282.004	131.405	74.525
273.419	282.346	126.377	75.311
274.190	282.931	123.469	75.008
408.122	270.106	126.547	66.255
397.411	269.599	144.018	76.483
401.779	268.486	140.265	82.259
403.675	267.800	140.616	85.885
405.133	267.662	138.497	86.822
409.004	268.462	139.476	87.429
415.523	270.419	135.536	86.828
419.747	269.380	134.318	89.141
423.867	269.135	132.876	89.514
426.660	269.136	130.725	89.425
429.389	270.147	127.413	85.627
431.803	271.174	124.671	77.235
430.542	270.524	126.480	76.780
428.738	271.127	128.873	74.248
427.998	271.028	128.653	74.461
428.188	270.815	128.620	74.628
427.204	270.472	129.165	74.971
427.478	269.417	128.123	73.324
429.147	271.616	125.173	72.220
430.427	271.552	123.946	72.668
429.665	271.873	125.035	73.088
429.027	270.658	126.330	74.678
427.285	270.380	124.498	75.462
427.287	270.795	124.782	76.775
426.116	271.239	125.966	76.401
423.764	271.646	128.449	75.936
422.767	272.341	128.410	75.715
421.901	274.050	128.276	75.772
419.367	271.941	128.016	79.569
419.728	272.758	127.421	78.839
419.905	273.376	127.852	78.580
419.905	273.567	128.528	78.255
420.164	273.781	126.967	78.547
419.779	273.633	128.033	79.489
419.728	273.206	127.421	80.031
419.422	273.256	128.216	79.668
420.248	274.118	127.554	78.177
418.669	273.951	129.733	77.794
418.314	273.876	130.502	77.698
418.187	273.867	130.363	77.895
418.716	273.779	129.601	78.419
420.073	272.896	128.430	79.609
419.584	274.062	130.068	75.593
417.898	272.327	131.510	75.505
418.797	271.352	131.538	75.701
419.407	271.646	130.589	74.805
420.166	271.964	129.014	73.464
419.302	272.337	130.336	73.560
418.303	272.400	130.797	75.777
416.006	271.666	132.986	74.542
417.139	271.701	132.864	74.250
418.184	272.926	131.560	74.301
416.606	271.216	132.817	76.189
415.518	271.459	132.156	75.998
416.805	272.005	130.444	75.720
417.774	272.783	128.389	75.030
418.614	273.138	126.149	75.589
418.892	272.962	125.189	76.722
418.966	273.239	125.546	76.707
417.400	272.764	127.885	76.636
417.196	272.228	128.281	77.375
418.299	274.041	126.781	75.656
419.519	273.979	126.203	75.935
419.923	273.926	126.859	75.743
420.062	274.279	128.208	75.447
419.874	274.417	128.335	75.302
419.786	274.932	128.728	74.605
420.793	274.837	128.368	75.199
421.960	274.099	127.798	76.395
423.432	273.426	127.511	77.209
422.911	273.140	128.306	76.995
422.779	273.597	129.051	76.553
421.708	273.585	129.339	76.192
422.779	273.944	127.850	75.051
423.362	273.601	127.168	76.192
422.880	274.009	126.282	75.579
423.493	274.486	126.813	75.692
423.013	274.634	126.554	75.628
423.279	276.504	126.655	74.646
422.637	277.138	126.923	74.632
421.407	277.121	128.596	75.838
370.170	273.297	168.907	80.665
377.518	240.689	150.000	113.921
393.222	233.806	151.937	120.210
404.630	227.192	141.484	127.291
416.001	218.857	133.150	136.583
415.992	211.202	139.444	143.169
415.259	206.656	150.306	147.524
411.898	207.314	158.014	147.489
411.316	208.760	161.639	146.960
411.290	211.402	164.590	144.704
412.692	223.926	156.119	132.349
411.378	245.782	144.184	111.088
412.150	247.599	140.691	110.674
412.834	250.575	139.504	107.821
413.197	254.920	140.446	103.403
413.157	256.840	140.005	101.859
413.377	261.353	139.939	97.584
414.799	257.759	138.317	101.141
414.266	258.231	138.689	99.423
416.536	251.519	138.037	106.413
415.253	252.045	137.671	104.920
405.869	274.061	145.676	82.254
406.760	279.657	144.650	76.992
427.977	281.239	122.692	74.894
419.548	279.074	133.183	76.076
423.111	280.236	129.486	74.759
422.274	278.867	130.730	75.855
423.488	279.095	127.868	75.536
423.692	278.552	127.168	75.569
423.772	276.659	126.649	77.465
423.279	276.691	127.892	77.318
423.254	276.803	128.926	77.387
422.454	276.183	129.856	78.019
421.034	276.023	129.587	78.004
421.029	275.832	128.810	78.240
421.178	275.345	128.269	78.406
420.813	274.941	127.936	78.482
420.120	275.135	128.192	78.111
419.676	275.709	129.081	78.247
417.371	275.344	131.022	79.700
417.663	274.529	130.308	82.451
417.313	274.892	130.460	83.297
416.524	275.092	130.403	83.602
417.210	275.081	130.181	83.552
418.130	274.557	129.010	84.973
419.604	274.873	127.938	84.704
421.275	278.138	126.785	81.382
428.658	280.135	118.579	80.126
434.271	282.800	112.174	78.087
432.785	283.132	112.904	77.799
428.299	283.145	116.742	77.697
414.217	283.549	130.020	77.662
411.143	285.407	136.924	76.517
408.995	287.269	137.385	75.881
407.525	288.556	137.493	73.912
406.511	287.419	137.957	75.721
409.381	286.546	136.672	75.987
410.617	284.189	136.770	77.343
408.726	275.905	140.125	83.695
377.786	261.056	166.745	98.686
370.345	266.259	173.256	92.507
411.306	282.691	135.497	76.092
423.797	281.042	126.658	77.267
426.443	278.592	121.775	78.854
426.927	278.587	122.101	77.356
427.572	278.567	123.257	77.268
427.584	278.372	124.544	76.963
428.087	278.728	124.650	76.476
428.062	279.380	124.900	75.678
429.820	278.712	121.965	76.590
429.783	278.718	121.920	76.640
430.280	278.689	122.283	76.679
430.188	279.534	120.531	75.967
429.588	278.361	121.552	76.875
429.320	278.185	120.505	77.197
428.861	278.175	121.380	77.513
425.092	278.547	126.133	78.001
423.256	277.739	126.840	79.905
422.772	276.770	126.516	82.491
424.130	277.764	126.040	81.080
433.386	280.959	116.988	78.046
441.763	277.180	105.741	82.476
405.382	263.899	147.886	94.538
395.707	239.518	151.333	119.373
405.399	233.263	140.769	124.689
409.919	228.959	133.792	127.268
409.093	223.710	133.179	132.336
405.245	223.372	136.255	129.177
398.915	225.536	148.972	126.934
392.973	222.721	146.281	130.208
387.078	229.055	151.925	122.983
419.954	274.367	132.993	80.158
424.223	276.637	127.492	78.663
430.083	276.096	123.186	79.265
430.024	276.850	122.820	78.180
431.033	276.968	121.980	77.917
431.242	276.969	121.754	77.679
430.887	276.774	120.158	77.133
430.440	275.766	120.470	77.476
430.904	274.698	120.083	78.301
430.309	275.055	119.281	76.472
429.590	272.596	117.415	77.998
427.956	271.332	116.637	77.528
423.225	269.918	120.229	77.615
421.623	268.632	121.816	79.346
418.717	267.100	124.086	80.097
416.440	264.361	125.890	81.554
415.945	262.452	123.670	80.960
414.635	260.834	122.184	79.705
415.745	259.998	118.607	78.901
413.798	259.637	120.781	77.174
412.153	257.886	123.453	75.721
407.731	255.274	127.932	78.871
410.433	252.423	126.237	79.056
409.310	250.386	128.260	80.145
409.483	249.248	129.424	80.323
410.261	247.352	129.078	80.837
411.016	245.892	128.657	80.423
413.370	243.497	126.825	80.305
414.665	241.475	124.615	79.296
414.245	237.076	125.838	81.594
411.818	232.718	126.609	85.178
408.313	225.603	129.497	90.087
404.346	224.996	130.758	89.259
403.280	221.600	128.803	91.469
402.668	220.374	127.040	92.537
399.611	219.621	128.326	91.727
392.772	211.060	132.721	98.163
393.080	205.681	131.026	104.012
392.289	204.523	130.637	104.246
392.530	204.406	130.952	103.474
392.286	205.556	130.970	102.764
396.164	212.936	127.983	99.014
398.827	221.734	126.109	93.853
402.999	230.595	123.740	87.906
407.349	236.273	119.983	87.211
413.396	246.063	115.640	86.186
421.745	258.747	108.165	81.741
428.212	269.681	102.377	77.734
432.114	277.288	99.740	77.408
429.824	282.399	103.875	80.000
427.472	285.953	107.762	83.334
420.595	290.661	115.480	87.922
412.484	290.580	125.202	92.982
404.909	288.853	135.390	97.094
392.658	289.009	149.464	101.439
384.912	291.070	154.553	101.388
377.053	291.565	168.385	104.662
371.646	288.822	175.117	108.032
368.908	288.230	178.204	108.904
371.809	286.942	177.463	110.471
371.379	289.822	176.640	107.677
369.273	289.403	175.718	104.979
367.206	286.289	177.224	107.247
366.972	286.256	171.048	108.187
368.724	287.126	165.732	105.836
368.539	286.966	163.333	102.860
365.000	286.183	136.402	88.113
365.295	286.415	124.001	83.026
368.088	286.688	120.090	81.720
366.748	287.287	117.130	79.875
365.786	286.361	114.348	82.122
364.464	286.879	118.587	81.397
365.072	286.468	124.368	82.958
371.467	287.306	127.388	82.888
371.855	288.909	166.495	83.753
360.956	289.093	118.854	84.147
359.327	290.250	116.192	82.398
360.610	289.410	115.254	83.780
357.890	287.878	116.096	85.890
358.822	289.059	112.384	85.383
355.938	288.706	114.579	88.002
356.388	289.752	115.711	88.148
355.627	290.579	117.821	88.802
354.206	290.392	119.626	89.471
352.800	291.507	118.892	90.065
349.202	291.578	127.437	93.040
346.438	289.940	126.959	94.802
344.291	289.656	127.704	97.284
345.445	289.408	123.126	96.785
347.472	287.392	123.687	98.446
345.103	283.588	123.194	101.376
405.823	256.040	130.075	92.938
344.252	285.822	123.997	102.426
340.236	281.014	125.750	109.928
397.623	251.546	125.801	93.241
397.435	258.015	123.114	85.462
391.571	259.880	124.549	84.435
390.116	259.765	122.209	85.386
388.921	261.078	125.332	83.303
385.869	259.296	128.126	85.519
385.956	260.600	129.184	83.267
385.724	259.606	130.900	82.570
387.606	260.388	130.203	78.369
387.227	260.779	129.781	76.947
389.967	258.503	127.062	78.984
389.294	260.179	128.218	76.330
388.286	259.647	130.008	76.300
388.187	259.848	130.185	75.466
388.102	260.073	129.956	76.892
388.462	259.842	129.012	74.156
387.775	260.198	128.936	74.109
386.864	261.374	129.333	73.620
381.421	259.781	132.847	75.347
383.239	261.080	132.427	74.052
381.865	259.356	133.063	75.621
382.373	260.663	133.447	73.833
383.752	261.676	131.332	72.433
381.835	260.417	132.633	74.226
383.594	261.429	130.615	73.341
382.913	259.941	131.461	75.596
383.259	260.387	132.452	74.222
382.694	262.349	132.358	73.056
384.386	260.814	131.093	75.180
383.902	262.849	132.675	74.206
384.394	262.775	132.631	74.947
384.691	262.491	132.304	76.190
386.639	261.823	131.246	78.521
388.117	262.885	129.792	77.902
385.200	263.592	130.689	77.054
381.268	264.940	131.910	74.873
381.752	265.095	130.710	77.489
383.118	264.927	129.598	80.641
387.991	265.097	125.106	81.028
364.628	266.445	151.797	80.892
344.848	262.854	172.858	93.458
314.042	261.163	172.156	96.559
340.582	243.410	165.261	102.436
353.211	231.681	153.860	114.862
364.408	219.606	147.928	126.886
362.073	210.366	143.730	133.544
358.854	204.723	142.613	140.123
351.102	202.165	139.290	143.227
348.348	202.384	153.193	142.823
339.915	205.957	131.282	112.815
335.219	222.145	170.437	118.059
323.313	220.301	153.568	117.974
293.064	245.129	153.237	92.737
369.708	253.847	147.580	90.322
382.640	262.017	135.329	80.829
383.551	264.239	135.610	77.290
387.255	262.761	132.972	78.868
389.067	265.227	130.650	75.640
386.679	264.961	132.569	75.443
386.442	264.548	133.213	75.238
386.579	263.867	133.391	75.772
387.526	263.097	132.134	76.579
385.909	261.707	132.347	77.606
386.482	262.311	130.615	76.274
383.829	262.150	131.363	75.845
386.934	264.179	128.311	72.693
382.212	263.757	133.383	73.347
384.374	261.710	130.213	76.016
387.701	261.106	130.438	77.375
372.395	254.718	138.998	84.450
389.013	257.733	129.788	81.217
310.400	234.142	137.464	103.014
305.782	233.915	156.435	103.547
300.602	234.789	176.057	99.696
297.438	232.558	183.870	102.815
293.515	234.657	146.500	97.834
286.436	229.901	140.750	102.244
273.723	240.508	121.257	84.989
274.558	242.228	115.472	81.319
270.032	244.024	119.713	77.043
391.538	258.338	129.041	77.212
396.573	258.699	126.192	75.795
395.583	257.391	128.844	76.823
395.949	255.923	129.754	78.305
398.369	255.661	127.540	77.798
397.990	256.336	126.165	77.099
396.192	255.793	128.012	77.548
394.832	254.699	127.504	77.385
395.088	254.667	127.652	76.936
397.398	255.059	125.028	75.616
395.329	253.719	127.755	76.809
393.222	255.092	125.113	75.370
393.921	256.193	126.500	74.906
392.801	255.735	125.681	75.158
391.527	254.638	125.827	76.726
390.364	257.374	126.668	74.276
390.600	256.347	126.664	75.501
394.769	256.486	123.719	75.646
386.928	254.852	128.871	77.400
378.162	259.579	137.107	82.162
357.775	270.320	142.632	123.919
367.155	260.757	147.692	126.837
375.738	260.811	142.082	120.341
391.868	258.022	135.034	117.594
392.143	253.954	138.799	122.695
393.319	252.183	142.378	125.196
391.810	252.261	146.658	125.543
396.880	253.707	142.582	124.494
397.048	258.064	137.837	119.614
389.487	258.176	137.101	120.651
395.155	259.058	126.375	124.007
376.880	259.223	143.090	129.002
361.669	258.350	157.034	133.069
321.394	283.078	160.387	118.479
369.495	253.683	144.326	114.876
279.254	299.567	126.034	115.325
387.329	250.218	134.106	79.552
390.866	250.980	126.949	78.445
388.967	250.879	129.235	78.461
390.463	251.812	128.284	78.580
388.853	251.894	128.734	79.055
389.897	251.853	128.632	79.545
388.779	253.658	128.943	78.381
386.509	254.752	130.093	77.401
388.763	257.676	129.106	74.518
382.601	256.374	133.981	76.761
384.229	258.229	132.030	75.596
382.631	260.174	132.746	73.960
383.079	257.805	132.820	77.562
382.235	259.730	134.849	76.167
382.205	259.394	135.221	75.833
382.436	259.970	134.481	75.620
383.352	259.577	133.500	74.608
385.592	259.232	131.189	74.784
385.934	260.339	130.645	72.662
387.662	260.158	130.352	72.203
388.932	260.337	129.013	72.624
386.500	260.054	130.844	74.113
385.725	260.135	132.217	77.221
388.803	260.388	127.888	76.567
384.688	258.670	131.750	79.591
385.587	259.535	131.229	79.632
386.549	260.836	128.925	78.936
385.437	262.509	128.452	77.783
386.165	264.236	126.616	76.581
387.170	264.794	125.472	76.691
386.762	264.709	124.903	77.084
385.978	264.185	125.759	77.040
386.908	263.373	125.380	78.041
387.678	263.881	125.569	77.223
388.094	263.501	126.081	77.554
387.831	261.877	125.985	79.227
387.126	264.030	127.137	76.597
385.454	261.729	128.602	78.827
384.895	260.767	129.977	79.100
383.397	260.697	130.344	77.706
383.805	261.658	130.320	76.068
383.756	260.533	129.346	77.710
379.065	260.308	127.807	78.316
374.826	260.306	128.308	77.089
371.270	261.886	138.826	75.264
363.120	262.356	149.527	74.259
341.835	264.855	156.745	118.450
339.981	262.004	151.117	130.852
344.228	258.273	161.607	133.831
347.135	263.422	158.108	127.503
347.053	264.183	158.169	122.868
345.425	261.255	156.672	127.535
332.673	257.872	164.023	134.939
321.215	262.345	158.020	137.972
322.976	257.403	190.782	135.518
308.663	274.905	154.043	123.637
332.642	257.948	171.355	128.912
306.517	292.136	143.711	107.457
306.065	288.832	140.890	112.939
306.109	292.739	139.943	111.131
306.731	290.883	141.540	110.495
306.685	282.066	140.569	117.086
312.708	288.780	144.566	107.849
325.838	265.130	163.155	131.612
329.924	260.283	178.775	133.294
338.041	265.045	165.607	124.351
340.230	262.195	163.864	125.919
353.397	266.021	152.036	117.583
360.531	261.248	145.414	109.298
364.485	260.528	143.084	100.014
366.697	261.184	141.042	119.752
373.952	255.194	135.541	97.719
380.200	253.097	131.609	87.442
381.179	254.585	132.312	78.518
382.896	253.684	132.553	78.490
374.420	256.229	125.656	89.281
377.888	257.553	126.007	79.137
385.085	255.665	126.265	75.169
377.522	255.649	132.136	74.883
370.951	253.989	136.711	73.576
381.764	252.124	135.114	78.684
384.518	250.800	130.376	78.343
383.715	252.849	131.755	77.091
384.316	253.241	133.395	76.169
384.443	253.388	133.094	75.833
385.749	252.672	132.289	76.831
387.635	252.716	130.648	76.417
386.581	253.560	131.201	75.948
386.663	254.572	131.609	75.811
387.939	255.056	131.119	74.940
389.381	254.150	131.613	75.755
388.600	253.513	132.085	76.529
386.723	252.690	131.549	76.851
386.328	253.351	128.727	76.606
385.636	252.986	129.975	77.023
381.840	253.228	127.560	76.685
384.549	252.878	134.042	77.364
387.379	254.035	131.897	76.524
389.377	253.513	133.362	77.352
391.637	252.410	128.590	79.178
389.123	252.212	131.293	78.575
388.987	251.289	132.172	79.278
389.694	251.087	131.807	79.485
389.874	250.680	132.385	79.647
389.359	250.583	131.857	79.544
388.743	250.271	132.320	80.202
388.136	251.036	132.325	79.382
387.238	250.355	131.951	79.559
387.016	250.861	132.109	79.175
385.943	250.680	131.903	79.453
386.098	250.499	131.467	80.073
385.750	249.768	133.335	81.300
383.533	250.345	132.703	78.363
384.125	249.771	129.917	78.040
384.636	250.680	130.080	76.732
311.061	316.543	139.291	94.820
316.091	313.641	136.480	93.149
325.734	295.698	143.098	107.771
361.150	252.082	152.532	140.297
339.580	256.944	168.774	137.165
348.295	252.766	164.702	143.478
348.440	267.016	159.140	128.254
376.984	249.745	131.987	130.505
386.081	245.319	130.241	85.632
382.822	248.343	127.861	73.683
385.660	249.138	127.194	74.029
386.548	248.329	130.429	75.753
385.766	249.169	130.764	75.813
384.603	249.082	130.909	75.960
384.124	249.126	132.211	76.759
383.077	249.080	132.331	77.535
381.526	251.060	134.011	78.280
378.805	252.463	131.258	81.745
376.340	256.054	134.226	79.191
376.019	259.157	132.095	76.992
376.093	256.325	136.846	80.272
378.109	258.596	134.071	77.065
377.667	259.450	131.622	76.328
378.680	259.372	131.101	75.152
378.558	259.826	133.689	75.263
378.397	260.005	133.012	75.399
378.419	259.962	132.834	75.996
377.432	259.407	131.923	76.134
376.442	260.524	131.590	74.518
374.668	260.568	129.497	72.431
377.382	259.785	129.576	72.021
378.067	261.119	121.675	71.101
376.733	260.456	133.139	70.839
376.697	258.889	131.625	73.492
379.586	258.362	130.037	75.040
376.823	259.220	126.980	73.691
381.549	260.643	128.107	72.387
383.837	261.231	124.770	72.567
378.210	261.819	132.903	72.555
383.996	261.716	128.555	72.998
381.085	262.054	130.716	72.209
382.408	261.537	130.217	73.907
379.921	261.212	130.911	74.871
384.832	260.987	126.709	75.695
384.889	262.504	125.726	74.646
383.998	261.837	127.150	76.073
381.484	260.684	129.460	78.014
384.991	260.077	127.130	78.402
381.469	260.457	123.250	78.026
383.361	263.432	125.937	73.781
382.750	263.956	126.482	73.431
385.983	261.386	126.433	75.582
387.045	261.871	124.274	75.590
388.366	263.154	123.583	73.871
387.862	263.780	123.860	72.842
383.408	263.414	124.731	73.055
384.388	262.722	128.726	74.609
378.520	262.257	129.224	76.110
387.112	263.186	122.915	72.377
368.791	264.017	130.684	95.896
338.827	267.489	155.494	141.918
335.760	264.008	162.593	146.559
337.173	263.612	167.694	146.078
346.250	261.785	161.728	142.999
347.496	264.037	162.857	137.956
350.060	265.232	158.802	134.511
352.664	264.614	158.499	131.098
355.404	262.398	154.685	130.724
360.489	263.856	151.930	122.419
365.403	262.534	146.718	120.398
367.346	260.316	142.319	121.460
367.278	259.805	143.655	120.081
368.767	257.123	142.457	121.689
369.406	256.896	141.725	121.039
370.314	256.593	140.564	121.145
370.666	255.350	140.719	122.687
370.672	255.918	140.763	122.091
369.511	256.275	141.305	121.463
367.931	257.602	142.450	120.297
365.257	258.400	144.549	119.960
363.737	259.352	146.051	119.306
363.119	259.910	146.579	118.779
360.837	260.452	148.369	117.370
358.164	261.340	149.238	114.739
360.716	262.101	145.947	112.392
358.244	259.993	148.229	114.276
359.763	258.972	146.985	113.792
365.128	257.740	142.235	112.996
369.163	256.624	138.216	112.608
370.108	256.264	136.388	110.711
371.061	256.328	134.805	108.874
372.928	255.905	133.872	108.310
374.202	256.236	133.241	106.557
377.748	252.575	133.054	109.225
377.599	253.108	137.776	105.940
376.633	253.328	141.048	101.109
375.615	251.085	145.558	101.692
373.516	249.880	150.394	99.988
373.635	243.659	154.762	105.338
372.871	242.580	159.034	104.600
372.068	241.782	162.348	104.464
370.717	243.660	165.763	100.551
369.899	244.032	165.976	99.991
366.465	241.896	169.865	100.830
368.924	240.998	171.477	100.203
369.209	241.361	173.547	98.288
365.843	239.312	180.476	97.622
362.126	239.358	187.267	96.976
359.922	237.594	189.288	98.864
355.882	237.492	191.056	98.487
356.789	236.020	189.791	101.236
355.121	236.270	190.360	100.972
353.904	236.150	191.211	101.328
353.987	237.327	190.727	100.032
353.390	237.248	191.323	100.008
350.281	237.443	193.185	98.626
348.372	237.037	194.070	98.337
360.571	236.662	180.858	97.628
358.682	237.419	181.641	95.621
358.363	238.843	182.510	92.459
356.378	238.553	185.911	92.991
354.671	238.123	187.814	93.999
356.751	237.054	185.158	95.355
358.848	235.631	182.745	97.332
359.337	235.449	182.686	97.668
361.187	235.773	181.082	98.161
358.744	232.830	182.593	101.926
360.612	230.389	181.707	105.037
346.294	231.643	195.020	103.997
344.518	231.540	198.477	104.805
346.626	231.323	192.881	105.661
346.509	233.272	194.564	105.078
345.941	229.483	199.349	111.301
346.821	225.760	198.087	116.784
348.168	223.194	197.599	119.535
345.511	222.424	199.784	120.404
342.647	221.569	202.258	121.581
344.820	223.031	201.373	121.963
346.280	223.996	198.736	122.641
348.759	223.054	195.737	124.437
352.650	223.665	190.941	124.529
355.103	224.240	187.781	124.038
363.619	230.639	179.080	118.105
369.159	237.094	170.898	112.878
381.443	245.198	156.237	105.500
386.672	253.172	148.958	97.831
390.800	269.266	145.530	81.548
398.781	275.184	135.318	77.214
406.187	277.938	126.690	72.508
410.442	278.596	121.433	70.165
411.936	278.602	118.315	69.735
411.546	279.191	117.470	68.168
410.493	278.483	116.863	68.840
407.692	277.932	115.625	68.710
404.117	278.797	116.000	66.423
400.130	278.879	116.102	65.874
396.258	280.079	116.061	64.991
391.799	281.895	117.187	64.783
391.562	282.117	114.963	64.310
387.699	280.086	116.895	66.850
386.924	278.861	115.548	67.372
385.187	279.479	114.208	67.481
382.736	279.511	113.954	66.369
376.035	280.730	114.350	64.986
372.831	281.527	114.388	66.426
370.061	281.493	116.178	68.405
365.588	282.932	117.928	67.567
362.480	282.696	121.521	70.260
357.517	284.800	124.265	69.761
358.939	283.063	124.081	73.048
353.765	285.242	124.196	72.000
351.540	287.416	127.567	71.497
353.018	285.527	127.970	71.029
353.497	282.308	125.309	73.697
354.589	278.121	126.576	77.039
356.782	283.152	124.153	72.142
361.070	274.309	123.083	79.036
364.477	279.194	119.722	74.772
367.777	280.927	117.419	69.548
366.584	277.923	121.718	71.666
368.596	271.890	121.206	76.690
370.386	271.551	121.111	75.516
371.438	271.949	121.921	75.224
372.337	269.854	122.266	76.475
368.803	234.652	127.652	108.887
363.055	219.883	133.080	119.330
360.587	217.489	137.029	118.358
361.521	218.125	135.402	109.638
366.347	219.572	125.397	94.031
367.056	220.778	125.067	94.548
367.009	220.993	127.150	94.902
369.204	221.201	124.705	95.216
369.843	222.647	130.451	101.346
371.468	224.886	128.319	106.076
369.668	224.929	144.180	105.513
369.289	224.787	144.150	106.470
371.439	225.858	144.576	111.086
371.777	227.404	149.308	107.776
374.497	229.852	150.818	102.424
383.286	228.562	143.964	103.712
382.871	230.257	146.449	102.115
381.987	231.492	147.785	99.994
382.310	233.238	144.366	97.629
379.472	234.182	148.397	94.899
384.668	236.641	145.181	91.754
385.344	237.831	145.193	91.974
386.782	240.337	143.637	93.407
381.888	239.582	147.399	92.089
379.832	239.506	147.735	91.549
383.178	240.179	143.928	91.290
380.622	241.045	143.598	90.737
379.391	240.680	146.722	91.906
378.780	239.898	150.247	93.368
377.784	240.422	149.687	93.504
377.090	241.575	150.759	93.502
376.201	241.371	151.803	94.057
375.452	241.733	152.308	93.484
381.139	242.831	148.542	90.073
383.734	241.703	141.607	90.987
378.579	240.207	142.902	91.919
377.916	239.853	144.407	90.340
376.386	239.082	149.797	91.998
375.337	239.262	150.959	93.618
374.708	238.128	150.987	92.802
374.219	243.032	146.075	82.819
375.470	245.220	143.663	80.086
377.421	246.254	144.598	80.327
374.163	248.313	141.187	78.373
375.806	249.002	137.082	79.215
371.258	253.931	144.299	77.788
371.050	257.140	142.455	75.168
370.205	259.282	143.483	74.052
371.737	260.857	138.570	72.856
374.589	262.758	135.095	71.271
377.960	264.254	130.547	71.606
386.628	266.180	120.174	72.470
389.301	267.400	115.361	72.297
386.760	265.939	119.188	74.492
382.197	266.911	123.653	74.989
380.060	268.414	126.455	74.056
379.066	269.319	128.723	73.707
377.870	265.319	130.030	77.765
375.016	263.808	133.952	80.659
370.669	267.386	142.575	79.199
363.157	266.544	162.774	83.017
356.437	266.789	171.850	83.896
353.155	268.521	183.131	83.574
343.149	271.110	194.207	83.850
339.555	272.887	204.454	82.716
332.973	276.986	217.154	79.238
334.131	275.149	216.441	82.602
395.370	276.580	157.941	87.127
376.216	278.394	182.521	85.985
312.701	280.412	122.956	79.844
