698.000	377.000	48.000	87.000
705.025	378.657	42.276	91.512
708.504	382.792	41.479	89.682
712.946	382.983	38.867	91.626
713.461	384.175	36.662	90.462
711.676	381.248	37.387	89.887
710.370	378.770	38.934	92.252
710.514	381.442	37.086	88.909
711.192	381.981	36.772	90.662
708.863	382.434	38.848	89.774
709.492	384.034	37.795	92.930
709.542	386.599	38.070	92.210
710.607	388.111	36.358	92.455
709.240	389.885	37.109	92.057
692.651	392.304	36.738	91.492
670.349	388.293	38.400	90.609
657.942	384.348	39.575	92.063
660.994	382.987	42.948	91.507
666.971	384.478	45.629	94.035
668.814	389.438	45.955	95.997
669.881	391.404	42.682	95.980
669.082	392.365	40.739	92.446
671.238	391.470	39.458	90.513
675.742	390.029	37.422	92.680
675.009	392.272	36.367	90.512
663.676	393.549	37.891	91.116
649.877	390.028	39.286	92.815
641.700	389.956	42.541	91.650
644.053	389.730	41.740	94.250
647.289	393.808	42.023	93.853
641.826	400.660	42.147	93.155
627.133	402.380	42.009	93.196
603.784	401.234	44.061	92.098
586.820	398.743	46.147	93.973
578.053	394.097	45.941	95.203
584.270	398.090	44.834	87.229
589.989	397.073	41.008	91.255
593.064	399.409	41.611	97.086
596.345	397.935	43.014	100.668
604.205	404.736	41.244	94.062
608.100	407.689	42.858	91.765
611.102	404.307	44.070	96.552
615.107	399.044	47.883	101.157
623.669	403.877	43.527	95.713
627.663	401.701	45.643	97.640
629.641	400.143	52.725	102.030
637.497	401.722	51.774	102.781
640.074	407.489	50.914	99.443
640.197	409.287	47.455	97.611
642.913	407.977	40.870	96.876
638.920	406.542	40.938	97.236
636.458	404.772	45.211	96.908
637.832	408.748	47.149	93.506
630.936	403.690	50.530	96.987
632.444	410.011	52.002	94.835
631.961	399.817	46.969	103.838
631.654	406.601	45.685	101.641
630.434	405.205	43.025	103.580
629.917	407.141	45.448	99.255
633.385	407.123	46.094	98.337
637.331	405.708	50.019	99.833
637.365	402.969	52.144	103.540
635.802	401.399	50.814	103.947
630.355	407.427	50.435	96.683
