55.000	234.000	71.000	74.000
56.484	233.192	66.799	75.681
57.263	232.494	65.803	76.314
57.904	231.870	64.887	76.382
58.280	231.616	64.644	76.364
60.006	231.290	64.422	77.037
61.145	230.803	65.259	77.178
62.716	231.077	65.132	75.864
63.621	230.695	65.302	76.272
64.398	230.885	66.792	75.690
66.075	230.963	67.463	75.274
67.712	230.904	68.210	76.081
68.437	230.734	69.818	77.069
70.583	231.143	68.208	76.300
71.275	231.494	68.646	76.897
73.735	231.165	68.557	77.938
74.398	230.463	70.930	79.602
77.267	230.364	70.701	80.045
78.200	229.815	72.337	80.096
81.219	229.514	70.871	80.206
83.180	229.626	71.127	79.206
84.593	229.681	71.615	79.162
85.587	228.760	73.686	79.119
85.501	228.796	76.736	79.352
85.739	228.822	77.328	79.978
87.888	229.048	76.500	79.203
88.804	228.769	75.037	80.031
88.390	229.232	75.643	79.556
89.653	229.396	74.458	79.002
90.220	229.220	74.112	79.194
91.140	228.846	72.999	79.891
91.293	228.636	73.338	80.571
91.569	227.865	73.419	82.057
91.920	227.610	73.663	83.263
91.835	226.746	74.457	84.480
93.072	227.264	74.798	83.817
94.499	227.375	74.740	82.987
95.693	227.415	74.901	82.396
96.926	227.598	74.534	81.625
97.904	227.966	75.376	80.875
99.155	227.857	76.023	81.437
99.977	227.582	77.474	82.604
101.292	227.041	78.297	83.254
102.550	226.703	78.202	84.226
102.437	226.782	79.396	84.020
103.036	226.523	80.348	84.579
103.727	226.147	80.407	84.711
104.754	225.920	80.144	84.463
104.500	225.605	80.949	84.581
105.591	225.688	79.791	84.667
106.165	225.943	79.295	84.157
106.059	226.309	79.073	83.621
105.925	226.508	78.470	83.423
104.767	226.914	79.955	83.133
104.193	226.881	80.726	83.123
103.672	226.682	80.396	83.876
103.727	226.177	79.933	84.639
103.566	225.920	79.948	85.024
102.306	225.749	80.921	84.720
101.818	225.575	80.684	85.040
101.872	225.348	81.196	84.575
102.799	225.174	79.785	84.333
102.519	225.403	80.423	83.770
101.421	225.403	81.604	84.457
100.092	225.342	83.517	84.294
101.779	225.455	81.603	84.687
102.529	225.772	81.511	84.231
101.645	225.688	82.822	83.978
101.419	225.370	82.544	84.215
101.865	224.456	81.722	84.951
102.712	224.084	80.928	84.920
104.863	224.398	79.268	84.671
104.540	224.346	79.939	85.077
103.897	224.316	81.096	85.150
104.344	224.433	80.399	85.221
102.288	224.632	81.143	84.897
101.540	224.720	80.552	85.046
100.385	224.801	80.143	85.383
101.296	225.004	77.898	85.546
102.582	225.523	73.555	86.719
100.602	225.472	73.632	86.440
99.653	225.571	72.599	85.363
99.548	225.300	70.355	85.275
98.050	225.367	70.482	83.878
96.358	225.542	70.221	83.482
94.379	224.913	69.297	84.007
93.351	224.629	68.062	83.211
92.145	224.421	67.543	83.443
90.658	224.591	67.718	84.104
89.020	224.936	66.942	84.038
87.280	225.229	66.063	84.582
86.276	225.250	64.696	84.781
85.171	224.962	63.067	85.650
83.747	224.112	63.395	85.610
81.554	223.707	64.474	86.629
78.256	223.695	66.496	86.980
73.015	223.981	70.147	87.265
69.413	223.416	72.509	88.545
65.413	224.455	75.385	87.300
62.466	224.904	77.837	86.987
56.511	225.839	79.519	85.929
55.737	226.036	72.165	86.190
48.828	227.039	72.641	86.157
43.954	228.047	73.826	84.367
39.191	229.560	75.250	83.050
34.059	230.098	77.419	81.974
32.020	230.218	78.121	81.402
29.455	230.218	80.345	82.168
25.724	229.877	83.137	82.726
19.789	232.360	92.823	78.088
14.916	234.205	97.732	76.430
13.278	234.879	98.872	76.395
12.908	236.199	98.483	75.866
11.875	237.686	97.770	74.453
10.795	238.317	97.503	74.061
8.342	239.127	99.568	73.724
7.073	239.292	102.527	73.977
10.420	239.873	99.595	73.753
15.057	241.166	93.393	72.691
16.592	242.597	90.663	71.072
17.330	244.341	89.768	68.057
17.456	244.849	88.376	67.859
17.518	243.970	87.754	68.969
17.760	244.588	87.739	68.423
17.474	244.456	88.380	68.447
17.863	244.326	86.750	68.093
19.168	243.565	84.826	69.303
19.882	243.153	83.353	69.936
21.563	242.491	82.091	70.468
20.663	241.928	83.286	70.362
21.953	241.064	82.609	71.307
21.331	240.638	84.347	72.432
19.443	238.646	87.082	74.951
19.927	236.274	86.279	77.036
18.590	234.005	87.930	78.031
16.754	231.889	89.633	78.165
16.324	230.713	90.370	77.642
14.834	229.512	93.057	79.640
14.329	228.901	94.581	80.554
16.337	228.114	92.427	81.020
15.317	226.792	92.611	81.452
14.199	225.610	91.355	82.816
13.909	224.284	89.537	84.246
14.501	223.818	89.646	84.532
16.152	223.240	88.880	85.063
17.525	222.239	88.927	85.221
18.851	222.595	90.163	84.543
19.588	221.965	91.378	85.309
23.624	221.706	88.721	85.137
24.961	221.588	88.677	85.683
25.153	221.645	90.526	85.938
24.729	221.646	91.210	86.559
25.607	221.630	91.456	86.278
23.179	222.029	93.889	85.434
22.182	222.002	92.966	86.662
20.433	222.674	93.804	86.813
16.996	222.933	95.494	87.156
11.899	222.838	98.855	87.483
10.501	222.415	96.115	87.973
7.477	221.960	94.814	87.729
6.460	221.764	92.885	87.074
3.777	220.818	92.094	87.247
2.747	220.591	92.348	87.089
2.689	220.432	91.557	86.959
2.666	220.271	90.940	87.149
1.848	219.894	91.941	86.906
0.621	219.549	91.835	87.456
0.332	219.489	92.071	88.228
0.493	219.396	91.068	88.786
1.005	219.983	90.931	88.543
1.655	220.201	90.707	88.469
1.192	220.183	91.028	88.772
1.476	220.113	91.455	88.263
2.228	220.201	90.822	88.331
2.368	219.829	91.347	88.713
2.671	219.877	90.898	88.499
3.396	219.852	90.236	87.902
3.334	219.778	90.180	87.792
3.147	219.951	90.016	88.122
3.006	220.559	90.508	88.323
2.594	221.790	90.113	86.981
2.020	222.264	90.084	85.637
1.497	222.735	88.755	85.628
1.301	223.171	87.937	84.014
0.504	223.525	87.780	83.728
0.514	223.750	87.470	83.496
0.469	223.769	85.541	83.854
0.374	224.360	86.849	82.749
0.105	224.798	87.995	83.174
0.342	225.478	86.007	82.192
0.162	226.036	86.849	82.453
0.000	227.025	85.032	82.601
0.000	227.974	86.600	82.586
0.046	228.310	86.142	81.119
0.000	229.340	87.175	80.582
0.000	229.407	86.114	80.121
0.000	229.622	87.454	79.183
0.000	229.264	88.047	79.242
0.125	229.392	87.590	79.309
0.124	229.627	88.276	78.506
0.483	229.524	86.362	78.404
0.064	229.685	87.542	78.172
0.064	229.346	89.119	78.308
0.000	229.216	89.104	78.618
0.005	229.188	88.124	78.714
0.000	229.164	88.667	78.545
0.000	229.061	88.819	79.943
0.000	228.841	87.143	80.771
0.000	229.196	87.540	80.585
0.000	229.143	87.803	80.470
0.000	229.090	87.429	81.497
0.000	229.169	89.040	80.808
0.000	228.931	89.896	80.145
0.000	229.209	90.803	79.233
0.000	229.186	91.963	79.479
0.281	228.871	91.169	80.732
0.000	229.149	92.955	81.761
0.000	229.064	94.804	81.944
0.000	229.027	96.507	81.625
0.000	228.821	98.238	82.244
0.096	228.590	102.157	82.586
1.393	227.785	103.556	83.677
1.140	227.701	105.874	84.680
0.525	228.290	107.494	84.562
1.064	227.918	107.618	84.762
1.814	227.863	106.297	85.457
1.749	227.587	105.839	85.917
1.117	227.476	106.132	85.387
0.687	227.474	107.338	85.143
1.436	227.962	106.310	84.373
1.901	228.769	106.932	82.722
1.947	228.348	106.873	84.006
1.856	227.920	106.639	84.496
2.016	227.754	100.255	83.986
1.174	228.049	99.685	83.199
1.811	228.699	97.898	81.314
1.288	228.272	98.910	81.629
1.249	228.336	98.440	81.446
2.083	228.508	97.048	81.092
1.085	228.889	98.677	81.048
1.392	228.150	97.675	80.985
1.675	227.238	98.021	81.707
1.985	226.926	97.858	81.200
2.562	226.379	95.632	80.750
3.244	225.705	93.794	81.049
5.165	225.232	92.402	80.432
8.312	225.546	90.251	80.014
12.332	225.565	88.108	79.637
15.178	225.196	87.181	80.165
18.270	224.336	86.325	81.204
21.166	223.741	90.323	82.224
24.915	223.071	92.063	83.416
26.825	222.846	92.424	83.180
29.080	221.835	91.500	83.981
30.470	221.512	91.761	84.650
32.231	221.383	90.906	84.665
34.545	221.456	90.693	84.442
38.629	221.577	88.741	84.806
41.278	221.211	87.597	84.559
43.138	221.747	88.620	83.336
45.502	221.967	86.818	83.595
50.968	221.275	84.842	84.378
55.447	221.093	83.850	84.125
60.643	220.321	74.034	88.361
63.550	220.507	74.358	87.918
65.691	219.790	74.176	87.978
67.930	219.684	76.068	88.138
69.929	219.026	77.245	89.253
73.036	218.545	74.645	90.146
74.209	218.755	76.902	89.212
76.289	218.606	77.590	89.093
79.930	218.810	73.574	88.522
82.827	219.575	73.249	86.752
87.415	219.165	72.668	87.243
90.222	219.107	70.747	87.962
92.105	219.194	71.677	87.915
95.689	218.799	73.657	87.972
97.627	218.548	75.879	88.605
100.089	217.968	76.057	88.568
100.906	217.630	76.400	87.951
102.575	216.906	75.823	88.174
104.511	216.181	74.077	88.663
105.994	216.355	74.490	87.723
107.132	216.031	75.344	88.131
108.658	215.899	75.838	88.922
110.268	215.876	75.157	90.536
110.054	215.756	76.460	90.929
111.842	215.944	75.260	91.754
111.909	216.336	76.442	92.606
111.826	216.426	77.147	93.846
110.647	216.250	79.486	93.052
109.595	215.912	82.289	91.637
104.672	216.304	88.455	90.961
105.059	216.606	90.255	90.667
105.647	216.171	91.263	91.870
106.555	215.720	92.010	92.654
106.604	215.345	93.179	93.569
108.803	215.028	95.339	94.199
105.969	215.584	106.290	89.134
106.565	215.333	108.926	88.782
107.658	215.227	110.414	88.533
109.209	215.141	113.282	88.879
109.690	214.123	114.953	91.247
111.934	213.703	115.329	92.325
113.923	214.108	114.580	91.518
115.925	213.406	113.565	92.176
117.950	213.585	112.332	92.096
120.585	213.970	111.405	91.459
124.074	213.603	108.274	91.505
124.051	214.338	107.449	89.475
124.455	214.569	106.566	88.346
124.870	215.477	105.978	87.877
125.111	216.141	103.412	87.230
124.186	217.033	102.890	86.094
124.640	216.975	100.286	85.632
122.963	217.053	100.915	85.555
120.592	217.494	101.741	85.455
118.763	218.266	101.873	84.390
118.268	218.924	102.009	84.093
116.224	219.581	104.075	84.186
114.759	219.695	106.753	84.413
112.342	220.320	109.368	84.883
111.818	220.135	109.315	85.769
109.059	220.198	109.346	86.231
109.107	219.922	109.017	86.957
108.231	219.468	109.821	88.165
107.764	219.534	110.148	87.555
108.128	218.746	109.835	88.819
105.733	218.465	113.475	88.943
106.203	217.804	112.027	88.440
108.262	217.192	108.902	89.807
109.101	217.292	109.505	89.069
110.909	217.059	108.483	88.733
112.132	216.608	108.473	88.355
115.871	216.221	107.384	89.213
120.508	215.870	99.420	89.897
122.750	216.497	101.031	87.496
128.201	216.176	98.312	86.617
130.844	216.578	98.570	85.806
132.064	217.215	98.518	84.994
133.755	217.245	97.778	84.797
136.973	217.117	96.242	84.426
139.942	217.208	94.858	83.965
140.662	217.451	95.761	83.257
141.090	217.437	96.202	83.452
141.458	217.571	95.300	83.479
142.198	217.481	94.295	83.570
142.829	217.627	93.841	83.737
143.365	217.935	92.861	84.261
144.349	218.376	91.931	84.765
144.979	218.020	90.764	85.936
145.948	217.661	88.961	86.465
143.370	218.040	89.437	85.336
143.667	217.285	84.422	86.724
145.608	217.307	78.202	89.737
145.647	217.613	76.859	90.297
145.363	217.578	75.013	90.653
144.874	218.398	74.423	89.482
144.381	218.677	74.060	89.598
144.356	218.407	74.487	89.209
144.751	218.491	74.189	88.432
144.722	218.319	75.060	87.582
144.324	218.599	75.457	86.940
144.205	218.774	75.136	87.414
144.205	219.316	75.478	87.448
144.021	218.812	75.815	87.983
143.081	218.980	77.081	88.122
142.634	218.956	78.637	88.422
141.792	218.275	80.250	89.510
141.869	217.713	80.901	90.370
142.057	217.972	84.157	90.918
142.238	217.617	86.404	92.190
143.215	217.577	87.015	92.477
144.508	217.602	87.406	92.709
146.826	217.988	87.635	92.716
149.204	218.354	87.634	92.160
152.008	218.858	85.787	92.645
154.409	219.496	89.312	92.069
157.244	219.237	89.211	94.419
159.200	219.521	91.882	94.638
163.180	219.433	90.579	96.066
167.105	220.001	89.507	95.739
171.464	220.396	88.969	95.586
174.865	220.212	85.268	95.670
177.987	219.806	80.876	95.515
181.064	219.551	79.212	93.663
183.664	218.828	77.621	92.944
186.108	218.393	77.372	92.230
187.346	218.217	77.323	92.186
189.114	218.285	76.681	91.208
189.985	218.457	77.501	90.637
189.594	219.388	77.506	89.522
191.875	220.296	76.374	88.088
196.403	220.514	73.830	89.077
200.040	220.514	71.411	89.839
204.751	220.704	68.994	88.890
209.396	220.155	66.895	90.440
215.024	218.557	66.783	92.930
218.913	218.528	66.423	92.734
223.643	218.472	65.141	93.827
228.559	218.884	63.918	93.385
231.554	218.837	64.471	93.670
237.037	218.904	67.487	92.694
241.532	218.956	65.753	92.908
246.212	219.026	67.820	91.470
250.163	218.787	70.703	91.663
253.231	219.555	72.514	90.202
260.377	219.105	70.330	90.381
261.021	219.523	71.718	90.078
263.568	218.875	73.641	90.660
264.881	218.480	74.453	91.612
265.781	218.192	75.565	91.089
269.988	217.490	75.697	90.307
272.454	216.997	75.775	91.554
275.282	216.839	77.292	91.029
279.008	216.883	78.530	89.718
285.311	216.860	75.290	88.224
291.890	217.508	76.380	88.858
298.081	217.039	75.630	88.071
298.811	217.508	71.699	88.432
307.135	217.400	69.800	90.826
304.487	217.242	73.906	92.538
313.343	216.625	69.605	89.357
314.723	216.291	72.387	89.237
318.179	215.577	71.305	89.654
323.603	215.278	72.038	90.785
324.935	216.038	87.933	88.785
331.212	216.502	71.201	88.321
333.433	216.319	75.175	88.759
334.284	216.699	78.351	86.865
334.431	216.992	83.157	86.118
339.111	217.768	76.760	84.093
344.864	217.145	83.368	84.296
346.931	217.632	77.621	84.409
350.467	216.753	81.721	85.402
353.921	216.324	85.056	85.418
356.140	216.837	81.087	85.794
360.310	215.349	91.808	88.001
362.624	216.756	93.138	85.524
365.489	216.500	92.167	85.823
368.515	216.065	92.097	86.356
371.262	215.895	93.792	86.603
374.132	216.182	93.682	87.387
375.880	216.709	93.474	87.002
376.680	216.094	96.482	87.774
378.565	216.895	96.250	86.824
381.570	216.143	94.342	86.951
383.740	216.427	94.400	85.336
384.885	216.114	93.873	84.977
385.934	216.346	94.292	84.483
386.435	216.402	95.025	83.676
387.245	216.293	95.084	82.906
388.065	215.746	96.688	83.627
389.066	215.553	96.498	83.359
389.681	215.278	96.032	83.240
389.898	215.005	96.724	83.074
390.874	214.388	95.197	83.524
391.138	214.183	94.988	83.016
392.909	214.180	93.334	82.274
395.698	213.776	90.883	81.732
396.041	213.346	90.553	81.135
397.650	213.020	89.231	80.525
398.729	212.717	88.108	80.192
400.973	212.040	86.034	79.693
403.397	211.661	84.884	79.280
406.258	211.525	82.480	80.420
408.333	211.611	81.685	81.012
410.683	211.543	80.254	80.162
417.591	211.773	78.613	79.607
420.288	210.938	76.651	82.722
422.562	211.272	78.656	82.435
424.643	211.445	78.408	82.812
430.236	211.432	81.073	82.692
435.643	211.365	81.778	83.181
437.060	210.818	87.183	84.910
436.473	210.158	95.482	84.333
437.874	209.935	99.483	85.740
441.519	210.031	100.143	86.032
442.291	209.994	98.825	86.367
443.976	209.708	97.744	86.396
445.598	208.821	97.175	86.836
447.473	208.946	96.949	86.825
449.769	208.900	94.016	87.789
449.983	209.146	93.159	87.007
450.774	209.170	92.041	86.905
450.981	209.500	91.825	87.083
451.446	209.353	92.744	86.859
457.746	208.881	86.689	86.390
460.217	208.550	87.340	85.844
461.041	207.997	89.289	86.853
461.981	207.653	88.738	87.830
462.588	207.482	90.067	88.160
463.488	207.156	91.972	88.473
464.461	207.776	93.537	88.388
465.536	207.714	93.923	89.221
465.415	207.988	95.503	88.811
467.686	207.838	94.226	89.143
468.038	208.633	95.512	87.817
469.004	208.725	94.844	86.531
470.299	207.529	99.299	88.698
473.329	206.883	102.672	89.303
477.906	205.936	103.848	90.152
480.429	206.731	102.657	88.968
480.257	206.844	104.856	89.338
480.030	206.535	107.674	88.509
484.026	205.941	104.125	89.166
486.753	205.252	102.122	90.158
487.844	204.337	102.547	90.899
488.173	203.817	102.024	91.623
489.501	204.448	102.948	91.089
486.543	204.208	107.040	90.814
486.479	204.775	109.264	90.555
488.760	204.985	107.940	90.417
488.559	205.162	107.453	91.205
486.630	205.003	109.901	90.130
486.044	205.276	111.522	90.095
485.236	204.969	110.865	91.376
485.817	205.456	111.539	90.012
488.970	204.826	109.440	90.733
492.237	204.352	104.962	91.018
495.331	203.308	102.870	92.157
496.873	203.009	103.489	92.644
501.427	202.477	98.172	93.902
500.778	201.629	99.182	92.316
504.197	202.101	99.637	92.066
509.668	202.389	95.069	92.084
513.516	202.208	93.532	92.202
515.823	201.716	90.358	92.354
518.137	201.849	93.277	92.225
517.273	201.773	98.560	92.434
519.172	200.781	98.617	94.083
521.806	200.727	97.148	93.604
521.338	200.157	100.108	93.506
522.805	199.449	100.153	92.342
523.806	199.911	99.656	89.788
525.506	199.817	97.820	89.978
527.025	199.869	95.423	89.107
527.530	199.636	94.144	88.849
527.036	200.080	92.956	87.967
525.921	200.094	93.511	87.257
524.921	199.839	93.323	87.942
521.697	199.944	95.782	87.877
518.571	199.737	99.489	87.304
517.051	198.818	97.027	88.313
515.009	198.675	97.918	87.157
513.065	198.894	99.239	85.881
512.709	198.714	99.207	85.392
511.842	198.959	97.628	85.090
511.147	199.444	96.313	84.812
510.291	199.770	96.915	84.577
510.491	199.441	96.668	85.132
511.034	199.351	94.214	85.784
512.185	199.621	92.701	85.602
513.184	199.336	91.799	86.541
512.139	199.156	91.882	86.097
513.782	199.065	87.837	87.622
513.496	199.906	85.530	86.605
518.391	198.397	77.351	92.372
518.162	198.274	75.162	94.098
517.186	198.057	75.376	94.205
515.955	198.493	75.931	93.917
513.784	198.856	77.292	94.645
511.992	199.685	76.714	94.405
508.377	200.513	78.211	93.944
505.525	200.039	79.260	94.370
502.263	200.020	79.491	93.403
497.678	200.528	80.587	92.122
493.360	200.896	85.320	91.198
486.311	201.437	84.146	91.992
481.220	201.908	85.090	92.683
478.204	202.575	86.074	93.982
473.681	201.673	83.308	93.928
470.118	202.772	86.903	93.372
462.022	204.221	81.441	94.021
459.432	204.615	82.886	92.824
454.677	205.598	81.144	92.029
452.150	206.201	80.836	89.568
450.181	206.651	84.240	89.834
445.952	207.842	82.046	92.259
441.248	209.394	90.358	89.349
439.258	208.846	86.913	90.473
436.648	209.526	90.826	92.252
435.225	211.318	88.990	89.299
434.979	212.040	90.163	88.245
434.131	212.901	88.348	87.383
433.211	211.787	86.780	88.405
432.475	211.870	91.274	88.280
432.073	212.604	87.378	87.975
430.955	212.824	91.243	87.364
430.934	212.591	87.390	88.180
431.084	213.200	86.476	88.112
430.622	213.507	88.030	87.554
430.850	213.142	87.873	88.673
430.540	213.850	86.640	86.706
430.729	213.352	86.803	87.188
430.791	213.360	87.136	86.624
430.900	213.814	86.150	86.036
430.717	213.832	86.705	86.101
430.602	211.260	86.910	88.679
431.174	211.850	88.239	88.462
431.184	211.064	86.617	90.422
431.890	209.405	82.591	90.918
432.031	209.089	79.965	91.038
433.383	209.902	84.286	88.491
433.836	209.312	87.213	89.328
434.495	209.064	82.642	89.408
435.881	207.732	77.337	88.843
436.137	205.672	78.293	89.524
436.596	205.317	82.604	92.814
437.365	206.122	79.117	92.015
438.157	205.254	80.133	92.688
437.968	205.835	79.333	90.297
438.493	204.478	81.435	91.605
437.671	203.460	81.847	93.011
437.286	202.623	82.167	95.013
436.376	202.263	85.540	96.433
436.019	202.014	86.518	97.276
435.194	201.152	87.769	98.722
433.377	199.942	90.654	100.668
431.597	199.331	94.366	101.689
430.496	198.434	95.868	103.496
430.148	197.712	95.745	104.475
429.668	196.670	96.031	106.365
428.539	196.140	97.433	107.315
428.984	195.169	98.211	108.431
428.811	195.468	98.570	107.956
430.145	195.458	97.288	107.995
432.297	195.049	95.691	107.801
432.156	195.019	95.347	106.566
431.444	195.661	94.172	104.869
431.155	195.914	94.390	103.167
429.694	196.769	93.205	101.742
426.134	196.900	92.149	101.780
420.895	197.990	83.938	101.403
413.848	199.307	90.481	99.752
404.347	198.552	93.422	100.651
405.683	198.057	87.266	102.187
397.493	197.562	91.675	103.003
392.763	196.921	91.687	103.060
392.252	195.919	90.341	103.830
387.056	195.972	93.988	102.651
384.778	195.648	95.434	104.256
380.639	195.335	98.352	105.093
371.309	195.308	99.278	105.812
363.861	194.660	104.252	107.422
358.752	193.780	106.969	110.724
354.885	194.563	108.850	110.077
351.340	195.083	108.895	108.610
346.182	195.678	113.808	104.854
342.988	195.153	112.475	105.369
341.293	193.731	111.044	107.244
338.894	192.713	110.459	107.814
336.974	192.833	108.562	106.554
332.128	192.285	107.463	105.928
328.762	191.892	110.073	105.734
325.281	192.419	112.952	104.831
322.980	192.449	113.646	105.527
322.572	192.033	109.951	107.516
318.823	193.229	104.813	107.095
319.631	193.053	98.155	110.132
317.289	195.325	95.252	108.576
313.638	196.625	93.480	108.015
307.665	198.131	93.055	107.335
303.601	197.231	90.715	108.027
300.642	195.877	90.613	109.727
296.785	194.852	90.978	111.451
291.726	194.268	91.145	112.628
286.687	193.543	92.915	113.987
282.683	194.129	94.210	113.771
278.554	194.437	91.384	115.042
273.840	195.371	92.790	113.200
266.150	196.149	95.298	112.377
256.694	196.784	101.183	111.907
246.903	195.854	107.227	115.229
239.034	194.375	112.569	116.217
236.703	192.555	111.646	118.209
234.823	192.024	113.838	120.062
233.963	192.111	113.115	121.974
231.659	191.931	112.244	123.959
226.245	193.430	115.515	122.098
