338.000	254.000	20.000	53.000
336.318	251.485	23.277	46.770
336.611	248.950	22.604	46.489
336.747	247.354	23.087	47.166
337.303	246.005	23.359	46.705
338.774	244.989	24.179	47.232
341.451	244.397	25.662	47.935
344.160	243.895	26.104	46.738
345.931	242.909	26.027	45.929
349.075	240.984	24.771	47.186
350.856	241.045	26.155	46.187
352.123	240.848	24.911	46.546
353.144	240.304	23.462	46.465
353.326	240.645	22.551	46.288
352.505	241.493	23.207	47.034
352.438	242.419	23.616	47.323
351.201	243.097	23.275	48.102
348.574	243.381	23.584	48.510
344.971	244.506	24.278	47.407
340.199	245.766	25.396	47.735
335.547	247.801	26.082	45.164
329.453	249.460	26.596	44.140
323.119	250.337	27.207	45.134
317.109	252.140	27.377	44.445
311.482	252.891	27.099	45.040
306.418	252.940	27.202	44.555
302.932	252.537	26.182	42.656
300.214	252.468	26.197	44.319
297.152	252.604	27.428	42.880
294.045	252.982	27.128	44.640
291.021	253.599	27.124	44.561
286.770	255.687	28.155	41.569
285.047	257.936	26.256	39.749
282.801	259.452	26.833	39.620
279.932	260.689	27.100	38.875
276.973	261.310	27.038	37.887
273.004	262.491	26.710	37.241
269.660	262.792	25.800	38.913
266.812	262.611	24.902	36.986
263.987	263.231	24.216	37.419
261.609	263.894	23.996	37.565
258.281	263.283	24.441	36.934
254.507	262.590	24.319	37.761
248.689	262.067	26.582	38.293
243.551	262.372	27.850	38.647
239.950	262.798	28.240	38.452
237.148	263.395	26.738	37.189
234.427	265.028	26.194	36.899
230.424	267.314	26.680	36.038
226.806	269.463	25.571	37.487
222.193	270.372	25.068	38.475
217.951	270.344	25.427	39.972
212.258	270.273	27.410	43.510
206.959	269.970	28.385	42.792
201.179	270.172	25.529	40.452
194.409	270.132	25.735	39.766
187.329	270.294	28.769	40.018
181.747	270.694	28.686	41.806
177.487	271.656	29.926	41.687
174.695	272.579	30.708	42.610
172.276	274.177	30.559	43.053
170.041	276.632	30.976	42.837
168.277	278.097	31.490	45.037
166.611	279.040	35.187	48.750
163.610	279.849	36.051	49.252
160.887	280.379	34.793	48.062
156.757	281.816	29.446	45.658
154.582	281.452	27.976	45.066
151.728	281.089	28.759	45.485
146.678	281.428	29.089	43.593
142.093	281.351	28.639	42.880
138.247	282.121	28.010	42.049
135.381	284.337	27.802	42.423
132.399	286.593	28.145	42.846
129.798	288.253	27.280	42.585
128.951	290.653	27.521	41.718
129.137	292.714	29.547	45.554
128.311	296.236	29.303	43.539
127.108	300.930	29.115	44.481
125.631	303.017	30.669	45.135
125.309	303.359	29.805	46.839
127.551	300.846	28.978	42.202
133.980	297.098	28.180	38.901
141.065	294.930	28.180	37.672
145.597	295.144	28.835	38.258
148.186	295.381	28.777	39.541
148.871	296.244	28.801	40.329
149.642	297.039	28.823	40.698
151.801	295.937	29.712	41.047
156.236	293.369	30.096	40.403
160.075	291.187	30.646	40.836
162.773	290.097	30.925	42.236
163.581	289.593	29.460	42.459
163.190	289.864	28.026	42.304
159.928	292.171	27.213	41.025
156.849	294.462	26.292	40.846
154.679	294.761	25.447	41.146
152.865	292.081	27.931	45.833
153.241	290.054	24.754	46.976
153.231	287.842	25.842	48.011
153.104	285.682	25.906	48.995
152.637	283.852	25.231	48.541
151.383	283.713	25.554	46.683
149.914	284.726	25.842	45.227
149.176	284.683	25.601	44.623
147.364	286.711	26.813	46.314
146.608	286.756	27.109	44.945
144.954	288.096	27.135	44.593
142.511	288.201	26.355	44.633
138.568	287.808	26.649	45.026
134.967	288.335	27.685	45.486
132.186	288.569	27.072	45.369
131.297	288.732	26.452	46.532
130.662	288.545	27.696	46.893
129.395	288.884	27.544	49.553
126.646	289.841	29.689	55.103
120.609	292.008	31.561	51.492
116.601	296.103	31.189	48.231
114.490	298.107	30.227	48.311
113.024	300.058	30.352	47.306
112.722	300.720	32.137	50.880
113.081	299.561	31.714	53.421
112.964	298.477	31.577	51.648
112.200	297.542	31.443	51.434
111.762	297.299	31.794	51.136
109.613	297.211	29.397	53.070
107.059	299.430	26.233	51.269
104.944	302.559	25.787	49.468
103.334	301.856	25.288	52.118
101.859	303.347	26.723	50.267
101.963	302.764	26.051	52.078
100.957	302.877	26.711	52.823
100.483	302.230	26.711	51.537
99.137	304.602	27.142	52.132
96.718	306.809	25.835	48.241
93.973	308.540	25.840	44.576
92.202	310.350	24.418	47.789
90.710	311.253	23.475	48.322
89.579	310.979	24.390	52.270
88.201	311.221	26.348	53.002
87.450	310.645	26.243	51.593
85.382	308.792	27.079	53.655
83.348	308.146	26.993	54.057
82.658	310.035	27.021	53.458
81.111	309.382	27.203	54.478
79.385	311.362	28.649	53.509
77.897	313.339	29.735	50.585
76.573	315.064	31.637	51.405
75.249	315.448	33.486	53.589
74.710	315.387	34.164	56.062
73.834	315.781	34.813	56.393
72.824	316.146	35.906	56.755
69.228	315.686	32.139	59.145
68.733	316.341	28.409	59.572
65.196	317.019	28.781	57.798
64.240	317.484	29.522	58.454
62.352	318.744	30.171	56.964
61.789	318.585	29.485	56.823
62.205	319.120	28.227	54.023
61.972	319.103	27.776	55.553
61.243	319.943	28.215	56.213
60.722	320.503	28.969	61.890
60.012	320.070	29.086	64.256
58.080	322.168	30.653	64.389
57.261	322.658	30.903	65.054
55.446	322.793	31.993	64.474
54.485	323.077	32.469	62.021
54.883	323.994	33.654	60.651
56.268	324.570	29.547	60.586
55.397	325.218	28.704	61.630
54.657	326.462	28.360	60.183
54.459	327.810	28.366	58.106
56.473	330.407	30.108	52.544
63.475	332.505	29.049	51.961
71.320	333.520	29.756	51.518
81.836	333.775	30.566	47.998
95.532	332.407	32.103	46.501
110.423	331.521	32.149	47.885
122.692	330.759	33.155	47.339
134.075	330.580	32.569	51.224
142.127	330.861	31.748	51.854
151.985	331.060	29.760	49.591
162.154	328.147	28.464	52.913
172.188	325.851	29.326	49.937
182.140	320.996	29.265	52.379
188.416	317.168	29.794	56.835
188.457	316.718	30.297	55.904
186.822	316.110	28.689	55.280
179.928	321.157	28.892	52.088
173.135	324.907	28.392	52.341
167.697	330.333	28.775	48.502
165.832	332.872	28.359	55.708
164.346	334.306	29.662	55.512
164.089	332.549	29.653	58.608
163.149	329.126	28.688	61.955
159.794	325.643	29.042	57.457
156.491	324.114	29.461	58.764
155.640	322.369	27.899	59.225
155.023	320.305	28.016	57.545
156.436	318.012	26.725	60.082
157.417	316.587	27.434	60.628
158.431	316.446	27.643	59.859
159.227	317.084	28.063	58.337
160.174	316.135	29.667	59.331
164.948	315.035	30.627	54.782
170.790	313.499	30.960	53.313
175.322	314.689	32.207	50.919
178.449	315.029	30.550	50.741
179.528	314.617	30.463	53.379
178.786	313.184	31.284	54.709
178.028	310.917	30.998	56.705
178.720	307.552	29.291	54.574
182.118	305.875	30.150	53.747
186.484	303.795	28.373	57.860
186.927	303.915	28.015	54.387
188.103	303.871	27.233	55.001
186.927	305.730	29.443	56.074
187.597	307.111	30.147	59.425
187.265	307.884	32.465	57.794
190.897	306.960	32.856	55.097
194.344	304.891	32.383	54.973
196.703	302.266	31.022	52.904
201.512	298.898	30.111	52.420
204.806	294.928	29.188	50.840
208.318	291.988	28.537	51.629
210.173	288.870	27.616	54.793
211.040	288.032	26.948	55.332
208.629	287.382	27.060	56.836
204.703	288.936	27.585	54.467
200.520	292.915	27.636	53.495
195.979	297.107	28.241	51.443
191.430	301.913	28.883	50.232
186.879	305.474	29.083	51.230
183.343	307.696	29.499	51.370
180.060	309.700	29.595	51.500
177.773	311.732	29.652	51.493
176.375	312.418	31.453	53.922
174.447	312.253	31.100	53.398
173.432	311.103	29.679	55.008
171.494	310.346	29.941	55.867
169.596	310.613	30.905	56.079
169.264	310.960	31.104	55.121
169.124	311.047	30.802	56.392
168.343	313.421	29.215	56.121
167.854	312.914	29.113	56.037
164.324	315.126	30.854	57.462
161.014	317.444	31.356	55.775
157.451	320.175	32.092	57.092
155.071	321.803	32.387	61.980
149.680	323.513	36.459	59.040
145.717	324.504	38.128	59.057
145.446	323.922	37.848	59.424
143.274	325.487	39.297	64.430
144.824	325.375	36.342	68.102
141.946	326.403	38.384	68.091
142.344	327.114	40.423	68.228
141.486	333.245	34.048	61.576
140.250	332.772	29.520	62.664
138.214	333.970	32.409	60.695
134.974	335.169	34.197	59.435
132.920	337.339	36.127	56.062
130.113	340.245	37.045	57.726
126.719	343.693	41.585	53.672
124.836	344.401	39.758	54.890
123.518	342.198	42.365	56.656
122.376	344.382	42.387	55.798
122.264	343.062	39.549	58.877
121.247	343.852	31.780	57.916
120.176	345.733	29.809	57.321
119.335	346.386	32.307	57.117
115.262	345.924	32.638	59.636
115.966	345.840	33.733	60.035
114.146	345.849	33.929	61.045
111.632	347.959	34.862	59.522
109.729	350.123	37.629	56.800
106.103	350.935	39.927	56.431
102.552	352.675	42.532	59.431
99.708	355.400	40.985	62.059
98.017	355.986	41.322	66.542
97.979	357.418	41.255	67.014
98.072	357.294	39.940	65.346
98.960	357.266	38.148	60.309
100.067	357.372	33.886	59.142
100.179	356.098	32.677	61.901
99.585	356.476	32.441	61.749
101.171	356.676	33.165	60.146
103.218	356.561	33.321	63.479
103.875	356.684	34.961	64.375
105.038	356.705	34.882	64.714
105.722	355.840	37.140	65.175
106.280	360.412	38.677	59.801
108.092	358.473	39.855	62.392
110.508	358.991	40.722	60.407
113.182	360.692	39.455	56.659
115.352	357.893	39.524	55.186
116.393	355.087	39.300	54.285
117.152	353.051	38.134	58.479
114.929	354.765	39.631	61.998
108.975	356.213	43.234	60.955
107.053	357.940	43.077	61.999
105.656	359.551	43.230	64.905
104.235	360.901	44.544	67.596
103.766	362.570	45.757	68.118
104.349	363.825	45.731	66.467
104.309	364.534	46.272	64.948
105.018	365.125	46.155	64.577
105.419	365.638	45.069	67.694
106.721	366.101	43.811	66.053
107.331	365.965	43.350	64.425
108.836	365.566	42.110	63.845
110.472	364.858	40.877	64.936
111.449	365.105	40.135	62.599
114.139	365.217	36.891	63.510
114.915	365.359	36.058	64.160
115.183	365.506	36.131	67.104
115.624	366.955	36.791	67.990
115.540	367.054	37.385	69.830
114.057	367.074	39.419	70.491
111.346	367.411	40.766	70.865
109.507	368.645	39.896	69.828
107.139	368.095	40.572	70.134
105.743	368.108	40.818	69.006
104.188	369.259	41.197	68.700
101.567	370.794	40.511	67.394
99.360	372.858	40.465	65.244
97.222	373.080	41.238	65.686
93.891	373.680	43.100	65.408
92.612	374.198	43.495	65.174
92.168	373.373	43.156	67.611
93.845	372.558	40.139	70.892
95.207	372.115	39.502	71.591
95.986	371.618	39.558	72.194
97.830	373.437	38.381	71.273
99.032	376.220	37.750	71.394
96.355	379.360	39.210	70.615
92.646	383.007	40.198	69.716
88.793	384.709	40.569	68.106
86.581	384.145	39.440	67.779
84.627	381.431	38.398	67.878
82.097	375.456	37.942	68.230
77.639	372.114	38.586	65.857
73.078	369.016	39.476	66.552
64.501	366.127	41.758	67.956
56.812	365.751	42.917	68.805
46.905	367.690	45.213	66.468
39.176	369.039	43.181	69.397
35.944	372.401	41.180	72.169
39.227	378.279	42.189	71.090
48.113	382.648	42.606	70.252
56.584	384.503	43.881	69.640
60.230	383.820	46.461	68.792
61.434	377.648	46.043	71.668
56.696	372.016	46.672	71.197
53.148	369.789	46.380	67.089
51.086	369.454	45.981	67.248
50.098	369.454	46.654	70.655
51.540	370.857	47.193	72.207
53.186	373.894	49.316	71.235
55.270	375.713	49.530	71.033
57.639	376.750	49.503	70.764
59.168	377.703	49.570	69.626
59.335	378.753	49.065	68.692
55.464	378.913	50.437	68.239
50.962	379.407	51.480	67.465
50.203	380.382	50.010	67.312
49.306	382.802	50.047	67.613
50.054	384.363	49.674	71.022
49.802	385.796	50.454	73.162
48.967	386.374	51.378	73.480
49.045	386.038	51.377	74.219
50.324	386.602	52.552	73.692
53.440	386.957	52.499	73.334
56.483	386.957	52.398	72.727
57.685	386.650	52.526	71.217
59.023	384.484	50.441	71.507
58.644	383.498	49.768	70.211
56.932	382.137	49.698	69.652
56.545	378.871	49.492	70.096
58.138	372.278	51.109	70.079
65.242	365.862	50.006	71.019
75.449	360.118	50.546	69.287
87.429	354.045	49.393	71.386
96.999	349.070	49.010	70.618
106.294	345.916	48.584	67.773
116.489	344.505	47.940	66.273
126.355	346.890	47.673	65.728
137.338	348.813	47.036	67.816
149.371	350.713	46.186	69.358
160.650	352.112	47.518	68.857
173.556	352.386	46.945	66.755
186.065	347.728	46.308	68.109
198.518	342.562	47.381	69.415
211.721	336.572	46.907	69.855
224.658	329.016	46.178	69.844
230.224	323.890	47.329	69.136
231.997	320.785	48.632	67.349
232.112	319.253	49.894	64.398
234.324	318.555	48.413	68.304
234.597	317.931	49.595	70.084
238.039	316.438	49.216	70.209
243.104	314.496	48.169	71.051
246.134	312.510	48.956	70.945
248.655	312.344	47.429	70.987
248.897	312.641	47.047	70.635
246.917	314.824	45.729	69.545
243.642	316.625	45.097	70.602
239.245	316.832	47.344	71.023
234.731	315.802	51.521	71.304
227.290	315.229	57.103	70.342
217.353	316.803	59.623	70.098
205.001	322.865	54.506	71.336
189.148	330.028	52.723	71.262
172.362	337.457	48.977	70.867
158.072	345.614	48.517	67.838
153.159	348.355	44.042	69.016
153.837	350.763	43.596	69.789
156.945	354.697	45.209	71.925
166.630	358.611	47.748	73.793
184.579	364.940	47.760	71.512
201.895	367.084	48.785	70.072
220.404	365.775	46.853	70.431
231.960	362.668	47.431	69.688
237.815	358.751	51.490	71.833
243.140	353.407	49.239	72.123
244.677	350.568	52.271	69.774
250.949	349.088	49.319	69.757
258.432	350.362	46.107	70.211
264.819	354.961	43.059	71.241
265.598	360.380	39.288	73.827
258.208	368.024	38.670	73.050
245.939	375.851	40.100	72.024
235.309	385.033	38.657	70.307
229.578	392.766	40.959	67.621
227.382	396.567	44.536	72.290
228.472	395.459	47.276	72.273
235.416	390.491	48.252	76.793
244.931	385.391	47.512	76.725
254.633	380.214	47.437	76.236
264.683	376.228	44.714	74.292
273.033	374.360	41.912	73.658
279.362	371.923	40.331	70.245
286.282	369.582	36.768	69.450
291.692	368.376	35.651	68.823
296.348	366.933	34.199	69.245
299.084	365.118	34.214	67.887
300.073	362.699	35.564	67.320
299.966	362.334	37.195	63.917
299.843	362.331	37.840	60.946
301.637	364.849	36.451	56.867
304.287	367.600	36.577	52.987
308.838	368.662	35.296	52.158
313.200	368.772	35.337	52.810
316.337	369.620	35.653	52.896
317.471	369.018	36.165	55.021
318.410	369.391	32.227	56.549
315.904	370.752	30.435	56.318
312.648	372.569	33.273	55.961
308.791	372.836	36.708	56.382
306.545	374.503	37.669	55.374
308.885	375.518	34.238	56.534
314.087	377.274	33.311	56.146
318.275	379.317	37.723	55.297
319.796	381.532	39.604	55.390
323.090	383.452	41.311	57.113
329.824	383.178	34.359	56.618
332.617	383.302	35.810	55.439
336.003	381.878	34.816	59.420
340.967	379.825	38.394	61.218
344.385	379.736	35.673	59.988
347.551	379.112	32.156	61.333
348.604	380.765	32.519	60.646
347.865	382.089	32.438	60.826
346.544	381.940	30.037	61.586
343.316	381.616	29.878	59.447
341.992	381.138	32.715	57.477
341.228	380.635	31.690	57.745
341.921	380.873	31.096	57.070
346.095	381.698	30.123	56.551
350.395	383.108	30.613	55.642
354.642	383.145	30.673	56.958
357.257	383.048	29.844	58.617
358.683	381.468	31.582	60.520
357.334	379.242	34.187	60.435
353.704	378.264	37.955	58.497
350.757	377.729	39.328	57.459
348.998	377.062	40.864	56.702
348.798	376.225	42.219	55.398
348.248	373.446	43.770	57.018
347.726	369.325	42.306	56.443
346.166	366.626	41.139	56.653
341.987	363.361	44.882	56.440
334.899	359.280	43.521	58.369
325.867	356.392	41.333	60.121
317.731	351.811	39.516	60.218
309.849	347.494	40.333	60.048
302.694	343.830	40.425	60.727
298.726	341.165	39.469	60.280
295.892	340.224	38.073	57.752
294.250	337.815	35.270	63.632
291.968	336.302	35.191	65.811
288.517	335.440	35.774	65.592
283.931	335.505	37.883	64.548
279.769	335.499	37.176	64.570
274.905	336.737	37.737	64.883
272.599	336.356	36.941	66.658
272.910	335.679	34.970	67.869
273.591	335.255	35.625	67.349
276.304	333.677	35.621	66.106
277.563	332.068	36.195	66.010
277.595	330.373	36.054	65.113
275.218	328.600	36.560	65.470
271.174	328.634	39.284	65.097
268.705	328.244	38.838	65.929
267.407	329.491	38.256	66.118
266.822	331.481	36.885	66.634
267.540	332.375	35.787	67.065
268.756	332.472	34.638	67.828
270.860	331.397	32.964	69.651
271.762	328.276	31.627	70.546
273.190	324.633	28.767	70.715
274.028	321.622	27.653	68.929
274.834	319.648	27.749	65.380
275.226	317.910	29.456	63.557
275.229	317.038	29.604	60.811
275.354	317.447	29.630	62.775
276.091	321.377	29.128	63.234
277.684	326.460	29.612	62.961
279.553	331.461	30.580	62.559
281.209	335.343	32.585	63.307
282.468	336.946	33.428	63.532
284.074	337.186	32.993	65.363
284.931	336.793	34.539	66.900
285.514	336.072	34.633	66.253
286.039	336.437	34.521	64.413
286.160	336.943	33.219	63.262
286.028	336.807	32.400	63.531
284.590	335.974	32.992	64.002
281.762	334.644	34.982	63.829
279.511	332.556	36.621	63.747
278.223	331.718	37.329	63.816
277.198	330.324	38.130	64.280
276.514	330.085	38.892	64.724
276.862	330.017	38.159	64.752
276.675	328.297	37.698	67.214
276.820	326.336	37.652	68.399
276.665	324.574	37.591	70.119
276.260	322.708	36.355	70.643
274.934	321.507	36.517	70.363
274.300	320.881	35.571	68.941
274.035	320.729	34.321	66.397
273.638	319.220	34.272	66.268
274.288	316.585	33.767	66.950
274.330	314.908	32.634	64.553
274.713	314.041	31.787	64.527
273.918	312.485	32.788	64.417
272.945	311.332	32.966	65.878
271.110	309.728	34.662	66.787
270.613	309.038	33.891	66.005
269.811	307.824	33.497	64.679
268.572	308.128	33.687	64.266
267.722	308.149	33.271	65.390
266.265	308.369	33.690	66.910
265.390	308.896	32.924	66.711
264.708	308.823	33.174	66.428
264.643	307.847	33.882	65.270
265.153	307.397	34.804	65.603
265.445	307.561	35.976	64.212
267.251	307.648	35.020	63.906
269.440	306.302	32.293	66.333
271.506	306.181	31.382	66.827
272.848	306.158	29.920	66.572
273.775	306.110	29.313	67.043
273.904	306.224	29.729	67.113
274.155	306.206	30.363	68.621
273.698	306.143	32.115	69.823
274.004	307.339	32.791	67.062
275.285	307.474	33.265	66.058
276.953	307.933	33.623	64.633
279.037	308.525	34.302	62.802
281.386	307.813	32.732	63.183
283.155	307.484	31.682	64.125
284.357	307.948	31.373	64.200
285.767	306.737	31.920	65.590
287.441	306.247	32.042	66.085
288.912	306.090	34.715	65.847
291.103	305.623	35.104	65.317
292.177	305.334	35.941	64.918
292.699	304.783	36.295	65.705
292.254	304.217	35.064	68.026
290.604	303.444	34.107	69.253
289.631	303.225	33.586	67.851
289.867	303.425	32.932	65.180
291.454	303.280	33.148	63.741
294.215	302.879	32.118	63.323
297.099	302.593	30.720	62.830
297.935	303.085	30.369	62.715
298.577	303.665	31.773	63.352
297.326	303.767	32.342	63.446
296.387	303.854	32.502	63.804
295.393	304.088	32.583	63.458
295.008	303.213	32.305	66.265
295.085	302.159	32.178	66.085
295.016	301.159	33.410	66.626
294.810	300.784	33.893	65.771
292.984	300.497	35.170	64.030
291.226	298.958	35.001	63.107
289.700	297.770	34.218	61.941
288.744	297.515	32.825	60.614
288.572	296.028	32.017	62.552
289.851	295.358	30.874	63.787
292.071	294.997	30.818	63.727
295.097	295.216	31.405	63.715
297.225	294.733	31.996	63.347
299.248	294.162	32.089	63.918
299.758	294.475	32.327	64.696
299.410	294.879	32.434	64.063
298.366	295.382	32.404	63.620
296.145	295.428	32.914	62.686
294.250	294.727	34.126	61.607
291.123	293.371	35.612	61.404
289.202	291.769	35.147	61.644
287.180	291.099	35.083	61.598
285.373	291.675	35.146	61.263
283.905	292.124	34.764	61.681
282.120	291.812	34.012	62.833
280.889	291.919	33.779	63.084
279.622	291.390	32.941	64.699
278.689	290.714	32.280	65.649
278.475	290.364	31.740	64.910
278.276	289.644	31.588	63.858
280.733	288.182	30.449	62.499
283.219	286.700	31.721	61.015
286.564	284.732	31.271	60.631
288.226	283.730	31.154	60.585
288.706	283.029	30.852	61.013
288.560	283.058	31.107	60.874
288.487	283.183	31.745	60.156
287.741	282.722	32.471	60.404
288.723	281.885	31.666	62.664
289.974	280.757	32.036	63.515
290.605	280.240	31.573	64.091
290.850	279.371	31.485	64.717
289.761	278.947	32.376	64.449
288.825	278.636	32.731	64.726
287.881	279.143	32.402	65.041
286.110	280.151	32.691	65.102
284.312	281.748	32.916	61.863
282.183	281.433	32.357	62.327
280.392	281.548	32.551	61.407
278.930	280.399	32.160	60.104
278.562	278.800	31.452	60.621
278.077	276.549	30.979	61.161
278.830	274.122	30.602	61.862
279.954	272.173	29.396	61.710
281.693	270.702	27.651	61.103
282.048	270.374	28.297	60.596
281.658	270.500	28.797	61.226
281.322	270.008	28.651	62.205
280.289	268.457	29.761	63.300
280.032	266.628	29.490	63.429
279.455	265.864	30.352	64.850
278.025	265.621	31.460	64.525
275.740	265.705	32.295	63.555
273.149	266.166	32.911	61.793
271.182	264.084	31.190	60.709
269.739	261.534	30.534	60.026
268.357	257.844	29.871	60.417
266.644	254.519	29.814	59.513
265.091	251.489	29.289	60.097
262.891	249.229	30.448	58.582
264.170	247.147	28.536	58.965
266.846	246.780	27.737	57.575
270.245	247.688	27.774	56.524
274.025	251.807	27.475	52.972
276.713	256.718	27.366	51.555
278.799	260.449	26.294	54.633
279.686	264.410	26.331	54.770
280.618	267.477	26.531	56.758
282.107	268.020	25.563	57.923
284.859	267.634	25.005	58.526
287.965	266.124	25.710	57.592
291.303	265.216	26.051	56.482
294.632	263.875	26.966	56.539
299.131	264.127	27.937	56.055
302.898	263.877	29.097	56.672
305.176	265.095	29.491	56.160
307.082	266.188	29.331	55.683
307.953	267.005	28.813	56.044
308.500	266.601	28.408	56.916
308.372	266.387	29.220	58.054
307.921	265.789	29.959	58.096
308.307	264.787	29.183	58.430
309.158	263.508	28.233	58.536
310.099	263.240	27.293	57.867
311.041	262.736	27.037	57.663
312.248	262.328	26.761	58.310
313.288	262.815	26.858	58.309
313.408	264.577	27.773	56.366
313.586	264.824	27.828	56.157
313.486	265.203	27.162	56.162
312.838	264.188	26.709	56.757
312.010	262.185	26.536	56.422
311.657	260.925	25.675	55.632
311.587	258.867	25.441	57.145
312.357	258.492	25.038	55.084
314.472	257.846	24.642	54.178
317.241	256.327	24.563	54.441
320.321	255.148	25.367	54.802
324.114	253.554	25.871	53.332
328.003	251.358	25.184	54.690
331.669	250.955	28.435	53.320
335.181	250.884	30.510	52.999
336.849	250.505	29.825	53.127
338.366	249.982	30.771	53.042
340.040	248.956	31.029	53.191
342.876	247.112	29.873	54.158
346.213	245.060	29.064	53.114
349.885	242.139	29.125	53.216
354.027	239.340	28.067	54.249
357.621	237.219	27.792	53.299
359.830	236.317	28.561	51.172
360.286	235.708	28.471	52.123
359.292	236.152	28.372	52.199
358.041	236.063	28.557	52.635
355.673	235.770	28.061	52.996
350.006	235.345	27.312	52.807
346.668	235.025	27.017	50.650
343.482	232.581	26.863	50.573
341.834	228.996	25.835	53.844
341.796	226.534	24.838	55.346
343.252	224.460	24.251	53.890
345.750	223.137	25.368	51.893
349.130	223.357	25.364	52.948
351.725	224.638	25.267	52.640
352.803	225.714	25.654	52.736
354.260	226.634	26.297	54.246
354.371	227.599	28.288	53.794
354.720	227.087	29.722	56.052
354.748	226.089	29.577	56.471
354.914	224.093	29.473	54.979
354.619	220.737	29.171	52.789
354.305	217.837	28.338	54.899
354.543	216.943	27.772	54.416
354.773	215.940	27.836	52.982
355.350	215.081	27.438	53.108
355.726	215.115	26.658	52.733
355.932	216.192	27.272	51.401
355.843	216.300	27.899	50.772
356.425	216.874	28.147	52.953
356.330	216.662	28.986	51.063
355.049	215.475	28.132	52.507
352.830	212.122	28.648	54.687
350.135	209.953	29.203	55.616
347.136	209.129	27.463	52.311
343.376	208.901	27.541	52.265
340.772	209.749	26.243	52.705
339.051	210.324	25.318	52.750
337.484	210.480	25.456	50.411
336.639	210.621	25.374	49.139
335.680	211.034	25.975	49.787
334.369	210.973	26.155	50.542
335.446	209.412	24.816	53.122
338.927	208.694	26.257	53.742
343.952	207.761	23.299	48.532
350.247	208.001	23.577	45.605
356.013	207.592	25.465	45.438
362.190	205.997	26.826	46.373
366.958	203.183	27.200	49.820
369.169	201.155	25.123	48.036
368.776	199.798	26.531	51.610
367.973	200.863	28.447	50.847
367.836	203.310	27.848	52.715
367.810	205.812	26.961	53.564
367.448	208.604	29.191	53.506
369.056	210.505	30.974	54.402
370.389	213.044	29.755	53.717
372.061	213.911	29.812	55.094
373.195	215.474	30.698	56.350
374.401	216.376	30.516	55.354
375.674	215.733	30.315	55.153
376.558	216.049	30.015	54.401
377.343	216.574	28.406	51.737
376.488	216.532	28.109	55.456
374.690	215.080	28.688	54.666
372.138	215.029	29.384	54.300
369.493	215.304	29.159	53.665
368.033	215.112	28.489	51.935
366.821	214.921	27.931	50.499
366.059	215.150	28.458	49.928
365.603	216.082	29.307	46.008
365.294	216.658	29.617	46.380
363.950	217.575	30.000	48.504
362.535	218.390	31.233	47.680
361.840	218.611	31.000	49.777
361.400	217.314	31.022	49.157
362.934	214.934	29.779	49.075
364.483	212.086	29.269	51.474
365.286	209.760	30.670	50.156
366.290	209.258	30.371	51.116
366.486	209.011	30.202	51.872
366.457	209.992	29.444	52.424
366.203	211.825	29.128	47.885
365.252	212.960	28.617	46.052
363.029	213.170	30.047	49.230
360.584	213.648	29.823	48.554
358.392	213.853	29.188	45.523
356.848	213.295	28.264	47.244
356.363	212.480	27.763	49.453
355.561	211.249	27.248	47.708
355.309	210.317	26.752	48.065
353.624	209.968	26.666	48.339
351.298	209.578	27.846	50.142
348.904	209.858	28.197	49.822
347.203	210.603	28.451	48.627
346.625	210.259	28.012	48.473
345.314	211.370	28.603	46.786
345.366	210.966	28.705	46.966
344.659	210.142	29.462	46.484
344.600	207.888	29.465	48.564
344.821	206.612	29.717	50.222
345.465	204.543	29.714	50.723
346.662	203.001	29.641	50.621
348.805	201.788	29.180	47.231
350.426	199.906	29.035	48.018
351.495	199.004	29.065	47.898
352.201	199.108	29.109	47.852
354.097	197.953	27.753	48.239
355.027	197.698	27.347	48.019
355.526	198.359	26.950	48.119
354.442	200.422	27.635	48.625
353.126	202.311	27.588	46.959
351.265	203.401	27.263	47.737
349.386	204.626	26.843	46.390
347.181	205.534	27.189	46.148
345.646	206.202	26.726	48.212
345.689	206.192	25.339	45.883
345.145	206.305	25.675	46.740
347.704	205.997	26.340	46.605
351.243	205.361	26.789	47.383
353.859	205.349	28.321	45.925
355.473	205.161	29.355	46.899
357.043	205.543	29.412	48.789
357.546	206.293	29.621	48.149
357.696	206.788	29.640	47.430
357.490	206.476	29.802	48.088
357.382	205.722	29.668	48.986
357.396	204.996	29.001	47.668
357.552	204.175	27.920	47.396
355.799	204.865	28.665	46.314
355.556	204.744	27.740	46.372
355.265	204.081	27.270	46.823
355.056	203.791	27.353	47.403
355.606	204.312	26.865	46.192
355.796	204.109	26.507	49.140
356.027	206.571	26.735	46.899
356.284	207.170	27.104	48.950
356.783	207.535	26.692	48.852
356.941	207.731	26.093	48.993
356.991	207.636	26.432	49.357
357.245	206.486	25.532	50.332
357.694	205.883	24.849	47.920
359.175	205.375	24.356	46.803
361.492	204.148	24.677	47.438
362.669	203.656	25.838	47.518
364.896	203.427	25.495	47.649
365.369	203.884	26.511	48.967
366.068	204.308	26.967	48.962
366.231	204.896	28.236	49.981
365.988	206.230	29.240	49.533
366.775	206.637	28.389	48.898
368.157	205.800	28.141	49.011
370.833	204.731	27.069	49.954
371.921	203.339	27.462	49.775
372.647	201.201	26.207	49.576
373.154	199.339	25.360	48.786
373.838	197.419	25.140	50.476
374.711	197.050	25.238	48.234
375.684	196.327	25.656	47.898
376.484	196.369	25.823	47.976
377.807	196.011	25.457	47.258
378.749	195.327	25.285	47.186
379.188	195.095	24.292	48.581
377.888	195.410	24.408	45.739
377.407	195.026	23.930	45.349
377.836	195.185	23.214	43.983
380.483	193.559	24.080	45.961
384.821	191.955	23.415	43.851
388.953	189.772	22.740	44.136
390.451	186.707	23.621	44.993
391.512	185.207	24.276	46.051
392.518	184.356	24.655	46.040
392.099	184.374	25.178	45.876
391.612	184.916	25.150	44.495
390.427	184.737	26.453	46.055
389.726	185.111	24.700	45.525
388.567	185.374	27.209	44.197
388.040	183.953	29.015	44.834
386.543	181.881	25.571	47.231
386.632	181.144	24.486	47.205
387.088	181.515	24.783	45.339
388.037	180.505	25.087	47.276
388.733	180.689	25.437	46.331
390.961	180.739	25.008	46.312
393.416	180.913	24.318	45.406
396.128	181.416	24.001	44.995
398.120	182.369	24.126	44.565
401.014	183.938	23.432	45.014
403.154	185.874	23.453	46.120
404.621	188.751	24.151	46.185
406.201	191.107	24.178	47.103
406.895	192.868	23.178	46.795
405.851	192.628	23.717	46.900
403.763	189.787	25.019	42.584
402.029	186.431	24.389	44.001
401.633	184.371	23.855	44.324
401.840	184.080	23.367	44.001
405.707	184.785	25.535	42.517
408.692	184.537	27.199	41.357
413.813	184.877	25.565	40.905
416.834	184.451	26.194	39.489
419.855	183.010	26.039	44.557
421.560	181.888	26.222	42.945
422.802	180.438	24.948	44.854
422.426	180.183	25.455	44.724
422.030	180.202	25.351	44.912
421.763	180.354	25.324	44.802
422.564	180.293	25.498	45.293
423.084	180.697	25.892	44.778
425.885	180.312	24.179	44.031
428.318	178.917	22.287	45.472
428.994	177.832	22.178	46.560
428.557	175.480	22.779	44.428
428.857	173.983	22.179	44.281
429.410	173.798	22.417	44.742
429.491	173.336	22.598	44.389
429.809	173.194	22.722	44.722
430.775	173.797	23.057	44.750
430.696	173.865	23.489	45.914
431.462	174.817	22.751	44.634
432.283	174.819	22.983	44.931
433.228	174.014	23.171	45.799
434.703	172.762	24.102	45.607
436.874	171.377	24.844	44.120
440.811	170.248	24.282	44.961
443.302	168.780	26.575	43.154
449.558	170.531	26.248	40.838
456.984	174.376	25.498	38.436
462.767	176.341	25.931	38.658
469.484	177.799	25.040	39.089
475.672	177.308	25.028	36.869
479.347	175.405	25.714	38.630
480.725	173.576	26.680	40.182
480.443	171.916	24.276	39.684
477.097	170.240	26.783	40.070
473.134	170.868	26.111	41.673
471.796	171.182	26.462	41.462
471.380	173.215	24.986	39.684
472.175	172.870	23.814	42.776
474.285	173.867	23.221	42.197
477.041	174.535	24.078	42.979
479.491	174.751	23.612	43.769
479.928	175.325	24.113	44.286
480.026	175.641	25.157	44.586
477.909	176.574	26.658	44.520
475.540	177.591	27.371	42.506
473.909	178.861	27.383	42.192
473.185	180.505	27.209	41.674
472.886	181.423	27.971	43.873
472.321	181.640	29.582	44.679
473.071	182.393	29.852	44.967
475.915	181.083	26.659	44.620
476.855	180.855	23.783	45.064
475.617	180.327	23.768	45.089
473.437	180.416	24.549	45.948
470.291	180.910	28.015	45.118
467.419	183.440	28.811	44.422
465.094	186.804	27.469	43.102
465.556	187.238	26.667	45.932
464.798	184.752	25.132	46.976
466.262	183.746	26.869	46.071
469.343	181.033	25.313	47.797
470.904	179.931	26.654	46.718
476.959	179.705	23.550	47.060
480.780	178.298	23.028	42.633
484.442	181.089	24.180	45.290
485.542	181.784	23.825	45.074
486.648	185.392	25.759	45.151
485.621	185.312	28.025	47.403
483.626	184.430	28.598	49.411
481.649	185.028	29.225	48.874
480.531	184.858	27.996	47.675
479.021	184.514	27.321	46.763
478.858	184.509	25.909	49.114
478.349	184.300	26.148	50.616
478.262	185.646	26.031	50.718
477.622	186.812	26.147	49.663
476.114	185.472	26.804	50.451
475.595	185.618	26.740	51.478
474.797	185.335	26.444	51.841
473.690	187.421	27.010	48.755
473.200	188.688	27.075	48.914
472.234	187.146	26.211	49.053
471.265	186.147	26.489	50.839
470.512	186.288	25.566	51.518
469.205	186.025	26.220	54.275
468.481	187.170	28.529	54.912
467.240	187.799	32.697	53.738
474.341	193.891	28.000	48.250
476.815	193.395	27.701	50.606
476.748	192.912	27.738	51.973
475.271	194.580	28.466	49.504
472.158	194.104	28.753	50.292
469.230	195.150	28.794	44.884
468.963	197.349	26.590	48.879
468.332	203.701	26.362	49.232
468.924	209.917	25.765	46.953
469.684	216.411	26.840	47.722
470.233	216.537	27.367	49.882
469.867	216.921	28.776	50.100
470.916	216.009	28.836	51.461
472.465	215.224	27.512	50.921
472.432	214.326	27.674	51.448
474.320	214.107	26.709	51.932
475.990	214.107	26.053	50.358
477.723	214.011	26.956	47.695
479.330	211.345	26.212	50.105
480.449	207.298	26.635	49.963
480.825	203.088	25.944	49.332
480.281	200.704	25.854	49.361
477.971	198.722	26.748	48.737
474.777	198.396	25.632	43.621
471.702	199.271	24.156	44.785
469.011	200.242	24.034	45.164
466.871	201.227	23.913	46.271
465.852	201.694	24.508	49.332
465.427	203.258	24.128	49.498
465.480	204.076	24.472	49.612
465.564	206.412	25.056	49.061
465.037	208.335	25.709	49.839
462.544	209.061	26.066	49.841
459.423	209.747	25.833	46.857
454.377	209.074	25.048	46.040
449.424	207.785	25.008	44.624
445.475	206.305	24.898	45.831
442.172	204.568	25.269	48.585
440.754	203.518	25.494	48.951
439.775	202.873	25.273	49.871
439.020	203.024	25.706	49.548
438.100	203.571	25.832	49.779
436.205	204.799	26.093	49.125
432.196	205.849	27.240	47.514
429.317	206.237	27.140	48.718
427.642	207.885	25.480	48.233
426.301	207.713	25.452	48.113
426.552	208.818	25.366	48.124
426.314	209.272	25.070	47.937
427.565	209.044	25.055	44.007
429.032	208.860	24.619	47.546
430.615	208.344	23.392	48.390
430.757	208.070	23.292	49.832
430.186	208.509	23.680	49.491
428.840	209.341	23.931	49.766
426.771	211.763	24.959	48.998
426.898	212.723	25.286	48.661
426.198	213.709	25.954	47.712
426.522	214.191	26.742	47.996
427.532	214.728	25.988	47.511
429.762	215.157	24.295	48.462
431.040	215.895	23.809	47.847
431.537	215.977	23.568	48.675
431.362	216.410	23.624	48.504
430.865	218.370	23.878	47.298
429.981	220.723	24.066	49.043
428.766	221.819	24.917	52.123
429.723	223.004	24.314	51.166
428.584	222.087	25.717	52.430
429.830	220.350	24.837	53.353
431.817	219.030	24.193	51.125
431.882	218.803	25.163	48.153
433.816	219.522	24.457	47.936
434.986	220.616	25.529	47.456
437.029	221.663	24.500	48.893
436.465	223.039	24.333	48.438
435.616	223.784	24.263	48.371
432.100	224.205	24.445	47.100
427.079	224.611	24.198	46.944
421.894	225.758	23.375	48.455
415.151	226.207	24.980	47.882
408.761	227.271	25.436	47.608
402.939	227.237	25.865	48.459
397.959	226.386	27.499	49.601
392.416	226.667	28.304	48.583
387.617	226.141	28.053	45.694
382.523	224.663	27.223	46.971
378.515	223.999	26.145	46.254
373.648	222.909	25.529	43.391
371.106	222.698	24.611	46.981
369.243	221.359	24.258	47.410
368.201	221.076	24.546	45.297
369.465	221.830	23.240	46.115
372.756	223.041	21.378	47.274
374.154	224.570	23.347	46.602
377.002	226.239	25.013	48.063
379.828	227.933	24.714	47.999
381.202	229.209	24.578	48.740
381.967	229.835	24.153	50.776
382.656	231.665	23.252	49.347
382.712	233.237	23.254	50.221
382.340	233.876	23.521	50.989
380.991	234.541	24.226	50.845
381.374	234.227	23.283	50.149
381.669	233.198	23.729	48.227
382.935	231.698	24.151	49.588
383.917	231.449	24.683	50.448
383.979	231.066	24.770	51.213
383.293	231.289	25.450	50.544
381.708	232.682	26.821	48.496
378.950	233.289	28.550	47.860
376.055	234.544	31.623	47.907
373.253	234.869	31.950	47.483
371.224	235.252	31.708	47.378
369.606	235.125	31.106	46.951
368.001	235.700	29.239	44.969
365.786	235.193	27.942	41.397
363.423	235.261	27.972	42.445
359.955	235.348	28.182	43.835
357.846	235.474	28.147	44.676
355.831	235.457	28.052	47.663
344.044	235.579	37.087	47.183
349.234	237.862	30.647	51.389
343.342	239.435	33.673	49.128
345.339	241.721	31.922	50.606
341.530	244.066	33.588	50.494
340.577	247.204	32.296	49.022
340.030	250.147	30.496	47.112
339.550	252.597	29.443	47.733
338.839	254.354	29.190	46.014
336.669	254.595	28.592	46.287
333.841	254.626	27.952	46.863
332.005	255.302	27.809	48.918
329.881	255.857	27.511	50.315
328.325	256.896	28.200	48.700
326.769	256.862	29.991	50.478
325.468	258.119	32.779	50.430
324.664	258.220	31.745	50.139
322.944	258.777	30.879	48.882
320.921	258.911	28.394	48.230
318.436	259.270	26.628	46.565
315.308	259.045	26.504	45.146
312.181	259.690	25.661	45.932
308.181	259.992	25.941	47.501
303.932	260.380	24.954	46.057
299.156	260.511	25.810	47.312
296.194	260.344	26.124	48.929
294.090	260.407	25.970	49.329
291.730	261.305	26.073	48.559
289.386	262.034	25.379	47.955
286.115	262.775	26.762	50.934
283.594	263.122	27.484	56.699
281.391	262.861	27.794	56.449
278.762	264.275	28.297	56.317
276.391	264.230	26.129	54.706
274.041	264.638	26.124	54.185
271.848	264.916	28.283	54.171
269.902	264.283	28.193	51.147
267.708	264.338	28.923	50.303
264.982	265.083	26.722	49.037
262.505	264.856	27.247	49.198
261.357	265.831	27.719	49.281
260.780	265.477	28.194	48.185
260.158	265.445	29.705	48.872
258.731	264.911	28.786	48.427
256.043	264.571	28.031	49.324
253.732	265.750	25.649	48.430
251.889	266.442	23.547	48.640
249.525	266.154	22.955	47.625
248.308	266.180	22.355	47.463
246.866	265.713	21.839	46.804
246.386	267.013	22.814	48.002
245.093	266.421	23.967	49.095
243.186	267.095	25.634	51.015
242.350	269.614	27.069	51.571
241.214	270.511	27.212	49.510
240.676	272.032	27.869	52.200
241.876	273.484	26.522	48.523
242.243	273.168	26.991	47.536
242.970	273.972	27.151	46.636
243.261	275.624	26.466	47.210
244.157	277.267	26.659	46.593
243.959	277.759	25.927	45.719
243.036	276.912	25.651	52.067
239.936	278.099	27.176	55.046
235.984	276.320	29.240	59.015
232.969	275.171	30.687	60.602
230.092	275.200	32.183	59.346
228.419	275.878	32.264	59.902
225.330	280.721	33.720	55.117
221.236	278.610	36.420	55.558
216.419	277.582	38.458	55.015
211.523	278.585	37.368	53.717
206.610	279.044	33.772	53.840
201.897	282.284	31.985	50.559
196.503	282.267	31.723	51.614
192.762	282.700	31.072	51.850
190.479	283.399	31.568	54.920
189.358	284.185	32.363	57.544
189.777	284.861	32.549	55.499
189.469	284.300	33.174	58.075
191.840	285.941	33.668	57.610
192.104	286.163	35.571	58.929
190.417	288.096	37.738	56.627
188.883	289.522	33.672	54.092
185.735	290.337	30.565	54.846
182.554	290.589	30.090	52.533
179.329	290.622	29.452	53.202
177.842	289.097	28.650	51.714
176.150	287.937	28.798	53.488
174.926	287.812	29.223	54.729
173.895	288.139	30.023	55.462
171.837	288.556	32.291	55.870
170.149	289.077	33.187	54.001
168.571	290.456	34.876	52.935
166.101	291.161	35.433	54.012
163.356	291.931	35.078	53.755
162.671	292.868	32.533	49.214
162.740	292.339	30.143	50.121
163.373	292.978	28.797	49.120
163.989	293.391	27.675	48.630
163.663	292.920	27.512	49.188
162.420	293.441	28.886	49.900
162.579	294.809	28.748	50.089
161.053	295.791	29.306	49.523
159.079	296.878	30.485	51.858
157.021	298.294	31.711	51.301
154.636	299.314	32.206	52.666
151.729	301.402	32.127	52.861
149.286	305.265	32.006	51.491
148.100	306.669	31.238	50.997
146.437	307.488	29.829	51.077
144.957	307.010	27.675	52.045
142.527	306.418	27.225	52.486
141.439	306.887	26.307	51.968
140.551	307.069	25.332	53.259
138.340	307.947	27.268	51.524
134.950	308.582	30.348	52.591
130.324	309.140	34.268	53.141
124.178	309.703	39.500	53.811
115.696	309.232	45.444	53.361
108.045	308.316	47.472	51.673
103.297	307.087	48.376	53.402
98.895	307.333	47.038	52.269
95.442	307.956	45.863	50.637
93.578	307.090	43.976	51.478
93.242	306.408	41.941	52.750
95.518	306.435	38.271	52.503
90.320	307.692	41.901	48.826
96.477	310.003	34.941	51.712
90.577	310.820	39.412	52.101
90.101	313.382	40.515	51.302
89.368	315.188	40.547	51.894
88.889	316.486	41.684	52.728
89.341	317.372	40.701	53.258
90.740	318.130	35.236	53.583
91.360	319.367	32.543	52.123
91.463	319.719	30.063	52.723
90.310	318.795	29.285	52.941
90.013	318.627	28.999	50.034
87.839	318.120	30.637	49.548
86.333	318.254	32.438	54.410
82.658	319.171	36.339	53.401
80.765	319.176	38.446	54.220
77.160	320.378	40.933	53.958
74.506	320.759	42.486	54.544
70.928	322.092	44.382	53.635
69.641	321.726	44.830	54.536
68.370	321.745	45.537	54.558
68.936	322.094	44.443	53.663
70.679	322.234	41.351	55.419
71.673	323.527	37.769	50.101
73.932	324.458	31.925	52.400
69.399	326.057	33.681	52.217
68.825	327.593	31.644	51.091
65.591	328.954	32.324	50.532
64.955	331.164	30.625	49.434
64.178	332.429	29.999	48.972
65.335	333.685	27.799	55.566
67.093	334.463	25.318	54.106
65.721	335.247	26.163	53.648
65.639	338.755	25.974	55.438
65.040	335.623	28.338	56.992
70.087	331.230	31.516	59.146
81.555	327.018	33.910	58.041
91.671	322.879	39.637	61.338
105.121	321.218	41.451	62.451
113.560	321.733	39.960	59.014
112.830	324.490	46.614	60.983
114.465	321.027	48.700	64.142
119.076	318.338	47.675	65.794
126.922	323.576	45.486	65.985
129.555	325.322	49.531	65.236
135.573	328.507	53.896	65.692
143.408	330.005	53.479	64.642
150.941	329.855	51.211	61.556
159.753	331.181	47.392	56.395
172.022	326.672	39.769	58.904
176.915	327.037	39.657	58.071
181.132	327.414	38.554	57.755
189.165	327.098	31.580	57.583
193.713	329.266	28.896	55.388
195.352	331.538	28.221	52.075
196.183	330.292	27.346	53.233
196.043	332.344	27.136	50.469
196.650	330.695	27.095	53.074
196.058	327.700	27.446	54.984
197.081	330.024	27.706	56.774
196.633	332.381	27.491	59.340
198.099	338.175	26.376	56.402
197.202	334.611	27.867	59.971
197.558	335.668	28.186	56.029
198.425	332.554	28.218	56.303
199.696	330.381	27.825	55.650
201.434	329.567	27.573	54.842
203.889	331.638	26.758	54.458
206.207	333.429	27.690	51.240
207.443	333.420	28.486	53.160
207.921	329.563	30.033	54.645
208.709	332.036	31.146	53.266
209.358	333.294	31.730	55.507
209.458	334.789	35.297	56.452
212.143	336.684	34.713	53.811
213.698	337.685	34.206	54.682
214.138	339.717	34.570	52.748
215.163	338.877	34.654	53.693
217.233	339.861	33.471	52.746
220.280	342.907	30.991	51.692
222.535	342.302	29.056	52.986
225.649	344.459	26.458	53.122
226.840	343.634	26.158	55.104
228.006	346.043	25.181	52.335
228.250	348.303	25.479	47.040
228.197	346.379	26.815	50.862
227.197	347.427	29.034	51.396
226.285	344.856	29.741	56.952
226.821	348.212	29.933	55.077
226.838	347.764	30.898	53.463
227.075	349.143	31.011	51.029
227.801	348.999	29.342	50.666
229.876	346.938	27.729	50.534
230.937	347.863	27.025	51.780
231.734	344.479	27.649	53.361
231.627	343.343	28.583	55.150
231.086	340.712	29.371	54.410
230.113	338.546	31.763	55.394
231.837	338.776	31.900	54.017
232.445	340.963	33.652	50.600
233.555	339.992	33.524	52.827
233.098	340.754	35.104	52.026
232.661	340.947	35.589	52.444
232.115	341.408	34.571	52.185
231.974	340.991	30.698	50.831
232.151	339.363	29.333	52.064
232.203	339.898	26.709	52.140
232.284	340.058	26.040	53.827
233.313	339.533	24.289	55.072
233.416	339.419	24.250	56.433
234.460	339.646	24.387	55.722
234.828	340.843	26.360	55.013
235.840	343.229	27.303	51.561
235.839	341.945	27.839	54.984
235.263	343.140	30.385	53.551
234.518	342.493	31.605	55.804
233.304	344.421	29.853	55.790
231.974	342.201	28.546	56.685
231.053	345.361	27.671	52.693
231.309	345.314	27.059	52.374
231.253	345.991	26.167	51.762
230.820	346.990	27.580	52.762
230.174	346.438	29.824	50.866
230.316	346.134	30.650	52.639
230.134	345.208	31.401	57.029
229.358	346.633	32.476	55.902
229.768	345.214	33.024	58.131
231.253	347.816	33.059	54.216
233.075	345.497	31.950	49.864
235.419	347.305	32.494	49.858
236.875	345.766	30.875	53.515
237.957	344.384	30.890	52.692
237.859	342.973	27.409	55.200
235.123	340.362	26.993	52.216
233.137	340.939	26.015	54.001
230.732	340.243	25.542	54.472
229.759	341.361	25.239	60.588
227.871	340.991	26.902	60.726
226.874	341.431	26.842	62.171
224.216	341.891	29.211	63.122
225.651	342.890	27.242	59.945
221.661	344.602	31.369	59.718
221.480	344.797	30.418	59.722
220.506	345.162	30.709	59.168
220.242	345.543	28.612	60.187
220.066	345.708	26.968	58.598
220.149	345.930	26.926	59.392
220.863	347.420	28.495	57.587
221.345	348.235	30.273	58.059
221.683	348.357	30.102	59.934
219.014	349.059	32.909	58.759
213.626	350.210	37.347	61.283
210.874	349.773	38.929	61.945
206.601	349.789	42.427	61.837
206.168	349.817	42.874	62.892
204.975	350.710	44.649	59.696
207.182	351.318	42.677	56.119
201.851	352.344	47.047	56.038
197.663	353.871	49.895	56.030
208.954	355.551	37.380	57.045
212.816	355.772	30.703	60.077
212.289	357.683	29.950	58.306
213.239	358.166	28.489	59.874
213.239	358.115	28.521	63.592
212.950	359.392	30.889	65.751
214.012	360.567	32.749	64.399
217.231	361.108	33.072	60.531
219.178	362.209	33.349	57.779
221.796	363.031	34.475	55.473
224.315	363.063	33.422	56.411
225.389	361.583	32.810	56.446
224.630	360.645	31.692	58.328
217.707	360.522	33.502	61.703
214.907	361.613	33.371	61.252
212.734	365.304	31.593	57.409
209.764	367.474	31.345	54.512
206.464	368.497	30.868	56.057
200.565	370.456	33.913	55.948
198.137	370.740	35.142	58.860
194.749	371.716	37.931	60.676
189.760	372.613	41.791	59.754
187.821	372.738	44.185	61.286
185.108	373.992	45.759	58.297
185.239	374.278	45.861	60.272
181.741	375.014	43.331	61.445
178.042	376.117	41.639	59.359
175.237	376.456	41.560	60.447
173.674	375.699	40.026	60.034
172.184	375.493	38.901	59.880
171.371	374.457	38.240	63.230
176.580	374.458	32.847	64.724
176.670	374.703	33.682	64.659
177.126	374.552	34.238	65.631
178.079	374.847	34.035	65.515
177.059	375.200	35.775	65.961
177.141	375.035	34.693	67.515
172.821	375.272	36.430	67.203
167.726	375.054	38.354	65.939
161.005	375.219	41.146	65.830
156.938	376.282	40.903	64.039
154.458	376.624	41.199	63.072
154.847	376.274	40.145	63.277
157.752	376.189	36.952	62.833
156.979	376.176	39.745	62.882
154.334	375.953	45.130	65.871
153.941	376.496	47.236	66.748
154.541	377.568	47.963	67.561
153.868	379.764	49.122	66.715
153.356	381.127	49.380	68.488
152.228	384.017	50.104	66.286
152.588	386.858	48.814	64.171
153.137	386.753	47.312	63.563
152.747	386.508	45.405	64.866
153.760	386.717	42.172	63.878
153.966	387.314	40.687	63.885
153.342	387.284	39.747	65.040
151.403	389.379	38.477	68.048
147.332	393.691	39.356	67.738
142.899	397.291	38.329	69.641
139.332	402.777	37.178	69.304
136.645	406.144	37.340	70.640
137.987	406.781	34.333	70.082
137.289	407.577	35.558	68.787
138.946	407.390	36.885	65.584
141.408	406.655	36.440	67.453
142.794	406.653	36.068	67.980
142.274	405.753	36.097	68.235
140.005	405.600	34.973	68.764
137.352	406.812	35.306	66.831
135.698	408.024	34.882	68.458
133.648	408.878	35.700	71.492
130.779	409.651	37.795	70.948
132.180	410.947	35.851	68.852
129.381	411.263	38.619	67.006
130.871	411.220	38.017	67.588
130.637	410.613	38.825	68.773
131.325	409.941	38.007	69.084
131.623	409.698	37.786	67.966
130.633	408.803	38.511	68.719
129.490	409.125	37.917	67.098
126.801	408.994	35.910	68.085
123.419	409.470	35.880	68.195
122.292	409.061	36.455	68.371
121.396	408.844	37.476	66.518
121.492	405.442	39.316	68.858
126.620	401.255	40.427	71.177
133.675	398.167	38.618	69.565
141.855	394.563	39.800	69.481
149.235	390.503	38.560	69.013
156.493	386.219	39.444	69.583
163.172	382.920	39.211	67.691
169.426	380.154	38.900	69.825
174.394	379.519	39.222	65.689
178.813	378.509	40.335	59.716
185.772	379.441	39.725	63.312
192.162	382.398	39.028	64.610
196.114	383.707	40.087	65.969
201.744	388.257	40.500	66.538
205.975	389.503	41.318	67.795
213.543	392.760	41.508	65.635
221.149	393.763	40.246	65.668
228.962	395.887	38.913	63.591
233.601	396.667	38.782	63.844
237.115	397.254	39.366	65.481
241.001	396.065	38.320	68.325
240.734	396.926	39.989	69.692
242.452	397.089	39.262	68.977
243.627	400.036	38.452	66.302
245.730	400.171	36.882	66.612
247.763	405.663	36.041	62.488
250.352	408.932	34.995	59.660
251.599	408.928	33.924	58.080
252.821	405.348	34.789	57.272
260.209	399.668	32.566	55.506
253.393	400.578	39.731	62.172
252.471	399.258	43.659	65.338
250.862	399.549	46.036	63.683
252.156	398.610	45.252	66.687
253.029	396.007	45.509	66.684
253.681	398.876	44.478	66.036
256.462	397.984	42.344	65.778
259.613	399.067	39.377	67.362
260.821	400.847	38.256	62.191
261.594	401.588	36.928	63.085
263.703	400.223	37.740	65.868
265.477	402.396	37.318	67.668
266.710	399.267	40.001	69.687
266.784	402.864	38.459	67.904
265.727	403.707	40.464	66.202
266.595	404.803	42.299	68.832
265.794	406.850	45.047	69.677
266.967	410.614	44.870	68.973
270.160	412.024	44.026	69.165
274.780	413.979	41.558	67.070
277.974	413.183	42.414	64.267
283.119	414.299	41.675	65.216
287.816	412.644	41.913	59.483
290.390	412.748	43.689	60.461
295.585	414.045	41.870	60.080
299.928	415.591	41.126	61.452
301.776	414.406	42.141	59.107
298.921	414.939	47.382	62.792
297.087	421.549	49.339	63.106
296.046	414.381	50.848	70.060
295.605	417.957	50.913	67.608
296.023	418.724	49.105	66.256
298.401	419.692	46.145	64.181
300.577	414.379	34.506	67.631
304.914	413.237	30.327	65.247
309.998	411.220	30.992	66.788
316.158	408.116	30.752	68.848
319.687	403.005	28.591	67.098
323.110	398.660	29.651	64.544
326.391	395.419	28.145	58.393
331.773	391.145	30.194	60.379
334.696	388.178	28.089	58.595
339.709	384.787	32.066	62.932
344.575	378.260	40.463	69.458
348.332	371.155	42.800	70.287
353.694	361.045	41.371	70.865
356.018	354.490	41.116	70.950
356.557	348.291	36.461	69.850
357.023	342.901	34.680	69.238
355.651	338.573	34.787	65.849
354.120	334.988	37.896	65.571
352.767	332.286	44.027	66.288
352.343	330.479	49.259	65.071
353.189	329.159	49.184	63.507
355.063	330.118	51.208	64.004
358.181	330.890	50.424	63.354
362.357	331.082	49.980	64.525
365.447	331.508	49.536	64.758
367.171	331.271	49.346	64.758
369.619	331.352	47.735	64.579
372.607	330.958	45.054	65.135
374.672	331.275	44.742	65.958
376.030	331.186	43.887	68.184
377.906	331.924	44.117	69.458
379.118	332.743	45.241	68.924
380.284	332.334	45.743	68.991
381.447	332.537	47.490	68.041
382.961	332.402	47.600	68.020
384.685	330.616	47.006	67.246
387.432	330.327	45.673	66.989
389.968	331.001	44.792	65.227
392.881	331.099	43.968	65.650
396.046	331.437	41.505	66.014
398.800	332.763	40.784	66.807
401.499	333.591	40.184	68.508
402.399	335.557	41.410	67.472
403.102	337.125	41.981	67.069
404.624	338.479	41.654	65.256
405.921	340.383	42.113	62.442
408.205	340.619	41.665	62.009
411.129	340.791	40.149	63.202
413.379	338.809	40.550	63.035
414.752	338.341	41.244	61.000
416.158	336.739	40.666	61.835
417.224	335.556	40.708	61.646
417.849	335.699	41.111	61.081
418.937	335.234	40.995	61.989
419.500	334.712	41.048	61.626
420.718	333.691	39.890	65.543
421.572	333.987	40.876	65.940
421.602	333.844	41.228	65.883
420.389	335.319	43.300	64.377
417.221	336.157	45.494	63.488
414.215	336.937	46.112	63.326
412.056	337.880	42.810	62.905
409.092	338.087	40.529	62.624
405.930	339.844	38.606	60.589
404.188	339.414	38.867	61.782
403.408	338.746	38.843	62.503
404.444	336.177	38.912	64.841
405.706	333.676	38.415	66.981
406.700	331.809	38.783	66.710
407.527	330.282	38.981	68.399
409.132	329.145	37.384	69.286
410.466	329.241	37.758	67.611
411.499	328.519	38.769	66.716
412.114	328.519	40.200	66.970
413.280	329.272	40.147	67.537
414.267	330.458	39.296	67.611
413.717	331.539	38.336	69.300
413.958	331.180	38.097	70.751
413.996	332.431	38.223	70.123
414.146	331.522	38.820	71.774
414.017	332.044	40.419	71.878
413.964	331.493	41.904	72.924
415.099	331.025	42.177	71.047
416.859	329.274	41.546	68.931
417.491	327.218	41.230	67.820
418.239	324.806	42.152	68.644
420.940	325.164	43.588	66.373
423.823	322.825	43.438	67.656
426.340	322.853	42.742	65.552
428.592	323.665	41.366	64.796
431.880	325.465	39.360	62.434
433.804	326.868	38.993	62.570
434.187	327.557	39.872	60.283
434.771	326.252	39.366	61.081
435.101	324.924	39.060	62.204
434.642	323.783	39.814	62.378
435.595	323.538	40.723	62.724
437.470	323.189	40.951	64.825
440.754	323.584	40.724	65.500
443.499	323.544	40.326	66.444
444.958	322.573	40.343	67.627
445.891	320.398	40.663	69.351
446.212	317.842	39.807	69.558
447.081	315.205	38.243	70.434
449.432	313.723	35.891	69.330
451.972	312.370	34.917	67.417
454.225	311.518	33.381	65.439
453.828	310.764	32.646	64.219
451.326	311.317	33.747	63.477
449.730	310.578	35.172	64.698
448.173	311.198	36.283	64.887
447.347	312.958	38.313	63.904
447.377	313.360	41.335	62.707
449.233	313.941	42.042	62.675
452.295	313.491	40.026	64.495
455.121	310.750	38.585	65.403
457.701	307.786	36.868	67.676
460.699	304.942	36.708	65.952
464.252	302.799	35.642	63.718
465.138	302.464	36.920	61.252
466.415	300.790	36.404	61.475
466.291	299.612	36.356	62.626
463.373	301.149	36.575	61.546
458.296	305.260	38.531	60.058
453.719	308.017	38.889	61.381
450.073	310.091	37.841	59.445
447.503	309.657	37.727	60.764
444.637	310.453	37.520	60.060
439.792	308.522	36.365	61.685
435.825	306.703	35.589	64.065
432.230	305.497	34.879	66.525
430.477	303.859	34.403	67.568
429.742	302.585	34.200	68.070
432.080	302.136	32.590	65.956
434.853	301.489	33.603	64.464
439.526	302.132	32.622	64.200
444.739	305.363	32.913	63.337
450.722	309.716	32.856	62.695
461.569	313.486	34.775	62.607
464.897	316.487	36.437	65.214
466.165	318.557	37.474	67.697
466.183	320.231	40.036	68.192
466.373	318.596	40.558	68.457
466.442	317.689	40.255	67.699
467.079	317.065	40.079	67.844
468.002	314.115	38.774	70.108
470.350	310.973	37.001	69.328
471.870	307.831	36.132	67.923
471.791	304.346	36.342	64.874
472.059	302.857	36.027	63.325
470.303	302.524	37.215	62.224
469.589	301.974	36.992	63.299
468.572	301.670	37.513	62.776
468.536	301.033	38.170	63.365
468.477	300.047	38.757	64.662
468.840	298.062	39.059	66.767
469.484	295.302	39.777	68.492
470.414	292.215	40.208	70.344
471.690	289.787	39.542	70.483
472.243	287.791	38.822	70.983
473.054	285.740	37.635	70.327
472.980	285.212	36.521	67.476
472.233	284.867	35.834	65.336
472.353	284.776	34.727	64.308
471.936	285.060	35.587	62.570
472.969	285.282	36.512	62.280
473.921	286.445	36.974	62.913
475.040	287.683	36.903	62.910
475.821	289.401	36.238	62.239
476.408	289.703	36.745	63.774
476.028	289.020	37.136	65.487
475.616	288.618	36.524	65.561
475.932	286.709	35.358	65.931
476.141	285.214	35.140	64.534
476.937	284.574	34.939	62.320
477.588	283.236	35.250	62.028
477.987	283.344	36.683	62.505
478.085	283.950	38.298	61.763
478.079	284.143	40.092	60.951
477.060	283.988	41.477	62.114
476.085	284.213	42.490	62.719
475.074	284.858	43.533	62.941
475.473	284.195	43.759	65.005
478.589	283.796	41.030	66.863
480.500	283.282	38.466	67.711
481.821	282.282	36.500	68.012
482.489	280.835	34.553	67.261
482.609	279.545	33.709	65.593
482.634	277.524	32.707	64.944
482.786	275.074	32.444	64.414
483.369	274.458	33.138	62.697
484.530	273.638	32.693	62.291
486.057	272.555	31.159	62.774
487.393	272.138	29.909	63.780
488.989	271.161	28.541	64.787
490.557	270.040	26.808	65.709
491.957	268.755	25.534	66.805
493.907	269.303	23.938	65.104
495.064	269.083	24.046	64.153
498.700	265.998	24.530	62.647
499.934	262.468	26.145	61.527
503.116	260.438	26.825	60.737
503.342	259.316	24.257	60.648
502.144	258.756	27.303	60.347
502.169	258.425	29.583	61.347
501.021	257.121	26.172	63.151
501.591	258.984	25.477	62.146
502.927	257.875	26.608	62.172
501.395	259.387	29.577	60.821
501.512	256.051	28.509	62.752
502.912	254.485	25.756	64.113
501.214	253.715	25.435	65.386
503.078	253.576	27.515	63.286
503.168	252.413	28.412	61.529
505.487	251.341	27.924	61.825
507.814	250.880	28.768	66.193
511.738	250.190	28.869	65.564
516.446	245.399	31.324	67.385
520.855	246.172	31.508	63.722
522.974	245.644	27.935	59.026
525.935	247.094	28.375	56.676
522.823	251.497	29.644	62.322
520.375	253.460	31.574	66.856
517.701	255.527	32.633	67.958
514.549	255.784	32.797	64.751
511.437	254.415	35.070	64.433
507.347	253.415	37.459	63.488
503.654	251.692	40.124	61.746
501.354	249.701	40.601	61.773
500.184	248.169	39.509	61.191
500.746	247.142	38.043	57.339
500.557	247.348	34.876	54.498
502.462	247.606	33.189	56.560
504.251	247.612	34.529	57.093
505.961	246.323	35.701	56.727
507.906	246.452	34.771	56.111
509.740	246.862	33.750	55.817
510.834	245.611	32.235	58.806
510.843	245.661	32.193	58.832
510.673	244.366	31.662	60.657
509.962	244.307	31.562	61.341
509.717	243.412	31.268	61.194
510.558	242.187	30.350	61.633
510.413	242.472	31.127	58.586
510.680	241.473	30.938	60.054
509.768	240.660	32.269	60.019
509.000	238.858	33.603	61.423
508.583	237.431	34.050	62.461
508.386	236.185	34.489	62.941
508.289	235.632	35.130	62.349
508.961	234.504	34.065	62.701
509.798	233.923	32.567	61.802
511.130	233.235	31.812	62.026
511.522	232.493	32.837	61.545
512.911	232.186	33.132	59.285
514.196	232.254	32.428	59.141
515.577	232.071	31.718	58.282
516.881	231.473	31.332	59.187
517.868	230.990	31.458	59.365
519.186	230.300	31.103	61.715
519.704	231.701	31.428	62.375
520.042	233.189	31.629	61.893
520.178	233.305	32.358	61.001
521.086	232.624	32.131	61.001
522.936	230.309	31.022	61.410
523.896	228.309	30.686	60.891
525.425	226.077	29.279	60.739
525.912	225.685	28.772	59.498
525.215	225.533	29.615	58.954
523.975	225.950	30.644	57.733
523.314	225.709	30.379	58.157
522.714	224.625	31.036	59.492
523.371	223.613	32.388	60.328
524.503	222.693	33.850	59.944
525.074	222.360	34.499	59.974
525.175	222.240	33.755	60.116
523.633	222.873	34.031	58.995
522.321	223.607	32.461	59.454
521.251	224.123	31.448	58.546
520.460	223.222	31.148	59.225
520.665	222.325	30.936	57.432
521.322	221.183	31.296	55.905
522.108	220.044	31.898	55.861
523.256	219.706	31.961	56.708
524.528	219.773	31.304	57.371
525.158	219.947	30.773	58.161
525.115	220.463	29.738	57.654
524.418	220.253	30.141	58.987
523.877	219.903	30.360	58.932
524.294	218.383	30.155	59.555
525.926	216.644	29.655	58.646
528.618	215.560	28.019	59.958
530.653	214.899	28.448	59.042
533.453	215.024	27.927	58.075
535.828	214.487	28.959	57.124
537.535	212.351	29.269	58.365
539.216	210.359	29.127	58.812
540.995	208.767	28.959	58.747
541.930	208.939	28.500	59.302
542.428	209.739	28.872	58.702
542.707	210.019	30.692	59.445
542.780	210.114	31.517	59.936
543.790	210.629	30.843	60.577
545.167	210.874	31.249	60.404
546.843	211.099	30.778	60.179
547.437	211.618	31.328	60.122
548.006	210.802	30.691	59.896
548.784	210.091	29.653	59.578
549.480	208.361	29.255	59.362
549.805	207.936	29.025	58.023
550.747	207.459	28.472	57.726
550.871	208.911	28.391	56.589
550.457	209.735	28.640	56.899
549.403	210.687	29.058	55.739
548.341	208.790	29.258	56.183
547.552	206.769	29.495	56.636
547.496	205.017	29.117	56.540
547.839	203.588	28.687	56.971
549.024	203.600	28.405	56.299
550.270	202.850	28.835	56.595
551.149	202.179	28.364	56.565
551.695	201.618	28.776	55.997
551.692	200.223	29.225	55.650
552.489	198.690	29.333	56.216
554.573	197.669	29.980	55.787
556.751	197.522	29.625	55.804
558.386	198.752	29.841	54.983
559.700	200.054	30.515	55.264
561.175	199.967	30.035	56.432
561.777	199.893	30.039	56.971
561.849	200.724	30.065	57.476
561.961	201.141	30.901	58.510
561.596	202.116	31.869	58.721
561.244	201.726	31.516	60.115
561.110	202.014	31.330	59.084
561.058	201.307	30.174	58.915
560.297	200.640	30.568	58.755
559.312	198.471	31.148	59.303
559.611	196.699	30.843	58.350
559.483	194.190	31.283	58.085
560.193	192.233	30.656	59.491
560.835	190.687	30.902	60.701
561.634	188.992	30.656	61.854
562.864	188.563	30.486	61.777
563.390	187.669	31.629	60.724
564.050	187.461	31.464	60.462
563.967	187.619	32.226	59.901
562.068	188.771	32.650	59.804
557.745	190.613	34.033	59.090
553.053	195.187	32.391	57.061
549.075	198.507	32.406	56.262
546.123	203.195	32.527	55.442
543.066	208.798	31.838	55.495
541.315	214.492	32.010	54.930
539.463	218.636	31.224	55.140
537.710	218.783	33.011	57.143
536.232	218.422	33.590	56.891
535.056	215.750	33.015	55.676
534.214	211.581	31.997	57.038
533.822	206.847	33.167	57.509
533.293	202.853	34.055	54.517
532.529	201.398	33.573	53.760
531.601	200.673	32.923	53.003
530.555	200.767	32.328	52.185
529.000	200.463	31.996	51.599
527.203	199.410	31.534	50.658
527.635	198.584	30.517	52.931
529.678	196.800	30.203	53.769
533.539	194.887	30.805	53.661
537.403	192.858	30.351	53.218
539.334	189.681	29.281	55.212
536.439	186.275	31.164	54.854
531.429	184.100	32.731	54.632
527.254	182.861	32.113	50.624
526.640	182.565	30.026	51.084
526.571	182.235	29.463	53.533
529.080	182.176	30.325	54.842
532.664	181.896	30.389	51.606
535.039	178.875	31.045	51.217
538.242	176.401	28.454	51.558
540.262	174.300	29.499	54.614
541.152	173.480	31.183	55.252
540.454	173.027	30.606	55.019
538.698	172.012	31.711	55.246
535.120	170.565	30.531	53.016
531.036	168.703	29.691	49.906
529.617	168.628	30.216	49.677
529.258	167.410	28.110	52.044
529.229	166.696	28.332	53.362
531.879	166.544	27.692	53.107
534.540	167.170	29.536	52.579
537.528	166.274	27.914	53.889
538.691	165.584	29.022	54.570
539.388	164.896	30.176	55.507
538.919	163.810	26.658	55.875
537.411	163.860	24.406	53.483
535.956	163.675	25.354	52.843
534.450	163.397	24.140	52.144
532.559	163.765	25.426	53.351
531.323	163.929	26.194	53.747
530.678	163.621	26.669	55.997
530.380	163.110	28.017	56.715
530.242	161.489	29.275	57.994
530.401	159.826	28.472	58.846
530.305	158.889	28.776	59.695
529.603	157.709	28.987	59.178
528.041	157.129	28.465	58.785
526.400	156.841	28.223	57.831
525.092	157.228	28.171	57.075
524.161	157.659	28.303	56.901
523.628	158.028	29.323	57.493
523.044	158.484	29.213	57.030
522.914	159.519	28.829	56.280
523.389	159.894	29.116	57.028
524.175	160.254	28.848	56.988
522.963	162.214	28.949	56.790
520.217	165.198	30.147	56.283
517.686	166.916	29.405	56.803
516.325	167.227	29.893	57.078
515.980	165.876	30.046	57.507
516.789	163.551	29.854	57.328
516.958	162.245	32.028	53.836
516.974	161.958	32.789	52.780
517.517	162.619	33.039	53.337
516.960	164.563	33.977	51.961
516.486	164.823	34.256	52.961
516.323	164.891	32.950	52.724
517.385	163.519	31.678	51.577
519.363	161.793	31.674	50.986
521.333	160.627	31.334	50.943
522.671	159.802	31.974	50.702
523.302	160.505	32.429	51.792
521.025	158.596	32.551	53.522
517.016	156.639	31.701	50.572
513.734	152.073	31.009	52.184
509.047	148.226	31.017	52.084
506.809	145.389	30.845	52.321
506.364	143.197	29.559	54.835
505.341	141.661	29.291	54.290
505.577	142.158	28.755	56.404
504.376	144.490	28.364	54.376
503.779	147.827	27.202	52.408
503.271	148.844	27.009	54.501
502.725	150.901	27.103	55.835
504.546	150.712	27.223	56.083
508.829	149.269	27.169	54.308
510.933	147.534	29.252	53.418
513.747	146.001	29.119	53.094
515.533	144.421	29.126	53.096
517.192	143.143	28.982	52.979
519.228	140.915	28.943	53.242
520.805	136.138	28.422	55.263
522.169	131.978	28.649	55.928
523.144	128.062	28.498	55.285
524.465	126.715	28.549	55.900
524.900	125.522	30.002	55.726
525.371	124.813	29.616	57.605
525.352	124.861	29.659	57.696
524.612	125.635	30.468	56.652
522.382	125.874	30.550	55.250
518.973	125.401	30.126	52.287
515.794	124.992	30.852	51.404
514.021	125.420	31.286	50.289
512.570	125.382	31.330	51.575
511.670	125.105	31.256	52.343
509.912	124.541	31.997	52.973
509.445	124.189	32.980	53.235
508.806	123.439	31.992	53.773
509.233	121.813	31.125	55.720
509.607	119.752	30.106	57.037
510.839	118.983	30.266	55.441
511.855	117.467	30.726	55.037
513.636	117.178	31.346	51.115
517.235	116.891	30.954	52.732
520.942	115.506	31.127	50.635
525.896	114.945	30.468	52.366
527.657	114.277	30.965	53.196
529.719	114.601	30.794	52.622
531.399	115.930	30.035	53.857
532.686	116.139	29.610	54.367
533.686	117.512	29.610	53.788
534.429	118.144	29.332	54.007
534.936	119.000	29.062	53.032
535.883	118.938	28.190	52.332
536.821	118.741	27.402	52.118
537.705	118.798	27.241	51.310
537.038	122.250	27.815	49.376
534.908	127.622	28.728	48.118
533.004	133.031	28.249	48.011
530.846	137.653	28.897	47.360
530.161	142.827	27.994	49.754
529.465	148.301	28.216	48.786
528.842	154.963	28.629	50.141
528.245	162.162	28.611	50.310
527.820	167.832	28.427	50.308
527.142	170.068	28.771	51.202
525.821	172.151	29.501	50.810
524.196	176.622	30.045	49.645
522.216	182.214	29.274	47.024
520.793	188.374	28.600	48.165
518.146	194.719	28.916	46.464
515.742	198.609	28.910	47.327
513.153	200.341	29.042	47.139
508.663	202.734	29.930	47.395
503.772	203.270	29.847	48.182
498.430	206.334	29.784	46.560
494.885	208.252	28.143	46.205
493.058	209.204	27.797	45.655
492.294	211.885	26.878	45.568
491.638	213.613	26.232	45.893
491.357	214.862	26.451	48.237
491.356	216.520	26.924	48.790
491.380	217.576	27.370	49.559
491.344	219.243	28.352	49.718
491.627	221.253	28.819	50.625
491.796	223.721	28.907	50.605
492.382	226.870	27.885	50.671
492.095	228.662	27.802	51.299
491.375	229.120	28.168	51.170
490.889	228.192	28.175	51.784
490.613	225.626	28.101	52.539
491.027	223.663	26.901	50.298
491.500	220.937	26.161	49.449
492.139	220.062	25.611	48.939
491.893	219.737	26.178	48.214
491.415	219.509	25.759	48.261
490.298	218.413	26.178	48.764
489.421	217.491	26.810	48.207
488.608	217.168	25.971	48.491
488.356	216.990	25.092	49.453
488.353	216.942	25.256	49.320
489.059	216.847	24.773	48.889
490.655	216.796	24.320	47.739
491.561	216.705	23.776	47.425
491.507	216.378	24.483	47.831
491.676	215.032	24.042	48.701
490.809	214.509	24.702	48.764
489.944	213.826	25.772	49.577
489.648	213.924	26.015	51.244
489.811	214.782	26.226	51.151
490.034	216.122	26.281	51.183
490.157	216.376	26.220	50.740
490.393	216.221	26.025	50.292
489.130	215.301	26.627	50.876
486.377	214.760	27.025	50.304
482.335	213.214	28.050	50.712
477.488	211.173	28.206	48.254
474.483	210.564	28.660	48.650
471.335	210.333	28.448	48.218
468.106	210.956	27.844	48.925
464.706	210.758	28.408	49.170
461.724	210.380	27.541	48.408
459.730	210.216	27.821	48.431
458.881	210.877	26.623	48.187
457.180	210.509	26.136	49.005
456.195	209.060	25.143	50.253
454.844	207.662	24.814	48.559
454.835	205.573	24.480	47.761
454.769	204.814	24.640	47.901
454.698	204.029	24.846	48.219
454.979	203.622	24.862	48.851
454.926	204.753	25.061	49.170
454.387	204.016	26.127	50.036
453.147	202.472	26.949	52.112
450.559	200.291	28.606	51.807
449.035	196.814	28.187	51.791
446.509	194.261	28.076	50.218
444.672	192.245	28.208	49.820
443.073	190.850	27.962	50.191
442.682	188.820	26.780	50.756
442.205	186.147	26.273	53.278
441.356	183.735	26.139	52.193
440.450	182.225	27.287	51.352
438.847	181.200	28.569	50.865
436.690	183.189	27.216	48.884
434.279	185.190	26.901	49.159
430.600	188.320	27.717	48.537
428.043	190.846	26.436	48.798
425.833	193.631	26.235	49.594
423.447	195.835	25.976	49.686
421.451	197.147	25.166	50.168
419.914	197.915	24.509	50.619
419.084	198.498	25.006	50.106
420.798	199.305	25.436	49.980
424.663	201.672	26.133	47.337
428.211	201.916	28.278	47.004
434.882	202.673	29.086	45.589
440.283	201.588	29.132	46.346
446.225	201.688	27.941	46.527
450.027	203.128	28.441	47.386
453.336	203.977	26.903	47.830
454.664	206.272	26.601	48.494
455.107	207.341	26.256	49.015
454.036	207.984	27.285	49.283
451.652	208.491	27.795	49.186
448.131	207.525	28.380	48.613
444.630	206.987	28.828	48.746
441.575	206.397	29.128	47.222
439.128	204.344	28.604	48.892
437.205	203.625	27.638	48.623
433.909	202.501	28.458	49.391
431.111	201.852	28.018	47.679
428.419	201.312	28.567	46.836
425.957	199.413	28.477	47.586
423.989	198.402	28.616	47.621
422.114	197.706	27.440	47.195
420.471	197.424	26.185	45.474
420.173	197.360	25.683	46.238
420.187	194.915	24.877	48.344
421.543	192.815	24.937	49.709
422.734	191.124	25.628	50.348
424.034	190.283	25.415	50.295
424.516	189.503	25.337	49.585
423.815	189.164	26.317	49.929
422.643	190.536	27.033	48.226
420.368	191.813	27.300	47.596
418.023	192.359	27.557	46.012
416.560	192.412	27.696	45.879
415.781	192.039	27.198	46.586
415.152	191.547	27.155	47.122
415.356	189.491	26.697	48.164
415.861	187.484	26.814	48.844
416.340	185.394	26.311	50.368
417.146	184.339	25.984	51.081
419.521	184.007	25.230	50.412
421.868	183.868	25.243	50.206
424.980	183.380	25.850	48.006
428.450	182.982	25.143	47.878
430.936	182.358	25.095	47.142
433.485	181.344	24.977	46.502
435.897	180.791	23.930	45.746
436.363	180.772	23.627	45.197
436.557	180.136	23.277	45.502
436.475	179.370	23.684	45.638
435.929	179.007	23.923	46.188
435.222	178.532	24.882	47.018
434.924	178.882	24.966	46.828
435.076	179.187	25.775	47.117
435.868	179.416	26.884	47.534
437.289	179.855	27.468	47.066
439.356	180.001	26.952	46.307
441.777	180.443	26.126	45.152
442.927	179.272	26.022	46.261
444.116	178.509	25.879	47.268
444.392	177.068	26.279	47.166
444.470	175.329	26.416	48.108
442.945	174.931	27.126	46.748
440.473	174.133	27.440	46.547
436.895	173.546	29.121	46.566
433.686	172.847	29.573	46.085
430.441	171.430	30.288	47.000
426.701	171.815	30.792	46.272
424.549	171.806	29.138	44.065
422.258	171.653	27.750	42.892
420.443	171.982	27.168	41.789
418.848	170.323	26.095	42.259
416.946	170.041	26.338	41.715
415.764	170.277	25.371	42.864
413.987	170.026	25.613	43.342
412.330	169.593	25.535	44.411
411.120	169.431	25.985	43.958
411.531	168.863	28.023	44.637
415.281	169.272	29.079	44.379
419.877	169.383	30.156	44.425
425.079	170.128	28.936	43.835
431.673	171.833	29.117	41.794
438.994	175.079	27.178	39.925
439.849	175.491	27.505	41.275
440.681	176.041	27.296	41.821
440.857	176.232	27.884	41.465
441.026	176.641	28.014	44.414
441.319	176.240	27.428	45.173
441.796	176.147	26.967	44.776
442.364	176.460	26.531	44.024
442.633	175.739	26.151	44.740
442.716	175.281	26.215	45.386
442.902	175.102	25.877	45.025
443.039	175.254	25.488	44.623
442.704	175.788	25.659	44.453
442.763	177.419	25.430	42.239
442.486	178.343	24.153	44.436
441.143	179.818	24.419	42.427
439.105	179.711	25.346	43.324
436.750	178.891	25.284	43.519
434.255	177.799	25.869	44.431
432.919	177.312	25.551	44.488
432.030	177.429	26.225	44.092
432.473	177.803	26.986	43.992
433.943	179.068	27.364	42.850
436.330	181.077	26.119	41.803
438.023	181.412	26.422	42.461
439.599	182.801	26.832	41.636
441.729	183.604	26.423	40.607
443.406	186.800	26.263	40.168
445.188	189.031	25.930	39.704
446.342	190.792	25.475	39.518
447.039	193.235	25.639	38.807
447.915	195.481	24.340	39.138
448.998	196.259	24.209	39.269
451.397	196.504	23.431	39.812
453.044	196.278	23.604	40.000
455.320	194.485	22.647	42.749
456.365	192.381	22.636	41.982
455.183	190.135	23.374	42.898
452.194	189.160	23.764	42.100
450.184	189.465	23.384	41.151
445.752	190.574	24.957	40.394
430.044	191.004	26.439	41.186
421.610	191.677	27.181	39.716
414.107	191.545	27.160	40.207
406.924	191.761	27.012	39.873
401.249	191.545	28.359	40.739
394.256	192.008	29.115	42.084
391.336	191.540	29.102	40.381
390.160	190.879	28.398	40.348
390.440	189.866	28.000	43.183
393.461	188.730	25.974	41.789
395.425	188.055	26.724	41.270
397.259	186.834	26.202	42.577
398.678	186.026	25.898	41.885
398.522	184.743	25.368	41.899
397.829	183.483	25.481	41.439
397.632	182.558	25.364	42.489
397.851	182.389	24.663	43.013
398.311	181.628	25.023	44.644
399.605	181.539	23.651	43.079
398.746	178.792	23.207	43.505
396.184	174.839	23.677	42.617
392.631	171.445	23.981	40.836
388.667	168.930	24.543	40.082
385.121	168.568	25.446	38.321
380.836	167.730	24.696	39.361
376.155	167.294	24.977	38.819
373.702	166.647	24.508	38.877
373.024	166.631	23.479	40.274
372.688	165.850	23.780	41.466
373.267	165.766	24.646	43.837
375.568	166.086	25.523	42.496
376.977	166.187	26.579	42.996
378.798	167.390	25.712	42.746
379.840	167.619	25.297	42.934
380.182	168.294	24.332	42.880
379.588	168.340	24.556	43.243
379.101	167.971	24.096	43.209
378.162	168.077	24.189	43.963
378.122	168.760	23.604	42.391
377.785	169.409	24.113	42.022
378.162	169.438	24.218	44.551
378.895	170.086	23.328	43.446
380.810	171.338	24.057	42.499
383.950	173.778	23.432	39.812
387.184	175.231	23.783	39.990
391.199	175.491	23.333	42.197
392.919	176.134	23.123	41.754
386.672	176.804	24.356	42.308
380.188	177.139	24.045	42.534
373.837	177.465	23.922	41.744
368.656	178.113	24.774	40.700
366.616	179.372	23.900	41.021
365.800	182.182	24.066	41.384
369.738	184.494	25.797	39.318
376.010	184.383	25.906	39.788
381.905	183.054	26.516	40.255
385.741	180.965	25.627	41.200
387.549	179.071	25.035	41.927
387.243	178.707	25.457	41.511
389.180	178.584	25.077	40.644
383.914	178.465	24.230	40.375
382.952	177.874	23.900	41.628
382.767	178.125	23.075	41.178
382.981	178.058	22.439	41.465
383.769	177.202	22.542	41.694
385.144	176.028	23.430	42.841
387.772	175.067	22.974	42.636
391.127	174.309	22.473	42.464
394.169	173.022	21.584	42.377
395.079	171.472	22.288	42.500
396.537	169.124	21.967	43.719
396.589	167.800	21.747	44.152
395.892	166.911	21.543	44.259
394.811	166.257	21.758	43.953
393.707	167.771	22.349	42.167
393.450	169.334	21.949	42.230
394.640	170.758	21.688	42.837
396.124	171.914	21.551	42.056
397.859	172.882	21.383	41.391
398.685	173.409	21.662	41.742
399.032	174.928	22.261	42.452
398.054	176.555	22.294	42.866
396.796	178.157	21.825	42.629
396.412	178.959	21.532	41.035
396.157	179.735	21.365	41.037
396.756	178.664	21.705	41.835
398.154	177.086	21.693	42.476
399.397	175.371	23.446	43.527
402.114	174.995	22.477	42.438
403.835	174.564	23.052	41.508
405.497	174.129	22.508	40.809
406.429	174.250	22.053	41.317
406.623	173.351	21.763	43.481
406.053	172.060	21.551	44.232
404.707	169.807	23.369	44.555
403.426	167.159	23.081	44.234
402.608	165.902	21.317	43.635
402.321	166.417	20.878	41.984
402.196	168.208	20.835	43.614
402.271	172.377	20.799	44.304
401.462	178.286	21.416	45.159
399.085	186.649	21.686	43.199
394.704	193.435	24.275	41.411
391.387	199.208	22.931	41.533
387.775	205.213	22.364	39.514
378.157	211.223	22.519	38.966
374.016	217.017	23.173	40.031
372.134	223.220	21.442	41.267
371.924	226.596	21.277	42.041
372.718	228.393	21.957	45.767
375.374	229.188	21.621	47.697
378.432	229.594	22.238	46.130
381.656	229.753	22.860	47.430
383.682	229.782	22.390	48.382
385.037	230.268	23.139	49.070
385.749	231.616	22.898	51.407
386.148	231.922	21.870	49.796
386.820	231.592	20.775	51.819
387.709	231.845	20.587	49.238
388.277	232.518	19.980	44.195
384.336	232.487	20.946	42.586
381.273	231.209	21.218	46.027
378.309	232.133	22.593	42.038
376.017	231.769	21.382	42.258
373.903	232.003	21.454	41.815
372.007	233.090	20.485	41.271
369.788	234.188	21.152	41.517
369.676	235.074	20.746	42.668
369.054	234.678	20.654	46.548
370.290	234.763	21.077	47.246
372.316	235.848	21.037	45.655
374.701	236.133	20.732	42.949
376.329	236.112	20.817	42.689
378.684	236.313	20.767	43.351
381.509	235.763	20.588	43.605
384.010	235.787	20.596	39.429
385.989	235.929	22.281	38.798
387.888	234.611	21.323	41.350
390.137	233.608	21.234	41.021
391.050	233.096	21.017	42.256
392.055	231.928	20.537	43.285
391.498	230.834	20.064	45.341
389.391	227.138	21.405	48.609
388.419	227.913	20.914	46.803
387.750	227.080	20.482	43.775
386.546	225.738	19.984	44.564
384.834	225.929	20.291	42.281
383.422	227.717	20.174	40.636
381.816	227.535	20.571	40.958
381.466	227.621	20.262	40.769
381.944	227.249	20.914	42.106
383.037	227.516	20.734	43.271
384.334	227.208	21.629	41.993
386.276	228.637	21.064	45.457
388.091	228.742	19.891	42.289
390.197	229.705	20.523	42.012
392.081	229.395	21.065	41.022
393.708	228.723	22.564	41.962
394.701	228.579	23.873	43.309
395.831	228.148	23.044	41.679
397.279	227.193	24.698	41.580
396.977	227.310	23.394	42.085
397.066	228.924	22.426	43.997
396.425	229.531	22.010	38.372
395.028	229.149	23.235	42.052
394.626	230.389	23.640	46.905
393.257	230.444	23.161	48.156
394.210	230.709	22.668	49.045
395.518	229.881	23.299	52.469
396.497	229.990	23.568	46.368
398.516	229.354	22.935	50.095
399.626	229.346	23.284	44.119
401.737	227.896	22.726	45.637
402.226	229.387	23.394	44.204
403.639	231.707	23.265	45.867
405.759	232.276	22.384	45.606
407.115	234.384	22.960	44.286
409.548	234.452	23.228	45.095
410.853	236.138	24.352	45.234
410.687	238.108	26.076	43.750
410.625	238.191	25.933	44.882
409.511	237.353	26.309	45.609
407.930	235.121	26.016	46.314
406.941	231.925	25.861	44.170
407.508	230.027	24.437	46.278
408.421	226.077	25.626	45.092
409.255	224.331	24.528	45.516
410.357	223.363	23.991	46.221
410.120	224.374	25.294	48.435
411.835	224.563	24.175	48.641
411.009	225.827	24.821	46.693
411.811	226.574	25.120	44.751
414.456	225.581	22.753	46.551
412.191	226.831	23.352	48.658
409.116	225.234	25.614	47.368
407.229	221.368	25.489	50.345
404.281	217.595	26.283	50.825
402.439	220.165	26.869	47.206
402.149	219.423	26.479	48.113
401.388	221.105	26.370	50.503
399.167	221.418	25.478	51.116
397.968	224.187	25.650	48.806
397.316	224.309	25.481	49.065
396.151	223.815	25.276	46.186
396.201	224.872	25.517	49.624
398.582	224.430	23.841	49.655
399.709	222.483	24.803	45.051
402.351	222.249	24.606	48.658
405.176	221.543	24.653	48.866
408.803	222.598	24.203	48.399
412.869	221.775	23.930	46.747
418.233	220.981	23.793	46.553
421.711	221.865	23.629	44.781
424.153	221.901	23.468	45.850
426.131	222.312	22.814	47.403
426.281	221.477	23.751	48.120
427.030	222.237	23.709	45.459
428.511	222.993	23.450	48.802
428.437	224.289	23.439	46.284
427.737	225.011	23.488	45.978
426.380	224.603	23.919	43.482
424.261	223.707	25.341	41.951
422.982	221.304	25.490	42.882
421.488	219.583	25.774	42.412
421.264	218.403	25.174	46.209
420.190	218.715	24.513	42.132
420.080	219.239	23.271	39.589
421.349	219.291	22.270	44.563
420.184	218.526	23.860	39.009
420.337	217.095	23.097	41.690
419.409	216.283	23.945	41.636
417.200	216.296	25.424	37.304
414.589	215.731	25.809	36.256
413.089	215.074	24.925	37.875
411.085	214.398	24.043	36.360
409.576	214.566	23.931	38.025
407.728	214.719	23.795	36.959
407.250	214.857	23.349	37.635
407.485	215.294	22.831	37.379
406.977	215.304	23.495	37.551
406.631	215.456	23.861	37.999
406.986	215.616	23.687	37.817
407.661	215.868	23.159	37.842
408.777	215.162	23.261	39.207
409.152	215.345	22.692	36.925
409.989	215.806	22.846	37.980
409.947	216.109	24.077	40.511
410.721	217.121	22.928	39.144
410.873	217.948	23.260	39.057
412.011	217.907	21.989	39.944
413.081	217.721	21.899	41.234
413.518	217.589	22.753	41.426
412.329	218.404	23.939	41.937
413.332	219.374	23.057	41.318
412.502	219.928	23.667	40.943
411.818	221.401	23.886	38.961
412.539	220.660	23.166	39.114
413.676	219.973	22.665	37.865
413.607	218.409	23.195	37.886
413.895	216.366	22.949	37.625
412.977	214.493	23.300	37.128
411.286	212.745	23.517	37.380
409.504	211.767	23.982	38.980
409.169	211.662	23.013	37.984
409.222	211.443	22.090	38.249
408.517	210.245	21.934	38.197
405.622	209.369	23.371	37.031
402.464	208.048	23.765	36.490
399.991	207.299	24.306	38.534
398.329	207.262	23.441	38.716
398.245	207.080	22.418	38.426
399.279	207.663	22.052	37.217
400.450	209.030	22.316	36.845
401.935	209.559	22.617	36.157
401.765	209.226	23.355	37.216
400.626	209.073	24.866	37.946
396.259	211.036	26.361	35.939
394.053	212.705	26.267	37.668
393.443	216.129	24.851	36.980
393.049	219.008	24.540	37.932
393.697	221.059	23.181	36.865
391.956	223.825	24.610	36.666
392.017	225.877	24.121	34.581
393.622	226.898	23.213	33.599
395.637	225.634	23.738	33.440
399.163	224.561	24.373	32.837
403.675	224.328	24.617	33.045
407.923	223.854	25.038	33.013
411.954	222.898	24.729	31.485
414.351	220.495	23.811	32.823
416.003	217.877	22.992	34.315
415.503	215.340	23.053	35.638
413.550	213.298	23.347	35.335
410.141	213.092	24.598	35.044
406.055	211.984	24.763	34.263
402.129	210.873	23.297	34.486
399.353	209.542	22.723	35.442
397.391	208.431	22.788	35.281
395.585	206.807	22.671	34.574
396.302	204.096	22.576	36.267
396.445	202.596	22.880	34.274
396.868	200.433	23.028	35.018
397.657	199.048	23.291	34.875
397.618	198.400	23.586	34.260
396.856	198.750	24.077	33.399
394.793	199.421	24.103	32.349
392.964	198.719	24.168	31.839
392.092	198.398	23.593	32.358
392.146	198.083	22.830	33.006
392.044	197.971	22.454	33.255
392.179	198.156	23.098	33.279
393.035	198.030	22.034	33.236
392.962	197.743	22.154	32.946
393.109	196.680	21.628	34.152
393.081	194.716	21.516	35.067
393.266	192.825	21.163	35.368
393.550	191.044	21.024	36.489
393.469	188.918	20.817	37.117
392.806	187.433	21.708	37.694
391.476	185.813	21.682	36.355
390.588	184.596	21.113	36.988
388.676	184.300	21.981	34.698
388.097	184.192	21.907	33.841
387.469	183.757	21.590	34.129
386.921	183.718	21.937	33.760
386.858	183.630	21.896	32.863
386.650	183.355	21.978	33.665
386.494	183.117	22.129	34.692
386.659	183.822	22.461	33.369
387.285	183.774	22.438	33.481
387.756	182.751	22.780	34.407
389.639	184.403	22.515	33.405
389.933	183.754	22.987	34.325
390.301	183.547	23.299	34.174
391.354	183.101	22.868	34.165
391.588	182.511	22.739	34.745
392.197	182.243	22.214	34.263
391.793	181.666	22.725	34.439
390.280	181.980	23.648	33.939
388.749	180.223	23.508	35.695
386.528	179.268	23.262	35.844
387.157	178.422	21.116	36.333
386.792	178.282	21.417	35.842
387.456	178.108	22.747	35.991
389.239	178.333	23.277	35.665
391.472	178.742	21.988	35.627
392.283	178.273	21.543	35.619
391.608	179.825	22.061	33.812
389.606	179.265	23.055	33.033
388.454	178.252	22.634	33.459
387.425	176.596	22.913	34.322
388.354	176.563	22.199	33.728
387.820	175.564	24.248	32.337
390.338	173.484	24.385	33.030
392.110	172.993	23.415	31.655
393.926	172.533	22.254	33.287
393.246	171.883	23.323	35.524
392.030	172.474	23.593	37.416
389.613	172.982	24.609	38.827
388.440	176.031	23.966	37.068
388.747	179.356	22.571	35.151
388.691	180.200	22.138	36.115
389.811	180.642	22.410	37.337
391.585	182.667	23.304	36.726
393.434	182.613	23.409	37.042
395.932	184.662	22.934	35.355
398.616	184.921	21.578	35.369
400.381	186.786	21.368	34.054
402.533	187.195	19.960	34.818
400.181	188.533	21.804	34.329
397.908	189.371	22.917	34.209
396.668	189.139	22.821	34.982
392.466	187.483	23.693	32.928
391.033	185.125	23.181	33.718
389.544	184.533	23.346	35.312
387.904	186.915	23.568	36.831
387.450	188.916	22.917	37.924
387.358	192.499	23.561	36.092
387.770	194.293	24.292	35.806
390.033	194.663	23.259	33.962
393.390	193.707	21.627	32.675
395.432	192.509	22.091	31.482
401.329	186.790	21.809	31.671
403.169	185.874	20.830	31.174
403.590	184.375	21.489	31.118
404.271	182.084	21.709	32.487
404.769	181.013	21.846	32.969
405.986	179.994	21.526	35.024
406.835	179.556	22.019	36.741
407.952	180.089	21.812	37.087
408.603	180.547	22.735	37.400
410.674	181.645	21.589	37.481
412.677	183.884	22.036	35.881
414.782	184.524	21.878	36.309
416.608	185.851	21.900	34.974
419.675	185.400	21.872	34.790
421.343	185.365	21.485	33.857
423.256	184.934	21.964	32.403
424.568	184.073	22.307	33.237
425.633	184.425	22.651	35.106
427.729	184.713	23.458	35.996
429.773	185.189	24.995	36.788
434.238	187.683	24.797	36.699
437.656	190.278	23.811	35.835
439.916	191.602	23.114	34.700
442.407	191.101	22.358	34.817
444.256	190.012	21.440	34.614
444.917	189.096	21.237	33.555
444.715	188.794	20.924	33.047
443.915	188.191	21.235	33.144
443.957	187.521	21.246	33.073
444.975	186.170	20.661	33.593
446.197	185.292	20.110	34.098
445.560	185.144	21.017	34.412
442.388	185.232	22.584	34.538
438.904	185.935	23.281	34.203
435.667	186.934	22.679	33.183
433.031	185.897	21.580	32.891
430.896	183.936	20.417	33.110
428.302	182.191	20.372	34.114
426.208	181.231	20.906	34.302
424.260	181.125	21.453	32.940
422.897	180.955	21.784	33.279
423.181	182.394	20.808	33.795
422.815	182.741	21.248	35.039
422.346	183.153	21.651	35.878
422.507	184.516	21.191	34.601
421.365	185.557	22.263	33.935
420.716	185.910	22.277	35.265
420.070	187.722	22.180	34.748
420.212	192.102	21.641	35.307
419.237	192.923	21.527	35.552
417.194	186.061	21.491	37.011
414.276	179.432	21.758	36.233
411.892	174.703	22.007	34.018
410.253	171.031	21.669	33.669
408.315	167.455	20.979	35.265
406.272	166.471	21.267	33.508
404.884	165.735	20.487	33.277
404.088	164.637	21.093	36.437
404.730	165.924	21.115	38.895
403.258	167.049	21.781	39.733
403.139	170.572	22.587	35.868
403.362	171.276	23.998	35.427
407.551	173.534	24.537	33.325
412.701	173.601	23.761	32.444
416.572	173.339	23.328	32.438
419.830	174.197	25.200	31.825
422.731	173.695	24.366	33.483
425.943	174.892	24.801	32.761
428.358	175.494	25.386	33.138
430.814	175.665	22.955	34.137
433.319	175.935	23.246	35.044
434.964	175.161	22.427	35.688
434.064	174.198	23.450	34.846
431.629	173.573	22.754	33.872
428.942	172.812	22.156	33.339
425.320	172.525	23.025	32.899
422.752	171.458	22.252	34.648
419.315	173.004	23.456	32.084
417.557	172.360	23.058	33.285
415.643	171.499	21.620	34.102
413.824	170.171	20.489	33.693
411.501	169.268	20.618	33.434
410.487	168.826	20.008	32.795
410.427	168.096	19.259	32.701
409.198	167.276	19.858	33.206
409.656	166.597	18.696	34.888
409.412	165.951	18.439	34.737
409.350	165.518	18.304	35.373
409.002	165.646	18.482	34.883
407.981	166.199	19.540	33.717
407.226	166.696	19.424	32.964
406.475	166.756	19.462	33.730
406.046	166.648	19.539	35.475
406.361	166.359	18.942	36.934
406.911	166.595	18.593	37.472
407.738	166.982	18.724	36.864
407.997	166.739	18.888	36.546
408.008	166.096	19.203	35.966
407.612	164.775	18.882	32.540
406.091	164.003	19.713	32.047
404.947	163.178	19.055	32.236
404.345	162.887	18.864	32.680
404.724	163.019	18.571	35.533
404.857	164.905	20.019	36.389
406.258	166.734	20.428	35.818
408.195	169.549	19.862	35.199
409.082	170.466	20.168	35.157
409.987	170.954	20.405	36.041
410.721	172.668	19.913	34.358
412.463	174.444	18.557	33.340
413.230	175.627	19.285	32.369
414.659	175.777	19.759	32.887
416.384	176.627	20.260	32.293
417.815	176.385	19.979	31.597
419.872	175.732	19.350	31.839
421.039	175.088	19.101	31.878
421.616	173.158	19.051	33.396
420.514	171.099	19.359	33.430
418.890	169.737	19.816	32.065
416.963	168.689	19.806	31.260
414.797	167.987	20.223	31.801
412.008	167.810	20.374	31.733
410.171	167.584	20.567	32.456
407.903	167.511	21.385	32.416
407.319	167.256	20.613	32.064
406.246	165.936	19.420	32.479
405.091	164.780	18.569	33.093
404.938	164.050	18.012	31.971
405.164	163.858	17.785	31.377
404.805	163.650	18.460	32.426
405.395	164.841	18.571	32.017
405.806	166.584	17.978	31.991
406.712	168.283	18.062	31.796
407.594	169.239	18.167	31.629
409.061	171.858	18.854	30.167
411.519	173.734	18.951	29.296
415.155	173.765	20.351	30.447
418.014	173.506	21.004	30.736
421.096	171.447	21.173	31.737
423.769	169.316	20.241	32.187
426.116	167.790	19.039	32.101
426.349	165.483	18.781	31.729
423.274	163.630	19.631	32.627
421.462	163.041	19.859	33.139
421.462	162.809	18.826	33.008
421.804	163.659	19.020	33.421
424.417	165.639	18.989	31.228
427.457	167.379	19.187	29.851
430.113	167.276	19.633	29.903
432.595	167.595	19.559	29.845
435.145	167.605	18.096	29.632
436.405	168.240	17.425	29.309
437.444	168.246	17.011	30.260
437.911	168.892	17.250	30.338
437.928	169.576	17.814	30.112
439.213	170.938	18.441	29.237
440.327	172.735	18.094	28.602
441.314	175.533	17.655	29.053
441.051	178.100	18.279	29.113
441.082	179.761	18.759	30.354
442.460	180.751	18.573	31.281
443.536	181.469	19.041	30.790
444.323	181.831	19.040	31.252
445.212	181.615	18.499	32.068
442.749	181.913	20.938	32.834
440.418	182.212	22.315	33.605
435.481	181.757	22.374	35.699
433.668	180.353	22.079	34.583
432.790	177.433	21.982	33.603
431.087	175.608	23.348	33.758
427.844	176.658	23.613	32.533
419.128	181.583	26.270	31.941
411.879	186.574	26.519	31.991
404.519	191.222	27.971	33.110
401.047	196.364	25.291	34.086
397.454	200.507	23.780	31.917
396.413	202.099	20.627	31.633
397.642	203.824	20.788	30.324
402.013	202.166	23.894	28.981
408.340	205.066	24.509	27.058
415.384	202.726	28.067	29.027
432.393	195.821	28.514	32.188
440.878	190.675	24.028	33.140
444.354	187.232	22.352	31.505
443.675	184.671	22.900	29.193
437.887	181.717	25.340	29.200
419.719	177.307	31.043	30.611
410.356	174.928	35.198	29.924
403.556	174.376	32.510	30.874
395.473	173.155	32.337	30.345
388.907	173.032	32.698	28.847
378.486	167.256	30.468	30.323
376.115	165.761	28.911	29.642
373.629	166.738	26.810	28.813
370.011	166.726	24.591	28.128
365.369	167.560	23.990	26.931
360.539	167.137	23.702	26.402
357.284	164.263	23.237	27.255
355.322	161.836	22.902	28.027
354.116	161.520	21.443	28.111
351.734	160.507	22.072	27.509
347.914	160.980	23.124	27.168
345.810	161.137	22.205	28.079
342.642	161.931	22.836	27.386
340.469	163.500	22.213	27.416
336.941	165.308	23.089	29.292
332.703	171.585	22.782	30.852
