286.000	253.000	72.000	157.000
287.703	253.942	71.490	154.503
288.914	254.115	70.056	154.665
289.338	254.458	69.299	154.760
289.300	255.587	68.414	153.427
287.770	257.627	69.481	152.258
285.603	259.444	71.148	151.158
283.105	259.906	72.476	150.545
280.009	260.443	73.478	149.773
276.800	260.800	72.859	148.047
271.362	260.322	74.270	147.470
267.345	259.729	72.473	147.779
263.860	260.244	70.932	147.565
260.446	259.853	71.203	149.269
258.622	260.118	70.736	148.290
258.026	260.944	68.165	147.270
256.767	262.174	68.613	145.898
256.598	262.013	67.925	147.206
256.267	261.991	68.561	147.766
256.107	262.634	68.959	147.936
256.031	262.712	66.708	147.847
253.558	261.723	66.161	149.293
249.336	261.913	63.800	148.995
246.673	262.058	61.954	149.091
244.390	261.892	60.814	150.047
240.256	262.056	63.341	148.647
237.753	260.969	65.163	149.896
234.757	260.099	67.823	150.890
233.459	260.979	69.268	150.301
231.767	262.175	70.083	148.739
228.333	261.928	70.952	148.150
225.387	262.276	71.871	147.607
223.397	262.428	71.633	146.909
220.856	261.853	66.386	146.002
219.010	260.529	63.398	148.199
215.893	259.180	62.801	148.864
212.847	258.596	63.387	150.204
210.990	258.558	64.203	150.403
209.175	258.774	65.323	150.813
207.818	259.162	65.243	150.077
206.289	259.862	65.313	149.389
205.849	261.343	64.964	147.823
205.318	261.160	64.217	148.310
205.016	263.141	63.892	146.536
205.859	264.623	62.209	145.349
205.845	265.915	62.556	143.935
205.842	266.230	62.407	143.084
206.222	266.530	62.151	142.113
206.720	266.601	61.348	142.060
206.144	265.853	62.656	142.294
205.567	265.585	63.683	142.361
205.645	265.492	66.165	142.279
205.563	266.011	68.449	141.486
205.435	266.264	71.566	141.176
205.648	267.423	74.822	139.447
206.054	270.234	76.418	135.928
206.376	270.456	77.905	136.463
207.063	268.485	79.421	139.534
209.220	268.258	77.896	140.387
210.716	268.343	77.300	139.847
211.183	269.178	78.930	136.992
211.590	270.194	78.931	135.404
211.890	271.915	79.065	132.867
213.315	272.978	78.650	132.256
