700.000	279.000	30.000	33.000
700.359	278.728	27.119	33.396
698.547	278.594	27.812	33.767
698.115	279.142	27.404	33.370
696.736	279.643	26.543	33.530
696.314	279.982	25.158	33.459
693.621	280.486	26.054	33.604
692.233	281.392	25.610	32.094
691.135	281.432	25.810	31.948
690.792	281.734	25.956	31.287
690.195	281.770	26.206	31.508
690.057	281.639	26.726	31.424
689.806	281.734	26.991	31.603
689.777	282.256	26.809	31.504
689.564	281.859	26.555	31.260
689.537	281.892	27.483	32.033
689.980	283.806	27.755	32.273
690.710	284.532	27.688	32.732
691.372	286.555	27.317	32.964
691.691	288.479	27.540	32.579
692.877	290.531	27.133	31.709
693.167	291.365	28.084	31.661
694.121	292.446	28.112	30.820
695.463	291.753	27.766	30.594
696.363	292.191	28.187	30.009
697.819	292.308	27.934	29.951
699.387	292.832	27.844	29.983
700.654	293.452	27.837	29.236
701.280	293.334	28.014	29.708
701.921	293.256	27.870	29.452
703.015	291.977	27.847	30.417
703.564	290.435	27.058	30.159
704.590	289.926	26.597	29.827
704.597	288.178	26.606	31.007
704.973	288.619	27.441	30.244
705.048	288.212	27.396	30.750
705.263	289.415	27.341	31.620
705.547	291.022	27.393	32.068
705.336	292.724	27.445	32.001
705.073	294.400	27.460	31.979
704.536	294.550	27.651	33.260
704.539	294.959	27.460	32.598
703.855	294.982	27.994	33.186
703.548	295.207	28.061	32.720
702.316	295.338	28.947	32.523
702.033	295.174	28.907	32.297
701.504	295.059	29.307	32.117
701.013	294.707	29.731	31.641
700.239	295.000	30.428	30.684
699.808	294.908	30.268	30.620
699.642	294.656	30.104	30.240
699.306	295.486	30.414	30.079
698.988	297.366	30.216	29.502
699.002	298.219	30.312	29.074
700.075	299.981	29.901	30.316
699.999	300.781	29.492	28.451
700.057	300.367	29.801	29.476
700.245	299.016	29.249	30.133
701.183	297.944	29.409	31.638
701.503	297.887	28.500	31.002
702.273	297.604	29.607	31.517
703.107	297.949	29.027	33.142
704.382	299.629	28.453	33.370
705.822	300.675	27.886	33.510
707.359	301.566	27.727	35.640
710.277	298.182	28.284	39.197
716.426	289.973	29.111	45.933
716.145	297.075	29.805	43.645
714.985	301.690	30.640	42.975
716.692	301.710	27.982	37.071
716.415	301.691	30.340	37.756
717.674	301.910	30.984	34.324
721.438	301.568	30.072	32.145
722.032	302.637	30.123	28.494
722.569	302.081	30.555	28.198
724.013	301.896	29.641	30.228
723.671	302.141	30.436	30.651
724.509	303.611	29.687	30.513
724.079	304.235	30.497	30.601
724.127	304.790	30.780	31.334
724.181	305.110	30.447	31.616
723.667	305.312	30.377	32.150
722.925	305.691	31.732	32.305
722.194	306.820	32.638	31.020
721.481	306.951	33.092	31.936
719.581	306.894	34.020	32.576
717.997	307.830	33.319	33.738
716.491	308.607	33.392	32.731
715.253	309.286	32.366	33.232
713.865	308.300	32.308	33.462
712.444	306.394	31.840	35.019
711.921	305.516	31.922	34.585
708.958	304.491	33.145	34.359
709.122	302.568	34.034	34.989
708.973	301.886	30.897	34.849
709.660	299.335	29.013	35.700
708.715	298.249	28.610	34.176
707.569	294.842	29.191	34.278
707.049	292.663	29.479	34.878
707.495	290.536	28.537	34.589
705.967	288.869	30.761	34.518
705.562	288.213	30.445	35.440
706.399	287.745	31.207	35.672
709.155	289.119	30.959	34.995
709.482	289.774	31.149	34.777
709.920	289.506	31.426	34.899
710.325	290.392	31.969	34.340
711.424	289.880	33.360	35.542
715.681	287.747	34.036	37.125
721.783	287.732	33.328	35.986
729.139	285.446	34.404	37.235
734.994	284.217	33.776	37.967
740.088	282.481	35.640	38.553
744.372	281.823	34.236	37.127
751.159	278.442	32.879	38.762
756.179	276.481	32.929	38.471
761.730	272.467	34.121	40.353
767.544	274.966	34.040	37.545
772.390	275.478	33.866	36.703
776.335	274.088	33.683	37.628
778.002	273.948	33.256	37.498
779.203	274.706	33.151	35.851
780.106	271.458	34.464	38.540
779.873	269.007	36.362	40.056
778.863	269.888	36.803	39.780
776.652	272.835	37.057	37.750
776.774	272.686	36.249	37.667
771.775	269.938	35.407	38.149
769.997	266.905	36.433	37.906
768.575	264.059	37.130	37.564
766.084	261.942	35.821	39.062
764.489	260.755	35.113	38.233
760.330	260.260	33.911	37.896
758.108	260.109	35.467	38.502
754.008	261.968	35.840	37.272
750.825	261.243	36.178	39.370
748.397	261.688	36.252	39.971
746.500	262.156	32.930	40.587
745.159	264.769	33.045	38.377
742.056	266.371	34.478	38.828
740.881	266.859	32.962	39.507
738.677	266.915	32.819	38.521
736.667	267.252	32.578	38.308
735.051	270.643	33.081	34.895
733.187	268.000	33.024	37.853
731.424	269.189	33.007	37.782
730.161	271.457	33.585	36.534
728.791	269.971	31.694	37.627
727.788	271.574	33.729	37.537
726.498	270.316	32.271	39.823
725.277	273.496	32.440	34.737
724.714	270.356	32.721	36.395
723.267	270.011	33.853	36.006
723.381	269.427	32.614	36.397
722.359	269.281	32.755	36.538
721.011	270.341	34.193	34.856
721.851	270.250	33.405	36.263
722.066	271.769	31.633	37.679
721.957	275.086	32.017	36.025
720.901	278.170	32.373	34.333
721.563	279.752	31.421	33.848
721.093	278.839	30.896	34.271
720.874	279.267	31.432	33.299
720.853	276.366	32.720	34.661
719.505	275.023	31.405	34.656
718.928	276.739	31.726	34.540
718.348	278.300	33.159	32.133
716.369	278.956	33.598	33.590
717.321	279.007	32.538	34.355
716.724	281.452	31.124	32.643
714.642	284.220	31.871	31.925
714.929	281.837	31.710	33.411
712.503	282.009	31.529	33.343
711.715	281.060	31.559	35.245
708.752	281.766	34.466	34.358
708.971	280.831	34.360	34.630
708.667	279.845	35.188	34.827
706.420	281.342	34.979	33.679
688.470	238.772	27.792	32.012
689.932	239.625	27.367	32.712
690.918	239.970	27.880	31.724
693.548	239.239	27.460	32.510
695.138	239.968	27.990	32.200
697.154	238.977	26.859	32.204
698.714	238.945	27.470	32.049
699.294	238.471	27.261	31.641
699.466	238.625	27.535	31.514
699.763	239.037	27.129	31.420
700.313	239.409	26.999	31.507
699.644	240.738	27.466	32.499
699.550	242.895	27.135	31.626
698.888	242.737	27.378	32.379
697.563	244.461	29.069	31.385
697.539	244.547	28.655	32.012
697.019	245.143	29.080	32.142
696.154	245.197	29.773	32.816
696.205	246.073	29.887	32.800
695.650	245.947	30.776	33.288
695.370	246.160	31.250	33.991
695.004	246.890	31.560	33.458
695.456	245.901	31.400	34.861
696.444	245.776	31.373	35.345
698.254	248.394	30.859	35.319
699.352	251.425	28.208	33.033
698.751	253.502	28.518	34.256
699.845	250.779	26.810	35.502
671.386	285.455	31.573	34.843
670.013	286.561	31.338	36.058
668.458	286.473	32.362	36.203
667.783	286.996	31.614	36.116
667.970	287.950	31.481	34.663
668.384	287.470	30.699	34.361
666.893	287.305	31.698	33.958
665.791	284.673	31.147	34.908
665.822	282.798	32.353	35.484
665.799	281.213	32.748	35.867
664.964	281.105	33.565	35.204
664.963	280.749	33.856	36.466
662.634	282.522	35.051	35.212
661.635	283.814	34.724	36.696
661.967	286.791	34.437	38.021
659.386	287.761	35.930	36.337
656.726	288.630	38.160	35.262
655.557	287.535	37.134	36.322
654.020	287.937	37.467	35.486
652.655	287.856	37.305	35.064
651.657	287.718	35.494	34.825
648.199	288.261	37.033	34.707
645.557	288.158	36.338	35.334
643.453	290.662	36.391	33.161
641.222	291.076	36.534	35.552
638.154	291.778	36.440	36.536
634.491	293.239	35.180	37.049
632.864	294.259	35.867	38.298
630.786	295.633	34.404	37.169
627.426	296.058	35.812	36.748
624.448	296.630	34.249	34.730
619.832	292.200	33.545	34.003
616.497	289.142	34.911	34.726
613.779	289.309	35.659	33.195
610.982	289.882	33.633	31.782
606.967	292.484	33.686	31.996
603.549	294.792	33.715	33.502
601.599	298.196	35.791	34.109
600.259	300.852	34.407	33.705
599.129	301.180	33.332	33.337
596.958	301.414	35.193	33.663
594.747	301.606	34.334	32.013
596.869	301.904	32.791	30.935
597.303	303.579	32.876	29.389
596.094	303.133	33.451	29.778
596.245	303.931	33.573	29.828
599.803	305.516	30.916	30.405
595.497	311.033	32.811	32.389
594.442	316.410	36.178	32.800
592.721	324.351	33.855	31.836
590.930	329.744	36.438	32.337
589.861	331.808	35.737	34.452
590.255	332.554	37.174	35.954
590.377	331.496	36.420	38.297
592.368	331.711	35.357	39.485
595.755	336.784	35.952	38.120
600.025	339.921	34.392	40.435
602.711	347.082	30.611	37.499
606.277	347.951	32.585	40.047
612.549	353.173	32.448	35.280
620.167	354.989	31.803	34.988
626.929	356.248	31.657	34.261
632.587	358.618	32.535	35.339
631.610	357.319	31.245	35.317
632.444	356.491	32.181	35.326
629.872	356.950	31.225	36.091
624.311	357.148	34.174	35.300
619.749	352.842	34.641	37.096
617.350	350.660	37.519	38.883
617.965	351.009	33.682	36.839
564.034	315.621	13.540	32.935
549.648	313.796	23.481	28.873
546.127	310.677	25.246	28.787
545.809	304.176	24.669	30.384
543.959	302.712	27.608	30.989
545.474	296.855	24.357	31.192
533.591	296.084	35.279	38.221
538.989	288.115	30.698	39.186
544.278	283.451	33.424	38.067
540.812	280.017	32.618	45.393
535.280	271.659	32.931	48.079
529.287	286.372	31.266	37.464
530.365	287.553	27.209	35.820
529.869	285.036	24.755	32.466
528.692	286.481	27.028	33.205
527.989	285.960	27.667	35.660
524.813	285.819	29.154	36.321
524.694	288.880	27.075	33.447
524.212	307.379	30.481	37.798
523.363	308.350	30.244	38.268
524.605	311.007	29.595	35.383
521.981	308.951	30.844	35.223
520.505	306.974	31.457	38.306
519.388	309.423	31.330	38.134
518.497	310.996	29.489	37.015
517.142	311.997	29.915	36.171
517.246	311.739	29.715	39.881
516.395	312.399	30.582	39.058
516.986	310.893	29.223	38.246
513.441	301.392	27.647	43.962
515.212	302.948	27.718	41.034
513.007	298.985	28.018	40.477
513.634	300.961	29.365	39.164
513.048	304.944	29.460	34.354
513.753	303.736	29.344	37.540
514.278	305.101	28.648	36.846
513.920	307.578	29.840	36.469
516.657	309.370	28.782	37.399
516.274	311.502	30.393	38.356
519.179	310.801	30.163	37.162
520.223	311.805	30.827	34.342
521.908	312.604	29.828	34.977
522.622	313.074	30.811	35.251
522.167	313.368	30.259	34.152
517.271	311.303	36.700	39.570
574.886	319.242	36.317	37.233
575.549	320.050	34.920	37.040
572.967	321.067	33.493	36.408
570.728	321.649	34.838	36.359
568.794	322.318	35.394	35.997
565.761	323.484	34.292	34.035
562.850	321.500	35.010	35.755
558.480	321.257	35.743	36.061
555.839	320.897	36.410	36.117
555.067	319.864	36.974	37.743
554.256	323.338	35.067	36.821
554.340	327.049	33.671	35.620
551.870	330.345	32.566	33.901
550.342	332.928	31.853	34.481
548.342	331.566	33.758	36.563
547.920	333.840	33.072	36.369
545.760	334.370	33.209	34.663
544.687	322.662	32.936	39.046
544.870	324.471	31.658	37.870
544.518	325.249	32.305	35.381
544.137	324.036	31.324	35.339
542.366	323.817	32.746	36.767
540.772	326.109	34.271	34.623
541.144	328.516	33.472	34.961
540.176	328.929	33.857	34.197
539.228	329.070	34.923	36.835
536.579	328.601	37.672	37.182
535.194	325.180	40.284	40.825
536.200	327.884	40.608	39.316
537.517	328.477	39.447	39.163
538.585	330.682	39.097	37.106
539.419	331.460	38.631	36.557
541.012	333.076	38.888	35.550
543.999	333.796	38.051	35.454
545.576	334.803	37.346	34.887
545.722	333.621	38.513	36.908
547.384	332.884	37.447	38.074
548.657	333.286	37.742	38.465
549.558	333.688	37.822	38.794
549.717	334.436	38.176	38.861
550.252	334.766	37.700	39.620
549.895	333.937	38.363	40.785
550.335	335.708	37.490	39.769
549.945	335.339	37.858	40.504
550.617	333.550	37.013	41.153
550.721	332.409	37.376	40.437
549.114	329.736	39.132	40.818
544.254	326.627	38.933	41.772
542.757	326.363	38.728	40.702
541.357	325.870	38.180	40.960
537.827	328.492	37.373	39.971
534.267	331.610	37.701	38.532
531.381	334.714	38.094	36.664
530.575	332.482	39.987	39.711
529.771	328.766	37.266	42.009
528.663	325.648	36.571	42.895
528.015	322.035	35.787	44.151
523.145	318.164	35.183	43.427
521.878	318.280	32.111	43.574
516.844	318.474	32.887	41.237
511.620	322.216	34.091	40.660
506.482	322.719	37.582	41.268
502.535	332.674	35.993	38.932
503.182	331.493	36.701	39.234
502.487	331.176	34.713	38.593
502.494	333.637	36.393	40.707
507.051	339.057	36.521	40.772
523.182	342.463	39.131	42.006
537.746	341.602	37.664	43.035
549.560	336.102	38.546	46.020
557.843	339.249	36.148	38.798
563.499	340.488	32.821	36.865
561.176	289.072	29.490	14.435
552.929	281.571	22.566	26.910
545.045	279.824	24.447	27.989
541.896	273.503	24.211	29.874
532.510	273.545	25.537	28.648
530.124	272.697	23.482	28.511
522.083	270.870	25.579	28.155
516.834	270.002	24.469	29.146
508.373	267.830	26.896	30.676
486.392	267.128	27.123	35.421
478.719	267.022	26.816	36.248
491.825	265.093	27.244	35.476
493.199	260.237	30.500	39.478
482.869	254.146	36.991	45.466
469.771	261.709	42.583	40.628
456.965	265.340	31.085	34.809
447.735	256.906	26.904	31.064
437.732	250.625	26.547	31.787
426.162	246.411	30.281	37.405
512.324	341.464	46.969	58.253
508.716	341.355	41.738	38.442
509.065	343.593	40.336	33.569
518.806	346.539	40.777	33.598
526.827	329.318	42.189	41.157
536.627	349.165	38.069	38.127
547.854	345.592	39.106	35.333
555.088	344.000	38.992	32.717
557.349	343.150	37.369	36.027
556.037	336.394	37.993	36.617
551.001	319.970	43.332	44.074
562.187	318.687	41.960	47.822
564.512	336.496	36.116	39.028
558.142	337.965	33.685	41.377
551.466	345.465	38.006	44.005
562.587	352.944	44.217	39.022
553.383	349.952	56.485	42.055
570.443	353.429	39.819	41.163
556.609	346.292	47.183	43.282
545.382	348.082	37.922	45.781
547.229	345.871	34.999	45.116
546.415	340.837	35.648	43.805
541.840	325.457	36.381	45.035
543.345	325.890	37.965	44.700
540.560	316.856	41.911	54.629
510.357	315.285	40.009	50.805
533.872	310.200	37.470	42.372
536.692	309.411	31.877	35.607
536.300	310.488	31.029	38.361
535.079	312.718	33.049	36.620
534.791	315.555	32.935	34.786
534.322	317.977	33.641	35.941
534.266	325.599	32.728	33.237
533.791	329.095	31.688	35.716
533.436	332.340	31.451	33.996
535.335	336.480	31.413	34.889
535.579	340.143	31.384	33.963
536.350	348.969	30.028	29.724
535.921	350.896	31.481	28.791
533.928	352.215	34.140	29.620
536.733	353.262	30.984	29.352
541.811	351.245	37.141	35.618
552.747	358.853	35.353	38.321
547.898	361.094	36.660	37.599
543.801	365.291	33.817	37.715
540.257	363.727	40.381	40.136
535.858	362.692	41.871	42.147
530.900	360.062	42.375	43.428
534.621	360.999	39.683	45.414
529.365	370.284	50.688	43.691
522.887	375.417	40.930	44.948
524.052	370.781	47.663	49.751
530.076	379.357	43.469	46.989
530.109	380.695	45.429	47.614
528.218	382.031	48.065	48.264
526.877	382.739	49.320	48.621
532.584	383.499	45.649	47.632
516.645	369.434	44.904	41.881
518.742	362.825	40.111	40.141
521.252	367.074	35.167	36.784
525.224	371.121	32.932	35.342
530.770	373.737	31.521	35.786
542.022	376.356	32.413	39.052
567.654	389.983	40.455	40.914
569.361	393.718	43.527	37.172
570.326	394.423	45.807	37.869
573.931	394.501	44.564	39.723
575.399	394.989	45.492	40.401
576.215	397.193	45.409	40.150
583.590	396.677	41.740	41.167
585.200	401.484	41.694	34.371
587.411	399.574	38.828	37.864
576.686	396.765	45.514	37.241
577.931	387.448	38.725	40.372
564.237	379.361	43.617	41.832
558.006	372.330	40.339	44.009
550.987	354.192	50.337	50.114
544.120	357.720	38.455	44.551
530.986	347.009	42.394	46.270
530.143	355.240	40.407	36.968
532.015	359.630	35.317	38.067
531.754	364.684	36.973	40.400
534.721	372.836	37.263	39.715
538.167	373.227	39.219	39.616
604.066	314.026	32.506	16.897
608.391	292.990	29.736	36.688
610.400	291.552	36.103	39.554
612.363	291.048	36.517	39.795
613.574	291.293	35.224	40.525
615.437	292.338	35.065	40.641
614.159	292.254	35.960	39.771
613.946	290.833	34.866	40.487
611.559	292.488	36.556	41.553
613.619	293.368	35.134	40.141
613.082	294.078	36.143	41.351
612.778	293.831	34.265	42.629
612.812	296.366	32.422	39.835
605.400	296.899	36.085	39.994
603.792	298.178	37.037	40.119
603.167	299.213	40.117	39.757
594.673	297.429	40.095	40.896
597.439	299.098	43.087	39.882
589.318	297.815	42.960	40.680
589.059	297.587	44.897	40.598
587.688	296.021	44.380	41.232
586.655	297.729	42.640	40.504
584.982	297.012	41.884	42.641
583.050	298.604	40.318	42.258
583.862	297.800	38.000	42.798
581.480	299.497	39.230	41.662
581.596	301.336	38.702	42.021
579.071	300.643	40.434	42.887
582.627	302.461	39.193	42.745
588.687	303.947	37.133	41.498
590.418	303.955	38.237	42.657
596.649	305.271	37.509	42.547
603.414	306.090	38.871	42.366
608.498	304.711	39.438	43.758
604.800	305.434	40.799	44.638
603.455	305.877	43.131	43.754
602.915	306.909	42.224	43.590
607.825	307.648	41.457	42.783
603.707	307.555	41.784	43.907
603.496	308.122	44.933	43.222
601.710	309.022	46.082	43.864
604.194	309.395	44.524	42.521
598.957	309.735	42.578	42.390
594.544	309.413	43.816	43.894
593.803	310.586	44.146	42.706
589.152	310.498	46.682	41.799
588.765	313.352	39.613	41.453
588.482	313.599	42.624	42.010
582.274	314.295	42.818	40.179
578.010	313.927	43.377	42.084
575.886	314.506	43.949	42.503
573.072	312.858	44.783	42.486
573.650	314.509	43.946	41.333
570.414	315.457	42.430	41.203
569.696	314.475	42.096	43.311
566.821	314.877	42.202	42.554
565.081	315.381	42.359	41.856
562.517	315.050	43.931	41.477
559.868	315.953	45.028	42.026
559.202	316.226	44.533	44.185
558.989	315.123	46.004	46.069
555.944	315.091	48.596	46.216
556.946	317.257	45.660	45.010
559.931	317.626	46.392	47.344
558.298	317.609	48.694	47.037
560.919	318.575	42.736	48.275
561.507	320.119	41.444	46.175
562.551	317.371	43.145	49.368
561.755	318.585	45.158	47.502
560.763	317.610	45.632	49.098
560.354	318.351	46.700	47.639
561.425	319.691	45.811	47.924
562.132	319.707	44.303	48.236
561.901	320.920	44.776	47.135
561.172	322.824	43.837	46.284
561.246	321.856	43.180	47.245
558.953	321.524	45.037	48.214
559.682	323.428	45.367	47.867
556.972	320.597	46.480	49.564
553.148	323.919	46.021	49.269
549.905	325.908	46.324	49.587
548.002	327.576	46.697	48.666
544.264	326.516	44.955	48.207
538.442	327.368	43.974	45.883
535.816	327.385	44.938	46.934
530.742	333.595	41.475	44.139
522.619	332.402	40.087	43.847
519.383	333.247	40.066	44.534
516.353	335.549	39.539	44.218
507.871	331.556	43.832	45.607
510.660	330.706	43.091	47.013
508.617	333.872	43.521	39.481
503.114	336.173	44.354	42.146
494.938	339.015	45.870	39.777
489.207	336.354	44.929	42.554
424.923	281.905	32.093	39.209
431.534	281.108	29.242	39.362
426.840	281.495	37.200	39.464
427.012	280.601	35.412	40.665
429.667	277.459	35.966	42.054
428.517	281.641	32.320	35.842
375.949	290.672	22.251	34.076
351.668	264.043	28.168	30.504
352.624	264.584	28.430	29.455
353.046	264.997	28.426	28.681
352.567	265.567	27.613	28.727
352.439	265.664	28.819	27.899
352.964	265.260	29.536	28.287
351.937	265.206	30.201	29.305
352.458	265.940	29.540	27.787
351.877	266.091	29.502	29.236
353.151	267.440	27.525	27.857
354.451	266.432	27.384	30.877
354.862	270.514	26.206	29.393
355.138	273.111	27.121	30.124
354.397	272.382	26.179	31.155
359.557	273.799	25.345	28.521
362.734	272.855	24.557	28.494
365.772	270.046	27.328	31.802
322.191	297.671	32.581	34.396
326.928	299.046	33.097	33.976
335.241	299.072	30.342	34.214
343.917	300.655	32.153	33.974
355.508	299.950	33.537	35.096
308.856	299.451	33.403	38.540
317.312	301.826	34.133	37.822
327.147	301.659	34.333	38.924
334.291	303.758	33.923	37.873
342.734	305.870	34.287	36.464
350.855	306.540	36.187	38.332
354.561	307.636	36.616	37.153
356.461	308.217	36.986	37.390
357.052	308.252	35.515	37.338
354.946	305.955	39.065	37.340
353.572	305.091	36.447	36.383
352.463	303.070	34.814	38.057
348.975	304.494	35.027	36.464
348.334	303.732	34.246	38.243
348.894	304.298	35.622	38.412
349.588	304.762	34.815	37.526
349.424	300.485	35.101	41.105
349.812	305.321	35.749	35.628
347.921	300.781	36.633	39.038
351.793	302.635	35.543	36.796
348.500	302.940	35.863	35.521
346.041	305.317	34.716	34.035
340.580	304.347	36.825	36.593
337.094	305.365	39.467	36.572
338.178	305.630	39.714	45.492
322.626	345.813	51.145	48.362
322.589	348.358	50.798	48.430
320.424	344.760	50.876	51.446
318.987	347.991	51.456	52.655
318.673	350.141	50.954	53.384
318.556	359.875	48.285	52.254
319.457	367.189	46.681	50.270
322.819	366.904	47.429	48.887
297.500	322.378	31.186	34.027
298.698	322.287	28.826	34.898
299.096	316.540	27.792	35.224
290.945	308.274	32.528	39.636
293.585	308.104	30.720	35.532
293.497	303.844	29.530	35.968
291.065	301.225	31.585	36.952
287.010	298.652	31.782	37.766
284.075	299.353	32.134	37.874
281.232	300.885	31.855	36.844
277.229	304.862	32.821	36.355
277.299	305.440	32.268	38.562
280.835	307.171	34.912	37.362
276.283	304.204	45.369	40.805
295.598	309.461	41.868	37.959
303.044	312.715	37.445	33.917
291.356	310.106	38.866	36.324
278.845	300.403	40.395	39.858
274.123	302.804	41.209	39.995
272.789	303.295	40.311	39.553
271.342	297.964	39.055	42.021
275.776	292.544	34.687	43.322
269.522	294.808	36.781	40.072
273.154	293.003	37.241	41.719
255.821	295.335	34.838	40.197
255.393	297.205	39.260	39.637
261.136	293.183	39.810	43.451
260.793	293.259	44.276	49.633
265.939	293.047	39.783	48.786
261.413	296.732	42.038	42.863
268.722	295.249	39.823	42.940
255.265	296.912	37.118	41.042
255.818	304.225	32.361	37.124
254.267	302.361	41.871	35.711
255.485	304.394	35.470	33.180
253.679	306.173	32.866	31.908
249.540	304.111	32.979	32.120
241.939	303.112	34.980	33.076
234.078	300.816	34.112	33.954
229.611	298.855	32.690	32.875
225.812	297.142	33.688	33.077
224.251	292.670	34.521	34.562
227.315	301.575	40.551	31.887
216.113	294.506	33.861	33.506
212.328	294.968	31.815	29.247
211.464	295.245	28.813	26.614
211.182	295.769	28.502	26.376
209.609	296.139	27.321	25.250
208.774	296.144	28.101	24.520
205.169	296.371	30.575	27.238
203.670	297.153	30.510	26.366
201.988	296.397	31.946	28.894
198.062	296.409	32.361	30.155
195.017	297.085	32.157	30.419
192.451	293.197	33.767	35.108
193.475	298.016	31.954	33.558
194.034	298.355	31.947	32.291
193.254	299.052	33.094	31.488
194.815	300.283	31.299	30.386
192.494	300.471	30.833	31.123
191.420	300.006	30.819	32.172
190.465	300.802	31.892	32.167
189.972	298.069	31.201	34.719
189.801	298.705	33.051	34.871
189.810	300.498	33.341	34.168
188.364	298.740	33.056	36.802
188.859	301.192	33.459	35.131
187.644	301.919	32.362	35.863
187.561	300.176	30.789	36.182
187.452	300.509	29.271	36.240
185.311	305.663	30.399	37.597
185.328	302.566	33.082	37.634
184.354	298.527	31.930	35.995
182.447	304.479	32.885	41.818
180.335	303.541	34.194	45.184
197.739	347.775	61.614	73.069
199.250	349.130	57.029	67.289
200.170	349.380	55.013	64.522
199.966	348.744	54.985	65.831
199.411	347.526	54.511	67.630
199.227	349.079	54.464	65.451
198.570	349.641	56.197	66.199
198.039	355.108	55.941	61.191
199.469	362.369	59.041	54.575
196.775	363.650	59.138	51.995
199.397	363.537	58.451	53.023
198.998	363.644	58.895	51.847
205.742	363.864	53.436	53.237
208.175	366.659	54.631	52.870
207.288	365.864	55.665	54.701
207.704	366.298	55.996	54.621
208.776	366.817	55.315	54.578
207.727	366.926	57.461	55.149
209.600	366.939	54.004	55.509
208.962	368.206	55.904	50.631
207.990	367.963	56.102	49.877
205.567	368.886	59.605	47.634
205.112	367.468	59.300	46.406
204.291	364.037	56.914	47.320
208.056	360.453	55.016	47.981
204.568	359.576	58.324	45.709
204.553	357.805	54.164	46.107
202.013	355.883	53.306	46.451
198.406	352.933	52.154	48.856
195.865	353.690	49.173	48.410
190.413	354.004	52.210	53.484
174.226	354.422	64.131	51.471
171.047	357.101	58.892	51.463
187.882	365.376	51.891	47.388
182.853	366.348	56.266	52.845
176.509	363.079	59.300	53.927
182.989	390.442	62.381	70.279
173.568	367.350	54.756	53.754
169.641	369.884	53.829	46.479
237.622	308.395	35.776	45.185
239.255	308.283	39.489	41.590
236.879	313.595	37.064	39.864
241.030	312.213	39.165	40.599
239.022	315.901	35.868	35.783
238.252	313.121	37.308	38.192
231.590	314.567	39.045	34.050
237.089	310.825	34.884	39.260
208.472	297.850	30.616	29.435
209.513	299.271	28.954	29.929
209.925	300.324	28.003	27.497
207.681	298.403	33.624	28.526
206.989	299.488	39.391	31.140
255.669	257.417	33.344	35.555
255.656	259.200	34.741	32.966
261.144	254.476	31.249	36.409
263.412	256.256	31.224	33.690
264.842	253.791	28.385	36.353
266.486	257.168	29.526	34.732
266.647	256.464	32.010	34.832
268.368	255.983	32.561	35.077
268.947	255.252	34.032	35.977
269.985	256.002	33.725	36.384
270.615	258.475	32.949	32.984
270.515	259.534	32.101	31.696
272.260	257.536	31.608	34.144
275.168	256.856	30.300	35.049
276.339	257.626	30.467	35.665
274.929	257.686	29.655	34.923
273.781	257.359	30.248	34.794
273.495	255.801	31.786	36.148
270.448	255.426	32.303	35.698
270.371	254.346	30.737	36.383
269.502	254.491	30.128	35.376
266.380	255.444	36.392	35.048
263.599	250.553	29.691	36.139
267.073	258.715	31.851	34.139
269.408	258.114	27.273	33.534
264.595	261.866	30.260	32.553
266.521	258.704	29.082	34.594
267.067	256.761	30.399	36.729
268.089	256.400	32.177	36.420
269.635	259.119	31.333	34.139
274.262	259.983	36.757	33.414
267.062	259.094	32.281	36.234
264.367	257.321	36.338	36.010
266.477	255.719	36.490	37.666
274.542	257.389	36.435	36.151
295.328	256.964	28.615	35.044
286.482	258.618	39.224	34.974
299.593	258.729	29.870	32.647
284.011	259.006	33.049	35.936
276.120	261.968	34.257	33.698
279.552	261.289	34.899	34.764
280.880	260.586	37.715	34.408
282.187	261.042	37.369	33.983
281.283	260.444	37.376	34.072
281.478	261.951	36.018	33.556
283.095	262.336	33.992	33.298
281.061	262.625	34.804	32.619
281.610	263.156	32.597	31.947
282.591	263.167	34.546	32.556
282.171	266.190	33.411	29.520
286.517	266.361	30.780	29.147
286.640	267.409	29.331	27.962
288.238	265.988	29.538	28.892
288.984	264.811	28.525	30.162
289.535	265.449	35.107	30.375
308.374	261.102	27.709	32.604
297.820	266.475	30.049	30.194
289.763	264.263	33.281	31.804
280.802	265.248	30.325	32.126
277.069	266.851	29.305	30.250
277.798	266.675	27.865	30.257
275.448	266.635	26.081	28.932
271.431	267.267	27.130	29.545
270.118	268.964	27.521	28.804
269.946	268.742	29.216	28.597
268.119	266.958	29.590	30.611
268.428	268.173	28.972	29.686
267.941	266.568	28.338	31.673
267.161	267.809	29.220	30.153
267.108	267.816	28.702	29.919
263.050	267.527	30.051	29.773
