450.000	203.000	91.000	59.000
455.795	198.044	91.742	58.032
464.763	195.565	91.616	50.906
481.075	192.779	96.182	54.536
514.444	188.942	103.645	61.268
525.070	189.357	92.128	64.580
543.132	190.132	84.950	71.673
550.796	190.927	74.548	72.234
566.299	219.002	57.471	55.133
584.074	224.703	42.563	56.213
591.174	230.598	38.826	47.737
593.967	232.433	35.884	47.790
594.981	233.802	34.569	46.084
585.371	236.895	43.861	43.871
575.600	233.161	54.134	46.964
565.694	226.330	63.952	52.434
560.510	215.131	69.398	53.512
559.461	204.301	70.539	59.034
569.259	195.095	60.079	57.802
589.669	187.486	40.117	62.259
589.657	202.260	40.343	52.370
599.929	202.381	30.071	55.390
589.356	198.884	39.799	58.519
581.732	204.234	46.369	69.633
563.109	210.568	64.515	73.819
531.907	219.581	98.093	50.670
507.169	204.225	91.724	62.542
456.440	198.411	118.822	72.344
385.783	218.850	130.003	75.889
344.015	227.131	137.299	74.281
210.744	304.081	135.715	53.614
218.798	301.611	120.508	54.822
227.616	297.168	118.096	56.925
234.413	295.521	119.594	55.001
235.230	298.154	129.137	47.595
248.603	302.118	124.086	49.331
263.055	266.757	116.992	70.693
264.888	275.574	113.140	65.701
263.515	260.344	111.436	75.522
268.916	236.977	108.440	82.573
286.744	211.828	97.532	91.158
302.145	228.340	91.426	74.787
296.464	237.701	93.496	65.757
291.509	230.911	103.200	64.192
286.490	228.062	114.148	85.421
285.116	276.333	134.521	59.725
291.005	230.515	138.835	88.750
293.337	211.182	150.255	97.136
303.195	214.060	172.088	101.678
298.982	214.735	189.055	95.156
271.321	228.775	186.884	94.608
329.023	223.380	171.816	92.889
362.375	210.721	143.410	102.707
372.627	200.930	147.303	99.419
396.613	184.328	134.478	97.618
386.914	185.572	125.332	95.210
365.865	203.308	135.701	106.899
369.040	186.038	171.402	94.205
350.420	199.863	172.612	118.685
393.573	192.802	181.195	107.745
378.693	233.107	183.379	102.028
436.374	225.116	172.486	101.799
441.947	277.596	114.279	67.915
443.907	274.344	117.495	60.421
450.025	284.468	94.547	54.161
464.556	252.837	105.942	74.792
528.333	261.183	96.568	86.183
545.121	276.796	84.879	79.335
538.947	281.795	91.053	79.655
526.840	283.455	103.160	76.956
523.901	278.906	105.488	82.798
517.859	274.917	110.475	80.410
511.950	270.958	114.500	80.808
510.641	266.318	107.400	80.598
509.623	259.849	117.454	83.955
511.682	257.363	118.318	90.535
517.639	263.272	112.361	89.189
522.713	266.869	107.287	90.500
523.870	269.764	106.130	89.617
526.312	273.711	103.688	89.813
527.962	280.989	102.038	88.361
527.426	284.691	102.574	89.038
527.467	291.147	102.533	85.394
524.548	289.287	105.452	87.646
517.132	284.966	112.777	88.283
501.348	274.739	128.491	91.404
486.846	264.495	143.154	94.658
472.414	257.000	157.586	95.639
462.095	251.002	167.905	95.134
453.603	246.586	176.397	95.064
447.520	242.631	182.480	95.246
454.102	240.915	175.898	95.712
461.599	240.764	168.401	93.387
456.501	241.635	173.499	89.897
443.288	245.018	186.712	86.961
431.249	246.979	191.866	87.325
414.474	250.544	209.490	84.455
401.042	252.920	220.631	85.539
396.248	253.287	225.005	89.733
392.984	254.170	228.493	91.825
391.696	259.178	233.223	91.832
380.479	257.642	235.556	93.495
360.254	257.939	232.693	94.749
342.633	259.499	223.315	94.383
325.211	262.629	232.918	91.715
307.466	262.404	238.878	92.753
293.730	260.850	230.155	94.137
280.146	260.979	230.946	95.377
269.424	263.393	237.345	95.529
258.727	265.284	246.029	94.909
255.585	266.742	234.625	95.021
259.710	266.135	231.420	97.694
263.966	268.705	232.163	93.672
283.991	265.514	215.784	94.802
282.077	257.648	220.396	95.543
273.758	247.365	229.376	98.814
266.505	241.111	237.137	98.716
262.964	235.989	240.252	97.798
258.805	234.515	240.692	94.861
250.914	233.845	239.796	93.198
246.625	234.523	236.651	91.992
244.682	234.566	236.022	93.227
242.987	236.521	233.853	91.822
234.911	238.149	232.892	94.286
234.444	241.460	234.933	93.236
242.285	244.113	219.743	89.984
235.322	247.734	222.956	91.138
230.971	252.633	228.201	88.939
229.381	252.689	223.071	90.326
228.947	252.271	217.240	90.684
219.355	253.921	223.547	91.165
213.223	254.607	223.941	88.874
211.168	255.233	219.522	89.362
204.954	260.221	219.570	86.836
195.828	262.950	222.737	86.155
185.442	265.154	218.751	87.514
172.640	269.688	219.357	87.926
161.341	275.723	197.747	88.051
148.090	283.106	200.506	86.868
131.417	291.786	214.868	88.936
112.326	302.690	214.050	86.212
94.029	306.497	218.415	86.315
73.930	309.806	214.236	86.175
53.872	312.799	210.728	87.108
37.688	315.806	210.903	86.691
26.244	315.005	208.232	87.315
24.130	309.709	202.451	87.613
20.429	305.474	200.321	87.106
16.729	303.242	197.274	85.509
12.990	302.144	194.832	84.670
7.299	300.593	196.522	83.622
3.207	295.537	197.192	83.686
0.704	290.316	195.043	83.292
0.284	289.111	195.586	81.665
4.414	290.067	193.715	79.215
12.896	293.125	189.784	77.851
16.686	293.801	187.333	77.490
21.181	294.471	184.428	75.423
25.781	297.173	181.322	71.755
37.985	297.481	176.270	71.804
55.647	296.713	170.569	69.190
77.318	295.445	155.676	68.490
91.873	292.496	147.603	66.324
103.021	287.846	140.424	64.784
110.261	284.014	135.111	64.068
116.016	274.427	131.624	62.617
131.855	263.463	122.171	67.903
145.147	251.589	121.766	69.137
158.214	240.073	122.284	71.127
161.591	235.143	127.193	62.637
170.385	234.090	123.831	65.844
164.955	247.281	176.446	72.635
159.110	264.838	194.917	76.967
147.598	266.808	212.695	84.206
157.997	273.260	224.063	90.688
166.340	273.019	223.511	87.279
175.088	271.010	235.499	93.265
181.545	270.309	242.830	91.122
192.606	269.810	250.567	90.629
197.474	270.516	261.688	91.513
209.850	275.596	266.800	89.440
207.286	276.362	276.829	92.989
205.398	274.384	284.212	95.984
198.110	274.799	293.865	95.579
187.843	274.214	304.957	94.287
178.873	273.380	315.702	89.921
170.616	268.164	323.694	91.574
179.862	265.446	315.653	88.283
175.181	260.271	334.831	87.269
181.875	261.313	343.581	87.045
204.419	259.026	356.079	90.312
216.703	257.185	360.154	88.642
225.680	256.032	363.837	86.673
262.523	260.423	343.541	84.823
338.216	261.154	270.792	86.693
364.850	257.592	249.893	90.527
388.444	255.492	234.263	90.868
403.364	256.556	226.037	88.804
414.175	256.459	215.352	88.819
423.358	255.074	206.337	89.137
432.521	252.150	195.477	89.284
442.654	248.847	186.579	87.769
451.868	245.553	177.596	86.941
459.259	243.051	170.741	86.654
464.278	243.427	165.722	85.523
468.890	243.491	161.110	86.430
472.415	246.483	157.585	86.079
475.369	247.310	154.631	88.326
479.507	247.471	150.493	91.178
482.897	249.337	147.103	89.663
486.823	250.918	143.177	88.574
490.320	251.613	139.680	87.374
494.304	251.340	135.696	88.010
498.636	251.752	131.364	87.608
504.057	251.984	125.943	86.975
508.838	253.802	121.162	84.366
514.050	255.100	115.156	82.900
518.707	255.282	109.410	83.125
523.378	254.408	104.981	83.296
526.166	253.661	102.531	83.965
529.038	252.923	99.826	82.755
533.205	252.833	96.795	82.842
535.752	253.403	94.020	83.089
537.876	254.435	92.055	82.233
540.275	254.133	89.470	80.980
541.605	251.991	88.146	80.351
544.839	249.038	84.676	79.953
546.261	248.975	83.265	77.823
547.749	249.134	81.501	76.292
548.071	249.787	81.138	76.241
548.440	250.158	80.829	76.972
549.765	251.617	80.005	76.177
550.808	252.017	78.773	76.242
550.936	253.403	78.809	75.488
552.289	254.837	77.563	75.147
553.554	256.168	76.195	73.374
555.858	255.868	73.236	73.028
558.836	256.616	70.277	69.246
561.282	256.799	68.011	66.016
563.156	256.976	66.240	62.392
566.829	256.569	62.588	61.216
573.040	254.883	56.250	59.552
569.638	254.001	56.862	62.625
546.688	250.004	64.367	65.023
559.864	250.129	59.012	64.175
565.238	252.104	57.232	63.208
558.929	252.587	63.361	65.849
564.229	247.321	60.345	75.149
571.906	249.492	56.151	71.538
579.588	242.494	46.901	77.867
585.237	251.024	42.109	68.472
587.365	245.111	41.018	69.698
586.661	244.362	42.001	69.776
586.853	248.176	42.093	65.648
589.219	246.911	40.055	69.317
587.872	247.751	41.221	67.796
587.567	247.815	41.272	67.155
586.727	247.994	41.546	70.416
585.793	248.645	41.991	66.316
585.177	248.947	42.959	66.753
584.297	247.542	43.163	67.021
580.604	243.736	44.373	69.555
579.602	245.587	45.883	68.611
579.424	244.386	45.972	69.984
578.944	243.499	45.728	70.050
579.214	241.553	47.046	67.161
582.710	242.587	41.492	66.900
585.344	242.501	38.785	70.751
586.653	244.194	40.193	68.503
588.313	246.236	39.408	67.908
588.880	248.372	39.035	67.193
590.846	249.206	37.729	68.691
591.344	250.738	37.294	68.960
591.791	251.436	36.947	69.622
591.441	253.680	37.542	66.233
591.154	254.329	37.420	65.859
591.529	254.831	37.893	67.321
590.714	258.795	38.389	65.712
592.615	260.389	37.100	68.302
596.536	258.178	33.464	67.006
599.798	253.052	29.479	69.209
599.903	252.930	29.942	67.143
599.861	254.719	29.512	72.430
601.004	249.644	28.350	80.137
603.255	239.361	26.745	86.012
605.321	232.079	24.512	82.222
611.203	231.256	18.774	77.257
604.661	232.088	23.458	66.267
604.091	227.029	24.691	70.698
584.964	231.070	44.075	59.779
576.094	230.988	51.582	64.903
572.685	202.616	56.578	67.323
583.503	196.987	46.497	72.098
576.712	222.674	51.760	76.654
583.467	226.686	46.533	93.277
595.580	223.596	34.420	92.836
599.221	222.018	30.311	84.131
595.727	221.459	33.143	75.795
597.254	225.629	30.286	77.626
599.867	222.898	27.695	73.761
596.707	222.195	31.483	70.824
595.292	214.934	32.765	67.172
594.246	220.786	34.237	60.586
592.833	222.332	35.410	55.852
586.992	219.056	41.127	59.090
572.961	225.686	55.805	70.713
557.180	225.241	72.820	90.069
430.023	244.657	37.415	63.789
418.893	248.898	55.444	44.258
432.385	246.183	51.419	47.399
440.402	247.813	42.967	43.723
446.732	248.909	39.728	40.249
452.157	243.752	39.700	42.559
459.844	244.146	38.069	39.381
465.534	240.846	38.289	41.376
471.510	240.981	37.431	39.473
477.647	242.166	40.040	37.519
482.220	239.125	40.132	39.536
489.170	237.354	37.602	40.311
495.616	231.344	34.044	43.061
499.560	228.361	33.080	45.781
501.286	226.335	34.138	47.883
503.857	230.216	34.241	45.398
508.891	225.013	34.970	50.512
513.593	225.473	33.169	47.684
515.692	221.130	33.916	46.515
519.277	221.609	34.871	45.925
521.121	217.270	36.945	50.405
521.928	218.634	34.121	49.874
525.036	215.256	34.813	52.489
527.641	214.142	33.460	50.418
529.671	212.828	33.070	46.029
534.116	206.175	36.486	48.952
537.485	203.777	37.548	47.027
538.225	200.550	38.489	45.447
546.796	192.107	35.109	49.151
550.496	183.599	34.106	51.472
551.471	176.285	32.502	53.296
548.022	165.105	33.659	50.775
546.104	156.821	44.788	45.268
546.301	143.602	60.035	55.814
579.308	121.441	48.861	69.936
575.908	106.807	53.025	72.994
571.103	108.685	55.242	65.677
516.389	109.603	44.167	50.287
519.473	111.811	41.607	50.632
511.807	113.319	53.669	48.356
511.121	114.158	57.127	46.016
518.488	114.247	55.130	45.373
525.437	113.953	52.708	44.940
531.667	112.953	47.614	49.127
551.307	108.202	32.626	51.056
551.025	104.614	35.281	50.405
552.004	103.874	39.085	43.198
551.174	103.995	52.613	44.173
554.137	100.971	62.644	46.992
566.170	98.311	61.282	52.549
574.926	99.600	54.321	46.096
586.749	102.943	42.603	47.058
594.694	105.382	35.306	42.150
600.701	107.993	28.945	44.561
600.440	108.360	29.207	45.940
600.091	111.235	28.619	46.933
602.361	107.042	26.850	49.153
605.513	107.285	22.887	50.253
608.377	107.358	19.700	47.995
604.283	104.964	25.361	45.746
593.595	106.988	36.405	48.201
595.602	115.679	34.398	54.542
593.928	112.874	35.050	57.374
594.084	111.840	35.246	58.251
595.030	110.563	34.253	53.737
595.100	104.406	34.283	55.490
594.827	106.809	34.368	51.725
596.405	105.429	32.638	49.868
598.401	105.978	30.870	50.599
600.202	103.244	29.067	52.216
606.065	99.191	22.748	55.428
608.208	97.041	20.179	53.383
608.399	100.168	20.371	50.610
608.157	98.170	20.372	50.157
609.104	94.482	19.399	47.960
608.091	90.392	20.417	48.694
605.801	90.403	22.270	50.850
602.410	93.318	24.591	49.392
600.161	93.225	24.623	53.663
605.361	94.432	22.679	57.679
602.119	100.714	25.410	55.891
599.978	100.164	28.666	56.731
598.864	101.328	29.827	58.993
598.012	102.155	30.003	62.103
