55.000	305.000	288.000	112.000
119.151	300.529	266.060	116.941
175.928	296.007	252.768	117.372
211.478	294.069	264.428	116.963
225.869	292.035	257.091	116.942
246.751	290.898	245.806	114.295
256.422	288.887	243.838	113.165
267.245	287.952	240.223	111.155
280.769	283.325	231.165	112.433
295.798	283.218	220.819	107.354
307.235	282.502	212.641	104.773
318.337	280.473	203.941	104.185
325.353	277.310	200.241	102.436
338.772	272.322	188.289	102.993
353.134	268.685	175.461	102.221
364.614	267.394	162.958	98.483
376.728	263.326	149.719	100.311
385.620	260.084	140.000	98.821
392.043	257.416	132.655	96.355
399.174	253.858	124.485	94.744
384.344	250.265	123.434	94.677
354.515	247.195	120.935	93.071
324.354	245.666	116.244	90.560
292.853	243.712	110.875	90.230
293.869	240.281	108.022	89.241
295.545	236.412	105.130	89.307
296.444	234.530	102.062	87.555
297.792	231.671	98.459	86.720
294.473	229.740	101.089	85.257
295.858	227.729	98.757	83.717
292.912	223.688	99.613	83.715
295.088	222.407	95.924	80.962
291.269	218.482	97.759	80.468
293.265	215.352	94.253	79.742
290.972	213.540	93.417	77.852
287.864	209.763	93.525	76.498
288.689	206.798	89.619	76.517
288.545	205.002	88.754	74.348
285.716	200.140	88.119	74.347
284.910	198.419	87.622	72.740
283.118	195.946	87.130	71.550
282.598	194.953	86.397	70.114
281.318	193.227	86.024	69.460
281.136	190.881	83.487	68.678
281.270	188.393	81.225	68.199
278.967	186.311	81.317	67.528
277.114	184.418	80.441	65.693
275.678	182.734	80.329	64.187
276.332	179.827	77.224	63.753
275.573	177.532	76.988	63.294
275.117	176.202	76.043	62.057
274.887	174.425	75.508	61.311
274.809	172.693	73.448	59.959
274.096	170.832	72.777	59.904
274.015	168.805	71.248	58.972
273.009	166.347	70.792	58.960
273.360	164.169	70.239	58.807
272.504	163.122	69.270	57.115
272.152	161.640	68.972	56.285
271.477	159.967	68.321	55.708
271.099	157.800	67.433	55.470
270.613	156.621	66.611	54.670
270.021	155.321	65.493	54.124
270.204	153.523	64.806	53.987
269.873	152.996	63.995	52.618
268.959	151.235	64.631	52.385
268.644	150.197	63.823	51.379
268.268	149.386	63.755	50.746
268.319	147.881	62.856	50.330
269.035	146.734	62.032	49.626
269.237	145.026	61.330	49.937
269.695	144.467	60.955	48.628
270.385	143.816	60.458	47.386
271.318	141.372	59.686	48.110
272.330	140.448	59.034	47.089
273.654	138.635	59.202	46.881
275.456	137.067	58.935	46.794
276.804	136.169	58.775	46.264
278.579	134.280	58.899	46.144
280.522	132.464	58.955	46.491
282.565	132.014	59.747	45.220
285.139	130.780	60.638	45.041
287.739	129.673	60.672	44.829
290.509	128.648	60.971	44.533
293.313	127.421	61.444	44.394
296.899	126.589	61.090	44.112
300.416	125.607	62.332	43.636
305.015	124.440	62.411	43.213
309.558	123.542	61.041	42.840
314.270	122.748	61.054	42.447
318.328	121.773	61.562	42.053
322.708	120.676	61.544	41.461
327.628	119.547	61.123	41.659
331.719	118.857	62.067	40.896
336.868	117.259	60.546	40.743
339.151	116.554	60.802	41.203
344.533	116.160	60.215	39.532
349.823	114.604	58.818	40.671
353.926	113.951	58.098	39.494
358.478	113.259	57.490	38.883
363.957	112.277	55.518	38.710
368.337	111.391	54.649	38.080
372.729	110.604	53.193	37.808
376.769	109.429	53.470	37.196
380.722	107.823	53.496	37.718
384.722	107.071	53.223	37.087
389.684	106.368	52.492	36.816
395.285	105.661	52.591	35.733
398.078	105.337	51.587	35.243
402.654	103.481	49.204	36.392
405.702	102.747	49.197	35.830
409.825	102.007	50.057	36.303
414.634	101.284	48.300	35.906
419.031	100.865	46.788	33.850
425.302	99.691	47.279	32.152
429.290	99.436	45.574	31.759
433.276	98.427	45.000	31.420
